9453	40424	UID484	16241	8236	4	4
137	850	UID4	614	96	3	3
55	558	UID1	464	32	2	2
51	257	UID8	195	42	2	2
24	157	UID5	121	17	2	2
6	58	UID11	49	4	1	1
16	64	UID16	47	13	2	2
6	54	UID7471	47	4	1	1
21	60	UID21	37	19	2	2
11	41	UID57	31	10	1	1
13	36	UID136	23	11	1	1
7	24	UID15	18	6	1	1
1	15	UID22	15	0	0	0
9	29	UID6629	15	6	3	3
3	16	UID8150	14	2	1	1
1	13	UID14691	13	0	0	0
8	20	UID7577	13	7	1	1
5	15	UID1235	11	4	1	1
6	16	UID14897	11	5	1	1
5	15	UID23381	11	4	1	1
3	14	UID23382	11	1	1	1
4	14	UID6	11	3	1	1
1	9	UID15230	9	0	0	0
3	10	UID244	8	2	1	1
1	8	UID267	8	0	0	0
2	8	UID14898	7	1	1	1
4	8	UID14959	5	3	1	1
2	6	UID427	5	1	0	0
2	6	UID428	5	1	1	1
3	6	UID137	4	2	1	1
1	4	UID14967	4	0	0	0
2	4	UID5998	3	1	0	0
5	7	UID9153	3	4	1	1
2	3	UID14925	2	1	1	1
3	4	UID23589	2	2	1	1
2	3	UID23591	2	1	1	1
2	3	UID23595	2	1	1	1
6	8	UID23596	2	4	3	3
4	5	UID23597	2	3	2	2
1	1	UID1290	1	1	0	0
1	1	UID13264	1	1	0	0
1	1	UID13371	1	1	0	0
4	4	UID14903	1	4	1	1
2	2	UID15205	1	2	1	1
2	2	UID15771	1	2	1	1
1	1	UID16123	1	1	0	0
1	1	UID23598	1	1	0	0
1	1	UID23600	1	1	0	0
1	1	UID23609	1	1	0	0
1	1	UID23610	1	1	0	0
1	1	UID23645	1	1	0	0
1	1	UID23648	1	1	0	0
1	1	UID23652	1	1	0	0
1	1	UID23655	1	1	0	0
1	1	UID23656	1	1	0	0
2	2	UID23657	1	2	1	1
1	1	UID23659	1	1	0	0
1	1	UID23660	1	1	0	0
1	1	UID23661	1	1	0	0
1	1	UID23662	1	1	0	0
1	1	UID23667	1	1	0	0
1	1	UID23680	1	1	0	0
1	1	UID23681	1	1	0	0
1	1	UID23683	1	1	0	0
1	1	UID23698	1	1	0	0
1	1	UID23713	1	1	0	0
1	1	UID23715	1	1	0	0
1	1	UID23717	1	1	0	0
1	1	UID23720	1	1	0	0
1	1	UID23722	1	1	0	0
1	1	UID23737	1	1	0	0
1	1	UID23746	1	1	0	0
1	1	UID23749	1	1	0	0
1	1	UID23771	1	1	0	0
1	1	UID23772	1	1	0	0
1	1	UID23784	1	1	0	0
1	1	UID23799	1	1	0	0
1	1	UID23805	1	1	0	0
1	1	UID23811	1	1	0	0
1	1	UID23812	1	1	0	0
1	1	UID23814	1	1	0	0
1	1	UID23845	1	1	0	0
1	1	UID23847	1	1	0	0
1	1	UID23850	1	1	0	0
1	1	UID23852	1	1	0	0
1	1	UID23853	1	1	0	0
1	1	UID23854	1	1	0	0
1	1	UID23859	1	1	0	0
1	1	UID23861	1	1	0	0
1	1	UID23862	1	1	0	0
1	1	UID23863	1	1	0	0
1	1	UID23866	1	1	0	0
1	1	UID23870	1	1	0	0
1	1	UID23876	1	1	0	0
1	1	UID23894	1	1	0	0
1	1	UID23900	1	1	0	0
1	1	UID23904	1	1	0	0
1	1	UID23907	1	1	0	0
1	1	UID23908	1	1	0	0
1	1	UID23911	1	1	0	0
1	1	UID23921	1	1	0	0
1	1	UID23935	1	1	0	0
1	1	UID23938	1	1	0	0
1	1	UID23939	1	1	0	0
1	1	UID23940	1	1	0	0
1	1	UID23954	1	1	0	0
1	1	UID23960	1	1	0	0
1	1	UID23961	1	1	0	0
1	1	UID23970	1	1	0	0
1	1	UID23972	1	1	0	0
1	1	UID23982	1	1	0	0
1	1	UID23986	1	1	0	0
1	1	UID23991	1	1	0	0
1	1	UID23995	1	1	0	0
1	1	UID23997	1	1	0	0
1	1	UID24019	1	1	0	0
1	1	UID24027	1	1	0	0
1	1	UID24031	1	1	0	0
1	1	UID24054	1	1	0	0
1	1	UID24066	1	1	0	0
1	1	UID24068	1	1	0	0
1	1	UID24076	1	1	0	0
1	1	UID24108	1	1	0	0
1	1	UID24112	1	1	0	0
1	1	UID24113	1	1	0	0
1	1	UID24115	1	1	0	0
1	1	UID24124	1	1	0	0
1	1	UID24130	1	1	0	0
1	1	UID24150	1	1	0	0
1	1	UID24152	1	1	0	0
1	1	UID24157	1	1	0	0
1	1	UID24159	1	1	0	0
1	1	UID24188	1	1	0	0
1	1	UID24189	1	1	0	0
1	1	UID24192	1	1	0	0
1	1	UID24220	1	1	0	0
1	1	UID24224	1	1	0	0
1	1	UID24241	1	1	0	0
1	1	UID24244	1	1	0	0
1	1	UID24275	1	1	0	0
1	1	UID24281	1	1	0	0
1	1	UID24283	1	1	0	0
1	1	UID24285	1	1	0	0
1	1	UID24305	1	1	0	0
1	1	UID24310	1	1	0	0
1	1	UID24319	1	1	0	0
1	1	UID24321	1	1	0	0
1	1	UID24323	1	1	0	0
1	1	UID24326	1	1	0	0
1	1	UID24331	1	1	0	0
1	1	UID24348	1	1	0	0
1	1	UID24354	1	1	0	0
1	1	UID24355	1	1	0	0
1	1	UID24403	1	1	0	0
1	1	UID24406	1	1	0	0
1	1	UID24414	1	1	0	0
1	1	UID24425	1	1	0	0
1	1	UID24446	1	1	0	0
1	1	UID24448	1	1	0	0
1	1	UID24450	1	1	0	0
1	1	UID24452	1	1	0	0
1	1	UID24454	1	1	0	0
1	1	UID24455	1	1	0	0
1	1	UID24460	1	1	0	0
1	1	UID24461	1	1	0	0
1	1	UID24462	1	1	0	0
1	1	UID24463	1	1	0	0
1	1	UID24464	1	1	0	0
1	1	UID24472	1	1	0	0
1	1	UID24494	1	1	0	0
1	1	UID24502	1	1	0	0
1	1	UID24542	1	1	0	0
1	1	UID24547	1	1	0	0
1	1	UID24559	1	1	0	0
1	1	UID24569	1	1	0	0
1	1	UID24571	1	1	0	0
1	1	UID24593	1	1	0	0
1	1	UID24608	1	1	0	0
1	1	UID24614	1	1	0	0
1	1	UID24643	1	1	0	0
1	1	UID24659	1	1	0	0
1	1	UID24668	1	1	0	0
1	1	UID24669	1	1	0	0
1	1	UID24671	1	1	0	0
1	1	UID24694	1	1	0	0
1	1	UID24708	1	1	0	0
1	1	UID24732	1	1	0	0
1	1	UID24741	1	1	0	0
1	1	UID24761	1	1	0	0
1	1	UID24762	1	1	0	0
1	1	UID24780	1	1	0	0
1	1	UID24785	1	1	0	0
1	1	UID24807	1	1	0	0
1	1	UID24817	1	1	0	0
1	1	UID24820	1	1	0	0
1	1	UID24822	1	1	0	0
1	1	UID24841	1	1	0	0
1	1	UID24843	1	1	0	0
1	1	UID24856	1	1	0	0
1	1	UID24916	1	1	0	0
1	1	UID24924	1	1	0	0
1	1	UID24957	1	1	0	0
1	1	UID24964	1	1	0	0
1	1	UID24996	1	1	0	0
1	1	UID24	1	1	0	0
1	1	UID25017	1	1	0	0
1	1	UID25018	1	1	0	0
1	1	UID25024	1	1	0	0
1	1	UID25045	1	1	0	0
1	1	UID25056	1	1	0	0
1	1	UID25057	1	1	0	0
1	1	UID25069	1	1	0	0
1	1	UID25101	1	1	0	0
1	1	UID25126	1	1	0	0
1	1	UID25131	1	1	0	0
1	1	UID25139	1	1	0	0
1	1	UID25218	1	1	0	0
1	1	UID25223	1	1	0	0
1	1	UID25243	1	1	0	0
1	1	UID25252	1	1	0	0
1	1	UID25263	1	1	0	0
1	1	UID25265	1	1	0	0
1	1	UID25275	1	1	0	0
1	1	UID25308	1	1	0	0
1	1	UID25319	1	1	0	0
1	1	UID25349	1	1	0	0
1	1	UID25369	1	1	0	0
1	1	UID25416	1	1	0	0
1	1	UID25424	1	1	0	0
1	1	UID25430	1	1	0	0
1	1	UID25466	1	1	0	0
1	1	UID25467	1	1	0	0
1	1	UID25532	1	1	0	0
1	1	UID25543	1	1	0	0
1	1	UID25558	1	1	0	0
1	1	UID25565	1	1	0	0
1	1	UID25629	1	1	0	0
1	1	UID25702	1	1	0	0
1	1	UID25713	1	1	0	0
1	1	UID25758	1	1	0	0
1	1	UID25771	1	1	0	0
1	1	UID25773	1	1	0	0
1	1	UID25776	1	1	0	0
1	1	UID25797	1	1	0	0
1	1	UID25851	1	1	0	0
1	1	UID25883	1	1	0	0
1	1	UID25894	1	1	0	0
1	1	UID25925	1	1	0	0
1	1	UID25928	1	1	0	0
1	1	UID25942	1	1	0	0
1	1	UID25957	1	1	0	0
1	1	UID25973	1	1	0	0
1	1	UID25974	1	1	0	0
1	1	UID26001	1	1	0	0
1	1	UID26093	1	1	0	0
1	1	UID26094	1	1	0	0
1	1	UID26105	1	1	0	0
1	1	UID26135	1	1	0	0
1	1	UID26143	1	1	0	0
1	1	UID26152	1	1	0	0
1	1	UID26175	1	1	0	0
1	1	UID26183	1	1	0	0
1	1	UID26184	1	1	0	0
1	1	UID26187	1	1	0	0
1	1	UID26207	1	1	0	0
1	1	UID26223	1	1	0	0
1	1	UID26224	1	1	0	0
1	1	UID26225	1	1	0	0
1	1	UID26240	1	1	0	0
1	1	UID26242	1	1	0	0
1	1	UID26252	1	1	0	0
1	1	UID26255	1	1	0	0
1	1	UID26275	1	1	0	0
1	1	UID26284	1	1	0	0
1	1	UID26289	1	1	0	0
1	1	UID26301	1	1	0	0
1	1	UID26309	1	1	0	0
1	1	UID26313	1	1	0	0
1	1	UID26320	1	1	0	0
1	1	UID26330	1	1	0	0
1	1	UID26348	1	1	0	0
1	1	UID26349	1	1	0	0
1	1	UID26476	1	1	0	0
1	1	UID26500	1	1	0	0
1	1	UID26501	1	1	0	0
1	1	UID26533	1	1	0	0
1	1	UID26557	1	1	0	0
1	1	UID26565	1	1	0	0
1	1	UID26568	1	1	0	0
1	1	UID26586	1	1	0	0
1	1	UID26643	1	1	0	0
1	1	UID26662	1	1	0	0
1	1	UID26699	1	1	0	0
1	1	UID26701	1	1	0	0
1	1	UID26702	1	1	0	0
1	1	UID26782	1	1	0	0
1	1	UID26783	1	1	0	0
1	1	UID26793	1	1	0	0
1	1	UID26809	1	1	0	0
1	1	UID26810	1	1	0	0
1	1	UID26826	1	1	0	0
1	1	UID26829	1	1	0	0
1	1	UID26843	1	1	0	0
1	1	UID26869	1	1	0	0
1	1	UID26896	1	1	0	0
1	1	UID26928	1	1	0	0
1	1	UID26954	1	1	0	0
1	1	UID26965	1	1	0	0
1	1	UID27022	1	1	0	0
1	1	UID27051	1	1	0	0
1	1	UID27135	1	1	0	0
1	1	UID27157	1	1	0	0
1	1	UID27267	1	1	0	0
1	1	UID27270	1	1	0	0
1	1	UID27300	1	1	0	0
1	1	UID27350	1	1	0	0
1	1	UID27362	1	1	0	0
1	1	UID27364	1	1	0	0
1	1	UID27382	1	1	0	0
1	1	UID27386	1	1	0	0
1	1	UID27399	1	1	0	0
1	1	UID27411	1	1	0	0
1	1	UID27424	1	1	0	0
1	1	UID27503	1	1	0	0
1	1	UID27533	1	1	0	0
1	1	UID27558	1	1	0	0
1	1	UID27571	1	1	0	0
1	1	UID27580	1	1	0	0
1	1	UID27597	1	1	0	0
1	1	UID27640	1	1	0	0
1	1	UID27679	1	1	0	0
1	1	UID27683	1	1	0	0
1	1	UID27696	1	1	0	0
1	1	UID27703	1	1	0	0
1	1	UID27726	1	1	0	0
1	1	UID27730	1	1	0	0
1	1	UID27758	1	1	0	0
1	1	UID27791	1	1	0	0
1	1	UID27797	1	1	0	0
1	1	UID27800	1	1	0	0
1	1	UID27812	1	1	0	0
1	1	UID27868	1	1	0	0
1	1	UID27886	1	1	0	0
1	1	UID27888	1	1	0	0
1	1	UID27899	1	1	0	0
1	1	UID27944	1	1	0	0
1	1	UID27954	1	1	0	0
1	1	UID27956	1	1	0	0
1	1	UID28026	1	1	0	0
1	1	UID28037	1	1	0	0
1	1	UID28043	1	1	0	0
1	1	UID28070	1	1	0	0
1	1	UID28075	1	1	0	0
1	1	UID28114	1	1	0	0
1	1	UID28176	1	1	0	0
1	1	UID28234	1	1	0	0
1	1	UID28239	1	1	0	0
1	1	UID28241	1	1	0	0
1	1	UID28255	1	1	0	0
1	1	UID28256	1	1	0	0
1	1	UID28296	1	1	0	0
1	1	UID28303	1	1	0	0
1	1	UID28319	1	1	0	0
1	1	UID28366	1	1	0	0
1	1	UID28384	1	1	0	0
1	1	UID28402	1	1	0	0
1	1	UID28405	1	1	0	0
1	1	UID28406	1	1	0	0
1	1	UID28420	1	1	0	0
1	1	UID28437	1	1	0	0
1	1	UID28453	1	1	0	0
1	1	UID28468	1	1	0	0
1	1	UID28473	1	1	0	0
1	1	UID28503	1	1	0	0
1	1	UID28508	1	1	0	0
1	1	UID28513	1	1	0	0
1	1	UID28655	1	1	0	0
1	1	UID28684	1	1	0	0
1	1	UID28713	1	1	0	0
1	1	UID28720	1	1	0	0
1	1	UID28722	1	1	0	0
1	1	UID28728	1	1	0	0
1	1	UID28739	1	1	0	0
1	1	UID28745	1	1	0	0
1	1	UID28771	1	1	0	0
1	1	UID28772	1	1	0	0
1	1	UID28788	1	1	0	0
1	1	UID28789	1	1	0	0
1	1	UID28813	1	1	0	0
1	1	UID28825	1	1	0	0
1	1	UID28870	1	1	0	0
1	1	UID28881	1	1	0	0
1	1	UID28885	1	1	0	0
1	1	UID28888	1	1	0	0
1	1	UID28892	1	1	0	0
1	1	UID28905	1	1	0	0
1	1	UID28946	1	1	0	0
1	1	UID28958	1	1	0	0
1	1	UID28988	1	1	0	0
1	1	UID28998	1	1	0	0
1	1	UID29008	1	1	0	0
1	1	UID29017	1	1	0	0
1	1	UID29031	1	1	0	0
1	1	UID29050	1	1	0	0
1	1	UID29076	1	1	0	0
1	1	UID29161	1	1	0	0
1	1	UID29185	1	1	0	0
1	1	UID29188	1	1	0	0
1	1	UID29189	1	1	0	0
1	1	UID29191	1	1	0	0
1	1	UID29222	1	1	0	0
1	1	UID29225	1	1	0	0
1	1	UID29237	1	1	0	0
1	1	UID29241	1	1	0	0
1	1	UID29266	1	1	0	0
1	1	UID29267	1	1	0	0
1	1	UID29268	1	1	0	0
1	1	UID29272	1	1	0	0
1	1	UID29278	1	1	0	0
1	1	UID29286	1	1	0	0
1	1	UID29292	1	1	0	0
1	1	UID29296	1	1	0	0
1	1	UID29298	1	1	0	0
1	1	UID29332	1	1	0	0
1	1	UID29352	1	1	0	0
1	1	UID29372	1	1	0	0
1	1	UID29373	1	1	0	0
1	1	UID29374	1	1	0	0
1	1	UID29388	1	1	0	0
1	1	UID29408	1	1	0	0
1	1	UID29415	1	1	0	0
1	1	UID29451	1	1	0	0
1	1	UID29453	1	1	0	0
1	1	UID29492	1	1	0	0
1	1	UID29497	1	1	0	0
1	1	UID29502	1	1	0	0
1	1	UID29503	1	1	0	0
1	1	UID29513	1	1	0	0
1	1	UID29528	1	1	0	0
1	1	UID29529	1	1	0	0
1	1	UID29531	1	1	0	0
1	1	UID29534	1	1	0	0
1	1	UID29540	1	1	0	0
1	1	UID29577	1	1	0	0
1	1	UID29580	1	1	0	0
1	1	UID29591	1	1	0	0
1	1	UID29638	1	1	0	0
1	1	UID29668	1	1	0	0
1	1	UID29687	1	1	0	0
1	1	UID29705	1	1	0	0
1	1	UID29713	1	1	0	0
1	1	UID29715	1	1	0	0
1	1	UID29718	1	1	0	0
1	1	UID29752	1	1	0	0
1	1	UID29782	1	1	0	0
1	1	UID29785	1	1	0	0
1	1	UID29811	1	1	0	0
1	1	UID29816	1	1	0	0
1	1	UID29831	1	1	0	0
1	1	UID29832	1	1	0	0
1	1	UID29857	1	1	0	0
1	1	UID29882	1	1	0	0
1	1	UID29885	1	1	0	0
1	1	UID29891	1	1	0	0
1	1	UID29894	1	1	0	0
1	1	UID29923	1	1	0	0
1	1	UID29947	1	1	0	0
1	1	UID29954	1	1	0	0
1	1	UID29956	1	1	0	0
1	1	UID29957	1	1	0	0
1	1	UID29967	1	1	0	0
1	1	UID29978	1	1	0	0
1	1	UID30001	1	1	0	0
1	1	UID30024	1	1	0	0
1	1	UID30030	1	1	0	0
1	1	UID30037	1	1	0	0
1	1	UID30072	1	1	0	0
1	1	UID30090	1	1	0	0
1	1	UID30141	1	1	0	0
1	1	UID30149	1	1	0	0
1	1	UID30156	1	1	0	0
1	1	UID30161	1	1	0	0
1	1	UID30182	1	1	0	0
1	1	UID30190	1	1	0	0
1	1	UID30204	1	1	0	0
1	1	UID30205	1	1	0	0
1	1	UID30206	1	1	0	0
1	1	UID30208	1	1	0	0
1	1	UID30209	1	1	0	0
1	1	UID30216	1	1	0	0
1	1	UID30225	1	1	0	0
1	1	UID30230	1	1	0	0
1	1	UID30249	1	1	0	0
1	1	UID30270	1	1	0	0
1	1	UID30277	1	1	0	0
1	1	UID30279	1	1	0	0
1	1	UID30289	1	1	0	0
1	1	UID30318	1	1	0	0
1	1	UID30326	1	1	0	0
1	1	UID30340	1	1	0	0
1	1	UID30343	1	1	0	0
1	1	UID30346	1	1	0	0
1	1	UID30402	1	1	0	0
1	1	UID30415	1	1	0	0
1	1	UID30419	1	1	0	0
1	1	UID30428	1	1	0	0
1	1	UID30449	1	1	0	0
1	1	UID30468	1	1	0	0
1	1	UID30478	1	1	0	0
1	1	UID30483	1	1	0	0
1	1	UID30485	1	1	0	0
1	1	UID30487	1	1	0	0
1	1	UID30489	1	1	0	0
1	1	UID30505	1	1	0	0
1	1	UID30506	1	1	0	0
1	1	UID30508	1	1	0	0
1	1	UID30515	1	1	0	0
1	1	UID30521	1	1	0	0
1	1	UID30522	1	1	0	0
1	1	UID30523	1	1	0	0
1	1	UID30525	1	1	0	0
1	1	UID30545	1	1	0	0
1	1	UID30559	1	1	0	0
1	1	UID30568	1	1	0	0
1	1	UID30580	1	1	0	0
1	1	UID30588	1	1	0	0
1	1	UID30605	1	1	0	0
1	1	UID30609	1	1	0	0
1	1	UID30640	1	1	0	0
1	1	UID30654	1	1	0	0
1	1	UID30655	1	1	0	0
1	1	UID30659	1	1	0	0
1	1	UID30666	1	1	0	0
1	1	UID30673	1	1	0	0
1	1	UID30698	1	1	0	0
1	1	UID30708	1	1	0	0
1	1	UID30718	1	1	0	0
1	1	UID30740	1	1	0	0
1	1	UID30741	1	1	0	0
1	1	UID30742	1	1	0	0
1	1	UID30745	1	1	0	0
1	1	UID30756	1	1	0	0
1	1	UID30796	1	1	0	0
1	1	UID30797	1	1	0	0
1	1	UID30801	1	1	0	0
1	1	UID30805	1	1	0	0
1	1	UID30815	1	1	0	0
1	1	UID30825	1	1	0	0
1	1	UID30854	1	1	0	0
1	1	UID30857	1	1	0	0
1	1	UID30860	1	1	0	0
1	1	UID30864	1	1	0	0
1	1	UID30866	1	1	0	0
1	1	UID30868	1	1	0	0
1	1	UID30873	1	1	0	0
1	1	UID30899	1	1	0	0
1	1	UID30911	1	1	0	0
1	1	UID30936	1	1	0	0
1	1	UID30940	1	1	0	0
1	1	UID30947	1	1	0	0
1	1	UID30952	1	1	0	0
1	1	UID30975	1	1	0	0
1	1	UID30981	1	1	0	0
1	1	UID30983	1	1	0	0
1	1	UID30984	1	1	0	0
1	1	UID30986	1	1	0	0
1	1	UID30987	1	1	0	0
1	1	UID31000	1	1	0	0
1	1	UID31006	1	1	0	0
1	1	UID31008	1	1	0	0
1	1	UID31035	1	1	0	0
1	1	UID31036	1	1	0	0
1	1	UID31042	1	1	0	0
1	1	UID31047	1	1	0	0
1	1	UID31058	1	1	0	0
1	1	UID31119	1	1	0	0
1	1	UID31124	1	1	0	0
1	1	UID31131	1	1	0	0
1	1	UID31141	1	1	0	0
1	1	UID31145	1	1	0	0
1	1	UID31148	1	1	0	0
1	1	UID31172	1	1	0	0
1	1	UID31173	1	1	0	0
1	1	UID31176	1	1	0	0
1	1	UID31178	1	1	0	0
1	1	UID31179	1	1	0	0
1	1	UID31180	1	1	0	0
1	1	UID31183	1	1	0	0
1	1	UID31184	1	1	0	0
1	1	UID31186	1	1	0	0
1	1	UID31225	1	1	0	0
1	1	UID31226	1	1	0	0
1	1	UID31227	1	1	0	0
1	1	UID31228	1	1	0	0
1	1	UID31230	1	1	0	0
1	1	UID31232	1	1	0	0
1	1	UID31240	1	1	0	0
1	1	UID31242	1	1	0	0
1	1	UID31248	1	1	0	0
1	1	UID31261	1	1	0	0
1	1	UID31291	1	1	0	0
1	1	UID31306	1	1	0	0
1	1	UID31308	1	1	0	0
1	1	UID31313	1	1	0	0
1	1	UID31314	1	1	0	0
3	3	UID31369	1	3	2	2
1	1	UID31382	1	1	0	0
1	1	UID31384	1	1	0	0
1	1	UID31394	1	1	0	0
1	1	UID31428	1	1	0	0
1	1	UID31440	1	1	0	0
1	1	UID31444	1	1	0	0
1	1	UID31448	1	1	0	0
1	1	UID31449	1	1	0	0
1	1	UID31480	1	1	0	0
1	1	UID31487	1	1	0	0
1	1	UID31500	1	1	0	0
1	1	UID31501	1	1	0	0
1	1	UID31504	1	1	0	0
1	1	UID31505	1	1	0	0
1	1	UID31507	1	1	0	0
1	1	UID31519	1	1	0	0
1	1	UID31526	1	1	0	0
1	1	UID31531	1	1	0	0
1	1	UID31532	1	1	0	0
1	1	UID31534	1	1	0	0
1	1	UID31535	1	1	0	0
1	1	UID31537	1	1	0	0
1	1	UID31546	1	1	0	0
1	1	UID31551	1	1	0	0
1	1	UID31571	1	1	0	0
1	1	UID31577	1	1	0	0
1	1	UID31589	1	1	0	0
1	1	UID31597	1	1	0	0
1	1	UID31601	1	1	0	0
1	1	UID31603	1	1	0	0
1	1	UID31604	1	1	0	0
1	1	UID31605	1	1	0	0
1	1	UID31606	1	1	0	0
1	1	UID31633	1	1	0	0
1	1	UID31639	1	1	0	0
1	1	UID31651	1	1	0	0
1	1	UID31652	1	1	0	0
1	1	UID31653	1	1	0	0
1	1	UID31654	1	1	0	0
1	1	UID31656	1	1	0	0
1	1	UID31668	1	1	0	0
1	1	UID31672	1	1	0	0
1	1	UID6484	1	1	0	0
1	1	UID669	1	1	0	0
