5075	17148	UID27	6407	4302	8	8
2390	5707	UID31712	1660	2046	10	10
861	2615	UID38628	1039	664	8	8
1014	2590	UID32879	831	808	7	7
1050	2453	UID80073	779	881	9	9
529	1597	UID38535	697	397	4	4
642	1617	UID80074	579	515	4	4
404	1187	UID38455	528	314	5	5
177	657	UID80075	392	122	3	3
288	753	UID80076	338	244	4	4
154	516	UID53093	319	120	2	2
590	1149	UID80077	313	521	7	7
344	850	UID80078	300	288	6	6
462	996	UID10357	220	415	4	4
259	569	UID80079	206	235	6	6
143	383	UID80080	184	115	3	3
338	649	UID80082	171	299	6	6
187	403	UID80083	150	164	5	5
96	255	UID484	148	85	4	4
38	187	UID4	148	35	2	2
131	289	UID80084	141	122	2	2
102	217	UID80086	94	96	2	2
82	172	UID41925	86	76	3	3
77	157	UID80088	75	72	2	2
122	237	UID80089	74	114	4	4
10	70	UID1	61	9	1	1
101	174	UID80095	55	94	3	3
46	90	UID80097	44	44	2	2
22	68	UID612	36	18	2	2
27	61	UID80102	34	25	2	2
40	75	UID80109	32	37	2	2
35	63	UID80112	28	33	2	2
18	42	UID55105	24	16	1	1
46	69	UID80125	19	41	3	3
38	58	UID39531	18	35	6	6
3	20	UID6	18	2	2	2
20	36	UID80133	16	18	1	1
11	25	UID80142	14	9	2	2
3	10	UID16	8	2	1	1
4	11	UID5	8	3	0	0
11	19	UID80182	8	9	2	2
10	16	UID80200	7	9	1	1
3	9	UID80201	7	2	1	1
14	20	UID80203	7	13	2	2
7	13	UID80213	6	5	1	1
1	6	UID8	6	0	0	0
3	7	UID15	5	2	1	1
3	8	UID80233	5	1	1	1
20	26	UID80234	5	17	4	4
4	8	UID80269	5	3	0	0
1	4	UID15323	4	0	0	0
1	4	UID31675	4	0	0	0
8	13	UID80393	4	6	2	2
5	8	UID80400	4	4	1	1
1	3	UID427	3	0	0	0
2	4	UID57	3	1	1	1
4	6	UID80450	3	3	1	1
4	6	UID80519	3	3	1	1
4	6	UID80520	3	3	0	0
3	5	UID80570	3	2	1	1
10	12	UID80633	3	9	3	3
3	5	UID80634	3	2	1	1
2	4	UID80667	3	1	0	0
1	2	UID14898	2	0	0	0
1	2	UID22	2	0	0	0
2	3	UID80959	2	1	1	1
5	6	UID81048	2	4	1	1
1	2	UID81616	2	0	0	0
1	2	UID81694	2	0	0	0
1	2	UID81704	2	0	0	0
5	5	UID136	1	5	2	2
3	3	UID15238	1	3	1	1
1	1	UID16123	1	1	0	0
1	1	UID194	1	1	0	0
1	1	UID19	1	1	0	0
2	2	UID21	1	2	1	1
2	2	UID22921	1	2	1	1
1	1	UID267	1	1	0	0
1	1	UID31684	1	1	0	0
2	2	UID31733	1	2	1	1
1	1	UID38792	1	1	0	0
1	1	UID428	1	1	0	0
1	1	UID5025	1	1	0	0
2	2	UID615	1	2	1	1
1	1	UID6629	1	1	0	0
1	1	UID689	1	1	0	0
1	1	UID81709	1	1	0	0
1	1	UID81711	1	1	0	0
1	1	UID81713	1	1	0	0
1	1	UID81714	1	1	0	0
1	1	UID81728	1	1	0	0
1	1	UID81740	1	1	0	0
1	1	UID81741	1	1	0	0
1	1	UID81745	1	1	0	0
1	1	UID81768	1	1	0	0
1	1	UID81770	1	1	0	0
1	1	UID81773	1	1	0	0
1	1	UID81775	1	1	0	0
1	1	UID81776	1	1	0	0
1	1	UID81778	1	1	0	0
1	1	UID81780	1	1	0	0
1	1	UID81782	1	1	0	0
1	1	UID81790	1	1	0	0
1	1	UID81797	1	1	0	0
1	1	UID81798	1	1	0	0
1	1	UID81803	1	1	0	0
1	1	UID81804	1	1	0	0
1	1	UID81806	1	1	0	0
1	1	UID81809	1	1	0	0
1	1	UID81810	1	1	0	0
1	1	UID81811	1	1	0	0
1	1	UID81812	1	1	0	0
1	1	UID81813	1	1	0	0
1	1	UID81825	1	1	0	0
1	1	UID81834	1	1	0	0
1	1	UID81837	1	1	0	0
1	1	UID81849	1	1	0	0
1	1	UID81851	1	1	0	0
1	1	UID81859	1	1	0	0
1	1	UID81861	1	1	0	0
1	1	UID81867	1	1	0	0
1	1	UID81869	1	1	0	0
1	1	UID81871	1	1	0	0
1	1	UID81872	1	1	0	0
1	1	UID81874	1	1	0	0
1	1	UID81890	1	1	0	0
1	1	UID81897	1	1	0	0
1	1	UID81917	1	1	0	0
1	1	UID81926	1	1	0	0
1	1	UID81939	1	1	0	0
1	1	UID81959	1	1	0	0
1	1	UID81983	1	1	0	0
1	1	UID81986	1	1	0	0
1	1	UID81987	1	1	0	0
1	1	UID81991	1	1	0	0
1	1	UID81992	1	1	0	0
1	1	UID81993	1	1	0	0
1	1	UID81995	1	1	0	0
1	1	UID82015	1	1	0	0
1	1	UID82017	1	1	0	0
1	1	UID82018	1	1	0	0
1	1	UID82025	1	1	0	0
1	1	UID82029	1	1	0	0
1	1	UID82043	1	1	0	0
1	1	UID82049	1	1	0	0
1	1	UID82053	1	1	0	0
1	1	UID82054	1	1	0	0
1	1	UID82056	1	1	0	0
1	1	UID82058	1	1	0	0
1	1	UID82059	1	1	0	0
1	1	UID82063	1	1	0	0
1	1	UID82064	1	1	0	0
1	1	UID82067	1	1	0	0
1	1	UID82072	1	1	0	0
1	1	UID82106	1	1	0	0
1	1	UID82132	1	1	0	0
1	1	UID82143	1	1	0	0
1	1	UID82148	1	1	0	0
1	1	UID82155	1	1	0	0
1	1	UID82161	1	1	0	0
1	1	UID82169	1	1	0	0
1	1	UID82172	1	1	0	0
1	1	UID82185	1	1	0	0
1	1	UID82186	1	1	0	0
1	1	UID82201	1	1	0	0
1	1	UID82205	1	1	0	0
1	1	UID82211	1	1	0	0
1	1	UID82226	1	1	0	0
1	1	UID82230	1	1	0	0
1	1	UID82288	1	1	0	0
1	1	UID82307	1	1	0	0
1	1	UID82310	1	1	0	0
1	1	UID82323	1	1	0	0
1	1	UID82331	1	1	0	0
1	1	UID82336	1	1	0	0
1	1	UID82355	1	1	0	0
1	1	UID82358	1	1	0	0
1	1	UID82363	1	1	0	0
1	1	UID82369	1	1	0	0
1	1	UID82370	1	1	0	0
1	1	UID82378	1	1	0	0
1	1	UID82394	1	1	0	0
1	1	UID82395	1	1	0	0
1	1	UID82400	1	1	0	0
1	1	UID82401	1	1	0	0
1	1	UID82409	1	1	0	0
1	1	UID82414	1	1	0	0
2	2	UID82415	1	2	1	1
1	1	UID82422	1	1	0	0
1	1	UID82443	1	1	0	0
1	1	UID82450	1	1	0	0
1	1	UID82472	1	1	0	0
1	1	UID82477	1	1	0	0
1	1	UID82491	1	1	0	0
1	1	UID82492	1	1	0	0
1	1	UID82502	1	1	0	0
1	1	UID82503	1	1	0	0
1	1	UID82507	1	1	0	0
1	1	UID82511	1	1	0	0
1	1	UID82520	1	1	0	0
1	1	UID82523	1	1	0	0
1	1	UID82528	1	1	0	0
1	1	UID82533	1	1	0	0
1	1	UID82558	1	1	0	0
1	1	UID82561	1	1	0	0
1	1	UID82607	1	1	0	0
1	1	UID82638	1	1	0	0
1	1	UID82658	1	1	0	0
1	1	UID82667	1	1	0	0
1	1	UID82668	1	1	0	0
2	2	UID82684	1	2	1	1
1	1	UID82696	1	1	0	0
1	1	UID82708	1	1	0	0
1	1	UID82709	1	1	0	0
1	1	UID82712	1	1	0	0
1	1	UID82725	1	1	0	0
1	1	UID82738	1	1	0	0
1	1	UID82742	1	1	0	0
1	1	UID82749	1	1	0	0
1	1	UID82812	1	1	0	0
1	1	UID82822	1	1	0	0
1	1	UID82936	1	1	0	0
1	1	UID82974	1	1	0	0
1	1	UID82996	1	1	0	0
1	1	UID83023	1	1	0	0
1	1	UID83054	1	1	0	0
1	1	UID83060	1	1	0	0
1	1	UID83085	1	1	0	0
1	1	UID83140	1	1	0	0
1	1	UID83152	1	1	0	0
1	1	UID83168	1	1	0	0
1	1	UID83171	1	1	0	0
1	1	UID83175	1	1	0	0
1	1	UID83181	1	1	0	0
1	1	UID83216	1	1	0	0
1	1	UID83228	1	1	0	0
1	1	UID83311	1	1	0	0
1	1	UID83422	1	1	0	0
1	1	UID83509	1	1	0	0
1	1	UID83522	1	1	0	0
1	1	UID83581	1	1	0	0
1	1	UID83605	1	1	0	0
1	1	UID83627	1	1	0	0
1	1	UID83635	1	1	0	0
1	1	UID83662	1	1	0	0
1	1	UID83666	1	1	0	0
1	1	UID83670	1	1	0	0
1	1	UID83682	1	1	0	0
1	1	UID83691	1	1	0	0
1	1	UID83697	1	1	0	0
1	1	UID83719	1	1	0	0
1	1	UID83726	1	1	0	0
1	1	UID83727	1	1	0	0
1	1	UID83761	1	1	0	0
1	1	UID83769	1	1	0	0
1	1	UID83784	1	1	0	0
1	1	UID83788	1	1	0	0
1	1	UID83848	1	1	0	0
1	1	UID83852	1	1	0	0
1	1	UID83878	1	1	0	0
1	1	UID83889	1	1	0	0
1	1	UID83928	1	1	0	0
1	1	UID83933	1	1	0	0
1	1	UID83944	1	1	0	0
1	1	UID83948	1	1	0	0
1	1	UID83993	1	1	0	0
1	1	UID84007	1	1	0	0
1	1	UID84026	1	1	0	0
1	1	UID84033	1	1	0	0
1	1	UID84046	1	1	0	0
1	1	UID84050	1	1	0	0
1	1	UID84056	1	1	0	0
1	1	UID84082	1	1	0	0
1	1	UID84110	1	1	0	0
1	1	UID84111	1	1	0	0
1	1	UID84116	1	1	0	0
1	1	UID84122	1	1	0	0
1	1	UID84158	1	1	0	0
1	1	UID84176	1	1	0	0
1	1	UID84186	1	1	0	0
1	1	UID84188	1	1	0	0
1	1	UID84191	1	1	0	0
1	1	UID84194	1	1	0	0
1	1	UID84200	1	1	0	0
1	1	UID84202	1	1	0	0
1	1	UID84205	1	1	0	0
1	1	UID84213	1	1	0	0
1	1	UID84228	1	1	0	0
1	1	UID84241	1	1	0	0
1	1	UID84288	1	1	0	0
1	1	UID84311	1	1	0	0
1	1	UID84377	1	1	0	0
1	1	UID84395	1	1	0	0
1	1	UID84402	1	1	0	0
1	1	UID84410	1	1	0	0
1	1	UID84432	1	1	0	0
1	1	UID84496	1	1	0	0
1	1	UID84501	1	1	0	0
1	1	UID84520	1	1	0	0
1	1	UID84521	1	1	0	0
1	1	UID84524	1	1	0	0
1	1	UID84547	1	1	0	0
1	1	UID84548	1	1	0	0
1	1	UID84551	1	1	0	0
1	1	UID84554	1	1	0	0
1	1	UID84559	1	1	0	0
1	1	UID84565	1	1	0	0
1	1	UID84567	1	1	0	0
1	1	UID84573	1	1	0	0
1	1	UID84577	1	1	0	0
1	1	UID84598	1	1	0	0
1	1	UID84600	1	1	0	0
1	1	UID84631	1	1	0	0
1	1	UID84633	1	1	0	0
1	1	UID84634	1	1	0	0
1	1	UID84650	1	1	0	0
1	1	UID84658	1	1	0	0
1	1	UID84671	1	1	0	0
1	1	UID84673	1	1	0	0
1	1	UID84674	1	1	0	0
1	1	UID84686	1	1	0	0
1	1	UID84696	1	1	0	0
1	1	UID84704	1	1	0	0
1	1	UID84712	1	1	0	0
1	1	UID84722	1	1	0	0
1	1	UID84725	1	1	0	0
1	1	UID84741	1	1	0	0
1	1	UID84749	1	1	0	0
1	1	UID84757	1	1	0	0
1	1	UID84770	1	1	0	0
1	1	UID84782	1	1	0	0
1	1	UID84785	1	1	0	0
1	1	UID84812	1	1	0	0
1	1	UID84814	1	1	0	0
1	1	UID84815	1	1	0	0
1	1	UID84821	1	1	0	0
1	1	UID84826	1	1	0	0
1	1	UID84843	1	1	0	0
1	1	UID84848	1	1	0	0
1	1	UID84851	1	1	0	0
1	1	UID84853	1	1	0	0
1	1	UID84858	1	1	0	0
1	1	UID84859	1	1	0	0
1	1	UID84882	1	1	0	0
1	1	UID84906	1	1	0	0
1	1	UID84911	1	1	0	0
1	1	UID84917	1	1	0	0
1	1	UID84927	1	1	0	0
1	1	UID84931	1	1	0	0
1	1	UID84933	1	1	0	0
1	1	UID84934	1	1	0	0
1	1	UID84949	1	1	0	0
1	1	UID84953	1	1	0	0
1	1	UID84956	1	1	0	0
1	1	UID85006	1	1	0	0
1	1	UID85020	1	1	0	0
1	1	UID85023	1	1	0	0
1	1	UID85026	1	1	0	0
1	1	UID85032	1	1	0	0
1	1	UID85046	1	1	0	0
1	1	UID85051	1	1	0	0
1	1	UID85062	1	1	0	0
1	1	UID85064	1	1	0	0
1	1	UID85070	1	1	0	0
1	1	UID85071	1	1	0	0
1	1	UID85072	1	1	0	0
1	1	UID85078	1	1	0	0
1	1	UID85079	1	1	0	0
1	1	UID85101	1	1	0	0
1	1	UID85108	1	1	0	0
1	1	UID85127	1	1	0	0
1	1	UID85203	1	1	0	0
1	1	UID85208	1	1	0	0
1	1	UID85215	1	1	0	0
1	1	UID85237	1	1	0	0
1	1	UID85268	1	1	0	0
1	1	UID85307	1	1	0	0
1	1	UID85344	1	1	0	0
1	1	UID85402	1	1	0	0
1	1	UID85463	1	1	0	0
1	1	UID85570	1	1	0	0
1	1	UID85592	1	1	0	0
1	1	UID85628	1	1	0	0
1	1	UID85632	1	1	0	0
1	1	UID85637	1	1	0	0
1	1	UID85638	1	1	0	0
1	1	UID85642	1	1	0	0
1	1	UID85645	1	1	0	0
1	1	UID85850	1	1	0	0
1	1	UID85871	1	1	0	0
1	1	UID85879	1	1	0	0
1	1	UID85888	1	1	0	0
1	1	UID85926	1	1	0	0
1	1	UID85929	1	1	0	0
1	1	UID85936	1	1	0	0
1	1	UID85953	1	1	0	0
1	1	UID86090	1	1	0	0
1	1	UID86130	1	1	0	0
1	1	UID86155	1	1	0	0
1	1	UID86166	1	1	0	0
1	1	UID86177	1	1	0	0
1	1	UID86252	1	1	0	0
1	1	UID86267	1	1	0	0
1	1	UID86291	1	1	0	0
1	1	UID86300	1	1	0	0
1	1	UID86416	1	1	0	0
1	1	UID86578	1	1	0	0
1	1	UID86642	1	1	0	0
1	1	UID86653	1	1	0	0
1	1	UID86682	1	1	0	0
1	1	UID86719	1	1	0	0
1	1	UID86871	1	1	0	0
1	1	UID86907	1	1	0	0
1	1	UID86935	1	1	0	0
1	1	UID86938	1	1	0	0
1	1	UID86941	1	1	0	0
1	1	UID86942	1	1	0	0
1	1	UID86949	1	1	0	0
1	1	UID86953	1	1	0	0
1	1	UID86958	1	1	0	0
1	1	UID87042	1	1	0	0
1	1	UID87061	1	1	0	0
1	1	UID87070	1	1	0	0
1	1	UID87077	1	1	0	0
1	1	UID87078	1	1	0	0
1	1	UID87081	1	1	0	0
1	1	UID87090	1	1	0	0
1	1	UID87099	1	1	0	0
1	1	UID87108	1	1	0	0
1	1	UID87130	1	1	0	0
1	1	UID87136	1	1	0	0
1	1	UID87152	1	1	0	0
1	1	UID87157	1	1	0	0
1	1	UID87169	1	1	0	0
1	1	UID87170	1	1	0	0
1	1	UID87183	1	1	0	0
1	1	UID87198	1	1	0	0
1	1	UID87208	1	1	0	0
1	1	UID87209	1	1	0	0
1	1	UID87227	1	1	0	0
1	1	UID87256	1	1	0	0
1	1	UID87257	1	1	0	0
1	1	UID87264	1	1	0	0
1	1	UID87266	1	1	0	0
1	1	UID87274	1	1	0	0
1	1	UID87286	1	1	0	0
1	1	UID87292	1	1	0	0
1	1	UID87293	1	1	0	0
1	1	UID87326	1	1	0	0
1	1	UID87328	1	1	0	0
1	1	UID87396	1	1	0	0
1	1	UID87435	1	1	0	0
1	1	UID87450	1	1	0	0
1	1	UID87482	1	1	0	0
1	1	UID87506	1	1	0	0
1	1	UID87514	1	1	0	0
1	1	UID87527	1	1	0	0
1	1	UID87566	1	1	0	0
1	1	UID87567	1	1	0	0
1	1	UID87568	1	1	0	0
1	1	UID87597	1	1	0	0
1	1	UID87619	1	1	0	0
1	1	UID87624	1	1	0	0
1	1	UID87627	1	1	0	0
1	1	UID87630	1	1	0	0
1	1	UID87634	1	1	0	0
1	1	UID87637	1	1	0	0
1	1	UID87655	1	1	0	0
1	1	UID87664	1	1	0	0
1	1	UID87667	1	1	0	0
1	1	UID87679	1	1	0	0
1	1	UID87680	1	1	0	0
1	1	UID87682	1	1	0	0
1	1	UID87696	1	1	0	0
1	1	UID87702	1	1	0	0
1	1	UID87710	1	1	0	0
1	1	UID87731	1	1	0	0
1	1	UID87894	1	1	0	0
1	1	UID87902	1	1	0	0
1	1	UID87927	1	1	0	0
1	1	UID87933	1	1	0	0
1	1	UID87956	1	1	0	0
1	1	UID87960	1	1	0	0
1	1	UID87963	1	1	0	0
1	1	UID87984	1	1	0	0
1	1	UID88007	1	1	0	0
1	1	UID88008	1	1	0	0
1	1	UID88031	1	1	0	0
1	1	UID88037	1	1	0	0
1	1	UID88151	1	1	0	0
1	1	UID88177	1	1	0	0
1	1	UID88201	1	1	0	0
1	1	UID88209	1	1	0	0
1	1	UID88212	1	1	0	0
1	1	UID88238	1	1	0	0
1	1	UID88256	1	1	0	0
1	1	UID88273	1	1	0	0
1	1	UID88320	1	1	0	0
1	1	UID88323	1	1	0	0
1	1	UID88394	1	1	0	0
1	1	UID88407	1	1	0	0
1	1	UID88418	1	1	0	0
1	1	UID88458	1	1	0	0
1	1	UID88544	1	1	0	0
1	1	UID88564	1	1	0	0
1	1	UID88588	1	1	0	0
1	1	UID88598	1	1	0	0
1	1	UID88607	1	1	0	0
1	1	UID88615	1	1	0	0
1	1	UID88616	1	1	0	0
1	1	UID88621	1	1	0	0
1	1	UID88625	1	1	0	0
1	1	UID88631	1	1	0	0
1	1	UID88633	1	1	0	0
1	1	UID88634	1	1	0	0
1	1	UID88645	1	1	0	0
1	1	UID88652	1	1	0	0
1	1	UID88672	1	1	0	0
1	1	UID88680	1	1	0	0
1	1	UID88683	1	1	0	0
1	1	UID88700	1	1	0	0
1	1	UID88702	1	1	0	0
1	1	UID88708	1	1	0	0
1	1	UID88718	1	1	0	0
1	1	UID88734	1	1	0	0
1	1	UID88753	1	1	0	0
1	1	UID88757	1	1	0	0
1	1	UID88770	1	1	0	0
1	1	UID88771	1	1	0	0
1	1	UID88772	1	1	0	0
1	1	UID88773	1	1	0	0
1	1	UID88778	1	1	0	0
1	1	UID88782	1	1	0	0
1	1	UID88783	1	1	0	0
1	1	UID88797	1	1	0	0
1	1	UID88817	1	1	0	0
1	1	UID88837	1	1	0	0
1	1	UID88843	1	1	0	0
1	1	UID88870	1	1	0	0
1	1	UID88890	1	1	0	0
1	1	UID88904	1	1	0	0
1	1	UID88910	1	1	0	0
1	1	UID88917	1	1	0	0
1	1	UID88926	1	1	0	0
1	1	UID88938	1	1	0	0
1	1	UID88948	1	1	0	0
1	1	UID88956	1	1	0	0
1	1	UID88981	1	1	0	0
1	1	UID88982	1	1	0	0
1	1	UID88998	1	1	0	0
1	1	UID89002	1	1	0	0
1	1	UID89004	1	1	0	0
1	1	UID89005	1	1	0	0
1	1	UID89027	1	1	0	0
1	1	UID89035	1	1	0	0
1	1	UID89036	1	1	0	0
1	1	UID89045	1	1	0	0
1	1	UID89048	1	1	0	0
1	1	UID89053	1	1	0	0
1	1	UID89066	1	1	0	0
1	1	UID89071	1	1	0	0
1	1	UID89076	1	1	0	0
1	1	UID89083	1	1	0	0
1	1	UID89088	1	1	0	0
1	1	UID89103	1	1	0	0
1	1	UID89107	1	1	0	0
1	1	UID89118	1	1	0	0
1	1	UID89134	1	1	0	0
1	1	UID89146	1	1	0	0
1	1	UID89148	1	1	0	0
1	1	UID89156	1	1	0	0
1	1	UID89217	1	1	0	0
1	1	UID89232	1	1	0	0
1	1	UID89248	1	1	0	0
1	1	UID89288	1	1	0	0
1	1	UID89344	1	1	0	0
1	1	UID89441	1	1	0	0
1	1	UID89450	1	1	0	0
1	1	UID89474	1	1	0	0
1	1	UID89498	1	1	0	0
1	1	UID89549	1	1	0	0
1	1	UID89621	1	1	0	0
1	1	UID89670	1	1	0	0
1	1	UID89722	1	1	0	0
1	1	UID89723	1	1	0	0
1	1	UID89726	1	1	0	0
1	1	UID89783	1	1	0	0
1	1	UID89808	1	1	0	0
1	1	UID89865	1	1	0	0
1	1	UID89866	1	1	0	0
1	1	UID89908	1	1	0	0
1	1	UID90026	1	1	0	0
1	1	UID90076	1	1	0	0
1	1	UID90188	1	1	0	0
1	1	UID90391	1	1	0	0
1	1	UID90454	1	1	0	0
1	1	UID90456	1	1	0	0
1	1	UID90474	1	1	0	0
1	1	UID90513	1	1	0	0
1	1	UID90517	1	1	0	0
1	1	UID90521	1	1	0	0
1	1	UID90527	1	1	0	0
1	1	UID90579	1	1	0	0
1	1	UID90664	1	1	0	0
1	1	UID90717	1	1	0	0
1	1	UID90752	1	1	0	0
1	1	UID90764	1	1	0	0
1	1	UID90804	1	1	0	0
1	1	UID90824	1	1	0	0
1	1	UID90831	1	1	0	0
1	1	UID90860	1	1	0	0
1	1	UID90896	1	1	0	0
1	1	UID90904	1	1	0	0
1	1	UID90945	1	1	0	0
1	1	UID90968	1	1	0	0
1	1	UID90974	1	1	0	0
1	1	UID91040	1	1	0	0
1	1	UID91071	1	1	0	0
1	1	UID91102	1	1	0	0
1	1	UID91110	1	1	0	0
1	1	UID91117	1	1	0	0
1	1	UID91122	1	1	0	0
1	1	UID91135	1	1	0	0
1	1	UID91141	1	1	0	0
1	1	UID91168	1	1	0	0
1	1	UID91185	1	1	0	0
1	1	UID91239	1	1	0	0
1	1	UID91253	1	1	0	0
1	1	UID91294	1	1	0	0
1	1	UID91324	1	1	0	0
1	1	UID91343	1	1	0	0
1	1	UID91538	1	1	0	0
1	1	UID91540	1	1	0	0
1	1	UID91570	1	1	0	0
1	1	UID91574	1	1	0	0
1	1	UID91579	1	1	0	0
1	1	UID91580	1	1	0	0
1	1	UID91601	1	1	0	0
1	1	UID91602	1	1	0	0
1	1	UID91618	1	1	0	0
1	1	UID91621	1	1	0	0
1	1	UID91623	1	1	0	0
1	1	UID91626	1	1	0	0
1	1	UID91627	1	1	0	0
1	1	UID91666	1	1	0	0
1	1	UID91671	1	1	0	0
1	1	UID91701	1	1	0	0
1	1	UID91723	1	1	0	0
1	1	UID91738	1	1	0	0
1	1	UID91761	1	1	0	0
1	1	UID91764	1	1	0	0
1	1	UID91935	1	1	0	0
1	1	UID91999	1	1	0	0
1	1	UID92037	1	1	0	0
1	1	UID92081	1	1	0	0
1	1	UID92120	1	1	0	0
1	1	UID92175	1	1	0	0
1	1	UID92186	1	1	0	0
1	1	UID92189	1	1	0	0
1	1	UID92228	1	1	0	0
1	1	UID92273	1	1	0	0
1	1	UID92280	1	1	0	0
1	1	UID92296	1	1	0	0
1	1	UID92301	1	1	0	0
1	1	UID92321	1	1	0	0
1	1	UID92347	1	1	0	0
1	1	UID92359	1	1	0	0
1	1	UID92364	1	1	0	0
1	1	UID92402	1	1	0	0
1	1	UID92449	1	1	0	0
1	1	UID92465	1	1	0	0
1	1	UID92542	1	1	0	0
1	1	UID92590	1	1	0	0
1	1	UID92595	1	1	0	0
1	1	UID92596	1	1	0	0
1	1	UID92600	1	1	0	0
1	1	UID92603	1	1	0	0
1	1	UID92620	1	1	0	0
1	1	UID92621	1	1	0	0
1	1	UID92636	1	1	0	0
1	1	UID92696	1	1	0	0
1	1	UID92697	1	1	0	0
1	1	UID92709	1	1	0	0
1	1	UID92741	1	1	0	0
1	1	UID92748	1	1	0	0
1	1	UID92770	1	1	0	0
1	1	UID92777	1	1	0	0
1	1	UID92794	1	1	0	0
1	1	UID92796	1	1	0	0
1	1	UID92799	1	1	0	0
1	1	UID92805	1	1	0	0
1	1	UID92806	1	1	0	0
1	1	UID92807	1	1	0	0
1	1	UID92810	1	1	0	0
1	1	UID92850	1	1	0	0
1	1	UID92855	1	1	0	0
1	1	UID92857	1	1	0	0
1	1	UID92874	1	1	0	0
1	1	UID92883	1	1	0	0
1	1	UID92909	1	1	0	0
1	1	UID92920	1	1	0	0
1	1	UID92943	1	1	0	0
1	1	UID92968	1	1	0	0
1	1	UID92997	1	1	0	0
1	1	UID93026	1	1	0	0
1	1	UID93029	1	1	0	0
1	1	UID93030	1	1	0	0
1	1	UID93050	1	1	0	0
1	1	UID93061	1	1	0	0
1	1	UID93084	1	1	0	0
1	1	UID93085	1	1	0	0
1	1	UID93107	1	1	0	0
1	1	UID93126	1	1	0	0
1	1	UID93139	1	1	0	0
1	1	UID93153	1	1	0	0
1	1	UID93164	1	1	0	0
1	1	UID93165	1	1	0	0
1	1	UID93196	1	1	0	0
1	1	UID93228	1	1	0	0
1	1	UID93238	1	1	0	0
1	1	UID93254	1	1	0	0
1	1	UID93270	1	1	0	0
1	1	UID93279	1	1	0	0
1	1	UID93282	1	1	0	0
1	1	UID93286	1	1	0	0
1	1	UID93287	1	1	0	0
1	1	UID93303	1	1	0	0
1	1	UID93320	1	1	0	0
1	1	UID93360	1	1	0	0
1	1	UID93381	1	1	0	0
1	1	UID93382	1	1	0	0
1	1	UID93388	1	1	0	0
1	1	UID93389	1	1	0	0
1	1	UID93391	1	1	0	0
1	1	UID93392	1	1	0	0
1	1	UID93407	1	1	0	0
1	1	UID93408	1	1	0	0
1	1	UID93439	1	1	0	0
1	1	UID93440	1	1	0	0
1	1	UID93457	1	1	0	0
1	1	UID93483	1	1	0	0
1	1	UID93487	1	1	0	0
1	1	UID93490	1	1	0	0
1	1	UID93509	1	1	0	0
1	1	UID93553	1	1	0	0
1	1	UID93554	1	1	0	0
1	1	UID93557	1	1	0	0
1	1	UID93559	1	1	0	0
1	1	UID93561	1	1	0	0
1	1	UID93565	1	1	0	0
1	1	UID93570	1	1	0	0
1	1	UID93583	1	1	0	0
1	1	UID93586	1	1	0	0
1	1	UID93593	1	1	0	0
1	1	UID93609	1	1	0	0
1	1	UID93615	1	1	0	0
1	1	UID93618	1	1	0	0
1	1	UID93621	1	1	0	0
1	1	UID93631	1	1	0	0
1	1	UID93634	1	1	0	0
1	1	UID93637	1	1	0	0
1	1	UID93639	1	1	0	0
1	1	UID93640	1	1	0	0
1	1	UID93643	1	1	0	0
1	1	UID93649	1	1	0	0
1	1	UID93660	1	1	0	0
1	1	UID93672	1	1	0	0
1	1	UID93693	1	1	0	0
1	1	UID93700	1	1	0	0
1	1	UID93703	1	1	0	0
1	1	UID93713	1	1	0	0
1	1	UID93733	1	1	0	0
1	1	UID93754	1	1	0	0
1	1	UID93755	1	1	0	0
1	1	UID93758	1	1	0	0
1	1	UID93767	1	1	0	0
1	1	UID93769	1	1	0	0
1	1	UID93773	1	1	0	0
1	1	UID93775	1	1	0	0
1	1	UID93776	1	1	0	0
1	1	UID93789	1	1	0	0
1	1	UID93793	1	1	0	0
1	1	UID93822	1	1	0	0
1	1	UID93825	1	1	0	0
1	1	UID93827	1	1	0	0
1	1	UID93835	1	1	0	0
1	1	UID93836	1	1	0	0
1	1	UID93837	1	1	0	0
1	1	UID93843	1	1	0	0
1	1	UID93848	1	1	0	0
1	1	UID93864	1	1	0	0
1	1	UID93865	1	1	0	0
1	1	UID93867	1	1	0	0
1	1	UID93871	1	1	0	0
1	1	UID93872	1	1	0	0
1	1	UID93877	1	1	0	0
1	1	UID93878	1	1	0	0
1	1	UID93901	1	1	0	0
1	1	UID93909	1	1	0	0
1	1	UID93911	1	1	0	0
1	1	UID93924	1	1	0	0
1	1	UID93925	1	1	0	0
1	1	UID93929	1	1	0	0
1	1	UID93932	1	1	0	0
1	1	UID93937	1	1	0	0
1	1	UID93941	1	1	0	0
1	1	UID93951	1	1	0	0
1	1	UID93972	1	1	0	0
1	1	UID93977	1	1	0	0
1	1	UID93986	1	1	0	0
1	1	UID93987	1	1	0	0
1	1	UID93989	1	1	0	0
1	1	UID93990	1	1	0	0
1	1	UID93991	1	1	0	0
1	1	UID93993	1	1	0	0
1	1	UID93994	1	1	0	0
1	1	UID93995	1	1	0	0
1	1	UID93998	1	1	0	0
1	1	UID94005	1	1	0	0
1	1	UID94049	1	1	0	0
1	1	UID94066	1	1	0	0
1	1	UID94070	1	1	0	0
1	1	UID94073	1	1	0	0
1	1	UID94089	1	1	0	0
1	1	UID94100	1	1	0	0
1	1	UID94104	1	1	0	0
1	1	UID94111	1	1	0	0
1	1	UID94115	1	1	0	0
1	1	UID94119	1	1	0	0
1	1	UID94122	1	1	0	0
1	1	UID94133	1	1	0	0
1	1	UID94135	1	1	0	0
1	1	UID94137	1	1	0	0
1	1	UID94141	1	1	0	0
1	1	UID94146	1	1	0	0
1	1	UID94152	1	1	0	0
1	1	UID94154	1	1	0	0
1	1	UID94162	1	1	0	0
1	1	UID94165	1	1	0	0
1	1	UID94170	1	1	0	0
1	1	UID94180	1	1	0	0
1	1	UID94183	1	1	0	0
1	1	UID94207	1	1	0	0
1	1	UID94216	1	1	0	0
1	1	UID94230	1	1	0	0
1	1	UID94237	1	1	0	0
1	1	UID94240	1	1	0	0
1	1	UID94241	1	1	0	0
1	1	UID94275	1	1	0	0
1	1	UID94276	1	1	0	0
1	1	UID94285	1	1	0	0
1	1	UID94301	1	1	0	0
1	1	UID94332	1	1	0	0
1	1	UID94337	1	1	0	0
1	1	UID94345	1	1	0	0
1	1	UID94347	1	1	0	0
1	1	UID94349	1	1	0	0
1	1	UID94361	1	1	0	0
1	1	UID94364	1	1	0	0
1	1	UID94366	1	1	0	0
1	1	UID94370	1	1	0	0
1	1	UID94372	1	1	0	0
1	1	UID94406	1	1	0	0
1	1	UID94414	1	1	0	0
1	1	UID94420	1	1	0	0
1	1	UID94427	1	1	0	0
1	1	UID94439	1	1	0	0
1	1	UID94440	1	1	0	0
1	1	UID94474	1	1	0	0
1	1	UID94476	1	1	0	0
1	1	UID94487	1	1	0	0
1	1	UID94511	1	1	0	0
1	1	UID94513	1	1	0	0
1	1	UID94516	1	1	0	0
1	1	UID94529	1	1	0	0
1	1	UID94542	1	1	0	0
1	1	UID94552	1	1	0	0
1	1	UID94556	1	1	0	0
1	1	UID94567	1	1	0	0
1	1	UID94582	1	1	0	0
1	1	UID94589	1	1	0	0
1	1	UID94592	1	1	0	0
1	1	UID94598	1	1	0	0
1	1	UID94607	1	1	0	0
1	1	UID94609	1	1	0	0
1	1	UID94610	1	1	0	0
1	1	UID94611	1	1	0	0
1	1	UID94612	1	1	0	0
1	1	UID94613	1	1	0	0
1	1	UID94615	1	1	0	0
1	1	UID94621	1	1	0	0
1	1	UID94622	1	1	0	0
1	1	UID94631	1	1	0	0
1	1	UID94637	1	1	0	0
1	1	UID94640	1	1	0	0
1	1	UID94669	1	1	0	0
1	1	UID94671	1	1	0	0
1	1	UID94676	1	1	0	0
1	1	UID94677	1	1	0	0
1	1	UID94678	1	1	0	0
1	1	UID94684	1	1	0	0
1	1	UID94754	1	1	0	0
1	1	UID94759	1	1	0	0
1	1	UID94766	1	1	0	0
1	1	UID94770	1	1	0	0
1	1	UID94775	1	1	0	0
1	1	UID94778	1	1	0	0
1	1	UID94812	1	1	0	0
1	1	UID94822	1	1	0	0
1	1	UID94826	1	1	0	0
1	1	UID94829	1	1	0	0
1	1	UID94830	1	1	0	0
1	1	UID94831	1	1	0	0
1	1	UID94838	1	1	0	0
1	1	UID94849	1	1	0	0
1	1	UID94850	1	1	0	0
1	1	UID94852	1	1	0	0
1	1	UID94871	1	1	0	0
1	1	UID94873	1	1	0	0
1	1	UID94875	1	1	0	0
1	1	UID94878	1	1	0	0
1	1	UID94881	1	1	0	0
1	1	UID94882	1	1	0	0
1	1	UID94883	1	1	0	0
1	1	UID94884	1	1	0	0
1	1	UID94885	1	1	0	0
1	1	UID94887	1	1	0	0
1	1	UID94888	1	1	0	0
1	1	UID94892	1	1	0	0
1	1	UID94897	1	1	0	0
1	1	UID94900	1	1	0	0
1	1	UID94908	1	1	0	0
1	1	UID94913	1	1	0	0
1	1	UID94914	1	1	0	0
1	1	UID94922	1	1	0	0
1	1	UID94927	1	1	0	0
1	1	UID94928	1	1	0	0
1	1	UID94942	1	1	0	0
1	1	UID94943	1	1	0	0
1	1	UID94944	1	1	0	0
1	1	UID94945	1	1	0	0
1	1	UID94947	1	1	0	0
1	1	UID94949	1	1	0	0
1	1	UID94952	1	1	0	0
1	1	UID94953	1	1	0	0
1	1	UID94992	1	1	0	0
1	1	UID94999	1	1	0	0
1	1	UID95001	1	1	0	0
1	1	UID95002	1	1	0	0
1	1	UID95006	1	1	0	0
1	1	UID95008	1	1	0	0
1	1	UID95011	1	1	0	0
1	1	UID95012	1	1	0	0
1	1	UID95018	1	1	0	0
1	1	UID95021	1	1	0	0
1	1	UID95026	1	1	0	0
1	1	UID95032	1	1	0	0
1	1	UID95049	1	1	0	0
1	1	UID95055	1	1	0	0
1	1	UID95057	1	1	0	0
1	1	UID95070	1	1	0	0
1	1	UID95073	1	1	0	0
1	1	UID95100	1	1	0	0
1	1	UID95106	1	1	0	0
1	1	UID95108	1	1	0	0
1	1	UID95113	1	1	0	0
1	1	UID95115	1	1	0	0
1	1	UID95121	1	1	0	0
1	1	UID95130	1	1	0	0
1	1	UID95141	1	1	0	0
1	1	UID95142	1	1	0	0
1	1	UID95143	1	1	0	0
1	1	UID95151	1	1	0	0
1	1	UID95155	1	1	0	0
1	1	UID95165	1	1	0	0
1	1	UID95174	1	1	0	0
1	1	UID95182	1	1	0	0
1	1	UID95193	1	1	0	0
1	1	UID95200	1	1	0	0
1	1	UID95203	1	1	0	0
1	1	UID95204	1	1	0	0
1	1	UID95207	1	1	0	0
1	1	UID95209	1	1	0	0
1	1	UID95215	1	1	0	0
1	1	UID95216	1	1	0	0
1	1	UID95217	1	1	0	0
1	1	UID95219	1	1	0	0
1	1	UID95237	1	1	0	0
1	1	UID95244	1	1	0	0
