8572	47053	UID44965	21727	7280	4	4
32	151	UID4	76	28	2	2
6	64	UID1	59	5	1	1
4	23	UID38165	20	3	2	2
2	10	UID7291	9	1	1	1
4	11	UID5	8	3	1	1
2	6	UID6	5	1	1	1
5	8	UID129414	4	4	1	1
2	5	UID15	4	1	1	1
9	12	UID29	4	8	2	2
3	5	UID15205	3	2	1	1
2	4	UID57	3	1	1	1
4	6	UID6629	3	3	1	1
2	3	UID136	2	1	1	1
1	2	UID19	2	0	0	0
1	1	UID130189	1	1	0	0
1	1	UID130191	1	1	0	0
1	1	UID130208	1	1	0	0
1	1	UID130240	1	1	0	0
1	1	UID130252	1	1	0	0
1	1	UID130259	1	1	0	0
1	1	UID130268	1	1	0	0
1	1	UID130269	1	1	0	0
1	1	UID130270	1	1	0	0
1	1	UID130302	1	1	0	0
1	1	UID130303	1	1	0	0
1	1	UID130304	1	1	0	0
1	1	UID130323	1	1	0	0
1	1	UID130362	1	1	0	0
1	1	UID130363	1	1	0	0
1	1	UID130386	1	1	0	0
1	1	UID130390	1	1	0	0
1	1	UID130400	1	1	0	0
1	1	UID130406	1	1	0	0
1	1	UID130411	1	1	0	0
1	1	UID130412	1	1	0	0
1	1	UID130418	1	1	0	0
1	1	UID130466	1	1	0	0
1	1	UID130469	1	1	0	0
1	1	UID130486	1	1	0	0
1	1	UID130491	1	1	0	0
1	1	UID130493	1	1	0	0
1	1	UID130494	1	1	0	0
1	1	UID130503	1	1	0	0
1	1	UID130513	1	1	0	0
1	1	UID130516	1	1	0	0
1	1	UID130517	1	1	0	0
1	1	UID130533	1	1	0	0
1	1	UID130535	1	1	0	0
1	1	UID130551	1	1	0	0
1	1	UID130559	1	1	0	0
1	1	UID130592	1	1	0	0
1	1	UID130593	1	1	0	0
1	1	UID130596	1	1	0	0
1	1	UID130619	1	1	0	0
1	1	UID130620	1	1	0	0
1	1	UID130625	1	1	0	0
1	1	UID130628	1	1	0	0
1	1	UID130661	1	1	0	0
1	1	UID130663	1	1	0	0
1	1	UID130666	1	1	0	0
1	1	UID130667	1	1	0	0
1	1	UID130668	1	1	0	0
1	1	UID130669	1	1	0	0
1	1	UID130725	1	1	0	0
1	1	UID130728	1	1	0	0
1	1	UID130732	1	1	0	0
1	1	UID130733	1	1	0	0
1	1	UID130780	1	1	0	0
1	1	UID130788	1	1	0	0
1	1	UID130792	1	1	0	0
1	1	UID130798	1	1	0	0
1	1	UID130812	1	1	0	0
1	1	UID130826	1	1	0	0
1	1	UID130868	1	1	0	0
1	1	UID130969	1	1	0	0
1	1	UID130976	1	1	0	0
1	1	UID130988	1	1	0	0
1	1	UID131070	1	1	0	0
1	1	UID131078	1	1	0	0
1	1	UID131110	1	1	0	0
1	1	UID131126	1	1	0	0
1	1	UID131188	1	1	0	0
1	1	UID131189	1	1	0	0
1	1	UID131259	1	1	0	0
1	1	UID131285	1	1	0	0
1	1	UID131291	1	1	0	0
1	1	UID131298	1	1	0	0
1	1	UID131328	1	1	0	0
1	1	UID131333	1	1	0	0
1	1	UID131368	1	1	0	0
1	1	UID131410	1	1	0	0
1	1	UID131411	1	1	0	0
1	1	UID131423	1	1	0	0
1	1	UID131442	1	1	0	0
1	1	UID131445	1	1	0	0
1	1	UID131446	1	1	0	0
1	1	UID131486	1	1	0	0
1	1	UID131490	1	1	0	0
1	1	UID131494	1	1	0	0
1	1	UID131668	1	1	0	0
1	1	UID131678	1	1	0	0
1	1	UID131682	1	1	0	0
1	1	UID131739	1	1	0	0
1	1	UID131745	1	1	0	0
1	1	UID131762	1	1	0	0
1	1	UID131865	1	1	0	0
1	1	UID131883	1	1	0	0
1	1	UID132117	1	1	0	0
1	1	UID132251	1	1	0	0
1	1	UID132303	1	1	0	0
1	1	UID132322	1	1	0	0
1	1	UID132464	1	1	0	0
1	1	UID132476	1	1	0	0
1	1	UID132545	1	1	0	0
1	1	UID132659	1	1	0	0
1	1	UID132671	1	1	0	0
1	1	UID132743	1	1	0	0
1	1	UID132746	1	1	0	0
1	1	UID132748	1	1	0	0
1	1	UID132834	1	1	0	0
1	1	UID132870	1	1	0	0
1	1	UID133021	1	1	0	0
1	1	UID133252	1	1	0	0
1	1	UID133329	1	1	0	0
1	1	UID133343	1	1	0	0
1	1	UID133422	1	1	0	0
1	1	UID133556	1	1	0	0
1	1	UID133649	1	1	0	0
1	1	UID133668	1	1	0	0
1	1	UID13371	1	1	0	0
1	1	UID133731	1	1	0	0
1	1	UID133758	1	1	0	0
1	1	UID133973	1	1	0	0
1	1	UID133990	1	1	0	0
1	1	UID134058	1	1	0	0
1	1	UID134095	1	1	0	0
1	1	UID134099	1	1	0	0
1	1	UID134103	1	1	0	0
1	1	UID134160	1	1	0	0
1	1	UID134162	1	1	0	0
1	1	UID134190	1	1	0	0
1	1	UID134191	1	1	0	0
1	1	UID134253	1	1	0	0
1	1	UID134280	1	1	0	0
1	1	UID134314	1	1	0	0
1	1	UID134335	1	1	0	0
1	1	UID134405	1	1	0	0
1	1	UID134412	1	1	0	0
1	1	UID134413	1	1	0	0
1	1	UID134491	1	1	0	0
1	1	UID134504	1	1	0	0
1	1	UID134518	1	1	0	0
1	1	UID134548	1	1	0	0
1	1	UID134554	1	1	0	0
1	1	UID134570	1	1	0	0
1	1	UID134574	1	1	0	0
1	1	UID134588	1	1	0	0
1	1	UID134589	1	1	0	0
1	1	UID134613	1	1	0	0
1	1	UID134633	1	1	0	0
1	1	UID134686	1	1	0	0
1	1	UID134692	1	1	0	0
1	1	UID134737	1	1	0	0
1	1	UID134767	1	1	0	0
1	1	UID134773	1	1	0	0
1	1	UID134779	1	1	0	0
1	1	UID134837	1	1	0	0
1	1	UID134882	1	1	0	0
1	1	UID134908	1	1	0	0
1	1	UID134915	1	1	0	0
1	1	UID134966	1	1	0	0
1	1	UID134970	1	1	0	0
1	1	UID134979	1	1	0	0
1	1	UID134980	1	1	0	0
1	1	UID134983	1	1	0	0
1	1	UID135031	1	1	0	0
1	1	UID135049	1	1	0	0
1	1	UID135053	1	1	0	0
1	1	UID135067	1	1	0	0
1	1	UID135074	1	1	0	0
1	1	UID135077	1	1	0	0
1	1	UID135102	1	1	0	0
1	1	UID135114	1	1	0	0
1	1	UID135117	1	1	0	0
1	1	UID135158	1	1	0	0
1	1	UID135162	1	1	0	0
1	1	UID135184	1	1	0	0
1	1	UID135211	1	1	0	0
1	1	UID135231	1	1	0	0
1	1	UID135249	1	1	0	0
1	1	UID135292	1	1	0	0
1	1	UID135337	1	1	0	0
1	1	UID135351	1	1	0	0
1	1	UID135365	1	1	0	0
1	1	UID135387	1	1	0	0
1	1	UID135401	1	1	0	0
1	1	UID135404	1	1	0	0
1	1	UID135451	1	1	0	0
1	1	UID135467	1	1	0	0
1	1	UID135482	1	1	0	0
1	1	UID135487	1	1	0	0
1	1	UID135492	1	1	0	0
1	1	UID135500	1	1	0	0
1	1	UID135556	1	1	0	0
1	1	UID135558	1	1	0	0
1	1	UID135559	1	1	0	0
1	1	UID135587	1	1	0	0
1	1	UID135599	1	1	0	0
1	1	UID135602	1	1	0	0
1	1	UID135618	1	1	0	0
1	1	UID135649	1	1	0	0
1	1	UID135726	1	1	0	0
1	1	UID135728	1	1	0	0
1	1	UID135837	1	1	0	0
1	1	UID135873	1	1	0	0
1	1	UID135877	1	1	0	0
1	1	UID135890	1	1	0	0
1	1	UID135891	1	1	0	0
1	1	UID135914	1	1	0	0
1	1	UID135937	1	1	0	0
1	1	UID135947	1	1	0	0
1	1	UID135952	1	1	0	0
1	1	UID135953	1	1	0	0
1	1	UID135999	1	1	0	0
1	1	UID136001	1	1	0	0
1	1	UID136009	1	1	0	0
1	1	UID136118	1	1	0	0
1	1	UID136142	1	1	0	0
1	1	UID136179	1	1	0	0
1	1	UID136189	1	1	0	0
1	1	UID136228	1	1	0	0
1	1	UID136263	1	1	0	0
1	1	UID136272	1	1	0	0
1	1	UID136273	1	1	0	0
1	1	UID136307	1	1	0	0
1	1	UID136310	1	1	0	0
1	1	UID136316	1	1	0	0
1	1	UID136334	1	1	0	0
1	1	UID136336	1	1	0	0
1	1	UID136338	1	1	0	0
1	1	UID136357	1	1	0	0
1	1	UID136364	1	1	0	0
1	1	UID136395	1	1	0	0
1	1	UID136396	1	1	0	0
1	1	UID136416	1	1	0	0
1	1	UID136479	1	1	0	0
1	1	UID136520	1	1	0	0
1	1	UID136524	1	1	0	0
1	1	UID136528	1	1	0	0
1	1	UID136529	1	1	0	0
1	1	UID136530	1	1	0	0
1	1	UID136534	1	1	0	0
1	1	UID136538	1	1	0	0
1	1	UID136569	1	1	0	0
1	1	UID136574	1	1	0	0
1	1	UID136582	1	1	0	0
1	1	UID136583	1	1	0	0
1	1	UID136587	1	1	0	0
1	1	UID136616	1	1	0	0
1	1	UID136623	1	1	0	0
1	1	UID136641	1	1	0	0
1	1	UID136684	1	1	0	0
1	1	UID136686	1	1	0	0
1	1	UID136687	1	1	0	0
1	1	UID136688	1	1	0	0
1	1	UID136690	1	1	0	0
1	1	UID136691	1	1	0	0
1	1	UID136737	1	1	0	0
1	1	UID136743	1	1	0	0
1	1	UID136747	1	1	0	0
1	1	UID136755	1	1	0	0
1	1	UID136756	1	1	0	0
1	1	UID136771	1	1	0	0
1	1	UID136801	1	1	0	0
1	1	UID136813	1	1	0	0
1	1	UID136819	1	1	0	0
1	1	UID136829	1	1	0	0
1	1	UID136834	1	1	0	0
1	1	UID136863	1	1	0	0
1	1	UID136865	1	1	0	0
1	1	UID136878	1	1	0	0
1	1	UID136879	1	1	0	0
1	1	UID136894	1	1	0	0
1	1	UID136899	1	1	0	0
1	1	UID136900	1	1	0	0
1	1	UID136905	1	1	0	0
1	1	UID136911	1	1	0	0
1	1	UID136937	1	1	0	0
1	1	UID136948	1	1	0	0
1	1	UID136949	1	1	0	0
1	1	UID136951	1	1	0	0
1	1	UID136970	1	1	0	0
1	1	UID137009	1	1	0	0
1	1	UID137038	1	1	0	0
1	1	UID137039	1	1	0	0
1	1	UID137084	1	1	0	0
1	1	UID137124	1	1	0	0
1	1	UID137127	1	1	0	0
1	1	UID137128	1	1	0	0
1	1	UID137155	1	1	0	0
1	1	UID137177	1	1	0	0
1	1	UID137179	1	1	0	0
1	1	UID137181	1	1	0	0
1	1	UID137184	1	1	0	0
1	1	UID137194	1	1	0	0
1	1	UID137229	1	1	0	0
1	1	UID137241	1	1	0	0
1	1	UID137260	1	1	0	0
1	1	UID137269	1	1	0	0
1	1	UID137271	1	1	0	0
1	1	UID137296	1	1	0	0
1	1	UID137299	1	1	0	0
1	1	UID137304	1	1	0	0
1	1	UID137311	1	1	0	0
1	1	UID137312	1	1	0	0
1	1	UID137316	1	1	0	0
1	1	UID137322	1	1	0	0
1	1	UID137323	1	1	0	0
1	1	UID137326	1	1	0	0
1	1	UID137334	1	1	0	0
1	1	UID137357	1	1	0	0
1	1	UID137389	1	1	0	0
1	1	UID137390	1	1	0	0
1	1	UID137418	1	1	0	0
1	1	UID137424	1	1	0	0
1	1	UID137432	1	1	0	0
1	1	UID137437	1	1	0	0
1	1	UID137451	1	1	0	0
1	1	UID137461	1	1	0	0
1	1	UID137489	1	1	0	0
1	1	UID137529	1	1	0	0
1	1	UID137551	1	1	0	0
1	1	UID137560	1	1	0	0
1	1	UID137568	1	1	0	0
1	1	UID137572	1	1	0	0
1	1	UID137576	1	1	0	0
1	1	UID137595	1	1	0	0
1	1	UID137619	1	1	0	0
1	1	UID137626	1	1	0	0
1	1	UID137632	1	1	0	0
1	1	UID137655	1	1	0	0
1	1	UID137701	1	1	0	0
1	1	UID137702	1	1	0	0
1	1	UID137704	1	1	0	0
1	1	UID137705	1	1	0	0
1	1	UID137730	1	1	0	0
1	1	UID137733	1	1	0	0
1	1	UID137786	1	1	0	0
1	1	UID137791	1	1	0	0
1	1	UID137792	1	1	0	0
1	1	UID137794	1	1	0	0
1	1	UID137803	1	1	0	0
1	1	UID137813	1	1	0	0
1	1	UID14897	1	1	0	0
1	1	UID1899	1	1	0	0
1	1	UID23244	1	1	0	0
1	1	UID31845	1	1	0	0
1	1	UID58406	1	1	0	0
