7732	21608	UID2	4896	6523	16	16
289	3905	UID4	2997	163	2	2
107	2856	UID1	2561	47	2	2
3484	9246	UID31712	995	2690	12	12
1202	2419	UID33336	496	1055	7	7
65	522	UID8	428	48	2	2
66	526	UID5	397	42	3	3
474	1171	UID930	381	389	4	4
89	334	UID612	212	69	3	3
9	123	UID6	115	8	1	1
41	140	UID16	98	38	2	2
40	144	UID21	96	35	2	2
6	86	UID137818	81	5	1	1
9	87	UID7471	79	8	1	1
20	101	UID7577	76	17	2	2
30	130	UID12	75	23	2	2
16	81	UID15	66	15	1	1
13	80	UID15323	64	11	1	1
14	76	UID57	63	13	1	1
485	889	UID88564	63	441	6	6
45	115	UID44965	61	39	2	2
28	93	UID136	60	23	2	2
20	71	UID19	52	19	1	1
14	59	UID427	45	12	2	2
7	48	UID137	42	6	1	1
5	47	UID137822	41	2	2	2
5	39	UID22	34	3	1	1
33	66	UID936	30	30	2	2
6	30	UID267	25	5	1	1
3	26	UID1420	24	2	1	1
8	30	UID14897	23	7	2	2
8	29	UID25	22	7	1	1
6	27	UID8150	22	5	2	2
4	23	UID14898	20	3	1	1
3	22	UID39603	20	2	1	1
4	19	UID11	16	3	1	1
5	21	UID14	16	3	1	1
3	18	UID244	16	2	1	1
5	19	UID137839	15	4	1	1
3	16	UID14691	14	2	1	1
1	13	UID31750	13	0	0	0
5	16	UID1235	12	4	1	1
54	85	UID27	12	45	5	5
4	15	UID32107	12	3	1	1
1	11	UID137850	11	0	0	0
11	21	UID24	11	10	1	1
6	16	UID48655	11	5	1	1
4	12	UID5998	9	3	0	0
9	16	UID137859	8	8	1	1
4	11	UID274	8	3	1	1
4	11	UID467	8	3	1	1
5	11	UID6474	7	4	1	1
2	7	UID428	6	1	1	1
6	10	UID38792	5	5	1	1
8	14	UID105266	4	6	2	2
2	5	UID1290	4	1	1	1
3	6	UID137964	4	2	1	1
2	5	UID23255	4	1	1	1
1	3	UID137966	3	0	0	0
3	5	UID31716	3	2	0	0
1	3	UID31777	3	0	0	0
1	3	UID49675	3	0	0	0
2	4	UID880	3	1	0	0
4	6	UID93987	3	3	3	3
1	2	UID138254	2	0	0	0
1	2	UID138473	2	0	0	0
1	2	UID138679	2	0	0	0
1	2	UID138684	2	0	0	0
1	2	UID138685	2	0	0	0
1	2	UID138689	2	0	0	0
1	2	UID250	2	0	0	0
2	3	UID31371	2	1	1	1
1	2	UID31677	2	0	0	0
1	2	UID31684	2	0	0	0
3	4	UID38071	2	2	1	1
3	4	UID6095	2	2	1	1
1	2	UID69772	2	0	0	0
1	2	UID8106	2	0	0	0
1	1	UID105137	1	1	0	0
1	1	UID109485	1	1	0	0
5	5	UID113737	1	5	2	2
1	1	UID118602	1	1	0	0
3	3	UID123028	1	3	2	2
2	2	UID1234	1	2	1	1
1	1	UID13371	1	1	0	0
1	1	UID138692	1	1	0	0
1	1	UID138700	1	1	0	0
1	1	UID138703	1	1	0	0
1	1	UID138730	1	1	0	0
1	1	UID138740	1	1	0	0
1	1	UID138743	1	1	0	0
1	1	UID138752	1	1	0	0
1	1	UID138753	1	1	0	0
1	1	UID138757	1	1	0	0
1	1	UID138766	1	1	0	0
1	1	UID138787	1	1	0	0
1	1	UID138791	1	1	0	0
1	1	UID138796	1	1	0	0
1	1	UID138812	1	1	0	0
1	1	UID138814	1	1	0	0
1	1	UID138817	1	1	0	0
1	1	UID138823	1	1	0	0
1	1	UID138824	1	1	0	0
1	1	UID138855	1	1	0	0
1	1	UID138859	1	1	0	0
1	1	UID138864	1	1	0	0
1	1	UID138871	1	1	0	0
2	2	UID138872	1	2	1	1
1	1	UID138875	1	1	0	0
1	1	UID138877	1	1	0	0
1	1	UID138881	1	1	0	0
1	1	UID138889	1	1	0	0
1	1	UID138892	1	1	0	0
1	1	UID138894	1	1	0	0
1	1	UID138896	1	1	0	0
1	1	UID138897	1	1	0	0
1	1	UID138898	1	1	0	0
1	1	UID138899	1	1	0	0
1	1	UID138906	1	1	0	0
1	1	UID138908	1	1	0	0
1	1	UID138930	1	1	0	0
1	1	UID138937	1	1	0	0
1	1	UID138941	1	1	0	0
1	1	UID138961	1	1	0	0
1	1	UID138969	1	1	0	0
1	1	UID138971	1	1	0	0
1	1	UID138995	1	1	0	0
1	1	UID139000	1	1	0	0
1	1	UID139008	1	1	0	0
1	1	UID139011	1	1	0	0
1	1	UID139021	1	1	0	0
1	1	UID139026	1	1	0	0
1	1	UID139028	1	1	0	0
1	1	UID139029	1	1	0	0
1	1	UID139033	1	1	0	0
1	1	UID139036	1	1	0	0
1	1	UID139044	1	1	0	0
1	1	UID139054	1	1	0	0
1	1	UID139063	1	1	0	0
1	1	UID139064	1	1	0	0
1	1	UID139079	1	1	0	0
1	1	UID139087	1	1	0	0
1	1	UID139093	1	1	0	0
1	1	UID139096	1	1	0	0
1	1	UID139104	1	1	0	0
1	1	UID139119	1	1	0	0
1	1	UID139120	1	1	0	0
1	1	UID139121	1	1	0	0
1	1	UID139125	1	1	0	0
1	1	UID139126	1	1	0	0
1	1	UID139129	1	1	0	0
1	1	UID139137	1	1	0	0
1	1	UID139138	1	1	0	0
1	1	UID139139	1	1	0	0
1	1	UID139142	1	1	0	0
1	1	UID139143	1	1	0	0
1	1	UID139148	1	1	0	0
1	1	UID139152	1	1	0	0
1	1	UID139155	1	1	0	0
1	1	UID139156	1	1	0	0
1	1	UID139160	1	1	0	0
1	1	UID139161	1	1	0	0
1	1	UID139171	1	1	0	0
1	1	UID139175	1	1	0	0
1	1	UID139186	1	1	0	0
1	1	UID139189	1	1	0	0
1	1	UID139190	1	1	0	0
1	1	UID139191	1	1	0	0
1	1	UID139192	1	1	0	0
1	1	UID139194	1	1	0	0
1	1	UID139196	1	1	0	0
1	1	UID139197	1	1	0	0
1	1	UID139202	1	1	0	0
1	1	UID139216	1	1	0	0
1	1	UID139226	1	1	0	0
1	1	UID139227	1	1	0	0
1	1	UID139232	1	1	0	0
1	1	UID139233	1	1	0	0
1	1	UID139237	1	1	0	0
1	1	UID139238	1	1	0	0
1	1	UID139242	1	1	0	0
1	1	UID139246	1	1	0	0
1	1	UID139250	1	1	0	0
1	1	UID139271	1	1	0	0
1	1	UID139274	1	1	0	0
1	1	UID139278	1	1	0	0
1	1	UID139286	1	1	0	0
1	1	UID139288	1	1	0	0
1	1	UID139301	1	1	0	0
1	1	UID139312	1	1	0	0
1	1	UID139313	1	1	0	0
1	1	UID139314	1	1	0	0
1	1	UID139336	1	1	0	0
1	1	UID139339	1	1	0	0
1	1	UID139351	1	1	0	0
1	1	UID139368	1	1	0	0
1	1	UID139371	1	1	0	0
1	1	UID139372	1	1	0	0
1	1	UID139383	1	1	0	0
1	1	UID139384	1	1	0	0
1	1	UID139398	1	1	0	0
1	1	UID139403	1	1	0	0
1	1	UID139409	1	1	0	0
1	1	UID139434	1	1	0	0
1	1	UID139438	1	1	0	0
1	1	UID139440	1	1	0	0
1	1	UID139451	1	1	0	0
1	1	UID139468	1	1	0	0
1	1	UID139474	1	1	0	0
1	1	UID139479	1	1	0	0
1	1	UID139495	1	1	0	0
1	1	UID139497	1	1	0	0
1	1	UID139515	1	1	0	0
1	1	UID139519	1	1	0	0
1	1	UID139521	1	1	0	0
1	1	UID139536	1	1	0	0
1	1	UID139545	1	1	0	0
1	1	UID139572	1	1	0	0
1	1	UID139611	1	1	0	0
1	1	UID139615	1	1	0	0
1	1	UID139624	1	1	0	0
1	1	UID139625	1	1	0	0
1	1	UID139627	1	1	0	0
1	1	UID139640	1	1	0	0
1	1	UID139653	1	1	0	0
1	1	UID139667	1	1	0	0
2	2	UID139690	1	2	1	1
1	1	UID139700	1	1	0	0
1	1	UID139702	1	1	0	0
1	1	UID139703	1	1	0	0
1	1	UID139706	1	1	0	0
1	1	UID139707	1	1	0	0
1	1	UID139715	1	1	0	0
1	1	UID139718	1	1	0	0
1	1	UID139723	1	1	0	0
1	1	UID139728	1	1	0	0
2	2	UID139732	1	2	1	1
1	1	UID139734	1	1	0	0
1	1	UID139746	1	1	0	0
1	1	UID139749	1	1	0	0
1	1	UID139759	1	1	0	0
1	1	UID139761	1	1	0	0
1	1	UID139763	1	1	0	0
1	1	UID139781	1	1	0	0
1	1	UID139798	1	1	0	0
1	1	UID139863	1	1	0	0
1	1	UID139879	1	1	0	0
1	1	UID139883	1	1	0	0
1	1	UID139894	1	1	0	0
1	1	UID139903	1	1	0	0
1	1	UID139912	1	1	0	0
1	1	UID139922	1	1	0	0
1	1	UID139928	1	1	0	0
1	1	UID139944	1	1	0	0
1	1	UID139945	1	1	0	0
1	1	UID139962	1	1	0	0
1	1	UID140084	1	1	0	0
1	1	UID140085	1	1	0	0
1	1	UID140091	1	1	0	0
1	1	UID140113	1	1	0	0
1	1	UID140114	1	1	0	0
1	1	UID140116	1	1	0	0
1	1	UID140132	1	1	0	0
1	1	UID140144	1	1	0	0
1	1	UID140158	1	1	0	0
1	1	UID140166	1	1	0	0
1	1	UID140187	1	1	0	0
1	1	UID140188	1	1	0	0
1	1	UID140192	1	1	0	0
1	1	UID140221	1	1	0	0
1	1	UID140259	1	1	0	0
1	1	UID140274	1	1	0	0
1	1	UID140313	1	1	0	0
1	1	UID140316	1	1	0	0
1	1	UID140351	1	1	0	0
1	1	UID140471	1	1	0	0
1	1	UID140610	1	1	0	0
1	1	UID140613	1	1	0	0
1	1	UID140617	1	1	0	0
1	1	UID140638	1	1	0	0
1	1	UID140640	1	1	0	0
1	1	UID140644	1	1	0	0
1	1	UID140663	1	1	0	0
1	1	UID140674	1	1	0	0
1	1	UID140786	1	1	0	0
1	1	UID140788	1	1	0	0
1	1	UID140836	1	1	0	0
1	1	UID140838	1	1	0	0
1	1	UID140875	1	1	0	0
1	1	UID140877	1	1	0	0
1	1	UID140896	1	1	0	0
1	1	UID140906	1	1	0	0
1	1	UID140942	1	1	0	0
1	1	UID140949	1	1	0	0
1	1	UID140954	1	1	0	0
1	1	UID140958	1	1	0	0
1	1	UID140972	1	1	0	0
1	1	UID140973	1	1	0	0
1	1	UID140981	1	1	0	0
1	1	UID140994	1	1	0	0
1	1	UID141008	1	1	0	0
1	1	UID141158	1	1	0	0
1	1	UID141267	1	1	0	0
1	1	UID141295	1	1	0	0
1	1	UID141300	1	1	0	0
1	1	UID141315	1	1	0	0
1	1	UID141330	1	1	0	0
1	1	UID141349	1	1	0	0
1	1	UID141373	1	1	0	0
1	1	UID141375	1	1	0	0
1	1	UID141385	1	1	0	0
1	1	UID141411	1	1	0	0
1	1	UID141420	1	1	0	0
1	1	UID141426	1	1	0	0
1	1	UID141474	1	1	0	0
1	1	UID141475	1	1	0	0
1	1	UID141491	1	1	0	0
1	1	UID141497	1	1	0	0
1	1	UID141504	1	1	0	0
1	1	UID141512	1	1	0	0
1	1	UID141533	1	1	0	0
1	1	UID141541	1	1	0	0
1	1	UID141554	1	1	0	0
1	1	UID141558	1	1	0	0
1	1	UID141564	1	1	0	0
1	1	UID141566	1	1	0	0
1	1	UID141572	1	1	0	0
1	1	UID141588	1	1	0	0
1	1	UID141591	1	1	0	0
1	1	UID141611	1	1	0	0
1	1	UID141614	1	1	0	0
1	1	UID141617	1	1	0	0
1	1	UID141645	1	1	0	0
1	1	UID141647	1	1	0	0
1	1	UID141653	1	1	0	0
1	1	UID141659	1	1	0	0
1	1	UID141661	1	1	0	0
1	1	UID141669	1	1	0	0
1	1	UID141679	1	1	0	0
1	1	UID141680	1	1	0	0
1	1	UID141693	1	1	0	0
1	1	UID141702	1	1	0	0
1	1	UID141703	1	1	0	0
1	1	UID141704	1	1	0	0
1	1	UID141706	1	1	0	0
1	1	UID141725	1	1	0	0
1	1	UID141735	1	1	0	0
1	1	UID141738	1	1	0	0
1	1	UID141740	1	1	0	0
1	1	UID141757	1	1	0	0
1	1	UID141761	1	1	0	0
1	1	UID141769	1	1	0	0
1	1	UID141774	1	1	0	0
1	1	UID141787	1	1	0	0
1	1	UID141810	1	1	0	0
1	1	UID141820	1	1	0	0
1	1	UID141829	1	1	0	0
1	1	UID141836	1	1	0	0
4	4	UID141850	1	4	2	2
1	1	UID141871	1	1	0	0
1	1	UID141872	1	1	0	0
1	1	UID141877	1	1	0	0
1	1	UID141884	1	1	0	0
1	1	UID141890	1	1	0	0
1	1	UID141891	1	1	0	0
1	1	UID141906	1	1	0	0
1	1	UID141923	1	1	0	0
1	1	UID141952	1	1	0	0
1	1	UID141954	1	1	0	0
1	1	UID141955	1	1	0	0
1	1	UID141959	1	1	0	0
1	1	UID141963	1	1	0	0
1	1	UID141964	1	1	0	0
1	1	UID141992	1	1	0	0
1	1	UID142006	1	1	0	0
1	1	UID142011	1	1	0	0
1	1	UID142014	1	1	0	0
1	1	UID142018	1	1	0	0
1	1	UID142022	1	1	0	0
1	1	UID142023	1	1	0	0
1	1	UID142026	1	1	0	0
1	1	UID142027	1	1	0	0
1	1	UID142037	1	1	0	0
1	1	UID142072	1	1	0	0
1	1	UID142114	1	1	0	0
1	1	UID142148	1	1	0	0
1	1	UID142176	1	1	0	0
1	1	UID142197	1	1	0	0
1	1	UID142198	1	1	0	0
1	1	UID142201	1	1	0	0
1	1	UID142209	1	1	0	0
1	1	UID142210	1	1	0	0
1	1	UID142265	1	1	0	0
1	1	UID142266	1	1	0	0
1	1	UID142269	1	1	0	0
1	1	UID142319	1	1	0	0
1	1	UID142337	1	1	0	0
1	1	UID142340	1	1	0	0
1	1	UID142348	1	1	0	0
1	1	UID142363	1	1	0	0
1	1	UID142385	1	1	0	0
1	1	UID142406	1	1	0	0
1	1	UID142417	1	1	0	0
1	1	UID142422	1	1	0	0
1	1	UID142424	1	1	0	0
1	1	UID142426	1	1	0	0
1	1	UID142427	1	1	0	0
1	1	UID142434	1	1	0	0
1	1	UID142439	1	1	0	0
1	1	UID142440	1	1	0	0
1	1	UID142450	1	1	0	0
1	1	UID142451	1	1	0	0
1	1	UID142453	1	1	0	0
1	1	UID142454	1	1	0	0
1	1	UID142476	1	1	0	0
1	1	UID142478	1	1	0	0
1	1	UID142493	1	1	0	0
1	1	UID142538	1	1	0	0
1	1	UID142564	1	1	0	0
1	1	UID142573	1	1	0	0
1	1	UID142615	1	1	0	0
1	1	UID142617	1	1	0	0
1	1	UID142618	1	1	0	0
1	1	UID142632	1	1	0	0
1	1	UID142635	1	1	0	0
1	1	UID142648	1	1	0	0
1	1	UID142657	1	1	0	0
1	1	UID142748	1	1	0	0
1	1	UID142937	1	1	0	0
1	1	UID142979	1	1	0	0
1	1	UID143022	1	1	0	0
1	1	UID143033	1	1	0	0
1	1	UID143104	1	1	0	0
1	1	UID143116	1	1	0	0
1	1	UID143153	1	1	0	0
1	1	UID143172	1	1	0	0
1	1	UID143202	1	1	0	0
1	1	UID143221	1	1	0	0
1	1	UID143244	1	1	0	0
1	1	UID143258	1	1	0	0
1	1	UID143267	1	1	0	0
1	1	UID143271	1	1	0	0
1	1	UID143278	1	1	0	0
1	1	UID143291	1	1	0	0
1	1	UID143304	1	1	0	0
1	1	UID143336	1	1	0	0
1	1	UID143366	1	1	0	0
1	1	UID143367	1	1	0	0
1	1	UID143417	1	1	0	0
1	1	UID143553	1	1	0	0
1	1	UID143630	1	1	0	0
1	1	UID143635	1	1	0	0
1	1	UID143646	1	1	0	0
1	1	UID143664	1	1	0	0
1	1	UID143705	1	1	0	0
1	1	UID143723	1	1	0	0
1	1	UID143728	1	1	0	0
1	1	UID143733	1	1	0	0
1	1	UID143785	1	1	0	0
1	1	UID143809	1	1	0	0
1	1	UID143846	1	1	0	0
1	1	UID143850	1	1	0	0
1	1	UID143854	1	1	0	0
1	1	UID143873	1	1	0	0
1	1	UID143878	1	1	0	0
1	1	UID143916	1	1	0	0
1	1	UID143940	1	1	0	0
1	1	UID143968	1	1	0	0
1	1	UID144019	1	1	0	0
1	1	UID144027	1	1	0	0
1	1	UID144028	1	1	0	0
1	1	UID144030	1	1	0	0
1	1	UID144043	1	1	0	0
1	1	UID144053	1	1	0	0
1	1	UID144064	1	1	0	0
1	1	UID144087	1	1	0	0
1	1	UID144098	1	1	0	0
1	1	UID144103	1	1	0	0
1	1	UID144125	1	1	0	0
1	1	UID144127	1	1	0	0
1	1	UID144129	1	1	0	0
1	1	UID144146	1	1	0	0
1	1	UID144148	1	1	0	0
1	1	UID144164	1	1	0	0
1	1	UID144200	1	1	0	0
3	3	UID144204	1	3	2	2
1	1	UID144236	1	1	0	0
1	1	UID144257	1	1	0	0
1	1	UID144349	1	1	0	0
1	1	UID144396	1	1	0	0
1	1	UID144400	1	1	0	0
1	1	UID144457	1	1	0	0
1	1	UID144465	1	1	0	0
1	1	UID144483	1	1	0	0
1	1	UID144510	1	1	0	0
1	1	UID144562	1	1	0	0
1	1	UID144590	1	1	0	0
1	1	UID144657	1	1	0	0
1	1	UID144717	1	1	0	0
1	1	UID144731	1	1	0	0
1	1	UID144744	1	1	0	0
1	1	UID144786	1	1	0	0
1	1	UID144852	1	1	0	0
1	1	UID144860	1	1	0	0
1	1	UID144862	1	1	0	0
1	1	UID144883	1	1	0	0
1	1	UID144927	1	1	0	0
1	1	UID144993	1	1	0	0
1	1	UID145002	1	1	0	0
1	1	UID145147	1	1	0	0
1	1	UID145186	1	1	0	0
1	1	UID145322	1	1	0	0
1	1	UID145331	1	1	0	0
1	1	UID145392	1	1	0	0
1	1	UID145436	1	1	0	0
1	1	UID145437	1	1	0	0
1	1	UID145525	1	1	0	0
1	1	UID145573	1	1	0	0
1	1	UID145585	1	1	0	0
1	1	UID145621	1	1	0	0
1	1	UID145673	1	1	0	0
1	1	UID145683	1	1	0	0
1	1	UID145702	1	1	0	0
1	1	UID145740	1	1	0	0
1	1	UID145759	1	1	0	0
1	1	UID145763	1	1	0	0
1	1	UID145765	1	1	0	0
1	1	UID145815	1	1	0	0
1	1	UID145822	1	1	0	0
1	1	UID145823	1	1	0	0
1	1	UID145844	1	1	0	0
1	1	UID145850	1	1	0	0
1	1	UID145851	1	1	0	0
1	1	UID145854	1	1	0	0
1	1	UID145864	1	1	0	0
1	1	UID145879	1	1	0	0
1	1	UID145880	1	1	0	0
1	1	UID145899	1	1	0	0
4	4	UID145900	1	4	3	3
1	1	UID145901	1	1	0	0
1	1	UID145921	1	1	0	0
1	1	UID145937	1	1	0	0
1	1	UID145940	1	1	0	0
1	1	UID145944	1	1	0	0
1	1	UID145945	1	1	0	0
1	1	UID145993	1	1	0	0
1	1	UID146017	1	1	0	0
1	1	UID146033	1	1	0	0
1	1	UID146047	1	1	0	0
1	1	UID146104	1	1	0	0
1	1	UID146105	1	1	0	0
1	1	UID146139	1	1	0	0
1	1	UID146158	1	1	0	0
1	1	UID146159	1	1	0	0
1	1	UID146161	1	1	0	0
1	1	UID146175	1	1	0	0
1	1	UID146178	1	1	0	0
1	1	UID146181	1	1	0	0
1	1	UID146183	1	1	0	0
1	1	UID146196	1	1	0	0
1	1	UID146197	1	1	0	0
1	1	UID146199	1	1	0	0
1	1	UID146219	1	1	0	0
1	1	UID146231	1	1	0	0
1	1	UID146232	1	1	0	0
1	1	UID146257	1	1	0	0
1	1	UID146272	1	1	0	0
1	1	UID146275	1	1	0	0
1	1	UID146319	1	1	0	0
1	1	UID146321	1	1	0	0
1	1	UID146322	1	1	0	0
1	1	UID146371	1	1	0	0
1	1	UID146373	1	1	0	0
1	1	UID146402	1	1	0	0
1	1	UID146434	1	1	0	0
1	1	UID146443	1	1	0	0
1	1	UID146450	1	1	0	0
1	1	UID146460	1	1	0	0
1	1	UID146474	1	1	0	0
1	1	UID146478	1	1	0	0
1	1	UID146507	1	1	0	0
1	1	UID146519	1	1	0	0
1	1	UID146521	1	1	0	0
1	1	UID146529	1	1	0	0
1	1	UID146530	1	1	0	0
1	1	UID146535	1	1	0	0
1	1	UID146545	1	1	0	0
1	1	UID146550	1	1	0	0
1	1	UID146576	1	1	0	0
1	1	UID146593	1	1	0	0
1	1	UID146594	1	1	0	0
1	1	UID146597	1	1	0	0
1	1	UID146600	1	1	0	0
1	1	UID146634	1	1	0	0
1	1	UID146635	1	1	0	0
1	1	UID146655	1	1	0	0
1	1	UID146662	1	1	0	0
1	1	UID146664	1	1	0	0
1	1	UID146675	1	1	0	0
1	1	UID146678	1	1	0	0
1	1	UID146688	1	1	0	0
1	1	UID146690	1	1	0	0
1	1	UID146691	1	1	0	0
1	1	UID146702	1	1	0	0
1	1	UID146720	1	1	0	0
1	1	UID146739	1	1	0	0
1	1	UID146746	1	1	0	0
1	1	UID146768	1	1	0	0
1	1	UID146773	1	1	0	0
1	1	UID146823	1	1	0	0
1	1	UID146827	1	1	0	0
1	1	UID146831	1	1	0	0
1	1	UID146832	1	1	0	0
1	1	UID146838	1	1	0	0
1	1	UID146849	1	1	0	0
1	1	UID146850	1	1	0	0
1	1	UID146896	1	1	0	0
1	1	UID146906	1	1	0	0
1	1	UID146910	1	1	0	0
1	1	UID146931	1	1	0	0
1	1	UID146932	1	1	0	0
1	1	UID146937	1	1	0	0
1	1	UID146942	1	1	0	0
1	1	UID146944	1	1	0	0
1	1	UID146950	1	1	0	0
1	1	UID146960	1	1	0	0
1	1	UID146982	1	1	0	0
1	1	UID146986	1	1	0	0
1	1	UID146995	1	1	0	0
1	1	UID147010	1	1	0	0
1	1	UID147015	1	1	0	0
1	1	UID147029	1	1	0	0
1	1	UID147040	1	1	0	0
1	1	UID147041	1	1	0	0
1	1	UID147042	1	1	0	0
1	1	UID147072	1	1	0	0
1	1	UID147073	1	1	0	0
1	1	UID147074	1	1	0	0
1	1	UID147075	1	1	0	0
1	1	UID147089	1	1	0	0
1	1	UID147094	1	1	0	0
1	1	UID147096	1	1	0	0
1	1	UID147097	1	1	0	0
1	1	UID147113	1	1	0	0
1	1	UID147124	1	1	0	0
1	1	UID147150	1	1	0	0
1	1	UID147161	1	1	0	0
1	1	UID147165	1	1	0	0
1	1	UID147169	1	1	0	0
1	1	UID147183	1	1	0	0
1	1	UID147203	1	1	0	0
1	1	UID147226	1	1	0	0
1	1	UID147227	1	1	0	0
1	1	UID147296	1	1	0	0
1	1	UID147298	1	1	0	0
1	1	UID147300	1	1	0	0
1	1	UID147301	1	1	0	0
1	1	UID147307	1	1	0	0
1	1	UID147310	1	1	0	0
1	1	UID147313	1	1	0	0
1	1	UID147322	1	1	0	0
1	1	UID147325	1	1	0	0
1	1	UID147326	1	1	0	0
1	1	UID147329	1	1	0	0
1	1	UID147335	1	1	0	0
1	1	UID147360	1	1	0	0
1	1	UID147366	1	1	0	0
1	1	UID147427	1	1	0	0
1	1	UID147429	1	1	0	0
1	1	UID147458	1	1	0	0
1	1	UID147540	1	1	0	0
1	1	UID147541	1	1	0	0
1	1	UID147548	1	1	0	0
1	1	UID147552	1	1	0	0
1	1	UID147563	1	1	0	0
1	1	UID147564	1	1	0	0
1	1	UID147578	1	1	0	0
1	1	UID147609	1	1	0	0
1	1	UID147632	1	1	0	0
1	1	UID147636	1	1	0	0
1	1	UID147641	1	1	0	0
1	1	UID147644	1	1	0	0
1	1	UID147649	1	1	0	0
1	1	UID147661	1	1	0	0
1	1	UID147663	1	1	0	0
1	1	UID147665	1	1	0	0
1	1	UID147675	1	1	0	0
1	1	UID147687	1	1	0	0
1	1	UID147696	1	1	0	0
1	1	UID147699	1	1	0	0
1	1	UID147702	1	1	0	0
1	1	UID147707	1	1	0	0
1	1	UID147713	1	1	0	0
1	1	UID147730	1	1	0	0
1	1	UID147738	1	1	0	0
1	1	UID147739	1	1	0	0
1	1	UID147743	1	1	0	0
1	1	UID147745	1	1	0	0
1	1	UID147749	1	1	0	0
1	1	UID147752	1	1	0	0
1	1	UID147761	1	1	0	0
1	1	UID147764	1	1	0	0
1	1	UID147788	1	1	0	0
1	1	UID147791	1	1	0	0
1	1	UID147798	1	1	0	0
1	1	UID147810	1	1	0	0
1	1	UID147811	1	1	0	0
1	1	UID147812	1	1	0	0
1	1	UID147834	1	1	0	0
1	1	UID147840	1	1	0	0
1	1	UID147851	1	1	0	0
1	1	UID147853	1	1	0	0
1	1	UID147861	1	1	0	0
1	1	UID147867	1	1	0	0
1	1	UID147887	1	1	0	0
1	1	UID147890	1	1	0	0
1	1	UID147897	1	1	0	0
1	1	UID147938	1	1	0	0
1	1	UID147939	1	1	0	0
1	1	UID147942	1	1	0	0
1	1	UID147954	1	1	0	0
1	1	UID147956	1	1	0	0
1	1	UID147958	1	1	0	0
1	1	UID147963	1	1	0	0
1	1	UID147978	1	1	0	0
1	1	UID147988	1	1	0	0
1	1	UID147990	1	1	0	0
1	1	UID148003	1	1	0	0
1	1	UID148023	1	1	0	0
1	1	UID148039	1	1	0	0
1	1	UID148042	1	1	0	0
1	1	UID148055	1	1	0	0
1	1	UID148070	1	1	0	0
1	1	UID148087	1	1	0	0
1	1	UID148110	1	1	0	0
1	1	UID148120	1	1	0	0
1	1	UID148125	1	1	0	0
1	1	UID148137	1	1	0	0
1	1	UID148160	1	1	0	0
1	1	UID148165	1	1	0	0
1	1	UID148172	1	1	0	0
1	1	UID148173	1	1	0	0
1	1	UID148183	1	1	0	0
1	1	UID148196	1	1	0	0
1	1	UID148231	1	1	0	0
1	1	UID148239	1	1	0	0
1	1	UID148243	1	1	0	0
1	1	UID148252	1	1	0	0
1	1	UID148253	1	1	0	0
1	1	UID148254	1	1	0	0
1	1	UID148255	1	1	0	0
1	1	UID148299	1	1	0	0
1	1	UID148300	1	1	0	0
1	1	UID148309	1	1	0	0
1	1	UID148311	1	1	0	0
1	1	UID148312	1	1	0	0
1	1	UID148313	1	1	0	0
1	1	UID148315	1	1	0	0
1	1	UID148323	1	1	0	0
1	1	UID148343	1	1	0	0
1	1	UID148347	1	1	0	0
1	1	UID148357	1	1	0	0
1	1	UID148374	1	1	0	0
1	1	UID148380	1	1	0	0
1	1	UID148381	1	1	0	0
1	1	UID148382	1	1	0	0
1	1	UID148384	1	1	0	0
1	1	UID148398	1	1	0	0
1	1	UID148477	1	1	0	0
1	1	UID148478	1	1	0	0
1	1	UID148479	1	1	0	0
1	1	UID148482	1	1	0	0
1	1	UID148491	1	1	0	0
1	1	UID148498	1	1	0	0
1	1	UID148499	1	1	0	0
1	1	UID148510	1	1	0	0
1	1	UID148520	1	1	0	0
1	1	UID148542	1	1	0	0
1	1	UID148550	1	1	0	0
1	1	UID148551	1	1	0	0
1	1	UID148555	1	1	0	0
1	1	UID148567	1	1	0	0
1	1	UID148589	1	1	0	0
1	1	UID148593	1	1	0	0
1	1	UID148611	1	1	0	0
1	1	UID148612	1	1	0	0
1	1	UID148613	1	1	0	0
1	1	UID148623	1	1	0	0
1	1	UID148625	1	1	0	0
1	1	UID148630	1	1	0	0
1	1	UID148634	1	1	0	0
1	1	UID148643	1	1	0	0
1	1	UID148644	1	1	0	0
1	1	UID148645	1	1	0	0
1	1	UID148647	1	1	0	0
1	1	UID148654	1	1	0	0
1	1	UID148687	1	1	0	0
1	1	UID148691	1	1	0	0
1	1	UID148693	1	1	0	0
1	1	UID148695	1	1	0	0
1	1	UID148700	1	1	0	0
1	1	UID148701	1	1	0	0
1	1	UID148702	1	1	0	0
1	1	UID148704	1	1	0	0
1	1	UID148739	1	1	0	0
1	1	UID148744	1	1	0	0
1	1	UID148745	1	1	0	0
1	1	UID148747	1	1	0	0
1	1	UID148750	1	1	0	0
1	1	UID148751	1	1	0	0
1	1	UID148754	1	1	0	0
1	1	UID148759	1	1	0	0
1	1	UID148766	1	1	0	0
1	1	UID148784	1	1	0	0
1	1	UID148786	1	1	0	0
1	1	UID148794	1	1	0	0
1	1	UID148813	1	1	0	0
1	1	UID148814	1	1	0	0
1	1	UID148817	1	1	0	0
1	1	UID148827	1	1	0	0
1	1	UID148833	1	1	0	0
1	1	UID148844	1	1	0	0
1	1	UID148847	1	1	0	0
1	1	UID148855	1	1	0	0
1	1	UID148856	1	1	0	0
1	1	UID148863	1	1	0	0
1	1	UID148864	1	1	0	0
1	1	UID148882	1	1	0	0
1	1	UID148895	1	1	0	0
1	1	UID148922	1	1	0	0
1	1	UID148980	1	1	0	0
1	1	UID148982	1	1	0	0
1	1	UID148990	1	1	0	0
1	1	UID148991	1	1	0	0
1	1	UID148997	1	1	0	0
1	1	UID149002	1	1	0	0
1	1	UID149003	1	1	0	0
1	1	UID149007	1	1	0	0
1	1	UID149009	1	1	0	0
1	1	UID149014	1	1	0	0
1	1	UID149030	1	1	0	0
1	1	UID149033	1	1	0	0
1	1	UID149039	1	1	0	0
1	1	UID149043	1	1	0	0
1	1	UID149053	1	1	0	0
1	1	UID149054	1	1	0	0
1	1	UID149058	1	1	0	0
1	1	UID149059	1	1	0	0
1	1	UID149060	1	1	0	0
1	1	UID149062	1	1	0	0
1	1	UID149063	1	1	0	0
1	1	UID149067	1	1	0	0
1	1	UID149069	1	1	0	0
1	1	UID149070	1	1	0	0
1	1	UID149071	1	1	0	0
1	1	UID149072	1	1	0	0
1	1	UID149073	1	1	0	0
1	1	UID149120	1	1	0	0
1	1	UID149129	1	1	0	0
1	1	UID149131	1	1	0	0
1	1	UID149133	1	1	0	0
1	1	UID149138	1	1	0	0
1	1	UID149201	1	1	0	0
1	1	UID149215	1	1	0	0
1	1	UID149217	1	1	0	0
1	1	UID149233	1	1	0	0
1	1	UID149238	1	1	0	0
1	1	UID149240	1	1	0	0
1	1	UID149245	1	1	0	0
1	1	UID149256	1	1	0	0
1	1	UID149275	1	1	0	0
1	1	UID149286	1	1	0	0
1	1	UID149288	1	1	0	0
1	1	UID149290	1	1	0	0
1	1	UID149291	1	1	0	0
1	1	UID149292	1	1	0	0
1	1	UID149293	1	1	0	0
1	1	UID149302	1	1	0	0
1	1	UID149308	1	1	0	0
1	1	UID149312	1	1	0	0
1	1	UID149315	1	1	0	0
1	1	UID149338	1	1	0	0
1	1	UID149342	1	1	0	0
1	1	UID149343	1	1	0	0
1	1	UID149344	1	1	0	0
1	1	UID149351	1	1	0	0
1	1	UID149354	1	1	0	0
1	1	UID149355	1	1	0	0
1	1	UID149357	1	1	0	0
1	1	UID149366	1	1	0	0
1	1	UID149374	1	1	0	0
1	1	UID149394	1	1	0	0
1	1	UID149405	1	1	0	0
1	1	UID149409	1	1	0	0
1	1	UID149470	1	1	0	0
1	1	UID149471	1	1	0	0
1	1	UID149477	1	1	0	0
1	1	UID149478	1	1	0	0
1	1	UID149488	1	1	0	0
1	1	UID149495	1	1	0	0
1	1	UID149517	1	1	0	0
1	1	UID149541	1	1	0	0
1	1	UID149548	1	1	0	0
1	1	UID149551	1	1	0	0
1	1	UID149571	1	1	0	0
1	1	UID149578	1	1	0	0
1	1	UID149580	1	1	0	0
1	1	UID149589	1	1	0	0
1	1	UID149600	1	1	0	0
1	1	UID149606	1	1	0	0
1	1	UID149608	1	1	0	0
1	1	UID149619	1	1	0	0
1	1	UID149638	1	1	0	0
1	1	UID149647	1	1	0	0
1	1	UID149649	1	1	0	0
2	2	UID149661	1	2	1	1
1	1	UID149680	1	1	0	0
1	1	UID149681	1	1	0	0
1	1	UID149689	1	1	0	0
1	1	UID149698	1	1	0	0
1	1	UID149708	1	1	0	0
1	1	UID149711	1	1	0	0
1	1	UID149713	1	1	0	0
1	1	UID149714	1	1	0	0
1	1	UID149727	1	1	0	0
1	1	UID149733	1	1	0	0
1	1	UID149734	1	1	0	0
1	1	UID149748	1	1	0	0
1	1	UID149750	1	1	0	0
1	1	UID149754	1	1	0	0
1	1	UID149755	1	1	0	0
1	1	UID149758	1	1	0	0
1	1	UID149759	1	1	0	0
1	1	UID149760	1	1	0	0
1	1	UID149762	1	1	0	0
1	1	UID149771	1	1	0	0
1	1	UID149778	1	1	0	0
1	1	UID149781	1	1	0	0
1	1	UID149785	1	1	0	0
1	1	UID149804	1	1	0	0
1	1	UID149822	1	1	0	0
1	1	UID149824	1	1	0	0
1	1	UID149831	1	1	0	0
1	1	UID149832	1	1	0	0
1	1	UID149858	1	1	0	0
1	1	UID149861	1	1	0	0
1	1	UID149865	1	1	0	0
1	1	UID149876	1	1	0	0
1	1	UID149881	1	1	0	0
1	1	UID149893	1	1	0	0
1	1	UID149894	1	1	0	0
1	1	UID149904	1	1	0	0
1	1	UID149909	1	1	0	0
2	2	UID149911	1	2	1	1
1	1	UID15771	1	1	0	0
1	1	UID1892	1	1	0	0
1	1	UID23211	1	1	0	0
1	1	UID32023	1	1	0	0
1	1	UID32085	1	1	0	0
1	1	UID49215	1	1	0	0
1	1	UID56654	1	1	0	0
1	1	UID6949	1	1	0	0
1	1	UID70657	1	1	0	0
5	5	UID80082	1	5	2	2
1	1	UID80525	1	1	0	0
1	1	UID84637	1	1	0	0
