52994	274137	UID163302	98918	39617	8	8
490	1042	UID27	286	394	6	6
405	851	UID254	177	333	4	4
197	405	UID4981	107	161	3	3
32	143	UID4	85	20	2	2
148	274	UID31712	76	124	3	3
8	42	UID227	29	5	1	1
41	73	UID230321	23	31	2	2
22	35	UID141	14	21	2	2
24	38	UID7418	14	22	2	2
18	30	UID98714	13	17	2	2
30	58	UID38730	12	24	3	3
11	25	UID2429	10	6	1	1
29	40	UID38792	8	26	2	2
1	6	UID231221	6	0	0	0
1	6	UID231273	6	0	0	0
1	6	UID25	6	0	0	0
2	7	UID37460	6	1	0	0
1	5	UID231330	5	0	0	0
1	5	UID231448	5	0	0	0
2	6	UID231458	5	1	0	0
1	5	UID231534	5	0	0	0
1	5	UID231564	5	0	0	0
1	5	UID231602	5	0	0	0
1	5	UID231634	5	0	0	0
1	5	UID231649	5	0	0	0
1	5	UID231659	5	0	0	0
1	4	UID231663	4	0	0	0
1	4	UID231665	4	0	0	0
2	5	UID231671	4	1	1	1
1	4	UID231672	4	0	0	0
1	4	UID231705	4	0	0	0
1	4	UID231714	4	0	0	0
1	4	UID231719	4	0	0	0
1	4	UID231720	4	0	0	0
1	4	UID231733	4	0	0	0
1	4	UID231739	4	0	0	0
1	4	UID231743	4	0	0	0
1	4	UID231755	4	0	0	0
2	5	UID231776	4	1	1	1
1	4	UID231855	4	0	0	0
1	4	UID231880	4	0	0	0
2	5	UID231959	4	1	0	0
2	5	UID231999	4	1	1	1
1	4	UID232006	4	0	0	0
1	4	UID232012	4	0	0	0
1	4	UID232018	4	0	0	0
1	4	UID232019	4	0	0	0
1	4	UID232043	4	0	0	0
1	4	UID232075	4	0	0	0
1	4	UID232119	4	0	0	0
1	4	UID232121	4	0	0	0
1	4	UID232125	4	0	0	0
1	4	UID232126	4	0	0	0
1	4	UID232139	4	0	0	0
1	4	UID232158	4	0	0	0
1	4	UID232168	4	0	0	0
1	4	UID232188	4	0	0	0
1	4	UID232195	4	0	0	0
1	4	UID232213	4	0	0	0
1	4	UID232223	4	0	0	0
1	4	UID232230	4	0	0	0
1	4	UID232247	4	0	0	0
1	4	UID232279	4	0	0	0
1	4	UID232282	4	0	0	0
2	5	UID232285	4	1	1	1
1	4	UID232339	4	0	0	0
1	4	UID232340	4	0	0	0
1	4	UID232344	4	0	0	0
1	4	UID232350	4	0	0	0
1	4	UID232351	4	0	0	0
1	4	UID232356	4	0	0	0
1	4	UID232369	4	0	0	0
1	4	UID232379	4	0	0	0
1	4	UID232381	4	0	0	0
1	4	UID232385	4	0	0	0
1	4	UID232414	4	0	0	0
1	4	UID232419	4	0	0	0
1	4	UID232438	4	0	0	0
1	4	UID232451	4	0	0	0
1	4	UID232472	4	0	0	0
1	4	UID232483	4	0	0	0
1	4	UID232488	4	0	0	0
1	4	UID232495	4	0	0	0
1	4	UID232509	4	0	0	0
1	4	UID36533	4	0	0	0
7	10	UID58892	4	6	1	1
1	3	UID232519	3	0	0	0
1	3	UID232527	3	0	0	0
1	3	UID232528	3	0	0	0
1	3	UID232550	3	0	0	0
1	3	UID232558	3	0	0	0
1	3	UID232565	3	0	0	0
1	3	UID232569	3	0	0	0
1	3	UID232571	3	0	0	0
1	3	UID232575	3	0	0	0
1	3	UID232576	3	0	0	0
1	3	UID232580	3	0	0	0
1	3	UID232586	3	0	0	0
1	3	UID232591	3	0	0	0
1	3	UID232592	3	0	0	0
1	3	UID232594	3	0	0	0
1	3	UID232595	3	0	0	0
1	3	UID232596	3	0	0	0
1	3	UID232600	3	0	0	0
1	3	UID232614	3	0	0	0
1	3	UID232633	3	0	0	0
1	3	UID232637	3	0	0	0
1	3	UID232638	3	0	0	0
1	3	UID232649	3	0	0	0
1	3	UID232651	3	0	0	0
1	3	UID232666	3	0	0	0
1	3	UID232680	3	0	0	0
1	3	UID232681	3	0	0	0
1	3	UID232684	3	0	0	0
1	3	UID232687	3	0	0	0
1	3	UID232691	3	0	0	0
1	3	UID232705	3	0	0	0
2	4	UID232706	3	1	1	1
1	3	UID232708	3	0	0	0
2	4	UID232714	3	1	1	1
1	3	UID232727	3	0	0	0
1	3	UID232732	3	0	0	0
1	3	UID232736	3	0	0	0
1	3	UID232740	3	0	0	0
1	3	UID232762	3	0	0	0
1	3	UID232763	3	0	0	0
1	3	UID232765	3	0	0	0
1	3	UID232766	3	0	0	0
1	3	UID232784	3	0	0	0
1	3	UID232786	3	0	0	0
1	3	UID232792	3	0	0	0
1	3	UID232804	3	0	0	0
1	3	UID232814	3	0	0	0
1	3	UID232827	3	0	0	0
2	4	UID232834	3	1	1	1
1	3	UID232849	3	0	0	0
1	3	UID232862	3	0	0	0
2	4	UID232865	3	1	0	0
2	4	UID232881	3	1	1	1
2	4	UID232886	3	1	1	1
1	3	UID232887	3	0	0	0
1	3	UID232893	3	0	0	0
1	3	UID232912	3	0	0	0
1	3	UID232919	3	0	0	0
1	3	UID232923	3	0	0	0
1	3	UID232932	3	0	0	0
1	3	UID232933	3	0	0	0
1	3	UID232950	3	0	0	0
1	3	UID232964	3	0	0	0
1	3	UID232965	3	0	0	0
1	3	UID232966	3	0	0	0
1	3	UID232978	3	0	0	0
1	3	UID232979	3	0	0	0
1	3	UID232980	3	0	0	0
1	3	UID232985	3	0	0	0
1	3	UID232997	3	0	0	0
1	3	UID233008	3	0	0	0
2	4	UID233021	3	1	1	1
1	3	UID233031	3	0	0	0
1	3	UID233053	3	0	0	0
1	3	UID233055	3	0	0	0
1	3	UID233059	3	0	0	0
1	3	UID233062	3	0	0	0
1	3	UID233065	3	0	0	0
1	3	UID233070	3	0	0	0
1	3	UID233091	3	0	0	0
1	3	UID233122	3	0	0	0
1	3	UID233124	3	0	0	0
1	3	UID233125	3	0	0	0
1	3	UID233136	3	0	0	0
1	3	UID233139	3	0	0	0
1	3	UID233155	3	0	0	0
1	3	UID233188	3	0	0	0
1	3	UID233208	3	0	0	0
1	3	UID233265	3	0	0	0
1	3	UID233326	3	0	0	0
1	3	UID233343	3	0	0	0
2	4	UID233395	3	1	0	0
1	3	UID233515	3	0	0	0
2	4	UID233527	3	1	1	1
1	3	UID233537	3	0	0	0
1	3	UID233561	3	0	0	0
1	3	UID233567	3	0	0	0
1	3	UID233572	3	0	0	0
1	3	UID233588	3	0	0	0
1	3	UID233590	3	0	0	0
1	3	UID233600	3	0	0	0
1	3	UID233607	3	0	0	0
1	3	UID233616	3	0	0	0
1	3	UID233657	3	0	0	0
1	3	UID233661	3	0	0	0
1	3	UID233665	3	0	0	0
1	3	UID233722	3	0	0	0
2	4	UID233738	3	1	1	1
1	3	UID233745	3	0	0	0
1	3	UID233750	3	0	0	0
1	3	UID233754	3	0	0	0
1	3	UID233778	3	0	0	0
1	3	UID233783	3	0	0	0
1	3	UID233785	3	0	0	0
1	3	UID233804	3	0	0	0
1	3	UID233808	3	0	0	0
1	3	UID233810	3	0	0	0
1	3	UID233826	3	0	0	0
2	5	UID233844	3	0	0	0
1	3	UID233852	3	0	0	0
1	3	UID233876	3	0	0	0
1	3	UID233889	3	0	0	0
1	3	UID233909	3	0	0	0
1	3	UID233942	3	0	0	0
1	3	UID233944	3	0	0	0
1	3	UID233955	3	0	0	0
1	3	UID233957	3	0	0	0
1	3	UID233961	3	0	0	0
1	3	UID233971	3	0	0	0
1	3	UID234015	3	0	0	0
1	3	UID234022	3	0	0	0
1	3	UID234030	3	0	0	0
1	3	UID234034	3	0	0	0
1	3	UID234044	3	0	0	0
1	3	UID234045	3	0	0	0
1	3	UID234054	3	0	0	0
1	3	UID234055	3	0	0	0
1	3	UID234057	3	0	0	0
1	3	UID234063	3	0	0	0
1	3	UID234084	3	0	0	0
1	3	UID234099	3	0	0	0
1	3	UID234110	3	0	0	0
1	3	UID234113	3	0	0	0
1	3	UID234130	3	0	0	0
2	4	UID234131	3	1	1	1
1	3	UID234142	3	0	0	0
1	3	UID234143	3	0	0	0
1	3	UID234145	3	0	0	0
1	3	UID234149	3	0	0	0
1	3	UID234165	3	0	0	0
1	3	UID234176	3	0	0	0
1	3	UID234179	3	0	0	0
1	3	UID234221	3	0	0	0
1	3	UID234223	3	0	0	0
1	3	UID234233	3	0	0	0
1	3	UID234260	3	0	0	0
1	3	UID234279	3	0	0	0
1	3	UID234283	3	0	0	0
1	3	UID234288	3	0	0	0
2	4	UID234292	3	1	0	0
1	3	UID234293	3	0	0	0
1	3	UID234303	3	0	0	0
1	3	UID234305	3	0	0	0
1	3	UID234324	3	0	0	0
1	3	UID234326	3	0	0	0
1	3	UID234348	3	0	0	0
3	5	UID234351	3	2	0	0
1	3	UID234352	3	0	0	0
1	3	UID234361	3	0	0	0
1	3	UID234377	3	0	0	0
2	4	UID234380	3	1	1	1
1	3	UID234387	3	0	0	0
1	3	UID234388	3	0	0	0
1	3	UID234390	3	0	0	0
1	3	UID234393	3	0	0	0
1	3	UID234395	3	0	0	0
1	3	UID234402	3	0	0	0
1	3	UID234407	3	0	0	0
1	3	UID234408	3	0	0	0
1	3	UID234415	3	0	0	0
1	3	UID234416	3	0	0	0
1	3	UID234429	3	0	0	0
1	3	UID234432	3	0	0	0
1	3	UID234435	3	0	0	0
1	3	UID234436	3	0	0	0
1	3	UID234439	3	0	0	0
1	3	UID234450	3	0	0	0
1	3	UID234451	3	0	0	0
1	3	UID234460	3	0	0	0
1	3	UID234461	3	0	0	0
1	3	UID234468	3	0	0	0
1	3	UID234485	3	0	0	0
1	3	UID234488	3	0	0	0
1	3	UID234510	3	0	0	0
1	3	UID234517	3	0	0	0
1	3	UID234523	3	0	0	0
1	3	UID234527	3	0	0	0
1	3	UID234530	3	0	0	0
1	3	UID234549	3	0	0	0
1	3	UID234550	3	0	0	0
1	3	UID234553	3	0	0	0
1	3	UID234554	3	0	0	0
1	3	UID234557	3	0	0	0
1	3	UID234574	3	0	0	0
1	3	UID234575	3	0	0	0
2	4	UID234593	3	1	1	1
1	3	UID234602	3	0	0	0
1	3	UID234606	3	0	0	0
1	3	UID234624	3	0	0	0
2	4	UID234625	3	1	1	1
1	3	UID234632	3	0	0	0
1	3	UID234657	3	0	0	0
1	3	UID234670	3	0	0	0
1	3	UID234673	3	0	0	0
1	3	UID234675	3	0	0	0
1	3	UID234683	3	0	0	0
1	3	UID234686	3	0	0	0
1	3	UID234695	3	0	0	0
1	3	UID234696	3	0	0	0
1	3	UID234698	3	0	0	0
1	3	UID234717	3	0	0	0
1	3	UID234718	3	0	0	0
1	3	UID234720	3	0	0	0
1	3	UID234725	3	0	0	0
1	3	UID234739	3	0	0	0
1	3	UID234748	3	0	0	0
1	3	UID234751	3	0	0	0
1	3	UID234752	3	0	0	0
1	3	UID234755	3	0	0	0
1	3	UID234757	3	0	0	0
1	3	UID234767	3	0	0	0
2	4	UID234769	3	1	0	0
1	3	UID234770	3	0	0	0
1	3	UID234771	3	0	0	0
1	3	UID234773	3	0	0	0
1	3	UID234775	3	0	0	0
1	3	UID234780	3	0	0	0
1	3	UID234790	3	0	0	0
1	3	UID234791	3	0	0	0
1	3	UID234798	3	0	0	0
1	3	UID234800	3	0	0	0
1	3	UID234812	3	0	0	0
1	3	UID234825	3	0	0	0
1	3	UID234826	3	0	0	0
1	3	UID234833	3	0	0	0
1	3	UID234837	3	0	0	0
1	3	UID234847	3	0	0	0
1	3	UID234860	3	0	0	0
1	3	UID234881	3	0	0	0
1	3	UID234883	3	0	0	0
1	3	UID234884	3	0	0	0
1	3	UID234894	3	0	0	0
1	3	UID234895	3	0	0	0
1	3	UID234899	3	0	0	0
1	3	UID234904	3	0	0	0
1	3	UID234910	3	0	0	0
1	3	UID234932	3	0	0	0
1	3	UID234935	3	0	0	0
1	3	UID234938	3	0	0	0
1	3	UID234940	3	0	0	0
1	3	UID234944	3	0	0	0
1	3	UID234946	3	0	0	0
1	3	UID234951	3	0	0	0
1	3	UID234953	3	0	0	0
1	3	UID234960	3	0	0	0
1	3	UID234964	3	0	0	0
1	3	UID234965	3	0	0	0
1	3	UID234975	3	0	0	0
1	3	UID234976	3	0	0	0
1	3	UID234988	3	0	0	0
1	3	UID235008	3	0	0	0
1	3	UID235009	3	0	0	0
1	3	UID235011	3	0	0	0
1	3	UID235029	3	0	0	0
1	3	UID235036	3	0	0	0
1	3	UID235037	3	0	0	0
1	3	UID235038	3	0	0	0
2	3	UID104365	2	1	1	1
7	8	UID124972	2	6	2	2
1	2	UID15240	2	0	0	0
5	7	UID166743	2	3	1	1
1	2	UID235084	2	0	0	0
1	2	UID235139	2	0	0	0
1	2	UID235144	2	0	0	0
2	3	UID235160	2	1	1	1
1	2	UID235213	2	0	0	0
1	2	UID235231	2	0	0	0
1	2	UID235236	2	0	0	0
1	2	UID235239	2	0	0	0
1	2	UID235265	2	0	0	0
1	2	UID235275	2	0	0	0
1	2	UID235279	2	0	0	0
1	2	UID235280	2	0	0	0
2	3	UID235330	2	1	1	1
1	2	UID235338	2	0	0	0
1	2	UID235349	2	0	0	0
1	2	UID235360	2	0	0	0
1	2	UID235376	2	0	0	0
1	2	UID235396	2	0	0	0
1	2	UID235437	2	0	0	0
2	3	UID235450	2	1	1	1
1	2	UID235480	2	0	0	0
1	2	UID235490	2	0	0	0
1	2	UID235525	2	0	0	0
1	2	UID235743	2	0	0	0
2	3	UID235750	2	1	1	1
1	2	UID235774	2	0	0	0
2	3	UID235874	2	1	1	1
1	2	UID235890	2	0	0	0
1	2	UID235902	2	0	0	0
1	2	UID235929	2	0	0	0
1	2	UID235937	2	0	0	0
2	3	UID235949	2	1	1	1
1	2	UID236026	2	0	0	0
1	2	UID236077	2	0	0	0
1	2	UID236101	2	0	0	0
1	2	UID236110	2	0	0	0
2	3	UID236139	2	1	1	1
1	2	UID236175	2	0	0	0
2	3	UID236210	2	1	1	1
1	2	UID236274	2	0	0	0
2	3	UID236291	2	1	1	1
2	3	UID236297	2	1	1	1
2	3	UID236354	2	1	1	1
1	2	UID236524	2	0	0	0
1	2	UID236584	2	0	0	0
1	2	UID236747	2	0	0	0
2	3	UID236858	2	1	1	1
2	3	UID236862	2	1	1	1
1	2	UID237346	2	0	0	0
1	2	UID237478	2	0	0	0
2	3	UID237758	2	1	1	1
2	3	UID237763	2	1	1	1
1	2	UID237860	2	0	0	0
1	2	UID238840	2	0	0	0
2	3	UID238967	2	1	1	1
2	3	UID238998	2	1	1	1
2	3	UID239014	2	1	1	1
2	3	UID239095	2	1	1	1
1	2	UID239330	2	0	0	0
1	2	UID239543	2	0	0	0
1	2	UID239613	2	0	0	0
1	2	UID239657	2	0	0	0
2	3	UID239660	2	1	1	1
2	3	UID239730	2	1	1	1
1	2	UID239759	2	0	0	0
2	3	UID239804	2	1	1	1
1	2	UID239807	2	0	0	0
1	2	UID239875	2	0	0	0
1	2	UID239884	2	0	0	0
1	2	UID239941	2	0	0	0
1	2	UID239996	2	0	0	0
1	2	UID240048	2	0	0	0
1	2	UID240251	2	0	0	0
1	2	UID240296	2	0	0	0
2	3	UID240299	2	1	1	1
2	3	UID240307	2	1	1	1
1	2	UID240343	2	0	0	0
1	2	UID240377	2	0	0	0
1	2	UID240547	2	0	0	0
2	3	UID240658	2	1	1	1
1	2	UID240664	2	0	0	0
2	3	UID240669	2	1	1	1
2	3	UID240709	2	1	1	1
1	2	UID240745	2	0	0	0
1	2	UID240749	2	0	0	0
1	2	UID240750	2	0	0	0
1	2	UID240787	2	0	0	0
1	2	UID240840	2	0	0	0
1	2	UID240842	2	0	0	0
1	2	UID240904	2	0	0	0
1	2	UID240966	2	0	0	0
1	2	UID240992	2	0	0	0
1	2	UID241015	2	0	0	0
1	2	UID241064	2	0	0	0
1	2	UID241100	2	0	0	0
2	3	UID241107	2	1	1	1
2	3	UID241123	2	1	1	1
1	2	UID241170	2	0	0	0
1	2	UID241204	2	0	0	0
1	2	UID241207	2	0	0	0
2	3	UID241234	2	1	1	1
1	2	UID241277	2	0	0	0
1	2	UID241474	2	0	0	0
2	3	UID241545	2	1	1	1
1	2	UID241559	2	0	0	0
1	2	UID241568	2	0	0	0
1	2	UID241613	2	0	0	0
1	2	UID241615	2	0	0	0
1	2	UID241668	2	0	0	0
2	3	UID241705	2	1	1	1
1	2	UID241751	2	0	0	0
2	3	UID241811	2	1	1	1
2	3	UID241827	2	1	1	1
1	2	UID241901	2	0	0	0
2	3	UID241958	2	1	1	1
2	3	UID241995	2	1	1	1
2	3	UID242020	2	1	1	1
1	2	UID242021	2	0	0	0
1	2	UID242051	2	0	0	0
2	3	UID242065	2	1	1	1
2	3	UID242094	2	1	1	1
1	2	UID242132	2	0	0	0
1	2	UID242211	2	0	0	0
1	2	UID242222	2	0	0	0
1	2	UID242309	2	0	0	0
2	3	UID242367	2	1	1	1
1	2	UID242383	2	0	0	0
2	3	UID242390	2	1	1	1
1	2	UID242429	2	0	0	0
1	2	UID242468	2	0	0	0
2	3	UID242493	2	1	1	1
1	2	UID242502	2	0	0	0
1	2	UID242523	2	0	0	0
1	2	UID242580	2	0	0	0
1	2	UID242587	2	0	0	0
1	2	UID242591	2	0	0	0
2	3	UID242595	2	1	1	1
2	3	UID242622	2	1	1	1
2	3	UID242640	2	1	1	1
2	3	UID242648	2	1	1	1
1	2	UID242659	2	0	0	0
1	2	UID242672	2	0	0	0
1	2	UID242680	2	0	0	0
1	2	UID242725	2	0	0	0
1	2	UID242773	2	0	0	0
2	3	UID242829	2	1	1	1
1	2	UID242843	2	0	0	0
1	2	UID242906	2	0	0	0
1	2	UID242919	2	0	0	0
1	2	UID242923	2	0	0	0
1	2	UID242926	2	0	0	0
1	2	UID242951	2	0	0	0
2	3	UID242952	2	1	1	1
2	3	UID242962	2	1	1	1
1	2	UID242981	2	0	0	0
1	2	UID242987	2	0	0	0
1	2	UID242993	2	0	0	0
1	2	UID243058	2	0	0	0
1	2	UID243134	2	0	0	0
1	2	UID243139	2	0	0	0
2	3	UID243156	2	1	1	1
1	2	UID243159	2	0	0	0
1	2	UID243219	2	0	0	0
2	3	UID243224	2	1	1	1
2	3	UID243229	2	1	1	1
1	2	UID243242	2	0	0	0
1	2	UID243277	2	0	0	0
1	2	UID243282	2	0	0	0
1	2	UID243286	2	0	0	0
1	2	UID243293	2	0	0	0
1	2	UID243298	2	0	0	0
2	3	UID243301	2	1	1	1
1	2	UID243317	2	0	0	0
1	2	UID243381	2	0	0	0
1	2	UID243435	2	0	0	0
1	2	UID243527	2	0	0	0
1	2	UID243609	2	0	0	0
1	2	UID243612	2	0	0	0
1	2	UID243614	2	0	0	0
1	2	UID243697	2	0	0	0
1	2	UID243712	2	0	0	0
1	2	UID243714	2	0	0	0
1	2	UID243728	2	0	0	0
1	2	UID243729	2	0	0	0
1	1	UID243730	1	1	0	0
1	1	UID243731	1	1	0	0
1	1	UID243732	1	1	0	0
1	1	UID243733	1	1	0	0
1	1	UID243734	1	1	0	0
1	1	UID243736	1	1	0	0
1	1	UID243739	1	1	0	0
1	1	UID243742	1	1	0	0
1	1	UID243751	1	1	0	0
1	1	UID243759	1	1	0	0
1	1	UID243761	1	1	0	0
1	1	UID243762	1	1	0	0
1	1	UID243763	1	1	0	0
1	1	UID243765	1	1	0	0
1	1	UID243767	1	1	0	0
1	1	UID243775	1	1	0	0
1	1	UID243776	1	1	0	0
1	1	UID243781	1	1	0	0
1	1	UID243782	1	1	0	0
1	1	UID243805	1	1	0	0
1	1	UID243865	1	1	0	0
1	1	UID243881	1	1	0	0
1	1	UID243885	1	1	0	0
1	1	UID243898	1	1	0	0
1	1	UID243899	1	1	0	0
1	1	UID243921	1	1	0	0
1	1	UID243922	1	1	0	0
1	1	UID243926	1	1	0	0
1	1	UID243933	1	1	0	0
1	1	UID243935	1	1	0	0
1	1	UID243939	1	1	0	0
1	1	UID243942	1	1	0	0
1	1	UID243946	1	1	0	0
1	1	UID243957	1	1	0	0
1	1	UID243958	1	1	0	0
1	1	UID243974	1	1	0	0
1	1	UID243981	1	1	0	0
1	1	UID243982	1	1	0	0
1	1	UID243983	1	1	0	0
1	1	UID243984	1	1	0	0
1	1	UID243985	1	1	0	0
1	1	UID243986	1	1	0	0
1	1	UID243987	1	1	0	0
1	1	UID243989	1	1	0	0
1	1	UID243990	1	1	0	0
1	1	UID243995	1	1	0	0
1	1	UID244001	1	1	0	0
1	1	UID244002	1	1	0	0
1	1	UID244005	1	1	0	0
1	1	UID244007	1	1	0	0
1	1	UID244008	1	1	0	0
1	1	UID244009	1	1	0	0
1	1	UID244010	1	1	0	0
1	1	UID244012	1	1	0	0
1	1	UID244016	1	1	0	0
1	1	UID244017	1	1	0	0
1	1	UID244018	1	1	0	0
1	1	UID244020	1	1	0	0
1	1	UID244021	1	1	0	0
1	1	UID244027	1	1	0	0
1	1	UID244028	1	1	0	0
1	1	UID244030	1	1	0	0
1	1	UID244033	1	1	0	0
1	1	UID244042	1	1	0	0
1	1	UID244046	1	1	0	0
1	1	UID244052	1	1	0	0
1	1	UID244053	1	1	0	0
1	1	UID244055	1	1	0	0
1	1	UID244056	1	1	0	0
1	1	UID244057	1	1	0	0
1	1	UID244058	1	1	0	0
1	1	UID244059	1	1	0	0
1	1	UID244066	1	1	0	0
1	1	UID244075	1	1	0	0
1	1	UID244077	1	1	0	0
1	1	UID244085	1	1	0	0
1	1	UID244100	1	1	0	0
1	1	UID244112	1	1	0	0
1	1	UID244155	1	1	0	0
1	1	UID244181	1	1	0	0
1	1	UID244190	1	1	0	0
1	1	UID244197	1	1	0	0
1	1	UID244210	1	1	0	0
1	1	UID244212	1	1	0	0
1	1	UID244234	1	1	0	0
1	1	UID244247	1	1	0	0
1	1	UID244254	1	1	0	0
1	1	UID244261	1	1	0	0
1	1	UID244263	1	1	0	0
1	1	UID244266	1	1	0	0
1	1	UID244269	1	1	0	0
1	1	UID244271	1	1	0	0
1	1	UID244275	1	1	0	0
1	1	UID244276	1	1	0	0
1	1	UID244279	1	1	0	0
1	1	UID244319	1	1	0	0
1	1	UID244328	1	1	0	0
1	1	UID244330	1	1	0	0
1	1	UID244334	1	1	0	0
1	1	UID244335	1	1	0	0
1	1	UID244337	1	1	0	0
1	1	UID244346	1	1	0	0
1	1	UID244349	1	1	0	0
1	1	UID244351	1	1	0	0
1	1	UID244353	1	1	0	0
1	1	UID244355	1	1	0	0
1	1	UID244363	1	1	0	0
1	1	UID244365	1	1	0	0
1	1	UID244371	1	1	0	0
1	1	UID244380	1	1	0	0
1	1	UID244382	1	1	0	0
1	1	UID244387	1	1	0	0
1	1	UID244390	1	1	0	0
1	1	UID244391	1	1	0	0
1	1	UID244398	1	1	0	0
1	1	UID244454	1	1	0	0
1	1	UID244460	1	1	0	0
1	1	UID244526	1	1	0	0
1	1	UID244543	1	1	0	0
1	1	UID244550	1	1	0	0
1	1	UID244570	1	1	0	0
1	1	UID244597	1	1	0	0
1	1	UID244600	1	1	0	0
1	1	UID244604	1	1	0	0
1	1	UID244606	1	1	0	0
1	1	UID244629	1	1	0	0
1	1	UID244647	1	1	0	0
1	1	UID244653	1	1	0	0
1	1	UID244666	1	1	0	0
1	1	UID244667	1	1	0	0
1	1	UID244669	1	1	0	0
1	1	UID244682	1	1	0	0
1	1	UID244690	1	1	0	0
1	1	UID244691	1	1	0	0
1	1	UID244697	1	1	0	0
1	1	UID244698	1	1	0	0
1	1	UID244713	1	1	0	0
1	1	UID244735	1	1	0	0
1	1	UID244739	1	1	0	0
1	1	UID244743	1	1	0	0
1	1	UID244759	1	1	0	0
1	1	UID244878	1	1	0	0
1	1	UID244881	1	1	0	0
1	1	UID244883	1	1	0	0
1	1	UID244886	1	1	0	0
1	1	UID244888	1	1	0	0
1	1	UID244912	1	1	0	0
1	1	UID244922	1	1	0	0
1	1	UID244923	1	1	0	0
1	1	UID244929	1	1	0	0
1	1	UID244934	1	1	0	0
1	1	UID244936	1	1	0	0
1	1	UID244937	1	1	0	0
1	1	UID244940	1	1	0	0
1	1	UID244941	1	1	0	0
1	1	UID244942	1	1	0	0
1	1	UID244943	1	1	0	0
1	1	UID244946	1	1	0	0
1	1	UID244947	1	1	0	0
1	1	UID244949	1	1	0	0
1	1	UID244950	1	1	0	0
1	1	UID244951	1	1	0	0
1	1	UID244952	1	1	0	0
1	1	UID244965	1	1	0	0
1	1	UID244968	1	1	0	0
1	1	UID244969	1	1	0	0
1	1	UID244971	1	1	0	0
1	1	UID244972	1	1	0	0
1	1	UID244973	1	1	0	0
1	1	UID244974	1	1	0	0
1	1	UID244978	1	1	0	0
1	1	UID244980	1	1	0	0
1	1	UID244981	1	1	0	0
1	1	UID244982	1	1	0	0
1	1	UID244983	1	1	0	0
1	1	UID244986	1	1	0	0
1	1	UID244987	1	1	0	0
1	1	UID244989	1	1	0	0
1	1	UID244990	1	1	0	0
1	1	UID244992	1	1	0	0
1	1	UID244993	1	1	0	0
1	1	UID244995	1	1	0	0
1	1	UID244997	1	1	0	0
1	1	UID244999	1	1	0	0
1	1	UID245001	1	1	0	0
1	1	UID245002	1	1	0	0
1	1	UID245013	1	1	0	0
1	1	UID245014	1	1	0	0
1	1	UID245016	1	1	0	0
1	1	UID245018	1	1	0	0
1	1	UID245019	1	1	0	0
1	1	UID245020	1	1	0	0
1	1	UID245021	1	1	0	0
1	1	UID245025	1	1	0	0
1	1	UID245027	1	1	0	0
1	1	UID245042	1	1	0	0
1	1	UID245045	1	1	0	0
1	1	UID245060	1	1	0	0
1	1	UID245091	1	1	0	0
1	1	UID245150	1	1	0	0
1	1	UID245157	1	1	0	0
1	1	UID245158	1	1	0	0
1	1	UID245163	1	1	0	0
1	1	UID245177	1	1	0	0
1	1	UID245199	1	1	0	0
1	1	UID245205	1	1	0	0
1	1	UID245219	1	1	0	0
1	1	UID245231	1	1	0	0
1	1	UID245232	1	1	0	0
1	1	UID245236	1	1	0	0
1	1	UID245247	1	1	0	0
1	1	UID245250	1	1	0	0
1	1	UID245259	1	1	0	0
1	1	UID245272	1	1	0	0
1	1	UID245274	1	1	0	0
1	1	UID245277	1	1	0	0
1	1	UID245293	1	1	0	0
1	1	UID245298	1	1	0	0
1	1	UID245301	1	1	0	0
1	1	UID245312	1	1	0	0
1	1	UID245316	1	1	0	0
1	1	UID245335	1	1	0	0
1	1	UID245341	1	1	0	0
1	1	UID245430	1	1	0	0
1	1	UID245440	1	1	0	0
1	1	UID245448	1	1	0	0
1	1	UID245450	1	1	0	0
1	1	UID245451	1	1	0	0
1	1	UID245452	1	1	0	0
1	1	UID245456	1	1	0	0
1	1	UID245464	1	1	0	0
1	1	UID245467	1	1	0	0
1	1	UID245468	1	1	0	0
1	1	UID245470	1	1	0	0
1	1	UID245471	1	1	0	0
1	1	UID245474	1	1	0	0
1	1	UID245475	1	1	0	0
1	1	UID245478	1	1	0	0
1	1	UID245482	1	1	0	0
1	1	UID245486	1	1	0	0
1	1	UID245493	1	1	0	0
1	1	UID245504	1	1	0	0
1	1	UID245519	1	1	0	0
1	1	UID245524	1	1	0	0
1	1	UID245531	1	1	0	0
1	1	UID245535	1	1	0	0
1	1	UID245537	1	1	0	0
1	1	UID245541	1	1	0	0
1	1	UID245543	1	1	0	0
1	1	UID245544	1	1	0	0
1	1	UID245549	1	1	0	0
1	1	UID245553	1	1	0	0
1	1	UID245554	1	1	0	0
1	1	UID245560	1	1	0	0
1	1	UID245562	1	1	0	0
1	1	UID245567	1	1	0	0
1	1	UID245573	1	1	0	0
1	1	UID245596	1	1	0	0
1	1	UID245605	1	1	0	0
1	1	UID245609	1	1	0	0
1	1	UID245615	1	1	0	0
1	1	UID245621	1	1	0	0
1	1	UID245622	1	1	0	0
1	1	UID245630	1	1	0	0
1	1	UID245639	1	1	0	0
1	1	UID245674	1	1	0	0
1	1	UID245675	1	1	0	0
1	1	UID245677	1	1	0	0
1	1	UID245683	1	1	0	0
1	1	UID245688	1	1	0	0
1	1	UID245690	1	1	0	0
1	1	UID245698	1	1	0	0
1	1	UID245699	1	1	0	0
1	1	UID245701	1	1	0	0
1	1	UID245711	1	1	0	0
1	1	UID245715	1	1	0	0
1	1	UID245716	1	1	0	0
1	1	UID245720	1	1	0	0
1	1	UID245722	1	1	0	0
1	1	UID245724	1	1	0	0
1	1	UID245725	1	1	0	0
1	1	UID245728	1	1	0	0
1	1	UID245740	1	1	0	0
1	1	UID245746	1	1	0	0
1	1	UID245747	1	1	0	0
1	1	UID245763	1	1	0	0
1	1	UID245800	1	1	0	0
1	1	UID245836	1	1	0	0
1	1	UID245854	1	1	0	0
1	1	UID245858	1	1	0	0
1	1	UID245859	1	1	0	0
1	1	UID245860	1	1	0	0
1	1	UID245861	1	1	0	0
1	1	UID245862	1	1	0	0
1	1	UID245863	1	1	0	0
1	1	UID245865	1	1	0	0
1	1	UID245867	1	1	0	0
1	1	UID245868	1	1	0	0
1	1	UID245869	1	1	0	0
1	1	UID245870	1	1	0	0
1	1	UID245871	1	1	0	0
1	1	UID245874	1	1	0	0
1	1	UID245876	1	1	0	0
1	1	UID245878	1	1	0	0
1	1	UID245888	1	1	0	0
1	1	UID245894	1	1	0	0
1	1	UID245895	1	1	0	0
1	1	UID245898	1	1	0	0
1	1	UID245902	1	1	0	0
1	1	UID245903	1	1	0	0
1	1	UID245906	1	1	0	0
1	1	UID245910	1	1	0	0
1	1	UID245911	1	1	0	0
1	1	UID245913	1	1	0	0
1	1	UID245918	1	1	0	0
1	1	UID245919	1	1	0	0
1	1	UID245943	1	1	0	0
1	1	UID245945	1	1	0	0
1	1	UID245948	1	1	0	0
1	1	UID245951	1	1	0	0
1	1	UID245963	1	1	0	0
1	1	UID246085	1	1	0	0
1	1	UID246089	1	1	0	0
1	1	UID246098	1	1	0	0
1	1	UID246101	1	1	0	0
1	1	UID246125	1	1	0	0
1	1	UID246160	1	1	0	0
1	1	UID246172	1	1	0	0
1	1	UID246177	1	1	0	0
1	1	UID246179	1	1	0	0
1	1	UID246180	1	1	0	0
1	1	UID246181	1	1	0	0
1	1	UID246182	1	1	0	0
1	1	UID246183	1	1	0	0
1	1	UID246184	1	1	0	0
1	1	UID246186	1	1	0	0
1	1	UID246188	1	1	0	0
1	1	UID246193	1	1	0	0
1	1	UID246197	1	1	0	0
1	1	UID246202	1	1	0	0
1	1	UID246206	1	1	0	0
1	1	UID246272	1	1	0	0
1	1	UID246292	1	1	0	0
1	1	UID246301	1	1	0	0
1	1	UID246302	1	1	0	0
1	1	UID246307	1	1	0	0
1	1	UID246309	1	1	0	0
1	1	UID246310	1	1	0	0
1	1	UID246313	1	1	0	0
1	1	UID246315	1	1	0	0
1	1	UID246316	1	1	0	0
1	1	UID246317	1	1	0	0
1	1	UID246318	1	1	0	0
1	1	UID246319	1	1	0	0
1	1	UID246321	1	1	0	0
1	1	UID246323	1	1	0	0
1	1	UID246327	1	1	0	0
1	1	UID246329	1	1	0	0
1	1	UID246338	1	1	0	0
1	1	UID246340	1	1	0	0
1	1	UID246341	1	1	0	0
1	1	UID246342	1	1	0	0
1	1	UID246345	1	1	0	0
1	1	UID246347	1	1	0	0
1	1	UID246348	1	1	0	0
1	1	UID246351	1	1	0	0
1	1	UID246353	1	1	0	0
1	1	UID246356	1	1	0	0
1	1	UID246357	1	1	0	0
1	1	UID246361	1	1	0	0
1	1	UID246362	1	1	0	0
1	1	UID246363	1	1	0	0
1	1	UID246364	1	1	0	0
1	1	UID246367	1	1	0	0
1	1	UID246370	1	1	0	0
1	1	UID246373	1	1	0	0
1	1	UID246381	1	1	0	0
1	1	UID246387	1	1	0	0
1	1	UID246398	1	1	0	0
1	1	UID246405	1	1	0	0
1	1	UID246426	1	1	0	0
1	1	UID246485	1	1	0	0
1	1	UID246490	1	1	0	0
1	1	UID246497	1	1	0	0
1	1	UID246519	1	1	0	0
1	1	UID246524	1	1	0	0
1	1	UID246529	1	1	0	0
1	1	UID246540	1	1	0	0
1	1	UID246560	1	1	0	0
1	1	UID246565	1	1	0	0
1	1	UID246576	1	1	0	0
1	1	UID246580	1	1	0	0
1	1	UID246581	1	1	0	0
1	1	UID246582	1	1	0	0
1	1	UID246585	1	1	0	0
1	1	UID246603	1	1	0	0
1	1	UID246607	1	1	0	0
1	1	UID246611	1	1	0	0
1	1	UID246612	1	1	0	0
1	1	UID246613	1	1	0	0
1	1	UID246619	1	1	0	0
1	1	UID246627	1	1	0	0
1	1	UID246632	1	1	0	0
1	1	UID246670	1	1	0	0
1	1	UID246697	1	1	0	0
1	1	UID246717	1	1	0	0
1	1	UID246718	1	1	0	0
1	1	UID246721	1	1	0	0
1	1	UID246722	1	1	0	0
1	1	UID246723	1	1	0	0
1	1	UID246725	1	1	0	0
1	1	UID246726	1	1	0	0
1	1	UID246727	1	1	0	0
1	1	UID246729	1	1	0	0
1	1	UID246732	1	1	0	0
1	1	UID246745	1	1	0	0
1	1	UID246749	1	1	0	0
1	1	UID246763	1	1	0	0
1	1	UID246766	1	1	0	0
1	1	UID246785	1	1	0	0
1	1	UID246790	1	1	0	0
1	1	UID246871	1	1	0	0
1	1	UID246947	1	1	0	0
1	1	UID246952	1	1	0	0
1	1	UID246962	1	1	0	0
1	1	UID246984	1	1	0	0
1	1	UID246985	1	1	0	0
1	1	UID246987	1	1	0	0
1	1	UID246992	1	1	0	0
1	1	UID246999	1	1	0	0
1	1	UID247001	1	1	0	0
1	1	UID247004	1	1	0	0
1	1	UID247006	1	1	0	0
1	1	UID247009	1	1	0	0
1	1	UID247011	1	1	0	0
1	1	UID247014	1	1	0	0
1	1	UID247017	1	1	0	0
1	1	UID247019	1	1	0	0
1	1	UID247027	1	1	0	0
1	1	UID247060	1	1	0	0
1	1	UID247066	1	1	0	0
1	1	UID247074	1	1	0	0
1	1	UID247076	1	1	0	0
1	1	UID247088	1	1	0	0
1	1	UID247093	1	1	0	0
1	1	UID247096	1	1	0	0
1	1	UID247097	1	1	0	0
1	1	UID247105	1	1	0	0
1	1	UID247109	1	1	0	0
1	1	UID247111	1	1	0	0
1	1	UID247115	1	1	0	0
1	1	UID247121	1	1	0	0
1	1	UID247122	1	1	0	0
1	1	UID247123	1	1	0	0
1	1	UID247124	1	1	0	0
1	1	UID247130	1	1	0	0
1	1	UID247131	1	1	0	0
1	1	UID247132	1	1	0	0
1	1	UID247133	1	1	0	0
1	1	UID247135	1	1	0	0
1	1	UID247139	1	1	0	0
1	1	UID247143	1	1	0	0
1	1	UID247144	1	1	0	0
1	1	UID247145	1	1	0	0
1	1	UID247147	1	1	0	0
1	1	UID247202	1	1	0	0
1	1	UID247213	1	1	0	0
1	1	UID247218	1	1	0	0
1	1	UID247219	1	1	0	0
1	1	UID247226	1	1	0	0
1	1	UID247227	1	1	0	0
1	1	UID247230	1	1	0	0
1	1	UID247231	1	1	0	0
1	1	UID247236	1	1	0	0
1	1	UID247238	1	1	0	0
1	1	UID247246	1	1	0	0
1	1	UID247252	1	1	0	0
1	1	UID247253	1	1	0	0
1	1	UID247257	1	1	0	0
1	1	UID247261	1	1	0	0
1	1	UID247266	1	1	0	0
1	1	UID247267	1	1	0	0
1	1	UID247271	1	1	0	0
1	1	UID247275	1	1	0	0
1	1	UID247287	1	1	0	0
2	2	UID247305	1	2	1	1
1	1	UID247333	1	1	0	0
1	1	UID247356	1	1	0	0
1	1	UID247372	1	1	0	0
1	1	UID247375	1	1	0	0
1	1	UID247379	1	1	0	0
1	1	UID247391	1	1	0	0
1	1	UID247394	1	1	0	0
1	1	UID247395	1	1	0	0
1	1	UID247397	1	1	0	0
1	1	UID247399	1	1	0	0
1	1	UID247407	1	1	0	0
1	1	UID247421	1	1	0	0
1	1	UID247433	1	1	0	0
1	1	UID247440	1	1	0	0
1	1	UID247495	1	1	0	0
1	1	UID247499	1	1	0	0
1	1	UID247510	1	1	0	0
1	1	UID247511	1	1	0	0
1	1	UID247527	1	1	0	0
1	1	UID247533	1	1	0	0
1	1	UID247536	1	1	0	0
1	1	UID247541	1	1	0	0
1	1	UID247551	1	1	0	0
1	1	UID247552	1	1	0	0
1	1	UID247553	1	1	0	0
1	1	UID247554	1	1	0	0
1	1	UID247555	1	1	0	0
1	1	UID247556	1	1	0	0
1	1	UID247557	1	1	0	0
1	1	UID247559	1	1	0	0
1	1	UID247560	1	1	0	0
1	1	UID247562	1	1	0	0
1	1	UID247563	1	1	0	0
1	1	UID247565	1	1	0	0
1	1	UID247567	1	1	0	0
1	1	UID247569	1	1	0	0
1	1	UID247572	1	1	0	0
1	1	UID247579	1	1	0	0
1	1	UID247585	1	1	0	0
1	1	UID247587	1	1	0	0
1	1	UID247589	1	1	0	0
1	1	UID247598	1	1	0	0
1	1	UID247604	1	1	0	0
1	1	UID247607	1	1	0	0
1	1	UID247612	1	1	0	0
1	1	UID247617	1	1	0	0
1	1	UID247625	1	1	0	0
1	1	UID247636	1	1	0	0
1	1	UID247657	1	1	0	0
1	1	UID247661	1	1	0	0
1	1	UID247792	1	1	0	0
1	1	UID247794	1	1	0	0
1	1	UID247807	1	1	0	0
1	1	UID247823	1	1	0	0
1	1	UID247826	1	1	0	0
1	1	UID247845	1	1	0	0
1	1	UID247846	1	1	0	0
1	1	UID247847	1	1	0	0
1	1	UID247848	1	1	0	0
1	1	UID247849	1	1	0	0
1	1	UID247851	1	1	0	0
1	1	UID247852	1	1	0	0
1	1	UID247853	1	1	0	0
1	1	UID247854	1	1	0	0
1	1	UID247856	1	1	0	0
1	1	UID247861	1	1	0	0
1	1	UID247863	1	1	0	0
1	1	UID247864	1	1	0	0
1	1	UID247878	1	1	0	0
1	1	UID247879	1	1	0	0
1	1	UID247885	1	1	0	0
1	1	UID247886	1	1	0	0
1	1	UID247893	1	1	0	0
1	1	UID247897	1	1	0	0
1	1	UID247902	1	1	0	0
1	1	UID247904	1	1	0	0
1	1	UID247908	1	1	0	0
1	1	UID247913	1	1	0	0
1	1	UID247916	1	1	0	0
1	1	UID247920	1	1	0	0
1	1	UID247922	1	1	0	0
1	1	UID247944	1	1	0	0
1	1	UID247952	1	1	0	0
1	1	UID247958	1	1	0	0
1	1	UID247960	1	1	0	0
1	1	UID247970	1	1	0	0
1	1	UID247972	1	1	0	0
1	1	UID247975	1	1	0	0
1	1	UID247978	1	1	0	0
1	1	UID247984	1	1	0	0
1	1	UID247985	1	1	0	0
1	1	UID247987	1	1	0	0
1	1	UID247988	1	1	0	0
1	1	UID247994	1	1	0	0
1	1	UID248004	1	1	0	0
1	1	UID248008	1	1	0	0
1	1	UID248025	1	1	0	0
1	1	UID248032	1	1	0	0
1	1	UID248055	1	1	0	0
1	1	UID248077	1	1	0	0
1	1	UID248145	1	1	0	0
1	1	UID248168	1	1	0	0
1	1	UID248181	1	1	0	0
1	1	UID248183	1	1	0	0
1	1	UID248187	1	1	0	0
1	1	UID248200	1	1	0	0
1	1	UID248209	1	1	0	0
1	1	UID248212	1	1	0	0
1	1	UID248220	1	1	0	0
1	1	UID248222	1	1	0	0
1	1	UID248225	1	1	0	0
1	1	UID248231	1	1	0	0
1	1	UID248263	1	1	0	0
1	1	UID248272	1	1	0	0
1	1	UID248304	1	1	0	0
1	1	UID248427	1	1	0	0
1	1	UID248440	1	1	0	0
1	1	UID248445	1	1	0	0
1	1	UID248447	1	1	0	0
1	1	UID248449	1	1	0	0
1	1	UID248452	1	1	0	0
1	1	UID248455	1	1	0	0
1	1	UID248456	1	1	0	0
1	1	UID248461	1	1	0	0
1	1	UID248469	1	1	0	0
1	1	UID248470	1	1	0	0
1	1	UID248474	1	1	0	0
1	1	UID248477	1	1	0	0
1	1	UID248479	1	1	0	0
1	1	UID248480	1	1	0	0
1	1	UID248483	1	1	0	0
1	1	UID248484	1	1	0	0
1	1	UID248485	1	1	0	0
1	1	UID248488	1	1	0	0
1	1	UID248489	1	1	0	0
1	1	UID248490	1	1	0	0
1	1	UID248492	1	1	0	0
1	1	UID248493	1	1	0	0
1	1	UID248495	1	1	0	0
1	1	UID248511	1	1	0	0
1	1	UID248514	1	1	0	0
1	1	UID248516	1	1	0	0
1	1	UID248518	1	1	0	0
1	1	UID248522	1	1	0	0
1	1	UID248527	1	1	0	0
1	1	UID248538	1	1	0	0
1	1	UID248539	1	1	0	0
1	1	UID248540	1	1	0	0
1	1	UID248544	1	1	0	0
1	1	UID248548	1	1	0	0
1	1	UID248549	1	1	0	0
1	1	UID248551	1	1	0	0
1	1	UID248560	1	1	0	0
1	1	UID248563	1	1	0	0
1	1	UID248565	1	1	0	0
1	1	UID248566	1	1	0	0
1	1	UID248567	1	1	0	0
1	1	UID248568	1	1	0	0
1	1	UID248571	1	1	0	0
1	1	UID248572	1	1	0	0
1	1	UID248573	1	1	0	0
1	1	UID248574	1	1	0	0
1	1	UID248579	1	1	0	0
1	1	UID248582	1	1	0	0
1	1	UID248587	1	1	0	0
1	1	UID248595	1	1	0	0
1	1	UID248597	1	1	0	0
1	1	UID248601	1	1	0	0
1	1	UID248624	1	1	0	0
1	1	UID248632	1	1	0	0
1	1	UID248638	1	1	0	0
1	1	UID248640	1	1	0	0
1	1	UID248641	1	1	0	0
1	1	UID248644	1	1	0	0
1	1	UID248651	1	1	0	0
1	1	UID248659	1	1	0	0
1	1	UID248665	1	1	0	0
1	1	UID248668	1	1	0	0
1	1	UID248669	1	1	0	0
1	1	UID248670	1	1	0	0
1	1	UID248671	1	1	0	0
1	1	UID248674	1	1	0	0
1	1	UID248676	1	1	0	0
1	1	UID248677	1	1	0	0
1	1	UID248678	1	1	0	0
1	1	UID248679	1	1	0	0
1	1	UID248680	1	1	0	0
1	1	UID248681	1	1	0	0
1	1	UID248682	1	1	0	0
1	1	UID248684	1	1	0	0
1	1	UID248685	1	1	0	0
1	1	UID248687	1	1	0	0
1	1	UID248727	1	1	0	0
1	1	UID248748	1	1	0	0
1	1	UID248808	1	1	0	0
1	1	UID248818	1	1	0	0
1	1	UID248830	1	1	0	0
1	1	UID248845	1	1	0	0
1	1	UID248846	1	1	0	0
1	1	UID248849	1	1	0	0
1	1	UID248863	1	1	0	0
1	1	UID248878	1	1	0	0
1	1	UID248882	1	1	0	0
1	1	UID248885	1	1	0	0
1	1	UID248886	1	1	0	0
1	1	UID248906	1	1	0	0
1	1	UID248911	1	1	0	0
1	1	UID248913	1	1	0	0
1	1	UID248914	1	1	0	0
1	1	UID248916	1	1	0	0
1	1	UID248917	1	1	0	0
1	1	UID248923	1	1	0	0
1	1	UID248940	1	1	0	0
1	1	UID248947	1	1	0	0
1	1	UID248951	1	1	0	0
1	1	UID248954	1	1	0	0
1	1	UID248955	1	1	0	0
1	1	UID248957	1	1	0	0
2	2	UID248960	1	2	1	1
1	1	UID248973	1	1	0	0
1	1	UID248984	1	1	0	0
1	1	UID248988	1	1	0	0
1	1	UID248992	1	1	0	0
1	1	UID248994	1	1	0	0
1	1	UID249026	1	1	0	0
1	1	UID249038	1	1	0	0
1	1	UID249046	1	1	0	0
1	1	UID249057	1	1	0	0
1	1	UID249081	1	1	0	0
1	1	UID249083	1	1	0	0
1	1	UID249084	1	1	0	0
1	1	UID249086	1	1	0	0
1	1	UID249095	1	1	0	0
1	1	UID249097	1	1	0	0
1	1	UID249099	1	1	0	0
1	1	UID249106	1	1	0	0
1	1	UID249117	1	1	0	0
1	1	UID249121	1	1	0	0
1	1	UID249125	1	1	0	0
1	1	UID249127	1	1	0	0
1	1	UID249128	1	1	0	0
1	1	UID249129	1	1	0	0
1	1	UID249131	1	1	0	0
1	1	UID249132	1	1	0	0
1	1	UID249133	1	1	0	0
1	1	UID249134	1	1	0	0
1	1	UID249135	1	1	0	0
1	1	UID249137	1	1	0	0
1	1	UID249141	1	1	0	0
1	1	UID249143	1	1	0	0
1	1	UID249144	1	1	0	0
1	1	UID249145	1	1	0	0
1	1	UID249149	1	1	0	0
1	1	UID249170	1	1	0	0
1	1	UID249174	1	1	0	0
1	1	UID249175	1	1	0	0
1	1	UID249178	1	1	0	0
1	1	UID249179	1	1	0	0
1	1	UID249180	1	1	0	0
1	1	UID249199	1	1	0	0
1	1	UID249200	1	1	0	0
1	1	UID249213	1	1	0	0
1	1	UID249217	1	1	0	0
1	1	UID249225	1	1	0	0
1	1	UID249346	1	1	0	0
1	1	UID249349	1	1	0	0
1	1	UID249357	1	1	0	0
1	1	UID249359	1	1	0	0
1	1	UID249372	1	1	0	0
1	1	UID249378	1	1	0	0
1	1	UID249395	1	1	0	0
1	1	UID249409	1	1	0	0
1	1	UID249419	1	1	0	0
1	1	UID249422	1	1	0	0
1	1	UID249423	1	1	0	0
1	1	UID249450	1	1	0	0
1	1	UID249455	1	1	0	0
1	1	UID249465	1	1	0	0
1	1	UID249467	1	1	0	0
1	1	UID249471	1	1	0	0
1	1	UID249489	1	1	0	0
1	1	UID249506	1	1	0	0
1	1	UID249514	1	1	0	0
1	1	UID249538	1	1	0	0
1	1	UID249542	1	1	0	0
1	1	UID249545	1	1	0	0
1	1	UID249554	1	1	0	0
1	1	UID249564	1	1	0	0
1	1	UID249583	1	1	0	0
1	1	UID249596	1	1	0	0
1	1	UID249599	1	1	0	0
1	1	UID249624	1	1	0	0
1	1	UID249661	1	1	0	0
1	1	UID249674	1	1	0	0
1	1	UID249706	1	1	0	0
1	1	UID249708	1	1	0	0
1	1	UID249723	1	1	0	0
1	1	UID249727	1	1	0	0
1	1	UID249728	1	1	0	0
1	1	UID249745	1	1	0	0
1	1	UID249747	1	1	0	0
1	1	UID249751	1	1	0	0
1	1	UID249756	1	1	0	0
1	1	UID249759	1	1	0	0
1	1	UID249760	1	1	0	0
1	1	UID249765	1	1	0	0
1	1	UID249766	1	1	0	0
1	1	UID249767	1	1	0	0
1	1	UID249769	1	1	0	0
1	1	UID249770	1	1	0	0
1	1	UID249773	1	1	0	0
1	1	UID249777	1	1	0	0
1	1	UID249779	1	1	0	0
1	1	UID249780	1	1	0	0
1	1	UID249781	1	1	0	0
1	1	UID249784	1	1	0	0
1	1	UID249787	1	1	0	0
1	1	UID249789	1	1	0	0
1	1	UID249822	1	1	0	0
1	1	UID249823	1	1	0	0
1	1	UID249826	1	1	0	0
1	1	UID249841	1	1	0	0
1	1	UID249875	1	1	0	0
1	1	UID249876	1	1	0	0
1	1	UID249881	1	1	0	0
1	1	UID249885	1	1	0	0
1	1	UID249888	1	1	0	0
1	1	UID249891	1	1	0	0
1	1	UID249903	1	1	0	0
1	1	UID249945	1	1	0	0
1	1	UID249947	1	1	0	0
1	1	UID249957	1	1	0	0
1	1	UID249963	1	1	0	0
1	1	UID249971	1	1	0	0
1	1	UID249979	1	1	0	0
1	1	UID249984	1	1	0	0
1	1	UID249985	1	1	0	0
1	1	UID249987	1	1	0	0
1	1	UID249988	1	1	0	0
1	1	UID249995	1	1	0	0
1	1	UID249997	1	1	0	0
1	1	UID250008	1	1	0	0
1	1	UID250009	1	1	0	0
1	1	UID250010	1	1	0	0
1	1	UID250012	1	1	0	0
1	1	UID250013	1	1	0	0
1	1	UID250015	1	1	0	0
1	1	UID250016	1	1	0	0
1	1	UID250023	1	1	0	0
1	1	UID250066	1	1	0	0
1	1	UID250075	1	1	0	0
1	1	UID250103	1	1	0	0
1	1	UID250110	1	1	0	0
1	1	UID250113	1	1	0	0
1	1	UID250115	1	1	0	0
1	1	UID250117	1	1	0	0
1	1	UID250118	1	1	0	0
1	1	UID250119	1	1	0	0
1	1	UID250121	1	1	0	0
1	1	UID250125	1	1	0	0
1	1	UID250126	1	1	0	0
1	1	UID250149	1	1	0	0
1	1	UID250154	1	1	0	0
1	1	UID250162	1	1	0	0
1	1	UID250163	1	1	0	0
1	1	UID250168	1	1	0	0
1	1	UID250169	1	1	0	0
1	1	UID250170	1	1	0	0
1	1	UID250171	1	1	0	0
1	1	UID250172	1	1	0	0
1	1	UID250174	1	1	0	0
1	1	UID250176	1	1	0	0
1	1	UID250178	1	1	0	0
1	1	UID250181	1	1	0	0
1	1	UID250200	1	1	0	0
1	1	UID250284	1	1	0	0
1	1	UID250308	1	1	0	0
1	1	UID250319	1	1	0	0
1	1	UID250326	1	1	0	0
1	1	UID250334	1	1	0	0
1	1	UID250335	1	1	0	0
1	1	UID250337	1	1	0	0
1	1	UID250342	1	1	0	0
1	1	UID250343	1	1	0	0
1	1	UID250346	1	1	0	0
1	1	UID250347	1	1	0	0
1	1	UID250350	1	1	0	0
1	1	UID250357	1	1	0	0
1	1	UID250360	1	1	0	0
1	1	UID250364	1	1	0	0
1	1	UID250365	1	1	0	0
1	1	UID250366	1	1	0	0
1	1	UID250369	1	1	0	0
1	1	UID250374	1	1	0	0
1	1	UID250459	1	1	0	0
1	1	UID250463	1	1	0	0
1	1	UID250483	1	1	0	0
1	1	UID250496	1	1	0	0
1	1	UID250501	1	1	0	0
1	1	UID250508	1	1	0	0
1	1	UID250510	1	1	0	0
1	1	UID250512	1	1	0	0
1	1	UID250524	1	1	0	0
1	1	UID250571	1	1	0	0
1	1	UID250573	1	1	0	0
1	1	UID250575	1	1	0	0
1	1	UID250578	1	1	0	0
1	1	UID250580	1	1	0	0
1	1	UID250583	1	1	0	0
1	1	UID250585	1	1	0	0
1	1	UID250586	1	1	0	0
1	1	UID250594	1	1	0	0
3	3	UID250595	1	3	2	2
1	1	UID250598	1	1	0	0
1	1	UID250601	1	1	0	0
1	1	UID250608	1	1	0	0
1	1	UID250610	1	1	0	0
1	1	UID250613	1	1	0	0
1	1	UID250614	1	1	0	0
1	1	UID250615	1	1	0	0
1	1	UID250616	1	1	0	0
1	1	UID250617	1	1	0	0
1	1	UID250633	1	1	0	0
1	1	UID250634	1	1	0	0
1	1	UID250645	1	1	0	0
1	1	UID250652	1	1	0	0
1	1	UID250653	1	1	0	0
1	1	UID250654	1	1	0	0
1	1	UID250656	1	1	0	0
1	1	UID250657	1	1	0	0
1	1	UID250659	1	1	0	0
1	1	UID250662	1	1	0	0
1	1	UID250668	1	1	0	0
1	1	UID250670	1	1	0	0
1	1	UID250679	1	1	0	0
1	1	UID250724	1	1	0	0
1	1	UID250736	1	1	0	0
1	1	UID250745	1	1	0	0
1	1	UID250752	1	1	0	0
1	1	UID250753	1	1	0	0
1	1	UID250754	1	1	0	0
1	1	UID250755	1	1	0	0
1	1	UID250756	1	1	0	0
1	1	UID250765	1	1	0	0
1	1	UID250767	1	1	0	0
1	1	UID250768	1	1	0	0
1	1	UID250771	1	1	0	0
1	1	UID250772	1	1	0	0
1	1	UID250821	1	1	0	0
1	1	UID250825	1	1	0	0
1	1	UID250831	1	1	0	0
1	1	UID250848	1	1	0	0
1	1	UID250963	1	1	0	0
1	1	UID250991	1	1	0	0
1	1	UID251027	1	1	0	0
1	1	UID251063	1	1	0	0
1	1	UID251099	1	1	0	0
1	1	UID251109	1	1	0	0
1	1	UID251134	1	1	0	0
1	1	UID251135	1	1	0	0
1	1	UID251137	1	1	0	0
1	1	UID251140	1	1	0	0
1	1	UID251158	1	1	0	0
1	1	UID251166	1	1	0	0
1	1	UID251167	1	1	0	0
1	1	UID251168	1	1	0	0
1	1	UID251183	1	1	0	0
1	1	UID251195	1	1	0	0
2	2	UID251208	1	2	1	1
1	1	UID251285	1	1	0	0
1	1	UID251288	1	1	0	0
1	1	UID251298	1	1	0	0
1	1	UID251332	1	1	0	0
1	1	UID251358	1	1	0	0
1	1	UID251362	1	1	0	0
1	1	UID251369	1	1	0	0
1	1	UID251379	1	1	0	0
1	1	UID251385	1	1	0	0
1	1	UID251413	1	1	0	0
1	1	UID251416	1	1	0	0
1	1	UID251418	1	1	0	0
1	1	UID251421	1	1	0	0
1	1	UID251429	1	1	0	0
1	1	UID251430	1	1	0	0
1	1	UID251443	1	1	0	0
1	1	UID251447	1	1	0	0
1	1	UID251466	1	1	0	0
1	1	UID251469	1	1	0	0
1	1	UID251476	1	1	0	0
1	1	UID251477	1	1	0	0
1	1	UID251485	1	1	0	0
1	1	UID251486	1	1	0	0
1	1	UID251491	1	1	0	0
1	1	UID251492	1	1	0	0
1	1	UID251497	1	1	0	0
1	1	UID251499	1	1	0	0
1	1	UID251501	1	1	0	0
1	1	UID251516	1	1	0	0
1	1	UID251517	1	1	0	0
1	1	UID251521	1	1	0	0
1	1	UID251523	1	1	0	0
1	1	UID251524	1	1	0	0
1	1	UID251525	1	1	0	0
1	1	UID251526	1	1	0	0
1	1	UID251531	1	1	0	0
1	1	UID251532	1	1	0	0
1	1	UID251533	1	1	0	0
1	1	UID251592	1	1	0	0
1	1	UID251639	1	1	0	0
1	1	UID251640	1	1	0	0
1	1	UID251642	1	1	0	0
1	1	UID251643	1	1	0	0
1	1	UID251646	1	1	0	0
1	1	UID251655	1	1	0	0
1	1	UID251659	1	1	0	0
1	1	UID251660	1	1	0	0
1	1	UID251665	1	1	0	0
1	1	UID251667	1	1	0	0
1	1	UID251668	1	1	0	0
1	1	UID251669	1	1	0	0
1	1	UID251670	1	1	0	0
1	1	UID251677	1	1	0	0
1	1	UID251683	1	1	0	0
1	1	UID251686	1	1	0	0
1	1	UID251693	1	1	0	0
1	1	UID251694	1	1	0	0
1	1	UID251705	1	1	0	0
1	1	UID251780	1	1	0	0
1	1	UID251810	1	1	0	0
1	1	UID251811	1	1	0	0
1	1	UID251848	1	1	0	0
1	1	UID251852	1	1	0	0
1	1	UID251881	1	1	0	0
1	1	UID251887	1	1	0	0
1	1	UID251897	1	1	0	0
1	1	UID251902	1	1	0	0
1	1	UID251905	1	1	0	0
1	1	UID251917	1	1	0	0
1	1	UID251926	1	1	0	0
1	1	UID251927	1	1	0	0
1	1	UID251937	1	1	0	0
1	1	UID251943	1	1	0	0
1	1	UID251983	1	1	0	0
1	1	UID251986	1	1	0	0
1	1	UID251988	1	1	0	0
1	1	UID251990	1	1	0	0
1	1	UID252000	1	1	0	0
1	1	UID252027	1	1	0	0
1	1	UID252080	1	1	0	0
1	1	UID252096	1	1	0	0
1	1	UID252103	1	1	0	0
1	1	UID252113	1	1	0	0
1	1	UID252122	1	1	0	0
1	1	UID252124	1	1	0	0
1	1	UID252130	1	1	0	0
1	1	UID252226	1	1	0	0
1	1	UID252253	1	1	0	0
1	1	UID252280	1	1	0	0
1	1	UID252281	1	1	0	0
1	1	UID252290	1	1	0	0
1	1	UID252294	1	1	0	0
1	1	UID252302	1	1	0	0
1	1	UID252321	1	1	0	0
1	1	UID252324	1	1	0	0
1	1	UID252327	1	1	0	0
1	1	UID252343	1	1	0	0
1	1	UID252358	1	1	0	0
1	1	UID252365	1	1	0	0
1	1	UID252445	1	1	0	0
1	1	UID252466	1	1	0	0
1	1	UID252470	1	1	0	0
1	1	UID252475	1	1	0	0
1	1	UID252479	1	1	0	0
1	1	UID252564	1	1	0	0
1	1	UID252590	1	1	0	0
1	1	UID252593	1	1	0	0
1	1	UID252606	1	1	0	0
1	1	UID252626	1	1	0	0
1	1	UID252632	1	1	0	0
1	1	UID252644	1	1	0	0
1	1	UID252648	1	1	0	0
1	1	UID252688	1	1	0	0
1	1	UID252693	1	1	0	0
1	1	UID252699	1	1	0	0
1	1	UID252706	1	1	0	0
1	1	UID252730	1	1	0	0
1	1	UID252742	1	1	0	0
1	1	UID252763	1	1	0	0
1	1	UID252769	1	1	0	0
1	1	UID252784	1	1	0	0
1	1	UID252788	1	1	0	0
1	1	UID252794	1	1	0	0
1	1	UID252811	1	1	0	0
1	1	UID252819	1	1	0	0
1	1	UID252836	1	1	0	0
1	1	UID252854	1	1	0	0
1	1	UID252857	1	1	0	0
1	1	UID252889	1	1	0	0
1	1	UID252917	1	1	0	0
1	1	UID252919	1	1	0	0
1	1	UID252920	1	1	0	0
1	1	UID252923	1	1	0	0
1	1	UID252924	1	1	0	0
1	1	UID252926	1	1	0	0
1	1	UID252945	1	1	0	0
1	1	UID252954	1	1	0	0
1	1	UID252955	1	1	0	0
1	1	UID252956	1	1	0	0
1	1	UID252959	1	1	0	0
1	1	UID252976	1	1	0	0
1	1	UID252981	1	1	0	0
1	1	UID252983	1	1	0	0
1	1	UID252994	1	1	0	0
1	1	UID253013	1	1	0	0
1	1	UID253069	1	1	0	0
1	1	UID253104	1	1	0	0
1	1	UID253105	1	1	0	0
1	1	UID253130	1	1	0	0
1	1	UID253145	1	1	0	0
1	1	UID253183	1	1	0	0
1	1	UID253188	1	1	0	0
1	1	UID253205	1	1	0	0
1	1	UID253206	1	1	0	0
1	1	UID253291	1	1	0	0
1	1	UID253294	1	1	0	0
1	1	UID253323	1	1	0	0
1	1	UID253329	1	1	0	0
1	1	UID253349	1	1	0	0
1	1	UID253355	1	1	0	0
1	1	UID253359	1	1	0	0
1	1	UID253366	1	1	0	0
1	1	UID253367	1	1	0	0
1	1	UID253378	1	1	0	0
1	1	UID253380	1	1	0	0
1	1	UID253420	1	1	0	0
1	1	UID253443	1	1	0	0
1	1	UID253510	1	1	0	0
1	1	UID253540	1	1	0	0
1	1	UID253563	1	1	0	0
1	1	UID253565	1	1	0	0
1	1	UID253572	1	1	0	0
1	1	UID253582	1	1	0	0
1	1	UID253583	1	1	0	0
1	1	UID253584	1	1	0	0
1	1	UID253590	1	1	0	0
1	1	UID253601	1	1	0	0
1	1	UID253603	1	1	0	0
1	1	UID253608	1	1	0	0
1	1	UID253624	1	1	0	0
1	1	UID253720	1	1	0	0
1	1	UID253765	1	1	0	0
1	1	UID253780	1	1	0	0
1	1	UID253801	1	1	0	0
1	1	UID253804	1	1	0	0
2	2	UID253842	1	2	1	1
1	1	UID253859	1	1	0	0
1	1	UID253866	1	1	0	0
1	1	UID253915	1	1	0	0
1	1	UID253940	1	1	0	0
1	1	UID253955	1	1	0	0
1	1	UID253958	1	1	0	0
1	1	UID253959	1	1	0	0
1	1	UID253961	1	1	0	0
1	1	UID253978	1	1	0	0
1	1	UID253984	1	1	0	0
1	1	UID253995	1	1	0	0
1	1	UID254022	1	1	0	0
1	1	UID254087	1	1	0	0
1	1	UID254123	1	1	0	0
1	1	UID254134	1	1	0	0
1	1	UID254139	1	1	0	0
1	1	UID254141	1	1	0	0
1	1	UID254153	1	1	0	0
1	1	UID254155	1	1	0	0
1	1	UID254173	1	1	0	0
1	1	UID254175	1	1	0	0
1	1	UID254176	1	1	0	0
1	1	UID254191	1	1	0	0
1	1	UID254197	1	1	0	0
1	1	UID254242	1	1	0	0
1	1	UID254243	1	1	0	0
1	1	UID254245	1	1	0	0
1	1	UID254263	1	1	0	0
1	1	UID254300	1	1	0	0
1	1	UID254349	1	1	0	0
1	1	UID254352	1	1	0	0
1	1	UID254370	1	1	0	0
1	1	UID254372	1	1	0	0
1	1	UID254375	1	1	0	0
1	1	UID254379	1	1	0	0
1	1	UID254390	1	1	0	0
1	1	UID254431	1	1	0	0
1	1	UID254456	1	1	0	0
1	1	UID254462	1	1	0	0
1	1	UID254465	1	1	0	0
1	1	UID254551	1	1	0	0
1	1	UID254581	1	1	0	0
1	1	UID254588	1	1	0	0
1	1	UID254589	1	1	0	0
1	1	UID254636	1	1	0	0
1	1	UID254638	1	1	0	0
1	1	UID254758	1	1	0	0
1	1	UID254763	1	1	0	0
1	1	UID254866	1	1	0	0
1	1	UID254877	1	1	0	0
1	1	UID254887	1	1	0	0
1	1	UID254907	1	1	0	0
1	1	UID254911	1	1	0	0
1	1	UID254912	1	1	0	0
1	1	UID254913	1	1	0	0
1	1	UID254919	1	1	0	0
1	1	UID254922	1	1	0	0
1	1	UID254928	1	1	0	0
1	1	UID254933	1	1	0	0
1	1	UID254950	1	1	0	0
1	1	UID254957	1	1	0	0
1	1	UID254966	1	1	0	0
1	1	UID254971	1	1	0	0
1	1	UID254978	1	1	0	0
1	1	UID254986	1	1	0	0
1	1	UID254987	1	1	0	0
1	1	UID255006	1	1	0	0
1	1	UID255008	1	1	0	0
1	1	UID255022	1	1	0	0
1	1	UID255104	1	1	0	0
1	1	UID255186	1	1	0	0
1	1	UID255251	1	1	0	0
1	1	UID255310	1	1	0	0
1	1	UID255319	1	1	0	0
1	1	UID255354	1	1	0	0
1	1	UID255379	1	1	0	0
1	1	UID255391	1	1	0	0
2	2	UID255404	1	2	1	1
1	1	UID255480	1	1	0	0
1	1	UID255493	1	1	0	0
1	1	UID255497	1	1	0	0
1	1	UID255508	1	1	0	0
1	1	UID255558	1	1	0	0
1	1	UID255559	1	1	0	0
1	1	UID255561	1	1	0	0
1	1	UID255570	1	1	0	0
1	1	UID255575	1	1	0	0
1	1	UID255610	1	1	0	0
1	1	UID255703	1	1	0	0
1	1	UID255707	1	1	0	0
1	1	UID255724	1	1	0	0
1	1	UID255822	1	1	0	0
1	1	UID255829	1	1	0	0
1	1	UID255841	1	1	0	0
1	1	UID255851	1	1	0	0
1	1	UID255866	1	1	0	0
1	1	UID255873	1	1	0	0
1	1	UID255875	1	1	0	0
1	1	UID255946	1	1	0	0
1	1	UID255974	1	1	0	0
1	1	UID255988	1	1	0	0
1	1	UID256000	1	1	0	0
1	1	UID256002	1	1	0	0
1	1	UID256004	1	1	0	0
1	1	UID256006	1	1	0	0
1	1	UID256021	1	1	0	0
1	1	UID256030	1	1	0	0
1	1	UID256046	1	1	0	0
1	1	UID256047	1	1	0	0
1	1	UID256064	1	1	0	0
1	1	UID256225	1	1	0	0
1	1	UID256286	1	1	0	0
1	1	UID256301	1	1	0	0
1	1	UID256308	1	1	0	0
1	1	UID256314	1	1	0	0
1	1	UID256315	1	1	0	0
1	1	UID256355	1	1	0	0
1	1	UID256388	1	1	0	0
1	1	UID256396	1	1	0	0
1	1	UID256428	1	1	0	0
2	2	UID256450	1	2	1	1
1	1	UID256455	1	1	0	0
1	1	UID256488	1	1	0	0
1	1	UID256502	1	1	0	0
1	1	UID256513	1	1	0	0
1	1	UID256515	1	1	0	0
1	1	UID256623	1	1	0	0
1	1	UID256634	1	1	0	0
1	1	UID256644	1	1	0	0
1	1	UID256656	1	1	0	0
1	1	UID256667	1	1	0	0
1	1	UID256693	1	1	0	0
1	1	UID256704	1	1	0	0
1	1	UID256726	1	1	0	0
1	1	UID256735	1	1	0	0
1	1	UID256746	1	1	0	0
1	1	UID256770	1	1	0	0
1	1	UID256782	1	1	0	0
1	1	UID256879	1	1	0	0
1	1	UID256953	1	1	0	0
1	1	UID256954	1	1	0	0
1	1	UID256955	1	1	0	0
1	1	UID256985	1	1	0	0
1	1	UID257050	1	1	0	0
1	1	UID257051	1	1	0	0
1	1	UID257121	1	1	0	0
1	1	UID257133	1	1	0	0
1	1	UID257204	1	1	0	0
1	1	UID257322	1	1	0	0
1	1	UID257329	1	1	0	0
1	1	UID257330	1	1	0	0
1	1	UID257338	1	1	0	0
1	1	UID257359	1	1	0	0
1	1	UID257431	1	1	0	0
1	1	UID257463	1	1	0	0
1	1	UID257473	1	1	0	0
1	1	UID257519	1	1	0	0
1	1	UID257617	1	1	0	0
1	1	UID257630	1	1	0	0
1	1	UID257631	1	1	0	0
1	1	UID257647	1	1	0	0
1	1	UID257695	1	1	0	0
1	1	UID257805	1	1	0	0
1	1	UID257813	1	1	0	0
1	1	UID257823	1	1	0	0
1	1	UID257826	1	1	0	0
1	1	UID257991	1	1	0	0
1	1	UID258057	1	1	0	0
1	1	UID258138	1	1	0	0
1	1	UID258142	1	1	0	0
1	1	UID258210	1	1	0	0
1	1	UID258234	1	1	0	0
1	1	UID258239	1	1	0	0
1	1	UID258248	1	1	0	0
1	1	UID258278	1	1	0	0
1	1	UID258361	1	1	0	0
1	1	UID258380	1	1	0	0
1	1	UID258411	1	1	0	0
1	1	UID258412	1	1	0	0
1	1	UID258429	1	1	0	0
1	1	UID258432	1	1	0	0
1	1	UID258433	1	1	0	0
1	1	UID258537	1	1	0	0
1	1	UID258545	1	1	0	0
1	1	UID258594	1	1	0	0
1	1	UID258612	1	1	0	0
1	1	UID258660	1	1	0	0
1	1	UID258666	1	1	0	0
1	1	UID258668	1	1	0	0
1	1	UID258697	1	1	0	0
1	1	UID258738	1	1	0	0
1	1	UID258898	1	1	0	0
1	1	UID259107	1	1	0	0
1	1	UID259247	1	1	0	0
3	3	UID259701	1	3	1	1
1	1	UID259716	1	1	0	0
1	1	UID259775	1	1	0	0
1	1	UID260109	1	1	0	0
1	1	UID260112	1	1	0	0
1	1	UID260115	1	1	0	0
1	1	UID260121	1	1	0	0
1	1	UID260185	1	1	0	0
1	1	UID260276	1	1	0	0
1	1	UID260407	1	1	0	0
1	1	UID260413	1	1	0	0
1	1	UID260414	1	1	0	0
1	1	UID260528	1	1	0	0
1	1	UID260557	1	1	0	0
1	1	UID260612	1	1	0	0
1	1	UID260727	1	1	0	0
1	1	UID260752	1	1	0	0
1	1	UID260758	1	1	0	0
1	1	UID260780	1	1	0	0
1	1	UID260805	1	1	0	0
1	1	UID260809	1	1	0	0
1	1	UID260904	1	1	0	0
1	1	UID260924	1	1	0	0
1	1	UID260947	1	1	0	0
1	1	UID260950	1	1	0	0
1	1	UID261021	1	1	0	0
1	1	UID261049	1	1	0	0
1	1	UID261114	1	1	0	0
1	1	UID261196	1	1	0	0
1	1	UID261214	1	1	0	0
1	1	UID261219	1	1	0	0
1	1	UID261280	1	1	0	0
1	1	UID261286	1	1	0	0
1	1	UID261288	1	1	0	0
1	1	UID261290	1	1	0	0
1	1	UID261311	1	1	0	0
1	1	UID261356	1	1	0	0
1	1	UID261357	1	1	0	0
1	1	UID261361	1	1	0	0
1	1	UID261366	1	1	0	0
1	1	UID261369	1	1	0	0
1	1	UID261372	1	1	0	0
1	1	UID261373	1	1	0	0
1	1	UID261374	1	1	0	0
1	1	UID261379	1	1	0	0
1	1	UID261382	1	1	0	0
1	1	UID261437	1	1	0	0
1	1	UID261444	1	1	0	0
1	1	UID261463	1	1	0	0
1	1	UID261464	1	1	0	0
1	1	UID261466	1	1	0	0
1	1	UID261472	1	1	0	0
1	1	UID261474	1	1	0	0
1	1	UID261478	1	1	0	0
1	1	UID261480	1	1	0	0
1	1	UID261484	1	1	0	0
1	1	UID261487	1	1	0	0
1	1	UID261495	1	1	0	0
1	1	UID261505	1	1	0	0
1	1	UID261508	1	1	0	0
1	1	UID261537	1	1	0	0
1	1	UID261538	1	1	0	0
1	1	UID261562	1	1	0	0
1	1	UID261569	1	1	0	0
1	1	UID261625	1	1	0	0
1	1	UID261628	1	1	0	0
1	1	UID261633	1	1	0	0
1	1	UID261639	1	1	0	0
1	1	UID261640	1	1	0	0
1	1	UID261641	1	1	0	0
1	1	UID261644	1	1	0	0
1	1	UID261645	1	1	0	0
1	1	UID261647	1	1	0	0
1	1	UID261653	1	1	0	0
1	1	UID261663	1	1	0	0
1	1	UID261669	1	1	0	0
1	1	UID261705	1	1	0	0
1	1	UID261723	1	1	0	0
1	1	UID261727	1	1	0	0
1	1	UID261741	1	1	0	0
1	1	UID261779	1	1	0	0
1	1	UID261804	1	1	0	0
1	1	UID261812	1	1	0	0
1	1	UID261844	1	1	0	0
1	1	UID261847	1	1	0	0
1	1	UID261876	1	1	0	0
1	1	UID261937	1	1	0	0
1	1	UID261959	1	1	0	0
1	1	UID261995	1	1	0	0
1	1	UID262068	1	1	0	0
1	1	UID262073	1	1	0	0
1	1	UID262161	1	1	0	0
1	1	UID262186	1	1	0	0
1	1	UID262193	1	1	0	0
1	1	UID262197	1	1	0	0
1	1	UID262246	1	1	0	0
1	1	UID262248	1	1	0	0
1	1	UID262249	1	1	0	0
1	1	UID262314	1	1	0	0
1	1	UID262369	1	1	0	0
1	1	UID262486	1	1	0	0
1	1	UID262512	1	1	0	0
1	1	UID262566	1	1	0	0
1	1	UID262576	1	1	0	0
1	1	UID262630	1	1	0	0
1	1	UID262654	1	1	0	0
1	1	UID262670	1	1	0	0
1	1	UID262674	1	1	0	0
1	1	UID262720	1	1	0	0
1	1	UID262721	1	1	0	0
1	1	UID262815	1	1	0	0
1	1	UID262827	1	1	0	0
1	1	UID262839	1	1	0	0
1	1	UID262841	1	1	0	0
1	1	UID262843	1	1	0	0
1	1	UID262845	1	1	0	0
1	1	UID262877	1	1	0	0
1	1	UID262947	1	1	0	0
1	1	UID262949	1	1	0	0
1	1	UID262962	1	1	0	0
1	1	UID263001	1	1	0	0
1	1	UID263079	1	1	0	0
1	1	UID263089	1	1	0	0
1	1	UID263109	1	1	0	0
1	1	UID263111	1	1	0	0
1	1	UID263134	1	1	0	0
1	1	UID263136	1	1	0	0
1	1	UID263184	1	1	0	0
1	1	UID263226	1	1	0	0
1	1	UID263230	1	1	0	0
1	1	UID263296	1	1	0	0
1	1	UID263318	1	1	0	0
1	1	UID263325	1	1	0	0
1	1	UID263339	1	1	0	0
1	1	UID263340	1	1	0	0
1	1	UID263398	1	1	0	0
1	1	UID263401	1	1	0	0
1	1	UID263435	1	1	0	0
1	1	UID263436	1	1	0	0
1	1	UID263437	1	1	0	0
1	1	UID263504	1	1	0	0
1	1	UID263523	1	1	0	0
1	1	UID263529	1	1	0	0
1	1	UID263543	1	1	0	0
1	1	UID263544	1	1	0	0
1	1	UID263546	1	1	0	0
1	1	UID263558	1	1	0	0
1	1	UID263574	1	1	0	0
1	1	UID263575	1	1	0	0
1	1	UID263579	1	1	0	0
1	1	UID263587	1	1	0	0
1	1	UID263636	1	1	0	0
1	1	UID263668	1	1	0	0
1	1	UID263687	1	1	0	0
1	1	UID263697	1	1	0	0
1	1	UID263699	1	1	0	0
1	1	UID263705	1	1	0	0
1	1	UID263709	1	1	0	0
1	1	UID263710	1	1	0	0
1	1	UID263716	1	1	0	0
1	1	UID263734	1	1	0	0
1	1	UID263814	1	1	0	0
1	1	UID263827	1	1	0	0
1	1	UID263862	1	1	0	0
1	1	UID263909	1	1	0	0
1	1	UID263978	1	1	0	0
1	1	UID264053	1	1	0	0
1	1	UID264069	1	1	0	0
1	1	UID264071	1	1	0	0
1	1	UID264077	1	1	0	0
1	1	UID264108	1	1	0	0
1	1	UID264112	1	1	0	0
1	1	UID264142	1	1	0	0
1	1	UID264145	1	1	0	0
1	1	UID264174	1	1	0	0
1	1	UID264258	1	1	0	0
1	1	UID264316	1	1	0	0
1	1	UID264321	1	1	0	0
1	1	UID264324	1	1	0	0
1	1	UID264329	1	1	0	0
1	1	UID264340	1	1	0	0
1	1	UID264341	1	1	0	0
1	1	UID264362	1	1	0	0
1	1	UID264363	1	1	0	0
1	1	UID264408	1	1	0	0
1	1	UID264432	1	1	0	0
1	1	UID264458	1	1	0	0
1	1	UID264463	1	1	0	0
1	1	UID264465	1	1	0	0
1	1	UID264487	1	1	0	0
1	1	UID264489	1	1	0	0
1	1	UID264493	1	1	0	0
1	1	UID264499	1	1	0	0
1	1	UID264596	1	1	0	0
1	1	UID264615	1	1	0	0
1	1	UID264618	1	1	0	0
1	1	UID264636	1	1	0	0
1	1	UID264640	1	1	0	0
1	1	UID264644	1	1	0	0
1	1	UID264655	1	1	0	0
1	1	UID264656	1	1	0	0
1	1	UID264658	1	1	0	0
1	1	UID264667	1	1	0	0
1	1	UID264668	1	1	0	0
1	1	UID264691	1	1	0	0
1	1	UID264697	1	1	0	0
1	1	UID264705	1	1	0	0
1	1	UID264708	1	1	0	0
1	1	UID264712	1	1	0	0
1	1	UID264715	1	1	0	0
1	1	UID264719	1	1	0	0
1	1	UID264722	1	1	0	0
1	1	UID264727	1	1	0	0
1	1	UID264744	1	1	0	0
1	1	UID264745	1	1	0	0
1	1	UID264808	1	1	0	0
1	1	UID264873	1	1	0	0
1	1	UID264876	1	1	0	0
1	1	UID264895	1	1	0	0
1	1	UID264917	1	1	0	0
1	1	UID265014	1	1	0	0
1	1	UID265030	1	1	0	0
1	1	UID265040	1	1	0	0
1	1	UID265043	1	1	0	0
1	1	UID265052	1	1	0	0
1	1	UID265056	1	1	0	0
1	1	UID265071	1	1	0	0
1	1	UID265076	1	1	0	0
1	1	UID265080	1	1	0	0
1	1	UID265142	1	1	0	0
1	1	UID265144	1	1	0	0
1	1	UID265170	1	1	0	0
1	1	UID265178	1	1	0	0
1	1	UID265275	1	1	0	0
1	1	UID265336	1	1	0	0
1	1	UID265342	1	1	0	0
1	1	UID265375	1	1	0	0
1	1	UID265510	1	1	0	0
1	1	UID265602	1	1	0	0
1	1	UID265611	1	1	0	0
1	1	UID265612	1	1	0	0
1	1	UID265615	1	1	0	0
1	1	UID265656	1	1	0	0
1	1	UID265658	1	1	0	0
1	1	UID265666	1	1	0	0
1	1	UID265667	1	1	0	0
1	1	UID265668	1	1	0	0
1	1	UID265670	1	1	0	0
1	1	UID265671	1	1	0	0
1	1	UID265674	1	1	0	0
1	1	UID265675	1	1	0	0
1	1	UID265717	1	1	0	0
1	1	UID265719	1	1	0	0
1	1	UID265810	1	1	0	0
1	1	UID265856	1	1	0	0
1	1	UID265860	1	1	0	0
1	1	UID265897	1	1	0	0
1	1	UID265907	1	1	0	0
1	1	UID265908	1	1	0	0
1	1	UID265913	1	1	0	0
1	1	UID265919	1	1	0	0
1	1	UID266010	1	1	0	0
1	1	UID266023	1	1	0	0
1	1	UID266025	1	1	0	0
1	1	UID266072	1	1	0	0
1	1	UID266084	1	1	0	0
1	1	UID266086	1	1	0	0
1	1	UID266087	1	1	0	0
1	1	UID266088	1	1	0	0
1	1	UID266094	1	1	0	0
1	1	UID266098	1	1	0	0
1	1	UID266100	1	1	0	0
1	1	UID266103	1	1	0	0
1	1	UID266124	1	1	0	0
1	1	UID266130	1	1	0	0
1	1	UID266141	1	1	0	0
1	1	UID266142	1	1	0	0
1	1	UID266148	1	1	0	0
1	1	UID266167	1	1	0	0
1	1	UID266186	1	1	0	0
1	1	UID266228	1	1	0	0
1	1	UID266281	1	1	0	0
1	1	UID266316	1	1	0	0
1	1	UID266369	1	1	0	0
1	1	UID266411	1	1	0	0
1	1	UID266432	1	1	0	0
1	1	UID266434	1	1	0	0
1	1	UID266442	1	1	0	0
1	1	UID266455	1	1	0	0
1	1	UID266507	1	1	0	0
1	1	UID266540	1	1	0	0
1	1	UID266547	1	1	0	0
1	1	UID266582	1	1	0	0
1	1	UID266593	1	1	0	0
1	1	UID266595	1	1	0	0
1	1	UID266611	1	1	0	0
1	1	UID266700	1	1	0	0
1	1	UID266744	1	1	0	0
1	1	UID266757	1	1	0	0
1	1	UID266782	1	1	0	0
1	1	UID266803	1	1	0	0
2	2	UID266898	1	2	1	1
1	1	UID266904	1	1	0	0
1	1	UID266905	1	1	0	0
1	1	UID266925	1	1	0	0
1	1	UID266941	1	1	0	0
1	1	UID266945	1	1	0	0
1	1	UID266953	1	1	0	0
1	1	UID266957	1	1	0	0
1	1	UID266965	1	1	0	0
1	1	UID266967	1	1	0	0
1	1	UID266971	1	1	0	0
1	1	UID267081	1	1	0	0
1	1	UID267141	1	1	0	0
1	1	UID267179	1	1	0	0
1	1	UID267180	1	1	0	0
1	1	UID267181	1	1	0	0
1	1	UID267202	1	1	0	0
1	1	UID267298	1	1	0	0
1	1	UID267322	1	1	0	0
1	1	UID267361	1	1	0	0
1	1	UID267447	1	1	0	0
1	1	UID267501	1	1	0	0
1	1	UID267516	1	1	0	0
1	1	UID267520	1	1	0	0
1	1	UID267525	1	1	0	0
1	1	UID267545	1	1	0	0
1	1	UID267546	1	1	0	0
1	1	UID267571	1	1	0	0
1	1	UID267685	1	1	0	0
1	1	UID267739	1	1	0	0
1	1	UID267773	1	1	0	0
1	1	UID267779	1	1	0	0
1	1	UID267842	1	1	0	0
1	1	UID267856	1	1	0	0
1	1	UID267863	1	1	0	0
1	1	UID267878	1	1	0	0
1	1	UID267934	1	1	0	0
1	1	UID267938	1	1	0	0
1	1	UID267948	1	1	0	0
1	1	UID267951	1	1	0	0
1	1	UID267953	1	1	0	0
1	1	UID267957	1	1	0	0
1	1	UID267979	1	1	0	0
1	1	UID267994	1	1	0	0
1	1	UID268015	1	1	0	0
1	1	UID268035	1	1	0	0
1	1	UID268088	1	1	0	0
1	1	UID268104	1	1	0	0
1	1	UID268107	1	1	0	0
1	1	UID268118	1	1	0	0
1	1	UID268125	1	1	0	0
1	1	UID268137	1	1	0	0
1	1	UID268148	1	1	0	0
1	1	UID268155	1	1	0	0
1	1	UID268162	1	1	0	0
1	1	UID268170	1	1	0	0
1	1	UID268177	1	1	0	0
1	1	UID268187	1	1	0	0
1	1	UID268194	1	1	0	0
1	1	UID268201	1	1	0	0
1	1	UID268204	1	1	0	0
1	1	UID268206	1	1	0	0
1	1	UID268224	1	1	0	0
1	1	UID268227	1	1	0	0
1	1	UID268229	1	1	0	0
1	1	UID268230	1	1	0	0
1	1	UID268368	1	1	0	0
1	1	UID268385	1	1	0	0
1	1	UID268412	1	1	0	0
1	1	UID268415	1	1	0	0
1	1	UID268426	1	1	0	0
1	1	UID268428	1	1	0	0
1	1	UID268441	1	1	0	0
1	1	UID268531	1	1	0	0
1	1	UID268627	1	1	0	0
1	1	UID268649	1	1	0	0
1	1	UID268654	1	1	0	0
1	1	UID268655	1	1	0	0
1	1	UID268708	1	1	0	0
1	1	UID268740	1	1	0	0
1	1	UID268754	1	1	0	0
1	1	UID268761	1	1	0	0
1	1	UID268790	1	1	0	0
1	1	UID268796	1	1	0	0
1	1	UID268872	1	1	0	0
1	1	UID268900	1	1	0	0
1	1	UID268932	1	1	0	0
1	1	UID268943	1	1	0	0
1	1	UID268954	1	1	0	0
1	1	UID268969	1	1	0	0
1	1	UID268971	1	1	0	0
1	1	UID268979	1	1	0	0
1	1	UID268980	1	1	0	0
1	1	UID269016	1	1	0	0
1	1	UID269084	1	1	0	0
1	1	UID269096	1	1	0	0
1	1	UID269125	1	1	0	0
1	1	UID269126	1	1	0	0
1	1	UID269133	1	1	0	0
1	1	UID269162	1	1	0	0
1	1	UID269179	1	1	0	0
1	1	UID269191	1	1	0	0
1	1	UID269194	1	1	0	0
1	1	UID269200	1	1	0	0
1	1	UID269218	1	1	0	0
1	1	UID269221	1	1	0	0
1	1	UID269278	1	1	0	0
1	1	UID269294	1	1	0	0
1	1	UID269305	1	1	0	0
1	1	UID269312	1	1	0	0
1	1	UID269314	1	1	0	0
1	1	UID269329	1	1	0	0
1	1	UID269332	1	1	0	0
1	1	UID269337	1	1	0	0
1	1	UID269338	1	1	0	0
1	1	UID269355	1	1	0	0
1	1	UID269358	1	1	0	0
1	1	UID269373	1	1	0	0
1	1	UID269383	1	1	0	0
1	1	UID269398	1	1	0	0
1	1	UID269410	1	1	0	0
1	1	UID269412	1	1	0	0
1	1	UID269413	1	1	0	0
1	1	UID269415	1	1	0	0
1	1	UID269433	1	1	0	0
1	1	UID269543	1	1	0	0
1	1	UID269544	1	1	0	0
1	1	UID269557	1	1	0	0
1	1	UID269573	1	1	0	0
1	1	UID269576	1	1	0	0
1	1	UID269577	1	1	0	0
1	1	UID269578	1	1	0	0
1	1	UID269579	1	1	0	0
1	1	UID269588	1	1	0	0
1	1	UID269621	1	1	0	0
1	1	UID269624	1	1	0	0
1	1	UID269672	1	1	0	0
1	1	UID269676	1	1	0	0
1	1	UID269682	1	1	0	0
1	1	UID269754	1	1	0	0
1	1	UID269769	1	1	0	0
1	1	UID269770	1	1	0	0
1	1	UID269786	1	1	0	0
1	1	UID269804	1	1	0	0
1	1	UID269831	1	1	0	0
1	1	UID269833	1	1	0	0
1	1	UID269835	1	1	0	0
1	1	UID269846	1	1	0	0
1	1	UID269849	1	1	0	0
1	1	UID269869	1	1	0	0
1	1	UID269877	1	1	0	0
1	1	UID269878	1	1	0	0
1	1	UID269886	1	1	0	0
1	1	UID269887	1	1	0	0
1	1	UID269891	1	1	0	0
1	1	UID269895	1	1	0	0
1	1	UID269898	1	1	0	0
1	1	UID269901	1	1	0	0
1	1	UID269903	1	1	0	0
1	1	UID269926	1	1	0	0
1	1	UID269930	1	1	0	0
1	1	UID269931	1	1	0	0
1	1	UID269932	1	1	0	0
1	1	UID269933	1	1	0	0
1	1	UID269945	1	1	0	0
1	1	UID269968	1	1	0	0
1	1	UID269979	1	1	0	0
1	1	UID269982	1	1	0	0
1	1	UID270015	1	1	0	0
1	1	UID270040	1	1	0	0
1	1	UID270059	1	1	0	0
1	1	UID270112	1	1	0	0
1	1	UID270119	1	1	0	0
1	1	UID270136	1	1	0	0
1	1	UID270149	1	1	0	0
1	1	UID270218	1	1	0	0
1	1	UID270247	1	1	0	0
1	1	UID270270	1	1	0	0
1	1	UID270273	1	1	0	0
1	1	UID270279	1	1	0	0
1	1	UID270298	1	1	0	0
1	1	UID270328	1	1	0	0
1	1	UID270391	1	1	0	0
1	1	UID270420	1	1	0	0
1	1	UID270422	1	1	0	0
1	1	UID270423	1	1	0	0
1	1	UID270437	1	1	0	0
1	1	UID270447	1	1	0	0
1	1	UID270560	1	1	0	0
1	1	UID270562	1	1	0	0
1	1	UID270564	1	1	0	0
1	1	UID270566	1	1	0	0
1	1	UID270587	1	1	0	0
1	1	UID270593	1	1	0	0
1	1	UID270596	1	1	0	0
1	1	UID270601	1	1	0	0
1	1	UID270602	1	1	0	0
1	1	UID270603	1	1	0	0
1	1	UID270614	1	1	0	0
1	1	UID270648	1	1	0	0
1	1	UID270655	1	1	0	0
1	1	UID270661	1	1	0	0
1	1	UID270679	1	1	0	0
1	1	UID270727	1	1	0	0
1	1	UID270751	1	1	0	0
1	1	UID270757	1	1	0	0
1	1	UID270762	1	1	0	0
1	1	UID270782	1	1	0	0
1	1	UID270785	1	1	0	0
1	1	UID270799	1	1	0	0
1	1	UID270814	1	1	0	0
1	1	UID270825	1	1	0	0
1	1	UID270826	1	1	0	0
1	1	UID270876	1	1	0	0
1	1	UID270878	1	1	0	0
1	1	UID270937	1	1	0	0
1	1	UID270961	1	1	0	0
1	1	UID270969	1	1	0	0
1	1	UID270974	1	1	0	0
1	1	UID270983	1	1	0	0
1	1	UID270996	1	1	0	0
1	1	UID271011	1	1	0	0
1	1	UID271012	1	1	0	0
1	1	UID271026	1	1	0	0
1	1	UID271029	1	1	0	0
1	1	UID271038	1	1	0	0
1	1	UID271068	1	1	0	0
1	1	UID271073	1	1	0	0
1	1	UID271074	1	1	0	0
1	1	UID271076	1	1	0	0
1	1	UID271078	1	1	0	0
1	1	UID271079	1	1	0	0
1	1	UID271081	1	1	0	0
1	1	UID271082	1	1	0	0
1	1	UID271087	1	1	0	0
1	1	UID271094	1	1	0	0
1	1	UID271137	1	1	0	0
1	1	UID271151	1	1	0	0
1	1	UID271177	1	1	0	0
1	1	UID271195	1	1	0	0
1	1	UID271196	1	1	0	0
1	1	UID271316	1	1	0	0
1	1	UID271341	1	1	0	0
1	1	UID271356	1	1	0	0
1	1	UID271372	1	1	0	0
1	1	UID271389	1	1	0	0
1	1	UID271415	1	1	0	0
1	1	UID271491	1	1	0	0
1	1	UID271495	1	1	0	0
1	1	UID271496	1	1	0	0
1	1	UID271498	1	1	0	0
1	1	UID271500	1	1	0	0
1	1	UID271501	1	1	0	0
1	1	UID271503	1	1	0	0
1	1	UID271512	1	1	0	0
1	1	UID271530	1	1	0	0
1	1	UID271539	1	1	0	0
1	1	UID271548	1	1	0	0
1	1	UID271549	1	1	0	0
1	1	UID271566	1	1	0	0
1	1	UID271569	1	1	0	0
1	1	UID271576	1	1	0	0
1	1	UID271581	1	1	0	0
1	1	UID271582	1	1	0	0
1	1	UID271616	1	1	0	0
1	1	UID271683	1	1	0	0
1	1	UID271691	1	1	0	0
1	1	UID271693	1	1	0	0
1	1	UID271694	1	1	0	0
1	1	UID271699	1	1	0	0
1	1	UID271706	1	1	0	0
1	1	UID271720	1	1	0	0
1	1	UID271760	1	1	0	0
1	1	UID271762	1	1	0	0
1	1	UID271789	1	1	0	0
1	1	UID271804	1	1	0	0
1	1	UID271808	1	1	0	0
1	1	UID271814	1	1	0	0
1	1	UID271818	1	1	0	0
1	1	UID271840	1	1	0	0
1	1	UID271933	1	1	0	0
1	1	UID271940	1	1	0	0
1	1	UID271977	1	1	0	0
1	1	UID272046	1	1	0	0
1	1	UID272060	1	1	0	0
1	1	UID272065	1	1	0	0
1	1	UID272073	1	1	0	0
1	1	UID272119	1	1	0	0
1	1	UID272130	1	1	0	0
1	1	UID272134	1	1	0	0
1	1	UID272153	1	1	0	0
1	1	UID272247	1	1	0	0
1	1	UID272249	1	1	0	0
1	1	UID272250	1	1	0	0
1	1	UID272254	1	1	0	0
1	1	UID272257	1	1	0	0
1	1	UID272258	1	1	0	0
1	1	UID272312	1	1	0	0
1	1	UID272387	1	1	0	0
1	1	UID272388	1	1	0	0
1	1	UID272406	1	1	0	0
1	1	UID272427	1	1	0	0
1	1	UID272428	1	1	0	0
1	1	UID272446	1	1	0	0
1	1	UID272454	1	1	0	0
1	1	UID272463	1	1	0	0
1	1	UID272475	1	1	0	0
1	1	UID272492	1	1	0	0
1	1	UID272507	1	1	0	0
1	1	UID272510	1	1	0	0
1	1	UID272511	1	1	0	0
1	1	UID272529	1	1	0	0
1	1	UID272531	1	1	0	0
1	1	UID272532	1	1	0	0
1	1	UID272543	1	1	0	0
1	1	UID272545	1	1	0	0
1	1	UID272624	1	1	0	0
1	1	UID272649	1	1	0	0
1	1	UID272651	1	1	0	0
1	1	UID272672	1	1	0	0
1	1	UID272698	1	1	0	0
1	1	UID272715	1	1	0	0
1	1	UID272742	1	1	0	0
1	1	UID272754	1	1	0	0
1	1	UID272760	1	1	0	0
1	1	UID272761	1	1	0	0
1	1	UID272762	1	1	0	0
1	1	UID272763	1	1	0	0
1	1	UID272765	1	1	0	0
1	1	UID272767	1	1	0	0
1	1	UID272769	1	1	0	0
1	1	UID272772	1	1	0	0
1	1	UID272777	1	1	0	0
1	1	UID272780	1	1	0	0
1	1	UID272781	1	1	0	0
1	1	UID272782	1	1	0	0
1	1	UID272784	1	1	0	0
1	1	UID272785	1	1	0	0
1	1	UID272797	1	1	0	0
1	1	UID272798	1	1	0	0
1	1	UID272805	1	1	0	0
1	1	UID272812	1	1	0	0
1	1	UID272813	1	1	0	0
1	1	UID272815	1	1	0	0
1	1	UID272823	1	1	0	0
1	1	UID272825	1	1	0	0
1	1	UID272830	1	1	0	0
1	1	UID272831	1	1	0	0
1	1	UID272837	1	1	0	0
1	1	UID272838	1	1	0	0
1	1	UID272868	1	1	0	0
1	1	UID272883	1	1	0	0
1	1	UID272885	1	1	0	0
1	1	UID272888	1	1	0	0
1	1	UID272892	1	1	0	0
1	1	UID272900	1	1	0	0
1	1	UID272905	1	1	0	0
1	1	UID272906	1	1	0	0
1	1	UID272910	1	1	0	0
1	1	UID272913	1	1	0	0
1	1	UID272914	1	1	0	0
1	1	UID272915	1	1	0	0
1	1	UID272920	1	1	0	0
1	1	UID272933	1	1	0	0
1	1	UID272934	1	1	0	0
1	1	UID272946	1	1	0	0
1	1	UID272947	1	1	0	0
1	1	UID272951	1	1	0	0
1	1	UID272954	1	1	0	0
1	1	UID272993	1	1	0	0
1	1	UID273023	1	1	0	0
1	1	UID273095	1	1	0	0
1	1	UID273117	1	1	0	0
1	1	UID273127	1	1	0	0
1	1	UID273155	1	1	0	0
1	1	UID273181	1	1	0	0
1	1	UID273188	1	1	0	0
1	1	UID273192	1	1	0	0
1	1	UID273221	1	1	0	0
1	1	UID273225	1	1	0	0
1	1	UID273241	1	1	0	0
1	1	UID273253	1	1	0	0
1	1	UID273256	1	1	0	0
2	2	UID273319	1	2	1	1
1	1	UID273341	1	1	0	0
1	1	UID273373	1	1	0	0
1	1	UID273375	1	1	0	0
1	1	UID273414	1	1	0	0
1	1	UID273415	1	1	0	0
1	1	UID273416	1	1	0	0
1	1	UID273418	1	1	0	0
1	1	UID273419	1	1	0	0
1	1	UID273420	1	1	0	0
1	1	UID273425	1	1	0	0
1	1	UID273428	1	1	0	0
1	1	UID273430	1	1	0	0
1	1	UID273435	1	1	0	0
1	1	UID273436	1	1	0	0
1	1	UID273437	1	1	0	0
1	1	UID273444	1	1	0	0
1	1	UID273447	1	1	0	0
1	1	UID273450	1	1	0	0
1	1	UID273468	1	1	0	0
1	1	UID273475	1	1	0	0
1	1	UID273479	1	1	0	0
1	1	UID273483	1	1	0	0
1	1	UID273488	1	1	0	0
1	1	UID273491	1	1	0	0
1	1	UID273493	1	1	0	0
1	1	UID273495	1	1	0	0
1	1	UID273496	1	1	0	0
1	1	UID273497	1	1	0	0
1	1	UID273500	1	1	0	0
1	1	UID273519	1	1	0	0
1	1	UID273521	1	1	0	0
1	1	UID273527	1	1	0	0
1	1	UID273558	1	1	0	0
1	1	UID273582	1	1	0	0
1	1	UID273586	1	1	0	0
1	1	UID273592	1	1	0	0
1	1	UID273596	1	1	0	0
1	1	UID273600	1	1	0	0
1	1	UID273612	1	1	0	0
1	1	UID273617	1	1	0	0
1	1	UID273696	1	1	0	0
1	1	UID273700	1	1	0	0
1	1	UID273711	1	1	0	0
1	1	UID273727	1	1	0	0
1	1	UID273741	1	1	0	0
1	1	UID273745	1	1	0	0
1	1	UID273747	1	1	0	0
1	1	UID273770	1	1	0	0
1	1	UID273773	1	1	0	0
1	1	UID273788	1	1	0	0
1	1	UID273792	1	1	0	0
1	1	UID273802	1	1	0	0
1	1	UID273804	1	1	0	0
1	1	UID273807	1	1	0	0
1	1	UID273812	1	1	0	0
1	1	UID273888	1	1	0	0
1	1	UID273891	1	1	0	0
1	1	UID273895	1	1	0	0
1	1	UID273901	1	1	0	0
1	1	UID273904	1	1	0	0
1	1	UID273917	1	1	0	0
1	1	UID273921	1	1	0	0
1	1	UID273922	1	1	0	0
1	1	UID273932	1	1	0	0
1	1	UID273935	1	1	0	0
1	1	UID273953	1	1	0	0
1	1	UID273959	1	1	0	0
1	1	UID273986	1	1	0	0
1	1	UID274048	1	1	0	0
1	1	UID274070	1	1	0	0
1	1	UID274081	1	1	0	0
1	1	UID274111	1	1	0	0
1	1	UID274120	1	1	0	0
1	1	UID274151	1	1	0	0
1	1	UID274174	1	1	0	0
1	1	UID274276	1	1	0	0
1	1	UID274282	1	1	0	0
1	1	UID274305	1	1	0	0
1	1	UID274310	1	1	0	0
1	1	UID274325	1	1	0	0
1	1	UID274342	1	1	0	0
1	1	UID274343	1	1	0	0
1	1	UID274353	1	1	0	0
1	1	UID274369	1	1	0	0
1	1	UID274370	1	1	0	0
1	1	UID274371	1	1	0	0
1	1	UID274387	1	1	0	0
1	1	UID274461	1	1	0	0
1	1	UID274481	1	1	0	0
1	1	UID274482	1	1	0	0
1	1	UID274483	1	1	0	0
1	1	UID274501	1	1	0	0
1	1	UID274503	1	1	0	0
1	1	UID274512	1	1	0	0
1	1	UID274528	1	1	0	0
1	1	UID274535	1	1	0	0
1	1	UID274539	1	1	0	0
1	1	UID274555	1	1	0	0
1	1	UID274556	1	1	0	0
1	1	UID274564	1	1	0	0
1	1	UID274569	1	1	0	0
1	1	UID274571	1	1	0	0
1	1	UID274572	1	1	0	0
1	1	UID274573	1	1	0	0
1	1	UID274583	1	1	0	0
1	1	UID274590	1	1	0	0
1	1	UID274595	1	1	0	0
1	1	UID274647	1	1	0	0
1	1	UID274654	1	1	0	0
1	1	UID274679	1	1	0	0
1	1	UID274684	1	1	0	0
1	1	UID274687	1	1	0	0
1	1	UID274696	1	1	0	0
1	1	UID274703	1	1	0	0
1	1	UID274794	1	1	0	0
1	1	UID274815	1	1	0	0
1	1	UID274844	1	1	0	0
1	1	UID274855	1	1	0	0
1	1	UID274874	1	1	0	0
1	1	UID274881	1	1	0	0
1	1	UID274888	1	1	0	0
1	1	UID274900	1	1	0	0
1	1	UID274901	1	1	0	0
1	1	UID274911	1	1	0	0
1	1	UID274917	1	1	0	0
1	1	UID274922	1	1	0	0
1	1	UID274926	1	1	0	0
1	1	UID274938	1	1	0	0
1	1	UID274941	1	1	0	0
1	1	UID274943	1	1	0	0
1	1	UID275059	1	1	0	0
1	1	UID275063	1	1	0	0
1	1	UID275081	1	1	0	0
1	1	UID275105	1	1	0	0
1	1	UID275143	1	1	0	0
1	1	UID275166	1	1	0	0
1	1	UID275167	1	1	0	0
1	1	UID275195	1	1	0	0
1	1	UID275215	1	1	0	0
1	1	UID275220	1	1	0	0
1	1	UID275221	1	1	0	0
1	1	UID275222	1	1	0	0
1	1	UID275236	1	1	0	0
1	1	UID275248	1	1	0	0
1	1	UID275249	1	1	0	0
1	1	UID275253	1	1	0	0
1	1	UID275255	1	1	0	0
1	1	UID275257	1	1	0	0
1	1	UID275258	1	1	0	0
1	1	UID275274	1	1	0	0
1	1	UID275290	1	1	0	0
1	1	UID275359	1	1	0	0
1	1	UID275376	1	1	0	0
1	1	UID275394	1	1	0	0
1	1	UID275403	1	1	0	0
1	1	UID275421	1	1	0	0
1	1	UID275445	1	1	0	0
1	1	UID275446	1	1	0	0
1	1	UID275447	1	1	0	0
1	1	UID275457	1	1	0	0
1	1	UID275468	1	1	0	0
1	1	UID275579	1	1	0	0
1	1	UID275593	1	1	0	0
1	1	UID275628	1	1	0	0
1	1	UID275632	1	1	0	0
2	2	UID275636	1	2	1	1
1	1	UID275643	1	1	0	0
1	1	UID275658	1	1	0	0
1	1	UID275673	1	1	0	0
1	1	UID275706	1	1	0	0
1	1	UID275713	1	1	0	0
1	1	UID275834	1	1	0	0
1	1	UID275844	1	1	0	0
1	1	UID275854	1	1	0	0
1	1	UID275858	1	1	0	0
1	1	UID275896	1	1	0	0
1	1	UID275903	1	1	0	0
1	1	UID275910	1	1	0	0
1	1	UID275917	1	1	0	0
1	1	UID275928	1	1	0	0
1	1	UID275935	1	1	0	0
1	1	UID275936	1	1	0	0
1	1	UID275961	1	1	0	0
1	1	UID275969	1	1	0	0
1	1	UID275977	1	1	0	0
1	1	UID276083	1	1	0	0
1	1	UID276084	1	1	0	0
1	1	UID276127	1	1	0	0
1	1	UID276136	1	1	0	0
1	1	UID276151	1	1	0	0
1	1	UID276164	1	1	0	0
1	1	UID276166	1	1	0	0
1	1	UID276171	1	1	0	0
1	1	UID276172	1	1	0	0
1	1	UID276173	1	1	0	0
1	1	UID276174	1	1	0	0
1	1	UID276180	1	1	0	0
1	1	UID276181	1	1	0	0
1	1	UID276198	1	1	0	0
1	1	UID276211	1	1	0	0
1	1	UID276261	1	1	0	0
1	1	UID276308	1	1	0	0
1	1	UID276316	1	1	0	0
1	1	UID276334	1	1	0	0
1	1	UID276340	1	1	0	0
1	1	UID276354	1	1	0	0
1	1	UID276357	1	1	0	0
1	1	UID276359	1	1	0	0
1	1	UID276365	1	1	0	0
1	1	UID276371	1	1	0	0
1	1	UID276373	1	1	0	0
1	1	UID276375	1	1	0	0
1	1	UID276380	1	1	0	0
1	1	UID276382	1	1	0	0
1	1	UID276383	1	1	0	0
1	1	UID276384	1	1	0	0
1	1	UID276386	1	1	0	0
1	1	UID276478	1	1	0	0
1	1	UID276481	1	1	0	0
1	1	UID276487	1	1	0	0
1	1	UID276493	1	1	0	0
1	1	UID276494	1	1	0	0
1	1	UID276495	1	1	0	0
1	1	UID276496	1	1	0	0
1	1	UID276497	1	1	0	0
1	1	UID276498	1	1	0	0
1	1	UID276501	1	1	0	0
1	1	UID276503	1	1	0	0
1	1	UID276504	1	1	0	0
1	1	UID276507	1	1	0	0
1	1	UID276509	1	1	0	0
1	1	UID276520	1	1	0	0
1	1	UID276522	1	1	0	0
1	1	UID276523	1	1	0	0
1	1	UID276524	1	1	0	0
1	1	UID276525	1	1	0	0
1	1	UID276526	1	1	0	0
1	1	UID276527	1	1	0	0
1	1	UID276529	1	1	0	0
1	1	UID276530	1	1	0	0
1	1	UID276532	1	1	0	0
1	1	UID276533	1	1	0	0
1	1	UID276535	1	1	0	0
1	1	UID276536	1	1	0	0
1	1	UID276538	1	1	0	0
1	1	UID276539	1	1	0	0
1	1	UID276540	1	1	0	0
1	1	UID276547	1	1	0	0
1	1	UID276548	1	1	0	0
1	1	UID276550	1	1	0	0
1	1	UID276555	1	1	0	0
1	1	UID276565	1	1	0	0
1	1	UID276573	1	1	0	0
1	1	UID276589	1	1	0	0
1	1	UID276594	1	1	0	0
1	1	UID276597	1	1	0	0
1	1	UID276599	1	1	0	0
1	1	UID276606	1	1	0	0
1	1	UID276611	1	1	0	0
1	1	UID276613	1	1	0	0
1	1	UID276614	1	1	0	0
1	1	UID276617	1	1	0	0
1	1	UID276618	1	1	0	0
1	1	UID276619	1	1	0	0
1	1	UID276620	1	1	0	0
1	1	UID276626	1	1	0	0
1	1	UID276627	1	1	0	0
1	1	UID276633	1	1	0	0
1	1	UID276635	1	1	0	0
1	1	UID276642	1	1	0	0
1	1	UID276657	1	1	0	0
1	1	UID276664	1	1	0	0
1	1	UID276739	1	1	0	0
1	1	UID276740	1	1	0	0
1	1	UID276749	1	1	0	0
1	1	UID276777	1	1	0	0
1	1	UID276779	1	1	0	0
1	1	UID276785	1	1	0	0
1	1	UID276786	1	1	0	0
1	1	UID276787	1	1	0	0
1	1	UID276794	1	1	0	0
1	1	UID276806	1	1	0	0
1	1	UID276808	1	1	0	0
1	1	UID276812	1	1	0	0
1	1	UID276813	1	1	0	0
1	1	UID276824	1	1	0	0
1	1	UID276848	1	1	0	0
1	1	UID276932	1	1	0	0
1	1	UID276937	1	1	0	0
1	1	UID276942	1	1	0	0
1	1	UID276964	1	1	0	0
1	1	UID276973	1	1	0	0
1	1	UID276977	1	1	0	0
1	1	UID276985	1	1	0	0
1	1	UID276987	1	1	0	0
1	1	UID276995	1	1	0	0
1	1	UID277001	1	1	0	0
1	1	UID277006	1	1	0	0
1	1	UID277011	1	1	0	0
1	1	UID277019	1	1	0	0
1	1	UID277020	1	1	0	0
1	1	UID277027	1	1	0	0
1	1	UID277034	1	1	0	0
1	1	UID277036	1	1	0	0
1	1	UID277041	1	1	0	0
1	1	UID277042	1	1	0	0
1	1	UID277047	1	1	0	0
1	1	UID277050	1	1	0	0
1	1	UID277053	1	1	0	0
1	1	UID277055	1	1	0	0
1	1	UID277057	1	1	0	0
1	1	UID277061	1	1	0	0
1	1	UID277088	1	1	0	0
1	1	UID277091	1	1	0	0
1	1	UID277092	1	1	0	0
1	1	UID277099	1	1	0	0
1	1	UID277100	1	1	0	0
1	1	UID277101	1	1	0	0
1	1	UID277128	1	1	0	0
1	1	UID277134	1	1	0	0
1	1	UID277218	1	1	0	0
1	1	UID277227	1	1	0	0
1	1	UID277249	1	1	0	0
1	1	UID277255	1	1	0	0
1	1	UID277257	1	1	0	0
1	1	UID277263	1	1	0	0
1	1	UID277288	1	1	0	0
1	1	UID277299	1	1	0	0
1	1	UID277305	1	1	0	0
1	1	UID277306	1	1	0	0
1	1	UID277308	1	1	0	0
1	1	UID277319	1	1	0	0
1	1	UID277327	1	1	0	0
1	1	UID277341	1	1	0	0
1	1	UID277342	1	1	0	0
1	1	UID277345	1	1	0	0
1	1	UID277358	1	1	0	0
1	1	UID277372	1	1	0	0
1	1	UID277374	1	1	0	0
1	1	UID277398	1	1	0	0
1	1	UID277407	1	1	0	0
1	1	UID277409	1	1	0	0
1	1	UID277469	1	1	0	0
1	1	UID277479	1	1	0	0
1	1	UID277488	1	1	0	0
1	1	UID277493	1	1	0	0
1	1	UID277496	1	1	0	0
1	1	UID277512	1	1	0	0
1	1	UID277513	1	1	0	0
3	3	UID277514	1	3	2	2
1	1	UID277548	1	1	0	0
1	1	UID277552	1	1	0	0
1	1	UID277557	1	1	0	0
1	1	UID277582	1	1	0	0
1	1	UID277675	1	1	0	0
1	1	UID277679	1	1	0	0
1	1	UID277698	1	1	0	0
1	1	UID277699	1	1	0	0
1	1	UID277706	1	1	0	0
1	1	UID277707	1	1	0	0
1	1	UID277709	1	1	0	0
1	1	UID277710	1	1	0	0
1	1	UID277714	1	1	0	0
1	1	UID277717	1	1	0	0
1	1	UID277735	1	1	0	0
1	1	UID277741	1	1	0	0
1	1	UID277743	1	1	0	0
1	1	UID277766	1	1	0	0
1	1	UID277772	1	1	0	0
1	1	UID277831	1	1	0	0
1	1	UID277847	1	1	0	0
1	1	UID277849	1	1	0	0
1	1	UID277854	1	1	0	0
1	1	UID277866	1	1	0	0
1	1	UID277967	1	1	0	0
1	1	UID277981	1	1	0	0
1	1	UID277996	1	1	0	0
1	1	UID277997	1	1	0	0
1	1	UID278000	1	1	0	0
1	1	UID278010	1	1	0	0
1	1	UID278021	1	1	0	0
1	1	UID278030	1	1	0	0
1	1	UID278045	1	1	0	0
1	1	UID278050	1	1	0	0
1	1	UID278053	1	1	0	0
1	1	UID278069	1	1	0	0
1	1	UID278078	1	1	0	0
1	1	UID278128	1	1	0	0
1	1	UID278138	1	1	0	0
1	1	UID278140	1	1	0	0
1	1	UID278142	1	1	0	0
1	1	UID278143	1	1	0	0
1	1	UID278146	1	1	0	0
1	1	UID278153	1	1	0	0
1	1	UID278159	1	1	0	0
1	1	UID278168	1	1	0	0
1	1	UID278183	1	1	0	0
1	1	UID278188	1	1	0	0
1	1	UID278196	1	1	0	0
1	1	UID278229	1	1	0	0
1	1	UID278267	1	1	0	0
1	1	UID278270	1	1	0	0
1	1	UID278271	1	1	0	0
1	1	UID278276	1	1	0	0
1	1	UID278281	1	1	0	0
1	1	UID278282	1	1	0	0
1	1	UID278283	1	1	0	0
1	1	UID278294	1	1	0	0
1	1	UID278298	1	1	0	0
1	1	UID278304	1	1	0	0
1	1	UID278307	1	1	0	0
1	1	UID278317	1	1	0	0
1	1	UID278320	1	1	0	0
1	1	UID278324	1	1	0	0
1	1	UID278443	1	1	0	0
1	1	UID278465	1	1	0	0
1	1	UID278467	1	1	0	0
1	1	UID278474	1	1	0	0
1	1	UID278475	1	1	0	0
1	1	UID278488	1	1	0	0
1	1	UID278489	1	1	0	0
1	1	UID278490	1	1	0	0
1	1	UID278492	1	1	0	0
1	1	UID278498	1	1	0	0
1	1	UID278503	1	1	0	0
1	1	UID278504	1	1	0	0
1	1	UID278511	1	1	0	0
1	1	UID278512	1	1	0	0
1	1	UID278517	1	1	0	0
1	1	UID278595	1	1	0	0
1	1	UID278596	1	1	0	0
1	1	UID278619	1	1	0	0
1	1	UID278623	1	1	0	0
1	1	UID278625	1	1	0	0
1	1	UID278631	1	1	0	0
1	1	UID278661	1	1	0	0
1	1	UID278670	1	1	0	0
1	1	UID278678	1	1	0	0
1	1	UID278715	1	1	0	0
1	1	UID278719	1	1	0	0
1	1	UID278732	1	1	0	0
1	1	UID278750	1	1	0	0
1	1	UID278755	1	1	0	0
1	1	UID278765	1	1	0	0
1	1	UID278773	1	1	0	0
1	1	UID278778	1	1	0	0
1	1	UID278779	1	1	0	0
1	1	UID278780	1	1	0	0
1	1	UID278781	1	1	0	0
1	1	UID278791	1	1	0	0
1	1	UID278792	1	1	0	0
1	1	UID278808	1	1	0	0
1	1	UID278878	1	1	0	0
1	1	UID278880	1	1	0	0
1	1	UID278903	1	1	0	0
1	1	UID278919	1	1	0	0
1	1	UID278926	1	1	0	0
1	1	UID278936	1	1	0	0
1	1	UID278955	1	1	0	0
1	1	UID278956	1	1	0	0
1	1	UID278960	1	1	0	0
1	1	UID278961	1	1	0	0
1	1	UID278974	1	1	0	0
1	1	UID278977	1	1	0	0
1	1	UID278991	1	1	0	0
1	1	UID279024	1	1	0	0
1	1	UID279026	1	1	0	0
1	1	UID279032	1	1	0	0
1	1	UID279035	1	1	0	0
1	1	UID279043	1	1	0	0
1	1	UID279061	1	1	0	0
1	1	UID279063	1	1	0	0
1	1	UID279095	1	1	0	0
1	1	UID279098	1	1	0	0
1	1	UID279130	1	1	0	0
1	1	UID279137	1	1	0	0
1	1	UID279145	1	1	0	0
1	1	UID279149	1	1	0	0
1	1	UID279150	1	1	0	0
1	1	UID279151	1	1	0	0
1	1	UID279153	1	1	0	0
1	1	UID279154	1	1	0	0
1	1	UID279158	1	1	0	0
1	1	UID279163	1	1	0	0
1	1	UID279164	1	1	0	0
1	1	UID279169	1	1	0	0
1	1	UID279176	1	1	0	0
1	1	UID279183	1	1	0	0
1	1	UID279185	1	1	0	0
1	1	UID279186	1	1	0	0
1	1	UID279189	1	1	0	0
1	1	UID279191	1	1	0	0
1	1	UID279192	1	1	0	0
1	1	UID279193	1	1	0	0
1	1	UID279194	1	1	0	0
1	1	UID279195	1	1	0	0
1	1	UID279196	1	1	0	0
1	1	UID279207	1	1	0	0
1	1	UID279211	1	1	0	0
1	1	UID279213	1	1	0	0
1	1	UID279231	1	1	0	0
1	1	UID279237	1	1	0	0
1	1	UID279324	1	1	0	0
1	1	UID279349	1	1	0	0
1	1	UID279360	1	1	0	0
1	1	UID279371	1	1	0	0
1	1	UID279382	1	1	0	0
1	1	UID279388	1	1	0	0
1	1	UID279395	1	1	0	0
1	1	UID279402	1	1	0	0
1	1	UID279411	1	1	0	0
1	1	UID279420	1	1	0	0
1	1	UID279424	1	1	0	0
1	1	UID279432	1	1	0	0
1	1	UID279447	1	1	0	0
1	1	UID279472	1	1	0	0
1	1	UID279480	1	1	0	0
1	1	UID279482	1	1	0	0
1	1	UID279496	1	1	0	0
3	3	UID279498	1	3	1	1
1	1	UID279502	1	1	0	0
1	1	UID279508	1	1	0	0
1	1	UID279509	1	1	0	0
1	1	UID279511	1	1	0	0
1	1	UID279512	1	1	0	0
1	1	UID279513	1	1	0	0
1	1	UID279514	1	1	0	0
1	1	UID279516	1	1	0	0
1	1	UID279517	1	1	0	0
1	1	UID279518	1	1	0	0
1	1	UID279519	1	1	0	0
1	1	UID279530	1	1	0	0
1	1	UID279536	1	1	0	0
1	1	UID279537	1	1	0	0
1	1	UID279540	1	1	0	0
1	1	UID279543	1	1	0	0
1	1	UID279546	1	1	0	0
2	2	UID279552	1	2	1	1
1	1	UID279565	1	1	0	0
1	1	UID279569	1	1	0	0
1	1	UID279574	1	1	0	0
1	1	UID279583	1	1	0	0
1	1	UID279591	1	1	0	0
1	1	UID279593	1	1	0	0
1	1	UID279603	1	1	0	0
1	1	UID279626	1	1	0	0
1	1	UID279628	1	1	0	0
1	1	UID279631	1	1	0	0
1	1	UID279646	1	1	0	0
1	1	UID279650	1	1	0	0
1	1	UID279664	1	1	0	0
1	1	UID279666	1	1	0	0
1	1	UID279692	1	1	0	0
1	1	UID279739	1	1	0	0
1	1	UID279752	1	1	0	0
1	1	UID279764	1	1	0	0
1	1	UID279779	1	1	0	0
1	1	UID279782	1	1	0	0
1	1	UID279794	1	1	0	0
1	1	UID279800	1	1	0	0
1	1	UID279811	1	1	0	0
1	1	UID279812	1	1	0	0
1	1	UID279820	1	1	0	0
1	1	UID279827	1	1	0	0
1	1	UID279836	1	1	0	0
1	1	UID279855	1	1	0	0
1	1	UID279861	1	1	0	0
1	1	UID279884	1	1	0	0
1	1	UID279894	1	1	0	0
1	1	UID279895	1	1	0	0
1	1	UID279897	1	1	0	0
1	1	UID279901	1	1	0	0
1	1	UID279903	1	1	0	0
1	1	UID279905	1	1	0	0
1	1	UID279907	1	1	0	0
1	1	UID279911	1	1	0	0
1	1	UID279918	1	1	0	0
1	1	UID279926	1	1	0	0
1	1	UID279932	1	1	0	0
1	1	UID279948	1	1	0	0
1	1	UID279951	1	1	0	0
1	1	UID280046	1	1	0	0
1	1	UID280064	1	1	0	0
1	1	UID280080	1	1	0	0
1	1	UID280092	1	1	0	0
1	1	UID280106	1	1	0	0
1	1	UID280107	1	1	0	0
1	1	UID280120	1	1	0	0
1	1	UID280128	1	1	0	0
1	1	UID280142	1	1	0	0
1	1	UID280154	1	1	0	0
1	1	UID280169	1	1	0	0
1	1	UID280170	1	1	0	0
1	1	UID280178	1	1	0	0
1	1	UID280200	1	1	0	0
1	1	UID280208	1	1	0	0
1	1	UID280210	1	1	0	0
1	1	UID280212	1	1	0	0
1	1	UID280213	1	1	0	0
1	1	UID280216	1	1	0	0
1	1	UID280224	1	1	0	0
1	1	UID280233	1	1	0	0
1	1	UID280234	1	1	0	0
1	1	UID280237	1	1	0	0
1	1	UID280243	1	1	0	0
1	1	UID280246	1	1	0	0
1	1	UID280256	1	1	0	0
1	1	UID280262	1	1	0	0
1	1	UID280263	1	1	0	0
1	1	UID280284	1	1	0	0
1	1	UID280286	1	1	0	0
1	1	UID280380	1	1	0	0
1	1	UID280383	1	1	0	0
1	1	UID280401	1	1	0	0
1	1	UID280429	1	1	0	0
1	1	UID280440	1	1	0	0
1	1	UID280443	1	1	0	0
1	1	UID280453	1	1	0	0
1	1	UID280455	1	1	0	0
1	1	UID280459	1	1	0	0
1	1	UID280464	1	1	0	0
1	1	UID280466	1	1	0	0
1	1	UID280467	1	1	0	0
1	1	UID280470	1	1	0	0
2	2	UID280483	1	2	1	1
1	1	UID280491	1	1	0	0
1	1	UID280549	1	1	0	0
1	1	UID280553	1	1	0	0
1	1	UID280555	1	1	0	0
1	1	UID280556	1	1	0	0
1	1	UID280558	1	1	0	0
1	1	UID280564	1	1	0	0
1	1	UID280565	1	1	0	0
1	1	UID280566	1	1	0	0
1	1	UID280567	1	1	0	0
1	1	UID280572	1	1	0	0
1	1	UID280584	1	1	0	0
1	1	UID280587	1	1	0	0
1	1	UID280618	1	1	0	0
1	1	UID280623	1	1	0	0
1	1	UID280652	1	1	0	0
1	1	UID280654	1	1	0	0
1	1	UID280731	1	1	0	0
1	1	UID280768	1	1	0	0
1	1	UID280775	1	1	0	0
1	1	UID280815	1	1	0	0
1	1	UID280835	1	1	0	0
1	1	UID280847	1	1	0	0
1	1	UID280851	1	1	0	0
1	1	UID280864	1	1	0	0
1	1	UID280872	1	1	0	0
1	1	UID280874	1	1	0	0
1	1	UID280879	1	1	0	0
1	1	UID280892	1	1	0	0
1	1	UID280915	1	1	0	0
1	1	UID280916	1	1	0	0
1	1	UID280921	1	1	0	0
1	1	UID280928	1	1	0	0
1	1	UID280929	1	1	0	0
1	1	UID280931	1	1	0	0
1	1	UID280934	1	1	0	0
1	1	UID280940	1	1	0	0
1	1	UID280945	1	1	0	0
1	1	UID280957	1	1	0	0
1	1	UID280960	1	1	0	0
1	1	UID280990	1	1	0	0
1	1	UID280994	1	1	0	0
1	1	UID280995	1	1	0	0
1	1	UID280996	1	1	0	0
1	1	UID280997	1	1	0	0
1	1	UID281002	1	1	0	0
1	1	UID281004	1	1	0	0
1	1	UID281005	1	1	0	0
1	1	UID281009	1	1	0	0
1	1	UID281010	1	1	0	0
1	1	UID281011	1	1	0	0
1	1	UID281013	1	1	0	0
1	1	UID281015	1	1	0	0
1	1	UID281019	1	1	0	0
1	1	UID281023	1	1	0	0
1	1	UID281024	1	1	0	0
1	1	UID281025	1	1	0	0
1	1	UID281026	1	1	0	0
1	1	UID281028	1	1	0	0
1	1	UID281029	1	1	0	0
1	1	UID281032	1	1	0	0
1	1	UID281033	1	1	0	0
1	1	UID281042	1	1	0	0
1	1	UID281043	1	1	0	0
1	1	UID281057	1	1	0	0
1	1	UID281069	1	1	0	0
1	1	UID281073	1	1	0	0
1	1	UID281076	1	1	0	0
1	1	UID281166	1	1	0	0
1	1	UID281176	1	1	0	0
1	1	UID281190	1	1	0	0
1	1	UID281196	1	1	0	0
1	1	UID281197	1	1	0	0
1	1	UID281198	1	1	0	0
1	1	UID281208	1	1	0	0
1	1	UID281210	1	1	0	0
1	1	UID281213	1	1	0	0
1	1	UID281225	1	1	0	0
1	1	UID281231	1	1	0	0
1	1	UID281232	1	1	0	0
1	1	UID281242	1	1	0	0
1	1	UID281246	1	1	0	0
1	1	UID281259	1	1	0	0
1	1	UID281264	1	1	0	0
1	1	UID281280	1	1	0	0
1	1	UID281283	1	1	0	0
1	1	UID281286	1	1	0	0
1	1	UID281359	1	1	0	0
1	1	UID281360	1	1	0	0
1	1	UID281361	1	1	0	0
1	1	UID281362	1	1	0	0
1	1	UID281363	1	1	0	0
1	1	UID281366	1	1	0	0
1	1	UID281368	1	1	0	0
1	1	UID281369	1	1	0	0
1	1	UID281370	1	1	0	0
1	1	UID281371	1	1	0	0
1	1	UID281373	1	1	0	0
1	1	UID281375	1	1	0	0
1	1	UID281377	1	1	0	0
1	1	UID281379	1	1	0	0
1	1	UID281384	1	1	0	0
1	1	UID281386	1	1	0	0
1	1	UID281399	1	1	0	0
1	1	UID281402	1	1	0	0
1	1	UID281403	1	1	0	0
1	1	UID281404	1	1	0	0
1	1	UID281406	1	1	0	0
1	1	UID281420	1	1	0	0
1	1	UID281426	1	1	0	0
1	1	UID281432	1	1	0	0
1	1	UID281435	1	1	0	0
1	1	UID281446	1	1	0	0
1	1	UID281447	1	1	0	0
1	1	UID281484	1	1	0	0
1	1	UID281507	1	1	0	0
1	1	UID281604	1	1	0	0
1	1	UID281630	1	1	0	0
1	1	UID281641	1	1	0	0
1	1	UID281646	1	1	0	0
1	1	UID281651	1	1	0	0
1	1	UID281655	1	1	0	0
1	1	UID281670	1	1	0	0
1	1	UID281689	1	1	0	0
3	3	UID281695	1	3	2	2
1	1	UID281696	1	1	0	0
1	1	UID281699	1	1	0	0
1	1	UID281700	1	1	0	0
1	1	UID281704	1	1	0	0
1	1	UID281707	1	1	0	0
1	1	UID281723	1	1	0	0
1	1	UID281726	1	1	0	0
1	1	UID281732	1	1	0	0
1	1	UID281766	1	1	0	0
1	1	UID281768	1	1	0	0
1	1	UID281773	1	1	0	0
1	1	UID281794	1	1	0	0
1	1	UID281795	1	1	0	0
1	1	UID281802	1	1	0	0
1	1	UID281805	1	1	0	0
1	1	UID281813	1	1	0	0
1	1	UID281838	1	1	0	0
1	1	UID281842	1	1	0	0
1	1	UID281863	1	1	0	0
1	1	UID281864	1	1	0	0
1	1	UID281888	1	1	0	0
1	1	UID281909	1	1	0	0
1	1	UID281959	1	1	0	0
1	1	UID281985	1	1	0	0
1	1	UID281991	1	1	0	0
1	1	UID281999	1	1	0	0
1	1	UID282013	1	1	0	0
1	1	UID282023	1	1	0	0
1	1	UID282036	1	1	0	0
1	1	UID282040	1	1	0	0
1	1	UID282049	1	1	0	0
1	1	UID282051	1	1	0	0
1	1	UID282059	1	1	0	0
1	1	UID282065	1	1	0	0
1	1	UID282076	1	1	0	0
1	1	UID282078	1	1	0	0
1	1	UID282080	1	1	0	0
1	1	UID282091	1	1	0	0
1	1	UID282094	1	1	0	0
1	1	UID282096	1	1	0	0
1	1	UID282098	1	1	0	0
1	1	UID282115	1	1	0	0
1	1	UID282120	1	1	0	0
1	1	UID282138	1	1	0	0
1	1	UID282149	1	1	0	0
1	1	UID282158	1	1	0	0
1	1	UID282165	1	1	0	0
1	1	UID282174	1	1	0	0
1	1	UID282207	1	1	0	0
1	1	UID282219	1	1	0	0
1	1	UID282271	1	1	0	0
1	1	UID282273	1	1	0	0
1	1	UID282284	1	1	0	0
1	1	UID282293	1	1	0	0
1	1	UID282318	1	1	0	0
1	1	UID282332	1	1	0	0
1	1	UID282344	1	1	0	0
1	1	UID282346	1	1	0	0
1	1	UID282364	1	1	0	0
1	1	UID282372	1	1	0	0
1	1	UID282375	1	1	0	0
1	1	UID282377	1	1	0	0
1	1	UID282384	1	1	0	0
1	1	UID282401	1	1	0	0
1	1	UID282404	1	1	0	0
1	1	UID282407	1	1	0	0
1	1	UID282409	1	1	0	0
1	1	UID282410	1	1	0	0
1	1	UID282420	1	1	0	0
1	1	UID282421	1	1	0	0
1	1	UID282422	1	1	0	0
1	1	UID282423	1	1	0	0
1	1	UID282425	1	1	0	0
1	1	UID282426	1	1	0	0
1	1	UID282433	1	1	0	0
1	1	UID282438	1	1	0	0
1	1	UID282439	1	1	0	0
1	1	UID282440	1	1	0	0
1	1	UID282441	1	1	0	0
1	1	UID282443	1	1	0	0
1	1	UID282445	1	1	0	0
1	1	UID282446	1	1	0	0
1	1	UID282447	1	1	0	0
1	1	UID282453	1	1	0	0
1	1	UID282463	1	1	0	0
1	1	UID282465	1	1	0	0
1	1	UID282479	1	1	0	0
1	1	UID282534	1	1	0	0
1	1	UID282550	1	1	0	0
1	1	UID282553	1	1	0	0
1	1	UID282559	1	1	0	0
1	1	UID282568	1	1	0	0
1	1	UID282573	1	1	0	0
1	1	UID282575	1	1	0	0
1	1	UID282577	1	1	0	0
1	1	UID282580	1	1	0	0
1	1	UID282582	1	1	0	0
1	1	UID282597	1	1	0	0
1	1	UID282603	1	1	0	0
1	1	UID282604	1	1	0	0
1	1	UID282605	1	1	0	0
1	1	UID282609	1	1	0	0
1	1	UID282618	1	1	0	0
1	1	UID282626	1	1	0	0
1	1	UID282652	1	1	0	0
1	1	UID282673	1	1	0	0
1	1	UID282688	1	1	0	0
1	1	UID282694	1	1	0	0
1	1	UID282708	1	1	0	0
1	1	UID282709	1	1	0	0
1	1	UID282724	1	1	0	0
1	1	UID282743	1	1	0	0
1	1	UID282745	1	1	0	0
1	1	UID282794	1	1	0	0
1	1	UID282802	1	1	0	0
1	1	UID282826	1	1	0	0
1	1	UID282832	1	1	0	0
1	1	UID282852	1	1	0	0
1	1	UID282856	1	1	0	0
1	1	UID282911	1	1	0	0
1	1	UID282912	1	1	0	0
1	1	UID282913	1	1	0	0
1	1	UID282921	1	1	0	0
1	1	UID282926	1	1	0	0
1	1	UID282940	1	1	0	0
1	1	UID282946	1	1	0	0
1	1	UID282950	1	1	0	0
1	1	UID282973	1	1	0	0
1	1	UID282990	1	1	0	0
1	1	UID283008	1	1	0	0
1	1	UID283022	1	1	0	0
1	1	UID283030	1	1	0	0
1	1	UID283037	1	1	0	0
1	1	UID283040	1	1	0	0
1	1	UID283042	1	1	0	0
1	1	UID283045	1	1	0	0
1	1	UID283049	1	1	0	0
1	1	UID283051	1	1	0	0
1	1	UID283056	1	1	0	0
1	1	UID283065	1	1	0	0
1	1	UID283066	1	1	0	0
1	1	UID283071	1	1	0	0
1	1	UID283072	1	1	0	0
1	1	UID283073	1	1	0	0
1	1	UID283079	1	1	0	0
1	1	UID283080	1	1	0	0
1	1	UID283082	1	1	0	0
1	1	UID283083	1	1	0	0
1	1	UID283085	1	1	0	0
1	1	UID283090	1	1	0	0
1	1	UID283107	1	1	0	0
1	1	UID283113	1	1	0	0
1	1	UID283114	1	1	0	0
1	1	UID283121	1	1	0	0
1	1	UID283122	1	1	0	0
1	1	UID283128	1	1	0	0
1	1	UID283136	1	1	0	0
1	1	UID283140	1	1	0	0
1	1	UID283141	1	1	0	0
1	1	UID283142	1	1	0	0
1	1	UID283143	1	1	0	0
1	1	UID283144	1	1	0	0
1	1	UID283154	1	1	0	0
1	1	UID283165	1	1	0	0
1	1	UID283166	1	1	0	0
1	1	UID283167	1	1	0	0
1	1	UID283169	1	1	0	0
1	1	UID283171	1	1	0	0
1	1	UID283183	1	1	0	0
1	1	UID283185	1	1	0	0
1	1	UID283188	1	1	0	0
1	1	UID283200	1	1	0	0
1	1	UID283210	1	1	0	0
1	1	UID283223	1	1	0	0
1	1	UID283264	1	1	0	0
1	1	UID283265	1	1	0	0
1	1	UID283293	1	1	0	0
1	1	UID283294	1	1	0	0
1	1	UID283306	1	1	0	0
1	1	UID283312	1	1	0	0
1	1	UID283318	1	1	0	0
1	1	UID283321	1	1	0	0
1	1	UID283327	1	1	0	0
1	1	UID283334	1	1	0	0
1	1	UID283342	1	1	0	0
1	1	UID283344	1	1	0	0
1	1	UID283375	1	1	0	0
1	1	UID283382	1	1	0	0
1	1	UID283396	1	1	0	0
1	1	UID283409	1	1	0	0
1	1	UID283428	1	1	0	0
1	1	UID283432	1	1	0	0
1	1	UID283437	1	1	0	0
1	1	UID283440	1	1	0	0
1	1	UID283445	1	1	0	0
1	1	UID283446	1	1	0	0
1	1	UID283449	1	1	0	0
1	1	UID283450	1	1	0	0
1	1	UID283452	1	1	0	0
1	1	UID283453	1	1	0	0
1	1	UID283471	1	1	0	0
1	1	UID283475	1	1	0	0
1	1	UID283478	1	1	0	0
1	1	UID283481	1	1	0	0
1	1	UID283485	1	1	0	0
1	1	UID283491	1	1	0	0
1	1	UID283503	1	1	0	0
1	1	UID283513	1	1	0	0
1	1	UID283544	1	1	0	0
1	1	UID283631	1	1	0	0
1	1	UID283636	1	1	0	0
1	1	UID283680	1	1	0	0
1	1	UID283705	1	1	0	0
1	1	UID283723	1	1	0	0
1	1	UID283726	1	1	0	0
1	1	UID283727	1	1	0	0
1	1	UID283734	1	1	0	0
1	1	UID283761	1	1	0	0
1	1	UID283767	1	1	0	0
1	1	UID283774	1	1	0	0
1	1	UID283776	1	1	0	0
1	1	UID283783	1	1	0	0
1	1	UID283786	1	1	0	0
1	1	UID283787	1	1	0	0
1	1	UID283791	1	1	0	0
1	1	UID283797	1	1	0	0
1	1	UID283799	1	1	0	0
1	1	UID283814	1	1	0	0
1	1	UID283819	1	1	0	0
1	1	UID283837	1	1	0	0
1	1	UID283849	1	1	0	0
1	1	UID283867	1	1	0	0
1	1	UID283871	1	1	0	0
1	1	UID283874	1	1	0	0
1	1	UID283884	1	1	0	0
1	1	UID283889	1	1	0	0
1	1	UID283899	1	1	0	0
1	1	UID283917	1	1	0	0
1	1	UID283919	1	1	0	0
1	1	UID283922	1	1	0	0
1	1	UID283925	1	1	0	0
1	1	UID283928	1	1	0	0
1	1	UID283932	1	1	0	0
1	1	UID283938	1	1	0	0
1	1	UID283939	1	1	0	0
1	1	UID284007	1	1	0	0
1	1	UID284024	1	1	0	0
1	1	UID284029	1	1	0	0
1	1	UID284048	1	1	0	0
1	1	UID284053	1	1	0	0
1	1	UID284056	1	1	0	0
1	1	UID284063	1	1	0	0
1	1	UID284068	1	1	0	0
1	1	UID284072	1	1	0	0
1	1	UID284074	1	1	0	0
1	1	UID284085	1	1	0	0
1	1	UID284187	1	1	0	0
1	1	UID284192	1	1	0	0
1	1	UID284199	1	1	0	0
1	1	UID284211	1	1	0	0
1	1	UID284227	1	1	0	0
1	1	UID284229	1	1	0	0
1	1	UID284234	1	1	0	0
1	1	UID284239	1	1	0	0
1	1	UID284254	1	1	0	0
1	1	UID284269	1	1	0	0
1	1	UID284270	1	1	0	0
1	1	UID284273	1	1	0	0
1	1	UID284285	1	1	0	0
1	1	UID284288	1	1	0	0
1	1	UID284300	1	1	0	0
1	1	UID284306	1	1	0	0
1	1	UID284312	1	1	0	0
1	1	UID284313	1	1	0	0
1	1	UID284315	1	1	0	0
1	1	UID284318	1	1	0	0
1	1	UID284319	1	1	0	0
1	1	UID284329	1	1	0	0
1	1	UID284347	1	1	0	0
1	1	UID284353	1	1	0	0
1	1	UID284430	1	1	0	0
1	1	UID284458	1	1	0	0
1	1	UID284474	1	1	0	0
1	1	UID284481	1	1	0	0
1	1	UID284493	1	1	0	0
1	1	UID284496	1	1	0	0
1	1	UID284510	1	1	0	0
1	1	UID284511	1	1	0	0
1	1	UID284521	1	1	0	0
1	1	UID284527	1	1	0	0
1	1	UID284535	1	1	0	0
1	1	UID284539	1	1	0	0
1	1	UID284543	1	1	0	0
1	1	UID284548	1	1	0	0
1	1	UID284554	1	1	0	0
1	1	UID284575	1	1	0	0
1	1	UID284577	1	1	0	0
1	1	UID284602	1	1	0	0
1	1	UID284618	1	1	0	0
1	1	UID284619	1	1	0	0
1	1	UID284620	1	1	0	0
1	1	UID284621	1	1	0	0
1	1	UID284622	1	1	0	0
1	1	UID284624	1	1	0	0
1	1	UID284625	1	1	0	0
1	1	UID284626	1	1	0	0
1	1	UID284629	1	1	0	0
1	1	UID284637	1	1	0	0
1	1	UID284640	1	1	0	0
1	1	UID284642	1	1	0	0
1	1	UID284643	1	1	0	0
1	1	UID284644	1	1	0	0
1	1	UID284648	1	1	0	0
1	1	UID284659	1	1	0	0
1	1	UID284663	1	1	0	0
1	1	UID284664	1	1	0	0
1	1	UID284666	1	1	0	0
1	1	UID284672	1	1	0	0
1	1	UID284691	1	1	0	0
1	1	UID284816	1	1	0	0
1	1	UID284823	1	1	0	0
1	1	UID284824	1	1	0	0
1	1	UID284826	1	1	0	0
1	1	UID284833	1	1	0	0
1	1	UID284839	1	1	0	0
1	1	UID284851	1	1	0	0
1	1	UID284858	1	1	0	0
1	1	UID284867	1	1	0	0
1	1	UID284875	1	1	0	0
1	1	UID284882	1	1	0	0
1	1	UID284883	1	1	0	0
1	1	UID284890	1	1	0	0
1	1	UID284900	1	1	0	0
1	1	UID284924	1	1	0	0
1	1	UID284932	1	1	0	0
1	1	UID284933	1	1	0	0
1	1	UID284937	1	1	0	0
1	1	UID284948	1	1	0	0
1	1	UID284956	1	1	0	0
1	1	UID284957	1	1	0	0
1	1	UID284958	1	1	0	0
1	1	UID284960	1	1	0	0
1	1	UID284963	1	1	0	0
1	1	UID284965	1	1	0	0
1	1	UID284972	1	1	0	0
1	1	UID284976	1	1	0	0
1	1	UID284980	1	1	0	0
1	1	UID284981	1	1	0	0
1	1	UID284998	1	1	0	0
1	1	UID285022	1	1	0	0
1	1	UID285025	1	1	0	0
1	1	UID285027	1	1	0	0
1	1	UID285084	1	1	0	0
1	1	UID285091	1	1	0	0
1	1	UID285104	1	1	0	0
1	1	UID285110	1	1	0	0
1	1	UID285124	1	1	0	0
1	1	UID285134	1	1	0	0
1	1	UID285136	1	1	0	0
1	1	UID285166	1	1	0	0
1	1	UID285168	1	1	0	0
1	1	UID285188	1	1	0	0
1	1	UID285189	1	1	0	0
1	1	UID285192	1	1	0	0
1	1	UID285197	1	1	0	0
1	1	UID285210	1	1	0	0
1	1	UID285218	1	1	0	0
1	1	UID285224	1	1	0	0
1	1	UID285225	1	1	0	0
1	1	UID285226	1	1	0	0
1	1	UID285233	1	1	0	0
1	1	UID285234	1	1	0	0
1	1	UID285249	1	1	0	0
1	1	UID285262	1	1	0	0
1	1	UID285307	1	1	0	0
1	1	UID285317	1	1	0	0
1	1	UID285372	1	1	0	0
1	1	UID285377	1	1	0	0
1	1	UID285378	1	1	0	0
1	1	UID285389	1	1	0	0
1	1	UID285396	1	1	0	0
1	1	UID285398	1	1	0	0
1	1	UID285451	1	1	0	0
1	1	UID285462	1	1	0	0
1	1	UID285469	1	1	0	0
1	1	UID285485	1	1	0	0
1	1	UID285487	1	1	0	0
1	1	UID285502	1	1	0	0
1	1	UID285509	1	1	0	0
1	1	UID285510	1	1	0	0
1	1	UID285515	1	1	0	0
1	1	UID285530	1	1	0	0
1	1	UID285536	1	1	0	0
1	1	UID285537	1	1	0	0
1	1	UID285541	1	1	0	0
1	1	UID285545	1	1	0	0
1	1	UID285624	1	1	0	0
1	1	UID285636	1	1	0	0
1	1	UID285641	1	1	0	0
1	1	UID285643	1	1	0	0
1	1	UID285735	1	1	0	0
1	1	UID285741	1	1	0	0
1	1	UID285761	1	1	0	0
1	1	UID285766	1	1	0	0
1	1	UID285769	1	1	0	0
1	1	UID285770	1	1	0	0
1	1	UID285780	1	1	0	0
1	1	UID285783	1	1	0	0
1	1	UID285786	1	1	0	0
1	1	UID285792	1	1	0	0
1	1	UID285803	1	1	0	0
1	1	UID285828	1	1	0	0
1	1	UID285878	1	1	0	0
1	1	UID285891	1	1	0	0
1	1	UID285903	1	1	0	0
1	1	UID285919	1	1	0	0
1	1	UID285932	1	1	0	0
1	1	UID285935	1	1	0	0
1	1	UID285953	1	1	0	0
1	1	UID285961	1	1	0	0
1	1	UID285964	1	1	0	0
1	1	UID285965	1	1	0	0
1	1	UID285966	1	1	0	0
1	1	UID285968	1	1	0	0
1	1	UID285969	1	1	0	0
1	1	UID285970	1	1	0	0
1	1	UID285971	1	1	0	0
1	1	UID285972	1	1	0	0
1	1	UID285977	1	1	0	0
1	1	UID285983	1	1	0	0
1	1	UID285987	1	1	0	0
1	1	UID285988	1	1	0	0
1	1	UID285989	1	1	0	0
1	1	UID285990	1	1	0	0
1	1	UID285994	1	1	0	0
1	1	UID286014	1	1	0	0
1	1	UID286030	1	1	0	0
1	1	UID286085	1	1	0	0
1	1	UID286104	1	1	0	0
1	1	UID286126	1	1	0	0
1	1	UID286139	1	1	0	0
1	1	UID286142	1	1	0	0
1	1	UID286145	1	1	0	0
1	1	UID286168	1	1	0	0
1	1	UID286183	1	1	0	0
1	1	UID286187	1	1	0	0
1	1	UID286199	1	1	0	0
1	1	UID286200	1	1	0	0
1	1	UID286217	1	1	0	0
1	1	UID286229	1	1	0	0
1	1	UID286237	1	1	0	0
1	1	UID286246	1	1	0	0
1	1	UID286247	1	1	0	0
1	1	UID286250	1	1	0	0
1	1	UID286253	1	1	0	0
1	1	UID286258	1	1	0	0
1	1	UID286266	1	1	0	0
1	1	UID286269	1	1	0	0
1	1	UID286273	1	1	0	0
1	1	UID286301	1	1	0	0
1	1	UID286338	1	1	0	0
1	1	UID286386	1	1	0	0
1	1	UID286387	1	1	0	0
1	1	UID286397	1	1	0	0
1	1	UID286442	1	1	0	0
1	1	UID286469	1	1	0	0
1	1	UID286480	1	1	0	0
1	1	UID286481	1	1	0	0
1	1	UID286483	1	1	0	0
1	1	UID286484	1	1	0	0
1	1	UID286492	1	1	0	0
1	1	UID286499	1	1	0	0
1	1	UID286500	1	1	0	0
1	1	UID286501	1	1	0	0
1	1	UID286507	1	1	0	0
1	1	UID286510	1	1	0	0
1	1	UID286518	1	1	0	0
1	1	UID286549	1	1	0	0
1	1	UID286556	1	1	0	0
1	1	UID286558	1	1	0	0
1	1	UID286564	1	1	0	0
1	1	UID286566	1	1	0	0
1	1	UID286572	1	1	0	0
1	1	UID286576	1	1	0	0
1	1	UID286580	1	1	0	0
1	1	UID286582	1	1	0	0
1	1	UID286594	1	1	0	0
1	1	UID286596	1	1	0	0
1	1	UID286652	1	1	0	0
1	1	UID286731	1	1	0	0
1	1	UID286743	1	1	0	0
1	1	UID286768	1	1	0	0
1	1	UID286774	1	1	0	0
1	1	UID286776	1	1	0	0
1	1	UID286781	1	1	0	0
1	1	UID286790	1	1	0	0
1	1	UID286796	1	1	0	0
1	1	UID286811	1	1	0	0
1	1	UID286815	1	1	0	0
1	1	UID286826	1	1	0	0
1	1	UID286827	1	1	0	0
1	1	UID286833	1	1	0	0
1	1	UID286846	1	1	0	0
1	1	UID286851	1	1	0	0
1	1	UID286868	1	1	0	0
1	1	UID286871	1	1	0	0
1	1	UID286876	1	1	0	0
1	1	UID286899	1	1	0	0
1	1	UID286903	1	1	0	0
1	1	UID286906	1	1	0	0
1	1	UID286907	1	1	0	0
1	1	UID286913	1	1	0	0
1	1	UID286917	1	1	0	0
1	1	UID286920	1	1	0	0
1	1	UID286922	1	1	0	0
1	1	UID286926	1	1	0	0
1	1	UID286928	1	1	0	0
1	1	UID286936	1	1	0	0
1	1	UID286991	1	1	0	0
1	1	UID286997	1	1	0	0
1	1	UID286998	1	1	0	0
1	1	UID286999	1	1	0	0
1	1	UID287001	1	1	0	0
1	1	UID287018	1	1	0	0
1	1	UID287027	1	1	0	0
1	1	UID287034	1	1	0	0
1	1	UID287037	1	1	0	0
1	1	UID287038	1	1	0	0
1	1	UID287042	1	1	0	0
1	1	UID287044	1	1	0	0
1	1	UID287069	1	1	0	0
1	1	UID287077	1	1	0	0
1	1	UID287078	1	1	0	0
1	1	UID287085	1	1	0	0
1	1	UID287091	1	1	0	0
1	1	UID287098	1	1	0	0
1	1	UID287136	1	1	0	0
1	1	UID287160	1	1	0	0
1	1	UID287229	1	1	0	0
1	1	UID287238	1	1	0	0
1	1	UID287268	1	1	0	0
1	1	UID287276	1	1	0	0
1	1	UID287292	1	1	0	0
1	1	UID287309	1	1	0	0
1	1	UID287359	1	1	0	0
1	1	UID287365	1	1	0	0
1	1	UID287373	1	1	0	0
1	1	UID287374	1	1	0	0
1	1	UID287383	1	1	0	0
1	1	UID287388	1	1	0	0
1	1	UID287389	1	1	0	0
1	1	UID287392	1	1	0	0
1	1	UID287405	1	1	0	0
2	2	UID287411	1	2	1	1
1	1	UID287413	1	1	0	0
1	1	UID287415	1	1	0	0
1	1	UID287460	1	1	0	0
1	1	UID287473	1	1	0	0
1	1	UID59080	1	1	0	0
1	1	UID81901	1	1	0	0
