16103	82658	UID31733	33391	12479	5	5
40	290	UID7291	127	28	3	3
16	24	UID38792	8	14	2	2
12	17	UID222916	6	11	2	2
14	20	UID31712	6	12	2	2
14	22	UID59576	6	10	2	2
5	10	UID715	6	4	1	1
3	7	UID11	5	2	1	1
14	18	UID223036	5	13	1	1
7	12	UID287485	5	5	1	1
1	5	UID910097	5	0	0	0
1	4	UID910102	4	0	0	0
1	4	UID910106	4	0	0	0
1	4	UID910112	4	0	0	0
1	4	UID910119	4	0	0	0
1	4	UID910121	4	0	0	0
1	4	UID910132	4	0	0	0
1	4	UID910136	4	0	0	0
1	4	UID910142	4	0	0	0
1	4	UID910144	4	0	0	0
1	3	UID3	3	0	0	0
1	3	UID523302	3	0	0	0
1	3	UID910148	3	0	0	0
1	3	UID910151	3	0	0	0
1	3	UID910154	3	0	0	0
1	3	UID910158	3	0	0	0
1	3	UID910159	3	0	0	0
1	3	UID910160	3	0	0	0
1	3	UID910163	3	0	0	0
1	3	UID910164	3	0	0	0
1	3	UID910167	3	0	0	0
1	3	UID910179	3	0	0	0
1	3	UID910186	3	0	0	0
1	3	UID910190	3	0	0	0
2	4	UID910193	3	1	0	0
1	3	UID910194	3	0	0	0
1	3	UID910203	3	0	0	0
1	3	UID910205	3	0	0	0
1	3	UID910210	3	0	0	0
1	3	UID910213	3	0	0	0
1	3	UID910215	3	0	0	0
1	3	UID910221	3	0	0	0
1	3	UID910241	3	0	0	0
1	3	UID910243	3	0	0	0
1	3	UID910249	3	0	0	0
1	3	UID910252	3	0	0	0
1	3	UID910256	3	0	0	0
1	3	UID910257	3	0	0	0
1	3	UID910265	3	0	0	0
1	3	UID910269	3	0	0	0
1	3	UID910271	3	0	0	0
1	3	UID910282	3	0	0	0
1	3	UID910284	3	0	0	0
1	3	UID910286	3	0	0	0
1	3	UID910288	3	0	0	0
1	3	UID910293	3	0	0	0
1	3	UID910295	3	0	0	0
1	3	UID910296	3	0	0	0
1	3	UID910297	3	0	0	0
1	3	UID910302	3	0	0	0
1	3	UID910303	3	0	0	0
1	3	UID910305	3	0	0	0
1	3	UID910309	3	0	0	0
1	3	UID910311	3	0	0	0
1	3	UID910316	3	0	0	0
1	3	UID910318	3	0	0	0
1	3	UID910320	3	0	0	0
1	3	UID910324	3	0	0	0
1	3	UID910326	3	0	0	0
1	3	UID910330	3	0	0	0
1	3	UID910333	3	0	0	0
1	3	UID910334	3	0	0	0
1	3	UID910338	3	0	0	0
1	3	UID910339	3	0	0	0
1	3	UID910342	3	0	0	0
1	3	UID910346	3	0	0	0
1	3	UID910347	3	0	0	0
1	3	UID910349	3	0	0	0
1	3	UID910352	3	0	0	0
1	3	UID910355	3	0	0	0
2	4	UID910356	3	1	1	1
1	3	UID910357	3	0	0	0
1	3	UID910359	3	0	0	0
1	3	UID910362	3	0	0	0
1	3	UID910363	3	0	0	0
1	3	UID910365	3	0	0	0
1	3	UID910367	3	0	0	0
1	3	UID910369	3	0	0	0
1	3	UID910370	3	0	0	0
1	2	UID1	2	0	0	0
2	3	UID27	2	1	1	1
1	2	UID881502	2	0	0	0
1	2	UID910383	2	0	0	0
1	2	UID910386	2	0	0	0
1	2	UID910397	2	0	0	0
2	3	UID910416	2	1	1	1
1	2	UID910439	2	0	0	0
1	2	UID910451	2	0	0	0
1	2	UID910454	2	0	0	0
2	3	UID910487	2	1	1	1
1	2	UID910498	2	0	0	0
1	2	UID910501	2	0	0	0
1	2	UID910502	2	0	0	0
2	3	UID910539	2	1	1	1
1	2	UID910583	2	0	0	0
1	2	UID910597	2	0	0	0
1	2	UID910976	2	0	0	0
1	2	UID911000	2	0	0	0
1	2	UID911093	2	0	0	0
1	2	UID911101	2	0	0	0
1	2	UID911112	2	0	0	0
1	2	UID911128	2	0	0	0
1	2	UID911156	2	0	0	0
2	3	UID911162	2	1	1	1
1	2	UID911163	2	0	0	0
1	2	UID911172	2	0	0	0
2	3	UID911174	2	1	1	1
3	4	UID911220	2	2	1	1
2	3	UID911244	2	1	1	1
1	2	UID911249	2	0	0	0
1	2	UID911260	2	0	0	0
2	3	UID911297	2	1	1	1
1	2	UID911317	2	0	0	0
2	3	UID911334	2	1	1	1
1	2	UID911352	2	0	0	0
2	3	UID911362	2	1	1	1
1	2	UID911372	2	0	0	0
1	2	UID911382	2	0	0	0
1	2	UID911396	2	0	0	0
1	2	UID911418	2	0	0	0
2	3	UID911471	2	1	1	1
1	2	UID911490	2	0	0	0
1	2	UID911494	2	0	0	0
2	3	UID911511	2	1	1	1
1	2	UID911543	2	0	0	0
1	2	UID911544	2	0	0	0
1	2	UID911552	2	0	0	0
1	2	UID911597	2	0	0	0
1	2	UID911618	2	0	0	0
1	2	UID911622	2	0	0	0
1	2	UID911624	2	0	0	0
1	2	UID911636	2	0	0	0
1	2	UID911656	2	0	0	0
1	2	UID911660	2	0	0	0
1	2	UID911673	2	0	0	0
1	2	UID911682	2	0	0	0
1	2	UID911691	2	0	0	0
1	2	UID911693	2	0	0	0
2	3	UID911723	2	1	1	1
1	2	UID911745	2	0	0	0
1	2	UID911760	2	0	0	0
2	3	UID911769	2	1	1	1
1	2	UID911770	2	0	0	0
1	1	UID1235	1	1	0	0
5	5	UID137832	1	5	2	2
1	1	UID149927	1	1	0	0
1	1	UID150001	1	1	0	0
1	1	UID150037	1	1	0	0
1	1	UID150940	1	1	0	0
1	1	UID152755	1	1	0	0
4	4	UID877429	1	4	1	1
1	1	UID881503	1	1	0	0
1	1	UID911776	1	1	0	0
1	1	UID911777	1	1	0	0
1	1	UID911778	1	1	0	0
1	1	UID911779	1	1	0	0
1	1	UID911784	1	1	0	0
1	1	UID911786	1	1	0	0
1	1	UID911790	1	1	0	0
1	1	UID911791	1	1	0	0
1	1	UID911797	1	1	0	0
1	1	UID911801	1	1	0	0
1	1	UID911802	1	1	0	0
1	1	UID911814	1	1	0	0
1	1	UID911835	1	1	0	0
1	1	UID911849	1	1	0	0
1	1	UID911854	1	1	0	0
1	1	UID911855	1	1	0	0
1	1	UID911856	1	1	0	0
1	1	UID911857	1	1	0	0
1	1	UID911858	1	1	0	0
1	1	UID911860	1	1	0	0
1	1	UID911861	1	1	0	0
1	1	UID911862	1	1	0	0
1	1	UID911863	1	1	0	0
1	1	UID911865	1	1	0	0
1	1	UID911868	1	1	0	0
1	1	UID911871	1	1	0	0
1	1	UID911877	1	1	0	0
1	1	UID911882	1	1	0	0
1	1	UID911884	1	1	0	0
1	1	UID911886	1	1	0	0
1	1	UID911889	1	1	0	0
1	1	UID911892	1	1	0	0
1	1	UID911903	1	1	0	0
1	1	UID911904	1	1	0	0
1	1	UID911909	1	1	0	0
1	1	UID911931	1	1	0	0
1	1	UID911934	1	1	0	0
1	1	UID911937	1	1	0	0
1	1	UID911938	1	1	0	0
1	1	UID911941	1	1	0	0
1	1	UID911943	1	1	0	0
1	1	UID911944	1	1	0	0
1	1	UID911946	1	1	0	0
1	1	UID911951	1	1	0	0
1	1	UID911965	1	1	0	0
1	1	UID911971	1	1	0	0
1	1	UID911974	1	1	0	0
1	1	UID912014	1	1	0	0
1	1	UID912015	1	1	0	0
1	1	UID912028	1	1	0	0
1	1	UID912037	1	1	0	0
1	1	UID912039	1	1	0	0
1	1	UID912043	1	1	0	0
1	1	UID912049	1	1	0	0
1	1	UID912051	1	1	0	0
1	1	UID912062	1	1	0	0
1	1	UID912064	1	1	0	0
1	1	UID912107	1	1	0	0
1	1	UID912113	1	1	0	0
1	1	UID912114	1	1	0	0
1	1	UID912115	1	1	0	0
1	1	UID912116	1	1	0	0
1	1	UID912117	1	1	0	0
1	1	UID912124	1	1	0	0
1	1	UID912127	1	1	0	0
1	1	UID912132	1	1	0	0
1	1	UID912134	1	1	0	0
1	1	UID912137	1	1	0	0
1	1	UID912147	1	1	0	0
1	1	UID912187	1	1	0	0
1	1	UID912188	1	1	0	0
1	1	UID912196	1	1	0	0
1	1	UID912199	1	1	0	0
1	1	UID912203	1	1	0	0
1	1	UID912213	1	1	0	0
1	1	UID912215	1	1	0	0
1	1	UID912239	1	1	0	0
1	1	UID912240	1	1	0	0
1	1	UID912244	1	1	0	0
1	1	UID912245	1	1	0	0
1	1	UID912246	1	1	0	0
1	1	UID912248	1	1	0	0
1	1	UID912249	1	1	0	0
1	1	UID912263	1	1	0	0
1	1	UID912264	1	1	0	0
1	1	UID912265	1	1	0	0
1	1	UID912269	1	1	0	0
1	1	UID912273	1	1	0	0
1	1	UID912279	1	1	0	0
1	1	UID912285	1	1	0	0
1	1	UID912286	1	1	0	0
1	1	UID912287	1	1	0	0
1	1	UID912305	1	1	0	0
1	1	UID912309	1	1	0	0
1	1	UID912310	1	1	0	0
1	1	UID912313	1	1	0	0
1	1	UID912315	1	1	0	0
1	1	UID912316	1	1	0	0
1	1	UID912318	1	1	0	0
1	1	UID912324	1	1	0	0
1	1	UID912329	1	1	0	0
1	1	UID912331	1	1	0	0
1	1	UID912353	1	1	0	0
1	1	UID912363	1	1	0	0
1	1	UID912365	1	1	0	0
1	1	UID912367	1	1	0	0
1	1	UID912369	1	1	0	0
1	1	UID912370	1	1	0	0
1	1	UID912375	1	1	0	0
1	1	UID912414	1	1	0	0
1	1	UID912419	1	1	0	0
1	1	UID912420	1	1	0	0
1	1	UID912421	1	1	0	0
1	1	UID912424	1	1	0	0
1	1	UID912426	1	1	0	0
1	1	UID912429	1	1	0	0
1	1	UID912445	1	1	0	0
1	1	UID912454	1	1	0	0
1	1	UID912456	1	1	0	0
1	1	UID912459	1	1	0	0
1	1	UID912461	1	1	0	0
1	1	UID912463	1	1	0	0
1	1	UID912464	1	1	0	0
1	1	UID912493	1	1	0	0
1	1	UID912507	1	1	0	0
1	1	UID912513	1	1	0	0
1	1	UID912515	1	1	0	0
1	1	UID912516	1	1	0	0
1	1	UID912520	1	1	0	0
1	1	UID912521	1	1	0	0
1	1	UID912522	1	1	0	0
1	1	UID912543	1	1	0	0
1	1	UID912555	1	1	0	0
1	1	UID912558	1	1	0	0
1	1	UID912565	1	1	0	0
1	1	UID912566	1	1	0	0
1	1	UID912584	1	1	0	0
1	1	UID912609	1	1	0	0
1	1	UID912617	1	1	0	0
1	1	UID912622	1	1	0	0
1	1	UID912636	1	1	0	0
1	1	UID912637	1	1	0	0
1	1	UID912638	1	1	0	0
1	1	UID912639	1	1	0	0
1	1	UID912641	1	1	0	0
1	1	UID912642	1	1	0	0
1	1	UID912644	1	1	0	0
1	1	UID912646	1	1	0	0
1	1	UID912647	1	1	0	0
1	1	UID912648	1	1	0	0
1	1	UID912673	1	1	0	0
1	1	UID912675	1	1	0	0
1	1	UID912676	1	1	0	0
1	1	UID912677	1	1	0	0
1	1	UID912678	1	1	0	0
1	1	UID912683	1	1	0	0
1	1	UID912687	1	1	0	0
1	1	UID912689	1	1	0	0
1	1	UID912692	1	1	0	0
1	1	UID912697	1	1	0	0
1	1	UID912698	1	1	0	0
1	1	UID912702	1	1	0	0
1	1	UID912739	1	1	0	0
1	1	UID912741	1	1	0	0
1	1	UID912745	1	1	0	0
1	1	UID912747	1	1	0	0
2	2	UID912748	1	2	1	1
1	1	UID912750	1	1	0	0
1	1	UID912795	1	1	0	0
1	1	UID912798	1	1	0	0
1	1	UID912800	1	1	0	0
1	1	UID912801	1	1	0	0
1	1	UID912802	1	1	0	0
1	1	UID912805	1	1	0	0
1	1	UID912809	1	1	0	0
1	1	UID912810	1	1	0	0
1	1	UID912811	1	1	0	0
1	1	UID912812	1	1	0	0
1	1	UID912813	1	1	0	0
1	1	UID912814	1	1	0	0
1	1	UID912815	1	1	0	0
1	1	UID912816	1	1	0	0
1	1	UID912822	1	1	0	0
1	1	UID912823	1	1	0	0
1	1	UID912832	1	1	0	0
1	1	UID912867	1	1	0	0
1	1	UID912870	1	1	0	0
1	1	UID912871	1	1	0	0
1	1	UID912878	1	1	0	0
1	1	UID912890	1	1	0	0
1	1	UID912891	1	1	0	0
1	1	UID912892	1	1	0	0
1	1	UID912893	1	1	0	0
1	1	UID912894	1	1	0	0
1	1	UID912896	1	1	0	0
1	1	UID912898	1	1	0	0
1	1	UID912906	1	1	0	0
1	1	UID912911	1	1	0	0
1	1	UID912912	1	1	0	0
1	1	UID912914	1	1	0	0
1	1	UID912916	1	1	0	0
1	1	UID912921	1	1	0	0
1	1	UID912939	1	1	0	0
1	1	UID912955	1	1	0	0
1	1	UID912965	1	1	0	0
1	1	UID912981	1	1	0	0
1	1	UID913006	1	1	0	0
2	2	UID913011	1	2	1	1
1	1	UID913014	1	1	0	0
1	1	UID913019	1	1	0	0
1	1	UID913021	1	1	0	0
1	1	UID913025	1	1	0	0
1	1	UID913027	1	1	0	0
1	1	UID913030	1	1	0	0
1	1	UID913031	1	1	0	0
1	1	UID913036	1	1	0	0
1	1	UID913039	1	1	0	0
1	1	UID913042	1	1	0	0
1	1	UID913045	1	1	0	0
1	1	UID913082	1	1	0	0
1	1	UID913086	1	1	0	0
1	1	UID913088	1	1	0	0
1	1	UID913089	1	1	0	0
1	1	UID913090	1	1	0	0
1	1	UID913092	1	1	0	0
1	1	UID913094	1	1	0	0
1	1	UID913120	1	1	0	0
1	1	UID913128	1	1	0	0
1	1	UID913129	1	1	0	0
1	1	UID913131	1	1	0	0
1	1	UID913133	1	1	0	0
1	1	UID913137	1	1	0	0
1	1	UID913141	1	1	0	0
1	1	UID913143	1	1	0	0
1	1	UID913144	1	1	0	0
1	1	UID913145	1	1	0	0
1	1	UID913156	1	1	0	0
1	1	UID913157	1	1	0	0
1	1	UID913158	1	1	0	0
1	1	UID913171	1	1	0	0
1	1	UID913177	1	1	0	0
1	1	UID913194	1	1	0	0
1	1	UID913201	1	1	0	0
1	1	UID913233	1	1	0	0
1	1	UID913236	1	1	0	0
1	1	UID913239	1	1	0	0
1	1	UID913242	1	1	0	0
1	1	UID913245	1	1	0	0
1	1	UID913265	1	1	0	0
1	1	UID913266	1	1	0	0
1	1	UID913268	1	1	0	0
1	1	UID913275	1	1	0	0
1	1	UID913305	1	1	0	0
1	1	UID913315	1	1	0	0
1	1	UID913322	1	1	0	0
1	1	UID913324	1	1	0	0
1	1	UID913326	1	1	0	0
1	1	UID913335	1	1	0	0
1	1	UID913336	1	1	0	0
1	1	UID913337	1	1	0	0
1	1	UID913339	1	1	0	0
1	1	UID913344	1	1	0	0
1	1	UID913356	1	1	0	0
1	1	UID913384	1	1	0	0
1	1	UID913387	1	1	0	0
1	1	UID913388	1	1	0	0
1	1	UID913390	1	1	0	0
1	1	UID913392	1	1	0	0
1	1	UID913406	1	1	0	0
1	1	UID913407	1	1	0	0
1	1	UID913411	1	1	0	0
1	1	UID913412	1	1	0	0
1	1	UID913414	1	1	0	0
1	1	UID913418	1	1	0	0
1	1	UID913419	1	1	0	0
1	1	UID913421	1	1	0	0
1	1	UID913422	1	1	0	0
1	1	UID913430	1	1	0	0
1	1	UID913451	1	1	0	0
1	1	UID913469	1	1	0	0
1	1	UID913470	1	1	0	0
1	1	UID913475	1	1	0	0
1	1	UID913476	1	1	0	0
1	1	UID913477	1	1	0	0
1	1	UID913481	1	1	0	0
1	1	UID913510	1	1	0	0
1	1	UID913516	1	1	0	0
1	1	UID913521	1	1	0	0
1	1	UID913528	1	1	0	0
1	1	UID913533	1	1	0	0
1	1	UID913535	1	1	0	0
1	1	UID913537	1	1	0	0
1	1	UID913547	1	1	0	0
1	1	UID913549	1	1	0	0
1	1	UID913552	1	1	0	0
1	1	UID913555	1	1	0	0
1	1	UID913563	1	1	0	0
1	1	UID913579	1	1	0	0
1	1	UID913581	1	1	0	0
1	1	UID913584	1	1	0	0
1	1	UID913589	1	1	0	0
1	1	UID913597	1	1	0	0
1	1	UID913598	1	1	0	0
1	1	UID913599	1	1	0	0
1	1	UID913600	1	1	0	0
1	1	UID913614	1	1	0	0
2	2	UID913644	1	2	1	1
1	1	UID913685	1	1	0	0
1	1	UID913690	1	1	0	0
1	1	UID913691	1	1	0	0
1	1	UID913694	1	1	0	0
1	1	UID913696	1	1	0	0
1	1	UID913726	1	1	0	0
1	1	UID913730	1	1	0	0
1	1	UID913734	1	1	0	0
1	1	UID913735	1	1	0	0
1	1	UID913737	1	1	0	0
1	1	UID913740	1	1	0	0
1	1	UID913753	1	1	0	0
1	1	UID913754	1	1	0	0
1	1	UID913759	1	1	0	0
1	1	UID913760	1	1	0	0
1	1	UID913761	1	1	0	0
1	1	UID913762	1	1	0	0
1	1	UID913763	1	1	0	0
1	1	UID913789	1	1	0	0
1	1	UID913800	1	1	0	0
1	1	UID913802	1	1	0	0
1	1	UID913804	1	1	0	0
1	1	UID913809	1	1	0	0
1	1	UID913812	1	1	0	0
1	1	UID913813	1	1	0	0
1	1	UID913834	1	1	0	0
1	1	UID913844	1	1	0	0
1	1	UID913845	1	1	0	0
1	1	UID913862	1	1	0	0
1	1	UID913884	1	1	0	0
1	1	UID913900	1	1	0	0
1	1	UID913924	1	1	0	0
1	1	UID913937	1	1	0	0
1	1	UID913938	1	1	0	0
1	1	UID913939	1	1	0	0
1	1	UID913952	1	1	0	0
1	1	UID913960	1	1	0	0
1	1	UID913975	1	1	0	0
1	1	UID913976	1	1	0	0
1	1	UID913978	1	1	0	0
1	1	UID914001	1	1	0	0
1	1	UID914002	1	1	0	0
1	1	UID914006	1	1	0	0
1	1	UID914007	1	1	0	0
1	1	UID914009	1	1	0	0
1	1	UID914011	1	1	0	0
1	1	UID914030	1	1	0	0
1	1	UID914031	1	1	0	0
1	1	UID914032	1	1	0	0
1	1	UID914046	1	1	0	0
1	1	UID914047	1	1	0	0
1	1	UID914048	1	1	0	0
1	1	UID914049	1	1	0	0
1	1	UID914050	1	1	0	0
1	1	UID914051	1	1	0	0
1	1	UID914059	1	1	0	0
1	1	UID914076	1	1	0	0
1	1	UID914077	1	1	0	0
1	1	UID914081	1	1	0	0
1	1	UID914083	1	1	0	0
1	1	UID914084	1	1	0	0
1	1	UID914094	1	1	0	0
1	1	UID914095	1	1	0	0
1	1	UID914126	1	1	0	0
1	1	UID914128	1	1	0	0
1	1	UID914153	1	1	0	0
1	1	UID914165	1	1	0	0
1	1	UID914204	1	1	0	0
1	1	UID914221	1	1	0	0
1	1	UID914240	1	1	0	0
1	1	UID914244	1	1	0	0
1	1	UID914249	1	1	0	0
1	1	UID914254	1	1	0	0
1	1	UID914255	1	1	0	0
1	1	UID914258	1	1	0	0
1	1	UID914260	1	1	0	0
1	1	UID914261	1	1	0	0
1	1	UID914312	1	1	0	0
1	1	UID914387	1	1	0	0
1	1	UID914404	1	1	0	0
1	1	UID914408	1	1	0	0
1	1	UID914424	1	1	0	0
1	1	UID914434	1	1	0	0
1	1	UID914441	1	1	0	0
1	1	UID914463	1	1	0	0
1	1	UID914464	1	1	0	0
1	1	UID914470	1	1	0	0
1	1	UID914472	1	1	0	0
1	1	UID914477	1	1	0	0
1	1	UID914524	1	1	0	0
1	1	UID914541	1	1	0	0
1	1	UID914555	1	1	0	0
1	1	UID914561	1	1	0	0
1	1	UID914564	1	1	0	0
1	1	UID914565	1	1	0	0
1	1	UID914577	1	1	0	0
1	1	UID914591	1	1	0	0
1	1	UID914594	1	1	0	0
1	1	UID914595	1	1	0	0
1	1	UID914596	1	1	0	0
1	1	UID914606	1	1	0	0
1	1	UID914617	1	1	0	0
1	1	UID914618	1	1	0	0
1	1	UID914620	1	1	0	0
1	1	UID914630	1	1	0	0
1	1	UID914651	1	1	0	0
1	1	UID914658	1	1	0	0
1	1	UID914660	1	1	0	0
1	1	UID914685	1	1	0	0
1	1	UID914695	1	1	0	0
1	1	UID914697	1	1	0	0
1	1	UID914712	1	1	0	0
1	1	UID914719	1	1	0	0
1	1	UID914772	1	1	0	0
1	1	UID914808	1	1	0	0
1	1	UID914829	1	1	0	0
1	1	UID914830	1	1	0	0
1	1	UID914845	1	1	0	0
1	1	UID914857	1	1	0	0
1	1	UID914863	1	1	0	0
1	1	UID914887	1	1	0	0
1	1	UID914895	1	1	0	0
1	1	UID914899	1	1	0	0
1	1	UID914933	1	1	0	0
1	1	UID914939	1	1	0	0
1	1	UID914991	1	1	0	0
1	1	UID915012	1	1	0	0
1	1	UID915029	1	1	0	0
1	1	UID915038	1	1	0	0
1	1	UID915042	1	1	0	0
1	1	UID915055	1	1	0	0
1	1	UID915084	1	1	0	0
1	1	UID915113	1	1	0	0
1	1	UID915137	1	1	0	0
1	1	UID915140	1	1	0	0
1	1	UID915143	1	1	0	0
1	1	UID915144	1	1	0	0
1	1	UID915235	1	1	0	0
1	1	UID915240	1	1	0	0
1	1	UID915280	1	1	0	0
1	1	UID915283	1	1	0	0
1	1	UID915313	1	1	0	0
1	1	UID915316	1	1	0	0
1	1	UID915317	1	1	0	0
1	1	UID915338	1	1	0	0
1	1	UID915342	1	1	0	0
1	1	UID915349	1	1	0	0
1	1	UID915384	1	1	0	0
1	1	UID915387	1	1	0	0
1	1	UID915431	1	1	0	0
1	1	UID915512	1	1	0	0
1	1	UID915520	1	1	0	0
1	1	UID915544	1	1	0	0
1	1	UID915559	1	1	0	0
1	1	UID915590	1	1	0	0
1	1	UID915591	1	1	0	0
1	1	UID915620	1	1	0	0
1	1	UID915640	1	1	0	0
1	1	UID915656	1	1	0	0
1	1	UID915685	1	1	0	0
1	1	UID915706	1	1	0	0
1	1	UID915964	1	1	0	0
1	1	UID915968	1	1	0	0
1	1	UID916064	1	1	0	0
1	1	UID916065	1	1	0	0
1	1	UID916077	1	1	0	0
1	1	UID916102	1	1	0	0
1	1	UID916132	1	1	0	0
1	1	UID916133	1	1	0	0
1	1	UID916134	1	1	0	0
1	1	UID916137	1	1	0	0
1	1	UID916144	1	1	0	0
1	1	UID916159	1	1	0	0
1	1	UID916182	1	1	0	0
1	1	UID916201	1	1	0	0
1	1	UID916215	1	1	0	0
1	1	UID916218	1	1	0	0
1	1	UID916249	1	1	0	0
1	1	UID916253	1	1	0	0
1	1	UID916255	1	1	0	0
1	1	UID916264	1	1	0	0
1	1	UID916273	1	1	0	0
1	1	UID916278	1	1	0	0
1	1	UID916280	1	1	0	0
1	1	UID916289	1	1	0	0
1	1	UID916290	1	1	0	0
1	1	UID916292	1	1	0	0
1	1	UID916298	1	1	0	0
1	1	UID916329	1	1	0	0
1	1	UID916330	1	1	0	0
1	1	UID916337	1	1	0	0
1	1	UID916341	1	1	0	0
1	1	UID916343	1	1	0	0
1	1	UID916350	1	1	0	0
1	1	UID916351	1	1	0	0
1	1	UID916353	1	1	0	0
1	1	UID916357	1	1	0	0
1	1	UID916362	1	1	0	0
1	1	UID916384	1	1	0	0
1	1	UID916389	1	1	0	0
1	1	UID916393	1	1	0	0
1	1	UID916410	1	1	0	0
1	1	UID916445	1	1	0	0
1	1	UID916476	1	1	0	0
1	1	UID916507	1	1	0	0
1	1	UID916583	1	1	0	0
1	1	UID916611	1	1	0	0
1	1	UID916615	1	1	0	0
1	1	UID916618	1	1	0	0
1	1	UID916629	1	1	0	0
1	1	UID916645	1	1	0	0
1	1	UID916646	1	1	0	0
1	1	UID916651	1	1	0	0
1	1	UID916653	1	1	0	0
1	1	UID916706	1	1	0	0
1	1	UID916708	1	1	0	0
1	1	UID916717	1	1	0	0
1	1	UID916728	1	1	0	0
1	1	UID916741	1	1	0	0
1	1	UID916743	1	1	0	0
1	1	UID916747	1	1	0	0
1	1	UID916771	1	1	0	0
1	1	UID916772	1	1	0	0
1	1	UID916779	1	1	0	0
1	1	UID916787	1	1	0	0
1	1	UID916792	1	1	0	0
1	1	UID916812	1	1	0	0
1	1	UID916815	1	1	0	0
1	1	UID916818	1	1	0	0
1	1	UID916820	1	1	0	0
1	1	UID916885	1	1	0	0
1	1	UID916892	1	1	0	0
1	1	UID916894	1	1	0	0
1	1	UID916895	1	1	0	0
1	1	UID916911	1	1	0	0
1	1	UID916913	1	1	0	0
1	1	UID916920	1	1	0	0
1	1	UID916921	1	1	0	0
1	1	UID916955	1	1	0	0
1	1	UID916969	1	1	0	0
1	1	UID917003	1	1	0	0
1	1	UID917004	1	1	0	0
1	1	UID917005	1	1	0	0
1	1	UID917016	1	1	0	0
1	1	UID917034	1	1	0	0
1	1	UID917044	1	1	0	0
1	1	UID917091	1	1	0	0
1	1	UID917099	1	1	0	0
1	1	UID917100	1	1	0	0
1	1	UID917102	1	1	0	0
1	1	UID917103	1	1	0	0
1	1	UID917115	1	1	0	0
1	1	UID917138	1	1	0	0
1	1	UID917139	1	1	0	0
1	1	UID917160	1	1	0	0
1	1	UID917162	1	1	0	0
1	1	UID917165	1	1	0	0
1	1	UID917167	1	1	0	0
1	1	UID917168	1	1	0	0
1	1	UID917202	1	1	0	0
1	1	UID917212	1	1	0	0
1	1	UID917213	1	1	0	0
1	1	UID917229	1	1	0	0
1	1	UID917249	1	1	0	0
1	1	UID917253	1	1	0	0
1	1	UID917263	1	1	0	0
1	1	UID917319	1	1	0	0
1	1	UID917357	1	1	0	0
1	1	UID917381	1	1	0	0
1	1	UID917384	1	1	0	0
1	1	UID917388	1	1	0	0
1	1	UID917405	1	1	0	0
1	1	UID917426	1	1	0	0
1	1	UID917436	1	1	0	0
1	1	UID917477	1	1	0	0
1	1	UID917487	1	1	0	0
1	1	UID917489	1	1	0	0
1	1	UID917491	1	1	0	0
1	1	UID917507	1	1	0	0
1	1	UID917511	1	1	0	0
1	1	UID917512	1	1	0	0
1	1	UID917513	1	1	0	0
1	1	UID917514	1	1	0	0
1	1	UID917517	1	1	0	0
1	1	UID917519	1	1	0	0
1	1	UID917523	1	1	0	0
1	1	UID917528	1	1	0	0
1	1	UID917530	1	1	0	0
1	1	UID917531	1	1	0	0
1	1	UID917533	1	1	0	0
1	1	UID917534	1	1	0	0
1	1	UID917541	1	1	0	0
1	1	UID917570	1	1	0	0
1	1	UID917612	1	1	0	0
1	1	UID917627	1	1	0	0
1	1	UID917647	1	1	0	0
1	1	UID917677	1	1	0	0
1	1	UID917679	1	1	0	0
2	2	UID917689	1	2	1	1
1	1	UID917706	1	1	0	0
1	1	UID917713	1	1	0	0
1	1	UID917745	1	1	0	0
1	1	UID917755	1	1	0	0
1	1	UID917766	1	1	0	0
1	1	UID917784	1	1	0	0
1	1	UID917791	1	1	0	0
1	1	UID917794	1	1	0	0
3	3	UID917796	1	3	2	2
1	1	UID917870	1	1	0	0
1	1	UID917889	1	1	0	0
1	1	UID917890	1	1	0	0
1	1	UID917961	1	1	0	0
1	1	UID917970	1	1	0	0
1	1	UID917972	1	1	0	0
1	1	UID918036	1	1	0	0
1	1	UID918043	1	1	0	0
1	1	UID918050	1	1	0	0
1	1	UID918059	1	1	0	0
1	1	UID918062	1	1	0	0
1	1	UID918069	1	1	0	0
1	1	UID918083	1	1	0	0
1	1	UID918116	1	1	0	0
1	1	UID918122	1	1	0	0
1	1	UID918123	1	1	0	0
1	1	UID918138	1	1	0	0
1	1	UID918161	1	1	0	0
1	1	UID918162	1	1	0	0
1	1	UID918168	1	1	0	0
1	1	UID918173	1	1	0	0
1	1	UID918184	1	1	0	0
1	1	UID918228	1	1	0	0
1	1	UID918236	1	1	0	0
1	1	UID918268	1	1	0	0
1	1	UID918271	1	1	0	0
1	1	UID918277	1	1	0	0
1	1	UID918280	1	1	0	0
1	1	UID918291	1	1	0	0
1	1	UID918299	1	1	0	0
1	1	UID918305	1	1	0	0
1	1	UID918316	1	1	0	0
1	1	UID918365	1	1	0	0
1	1	UID918399	1	1	0	0
1	1	UID918417	1	1	0	0
1	1	UID918440	1	1	0	0
1	1	UID918452	1	1	0	0
1	1	UID918459	1	1	0	0
1	1	UID91845	1	1	0	0
1	1	UID918499	1	1	0	0
1	1	UID918501	1	1	0	0
1	1	UID918525	1	1	0	0
1	1	UID918541	1	1	0	0
1	1	UID918562	1	1	0	0
1	1	UID918563	1	1	0	0
1	1	UID918566	1	1	0	0
1	1	UID918567	1	1	0	0
1	1	UID918569	1	1	0	0
1	1	UID918583	1	1	0	0
1	1	UID918588	1	1	0	0
1	1	UID918590	1	1	0	0
1	1	UID918592	1	1	0	0
1	1	UID918593	1	1	0	0
1	1	UID918597	1	1	0	0
1	1	UID918621	1	1	0	0
1	1	UID918632	1	1	0	0
1	1	UID918637	1	1	0	0
1	1	UID918640	1	1	0	0
1	1	UID918641	1	1	0	0
1	1	UID918662	1	1	0	0
1	1	UID918664	1	1	0	0
1	1	UID918716	1	1	0	0
1	1	UID918725	1	1	0	0
1	1	UID918726	1	1	0	0
1	1	UID918731	1	1	0	0
1	1	UID918744	1	1	0	0
1	1	UID918767	1	1	0	0
1	1	UID918773	1	1	0	0
1	1	UID918774	1	1	0	0
1	1	UID918779	1	1	0	0
1	1	UID918780	1	1	0	0
1	1	UID918786	1	1	0	0
1	1	UID918795	1	1	0	0
1	1	UID918821	1	1	0	0
1	1	UID918825	1	1	0	0
1	1	UID918826	1	1	0	0
1	1	UID918827	1	1	0	0
1	1	UID918831	1	1	0	0
1	1	UID918832	1	1	0	0
1	1	UID918840	1	1	0	0
1	1	UID918886	1	1	0	0
1	1	UID918918	1	1	0	0
1	1	UID918927	1	1	0	0
1	1	UID918943	1	1	0	0
1	1	UID918944	1	1	0	0
1	1	UID918950	1	1	0	0
1	1	UID918953	1	1	0	0
1	1	UID918959	1	1	0	0
1	1	UID918960	1	1	0	0
1	1	UID918961	1	1	0	0
1	1	UID918970	1	1	0	0
1	1	UID918972	1	1	0	0
1	1	UID918994	1	1	0	0
1	1	UID919004	1	1	0	0
1	1	UID919015	1	1	0	0
1	1	UID919017	1	1	0	0
1	1	UID919043	1	1	0	0
1	1	UID919047	1	1	0	0
1	1	UID919048	1	1	0	0
1	1	UID919055	1	1	0	0
1	1	UID919057	1	1	0	0
1	1	UID919063	1	1	0	0
1	1	UID919108	1	1	0	0
1	1	UID919111	1	1	0	0
1	1	UID919112	1	1	0	0
1	1	UID919127	1	1	0	0
1	1	UID919128	1	1	0	0
1	1	UID919165	1	1	0	0
1	1	UID919176	1	1	0	0
1	1	UID919181	1	1	0	0
1	1	UID919182	1	1	0	0
1	1	UID919199	1	1	0	0
1	1	UID919208	1	1	0	0
1	1	UID919231	1	1	0	0
1	1	UID919233	1	1	0	0
1	1	UID919238	1	1	0	0
1	1	UID919246	1	1	0	0
1	1	UID919247	1	1	0	0
1	1	UID919248	1	1	0	0
1	1	UID919249	1	1	0	0
1	1	UID919250	1	1	0	0
1	1	UID919251	1	1	0	0
1	1	UID919254	1	1	0	0
1	1	UID919276	1	1	0	0
1	1	UID919277	1	1	0	0
1	1	UID919278	1	1	0	0
1	1	UID919280	1	1	0	0
1	1	UID919282	1	1	0	0
1	1	UID919288	1	1	0	0
1	1	UID919293	1	1	0	0
1	1	UID919343	1	1	0	0
1	1	UID919358	1	1	0	0
1	1	UID919380	1	1	0	0
1	1	UID919399	1	1	0	0
1	1	UID919427	1	1	0	0
1	1	UID919429	1	1	0	0
1	1	UID919430	1	1	0	0
1	1	UID919433	1	1	0	0
1	1	UID919434	1	1	0	0
1	1	UID919437	1	1	0	0
1	1	UID919438	1	1	0	0
1	1	UID919439	1	1	0	0
1	1	UID919443	1	1	0	0
1	1	UID919450	1	1	0	0
1	1	UID919477	1	1	0	0
1	1	UID919478	1	1	0	0
1	1	UID919479	1	1	0	0
1	1	UID919524	1	1	0	0
1	1	UID919525	1	1	0	0
1	1	UID919527	1	1	0	0
1	1	UID919534	1	1	0	0
2	2	UID919540	1	2	1	1
1	1	UID919546	1	1	0	0
1	1	UID919563	1	1	0	0
1	1	UID919570	1	1	0	0
1	1	UID919582	1	1	0	0
1	1	UID919608	1	1	0	0
1	1	UID919615	1	1	0	0
1	1	UID919639	1	1	0	0
1	1	UID919641	1	1	0	0
1	1	UID919642	1	1	0	0
1	1	UID919655	1	1	0	0
1	1	UID919658	1	1	0	0
1	1	UID919681	1	1	0	0
1	1	UID919692	1	1	0	0
1	1	UID919705	1	1	0	0
1	1	UID919706	1	1	0	0
1	1	UID919745	1	1	0	0
1	1	UID919757	1	1	0	0
1	1	UID919763	1	1	0	0
1	1	UID919765	1	1	0	0
1	1	UID919766	1	1	0	0
1	1	UID919800	1	1	0	0
1	1	UID919813	1	1	0	0
1	1	UID919815	1	1	0	0
1	1	UID919818	1	1	0	0
1	1	UID919833	1	1	0	0
1	1	UID919866	1	1	0	0
1	1	UID919867	1	1	0	0
1	1	UID919880	1	1	0	0
1	1	UID919888	1	1	0	0
1	1	UID919898	1	1	0	0
1	1	UID919899	1	1	0	0
1	1	UID919902	1	1	0	0
1	1	UID919924	1	1	0	0
1	1	UID919932	1	1	0	0
1	1	UID919942	1	1	0	0
1	1	UID919943	1	1	0	0
1	1	UID919944	1	1	0	0
1	1	UID919949	1	1	0	0
1	1	UID919958	1	1	0	0
1	1	UID919960	1	1	0	0
1	1	UID919987	1	1	0	0
1	1	UID919998	1	1	0	0
1	1	UID920006	1	1	0	0
1	1	UID920014	1	1	0	0
1	1	UID920019	1	1	0	0
1	1	UID920023	1	1	0	0
1	1	UID920051	1	1	0	0
1	1	UID920055	1	1	0	0
1	1	UID920057	1	1	0	0
1	1	UID920058	1	1	0	0
1	1	UID920059	1	1	0	0
1	1	UID920060	1	1	0	0
1	1	UID920061	1	1	0	0
1	1	UID920066	1	1	0	0
1	1	UID920119	1	1	0	0
1	1	UID920122	1	1	0	0
1	1	UID920125	1	1	0	0
1	1	UID920126	1	1	0	0
1	1	UID920130	1	1	0	0
1	1	UID920133	1	1	0	0
1	1	UID920167	1	1	0	0
1	1	UID920168	1	1	0	0
1	1	UID920173	1	1	0	0
1	1	UID920175	1	1	0	0
1	1	UID920179	1	1	0	0
1	1	UID920186	1	1	0	0
1	1	UID920187	1	1	0	0
1	1	UID920195	1	1	0	0
1	1	UID920198	1	1	0	0
1	1	UID920199	1	1	0	0
1	1	UID920200	1	1	0	0
1	1	UID920202	1	1	0	0
1	1	UID920205	1	1	0	0
1	1	UID920208	1	1	0	0
1	1	UID920210	1	1	0	0
1	1	UID920211	1	1	0	0
1	1	UID920213	1	1	0	0
1	1	UID920219	1	1	0	0
1	1	UID920221	1	1	0	0
1	1	UID920223	1	1	0	0
1	1	UID920228	1	1	0	0
1	1	UID920257	1	1	0	0
1	1	UID920261	1	1	0	0
1	1	UID920264	1	1	0	0
1	1	UID920267	1	1	0	0
1	1	UID920269	1	1	0	0
1	1	UID920273	1	1	0	0
1	1	UID920283	1	1	0	0
1	1	UID920285	1	1	0	0
1	1	UID920289	1	1	0	0
1	1	UID920311	1	1	0	0
1	1	UID920314	1	1	0	0
1	1	UID920343	1	1	0	0
1	1	UID920352	1	1	0	0
1	1	UID920361	1	1	0	0
1	1	UID920362	1	1	0	0
1	1	UID920371	1	1	0	0
1	1	UID920403	1	1	0	0
1	1	UID920405	1	1	0	0
1	1	UID920444	1	1	0	0
1	1	UID920447	1	1	0	0
1	1	UID920448	1	1	0	0
1	1	UID920452	1	1	0	0
1	1	UID920454	1	1	0	0
1	1	UID920497	1	1	0	0
1	1	UID920499	1	1	0	0
1	1	UID920513	1	1	0	0
1	1	UID920533	1	1	0	0
1	1	UID920534	1	1	0	0
1	1	UID920543	1	1	0	0
1	1	UID920562	1	1	0	0
1	1	UID920564	1	1	0	0
1	1	UID920568	1	1	0	0
1	1	UID920577	1	1	0	0
1	1	UID920579	1	1	0	0
1	1	UID920580	1	1	0	0
1	1	UID920598	1	1	0	0
1	1	UID920599	1	1	0	0
1	1	UID920609	1	1	0	0
1	1	UID920610	1	1	0	0
1	1	UID920611	1	1	0	0
1	1	UID920613	1	1	0	0
1	1	UID920614	1	1	0	0
1	1	UID920616	1	1	0	0
1	1	UID920620	1	1	0	0
1	1	UID920622	1	1	0	0
1	1	UID920623	1	1	0	0
1	1	UID920651	1	1	0	0
1	1	UID920661	1	1	0	0
1	1	UID920664	1	1	0	0
1	1	UID920667	1	1	0	0
1	1	UID920675	1	1	0	0
1	1	UID920684	1	1	0	0
1	1	UID920689	1	1	0	0
1	1	UID920691	1	1	0	0
1	1	UID920698	1	1	0	0
1	1	UID920702	1	1	0	0
1	1	UID920742	1	1	0	0
1	1	UID920744	1	1	0	0
1	1	UID920746	1	1	0	0
1	1	UID920747	1	1	0	0
1	1	UID920767	1	1	0	0
1	1	UID920780	1	1	0	0
1	1	UID920787	1	1	0	0
1	1	UID920798	1	1	0	0
1	1	UID920822	1	1	0	0
1	1	UID920831	1	1	0	0
1	1	UID920837	1	1	0	0
1	1	UID920838	1	1	0	0
1	1	UID920854	1	1	0	0
1	1	UID920863	1	1	0	0
1	1	UID920868	1	1	0	0
1	1	UID920873	1	1	0	0
1	1	UID920876	1	1	0	0
1	1	UID920882	1	1	0	0
1	1	UID920883	1	1	0	0
1	1	UID920888	1	1	0	0
1	1	UID920898	1	1	0	0
1	1	UID920930	1	1	0	0
1	1	UID920933	1	1	0	0
1	1	UID920936	1	1	0	0
1	1	UID920942	1	1	0	0
1	1	UID920952	1	1	0	0
1	1	UID920961	1	1	0	0
1	1	UID920962	1	1	0	0
1	1	UID920986	1	1	0	0
1	1	UID920987	1	1	0	0
1	1	UID920997	1	1	0	0
1	1	UID921002	1	1	0	0
1	1	UID921026	1	1	0	0
1	1	UID921028	1	1	0	0
1	1	UID921032	1	1	0	0
1	1	UID921037	1	1	0	0
1	1	UID921067	1	1	0	0
1	1	UID921079	1	1	0	0
1	1	UID921088	1	1	0	0
1	1	UID921090	1	1	0	0
1	1	UID921098	1	1	0	0
1	1	UID921101	1	1	0	0
1	1	UID921102	1	1	0	0
1	1	UID921107	1	1	0	0
1	1	UID921109	1	1	0	0
1	1	UID921110	1	1	0	0
1	1	UID921116	1	1	0	0
1	1	UID921130	1	1	0	0
1	1	UID921149	1	1	0	0
1	1	UID921152	1	1	0	0
1	1	UID921160	1	1	0	0
1	1	UID921162	1	1	0	0
1	1	UID921176	1	1	0	0
1	1	UID921178	1	1	0	0
1	1	UID921180	1	1	0	0
1	1	UID921185	1	1	0	0
1	1	UID921187	1	1	0	0
1	1	UID921189	1	1	0	0
1	1	UID921192	1	1	0	0
1	1	UID921195	1	1	0	0
1	1	UID921200	1	1	0	0
1	1	UID921202	1	1	0	0
1	1	UID921203	1	1	0	0
1	1	UID921207	1	1	0	0
1	1	UID921209	1	1	0	0
1	1	UID921218	1	1	0	0
1	1	UID921220	1	1	0	0
1	1	UID921222	1	1	0	0
1	1	UID921226	1	1	0	0
1	1	UID921263	1	1	0	0
1	1	UID921276	1	1	0	0
1	1	UID921279	1	1	0	0
1	1	UID921286	1	1	0	0
1	1	UID921291	1	1	0	0
1	1	UID921293	1	1	0	0
1	1	UID921296	1	1	0	0
1	1	UID921299	1	1	0	0
1	1	UID921300	1	1	0	0
1	1	UID921314	1	1	0	0
1	1	UID921334	1	1	0	0
1	1	UID921340	1	1	0	0
1	1	UID921349	1	1	0	0
1	1	UID921358	1	1	0	0
1	1	UID921360	1	1	0	0
1	1	UID921369	1	1	0	0
1	1	UID921375	1	1	0	0
1	1	UID921376	1	1	0	0
1	1	UID921378	1	1	0	0
1	1	UID921381	1	1	0	0
1	1	UID921404	1	1	0	0
1	1	UID921422	1	1	0	0
1	1	UID921428	1	1	0	0
1	1	UID921431	1	1	0	0
1	1	UID921432	1	1	0	0
1	1	UID921440	1	1	0	0
1	1	UID921450	1	1	0	0
1	1	UID921453	1	1	0	0
1	1	UID921458	1	1	0	0
1	1	UID921460	1	1	0	0
1	1	UID921480	1	1	0	0
1	1	UID921489	1	1	0	0
1	1	UID921496	1	1	0	0
1	1	UID921503	1	1	0	0
1	1	UID921507	1	1	0	0
1	1	UID921513	1	1	0	0
1	1	UID921514	1	1	0	0
1	1	UID921516	1	1	0	0
1	1	UID921522	1	1	0	0
1	1	UID921530	1	1	0	0
1	1	UID921536	1	1	0	0
1	1	UID921538	1	1	0	0
1	1	UID921548	1	1	0	0
1	1	UID921552	1	1	0	0
1	1	UID921580	1	1	0	0
1	1	UID921582	1	1	0	0
1	1	UID921585	1	1	0	0
1	1	UID921590	1	1	0	0
1	1	UID921623	1	1	0	0
1	1	UID921629	1	1	0	0
1	1	UID921630	1	1	0	0
1	1	UID921657	1	1	0	0
1	1	UID921658	1	1	0	0
1	1	UID921661	1	1	0	0
1	1	UID921664	1	1	0	0
1	1	UID921689	1	1	0	0
1	1	UID921695	1	1	0	0
1	1	UID921697	1	1	0	0
1	1	UID921698	1	1	0	0
1	1	UID921706	1	1	0	0
1	1	UID921707	1	1	0	0
1	1	UID921713	1	1	0	0
1	1	UID921715	1	1	0	0
1	1	UID921716	1	1	0	0
1	1	UID921730	1	1	0	0
1	1	UID921742	1	1	0	0
1	1	UID921752	1	1	0	0
1	1	UID921753	1	1	0	0
1	1	UID921761	1	1	0	0
1	1	UID921763	1	1	0	0
1	1	UID921784	1	1	0	0
1	1	UID921789	1	1	0	0
1	1	UID921819	1	1	0	0
1	1	UID921838	1	1	0	0
1	1	UID921839	1	1	0	0
1	1	UID921840	1	1	0	0
1	1	UID921841	1	1	0	0
1	1	UID921869	1	1	0	0
1	1	UID921880	1	1	0	0
1	1	UID921903	1	1	0	0
1	1	UID921909	1	1	0	0
1	1	UID921913	1	1	0	0
1	1	UID921919	1	1	0	0
1	1	UID921920	1	1	0	0
1	1	UID921929	1	1	0	0
1	1	UID921939	1	1	0	0
1	1	UID921942	1	1	0	0
1	1	UID921945	1	1	0	0
1	1	UID921946	1	1	0	0
1	1	UID921950	1	1	0	0
1	1	UID921955	1	1	0	0
1	1	UID921975	1	1	0	0
1	1	UID921976	1	1	0	0
1	1	UID921981	1	1	0	0
1	1	UID921984	1	1	0	0
1	1	UID921985	1	1	0	0
2	2	UID921989	1	2	1	1
1	1	UID921991	1	1	0	0
1	1	UID921994	1	1	0	0
1	1	UID922007	1	1	0	0
1	1	UID922037	1	1	0	0
1	1	UID922044	1	1	0	0
1	1	UID922049	1	1	0	0
1	1	UID922050	1	1	0	0
1	1	UID922057	1	1	0	0
1	1	UID922060	1	1	0	0
1	1	UID922062	1	1	0	0
1	1	UID922065	1	1	0	0
1	1	UID922066	1	1	0	0
1	1	UID922069	1	1	0	0
1	1	UID922070	1	1	0	0
1	1	UID922073	1	1	0	0
1	1	UID922075	1	1	0	0
1	1	UID922086	1	1	0	0
1	1	UID922096	1	1	0	0
1	1	UID922119	1	1	0	0
1	1	UID922121	1	1	0	0
1	1	UID922125	1	1	0	0
1	1	UID922128	1	1	0	0
1	1	UID922134	1	1	0	0
1	1	UID922135	1	1	0	0
1	1	UID922152	1	1	0	0
1	1	UID922157	1	1	0	0
1	1	UID922162	1	1	0	0
1	1	UID922163	1	1	0	0
1	1	UID922187	1	1	0	0
1	1	UID922188	1	1	0	0
1	1	UID922197	1	1	0	0
1	1	UID922206	1	1	0	0
1	1	UID922208	1	1	0	0
1	1	UID922214	1	1	0	0
1	1	UID922220	1	1	0	0
1	1	UID922221	1	1	0	0
1	1	UID922222	1	1	0	0
1	1	UID922231	1	1	0	0
1	1	UID922232	1	1	0	0
1	1	UID922266	1	1	0	0
1	1	UID922274	1	1	0	0
1	1	UID922276	1	1	0	0
1	1	UID922277	1	1	0	0
1	1	UID922282	1	1	0	0
1	1	UID922287	1	1	0	0
1	1	UID922310	1	1	0	0
1	1	UID922314	1	1	0	0
1	1	UID922331	1	1	0	0
1	1	UID922336	1	1	0	0
1	1	UID922350	1	1	0	0
1	1	UID922359	1	1	0	0
1	1	UID922366	1	1	0	0
1	1	UID922386	1	1	0	0
1	1	UID922387	1	1	0	0
1	1	UID922388	1	1	0	0
1	1	UID922390	1	1	0	0
1	1	UID922395	1	1	0	0
1	1	UID922398	1	1	0	0
1	1	UID922445	1	1	0	0
1	1	UID922446	1	1	0	0
1	1	UID922447	1	1	0	0
1	1	UID922460	1	1	0	0
1	1	UID922461	1	1	0	0
1	1	UID922463	1	1	0	0
1	1	UID922476	1	1	0	0
1	1	UID922493	1	1	0	0
1	1	UID922508	1	1	0	0
1	1	UID922512	1	1	0	0
1	1	UID922515	1	1	0	0
1	1	UID922531	1	1	0	0
1	1	UID922532	1	1	0	0
1	1	UID922543	1	1	0	0
1	1	UID922547	1	1	0	0
1	1	UID922561	1	1	0	0
1	1	UID922569	1	1	0	0
1	1	UID922577	1	1	0	0
1	1	UID922578	1	1	0	0
1	1	UID922579	1	1	0	0
1	1	UID922582	1	1	0	0
1	1	UID922621	1	1	0	0
1	1	UID922629	1	1	0	0
1	1	UID922630	1	1	0	0
1	1	UID922632	1	1	0	0
1	1	UID922636	1	1	0	0
1	1	UID922637	1	1	0	0
1	1	UID922639	1	1	0	0
1	1	UID922640	1	1	0	0
1	1	UID922646	1	1	0	0
1	1	UID922649	1	1	0	0
1	1	UID922651	1	1	0	0
1	1	UID922652	1	1	0	0
1	1	UID922656	1	1	0	0
1	1	UID922668	1	1	0	0
1	1	UID922687	1	1	0	0
1	1	UID922691	1	1	0	0
1	1	UID922694	1	1	0	0
1	1	UID922695	1	1	0	0
1	1	UID922696	1	1	0	0
1	1	UID922698	1	1	0	0
1	1	UID922705	1	1	0	0
1	1	UID922736	1	1	0	0
