13596	61168	UID38192	21933	10606	5	5
5074	19424	UID222916	5270	3636	5	5
10	16	UID1011849	7	9	1	1
12	18	UID31712	6	10	1	1
2	7	UID6	6	1	1	1
8	12	UID38792	5	7	1	1
1	4	UID1012232	4	0	0	0
1	4	UID1012369	4	0	0	0
1	4	UID1012373	4	0	0	0
1	4	UID1012393	4	0	0	0
1	4	UID1012428	4	0	0	0
1	4	UID1012435	4	0	0	0
11	17	UID254	4	9	2	2
4	7	UID27	4	3	1	1
1	3	UID1012445	3	0	0	0
1	3	UID1012446	3	0	0	0
1	3	UID1012456	3	0	0	0
1	3	UID1012472	3	0	0	0
1	3	UID1012476	3	0	0	0
2	4	UID1012480	3	1	1	1
1	3	UID1012486	3	0	0	0
1	3	UID1012488	3	0	0	0
1	3	UID1012492	3	0	0	0
1	3	UID1012508	3	0	0	0
2	4	UID1012527	3	1	1	1
1	3	UID1012547	3	0	0	0
1	3	UID1012568	3	0	0	0
1	3	UID1012675	3	0	0	0
1	3	UID1012688	3	0	0	0
1	3	UID1012701	3	0	0	0
1	3	UID1012718	3	0	0	0
1	3	UID1012747	3	0	0	0
1	3	UID1012750	3	0	0	0
1	3	UID1012768	3	0	0	0
1	3	UID1012779	3	0	0	0
1	3	UID1012782	3	0	0	0
1	3	UID1012803	3	0	0	0
1	3	UID1012808	3	0	0	0
1	3	UID1012810	3	0	0	0
1	3	UID1012811	3	0	0	0
1	3	UID1012821	3	0	0	0
1	3	UID1012851	3	0	0	0
1	3	UID1012860	3	0	0	0
1	3	UID1012865	3	0	0	0
1	3	UID1012868	3	0	0	0
1	3	UID1012873	3	0	0	0
1	3	UID1012874	3	0	0	0
1	3	UID1012883	3	0	0	0
1	3	UID1012884	3	0	0	0
1	3	UID1012886	3	0	0	0
1	3	UID1012890	3	0	0	0
1	3	UID1012902	3	0	0	0
1	3	UID1012907	3	0	0	0
1	3	UID1012921	3	0	0	0
1	3	UID1012923	3	0	0	0
1	3	UID1012929	3	0	0	0
1	3	UID1012935	3	0	0	0
1	3	UID1012939	3	0	0	0
1	3	UID1012944	3	0	0	0
1	3	UID1012951	3	0	0	0
2	4	UID1012957	3	1	1	1
1	2	UID1012984	2	0	0	0
1	2	UID1013091	2	0	0	0
1	2	UID1013092	2	0	0	0
2	3	UID1013102	2	1	1	1
1	2	UID1013136	2	0	0	0
1	2	UID1013148	2	0	0	0
1	2	UID1013174	2	0	0	0
1	2	UID1013200	2	0	0	0
1	2	UID1013203	2	0	0	0
1	2	UID1013369	2	0	0	0
2	3	UID1013387	2	1	1	1
1	2	UID1013832	2	0	0	0
1	2	UID1013839	2	0	0	0
3	5	UID1013877	2	1	2	2
1	2	UID1014001	2	0	0	0
1	2	UID1014096	2	0	0	0
1	2	UID1014130	2	0	0	0
1	2	UID1014231	2	0	0	0
1	2	UID1014343	2	0	0	0
1	2	UID1014378	2	0	0	0
1	2	UID1014463	2	0	0	0
1	2	UID1014471	2	0	0	0
1	2	UID1014481	2	0	0	0
2	3	UID1014536	2	1	1	1
1	2	UID1014551	2	0	0	0
2	3	UID1014562	2	1	1	1
1	2	UID1014627	2	0	0	0
1	2	UID1014641	2	0	0	0
1	2	UID1014650	2	0	0	0
1	2	UID1014677	2	0	0	0
1	2	UID1014716	2	0	0	0
2	3	UID1014728	2	1	1	1
1	2	UID1014730	2	0	0	0
2	3	UID1014735	2	1	1	1
2	3	UID1014742	2	1	1	1
1	2	UID1014752	2	0	0	0
1	2	UID1014786	2	0	0	0
2	3	UID1014819	2	1	1	1
2	3	UID1014828	2	1	1	1
1	2	UID1014849	2	0	0	0
1	2	UID1014861	2	0	0	0
1	2	UID1014880	2	0	0	0
1	2	UID1014882	2	0	0	0
1	2	UID1014892	2	0	0	0
1	2	UID1014911	2	0	0	0
1	2	UID1014942	2	0	0	0
2	3	UID1014954	2	1	1	1
1	2	UID1014956	2	0	0	0
1	2	UID1014959	2	0	0	0
1	2	UID1015012	2	0	0	0
1	2	UID1015017	2	0	0	0
1	2	UID1015020	2	0	0	0
1	2	UID1015029	2	0	0	0
1	2	UID1015044	2	0	0	0
1	2	UID1015047	2	0	0	0
1	2	UID1015049	2	0	0	0
1	2	UID1015051	2	0	0	0
1	2	UID1015062	2	0	0	0
1	2	UID1015064	2	0	0	0
1	2	UID1015089	2	0	0	0
1	2	UID1015110	2	0	0	0
6	8	UID433073	2	4	2	2
2	3	UID64387	2	1	1	1
1	1	UID1015115	1	1	0	0
1	1	UID1015116	1	1	0	0
1	1	UID1015117	1	1	0	0
1	1	UID1015119	1	1	0	0
1	1	UID1015122	1	1	0	0
1	1	UID1015126	1	1	0	0
1	1	UID1015128	1	1	0	0
1	1	UID1015153	1	1	0	0
1	1	UID1015195	1	1	0	0
1	1	UID1015198	1	1	0	0
1	1	UID1015199	1	1	0	0
1	1	UID1015202	1	1	0	0
1	1	UID1015203	1	1	0	0
1	1	UID1015204	1	1	0	0
1	1	UID1015207	1	1	0	0
1	1	UID1015208	1	1	0	0
1	1	UID1015209	1	1	0	0
1	1	UID1015213	1	1	0	0
1	1	UID1015214	1	1	0	0
1	1	UID1015215	1	1	0	0
1	1	UID1015216	1	1	0	0
1	1	UID1015218	1	1	0	0
1	1	UID1015220	1	1	0	0
1	1	UID1015224	1	1	0	0
1	1	UID1015226	1	1	0	0
1	1	UID1015227	1	1	0	0
1	1	UID1015228	1	1	0	0
1	1	UID1015229	1	1	0	0
1	1	UID1015230	1	1	0	0
1	1	UID1015231	1	1	0	0
1	1	UID1015232	1	1	0	0
1	1	UID1015280	1	1	0	0
1	1	UID1015286	1	1	0	0
1	1	UID1015291	1	1	0	0
1	1	UID1015293	1	1	0	0
1	1	UID1015294	1	1	0	0
1	1	UID1015295	1	1	0	0
1	1	UID1015298	1	1	0	0
1	1	UID1015299	1	1	0	0
1	1	UID1015300	1	1	0	0
1	1	UID1015301	1	1	0	0
1	1	UID1015302	1	1	0	0
1	1	UID1015304	1	1	0	0
1	1	UID1015318	1	1	0	0
1	1	UID1015319	1	1	0	0
1	1	UID1015324	1	1	0	0
1	1	UID1015325	1	1	0	0
1	1	UID1015326	1	1	0	0
1	1	UID1015330	1	1	0	0
1	1	UID1015335	1	1	0	0
1	1	UID1015339	1	1	0	0
1	1	UID1015395	1	1	0	0
1	1	UID1015412	1	1	0	0
1	1	UID1015424	1	1	0	0
1	1	UID1015425	1	1	0	0
1	1	UID1015441	1	1	0	0
2	2	UID1015443	1	2	1	1
1	1	UID1015445	1	1	0	0
1	1	UID1015446	1	1	0	0
1	1	UID1015448	1	1	0	0
1	1	UID1015455	1	1	0	0
1	1	UID1015465	1	1	0	0
1	1	UID1015472	1	1	0	0
1	1	UID1015495	1	1	0	0
1	1	UID1015511	1	1	0	0
1	1	UID1015517	1	1	0	0
1	1	UID1015518	1	1	0	0
1	1	UID1015521	1	1	0	0
1	1	UID1015522	1	1	0	0
1	1	UID1015524	1	1	0	0
1	1	UID1015525	1	1	0	0
1	1	UID1015526	1	1	0	0
1	1	UID1015531	1	1	0	0
1	1	UID1015532	1	1	0	0
1	1	UID1015533	1	1	0	0
1	1	UID1015534	1	1	0	0
1	1	UID1015535	1	1	0	0
1	1	UID1015537	1	1	0	0
1	1	UID1015538	1	1	0	0
1	1	UID1015540	1	1	0	0
1	1	UID1015542	1	1	0	0
1	1	UID1015549	1	1	0	0
1	1	UID1015550	1	1	0	0
1	1	UID1015551	1	1	0	0
1	1	UID1015553	1	1	0	0
1	1	UID1015555	1	1	0	0
1	1	UID1015556	1	1	0	0
1	1	UID1015557	1	1	0	0
1	1	UID1015564	1	1	0	0
1	1	UID1015573	1	1	0	0
1	1	UID1015617	1	1	0	0
1	1	UID1015652	1	1	0	0
1	1	UID1015654	1	1	0	0
1	1	UID1015664	1	1	0	0
1	1	UID1015665	1	1	0	0
1	1	UID1015690	1	1	0	0
1	1	UID1015700	1	1	0	0
1	1	UID1015706	1	1	0	0
1	1	UID1015707	1	1	0	0
1	1	UID1015709	1	1	0	0
1	1	UID1015711	1	1	0	0
1	1	UID1015734	1	1	0	0
1	1	UID1015738	1	1	0	0
2	2	UID1015740	1	2	1	1
2	2	UID1015742	1	2	1	1
1	1	UID1015743	1	1	0	0
1	1	UID1015755	1	1	0	0
1	1	UID1015757	1	1	0	0
1	1	UID1015759	1	1	0	0
1	1	UID1015765	1	1	0	0
1	1	UID1015767	1	1	0	0
1	1	UID1015774	1	1	0	0
1	1	UID1015775	1	1	0	0
1	1	UID1015782	1	1	0	0
1	1	UID1015786	1	1	0	0
1	1	UID1015787	1	1	0	0
1	1	UID1015788	1	1	0	0
1	1	UID1015789	1	1	0	0
1	1	UID1015792	1	1	0	0
1	1	UID1015794	1	1	0	0
1	1	UID1015795	1	1	0	0
1	1	UID1015797	1	1	0	0
1	1	UID1015798	1	1	0	0
1	1	UID1015835	1	1	0	0
1	1	UID1015841	1	1	0	0
1	1	UID1015847	1	1	0	0
1	1	UID1015848	1	1	0	0
1	1	UID1015849	1	1	0	0
1	1	UID1015850	1	1	0	0
1	1	UID1015857	1	1	0	0
1	1	UID1015860	1	1	0	0
1	1	UID1015861	1	1	0	0
1	1	UID1015863	1	1	0	0
1	1	UID1015867	1	1	0	0
1	1	UID1015869	1	1	0	0
1	1	UID1015886	1	1	0	0
1	1	UID1015906	1	1	0	0
1	1	UID1015908	1	1	0	0
1	1	UID1015909	1	1	0	0
1	1	UID1015914	1	1	0	0
1	1	UID1015927	1	1	0	0
1	1	UID1015940	1	1	0	0
1	1	UID1015946	1	1	0	0
1	1	UID1015947	1	1	0	0
1	1	UID1015953	1	1	0	0
1	1	UID1015957	1	1	0	0
1	1	UID1015958	1	1	0	0
1	1	UID1015965	1	1	0	0
1	1	UID1015977	1	1	0	0
1	1	UID1015983	1	1	0	0
1	1	UID1015985	1	1	0	0
1	1	UID1015986	1	1	0	0
1	1	UID1015991	1	1	0	0
1	1	UID1015993	1	1	0	0
1	1	UID1015994	1	1	0	0
1	1	UID1015995	1	1	0	0
1	1	UID1016002	1	1	0	0
1	1	UID1016007	1	1	0	0
1	1	UID1016047	1	1	0	0
1	1	UID1016055	1	1	0	0
1	1	UID1016062	1	1	0	0
1	1	UID1016063	1	1	0	0
1	1	UID1016064	1	1	0	0
1	1	UID1016065	1	1	0	0
1	1	UID1016066	1	1	0	0
1	1	UID1016068	1	1	0	0
1	1	UID1016074	1	1	0	0
1	1	UID1016075	1	1	0	0
1	1	UID1016078	1	1	0	0
1	1	UID1016086	1	1	0	0
1	1	UID1016095	1	1	0	0
1	1	UID1016110	1	1	0	0
1	1	UID1016111	1	1	0	0
1	1	UID1016115	1	1	0	0
1	1	UID1016117	1	1	0	0
1	1	UID1016130	1	1	0	0
1	1	UID1016137	1	1	0	0
1	1	UID1016154	1	1	0	0
1	1	UID1016158	1	1	0	0
1	1	UID1016168	1	1	0	0
1	1	UID1016195	1	1	0	0
1	1	UID1016196	1	1	0	0
1	1	UID1016198	1	1	0	0
1	1	UID1016201	1	1	0	0
1	1	UID1016202	1	1	0	0
1	1	UID1016203	1	1	0	0
1	1	UID1016204	1	1	0	0
1	1	UID1016205	1	1	0	0
1	1	UID1016220	1	1	0	0
1	1	UID1016223	1	1	0	0
1	1	UID1016229	1	1	0	0
1	1	UID1016230	1	1	0	0
1	1	UID1016236	1	1	0	0
1	1	UID1016237	1	1	0	0
1	1	UID1016246	1	1	0	0
1	1	UID1016248	1	1	0	0
1	1	UID1016249	1	1	0	0
1	1	UID1016256	1	1	0	0
1	1	UID1016262	1	1	0	0
1	1	UID1016265	1	1	0	0
1	1	UID1016267	1	1	0	0
1	1	UID1016271	1	1	0	0
1	1	UID1016273	1	1	0	0
1	1	UID1016274	1	1	0	0
1	1	UID1016276	1	1	0	0
1	1	UID1016277	1	1	0	0
1	1	UID1016280	1	1	0	0
1	1	UID1016284	1	1	0	0
1	1	UID1016288	1	1	0	0
1	1	UID1016314	1	1	0	0
1	1	UID1016334	1	1	0	0
1	1	UID1016337	1	1	0	0
1	1	UID1016341	1	1	0	0
1	1	UID1016346	1	1	0	0
1	1	UID1016357	1	1	0	0
1	1	UID1016359	1	1	0	0
1	1	UID1016369	1	1	0	0
1	1	UID1016386	1	1	0	0
1	1	UID1016387	1	1	0	0
1	1	UID1016388	1	1	0	0
1	1	UID1016392	1	1	0	0
1	1	UID1016393	1	1	0	0
1	1	UID1016394	1	1	0	0
1	1	UID1016396	1	1	0	0
1	1	UID1016398	1	1	0	0
1	1	UID1016407	1	1	0	0
1	1	UID1016411	1	1	0	0
1	1	UID1016412	1	1	0	0
1	1	UID1016414	1	1	0	0
1	1	UID1016415	1	1	0	0
1	1	UID1016452	1	1	0	0
1	1	UID1016454	1	1	0	0
1	1	UID1016494	1	1	0	0
1	1	UID1016508	1	1	0	0
1	1	UID1016509	1	1	0	0
1	1	UID1016510	1	1	0	0
1	1	UID1016519	1	1	0	0
1	1	UID1016524	1	1	0	0
1	1	UID1016526	1	1	0	0
5	5	UID1016532	1	5	2	2
1	1	UID1016534	1	1	0	0
1	1	UID1016580	1	1	0	0
1	1	UID1016591	1	1	0	0
1	1	UID1016607	1	1	0	0
1	1	UID1016608	1	1	0	0
1	1	UID1016613	1	1	0	0
1	1	UID1016620	1	1	0	0
1	1	UID1016629	1	1	0	0
1	1	UID1016670	1	1	0	0
1	1	UID1016674	1	1	0	0
1	1	UID1016676	1	1	0	0
1	1	UID1016680	1	1	0	0
1	1	UID1016683	1	1	0	0
1	1	UID1016686	1	1	0	0
1	1	UID1016687	1	1	0	0
1	1	UID1016688	1	1	0	0
1	1	UID1016689	1	1	0	0
1	1	UID1016694	1	1	0	0
1	1	UID1016698	1	1	0	0
1	1	UID1016700	1	1	0	0
1	1	UID1016701	1	1	0	0
1	1	UID1016703	1	1	0	0
1	1	UID1016704	1	1	0	0
1	1	UID1016705	1	1	0	0
1	1	UID1016709	1	1	0	0
1	1	UID1016712	1	1	0	0
1	1	UID1016713	1	1	0	0
1	1	UID1016714	1	1	0	0
1	1	UID1016716	1	1	0	0
1	1	UID1016722	1	1	0	0
1	1	UID1016740	1	1	0	0
1	1	UID1016746	1	1	0	0
1	1	UID1016754	1	1	0	0
1	1	UID1016775	1	1	0	0
1	1	UID1016777	1	1	0	0
1	1	UID1016778	1	1	0	0
1	1	UID1016780	1	1	0	0
1	1	UID1016783	1	1	0	0
1	1	UID1016786	1	1	0	0
1	1	UID1016799	1	1	0	0
1	1	UID1016800	1	1	0	0
1	1	UID1016809	1	1	0	0
1	1	UID1016813	1	1	0	0
1	1	UID1016814	1	1	0	0
1	1	UID1016815	1	1	0	0
1	1	UID1016828	1	1	0	0
1	1	UID1016846	1	1	0	0
1	1	UID1016849	1	1	0	0
1	1	UID1016854	1	1	0	0
1	1	UID1016857	1	1	0	0
1	1	UID1016858	1	1	0	0
1	1	UID1016863	1	1	0	0
1	1	UID1016875	1	1	0	0
1	1	UID1016877	1	1	0	0
1	1	UID1016883	1	1	0	0
1	1	UID1016884	1	1	0	0
1	1	UID1016922	1	1	0	0
1	1	UID1016940	1	1	0	0
1	1	UID1016950	1	1	0	0
1	1	UID1016969	1	1	0	0
1	1	UID1016970	1	1	0	0
1	1	UID1016973	1	1	0	0
1	1	UID1016977	1	1	0	0
1	1	UID1016978	1	1	0	0
1	1	UID1016979	1	1	0	0
1	1	UID1016997	1	1	0	0
1	1	UID1017003	1	1	0	0
1	1	UID1017006	1	1	0	0
1	1	UID1017009	1	1	0	0
1	1	UID1017010	1	1	0	0
1	1	UID1017015	1	1	0	0
1	1	UID1017016	1	1	0	0
1	1	UID1017021	1	1	0	0
1	1	UID1017022	1	1	0	0
1	1	UID1017025	1	1	0	0
1	1	UID1017029	1	1	0	0
1	1	UID1017031	1	1	0	0
1	1	UID1017047	1	1	0	0
1	1	UID1017060	1	1	0	0
1	1	UID1017070	1	1	0	0
1	1	UID1017072	1	1	0	0
1	1	UID1017073	1	1	0	0
1	1	UID1017077	1	1	0	0
1	1	UID1017079	1	1	0	0
1	1	UID1017081	1	1	0	0
1	1	UID1017082	1	1	0	0
1	1	UID1017087	1	1	0	0
1	1	UID1017091	1	1	0	0
1	1	UID1017095	1	1	0	0
1	1	UID1017096	1	1	0	0
1	1	UID1017098	1	1	0	0
1	1	UID1017121	1	1	0	0
1	1	UID1017144	1	1	0	0
1	1	UID1017158	1	1	0	0
1	1	UID1017169	1	1	0	0
1	1	UID1017180	1	1	0	0
1	1	UID1017181	1	1	0	0
1	1	UID1017185	1	1	0	0
1	1	UID1017186	1	1	0	0
1	1	UID1017217	1	1	0	0
1	1	UID1017224	1	1	0	0
1	1	UID1017226	1	1	0	0
1	1	UID1017227	1	1	0	0
1	1	UID1017228	1	1	0	0
1	1	UID1017231	1	1	0	0
1	1	UID1017232	1	1	0	0
1	1	UID1017236	1	1	0	0
1	1	UID1017239	1	1	0	0
1	1	UID1017240	1	1	0	0
1	1	UID1017248	1	1	0	0
1	1	UID1017259	1	1	0	0
1	1	UID1017281	1	1	0	0
1	1	UID1017293	1	1	0	0
1	1	UID1017296	1	1	0	0
1	1	UID1017297	1	1	0	0
1	1	UID1017298	1	1	0	0
1	1	UID1017303	1	1	0	0
1	1	UID1017308	1	1	0	0
1	1	UID1017309	1	1	0	0
1	1	UID1017349	1	1	0	0
1	1	UID1017354	1	1	0	0
1	1	UID1017382	1	1	0	0
1	1	UID1017385	1	1	0	0
1	1	UID1017386	1	1	0	0
1	1	UID1017387	1	1	0	0
1	1	UID1017389	1	1	0	0
1	1	UID1017399	1	1	0	0
1	1	UID1017413	1	1	0	0
1	1	UID1017418	1	1	0	0
1	1	UID1017422	1	1	0	0
1	1	UID1017424	1	1	0	0
1	1	UID1017440	1	1	0	0
1	1	UID1017451	1	1	0	0
1	1	UID1017454	1	1	0	0
1	1	UID1017457	1	1	0	0
1	1	UID1017461	1	1	0	0
1	1	UID1017462	1	1	0	0
1	1	UID1017511	1	1	0	0
1	1	UID1017513	1	1	0	0
1	1	UID1017515	1	1	0	0
1	1	UID1017523	1	1	0	0
1	1	UID1017527	1	1	0	0
2	2	UID1017530	1	2	1	1
1	1	UID1017534	1	1	0	0
1	1	UID1017538	1	1	0	0
1	1	UID1017542	1	1	0	0
1	1	UID1017559	1	1	0	0
1	1	UID1017563	1	1	0	0
1	1	UID1017598	1	1	0	0
1	1	UID1017601	1	1	0	0
1	1	UID1017605	1	1	0	0
1	1	UID1017617	1	1	0	0
1	1	UID1017630	1	1	0	0
1	1	UID1017632	1	1	0	0
1	1	UID1017636	1	1	0	0
1	1	UID1017637	1	1	0	0
1	1	UID1017639	1	1	0	0
1	1	UID1017641	1	1	0	0
1	1	UID1017655	1	1	0	0
1	1	UID1017658	1	1	0	0
1	1	UID1017700	1	1	0	0
1	1	UID1017701	1	1	0	0
1	1	UID1017702	1	1	0	0
1	1	UID1017703	1	1	0	0
1	1	UID1017704	1	1	0	0
1	1	UID1017709	1	1	0	0
1	1	UID1017719	1	1	0	0
1	1	UID1017732	1	1	0	0
1	1	UID1017735	1	1	0	0
1	1	UID1017745	1	1	0	0
1	1	UID1017771	1	1	0	0
1	1	UID1017776	1	1	0	0
1	1	UID1017779	1	1	0	0
1	1	UID1017808	1	1	0	0
1	1	UID1017841	1	1	0	0
1	1	UID1017872	1	1	0	0
1	1	UID1017876	1	1	0	0
1	1	UID1017884	1	1	0	0
1	1	UID1017919	1	1	0	0
1	1	UID1017939	1	1	0	0
1	1	UID1017955	1	1	0	0
1	1	UID1017975	1	1	0	0
1	1	UID1018033	1	1	0	0
1	1	UID1018058	1	1	0	0
1	1	UID1018060	1	1	0	0
1	1	UID1018063	1	1	0	0
1	1	UID1018067	1	1	0	0
1	1	UID1018071	1	1	0	0
1	1	UID1018076	1	1	0	0
1	1	UID1018078	1	1	0	0
1	1	UID1018082	1	1	0	0
1	1	UID1018097	1	1	0	0
1	1	UID1018102	1	1	0	0
1	1	UID1018111	1	1	0	0
1	1	UID1018129	1	1	0	0
1	1	UID1018130	1	1	0	0
1	1	UID1018167	1	1	0	0
1	1	UID1018187	1	1	0	0
1	1	UID1018194	1	1	0	0
1	1	UID1018210	1	1	0	0
1	1	UID1018242	1	1	0	0
1	1	UID1018243	1	1	0	0
1	1	UID1018244	1	1	0	0
1	1	UID1018262	1	1	0	0
1	1	UID1018264	1	1	0	0
1	1	UID1018299	1	1	0	0
1	1	UID1018326	1	1	0	0
1	1	UID1018338	1	1	0	0
1	1	UID1018348	1	1	0	0
1	1	UID1018353	1	1	0	0
1	1	UID1018375	1	1	0	0
1	1	UID1018377	1	1	0	0
1	1	UID1018392	1	1	0	0
1	1	UID1018405	1	1	0	0
1	1	UID1018432	1	1	0	0
1	1	UID1018439	1	1	0	0
1	1	UID1018449	1	1	0	0
1	1	UID1018453	1	1	0	0
1	1	UID1018458	1	1	0	0
1	1	UID1018464	1	1	0	0
1	1	UID1018479	1	1	0	0
1	1	UID1018510	1	1	0	0
1	1	UID1018541	1	1	0	0
1	1	UID1018550	1	1	0	0
1	1	UID1018566	1	1	0	0
1	1	UID1018585	1	1	0	0
1	1	UID1018586	1	1	0	0
1	1	UID1018600	1	1	0	0
1	1	UID1018608	1	1	0	0
1	1	UID1018611	1	1	0	0
1	1	UID1018654	1	1	0	0
1	1	UID1018670	1	1	0	0
1	1	UID1018704	1	1	0	0
1	1	UID1018705	1	1	0	0
1	1	UID1018738	1	1	0	0
1	1	UID1018746	1	1	0	0
1	1	UID1018747	1	1	0	0
1	1	UID1018789	1	1	0	0
1	1	UID1018802	1	1	0	0
1	1	UID1018805	1	1	0	0
1	1	UID1018812	1	1	0	0
1	1	UID1018819	1	1	0	0
1	1	UID1018847	1	1	0	0
1	1	UID1018860	1	1	0	0
1	1	UID1018966	1	1	0	0
1	1	UID1018992	1	1	0	0
1	1	UID1019005	1	1	0	0
1	1	UID1019008	1	1	0	0
1	1	UID1019034	1	1	0	0
1	1	UID1019119	1	1	0	0
1	1	UID1019122	1	1	0	0
1	1	UID1019133	1	1	0	0
1	1	UID1019134	1	1	0	0
1	1	UID1019137	1	1	0	0
1	1	UID1019192	1	1	0	0
1	1	UID1019205	1	1	0	0
1	1	UID1019296	1	1	0	0
1	1	UID1019300	1	1	0	0
1	1	UID1019302	1	1	0	0
1	1	UID1019308	1	1	0	0
1	1	UID1019325	1	1	0	0
3	3	UID1019343	1	3	2	2
1	1	UID1019352	1	1	0	0
1	1	UID1019371	1	1	0	0
1	1	UID1019377	1	1	0	0
1	1	UID1019379	1	1	0	0
1	1	UID1019386	1	1	0	0
1	1	UID1019388	1	1	0	0
1	1	UID1019438	1	1	0	0
1	1	UID1019483	1	1	0	0
1	1	UID1019518	1	1	0	0
1	1	UID1019703	1	1	0	0
1	1	UID1019773	1	1	0	0
1	1	UID1019974	1	1	0	0
1	1	UID1020107	1	1	0	0
1	1	UID1020131	1	1	0	0
1	1	UID1020137	1	1	0	0
1	1	UID1020138	1	1	0	0
1	1	UID1020153	1	1	0	0
1	1	UID1020175	1	1	0	0
1	1	UID1020180	1	1	0	0
1	1	UID1020181	1	1	0	0
1	1	UID1020239	1	1	0	0
1	1	UID1020240	1	1	0	0
1	1	UID1020289	1	1	0	0
1	1	UID1020292	1	1	0	0
1	1	UID1020338	1	1	0	0
1	1	UID1020475	1	1	0	0
1	1	UID1020488	1	1	0	0
1	1	UID1020532	1	1	0	0
1	1	UID1020543	1	1	0	0
1	1	UID1020559	1	1	0	0
1	1	UID1020564	1	1	0	0
1	1	UID1020567	1	1	0	0
1	1	UID1020585	1	1	0	0
1	1	UID1020591	1	1	0	0
1	1	UID1020598	1	1	0	0
1	1	UID1020603	1	1	0	0
1	1	UID1020605	1	1	0	0
1	1	UID1020614	1	1	0	0
1	1	UID1020621	1	1	0	0
1	1	UID1020625	1	1	0	0
1	1	UID1020646	1	1	0	0
1	1	UID1020656	1	1	0	0
1	1	UID1020659	1	1	0	0
1	1	UID1020674	1	1	0	0
1	1	UID1020747	1	1	0	0
1	1	UID1020755	1	1	0	0
1	1	UID1020756	1	1	0	0
1	1	UID1020772	1	1	0	0
1	1	UID1020795	1	1	0	0
1	1	UID1020829	1	1	0	0
1	1	UID1020842	1	1	0	0
1	1	UID1020857	1	1	0	0
1	1	UID1020870	1	1	0	0
1	1	UID1020879	1	1	0	0
1	1	UID1020921	1	1	0	0
1	1	UID1020981	1	1	0	0
1	1	UID1020996	1	1	0	0
1	1	UID1021019	1	1	0	0
1	1	UID1021021	1	1	0	0
1	1	UID1021027	1	1	0	0
1	1	UID1021054	1	1	0	0
1	1	UID1021055	1	1	0	0
1	1	UID1021056	1	1	0	0
1	1	UID1021081	1	1	0	0
1	1	UID1021156	1	1	0	0
1	1	UID1021162	1	1	0	0
1	1	UID1021215	1	1	0	0
1	1	UID1021228	1	1	0	0
1	1	UID1021244	1	1	0	0
1	1	UID1021260	1	1	0	0
1	1	UID1021270	1	1	0	0
1	1	UID1021303	1	1	0	0
1	1	UID1021305	1	1	0	0
1	1	UID1021306	1	1	0	0
1	1	UID1021313	1	1	0	0
1	1	UID1021315	1	1	0	0
1	1	UID1021330	1	1	0	0
1	1	UID1021337	1	1	0	0
1	1	UID1021375	1	1	0	0
1	1	UID1021382	1	1	0	0
1	1	UID1021388	1	1	0	0
1	1	UID1021390	1	1	0	0
1	1	UID1021391	1	1	0	0
1	1	UID1021392	1	1	0	0
1	1	UID1021393	1	1	0	0
1	1	UID1021396	1	1	0	0
1	1	UID1021397	1	1	0	0
1	1	UID1021400	1	1	0	0
1	1	UID1021408	1	1	0	0
1	1	UID1021409	1	1	0	0
1	1	UID1021413	1	1	0	0
1	1	UID1021455	1	1	0	0
1	1	UID1021460	1	1	0	0
1	1	UID1021462	1	1	0	0
1	1	UID1021469	1	1	0	0
1	1	UID1021473	1	1	0	0
1	1	UID1021501	1	1	0	0
1	1	UID1021502	1	1	0	0
1	1	UID1021517	1	1	0	0
1	1	UID1021518	1	1	0	0
1	1	UID1021520	1	1	0	0
1	1	UID1021527	1	1	0	0
1	1	UID1021548	1	1	0	0
1	1	UID1021562	1	1	0	0
1	1	UID1021565	1	1	0	0
1	1	UID1021573	1	1	0	0
1	1	UID1021581	1	1	0	0
1	1	UID1021589	1	1	0	0
1	1	UID1021619	1	1	0	0
1	1	UID1021636	1	1	0	0
1	1	UID1021637	1	1	0	0
1	1	UID1021640	1	1	0	0
1	1	UID1021642	1	1	0	0
1	1	UID1021659	1	1	0	0
1	1	UID1021662	1	1	0	0
1	1	UID1021669	1	1	0	0
1	1	UID1021678	1	1	0	0
1	1	UID1021699	1	1	0	0
1	1	UID1021706	1	1	0	0
1	1	UID1021707	1	1	0	0
1	1	UID1021776	1	1	0	0
1	1	UID1021824	1	1	0	0
1	1	UID1021833	1	1	0	0
1	1	UID1021842	1	1	0	0
1	1	UID1021848	1	1	0	0
1	1	UID1021896	1	1	0	0
1	1	UID1021909	1	1	0	0
1	1	UID1021932	1	1	0	0
1	1	UID1021933	1	1	0	0
1	1	UID1021970	1	1	0	0
1	1	UID1021987	1	1	0	0
1	1	UID1022041	1	1	0	0
1	1	UID1022057	1	1	0	0
1	1	UID1022110	1	1	0	0
1	1	UID1022236	1	1	0	0
1	1	UID1022252	1	1	0	0
1	1	UID1022254	1	1	0	0
1	1	UID1022280	1	1	0	0
1	1	UID1022295	1	1	0	0
1	1	UID1022308	1	1	0	0
1	1	UID1022328	1	1	0	0
1	1	UID1022369	1	1	0	0
1	1	UID1022382	1	1	0	0
1	1	UID1022420	1	1	0	0
1	1	UID1022441	1	1	0	0
1	1	UID1022450	1	1	0	0
1	1	UID1022470	1	1	0	0
2	2	UID1022471	1	2	1	1
1	1	UID1022472	1	1	0	0
1	1	UID1022476	1	1	0	0
1	1	UID1022491	1	1	0	0
2	2	UID1022492	1	2	1	1
1	1	UID1022527	1	1	0	0
1	1	UID1022535	1	1	0	0
1	1	UID1022545	1	1	0	0
1	1	UID1022558	1	1	0	0
1	1	UID1022559	1	1	0	0
1	1	UID1022561	1	1	0	0
1	1	UID1022567	1	1	0	0
1	1	UID1022570	1	1	0	0
1	1	UID1022574	1	1	0	0
1	1	UID1022587	1	1	0	0
1	1	UID1022591	1	1	0	0
1	1	UID1022621	1	1	0	0
1	1	UID1022623	1	1	0	0
1	1	UID1022642	1	1	0	0
1	1	UID1022647	1	1	0	0
1	1	UID1022665	1	1	0	0
1	1	UID1022668	1	1	0	0
1	1	UID1022676	1	1	0	0
1	1	UID1022681	1	1	0	0
1	1	UID1022684	1	1	0	0
1	1	UID1022686	1	1	0	0
1	1	UID1022693	1	1	0	0
1	1	UID1022698	1	1	0	0
1	1	UID1022702	1	1	0	0
1	1	UID1022730	1	1	0	0
1	1	UID1022779	1	1	0	0
1	1	UID1022780	1	1	0	0
1	1	UID1022784	1	1	0	0
1	1	UID1022785	1	1	0	0
1	1	UID1022790	1	1	0	0
1	1	UID1022793	1	1	0	0
1	1	UID1022794	1	1	0	0
1	1	UID1022801	1	1	0	0
1	1	UID1022808	1	1	0	0
1	1	UID1022826	1	1	0	0
1	1	UID1022834	1	1	0	0
1	1	UID1022836	1	1	0	0
1	1	UID1022845	1	1	0	0
1	1	UID1022852	1	1	0	0
1	1	UID1022895	1	1	0	0
1	1	UID1022900	1	1	0	0
1	1	UID1022905	1	1	0	0
1	1	UID1022909	1	1	0	0
1	1	UID1022969	1	1	0	0
1	1	UID1023021	1	1	0	0
1	1	UID1023029	1	1	0	0
1	1	UID1023036	1	1	0	0
1	1	UID1023038	1	1	0	0
1	1	UID1023043	1	1	0	0
1	1	UID1023052	1	1	0	0
1	1	UID1023053	1	1	0	0
1	1	UID1023076	1	1	0	0
1	1	UID1023078	1	1	0	0
1	1	UID1023127	1	1	0	0
1	1	UID1023136	1	1	0	0
1	1	UID1023142	1	1	0	0
1	1	UID1023143	1	1	0	0
1	1	UID1023146	1	1	0	0
1	1	UID1023175	1	1	0	0
1	1	UID1023196	1	1	0	0
1	1	UID1023198	1	1	0	0
1	1	UID1023207	1	1	0	0
1	1	UID1023208	1	1	0	0
1	1	UID1023220	1	1	0	0
1	1	UID1023242	1	1	0	0
1	1	UID1023245	1	1	0	0
1	1	UID1023286	1	1	0	0
1	1	UID1023288	1	1	0	0
1	1	UID1023292	1	1	0	0
1	1	UID1023303	1	1	0	0
1	1	UID1023317	1	1	0	0
1	1	UID1023346	1	1	0	0
1	1	UID1023349	1	1	0	0
1	1	UID1023360	1	1	0	0
1	1	UID1023367	1	1	0	0
1	1	UID1023373	1	1	0	0
1	1	UID1023401	1	1	0	0
1	1	UID1023429	1	1	0	0
1	1	UID1023433	1	1	0	0
1	1	UID1023434	1	1	0	0
1	1	UID1023435	1	1	0	0
1	1	UID1023448	1	1	0	0
1	1	UID1023466	1	1	0	0
1	1	UID1023471	1	1	0	0
1	1	UID1023473	1	1	0	0
1	1	UID1023474	1	1	0	0
1	1	UID1023476	1	1	0	0
1	1	UID1023496	1	1	0	0
1	1	UID1023499	1	1	0	0
1	1	UID1023503	1	1	0	0
1	1	UID1023504	1	1	0	0
1	1	UID1023506	1	1	0	0
1	1	UID1023555	1	1	0	0
1	1	UID1023571	1	1	0	0
1	1	UID1023577	1	1	0	0
1	1	UID1023592	1	1	0	0
1	1	UID1023598	1	1	0	0
1	1	UID1023619	1	1	0	0
1	1	UID1023638	1	1	0	0
1	1	UID1023648	1	1	0	0
1	1	UID1023650	1	1	0	0
1	1	UID1023658	1	1	0	0
1	1	UID1023665	1	1	0	0
1	1	UID1023670	1	1	0	0
1	1	UID1023679	1	1	0	0
1	1	UID1023687	1	1	0	0
1	1	UID1023699	1	1	0	0
1	1	UID1023705	1	1	0	0
1	1	UID1023718	1	1	0	0
1	1	UID1023733	1	1	0	0
1	1	UID1023737	1	1	0	0
1	1	UID1023740	1	1	0	0
3	3	UID1023752	1	3	1	1
1	1	UID1023759	1	1	0	0
1	1	UID1023760	1	1	0	0
1	1	UID1023770	1	1	0	0
1	1	UID1023865	1	1	0	0
1	1	UID1023902	1	1	0	0
1	1	UID1023908	1	1	0	0
1	1	UID1023912	1	1	0	0
1	1	UID1023920	1	1	0	0
1	1	UID1023930	1	1	0	0
1	1	UID1023936	1	1	0	0
1	1	UID1023942	1	1	0	0
1	1	UID1023955	1	1	0	0
1	1	UID1023964	1	1	0	0
1	1	UID1023978	1	1	0	0
1	1	UID1023987	1	1	0	0
1	1	UID1023989	1	1	0	0
1	1	UID1023991	1	1	0	0
1	1	UID1024011	1	1	0	0
1	1	UID1024026	1	1	0	0
1	1	UID1024030	1	1	0	0
1	1	UID1024044	1	1	0	0
1	1	UID1024065	1	1	0	0
1	1	UID1024075	1	1	0	0
1	1	UID1024089	1	1	0	0
1	1	UID1024109	1	1	0	0
1	1	UID1024110	1	1	0	0
1	1	UID1024111	1	1	0	0
1	1	UID1024135	1	1	0	0
1	1	UID1024136	1	1	0	0
1	1	UID1024171	1	1	0	0
1	1	UID1024192	1	1	0	0
1	1	UID1024212	1	1	0	0
1	1	UID1024216	1	1	0	0
1	1	UID1024269	1	1	0	0
1	1	UID1024290	1	1	0	0
1	1	UID1024291	1	1	0	0
1	1	UID1024293	1	1	0	0
1	1	UID1024303	1	1	0	0
1	1	UID1024311	1	1	0	0
1	1	UID1024343	1	1	0	0
1	1	UID1024357	1	1	0	0
1	1	UID1024410	1	1	0	0
1	1	UID1024454	1	1	0	0
1	1	UID1024512	1	1	0	0
1	1	UID1024514	1	1	0	0
1	1	UID1024520	1	1	0	0
1	1	UID1024656	1	1	0	0
1	1	UID1024661	1	1	0	0
1	1	UID1024679	1	1	0	0
1	1	UID1024692	1	1	0	0
1	1	UID1024700	1	1	0	0
1	1	UID1024703	1	1	0	0
1	1	UID1024710	1	1	0	0
1	1	UID1024724	1	1	0	0
1	1	UID1024746	1	1	0	0
1	1	UID1024758	1	1	0	0
1	1	UID1024768	1	1	0	0
1	1	UID1024784	1	1	0	0
1	1	UID1024830	1	1	0	0
1	1	UID1024848	1	1	0	0
1	1	UID1024870	1	1	0	0
1	1	UID1024878	1	1	0	0
1	1	UID1024913	1	1	0	0
1	1	UID1024916	1	1	0	0
1	1	UID1024920	1	1	0	0
1	1	UID1024922	1	1	0	0
1	1	UID1024932	1	1	0	0
1	1	UID1024940	1	1	0	0
1	1	UID1024943	1	1	0	0
1	1	UID1024947	1	1	0	0
1	1	UID1024949	1	1	0	0
1	1	UID1024961	1	1	0	0
1	1	UID1024962	1	1	0	0
1	1	UID1024969	1	1	0	0
1	1	UID1024985	1	1	0	0
1	1	UID1024987	1	1	0	0
1	1	UID1025004	1	1	0	0
1	1	UID1025018	1	1	0	0
1	1	UID1025031	1	1	0	0
1	1	UID1025073	1	1	0	0
1	1	UID1025098	1	1	0	0
1	1	UID1025109	1	1	0	0
1	1	UID1025120	1	1	0	0
1	1	UID1025121	1	1	0	0
1	1	UID1025123	1	1	0	0
1	1	UID1025132	1	1	0	0
1	1	UID1025137	1	1	0	0
1	1	UID1025138	1	1	0	0
1	1	UID1025146	1	1	0	0
1	1	UID1025147	1	1	0	0
1	1	UID1025163	1	1	0	0
1	1	UID1025176	1	1	0	0
1	1	UID1025212	1	1	0	0
1	1	UID1025231	1	1	0	0
1	1	UID1025240	1	1	0	0
1	1	UID1025264	1	1	0	0
1	1	UID1025279	1	1	0	0
1	1	UID1025296	1	1	0	0
1	1	UID1025311	1	1	0	0
1	1	UID1025325	1	1	0	0
1	1	UID1025329	1	1	0	0
1	1	UID1025334	1	1	0	0
1	1	UID1025335	1	1	0	0
1	1	UID1025358	1	1	0	0
1	1	UID1025366	1	1	0	0
1	1	UID1025367	1	1	0	0
1	1	UID1025389	1	1	0	0
1	1	UID1025413	1	1	0	0
1	1	UID1025431	1	1	0	0
1	1	UID1025448	1	1	0	0
1	1	UID1025472	1	1	0	0
1	1	UID1025490	1	1	0	0
1	1	UID1025492	1	1	0	0
1	1	UID1025500	1	1	0	0
1	1	UID1025528	1	1	0	0
1	1	UID1025571	1	1	0	0
1	1	UID1025572	1	1	0	0
1	1	UID1025579	1	1	0	0
1	1	UID1025582	1	1	0	0
1	1	UID1025585	1	1	0	0
1	1	UID1025586	1	1	0	0
1	1	UID1025588	1	1	0	0
1	1	UID1025592	1	1	0	0
1	1	UID1025593	1	1	0	0
1	1	UID1025598	1	1	0	0
1	1	UID1025623	1	1	0	0
1	1	UID1025643	1	1	0	0
1	1	UID1025652	1	1	0	0
1	1	UID1025654	1	1	0	0
1	1	UID1025657	1	1	0	0
1	1	UID1025667	1	1	0	0
1	1	UID1025712	1	1	0	0
1	1	UID1025729	1	1	0	0
1	1	UID1025770	1	1	0	0
1	1	UID1025777	1	1	0	0
1	1	UID1025783	1	1	0	0
1	1	UID1025802	1	1	0	0
1	1	UID1025847	1	1	0	0
1	1	UID1025859	1	1	0	0
1	1	UID1025871	1	1	0	0
1	1	UID1025885	1	1	0	0
1	1	UID1025907	1	1	0	0
1	1	UID1025941	1	1	0	0
1	1	UID1025951	1	1	0	0
1	1	UID1025961	1	1	0	0
1	1	UID1025966	1	1	0	0
1	1	UID1025972	1	1	0	0
1	1	UID1025984	1	1	0	0
1	1	UID1025993	1	1	0	0
1	1	UID1025994	1	1	0	0
1	1	UID1025997	1	1	0	0
1	1	UID1026002	1	1	0	0
1	1	UID1026010	1	1	0	0
1	1	UID1026015	1	1	0	0
1	1	UID1026021	1	1	0	0
1	1	UID1026022	1	1	0	0
1	1	UID1026023	1	1	0	0
1	1	UID1026026	1	1	0	0
1	1	UID1026029	1	1	0	0
1	1	UID1026035	1	1	0	0
1	1	UID1026036	1	1	0	0
1	1	UID1026039	1	1	0	0
1	1	UID1026041	1	1	0	0
1	1	UID1026044	1	1	0	0
1	1	UID1026046	1	1	0	0
1	1	UID1026047	1	1	0	0
1	1	UID1026051	1	1	0	0
1	1	UID1026059	1	1	0	0
1	1	UID1026077	1	1	0	0
1	1	UID1026107	1	1	0	0
1	1	UID1026126	1	1	0	0
1	1	UID1026135	1	1	0	0
1	1	UID1026140	1	1	0	0
1	1	UID1026149	1	1	0	0
1	1	UID1026162	1	1	0	0
1	1	UID1026191	1	1	0	0
1	1	UID1026197	1	1	0	0
1	1	UID1026205	1	1	0	0
1	1	UID1026210	1	1	0	0
1	1	UID1026224	1	1	0	0
1	1	UID1026233	1	1	0	0
1	1	UID1026237	1	1	0	0
1	1	UID1026239	1	1	0	0
1	1	UID1026244	1	1	0	0
1	1	UID1026246	1	1	0	0
1	1	UID1026247	1	1	0	0
1	1	UID1026249	1	1	0	0
1	1	UID1026251	1	1	0	0
1	1	UID1026252	1	1	0	0
1	1	UID1026257	1	1	0	0
1	1	UID1026258	1	1	0	0
1	1	UID1026259	1	1	0	0
1	1	UID1026261	1	1	0	0
1	1	UID1026289	1	1	0	0
1	1	UID1026298	1	1	0	0
1	1	UID1026323	1	1	0	0
1	1	UID1026330	1	1	0	0
1	1	UID1026333	1	1	0	0
1	1	UID1026354	1	1	0	0
1	1	UID1026378	1	1	0	0
1	1	UID1026380	1	1	0	0
1	1	UID1026387	1	1	0	0
1	1	UID1026398	1	1	0	0
1	1	UID1026399	1	1	0	0
1	1	UID1026404	1	1	0	0
1	1	UID1026433	1	1	0	0
1	1	UID1026436	1	1	0	0
1	1	UID1026447	1	1	0	0
1	1	UID1026448	1	1	0	0
1	1	UID1026449	1	1	0	0
1	1	UID1026473	1	1	0	0
1	1	UID1026494	1	1	0	0
1	1	UID1026495	1	1	0	0
1	1	UID1026503	1	1	0	0
1	1	UID1026505	1	1	0	0
1	1	UID1026511	1	1	0	0
1	1	UID1026538	1	1	0	0
1	1	UID1026551	1	1	0	0
1	1	UID1026566	1	1	0	0
1	1	UID1026573	1	1	0	0
1	1	UID1026581	1	1	0	0
1	1	UID1026585	1	1	0	0
1	1	UID1026625	1	1	0	0
1	1	UID1026667	1	1	0	0
1	1	UID1026670	1	1	0	0
1	1	UID1026671	1	1	0	0
1	1	UID1026689	1	1	0	0
1	1	UID1026691	1	1	0	0
1	1	UID1026695	1	1	0	0
1	1	UID1026707	1	1	0	0
1	1	UID1026710	1	1	0	0
1	1	UID1026787	1	1	0	0
1	1	UID1026796	1	1	0	0
1	1	UID1026814	1	1	0	0
1	1	UID1026818	1	1	0	0
1	1	UID1026820	1	1	0	0
1	1	UID1026822	1	1	0	0
1	1	UID1026825	1	1	0	0
1	1	UID1026827	1	1	0	0
1	1	UID1026830	1	1	0	0
1	1	UID1026841	1	1	0	0
1	1	UID1026843	1	1	0	0
1	1	UID1026865	1	1	0	0
1	1	UID1026872	1	1	0	0
1	1	UID1026880	1	1	0	0
1	1	UID1026885	1	1	0	0
1	1	UID1026900	1	1	0	0
1	1	UID1026901	1	1	0	0
1	1	UID1026903	1	1	0	0
1	1	UID1026905	1	1	0	0
1	1	UID1026910	1	1	0	0
1	1	UID1026946	1	1	0	0
1	1	UID1026956	1	1	0	0
1	1	UID1026962	1	1	0	0
1	1	UID1026964	1	1	0	0
1	1	UID1026979	1	1	0	0
1	1	UID1027026	1	1	0	0
1	1	UID1027036	1	1	0	0
1	1	UID1027051	1	1	0	0
1	1	UID1027055	1	1	0	0
1	1	UID1027057	1	1	0	0
1	1	UID1027058	1	1	0	0
1	1	UID1027067	1	1	0	0
1	1	UID1027072	1	1	0	0
1	1	UID1027106	1	1	0	0
1	1	UID1027112	1	1	0	0
1	1	UID1027115	1	1	0	0
1	1	UID1027132	1	1	0	0
1	1	UID1027135	1	1	0	0
1	1	UID1027147	1	1	0	0
1	1	UID1027178	1	1	0	0
1	1	UID1027195	1	1	0	0
1	1	UID1027202	1	1	0	0
1	1	UID1027211	1	1	0	0
1	1	UID1027234	1	1	0	0
1	1	UID1027236	1	1	0	0
1	1	UID1027237	1	1	0	0
1	1	UID1027238	1	1	0	0
1	1	UID1027240	1	1	0	0
1	1	UID1027241	1	1	0	0
1	1	UID1027242	1	1	0	0
1	1	UID1027246	1	1	0	0
1	1	UID1027251	1	1	0	0
1	1	UID1027252	1	1	0	0
1	1	UID1027253	1	1	0	0
1	1	UID1027256	1	1	0	0
1	1	UID1027259	1	1	0	0
1	1	UID1027260	1	1	0	0
1	1	UID1027262	1	1	0	0
1	1	UID1027284	1	1	0	0
1	1	UID1027288	1	1	0	0
1	1	UID1027291	1	1	0	0
1	1	UID1027292	1	1	0	0
1	1	UID1027293	1	1	0	0
1	1	UID1027306	1	1	0	0
1	1	UID1027310	1	1	0	0
1	1	UID1027317	1	1	0	0
1	1	UID1027321	1	1	0	0
1	1	UID1027326	1	1	0	0
1	1	UID1027328	1	1	0	0
1	1	UID1027381	1	1	0	0
1	1	UID1027382	1	1	0	0
1	1	UID1027391	1	1	0	0
1	1	UID1027396	1	1	0	0
1	1	UID1027412	1	1	0	0
1	1	UID1027413	1	1	0	0
1	1	UID1027448	1	1	0	0
1	1	UID1027450	1	1	0	0
1	1	UID1027460	1	1	0	0
1	1	UID1027474	1	1	0	0
1	1	UID1027511	1	1	0	0
1	1	UID1027514	1	1	0	0
1	1	UID1027521	1	1	0	0
1	1	UID1027530	1	1	0	0
1	1	UID1027533	1	1	0	0
1	1	UID1027535	1	1	0	0
1	1	UID1027538	1	1	0	0
1	1	UID1027614	1	1	0	0
1	1	UID1027620	1	1	0	0
1	1	UID1027635	1	1	0	0
1	1	UID1027638	1	1	0	0
1	1	UID1027650	1	1	0	0
1	1	UID1027671	1	1	0	0
1	1	UID1027672	1	1	0	0
1	1	UID1027682	1	1	0	0
1	1	UID1027684	1	1	0	0
1	1	UID1027718	1	1	0	0
1	1	UID1027731	1	1	0	0
1	1	UID1027741	1	1	0	0
1	1	UID1027745	1	1	0	0
1	1	UID1027787	1	1	0	0
1	1	UID1027793	1	1	0	0
1	1	UID1027817	1	1	0	0
1	1	UID1027822	1	1	0	0
1	1	UID1027823	1	1	0	0
1	1	UID1027826	1	1	0	0
1	1	UID1027852	1	1	0	0
1	1	UID1027855	1	1	0	0
1	1	UID1027859	1	1	0	0
2	2	UID1027863	1	2	1	1
1	1	UID1027865	1	1	0	0
1	1	UID1027872	1	1	0	0
1	1	UID1027914	1	1	0	0
1	1	UID1027925	1	1	0	0
1	1	UID1027927	1	1	0	0
1	1	UID1027928	1	1	0	0
1	1	UID1027930	1	1	0	0
1	1	UID1027931	1	1	0	0
1	1	UID1027933	1	1	0	0
1	1	UID1027962	1	1	0	0
1	1	UID1027969	1	1	0	0
1	1	UID1027976	1	1	0	0
1	1	UID1027977	1	1	0	0
1	1	UID1027978	1	1	0	0
1	1	UID1027993	1	1	0	0
1	1	UID1028026	1	1	0	0
1	1	UID1028069	1	1	0	0
1	1	UID1028073	1	1	0	0
1	1	UID1028092	1	1	0	0
1	1	UID1028097	1	1	0	0
1	1	UID1028108	1	1	0	0
1	1	UID1028113	1	1	0	0
1	1	UID1028149	1	1	0	0
1	1	UID1028168	1	1	0	0
1	1	UID1028174	1	1	0	0
1	1	UID1028179	1	1	0	0
1	1	UID1028188	1	1	0	0
1	1	UID1028199	1	1	0	0
1	1	UID1028238	1	1	0	0
1	1	UID1028260	1	1	0	0
1	1	UID1028266	1	1	0	0
1	1	UID1028289	1	1	0	0
1	1	UID1028305	1	1	0	0
1	1	UID1028309	1	1	0	0
1	1	UID1028313	1	1	0	0
1	1	UID1028319	1	1	0	0
1	1	UID1028325	1	1	0	0
1	1	UID1028328	1	1	0	0
1	1	UID1028331	1	1	0	0
1	1	UID1028334	1	1	0	0
1	1	UID1028357	1	1	0	0
1	1	UID1028368	1	1	0	0
1	1	UID1028370	1	1	0	0
1	1	UID1028373	1	1	0	0
1	1	UID1028381	1	1	0	0
1	1	UID1028394	1	1	0	0
1	1	UID1028399	1	1	0	0
1	1	UID1028409	1	1	0	0
1	1	UID1028415	1	1	0	0
1	1	UID1028419	1	1	0	0
1	1	UID1028420	1	1	0	0
1	1	UID1028424	1	1	0	0
1	1	UID1028426	1	1	0	0
1	1	UID1028431	1	1	0	0
1	1	UID1028439	1	1	0	0
1	1	UID1028466	1	1	0	0
1	1	UID1028484	1	1	0	0
4	4	UID1028486	1	4	2	2
1	1	UID1028503	1	1	0	0
1	1	UID1028510	1	1	0	0
2	2	UID1028520	1	2	1	1
1	1	UID1028532	1	1	0	0
1	1	UID1028535	1	1	0	0
1	1	UID1028536	1	1	0	0
1	1	UID1028537	1	1	0	0
1	1	UID1028538	1	1	0	0
1	1	UID1028541	1	1	0	0
1	1	UID1028542	1	1	0	0
1	1	UID1028543	1	1	0	0
1	1	UID1028544	1	1	0	0
1	1	UID1028545	1	1	0	0
1	1	UID1028546	1	1	0	0
1	1	UID1028555	1	1	0	0
1	1	UID1028557	1	1	0	0
1	1	UID1028558	1	1	0	0
1	1	UID1028560	1	1	0	0
1	1	UID1028561	1	1	0	0
1	1	UID1028562	1	1	0	0
1	1	UID1028563	1	1	0	0
1	1	UID1028565	1	1	0	0
1	1	UID1028566	1	1	0	0
1	1	UID1028570	1	1	0	0
1	1	UID1028571	1	1	0	0
1	1	UID1028576	1	1	0	0
1	1	UID1028591	1	1	0	0
1	1	UID1028624	1	1	0	0
1	1	UID1028639	1	1	0	0
1	1	UID1028658	1	1	0	0
1	1	UID1028659	1	1	0	0
1	1	UID1028661	1	1	0	0
1	1	UID1028663	1	1	0	0
1	1	UID1028664	1	1	0	0
1	1	UID1028666	1	1	0	0
1	1	UID1028669	1	1	0	0
1	1	UID1028670	1	1	0	0
1	1	UID1028673	1	1	0	0
1	1	UID1028674	1	1	0	0
1	1	UID1028677	1	1	0	0
1	1	UID1028678	1	1	0	0
1	1	UID1028689	1	1	0	0
1	1	UID1028690	1	1	0	0
1	1	UID1028695	1	1	0	0
1	1	UID1028709	1	1	0	0
1	1	UID1028722	1	1	0	0
1	1	UID1028727	1	1	0	0
1	1	UID1028744	1	1	0	0
1	1	UID1028746	1	1	0	0
1	1	UID1028766	1	1	0	0
1	1	UID1028771	1	1	0	0
1	1	UID1028773	1	1	0	0
1	1	UID1028776	1	1	0	0
1	1	UID1028778	1	1	0	0
1	1	UID1028792	1	1	0	0
1	1	UID1028845	1	1	0	0
1	1	UID1028868	1	1	0	0
1	1	UID1028870	1	1	0	0
1	1	UID1028878	1	1	0	0
1	1	UID1028880	1	1	0	0
1	1	UID1028893	1	1	0	0
1	1	UID1028897	1	1	0	0
1	1	UID1028903	1	1	0	0
1	1	UID1028910	1	1	0	0
1	1	UID1028927	1	1	0	0
1	1	UID1028943	1	1	0	0
1	1	UID1028949	1	1	0	0
1	1	UID1028950	1	1	0	0
1	1	UID1028953	1	1	0	0
1	1	UID1028970	1	1	0	0
1	1	UID1028975	1	1	0	0
1	1	UID1028981	1	1	0	0
1	1	UID1028983	1	1	0	0
1	1	UID1028986	1	1	0	0
1	1	UID1028989	1	1	0	0
1	1	UID1029010	1	1	0	0
1	1	UID1029015	1	1	0	0
1	1	UID1029030	1	1	0	0
1	1	UID1029038	1	1	0	0
1	1	UID1029045	1	1	0	0
1	1	UID1029047	1	1	0	0
1	1	UID1029062	1	1	0	0
1	1	UID1029103	1	1	0	0
1	1	UID1029104	1	1	0	0
1	1	UID1029107	1	1	0	0
1	1	UID1029169	1	1	0	0
1	1	UID1029174	1	1	0	0
1	1	UID1029184	1	1	0	0
1	1	UID1029189	1	1	0	0
1	1	UID1029195	1	1	0	0
1	1	UID1029199	1	1	0	0
1	1	UID1029201	1	1	0	0
1	1	UID1029202	1	1	0	0
1	1	UID1029204	1	1	0	0
1	1	UID1029205	1	1	0	0
1	1	UID1029208	1	1	0	0
1	1	UID1029209	1	1	0	0
1	1	UID1029210	1	1	0	0
1	1	UID1029224	1	1	0	0
1	1	UID1029233	1	1	0	0
1	1	UID1029236	1	1	0	0
1	1	UID1029237	1	1	0	0
1	1	UID1029240	1	1	0	0
1	1	UID1029260	1	1	0	0
1	1	UID1029263	1	1	0	0
1	1	UID1029266	1	1	0	0
1	1	UID1029273	1	1	0	0
1	1	UID1029282	1	1	0	0
1	1	UID1029290	1	1	0	0
1	1	UID1029299	1	1	0	0
1	1	UID1029303	1	1	0	0
1	1	UID1029326	1	1	0	0
1	1	UID1029343	1	1	0	0
1	1	UID1029344	1	1	0	0
1	1	UID1029349	1	1	0	0
1	1	UID1029362	1	1	0	0
1	1	UID1029368	1	1	0	0
1	1	UID1029370	1	1	0	0
1	1	UID1029371	1	1	0	0
1	1	UID1029392	1	1	0	0
1	1	UID1029402	1	1	0	0
1	1	UID1029411	1	1	0	0
1	1	UID1029414	1	1	0	0
1	1	UID1029415	1	1	0	0
1	1	UID1029435	1	1	0	0
1	1	UID1029441	1	1	0	0
1	1	UID1029449	1	1	0	0
1	1	UID1029459	1	1	0	0
1	1	UID1029463	1	1	0	0
1	1	UID1029467	1	1	0	0
2	2	UID1029468	1	2	1	1
1	1	UID1029482	1	1	0	0
1	1	UID1029498	1	1	0	0
1	1	UID1029499	1	1	0	0
1	1	UID1029501	1	1	0	0
1	1	UID1029502	1	1	0	0
1	1	UID1029504	1	1	0	0
1	1	UID1029505	1	1	0	0
1	1	UID1029508	1	1	0	0
1	1	UID1029510	1	1	0	0
1	1	UID1029520	1	1	0	0
1	1	UID1029544	1	1	0	0
1	1	UID1029553	1	1	0	0
1	1	UID1029569	1	1	0	0
1	1	UID1029583	1	1	0	0
1	1	UID1029589	1	1	0	0
1	1	UID1029594	1	1	0	0
1	1	UID1029595	1	1	0	0
1	1	UID1029597	1	1	0	0
1	1	UID1029604	1	1	0	0
1	1	UID1029610	1	1	0	0
1	1	UID1029614	1	1	0	0
1	1	UID1029616	1	1	0	0
1	1	UID1029617	1	1	0	0
1	1	UID1029618	1	1	0	0
1	1	UID1029625	1	1	0	0
1	1	UID1029646	1	1	0	0
1	1	UID1029648	1	1	0	0
1	1	UID1029679	1	1	0	0
1	1	UID1029680	1	1	0	0
1	1	UID1029683	1	1	0	0
1	1	UID1029692	1	1	0	0
1	1	UID1029709	1	1	0	0
1	1	UID1029712	1	1	0	0
1	1	UID1029713	1	1	0	0
1	1	UID1029716	1	1	0	0
1	1	UID1029726	1	1	0	0
1	1	UID1029730	1	1	0	0
1	1	UID1029736	1	1	0	0
1	1	UID1029746	1	1	0	0
1	1	UID1029751	1	1	0	0
1	1	UID1029777	1	1	0	0
1	1	UID1029789	1	1	0	0
1	1	UID1029792	1	1	0	0
1	1	UID1029801	1	1	0	0
1	1	UID1029805	1	1	0	0
1	1	UID1029815	1	1	0	0
1	1	UID1029817	1	1	0	0
1	1	UID1029824	1	1	0	0
1	1	UID1029829	1	1	0	0
1	1	UID1029831	1	1	0	0
1	1	UID1029835	1	1	0	0
1	1	UID1029839	1	1	0	0
1	1	UID1029841	1	1	0	0
1	1	UID1029911	1	1	0	0
1	1	UID1029918	1	1	0	0
1	1	UID1029925	1	1	0	0
1	1	UID1029946	1	1	0	0
1	1	UID1029948	1	1	0	0
1	1	UID1029952	1	1	0	0
1	1	UID1029984	1	1	0	0
1	1	UID1029986	1	1	0	0
1	1	UID1029992	1	1	0	0
1	1	UID1030007	1	1	0	0
1	1	UID1030041	1	1	0	0
1	1	UID1030042	1	1	0	0
1	1	UID1030045	1	1	0	0
1	1	UID1030046	1	1	0	0
1	1	UID1030048	1	1	0	0
1	1	UID1030050	1	1	0	0
1	1	UID1030051	1	1	0	0
1	1	UID1030054	1	1	0	0
1	1	UID1030062	1	1	0	0
1	1	UID1030063	1	1	0	0
1	1	UID1030093	1	1	0	0
1	1	UID1030100	1	1	0	0
1	1	UID1030101	1	1	0	0
1	1	UID1030105	1	1	0	0
1	1	UID1030106	1	1	0	0
1	1	UID1030109	1	1	0	0
1	1	UID1030111	1	1	0	0
1	1	UID1030113	1	1	0	0
1	1	UID1030118	1	1	0	0
1	1	UID1030120	1	1	0	0
1	1	UID1030123	1	1	0	0
1	1	UID1030125	1	1	0	0
1	1	UID1030128	1	1	0	0
1	1	UID1030131	1	1	0	0
1	1	UID1030132	1	1	0	0
1	1	UID1030138	1	1	0	0
1	1	UID1030141	1	1	0	0
1	1	UID1030158	1	1	0	0
1	1	UID1030175	1	1	0	0
1	1	UID1030179	1	1	0	0
1	1	UID1030202	1	1	0	0
1	1	UID1030212	1	1	0	0
1	1	UID1030223	1	1	0	0
1	1	UID1030224	1	1	0	0
1	1	UID1030230	1	1	0	0
1	1	UID1030231	1	1	0	0
1	1	UID1030235	1	1	0	0
1	1	UID1030238	1	1	0	0
1	1	UID1030239	1	1	0	0
1	1	UID1030241	1	1	0	0
2	2	UID1030246	1	2	1	1
1	1	UID1030247	1	1	0	0
1	1	UID1030248	1	1	0	0
1	1	UID1030256	1	1	0	0
1	1	UID1030291	1	1	0	0
1	1	UID1030292	1	1	0	0
1	1	UID1030310	1	1	0	0
1	1	UID1030311	1	1	0	0
1	1	UID1030312	1	1	0	0
1	1	UID1030317	1	1	0	0
1	1	UID1030318	1	1	0	0
1	1	UID1030321	1	1	0	0
1	1	UID1030325	1	1	0	0
1	1	UID1030337	1	1	0	0
1	1	UID1030341	1	1	0	0
1	1	UID1030347	1	1	0	0
1	1	UID1030360	1	1	0	0
1	1	UID1030364	1	1	0	0
1	1	UID1030376	1	1	0	0
1	1	UID1030378	1	1	0	0
1	1	UID1030383	1	1	0	0
1	1	UID1030387	1	1	0	0
1	1	UID1030397	1	1	0	0
1	1	UID1030402	1	1	0	0
1	1	UID1030435	1	1	0	0
1	1	UID1030443	1	1	0	0
1	1	UID1030447	1	1	0	0
1	1	UID1030484	1	1	0	0
1	1	UID1030485	1	1	0	0
1	1	UID1030487	1	1	0	0
1	1	UID1030489	1	1	0	0
1	1	UID1030493	1	1	0	0
1	1	UID1030530	1	1	0	0
1	1	UID7713	1	1	0	0
1	1	UID877429	1	1	0	0
1	1	UID879407	1	1	0	0
1	1	UID881807	1	1	0	0
