678	47949	UID1	39915	413	3	3
1054	20115	UID4	13929	673	4	4
17672	65510	UID493	12382	13405	6	6
250	8075	UID11	6742	135	3	3
139	981	UID57	680	81	3	3
151	296	UID254	109	130	3	3
250	459	UID716	46	197	4	4
55	101	UID27	43	52	2	2
12	55	UID1497	42	9	1	1
59	98	UID186088	36	55	2	2
32	54	UID58700	20	30	2	2
3	24	UID5	20	1	1	1
10	23	UID1409383	14	9	1	1
4	17	UID6095	11	2	1	1
5	11	UID48673	7	4	2	2
5	11	UID6474	7	4	1	1
14	20	UID58892	6	12	1	1
7	13	UID930	6	5	1	1
1	5	UID1409894	5	0	0	0
1	5	UID1409963	5	0	0	0
1	5	UID1409964	5	0	0	0
2	6	UID1409993	5	1	1	1
2	5	UID1410010	4	1	1	1
1	4	UID1410015	4	0	0	0
1	4	UID1410017	4	0	0	0
1	4	UID1410018	4	0	0	0
1	4	UID1410026	4	0	0	0
1	4	UID1410052	4	0	0	0
1	4	UID1410053	4	0	0	0
1	4	UID1410057	4	0	0	0
2	5	UID1410060	4	1	0	0
1	4	UID1410063	4	0	0	0
1	4	UID1410064	4	0	0	0
1	4	UID1410116	4	0	0	0
1	4	UID1410145	4	0	0	0
1	4	UID1410162	4	0	0	0
1	4	UID1410164	4	0	0	0
1	4	UID1410170	4	0	0	0
13	18	UID1050567	3	9	2	2
1	3	UID1410192	3	0	0	0
1	3	UID1410211	3	0	0	0
1	3	UID1410221	3	0	0	0
1	3	UID1410223	3	0	0	0
1	3	UID1410225	3	0	0	0
2	4	UID1410228	3	1	1	1
1	3	UID1410229	3	0	0	0
1	3	UID1410236	3	0	0	0
1	3	UID1410243	3	0	0	0
1	3	UID1410274	3	0	0	0
1	3	UID1410277	3	0	0	0
1	3	UID1410279	3	0	0	0
1	3	UID1410281	3	0	0	0
1	3	UID1410284	3	0	0	0
1	3	UID1410285	3	0	0	0
3	5	UID1410291	3	2	1	1
1	3	UID1410292	3	0	0	0
1	3	UID1410293	3	0	0	0
1	3	UID1410304	3	0	0	0
1	3	UID1410307	3	0	0	0
1	3	UID1410309	3	0	0	0
1	3	UID1410310	3	0	0	0
1	3	UID1410314	3	0	0	0
1	3	UID1410315	3	0	0	0
1	3	UID1410319	3	0	0	0
1	3	UID1410322	3	0	0	0
1	3	UID1410327	3	0	0	0
1	3	UID1410332	3	0	0	0
1	3	UID1410333	3	0	0	0
1	3	UID1410336	3	0	0	0
1	3	UID1410337	3	0	0	0
1	3	UID1410342	3	0	0	0
1	3	UID1410345	3	0	0	0
1	3	UID1410348	3	0	0	0
1	3	UID1410352	3	0	0	0
1	3	UID1410354	3	0	0	0
1	3	UID1410356	3	0	0	0
1	3	UID1410357	3	0	0	0
1	3	UID1410358	3	0	0	0
1	3	UID1410359	3	0	0	0
3	5	UID1410360	3	2	1	1
1	3	UID1410361	3	0	0	0
1	3	UID1410362	3	0	0	0
1	3	UID1410363	3	0	0	0
1	3	UID1410364	3	0	0	0
1	3	UID1410365	3	0	0	0
1	3	UID1410375	3	0	0	0
1	3	UID1410376	3	0	0	0
1	3	UID1410410	3	0	0	0
1	3	UID1410422	3	0	0	0
1	3	UID1410424	3	0	0	0
2	4	UID1410426	3	1	1	1
1	3	UID1410428	3	0	0	0
1	3	UID1410438	3	0	0	0
1	3	UID1410442	3	0	0	0
1	3	UID1410494	3	0	0	0
1	3	UID1410497	3	0	0	0
1	3	UID1410505	3	0	0	0
1	3	UID1410508	3	0	0	0
1	3	UID1410512	3	0	0	0
2	4	UID1410514	3	1	1	1
1	3	UID1410515	3	0	0	0
1	3	UID1410517	3	0	0	0
1	3	UID1410525	3	0	0	0
1	3	UID1410528	3	0	0	0
1	3	UID1410543	3	0	0	0
1	3	UID1410545	3	0	0	0
1	3	UID1410546	3	0	0	0
1	3	UID1410549	3	0	0	0
1	3	UID1410553	3	0	0	0
1	3	UID1410555	3	0	0	0
2	4	UID1410561	3	1	1	1
1	3	UID1410562	3	0	0	0
1	3	UID1410564	3	0	0	0
1	3	UID1410567	3	0	0	0
1	3	UID1410568	3	0	0	0
1	3	UID1410569	3	0	0	0
1	3	UID1410570	3	0	0	0
1	3	UID1410571	3	0	0	0
1	3	UID1410573	3	0	0	0
1	3	UID1410574	3	0	0	0
1	3	UID1410579	3	0	0	0
1	3	UID1410612	3	0	0	0
1	3	UID1410614	3	0	0	0
8	10	UID24	3	7	2	2
1	2	UID13738	2	0	0	0
1	2	UID1410621	2	0	0	0
1	2	UID1410678	2	0	0	0
1	2	UID1410697	2	0	0	0
3	4	UID1410702	2	2	1	1
2	3	UID1410708	2	1	1	1
1	2	UID1410721	2	0	0	0
1	2	UID1410734	2	0	0	0
1	2	UID1410744	2	0	0	0
2	3	UID1410757	2	1	1	1
1	2	UID1410761	2	0	0	0
1	2	UID1410769	2	0	0	0
1	2	UID1410807	2	0	0	0
1	2	UID1410818	2	0	0	0
1	2	UID1410823	2	0	0	0
1	2	UID1410831	2	0	0	0
1	2	UID1410833	2	0	0	0
1	2	UID1410836	2	0	0	0
1	2	UID1410869	2	0	0	0
9	11	UID1410910	2	7	2	2
1	2	UID1410939	2	0	0	0
1	2	UID1410947	2	0	0	0
1	2	UID1410977	2	0	0	0
1	2	UID1411152	2	0	0	0
1	2	UID1411173	2	0	0	0
1	2	UID1411205	2	0	0	0
1	2	UID1411207	2	0	0	0
1	2	UID1411267	2	0	0	0
1	2	UID1411334	2	0	0	0
1	2	UID1411343	2	0	0	0
1	2	UID1411350	2	0	0	0
2	3	UID1411352	2	1	1	1
1	2	UID1411380	2	0	0	0
2	3	UID1411424	2	1	1	1
1	2	UID1411439	2	0	0	0
1	2	UID1411465	2	0	0	0
1	2	UID1411484	2	0	0	0
1	2	UID1411501	2	0	0	0
2	3	UID1411545	2	1	1	1
1	2	UID1411565	2	0	0	0
1	2	UID1411566	2	0	0	0
1	2	UID1411587	2	0	0	0
1	2	UID1411594	2	0	0	0
14	15	UID1411610	2	13	3	3
1	2	UID1411627	2	0	0	0
1	2	UID1411628	2	0	0	0
2	3	UID1411661	2	1	1	1
2	3	UID1411671	2	1	1	1
1	2	UID1411781	2	0	0	0
1	2	UID1411807	2	0	0	0
1	2	UID1411934	2	0	0	0
1	2	UID1412040	2	0	0	0
1	2	UID1412050	2	0	0	0
1	2	UID1412079	2	0	0	0
1	2	UID1412105	2	0	0	0
1	2	UID1412121	2	0	0	0
1	2	UID1412138	2	0	0	0
1	2	UID1412151	2	0	0	0
1	2	UID1412155	2	0	0	0
1	2	UID1412158	2	0	0	0
1	2	UID1412164	2	0	0	0
1	2	UID1412190	2	0	0	0
1	2	UID1412219	2	0	0	0
1	2	UID1412233	2	0	0	0
1	2	UID1412245	2	0	0	0
1	2	UID1412252	2	0	0	0
1	2	UID1412290	2	0	0	0
1	2	UID1412297	2	0	0	0
1	2	UID1412302	2	0	0	0
1	2	UID1412305	2	0	0	0
1	2	UID1412307	2	0	0	0
1	2	UID1412310	2	0	0	0
1	2	UID1412316	2	0	0	0
1	2	UID1412317	2	0	0	0
1	2	UID1412339	2	0	0	0
1	2	UID1412359	2	0	0	0
1	2	UID1412371	2	0	0	0
1	2	UID1412387	2	0	0	0
1	2	UID1412388	2	0	0	0
1	2	UID1412397	2	0	0	0
1	2	UID1412399	2	0	0	0
1	2	UID1412409	2	0	0	0
1	2	UID1412415	2	0	0	0
1	2	UID1412419	2	0	0	0
1	2	UID1412431	2	0	0	0
1	2	UID1412530	2	0	0	0
1	2	UID1412536	2	0	0	0
1	2	UID1412544	2	0	0	0
1	2	UID1412575	2	0	0	0
2	3	UID1412576	2	1	1	1
1	2	UID1412583	2	0	0	0
3	4	UID6113	2	2	1	1
1	1	UID1043428	1	1	0	0
1	1	UID1044746	1	1	0	0
1	1	UID1158915	1	1	0	0
1	1	UID1165083	1	1	0	0
1	1	UID1202804	1	1	0	0
1	1	UID1247019	1	1	0	0
4	4	UID1270105	1	4	2	2
1	1	UID1273136	1	1	0	0
1	1	UID1278994	1	1	0	0
1	1	UID13264	1	1	0	0
1	1	UID1398938	1	1	0	0
1	1	UID1412590	1	1	0	0
1	1	UID1412591	1	1	0	0
1	1	UID1412596	1	1	0	0
1	1	UID1412601	1	1	0	0
1	1	UID1412615	1	1	0	0
1	1	UID1412618	1	1	0	0
1	1	UID1412620	1	1	0	0
1	1	UID1412644	1	1	0	0
1	1	UID1412655	1	1	0	0
1	1	UID1412656	1	1	0	0
1	1	UID1412657	1	1	0	0
1	1	UID1412658	1	1	0	0
1	1	UID1412662	1	1	0	0
1	1	UID1412670	1	1	0	0
1	1	UID1412672	1	1	0	0
1	1	UID1412675	1	1	0	0
1	1	UID1412676	1	1	0	0
1	1	UID1412679	1	1	0	0
1	1	UID1412688	1	1	0	0
1	1	UID1412694	1	1	0	0
1	1	UID1412696	1	1	0	0
1	1	UID1412699	1	1	0	0
1	1	UID1412700	1	1	0	0
1	1	UID1412701	1	1	0	0
1	1	UID1412702	1	1	0	0
1	1	UID1412709	1	1	0	0
1	1	UID1412710	1	1	0	0
1	1	UID1412711	1	1	0	0
1	1	UID1412712	1	1	0	0
1	1	UID1412714	1	1	0	0
1	1	UID1412715	1	1	0	0
1	1	UID1412721	1	1	0	0
1	1	UID1412722	1	1	0	0
1	1	UID1412739	1	1	0	0
1	1	UID1412797	1	1	0	0
1	1	UID1412984	1	1	0	0
1	1	UID1412989	1	1	0	0
1	1	UID1412993	1	1	0	0
1	1	UID1413011	1	1	0	0
1	1	UID1413015	1	1	0	0
1	1	UID1413030	1	1	0	0
1	1	UID1413031	1	1	0	0
1	1	UID1413036	1	1	0	0
1	1	UID1413048	1	1	0	0
1	1	UID1413049	1	1	0	0
1	1	UID1413050	1	1	0	0
1	1	UID1413052	1	1	0	0
1	1	UID1413056	1	1	0	0
1	1	UID1413059	1	1	0	0
1	1	UID1413066	1	1	0	0
1	1	UID1413070	1	1	0	0
1	1	UID1413079	1	1	0	0
1	1	UID1413094	1	1	0	0
1	1	UID1413101	1	1	0	0
1	1	UID1413104	1	1	0	0
1	1	UID1413105	1	1	0	0
1	1	UID1413106	1	1	0	0
1	1	UID1413110	1	1	0	0
1	1	UID1413113	1	1	0	0
1	1	UID1413115	1	1	0	0
1	1	UID1413137	1	1	0	0
1	1	UID1413140	1	1	0	0
1	1	UID1413142	1	1	0	0
1	1	UID1413151	1	1	0	0
1	1	UID1413155	1	1	0	0
1	1	UID1413164	1	1	0	0
1	1	UID1413165	1	1	0	0
1	1	UID1413169	1	1	0	0
1	1	UID1413177	1	1	0	0
1	1	UID1413196	1	1	0	0
1	1	UID1413199	1	1	0	0
1	1	UID1413203	1	1	0	0
1	1	UID1413217	1	1	0	0
1	1	UID1413218	1	1	0	0
1	1	UID1413225	1	1	0	0
1	1	UID1413230	1	1	0	0
1	1	UID1413233	1	1	0	0
1	1	UID1413235	1	1	0	0
1	1	UID1413237	1	1	0	0
1	1	UID1413239	1	1	0	0
1	1	UID1413240	1	1	0	0
1	1	UID1413245	1	1	0	0
1	1	UID1413246	1	1	0	0
1	1	UID1413258	1	1	0	0
1	1	UID1413259	1	1	0	0
1	1	UID1413265	1	1	0	0
1	1	UID1413281	1	1	0	0
1	1	UID1413299	1	1	0	0
1	1	UID1413313	1	1	0	0
1	1	UID1413318	1	1	0	0
1	1	UID1413321	1	1	0	0
1	1	UID1413325	1	1	0	0
1	1	UID1413326	1	1	0	0
1	1	UID1413357	1	1	0	0
1	1	UID1413358	1	1	0	0
1	1	UID1413374	1	1	0	0
1	1	UID1413376	1	1	0	0
1	1	UID1413377	1	1	0	0
1	1	UID1413378	1	1	0	0
1	1	UID1413382	1	1	0	0
1	1	UID1413384	1	1	0	0
1	1	UID1413387	1	1	0	0
1	1	UID1413397	1	1	0	0
1	1	UID1413404	1	1	0	0
1	1	UID1413407	1	1	0	0
1	1	UID1413408	1	1	0	0
1	1	UID1413413	1	1	0	0
1	1	UID1413414	1	1	0	0
1	1	UID1413417	1	1	0	0
1	1	UID1413419	1	1	0	0
1	1	UID1413430	1	1	0	0
1	1	UID1413435	1	1	0	0
1	1	UID1413439	1	1	0	0
1	1	UID1413442	1	1	0	0
1	1	UID1413443	1	1	0	0
1	1	UID1413445	1	1	0	0
1	1	UID1413446	1	1	0	0
1	1	UID1413448	1	1	0	0
1	1	UID1413464	1	1	0	0
1	1	UID1413470	1	1	0	0
1	1	UID1413481	1	1	0	0
1	1	UID1413482	1	1	0	0
1	1	UID1413483	1	1	0	0
1	1	UID1413490	1	1	0	0
1	1	UID1413492	1	1	0	0
1	1	UID1413495	1	1	0	0
1	1	UID1413499	1	1	0	0
1	1	UID1413521	1	1	0	0
1	1	UID1413522	1	1	0	0
1	1	UID1413526	1	1	0	0
1	1	UID1413527	1	1	0	0
1	1	UID1413529	1	1	0	0
1	1	UID1413530	1	1	0	0
1	1	UID1413531	1	1	0	0
1	1	UID1413536	1	1	0	0
1	1	UID1413543	1	1	0	0
1	1	UID1413549	1	1	0	0
1	1	UID1413560	1	1	0	0
1	1	UID1413570	1	1	0	0
1	1	UID1413581	1	1	0	0
1	1	UID1413590	1	1	0	0
1	1	UID1413592	1	1	0	0
1	1	UID1413593	1	1	0	0
1	1	UID1413597	1	1	0	0
1	1	UID1413598	1	1	0	0
1	1	UID1413599	1	1	0	0
1	1	UID1413600	1	1	0	0
1	1	UID1413603	1	1	0	0
1	1	UID1413604	1	1	0	0
1	1	UID1413608	1	1	0	0
1	1	UID1413609	1	1	0	0
1	1	UID1413612	1	1	0	0
1	1	UID1413631	1	1	0	0
1	1	UID1413634	1	1	0	0
1	1	UID1413635	1	1	0	0
1	1	UID1413643	1	1	0	0
1	1	UID1413650	1	1	0	0
1	1	UID1413655	1	1	0	0
1	1	UID1413673	1	1	0	0
1	1	UID1413674	1	1	0	0
1	1	UID1413679	1	1	0	0
1	1	UID1413682	1	1	0	0
1	1	UID1413696	1	1	0	0
1	1	UID1413702	1	1	0	0
1	1	UID1413704	1	1	0	0
1	1	UID1413705	1	1	0	0
1	1	UID1413706	1	1	0	0
1	1	UID1413726	1	1	0	0
1	1	UID1413730	1	1	0	0
1	1	UID1413733	1	1	0	0
1	1	UID1413734	1	1	0	0
1	1	UID1413745	1	1	0	0
1	1	UID1413754	1	1	0	0
1	1	UID1413762	1	1	0	0
1	1	UID1413773	1	1	0	0
1	1	UID1413774	1	1	0	0
1	1	UID1413775	1	1	0	0
1	1	UID1413779	1	1	0	0
1	1	UID1413780	1	1	0	0
1	1	UID1413794	1	1	0	0
1	1	UID1413797	1	1	0	0
1	1	UID1413799	1	1	0	0
1	1	UID1413812	1	1	0	0
1	1	UID1413815	1	1	0	0
1	1	UID1413816	1	1	0	0
1	1	UID1413817	1	1	0	0
1	1	UID1413820	1	1	0	0
1	1	UID1413822	1	1	0	0
1	1	UID1413824	1	1	0	0
1	1	UID1413836	1	1	0	0
1	1	UID1413839	1	1	0	0
1	1	UID1413840	1	1	0	0
1	1	UID1413841	1	1	0	0
1	1	UID1413851	1	1	0	0
1	1	UID1413852	1	1	0	0
1	1	UID1413856	1	1	0	0
1	1	UID1413857	1	1	0	0
1	1	UID1413868	1	1	0	0
1	1	UID1413869	1	1	0	0
1	1	UID1413875	1	1	0	0
1	1	UID1413883	1	1	0	0
1	1	UID1413884	1	1	0	0
1	1	UID1413886	1	1	0	0
1	1	UID1413915	1	1	0	0
1	1	UID1413916	1	1	0	0
1	1	UID1413919	1	1	0	0
1	1	UID1413923	1	1	0	0
1	1	UID1413926	1	1	0	0
1	1	UID1413928	1	1	0	0
1	1	UID1413930	1	1	0	0
1	1	UID1413935	1	1	0	0
1	1	UID1413939	1	1	0	0
1	1	UID1413964	1	1	0	0
1	1	UID1413968	1	1	0	0
1	1	UID1413969	1	1	0	0
1	1	UID1413974	1	1	0	0
1	1	UID1413976	1	1	0	0
1	1	UID1413977	1	1	0	0
1	1	UID1413983	1	1	0	0
1	1	UID1413984	1	1	0	0
1	1	UID1413987	1	1	0	0
1	1	UID1413989	1	1	0	0
1	1	UID1413994	1	1	0	0
1	1	UID1413997	1	1	0	0
1	1	UID1414001	1	1	0	0
1	1	UID1414005	1	1	0	0
1	1	UID1414031	1	1	0	0
1	1	UID1414034	1	1	0	0
1	1	UID1414058	1	1	0	0
1	1	UID1414065	1	1	0	0
1	1	UID1414071	1	1	0	0
1	1	UID1414075	1	1	0	0
1	1	UID1414077	1	1	0	0
1	1	UID1414083	1	1	0	0
1	1	UID1414087	1	1	0	0
1	1	UID1414090	1	1	0	0
1	1	UID1414119	1	1	0	0
1	1	UID1414133	1	1	0	0
1	1	UID1414151	1	1	0	0
1	1	UID1414157	1	1	0	0
1	1	UID1414158	1	1	0	0
1	1	UID1414159	1	1	0	0
1	1	UID1414171	1	1	0	0
1	1	UID1414178	1	1	0	0
1	1	UID1414184	1	1	0	0
1	1	UID1414185	1	1	0	0
1	1	UID1414189	1	1	0	0
1	1	UID1414207	1	1	0	0
1	1	UID1414214	1	1	0	0
1	1	UID1414218	1	1	0	0
1	1	UID1414223	1	1	0	0
1	1	UID1414228	1	1	0	0
1	1	UID1414232	1	1	0	0
1	1	UID1414239	1	1	0	0
1	1	UID1414243	1	1	0	0
1	1	UID1414248	1	1	0	0
1	1	UID1414251	1	1	0	0
1	1	UID1414262	1	1	0	0
1	1	UID1414263	1	1	0	0
1	1	UID1414264	1	1	0	0
1	1	UID1414267	1	1	0	0
1	1	UID1414277	1	1	0	0
1	1	UID1414288	1	1	0	0
1	1	UID1414297	1	1	0	0
1	1	UID1414298	1	1	0	0
1	1	UID1414307	1	1	0	0
1	1	UID1414310	1	1	0	0
1	1	UID1414311	1	1	0	0
1	1	UID1414320	1	1	0	0
1	1	UID1414322	1	1	0	0
1	1	UID1414345	1	1	0	0
1	1	UID1414347	1	1	0	0
1	1	UID1414361	1	1	0	0
1	1	UID1414381	1	1	0	0
1	1	UID1414383	1	1	0	0
1	1	UID1414384	1	1	0	0
1	1	UID1414389	1	1	0	0
1	1	UID1414404	1	1	0	0
1	1	UID1414406	1	1	0	0
1	1	UID1414411	1	1	0	0
1	1	UID1414413	1	1	0	0
1	1	UID1414425	1	1	0	0
1	1	UID1414426	1	1	0	0
1	1	UID1414453	1	1	0	0
1	1	UID1414483	1	1	0	0
1	1	UID1414488	1	1	0	0
1	1	UID1414491	1	1	0	0
1	1	UID1414492	1	1	0	0
1	1	UID1414494	1	1	0	0
1	1	UID1414516	1	1	0	0
1	1	UID1414522	1	1	0	0
1	1	UID1414524	1	1	0	0
1	1	UID1414534	1	1	0	0
1	1	UID1414539	1	1	0	0
1	1	UID1414541	1	1	0	0
1	1	UID1414542	1	1	0	0
1	1	UID1414547	1	1	0	0
1	1	UID1414549	1	1	0	0
1	1	UID1414554	1	1	0	0
1	1	UID1414567	1	1	0	0
1	1	UID1414568	1	1	0	0
1	1	UID1414576	1	1	0	0
1	1	UID1414591	1	1	0	0
1	1	UID1414600	1	1	0	0
1	1	UID1414606	1	1	0	0
1	1	UID1414617	1	1	0	0
1	1	UID1414620	1	1	0	0
1	1	UID1414624	1	1	0	0
1	1	UID1414627	1	1	0	0
1	1	UID1414632	1	1	0	0
1	1	UID1414634	1	1	0	0
1	1	UID1414637	1	1	0	0
1	1	UID1414648	1	1	0	0
1	1	UID1414665	1	1	0	0
1	1	UID1414667	1	1	0	0
1	1	UID1414713	1	1	0	0
1	1	UID1414714	1	1	0	0
1	1	UID1414715	1	1	0	0
1	1	UID1414720	1	1	0	0
1	1	UID1414731	1	1	0	0
1	1	UID1414748	1	1	0	0
1	1	UID1414752	1	1	0	0
1	1	UID1414758	1	1	0	0
1	1	UID1414789	1	1	0	0
1	1	UID1414803	1	1	0	0
2	2	UID1414807	1	2	1	1
1	1	UID1414808	1	1	0	0
1	1	UID1414813	1	1	0	0
1	1	UID1414815	1	1	0	0
1	1	UID1414816	1	1	0	0
1	1	UID1414824	1	1	0	0
1	1	UID1414826	1	1	0	0
1	1	UID1414837	1	1	0	0
1	1	UID1414839	1	1	0	0
1	1	UID1414842	1	1	0	0
1	1	UID1414844	1	1	0	0
1	1	UID1414845	1	1	0	0
1	1	UID1414846	1	1	0	0
1	1	UID1414847	1	1	0	0
1	1	UID1414848	1	1	0	0
1	1	UID1414853	1	1	0	0
1	1	UID1414859	1	1	0	0
1	1	UID1414860	1	1	0	0
1	1	UID1414863	1	1	0	0
1	1	UID1414872	1	1	0	0
1	1	UID1414879	1	1	0	0
1	1	UID1414880	1	1	0	0
1	1	UID1414881	1	1	0	0
1	1	UID1414909	1	1	0	0
1	1	UID1414917	1	1	0	0
1	1	UID1414921	1	1	0	0
1	1	UID1414922	1	1	0	0
1	1	UID1414923	1	1	0	0
1	1	UID1414952	1	1	0	0
1	1	UID1414961	1	1	0	0
1	1	UID1414974	1	1	0	0
1	1	UID1414996	1	1	0	0
1	1	UID1415002	1	1	0	0
1	1	UID1415014	1	1	0	0
1	1	UID1415015	1	1	0	0
1	1	UID1415016	1	1	0	0
1	1	UID1415018	1	1	0	0
1	1	UID1415053	1	1	0	0
1	1	UID1415054	1	1	0	0
1	1	UID1415067	1	1	0	0
1	1	UID1415069	1	1	0	0
1	1	UID1415084	1	1	0	0
1	1	UID1415108	1	1	0	0
1	1	UID1415109	1	1	0	0
1	1	UID1415113	1	1	0	0
1	1	UID1415138	1	1	0	0
1	1	UID1415153	1	1	0	0
1	1	UID1415156	1	1	0	0
1	1	UID1415176	1	1	0	0
1	1	UID1415181	1	1	0	0
1	1	UID1415184	1	1	0	0
1	1	UID1415191	1	1	0	0
1	1	UID1415223	1	1	0	0
1	1	UID1415224	1	1	0	0
1	1	UID1415232	1	1	0	0
1	1	UID1415233	1	1	0	0
1	1	UID1415240	1	1	0	0
1	1	UID1415253	1	1	0	0
1	1	UID1415290	1	1	0	0
1	1	UID1415358	1	1	0	0
1	1	UID1415377	1	1	0	0
1	1	UID1415661	1	1	0	0
1	1	UID1415719	1	1	0	0
1	1	UID1415731	1	1	0	0
1	1	UID1415755	1	1	0	0
1	1	UID1415770	1	1	0	0
1	1	UID1415772	1	1	0	0
1	1	UID1415776	1	1	0	0
1	1	UID1415796	1	1	0	0
1	1	UID1415810	1	1	0	0
1	1	UID1415812	1	1	0	0
1	1	UID1415839	1	1	0	0
1	1	UID1415842	1	1	0	0
1	1	UID1415848	1	1	0	0
1	1	UID1415896	1	1	0	0
1	1	UID1415953	1	1	0	0
1	1	UID1415960	1	1	0	0
1	1	UID1415994	1	1	0	0
1	1	UID1416005	1	1	0	0
1	1	UID1416022	1	1	0	0
1	1	UID1416038	1	1	0	0
1	1	UID1416060	1	1	0	0
1	1	UID1416061	1	1	0	0
1	1	UID1416067	1	1	0	0
1	1	UID1416075	1	1	0	0
1	1	UID1416083	1	1	0	0
1	1	UID1416103	1	1	0	0
1	1	UID1416115	1	1	0	0
1	1	UID1416118	1	1	0	0
1	1	UID1416121	1	1	0	0
1	1	UID1416124	1	1	0	0
1	1	UID1416134	1	1	0	0
1	1	UID1416141	1	1	0	0
1	1	UID1416142	1	1	0	0
1	1	UID1416145	1	1	0	0
1	1	UID1416157	1	1	0	0
1	1	UID1416174	1	1	0	0
1	1	UID1416178	1	1	0	0
1	1	UID1416179	1	1	0	0
1	1	UID1416185	1	1	0	0
1	1	UID1416208	1	1	0	0
1	1	UID1416211	1	1	0	0
1	1	UID1416216	1	1	0	0
1	1	UID1416218	1	1	0	0
1	1	UID1416226	1	1	0	0
1	1	UID1416233	1	1	0	0
1	1	UID1416253	1	1	0	0
1	1	UID1416255	1	1	0	0
1	1	UID1416274	1	1	0	0
1	1	UID1416278	1	1	0	0
1	1	UID1416299	1	1	0	0
1	1	UID1416314	1	1	0	0
1	1	UID1416315	1	1	0	0
1	1	UID1416330	1	1	0	0
1	1	UID1416334	1	1	0	0
1	1	UID1416348	1	1	0	0
1	1	UID1416352	1	1	0	0
1	1	UID1416392	1	1	0	0
1	1	UID1416452	1	1	0	0
1	1	UID1416471	1	1	0	0
1	1	UID1416472	1	1	0	0
1	1	UID1416475	1	1	0	0
1	1	UID1416477	1	1	0	0
1	1	UID1416480	1	1	0	0
1	1	UID1416499	1	1	0	0
1	1	UID1416511	1	1	0	0
1	1	UID1416514	1	1	0	0
1	1	UID1416518	1	1	0	0
1	1	UID1416600	1	1	0	0
1	1	UID1416602	1	1	0	0
1	1	UID1416618	1	1	0	0
1	1	UID1416627	1	1	0	0
1	1	UID1416639	1	1	0	0
1	1	UID1416644	1	1	0	0
1	1	UID1416645	1	1	0	0
1	1	UID1416679	1	1	0	0
1	1	UID1416705	1	1	0	0
1	1	UID1416746	1	1	0	0
1	1	UID1416749	1	1	0	0
1	1	UID1416792	1	1	0	0
1	1	UID1416794	1	1	0	0
1	1	UID1416800	1	1	0	0
1	1	UID1416804	1	1	0	0
1	1	UID1416862	1	1	0	0
1	1	UID1416864	1	1	0	0
1	1	UID1416874	1	1	0	0
1	1	UID1416886	1	1	0	0
1	1	UID1416887	1	1	0	0
1	1	UID1416888	1	1	0	0
1	1	UID1416902	1	1	0	0
1	1	UID1416916	1	1	0	0
1	1	UID1416967	1	1	0	0
1	1	UID1416970	1	1	0	0
1	1	UID1416985	1	1	0	0
1	1	UID1416990	1	1	0	0
1	1	UID1417090	1	1	0	0
1	1	UID1417108	1	1	0	0
1	1	UID1417169	1	1	0	0
1	1	UID1417203	1	1	0	0
1	1	UID1417222	1	1	0	0
1	1	UID1417224	1	1	0	0
1	1	UID1417232	1	1	0	0
1	1	UID1417243	1	1	0	0
1	1	UID1417252	1	1	0	0
1	1	UID1417253	1	1	0	0
1	1	UID1417268	1	1	0	0
1	1	UID1417286	1	1	0	0
1	1	UID1417287	1	1	0	0
1	1	UID1417293	1	1	0	0
1	1	UID1417295	1	1	0	0
1	1	UID1417296	1	1	0	0
1	1	UID1417303	1	1	0	0
1	1	UID1417311	1	1	0	0
1	1	UID1417322	1	1	0	0
1	1	UID1417323	1	1	0	0
1	1	UID1417326	1	1	0	0
1	1	UID1417327	1	1	0	0
1	1	UID1417367	1	1	0	0
1	1	UID1417376	1	1	0	0
1	1	UID1417384	1	1	0	0
1	1	UID1417387	1	1	0	0
1	1	UID1417389	1	1	0	0
1	1	UID1417390	1	1	0	0
1	1	UID1417407	1	1	0	0
1	1	UID1417421	1	1	0	0
1	1	UID1417437	1	1	0	0
1	1	UID1417443	1	1	0	0
1	1	UID1417450	1	1	0	0
1	1	UID1417491	1	1	0	0
1	1	UID1417492	1	1	0	0
1	1	UID1417537	1	1	0	0
1	1	UID1417545	1	1	0	0
1	1	UID1417559	1	1	0	0
1	1	UID1417583	1	1	0	0
1	1	UID1417631	1	1	0	0
1	1	UID1417636	1	1	0	0
1	1	UID1417639	1	1	0	0
1	1	UID1417640	1	1	0	0
1	1	UID1417653	1	1	0	0
1	1	UID1417667	1	1	0	0
1	1	UID1417671	1	1	0	0
1	1	UID1417693	1	1	0	0
1	1	UID1417696	1	1	0	0
1	1	UID1417698	1	1	0	0
1	1	UID1417699	1	1	0	0
1	1	UID1417718	1	1	0	0
1	1	UID1417748	1	1	0	0
1	1	UID1417772	1	1	0	0
1	1	UID1417789	1	1	0	0
1	1	UID1417808	1	1	0	0
1	1	UID1417839	1	1	0	0
1	1	UID1417844	1	1	0	0
1	1	UID1417861	1	1	0	0
1	1	UID1417866	1	1	0	0
1	1	UID1417886	1	1	0	0
1	1	UID1417914	1	1	0	0
1	1	UID1417930	1	1	0	0
1	1	UID1417944	1	1	0	0
1	1	UID1417954	1	1	0	0
1	1	UID1417967	1	1	0	0
1	1	UID1417968	1	1	0	0
1	1	UID1417996	1	1	0	0
1	1	UID1418004	1	1	0	0
1	1	UID1418007	1	1	0	0
1	1	UID1418008	1	1	0	0
1	1	UID1418021	1	1	0	0
1	1	UID1418047	1	1	0	0
1	1	UID1418052	1	1	0	0
1	1	UID1418077	1	1	0	0
1	1	UID1418078	1	1	0	0
1	1	UID1418079	1	1	0	0
1	1	UID1418086	1	1	0	0
1	1	UID1418107	1	1	0	0
1	1	UID1418134	1	1	0	0
1	1	UID1418158	1	1	0	0
1	1	UID1418166	1	1	0	0
1	1	UID1418171	1	1	0	0
1	1	UID1418173	1	1	0	0
2	2	UID1418181	1	2	1	1
1	1	UID1418198	1	1	0	0
1	1	UID1418212	1	1	0	0
1	1	UID1418217	1	1	0	0
1	1	UID1418231	1	1	0	0
1	1	UID1418252	1	1	0	0
1	1	UID1418262	1	1	0	0
1	1	UID1418274	1	1	0	0
1	1	UID1418297	1	1	0	0
1	1	UID1418301	1	1	0	0
1	1	UID1418331	1	1	0	0
1	1	UID1418332	1	1	0	0
1	1	UID1418337	1	1	0	0
1	1	UID1418353	1	1	0	0
1	1	UID1418359	1	1	0	0
1	1	UID1418364	1	1	0	0
1	1	UID1418380	1	1	0	0
1	1	UID1418384	1	1	0	0
1	1	UID1418393	1	1	0	0
1	1	UID1418400	1	1	0	0
1	1	UID1418406	1	1	0	0
1	1	UID1418434	1	1	0	0
1	1	UID1418448	1	1	0	0
1	1	UID1418452	1	1	0	0
1	1	UID1418457	1	1	0	0
1	1	UID1418462	1	1	0	0
1	1	UID1418464	1	1	0	0
1	1	UID1418466	1	1	0	0
1	1	UID1418469	1	1	0	0
1	1	UID1418472	1	1	0	0
1	1	UID1418493	1	1	0	0
1	1	UID1418497	1	1	0	0
1	1	UID1418508	1	1	0	0
1	1	UID1418512	1	1	0	0
1	1	UID1418538	1	1	0	0
1	1	UID1418540	1	1	0	0
1	1	UID1418559	1	1	0	0
1	1	UID1418569	1	1	0	0
1	1	UID1418572	1	1	0	0
1	1	UID1418573	1	1	0	0
2	2	UID1418582	1	2	1	1
1	1	UID1418584	1	1	0	0
1	1	UID1418599	1	1	0	0
1	1	UID1418607	1	1	0	0
1	1	UID1418629	1	1	0	0
1	1	UID1418630	1	1	0	0
1	1	UID1418631	1	1	0	0
1	1	UID1418632	1	1	0	0
1	1	UID1418642	1	1	0	0
1	1	UID1418646	1	1	0	0
1	1	UID1418651	1	1	0	0
1	1	UID1418683	1	1	0	0
1	1	UID1418688	1	1	0	0
1	1	UID1418730	1	1	0	0
1	1	UID1418759	1	1	0	0
1	1	UID1418764	1	1	0	0
1	1	UID1418765	1	1	0	0
1	1	UID1418767	1	1	0	0
1	1	UID1418768	1	1	0	0
1	1	UID1418771	1	1	0	0
1	1	UID1418774	1	1	0	0
1	1	UID1418775	1	1	0	0
1	1	UID1418780	1	1	0	0
1	1	UID1418782	1	1	0	0
1	1	UID1418789	1	1	0	0
1	1	UID1418797	1	1	0	0
1	1	UID1418800	1	1	0	0
1	1	UID1418846	1	1	0	0
1	1	UID1418862	1	1	0	0
1	1	UID1418866	1	1	0	0
1	1	UID1418880	1	1	0	0
1	1	UID1418886	1	1	0	0
1	1	UID1418903	1	1	0	0
1	1	UID1418904	1	1	0	0
1	1	UID1418905	1	1	0	0
1	1	UID1418908	1	1	0	0
1	1	UID1418929	1	1	0	0
1	1	UID1418930	1	1	0	0
1	1	UID1418932	1	1	0	0
1	1	UID1418947	1	1	0	0
1	1	UID1418952	1	1	0	0
1	1	UID1418954	1	1	0	0
1	1	UID1418975	1	1	0	0
1	1	UID1418987	1	1	0	0
1	1	UID1418999	1	1	0	0
1	1	UID1419028	1	1	0	0
1	1	UID1419030	1	1	0	0
1	1	UID1419031	1	1	0	0
1	1	UID1419033	1	1	0	0
1	1	UID1419040	1	1	0	0
1	1	UID1419047	1	1	0	0
1	1	UID1419050	1	1	0	0
1	1	UID1419051	1	1	0	0
1	1	UID1419055	1	1	0	0
1	1	UID1419057	1	1	0	0
1	1	UID1419059	1	1	0	0
1	1	UID1419069	1	1	0	0
1	1	UID1419072	1	1	0	0
1	1	UID1419074	1	1	0	0
1	1	UID1419075	1	1	0	0
1	1	UID1419076	1	1	0	0
1	1	UID1419082	1	1	0	0
1	1	UID1419083	1	1	0	0
1	1	UID1419110	1	1	0	0
1	1	UID1419154	1	1	0	0
1	1	UID1419165	1	1	0	0
1	1	UID1419166	1	1	0	0
1	1	UID1419170	1	1	0	0
1	1	UID1419175	1	1	0	0
1	1	UID1419176	1	1	0	0
1	1	UID1419177	1	1	0	0
1	1	UID1419178	1	1	0	0
1	1	UID1419180	1	1	0	0
1	1	UID1419181	1	1	0	0
1	1	UID1419182	1	1	0	0
1	1	UID1419184	1	1	0	0
1	1	UID1419238	1	1	0	0
1	1	UID1419256	1	1	0	0
1	1	UID1419261	1	1	0	0
1	1	UID1419264	1	1	0	0
1	1	UID1419275	1	1	0	0
1	1	UID1419276	1	1	0	0
1	1	UID1419281	1	1	0	0
1	1	UID1419282	1	1	0	0
1	1	UID1419284	1	1	0	0
1	1	UID1419285	1	1	0	0
1	1	UID1419306	1	1	0	0
1	1	UID1419313	1	1	0	0
1	1	UID1419324	1	1	0	0
1	1	UID1419335	1	1	0	0
1	1	UID1419346	1	1	0	0
1	1	UID1419370	1	1	0	0
1	1	UID1419371	1	1	0	0
1	1	UID1419376	1	1	0	0
1	1	UID1419380	1	1	0	0
1	1	UID1419388	1	1	0	0
1	1	UID1419391	1	1	0	0
1	1	UID1419396	1	1	0	0
1	1	UID1419406	1	1	0	0
1	1	UID1419409	1	1	0	0
1	1	UID1419410	1	1	0	0
1	1	UID1419417	1	1	0	0
1	1	UID1419435	1	1	0	0
1	1	UID1419439	1	1	0	0
1	1	UID1419464	1	1	0	0
1	1	UID1419465	1	1	0	0
1	1	UID1419466	1	1	0	0
1	1	UID1419485	1	1	0	0
1	1	UID1419488	1	1	0	0
1	1	UID1419495	1	1	0	0
1	1	UID1419519	1	1	0	0
1	1	UID1419523	1	1	0	0
1	1	UID1419530	1	1	0	0
1	1	UID1419538	1	1	0	0
1	1	UID1419540	1	1	0	0
1	1	UID1419542	1	1	0	0
1	1	UID1419552	1	1	0	0
1	1	UID1419558	1	1	0	0
1	1	UID1419567	1	1	0	0
1	1	UID1419570	1	1	0	0
1	1	UID1419574	1	1	0	0
1	1	UID1419576	1	1	0	0
1	1	UID1419612	1	1	0	0
1	1	UID1419614	1	1	0	0
1	1	UID1419616	1	1	0	0
1	1	UID1419635	1	1	0	0
1	1	UID1419641	1	1	0	0
1	1	UID1419647	1	1	0	0
1	1	UID1419649	1	1	0	0
1	1	UID1419651	1	1	0	0
1	1	UID1419652	1	1	0	0
1	1	UID1419659	1	1	0	0
1	1	UID1419664	1	1	0	0
1	1	UID1419666	1	1	0	0
1	1	UID1419667	1	1	0	0
1	1	UID1419669	1	1	0	0
1	1	UID1419677	1	1	0	0
1	1	UID1419695	1	1	0	0
1	1	UID1419699	1	1	0	0
1	1	UID1419707	1	1	0	0
1	1	UID1419709	1	1	0	0
1	1	UID1419711	1	1	0	0
1	1	UID1419713	1	1	0	0
1	1	UID1419729	1	1	0	0
1	1	UID1419738	1	1	0	0
1	1	UID1419740	1	1	0	0
1	1	UID1419746	1	1	0	0
1	1	UID1419750	1	1	0	0
1	1	UID1419756	1	1	0	0
1	1	UID1419762	1	1	0	0
1	1	UID1419771	1	1	0	0
1	1	UID1419774	1	1	0	0
1	1	UID1419777	1	1	0	0
1	1	UID1419784	1	1	0	0
1	1	UID1419786	1	1	0	0
1	1	UID1419790	1	1	0	0
1	1	UID1419795	1	1	0	0
1	1	UID1419798	1	1	0	0
1	1	UID1419799	1	1	0	0
1	1	UID1419801	1	1	0	0
1	1	UID1419804	1	1	0	0
1	1	UID1419818	1	1	0	0
1	1	UID1419838	1	1	0	0
1	1	UID1419839	1	1	0	0
1	1	UID1419843	1	1	0	0
1	1	UID1419844	1	1	0	0
1	1	UID1419845	1	1	0	0
1	1	UID1419847	1	1	0	0
1	1	UID1419849	1	1	0	0
1	1	UID1419857	1	1	0	0
1	1	UID1419860	1	1	0	0
1	1	UID1419870	1	1	0	0
1	1	UID1419872	1	1	0	0
1	1	UID1419887	1	1	0	0
1	1	UID1419891	1	1	0	0
1	1	UID1419892	1	1	0	0
1	1	UID1419893	1	1	0	0
1	1	UID1419916	1	1	0	0
1	1	UID1419926	1	1	0	0
1	1	UID1419929	1	1	0	0
1	1	UID1419939	1	1	0	0
1	1	UID1419945	1	1	0	0
1	1	UID1419947	1	1	0	0
1	1	UID1419958	1	1	0	0
1	1	UID1419974	1	1	0	0
1	1	UID1419989	1	1	0	0
1	1	UID1419996	1	1	0	0
1	1	UID1420009	1	1	0	0
1	1	UID1420012	1	1	0	0
1	1	UID1420014	1	1	0	0
1	1	UID1420025	1	1	0	0
1	1	UID1420026	1	1	0	0
1	1	UID1420036	1	1	0	0
1	1	UID1420054	1	1	0	0
1	1	UID1420055	1	1	0	0
1	1	UID1420071	1	1	0	0
1	1	UID1420084	1	1	0	0
1	1	UID1420088	1	1	0	0
1	1	UID1420090	1	1	0	0
1	1	UID1420091	1	1	0	0
1	1	UID1420092	1	1	0	0
1	1	UID1420095	1	1	0	0
1	1	UID1420101	1	1	0	0
1	1	UID1420102	1	1	0	0
1	1	UID1420103	1	1	0	0
1	1	UID1420104	1	1	0	0
1	1	UID1420111	1	1	0	0
1	1	UID1420130	1	1	0	0
1	1	UID1420131	1	1	0	0
1	1	UID1420132	1	1	0	0
1	1	UID1420137	1	1	0	0
1	1	UID1420140	1	1	0	0
1	1	UID1420150	1	1	0	0
1	1	UID1420152	1	1	0	0
1	1	UID1420153	1	1	0	0
1	1	UID1420169	1	1	0	0
1	1	UID1420180	1	1	0	0
1	1	UID1420182	1	1	0	0
1	1	UID1420186	1	1	0	0
1	1	UID1420204	1	1	0	0
1	1	UID1420206	1	1	0	0
1	1	UID1420210	1	1	0	0
1	1	UID1420211	1	1	0	0
1	1	UID1420212	1	1	0	0
1	1	UID1420213	1	1	0	0
1	1	UID1420215	1	1	0	0
1	1	UID1420218	1	1	0	0
1	1	UID1420226	1	1	0	0
1	1	UID1420229	1	1	0	0
1	1	UID1420291	1	1	0	0
1	1	UID1420295	1	1	0	0
1	1	UID1420302	1	1	0	0
1	1	UID1420304	1	1	0	0
1	1	UID1420318	1	1	0	0
1	1	UID1420319	1	1	0	0
1	1	UID1420330	1	1	0	0
1	1	UID1420338	1	1	0	0
1	1	UID1420358	1	1	0	0
1	1	UID1420368	1	1	0	0
1	1	UID1420370	1	1	0	0
1	1	UID1420379	1	1	0	0
1	1	UID1420383	1	1	0	0
1	1	UID1420392	1	1	0	0
1	1	UID1420399	1	1	0	0
1	1	UID1420407	1	1	0	0
1	1	UID1420439	1	1	0	0
1	1	UID1420449	1	1	0	0
1	1	UID1420455	1	1	0	0
1	1	UID1420459	1	1	0	0
1	1	UID1420464	1	1	0	0
1	1	UID1420497	1	1	0	0
1	1	UID1420499	1	1	0	0
1	1	UID1420502	1	1	0	0
1	1	UID1420508	1	1	0	0
1	1	UID1420526	1	1	0	0
1	1	UID1420527	1	1	0	0
1	1	UID1420536	1	1	0	0
1	1	UID1420550	1	1	0	0
1	1	UID1420553	1	1	0	0
1	1	UID1420581	1	1	0	0
1	1	UID1420602	1	1	0	0
1	1	UID1420607	1	1	0	0
1	1	UID1420613	1	1	0	0
1	1	UID1420624	1	1	0	0
1	1	UID1420627	1	1	0	0
1	1	UID1420631	1	1	0	0
1	1	UID1420644	1	1	0	0
1	1	UID1420660	1	1	0	0
1	1	UID1420666	1	1	0	0
1	1	UID1420671	1	1	0	0
1	1	UID1420677	1	1	0	0
1	1	UID1420735	1	1	0	0
1	1	UID1420752	1	1	0	0
1	1	UID1420788	1	1	0	0
1	1	UID1420791	1	1	0	0
1	1	UID1420845	1	1	0	0
1	1	UID1420973	1	1	0	0
1	1	UID1420983	1	1	0	0
1	1	UID1421002	1	1	0	0
1	1	UID1421005	1	1	0	0
1	1	UID1421031	1	1	0	0
1	1	UID1421060	1	1	0	0
1	1	UID1421089	1	1	0	0
1	1	UID1421117	1	1	0	0
1	1	UID1421143	1	1	0	0
1	1	UID1421180	1	1	0	0
1	1	UID1421183	1	1	0	0
1	1	UID1421193	1	1	0	0
1	1	UID1421214	1	1	0	0
1	1	UID1421220	1	1	0	0
1	1	UID1421233	1	1	0	0
1	1	UID1421234	1	1	0	0
1	1	UID1421242	1	1	0	0
1	1	UID1421243	1	1	0	0
1	1	UID1421259	1	1	0	0
1	1	UID1421275	1	1	0	0
1	1	UID1421284	1	1	0	0
1	1	UID1421285	1	1	0	0
1	1	UID1421297	1	1	0	0
1	1	UID1421319	1	1	0	0
1	1	UID1421320	1	1	0	0
1	1	UID1421321	1	1	0	0
1	1	UID1421323	1	1	0	0
1	1	UID1421335	1	1	0	0
1	1	UID1421352	1	1	0	0
1	1	UID1421364	1	1	0	0
1	1	UID1421368	1	1	0	0
1	1	UID1421382	1	1	0	0
1	1	UID1421388	1	1	0	0
1	1	UID1421390	1	1	0	0
1	1	UID1421393	1	1	0	0
1	1	UID1421399	1	1	0	0
1	1	UID1421408	1	1	0	0
1	1	UID1421409	1	1	0	0
1	1	UID1421432	1	1	0	0
1	1	UID1421461	1	1	0	0
1	1	UID1421465	1	1	0	0
1	1	UID1421519	1	1	0	0
1	1	UID1421583	1	1	0	0
1	1	UID1421596	1	1	0	0
1	1	UID1421616	1	1	0	0
1	1	UID1421633	1	1	0	0
1	1	UID1421658	1	1	0	0
1	1	UID1421667	1	1	0	0
1	1	UID1421693	1	1	0	0
1	1	UID1421747	1	1	0	0
1	1	UID1421859	1	1	0	0
1	1	UID1421872	1	1	0	0
1	1	UID1421902	1	1	0	0
2	2	UID1421913	1	2	1	1
1	1	UID1421941	1	1	0	0
1	1	UID1421943	1	1	0	0
1	1	UID1421977	1	1	0	0
1	1	UID1421995	1	1	0	0
1	1	UID1421997	1	1	0	0
1	1	UID1422041	1	1	0	0
1	1	UID1422054	1	1	0	0
1	1	UID1422057	1	1	0	0
1	1	UID1422067	1	1	0	0
1	1	UID1422073	1	1	0	0
1	1	UID1422093	1	1	0	0
1	1	UID1422115	1	1	0	0
1	1	UID1422121	1	1	0	0
1	1	UID1422122	1	1	0	0
1	1	UID1422141	1	1	0	0
1	1	UID1422159	1	1	0	0
1	1	UID1422176	1	1	0	0
1	1	UID1422194	1	1	0	0
1	1	UID1422210	1	1	0	0
1	1	UID1422238	1	1	0	0
1	1	UID1422251	1	1	0	0
1	1	UID1422253	1	1	0	0
1	1	UID1422258	1	1	0	0
1	1	UID1422297	1	1	0	0
1	1	UID1422340	1	1	0	0
1	1	UID1422369	1	1	0	0
1	1	UID1422383	1	1	0	0
1	1	UID1422385	1	1	0	0
1	1	UID1422392	1	1	0	0
1	1	UID1422407	1	1	0	0
1	1	UID1422439	1	1	0	0
1	1	UID1422444	1	1	0	0
1	1	UID1422488	1	1	0	0
1	1	UID1422490	1	1	0	0
1	1	UID1422507	1	1	0	0
1	1	UID1422518	1	1	0	0
1	1	UID1422520	1	1	0	0
1	1	UID1422529	1	1	0	0
1	1	UID1422553	1	1	0	0
1	1	UID1422576	1	1	0	0
1	1	UID1422590	1	1	0	0
1	1	UID1422594	1	1	0	0
1	1	UID1422604	1	1	0	0
1	1	UID1422607	1	1	0	0
1	1	UID1422618	1	1	0	0
1	1	UID1422620	1	1	0	0
1	1	UID1422626	1	1	0	0
1	1	UID1422628	1	1	0	0
1	1	UID1422634	1	1	0	0
1	1	UID1422635	1	1	0	0
1	1	UID1422659	1	1	0	0
1	1	UID1422678	1	1	0	0
1	1	UID1422680	1	1	0	0
1	1	UID1422693	1	1	0	0
1	1	UID1422708	1	1	0	0
1	1	UID1422715	1	1	0	0
1	1	UID1422718	1	1	0	0
1	1	UID1422724	1	1	0	0
1	1	UID1422740	1	1	0	0
1	1	UID1422744	1	1	0	0
1	1	UID1422764	1	1	0	0
1	1	UID1422781	1	1	0	0
1	1	UID1422791	1	1	0	0
1	1	UID1422792	1	1	0	0
1	1	UID1422817	1	1	0	0
1	1	UID1422827	1	1	0	0
1	1	UID1422839	1	1	0	0
1	1	UID1422846	1	1	0	0
1	1	UID1422862	1	1	0	0
1	1	UID1422863	1	1	0	0
1	1	UID1422869	1	1	0	0
1	1	UID1422872	1	1	0	0
1	1	UID1422873	1	1	0	0
1	1	UID1422891	1	1	0	0
1	1	UID1422899	1	1	0	0
1	1	UID1422902	1	1	0	0
1	1	UID1422909	1	1	0	0
1	1	UID1422937	1	1	0	0
1	1	UID1422944	1	1	0	0
1	1	UID1422951	1	1	0	0
1	1	UID1422954	1	1	0	0
1	1	UID1422958	1	1	0	0
1	1	UID1422999	1	1	0	0
1	1	UID1423002	1	1	0	0
1	1	UID1423005	1	1	0	0
1	1	UID1423008	1	1	0	0
1	1	UID1423009	1	1	0	0
1	1	UID1423010	1	1	0	0
1	1	UID1423012	1	1	0	0
1	1	UID1423060	1	1	0	0
1	1	UID1423066	1	1	0	0
1	1	UID1423068	1	1	0	0
1	1	UID1423071	1	1	0	0
1	1	UID1423093	1	1	0	0
1	1	UID1423105	1	1	0	0
1	1	UID1423107	1	1	0	0
1	1	UID1423133	1	1	0	0
1	1	UID1423141	1	1	0	0
1	1	UID1423170	1	1	0	0
1	1	UID1423174	1	1	0	0
1	1	UID1423175	1	1	0	0
1	1	UID1423176	1	1	0	0
1	1	UID1423180	1	1	0	0
1	1	UID1423193	1	1	0	0
1	1	UID1423195	1	1	0	0
1	1	UID1423199	1	1	0	0
1	1	UID1423226	1	1	0	0
1	1	UID1423228	1	1	0	0
1	1	UID1423241	1	1	0	0
1	1	UID1423247	1	1	0	0
1	1	UID1423262	1	1	0	0
1	1	UID1423268	1	1	0	0
1	1	UID1423280	1	1	0	0
1	1	UID1423283	1	1	0	0
1	1	UID1423285	1	1	0	0
1	1	UID1423292	1	1	0	0
1	1	UID1423297	1	1	0	0
1	1	UID1423311	1	1	0	0
1	1	UID1423325	1	1	0	0
1	1	UID1423341	1	1	0	0
1	1	UID1423342	1	1	0	0
1	1	UID1423346	1	1	0	0
1	1	UID1423373	1	1	0	0
1	1	UID1423396	1	1	0	0
1	1	UID1423401	1	1	0	0
1	1	UID1423421	1	1	0	0
1	1	UID1423425	1	1	0	0
1	1	UID1423428	1	1	0	0
1	1	UID1423439	1	1	0	0
1	1	UID1423440	1	1	0	0
1	1	UID1423450	1	1	0	0
1	1	UID1423470	1	1	0	0
1	1	UID1423474	1	1	0	0
1	1	UID1423479	1	1	0	0
1	1	UID1423487	1	1	0	0
1	1	UID1423499	1	1	0	0
1	1	UID1423507	1	1	0	0
1	1	UID1423514	1	1	0	0
1	1	UID1423518	1	1	0	0
1	1	UID1423538	1	1	0	0
1	1	UID1423539	1	1	0	0
1	1	UID1423542	1	1	0	0
1	1	UID1423555	1	1	0	0
1	1	UID1423572	1	1	0	0
1	1	UID1423578	1	1	0	0
1	1	UID1423598	1	1	0	0
1	1	UID1423602	1	1	0	0
1	1	UID1423605	1	1	0	0
1	1	UID1423628	1	1	0	0
1	1	UID1423630	1	1	0	0
1	1	UID1423644	1	1	0	0
2	2	UID1423652	1	2	1	1
2	2	UID1423657	1	2	1	1
1	1	UID1423685	1	1	0	0
1	1	UID1423692	1	1	0	0
1	1	UID1423717	1	1	0	0
1	1	UID1423725	1	1	0	0
1	1	UID1423726	1	1	0	0
1	1	UID1423740	1	1	0	0
1	1	UID1423747	1	1	0	0
1	1	UID1423757	1	1	0	0
1	1	UID1423769	1	1	0	0
1	1	UID1423779	1	1	0	0
1	1	UID1423811	1	1	0	0
1	1	UID1423814	1	1	0	0
1	1	UID1423817	1	1	0	0
1	1	UID1423819	1	1	0	0
1	1	UID1423824	1	1	0	0
1	1	UID1423826	1	1	0	0
1	1	UID1423828	1	1	0	0
1	1	UID1423837	1	1	0	0
1	1	UID1423863	1	1	0	0
1	1	UID1423873	1	1	0	0
1	1	UID1423881	1	1	0	0
1	1	UID1423883	1	1	0	0
1	1	UID1423884	1	1	0	0
1	1	UID1423887	1	1	0	0
1	1	UID1423888	1	1	0	0
1	1	UID1423923	1	1	0	0
1	1	UID1423933	1	1	0	0
1	1	UID1423936	1	1	0	0
1	1	UID1423937	1	1	0	0
1	1	UID1423965	1	1	0	0
1	1	UID1423967	1	1	0	0
1	1	UID1423993	1	1	0	0
1	1	UID1423995	1	1	0	0
1	1	UID1423996	1	1	0	0
1	1	UID1423997	1	1	0	0
1	1	UID1423999	1	1	0	0
1	1	UID1424000	1	1	0	0
1	1	UID1424009	1	1	0	0
1	1	UID1424015	1	1	0	0
1	1	UID1424032	1	1	0	0
1	1	UID1424036	1	1	0	0
1	1	UID1424037	1	1	0	0
1	1	UID1424039	1	1	0	0
1	1	UID1424044	1	1	0	0
1	1	UID1424053	1	1	0	0
1	1	UID1424054	1	1	0	0
1	1	UID1424055	1	1	0	0
1	1	UID1424057	1	1	0	0
1	1	UID1424058	1	1	0	0
1	1	UID1424062	1	1	0	0
1	1	UID1424065	1	1	0	0
1	1	UID1424066	1	1	0	0
1	1	UID1424068	1	1	0	0
1	1	UID1424069	1	1	0	0
1	1	UID1424071	1	1	0	0
1	1	UID1424073	1	1	0	0
1	1	UID1424074	1	1	0	0
1	1	UID1424087	1	1	0	0
1	1	UID1424103	1	1	0	0
1	1	UID1424104	1	1	0	0
1	1	UID1424116	1	1	0	0
1	1	UID1424128	1	1	0	0
1	1	UID1424132	1	1	0	0
1	1	UID1424142	1	1	0	0
1	1	UID1424143	1	1	0	0
1	1	UID1424149	1	1	0	0
1	1	UID1424150	1	1	0	0
1	1	UID1424156	1	1	0	0
1	1	UID1424158	1	1	0	0
1	1	UID1424159	1	1	0	0
1	1	UID1424162	1	1	0	0
1	1	UID1424166	1	1	0	0
1	1	UID1424168	1	1	0	0
1	1	UID1424169	1	1	0	0
1	1	UID1424170	1	1	0	0
1	1	UID1424187	1	1	0	0
1	1	UID1424215	1	1	0	0
1	1	UID1424218	1	1	0	0
1	1	UID1424219	1	1	0	0
1	1	UID1424220	1	1	0	0
1	1	UID1424223	1	1	0	0
1	1	UID1424225	1	1	0	0
1	1	UID1424226	1	1	0	0
1	1	UID1424228	1	1	0	0
1	1	UID1424231	1	1	0	0
1	1	UID1424235	1	1	0	0
1	1	UID1424257	1	1	0	0
1	1	UID1424265	1	1	0	0
1	1	UID1424268	1	1	0	0
1	1	UID1424269	1	1	0	0
1	1	UID1424272	1	1	0	0
1	1	UID1424274	1	1	0	0
1	1	UID1424275	1	1	0	0
1	1	UID1424279	1	1	0	0
1	1	UID1424298	1	1	0	0
1	1	UID1424300	1	1	0	0
1	1	UID1424301	1	1	0	0
1	1	UID1424326	1	1	0	0
1	1	UID1424331	1	1	0	0
1	1	UID1424335	1	1	0	0
1	1	UID1424337	1	1	0	0
1	1	UID1424339	1	1	0	0
1	1	UID1424342	1	1	0	0
1	1	UID1424350	1	1	0	0
1	1	UID1424363	1	1	0	0
1	1	UID1424368	1	1	0	0
1	1	UID1424382	1	1	0	0
1	1	UID1424390	1	1	0	0
1	1	UID1424391	1	1	0	0
1	1	UID1424396	1	1	0	0
1	1	UID1424398	1	1	0	0
1	1	UID1424403	1	1	0	0
1	1	UID1424406	1	1	0	0
1	1	UID1424408	1	1	0	0
1	1	UID1424410	1	1	0	0
1	1	UID1424411	1	1	0	0
1	1	UID1424412	1	1	0	0
1	1	UID1424422	1	1	0	0
1	1	UID1424423	1	1	0	0
1	1	UID1424436	1	1	0	0
1	1	UID1424437	1	1	0	0
1	1	UID1424438	1	1	0	0
1	1	UID1424439	1	1	0	0
1	1	UID1424440	1	1	0	0
1	1	UID1424470	1	1	0	0
1	1	UID1424472	1	1	0	0
1	1	UID1424473	1	1	0	0
1	1	UID1424482	1	1	0	0
2	2	UID1424492	1	2	1	1
1	1	UID1424499	1	1	0	0
1	1	UID1424513	1	1	0	0
1	1	UID1424517	1	1	0	0
1	1	UID1424522	1	1	0	0
1	1	UID1424530	1	1	0	0
1	1	UID1424534	1	1	0	0
1	1	UID1424536	1	1	0	0
1	1	UID1424542	1	1	0	0
1	1	UID1424544	1	1	0	0
1	1	UID1424547	1	1	0	0
1	1	UID1424555	1	1	0	0
1	1	UID1424561	1	1	0	0
1	1	UID1424562	1	1	0	0
1	1	UID1424565	1	1	0	0
1	1	UID1424568	1	1	0	0
1	1	UID1424572	1	1	0	0
1	1	UID1424578	1	1	0	0
1	1	UID1424609	1	1	0	0
1	1	UID1424611	1	1	0	0
1	1	UID1424615	1	1	0	0
1	1	UID1424635	1	1	0	0
1	1	UID1424642	1	1	0	0
1	1	UID1424643	1	1	0	0
1	1	UID1424654	1	1	0	0
1	1	UID1424658	1	1	0	0
1	1	UID1424660	1	1	0	0
1	1	UID1424663	1	1	0	0
2	2	UID1424673	1	2	1	1
1	1	UID1424678	1	1	0	0
1	1	UID1424703	1	1	0	0
1	1	UID1424716	1	1	0	0
1	1	UID1424726	1	1	0	0
1	1	UID1424745	1	1	0	0
1	1	UID1424759	1	1	0	0
1	1	UID1424760	1	1	0	0
1	1	UID1424766	1	1	0	0
1	1	UID1424779	1	1	0	0
1	1	UID1424784	1	1	0	0
1	1	UID1424786	1	1	0	0
1	1	UID1424789	1	1	0	0
1	1	UID1424795	1	1	0	0
1	1	UID1424799	1	1	0	0
1	1	UID1424800	1	1	0	0
1	1	UID1424813	1	1	0	0
1	1	UID1424825	1	1	0	0
1	1	UID1424833	1	1	0	0
1	1	UID1424848	1	1	0	0
1	1	UID1424849	1	1	0	0
1	1	UID1424854	1	1	0	0
1	1	UID1424855	1	1	0	0
1	1	UID1424861	1	1	0	0
1	1	UID1424863	1	1	0	0
1	1	UID1424864	1	1	0	0
1	1	UID1424901	1	1	0	0
1	1	UID1424918	1	1	0	0
1	1	UID1424926	1	1	0	0
1	1	UID1424928	1	1	0	0
1	1	UID1424936	1	1	0	0
1	1	UID1424963	1	1	0	0
1	1	UID1424968	1	1	0	0
1	1	UID1424970	1	1	0	0
1	1	UID1424980	1	1	0	0
1	1	UID1424981	1	1	0	0
1	1	UID1424982	1	1	0	0
1	1	UID1424987	1	1	0	0
1	1	UID1424988	1	1	0	0
1	1	UID1424989	1	1	0	0
1	1	UID1424992	1	1	0	0
1	1	UID1424995	1	1	0	0
1	1	UID1424997	1	1	0	0
1	1	UID1425002	1	1	0	0
1	1	UID1425028	1	1	0	0
1	1	UID1425043	1	1	0	0
1	1	UID1425044	1	1	0	0
1	1	UID1425049	1	1	0	0
1	1	UID1425054	1	1	0	0
1	1	UID1425070	1	1	0	0
1	1	UID1425079	1	1	0	0
1	1	UID1425088	1	1	0	0
1	1	UID1425092	1	1	0	0
1	1	UID1425103	1	1	0	0
1	1	UID1425106	1	1	0	0
1	1	UID1425110	1	1	0	0
1	1	UID1425145	1	1	0	0
1	1	UID1425146	1	1	0	0
1	1	UID1425149	1	1	0	0
1	1	UID1425161	1	1	0	0
1	1	UID1425162	1	1	0	0
1	1	UID1425168	1	1	0	0
1	1	UID1425179	1	1	0	0
1	1	UID1425192	1	1	0	0
1	1	UID1425203	1	1	0	0
1	1	UID1425205	1	1	0	0
1	1	UID1425206	1	1	0	0
1	1	UID1425208	1	1	0	0
1	1	UID1425210	1	1	0	0
1	1	UID1425211	1	1	0	0
1	1	UID1425216	1	1	0	0
1	1	UID1425217	1	1	0	0
1	1	UID1425221	1	1	0	0
1	1	UID1425222	1	1	0	0
1	1	UID1425223	1	1	0	0
1	1	UID1425225	1	1	0	0
1	1	UID1425228	1	1	0	0
1	1	UID1425231	1	1	0	0
1	1	UID1425259	1	1	0	0
1	1	UID1425261	1	1	0	0
1	1	UID1425273	1	1	0	0
1	1	UID1425280	1	1	0	0
1	1	UID1425281	1	1	0	0
1	1	UID1425300	1	1	0	0
1	1	UID1425312	1	1	0	0
1	1	UID1425329	1	1	0	0
1	1	UID1425335	1	1	0	0
1	1	UID1425340	1	1	0	0
1	1	UID1425343	1	1	0	0
1	1	UID1425344	1	1	0	0
1	1	UID1425359	1	1	0	0
1	1	UID1425377	1	1	0	0
1	1	UID1425380	1	1	0	0
1	1	UID1425384	1	1	0	0
1	1	UID1425388	1	1	0	0
1	1	UID1425397	1	1	0	0
1	1	UID1425398	1	1	0	0
1	1	UID1425401	1	1	0	0
1	1	UID1425402	1	1	0	0
1	1	UID1425405	1	1	0	0
1	1	UID1425407	1	1	0	0
1	1	UID1425408	1	1	0	0
1	1	UID1425432	1	1	0	0
1	1	UID1425438	1	1	0	0
1	1	UID1425439	1	1	0	0
1	1	UID1425444	1	1	0	0
1	1	UID1425471	1	1	0	0
1	1	UID1425472	1	1	0	0
1	1	UID1425476	1	1	0	0
1	1	UID1425486	1	1	0	0
1	1	UID1425498	1	1	0	0
1	1	UID1425501	1	1	0	0
1	1	UID1425526	1	1	0	0
1	1	UID1425539	1	1	0	0
1	1	UID1425553	1	1	0	0
1	1	UID1425569	1	1	0	0
1	1	UID1425572	1	1	0	0
1	1	UID1425577	1	1	0	0
1	1	UID1425591	1	1	0	0
1	1	UID1425595	1	1	0	0
1	1	UID1425596	1	1	0	0
1	1	UID1425598	1	1	0	0
1	1	UID1425623	1	1	0	0
1	1	UID1425626	1	1	0	0
1	1	UID1425627	1	1	0	0
1	1	UID1425645	1	1	0	0
1	1	UID1425649	1	1	0	0
1	1	UID1425651	1	1	0	0
1	1	UID1425654	1	1	0	0
1	1	UID1425660	1	1	0	0
1	1	UID1425667	1	1	0	0
1	1	UID1425669	1	1	0	0
1	1	UID1425671	1	1	0	0
1	1	UID1425737	1	1	0	0
1	1	UID1426118	1	1	0	0
1	1	UID1426170	1	1	0	0
1	1	UID1426208	1	1	0	0
1	1	UID1426276	1	1	0	0
1	1	UID1426290	1	1	0	0
1	1	UID1426314	1	1	0	0
1	1	UID1426319	1	1	0	0
1	1	UID1426328	1	1	0	0
1	1	UID1426364	1	1	0	0
1	1	UID1426378	1	1	0	0
1	1	UID1426381	1	1	0	0
1	1	UID1426397	1	1	0	0
1	1	UID1426398	1	1	0	0
1	1	UID1426411	1	1	0	0
1	1	UID1426416	1	1	0	0
1	1	UID1426422	1	1	0	0
1	1	UID1426425	1	1	0	0
1	1	UID1426446	1	1	0	0
1	1	UID1426450	1	1	0	0
1	1	UID1426452	1	1	0	0
1	1	UID1426454	1	1	0	0
1	1	UID1426459	1	1	0	0
1	1	UID1426484	1	1	0	0
1	1	UID1426498	1	1	0	0
1	1	UID1426499	1	1	0	0
1	1	UID1426500	1	1	0	0
1	1	UID1426502	1	1	0	0
1	1	UID1426510	1	1	0	0
1	1	UID1426520	1	1	0	0
1	1	UID1426525	1	1	0	0
1	1	UID1426527	1	1	0	0
1	1	UID1426539	1	1	0	0
1	1	UID1426541	1	1	0	0
1	1	UID1426554	1	1	0	0
1	1	UID1426555	1	1	0	0
2	2	UID1426559	1	2	1	1
1	1	UID1426561	1	1	0	0
1	1	UID1426570	1	1	0	0
1	1	UID1426572	1	1	0	0
1	1	UID1426575	1	1	0	0
1	1	UID1426577	1	1	0	0
1	1	UID1426578	1	1	0	0
1	1	UID1426581	1	1	0	0
1	1	UID1426585	1	1	0	0
1	1	UID1426614	1	1	0	0
1	1	UID1426619	1	1	0	0
1	1	UID1426620	1	1	0	0
1	1	UID1426621	1	1	0	0
1	1	UID1426632	1	1	0	0
1	1	UID1426634	1	1	0	0
1	1	UID1426645	1	1	0	0
1	1	UID1426660	1	1	0	0
1	1	UID1426661	1	1	0	0
1	1	UID1426662	1	1	0	0
1	1	UID1426664	1	1	0	0
1	1	UID1426667	1	1	0	0
1	1	UID1426670	1	1	0	0
1	1	UID1426671	1	1	0	0
1	1	UID1426695	1	1	0	0
1	1	UID1426702	1	1	0	0
1	1	UID1426706	1	1	0	0
1	1	UID179968	1	1	0	0
1	1	UID23251	1	1	0	0
1	1	UID244	1	1	0	0
1	1	UID307151	1	1	0	0
1	1	UID654076	1	1	0	0
1	1	UID70479	1	1	0	0
