5104	14030	UID80073	3890	4314	6	6
3531	8764	UID254	2177	2932	6	6
148	953	UID4	689	100	3	3
1092	2166	UID80143	580	907	4	4
948	1690	UID95596	356	818	5	5
18	64	UID25	45	16	2	2
7	47	UID32107	40	5	1	1
67	110	UID83529	39	61	3	3
13	44	UID16	32	12	1	1
75	111	UID27	27	70	3	3
31	54	UID308896	22	29	2	2
22	32	UID80074	10	20	2	2
25	38	UID80075	9	23	2	2
27	36	UID80168	9	25	3	3
1	8	UID1	8	0	0	0
2	7	UID79970	6	1	1	1
3	7	UID57	5	2	1	1
1	5	UID5	5	0	0	0
10	13	UID123235	4	9	1	1
1	4	UID14898	4	0	0	0
1	4	UID48645	4	0	0	0
1	4	UID8	4	0	0	0
1	3	UID6095	3	0	0	0
8	10	UID80100	3	7	1	1
6	7	UID10357	2	5	1	1
5	6	UID21	2	4	1	1
3	4	UID23255	2	2	1	1
3	4	UID25144	2	2	1	1
5	6	UID59342	2	4	1	1
1	2	UID6555	2	0	0	0
3	4	UID82727	2	2	1	1
2	2	UID1409	1	2	1	1
1	1	UID1677266	1	1	0	0
1	1	UID1677287	1	1	0	0
1	1	UID1677289	1	1	0	0
1	1	UID1677298	1	1	0	0
1	1	UID1677303	1	1	0	0
1	1	UID1677304	1	1	0	0
1	1	UID1677310	1	1	0	0
1	1	UID1677313	1	1	0	0
1	1	UID1677315	1	1	0	0
1	1	UID1677322	1	1	0	0
1	1	UID1677323	1	1	0	0
1	1	UID1677329	1	1	0	0
1	1	UID1677331	1	1	0	0
1	1	UID1677333	1	1	0	0
1	1	UID1677342	1	1	0	0
1	1	UID1677346	1	1	0	0
1	1	UID1677351	1	1	0	0
1	1	UID1677354	1	1	0	0
1	1	UID1677356	1	1	0	0
1	1	UID1677357	1	1	0	0
1	1	UID1677358	1	1	0	0
1	1	UID1677366	1	1	0	0
1	1	UID1677370	1	1	0	0
1	1	UID1677373	1	1	0	0
1	1	UID1677374	1	1	0	0
1	1	UID1677378	1	1	0	0
1	1	UID1677384	1	1	0	0
1	1	UID1677388	1	1	0	0
1	1	UID1677411	1	1	0	0
1	1	UID1677424	1	1	0	0
1	1	UID1677428	1	1	0	0
1	1	UID1677429	1	1	0	0
1	1	UID1677432	1	1	0	0
1	1	UID1677435	1	1	0	0
1	1	UID1677440	1	1	0	0
1	1	UID1677450	1	1	0	0
1	1	UID1677458	1	1	0	0
1	1	UID1677460	1	1	0	0
1	1	UID1677461	1	1	0	0
1	1	UID1677472	1	1	0	0
1	1	UID1677477	1	1	0	0
1	1	UID1677479	1	1	0	0
1	1	UID1677482	1	1	0	0
1	1	UID1677484	1	1	0	0
1	1	UID1677489	1	1	0	0
1	1	UID1677496	1	1	0	0
1	1	UID1677498	1	1	0	0
1	1	UID1677510	1	1	0	0
1	1	UID1677525	1	1	0	0
1	1	UID1677526	1	1	0	0
1	1	UID1677536	1	1	0	0
1	1	UID1677538	1	1	0	0
1	1	UID1677539	1	1	0	0
1	1	UID1677543	1	1	0	0
1	1	UID1677545	1	1	0	0
1	1	UID1677549	1	1	0	0
1	1	UID1677550	1	1	0	0
1	1	UID1677552	1	1	0	0
1	1	UID1677563	1	1	0	0
1	1	UID1677568	1	1	0	0
1	1	UID1677569	1	1	0	0
1	1	UID1677572	1	1	0	0
1	1	UID1677581	1	1	0	0
1	1	UID1677585	1	1	0	0
1	1	UID1677596	1	1	0	0
1	1	UID1677602	1	1	0	0
1	1	UID1677613	1	1	0	0
1	1	UID1677615	1	1	0	0
1	1	UID1677623	1	1	0	0
1	1	UID1677627	1	1	0	0
1	1	UID1677633	1	1	0	0
1	1	UID1677654	1	1	0	0
1	1	UID1677661	1	1	0	0
1	1	UID1677663	1	1	0	0
1	1	UID1677664	1	1	0	0
1	1	UID1677666	1	1	0	0
1	1	UID1677667	1	1	0	0
1	1	UID1677675	1	1	0	0
1	1	UID1677678	1	1	0	0
1	1	UID1677680	1	1	0	0
1	1	UID1677681	1	1	0	0
1	1	UID1677682	1	1	0	0
1	1	UID1677683	1	1	0	0
1	1	UID1677686	1	1	0	0
1	1	UID1677687	1	1	0	0
1	1	UID1677691	1	1	0	0
1	1	UID1677699	1	1	0	0
1	1	UID1677703	1	1	0	0
1	1	UID1677704	1	1	0	0
1	1	UID1677706	1	1	0	0
1	1	UID1677708	1	1	0	0
1	1	UID1677716	1	1	0	0
1	1	UID1677717	1	1	0	0
1	1	UID1677725	1	1	0	0
1	1	UID1677727	1	1	0	0
1	1	UID1677728	1	1	0	0
1	1	UID1677731	1	1	0	0
1	1	UID1677732	1	1	0	0
1	1	UID1677733	1	1	0	0
1	1	UID1677735	1	1	0	0
1	1	UID1677736	1	1	0	0
1	1	UID1677737	1	1	0	0
1	1	UID1677741	1	1	0	0
1	1	UID1677742	1	1	0	0
1	1	UID1677744	1	1	0	0
1	1	UID1677746	1	1	0	0
1	1	UID1677747	1	1	0	0
1	1	UID1677749	1	1	0	0
1	1	UID1677753	1	1	0	0
1	1	UID1677755	1	1	0	0
1	1	UID1677756	1	1	0	0
1	1	UID1677757	1	1	0	0
1	1	UID1677761	1	1	0	0
1	1	UID1677780	1	1	0	0
1	1	UID1677784	1	1	0	0
1	1	UID1677796	1	1	0	0
1	1	UID1677798	1	1	0	0
1	1	UID1677803	1	1	0	0
1	1	UID1677809	1	1	0	0
1	1	UID1677825	1	1	0	0
1	1	UID1677858	1	1	0	0
1	1	UID1677859	1	1	0	0
1	1	UID1677876	1	1	0	0
1	1	UID1677881	1	1	0	0
1	1	UID1677883	1	1	0	0
1	1	UID1677905	1	1	0	0
1	1	UID1677907	1	1	0	0
1	1	UID1677913	1	1	0	0
1	1	UID1677916	1	1	0	0
1	1	UID1677917	1	1	0	0
1	1	UID1677924	1	1	0	0
1	1	UID1677925	1	1	0	0
1	1	UID1677936	1	1	0	0
1	1	UID1677942	1	1	0	0
1	1	UID1677960	1	1	0	0
1	1	UID1677988	1	1	0	0
1	1	UID1677995	1	1	0	0
1	1	UID1678001	1	1	0	0
1	1	UID1678003	1	1	0	0
1	1	UID1678010	1	1	0	0
1	1	UID1678030	1	1	0	0
1	1	UID1678033	1	1	0	0
1	1	UID1678043	1	1	0	0
1	1	UID1678051	1	1	0	0
1	1	UID1678068	1	1	0	0
1	1	UID1678069	1	1	0	0
1	1	UID1678077	1	1	0	0
1	1	UID1678083	1	1	0	0
1	1	UID1678095	1	1	0	0
1	1	UID1678096	1	1	0	0
1	1	UID1678112	1	1	0	0
1	1	UID1678118	1	1	0	0
1	1	UID1678121	1	1	0	0
1	1	UID1678137	1	1	0	0
1	1	UID1678139	1	1	0	0
1	1	UID1678154	1	1	0	0
1	1	UID1678156	1	1	0	0
1	1	UID1678161	1	1	0	0
1	1	UID1678184	1	1	0	0
1	1	UID1678198	1	1	0	0
1	1	UID1678199	1	1	0	0
1	1	UID1678209	1	1	0	0
1	1	UID1678211	1	1	0	0
1	1	UID1678222	1	1	0	0
1	1	UID1678223	1	1	0	0
1	1	UID1678226	1	1	0	0
1	1	UID1678251	1	1	0	0
1	1	UID1678253	1	1	0	0
1	1	UID1678255	1	1	0	0
1	1	UID1678272	1	1	0	0
1	1	UID1678278	1	1	0	0
1	1	UID1678283	1	1	0	0
1	1	UID1678288	1	1	0	0
1	1	UID1678297	1	1	0	0
1	1	UID1678314	1	1	0	0
1	1	UID1678318	1	1	0	0
1	1	UID1678321	1	1	0	0
1	1	UID1678393	1	1	0	0
1	1	UID1678399	1	1	0	0
1	1	UID1678444	1	1	0	0
1	1	UID1678446	1	1	0	0
1	1	UID1678463	1	1	0	0
1	1	UID1678465	1	1	0	0
1	1	UID1678466	1	1	0	0
1	1	UID1678478	1	1	0	0
1	1	UID1678500	1	1	0	0
1	1	UID1678511	1	1	0	0
1	1	UID1678520	1	1	0	0
1	1	UID1678541	1	1	0	0
1	1	UID1678551	1	1	0	0
1	1	UID1678581	1	1	0	0
1	1	UID1678583	1	1	0	0
1	1	UID1678596	1	1	0	0
1	1	UID1678613	1	1	0	0
1	1	UID1678615	1	1	0	0
1	1	UID1678616	1	1	0	0
1	1	UID1678629	1	1	0	0
1	1	UID1678660	1	1	0	0
1	1	UID1678662	1	1	0	0
1	1	UID1678668	1	1	0	0
1	1	UID1678677	1	1	0	0
1	1	UID1678689	1	1	0	0
1	1	UID1678693	1	1	0	0
1	1	UID1678697	1	1	0	0
1	1	UID1678702	1	1	0	0
1	1	UID1678711	1	1	0	0
1	1	UID1678734	1	1	0	0
1	1	UID1678741	1	1	0	0
1	1	UID1678746	1	1	0	0
1	1	UID1678762	1	1	0	0
1	1	UID1678779	1	1	0	0
1	1	UID1678780	1	1	0	0
1	1	UID1678783	1	1	0	0
1	1	UID1678788	1	1	0	0
1	1	UID1678801	1	1	0	0
1	1	UID1678834	1	1	0	0
1	1	UID1678835	1	1	0	0
1	1	UID1678841	1	1	0	0
1	1	UID1678855	1	1	0	0
1	1	UID1678858	1	1	0	0
1	1	UID1678863	1	1	0	0
1	1	UID1678869	1	1	0	0
1	1	UID1678871	1	1	0	0
1	1	UID1678884	1	1	0	0
1	1	UID1678885	1	1	0	0
1	1	UID1678888	1	1	0	0
1	1	UID1678891	1	1	0	0
1	1	UID1678903	1	1	0	0
1	1	UID1678918	1	1	0	0
1	1	UID1678968	1	1	0	0
1	1	UID1678998	1	1	0	0
1	1	UID1679022	1	1	0	0
1	1	UID1679040	1	1	0	0
1	1	UID1679046	1	1	0	0
1	1	UID1679066	1	1	0	0
1	1	UID1679071	1	1	0	0
1	1	UID1679093	1	1	0	0
1	1	UID1679098	1	1	0	0
1	1	UID1679109	1	1	0	0
1	1	UID1679110	1	1	0	0
1	1	UID1679115	1	1	0	0
1	1	UID1679129	1	1	0	0
1	1	UID1679136	1	1	0	0
1	1	UID1679137	1	1	0	0
1	1	UID1679149	1	1	0	0
1	1	UID1679153	1	1	0	0
1	1	UID1679185	1	1	0	0
1	1	UID1679187	1	1	0	0
1	1	UID1679191	1	1	0	0
1	1	UID1679220	1	1	0	0
1	1	UID1679262	1	1	0	0
1	1	UID1679324	1	1	0	0
1	1	UID1679325	1	1	0	0
1	1	UID1679361	1	1	0	0
1	1	UID1679369	1	1	0	0
1	1	UID1679372	1	1	0	0
1	1	UID1679375	1	1	0	0
1	1	UID1679376	1	1	0	0
1	1	UID1679377	1	1	0	0
1	1	UID1679379	1	1	0	0
1	1	UID1679380	1	1	0	0
1	1	UID1679429	1	1	0	0
1	1	UID1679461	1	1	0	0
1	1	UID1679467	1	1	0	0
1	1	UID1679476	1	1	0	0
1	1	UID1679477	1	1	0	0
1	1	UID1679480	1	1	0	0
1	1	UID1679489	1	1	0	0
1	1	UID1679492	1	1	0	0
1	1	UID1679503	1	1	0	0
1	1	UID1679516	1	1	0	0
1	1	UID1679530	1	1	0	0
1	1	UID1679533	1	1	0	0
1	1	UID1679534	1	1	0	0
1	1	UID1679562	1	1	0	0
1	1	UID1679570	1	1	0	0
1	1	UID1679572	1	1	0	0
1	1	UID1679584	1	1	0	0
1	1	UID1679590	1	1	0	0
1	1	UID1679591	1	1	0	0
1	1	UID1679613	1	1	0	0
1	1	UID1679615	1	1	0	0
1	1	UID1679616	1	1	0	0
1	1	UID1679621	1	1	0	0
1	1	UID1679622	1	1	0	0
1	1	UID1679639	1	1	0	0
1	1	UID1679640	1	1	0	0
1	1	UID1679642	1	1	0	0
1	1	UID1679643	1	1	0	0
1	1	UID1679653	1	1	0	0
1	1	UID1679661	1	1	0	0
1	1	UID1679672	1	1	0	0
1	1	UID1679685	1	1	0	0
1	1	UID1679692	1	1	0	0
1	1	UID1679739	1	1	0	0
1	1	UID1679746	1	1	0	0
1	1	UID1679757	1	1	0	0
1	1	UID1679762	1	1	0	0
1	1	UID1679764	1	1	0	0
1	1	UID1679788	1	1	0	0
1	1	UID1679804	1	1	0	0
1	1	UID1679805	1	1	0	0
1	1	UID1679807	1	1	0	0
1	1	UID1679818	1	1	0	0
1	1	UID1679825	1	1	0	0
1	1	UID1679832	1	1	0	0
1	1	UID1679842	1	1	0	0
1	1	UID1679856	1	1	0	0
1	1	UID1679859	1	1	0	0
1	1	UID1679869	1	1	0	0
1	1	UID1679877	1	1	0	0
1	1	UID1679881	1	1	0	0
1	1	UID1679882	1	1	0	0
1	1	UID1679886	1	1	0	0
1	1	UID1679891	1	1	0	0
1	1	UID1679913	1	1	0	0
1	1	UID1679924	1	1	0	0
1	1	UID1679935	1	1	0	0
1	1	UID1679937	1	1	0	0
1	1	UID1679939	1	1	0	0
1	1	UID1679958	1	1	0	0
1	1	UID1679968	1	1	0	0
1	1	UID1679976	1	1	0	0
1	1	UID1679978	1	1	0	0
1	1	UID1679982	1	1	0	0
1	1	UID1679984	1	1	0	0
1	1	UID1679993	1	1	0	0
1	1	UID1679995	1	1	0	0
1	1	UID1679996	1	1	0	0
1	1	UID1679997	1	1	0	0
1	1	UID1680005	1	1	0	0
1	1	UID1680037	1	1	0	0
1	1	UID1680043	1	1	0	0
1	1	UID1680046	1	1	0	0
1	1	UID1680065	1	1	0	0
1	1	UID1680073	1	1	0	0
1	1	UID1680074	1	1	0	0
1	1	UID1680088	1	1	0	0
1	1	UID1680102	1	1	0	0
1	1	UID1680107	1	1	0	0
1	1	UID1680120	1	1	0	0
1	1	UID1680125	1	1	0	0
1	1	UID1680134	1	1	0	0
1	1	UID1680136	1	1	0	0
1	1	UID1680138	1	1	0	0
1	1	UID1680142	1	1	0	0
1	1	UID1680151	1	1	0	0
1	1	UID1680168	1	1	0	0
1	1	UID1680174	1	1	0	0
1	1	UID1680176	1	1	0	0
1	1	UID1680185	1	1	0	0
1	1	UID1680187	1	1	0	0
1	1	UID1680205	1	1	0	0
1	1	UID1680210	1	1	0	0
1	1	UID1680217	1	1	0	0
1	1	UID1680261	1	1	0	0
1	1	UID1680281	1	1	0	0
1	1	UID1680282	1	1	0	0
1	1	UID1680356	1	1	0	0
1	1	UID1680400	1	1	0	0
1	1	UID1680406	1	1	0	0
1	1	UID1680407	1	1	0	0
1	1	UID1680420	1	1	0	0
1	1	UID1680436	1	1	0	0
1	1	UID1680523	1	1	0	0
1	1	UID1680554	1	1	0	0
1	1	UID1680578	1	1	0	0
1	1	UID1680579	1	1	0	0
1	1	UID1680584	1	1	0	0
1	1	UID1680600	1	1	0	0
1	1	UID1680613	1	1	0	0
1	1	UID1680616	1	1	0	0
1	1	UID1680629	1	1	0	0
1	1	UID1680633	1	1	0	0
1	1	UID1680637	1	1	0	0
1	1	UID1680653	1	1	0	0
1	1	UID1680679	1	1	0	0
1	1	UID1680680	1	1	0	0
1	1	UID1680682	1	1	0	0
1	1	UID1680684	1	1	0	0
1	1	UID1680687	1	1	0	0
1	1	UID1680688	1	1	0	0
1	1	UID1680690	1	1	0	0
1	1	UID1680691	1	1	0	0
1	1	UID1680696	1	1	0	0
1	1	UID1680697	1	1	0	0
1	1	UID1680712	1	1	0	0
1	1	UID1680731	1	1	0	0
1	1	UID1680741	1	1	0	0
1	1	UID1680742	1	1	0	0
1	1	UID1680748	1	1	0	0
1	1	UID1680754	1	1	0	0
1	1	UID1680759	1	1	0	0
1	1	UID1680770	1	1	0	0
1	1	UID1680779	1	1	0	0
1	1	UID1680781	1	1	0	0
1	1	UID1680787	1	1	0	0
1	1	UID1680790	1	1	0	0
1	1	UID1680807	1	1	0	0
1	1	UID1680824	1	1	0	0
1	1	UID1680825	1	1	0	0
1	1	UID1680829	1	1	0	0
1	1	UID1680830	1	1	0	0
1	1	UID1680831	1	1	0	0
1	1	UID1680832	1	1	0	0
1	1	UID1680834	1	1	0	0
1	1	UID1680839	1	1	0	0
1	1	UID1680840	1	1	0	0
1	1	UID1680856	1	1	0	0
1	1	UID1680861	1	1	0	0
1	1	UID1680870	1	1	0	0
1	1	UID1680873	1	1	0	0
1	1	UID1680884	1	1	0	0
1	1	UID1680925	1	1	0	0
1	1	UID1680956	1	1	0	0
1	1	UID1680964	1	1	0	0
1	1	UID1680971	1	1	0	0
1	1	UID1680975	1	1	0	0
1	1	UID1680987	1	1	0	0
1	1	UID1680989	1	1	0	0
1	1	UID1680998	1	1	0	0
1	1	UID1681008	1	1	0	0
1	1	UID1681012	1	1	0	0
1	1	UID1681017	1	1	0	0
1	1	UID1681023	1	1	0	0
1	1	UID1681036	1	1	0	0
1	1	UID1681042	1	1	0	0
1	1	UID1681069	1	1	0	0
1	1	UID1681076	1	1	0	0
1	1	UID1681084	1	1	0	0
1	1	UID1681085	1	1	0	0
1	1	UID1681087	1	1	0	0
1	1	UID1681105	1	1	0	0
1	1	UID1681106	1	1	0	0
1	1	UID1681128	1	1	0	0
1	1	UID1681129	1	1	0	0
1	1	UID1681131	1	1	0	0
1	1	UID1681143	1	1	0	0
1	1	UID1681144	1	1	0	0
1	1	UID1681146	1	1	0	0
1	1	UID1681149	1	1	0	0
1	1	UID1681164	1	1	0	0
1	1	UID1681168	1	1	0	0
1	1	UID1681169	1	1	0	0
1	1	UID1681172	1	1	0	0
1	1	UID1681179	1	1	0	0
1	1	UID1681197	1	1	0	0
1	1	UID1681202	1	1	0	0
1	1	UID1681204	1	1	0	0
1	1	UID1681209	1	1	0	0
1	1	UID1681211	1	1	0	0
1	1	UID1681223	1	1	0	0
1	1	UID1681226	1	1	0	0
1	1	UID1681240	1	1	0	0
1	1	UID1681248	1	1	0	0
1	1	UID1681250	1	1	0	0
1	1	UID1681251	1	1	0	0
1	1	UID1681252	1	1	0	0
1	1	UID1681259	1	1	0	0
1	1	UID1681262	1	1	0	0
1	1	UID1681268	1	1	0	0
1	1	UID1681271	1	1	0	0
1	1	UID1681272	1	1	0	0
1	1	UID1681276	1	1	0	0
1	1	UID1681280	1	1	0	0
1	1	UID1681290	1	1	0	0
1	1	UID1681291	1	1	0	0
1	1	UID1681300	1	1	0	0
1	1	UID1681304	1	1	0	0
1	1	UID1681308	1	1	0	0
1	1	UID1681309	1	1	0	0
1	1	UID1681311	1	1	0	0
1	1	UID1681312	1	1	0	0
1	1	UID1681326	1	1	0	0
1	1	UID1681330	1	1	0	0
1	1	UID1681333	1	1	0	0
1	1	UID1681342	1	1	0	0
1	1	UID1681344	1	1	0	0
1	1	UID1681350	1	1	0	0
1	1	UID1681355	1	1	0	0
1	1	UID1681356	1	1	0	0
1	1	UID1681392	1	1	0	0
1	1	UID1681396	1	1	0	0
1	1	UID1681398	1	1	0	0
1	1	UID1681403	1	1	0	0
1	1	UID1681410	1	1	0	0
1	1	UID1681420	1	1	0	0
1	1	UID1681423	1	1	0	0
1	1	UID1681432	1	1	0	0
1	1	UID1681444	1	1	0	0
1	1	UID1681445	1	1	0	0
1	1	UID1681449	1	1	0	0
1	1	UID1681455	1	1	0	0
1	1	UID1681463	1	1	0	0
1	1	UID1681473	1	1	0	0
1	1	UID1681475	1	1	0	0
1	1	UID1681479	1	1	0	0
1	1	UID1681494	1	1	0	0
1	1	UID1681507	1	1	0	0
1	1	UID1681518	1	1	0	0
1	1	UID1681527	1	1	0	0
1	1	UID1681533	1	1	0	0
1	1	UID1681542	1	1	0	0
1	1	UID1681551	1	1	0	0
1	1	UID1681567	1	1	0	0
1	1	UID1681581	1	1	0	0
1	1	UID1681590	1	1	0	0
1	1	UID1681611	1	1	0	0
1	1	UID1681633	1	1	0	0
1	1	UID1681635	1	1	0	0
1	1	UID1681643	1	1	0	0
1	1	UID1681644	1	1	0	0
1	1	UID1681649	1	1	0	0
1	1	UID1681653	1	1	0	0
1	1	UID1681658	1	1	0	0
1	1	UID1681666	1	1	0	0
1	1	UID1681668	1	1	0	0
1	1	UID1681670	1	1	0	0
1	1	UID1681684	1	1	0	0
1	1	UID1681688	1	1	0	0
1	1	UID1681693	1	1	0	0
1	1	UID1681705	1	1	0	0
1	1	UID1681713	1	1	0	0
1	1	UID1681716	1	1	0	0
1	1	UID1681740	1	1	0	0
1	1	UID1681746	1	1	0	0
1	1	UID1681752	1	1	0	0
1	1	UID1681759	1	1	0	0
1	1	UID1681763	1	1	0	0
1	1	UID1681783	1	1	0	0
1	1	UID1681785	1	1	0	0
1	1	UID1681822	1	1	0	0
1	1	UID1681826	1	1	0	0
1	1	UID1681832	1	1	0	0
1	1	UID1681833	1	1	0	0
1	1	UID1681834	1	1	0	0
1	1	UID1681841	1	1	0	0
1	1	UID1681848	1	1	0	0
1	1	UID1681853	1	1	0	0
1	1	UID1681857	1	1	0	0
1	1	UID1681858	1	1	0	0
1	1	UID1681886	1	1	0	0
1	1	UID1681887	1	1	0	0
1	1	UID1681891	1	1	0	0
1	1	UID1681894	1	1	0	0
1	1	UID1681907	1	1	0	0
1	1	UID1681922	1	1	0	0
1	1	UID1681924	1	1	0	0
1	1	UID1681929	1	1	0	0
1	1	UID1681930	1	1	0	0
1	1	UID1681933	1	1	0	0
1	1	UID1681935	1	1	0	0
1	1	UID1681937	1	1	0	0
1	1	UID1681939	1	1	0	0
1	1	UID1681940	1	1	0	0
1	1	UID1681947	1	1	0	0
1	1	UID1681957	1	1	0	0
1	1	UID1681958	1	1	0	0
1	1	UID1681961	1	1	0	0
1	1	UID1681962	1	1	0	0
1	1	UID1681963	1	1	0	0
1	1	UID1681965	1	1	0	0
1	1	UID1681966	1	1	0	0
1	1	UID1681973	1	1	0	0
1	1	UID1681977	1	1	0	0
1	1	UID1681984	1	1	0	0
1	1	UID1681992	1	1	0	0
1	1	UID1681998	1	1	0	0
1	1	UID1682000	1	1	0	0
1	1	UID1682003	1	1	0	0
1	1	UID1682005	1	1	0	0
1	1	UID1682008	1	1	0	0
1	1	UID1682017	1	1	0	0
1	1	UID1682019	1	1	0	0
1	1	UID1682021	1	1	0	0
1	1	UID1682028	1	1	0	0
1	1	UID1682032	1	1	0	0
1	1	UID1682033	1	1	0	0
1	1	UID1682050	1	1	0	0
1	1	UID1682056	1	1	0	0
1	1	UID1682058	1	1	0	0
1	1	UID1682060	1	1	0	0
1	1	UID1682061	1	1	0	0
1	1	UID1682062	1	1	0	0
1	1	UID1682068	1	1	0	0
1	1	UID1682080	1	1	0	0
1	1	UID1682081	1	1	0	0
1	1	UID1682084	1	1	0	0
1	1	UID1682086	1	1	0	0
1	1	UID1682095	1	1	0	0
1	1	UID1682100	1	1	0	0
1	1	UID1682102	1	1	0	0
1	1	UID1682110	1	1	0	0
1	1	UID1682113	1	1	0	0
1	1	UID1682114	1	1	0	0
1	1	UID1682133	1	1	0	0
1	1	UID1682134	1	1	0	0
1	1	UID1682138	1	1	0	0
1	1	UID1682143	1	1	0	0
1	1	UID1682145	1	1	0	0
1	1	UID1682146	1	1	0	0
1	1	UID1682151	1	1	0	0
1	1	UID1682153	1	1	0	0
1	1	UID1682156	1	1	0	0
1	1	UID1682162	1	1	0	0
1	1	UID1682163	1	1	0	0
1	1	UID1682174	1	1	0	0
5	5	UID1682176	1	5	2	2
1	1	UID1682181	1	1	0	0
1	1	UID1682183	1	1	0	0
1	1	UID1682192	1	1	0	0
1	1	UID1682193	1	1	0	0
1	1	UID1682196	1	1	0	0
1	1	UID1682202	1	1	0	0
1	1	UID1682206	1	1	0	0
1	1	UID1682210	1	1	0	0
1	1	UID1682222	1	1	0	0
1	1	UID1682227	1	1	0	0
1	1	UID1682257	1	1	0	0
1	1	UID1682275	1	1	0	0
1	1	UID1682282	1	1	0	0
1	1	UID1682286	1	1	0	0
1	1	UID1682287	1	1	0	0
1	1	UID1682297	1	1	0	0
1	1	UID1682307	1	1	0	0
1	1	UID1682326	1	1	0	0
1	1	UID1682342	1	1	0	0
1	1	UID1682347	1	1	0	0
1	1	UID1682375	1	1	0	0
1	1	UID1682379	1	1	0	0
1	1	UID1682387	1	1	0	0
1	1	UID1682452	1	1	0	0
1	1	UID1682462	1	1	0	0
1	1	UID1682466	1	1	0	0
1	1	UID1682481	1	1	0	0
1	1	UID1682482	1	1	0	0
1	1	UID1682494	1	1	0	0
1	1	UID1682506	1	1	0	0
1	1	UID1682512	1	1	0	0
1	1	UID1682540	1	1	0	0
1	1	UID1682547	1	1	0	0
1	1	UID1682548	1	1	0	0
1	1	UID1682554	1	1	0	0
1	1	UID1682555	1	1	0	0
1	1	UID1682556	1	1	0	0
1	1	UID1682560	1	1	0	0
1	1	UID1682592	1	1	0	0
1	1	UID1682596	1	1	0	0
1	1	UID1682610	1	1	0	0
1	1	UID1682618	1	1	0	0
1	1	UID1682619	1	1	0	0
1	1	UID1682620	1	1	0	0
1	1	UID1682625	1	1	0	0
1	1	UID1682626	1	1	0	0
1	1	UID1682628	1	1	0	0
1	1	UID1682629	1	1	0	0
1	1	UID1682631	1	1	0	0
1	1	UID1682632	1	1	0	0
1	1	UID1682636	1	1	0	0
1	1	UID1682637	1	1	0	0
1	1	UID1682642	1	1	0	0
1	1	UID1682664	1	1	0	0
1	1	UID1682665	1	1	0	0
1	1	UID1682670	1	1	0	0
1	1	UID1682674	1	1	0	0
1	1	UID1682676	1	1	0	0
1	1	UID1682682	1	1	0	0
1	1	UID1682696	1	1	0	0
1	1	UID1682697	1	1	0	0
1	1	UID1682698	1	1	0	0
1	1	UID1682699	1	1	0	0
1	1	UID1682706	1	1	0	0
1	1	UID1682712	1	1	0	0
1	1	UID1682713	1	1	0	0
1	1	UID1682714	1	1	0	0
1	1	UID1682733	1	1	0	0
1	1	UID1682758	1	1	0	0
1	1	UID1682770	1	1	0	0
1	1	UID1682788	1	1	0	0
1	1	UID1682804	1	1	0	0
1	1	UID1682805	1	1	0	0
1	1	UID1682813	1	1	0	0
1	1	UID1682814	1	1	0	0
1	1	UID1682818	1	1	0	0
1	1	UID1682825	1	1	0	0
1	1	UID1682836	1	1	0	0
1	1	UID1682841	1	1	0	0
1	1	UID1682846	1	1	0	0
1	1	UID1682850	1	1	0	0
1	1	UID1682865	1	1	0	0
1	1	UID1682899	1	1	0	0
1	1	UID1682903	1	1	0	0
1	1	UID1682911	1	1	0	0
1	1	UID1682912	1	1	0	0
1	1	UID1682913	1	1	0	0
1	1	UID1682917	1	1	0	0
1	1	UID1682919	1	1	0	0
1	1	UID1682920	1	1	0	0
1	1	UID1682922	1	1	0	0
1	1	UID1682943	1	1	0	0
1	1	UID1682966	1	1	0	0
1	1	UID1682971	1	1	0	0
1	1	UID1682978	1	1	0	0
1	1	UID1682987	1	1	0	0
1	1	UID1682989	1	1	0	0
1	1	UID1682991	1	1	0	0
1	1	UID1682993	1	1	0	0
1	1	UID1682994	1	1	0	0
1	1	UID1682995	1	1	0	0
1	1	UID1683009	1	1	0	0
1	1	UID1683038	1	1	0	0
1	1	UID1683046	1	1	0	0
1	1	UID1683058	1	1	0	0
1	1	UID1683059	1	1	0	0
1	1	UID1683131	1	1	0	0
1	1	UID1683138	1	1	0	0
1	1	UID1683145	1	1	0	0
1	1	UID1683151	1	1	0	0
1	1	UID1683154	1	1	0	0
1	1	UID1683194	1	1	0	0
1	1	UID1683211	1	1	0	0
1	1	UID1683242	1	1	0	0
1	1	UID1683243	1	1	0	0
1	1	UID1683252	1	1	0	0
1	1	UID1683253	1	1	0	0
1	1	UID1683269	1	1	0	0
1	1	UID1683271	1	1	0	0
1	1	UID1683272	1	1	0	0
1	1	UID1683277	1	1	0	0
1	1	UID1683291	1	1	0	0
1	1	UID1683311	1	1	0	0
1	1	UID1683313	1	1	0	0
1	1	UID1683325	1	1	0	0
1	1	UID1683333	1	1	0	0
1	1	UID1683335	1	1	0	0
1	1	UID1683337	1	1	0	0
1	1	UID1683342	1	1	0	0
1	1	UID1683343	1	1	0	0
1	1	UID1683349	1	1	0	0
1	1	UID1683357	1	1	0	0
1	1	UID1683364	1	1	0	0
1	1	UID1683380	1	1	0	0
1	1	UID1683385	1	1	0	0
1	1	UID1683400	1	1	0	0
1	1	UID1683408	1	1	0	0
1	1	UID1683411	1	1	0	0
1	1	UID1683429	1	1	0	0
1	1	UID1683457	1	1	0	0
1	1	UID1683475	1	1	0	0
1	1	UID1683479	1	1	0	0
1	1	UID1683481	1	1	0	0
1	1	UID1683485	1	1	0	0
1	1	UID1683506	1	1	0	0
1	1	UID1683512	1	1	0	0
1	1	UID1683520	1	1	0	0
1	1	UID1683522	1	1	0	0
1	1	UID1683529	1	1	0	0
1	1	UID1683531	1	1	0	0
1	1	UID1683539	1	1	0	0
1	1	UID1683546	1	1	0	0
1	1	UID1683547	1	1	0	0
1	1	UID1683561	1	1	0	0
1	1	UID1683572	1	1	0	0
1	1	UID1683578	1	1	0	0
1	1	UID1683595	1	1	0	0
1	1	UID1683600	1	1	0	0
1	1	UID1683608	1	1	0	0
1	1	UID1683612	1	1	0	0
1	1	UID1683618	1	1	0	0
1	1	UID1683619	1	1	0	0
1	1	UID1683627	1	1	0	0
1	1	UID1683633	1	1	0	0
1	1	UID1683649	1	1	0	0
1	1	UID1683659	1	1	0	0
1	1	UID1683668	1	1	0	0
1	1	UID1683670	1	1	0	0
1	1	UID1683676	1	1	0	0
1	1	UID1683678	1	1	0	0
1	1	UID1683691	1	1	0	0
1	1	UID1683693	1	1	0	0
1	1	UID1683702	1	1	0	0
1	1	UID1683715	1	1	0	0
1	1	UID1683716	1	1	0	0
1	1	UID1683717	1	1	0	0
1	1	UID1683719	1	1	0	0
1	1	UID1683720	1	1	0	0
1	1	UID1683725	1	1	0	0
1	1	UID1683726	1	1	0	0
1	1	UID1683727	1	1	0	0
1	1	UID1683731	1	1	0	0
1	1	UID1683732	1	1	0	0
1	1	UID1683733	1	1	0	0
1	1	UID1683737	1	1	0	0
1	1	UID1683745	1	1	0	0
1	1	UID1683748	1	1	0	0
1	1	UID1683753	1	1	0	0
1	1	UID1683755	1	1	0	0
1	1	UID1683759	1	1	0	0
1	1	UID1683760	1	1	0	0
1	1	UID1683766	1	1	0	0
1	1	UID1683769	1	1	0	0
1	1	UID1683770	1	1	0	0
1	1	UID1683771	1	1	0	0
1	1	UID1683784	1	1	0	0
1	1	UID1683785	1	1	0	0
1	1	UID1683786	1	1	0	0
1	1	UID1683793	1	1	0	0
1	1	UID1683794	1	1	0	0
1	1	UID1683801	1	1	0	0
1	1	UID1683815	1	1	0	0
1	1	UID1683816	1	1	0	0
1	1	UID1683819	1	1	0	0
1	1	UID1683823	1	1	0	0
1	1	UID1683829	1	1	0	0
1	1	UID1683832	1	1	0	0
1	1	UID1683837	1	1	0	0
1	1	UID1683842	1	1	0	0
1	1	UID1683844	1	1	0	0
1	1	UID1683849	1	1	0	0
1	1	UID1683856	1	1	0	0
1	1	UID1683859	1	1	0	0
1	1	UID1683861	1	1	0	0
1	1	UID1683864	1	1	0	0
1	1	UID1683868	1	1	0	0
1	1	UID1683869	1	1	0	0
1	1	UID1683871	1	1	0	0
1	1	UID1683872	1	1	0	0
1	1	UID1683881	1	1	0	0
1	1	UID1683892	1	1	0	0
1	1	UID1683895	1	1	0	0
1	1	UID1683897	1	1	0	0
1	1	UID1683900	1	1	0	0
1	1	UID1683901	1	1	0	0
1	1	UID1683902	1	1	0	0
1	1	UID1683903	1	1	0	0
1	1	UID1683925	1	1	0	0
1	1	UID1683927	1	1	0	0
1	1	UID1683929	1	1	0	0
1	1	UID1683931	1	1	0	0
1	1	UID1683939	1	1	0	0
1	1	UID1683945	1	1	0	0
1	1	UID1683949	1	1	0	0
1	1	UID1683950	1	1	0	0
1	1	UID1683953	1	1	0	0
1	1	UID1683960	1	1	0	0
1	1	UID1683974	1	1	0	0
1	1	UID1683980	1	1	0	0
1	1	UID1683998	1	1	0	0
1	1	UID1683999	1	1	0	0
1	1	UID1684002	1	1	0	0
1	1	UID1684006	1	1	0	0
1	1	UID1684008	1	1	0	0
1	1	UID1684017	1	1	0	0
1	1	UID1684019	1	1	0	0
1	1	UID1684021	1	1	0	0
1	1	UID1684022	1	1	0	0
1	1	UID1684035	1	1	0	0
1	1	UID1684037	1	1	0	0
1	1	UID1684044	1	1	0	0
1	1	UID1684050	1	1	0	0
1	1	UID1684052	1	1	0	0
1	1	UID1684059	1	1	0	0
1	1	UID1684060	1	1	0	0
1	1	UID1684062	1	1	0	0
1	1	UID1684063	1	1	0	0
1	1	UID1684066	1	1	0	0
1	1	UID1684072	1	1	0	0
1	1	UID1684074	1	1	0	0
1	1	UID1684075	1	1	0	0
1	1	UID1684081	1	1	0	0
1	1	UID1684082	1	1	0	0
1	1	UID1684087	1	1	0	0
1	1	UID1684090	1	1	0	0
1	1	UID1684091	1	1	0	0
1	1	UID1684096	1	1	0	0
1	1	UID1684097	1	1	0	0
1	1	UID1684102	1	1	0	0
1	1	UID1684106	1	1	0	0
1	1	UID1684117	1	1	0	0
1	1	UID1684120	1	1	0	0
1	1	UID1684123	1	1	0	0
1	1	UID1684133	1	1	0	0
1	1	UID1684144	1	1	0	0
1	1	UID1684147	1	1	0	0
1	1	UID1684151	1	1	0	0
1	1	UID1684154	1	1	0	0
1	1	UID1684172	1	1	0	0
1	1	UID1684177	1	1	0	0
1	1	UID1684179	1	1	0	0
1	1	UID1684184	1	1	0	0
1	1	UID1684186	1	1	0	0
1	1	UID1684188	1	1	0	0
1	1	UID1684189	1	1	0	0
1	1	UID1684191	1	1	0	0
1	1	UID1684192	1	1	0	0
1	1	UID1684216	1	1	0	0
1	1	UID1684221	1	1	0	0
1	1	UID1684225	1	1	0	0
1	1	UID1684229	1	1	0	0
1	1	UID1684235	1	1	0	0
1	1	UID1684243	1	1	0	0
1	1	UID1684244	1	1	0	0
1	1	UID1684258	1	1	0	0
1	1	UID1684261	1	1	0	0
1	1	UID1684282	1	1	0	0
1	1	UID1684284	1	1	0	0
1	1	UID1684292	1	1	0	0
1	1	UID1684295	1	1	0	0
1	1	UID1684298	1	1	0	0
1	1	UID1684304	1	1	0	0
1	1	UID1684306	1	1	0	0
1	1	UID1684311	1	1	0	0
1	1	UID1684313	1	1	0	0
1	1	UID1684314	1	1	0	0
1	1	UID1684332	1	1	0	0
1	1	UID1684334	1	1	0	0
1	1	UID1684338	1	1	0	0
1	1	UID1684341	1	1	0	0
1	1	UID1684342	1	1	0	0
1	1	UID1684349	1	1	0	0
1	1	UID1684352	1	1	0	0
1	1	UID1684355	1	1	0	0
1	1	UID1684359	1	1	0	0
1	1	UID1684363	1	1	0	0
1	1	UID1684367	1	1	0	0
1	1	UID1684374	1	1	0	0
1	1	UID1684391	1	1	0	0
1	1	UID1684396	1	1	0	0
1	1	UID1684398	1	1	0	0
1	1	UID1684406	1	1	0	0
1	1	UID1684409	1	1	0	0
1	1	UID1684410	1	1	0	0
1	1	UID1684422	1	1	0	0
1	1	UID1684438	1	1	0	0
1	1	UID1684439	1	1	0	0
1	1	UID1684445	1	1	0	0
1	1	UID1684449	1	1	0	0
1	1	UID1684455	1	1	0	0
1	1	UID1684457	1	1	0	0
1	1	UID1684460	1	1	0	0
1	1	UID1684461	1	1	0	0
1	1	UID1684467	1	1	0	0
1	1	UID1684474	1	1	0	0
1	1	UID1684485	1	1	0	0
1	1	UID1684490	1	1	0	0
1	1	UID1684494	1	1	0	0
1	1	UID1684513	1	1	0	0
1	1	UID1684524	1	1	0	0
1	1	UID1684533	1	1	0	0
1	1	UID1684542	1	1	0	0
1	1	UID1684544	1	1	0	0
1	1	UID1684548	1	1	0	0
1	1	UID1684561	1	1	0	0
1	1	UID1684571	1	1	0	0
1	1	UID1684576	1	1	0	0
1	1	UID1684579	1	1	0	0
1	1	UID1684582	1	1	0	0
1	1	UID1684587	1	1	0	0
1	1	UID1684594	1	1	0	0
1	1	UID1684595	1	1	0	0
1	1	UID1684599	1	1	0	0
1	1	UID1684604	1	1	0	0
1	1	UID1684608	1	1	0	0
1	1	UID1684609	1	1	0	0
1	1	UID1684611	1	1	0	0
1	1	UID1684612	1	1	0	0
1	1	UID1684620	1	1	0	0
1	1	UID1684631	1	1	0	0
1	1	UID1684632	1	1	0	0
1	1	UID1684634	1	1	0	0
1	1	UID1684635	1	1	0	0
1	1	UID1684660	1	1	0	0
1	1	UID1684665	1	1	0	0
1	1	UID1684672	1	1	0	0
1	1	UID1684673	1	1	0	0
1	1	UID1684674	1	1	0	0
1	1	UID1684676	1	1	0	0
1	1	UID1684677	1	1	0	0
1	1	UID1684685	1	1	0	0
1	1	UID1684690	1	1	0	0
1	1	UID1684693	1	1	0	0
1	1	UID1684694	1	1	0	0
1	1	UID1684697	1	1	0	0
1	1	UID1684698	1	1	0	0
1	1	UID1684702	1	1	0	0
1	1	UID1684704	1	1	0	0
1	1	UID1684705	1	1	0	0
1	1	UID1684708	1	1	0	0
1	1	UID1684716	1	1	0	0
1	1	UID1684718	1	1	0	0
1	1	UID1684730	1	1	0	0
1	1	UID1684733	1	1	0	0
1	1	UID1684747	1	1	0	0
1	1	UID1684755	1	1	0	0
1	1	UID1684757	1	1	0	0
1	1	UID1684759	1	1	0	0
1	1	UID1684768	1	1	0	0
1	1	UID1684776	1	1	0	0
1	1	UID1684779	1	1	0	0
1	1	UID1684786	1	1	0	0
1	1	UID1684790	1	1	0	0
1	1	UID1684791	1	1	0	0
1	1	UID1684792	1	1	0	0
1	1	UID1684794	1	1	0	0
1	1	UID1684796	1	1	0	0
1	1	UID1684805	1	1	0	0
1	1	UID1684806	1	1	0	0
1	1	UID1684808	1	1	0	0
1	1	UID1684819	1	1	0	0
1	1	UID1684821	1	1	0	0
1	1	UID1684841	1	1	0	0
1	1	UID1684856	1	1	0	0
1	1	UID1684874	1	1	0	0
1	1	UID1684884	1	1	0	0
1	1	UID1684887	1	1	0	0
1	1	UID1684888	1	1	0	0
1	1	UID1684893	1	1	0	0
1	1	UID1684895	1	1	0	0
1	1	UID1684903	1	1	0	0
1	1	UID1684904	1	1	0	0
1	1	UID1684909	1	1	0	0
1	1	UID1684910	1	1	0	0
1	1	UID1684915	1	1	0	0
1	1	UID1684930	1	1	0	0
1	1	UID1684932	1	1	0	0
1	1	UID1684934	1	1	0	0
1	1	UID1684937	1	1	0	0
1	1	UID1684947	1	1	0	0
1	1	UID1684968	1	1	0	0
1	1	UID1684970	1	1	0	0
1	1	UID1684971	1	1	0	0
1	1	UID1684972	1	1	0	0
1	1	UID1684992	1	1	0	0
1	1	UID1684996	1	1	0	0
1	1	UID1684997	1	1	0	0
1	1	UID1684998	1	1	0	0
1	1	UID1685001	1	1	0	0
1	1	UID1685005	1	1	0	0
1	1	UID1685006	1	1	0	0
1	1	UID1685007	1	1	0	0
1	1	UID1685013	1	1	0	0
1	1	UID1685036	1	1	0	0
1	1	UID1685039	1	1	0	0
1	1	UID1685041	1	1	0	0
1	1	UID1685042	1	1	0	0
1	1	UID1685043	1	1	0	0
1	1	UID1685045	1	1	0	0
1	1	UID1685047	1	1	0	0
1	1	UID1685054	1	1	0	0
1	1	UID1685065	1	1	0	0
1	1	UID1685070	1	1	0	0
1	1	UID1685072	1	1	0	0
1	1	UID1685092	1	1	0	0
1	1	UID1685095	1	1	0	0
1	1	UID1685096	1	1	0	0
1	1	UID1685104	1	1	0	0
1	1	UID1685111	1	1	0	0
1	1	UID1685112	1	1	0	0
1	1	UID1685121	1	1	0	0
1	1	UID1685125	1	1	0	0
1	1	UID1685126	1	1	0	0
1	1	UID1685131	1	1	0	0
1	1	UID1685138	1	1	0	0
1	1	UID1685140	1	1	0	0
1	1	UID1685141	1	1	0	0
1	1	UID1685142	1	1	0	0
1	1	UID1685162	1	1	0	0
1	1	UID1685175	1	1	0	0
1	1	UID1685186	1	1	0	0
1	1	UID1685187	1	1	0	0
1	1	UID1685194	1	1	0	0
1	1	UID1685195	1	1	0	0
1	1	UID1685197	1	1	0	0
1	1	UID1685198	1	1	0	0
1	1	UID1685199	1	1	0	0
1	1	UID1685201	1	1	0	0
1	1	UID1685204	1	1	0	0
1	1	UID1685213	1	1	0	0
1	1	UID1685229	1	1	0	0
1	1	UID1685235	1	1	0	0
1	1	UID1685237	1	1	0	0
1	1	UID1685238	1	1	0	0
1	1	UID2251	1	1	0	0
1	1	UID38341	1	1	0	0
1	1	UID39088	1	1	0	0
1	1	UID48518	1	1	0	0
1	1	UID58392	1	1	0	0
1	1	UID613	1	1	0	0
1	1	UID664538	1	1	0	0
1	1	UID790268	1	1	0	0
