2129	27048	UID324	17957	1582	4	4
92	267	UID2	149	82	2	2
103	247	UID368	129	98	2	2
80	202	UID10744	107	70	2	2
80	201	UID13387	104	71	2	2
85	200	UID13388	103	76	2	2
73	182	UID8669	94	63	2	2
36	129	UID1	84	29	2	2
88	190	UID13389	82	77	2	2
61	153	UID13390	77	53	2	2
59	153	UID13391	77	49	2	2
44	129	UID13393	74	39	2	2
54	135	UID13394	73	49	2	2
51	130	UID13395	73	46	2	2
51	132	UID13397	72	45	2	2
71	151	UID13399	71	63	2	2
56	140	UID13401	70	48	2	2
55	134	UID13404	68	47	2	2
36	107	UID13405	67	33	2	2
49	121	UID13406	66	42	2	2
45	114	UID13407	66	41	2	2
58	131	UID13408	66	53	2	2
48	124	UID13410	65	40	2	2
39	108	UID13411	65	35	2	2
46	112	UID13412	64	42	2	2
27	90	UID13415	63	25	2	2
46	116	UID13416	63	40	2	2
48	115	UID13419	61	41	2	2
38	108	UID13420	61	31	2	2
53	124	UID13422	60	46	2	2
43	109	UID13424	59	34	2	2
40	105	UID13427	59	35	2	2
34	99	UID13428	58	27	2	2
55	118	UID13429	58	51	2	2
49	118	UID13430	57	43	2	2
44	105	UID13431	57	39	2	2
42	106	UID13432	57	37	2	2
49	108	UID13433	57	45	2	2
28	87	UID13435	56	23	2	2
47	108	UID13436	56	42	2	2
29	86	UID13439	55	26	2	2
22	80	UID13440	55	20	1	1
31	96	UID13442	55	27	2	2
41	100	UID13443	55	35	3	3
30	84	UID13444	54	28	2	2
38	96	UID13445	54	33	1	1
40	98	UID13447	53	34	2	2
23	81	UID13449	53	20	1	1
47	103	UID13450	53	43	2	2
47	110	UID8067	53	41	2	2
36	94	UID13452	52	31	2	2
41	99	UID13454	52	34	2	2
50	107	UID13456	51	43	2	2
38	89	UID13458	51	36	2	2
42	98	UID13460	50	39	2	2
35	85	UID13466	49	32	2	2
42	94	UID13467	49	38	2	2
32	82	UID13468	49	29	2	2
50	102	UID13471	48	45	3	3
34	85	UID13472	47	28	2	2
33	92	UID13473	47	27	2	2
30	83	UID13475	47	26	2	2
34	86	UID13476	47	30	2	2
43	97	UID13477	47	39	2	2
33	83	UID13478	47	29	2	2
25	70	UID13479	46	24	2	2
26	78	UID13480	46	19	2	2
38	87	UID13481	46	34	2	2
28	79	UID13482	46	24	2	2
29	76	UID13487	45	25	2	2
26	74	UID13488	45	23	1	1
39	89	UID13491	44	31	2	2
35	91	UID13492	44	29	2	2
40	87	UID742	44	36	2	2
15	61	UID13499	43	11	1	1
32	76	UID13501	42	29	1	1
29	73	UID13502	42	25	1	1
36	80	UID13503	41	32	2	2
40	86	UID13504	41	34	2	2
28	70	UID13505	41	25	2	2
20	63	UID13508	41	17	2	2
31	73	UID13509	41	28	2	2
29	72	UID13510	41	26	1	1
26	68	UID13513	40	23	2	2
29	69	UID13514	40	27	2	2
19	61	UID13516	38	16	1	1
18	57	UID13517	38	15	1	1
28	72	UID13521	37	23	2	2
25	64	UID13527	36	23	2	2
21	56	UID13528	36	20	2	2
22	58	UID13530	36	20	2	2
37	77	UID13531	36	32	2	2
41	80	UID13534	34	36	2	2
23	61	UID13536	34	18	2	2
26	62	UID13537	34	23	2	2
11	44	UID13538	34	10	1	1
26	62	UID13539	34	23	2	2
33	74	UID8770	34	27	1	1
17	51	UID13542	33	15	2	2
20	54	UID13543	33	17	1	1
19	52	UID13544	33	17	2	2
18	53	UID13545	32	15	2	2
23	57	UID13546	32	20	2	2
20	52	UID13548	32	18	1	1
9	44	UID13554	31	7	1	1
23	55	UID13555	31	21	1	1
21	55	UID13556	30	15	2	2
14	44	UID13557	30	12	1	1
16	47	UID13559	29	13	1	1
15	48	UID13560	28	11	1	1
14	41	UID13561	28	13	2	2
5	31	UID13563	27	4	1	1
23	50	UID13564	27	21	2	2
21	49	UID13565	26	19	2	2
15	42	UID13568	26	13	1	1
19	45	UID13569	25	16	1	1
20	47	UID13570	25	16	2	2
11	35	UID13571	25	10	1	1
11	36	UID13572	25	9	2	2
17	42	UID13573	24	15	2	2
12	34	UID13576	23	11	2	2
18	42	UID13577	23	15	2	2
15	38	UID13578	23	13	2	2
14	36	UID13581	23	13	1	1
15	37	UID13582	23	14	1	1
21	44	UID8787	23	19	1	1
15	39	UID13583	22	12	2	2
24	46	UID13584	22	22	2	2
11	35	UID13586	21	8	1	1
6	26	UID13587	21	5	1	1
16	38	UID13588	21	13	2	2
15	38	UID13589	21	12	2	2
7	26	UID13591	20	6	1	1
16	40	UID13592	20	12	2	2
9	28	UID13593	20	8	1	1
12	33	UID13594	20	9	2	2
12	31	UID13595	20	11	1	1
5	24	UID13596	20	4	1	1
7	26	UID13599	20	6	2	2
12	31	UID13600	20	11	2	2
9	28	UID13601	20	8	1	1
10	31	UID13602	20	7	1	1
15	35	UID13603	20	13	2	2
10	29	UID13604	20	9	1	1
17	35	UID13606	18	15	2	2
8	25	UID13608	18	7	2	2
6	23	UID13609	18	5	1	1
18	35	UID13610	18	17	2	2
6	22	UID13612	17	5	1	1
7	23	UID13613	17	6	1	1
14	31	UID13614	17	12	2	2
7	22	UID13617	16	6	1	1
9	24	UID13618	16	8	1	1
9	24	UID13619	16	8	1	1
6	21	UID13621	16	5	1	1
8	24	UID13622	16	6	1	1
12	27	UID13623	16	11	1	1
9	25	UID13626	15	7	1	1
12	26	UID13627	15	11	1	1
13	27	UID13628	15	12	1	1
14	29	UID7	15	12	1	1
9	24	UID8758	15	7	1	1
8	21	UID13629	14	7	1	1
6	19	UID13630	14	5	1	1
10	23	UID13635	14	9	1	1
12	25	UID13636	14	11	2	2
6	19	UID13637	14	5	1	1
11	25	UID13638	14	9	1	1
13	27	UID13641	13	10	2	2
7	18	UID13650	11	5	1	1
10	20	UID13651	11	9	1	1
6	16	UID13652	11	5	1	1
10	20	UID13653	11	9	1	1
10	20	UID13656	11	9	1	1
8	18	UID13658	10	6	2	2
6	16	UID13659	10	4	2	2
3	12	UID13660	10	2	1	1
12	21	UID13661	10	11	1	1
4	14	UID13663	10	2	1	1
5	14	UID13669	10	4	2	2
1	10	UID13671	10	0	0	0
2	11	UID13672	10	1	1	1
9	19	UID13673	10	7	1	1
11	20	UID13677	9	9	1	1
7	15	UID13678	9	6	1	1
4	12	UID13683	9	3	1	1
10	19	UID13684	9	8	1	1
6	14	UID13685	9	5	1	1
10	18	UID9	9	9	1	1
17	25	UID13693	8	15	2	2
4	11	UID13694	8	3	1	1
8	15	UID13696	8	7	1	1
5	12	UID13697	8	4	1	1
5	12	UID13698	8	4	1	1
4	11	UID13699	8	3	1	1
2	9	UID13700	8	1	1	1
6	13	UID13701	8	5	1	1
3	11	UID13702	8	1	1	1
4	11	UID13706	8	3	1	1
7	14	UID699	8	6	1	1
9	15	UID13707	7	8	1	1
3	9	UID13709	7	2	1	1
5	11	UID13711	7	4	1	1
4	10	UID13712	7	3	1	1
2	8	UID13713	7	1	0	0
2	8	UID13722	7	1	1	1
4	10	UID13723	7	3	1	1
3	9	UID13725	7	2	1	1
2	7	UID13729	6	1	0	0
1	6	UID13731	6	0	0	0
7	14	UID13732	6	5	1	1
3	8	UID13734	6	2	1	1
3	8	UID13736	6	2	0	0
3	8	UID13744	6	2	1	1
5	10	UID13745	6	4	1	1
2	7	UID13746	6	1	0	0
2	7	UID13750	6	1	1	1
1	6	UID13751	6	0	0	0
1	5	UID13771	5	0	0	0
3	7	UID13772	5	2	1	1
3	7	UID13774	5	2	1	1
5	9	UID13775	5	4	1	1
4	8	UID13777	5	3	1	1
2	6	UID13778	5	1	0	0
4	8	UID13779	5	3	1	1
1	5	UID13781	5	0	0	0
1	5	UID13782	5	0	0	0
2	6	UID13802	5	1	1	1
4	8	UID13804	5	3	2	2
5	9	UID13805	5	4	1	1
8	12	UID13809	5	7	1	1
1	5	UID13812	5	0	0	0
1	5	UID245	5	0	0	0
7	12	UID8773	5	5	2	2
1	4	UID13823	4	0	0	0
2	5	UID13838	4	1	1	1
2	5	UID13841	4	1	1	1
3	6	UID13843	4	2	1	1
6	9	UID13848	4	5	2	2
2	5	UID13850	4	1	1	1
3	6	UID13853	4	2	1	1
2	5	UID13854	4	1	1	1
3	6	UID13855	4	2	1	1
2	5	UID13857	4	1	1	1
1	4	UID13858	4	0	0	0
1	4	UID13879	4	0	0	0
1	4	UID13885	4	0	0	0
5	8	UID13886	4	4	1	1
4	7	UID13888	4	3	1	1
2	5	UID13889	4	1	1	1
2	5	UID13891	4	1	1	1
1	4	UID13892	4	0	0	0
5	8	UID13893	4	4	1	1
2	5	UID13895	4	1	1	1
3	6	UID13896	4	2	1	1
4	7	UID13898	4	3	1	1
2	5	UID13899	4	1	0	0
3	6	UID13902	4	2	1	1
1	4	UID13903	4	0	0	0
1	4	UID13906	4	0	0	0
1	4	UID13910	4	0	0	0
2	4	UID10928	3	1	1	1
2	4	UID13926	3	1	0	0
1	3	UID13935	3	0	0	0
1	3	UID13936	3	0	0	0
1	3	UID13941	3	0	0	0
2	4	UID13942	3	1	0	0
1	3	UID13943	3	0	0	0
4	6	UID13957	3	3	1	1
2	4	UID13958	3	1	1	1
3	5	UID13961	3	2	1	1
4	6	UID13963	3	3	1	1
3	5	UID13968	3	2	1	1
2	4	UID13975	3	1	1	1
4	6	UID13978	3	3	1	1
2	4	UID13982	3	1	1	1
3	5	UID13984	3	2	1	1
3	5	UID14028	3	2	1	1
4	6	UID14029	3	3	1	1
5	7	UID14031	3	4	1	1
7	9	UID14036	3	6	1	1
1	3	UID14038	3	0	0	0
1	3	UID14039	3	0	0	0
2	4	UID14047	3	1	0	0
1	3	UID14054	3	0	0	0
1	3	UID14056	3	0	0	0
5	7	UID14057	3	4	1	1
1	3	UID14060	3	0	0	0
4	6	UID14063	3	3	1	1
3	5	UID14065	3	2	1	1
3	5	UID14066	3	2	1	1
1	3	UID14069	3	0	0	0
1	3	UID14070	3	0	0	0
2	4	UID14071	3	1	1	1
1	3	UID14072	3	0	0	0
4	6	UID14073	3	3	1	1
1	3	UID14076	3	0	0	0
3	5	UID14077	3	2	1	1
1	3	UID1464	3	0	0	0
2	4	UID18	3	1	1	1
3	5	UID191	3	2	0	0
2	4	UID418	3	1	0	0
5	6	UID10622	2	4	1	1
4	5	UID14116	2	3	1	1
1	2	UID14166	2	0	0	0
2	3	UID14168	2	1	1	1
2	3	UID14178	2	1	1	1
4	5	UID14188	2	3	1	1
2	3	UID14194	2	1	1	1
3	4	UID14215	2	2	1	1
1	2	UID14228	2	0	0	0
2	3	UID14280	2	1	1	1
2	3	UID14283	2	1	1	1
2	3	UID14295	2	1	1	1
3	4	UID14302	2	2	1	1
2	3	UID14313	2	1	1	1
3	4	UID14340	2	2	1	1
5	6	UID14346	2	4	1	1
2	3	UID14448	2	1	1	1
1	2	UID14449	2	0	0	0
2	3	UID14468	2	1	1	1
2	3	UID14471	2	1	1	1
4	6	UID14508	2	2	2	2
2	3	UID14510	2	1	1	1
2	3	UID14512	2	1	1	1
1	2	UID14520	2	0	0	0
3	4	UID14532	2	2	1	1
2	3	UID14534	2	1	1	1
2	3	UID14539	2	1	1	1
5	6	UID14549	2	4	1	1
2	3	UID14553	2	1	1	1
2	3	UID14563	2	1	1	1
4	5	UID14564	2	3	1	1
2	3	UID14572	2	1	1	1
2	3	UID14574	2	1	1	1
3	4	UID14585	2	2	1	1
3	4	UID14617	2	2	2	2
3	4	UID14643	2	2	1	1
2	3	UID307	2	1	1	1
2	3	UID340	2	1	1	1
3	4	UID596	2	2	1	1
1	2	UID68	2	0	0	0
2	2	UID1144	1	2	1	1
1	1	UID126	1	1	0	0
1	1	UID14688	1	1	0	0
1	1	UID14692	1	1	0	0
1	1	UID14694	1	1	0	0
1	1	UID14695	1	1	0	0
1	1	UID14700	1	1	0	0
1	1	UID14701	1	1	0	0
1	1	UID14702	1	1	0	0
1	1	UID14705	1	1	0	0
1	1	UID14721	1	1	0	0
1	1	UID14723	1	1	0	0
1	1	UID14731	1	1	0	0
1	1	UID14733	1	1	0	0
1	1	UID14735	1	1	0	0
1	1	UID14750	1	1	0	0
1	1	UID14752	1	1	0	0
1	1	UID14753	1	1	0	0
1	1	UID14754	1	1	0	0
1	1	UID14759	1	1	0	0
1	1	UID14760	1	1	0	0
1	1	UID14763	1	1	0	0
1	1	UID14766	1	1	0	0
1	1	UID14774	1	1	0	0
1	1	UID14778	1	1	0	0
1	1	UID14787	1	1	0	0
1	1	UID14788	1	1	0	0
1	1	UID14802	1	1	0	0
1	1	UID14803	1	1	0	0
1	1	UID14805	1	1	0	0
1	1	UID14806	1	1	0	0
1	1	UID14811	1	1	0	0
1	1	UID14812	1	1	0	0
1	1	UID14816	1	1	0	0
1	1	UID14819	1	1	0	0
1	1	UID14821	1	1	0	0
1	1	UID14823	1	1	0	0
1	1	UID14826	1	1	0	0
1	1	UID14827	1	1	0	0
1	1	UID14830	1	1	0	0
1	1	UID14831	1	1	0	0
1	1	UID14832	1	1	0	0
1	1	UID14833	1	1	0	0
1	1	UID14834	1	1	0	0
1	1	UID14835	1	1	0	0
1	1	UID14836	1	1	0	0
1	1	UID14837	1	1	0	0
1	1	UID14841	1	1	0	0
1	1	UID14842	1	1	0	0
1	1	UID14847	1	1	0	0
1	1	UID14848	1	1	0	0
1	1	UID14849	1	1	0	0
1	1	UID14850	1	1	0	0
1	1	UID14852	1	1	0	0
1	1	UID14888	1	1	0	0
1	1	UID14889	1	1	0	0
1	1	UID14893	1	1	0	0
1	1	UID14900	1	1	0	0
1	1	UID14901	1	1	0	0
1	1	UID14904	1	1	0	0
1	1	UID14928	1	1	0	0
1	1	UID14929	1	1	0	0
1	1	UID14934	1	1	0	0
1	1	UID14936	1	1	0	0
1	1	UID14937	1	1	0	0
1	1	UID14945	1	1	0	0
1	1	UID14953	1	1	0	0
1	1	UID14954	1	1	0	0
1	1	UID14958	1	1	0	0
1	1	UID14960	1	1	0	0
1	1	UID14962	1	1	0	0
1	1	UID14963	1	1	0	0
1	1	UID14967	1	1	0	0
1	1	UID14973	1	1	0	0
1	1	UID14992	1	1	0	0
1	1	UID15002	1	1	0	0
1	1	UID15003	1	1	0	0
1	1	UID15008	1	1	0	0
1	1	UID15010	1	1	0	0
1	1	UID15012	1	1	0	0
1	1	UID15020	1	1	0	0
1	1	UID15022	1	1	0	0
1	1	UID15027	1	1	0	0
1	1	UID15029	1	1	0	0
1	1	UID15038	1	1	0	0
1	1	UID15045	1	1	0	0
1	1	UID15046	1	1	0	0
1	1	UID15047	1	1	0	0
1	1	UID15051	1	1	0	0
1	1	UID15056	1	1	0	0
1	1	UID15062	1	1	0	0
1	1	UID15072	1	1	0	0
1	1	UID15077	1	1	0	0
1	1	UID15080	1	1	0	0
1	1	UID15083	1	1	0	0
3	3	UID15091	1	3	2	2
1	1	UID15100	1	1	0	0
1	1	UID15107	1	1	0	0
1	1	UID15109	1	1	0	0
1	1	UID15110	1	1	0	0
1	1	UID15113	1	1	0	0
1	1	UID15114	1	1	0	0
1	1	UID15116	1	1	0	0
1	1	UID15117	1	1	0	0
1	1	UID15118	1	1	0	0
1	1	UID15138	1	1	0	0
1	1	UID15147	1	1	0	0
1	1	UID15158	1	1	0	0
1	1	UID15162	1	1	0	0
1	1	UID15166	1	1	0	0
1	1	UID15168	1	1	0	0
1	1	UID15169	1	1	0	0
1	1	UID15170	1	1	0	0
1	1	UID15183	1	1	0	0
1	1	UID15187	1	1	0	0
1	1	UID15203	1	1	0	0
1	1	UID15205	1	1	0	0
1	1	UID15207	1	1	0	0
1	1	UID15213	1	1	0	0
1	1	UID15215	1	1	0	0
1	1	UID15220	1	1	0	0
1	1	UID15224	1	1	0	0
1	1	UID15230	1	1	0	0
1	1	UID15231	1	1	0	0
1	1	UID15234	1	1	0	0
1	1	UID15237	1	1	0	0
1	1	UID15240	1	1	0	0
1	1	UID15241	1	1	0	0
1	1	UID15250	1	1	0	0
1	1	UID15251	1	1	0	0
1	1	UID15269	1	1	0	0
1	1	UID15272	1	1	0	0
1	1	UID15273	1	1	0	0
1	1	UID15277	1	1	0	0
1	1	UID15279	1	1	0	0
1	1	UID15283	1	1	0	0
1	1	UID15285	1	1	0	0
1	1	UID15286	1	1	0	0
1	1	UID15289	1	1	0	0
1	1	UID15291	1	1	0	0
1	1	UID15299	1	1	0	0
1	1	UID15301	1	1	0	0
1	1	UID15302	1	1	0	0
1	1	UID15303	1	1	0	0
1	1	UID15306	1	1	0	0
1	1	UID15317	1	1	0	0
1	1	UID15332	1	1	0	0
1	1	UID15335	1	1	0	0
1	1	UID15338	1	1	0	0
1	1	UID15341	1	1	0	0
1	1	UID15345	1	1	0	0
1	1	UID15346	1	1	0	0
1	1	UID15357	1	1	0	0
1	1	UID15358	1	1	0	0
1	1	UID15359	1	1	0	0
1	1	UID15360	1	1	0	0
1	1	UID15361	1	1	0	0
1	1	UID15362	1	1	0	0
1	1	UID15363	1	1	0	0
1	1	UID15368	1	1	0	0
1	1	UID15373	1	1	0	0
1	1	UID15376	1	1	0	0
1	1	UID15384	1	1	0	0
1	1	UID15386	1	1	0	0
1	1	UID15401	1	1	0	0
1	1	UID15402	1	1	0	0
1	1	UID15405	1	1	0	0
1	1	UID15408	1	1	0	0
1	1	UID15412	1	1	0	0
1	1	UID15414	1	1	0	0
1	1	UID15415	1	1	0	0
1	1	UID15416	1	1	0	0
1	1	UID15423	1	1	0	0
1	1	UID15446	1	1	0	0
1	1	UID15447	1	1	0	0
1	1	UID15451	1	1	0	0
1	1	UID15453	1	1	0	0
1	1	UID15454	1	1	0	0
1	1	UID15458	1	1	0	0
1	1	UID15460	1	1	0	0
1	1	UID15462	1	1	0	0
1	1	UID15467	1	1	0	0
1	1	UID15481	1	1	0	0
1	1	UID15485	1	1	0	0
1	1	UID15486	1	1	0	0
1	1	UID15488	1	1	0	0
1	1	UID15502	1	1	0	0
1	1	UID15507	1	1	0	0
1	1	UID15508	1	1	0	0
1	1	UID15509	1	1	0	0
1	1	UID15511	1	1	0	0
1	1	UID15512	1	1	0	0
1	1	UID15516	1	1	0	0
1	1	UID15522	1	1	0	0
1	1	UID15527	1	1	0	0
1	1	UID15530	1	1	0	0
1	1	UID15531	1	1	0	0
1	1	UID15532	1	1	0	0
1	1	UID15534	1	1	0	0
1	1	UID15535	1	1	0	0
1	1	UID15536	1	1	0	0
1	1	UID15537	1	1	0	0
1	1	UID15538	1	1	0	0
1	1	UID15539	1	1	0	0
1	1	UID15541	1	1	0	0
1	1	UID15543	1	1	0	0
1	1	UID15544	1	1	0	0
1	1	UID15545	1	1	0	0
1	1	UID15551	1	1	0	0
1	1	UID15579	1	1	0	0
1	1	UID15580	1	1	0	0
1	1	UID15584	1	1	0	0
1	1	UID15586	1	1	0	0
1	1	UID15587	1	1	0	0
1	1	UID15588	1	1	0	0
1	1	UID15590	1	1	0	0
1	1	UID15591	1	1	0	0
1	1	UID15596	1	1	0	0
1	1	UID15597	1	1	0	0
1	1	UID15598	1	1	0	0
1	1	UID15600	1	1	0	0
1	1	UID15602	1	1	0	0
1	1	UID15604	1	1	0	0
1	1	UID15608	1	1	0	0
1	1	UID15616	1	1	0	0
1	1	UID15622	1	1	0	0
1	1	UID15631	1	1	0	0
1	1	UID15634	1	1	0	0
1	1	UID15644	1	1	0	0
1	1	UID15645	1	1	0	0
1	1	UID15649	1	1	0	0
1	1	UID15658	1	1	0	0
1	1	UID15661	1	1	0	0
1	1	UID15664	1	1	0	0
1	1	UID15666	1	1	0	0
1	1	UID15673	1	1	0	0
1	1	UID15684	1	1	0	0
1	1	UID15686	1	1	0	0
1	1	UID15691	1	1	0	0
1	1	UID15712	1	1	0	0
1	1	UID15716	1	1	0	0
1	1	UID15718	1	1	0	0
1	1	UID15720	1	1	0	0
1	1	UID15726	1	1	0	0
1	1	UID15727	1	1	0	0
1	1	UID15728	1	1	0	0
1	1	UID15730	1	1	0	0
1	1	UID15732	1	1	0	0
1	1	UID15733	1	1	0	0
1	1	UID15735	1	1	0	0
1	1	UID15736	1	1	0	0
1	1	UID15738	1	1	0	0
1	1	UID15739	1	1	0	0
1	1	UID15740	1	1	0	0
1	1	UID15741	1	1	0	0
1	1	UID15743	1	1	0	0
1	1	UID15744	1	1	0	0
1	1	UID15748	1	1	0	0
1	1	UID15749	1	1	0	0
1	1	UID15750	1	1	0	0
1	1	UID15751	1	1	0	0
1	1	UID15752	1	1	0	0
1	1	UID15753	1	1	0	0
1	1	UID15754	1	1	0	0
1	1	UID15755	1	1	0	0
1	1	UID15757	1	1	0	0
1	1	UID15759	1	1	0	0
1	1	UID15771	1	1	0	0
1	1	UID15773	1	1	0	0
1	1	UID15775	1	1	0	0
1	1	UID15777	1	1	0	0
1	1	UID15778	1	1	0	0
1	1	UID15779	1	1	0	0
1	1	UID15780	1	1	0	0
1	1	UID15781	1	1	0	0
1	1	UID15782	1	1	0	0
1	1	UID15785	1	1	0	0
1	1	UID15786	1	1	0	0
1	1	UID15787	1	1	0	0
1	1	UID15788	1	1	0	0
1	1	UID15798	1	1	0	0
1	1	UID15806	1	1	0	0
1	1	UID15827	1	1	0	0
1	1	UID15829	1	1	0	0
1	1	UID15832	1	1	0	0
1	1	UID15837	1	1	0	0
1	1	UID15852	1	1	0	0
1	1	UID15854	1	1	0	0
1	1	UID15855	1	1	0	0
1	1	UID15857	1	1	0	0
1	1	UID15871	1	1	0	0
1	1	UID15874	1	1	0	0
2	2	UID15875	1	2	1	1
1	1	UID15882	1	1	0	0
1	1	UID15896	1	1	0	0
1	1	UID15898	1	1	0	0
1	1	UID15899	1	1	0	0
1	1	UID15902	1	1	0	0
1	1	UID15903	1	1	0	0
1	1	UID15906	1	1	0	0
1	1	UID15909	1	1	0	0
1	1	UID15910	1	1	0	0
1	1	UID15911	1	1	0	0
1	1	UID15918	1	1	0	0
1	1	UID15928	1	1	0	0
1	1	UID15937	1	1	0	0
1	1	UID15942	1	1	0	0
1	1	UID15945	1	1	0	0
1	1	UID15947	1	1	0	0
1	1	UID15948	1	1	0	0
1	1	UID15949	1	1	0	0
1	1	UID15950	1	1	0	0
1	1	UID15951	1	1	0	0
1	1	UID15953	1	1	0	0
1	1	UID15954	1	1	0	0
1	1	UID15960	1	1	0	0
1	1	UID15964	1	1	0	0
1	1	UID15968	1	1	0	0
1	1	UID15970	1	1	0	0
1	1	UID15972	1	1	0	0
1	1	UID15974	1	1	0	0
1	1	UID15975	1	1	0	0
1	1	UID15984	1	1	0	0
1	1	UID15988	1	1	0	0
1	1	UID15991	1	1	0	0
1	1	UID15992	1	1	0	0
1	1	UID15993	1	1	0	0
1	1	UID15996	1	1	0	0
1	1	UID15997	1	1	0	0
1	1	UID15998	1	1	0	0
1	1	UID15999	1	1	0	0
1	1	UID16002	1	1	0	0
1	1	UID16003	1	1	0	0
1	1	UID16005	1	1	0	0
1	1	UID16006	1	1	0	0
1	1	UID16007	1	1	0	0
1	1	UID16015	1	1	0	0
1	1	UID16016	1	1	0	0
1	1	UID16017	1	1	0	0
1	1	UID16018	1	1	0	0
1	1	UID16020	1	1	0	0
1	1	UID16022	1	1	0	0
1	1	UID16023	1	1	0	0
1	1	UID16024	1	1	0	0
1	1	UID16027	1	1	0	0
1	1	UID16031	1	1	0	0
1	1	UID16033	1	1	0	0
1	1	UID16034	1	1	0	0
1	1	UID16036	1	1	0	0
1	1	UID16037	1	1	0	0
1	1	UID16039	1	1	0	0
1	1	UID16042	1	1	0	0
1	1	UID16044	1	1	0	0
1	1	UID16045	1	1	0	0
1	1	UID16046	1	1	0	0
1	1	UID16048	1	1	0	0
1	1	UID16051	1	1	0	0
1	1	UID16075	1	1	0	0
1	1	UID16078	1	1	0	0
1	1	UID16079	1	1	0	0
1	1	UID16080	1	1	0	0
1	1	UID16083	1	1	0	0
1	1	UID16087	1	1	0	0
1	1	UID16088	1	1	0	0
1	1	UID16089	1	1	0	0
1	1	UID16091	1	1	0	0
1	1	UID16092	1	1	0	0
1	1	UID16093	1	1	0	0
1	1	UID16094	1	1	0	0
1	1	UID16097	1	1	0	0
1	1	UID16099	1	1	0	0
1	1	UID16100	1	1	0	0
1	1	UID16101	1	1	0	0
1	1	UID16102	1	1	0	0
1	1	UID16104	1	1	0	0
1	1	UID16108	1	1	0	0
1	1	UID16109	1	1	0	0
1	1	UID16111	1	1	0	0
1	1	UID16112	1	1	0	0
1	1	UID16117	1	1	0	0
1	1	UID16145	1	1	0	0
1	1	UID16147	1	1	0	0
1	1	UID16148	1	1	0	0
1	1	UID16151	1	1	0	0
1	1	UID16153	1	1	0	0
1	1	UID16154	1	1	0	0
1	1	UID16155	1	1	0	0
1	1	UID16167	1	1	0	0
1	1	UID16168	1	1	0	0
1	1	UID16175	1	1	0	0
1	1	UID16182	1	1	0	0
1	1	UID16187	1	1	0	0
1	1	UID16193	1	1	0	0
1	1	UID16212	1	1	0	0
1	1	UID16216	1	1	0	0
1	1	UID16217	1	1	0	0
1	1	UID16219	1	1	0	0
1	1	UID16220	1	1	0	0
1	1	UID16223	1	1	0	0
1	1	UID16224	1	1	0	0
1	1	UID16225	1	1	0	0
1	1	UID16226	1	1	0	0
1	1	UID16227	1	1	0	0
1	1	UID16229	1	1	0	0
1	1	UID16230	1	1	0	0
1	1	UID16236	1	1	0	0
1	1	UID16257	1	1	0	0
1	1	UID16258	1	1	0	0
1	1	UID16267	1	1	0	0
1	1	UID16269	1	1	0	0
1	1	UID16272	1	1	0	0
1	1	UID16275	1	1	0	0
1	1	UID16295	1	1	0	0
1	1	UID16304	1	1	0	0
1	1	UID16305	1	1	0	0
1	1	UID16307	1	1	0	0
1	1	UID16308	1	1	0	0
1	1	UID16310	1	1	0	0
1	1	UID16315	1	1	0	0
1	1	UID16316	1	1	0	0
1	1	UID16321	1	1	0	0
1	1	UID16323	1	1	0	0
1	1	UID16325	1	1	0	0
1	1	UID16329	1	1	0	0
1	1	UID16330	1	1	0	0
1	1	UID16340	1	1	0	0
1	1	UID16341	1	1	0	0
1	1	UID16343	1	1	0	0
1	1	UID16344	1	1	0	0
1	1	UID16347	1	1	0	0
1	1	UID16349	1	1	0	0
1	1	UID16350	1	1	0	0
1	1	UID16351	1	1	0	0
1	1	UID16353	1	1	0	0
1	1	UID16358	1	1	0	0
1	1	UID16360	1	1	0	0
1	1	UID16361	1	1	0	0
1	1	UID16362	1	1	0	0
1	1	UID16364	1	1	0	0
1	1	UID16366	1	1	0	0
1	1	UID16389	1	1	0	0
1	1	UID16393	1	1	0	0
1	1	UID16394	1	1	0	0
1	1	UID16396	1	1	0	0
1	1	UID16399	1	1	0	0
1	1	UID16400	1	1	0	0
1	1	UID16401	1	1	0	0
1	1	UID16402	1	1	0	0
1	1	UID16404	1	1	0	0
1	1	UID16412	1	1	0	0
1	1	UID16413	1	1	0	0
1	1	UID16424	1	1	0	0
1	1	UID16429	1	1	0	0
1	1	UID16434	1	1	0	0
1	1	UID16439	1	1	0	0
1	1	UID16447	1	1	0	0
1	1	UID16451	1	1	0	0
1	1	UID16452	1	1	0	0
1	1	UID16453	1	1	0	0
1	1	UID16456	1	1	0	0
1	1	UID16464	1	1	0	0
1	1	UID16465	1	1	0	0
1	1	UID16466	1	1	0	0
1	1	UID16469	1	1	0	0
1	1	UID16471	1	1	0	0
1	1	UID16476	1	1	0	0
1	1	UID16491	1	1	0	0
1	1	UID16509	1	1	0	0
1	1	UID16510	1	1	0	0
1	1	UID16511	1	1	0	0
1	1	UID16512	1	1	0	0
1	1	UID16516	1	1	0	0
1	1	UID16517	1	1	0	0
1	1	UID16519	1	1	0	0
1	1	UID16521	1	1	0	0
1	1	UID16523	1	1	0	0
1	1	UID16524	1	1	0	0
1	1	UID16530	1	1	0	0
1	1	UID16531	1	1	0	0
1	1	UID16532	1	1	0	0
1	1	UID16533	1	1	0	0
1	1	UID16534	1	1	0	0
1	1	UID16538	1	1	0	0
1	1	UID16539	1	1	0	0
1	1	UID16540	1	1	0	0
1	1	UID16542	1	1	0	0
1	1	UID16546	1	1	0	0
1	1	UID16547	1	1	0	0
1	1	UID16548	1	1	0	0
1	1	UID16552	1	1	0	0
1	1	UID16559	1	1	0	0
1	1	UID16570	1	1	0	0
1	1	UID16580	1	1	0	0
1	1	UID16581	1	1	0	0
1	1	UID16585	1	1	0	0
1	1	UID16586	1	1	0	0
1	1	UID16592	1	1	0	0
1	1	UID16595	1	1	0	0
1	1	UID16599	1	1	0	0
4	4	UID16603	1	4	2	2
1	1	UID16630	1	1	0	0
1	1	UID16634	1	1	0	0
1	1	UID16635	1	1	0	0
1	1	UID16640	1	1	0	0
1	1	UID16644	1	1	0	0
1	1	UID16647	1	1	0	0
1	1	UID16648	1	1	0	0
1	1	UID16650	1	1	0	0
1	1	UID16651	1	1	0	0
1	1	UID16657	1	1	0	0
1	1	UID16659	1	1	0	0
1	1	UID16661	1	1	0	0
1	1	UID16667	1	1	0	0
1	1	UID16675	1	1	0	0
1	1	UID16682	1	1	0	0
1	1	UID16683	1	1	0	0
1	1	UID16687	1	1	0	0
1	1	UID16696	1	1	0	0
1	1	UID16705	1	1	0	0
1	1	UID16708	1	1	0	0
1	1	UID16710	1	1	0	0
1	1	UID16711	1	1	0	0
1	1	UID16712	1	1	0	0
1	1	UID16720	1	1	0	0
1	1	UID16721	1	1	0	0
1	1	UID16723	1	1	0	0
1	1	UID16724	1	1	0	0
1	1	UID16726	1	1	0	0
1	1	UID16730	1	1	0	0
1	1	UID16740	1	1	0	0
1	1	UID16746	1	1	0	0
1	1	UID16747	1	1	0	0
1	1	UID16750	1	1	0	0
1	1	UID16753	1	1	0	0
1	1	UID16755	1	1	0	0
1	1	UID16756	1	1	0	0
1	1	UID16761	1	1	0	0
1	1	UID16778	1	1	0	0
1	1	UID16779	1	1	0	0
1	1	UID16786	1	1	0	0
1	1	UID16791	1	1	0	0
1	1	UID16792	1	1	0	0
1	1	UID16799	1	1	0	0
1	1	UID16802	1	1	0	0
1	1	UID16817	1	1	0	0
1	1	UID16821	1	1	0	0
1	1	UID16836	1	1	0	0
1	1	UID16845	1	1	0	0
1	1	UID16847	1	1	0	0
1	1	UID16848	1	1	0	0
1	1	UID16854	1	1	0	0
1	1	UID16871	1	1	0	0
1	1	UID16873	1	1	0	0
1	1	UID16878	1	1	0	0
1	1	UID16881	1	1	0	0
1	1	UID16883	1	1	0	0
1	1	UID16889	1	1	0	0
1	1	UID16894	1	1	0	0
1	1	UID16895	1	1	0	0
1	1	UID16896	1	1	0	0
1	1	UID16897	1	1	0	0
1	1	UID16899	1	1	0	0
1	1	UID16906	1	1	0	0
1	1	UID16907	1	1	0	0
1	1	UID16910	1	1	0	0
1	1	UID16912	1	1	0	0
1	1	UID16915	1	1	0	0
1	1	UID16916	1	1	0	0
1	1	UID16928	1	1	0	0
1	1	UID16936	1	1	0	0
1	1	UID16937	1	1	0	0
1	1	UID16941	1	1	0	0
1	1	UID16942	1	1	0	0
1	1	UID16943	1	1	0	0
1	1	UID16944	1	1	0	0
1	1	UID16949	1	1	0	0
1	1	UID16951	1	1	0	0
1	1	UID16952	1	1	0	0
1	1	UID16954	1	1	0	0
1	1	UID16955	1	1	0	0
1	1	UID16956	1	1	0	0
1	1	UID16957	1	1	0	0
1	1	UID16969	1	1	0	0
1	1	UID16970	1	1	0	0
1	1	UID16971	1	1	0	0
1	1	UID16976	1	1	0	0
1	1	UID16980	1	1	0	0
1	1	UID16990	1	1	0	0
1	1	UID16991	1	1	0	0
1	1	UID16993	1	1	0	0
1	1	UID16997	1	1	0	0
1	1	UID17002	1	1	0	0
1	1	UID17003	1	1	0	0
1	1	UID17004	1	1	0	0
1	1	UID17005	1	1	0	0
1	1	UID17006	1	1	0	0
1	1	UID17010	1	1	0	0
1	1	UID17022	1	1	0	0
1	1	UID17025	1	1	0	0
1	1	UID17027	1	1	0	0
1	1	UID17033	1	1	0	0
1	1	UID17043	1	1	0	0
1	1	UID17045	1	1	0	0
1	1	UID17046	1	1	0	0
1	1	UID17047	1	1	0	0
1	1	UID17048	1	1	0	0
1	1	UID17049	1	1	0	0
1	1	UID17050	1	1	0	0
1	1	UID17051	1	1	0	0
1	1	UID17052	1	1	0	0
1	1	UID17053	1	1	0	0
1	1	UID17056	1	1	0	0
1	1	UID17057	1	1	0	0
1	1	UID17065	1	1	0	0
1	1	UID17066	1	1	0	0
1	1	UID17075	1	1	0	0
1	1	UID17079	1	1	0	0
1	1	UID17082	1	1	0	0
1	1	UID17087	1	1	0	0
1	1	UID17106	1	1	0	0
1	1	UID17114	1	1	0	0
1	1	UID17119	1	1	0	0
1	1	UID17120	1	1	0	0
1	1	UID17122	1	1	0	0
1	1	UID17145	1	1	0	0
1	1	UID17148	1	1	0	0
1	1	UID17155	1	1	0	0
1	1	UID17156	1	1	0	0
1	1	UID17161	1	1	0	0
1	1	UID17162	1	1	0	0
1	1	UID17164	1	1	0	0
1	1	UID17175	1	1	0	0
1	1	UID17178	1	1	0	0
1	1	UID17179	1	1	0	0
1	1	UID17180	1	1	0	0
1	1	UID17184	1	1	0	0
1	1	UID17185	1	1	0	0
1	1	UID17194	1	1	0	0
1	1	UID17195	1	1	0	0
1	1	UID17197	1	1	0	0
1	1	UID17199	1	1	0	0
1	1	UID17203	1	1	0	0
1	1	UID17204	1	1	0	0
1	1	UID17205	1	1	0	0
1	1	UID17207	1	1	0	0
1	1	UID17208	1	1	0	0
1	1	UID17209	1	1	0	0
1	1	UID17210	1	1	0	0
1	1	UID17211	1	1	0	0
1	1	UID17212	1	1	0	0
1	1	UID17223	1	1	0	0
1	1	UID17224	1	1	0	0
1	1	UID17225	1	1	0	0
1	1	UID17227	1	1	0	0
1	1	UID17231	1	1	0	0
1	1	UID17232	1	1	0	0
3	3	UID17244	1	3	2	2
1	1	UID17246	1	1	0	0
1	1	UID17247	1	1	0	0
1	1	UID17271	1	1	0	0
1	1	UID17272	1	1	0	0
1	1	UID17273	1	1	0	0
1	1	UID17292	1	1	0	0
1	1	UID17297	1	1	0	0
1	1	UID17299	1	1	0	0
1	1	UID17301	1	1	0	0
1	1	UID17305	1	1	0	0
1	1	UID17309	1	1	0	0
1	1	UID17310	1	1	0	0
1	1	UID17319	1	1	0	0
1	1	UID17322	1	1	0	0
1	1	UID17323	1	1	0	0
1	1	UID17361	1	1	0	0
1	1	UID17364	1	1	0	0
1	1	UID17372	1	1	0	0
1	1	UID17376	1	1	0	0
1	1	UID17377	1	1	0	0
1	1	UID17381	1	1	0	0
1	1	UID17393	1	1	0	0
1	1	UID17395	1	1	0	0
1	1	UID17396	1	1	0	0
1	1	UID17403	1	1	0	0
1	1	UID17404	1	1	0	0
1	1	UID17405	1	1	0	0
1	1	UID17406	1	1	0	0
1	1	UID17410	1	1	0	0
1	1	UID17420	1	1	0	0
1	1	UID17423	1	1	0	0
1	1	UID17424	1	1	0	0
1	1	UID17433	1	1	0	0
1	1	UID17434	1	1	0	0
1	1	UID17435	1	1	0	0
1	1	UID17436	1	1	0	0
1	1	UID17439	1	1	0	0
1	1	UID17440	1	1	0	0
1	1	UID17441	1	1	0	0
1	1	UID17448	1	1	0	0
1	1	UID17464	1	1	0	0
1	1	UID17465	1	1	0	0
1	1	UID17475	1	1	0	0
1	1	UID17489	1	1	0	0
1	1	UID17493	1	1	0	0
1	1	UID17494	1	1	0	0
1	1	UID17503	1	1	0	0
1	1	UID17507	1	1	0	0
1	1	UID17515	1	1	0	0
1	1	UID17521	1	1	0	0
1	1	UID17523	1	1	0	0
1	1	UID17526	1	1	0	0
1	1	UID17544	1	1	0	0
1	1	UID17548	1	1	0	0
1	1	UID17553	1	1	0	0
1	1	UID17554	1	1	0	0
1	1	UID17556	1	1	0	0
1	1	UID17557	1	1	0	0
1	1	UID17559	1	1	0	0
1	1	UID17561	1	1	0	0
1	1	UID17562	1	1	0	0
1	1	UID17568	1	1	0	0
1	1	UID17572	1	1	0	0
1	1	UID17579	1	1	0	0
1	1	UID17582	1	1	0	0
1	1	UID17591	1	1	0	0
1	1	UID17594	1	1	0	0
1	1	UID17596	1	1	0	0
1	1	UID17613	1	1	0	0
1	1	UID17616	1	1	0	0
1	1	UID17617	1	1	0	0
1	1	UID17620	1	1	0	0
1	1	UID17621	1	1	0	0
1	1	UID17622	1	1	0	0
1	1	UID17626	1	1	0	0
1	1	UID17632	1	1	0	0
1	1	UID17643	1	1	0	0
1	1	UID17647	1	1	0	0
1	1	UID17669	1	1	0	0
1	1	UID17672	1	1	0	0
1	1	UID17680	1	1	0	0
1	1	UID17682	1	1	0	0
1	1	UID17698	1	1	0	0
1	1	UID17700	1	1	0	0
1	1	UID17704	1	1	0	0
1	1	UID17707	1	1	0	0
1	1	UID17712	1	1	0	0
1	1	UID17733	1	1	0	0
1	1	UID17736	1	1	0	0
1	1	UID17746	1	1	0	0
1	1	UID17748	1	1	0	0
1	1	UID17754	1	1	0	0
1	1	UID17762	1	1	0	0
1	1	UID17764	1	1	0	0
1	1	UID17765	1	1	0	0
1	1	UID17768	1	1	0	0
1	1	UID17774	1	1	0	0
1	1	UID17775	1	1	0	0
1	1	UID17800	1	1	0	0
1	1	UID17806	1	1	0	0
1	1	UID17808	1	1	0	0
1	1	UID17819	1	1	0	0
1	1	UID17848	1	1	0	0
1	1	UID17850	1	1	0	0
1	1	UID17851	1	1	0	0
1	1	UID17853	1	1	0	0
1	1	UID17861	1	1	0	0
1	1	UID17870	1	1	0	0
1	1	UID17874	1	1	0	0
1	1	UID17875	1	1	0	0
1	1	UID17889	1	1	0	0
1	1	UID17891	1	1	0	0
1	1	UID17912	1	1	0	0
1	1	UID17913	1	1	0	0
1	1	UID17915	1	1	0	0
1	1	UID17927	1	1	0	0
1	1	UID17928	1	1	0	0
1	1	UID17942	1	1	0	0
1	1	UID17950	1	1	0	0
1	1	UID17968	1	1	0	0
1	1	UID17969	1	1	0	0
1	1	UID17973	1	1	0	0
1	1	UID17975	1	1	0	0
1	1	UID17978	1	1	0	0
1	1	UID17979	1	1	0	0
1	1	UID17989	1	1	0	0
1	1	UID18003	1	1	0	0
1	1	UID18004	1	1	0	0
1	1	UID18008	1	1	0	0
1	1	UID18030	1	1	0	0
1	1	UID18043	1	1	0	0
1	1	UID18044	1	1	0	0
1	1	UID18045	1	1	0	0
1	1	UID18046	1	1	0	0
1	1	UID18053	1	1	0	0
1	1	UID18061	1	1	0	0
1	1	UID18065	1	1	0	0
1	1	UID18070	1	1	0	0
1	1	UID18099	1	1	0	0
1	1	UID18100	1	1	0	0
1	1	UID18101	1	1	0	0
1	1	UID18105	1	1	0	0
1	1	UID18110	1	1	0	0
1	1	UID18120	1	1	0	0
1	1	UID18128	1	1	0	0
1	1	UID18131	1	1	0	0
1	1	UID18135	1	1	0	0
1	1	UID18136	1	1	0	0
1	1	UID18147	1	1	0	0
1	1	UID18154	1	1	0	0
1	1	UID18156	1	1	0	0
1	1	UID18172	1	1	0	0
1	1	UID18174	1	1	0	0
1	1	UID18197	1	1	0	0
1	1	UID18218	1	1	0	0
1	1	UID18219	1	1	0	0
1	1	UID18225	1	1	0	0
1	1	UID18226	1	1	0	0
1	1	UID18227	1	1	0	0
1	1	UID18231	1	1	0	0
1	1	UID18232	1	1	0	0
1	1	UID18237	1	1	0	0
1	1	UID18249	1	1	0	0
1	1	UID18255	1	1	0	0
1	1	UID18262	1	1	0	0
1	1	UID18266	1	1	0	0
1	1	UID18267	1	1	0	0
1	1	UID18268	1	1	0	0
1	1	UID18270	1	1	0	0
1	1	UID18272	1	1	0	0
1	1	UID18281	1	1	0	0
1	1	UID18283	1	1	0	0
1	1	UID18284	1	1	0	0
1	1	UID18285	1	1	0	0
1	1	UID18286	1	1	0	0
1	1	UID18287	1	1	0	0
1	1	UID18290	1	1	0	0
1	1	UID18291	1	1	0	0
1	1	UID18292	1	1	0	0
1	1	UID18293	1	1	0	0
1	1	UID18294	1	1	0	0
1	1	UID18296	1	1	0	0
1	1	UID18300	1	1	0	0
1	1	UID18301	1	1	0	0
1	1	UID18302	1	1	0	0
1	1	UID18304	1	1	0	0
1	1	UID18306	1	1	0	0
1	1	UID18310	1	1	0	0
1	1	UID18316	1	1	0	0
1	1	UID18318	1	1	0	0
1	1	UID18319	1	1	0	0
1	1	UID18320	1	1	0	0
1	1	UID18326	1	1	0	0
1	1	UID18334	1	1	0	0
1	1	UID18336	1	1	0	0
1	1	UID18340	1	1	0	0
1	1	UID18360	1	1	0	0
1	1	UID18379	1	1	0	0
1	1	UID18401	1	1	0	0
1	1	UID18402	1	1	0	0
1	1	UID18405	1	1	0	0
1	1	UID18410	1	1	0	0
1	1	UID18418	1	1	0	0
1	1	UID18664	1	1	0	0
1	1	UID18678	1	1	0	0
1	1	UID18695	1	1	0	0
1	1	UID18718	1	1	0	0
1	1	UID18729	1	1	0	0
1	1	UID18738	1	1	0	0
1	1	UID18745	1	1	0	0
1	1	UID18747	1	1	0	0
1	1	UID18749	1	1	0	0
1	1	UID18750	1	1	0	0
1	1	UID18753	1	1	0	0
1	1	UID18760	1	1	0	0
1	1	UID18766	1	1	0	0
1	1	UID18768	1	1	0	0
1	1	UID18769	1	1	0	0
1	1	UID18772	1	1	0	0
1	1	UID18773	1	1	0	0
1	1	UID18774	1	1	0	0
1	1	UID18775	1	1	0	0
1	1	UID18777	1	1	0	0
1	1	UID18778	1	1	0	0
1	1	UID18781	1	1	0	0
1	1	UID18783	1	1	0	0
1	1	UID18788	1	1	0	0
1	1	UID18789	1	1	0	0
1	1	UID18790	1	1	0	0
1	1	UID18791	1	1	0	0
1	1	UID18793	1	1	0	0
1	1	UID18795	1	1	0	0
1	1	UID18796	1	1	0	0
1	1	UID18798	1	1	0	0
1	1	UID18800	1	1	0	0
1	1	UID18801	1	1	0	0
1	1	UID18824	1	1	0	0
1	1	UID18828	1	1	0	0
1	1	UID18853	1	1	0	0
1	1	UID18858	1	1	0	0
1	1	UID18875	1	1	0	0
1	1	UID18879	1	1	0	0
1	1	UID18882	1	1	0	0
1	1	UID18888	1	1	0	0
1	1	UID18891	1	1	0	0
1	1	UID18906	1	1	0	0
3	3	UID18922	1	3	2	2
1	1	UID18924	1	1	0	0
3	3	UID18926	1	3	2	2
1	1	UID18929	1	1	0	0
1	1	UID18983	1	1	0	0
2	2	UID18986	1	2	1	1
1	1	UID18993	1	1	0	0
1	1	UID18998	1	1	0	0
1	1	UID19019	1	1	0	0
1	1	UID19020	1	1	0	0
1	1	UID19023	1	1	0	0
1	1	UID19041	1	1	0	0
1	1	UID19045	1	1	0	0
1	1	UID19047	1	1	0	0
1	1	UID19062	1	1	0	0
1	1	UID19063	1	1	0	0
1	1	UID19064	1	1	0	0
1	1	UID19067	1	1	0	0
1	1	UID19082	1	1	0	0
1	1	UID19083	1	1	0	0
1	1	UID19085	1	1	0	0
1	1	UID19121	1	1	0	0
1	1	UID19135	1	1	0	0
1	1	UID19151	1	1	0	0
1	1	UID19152	1	1	0	0
6	6	UID19153	1	6	2	2
1	1	UID19169	1	1	0	0
1	1	UID19170	1	1	0	0
1	1	UID19171	1	1	0	0
1	1	UID19174	1	1	0	0
1	1	UID19186	1	1	0	0
1	1	UID19187	1	1	0	0
1	1	UID19203	1	1	0	0
1	1	UID19205	1	1	0	0
1	1	UID19206	1	1	0	0
1	1	UID19207	1	1	0	0
1	1	UID19212	1	1	0	0
1	1	UID19222	1	1	0	0
1	1	UID19224	1	1	0	0
1	1	UID19241	1	1	0	0
1	1	UID19245	1	1	0	0
1	1	UID19246	1	1	0	0
1	1	UID19249	1	1	0	0
1	1	UID19254	1	1	0	0
1	1	UID19260	1	1	0	0
1	1	UID19265	1	1	0	0
1	1	UID19270	1	1	0	0
1	1	UID19271	1	1	0	0
1	1	UID19272	1	1	0	0
1	1	UID19273	1	1	0	0
1	1	UID19274	1	1	0	0
1	1	UID19275	1	1	0	0
1	1	UID19276	1	1	0	0
1	1	UID19309	1	1	0	0
1	1	UID19319	1	1	0	0
1	1	UID19320	1	1	0	0
1	1	UID19321	1	1	0	0
1	1	UID19325	1	1	0	0
1	1	UID19337	1	1	0	0
1	1	UID19343	1	1	0	0
1	1	UID19361	1	1	0	0
1	1	UID19364	1	1	0	0
1	1	UID19367	1	1	0	0
1	1	UID19379	1	1	0	0
1	1	UID19387	1	1	0	0
1	1	UID19391	1	1	0	0
1	1	UID19396	1	1	0	0
1	1	UID19397	1	1	0	0
1	1	UID19399	1	1	0	0
1	1	UID19408	1	1	0	0
1	1	UID19411	1	1	0	0
1	1	UID19421	1	1	0	0
1	1	UID19428	1	1	0	0
1	1	UID19450	1	1	0	0
1	1	UID19451	1	1	0	0
1	1	UID19458	1	1	0	0
1	1	UID19464	1	1	0	0
1	1	UID19466	1	1	0	0
1	1	UID19480	1	1	0	0
1	1	UID19483	1	1	0	0
1	1	UID19484	1	1	0	0
1	1	UID19491	1	1	0	0
1	1	UID19495	1	1	0	0
1	1	UID19497	1	1	0	0
1	1	UID19501	1	1	0	0
1	1	UID19504	1	1	0	0
1	1	UID19522	1	1	0	0
1	1	UID19523	1	1	0	0
1	1	UID19524	1	1	0	0
1	1	UID19536	1	1	0	0
1	1	UID19539	1	1	0	0
1	1	UID19541	1	1	0	0
1	1	UID19542	1	1	0	0
1	1	UID19551	1	1	0	0
1	1	UID19558	1	1	0	0
1	1	UID19562	1	1	0	0
1	1	UID19566	1	1	0	0
1	1	UID19578	1	1	0	0
1	1	UID19587	1	1	0	0
1	1	UID19592	1	1	0	0
1	1	UID19598	1	1	0	0
1	1	UID19601	1	1	0	0
1	1	UID19602	1	1	0	0
1	1	UID19606	1	1	0	0
1	1	UID19610	1	1	0	0
1	1	UID19619	1	1	0	0
1	1	UID19623	1	1	0	0
1	1	UID19625	1	1	0	0
1	1	UID19626	1	1	0	0
1	1	UID19640	1	1	0	0
1	1	UID19644	1	1	0	0
1	1	UID19646	1	1	0	0
1	1	UID19647	1	1	0	0
2	2	UID19648	1	2	1	1
1	1	UID19649	1	1	0	0
1	1	UID19650	1	1	0	0
1	1	UID19653	1	1	0	0
1	1	UID19656	1	1	0	0
1	1	UID19675	1	1	0	0
1	1	UID19683	1	1	0	0
1	1	UID19684	1	1	0	0
1	1	UID19692	1	1	0	0
1	1	UID19697	1	1	0	0
1	1	UID19698	1	1	0	0
1	1	UID19699	1	1	0	0
1	1	UID19709	1	1	0	0
1	1	UID19713	1	1	0	0
1	1	UID19715	1	1	0	0
1	1	UID19718	1	1	0	0
1	1	UID19719	1	1	0	0
1	1	UID19720	1	1	0	0
1	1	UID19738	1	1	0	0
1	1	UID19739	1	1	0	0
1	1	UID19742	1	1	0	0
1	1	UID19743	1	1	0	0
3	3	UID19753	1	3	2	2
1	1	UID19757	1	1	0	0
1	1	UID19761	1	1	0	0
1	1	UID19764	1	1	0	0
1	1	UID19767	1	1	0	0
1	1	UID19768	1	1	0	0
1	1	UID19769	1	1	0	0
1	1	UID19770	1	1	0	0
1	1	UID19786	1	1	0	0
1	1	UID19787	1	1	0	0
1	1	UID19789	1	1	0	0
1	1	UID19790	1	1	0	0
1	1	UID19791	1	1	0	0
1	1	UID19792	1	1	0	0
1	1	UID19797	1	1	0	0
1	1	UID19800	1	1	0	0
1	1	UID19802	1	1	0	0
1	1	UID19812	1	1	0	0
1	1	UID19828	1	1	0	0
1	1	UID19832	1	1	0	0
1	1	UID19834	1	1	0	0
1	1	UID19836	1	1	0	0
1	1	UID19844	1	1	0	0
1	1	UID19847	1	1	0	0
1	1	UID19848	1	1	0	0
1	1	UID19851	1	1	0	0
1	1	UID19852	1	1	0	0
1	1	UID19854	1	1	0	0
1	1	UID19863	1	1	0	0
1	1	UID19865	1	1	0	0
1	1	UID19868	1	1	0	0
1	1	UID19878	1	1	0	0
1	1	UID19880	1	1	0	0
1	1	UID19884	1	1	0	0
1	1	UID19889	1	1	0	0
1	1	UID19890	1	1	0	0
1	1	UID19892	1	1	0	0
1	1	UID19894	1	1	0	0
1	1	UID19903	1	1	0	0
1	1	UID19904	1	1	0	0
1	1	UID19905	1	1	0	0
1	1	UID19907	1	1	0	0
1	1	UID19909	1	1	0	0
1	1	UID19912	1	1	0	0
1	1	UID19914	1	1	0	0
1	1	UID19915	1	1	0	0
1	1	UID19917	1	1	0	0
1	1	UID19919	1	1	0	0
1	1	UID19920	1	1	0	0
1	1	UID19921	1	1	0	0
1	1	UID19924	1	1	0	0
1	1	UID19933	1	1	0	0
1	1	UID19938	1	1	0	0
1	1	UID19940	1	1	0	0
1	1	UID19942	1	1	0	0
1	1	UID19948	1	1	0	0
1	1	UID19951	1	1	0	0
1	1	UID19952	1	1	0	0
1	1	UID19953	1	1	0	0
1	1	UID19962	1	1	0	0
1	1	UID19965	1	1	0	0
1	1	UID19966	1	1	0	0
1	1	UID19967	1	1	0	0
1	1	UID19983	1	1	0	0
1	1	UID19984	1	1	0	0
1	1	UID19986	1	1	0	0
1	1	UID19988	1	1	0	0
1	1	UID19991	1	1	0	0
1	1	UID19995	1	1	0	0
1	1	UID19996	1	1	0	0
1	1	UID19998	1	1	0	0
1	1	UID20005	1	1	0	0
1	1	UID20026	1	1	0	0
1	1	UID20035	1	1	0	0
1	1	UID20037	1	1	0	0
1	1	UID20041	1	1	0	0
1	1	UID20042	1	1	0	0
1	1	UID20043	1	1	0	0
1	1	UID20044	1	1	0	0
1	1	UID20046	1	1	0	0
1	1	UID20051	1	1	0	0
1	1	UID20056	1	1	0	0
1	1	UID20070	1	1	0	0
1	1	UID20078	1	1	0	0
1	1	UID20087	1	1	0	0
1	1	UID20090	1	1	0	0
1	1	UID20092	1	1	0	0
1	1	UID20094	1	1	0	0
1	1	UID20100	1	1	0	0
1	1	UID20103	1	1	0	0
1	1	UID20104	1	1	0	0
1	1	UID20106	1	1	0	0
1	1	UID20113	1	1	0	0
1	1	UID20119	1	1	0	0
1	1	UID20120	1	1	0	0
1	1	UID20124	1	1	0	0
1	1	UID20131	1	1	0	0
1	1	UID20133	1	1	0	0
1	1	UID20134	1	1	0	0
1	1	UID20142	1	1	0	0
1	1	UID20143	1	1	0	0
1	1	UID20146	1	1	0	0
1	1	UID20148	1	1	0	0
1	1	UID20151	1	1	0	0
1	1	UID20152	1	1	0	0
1	1	UID20153	1	1	0	0
1	1	UID20158	1	1	0	0
1	1	UID20161	1	1	0	0
1	1	UID20163	1	1	0	0
1	1	UID20164	1	1	0	0
1	1	UID20165	1	1	0	0
1	1	UID20174	1	1	0	0
1	1	UID20175	1	1	0	0
1	1	UID20178	1	1	0	0
1	1	UID20179	1	1	0	0
1	1	UID20195	1	1	0	0
1	1	UID20200	1	1	0	0
1	1	UID20208	1	1	0	0
1	1	UID20212	1	1	0	0
1	1	UID20213	1	1	0	0
1	1	UID20215	1	1	0	0
1	1	UID20216	1	1	0	0
1	1	UID20218	1	1	0	0
1	1	UID20219	1	1	0	0
1	1	UID20220	1	1	0	0
1	1	UID20221	1	1	0	0
1	1	UID20223	1	1	0	0
1	1	UID20227	1	1	0	0
1	1	UID20240	1	1	0	0
1	1	UID20241	1	1	0	0
1	1	UID20244	1	1	0	0
1	1	UID20245	1	1	0	0
1	1	UID20247	1	1	0	0
1	1	UID20248	1	1	0	0
1	1	UID20253	1	1	0	0
1	1	UID20254	1	1	0	0
1	1	UID20257	1	1	0	0
1	1	UID20258	1	1	0	0
1	1	UID20260	1	1	0	0
1	1	UID20273	1	1	0	0
1	1	UID20275	1	1	0	0
1	1	UID20278	1	1	0	0
1	1	UID20283	1	1	0	0
1	1	UID20285	1	1	0	0
1	1	UID20286	1	1	0	0
1	1	UID20291	1	1	0	0
1	1	UID20293	1	1	0	0
1	1	UID20300	1	1	0	0
1	1	UID20327	1	1	0	0
1	1	UID20328	1	1	0	0
1	1	UID20332	1	1	0	0
1	1	UID20334	1	1	0	0
1	1	UID20335	1	1	0	0
1	1	UID20338	1	1	0	0
1	1	UID20340	1	1	0	0
1	1	UID20345	1	1	0	0
1	1	UID20346	1	1	0	0
1	1	UID20354	1	1	0	0
1	1	UID20356	1	1	0	0
1	1	UID20358	1	1	0	0
1	1	UID20361	1	1	0	0
1	1	UID20362	1	1	0	0
1	1	UID20370	1	1	0	0
1	1	UID20371	1	1	0	0
1	1	UID20372	1	1	0	0
1	1	UID20375	1	1	0	0
1	1	UID20376	1	1	0	0
1	1	UID20377	1	1	0	0
1	1	UID20379	1	1	0	0
1	1	UID20380	1	1	0	0
1	1	UID20381	1	1	0	0
1	1	UID20383	1	1	0	0
1	1	UID20387	1	1	0	0
1	1	UID20388	1	1	0	0
1	1	UID20400	1	1	0	0
1	1	UID20401	1	1	0	0
1	1	UID20402	1	1	0	0
1	1	UID20403	1	1	0	0
1	1	UID20404	1	1	0	0
1	1	UID20405	1	1	0	0
1	1	UID20406	1	1	0	0
1	1	UID20410	1	1	0	0
1	1	UID20411	1	1	0	0
1	1	UID20412	1	1	0	0
1	1	UID20413	1	1	0	0
1	1	UID20418	1	1	0	0
1	1	UID20420	1	1	0	0
4	4	UID20421	1	4	2	2
1	1	UID20424	1	1	0	0
1	1	UID20425	1	1	0	0
1	1	UID20429	1	1	0	0
1	1	UID20436	1	1	0	0
1	1	UID20445	1	1	0	0
1	1	UID20458	1	1	0	0
1	1	UID20466	1	1	0	0
1	1	UID20475	1	1	0	0
1	1	UID20478	1	1	0	0
1	1	UID20481	1	1	0	0
1	1	UID20484	1	1	0	0
1	1	UID20501	1	1	0	0
1	1	UID20502	1	1	0	0
1	1	UID20505	1	1	0	0
1	1	UID20508	1	1	0	0
1	1	UID20511	1	1	0	0
1	1	UID20512	1	1	0	0
1	1	UID20520	1	1	0	0
1	1	UID20522	1	1	0	0
1	1	UID20523	1	1	0	0
1	1	UID20524	1	1	0	0
1	1	UID20525	1	1	0	0
1	1	UID20535	1	1	0	0
1	1	UID20538	1	1	0	0
1	1	UID20539	1	1	0	0
1	1	UID20542	1	1	0	0
1	1	UID20544	1	1	0	0
1	1	UID20554	1	1	0	0
1	1	UID20563	1	1	0	0
1	1	UID20564	1	1	0	0
1	1	UID20565	1	1	0	0
1	1	UID20570	1	1	0	0
1	1	UID20572	1	1	0	0
1	1	UID20586	1	1	0	0
1	1	UID20587	1	1	0	0
1	1	UID20592	1	1	0	0
1	1	UID20593	1	1	0	0
1	1	UID20595	1	1	0	0
1	1	UID20599	1	1	0	0
1	1	UID20600	1	1	0	0
1	1	UID20601	1	1	0	0
1	1	UID20607	1	1	0	0
1	1	UID20615	1	1	0	0
1	1	UID20618	1	1	0	0
1	1	UID20623	1	1	0	0
1	1	UID20625	1	1	0	0
1	1	UID20631	1	1	0	0
1	1	UID20634	1	1	0	0
1	1	UID20638	1	1	0	0
1	1	UID20658	1	1	0	0
1	1	UID20660	1	1	0	0
1	1	UID20661	1	1	0	0
1	1	UID20666	1	1	0	0
1	1	UID20667	1	1	0	0
1	1	UID20668	1	1	0	0
1	1	UID20681	1	1	0	0
1	1	UID20683	1	1	0	0
1	1	UID20687	1	1	0	0
1	1	UID20688	1	1	0	0
1	1	UID20693	1	1	0	0
1	1	UID20695	1	1	0	0
1	1	UID20703	1	1	0	0
1	1	UID20704	1	1	0	0
1	1	UID20705	1	1	0	0
1	1	UID20706	1	1	0	0
1	1	UID20709	1	1	0	0
1	1	UID20712	1	1	0	0
1	1	UID20714	1	1	0	0
1	1	UID20715	1	1	0	0
1	1	UID20718	1	1	0	0
1	1	UID20719	1	1	0	0
1	1	UID20721	1	1	0	0
1	1	UID20722	1	1	0	0
1	1	UID20723	1	1	0	0
1	1	UID20729	1	1	0	0
1	1	UID20734	1	1	0	0
1	1	UID20736	1	1	0	0
1	1	UID20757	1	1	0	0
1	1	UID20758	1	1	0	0
1	1	UID20761	1	1	0	0
1	1	UID20762	1	1	0	0
1	1	UID20764	1	1	0	0
1	1	UID20765	1	1	0	0
1	1	UID20766	1	1	0	0
1	1	UID20767	1	1	0	0
1	1	UID20768	1	1	0	0
1	1	UID20774	1	1	0	0
1	1	UID20775	1	1	0	0
1	1	UID20776	1	1	0	0
1	1	UID20777	1	1	0	0
1	1	UID20778	1	1	0	0
1	1	UID20783	1	1	0	0
1	1	UID20786	1	1	0	0
1	1	UID20787	1	1	0	0
1	1	UID20790	1	1	0	0
1	1	UID20795	1	1	0	0
1	1	UID20796	1	1	0	0
1	1	UID20797	1	1	0	0
1	1	UID20815	1	1	0	0
1	1	UID20817	1	1	0	0
1	1	UID20819	1	1	0	0
1	1	UID20822	1	1	0	0
1	1	UID20823	1	1	0	0
1	1	UID20824	1	1	0	0
1	1	UID20828	1	1	0	0
1	1	UID20833	1	1	0	0
1	1	UID20835	1	1	0	0
1	1	UID20838	1	1	0	0
1	1	UID20841	1	1	0	0
1	1	UID20842	1	1	0	0
1	1	UID20847	1	1	0	0
1	1	UID20850	1	1	0	0
1	1	UID20851	1	1	0	0
1	1	UID20854	1	1	0	0
1	1	UID20871	1	1	0	0
1	1	UID20875	1	1	0	0
1	1	UID20882	1	1	0	0
1	1	UID20887	1	1	0	0
1	1	UID20890	1	1	0	0
1	1	UID20891	1	1	0	0
1	1	UID20892	1	1	0	0
1	1	UID20896	1	1	0	0
1	1	UID20898	1	1	0	0
1	1	UID20899	1	1	0	0
1	1	UID20901	1	1	0	0
1	1	UID20902	1	1	0	0
1	1	UID20905	1	1	0	0
1	1	UID20906	1	1	0	0
1	1	UID20909	1	1	0	0
1	1	UID20912	1	1	0	0
1	1	UID20914	1	1	0	0
1	1	UID20919	1	1	0	0
1	1	UID20925	1	1	0	0
1	1	UID20927	1	1	0	0
1	1	UID20931	1	1	0	0
1	1	UID20932	1	1	0	0
1	1	UID20938	1	1	0	0
1	1	UID20939	1	1	0	0
1	1	UID20940	1	1	0	0
1	1	UID20942	1	1	0	0
1	1	UID20948	1	1	0	0
1	1	UID20949	1	1	0	0
1	1	UID20952	1	1	0	0
1	1	UID20962	1	1	0	0
1	1	UID20963	1	1	0	0
1	1	UID20967	1	1	0	0
1	1	UID20968	1	1	0	0
1	1	UID20969	1	1	0	0
1	1	UID20973	1	1	0	0
1	1	UID20975	1	1	0	0
1	1	UID20976	1	1	0	0
1	1	UID20977	1	1	0	0
1	1	UID20978	1	1	0	0
1	1	UID20982	1	1	0	0
1	1	UID20999	1	1	0	0
1	1	UID21002	1	1	0	0
1	1	UID21004	1	1	0	0
1	1	UID21007	1	1	0	0
1	1	UID21008	1	1	0	0
1	1	UID21011	1	1	0	0
1	1	UID21030	1	1	0	0
1	1	UID21038	1	1	0	0
1	1	UID21046	1	1	0	0
1	1	UID21052	1	1	0	0
1	1	UID21058	1	1	0	0
1	1	UID21067	1	1	0	0
1	1	UID21068	1	1	0	0
1	1	UID21074	1	1	0	0
1	1	UID21088	1	1	0	0
1	1	UID21091	1	1	0	0
1	1	UID21099	1	1	0	0
1	1	UID21101	1	1	0	0
1	1	UID21107	1	1	0	0
1	1	UID21111	1	1	0	0
1	1	UID21113	1	1	0	0
1	1	UID21114	1	1	0	0
1	1	UID21115	1	1	0	0
1	1	UID21116	1	1	0	0
1	1	UID21118	1	1	0	0
1	1	UID21120	1	1	0	0
1	1	UID21122	1	1	0	0
1	1	UID21125	1	1	0	0
1	1	UID21127	1	1	0	0
1	1	UID21129	1	1	0	0
1	1	UID21145	1	1	0	0
1	1	UID21152	1	1	0	0
1	1	UID21158	1	1	0	0
1	1	UID21159	1	1	0	0
1	1	UID21163	1	1	0	0
1	1	UID21164	1	1	0	0
1	1	UID21165	1	1	0	0
1	1	UID21166	1	1	0	0
1	1	UID21167	1	1	0	0
1	1	UID21169	1	1	0	0
1	1	UID21170	1	1	0	0
1	1	UID21171	1	1	0	0
1	1	UID21174	1	1	0	0
1	1	UID21175	1	1	0	0
1	1	UID21176	1	1	0	0
1	1	UID21177	1	1	0	0
1	1	UID21178	1	1	0	0
1	1	UID21179	1	1	0	0
1	1	UID21180	1	1	0	0
1	1	UID21181	1	1	0	0
1	1	UID21182	1	1	0	0
1	1	UID21183	1	1	0	0
1	1	UID21184	1	1	0	0
1	1	UID21185	1	1	0	0
1	1	UID21192	1	1	0	0
1	1	UID21197	1	1	0	0
1	1	UID21203	1	1	0	0
1	1	UID21216	1	1	0	0
1	1	UID21219	1	1	0	0
1	1	UID21221	1	1	0	0
1	1	UID21224	1	1	0	0
1	1	UID21229	1	1	0	0
1	1	UID21232	1	1	0	0
1	1	UID21233	1	1	0	0
1	1	UID21234	1	1	0	0
1	1	UID21244	1	1	0	0
1	1	UID21245	1	1	0	0
1	1	UID21247	1	1	0	0
1	1	UID21250	1	1	0	0
1	1	UID21251	1	1	0	0
1	1	UID21262	1	1	0	0
1	1	UID21267	1	1	0	0
1	1	UID21293	1	1	0	0
1	1	UID21297	1	1	0	0
1	1	UID21300	1	1	0	0
1	1	UID21306	1	1	0	0
1	1	UID21308	1	1	0	0
1	1	UID21310	1	1	0	0
1	1	UID21311	1	1	0	0
1	1	UID21312	1	1	0	0
1	1	UID21313	1	1	0	0
2	2	UID21314	1	2	1	1
1	1	UID21315	1	1	0	0
1	1	UID21316	1	1	0	0
1	1	UID21317	1	1	0	0
1	1	UID21318	1	1	0	0
1	1	UID21320	1	1	0	0
1	1	UID21330	1	1	0	0
1	1	UID21333	1	1	0	0
1	1	UID21343	1	1	0	0
1	1	UID21347	1	1	0	0
1	1	UID21350	1	1	0	0
1	1	UID21352	1	1	0	0
1	1	UID21355	1	1	0	0
1	1	UID21357	1	1	0	0
1	1	UID21360	1	1	0	0
1	1	UID21361	1	1	0	0
1	1	UID21362	1	1	0	0
1	1	UID21364	1	1	0	0
1	1	UID21365	1	1	0	0
1	1	UID21369	1	1	0	0
1	1	UID21373	1	1	0	0
1	1	UID21374	1	1	0	0
1	1	UID21379	1	1	0	0
1	1	UID21388	1	1	0	0
1	1	UID21391	1	1	0	0
1	1	UID21395	1	1	0	0
1	1	UID21419	1	1	0	0
1	1	UID21421	1	1	0	0
1	1	UID21423	1	1	0	0
1	1	UID21425	1	1	0	0
1	1	UID21426	1	1	0	0
1	1	UID21428	1	1	0	0
1	1	UID21435	1	1	0	0
1	1	UID21436	1	1	0	0
1	1	UID21438	1	1	0	0
1	1	UID21442	1	1	0	0
1	1	UID21443	1	1	0	0
1	1	UID21444	1	1	0	0
1	1	UID21445	1	1	0	0
1	1	UID21446	1	1	0	0
1	1	UID21449	1	1	0	0
1	1	UID21450	1	1	0	0
1	1	UID21467	1	1	0	0
1	1	UID21481	1	1	0	0
1	1	UID21489	1	1	0	0
1	1	UID21490	1	1	0	0
1	1	UID21491	1	1	0	0
1	1	UID21492	1	1	0	0
1	1	UID21497	1	1	0	0
1	1	UID21504	1	1	0	0
1	1	UID21508	1	1	0	0
1	1	UID21512	1	1	0	0
1	1	UID21513	1	1	0	0
1	1	UID21514	1	1	0	0
1	1	UID21515	1	1	0	0
1	1	UID21518	1	1	0	0
1	1	UID21540	1	1	0	0
1	1	UID21544	1	1	0	0
1	1	UID21546	1	1	0	0
1	1	UID21548	1	1	0	0
1	1	UID21552	1	1	0	0
1	1	UID21554	1	1	0	0
1	1	UID21556	1	1	0	0
1	1	UID21559	1	1	0	0
1	1	UID21571	1	1	0	0
1	1	UID21578	1	1	0	0
1	1	UID21579	1	1	0	0
1	1	UID21583	1	1	0	0
1	1	UID21585	1	1	0	0
1	1	UID21587	1	1	0	0
1	1	UID21588	1	1	0	0
1	1	UID21600	1	1	0	0
1	1	UID21602	1	1	0	0
1	1	UID21605	1	1	0	0
1	1	UID21608	1	1	0	0
1	1	UID21611	1	1	0	0
1	1	UID21626	1	1	0	0
1	1	UID21631	1	1	0	0
1	1	UID21635	1	1	0	0
1	1	UID21644	1	1	0	0
1	1	UID21649	1	1	0	0
1	1	UID21651	1	1	0	0
1	1	UID21652	1	1	0	0
1	1	UID21655	1	1	0	0
1	1	UID21657	1	1	0	0
1	1	UID21664	1	1	0	0
1	1	UID21670	1	1	0	0
1	1	UID21671	1	1	0	0
1	1	UID21672	1	1	0	0
1	1	UID21694	1	1	0	0
1	1	UID21698	1	1	0	0
1	1	UID21699	1	1	0	0
1	1	UID21701	1	1	0	0
1	1	UID21709	1	1	0	0
1	1	UID21710	1	1	0	0
1	1	UID21711	1	1	0	0
1	1	UID21712	1	1	0	0
1	1	UID21713	1	1	0	0
1	1	UID21714	1	1	0	0
1	1	UID21716	1	1	0	0
1	1	UID21722	1	1	0	0
1	1	UID21723	1	1	0	0
3	3	UID21724	1	3	2	2
1	1	UID21726	1	1	0	0
1	1	UID21727	1	1	0	0
1	1	UID21730	1	1	0	0
1	1	UID21731	1	1	0	0
1	1	UID21742	1	1	0	0
1	1	UID21748	1	1	0	0
1	1	UID21753	1	1	0	0
1	1	UID21755	1	1	0	0
1	1	UID21761	1	1	0	0
1	1	UID21763	1	1	0	0
1	1	UID21765	1	1	0	0
1	1	UID21768	1	1	0	0
1	1	UID21772	1	1	0	0
1	1	UID21774	1	1	0	0
1	1	UID21782	1	1	0	0
1	1	UID21787	1	1	0	0
1	1	UID21789	1	1	0	0
1	1	UID21804	1	1	0	0
1	1	UID21805	1	1	0	0
1	1	UID21817	1	1	0	0
1	1	UID21822	1	1	0	0
1	1	UID21832	1	1	0	0
1	1	UID21833	1	1	0	0
1	1	UID21838	1	1	0	0
1	1	UID21847	1	1	0	0
1	1	UID21858	1	1	0	0
1	1	UID21866	1	1	0	0
1	1	UID21867	1	1	0	0
1	1	UID21869	1	1	0	0
1	1	UID21876	1	1	0	0
1	1	UID21883	1	1	0	0
1	1	UID21892	1	1	0	0
1	1	UID21893	1	1	0	0
1	1	UID21895	1	1	0	0
1	1	UID21898	1	1	0	0
1	1	UID21899	1	1	0	0
1	1	UID21907	1	1	0	0
1	1	UID21908	1	1	0	0
1	1	UID21912	1	1	0	0
1	1	UID21930	1	1	0	0
1	1	UID21934	1	1	0	0
1	1	UID21936	1	1	0	0
1	1	UID21937	1	1	0	0
1	1	UID21941	1	1	0	0
1	1	UID21944	1	1	0	0
1	1	UID21947	1	1	0	0
1	1	UID21948	1	1	0	0
1	1	UID21955	1	1	0	0
1	1	UID21958	1	1	0	0
1	1	UID21959	1	1	0	0
1	1	UID21965	1	1	0	0
1	1	UID21966	1	1	0	0
1	1	UID21968	1	1	0	0
1	1	UID21969	1	1	0	0
1	1	UID21970	1	1	0	0
1	1	UID21990	1	1	0	0
1	1	UID21993	1	1	0	0
1	1	UID21996	1	1	0	0
1	1	UID22001	1	1	0	0
1	1	UID22002	1	1	0	0
1	1	UID22008	1	1	0	0
1	1	UID22009	1	1	0	0
1	1	UID22014	1	1	0	0
1	1	UID22015	1	1	0	0
1	1	UID22023	1	1	0	0
1	1	UID22026	1	1	0	0
1	1	UID22030	1	1	0	0
1	1	UID22037	1	1	0	0
1	1	UID22043	1	1	0	0
1	1	UID22044	1	1	0	0
1	1	UID22045	1	1	0	0
1	1	UID22062	1	1	0	0
1	1	UID22066	1	1	0	0
1	1	UID22069	1	1	0	0
1	1	UID22071	1	1	0	0
1	1	UID22075	1	1	0	0
1	1	UID22078	1	1	0	0
1	1	UID22091	1	1	0	0
1	1	UID22093	1	1	0	0
1	1	UID22097	1	1	0	0
1	1	UID22098	1	1	0	0
1	1	UID22100	1	1	0	0
1	1	UID22101	1	1	0	0
1	1	UID22108	1	1	0	0
1	1	UID22109	1	1	0	0
1	1	UID22112	1	1	0	0
1	1	UID22113	1	1	0	0
1	1	UID22116	1	1	0	0
1	1	UID22117	1	1	0	0
1	1	UID22124	1	1	0	0
1	1	UID22127	1	1	0	0
1	1	UID22144	1	1	0	0
1	1	UID22150	1	1	0	0
1	1	UID22160	1	1	0	0
1	1	UID22164	1	1	0	0
1	1	UID22167	1	1	0	0
1	1	UID22173	1	1	0	0
1	1	UID22179	1	1	0	0
1	1	UID22185	1	1	0	0
1	1	UID22186	1	1	0	0
1	1	UID22187	1	1	0	0
1	1	UID22191	1	1	0	0
1	1	UID22192	1	1	0	0
1	1	UID22194	1	1	0	0
1	1	UID22198	1	1	0	0
1	1	UID22200	1	1	0	0
1	1	UID22202	1	1	0	0
1	1	UID22207	1	1	0	0
1	1	UID22208	1	1	0	0
1	1	UID22227	1	1	0	0
1	1	UID22237	1	1	0	0
1	1	UID22243	1	1	0	0
1	1	UID22252	1	1	0	0
1	1	UID22254	1	1	0	0
1	1	UID22255	1	1	0	0
1	1	UID22261	1	1	0	0
1	1	UID22262	1	1	0	0
1	1	UID22264	1	1	0	0
1	1	UID22268	1	1	0	0
1	1	UID22276	1	1	0	0
1	1	UID22280	1	1	0	0
1	1	UID22291	1	1	0	0
1	1	UID22294	1	1	0	0
1	1	UID22295	1	1	0	0
1	1	UID22299	1	1	0	0
1	1	UID22300	1	1	0	0
1	1	UID22302	1	1	0	0
1	1	UID22325	1	1	0	0
1	1	UID22335	1	1	0	0
1	1	UID22346	1	1	0	0
1	1	UID22350	1	1	0	0
1	1	UID22351	1	1	0	0
1	1	UID22355	1	1	0	0
1	1	UID22357	1	1	0	0
1	1	UID22358	1	1	0	0
1	1	UID22363	1	1	0	0
1	1	UID22364	1	1	0	0
1	1	UID22365	1	1	0	0
1	1	UID22384	1	1	0	0
1	1	UID22385	1	1	0	0
1	1	UID22386	1	1	0	0
1	1	UID22393	1	1	0	0
1	1	UID22395	1	1	0	0
1	1	UID22422	1	1	0	0
1	1	UID22424	1	1	0	0
1	1	UID22432	1	1	0	0
1	1	UID22435	1	1	0	0
1	1	UID22438	1	1	0	0
1	1	UID22440	1	1	0	0
1	1	UID22441	1	1	0	0
1	1	UID22442	1	1	0	0
1	1	UID22448	1	1	0	0
1	1	UID22465	1	1	0	0
1	1	UID22468	1	1	0	0
1	1	UID22473	1	1	0	0
1	1	UID22474	1	1	0	0
1	1	UID22476	1	1	0	0
1	1	UID22478	1	1	0	0
1	1	UID22479	1	1	0	0
1	1	UID22494	1	1	0	0
1	1	UID22495	1	1	0	0
1	1	UID22496	1	1	0	0
1	1	UID22497	1	1	0	0
1	1	UID22498	1	1	0	0
1	1	UID22499	1	1	0	0
1	1	UID22501	1	1	0	0
1	1	UID22507	1	1	0	0
1	1	UID22511	1	1	0	0
1	1	UID22518	1	1	0	0
1	1	UID22521	1	1	0	0
1	1	UID22528	1	1	0	0
1	1	UID22529	1	1	0	0
1	1	UID22548	1	1	0	0
1	1	UID22550	1	1	0	0
1	1	UID22564	1	1	0	0
1	1	UID22572	1	1	0	0
1	1	UID22573	1	1	0	0
1	1	UID22580	1	1	0	0
1	1	UID22582	1	1	0	0
1	1	UID22596	1	1	0	0
1	1	UID22599	1	1	0	0
1	1	UID22	1	1	0	0
1	1	UID264	1	1	0	0
1	1	UID281	1	1	0	0
1	1	UID282	1	1	0	0
1	1	UID440	1	1	0	0
1	1	UID857	1	1	0	0
