4208	33845	UID329	18380	3355	4	4
86	187	UID12950	91	79	2	2
74	182	UID12952	91	63	2	2
73	170	UID13022	91	66	2	2
56	153	UID374	88	49	2	2
100	206	UID12951	82	87	2	2
59	143	UID12979	76	53	2	2
65	145	UID12976	74	61	2	2
63	140	UID13039	74	58	2	2
44	123	UID13012	73	38	2	2
71	148	UID12995	71	65	2	2
41	117	UID20596	68	34	2	2
48	113	UID13003	63	45	2	2
54	125	UID13009	61	49	2	2
57	122	UID12977	60	50	2	2
39	104	UID12999	60	34	2	2
60	133	UID12973	59	53	3	3
41	104	UID13080	59	36	2	2
40	101	UID13107	57	35	2	2
63	127	UID12954	56	55	2	2
66	131	UID12989	56	58	2	2
46	107	UID13025	56	41	2	2
45	102	UID13042	56	43	2	2
67	133	UID10341	55	59	2	2
42	99	UID13002	55	39	2	2
79	149	UID13053	55	70	3	3
42	104	UID13015	54	35	2	2
60	125	UID20595	54	54	2	2
37	93	UID8510	54	33	2	2
50	108	UID13068	53	47	2	2
43	101	UID12993	52	40	2	2
44	100	UID13065	52	41	2	2
46	100	UID13067	52	42	2	2
43	94	UID753	52	42	2	2
46	101	UID12987	51	40	2	2
44	95	UID12997	51	42	2	2
35	91	UID13074	51	31	1	1
56	111	UID2	51	52	4	4
47	99	UID13031	50	44	2	2
51	102	UID13041	50	49	2	2
38	92	UID13033	49	34	2	2
37	86	UID13045	48	34	2	2
53	106	UID13046	48	48	2	2
28	81	UID13069	48	24	2	2
57	106	UID13035	47	53	2	2
45	96	UID13032	46	40	2	2
34	87	UID13101	46	29	2	2
43	97	UID13037	45	38	2	2
39	86	UID13052	45	35	2	2
45	94	UID12983	44	39	2	2
25	68	UID13064	42	22	2	2
46	89	UID13011	41	42	2	2
33	79	UID13127	40	28	2	2
15	52	UID13123	36	13	1	1
35	79	UID1	36	30	2	2
21	50	UID13118	29	19	2	2
23	50	UID13093	28	22	2	2
23	52	UID13122	28	21	2	2
19	47	UID13138	28	17	2	2
23	52	UID13142	28	20	2	2
23	52	UID13109	27	19	1	1
21	48	UID13132	27	19	1	1
22	49	UID13110	25	19	2	2
18	45	UID13161	25	15	2	2
20	43	UID13134	24	19	1	1
19	43	UID13148	24	17	1	1
10	31	UID13165	22	9	2	2
21	44	UID13143	21	18	2	2
20	40	UID13177	21	19	2	2
14	34	UID13181	21	13	1	1
16	36	UID13185	21	15	1	1
14	33	UID13102	19	12	1	1
16	32	UID13129	17	15	2	2
18	34	UID13168	17	17	2	2
9	25	UID13192	17	8	2	2
14	30	UID13214	17	13	2	2
25	45	UID8611	17	23	2	2
9	25	UID8628	17	8	1	1
13	28	UID13186	16	12	1	1
22	38	UID13187	16	20	2	2
13	28	UID13258	16	12	1	1
18	32	UID13136	15	17	1	1
21	37	UID13189	15	18	1	1
14	27	UID13176	14	13	1	1
17	30	UID13221	14	16	1	1
17	29	UID13166	13	16	2	2
14	28	UID13198	13	12	2	2
7	19	UID13299	13	6	1	1
7	19	UID13534	13	6	1	1
14	26	UID13147	12	12	2	2
7	18	UID8614	12	6	1	1
11	22	UID13128	11	9	1	1
9	19	UID13164	11	8	2	2
9	19	UID13226	11	8	1	1
9	20	UID13246	11	7	1	1
13	23	UID13252	11	12	2	2
4	14	UID13457	11	3	1	1
10	19	UID13184	10	9	1	1
7	16	UID13199	10	6	2	2
5	14	UID13207	10	4	1	1
6	16	UID13223	10	4	2	2
9	18	UID13172	9	7	1	1
10	18	UID13188	9	9	1	1
4	12	UID13194	9	3	1	1
9	16	UID13160	8	8	1	1
6	13	UID13232	8	5	1	1
11	18	UID13277	8	10	1	1
2	9	UID13335	8	1	1	1
4	11	UID246	8	3	1	1
11	18	UID8599	8	10	1	1
1	7	UID13195	7	0	0	0
5	11	UID13222	7	4	1	1
7	13	UID13224	7	6	1	1
8	15	UID13272	7	6	2	2
6	12	UID13275	7	5	1	1
7	13	UID13342	7	6	1	1
3	9	UID13450	7	2	1	1
11	18	UID13883	7	9	2	2
6	11	UID13264	6	5	1	1
11	16	UID13288	6	10	1	1
3	8	UID13341	6	2	1	1
4	9	UID13415	6	3	1	1
3	8	UID13466	6	2	1	1
4	9	UID14089	6	3	1	1
7	12	UID8617	6	6	1	1
3	7	UID10219	5	2	1	1
7	12	UID13241	5	5	1	1
12	16	UID13265	5	11	1	1
2	6	UID13372	5	1	0	0
3	7	UID13417	5	2	1	1
3	7	UID13455	5	2	1	1
1	5	UID13456	5	0	0	0
4	8	UID13467	5	3	1	1
1	5	UID13615	5	0	0	0
1	5	UID17110	5	0	0	0
4	9	UID21881	5	2	1	1
4	7	UID13234	4	3	1	1
1	4	UID13248	4	0	0	0
7	10	UID13339	4	6	1	1
7	10	UID13376	4	6	1	1
3	6	UID13408	4	2	1	1
2	5	UID13460	4	1	0	0
2	5	UID13471	4	1	1	1
5	8	UID13544	4	4	1	1
4	7	UID13633	4	3	1	1
3	6	UID13863	4	2	1	1
4	7	UID16501	4	3	1	1
2	5	UID17571	4	1	1	1
4	7	UID18693	4	3	1	1
1	4	UID21887	4	0	0	0
3	6	UID21895	4	2	1	1
1	3	UID13336	3	0	0	0
3	5	UID13453	3	2	1	1
4	6	UID13462	3	3	1	1
2	4	UID13463	3	1	1	1
1	3	UID13491	3	0	0	0
4	6	UID13546	3	3	2	2
1	3	UID13607	3	0	0	0
3	5	UID13626	3	2	1	1
4	6	UID13870	3	3	1	1
2	4	UID14068	3	1	1	1
3	5	UID14078	3	2	1	1
3	5	UID17570	3	2	1	1
1	3	UID18443	3	0	0	0
4	6	UID18522	3	3	1	1
2	4	UID18897	3	1	1	1
1	3	UID19215	3	0	0	0
1	3	UID19416	3	0	0	0
3	5	UID21924	3	2	1	1
5	7	UID710	3	4	1	1
4	5	UID1192	2	3	1	1
6	7	UID13247	2	5	1	1
4	5	UID13459	2	3	1	1
4	5	UID13529	2	3	1	1
3	4	UID13622	2	2	1	1
3	4	UID13802	2	2	1	1
7	8	UID13848	2	6	1	1
2	3	UID13851	2	1	1	1
2	3	UID13880	2	1	1	1
6	8	UID14044	2	4	1	1
4	5	UID14058	2	3	1	1
3	4	UID1499	2	2	1	1
2	3	UID164	2	1	1	1
3	4	UID18487	2	2	1	1
6	7	UID18604	2	5	1	1
2	3	UID18647	2	1	1	1
3	4	UID18855	2	2	1	1
3	4	UID19892	2	2	1	1
3	4	UID21993	2	2	1	1
2	3	UID22005	2	1	1	1
3	4	UID22034	2	2	1	1
2	3	UID22114	2	1	1	1
2	3	UID22118	2	1	1	1
2	3	UID22119	2	1	1	1
2	3	UID22125	2	1	1	1
2	3	UID22127	2	1	1	1
1	2	UID286	2	0	0	0
1	2	UID71	2	0	0	0
1	1	UID1009	1	1	0	0
3	3	UID13390	1	3	1	1
4	4	UID13470	1	4	1	1
4	4	UID13545	1	4	1	1
5	5	UID13606	1	5	2	2
3	3	UID13884	1	3	1	1
3	3	UID14076	1	3	1	1
1	1	UID1484	1	1	0	0
4	4	UID18969	1	4	1	1
1	1	UID22209	1	1	0	0
1	1	UID22210	1	1	0	0
1	1	UID22213	1	1	0	0
1	1	UID22214	1	1	0	0
1	1	UID22217	1	1	0	0
1	1	UID22218	1	1	0	0
1	1	UID22219	1	1	0	0
1	1	UID22223	1	1	0	0
1	1	UID22249	1	1	0	0
1	1	UID22251	1	1	0	0
1	1	UID22257	1	1	0	0
1	1	UID22259	1	1	0	0
1	1	UID22260	1	1	0	0
1	1	UID22261	1	1	0	0
1	1	UID22267	1	1	0	0
1	1	UID22278	1	1	0	0
1	1	UID22281	1	1	0	0
1	1	UID22282	1	1	0	0
1	1	UID22283	1	1	0	0
1	1	UID22285	1	1	0	0
1	1	UID22319	1	1	0	0
1	1	UID22325	1	1	0	0
1	1	UID22330	1	1	0	0
1	1	UID22332	1	1	0	0
1	1	UID22334	1	1	0	0
1	1	UID22344	1	1	0	0
1	1	UID22348	1	1	0	0
1	1	UID22349	1	1	0	0
1	1	UID22352	1	1	0	0
1	1	UID22355	1	1	0	0
1	1	UID22356	1	1	0	0
1	1	UID22359	1	1	0	0
1	1	UID22367	1	1	0	0
1	1	UID22382	1	1	0	0
1	1	UID22384	1	1	0	0
1	1	UID22401	1	1	0	0
1	1	UID22405	1	1	0	0
1	1	UID22408	1	1	0	0
1	1	UID22416	1	1	0	0
1	1	UID22423	1	1	0	0
1	1	UID22465	1	1	0	0
1	1	UID22469	1	1	0	0
1	1	UID22488	1	1	0	0
1	1	UID22516	1	1	0	0
1	1	UID22524	1	1	0	0
6	6	UID22527	1	6	2	2
1	1	UID22534	1	1	0	0
1	1	UID22541	1	1	0	0
1	1	UID22544	1	1	0	0
1	1	UID22548	1	1	0	0
1	1	UID22550	1	1	0	0
1	1	UID22555	1	1	0	0
1	1	UID22560	1	1	0	0
1	1	UID22569	1	1	0	0
1	1	UID22602	1	1	0	0
1	1	UID22606	1	1	0	0
1	1	UID22610	1	1	0	0
1	1	UID22612	1	1	0	0
1	1	UID22626	1	1	0	0
1	1	UID22632	1	1	0	0
1	1	UID22633	1	1	0	0
1	1	UID22669	1	1	0	0
1	1	UID22675	1	1	0	0
1	1	UID22681	1	1	0	0
1	1	UID22684	1	1	0	0
1	1	UID22688	1	1	0	0
1	1	UID22713	1	1	0	0
1	1	UID22725	1	1	0	0
1	1	UID22731	1	1	0	0
1	1	UID22733	1	1	0	0
1	1	UID22737	1	1	0	0
1	1	UID22738	1	1	0	0
1	1	UID22740	1	1	0	0
1	1	UID22749	1	1	0	0
1	1	UID22770	1	1	0	0
1	1	UID22772	1	1	0	0
1	1	UID22784	1	1	0	0
1	1	UID22785	1	1	0	0
1	1	UID22791	1	1	0	0
1	1	UID22792	1	1	0	0
1	1	UID22794	1	1	0	0
1	1	UID22796	1	1	0	0
1	1	UID22799	1	1	0	0
1	1	UID22800	1	1	0	0
1	1	UID22814	1	1	0	0
1	1	UID22826	1	1	0	0
1	1	UID22828	1	1	0	0
1	1	UID22840	1	1	0	0
1	1	UID22841	1	1	0	0
1	1	UID22845	1	1	0	0
1	1	UID22849	1	1	0	0
1	1	UID22852	1	1	0	0
1	1	UID22854	1	1	0	0
1	1	UID22863	1	1	0	0
1	1	UID22884	1	1	0	0
1	1	UID22889	1	1	0	0
1	1	UID22897	1	1	0	0
1	1	UID22901	1	1	0	0
1	1	UID22919	1	1	0	0
1	1	UID22924	1	1	0	0
1	1	UID22930	1	1	0	0
1	1	UID22933	1	1	0	0
1	1	UID22934	1	1	0	0
1	1	UID22938	1	1	0	0
1	1	UID22962	1	1	0	0
1	1	UID22968	1	1	0	0
1	1	UID22969	1	1	0	0
1	1	UID22977	1	1	0	0
1	1	UID22979	1	1	0	0
1	1	UID22985	1	1	0	0
1	1	UID22986	1	1	0	0
1	1	UID22988	1	1	0	0
1	1	UID22990	1	1	0	0
1	1	UID22991	1	1	0	0
1	1	UID22992	1	1	0	0
1	1	UID22998	1	1	0	0
1	1	UID23005	1	1	0	0
1	1	UID23007	1	1	0	0
1	1	UID23008	1	1	0	0
1	1	UID23010	1	1	0	0
1	1	UID23013	1	1	0	0
1	1	UID23017	1	1	0	0
1	1	UID23024	1	1	0	0
1	1	UID23027	1	1	0	0
1	1	UID23028	1	1	0	0
1	1	UID23029	1	1	0	0
1	1	UID23031	1	1	0	0
1	1	UID23051	1	1	0	0
1	1	UID23053	1	1	0	0
1	1	UID23062	1	1	0	0
1	1	UID23068	1	1	0	0
1	1	UID23070	1	1	0	0
1	1	UID23074	1	1	0	0
1	1	UID23079	1	1	0	0
1	1	UID23083	1	1	0	0
1	1	UID23105	1	1	0	0
1	1	UID23107	1	1	0	0
1	1	UID23119	1	1	0	0
1	1	UID23123	1	1	0	0
1	1	UID23127	1	1	0	0
1	1	UID23145	1	1	0	0
1	1	UID23155	1	1	0	0
1	1	UID23157	1	1	0	0
1	1	UID23162	1	1	0	0
1	1	UID23164	1	1	0	0
1	1	UID23189	1	1	0	0
1	1	UID23192	1	1	0	0
1	1	UID23193	1	1	0	0
1	1	UID23205	1	1	0	0
1	1	UID23206	1	1	0	0
1	1	UID23207	1	1	0	0
1	1	UID23208	1	1	0	0
1	1	UID23209	1	1	0	0
1	1	UID23210	1	1	0	0
1	1	UID23211	1	1	0	0
1	1	UID23212	1	1	0	0
1	1	UID23213	1	1	0	0
1	1	UID23214	1	1	0	0
1	1	UID23217	1	1	0	0
1	1	UID23218	1	1	0	0
1	1	UID23219	1	1	0	0
1	1	UID23221	1	1	0	0
1	1	UID23232	1	1	0	0
1	1	UID23233	1	1	0	0
1	1	UID23234	1	1	0	0
1	1	UID23235	1	1	0	0
1	1	UID23239	1	1	0	0
1	1	UID23240	1	1	0	0
1	1	UID23243	1	1	0	0
1	1	UID23269	1	1	0	0
1	1	UID23274	1	1	0	0
1	1	UID23275	1	1	0	0
1	1	UID23276	1	1	0	0
1	1	UID23277	1	1	0	0
1	1	UID23281	1	1	0	0
1	1	UID23283	1	1	0	0
1	1	UID23300	1	1	0	0
1	1	UID23304	1	1	0	0
1	1	UID23306	1	1	0	0
1	1	UID23313	1	1	0	0
1	1	UID23316	1	1	0	0
1	1	UID23335	1	1	0	0
1	1	UID23345	1	1	0	0
1	1	UID23346	1	1	0	0
1	1	UID23348	1	1	0	0
1	1	UID23350	1	1	0	0
1	1	UID23372	1	1	0	0
1	1	UID23378	1	1	0	0
1	1	UID23392	1	1	0	0
1	1	UID23394	1	1	0	0
1	1	UID23398	1	1	0	0
1	1	UID23406	1	1	0	0
1	1	UID23407	1	1	0	0
1	1	UID23408	1	1	0	0
1	1	UID23410	1	1	0	0
1	1	UID23412	1	1	0	0
1	1	UID23413	1	1	0	0
1	1	UID23415	1	1	0	0
1	1	UID23416	1	1	0	0
1	1	UID23417	1	1	0	0
1	1	UID23420	1	1	0	0
1	1	UID23421	1	1	0	0
1	1	UID23422	1	1	0	0
1	1	UID23424	1	1	0	0
1	1	UID23425	1	1	0	0
1	1	UID23427	1	1	0	0
1	1	UID23432	1	1	0	0
1	1	UID23435	1	1	0	0
1	1	UID23436	1	1	0	0
1	1	UID23437	1	1	0	0
1	1	UID23439	1	1	0	0
1	1	UID23448	1	1	0	0
1	1	UID23457	1	1	0	0
1	1	UID23479	1	1	0	0
1	1	UID23480	1	1	0	0
1	1	UID23481	1	1	0	0
1	1	UID23488	1	1	0	0
1	1	UID23489	1	1	0	0
1	1	UID23490	1	1	0	0
1	1	UID23491	1	1	0	0
1	1	UID23492	1	1	0	0
1	1	UID23494	1	1	0	0
1	1	UID23495	1	1	0	0
1	1	UID23497	1	1	0	0
1	1	UID23510	1	1	0	0
1	1	UID23514	1	1	0	0
1	1	UID23543	1	1	0	0
1	1	UID23545	1	1	0	0
1	1	UID23546	1	1	0	0
1	1	UID23548	1	1	0	0
1	1	UID23550	1	1	0	0
1	1	UID23552	1	1	0	0
1	1	UID23553	1	1	0	0
1	1	UID23568	1	1	0	0
1	1	UID23574	1	1	0	0
1	1	UID23580	1	1	0	0
1	1	UID23601	1	1	0	0
1	1	UID23610	1	1	0	0
1	1	UID23614	1	1	0	0
1	1	UID23616	1	1	0	0
1	1	UID23617	1	1	0	0
1	1	UID23618	1	1	0	0
1	1	UID23620	1	1	0	0
1	1	UID23621	1	1	0	0
1	1	UID23623	1	1	0	0
1	1	UID23624	1	1	0	0
1	1	UID23625	1	1	0	0
1	1	UID23626	1	1	0	0
1	1	UID23627	1	1	0	0
1	1	UID23628	1	1	0	0
1	1	UID23634	1	1	0	0
1	1	UID23638	1	1	0	0
1	1	UID23657	1	1	0	0
1	1	UID23659	1	1	0	0
1	1	UID23661	1	1	0	0
1	1	UID23669	1	1	0	0
1	1	UID23679	1	1	0	0
1	1	UID23707	1	1	0	0
1	1	UID23709	1	1	0	0
1	1	UID23712	1	1	0	0
1	1	UID23713	1	1	0	0
1	1	UID23725	1	1	0	0
1	1	UID23726	1	1	0	0
1	1	UID23730	1	1	0	0
1	1	UID23732	1	1	0	0
1	1	UID23741	1	1	0	0
1	1	UID23774	1	1	0	0
1	1	UID23778	1	1	0	0
1	1	UID23784	1	1	0	0
1	1	UID23786	1	1	0	0
1	1	UID23807	1	1	0	0
1	1	UID23823	1	1	0	0
1	1	UID23838	1	1	0	0
1	1	UID23839	1	1	0	0
1	1	UID23843	1	1	0	0
1	1	UID23866	1	1	0	0
1	1	UID23868	1	1	0	0
1	1	UID23872	1	1	0	0
1	1	UID23878	1	1	0	0
1	1	UID23880	1	1	0	0
1	1	UID23881	1	1	0	0
1	1	UID23914	1	1	0	0
1	1	UID23916	1	1	0	0
1	1	UID23918	1	1	0	0
1	1	UID23932	1	1	0	0
1	1	UID23938	1	1	0	0
1	1	UID23957	1	1	0	0
1	1	UID23963	1	1	0	0
1	1	UID23968	1	1	0	0
1	1	UID23983	1	1	0	0
1	1	UID23986	1	1	0	0
1	1	UID23988	1	1	0	0
1	1	UID23990	1	1	0	0
1	1	UID23992	1	1	0	0
1	1	UID23993	1	1	0	0
2	2	UID24013	1	2	1	1
1	1	UID24014	1	1	0	0
1	1	UID24022	1	1	0	0
1	1	UID24026	1	1	0	0
1	1	UID24036	1	1	0	0
1	1	UID24049	1	1	0	0
1	1	UID24053	1	1	0	0
1	1	UID24057	1	1	0	0
1	1	UID24062	1	1	0	0
1	1	UID24065	1	1	0	0
1	1	UID24071	1	1	0	0
1	1	UID24073	1	1	0	0
1	1	UID24080	1	1	0	0
1	1	UID24082	1	1	0	0
1	1	UID24083	1	1	0	0
1	1	UID24086	1	1	0	0
1	1	UID24099	1	1	0	0
1	1	UID24108	1	1	0	0
1	1	UID24111	1	1	0	0
1	1	UID24120	1	1	0	0
1	1	UID24124	1	1	0	0
1	1	UID24144	1	1	0	0
1	1	UID24146	1	1	0	0
1	1	UID24147	1	1	0	0
1	1	UID24150	1	1	0	0
1	1	UID24151	1	1	0	0
1	1	UID24170	1	1	0	0
1	1	UID24172	1	1	0	0
1	1	UID24175	1	1	0	0
1	1	UID24193	1	1	0	0
1	1	UID24203	1	1	0	0
1	1	UID24213	1	1	0	0
1	1	UID24230	1	1	0	0
1	1	UID24232	1	1	0	0
1	1	UID24234	1	1	0	0
1	1	UID24237	1	1	0	0
1	1	UID24239	1	1	0	0
1	1	UID24242	1	1	0	0
1	1	UID24246	1	1	0	0
1	1	UID24260	1	1	0	0
1	1	UID24262	1	1	0	0
1	1	UID24263	1	1	0	0
1	1	UID24281	1	1	0	0
1	1	UID24282	1	1	0	0
1	1	UID24284	1	1	0	0
1	1	UID24285	1	1	0	0
1	1	UID24287	1	1	0	0
1	1	UID24288	1	1	0	0
1	1	UID24291	1	1	0	0
1	1	UID24292	1	1	0	0
1	1	UID24293	1	1	0	0
1	1	UID24296	1	1	0	0
1	1	UID24304	1	1	0	0
1	1	UID24329	1	1	0	0
1	1	UID24331	1	1	0	0
1	1	UID24332	1	1	0	0
1	1	UID24337	1	1	0	0
1	1	UID24341	1	1	0	0
1	1	UID24342	1	1	0	0
1	1	UID24347	1	1	0	0
1	1	UID24348	1	1	0	0
1	1	UID24349	1	1	0	0
1	1	UID24354	1	1	0	0
1	1	UID24355	1	1	0	0
1	1	UID24360	1	1	0	0
1	1	UID24361	1	1	0	0
1	1	UID24363	1	1	0	0
1	1	UID24364	1	1	0	0
1	1	UID24365	1	1	0	0
1	1	UID24367	1	1	0	0
1	1	UID24368	1	1	0	0
1	1	UID24372	1	1	0	0
1	1	UID24373	1	1	0	0
1	1	UID24386	1	1	0	0
1	1	UID24387	1	1	0	0
1	1	UID24415	1	1	0	0
1	1	UID24416	1	1	0	0
1	1	UID24417	1	1	0	0
1	1	UID24425	1	1	0	0
1	1	UID24427	1	1	0	0
1	1	UID24434	1	1	0	0
1	1	UID24436	1	1	0	0
1	1	UID24440	1	1	0	0
1	1	UID24462	1	1	0	0
1	1	UID24471	1	1	0	0
1	1	UID24472	1	1	0	0
1	1	UID24504	1	1	0	0
1	1	UID24505	1	1	0	0
1	1	UID24507	1	1	0	0
1	1	UID24508	1	1	0	0
1	1	UID24509	1	1	0	0
1	1	UID24513	1	1	0	0
1	1	UID24521	1	1	0	0
1	1	UID24522	1	1	0	0
1	1	UID24527	1	1	0	0
1	1	UID24536	1	1	0	0
1	1	UID24537	1	1	0	0
1	1	UID24538	1	1	0	0
1	1	UID24543	1	1	0	0
1	1	UID24544	1	1	0	0
1	1	UID24545	1	1	0	0
1	1	UID24550	1	1	0	0
1	1	UID24551	1	1	0	0
1	1	UID24553	1	1	0	0
1	1	UID24561	1	1	0	0
1	1	UID24565	1	1	0	0
1	1	UID24571	1	1	0	0
1	1	UID24587	1	1	0	0
1	1	UID24588	1	1	0	0
1	1	UID24595	1	1	0	0
1	1	UID24611	1	1	0	0
1	1	UID24612	1	1	0	0
1	1	UID24624	1	1	0	0
1	1	UID24629	1	1	0	0
1	1	UID24639	1	1	0	0
1	1	UID24664	1	1	0	0
1	1	UID24666	1	1	0	0
1	1	UID24669	1	1	0	0
1	1	UID24671	1	1	0	0
1	1	UID24693	1	1	0	0
1	1	UID24702	1	1	0	0
1	1	UID24722	1	1	0	0
1	1	UID24723	1	1	0	0
1	1	UID24730	1	1	0	0
1	1	UID24733	1	1	0	0
1	1	UID24770	1	1	0	0
1	1	UID24780	1	1	0	0
1	1	UID24807	1	1	0	0
1	1	UID24818	1	1	0	0
1	1	UID24841	1	1	0	0
1	1	UID24848	1	1	0	0
1	1	UID24859	1	1	0	0
1	1	UID24870	1	1	0	0
1	1	UID24881	1	1	0	0
1	1	UID24885	1	1	0	0
1	1	UID24908	1	1	0	0
1	1	UID24914	1	1	0	0
1	1	UID24933	1	1	0	0
1	1	UID24935	1	1	0	0
1	1	UID24942	1	1	0	0
1	1	UID24943	1	1	0	0
1	1	UID24944	1	1	0	0
1	1	UID24961	1	1	0	0
1	1	UID24986	1	1	0	0
1	1	UID24997	1	1	0	0
1	1	UID25012	1	1	0	0
1	1	UID25033	1	1	0	0
1	1	UID25034	1	1	0	0
1	1	UID25036	1	1	0	0
1	1	UID25038	1	1	0	0
1	1	UID25065	1	1	0	0
1	1	UID25121	1	1	0	0
1	1	UID25122	1	1	0	0
1	1	UID25128	1	1	0	0
1	1	UID25140	1	1	0	0
1	1	UID25153	1	1	0	0
1	1	UID25154	1	1	0	0
1	1	UID25155	1	1	0	0
1	1	UID25156	1	1	0	0
1	1	UID25157	1	1	0	0
1	1	UID25159	1	1	0	0
1	1	UID25161	1	1	0	0
1	1	UID25162	1	1	0	0
1	1	UID25164	1	1	0	0
1	1	UID25165	1	1	0	0
1	1	UID25169	1	1	0	0
1	1	UID25172	1	1	0	0
1	1	UID25173	1	1	0	0
1	1	UID25175	1	1	0	0
1	1	UID25176	1	1	0	0
1	1	UID25180	1	1	0	0
1	1	UID25181	1	1	0	0
1	1	UID25185	1	1	0	0
1	1	UID25186	1	1	0	0
1	1	UID25187	1	1	0	0
1	1	UID25260	1	1	0	0
1	1	UID25697	1	1	0	0
1	1	UID25765	1	1	0	0
1	1	UID25775	1	1	0	0
1	1	UID25793	1	1	0	0
1	1	UID25800	1	1	0	0
1	1	UID25817	1	1	0	0
1	1	UID25821	1	1	0	0
1	1	UID25829	1	1	0	0
1	1	UID25831	1	1	0	0
1	1	UID25841	1	1	0	0
1	1	UID25846	1	1	0	0
1	1	UID25849	1	1	0	0
1	1	UID25851	1	1	0	0
1	1	UID25852	1	1	0	0
1	1	UID25853	1	1	0	0
1	1	UID25854	1	1	0	0
1	1	UID25861	1	1	0	0
1	1	UID25863	1	1	0	0
1	1	UID25864	1	1	0	0
1	1	UID25865	1	1	0	0
1	1	UID25880	1	1	0	0
1	1	UID25885	1	1	0	0
1	1	UID25932	1	1	0	0
1	1	UID25975	1	1	0	0
1	1	UID25985	1	1	0	0
1	1	UID26014	1	1	0	0
1	1	UID26016	1	1	0	0
1	1	UID26018	1	1	0	0
1	1	UID26019	1	1	0	0
1	1	UID26047	1	1	0	0
1	1	UID26053	1	1	0	0
1	1	UID26072	1	1	0	0
1	1	UID26090	1	1	0	0
1	1	UID26114	1	1	0	0
1	1	UID26124	1	1	0	0
1	1	UID26129	1	1	0	0
1	1	UID26138	1	1	0	0
1	1	UID26140	1	1	0	0
1	1	UID26163	1	1	0	0
1	1	UID26165	1	1	0	0
1	1	UID26171	1	1	0	0
1	1	UID26173	1	1	0	0
1	1	UID26179	1	1	0	0
1	1	UID26182	1	1	0	0
1	1	UID26184	1	1	0	0
1	1	UID26185	1	1	0	0
1	1	UID26186	1	1	0	0
1	1	UID26197	1	1	0	0
1	1	UID26201	1	1	0	0
1	1	UID26202	1	1	0	0
1	1	UID26222	1	1	0	0
1	1	UID26223	1	1	0	0
1	1	UID26228	1	1	0	0
1	1	UID26232	1	1	0	0
1	1	UID26248	1	1	0	0
1	1	UID26262	1	1	0	0
1	1	UID26272	1	1	0	0
1	1	UID26279	1	1	0	0
1	1	UID26292	1	1	0	0
1	1	UID26293	1	1	0	0
1	1	UID26296	1	1	0	0
1	1	UID26297	1	1	0	0
1	1	UID26301	1	1	0	0
1	1	UID26317	1	1	0	0
1	1	UID26320	1	1	0	0
1	1	UID26321	1	1	0	0
1	1	UID26324	1	1	0	0
1	1	UID26331	1	1	0	0
1	1	UID26334	1	1	0	0
1	1	UID26342	1	1	0	0
1	1	UID26343	1	1	0	0
1	1	UID26358	1	1	0	0
1	1	UID26366	1	1	0	0
1	1	UID26384	1	1	0	0
1	1	UID26385	1	1	0	0
1	1	UID26432	1	1	0	0
1	1	UID26435	1	1	0	0
1	1	UID26436	1	1	0	0
1	1	UID26469	1	1	0	0
1	1	UID26476	1	1	0	0
1	1	UID26477	1	1	0	0
1	1	UID26479	1	1	0	0
1	1	UID26481	1	1	0	0
1	1	UID26482	1	1	0	0
1	1	UID26487	1	1	0	0
1	1	UID26503	1	1	0	0
1	1	UID26510	1	1	0	0
1	1	UID26514	1	1	0	0
1	1	UID26515	1	1	0	0
1	1	UID26517	1	1	0	0
1	1	UID26548	1	1	0	0
1	1	UID26549	1	1	0	0
1	1	UID26554	1	1	0	0
1	1	UID26561	1	1	0	0
1	1	UID26562	1	1	0	0
1	1	UID26564	1	1	0	0
1	1	UID26566	1	1	0	0
1	1	UID26567	1	1	0	0
1	1	UID26568	1	1	0	0
1	1	UID26576	1	1	0	0
1	1	UID26577	1	1	0	0
1	1	UID26591	1	1	0	0
1	1	UID26592	1	1	0	0
1	1	UID26594	1	1	0	0
1	1	UID26595	1	1	0	0
1	1	UID26599	1	1	0	0
1	1	UID26600	1	1	0	0
1	1	UID26602	1	1	0	0
1	1	UID26607	1	1	0	0
1	1	UID26608	1	1	0	0
1	1	UID26610	1	1	0	0
1	1	UID26611	1	1	0	0
1	1	UID26612	1	1	0	0
1	1	UID26613	1	1	0	0
1	1	UID26616	1	1	0	0
1	1	UID26619	1	1	0	0
1	1	UID26620	1	1	0	0
1	1	UID26630	1	1	0	0
1	1	UID26633	1	1	0	0
1	1	UID26637	1	1	0	0
1	1	UID26642	1	1	0	0
1	1	UID26643	1	1	0	0
1	1	UID26660	1	1	0	0
1	1	UID26687	1	1	0	0
1	1	UID26702	1	1	0	0
1	1	UID26705	1	1	0	0
1	1	UID26709	1	1	0	0
1	1	UID26729	1	1	0	0
1	1	UID26730	1	1	0	0
1	1	UID26733	1	1	0	0
1	1	UID26735	1	1	0	0
1	1	UID26736	1	1	0	0
1	1	UID26737	1	1	0	0
1	1	UID26738	1	1	0	0
1	1	UID26739	1	1	0	0
1	1	UID26760	1	1	0	0
1	1	UID26780	1	1	0	0
1	1	UID26781	1	1	0	0
1	1	UID26799	1	1	0	0
1	1	UID26800	1	1	0	0
1	1	UID26803	1	1	0	0
1	1	UID26806	1	1	0	0
1	1	UID26809	1	1	0	0
1	1	UID26840	1	1	0	0
1	1	UID26843	1	1	0	0
1	1	UID26844	1	1	0	0
1	1	UID26848	1	1	0	0
1	1	UID26850	1	1	0	0
1	1	UID26864	1	1	0	0
1	1	UID26869	1	1	0	0
1	1	UID26873	1	1	0	0
1	1	UID26883	1	1	0	0
1	1	UID26885	1	1	0	0
1	1	UID26887	1	1	0	0
1	1	UID26895	1	1	0	0
1	1	UID26896	1	1	0	0
1	1	UID26897	1	1	0	0
1	1	UID26916	1	1	0	0
1	1	UID26925	1	1	0	0
1	1	UID26929	1	1	0	0
1	1	UID26936	1	1	0	0
1	1	UID26939	1	1	0	0
1	1	UID26942	1	1	0	0
1	1	UID26945	1	1	0	0
1	1	UID26962	1	1	0	0
1	1	UID26964	1	1	0	0
1	1	UID26997	1	1	0	0
1	1	UID27005	1	1	0	0
1	1	UID27008	1	1	0	0
1	1	UID27010	1	1	0	0
1	1	UID27018	1	1	0	0
1	1	UID27020	1	1	0	0
1	1	UID27022	1	1	0	0
1	1	UID27023	1	1	0	0
1	1	UID27025	1	1	0	0
1	1	UID27027	1	1	0	0
1	1	UID27050	1	1	0	0
1	1	UID27053	1	1	0	0
1	1	UID27060	1	1	0	0
1	1	UID27076	1	1	0	0
1	1	UID27094	1	1	0	0
1	1	UID27101	1	1	0	0
1	1	UID27103	1	1	0	0
1	1	UID27106	1	1	0	0
1	1	UID27107	1	1	0	0
1	1	UID27108	1	1	0	0
1	1	UID27118	1	1	0	0
1	1	UID27138	1	1	0	0
1	1	UID27139	1	1	0	0
1	1	UID27178	1	1	0	0
1	1	UID27179	1	1	0	0
1	1	UID27180	1	1	0	0
1	1	UID27181	1	1	0	0
1	1	UID27183	1	1	0	0
1	1	UID27187	1	1	0	0
1	1	UID27191	1	1	0	0
1	1	UID27193	1	1	0	0
1	1	UID27196	1	1	0	0
1	1	UID27229	1	1	0	0
1	1	UID27233	1	1	0	0
1	1	UID27234	1	1	0	0
1	1	UID27248	1	1	0	0
1	1	UID27249	1	1	0	0
1	1	UID27250	1	1	0	0
1	1	UID27251	1	1	0	0
1	1	UID27252	1	1	0	0
1	1	UID27253	1	1	0	0
1	1	UID27254	1	1	0	0
1	1	UID27259	1	1	0	0
1	1	UID27260	1	1	0	0
1	1	UID27272	1	1	0	0
1	1	UID27273	1	1	0	0
1	1	UID27276	1	1	0	0
1	1	UID27278	1	1	0	0
1	1	UID27296	1	1	0	0
1	1	UID27299	1	1	0	0
1	1	UID27302	1	1	0	0
1	1	UID27307	1	1	0	0
1	1	UID27309	1	1	0	0
1	1	UID27313	1	1	0	0
1	1	UID27314	1	1	0	0
1	1	UID27315	1	1	0	0
1	1	UID27320	1	1	0	0
1	1	UID27364	1	1	0	0
1	1	UID27367	1	1	0	0
1	1	UID27374	1	1	0	0
1	1	UID27394	1	1	0	0
1	1	UID27402	1	1	0	0
1	1	UID27403	1	1	0	0
1	1	UID27404	1	1	0	0
1	1	UID27405	1	1	0	0
1	1	UID27406	1	1	0	0
1	1	UID27408	1	1	0	0
1	1	UID27412	1	1	0	0
1	1	UID27414	1	1	0	0
1	1	UID27415	1	1	0	0
1	1	UID27420	1	1	0	0
1	1	UID27421	1	1	0	0
1	1	UID27425	1	1	0	0
1	1	UID27430	1	1	0	0
1	1	UID27433	1	1	0	0
1	1	UID27467	1	1	0	0
1	1	UID27468	1	1	0	0
1	1	UID27473	1	1	0	0
1	1	UID27478	1	1	0	0
1	1	UID27479	1	1	0	0
1	1	UID27487	1	1	0	0
1	1	UID27492	1	1	0	0
1	1	UID27499	1	1	0	0
1	1	UID27515	1	1	0	0
1	1	UID27518	1	1	0	0
1	1	UID27519	1	1	0	0
1	1	UID27520	1	1	0	0
1	1	UID27528	1	1	0	0
1	1	UID27529	1	1	0	0
1	1	UID27532	1	1	0	0
1	1	UID27533	1	1	0	0
1	1	UID27542	1	1	0	0
1	1	UID27555	1	1	0	0
1	1	UID27564	1	1	0	0
1	1	UID27569	1	1	0	0
1	1	UID27575	1	1	0	0
1	1	UID27581	1	1	0	0
1	1	UID27586	1	1	0	0
1	1	UID27605	1	1	0	0
1	1	UID27611	1	1	0	0
1	1	UID27615	1	1	0	0
1	1	UID27619	1	1	0	0
1	1	UID27620	1	1	0	0
1	1	UID27621	1	1	0	0
1	1	UID27623	1	1	0	0
1	1	UID27624	1	1	0	0
1	1	UID27627	1	1	0	0
1	1	UID27628	1	1	0	0
1	1	UID27629	1	1	0	0
1	1	UID27630	1	1	0	0
1	1	UID27631	1	1	0	0
1	1	UID27632	1	1	0	0
1	1	UID27633	1	1	0	0
1	1	UID27634	1	1	0	0
1	1	UID27635	1	1	0	0
1	1	UID27637	1	1	0	0
1	1	UID27638	1	1	0	0
1	1	UID27641	1	1	0	0
1	1	UID27643	1	1	0	0
1	1	UID27667	1	1	0	0
1	1	UID27675	1	1	0	0
1	1	UID27678	1	1	0	0
1	1	UID27680	1	1	0	0
1	1	UID27689	1	1	0	0
1	1	UID27695	1	1	0	0
1	1	UID27697	1	1	0	0
1	1	UID27726	1	1	0	0
1	1	UID27727	1	1	0	0
1	1	UID27732	1	1	0	0
1	1	UID27737	1	1	0	0
1	1	UID27742	1	1	0	0
1	1	UID27745	1	1	0	0
1	1	UID27746	1	1	0	0
1	1	UID27752	1	1	0	0
1	1	UID27753	1	1	0	0
1	1	UID27756	1	1	0	0
1	1	UID27758	1	1	0	0
1	1	UID27760	1	1	0	0
1	1	UID27763	1	1	0	0
1	1	UID27767	1	1	0	0
1	1	UID27797	1	1	0	0
1	1	UID27803	1	1	0	0
1	1	UID27818	1	1	0	0
1	1	UID27819	1	1	0	0
1	1	UID27820	1	1	0	0
1	1	UID27821	1	1	0	0
1	1	UID27826	1	1	0	0
1	1	UID27846	1	1	0	0
1	1	UID27850	1	1	0	0
1	1	UID27852	1	1	0	0
1	1	UID27853	1	1	0	0
1	1	UID27857	1	1	0	0
1	1	UID27864	1	1	0	0
1	1	UID27870	1	1	0	0
1	1	UID27871	1	1	0	0
1	1	UID27873	1	1	0	0
1	1	UID27875	1	1	0	0
1	1	UID27899	1	1	0	0
1	1	UID27905	1	1	0	0
1	1	UID27915	1	1	0	0
1	1	UID27919	1	1	0	0
1	1	UID27921	1	1	0	0
1	1	UID27925	1	1	0	0
1	1	UID27935	1	1	0	0
1	1	UID27940	1	1	0	0
1	1	UID27963	1	1	0	0
1	1	UID27970	1	1	0	0
1	1	UID27975	1	1	0	0
1	1	UID27981	1	1	0	0
1	1	UID27992	1	1	0	0
1	1	UID28002	1	1	0	0
1	1	UID28005	1	1	0	0
1	1	UID28006	1	1	0	0
1	1	UID28007	1	1	0	0
1	1	UID28010	1	1	0	0
1	1	UID28011	1	1	0	0
1	1	UID28012	1	1	0	0
1	1	UID28043	1	1	0	0
1	1	UID28044	1	1	0	0
1	1	UID28046	1	1	0	0
1	1	UID28048	1	1	0	0
1	1	UID28051	1	1	0	0
1	1	UID28059	1	1	0	0
1	1	UID28062	1	1	0	0
1	1	UID28063	1	1	0	0
1	1	UID28065	1	1	0	0
1	1	UID28089	1	1	0	0
1	1	UID28092	1	1	0	0
1	1	UID28094	1	1	0	0
1	1	UID28098	1	1	0	0
1	1	UID28109	1	1	0	0
1	1	UID28116	1	1	0	0
1	1	UID28121	1	1	0	0
1	1	UID28125	1	1	0	0
1	1	UID28132	1	1	0	0
1	1	UID28153	1	1	0	0
1	1	UID28157	1	1	0	0
1	1	UID28164	1	1	0	0
1	1	UID28174	1	1	0	0
1	1	UID28176	1	1	0	0
1	1	UID28178	1	1	0	0
1	1	UID28181	1	1	0	0
1	1	UID28209	1	1	0	0
1	1	UID28224	1	1	0	0
1	1	UID28226	1	1	0	0
1	1	UID28229	1	1	0	0
1	1	UID28230	1	1	0	0
1	1	UID28231	1	1	0	0
1	1	UID28232	1	1	0	0
1	1	UID28236	1	1	0	0
1	1	UID28237	1	1	0	0
1	1	UID28241	1	1	0	0
1	1	UID28248	1	1	0	0
1	1	UID28250	1	1	0	0
1	1	UID28275	1	1	0	0
1	1	UID28277	1	1	0	0
1	1	UID28278	1	1	0	0
1	1	UID28283	1	1	0	0
1	1	UID28287	1	1	0	0
1	1	UID28290	1	1	0	0
1	1	UID28291	1	1	0	0
1	1	UID28292	1	1	0	0
1	1	UID28295	1	1	0	0
1	1	UID28296	1	1	0	0
1	1	UID28319	1	1	0	0
1	1	UID28336	1	1	0	0
1	1	UID28345	1	1	0	0
1	1	UID28346	1	1	0	0
1	1	UID28352	1	1	0	0
1	1	UID28355	1	1	0	0
1	1	UID28358	1	1	0	0
1	1	UID28375	1	1	0	0
1	1	UID28393	1	1	0	0
1	1	UID28394	1	1	0	0
1	1	UID28399	1	1	0	0
1	1	UID28400	1	1	0	0
1	1	UID28403	1	1	0	0
1	1	UID28404	1	1	0	0
1	1	UID28415	1	1	0	0
1	1	UID28426	1	1	0	0
1	1	UID28427	1	1	0	0
1	1	UID28468	1	1	0	0
1	1	UID28470	1	1	0	0
1	1	UID28471	1	1	0	0
1	1	UID28494	1	1	0	0
1	1	UID28499	1	1	0	0
1	1	UID28507	1	1	0	0
1	1	UID28512	1	1	0	0
1	1	UID28520	1	1	0	0
1	1	UID28544	1	1	0	0
1	1	UID28550	1	1	0	0
1	1	UID28557	1	1	0	0
1	1	UID28561	1	1	0	0
1	1	UID28564	1	1	0	0
1	1	UID28565	1	1	0	0
1	1	UID28568	1	1	0	0
1	1	UID28570	1	1	0	0
1	1	UID28576	1	1	0	0
1	1	UID28596	1	1	0	0
1	1	UID285	1	1	0	0
1	1	UID28608	1	1	0	0
1	1	UID28638	1	1	0	0
1	1	UID28639	1	1	0	0
1	1	UID28642	1	1	0	0
1	1	UID28643	1	1	0	0
1	1	UID28685	1	1	0	0
1	1	UID28686	1	1	0	0
1	1	UID28688	1	1	0	0
1	1	UID28704	1	1	0	0
1	1	UID28708	1	1	0	0
1	1	UID28712	1	1	0	0
1	1	UID28713	1	1	0	0
1	1	UID28720	1	1	0	0
1	1	UID28721	1	1	0	0
1	1	UID28722	1	1	0	0
1	1	UID28726	1	1	0	0
1	1	UID28731	1	1	0	0
1	1	UID28760	1	1	0	0
1	1	UID28768	1	1	0	0
1	1	UID28770	1	1	0	0
1	1	UID28777	1	1	0	0
1	1	UID28781	1	1	0	0
1	1	UID28790	1	1	0	0
1	1	UID28793	1	1	0	0
1	1	UID28813	1	1	0	0
1	1	UID28816	1	1	0	0
1	1	UID28820	1	1	0	0
1	1	UID28825	1	1	0	0
1	1	UID28826	1	1	0	0
1	1	UID28849	1	1	0	0
1	1	UID28850	1	1	0	0
1	1	UID28863	1	1	0	0
1	1	UID28870	1	1	0	0
1	1	UID28876	1	1	0	0
1	1	UID28879	1	1	0	0
1	1	UID28894	1	1	0	0
1	1	UID28898	1	1	0	0
1	1	UID28901	1	1	0	0
1	1	UID28913	1	1	0	0
1	1	UID28915	1	1	0	0
1	1	UID28917	1	1	0	0
1	1	UID28925	1	1	0	0
1	1	UID28926	1	1	0	0
1	1	UID28931	1	1	0	0
1	1	UID28932	1	1	0	0
1	1	UID28944	1	1	0	0
1	1	UID28957	1	1	0	0
1	1	UID28963	1	1	0	0
1	1	UID28992	1	1	0	0
1	1	UID28993	1	1	0	0
1	1	UID28995	1	1	0	0
1	1	UID29006	1	1	0	0
1	1	UID29007	1	1	0	0
1	1	UID29008	1	1	0	0
1	1	UID29037	1	1	0	0
1	1	UID29041	1	1	0	0
1	1	UID29044	1	1	0	0
1	1	UID29049	1	1	0	0
1	1	UID29075	1	1	0	0
1	1	UID29081	1	1	0	0
1	1	UID29092	1	1	0	0
1	1	UID29106	1	1	0	0
1	1	UID29107	1	1	0	0
1	1	UID29111	1	1	0	0
1	1	UID29127	1	1	0	0
1	1	UID29131	1	1	0	0
1	1	UID5581	1	1	0	0
