5998	38694	UID310	19248	5012	4	4
79	179	UID11832	95	73	2	2
124	290	UID384	92	111	3	3
62	148	UID11791	80	57	2	2
77	156	UID11792	73	71	2	2
45	122	UID18916	71	39	2	2
50	117	UID11814	64	46	2	2
89	163	UID11872	60	78	3	3
70	135	UID11765	59	63	2	2
57	117	UID11881	59	54	2	2
70	137	UID11800	58	62	2	2
61	128	UID18915	57	56	2	2
50	124	UID7991	56	46	2	2
49	108	UID11821	55	47	2	2
46	104	UID11889	55	42	2	2
51	107	UID11803	53	46	2	2
54	109	UID11851	53	50	2	2
49	108	UID11874	53	46	2	2
66	122	UID2	51	61	4	4
47	98	UID11866	50	44	2	2
47	102	UID11911	47	41	2	2
37	83	UID1	39	32	2	2
28	58	UID11934	30	26	1	1
28	56	UID11949	28	26	1	1
22	50	UID11978	27	20	2	2
26	49	UID11953	24	25	1	1
24	44	UID11983	21	23	2	2
23	42	UID11919	19	21	1	1
23	39	UID11939	17	22	2	2
30	51	UID8082	17	27	2	2
15	30	UID12080	16	14	1	1
19	33	UID11955	14	17	1	1
22	35	UID11982	14	21	2	2
8	20	UID12111	13	7	1	1
12	23	UID11945	11	10	2	2
9	19	UID11987	11	8	1	1
16	26	UID12069	11	15	2	2
5	15	UID12238	11	4	1	1
11	20	UID12004	10	10	1	1
12	21	UID12014	10	11	2	2
3	11	UID209	9	2	0	0
11	18	UID11971	8	10	1	1
5	12	UID12090	8	4	1	1
8	14	UID12036	7	7	2	2
6	12	UID12081	7	5	1	1
12	19	UID12734	7	10	2	2
3	9	UID20162	7	2	1	1
11	16	UID12105	6	10	1	1
4	9	UID12210	6	3	1	1
7	12	UID8087	6	6	1	1
4	9	UID9175	6	3	1	1
5	9	UID12236	5	4	1	1
1	5	UID12237	5	0	0	0
1	5	UID12366	5	0	0	0
1	5	UID15680	5	0	0	0
3	7	UID16999	5	2	1	1
5	9	UID17075	5	4	1	1
1	4	UID12066	4	0	0	0
8	11	UID12141	4	7	1	1
7	10	UID12174	4	6	1	1
3	6	UID12252	4	2	1	1
5	8	UID12361	4	4	1	1
5	8	UID12380	4	4	1	1
2	5	UID16987	4	1	1	1
1	4	UID20172	4	0	0	0
3	6	UID20180	4	2	1	1
4	7	UID752	4	3	1	1
6	8	UID12065	3	5	1	1
1	3	UID12138	3	0	0	0
3	5	UID12244	3	2	1	1
1	3	UID12271	3	0	0	0
2	4	UID12297	3	1	1	1
5	7	UID12363	3	4	2	2
4	6	UID12766	3	3	1	1
5	7	UID16986	3	4	1	1
1	3	UID17030	3	0	0	0
4	6	UID17054	3	3	1	1
2	4	UID17272	3	1	1	1
1	3	UID20205	3	0	0	0
4	5	UID12298	2	3	1	1
7	8	UID12580	2	6	1	1
2	3	UID12583	2	1	1	1
4	5	UID12749	2	3	1	1
3	4	UID16991	2	2	1	1
5	6	UID17231	2	4	1	1
2	3	UID17878	2	1	1	1
3	4	UID18233	2	2	1	1
5	6	UID20270	2	4	2	2
2	3	UID20302	2	1	1	1
2	3	UID20396	2	1	1	1
1	2	UID288	2	0	0	0
1	2	UID68	2	0	0	0
4	4	UID1008	1	4	1	1
3	3	UID12188	1	3	1	1
4	4	UID12251	1	4	1	1
4	4	UID12362	1	4	1	1
4	4	UID12462	1	4	1	1
3	3	UID12735	1	3	1	1
4	4	UID17341	1	4	1	1
1	1	UID20480	1	1	0	0
1	1	UID20481	1	1	0	0
1	1	UID20484	1	1	0	0
1	1	UID20485	1	1	0	0
1	1	UID20488	1	1	0	0
1	1	UID20489	1	1	0	0
1	1	UID20490	1	1	0	0
1	1	UID20521	1	1	0	0
1	1	UID20527	1	1	0	0
1	1	UID20529	1	1	0	0
1	1	UID20530	1	1	0	0
1	1	UID20531	1	1	0	0
1	1	UID20537	1	1	0	0
1	1	UID20548	1	1	0	0
1	1	UID20593	1	1	0	0
1	1	UID20598	1	1	0	0
1	1	UID20600	1	1	0	0
1	1	UID20602	1	1	0	0
1	1	UID20612	1	1	0	0
1	1	UID20616	1	1	0	0
1	1	UID20617	1	1	0	0
1	1	UID20620	1	1	0	0
1	1	UID20623	1	1	0	0
1	1	UID20624	1	1	0	0
1	1	UID20633	1	1	0	0
1	1	UID20648	1	1	0	0
1	1	UID20664	1	1	0	0
1	1	UID20666	1	1	0	0
1	1	UID20670	1	1	0	0
1	1	UID20681	1	1	0	0
1	1	UID20688	1	1	0	0
1	1	UID20753	1	1	0	0
1	1	UID20781	1	1	0	0
1	1	UID20787	1	1	0	0
7	7	UID20790	1	7	2	2
1	1	UID20804	1	1	0	0
1	1	UID20807	1	1	0	0
1	1	UID20811	1	1	0	0
1	1	UID20818	1	1	0	0
1	1	UID20822	1	1	0	0
1	1	UID20862	1	1	0	0
1	1	UID20870	1	1	0	0
1	1	UID20872	1	1	0	0
1	1	UID20886	1	1	0	0
1	1	UID20892	1	1	0	0
1	1	UID20893	1	1	0	0
1	1	UID20928	1	1	0	0
1	1	UID20934	1	1	0	0
1	1	UID20940	1	1	0	0
1	1	UID20984	1	1	0	0
1	1	UID20992	1	1	0	0
1	1	UID20996	1	1	0	0
1	1	UID20997	1	1	0	0
1	1	UID20999	1	1	0	0
1	1	UID21029	1	1	0	0
1	1	UID21031	1	1	0	0
1	1	UID21043	1	1	0	0
1	1	UID21044	1	1	0	0
1	1	UID21051	1	1	0	0
1	1	UID21053	1	1	0	0
1	1	UID21055	1	1	0	0
1	1	UID21058	1	1	0	0
1	1	UID21084	1	1	0	0
1	1	UID21087	1	1	0	0
1	1	UID21100	1	1	0	0
1	1	UID21104	1	1	0	0
1	1	UID21111	1	1	0	0
1	1	UID21112	1	1	0	0
1	1	UID21140	1	1	0	0
1	1	UID21157	1	1	0	0
1	1	UID21177	1	1	0	0
1	1	UID21180	1	1	0	0
1	1	UID21186	1	1	0	0
1	1	UID21189	1	1	0	0
1	1	UID21190	1	1	0	0
1	1	UID21194	1	1	0	0
1	1	UID21218	1	1	0	0
1	1	UID21224	1	1	0	0
1	1	UID21233	1	1	0	0
1	1	UID21240	1	1	0	0
1	1	UID21241	1	1	0	0
1	1	UID21243	1	1	0	0
1	1	UID21245	1	1	0	0
1	1	UID21246	1	1	0	0
1	1	UID21247	1	1	0	0
1	1	UID21252	1	1	0	0
1	1	UID21260	1	1	0	0
1	1	UID21262	1	1	0	0
1	1	UID21263	1	1	0	0
1	1	UID21265	1	1	0	0
1	1	UID21268	1	1	0	0
1	1	UID21272	1	1	0	0
1	1	UID21283	1	1	0	0
1	1	UID21284	1	1	0	0
1	1	UID21286	1	1	0	0
1	1	UID21316	1	1	0	0
1	1	UID21322	1	1	0	0
1	1	UID21324	1	1	0	0
1	1	UID21328	1	1	0	0
1	1	UID21333	1	1	0	0
1	1	UID21337	1	1	0	0
1	1	UID21359	1	1	0	0
1	1	UID21361	1	1	0	0
1	1	UID21373	1	1	0	0
1	1	UID21381	1	1	0	0
1	1	UID21399	1	1	0	0
1	1	UID21409	1	1	0	0
1	1	UID21411	1	1	0	0
1	1	UID21442	1	1	0	0
1	1	UID21458	1	1	0	0
1	1	UID21459	1	1	0	0
1	1	UID21460	1	1	0	0
1	1	UID21461	1	1	0	0
1	1	UID21462	1	1	0	0
1	1	UID21463	1	1	0	0
1	1	UID21464	1	1	0	0
1	1	UID21465	1	1	0	0
1	1	UID21466	1	1	0	0
1	1	UID21467	1	1	0	0
1	1	UID21470	1	1	0	0
1	1	UID21472	1	1	0	0
1	1	UID21476	1	1	0	0
1	1	UID21485	1	1	0	0
1	1	UID21488	1	1	0	0
1	1	UID21522	1	1	0	0
1	1	UID21528	1	1	0	0
1	1	UID21529	1	1	0	0
1	1	UID21530	1	1	0	0
1	1	UID21534	1	1	0	0
1	1	UID21536	1	1	0	0
1	1	UID21556	1	1	0	0
1	1	UID21558	1	1	0	0
1	1	UID21568	1	1	0	0
1	1	UID21596	1	1	0	0
1	1	UID21597	1	1	0	0
1	1	UID21599	1	1	0	0
1	1	UID21601	1	1	0	0
1	1	UID21629	1	1	0	0
1	1	UID21643	1	1	0	0
1	1	UID21649	1	1	0	0
1	1	UID21656	1	1	0	0
1	1	UID21657	1	1	0	0
1	1	UID21658	1	1	0	0
1	1	UID21660	1	1	0	0
1	1	UID21662	1	1	0	0
1	1	UID21663	1	1	0	0
1	1	UID21665	1	1	0	0
1	1	UID21666	1	1	0	0
1	1	UID21670	1	1	0	0
1	1	UID21671	1	1	0	0
1	1	UID21672	1	1	0	0
1	1	UID21676	1	1	0	0
1	1	UID21678	1	1	0	0
1	1	UID21682	1	1	0	0
1	1	UID21685	1	1	0	0
1	1	UID21686	1	1	0	0
1	1	UID21687	1	1	0	0
1	1	UID21689	1	1	0	0
1	1	UID21697	1	1	0	0
1	1	UID21723	1	1	0	0
1	1	UID21727	1	1	0	0
1	1	UID21730	1	1	0	0
1	1	UID21736	1	1	0	0
1	1	UID21737	1	1	0	0
1	1	UID21738	1	1	0	0
1	1	UID21739	1	1	0	0
1	1	UID21740	1	1	0	0
1	1	UID21742	1	1	0	0
1	1	UID21743	1	1	0	0
1	1	UID21745	1	1	0	0
1	1	UID21758	1	1	0	0
1	1	UID21762	1	1	0	0
1	1	UID21792	1	1	0	0
1	1	UID21795	1	1	0	0
1	1	UID21797	1	1	0	0
1	1	UID21799	1	1	0	0
1	1	UID21800	1	1	0	0
1	1	UID21815	1	1	0	0
1	1	UID21854	1	1	0	0
1	1	UID21858	1	1	0	0
1	1	UID21860	1	1	0	0
1	1	UID21861	1	1	0	0
1	1	UID21862	1	1	0	0
1	1	UID21865	1	1	0	0
1	1	UID21867	1	1	0	0
1	1	UID21869	1	1	0	0
1	1	UID21870	1	1	0	0
1	1	UID21872	1	1	0	0
1	1	UID21878	1	1	0	0
1	1	UID21901	1	1	0	0
1	1	UID21903	1	1	0	0
1	1	UID21905	1	1	0	0
1	1	UID21923	1	1	0	0
1	1	UID21955	1	1	0	0
1	1	UID21968	1	1	0	0
1	1	UID21972	1	1	0	0
1	1	UID22016	1	1	0	0
1	1	UID22022	1	1	0	0
1	1	UID22060	1	1	0	0
1	1	UID22074	1	1	0	0
1	1	UID22102	1	1	0	0
1	1	UID22104	1	1	0	0
1	1	UID22108	1	1	0	0
1	1	UID22114	1	1	0	0
1	1	UID22117	1	1	0	0
1	1	UID22152	1	1	0	0
1	1	UID22154	1	1	0	0
1	1	UID22173	1	1	0	0
1	1	UID22196	1	1	0	0
1	1	UID22200	1	1	0	0
1	1	UID22214	1	1	0	0
1	1	UID22219	1	1	0	0
1	1	UID22221	1	1	0	0
1	1	UID22223	1	1	0	0
2	2	UID22243	1	2	1	1
1	1	UID22244	1	1	0	0
1	1	UID22266	1	1	0	0
1	1	UID22291	1	1	0	0
1	1	UID22294	1	1	0	0
1	1	UID22300	1	1	0	0
1	1	UID22302	1	1	0	0
1	1	UID22308	1	1	0	0
1	1	UID22348	1	1	0	0
1	1	UID22351	1	1	0	0
1	1	UID22374	1	1	0	0
1	1	UID22375	1	1	0	0
1	1	UID22379	1	1	0	0
1	1	UID22425	1	1	0	0
1	1	UID22459	1	1	0	0
1	1	UID22477	1	1	0	0
1	1	UID22479	1	1	0	0
1	1	UID22498	1	1	0	0
1	1	UID22499	1	1	0	0
1	1	UID22504	1	1	0	0
1	1	UID22507	1	1	0	0
1	1	UID22511	1	1	0	0
1	1	UID22518	1	1	0	0
1	1	UID22548	1	1	0	0
1	1	UID22560	1	1	0	0
1	1	UID22570	1	1	0	0
1	1	UID22572	1	1	0	0
1	1	UID22573	1	1	0	0
1	1	UID22574	1	1	0	0
1	1	UID22630	1	1	0	0
1	1	UID22676	1	1	0	0
1	1	UID22677	1	1	0	0
1	1	UID22700	1	1	0	0
1	1	UID22715	1	1	0	0
1	1	UID22723	1	1	0	0
1	1	UID22724	1	1	0	0
1	1	UID22739	1	1	0	0
1	1	UID22744	1	1	0	0
1	1	UID22745	1	1	0	0
1	1	UID22746	1	1	0	0
1	1	UID22750	1	1	0	0
1	1	UID22759	1	1	0	0
1	1	UID22762	1	1	0	0
1	1	UID22763	1	1	0	0
1	1	UID22765	1	1	0	0
1	1	UID22787	1	1	0	0
1	1	UID22794	1	1	0	0
1	1	UID22811	1	1	0	0
1	1	UID22823	1	1	0	0
1	1	UID22862	1	1	0	0
1	1	UID22864	1	1	0	0
1	1	UID22918	1	1	0	0
1	1	UID22919	1	1	0	0
1	1	UID22924	1	1	0	0
1	1	UID22963	1	1	0	0
1	1	UID22971	1	1	0	0
1	1	UID22998	1	1	0	0
1	1	UID23007	1	1	0	0
1	1	UID23045	1	1	0	0
1	1	UID23052	1	1	0	0
1	1	UID23057	1	1	0	0
1	1	UID23063	1	1	0	0
1	1	UID23067	1	1	0	0
1	1	UID23068	1	1	0	0
1	1	UID23071	1	1	0	0
1	1	UID23081	1	1	0	0
1	1	UID23119	1	1	0	0
1	1	UID23133	1	1	0	0
1	1	UID23733	1	1	0	0
1	1	UID23803	1	1	0	0
1	1	UID23817	1	1	0	0
1	1	UID23822	1	1	0	0
1	1	UID23855	1	1	0	0
1	1	UID23927	1	1	0	0
1	1	UID23992	1	1	0	0
1	1	UID23993	1	1	0	0
1	1	UID23996	1	1	0	0
1	1	UID23998	1	1	0	0
1	1	UID23999	1	1	0	0
1	1	UID24000	1	1	0	0
1	1	UID24004	1	1	0	0
1	1	UID24010	1	1	0	0
1	1	UID24015	1	1	0	0
1	1	UID24017	1	1	0	0
1	1	UID24038	1	1	0	0
1	1	UID24058	1	1	0	0
1	1	UID24059	1	1	0	0
1	1	UID24060	1	1	0	0
1	1	UID24061	1	1	0	0
1	1	UID24062	1	1	0	0
1	1	UID24063	1	1	0	0
1	1	UID24064	1	1	0	0
1	1	UID24065	1	1	0	0
1	1	UID24066	1	1	0	0
1	1	UID24067	1	1	0	0
1	1	UID24068	1	1	0	0
1	1	UID24081	1	1	0	0
1	1	UID24083	1	1	0	0
1	1	UID24084	1	1	0	0
1	1	UID24085	1	1	0	0
1	1	UID24086	1	1	0	0
1	1	UID24087	1	1	0	0
1	1	UID24089	1	1	0	0
1	1	UID24090	1	1	0	0
1	1	UID24091	1	1	0	0
1	1	UID24094	1	1	0	0
1	1	UID24177	1	1	0	0
1	1	UID24199	1	1	0	0
1	1	UID24212	1	1	0	0
1	1	UID24217	1	1	0	0
1	1	UID24229	1	1	0	0
1	1	UID24232	1	1	0	0
1	1	UID24233	1	1	0	0
1	1	UID24253	1	1	0	0
1	1	UID24254	1	1	0	0
1	1	UID24290	1	1	0	0
1	1	UID24300	1	1	0	0
1	1	UID24306	1	1	0	0
1	1	UID24351	1	1	0	0
1	1	UID24358	1	1	0	0
1	1	UID24361	1	1	0	0
1	1	UID24370	1	1	0	0
1	1	UID24408	1	1	0	0
1	1	UID24409	1	1	0	0
1	1	UID24486	1	1	0	0
1	1	UID24493	1	1	0	0
1	1	UID24499	1	1	0	0
1	1	UID24525	1	1	0	0
1	1	UID24529	1	1	0	0
1	1	UID24562	1	1	0	0
1	1	UID24567	1	1	0	0
1	1	UID24577	1	1	0	0
1	1	UID24579	1	1	0	0
1	1	UID24581	1	1	0	0
1	1	UID24605	1	1	0	0
1	1	UID24608	1	1	0	0
1	1	UID24613	1	1	0	0
1	1	UID24615	1	1	0	0
1	1	UID24620	1	1	0	0
1	1	UID24622	1	1	0	0
1	1	UID24623	1	1	0	0
1	1	UID24624	1	1	0	0
1	1	UID24628	1	1	0	0
1	1	UID24631	1	1	0	0
1	1	UID24642	1	1	0	0
1	1	UID24653	1	1	0	0
1	1	UID24670	1	1	0	0
1	1	UID24711	1	1	0	0
1	1	UID24713	1	1	0	0
1	1	UID24717	1	1	0	0
1	1	UID24736	1	1	0	0
1	1	UID24737	1	1	0	0
1	1	UID24740	1	1	0	0
1	1	UID24742	1	1	0	0
1	1	UID24743	1	1	0	0
1	1	UID24744	1	1	0	0
1	1	UID24766	1	1	0	0
1	1	UID24810	1	1	0	0
1	1	UID24847	1	1	0	0
1	1	UID24848	1	1	0	0
1	1	UID24868	1	1	0	0
1	1	UID24875	1	1	0	0
1	1	UID24877	1	1	0	0
1	1	UID24886	1	1	0	0
1	1	UID24888	1	1	0	0
1	1	UID24890	1	1	0	0
1	1	UID24898	1	1	0	0
1	1	UID24900	1	1	0	0
1	1	UID24919	1	1	0	0
1	1	UID24929	1	1	0	0
1	1	UID24938	1	1	0	0
1	1	UID24940	1	1	0	0
1	1	UID24957	1	1	0	0
1	1	UID24961	1	1	0	0
1	1	UID24996	1	1	0	0
1	1	UID25004	1	1	0	0
1	1	UID25007	1	1	0	0
1	1	UID25017	1	1	0	0
1	1	UID25019	1	1	0	0
1	1	UID25021	1	1	0	0
1	1	UID25024	1	1	0	0
1	1	UID25049	1	1	0	0
1	1	UID25059	1	1	0	0
1	1	UID25073	1	1	0	0
1	1	UID25091	1	1	0	0
1	1	UID25097	1	1	0	0
1	1	UID25098	1	1	0	0
1	1	UID25101	1	1	0	0
1	1	UID25109	1	1	0	0
1	1	UID25132	1	1	0	0
1	1	UID25171	1	1	0	0
1	1	UID25172	1	1	0	0
1	1	UID25173	1	1	0	0
1	1	UID25174	1	1	0	0
1	1	UID25176	1	1	0	0
1	1	UID25179	1	1	0	0
1	1	UID25183	1	1	0	0
1	1	UID25185	1	1	0	0
1	1	UID25220	1	1	0	0
1	1	UID25240	1	1	0	0
1	1	UID25241	1	1	0	0
1	1	UID25243	1	1	0	0
1	1	UID25244	1	1	0	0
1	1	UID25250	1	1	0	0
1	1	UID25251	1	1	0	0
1	1	UID25262	1	1	0	0
1	1	UID25286	1	1	0	0
1	1	UID25297	1	1	0	0
1	1	UID25299	1	1	0	0
1	1	UID25303	1	1	0	0
1	1	UID25304	1	1	0	0
1	1	UID25305	1	1	0	0
1	1	UID25310	1	1	0	0
1	1	UID25392	1	1	0	0
1	1	UID25393	1	1	0	0
1	1	UID25394	1	1	0	0
1	1	UID25395	1	1	0	0
1	1	UID25396	1	1	0	0
1	1	UID25398	1	1	0	0
1	1	UID25405	1	1	0	0
1	1	UID25410	1	1	0	0
1	1	UID25415	1	1	0	0
1	1	UID25423	1	1	0	0
1	1	UID25463	1	1	0	0
1	1	UID25468	1	1	0	0
1	1	UID25469	1	1	0	0
1	1	UID25477	1	1	0	0
1	1	UID25482	1	1	0	0
1	1	UID25510	1	1	0	0
1	1	UID25518	1	1	0	0
1	1	UID25519	1	1	0	0
1	1	UID25522	1	1	0	0
1	1	UID25523	1	1	0	0
1	1	UID25545	1	1	0	0
1	1	UID25554	1	1	0	0
1	1	UID25559	1	1	0	0
1	1	UID25565	1	1	0	0
1	1	UID25571	1	1	0	0
1	1	UID25597	1	1	0	0
1	1	UID25603	1	1	0	0
1	1	UID25607	1	1	0	0
1	1	UID25608	1	1	0	0
1	1	UID25611	1	1	0	0
1	1	UID25612	1	1	0	0
1	1	UID25615	1	1	0	0
1	1	UID25616	1	1	0	0
1	1	UID25617	1	1	0	0
1	1	UID25618	1	1	0	0
1	1	UID25619	1	1	0	0
1	1	UID25620	1	1	0	0
1	1	UID25621	1	1	0	0
1	1	UID25622	1	1	0	0
1	1	UID25623	1	1	0	0
1	1	UID25625	1	1	0	0
1	1	UID25626	1	1	0	0
1	1	UID25655	1	1	0	0
1	1	UID25662	1	1	0	0
1	1	UID25665	1	1	0	0
1	1	UID25667	1	1	0	0
1	1	UID25676	1	1	0	0
1	1	UID25682	1	1	0	0
1	1	UID25711	1	1	0	0
1	1	UID25712	1	1	0	0
1	1	UID25722	1	1	0	0
1	1	UID25727	1	1	0	0
1	1	UID25737	1	1	0	0
1	1	UID25738	1	1	0	0
1	1	UID25741	1	1	0	0
1	1	UID25748	1	1	0	0
1	1	UID25782	1	1	0	0
1	1	UID25802	1	1	0	0
1	1	UID25803	1	1	0	0
1	1	UID25804	1	1	0	0
1	1	UID25805	1	1	0	0
1	1	UID25810	1	1	0	0
1	1	UID25833	1	1	0	0
1	1	UID25835	1	1	0	0
1	1	UID25836	1	1	0	0
1	1	UID25840	1	1	0	0
1	1	UID25847	1	1	0	0
1	1	UID25853	1	1	0	0
1	1	UID25854	1	1	0	0
1	1	UID25858	1	1	0	0
1	1	UID25884	1	1	0	0
1	1	UID25887	1	1	0	0
1	1	UID25897	1	1	0	0
1	1	UID25901	1	1	0	0
1	1	UID25903	1	1	0	0
1	1	UID25907	1	1	0	0
1	1	UID25921	1	1	0	0
1	1	UID25955	1	1	0	0
1	1	UID25961	1	1	0	0
1	1	UID25975	1	1	0	0
1	1	UID25982	1	1	0	0
1	1	UID25984	1	1	0	0
1	1	UID25985	1	1	0	0
1	1	UID25986	1	1	0	0
1	1	UID25989	1	1	0	0
1	1	UID25990	1	1	0	0
1	1	UID26022	1	1	0	0
1	1	UID26024	1	1	0	0
1	1	UID26026	1	1	0	0
1	1	UID26029	1	1	0	0
1	1	UID26037	1	1	0	0
1	1	UID26040	1	1	0	0
1	1	UID26041	1	1	0	0
1	1	UID26065	1	1	0	0
1	1	UID26068	1	1	0	0
1	1	UID26074	1	1	0	0
1	1	UID26085	1	1	0	0
1	1	UID26092	1	1	0	0
1	1	UID26097	1	1	0	0
1	1	UID26101	1	1	0	0
1	1	UID26108	1	1	0	0
1	1	UID26133	1	1	0	0
1	1	UID26150	1	1	0	0
1	1	UID26152	1	1	0	0
1	1	UID26157	1	1	0	0
1	1	UID26184	1	1	0	0
1	1	UID26199	1	1	0	0
1	1	UID26204	1	1	0	0
1	1	UID26205	1	1	0	0
1	1	UID26206	1	1	0	0
1	1	UID26207	1	1	0	0
1	1	UID26211	1	1	0	0
1	1	UID26221	1	1	0	0
1	1	UID26223	1	1	0	0
1	1	UID26246	1	1	0	0
1	1	UID26248	1	1	0	0
1	1	UID26254	1	1	0	0
1	1	UID26261	1	1	0	0
1	1	UID26263	1	1	0	0
1	1	UID26266	1	1	0	0
1	1	UID26267	1	1	0	0
1	1	UID26316	1	1	0	0
1	1	UID26322	1	1	0	0
1	1	UID26325	1	1	0	0
1	1	UID26328	1	1	0	0
1	1	UID26343	1	1	0	0
1	1	UID26345	1	1	0	0
1	1	UID26367	1	1	0	0
1	1	UID26371	1	1	0	0
1	1	UID26383	1	1	0	0
1	1	UID26395	1	1	0	0
1	1	UID26433	1	1	0	0
1	1	UID26434	1	1	0	0
1	1	UID26462	1	1	0	0
1	1	UID26470	1	1	0	0
1	1	UID26475	1	1	0	0
1	1	UID26504	1	1	0	0
1	1	UID26510	1	1	0	0
1	1	UID26521	1	1	0	0
1	1	UID26524	1	1	0	0
1	1	UID26525	1	1	0	0
1	1	UID26528	1	1	0	0
1	1	UID26530	1	1	0	0
1	1	UID26535	1	1	0	0
1	1	UID26555	1	1	0	0
1	1	UID26567	1	1	0	0
1	1	UID26597	1	1	0	0
1	1	UID26601	1	1	0	0
1	1	UID26602	1	1	0	0
1	1	UID26647	1	1	0	0
1	1	UID26667	1	1	0	0
1	1	UID26671	1	1	0	0
1	1	UID26672	1	1	0	0
1	1	UID26718	1	1	0	0
1	1	UID26726	1	1	0	0
1	1	UID26728	1	1	0	0
1	1	UID26735	1	1	0	0
1	1	UID26739	1	1	0	0
1	1	UID26748	1	1	0	0
1	1	UID26751	1	1	0	0
1	1	UID26771	1	1	0	0
1	1	UID26778	1	1	0	0
1	1	UID26783	1	1	0	0
1	1	UID26784	1	1	0	0
1	1	UID26807	1	1	0	0
1	1	UID26819	1	1	0	0
1	1	UID26826	1	1	0	0
1	1	UID26835	1	1	0	0
1	1	UID26850	1	1	0	0
1	1	UID26854	1	1	0	0
1	1	UID26869	1	1	0	0
1	1	UID26873	1	1	0	0
1	1	UID26881	1	1	0	0
1	1	UID26882	1	1	0	0
1	1	UID26887	1	1	0	0
1	1	UID26888	1	1	0	0
1	1	UID26901	1	1	0	0
1	1	UID26913	1	1	0	0
1	1	UID26919	1	1	0	0
1	1	UID26947	1	1	0	0
1	1	UID26948	1	1	0	0
1	1	UID26950	1	1	0	0
1	1	UID26961	1	1	0	0
1	1	UID26962	1	1	0	0
1	1	UID26963	1	1	0	0
1	1	UID26998	1	1	0	0
1	1	UID27029	1	1	0	0
1	1	UID27035	1	1	0	0
1	1	UID27046	1	1	0	0
1	1	UID27060	1	1	0	0
1	1	UID27061	1	1	0	0
1	1	UID27065	1	1	0	0
1	1	UID27080	1	1	0	0
1	1	UID286	1	1	0	0
1	1	UID5212	1	1	0	0
