1793	14329	UID324	8249	1400	5	5
985	7216	UID1	3707	753	5	5
458	2452	UID2	1422	351	3	3
174	480	UID7149	238	144	3	3
231	516	UID41652	217	194	2	2
301	515	UID41653	156	268	4	4
89	215	UID7	108	79	2	2
92	213	UID143	101	79	3	3
75	182	UID13404	96	67	2	2
66	178	UID114	92	57	2	2
65	140	UID41654	73	61	2	2
182	271	UID41655	70	169	3	3
57	122	UID13387	61	52	2	2
55	123	UID13561	60	48	2	2
63	124	UID13399	58	59	2	2
52	119	UID13516	56	46	2	2
45	100	UID13390	52	41	1	1
97	172	UID8776	52	88	4	4
39	91	UID13412	48	36	2	2
36	91	UID56	48	31	2	2
68	123	UID13389	47	60	2	2
39	92	UID524	46	32	2	2
56	121	UID205	45	48	2	2
87	150	UID8140	45	74	2	2
57	110	UID13388	44	49	2	2
38	87	UID13432	44	32	2	2
54	128	UID41656	44	44	3	3
44	91	UID13416	43	39	2	2
46	93	UID13460	43	41	2	2
23	67	UID8067	43	20	1	1
28	69	UID13397	42	27	2	2
34	76	UID13427	41	31	2	2
45	90	UID13454	41	40	2	2
32	73	UID13476	41	30	1	1
27	66	UID13481	40	26	2	2
37	80	UID13491	40	33	2	2
42	81	UID13393	38	39	2	2
27	64	UID13406	38	26	1	1
28	68	UID13395	37	25	2	2
44	83	UID13430	37	41	2	2
25	64	UID13440	37	22	2	2
23	59	UID13447	36	21	1	1
40	80	UID13471	36	34	2	2
40	85	UID85	36	33	2	2
36	72	UID13429	35	33	2	2
40	82	UID13443	35	35	2	2
29	66	UID7404	35	25	2	2
37	74	UID9	35	34	2	2
22	58	UID13428	34	20	1	1
18	51	UID13442	34	17	1	1
28	63	UID13419	33	25	1	1
31	66	UID13450	33	27	2	2
24	57	UID13468	33	22	1	1
21	56	UID13510	33	17	2	2
25	59	UID13517	33	22	2	2
22	56	UID742	33	19	2	2
24	56	UID13435	32	22	2	2
28	60	UID13394	31	25	2	2
41	75	UID13410	31	36	2	2
24	55	UID13401	30	22	2	2
18	47	UID13436	30	17	1	1
21	52	UID13466	30	18	2	2
32	62	UID13411	29	30	2	2
23	55	UID13415	29	19	1	1
35	67	UID13433	29	32	2	2
38	68	UID13445	29	35	2	2
25	54	UID13482	29	23	2	2
25	54	UID13505	29	23	2	2
23	53	UID13537	29	20	2	2
25	53	UID13539	29	24	2	2
36	63	UID13405	28	35	1	1
26	56	UID13407	28	23	2	2
22	52	UID13472	28	18	2	2
32	65	UID13513	28	26	2	2
27	55	UID13420	27	24	2	2
24	51	UID13456	27	22	2	2
29	58	UID13458	27	25	2	2
26	53	UID13467	27	24	2	2
27	54	UID13475	27	25	2	2
37	65	UID13477	27	34	2	2
29	57	UID18	27	26	2	2
26	53	UID13391	26	23	2	2
18	43	UID13473	26	17	2	2
25	52	UID13478	26	22	2	2
18	45	UID13509	26	15	1	1
24	49	UID13408	25	22	2	2
22	47	UID13439	25	20	1	1
41	71	UID13492	25	37	2	2
22	47	UID13600	25	20	2	2
32	60	UID13422	24	28	2	2
22	45	UID13424	24	21	1	1
14	38	UID13488	24	12	1	1
20	44	UID13569	24	18	2	2
30	55	UID260	24	27	2	2
20	44	UID13502	23	17	2	2
22	44	UID13531	23	21	2	2
26	52	UID13543	23	24	2	2
28	56	UID25	23	23	2	2
19	42	UID13452	22	17	1	1
16	39	UID13487	22	14	2	2
30	54	UID13431	21	27	2	2
18	39	UID13503	21	16	2	2
33	58	UID13504	21	29	2	2
26	50	UID16	21	22	2	2
30	51	UID560	21	28	2	2
20	40	UID83	21	19	2	2
18	37	UID13501	20	17	2	2
27	47	UID13521	20	25	2	2
23	43	UID13530	20	21	1	1
17	37	UID13479	19	14	2	2
14	33	UID13534	19	12	1	1
21	42	UID13595	19	17	2	2
17	35	UID13610	19	16	1	1
27	45	UID30118	19	26	1	1
27	49	UID37883	19	22	2	2
14	35	UID40	19	12	2	2
23	41	UID41658	19	22	2	2
17	37	UID70	19	14	1	1
20	43	UID13444	18	16	1	1
16	33	UID13480	18	15	2	2
14	33	UID13587	18	11	2	2
16	38	UID188	18	13	2	2
19	40	UID378	18	14	1	1
17	40	UID54	18	13	2	2
20	37	UID92	18	19	1	1
14	32	UID1217	17	12	1	1
20	38	UID13499	17	17	2	2
16	32	UID13514	17	15	1	1
10	26	UID13548	17	9	1	1
12	28	UID13578	17	11	1	1
13	29	UID97	17	12	1	1
10	25	UID118	16	9	1	1
13	28	UID13554	16	12	2	2
16	31	UID13560	16	15	2	2
5	20	UID13599	16	4	1	1
11	27	UID144	16	9	1	1
17	44	UID214	16	15	2	2
44	61	UID41659	16	42	3	3
16	34	UID82	16	13	2	2
21	35	UID13449	15	20	2	2
11	26	UID41660	15	9	1	1
23	38	UID47	15	21	2	2
17	35	UID76	15	14	2	2
8	21	UID13557	14	7	1	1
8	23	UID13564	14	5	1	1
19	35	UID273	14	15	2	2
16	33	UID27	14	13	2	2
19	32	UID41	14	18	1	1
18	36	UID8758	14	14	2	2
8	23	UID98	14	5	1	1
16	34	UID108	13	13	2	2
10	22	UID13527	13	9	1	1
14	26	UID13545	13	13	1	1
13	25	UID13556	13	12	1	1
12	24	UID13570	13	11	1	1
5	17	UID13572	13	4	1	1
12	24	UID13592	13	11	1	1
9	21	UID13734	13	8	1	1
12	26	UID21	13	10	2	2
11	23	UID22	13	10	1	1
38	57	UID30116	13	34	3	3
20	37	UID41663	13	17	2	2
13	29	UID81	13	11	2	2
11	23	UID87	13	10	1	1
13	24	UID13508	12	12	1	1
17	29	UID13546	12	15	1	1
8	19	UID13555	12	7	1	1
10	21	UID13582	12	9	1	1
10	21	UID13617	12	9	2	2
4	15	UID14585	12	3	1	1
20	35	UID146	12	17	2	2
17	29	UID150	12	15	2	2
10	23	UID196	12	8	1	1
17	30	UID23	12	15	2	2
16	29	UID26089	12	14	2	2
18	29	UID67	12	17	2	2
12	23	UID72	12	11	2	2
11	23	UID90	12	9	2	2
12	24	UID100	11	9	1	1
6	22	UID102	11	4	1	1
13	23	UID13576	11	12	2	2
4	14	UID13612	11	3	1	1
14	25	UID13614	11	12	2	2
3	15	UID136	11	1	1	1
7	17	UID168	11	6	1	1
10	20	UID19	11	9	1	1
7	17	UID216	11	6	2	2
13	24	UID253	11	11	2	2
22	32	UID368	11	21	1	1
14	24	UID41665	11	13	1	1
23	33	UID41666	11	22	2	2
14	25	UID44	11	12	2	2
6	16	UID63	11	5	2	2
8	17	UID10744	10	7	1	1
12	21	UID124	10	11	2	2
21	33	UID128	10	18	2	2
8	19	UID13568	10	6	2	2
12	21	UID13584	10	11	2	2
8	18	UID13589	10	6	1	1
2	11	UID13602	10	1	1	1
11	20	UID13608	10	10	1	1
8	17	UID13636	10	7	1	1
9	20	UID13684	10	7	2	2
11	20	UID13696	10	10	2	2
4	13	UID14156	10	3	1	1
11	24	UID141	10	8	2	2
7	17	UID142	10	5	1	1
16	25	UID162	10	15	2	2
8	17	UID170	10	7	1	1
8	17	UID185	10	7	1	1
7	16	UID203	10	6	2	2
19	29	UID38	10	17	2	2
9	18	UID41668	10	8	1	1
21	30	UID41670	10	20	2	2
13	23	UID41672	10	11	1	1
7	16	UID62	10	6	2	2
15	25	UID8497	10	13	1	1
15	26	UID84	10	13	2	2
8	17	UID86	10	7	1	1
8	17	UID8770	10	7	1	1
16	30	UID88	10	12	2	2
16	30	UID93	10	13	2	2
13	21	UID11083	9	12	1	1
12	22	UID113	9	10	1	1
7	15	UID129	9	6	1	1
18	26	UID130	9	17	1	1
7	15	UID13536	9	6	1	1
9	17	UID13538	9	8	1	1
6	14	UID13544	9	5	1	1
8	16	UID13559	9	7	1	1
10	18	UID13573	9	9	1	1
7	16	UID13628	9	5	1	1
4	12	UID13637	9	3	1	1
12	21	UID137	9	10	2	2
8	16	UID189	9	7	1	1
8	16	UID199	9	7	2	2
9	23	UID220	9	7	1	1
10	19	UID222	9	8	2	2
7	15	UID309	9	6	2	2
7	15	UID374	9	6	1	1
2	10	UID41674	9	1	0	0
12	20	UID41676	9	11	2	2
6	14	UID41677	9	5	1	1
5	13	UID41678	9	4	1	1
4	12	UID559	9	3	1	1
11	21	UID8207	9	8	2	2
8	16	UID8669	9	7	1	1
8	15	UID109	8	7	1	1
10	17	UID13581	8	9	1	1
11	20	UID13594	8	8	1	1
8	15	UID13601	8	7	1	1
6	13	UID13603	8	5	1	1
12	20	UID13606	8	10	1	1
6	13	UID13618	8	5	1	1
12	20	UID147	8	10	2	2
11	20	UID167	8	8	2	2
6	15	UID183	8	3	2	2
8	17	UID215	8	6	2	2
5	12	UID231	8	4	2	2
6	13	UID239	8	5	1	1
6	13	UID270	8	5	1	1
10	17	UID307	8	9	1	1
11	18	UID34923	8	10	1	1
4	11	UID41680	8	3	1	1
6	13	UID555	8	5	1	1
11	24	UID77	8	9	2	2
11	18	UID103	7	9	2	2
10	17	UID134	7	8	1	1
11	18	UID13528	7	9	1	1
4	11	UID13604	7	2	1	1
5	11	UID13619	7	4	1	1
3	9	UID13641	7	2	1	1
2	8	UID13650	7	1	1	1
7	14	UID13685	7	5	1	1
1	7	UID13713	7	0	0	0
1	7	UID13775	7	0	0	0
3	9	UID13903	7	2	1	1
7	13	UID151	7	6	2	2
12	18	UID173	7	11	2	2
12	19	UID200	7	10	2	2
6	12	UID277	7	5	1	1
14	23	UID30	7	11	2	2
3	9	UID318	7	2	1	1
6	12	UID339	7	5	1	1
4	11	UID379	7	2	1	1
5	11	UID382	7	4	1	1
3	9	UID415	7	2	2	2
15	22	UID41687	7	13	2	2
7	13	UID483	7	6	1	1
5	12	UID518	7	3	1	1
4	10	UID563	7	3	1	1
8	14	UID60	7	7	1	1
4	10	UID669	7	3	1	1
18	25	UID8476	7	16	2	2
7	12	UID1316	6	6	1	1
8	15	UID13542	6	6	2	2
8	13	UID13571	6	7	1	1
8	13	UID13577	6	7	1	1
7	12	UID13596	6	6	1	1
8	15	UID13627	6	6	1	1
4	9	UID13635	6	3	1	1
4	9	UID13658	6	3	1	1
5	10	UID13663	6	4	1	1
10	15	UID13693	6	9	1	1
5	10	UID13694	6	4	1	1
3	8	UID13711	6	2	1	1
2	7	UID13848	6	1	0	0
8	14	UID140	6	6	2	2
13	19	UID178	6	11	3	3
9	14	UID190	6	8	2	2
4	10	UID201	6	2	2	2
8	14	UID240	6	6	2	2
8	15	UID263	6	6	1	1
12	19	UID272	6	9	2	2
7	12	UID280	6	6	1	1
6	11	UID341	6	5	1	1
5	10	UID34922	6	4	1	1
4	9	UID349	6	3	1	1
5	10	UID367	6	4	1	1
5	11	UID394	6	3	1	1
6	11	UID397	6	5	1	1
8	13	UID41691	6	7	1	1
3	8	UID466	6	2	0	0
9	14	UID482	6	8	1	1
13	18	UID50	6	12	1	1
8	14	UID521	6	6	1	1
3	8	UID677	6	2	1	1
11	15	UID13563	5	10	1	1
8	12	UID13583	5	7	2	2
10	14	UID13586	5	9	1	1
3	7	UID13588	5	2	1	1
7	12	UID13613	5	5	1	1
5	9	UID13621	5	4	1	1
3	7	UID13623	5	2	1	1
5	9	UID13651	5	4	1	1
6	10	UID13652	5	5	1	1
6	10	UID13678	5	5	1	1
5	9	UID13802	5	4	2	2
4	8	UID13804	5	3	1	1
2	6	UID13857	5	1	1	1
3	7	UID14031	5	2	1	1
4	8	UID14077	5	3	1	1
2	6	UID14215	5	1	0	0
10	14	UID14549	5	9	1	1
5	9	UID158	5	4	2	2
8	14	UID161	5	5	2	2
4	8	UID165	5	3	1	1
5	11	UID169	5	3	2	2
10	17	UID171	5	8	2	2
6	10	UID197	5	5	2	2
8	12	UID213	5	7	1	1
6	10	UID227	5	5	1	1
10	14	UID232	5	9	1	1
6	10	UID235	5	5	1	1
4	8	UID242	5	3	1	1
3	7	UID261	5	2	1	1
5	9	UID271	5	4	1	1
5	9	UID278	5	4	1	1
7	11	UID292	5	6	1	1
9	13	UID312	5	8	1	1
7	13	UID331	5	5	2	2
5	10	UID333	5	3	1	1
2	6	UID392	5	1	1	1
23	27	UID41702	5	22	1	1
8	12	UID41703	5	7	1	1
9	13	UID41705	5	8	1	1
12	17	UID42	5	10	2	2
2	6	UID461	5	1	1	1
4	9	UID464	5	2	1	1
4	8	UID484	5	3	1	1
6	10	UID49	5	5	1	1
4	8	UID515	5	3	2	2
3	7	UID520	5	2	0	0
5	9	UID553	5	4	2	2
4	8	UID652	5	3	1	1
10	15	UID66	5	8	2	2
8	12	UID674	5	7	1	1
5	9	UID675	5	4	1	1
1	5	UID689	5	0	0	0
5	10	UID800	5	3	1	1
3	7	UID8693	5	2	0	0
4	7	UID1035	4	3	1	1
2	5	UID1142	4	1	1	1
6	9	UID1190	4	5	1	1
12	16	UID133	4	10	2	2
3	6	UID13593	4	2	1	1
5	8	UID13653	4	4	1	1
4	7	UID13673	4	3	1	1
1	4	UID13879	4	0	0	0
3	6	UID14028	4	2	1	1
3	6	UID14235	4	2	1	1
4	7	UID1474	4	3	1	1
9	12	UID159	4	8	1	1
2	5	UID163	4	1	1	1
5	8	UID176	4	4	1	1
4	7	UID177	4	3	0	0
2	5	UID19018	4	1	0	0
3	6	UID202	4	2	1	1
3	7	UID20947	4	1	1	1
5	8	UID229	4	4	1	1
5	8	UID258	4	4	1	1
4	7	UID293	4	3	1	1
8	11	UID310	4	7	1	1
8	11	UID316	4	7	1	1
6	9	UID317	4	5	1	1
2	5	UID319	4	1	0	0
10	14	UID320	4	8	2	2
3	6	UID329	4	2	0	0
4	7	UID330	4	3	1	1
5	8	UID332	4	4	1	1
4	7	UID340	4	3	1	1
2	5	UID376	4	1	1	1
3	6	UID37701	4	2	1	1
6	9	UID377	4	5	1	1
8	12	UID393	4	6	1	1
5	8	UID398	4	4	2	2
5	8	UID4060	4	4	1	1
3	6	UID412	4	2	1	1
5	8	UID41718	4	4	1	1
3	7	UID41727	4	1	2	2
4	7	UID41728	4	3	0	0
1	4	UID41729	4	0	0	0
13	17	UID41731	4	11	1	1
1	4	UID41732	4	0	0	0
10	13	UID41734	4	9	2	2
17	20	UID41735	4	16	1	1
2	5	UID41739	4	1	0	0
2	5	UID41740	4	1	1	1
3	6	UID41748	4	2	0	0
22	26	UID41749	4	20	2	2
4	7	UID418	4	3	1	1
8	11	UID437	4	7	1	1
3	6	UID460	4	2	1	1
4	7	UID462	4	3	1	1
1	4	UID4735	4	0	0	0
6	9	UID478	4	5	1	1
3	6	UID5034	4	2	1	1
9	12	UID504	4	8	1	1
4	7	UID516	4	3	1	1
4	7	UID549	4	3	1	1
2	5	UID564	4	1	0	0
3	6	UID565	4	2	1	1
1	4	UID6678	4	0	0	0
3	7	UID673	4	1	1	1
2	5	UID679	4	1	1	1
3	6	UID799	4	2	1	1
9	13	UID8773	4	7	2	2
2	5	UID885	4	1	1	1
8	12	UID107	3	6	1	1
7	9	UID119	3	6	2	2
3	5	UID123	3	2	1	1
10	13	UID13609	3	8	1	1
2	4	UID13622	3	1	1	1
10	12	UID13626	3	9	2	2
3	5	UID13659	3	2	1	1
4	6	UID13660	3	3	1	1
5	7	UID13707	3	4	1	1
4	6	UID13709	3	3	1	1
1	3	UID13722	3	0	0	0
6	8	UID13723	3	5	1	1
3	5	UID13731	3	2	2	2
4	7	UID13732	3	2	1	1
2	4	UID13736	3	1	1	1
3	5	UID13744	3	2	1	1
1	3	UID13745	3	0	0	0
1	3	UID13805	3	0	0	0
2	4	UID1383	3	1	1	1
3	5	UID13886	3	2	1	1
2	4	UID13902	3	1	1	1
2	4	UID13968	3	1	1	1
2	4	UID14064	3	1	1	1
6	9	UID14073	3	4	2	2
1	3	UID14204	3	0	0	0
3	5	UID14280	3	2	0	0
2	4	UID14327	3	1	1	1
13	15	UID1469	3	12	2	2
2	4	UID17777	3	1	1	1
3	5	UID181	3	2	1	1
2	4	UID19173	3	1	0	0
3	5	UID207	3	2	1	1
1	3	UID20895	3	0	0	0
1	3	UID22610	3	0	0	0
2	5	UID22780	3	0	1	1
3	5	UID228	3	2	0	0
3	5	UID234	3	2	1	1
3	5	UID262	3	2	1	1
4	6	UID279	3	3	1	1
3	5	UID294	3	2	1	1
3	5	UID32707	3	2	1	1
2	4	UID34460	3	1	1	1
5	7	UID34469	3	4	1	1
6	8	UID34937	3	5	0	0
3	5	UID354	3	2	1	1
3	5	UID359	3	2	1	1
5	7	UID360	3	4	1	1
4	6	UID361	3	3	1	1
4	6	UID363	3	3	2	2
2	4	UID366	3	1	1	1
2	4	UID37977	3	1	0	0
1	3	UID381	3	0	0	0
2	4	UID396	3	1	1	1
3	5	UID410	3	2	1	1
3	5	UID41758	3	2	1	1
3	5	UID41777	3	2	2	2
6	8	UID41778	3	5	1	1
6	8	UID41781	3	5	1	1
2	4	UID41784	3	1	1	1
1	3	UID41785	3	0	0	0
1	3	UID41786	3	0	0	0
3	5	UID41791	3	2	1	1
1	3	UID41793	3	0	0	0
2	4	UID41794	3	1	1	1
12	16	UID41797	3	10	2	2
13	16	UID41798	3	11	1	1
4	6	UID41799	3	3	1	1
1	3	UID41802	3	0	0	0
4	6	UID41803	3	3	1	1
11	13	UID41804	3	10	1	1
4	6	UID41805	3	3	1	1
2	4	UID41807	3	1	0	0
2	4	UID41808	3	1	0	0
6	8	UID41809	3	5	1	1
12	15	UID41810	3	10	2	2
3	5	UID41812	3	2	1	1
6	8	UID41813	3	5	2	2
3	5	UID41814	3	2	1	1
3	5	UID41815	3	2	1	1
2	4	UID41816	3	1	1	1
3	5	UID41817	3	2	1	1
3	5	UID41821	3	2	1	1
2	4	UID41822	3	1	1	1
2	4	UID41823	3	1	1	1
4	6	UID41824	3	3	1	1
1	3	UID41825	3	0	0	0
3	5	UID41826	3	2	1	1
1	3	UID41827	3	0	0	0
2	4	UID41828	3	1	1	1
4	6	UID41829	3	3	1	1
2	4	UID41832	3	1	0	0
2	4	UID41848	3	1	0	0
1	3	UID419	3	0	0	0
3	5	UID430	3	2	1	1
1	3	UID432	3	0	0	0
7	9	UID434	3	6	1	1
1	3	UID438	3	0	0	0
6	9	UID440	3	4	1	1
4	6	UID463	3	3	1	1
3	5	UID479	3	2	1	1
3	5	UID485	3	2	1	1
1	3	UID487	3	0	0	0
6	8	UID506	3	5	2	2
3	5	UID531	3	2	1	1
4	6	UID557	3	3	1	1
5	7	UID567	3	4	1	1
3	6	UID646	3	1	1	1
2	4	UID6491	3	1	0	0
1	3	UID678	3	0	0	0
1	3	UID680	3	0	0	0
1	3	UID816	3	0	0	0
2	4	UID861	3	1	0	0
4	6	UID877	3	3	1	1
1	3	UID880	3	0	0	0
7	9	UID881	3	6	1	1
4	6	UID924	3	3	1	1
5	6	UID1092	2	4	2	2
3	4	UID1238	2	2	1	1
3	4	UID1241	2	2	1	1
2	3	UID1349	2	1	1	1
4	5	UID13565	2	3	1	1
3	4	UID13629	2	2	1	1
2	3	UID13683	2	1	1	1
8	9	UID13698	2	7	1	1
2	3	UID13701	2	1	1	1
3	4	UID13702	2	2	1	1
4	5	UID1371	2	3	1	1
6	7	UID13725	2	5	1	1
4	5	UID13729	2	3	1	1
2	3	UID13781	2	1	1	1
3	4	UID13823	2	2	1	1
3	4	UID13891	2	2	1	1
2	3	UID13896	2	1	1	1
2	3	UID13910	2	1	1	1
4	5	UID14069	2	3	1	1
2	3	UID14283	2	1	1	1
5	6	UID1453	2	4	1	1
6	7	UID172	2	5	1	1
4	5	UID17	2	3	1	1
3	4	UID180	2	2	1	1
3	4	UID18923	2	2	1	1
7	8	UID18925	2	6	1	1
1	2	UID18986	2	0	0	0
5	6	UID19189	2	4	1	1
5	6	UID212	2	4	1	1
4	5	UID218	2	3	1	1
5	6	UID221	2	4	1	1
6	7	UID244	2	5	1	1
4	6	UID251	2	2	1	1
3	4	UID252	2	2	1	1
3	4	UID25582	2	2	2	2
2	3	UID25686	2	1	1	1
1	2	UID257	2	0	0	0
2	3	UID27415	2	1	1	1
6	7	UID275	2	5	1	1
5	6	UID287	2	4	1	1
2	3	UID295	2	1	1	1
6	7	UID30248	2	5	2	2
10	13	UID30355	2	7	1	1
3	4	UID30356	2	2	1	1
3	4	UID311	2	2	1	1
2	3	UID338	2	1	1	1
6	7	UID34557	2	5	1	1
3	4	UID352	2	2	1	1
6	8	UID35714	2	4	1	1
4	5	UID364	2	3	1	1
6	8	UID375	2	4	1	1
3	4	UID3823	2	2	1	1
5	6	UID391	2	4	1	1
6	7	UID416	2	5	1	1
1	2	UID41866	2	0	0	0
3	4	UID41867	2	2	2	2
3	4	UID41877	2	2	1	1
2	3	UID41886	2	1	1	1
3	4	UID41889	2	2	1	1
4	5	UID41897	2	3	1	1
2	3	UID41906	2	1	1	1
2	3	UID41920	2	1	1	1
2	4	UID41934	2	0	1	1
3	4	UID41960	2	2	1	1
2	3	UID41963	2	1	1	1
3	4	UID41978	2	2	1	1
4	5	UID41982	2	3	1	1
2	3	UID41987	2	1	1	1
1	2	UID41997	2	0	0	0
7	8	UID42005	2	6	1	1
2	3	UID42007	2	1	1	1
1	2	UID42020	2	0	0	0
1	2	UID42022	2	0	0	0
3	4	UID42025	2	2	1	1
2	3	UID42048	2	1	1	1
2	3	UID42051	2	1	1	1
8	9	UID42052	2	7	1	1
3	4	UID42055	2	2	1	1
3	4	UID42062	2	2	1	1
3	4	UID42069	2	2	1	1
4	5	UID42071	2	3	1	1
2	3	UID42073	2	1	1	1
3	4	UID42079	2	2	1	1
6	7	UID42083	2	5	2	2
2	3	UID42097	2	1	1	1
2	3	UID420	2	1	1	1
4	5	UID42109	2	3	2	2
5	6	UID42114	2	4	2	2
2	3	UID42115	2	1	1	1
3	4	UID42116	2	2	1	1
3	4	UID42118	2	2	1	1
3	4	UID42121	2	2	1	1
1	2	UID42126	2	0	0	0
2	3	UID42131	2	1	1	1
4	5	UID42194	2	3	2	2
2	3	UID431	2	1	1	1
4	5	UID458	2	3	1	1
2	3	UID459	2	1	1	1
6	7	UID476	2	5	1	1
1	2	UID486	2	0	0	0
4	5	UID514	2	3	1	1
2	3	UID523	2	1	1	1
4	5	UID546	2	3	1	1
2	3	UID5555	2	1	1	1
5	6	UID558	2	4	1	1
3	4	UID6013	2	2	1	1
2	3	UID628	2	1	1	1
4	5	UID644	2	3	1	1
2	3	UID683	2	1	1	1
4	5	UID700	2	3	1	1
2	3	UID7305	2	1	1	1
2	3	UID780	2	1	1	1
2	3	UID782	2	1	1	1
3	4	UID857	2	2	1	1
3	4	UID906	2	2	1	1
6	6	UID1026	1	6	1	1
1	1	UID10622	1	1	0	0
6	6	UID1136	1	6	2	2
6	6	UID1160	1	6	2	2
3	3	UID1355	1	3	1	1
3	3	UID13671	1	3	1	1
1	1	UID1385	1	1	0	0
1	1	UID13978	1	1	0	0
1	1	UID14036	1	1	0	0
1	1	UID14063	1	1	0	0
2	2	UID14065	1	2	1	1
4	4	UID1415	1	4	1	1
1	1	UID14166	1	1	0	0
5	5	UID14217	1	5	1	1
1	1	UID14509	1	1	0	0
1	1	UID14520	1	1	0	0
3	3	UID14532	1	3	1	1
2	2	UID1471	1	2	1	1
1	1	UID1475	1	1	0	0
4	4	UID17054	1	4	2	2
3	3	UID18047	1	3	1	1
1	1	UID1884	1	1	0	0
3	3	UID18950	1	3	1	1
1	1	UID2144	1	1	0	0
1	1	UID22864	1	1	0	0
7	7	UID237	1	7	1	1
6	6	UID243	1	6	1	1
1	1	UID245	1	1	0	0
1	1	UID282	1	1	0	0
8	8	UID285	1	8	1	1
3	3	UID30162	1	3	1	1
1	1	UID30342	1	1	0	0
1	1	UID323	1	1	0	0
2	2	UID33137	1	2	1	1
9	9	UID342	1	9	1	1
4	4	UID34500	1	4	1	1
1	1	UID34515	1	1	0	0
1	1	UID35256	1	1	0	0
1	1	UID35687	1	1	0	0
2	2	UID36644	1	2	1	1
1	1	UID36727	1	1	0	0
1	1	UID36847	1	1	0	0
1	1	UID37134	1	1	0	0
1	1	UID37270	1	1	0	0
1	1	UID37878	1	1	0	0
3	3	UID40562	1	3	2	2
1	1	UID42233	1	1	0	0
1	1	UID42234	1	1	0	0
1	1	UID42235	1	1	0	0
1	1	UID42236	1	1	0	0
1	1	UID42237	1	1	0	0
1	1	UID42238	1	1	0	0
1	1	UID42240	1	1	0	0
1	1	UID42241	1	1	0	0
1	1	UID42242	1	1	0	0
1	1	UID42244	1	1	0	0
1	1	UID42245	1	1	0	0
1	1	UID42247	1	1	0	0
1	1	UID42256	1	1	0	0
1	1	UID42259	1	1	0	0
1	1	UID42260	1	1	0	0
1	1	UID42261	1	1	0	0
1	1	UID42266	1	1	0	0
1	1	UID42267	1	1	0	0
1	1	UID42274	1	1	0	0
1	1	UID42278	1	1	0	0
1	1	UID42282	1	1	0	0
1	1	UID42300	1	1	0	0
1	1	UID42302	1	1	0	0
1	1	UID42303	1	1	0	0
1	1	UID42304	1	1	0	0
1	1	UID42306	1	1	0	0
1	1	UID42310	1	1	0	0
1	1	UID42315	1	1	0	0
1	1	UID42316	1	1	0	0
1	1	UID42317	1	1	0	0
1	1	UID42318	1	1	0	0
1	1	UID42324	1	1	0	0
1	1	UID42327	1	1	0	0
1	1	UID42328	1	1	0	0
1	1	UID42330	1	1	0	0
1	1	UID42331	1	1	0	0
1	1	UID42333	1	1	0	0
1	1	UID42343	1	1	0	0
1	1	UID42344	1	1	0	0
1	1	UID42345	1	1	0	0
1	1	UID42346	1	1	0	0
1	1	UID42347	1	1	0	0
1	1	UID42362	1	1	0	0
1	1	UID42363	1	1	0	0
1	1	UID42365	1	1	0	0
4	4	UID42366	1	4	2	2
1	1	UID42367	1	1	0	0
1	1	UID42368	1	1	0	0
4	4	UID4236	1	4	2	2
1	1	UID42371	1	1	0	0
1	1	UID42372	1	1	0	0
1	1	UID42373	1	1	0	0
1	1	UID42374	1	1	0	0
1	1	UID42379	1	1	0	0
1	1	UID42382	1	1	0	0
3	3	UID42387	1	3	2	2
1	1	UID42388	1	1	0	0
1	1	UID42392	1	1	0	0
1	1	UID42393	1	1	0	0
1	1	UID4239	1	1	0	0
1	1	UID42408	1	1	0	0
1	1	UID42411	1	1	0	0
1	1	UID42412	1	1	0	0
1	1	UID42414	1	1	0	0
1	1	UID42419	1	1	0	0
1	1	UID42420	1	1	0	0
1	1	UID42421	1	1	0	0
1	1	UID42422	1	1	0	0
1	1	UID42429	1	1	0	0
1	1	UID42431	1	1	0	0
1	1	UID42434	1	1	0	0
1	1	UID42438	1	1	0	0
1	1	UID42439	1	1	0	0
1	1	UID42447	1	1	0	0
1	1	UID42450	1	1	0	0
1	1	UID42452	1	1	0	0
1	1	UID42457	1	1	0	0
1	1	UID42458	1	1	0	0
1	1	UID42459	1	1	0	0
1	1	UID42461	1	1	0	0
1	1	UID42462	1	1	0	0
1	1	UID42463	1	1	0	0
1	1	UID42466	1	1	0	0
1	1	UID42467	1	1	0	0
1	1	UID42468	1	1	0	0
1	1	UID42470	1	1	0	0
1	1	UID42471	1	1	0	0
1	1	UID42472	1	1	0	0
1	1	UID42473	1	1	0	0
1	1	UID42476	1	1	0	0
1	1	UID42477	1	1	0	0
1	1	UID42482	1	1	0	0
1	1	UID42483	1	1	0	0
1	1	UID42488	1	1	0	0
1	1	UID42490	1	1	0	0
1	1	UID42501	1	1	0	0
1	1	UID42502	1	1	0	0
1	1	UID42503	1	1	0	0
1	1	UID42504	1	1	0	0
1	1	UID42509	1	1	0	0
1	1	UID42510	1	1	0	0
1	1	UID42522	1	1	0	0
1	1	UID42527	1	1	0	0
1	1	UID42528	1	1	0	0
1	1	UID42535	1	1	0	0
1	1	UID42538	1	1	0	0
1	1	UID42541	1	1	0	0
1	1	UID42544	1	1	0	0
1	1	UID42545	1	1	0	0
1	1	UID42557	1	1	0	0
1	1	UID42558	1	1	0	0
1	1	UID42560	1	1	0	0
1	1	UID42562	1	1	0	0
1	1	UID42563	1	1	0	0
1	1	UID42565	1	1	0	0
1	1	UID42566	1	1	0	0
1	1	UID42569	1	1	0	0
1	1	UID42572	1	1	0	0
1	1	UID42573	1	1	0	0
1	1	UID42574	1	1	0	0
1	1	UID42576	1	1	0	0
1	1	UID42578	1	1	0	0
1	1	UID42580	1	1	0	0
1	1	UID42588	1	1	0	0
1	1	UID42589	1	1	0	0
1	1	UID42592	1	1	0	0
1	1	UID42594	1	1	0	0
1	1	UID42604	1	1	0	0
1	1	UID42606	1	1	0	0
1	1	UID42609	1	1	0	0
1	1	UID42612	1	1	0	0
1	1	UID42613	1	1	0	0
1	1	UID42614	1	1	0	0
1	1	UID42620	1	1	0	0
1	1	UID42621	1	1	0	0
1	1	UID42627	1	1	0	0
1	1	UID42628	1	1	0	0
1	1	UID42629	1	1	0	0
1	1	UID42631	1	1	0	0
1	1	UID42632	1	1	0	0
1	1	UID42633	1	1	0	0
1	1	UID42635	1	1	0	0
1	1	UID42640	1	1	0	0
1	1	UID42641	1	1	0	0
1	1	UID42653	1	1	0	0
1	1	UID42654	1	1	0	0
1	1	UID42662	1	1	0	0
1	1	UID42666	1	1	0	0
1	1	UID42667	1	1	0	0
1	1	UID42669	1	1	0	0
4	4	UID42670	1	4	2	2
1	1	UID42674	1	1	0	0
1	1	UID42681	1	1	0	0
1	1	UID42699	1	1	0	0
1	1	UID42700	1	1	0	0
1	1	UID42701	1	1	0	0
1	1	UID42702	1	1	0	0
1	1	UID42705	1	1	0	0
1	1	UID42706	1	1	0	0
1	1	UID42707	1	1	0	0
1	1	UID42709	1	1	0	0
1	1	UID42711	1	1	0	0
1	1	UID42712	1	1	0	0
1	1	UID42714	1	1	0	0
1	1	UID42715	1	1	0	0
1	1	UID42719	1	1	0	0
1	1	UID42720	1	1	0	0
4	4	UID42725	1	4	2	2
1	1	UID42726	1	1	0	0
1	1	UID42729	1	1	0	0
1	1	UID42733	1	1	0	0
1	1	UID42744	1	1	0	0
1	1	UID42747	1	1	0	0
1	1	UID42748	1	1	0	0
1	1	UID42749	1	1	0	0
1	1	UID42762	1	1	0	0
1	1	UID42764	1	1	0	0
1	1	UID42766	1	1	0	0
1	1	UID42767	1	1	0	0
1	1	UID42768	1	1	0	0
1	1	UID42772	1	1	0	0
1	1	UID42775	1	1	0	0
1	1	UID42777	1	1	0	0
1	1	UID42778	1	1	0	0
1	1	UID42779	1	1	0	0
1	1	UID42784	1	1	0	0
1	1	UID42787	1	1	0	0
1	1	UID42788	1	1	0	0
1	1	UID42789	1	1	0	0
1	1	UID42793	1	1	0	0
1	1	UID42796	1	1	0	0
1	1	UID42798	1	1	0	0
1	1	UID42816	1	1	0	0
1	1	UID42817	1	1	0	0
1	1	UID42818	1	1	0	0
1	1	UID42819	1	1	0	0
1	1	UID42825	1	1	0	0
1	1	UID42826	1	1	0	0
1	1	UID42830	1	1	0	0
1	1	UID42831	1	1	0	0
1	1	UID42834	1	1	0	0
1	1	UID42836	1	1	0	0
1	1	UID42841	1	1	0	0
1	1	UID42847	1	1	0	0
1	1	UID42852	1	1	0	0
1	1	UID42857	1	1	0	0
1	1	UID42865	1	1	0	0
1	1	UID42867	1	1	0	0
1	1	UID42877	1	1	0	0
1	1	UID42887	1	1	0	0
1	1	UID42888	1	1	0	0
1	1	UID42890	1	1	0	0
1	1	UID42891	1	1	0	0
1	1	UID42892	1	1	0	0
1	1	UID42895	1	1	0	0
1	1	UID42896	1	1	0	0
1	1	UID42899	1	1	0	0
1	1	UID42916	1	1	0	0
1	1	UID42917	1	1	0	0
1	1	UID42918	1	1	0	0
1	1	UID42928	1	1	0	0
1	1	UID42933	1	1	0	0
1	1	UID42938	1	1	0	0
1	1	UID42939	1	1	0	0
1	1	UID42943	1	1	0	0
1	1	UID42952	1	1	0	0
1	1	UID42956	1	1	0	0
1	1	UID42957	1	1	0	0
1	1	UID42963	1	1	0	0
1	1	UID42966	1	1	0	0
1	1	UID42967	1	1	0	0
1	1	UID42972	1	1	0	0
4	4	UID42976	1	4	2	2
4	4	UID4297	1	4	2	2
1	1	UID42991	1	1	0	0
1	1	UID42992	1	1	0	0
1	1	UID42996	1	1	0	0
1	1	UID42999	1	1	0	0
1	1	UID43003	1	1	0	0
1	1	UID43004	1	1	0	0
1	1	UID43005	1	1	0	0
1	1	UID43007	1	1	0	0
1	1	UID43010	1	1	0	0
1	1	UID43011	1	1	0	0
1	1	UID43012	1	1	0	0
1	1	UID43014	1	1	0	0
1	1	UID43015	1	1	0	0
1	1	UID43016	1	1	0	0
1	1	UID43018	1	1	0	0
1	1	UID43028	1	1	0	0
1	1	UID43029	1	1	0	0
1	1	UID43031	1	1	0	0
1	1	UID43033	1	1	0	0
1	1	UID43034	1	1	0	0
1	1	UID43037	1	1	0	0
1	1	UID43038	1	1	0	0
1	1	UID43040	1	1	0	0
1	1	UID43041	1	1	0	0
1	1	UID43043	1	1	0	0
1	1	UID43044	1	1	0	0
1	1	UID43046	1	1	0	0
1	1	UID43048	1	1	0	0
1	1	UID43053	1	1	0	0
1	1	UID43054	1	1	0	0
1	1	UID43057	1	1	0	0
1	1	UID43065	1	1	0	0
1	1	UID43067	1	1	0	0
1	1	UID43068	1	1	0	0
1	1	UID43069	1	1	0	0
1	1	UID43070	1	1	0	0
1	1	UID43077	1	1	0	0
1	1	UID43088	1	1	0	0
1	1	UID43091	1	1	0	0
1	1	UID43092	1	1	0	0
1	1	UID43096	1	1	0	0
1	1	UID43097	1	1	0	0
1	1	UID43098	1	1	0	0
1	1	UID43102	1	1	0	0
7	7	UID43107	1	7	2	2
1	1	UID43109	1	1	0	0
1	1	UID43113	1	1	0	0
1	1	UID43115	1	1	0	0
1	1	UID43116	1	1	0	0
1	1	UID43122	1	1	0	0
1	1	UID43124	1	1	0	0
1	1	UID43143	1	1	0	0
1	1	UID43144	1	1	0	0
1	1	UID43145	1	1	0	0
1	1	UID43152	1	1	0	0
1	1	UID43154	1	1	0	0
1	1	UID43155	1	1	0	0
1	1	UID43157	1	1	0	0
1	1	UID43160	1	1	0	0
1	1	UID43162	1	1	0	0
1	1	UID43168	1	1	0	0
1	1	UID43169	1	1	0	0
1	1	UID43172	1	1	0	0
1	1	UID43179	1	1	0	0
1	1	UID43180	1	1	0	0
1	1	UID43185	1	1	0	0
1	1	UID43186	1	1	0	0
1	1	UID43189	1	1	0	0
1	1	UID43191	1	1	0	0
1	1	UID43193	1	1	0	0
1	1	UID43194	1	1	0	0
1	1	UID43196	1	1	0	0
1	1	UID43203	1	1	0	0
1	1	UID43209	1	1	0	0
1	1	UID43210	1	1	0	0
1	1	UID43212	1	1	0	0
1	1	UID43215	1	1	0	0
1	1	UID43216	1	1	0	0
1	1	UID43217	1	1	0	0
1	1	UID43218	1	1	0	0
1	1	UID43221	1	1	0	0
1	1	UID43223	1	1	0	0
1	1	UID43224	1	1	0	0
1	1	UID43246	1	1	0	0
1	1	UID43252	1	1	0	0
1	1	UID43253	1	1	0	0
1	1	UID43257	1	1	0	0
1	1	UID43259	1	1	0	0
1	1	UID43260	1	1	0	0
1	1	UID43261	1	1	0	0
1	1	UID43268	1	1	0	0
1	1	UID43272	1	1	0	0
1	1	UID43274	1	1	0	0
1	1	UID43276	1	1	0	0
1	1	UID43277	1	1	0	0
1	1	UID43279	1	1	0	0
1	1	UID43280	1	1	0	0
1	1	UID43281	1	1	0	0
1	1	UID43286	1	1	0	0
1	1	UID43289	1	1	0	0
1	1	UID43292	1	1	0	0
1	1	UID43293	1	1	0	0
1	1	UID43297	1	1	0	0
1	1	UID43298	1	1	0	0
1	1	UID43299	1	1	0	0
1	1	UID43300	1	1	0	0
1	1	UID43306	1	1	0	0
1	1	UID43307	1	1	0	0
1	1	UID43315	1	1	0	0
1	1	UID43316	1	1	0	0
1	1	UID43317	1	1	0	0
1	1	UID43322	1	1	0	0
1	1	UID43323	1	1	0	0
1	1	UID43324	1	1	0	0
1	1	UID43327	1	1	0	0
1	1	UID43328	1	1	0	0
1	1	UID43329	1	1	0	0
1	1	UID43330	1	1	0	0
1	1	UID43332	1	1	0	0
1	1	UID43333	1	1	0	0
1	1	UID43334	1	1	0	0
1	1	UID43339	1	1	0	0
1	1	UID43358	1	1	0	0
1	1	UID43360	1	1	0	0
1	1	UID43365	1	1	0	0
1	1	UID43366	1	1	0	0
1	1	UID43367	1	1	0	0
1	1	UID43368	1	1	0	0
1	1	UID43369	1	1	0	0
1	1	UID43370	1	1	0	0
1	1	UID43389	1	1	0	0
1	1	UID43390	1	1	0	0
1	1	UID43391	1	1	0	0
1	1	UID43394	1	1	0	0
1	1	UID43398	1	1	0	0
1	1	UID43400	1	1	0	0
1	1	UID43404	1	1	0	0
1	1	UID43405	1	1	0	0
1	1	UID43406	1	1	0	0
1	1	UID43409	1	1	0	0
1	1	UID43410	1	1	0	0
1	1	UID43426	1	1	0	0
1	1	UID43440	1	1	0	0
1	1	UID43443	1	1	0	0
1	1	UID43449	1	1	0	0
1	1	UID43455	1	1	0	0
1	1	UID43456	1	1	0	0
1	1	UID43458	1	1	0	0
1	1	UID43459	1	1	0	0
1	1	UID43460	1	1	0	0
1	1	UID43461	1	1	0	0
1	1	UID43462	1	1	0	0
1	1	UID43464	1	1	0	0
4	4	UID43465	1	4	2	2
1	1	UID43466	1	1	0	0
1	1	UID43468	1	1	0	0
1	1	UID43469	1	1	0	0
1	1	UID43470	1	1	0	0
1	1	UID43471	1	1	0	0
1	1	UID43472	1	1	0	0
1	1	UID43478	1	1	0	0
1	1	UID43479	1	1	0	0
1	1	UID43480	1	1	0	0
1	1	UID43481	1	1	0	0
1	1	UID43493	1	1	0	0
1	1	UID43498	1	1	0	0
1	1	UID43499	1	1	0	0
1	1	UID43503	1	1	0	0
1	1	UID43504	1	1	0	0
1	1	UID43514	1	1	0	0
1	1	UID43515	1	1	0	0
1	1	UID43516	1	1	0	0
1	1	UID43518	1	1	0	0
1	1	UID43523	1	1	0	0
1	1	UID43524	1	1	0	0
1	1	UID43533	1	1	0	0
1	1	UID43539	1	1	0	0
1	1	UID43540	1	1	0	0
1	1	UID43542	1	1	0	0
2	2	UID43544	1	2	1	1
1	1	UID43545	1	1	0	0
1	1	UID43550	1	1	0	0
1	1	UID43554	1	1	0	0
1	1	UID43555	1	1	0	0
1	1	UID43557	1	1	0	0
1	1	UID43562	1	1	0	0
1	1	UID43565	1	1	0	0
1	1	UID43583	1	1	0	0
1	1	UID43586	1	1	0	0
1	1	UID43587	1	1	0	0
1	1	UID43588	1	1	0	0
1	1	UID43593	1	1	0	0
1	1	UID43594	1	1	0	0
1	1	UID43598	1	1	0	0
1	1	UID43599	1	1	0	0
1	1	UID43600	1	1	0	0
1	1	UID43602	1	1	0	0
1	1	UID43605	1	1	0	0
1	1	UID43606	1	1	0	0
1	1	UID43619	1	1	0	0
1	1	UID43625	1	1	0	0
1	1	UID43627	1	1	0	0
1	1	UID43629	1	1	0	0
1	1	UID43630	1	1	0	0
1	1	UID43631	1	1	0	0
1	1	UID43632	1	1	0	0
1	1	UID43642	1	1	0	0
1	1	UID43643	1	1	0	0
1	1	UID43653	1	1	0	0
1	1	UID43656	1	1	0	0
1	1	UID43658	1	1	0	0
1	1	UID43669	1	1	0	0
1	1	UID43671	1	1	0	0
1	1	UID43672	1	1	0	0
1	1	UID43673	1	1	0	0
1	1	UID43675	1	1	0	0
1	1	UID43677	1	1	0	0
1	1	UID43681	1	1	0	0
1	1	UID43683	1	1	0	0
1	1	UID43689	1	1	0	0
1	1	UID43692	1	1	0	0
1	1	UID43693	1	1	0	0
1	1	UID43694	1	1	0	0
1	1	UID43695	1	1	0	0
1	1	UID43701	1	1	0	0
1	1	UID43702	1	1	0	0
1	1	UID43704	1	1	0	0
1	1	UID43707	1	1	0	0
1	1	UID43713	1	1	0	0
1	1	UID43714	1	1	0	0
1	1	UID43715	1	1	0	0
1	1	UID43718	1	1	0	0
1	1	UID43725	1	1	0	0
1	1	UID43726	1	1	0	0
1	1	UID43727	1	1	0	0
1	1	UID43728	1	1	0	0
1	1	UID43729	1	1	0	0
1	1	UID43730	1	1	0	0
1	1	UID43731	1	1	0	0
1	1	UID43740	1	1	0	0
1	1	UID43751	1	1	0	0
1	1	UID43755	1	1	0	0
1	1	UID43761	1	1	0	0
1	1	UID43763	1	1	0	0
1	1	UID43765	1	1	0	0
1	1	UID43770	1	1	0	0
1	1	UID43771	1	1	0	0
1	1	UID43775	1	1	0	0
1	1	UID43776	1	1	0	0
1	1	UID43777	1	1	0	0
1	1	UID43778	1	1	0	0
1	1	UID43780	1	1	0	0
1	1	UID43781	1	1	0	0
1	1	UID43785	1	1	0	0
1	1	UID43788	1	1	0	0
1	1	UID43789	1	1	0	0
1	1	UID43793	1	1	0	0
1	1	UID43798	1	1	0	0
1	1	UID43806	1	1	0	0
1	1	UID43807	1	1	0	0
1	1	UID43808	1	1	0	0
1	1	UID43810	1	1	0	0
1	1	UID43812	1	1	0	0
1	1	UID43814	1	1	0	0
1	1	UID43816	1	1	0	0
1	1	UID43817	1	1	0	0
1	1	UID43818	1	1	0	0
1	1	UID43822	1	1	0	0
1	1	UID43823	1	1	0	0
1	1	UID43827	1	1	0	0
1	1	UID43828	1	1	0	0
1	1	UID43829	1	1	0	0
1	1	UID43833	1	1	0	0
1	1	UID43835	1	1	0	0
1	1	UID43837	1	1	0	0
1	1	UID43842	1	1	0	0
1	1	UID43843	1	1	0	0
1	1	UID43849	1	1	0	0
1	1	UID43850	1	1	0	0
1	1	UID43851	1	1	0	0
1	1	UID43852	1	1	0	0
1	1	UID43854	1	1	0	0
1	1	UID43857	1	1	0	0
1	1	UID43860	1	1	0	0
1	1	UID43867	1	1	0	0
1	1	UID43869	1	1	0	0
1	1	UID43870	1	1	0	0
1	1	UID43871	1	1	0	0
1	1	UID43880	1	1	0	0
1	1	UID43883	1	1	0	0
1	1	UID43884	1	1	0	0
1	1	UID43887	1	1	0	0
1	1	UID43888	1	1	0	0
1	1	UID43891	1	1	0	0
1	1	UID43901	1	1	0	0
1	1	UID43904	1	1	0	0
1	1	UID43908	1	1	0	0
1	1	UID43911	1	1	0	0
1	1	UID43914	1	1	0	0
1	1	UID43915	1	1	0	0
1	1	UID43916	1	1	0	0
1	1	UID43922	1	1	0	0
1	1	UID43924	1	1	0	0
1	1	UID43930	1	1	0	0
1	1	UID43935	1	1	0	0
1	1	UID43939	1	1	0	0
1	1	UID43940	1	1	0	0
1	1	UID43942	1	1	0	0
1	1	UID43943	1	1	0	0
1	1	UID43944	1	1	0	0
1	1	UID43949	1	1	0	0
1	1	UID43955	1	1	0	0
1	1	UID43957	1	1	0	0
1	1	UID43958	1	1	0	0
1	1	UID43965	1	1	0	0
1	1	UID43966	1	1	0	0
1	1	UID43967	1	1	0	0
1	1	UID43971	1	1	0	0
1	1	UID43978	1	1	0	0
1	1	UID43981	1	1	0	0
1	1	UID43984	1	1	0	0
1	1	UID43986	1	1	0	0
1	1	UID43988	1	1	0	0
1	1	UID43991	1	1	0	0
1	1	UID43997	1	1	0	0
1	1	UID43998	1	1	0	0
1	1	UID44008	1	1	0	0
1	1	UID44009	1	1	0	0
1	1	UID44010	1	1	0	0
1	1	UID44012	1	1	0	0
1	1	UID44013	1	1	0	0
1	1	UID44015	1	1	0	0
1	1	UID44016	1	1	0	0
1	1	UID44018	1	1	0	0
1	1	UID44024	1	1	0	0
1	1	UID44026	1	1	0	0
1	1	UID44034	1	1	0	0
1	1	UID44036	1	1	0	0
1	1	UID44042	1	1	0	0
1	1	UID44043	1	1	0	0
1	1	UID44044	1	1	0	0
1	1	UID44045	1	1	0	0
1	1	UID44055	1	1	0	0
1	1	UID44057	1	1	0	0
1	1	UID44060	1	1	0	0
1	1	UID44064	1	1	0	0
1	1	UID44069	1	1	0	0
1	1	UID44078	1	1	0	0
1	1	UID44090	1	1	0	0
1	1	UID44094	1	1	0	0
1	1	UID44107	1	1	0	0
1	1	UID44109	1	1	0	0
1	1	UID44118	1	1	0	0
1	1	UID44122	1	1	0	0
1	1	UID44125	1	1	0	0
1	1	UID44126	1	1	0	0
1	1	UID44133	1	1	0	0
1	1	UID44140	1	1	0	0
1	1	UID44146	1	1	0	0
1	1	UID44147	1	1	0	0
1	1	UID44149	1	1	0	0
1	1	UID44153	1	1	0	0
1	1	UID44154	1	1	0	0
1	1	UID44161	1	1	0	0
1	1	UID44163	1	1	0	0
1	1	UID44168	1	1	0	0
1	1	UID44169	1	1	0	0
1	1	UID44179	1	1	0	0
1	1	UID44180	1	1	0	0
1	1	UID44182	1	1	0	0
1	1	UID44183	1	1	0	0
1	1	UID44184	1	1	0	0
1	1	UID44187	1	1	0	0
1	1	UID44198	1	1	0	0
1	1	UID44206	1	1	0	0
1	1	UID44209	1	1	0	0
1	1	UID44210	1	1	0	0
1	1	UID44211	1	1	0	0
1	1	UID44212	1	1	0	0
1	1	UID44219	1	1	0	0
1	1	UID44230	1	1	0	0
1	1	UID44247	1	1	0	0
1	1	UID44248	1	1	0	0
1	1	UID44249	1	1	0	0
1	1	UID44258	1	1	0	0
1	1	UID44269	1	1	0	0
1	1	UID44270	1	1	0	0
1	1	UID44278	1	1	0	0
1	1	UID44279	1	1	0	0
1	1	UID44282	1	1	0	0
1	1	UID44291	1	1	0	0
1	1	UID44292	1	1	0	0
1	1	UID44296	1	1	0	0
1	1	UID44297	1	1	0	0
1	1	UID44299	1	1	0	0
1	1	UID44302	1	1	0	0
1	1	UID44303	1	1	0	0
1	1	UID44306	1	1	0	0
1	1	UID44313	1	1	0	0
1	1	UID44314	1	1	0	0
1	1	UID44321	1	1	0	0
1	1	UID44329	1	1	0	0
1	1	UID44330	1	1	0	0
1	1	UID44332	1	1	0	0
1	1	UID44339	1	1	0	0
1	1	UID44345	1	1	0	0
1	1	UID44347	1	1	0	0
1	1	UID44352	1	1	0	0
1	1	UID44354	1	1	0	0
1	1	UID44370	1	1	0	0
1	1	UID44372	1	1	0	0
1	1	UID44373	1	1	0	0
1	1	UID44376	1	1	0	0
1	1	UID44379	1	1	0	0
1	1	UID44381	1	1	0	0
1	1	UID44393	1	1	0	0
1	1	UID44395	1	1	0	0
1	1	UID44398	1	1	0	0
1	1	UID44400	1	1	0	0
1	1	UID44405	1	1	0	0
1	1	UID44414	1	1	0	0
1	1	UID44416	1	1	0	0
1	1	UID44417	1	1	0	0
1	1	UID44419	1	1	0	0
1	1	UID44420	1	1	0	0
1	1	UID44421	1	1	0	0
1	1	UID44424	1	1	0	0
1	1	UID44433	1	1	0	0
1	1	UID44434	1	1	0	0
1	1	UID44438	1	1	0	0
1	1	UID44439	1	1	0	0
1	1	UID44465	1	1	0	0
1	1	UID44471	1	1	0	0
1	1	UID44476	1	1	0	0
1	1	UID44478	1	1	0	0
1	1	UID44479	1	1	0	0
1	1	UID44486	1	1	0	0
1	1	UID44489	1	1	0	0
1	1	UID44495	1	1	0	0
1	1	UID44520	1	1	0	0
1	1	UID44531	1	1	0	0
1	1	UID44535	1	1	0	0
1	1	UID44546	1	1	0	0
1	1	UID44549	1	1	0	0
1	1	UID44585	1	1	0	0
1	1	UID44590	1	1	0	0
1	1	UID44593	1	1	0	0
1	1	UID44615	1	1	0	0
1	1	UID44618	1	1	0	0
1	1	UID44620	1	1	0	0
1	1	UID44625	1	1	0	0
1	1	UID44634	1	1	0	0
1	1	UID44651	1	1	0	0
1	1	UID44673	1	1	0	0
1	1	UID44684	1	1	0	0
1	1	UID44685	1	1	0	0
1	1	UID44686	1	1	0	0
1	1	UID44888	1	1	0	0
1	1	UID44890	1	1	0	0
1	1	UID44891	1	1	0	0
1	1	UID44896	1	1	0	0
1	1	UID44911	1	1	0	0
1	1	UID44920	1	1	0	0
1	1	UID44954	1	1	0	0
1	1	UID44955	1	1	0	0
1	1	UID44978	1	1	0	0
1	1	UID44989	1	1	0	0
1	1	UID44998	1	1	0	0
1	1	UID45012	1	1	0	0
1	1	UID45013	1	1	0	0
1	1	UID45015	1	1	0	0
1	1	UID45020	1	1	0	0
1	1	UID45024	1	1	0	0
1	1	UID45027	1	1	0	0
1	1	UID45028	1	1	0	0
1	1	UID45029	1	1	0	0
1	1	UID45034	1	1	0	0
1	1	UID45063	1	1	0	0
1	1	UID45077	1	1	0	0
1	1	UID45078	1	1	0	0
1	1	UID45080	1	1	0	0
1	1	UID45081	1	1	0	0
1	1	UID45082	1	1	0	0
1	1	UID45093	1	1	0	0
1	1	UID45095	1	1	0	0
1	1	UID45096	1	1	0	0
1	1	UID45100	1	1	0	0
1	1	UID45105	1	1	0	0
1	1	UID45108	1	1	0	0
1	1	UID45115	1	1	0	0
1	1	UID45125	1	1	0	0
1	1	UID45126	1	1	0	0
1	1	UID45131	1	1	0	0
1	1	UID45133	1	1	0	0
1	1	UID45147	1	1	0	0
1	1	UID45156	1	1	0	0
1	1	UID45173	1	1	0	0
1	1	UID45187	1	1	0	0
1	1	UID45190	1	1	0	0
1	1	UID45191	1	1	0	0
1	1	UID45193	1	1	0	0
1	1	UID45195	1	1	0	0
1	1	UID45206	1	1	0	0
1	1	UID45214	1	1	0	0
1	1	UID45224	1	1	0	0
1	1	UID45225	1	1	0	0
1	1	UID45227	1	1	0	0
1	1	UID45233	1	1	0	0
1	1	UID45248	1	1	0	0
1	1	UID45256	1	1	0	0
1	1	UID45257	1	1	0	0
1	1	UID45272	1	1	0	0
1	1	UID45275	1	1	0	0
1	1	UID45276	1	1	0	0
1	1	UID45278	1	1	0	0
1	1	UID45279	1	1	0	0
1	1	UID45285	1	1	0	0
1	1	UID45296	1	1	0	0
1	1	UID45327	1	1	0	0
1	1	UID45328	1	1	0	0
1	1	UID45329	1	1	0	0
1	1	UID45336	1	1	0	0
1	1	UID45346	1	1	0	0
1	1	UID45348	1	1	0	0
1	1	UID45350	1	1	0	0
1	1	UID45361	1	1	0	0
1	1	UID45362	1	1	0	0
1	1	UID45363	1	1	0	0
1	1	UID45368	1	1	0	0
1	1	UID45370	1	1	0	0
1	1	UID45372	1	1	0	0
4	4	UID45375	1	4	2	2
1	1	UID45379	1	1	0	0
1	1	UID45381	1	1	0	0
1	1	UID45385	1	1	0	0
1	1	UID45386	1	1	0	0
4	4	UID45387	1	4	2	2
1	1	UID45388	1	1	0	0
1	1	UID45389	1	1	0	0
1	1	UID45390	1	1	0	0
1	1	UID45397	1	1	0	0
1	1	UID45398	1	1	0	0
1	1	UID45401	1	1	0	0
1	1	UID45402	1	1	0	0
1	1	UID45405	1	1	0	0
1	1	UID45407	1	1	0	0
1	1	UID45408	1	1	0	0
1	1	UID45412	1	1	0	0
1	1	UID45429	1	1	0	0
1	1	UID45438	1	1	0	0
1	1	UID45439	1	1	0	0
1	1	UID45445	1	1	0	0
1	1	UID45448	1	1	0	0
1	1	UID45456	1	1	0	0
1	1	UID45463	1	1	0	0
1	1	UID45464	1	1	0	0
1	1	UID45465	1	1	0	0
1	1	UID45467	1	1	0	0
1	1	UID45469	1	1	0	0
1	1	UID45472	1	1	0	0
1	1	UID45474	1	1	0	0
1	1	UID45475	1	1	0	0
1	1	UID45479	1	1	0	0
1	1	UID45481	1	1	0	0
1	1	UID45482	1	1	0	0
1	1	UID45483	1	1	0	0
1	1	UID45486	1	1	0	0
1	1	UID45488	1	1	0	0
1	1	UID45498	1	1	0	0
1	1	UID45503	1	1	0	0
1	1	UID45505	1	1	0	0
1	1	UID45508	1	1	0	0
1	1	UID45510	1	1	0	0
1	1	UID45511	1	1	0	0
1	1	UID45512	1	1	0	0
1	1	UID45516	1	1	0	0
1	1	UID45518	1	1	0	0
1	1	UID45524	1	1	0	0
1	1	UID45527	1	1	0	0
1	1	UID45530	1	1	0	0
1	1	UID45532	1	1	0	0
1	1	UID45534	1	1	0	0
1	1	UID45535	1	1	0	0
1	1	UID45536	1	1	0	0
1	1	UID45537	1	1	0	0
1	1	UID45538	1	1	0	0
1	1	UID45541	1	1	0	0
1	1	UID45547	1	1	0	0
1	1	UID45562	1	1	0	0
1	1	UID45576	1	1	0	0
1	1	UID45586	1	1	0	0
1	1	UID45587	1	1	0	0
1	1	UID45588	1	1	0	0
1	1	UID45590	1	1	0	0
1	1	UID45592	1	1	0	0
1	1	UID45596	1	1	0	0
1	1	UID45602	1	1	0	0
1	1	UID45603	1	1	0	0
1	1	UID45604	1	1	0	0
1	1	UID45605	1	1	0	0
1	1	UID45607	1	1	0	0
1	1	UID45610	1	1	0	0
1	1	UID45619	1	1	0	0
1	1	UID45620	1	1	0	0
1	1	UID45623	1	1	0	0
1	1	UID45624	1	1	0	0
1	1	UID45625	1	1	0	0
1	1	UID45629	1	1	0	0
1	1	UID45632	1	1	0	0
1	1	UID45633	1	1	0	0
1	1	UID45634	1	1	0	0
1	1	UID45636	1	1	0	0
1	1	UID45644	1	1	0	0
1	1	UID45646	1	1	0	0
1	1	UID45650	1	1	0	0
1	1	UID45652	1	1	0	0
1	1	UID45653	1	1	0	0
1	1	UID45654	1	1	0	0
1	1	UID45655	1	1	0	0
1	1	UID45657	1	1	0	0
1	1	UID45658	1	1	0	0
1	1	UID45662	1	1	0	0
1	1	UID45665	1	1	0	0
1	1	UID45668	1	1	0	0
1	1	UID45674	1	1	0	0
1	1	UID45679	1	1	0	0
1	1	UID45681	1	1	0	0
1	1	UID45682	1	1	0	0
1	1	UID45690	1	1	0	0
1	1	UID45691	1	1	0	0
1	1	UID45692	1	1	0	0
1	1	UID45694	1	1	0	0
1	1	UID45695	1	1	0	0
1	1	UID45696	1	1	0	0
1	1	UID45699	1	1	0	0
1	1	UID45700	1	1	0	0
1	1	UID45702	1	1	0	0
1	1	UID45707	1	1	0	0
1	1	UID45709	1	1	0	0
1	1	UID45711	1	1	0	0
1	1	UID45713	1	1	0	0
1	1	UID45714	1	1	0	0
1	1	UID45718	1	1	0	0
1	1	UID45719	1	1	0	0
1	1	UID45727	1	1	0	0
1	1	UID45733	1	1	0	0
1	1	UID45734	1	1	0	0
1	1	UID45739	1	1	0	0
1	1	UID45740	1	1	0	0
1	1	UID45743	1	1	0	0
1	1	UID45745	1	1	0	0
1	1	UID45751	1	1	0	0
1	1	UID45754	1	1	0	0
1	1	UID45756	1	1	0	0
1	1	UID45760	1	1	0	0
1	1	UID45766	1	1	0	0
1	1	UID45769	1	1	0	0
1	1	UID45771	1	1	0	0
1	1	UID45774	1	1	0	0
1	1	UID45777	1	1	0	0
1	1	UID45780	1	1	0	0
1	1	UID45782	1	1	0	0
1	1	UID45784	1	1	0	0
1	1	UID45786	1	1	0	0
1	1	UID45787	1	1	0	0
1	1	UID45789	1	1	0	0
1	1	UID45791	1	1	0	0
4	4	UID45796	1	4	2	2
1	1	UID45802	1	1	0	0
7	7	UID45804	1	7	2	2
1	1	UID45808	1	1	0	0
1	1	UID45819	1	1	0	0
1	1	UID45875	1	1	0	0
1	1	UID45876	1	1	0	0
1	1	UID45877	1	1	0	0
1	1	UID45879	1	1	0	0
1	1	UID45881	1	1	0	0
1	1	UID45885	1	1	0	0
3	3	UID45888	1	3	1	1
1	1	UID45889	1	1	0	0
1	1	UID45891	1	1	0	0
1	1	UID45898	1	1	0	0
1	1	UID45901	1	1	0	0
1	1	UID45904	1	1	0	0
1	1	UID45906	1	1	0	0
1	1	UID45907	1	1	0	0
1	1	UID45912	1	1	0	0
1	1	UID45917	1	1	0	0
1	1	UID45918	1	1	0	0
1	1	UID45924	1	1	0	0
1	1	UID45926	1	1	0	0
1	1	UID45928	1	1	0	0
1	1	UID45930	1	1	0	0
1	1	UID45931	1	1	0	0
1	1	UID45933	1	1	0	0
1	1	UID45936	1	1	0	0
1	1	UID45938	1	1	0	0
1	1	UID45939	1	1	0	0
1	1	UID45940	1	1	0	0
1	1	UID45941	1	1	0	0
1	1	UID45942	1	1	0	0
1	1	UID45943	1	1	0	0
1	1	UID45944	1	1	0	0
1	1	UID45946	1	1	0	0
1	1	UID45958	1	1	0	0
1	1	UID45959	1	1	0	0
1	1	UID45960	1	1	0	0
1	1	UID45965	1	1	0	0
1	1	UID45966	1	1	0	0
1	1	UID45969	1	1	0	0
1	1	UID45974	1	1	0	0
1	1	UID45980	1	1	0	0
1	1	UID45983	1	1	0	0
1	1	UID45984	1	1	0	0
1	1	UID45986	1	1	0	0
1	1	UID45990	1	1	0	0
1	1	UID45992	1	1	0	0
1	1	UID45994	1	1	0	0
1	1	UID45996	1	1	0	0
1	1	UID45998	1	1	0	0
1	1	UID45999	1	1	0	0
1	1	UID46000	1	1	0	0
1	1	UID46001	1	1	0	0
1	1	UID46002	1	1	0	0
1	1	UID46004	1	1	0	0
1	1	UID46015	1	1	0	0
1	1	UID46016	1	1	0	0
1	1	UID46017	1	1	0	0
1	1	UID46018	1	1	0	0
1	1	UID46019	1	1	0	0
1	1	UID46020	1	1	0	0
1	1	UID46022	1	1	0	0
1	1	UID46026	1	1	0	0
1	1	UID46028	1	1	0	0
1	1	UID46042	1	1	0	0
1	1	UID46045	1	1	0	0
1	1	UID46049	1	1	0	0
1	1	UID46052	1	1	0	0
1	1	UID46054	1	1	0	0
1	1	UID46057	1	1	0	0
1	1	UID46058	1	1	0	0
1	1	UID46065	1	1	0	0
1	1	UID46067	1	1	0	0
1	1	UID46070	1	1	0	0
1	1	UID46072	1	1	0	0
1	1	UID46076	1	1	0	0
1	1	UID46077	1	1	0	0
1	1	UID46078	1	1	0	0
1	1	UID46080	1	1	0	0
1	1	UID46100	1	1	0	0
1	1	UID46104	1	1	0	0
1	1	UID46105	1	1	0	0
1	1	UID46106	1	1	0	0
1	1	UID46112	1	1	0	0
1	1	UID46113	1	1	0	0
1	1	UID46115	1	1	0	0
1	1	UID46120	1	1	0	0
1	1	UID46121	1	1	0	0
1	1	UID46122	1	1	0	0
1	1	UID46125	1	1	0	0
1	1	UID46127	1	1	0	0
1	1	UID46142	1	1	0	0
1	1	UID46144	1	1	0	0
1	1	UID46146	1	1	0	0
1	1	UID46148	1	1	0	0
1	1	UID46161	1	1	0	0
1	1	UID46162	1	1	0	0
1	1	UID46165	1	1	0	0
1	1	UID46167	1	1	0	0
1	1	UID46170	1	1	0	0
1	1	UID46171	1	1	0	0
1	1	UID46172	1	1	0	0
1	1	UID46173	1	1	0	0
1	1	UID46176	1	1	0	0
1	1	UID46188	1	1	0	0
1	1	UID46189	1	1	0	0
1	1	UID46190	1	1	0	0
1	1	UID46191	1	1	0	0
1	1	UID46192	1	1	0	0
1	1	UID46194	1	1	0	0
1	1	UID46196	1	1	0	0
1	1	UID46202	1	1	0	0
1	1	UID46205	1	1	0	0
1	1	UID46217	1	1	0	0
1	1	UID46218	1	1	0	0
1	1	UID46219	1	1	0	0
1	1	UID46221	1	1	0	0
1	1	UID46225	1	1	0	0
1	1	UID46226	1	1	0	0
1	1	UID46228	1	1	0	0
1	1	UID46232	1	1	0	0
1	1	UID46236	1	1	0	0
1	1	UID46240	1	1	0	0
1	1	UID46255	1	1	0	0
1	1	UID46256	1	1	0	0
1	1	UID46274	1	1	0	0
1	1	UID46279	1	1	0	0
1	1	UID46280	1	1	0	0
1	1	UID46281	1	1	0	0
1	1	UID46282	1	1	0	0
1	1	UID46283	1	1	0	0
1	1	UID46286	1	1	0	0
1	1	UID46288	1	1	0	0
1	1	UID46294	1	1	0	0
1	1	UID46295	1	1	0	0
1	1	UID46300	1	1	0	0
1	1	UID46307	1	1	0	0
1	1	UID46310	1	1	0	0
1	1	UID46312	1	1	0	0
1	1	UID46313	1	1	0	0
1	1	UID46314	1	1	0	0
1	1	UID46315	1	1	0	0
1	1	UID46317	1	1	0	0
1	1	UID46318	1	1	0	0
1	1	UID46320	1	1	0	0
1	1	UID46321	1	1	0	0
4	4	UID46322	1	4	2	2
1	1	UID46323	1	1	0	0
1	1	UID46329	1	1	0	0
1	1	UID46330	1	1	0	0
1	1	UID46331	1	1	0	0
1	1	UID46332	1	1	0	0
1	1	UID46333	1	1	0	0
1	1	UID46334	1	1	0	0
1	1	UID46335	1	1	0	0
1	1	UID46337	1	1	0	0
1	1	UID46341	1	1	0	0
1	1	UID46344	1	1	0	0
1	1	UID46346	1	1	0	0
1	1	UID46347	1	1	0	0
1	1	UID46352	1	1	0	0
1	1	UID46363	1	1	0	0
1	1	UID46370	1	1	0	0
1	1	UID46371	1	1	0	0
1	1	UID46373	1	1	0	0
1	1	UID46374	1	1	0	0
1	1	UID46375	1	1	0	0
1	1	UID46380	1	1	0	0
1	1	UID46382	1	1	0	0
1	1	UID46385	1	1	0	0
1	1	UID46387	1	1	0	0
1	1	UID46392	1	1	0	0
1	1	UID46393	1	1	0	0
1	1	UID46394	1	1	0	0
1	1	UID46395	1	1	0	0
1	1	UID46398	1	1	0	0
5	5	UID46401	1	5	2	2
1	1	UID46402	1	1	0	0
1	1	UID46403	1	1	0	0
1	1	UID46404	1	1	0	0
1	1	UID46405	1	1	0	0
1	1	UID46406	1	1	0	0
1	1	UID46409	1	1	0	0
1	1	UID46410	1	1	0	0
1	1	UID46411	1	1	0	0
1	1	UID46412	1	1	0	0
1	1	UID46413	1	1	0	0
1	1	UID46419	1	1	0	0
1	1	UID46422	1	1	0	0
1	1	UID46424	1	1	0	0
1	1	UID46425	1	1	0	0
1	1	UID46426	1	1	0	0
1	1	UID46427	1	1	0	0
1	1	UID46429	1	1	0	0
1	1	UID46433	1	1	0	0
1	1	UID46436	1	1	0	0
1	1	UID46441	1	1	0	0
1	1	UID46444	1	1	0	0
1	1	UID46448	1	1	0	0
1	1	UID46450	1	1	0	0
1	1	UID46451	1	1	0	0
1	1	UID46453	1	1	0	0
1	1	UID46454	1	1	0	0
1	1	UID46460	1	1	0	0
1	1	UID46464	1	1	0	0
1	1	UID46467	1	1	0	0
1	1	UID46471	1	1	0	0
1	1	UID46472	1	1	0	0
1	1	UID46475	1	1	0	0
1	1	UID46478	1	1	0	0
1	1	UID46480	1	1	0	0
1	1	UID46491	1	1	0	0
1	1	UID46492	1	1	0	0
1	1	UID46503	1	1	0	0
1	1	UID46504	1	1	0	0
1	1	UID46506	1	1	0	0
1	1	UID46507	1	1	0	0
1	1	UID46508	1	1	0	0
1	1	UID46509	1	1	0	0
1	1	UID46510	1	1	0	0
1	1	UID46511	1	1	0	0
1	1	UID46512	1	1	0	0
1	1	UID46513	1	1	0	0
1	1	UID46514	1	1	0	0
1	1	UID46515	1	1	0	0
1	1	UID46516	1	1	0	0
1	1	UID46517	1	1	0	0
1	1	UID46518	1	1	0	0
1	1	UID46520	1	1	0	0
1	1	UID46521	1	1	0	0
1	1	UID46522	1	1	0	0
1	1	UID46529	1	1	0	0
1	1	UID46530	1	1	0	0
1	1	UID46531	1	1	0	0
1	1	UID46532	1	1	0	0
1	1	UID46534	1	1	0	0
1	1	UID46542	1	1	0	0
1	1	UID46545	1	1	0	0
1	1	UID46547	1	1	0	0
1	1	UID46552	1	1	0	0
1	1	UID46553	1	1	0	0
1	1	UID46555	1	1	0	0
1	1	UID46557	1	1	0	0
1	1	UID46560	1	1	0	0
1	1	UID46571	1	1	0	0
1	1	UID46572	1	1	0	0
1	1	UID46574	1	1	0	0
1	1	UID46575	1	1	0	0
1	1	UID46576	1	1	0	0
1	1	UID46580	1	1	0	0
1	1	UID46582	1	1	0	0
1	1	UID46583	1	1	0	0
1	1	UID46586	1	1	0	0
1	1	UID46592	1	1	0	0
1	1	UID46594	1	1	0	0
1	1	UID46595	1	1	0	0
1	1	UID46596	1	1	0	0
1	1	UID46599	1	1	0	0
1	1	UID46603	1	1	0	0
1	1	UID46604	1	1	0	0
1	1	UID46605	1	1	0	0
1	1	UID46606	1	1	0	0
1	1	UID46607	1	1	0	0
1	1	UID46608	1	1	0	0
1	1	UID46611	1	1	0	0
4	4	UID46618	1	4	2	2
1	1	UID46625	1	1	0	0
1	1	UID46628	1	1	0	0
1	1	UID46631	1	1	0	0
1	1	UID46632	1	1	0	0
1	1	UID46635	1	1	0	0
1	1	UID46637	1	1	0	0
1	1	UID46638	1	1	0	0
1	1	UID46645	1	1	0	0
1	1	UID46651	1	1	0	0
1	1	UID46654	1	1	0	0
1	1	UID46655	1	1	0	0
1	1	UID46656	1	1	0	0
1	1	UID46657	1	1	0	0
1	1	UID46663	1	1	0	0
1	1	UID46665	1	1	0	0
1	1	UID46666	1	1	0	0
1	1	UID46667	1	1	0	0
1	1	UID46669	1	1	0	0
1	1	UID46670	1	1	0	0
1	1	UID46673	1	1	0	0
1	1	UID46676	1	1	0	0
1	1	UID46677	1	1	0	0
1	1	UID46678	1	1	0	0
1	1	UID46686	1	1	0	0
1	1	UID46687	1	1	0	0
1	1	UID46689	1	1	0	0
1	1	UID46704	1	1	0	0
1	1	UID46708	1	1	0	0
1	1	UID46710	1	1	0	0
1	1	UID46711	1	1	0	0
1	1	UID46712	1	1	0	0
1	1	UID46715	1	1	0	0
1	1	UID46716	1	1	0	0
1	1	UID46718	1	1	0	0
1	1	UID46719	1	1	0	0
1	1	UID46720	1	1	0	0
1	1	UID46722	1	1	0	0
1	1	UID46723	1	1	0	0
1	1	UID46725	1	1	0	0
1	1	UID46728	1	1	0	0
1	1	UID46729	1	1	0	0
1	1	UID4672	1	1	0	0
1	1	UID46730	1	1	0	0
1	1	UID46732	1	1	0	0
1	1	UID46734	1	1	0	0
1	1	UID46735	1	1	0	0
1	1	UID46738	1	1	0	0
1	1	UID46739	1	1	0	0
1	1	UID46740	1	1	0	0
1	1	UID46745	1	1	0	0
1	1	UID46749	1	1	0	0
1	1	UID46751	1	1	0	0
1	1	UID46752	1	1	0	0
1	1	UID46753	1	1	0	0
1	1	UID46754	1	1	0	0
1	1	UID46756	1	1	0	0
1	1	UID46763	1	1	0	0
1	1	UID46768	1	1	0	0
1	1	UID46769	1	1	0	0
1	1	UID46770	1	1	0	0
2	2	UID46771	1	2	1	1
1	1	UID46772	1	1	0	0
1	1	UID46773	1	1	0	0
1	1	UID46774	1	1	0	0
1	1	UID46775	1	1	0	0
1	1	UID46778	1	1	0	0
1	1	UID46780	1	1	0	0
1	1	UID46781	1	1	0	0
1	1	UID46782	1	1	0	0
1	1	UID46783	1	1	0	0
1	1	UID46784	1	1	0	0
1	1	UID46785	1	1	0	0
1	1	UID46786	1	1	0	0
1	1	UID46787	1	1	0	0
1	1	UID46790	1	1	0	0
1	1	UID46797	1	1	0	0
1	1	UID46799	1	1	0	0
1	1	UID46801	1	1	0	0
1	1	UID46803	1	1	0	0
1	1	UID46804	1	1	0	0
1	1	UID46808	1	1	0	0
1	1	UID46809	1	1	0	0
1	1	UID46810	1	1	0	0
1	1	UID46811	1	1	0	0
1	1	UID46816	1	1	0	0
1	1	UID46817	1	1	0	0
1	1	UID46821	1	1	0	0
1	1	UID46823	1	1	0	0
1	1	UID46824	1	1	0	0
1	1	UID46826	1	1	0	0
1	1	UID46827	1	1	0	0
1	1	UID46828	1	1	0	0
1	1	UID46830	1	1	0	0
1	1	UID46831	1	1	0	0
1	1	UID46832	1	1	0	0
1	1	UID46833	1	1	0	0
1	1	UID46834	1	1	0	0
1	1	UID46835	1	1	0	0
3	3	UID46836	1	3	2	2
1	1	UID46839	1	1	0	0
1	1	UID46840	1	1	0	0
1	1	UID46841	1	1	0	0
1	1	UID46842	1	1	0	0
1	1	UID46845	1	1	0	0
1	1	UID46846	1	1	0	0
1	1	UID46847	1	1	0	0
1	1	UID46848	1	1	0	0
1	1	UID46849	1	1	0	0
1	1	UID46850	1	1	0	0
1	1	UID46851	1	1	0	0
1	1	UID46852	1	1	0	0
1	1	UID46853	1	1	0	0
1	1	UID46854	1	1	0	0
2	2	UID46855	1	2	1	1
1	1	UID46856	1	1	0	0
1	1	UID46858	1	1	0	0
1	1	UID46859	1	1	0	0
1	1	UID46863	1	1	0	0
1	1	UID46864	1	1	0	0
1	1	UID46865	1	1	0	0
1	1	UID46866	1	1	0	0
2	2	UID46867	1	2	1	1
1	1	UID46869	1	1	0	0
1	1	UID46871	1	1	0	0
1	1	UID46873	1	1	0	0
1	1	UID46874	1	1	0	0
1	1	UID46875	1	1	0	0
1	1	UID46877	1	1	0	0
1	1	UID46879	1	1	0	0
1	1	UID46880	1	1	0	0
1	1	UID46881	1	1	0	0
1	1	UID46887	1	1	0	0
1	1	UID46906	1	1	0	0
1	1	UID46916	1	1	0	0
1	1	UID46917	1	1	0	0
1	1	UID46918	1	1	0	0
1	1	UID46920	1	1	0	0
1	1	UID46921	1	1	0	0
1	1	UID46922	1	1	0	0
1	1	UID46923	1	1	0	0
1	1	UID46924	1	1	0	0
1	1	UID46925	1	1	0	0
4	4	UID46926	1	4	1	1
1	1	UID46929	1	1	0	0
1	1	UID46931	1	1	0	0
1	1	UID46934	1	1	0	0
1	1	UID46935	1	1	0	0
1	1	UID46936	1	1	0	0
1	1	UID46937	1	1	0	0
1	1	UID46939	1	1	0	0
1	1	UID46940	1	1	0	0
1	1	UID46941	1	1	0	0
1	1	UID46942	1	1	0	0
1	1	UID46943	1	1	0	0
4	4	UID46944	1	4	1	1
1	1	UID46945	1	1	0	0
1	1	UID46946	1	1	0	0
1	1	UID46947	1	1	0	0
1	1	UID46948	1	1	0	0
1	1	UID46949	1	1	0	0
1	1	UID46950	1	1	0	0
1	1	UID46951	1	1	0	0
1	1	UID46952	1	1	0	0
1	1	UID46956	1	1	0	0
1	1	UID46957	1	1	0	0
1	1	UID46958	1	1	0	0
1	1	UID46959	1	1	0	0
1	1	UID46960	1	1	0	0
1	1	UID46961	1	1	0	0
1	1	UID46962	1	1	0	0
1	1	UID46964	1	1	0	0
1	1	UID46965	1	1	0	0
1	1	UID46968	1	1	0	0
1	1	UID46969	1	1	0	0
1	1	UID46980	1	1	0	0
1	1	UID46983	1	1	0	0
1	1	UID46984	1	1	0	0
1	1	UID46986	1	1	0	0
1	1	UID46988	1	1	0	0
1	1	UID46993	1	1	0	0
1	1	UID46996	1	1	0	0
1	1	UID47011	1	1	0	0
1	1	UID47015	1	1	0	0
1	1	UID47016	1	1	0	0
1	1	UID47017	1	1	0	0
1	1	UID47018	1	1	0	0
1	1	UID47019	1	1	0	0
1	1	UID47020	1	1	0	0
1	1	UID47021	1	1	0	0
1	1	UID47026	1	1	0	0
1	1	UID47027	1	1	0	0
1	1	UID47029	1	1	0	0
1	1	UID47030	1	1	0	0
1	1	UID47032	1	1	0	0
1	1	UID47035	1	1	0	0
1	1	UID47036	1	1	0	0
1	1	UID47037	1	1	0	0
1	1	UID47041	1	1	0	0
1	1	UID47043	1	1	0	0
1	1	UID47044	1	1	0	0
1	1	UID47045	1	1	0	0
1	1	UID47046	1	1	0	0
1	1	UID47047	1	1	0	0
1	1	UID47048	1	1	0	0
1	1	UID47051	1	1	0	0
1	1	UID47053	1	1	0	0
1	1	UID47056	1	1	0	0
1	1	UID47057	1	1	0	0
1	1	UID47059	1	1	0	0
1	1	UID47065	1	1	0	0
1	1	UID47066	1	1	0	0
1	1	UID47067	1	1	0	0
1	1	UID47068	1	1	0	0
1	1	UID47069	1	1	0	0
1	1	UID47070	1	1	0	0
1	1	UID47077	1	1	0	0
1	1	UID47078	1	1	0	0
1	1	UID47080	1	1	0	0
1	1	UID47081	1	1	0	0
1	1	UID47082	1	1	0	0
1	1	UID47084	1	1	0	0
1	1	UID47085	1	1	0	0
1	1	UID47089	1	1	0	0
1	1	UID47090	1	1	0	0
1	1	UID47091	1	1	0	0
1	1	UID47092	1	1	0	0
1	1	UID47093	1	1	0	0
1	1	UID47094	1	1	0	0
1	1	UID47095	1	1	0	0
1	1	UID47101	1	1	0	0
1	1	UID47102	1	1	0	0
1	1	UID47106	1	1	0	0
1	1	UID47107	1	1	0	0
1	1	UID47111	1	1	0	0
1	1	UID47113	1	1	0	0
1	1	UID47114	1	1	0	0
1	1	UID47115	1	1	0	0
1	1	UID47116	1	1	0	0
1	1	UID47118	1	1	0	0
1	1	UID47122	1	1	0	0
1	1	UID47123	1	1	0	0
1	1	UID47137	1	1	0	0
1	1	UID47138	1	1	0	0
1	1	UID47140	1	1	0	0
1	1	UID47141	1	1	0	0
1	1	UID47142	1	1	0	0
1	1	UID47144	1	1	0	0
1	1	UID47145	1	1	0	0
1	1	UID47148	1	1	0	0
1	1	UID47157	1	1	0	0
1	1	UID47159	1	1	0	0
1	1	UID47160	1	1	0	0
1	1	UID47162	1	1	0	0
1	1	UID47168	1	1	0	0
1	1	UID47169	1	1	0	0
1	1	UID47170	1	1	0	0
1	1	UID47171	1	1	0	0
1	1	UID47172	1	1	0	0
1	1	UID47175	1	1	0	0
1	1	UID47177	1	1	0	0
1	1	UID47179	1	1	0	0
1	1	UID47190	1	1	0	0
1	1	UID47191	1	1	0	0
1	1	UID47194	1	1	0	0
1	1	UID47202	1	1	0	0
1	1	UID47205	1	1	0	0
1	1	UID47207	1	1	0	0
1	1	UID47208	1	1	0	0
1	1	UID47209	1	1	0	0
1	1	UID47213	1	1	0	0
1	1	UID47222	1	1	0	0
1	1	UID47223	1	1	0	0
1	1	UID47232	1	1	0	0
1	1	UID47233	1	1	0	0
1	1	UID47234	1	1	0	0
1	1	UID47235	1	1	0	0
1	1	UID47237	1	1	0	0
1	1	UID47239	1	1	0	0
1	1	UID47240	1	1	0	0
1	1	UID47242	1	1	0	0
1	1	UID47243	1	1	0	0
1	1	UID47246	1	1	0	0
1	1	UID47251	1	1	0	0
1	1	UID47256	1	1	0	0
1	1	UID47257	1	1	0	0
1	1	UID47258	1	1	0	0
1	1	UID47262	1	1	0	0
1	1	UID47263	1	1	0	0
1	1	UID47264	1	1	0	0
1	1	UID47268	1	1	0	0
1	1	UID47276	1	1	0	0
1	1	UID47278	1	1	0	0
1	1	UID47284	1	1	0	0
1	1	UID47285	1	1	0	0
1	1	UID47286	1	1	0	0
1	1	UID47290	1	1	0	0
1	1	UID47294	1	1	0	0
1	1	UID47301	1	1	0	0
1	1	UID47302	1	1	0	0
1	1	UID47303	1	1	0	0
1	1	UID47304	1	1	0	0
1	1	UID47305	1	1	0	0
1	1	UID47306	1	1	0	0
1	1	UID47307	1	1	0	0
1	1	UID47309	1	1	0	0
1	1	UID47310	1	1	0	0
1	1	UID47317	1	1	0	0
1	1	UID47321	1	1	0	0
1	1	UID47322	1	1	0	0
1	1	UID47323	1	1	0	0
1	1	UID47325	1	1	0	0
1	1	UID47331	1	1	0	0
2	2	UID47333	1	2	1	1
1	1	UID47334	1	1	0	0
1	1	UID47340	1	1	0	0
1	1	UID47343	1	1	0	0
1	1	UID47344	1	1	0	0
1	1	UID47346	1	1	0	0
1	1	UID47348	1	1	0	0
1	1	UID47349	1	1	0	0
1	1	UID47352	1	1	0	0
1	1	UID47354	1	1	0	0
1	1	UID47355	1	1	0	0
1	1	UID47358	1	1	0	0
1	1	UID47363	1	1	0	0
1	1	UID47364	1	1	0	0
1	1	UID47366	1	1	0	0
1	1	UID47367	1	1	0	0
1	1	UID47370	1	1	0	0
1	1	UID47371	1	1	0	0
1	1	UID47372	1	1	0	0
1	1	UID47376	1	1	0	0
1	1	UID47378	1	1	0	0
1	1	UID47381	1	1	0	0
1	1	UID47385	1	1	0	0
1	1	UID47386	1	1	0	0
1	1	UID47387	1	1	0	0
1	1	UID47389	1	1	0	0
1	1	UID47390	1	1	0	0
1	1	UID47393	1	1	0	0
1	1	UID47394	1	1	0	0
1	1	UID47395	1	1	0	0
1	1	UID47397	1	1	0	0
1	1	UID47398	1	1	0	0
1	1	UID47400	1	1	0	0
1	1	UID47405	1	1	0	0
1	1	UID47407	1	1	0	0
1	1	UID47411	1	1	0	0
1	1	UID47412	1	1	0	0
1	1	UID47419	1	1	0	0
1	1	UID47421	1	1	0	0
2	2	UID47422	1	2	1	1
1	1	UID47424	1	1	0	0
1	1	UID47425	1	1	0	0
1	1	UID47426	1	1	0	0
1	1	UID47427	1	1	0	0
1	1	UID47428	1	1	0	0
1	1	UID47429	1	1	0	0
1	1	UID47433	1	1	0	0
1	1	UID47440	1	1	0	0
1	1	UID47441	1	1	0	0
1	1	UID47457	1	1	0	0
1	1	UID47459	1	1	0	0
1	1	UID47462	1	1	0	0
1	1	UID47464	1	1	0	0
1	1	UID47465	1	1	0	0
1	1	UID47466	1	1	0	0
1	1	UID47469	1	1	0	0
1	1	UID47471	1	1	0	0
1	1	UID47474	1	1	0	0
1	1	UID47476	1	1	0	0
1	1	UID47477	1	1	0	0
1	1	UID47483	1	1	0	0
1	1	UID47484	1	1	0	0
1	1	UID47485	1	1	0	0
1	1	UID47486	1	1	0	0
1	1	UID47535	1	1	0	0
1	1	UID47613	1	1	0	0
1	1	UID47621	1	1	0	0
1	1	UID47624	1	1	0	0
1	1	UID47626	1	1	0	0
1	1	UID47630	1	1	0	0
1	1	UID47632	1	1	0	0
1	1	UID47636	1	1	0	0
2	2	UID47640	1	2	1	1
1	1	UID47645	1	1	0	0
1	1	UID47650	1	1	0	0
1	1	UID47653	1	1	0	0
1	1	UID47655	1	1	0	0
1	1	UID47664	1	1	0	0
1	1	UID47665	1	1	0	0
1	1	UID47666	1	1	0	0
1	1	UID47667	1	1	0	0
1	1	UID47673	1	1	0	0
1	1	UID47676	1	1	0	0
1	1	UID47679	1	1	0	0
1	1	UID47682	1	1	0	0
1	1	UID47683	1	1	0	0
1	1	UID47689	1	1	0	0
1	1	UID47690	1	1	0	0
1	1	UID47691	1	1	0	0
1	1	UID47692	1	1	0	0
1	1	UID47695	1	1	0	0
1	1	UID47697	1	1	0	0
1	1	UID47701	1	1	0	0
1	1	UID47702	1	1	0	0
1	1	UID47703	1	1	0	0
1	1	UID47704	1	1	0	0
1	1	UID47709	1	1	0	0
1	1	UID47710	1	1	0	0
1	1	UID47711	1	1	0	0
1	1	UID47712	1	1	0	0
1	1	UID47717	1	1	0	0
1	1	UID47719	1	1	0	0
1	1	UID47720	1	1	0	0
1	1	UID47724	1	1	0	0
1	1	UID47725	1	1	0	0
1	1	UID47727	1	1	0	0
1	1	UID47728	1	1	0	0
1	1	UID47729	1	1	0	0
1	1	UID47730	1	1	0	0
1	1	UID47732	1	1	0	0
1	1	UID47733	1	1	0	0
1	1	UID47739	1	1	0	0
1	1	UID47740	1	1	0	0
1	1	UID47742	1	1	0	0
1	1	UID47743	1	1	0	0
1	1	UID47744	1	1	0	0
1	1	UID47745	1	1	0	0
1	1	UID47746	1	1	0	0
1	1	UID47747	1	1	0	0
1	1	UID47748	1	1	0	0
1	1	UID47752	1	1	0	0
1	1	UID47754	1	1	0	0
1	1	UID47755	1	1	0	0
1	1	UID47758	1	1	0	0
1	1	UID47761	1	1	0	0
2	2	UID47762	1	2	1	1
1	1	UID47763	1	1	0	0
6	6	UID47772	1	6	2	2
1	1	UID47776	1	1	0	0
1	1	UID47777	1	1	0	0
1	1	UID47778	1	1	0	0
1	1	UID47780	1	1	0	0
1	1	UID47781	1	1	0	0
2	2	UID47782	1	2	1	1
1	1	UID47785	1	1	0	0
1	1	UID47798	1	1	0	0
1	1	UID47804	1	1	0	0
1	1	UID47807	1	1	0	0
1	1	UID47811	1	1	0	0
1	1	UID47815	1	1	0	0
1	1	UID47816	1	1	0	0
1	1	UID47817	1	1	0	0
1	1	UID47818	1	1	0	0
1	1	UID47819	1	1	0	0
1	1	UID47820	1	1	0	0
1	1	UID47821	1	1	0	0
1	1	UID47822	1	1	0	0
1	1	UID47823	1	1	0	0
1	1	UID47825	1	1	0	0
1	1	UID47829	1	1	0	0
1	1	UID47830	1	1	0	0
1	1	UID47831	1	1	0	0
1	1	UID47833	1	1	0	0
1	1	UID47834	1	1	0	0
1	1	UID47835	1	1	0	0
1	1	UID47838	1	1	0	0
1	1	UID47840	1	1	0	0
1	1	UID47850	1	1	0	0
1	1	UID47858	1	1	0	0
1	1	UID47860	1	1	0	0
1	1	UID47862	1	1	0	0
1	1	UID47866	1	1	0	0
1	1	UID47867	1	1	0	0
1	1	UID47868	1	1	0	0
1	1	UID47871	1	1	0	0
1	1	UID47873	1	1	0	0
1	1	UID47881	1	1	0	0
1	1	UID47884	1	1	0	0
1	1	UID47885	1	1	0	0
1	1	UID47886	1	1	0	0
1	1	UID47887	1	1	0	0
1	1	UID47892	1	1	0	0
1	1	UID47893	1	1	0	0
1	1	UID47894	1	1	0	0
1	1	UID47895	1	1	0	0
1	1	UID47897	1	1	0	0
1	1	UID47900	1	1	0	0
1	1	UID47901	1	1	0	0
1	1	UID47905	1	1	0	0
1	1	UID47907	1	1	0	0
1	1	UID47908	1	1	0	0
1	1	UID47909	1	1	0	0
1	1	UID47910	1	1	0	0
1	1	UID47912	1	1	0	0
1	1	UID47915	1	1	0	0
1	1	UID47916	1	1	0	0
1	1	UID47921	1	1	0	0
1	1	UID47922	1	1	0	0
1	1	UID47923	1	1	0	0
1	1	UID47925	1	1	0	0
1	1	UID47926	1	1	0	0
1	1	UID47927	1	1	0	0
1	1	UID47928	1	1	0	0
1	1	UID47930	1	1	0	0
1	1	UID47931	1	1	0	0
1	1	UID47932	1	1	0	0
1	1	UID47935	1	1	0	0
1	1	UID47936	1	1	0	0
1	1	UID47937	1	1	0	0
1	1	UID47938	1	1	0	0
1	1	UID47944	1	1	0	0
1	1	UID47945	1	1	0	0
1	1	UID47952	1	1	0	0
1	1	UID47959	1	1	0	0
1	1	UID47960	1	1	0	0
1	1	UID47965	1	1	0	0
1	1	UID47967	1	1	0	0
1	1	UID47973	1	1	0	0
1	1	UID47975	1	1	0	0
1	1	UID47976	1	1	0	0
1	1	UID47977	1	1	0	0
1	1	UID47978	1	1	0	0
1	1	UID47979	1	1	0	0
1	1	UID47982	1	1	0	0
1	1	UID47983	1	1	0	0
1	1	UID47984	1	1	0	0
1	1	UID47985	1	1	0	0
1	1	UID47987	1	1	0	0
1	1	UID47989	1	1	0	0
1	1	UID47990	1	1	0	0
1	1	UID47991	1	1	0	0
1	1	UID47994	1	1	0	0
1	1	UID48006	1	1	0	0
1	1	UID48008	1	1	0	0
1	1	UID48011	1	1	0	0
1	1	UID48013	1	1	0	0
1	1	UID48016	1	1	0	0
1	1	UID48020	1	1	0	0
1	1	UID48022	1	1	0	0
1	1	UID48031	1	1	0	0
1	1	UID48034	1	1	0	0
1	1	UID48041	1	1	0	0
1	1	UID48042	1	1	0	0
1	1	UID48043	1	1	0	0
1	1	UID48045	1	1	0	0
1	1	UID48046	1	1	0	0
1	1	UID48049	1	1	0	0
1	1	UID48050	1	1	0	0
1	1	UID48051	1	1	0	0
1	1	UID48052	1	1	0	0
1	1	UID48053	1	1	0	0
1	1	UID48055	1	1	0	0
1	1	UID48057	1	1	0	0
1	1	UID48058	1	1	0	0
1	1	UID48061	1	1	0	0
1	1	UID48063	1	1	0	0
1	1	UID48064	1	1	0	0
1	1	UID48065	1	1	0	0
1	1	UID48068	1	1	0	0
1	1	UID48070	1	1	0	0
1	1	UID48074	1	1	0	0
1	1	UID48075	1	1	0	0
1	1	UID48076	1	1	0	0
1	1	UID48079	1	1	0	0
1	1	UID48081	1	1	0	0
1	1	UID48088	1	1	0	0
1	1	UID48090	1	1	0	0
1	1	UID48091	1	1	0	0
1	1	UID48093	1	1	0	0
1	1	UID48094	1	1	0	0
1	1	UID48095	1	1	0	0
1	1	UID48096	1	1	0	0
1	1	UID48097	1	1	0	0
1	1	UID48099	1	1	0	0
1	1	UID48109	1	1	0	0
1	1	UID48111	1	1	0	0
1	1	UID48112	1	1	0	0
1	1	UID48113	1	1	0	0
1	1	UID48119	1	1	0	0
1	1	UID48122	1	1	0	0
1	1	UID48123	1	1	0	0
1	1	UID48127	1	1	0	0
1	1	UID48130	1	1	0	0
1	1	UID48136	1	1	0	0
1	1	UID48137	1	1	0	0
1	1	UID48143	1	1	0	0
1	1	UID48144	1	1	0	0
1	1	UID48148	1	1	0	0
1	1	UID48149	1	1	0	0
1	1	UID48152	1	1	0	0
1	1	UID48162	1	1	0	0
1	1	UID48168	1	1	0	0
1	1	UID48169	1	1	0	0
1	1	UID48170	1	1	0	0
1	1	UID48171	1	1	0	0
1	1	UID48173	1	1	0	0
1	1	UID48177	1	1	0	0
1	1	UID48179	1	1	0	0
1	1	UID48180	1	1	0	0
1	1	UID48181	1	1	0	0
1	1	UID48182	1	1	0	0
1	1	UID48189	1	1	0	0
1	1	UID48193	1	1	0	0
1	1	UID48202	1	1	0	0
1	1	UID48203	1	1	0	0
1	1	UID48204	1	1	0	0
1	1	UID48205	1	1	0	0
1	1	UID48206	1	1	0	0
1	1	UID48207	1	1	0	0
1	1	UID48209	1	1	0	0
1	1	UID48211	1	1	0	0
1	1	UID48212	1	1	0	0
1	1	UID48213	1	1	0	0
1	1	UID48220	1	1	0	0
1	1	UID48222	1	1	0	0
1	1	UID48224	1	1	0	0
1	1	UID48227	1	1	0	0
1	1	UID48228	1	1	0	0
1	1	UID48229	1	1	0	0
1	1	UID48230	1	1	0	0
1	1	UID48243	1	1	0	0
1	1	UID48246	1	1	0	0
1	1	UID48248	1	1	0	0
1	1	UID48251	1	1	0	0
1	1	UID48257	1	1	0	0
1	1	UID48258	1	1	0	0
1	1	UID48264	1	1	0	0
1	1	UID48268	1	1	0	0
1	1	UID48272	1	1	0	0
1	1	UID48275	1	1	0	0
1	1	UID48276	1	1	0	0
1	1	UID48277	1	1	0	0
1	1	UID48282	1	1	0	0
1	1	UID48286	1	1	0	0
1	1	UID48290	1	1	0	0
1	1	UID48297	1	1	0	0
1	1	UID48299	1	1	0	0
1	1	UID48306	1	1	0	0
1	1	UID48308	1	1	0	0
1	1	UID48309	1	1	0	0
1	1	UID48310	1	1	0	0
1	1	UID48320	1	1	0	0
1	1	UID48322	1	1	0	0
1	1	UID48326	1	1	0	0
1	1	UID48328	1	1	0	0
1	1	UID48341	1	1	0	0
1	1	UID48342	1	1	0	0
1	1	UID48343	1	1	0	0
1	1	UID48344	1	1	0	0
1	1	UID48347	1	1	0	0
1	1	UID48348	1	1	0	0
1	1	UID48367	1	1	0	0
1	1	UID48368	1	1	0	0
1	1	UID48374	1	1	0	0
1	1	UID48379	1	1	0	0
1	1	UID48388	1	1	0	0
1	1	UID48394	1	1	0	0
1	1	UID48401	1	1	0	0
1	1	UID48408	1	1	0	0
1	1	UID48410	1	1	0	0
1	1	UID48414	1	1	0	0
1	1	UID48415	1	1	0	0
1	1	UID48416	1	1	0	0
1	1	UID48423	1	1	0	0
1	1	UID48425	1	1	0	0
1	1	UID48427	1	1	0	0
1	1	UID48428	1	1	0	0
1	1	UID48436	1	1	0	0
1	1	UID48438	1	1	0	0
1	1	UID48443	1	1	0	0
1	1	UID48451	1	1	0	0
1	1	UID48453	1	1	0	0
1	1	UID48454	1	1	0	0
1	1	UID48463	1	1	0	0
1	1	UID48464	1	1	0	0
1	1	UID48466	1	1	0	0
1	1	UID48477	1	1	0	0
1	1	UID48488	1	1	0	0
1	1	UID48489	1	1	0	0
1	1	UID48490	1	1	0	0
1	1	UID48500	1	1	0	0
1	1	UID48503	1	1	0	0
1	1	UID48505	1	1	0	0
1	1	UID48508	1	1	0	0
1	1	UID48520	1	1	0	0
1	1	UID48529	1	1	0	0
1	1	UID48530	1	1	0	0
1	1	UID48543	1	1	0	0
1	1	UID48544	1	1	0	0
1	1	UID48545	1	1	0	0
1	1	UID48549	1	1	0	0
1	1	UID48551	1	1	0	0
1	1	UID48553	1	1	0	0
1	1	UID48560	1	1	0	0
1	1	UID48561	1	1	0	0
1	1	UID48565	1	1	0	0
1	1	UID48571	1	1	0	0
1	1	UID48575	1	1	0	0
1	1	UID48586	1	1	0	0
1	1	UID48599	1	1	0	0
1	1	UID48600	1	1	0	0
1	1	UID48602	1	1	0	0
1	1	UID48604	1	1	0	0
1	1	UID48617	1	1	0	0
1	1	UID48623	1	1	0	0
1	1	UID48625	1	1	0	0
1	1	UID48630	1	1	0	0
1	1	UID48641	1	1	0	0
1	1	UID48649	1	1	0	0
1	1	UID48652	1	1	0	0
1	1	UID48655	1	1	0	0
1	1	UID48657	1	1	0	0
1	1	UID48658	1	1	0	0
1	1	UID48662	1	1	0	0
1	1	UID48663	1	1	0	0
1	1	UID48670	1	1	0	0
1	1	UID48676	1	1	0	0
1	1	UID48700	1	1	0	0
1	1	UID48707	1	1	0	0
3	3	UID48709	1	3	1	1
1	1	UID48769	1	1	0	0
1	1	UID48786	1	1	0	0
2	2	UID48790	1	2	1	1
1	1	UID48791	1	1	0	0
1	1	UID48803	1	1	0	0
1	1	UID48807	1	1	0	0
1	1	UID48812	1	1	0	0
1	1	UID48819	1	1	0	0
1	1	UID48820	1	1	0	0
1	1	UID48821	1	1	0	0
1	1	UID48823	1	1	0	0
1	1	UID48824	1	1	0	0
1	1	UID48828	1	1	0	0
1	1	UID48834	1	1	0	0
1	1	UID48838	1	1	0	0
1	1	UID48839	1	1	0	0
1	1	UID48840	1	1	0	0
1	1	UID48844	1	1	0	0
1	1	UID48864	1	1	0	0
1	1	UID49016	1	1	0	0
1	1	UID49039	1	1	0	0
1	1	UID49042	1	1	0	0
1	1	UID49043	1	1	0	0
1	1	UID49052	1	1	0	0
1	1	UID49053	1	1	0	0
1	1	UID49059	1	1	0	0
1	1	UID49088	1	1	0	0
1	1	UID49102	1	1	0	0
1	1	UID49112	1	1	0	0
1	1	UID49122	1	1	0	0
1	1	UID49131	1	1	0	0
1	1	UID49136	1	1	0	0
1	1	UID49140	1	1	0	0
1	1	UID49148	1	1	0	0
1	1	UID49149	1	1	0	0
1	1	UID49154	1	1	0	0
1	1	UID49165	1	1	0	0
1	1	UID49176	1	1	0	0
1	1	UID49177	1	1	0	0
1	1	UID49184	1	1	0	0
1	1	UID49201	1	1	0	0
1	1	UID49205	1	1	0	0
1	1	UID49206	1	1	0	0
1	1	UID49213	1	1	0	0
1	1	UID49217	1	1	0	0
1	1	UID49219	1	1	0	0
1	1	UID49234	1	1	0	0
1	1	UID49237	1	1	0	0
1	1	UID49243	1	1	0	0
1	1	UID49244	1	1	0	0
1	1	UID49245	1	1	0	0
1	1	UID49248	1	1	0	0
1	1	UID49250	1	1	0	0
1	1	UID49255	1	1	0	0
1	1	UID49262	1	1	0	0
1	1	UID49270	1	1	0	0
1	1	UID49272	1	1	0	0
1	1	UID49281	1	1	0	0
1	1	UID49282	1	1	0	0
1	1	UID49283	1	1	0	0
1	1	UID49287	1	1	0	0
1	1	UID49288	1	1	0	0
1	1	UID49298	1	1	0	0
1	1	UID49301	1	1	0	0
1	1	UID49305	1	1	0	0
1	1	UID49307	1	1	0	0
1	1	UID49313	1	1	0	0
1	1	UID49316	1	1	0	0
1	1	UID49322	1	1	0	0
1	1	UID49331	1	1	0	0
1	1	UID49332	1	1	0	0
1	1	UID49335	1	1	0	0
1	1	UID49336	1	1	0	0
1	1	UID49339	1	1	0	0
1	1	UID49345	1	1	0	0
1	1	UID49361	1	1	0	0
1	1	UID49362	1	1	0	0
1	1	UID49363	1	1	0	0
1	1	UID49364	1	1	0	0
1	1	UID49372	1	1	0	0
1	1	UID49373	1	1	0	0
1	1	UID49391	1	1	0	0
1	1	UID49398	1	1	0	0
1	1	UID49399	1	1	0	0
1	1	UID49402	1	1	0	0
1	1	UID49403	1	1	0	0
1	1	UID49414	1	1	0	0
1	1	UID49415	1	1	0	0
1	1	UID49417	1	1	0	0
1	1	UID49418	1	1	0	0
1	1	UID49433	1	1	0	0
1	1	UID49437	1	1	0	0
1	1	UID49441	1	1	0	0
1	1	UID49442	1	1	0	0
1	1	UID49448	1	1	0	0
1	1	UID49449	1	1	0	0
1	1	UID49450	1	1	0	0
1	1	UID49451	1	1	0	0
1	1	UID49452	1	1	0	0
1	1	UID49453	1	1	0	0
1	1	UID49454	1	1	0	0
1	1	UID49458	1	1	0	0
1	1	UID49460	1	1	0	0
1	1	UID49466	1	1	0	0
1	1	UID49470	1	1	0	0
1	1	UID49475	1	1	0	0
1	1	UID49476	1	1	0	0
1	1	UID49488	1	1	0	0
1	1	UID49489	1	1	0	0
1	1	UID49492	1	1	0	0
1	1	UID49496	1	1	0	0
1	1	UID49499	1	1	0	0
1	1	UID49508	1	1	0	0
1	1	UID49509	1	1	0	0
1	1	UID49512	1	1	0	0
1	1	UID49513	1	1	0	0
1	1	UID49514	1	1	0	0
1	1	UID49517	1	1	0	0
1	1	UID49518	1	1	0	0
1	1	UID49519	1	1	0	0
1	1	UID49520	1	1	0	0
1	1	UID49521	1	1	0	0
1	1	UID49522	1	1	0	0
1	1	UID49523	1	1	0	0
1	1	UID49524	1	1	0	0
1	1	UID49526	1	1	0	0
1	1	UID49527	1	1	0	0
1	1	UID49532	1	1	0	0
1	1	UID49538	1	1	0	0
1	1	UID49539	1	1	0	0
1	1	UID49540	1	1	0	0
1	1	UID49547	1	1	0	0
1	1	UID49549	1	1	0	0
1	1	UID49552	1	1	0	0
1	1	UID49553	1	1	0	0
1	1	UID49554	1	1	0	0
1	1	UID49561	1	1	0	0
1	1	UID49565	1	1	0	0
1	1	UID49566	1	1	0	0
1	1	UID49568	1	1	0	0
1	1	UID49571	1	1	0	0
1	1	UID49582	1	1	0	0
1	1	UID49588	1	1	0	0
1	1	UID49595	1	1	0	0
1	1	UID49596	1	1	0	0
1	1	UID49602	1	1	0	0
1	1	UID49603	1	1	0	0
1	1	UID49609	1	1	0	0
1	1	UID49610	1	1	0	0
1	1	UID49612	1	1	0	0
1	1	UID49613	1	1	0	0
1	1	UID49614	1	1	0	0
1	1	UID49615	1	1	0	0
1	1	UID49617	1	1	0	0
1	1	UID49618	1	1	0	0
1	1	UID49622	1	1	0	0
1	1	UID49632	1	1	0	0
1	1	UID49634	1	1	0	0
1	1	UID49636	1	1	0	0
1	1	UID49638	1	1	0	0
1	1	UID49658	1	1	0	0
1	1	UID49659	1	1	0	0
1	1	UID49660	1	1	0	0
1	1	UID49662	1	1	0	0
1	1	UID49668	1	1	0	0
1	1	UID49670	1	1	0	0
1	1	UID49671	1	1	0	0
1	1	UID49673	1	1	0	0
1	1	UID49678	1	1	0	0
1	1	UID49679	1	1	0	0
1	1	UID49686	1	1	0	0
1	1	UID49688	1	1	0	0
1	1	UID49690	1	1	0	0
1	1	UID49691	1	1	0	0
1	1	UID49692	1	1	0	0
1	1	UID49705	1	1	0	0
1	1	UID49707	1	1	0	0
1	1	UID49708	1	1	0	0
1	1	UID49712	1	1	0	0
1	1	UID49713	1	1	0	0
1	1	UID49718	1	1	0	0
1	1	UID49722	1	1	0	0
1	1	UID49734	1	1	0	0
1	1	UID49735	1	1	0	0
1	1	UID49745	1	1	0	0
1	1	UID49746	1	1	0	0
1	1	UID49747	1	1	0	0
1	1	UID49748	1	1	0	0
1	1	UID49749	1	1	0	0
1	1	UID49753	1	1	0	0
1	1	UID49754	1	1	0	0
1	1	UID49757	1	1	0	0
1	1	UID49758	1	1	0	0
1	1	UID49759	1	1	0	0
1	1	UID49760	1	1	0	0
1	1	UID49767	1	1	0	0
1	1	UID49771	1	1	0	0
1	1	UID49772	1	1	0	0
1	1	UID49773	1	1	0	0
1	1	UID49775	1	1	0	0
1	1	UID49776	1	1	0	0
2	2	UID49778	1	2	1	1
1	1	UID49781	1	1	0	0
1	1	UID49782	1	1	0	0
1	1	UID49783	1	1	0	0
1	1	UID49784	1	1	0	0
1	1	UID49785	1	1	0	0
1	1	UID49797	1	1	0	0
1	1	UID49798	1	1	0	0
1	1	UID49799	1	1	0	0
1	1	UID49811	1	1	0	0
1	1	UID49812	1	1	0	0
1	1	UID49813	1	1	0	0
1	1	UID49818	1	1	0	0
1	1	UID49835	1	1	0	0
1	1	UID49842	1	1	0	0
1	1	UID49843	1	1	0	0
1	1	UID49844	1	1	0	0
1	1	UID49845	1	1	0	0
1	1	UID49846	1	1	0	0
1	1	UID49847	1	1	0	0
2	2	UID49848	1	2	1	1
1	1	UID49850	1	1	0	0
1	1	UID49853	1	1	0	0
1	1	UID49856	1	1	0	0
1	1	UID49860	1	1	0	0
1	1	UID49862	1	1	0	0
1	1	UID49868	1	1	0	0
1	1	UID49875	1	1	0	0
1	1	UID49876	1	1	0	0
1	1	UID49878	1	1	0	0
1	1	UID49880	1	1	0	0
1	1	UID49883	1	1	0	0
1	1	UID49884	1	1	0	0
1	1	UID49885	1	1	0	0
1	1	UID49887	1	1	0	0
1	1	UID49891	1	1	0	0
1	1	UID49900	1	1	0	0
1	1	UID49902	1	1	0	0
1	1	UID49903	1	1	0	0
1	1	UID49906	1	1	0	0
1	1	UID49910	1	1	0	0
1	1	UID49911	1	1	0	0
1	1	UID49912	1	1	0	0
1	1	UID49914	1	1	0	0
1	1	UID49915	1	1	0	0
1	1	UID49917	1	1	0	0
1	1	UID49918	1	1	0	0
1	1	UID49919	1	1	0	0
1	1	UID49920	1	1	0	0
1	1	UID49923	1	1	0	0
1	1	UID49925	1	1	0	0
1	1	UID49927	1	1	0	0
1	1	UID49935	1	1	0	0
1	1	UID49942	1	1	0	0
1	1	UID49948	1	1	0	0
1	1	UID49949	1	1	0	0
1	1	UID49951	1	1	0	0
1	1	UID49954	1	1	0	0
1	1	UID49955	1	1	0	0
8	8	UID49958	1	8	1	1
1	1	UID49960	1	1	0	0
1	1	UID49961	1	1	0	0
1	1	UID49971	1	1	0	0
1	1	UID49972	1	1	0	0
1	1	UID49974	1	1	0	0
1	1	UID49979	1	1	0	0
1	1	UID49984	1	1	0	0
1	1	UID49988	1	1	0	0
1	1	UID49991	1	1	0	0
1	1	UID49992	1	1	0	0
1	1	UID49993	1	1	0	0
1	1	UID49994	1	1	0	0
1	1	UID49996	1	1	0	0
1	1	UID50007	1	1	0	0
1	1	UID50008	1	1	0	0
1	1	UID50012	1	1	0	0
1	1	UID50021	1	1	0	0
1	1	UID50024	1	1	0	0
1	1	UID50025	1	1	0	0
1	1	UID50028	1	1	0	0
1	1	UID50030	1	1	0	0
1	1	UID50031	1	1	0	0
1	1	UID50033	1	1	0	0
1	1	UID50034	1	1	0	0
1	1	UID50039	1	1	0	0
1	1	UID50041	1	1	0	0
1	1	UID50043	1	1	0	0
1	1	UID50044	1	1	0	0
1	1	UID50046	1	1	0	0
1	1	UID50047	1	1	0	0
1	1	UID50049	1	1	0	0
1	1	UID50050	1	1	0	0
1	1	UID50065	1	1	0	0
1	1	UID50066	1	1	0	0
1	1	UID50067	1	1	0	0
1	1	UID50068	1	1	0	0
1	1	UID50069	1	1	0	0
1	1	UID50070	1	1	0	0
1	1	UID50071	1	1	0	0
1	1	UID50073	1	1	0	0
1	1	UID50074	1	1	0	0
1	1	UID50076	1	1	0	0
1	1	UID50082	1	1	0	0
1	1	UID50083	1	1	0	0
1	1	UID50084	1	1	0	0
1	1	UID50089	1	1	0	0
1	1	UID50093	1	1	0	0
1	1	UID50094	1	1	0	0
1	1	UID50095	1	1	0	0
1	1	UID50104	1	1	0	0
1	1	UID50106	1	1	0	0
1	1	UID50108	1	1	0	0
1	1	UID50109	1	1	0	0
1	1	UID50110	1	1	0	0
1	1	UID50113	1	1	0	0
1	1	UID50114	1	1	0	0
1	1	UID50115	1	1	0	0
1	1	UID50116	1	1	0	0
1	1	UID50119	1	1	0	0
1	1	UID50120	1	1	0	0
1	1	UID50123	1	1	0	0
1	1	UID50125	1	1	0	0
1	1	UID50127	1	1	0	0
1	1	UID50128	1	1	0	0
1	1	UID50140	1	1	0	0
1	1	UID50141	1	1	0	0
1	1	UID50144	1	1	0	0
1	1	UID50147	1	1	0	0
1	1	UID50148	1	1	0	0
1	1	UID50149	1	1	0	0
1	1	UID50153	1	1	0	0
1	1	UID50162	1	1	0	0
1	1	UID50163	1	1	0	0
1	1	UID50164	1	1	0	0
1	1	UID50165	1	1	0	0
1	1	UID50167	1	1	0	0
1	1	UID50169	1	1	0	0
1	1	UID50171	1	1	0	0
1	1	UID50175	1	1	0	0
1	1	UID50176	1	1	0	0
1	1	UID50177	1	1	0	0
1	1	UID50180	1	1	0	0
1	1	UID50183	1	1	0	0
1	1	UID50185	1	1	0	0
1	1	UID50192	1	1	0	0
1	1	UID50201	1	1	0	0
1	1	UID50205	1	1	0	0
1	1	UID50207	1	1	0	0
1	1	UID50209	1	1	0	0
1	1	UID50210	1	1	0	0
1	1	UID50211	1	1	0	0
1	1	UID50212	1	1	0	0
1	1	UID50214	1	1	0	0
1	1	UID50215	1	1	0	0
1	1	UID50216	1	1	0	0
1	1	UID50217	1	1	0	0
1	1	UID50218	1	1	0	0
1	1	UID50219	1	1	0	0
1	1	UID50221	1	1	0	0
1	1	UID50222	1	1	0	0
1	1	UID50223	1	1	0	0
1	1	UID50231	1	1	0	0
1	1	UID50233	1	1	0	0
1	1	UID50235	1	1	0	0
1	1	UID50236	1	1	0	0
1	1	UID50237	1	1	0	0
1	1	UID50239	1	1	0	0
1	1	UID50240	1	1	0	0
1	1	UID50243	1	1	0	0
1	1	UID50247	1	1	0	0
1	1	UID50250	1	1	0	0
1	1	UID50252	1	1	0	0
1	1	UID50253	1	1	0	0
1	1	UID50255	1	1	0	0
1	1	UID50257	1	1	0	0
1	1	UID50259	1	1	0	0
1	1	UID50261	1	1	0	0
1	1	UID50262	1	1	0	0
1	1	UID50264	1	1	0	0
1	1	UID50267	1	1	0	0
1	1	UID50268	1	1	0	0
1	1	UID50269	1	1	0	0
1	1	UID50271	1	1	0	0
1	1	UID50273	1	1	0	0
1	1	UID50274	1	1	0	0
1	1	UID50276	1	1	0	0
1	1	UID50278	1	1	0	0
1	1	UID50289	1	1	0	0
1	1	UID50293	1	1	0	0
1	1	UID50294	1	1	0	0
1	1	UID50295	1	1	0	0
1	1	UID50296	1	1	0	0
1	1	UID50298	1	1	0	0
1	1	UID50299	1	1	0	0
1	1	UID50303	1	1	0	0
1	1	UID50304	1	1	0	0
1	1	UID50305	1	1	0	0
1	1	UID50307	1	1	0	0
1	1	UID50308	1	1	0	0
1	1	UID50311	1	1	0	0
1	1	UID50312	1	1	0	0
1	1	UID50313	1	1	0	0
1	1	UID50315	1	1	0	0
1	1	UID50322	1	1	0	0
1	1	UID50324	1	1	0	0
1	1	UID50325	1	1	0	0
1	1	UID50326	1	1	0	0
1	1	UID50328	1	1	0	0
1	1	UID50330	1	1	0	0
1	1	UID50332	1	1	0	0
1	1	UID50333	1	1	0	0
1	1	UID50335	1	1	0	0
1	1	UID50340	1	1	0	0
1	1	UID50343	1	1	0	0
1	1	UID50344	1	1	0	0
1	1	UID50345	1	1	0	0
1	1	UID50346	1	1	0	0
1	1	UID50347	1	1	0	0
1	1	UID50348	1	1	0	0
1	1	UID50349	1	1	0	0
1	1	UID50350	1	1	0	0
1	1	UID50351	1	1	0	0
1	1	UID50353	1	1	0	0
1	1	UID50355	1	1	0	0
1	1	UID50356	1	1	0	0
1	1	UID50357	1	1	0	0
1	1	UID50358	1	1	0	0
1	1	UID50360	1	1	0	0
1	1	UID50361	1	1	0	0
1	1	UID50362	1	1	0	0
1	1	UID50364	1	1	0	0
1	1	UID50370	1	1	0	0
1	1	UID50383	1	1	0	0
1	1	UID50384	1	1	0	0
1	1	UID50387	1	1	0	0
1	1	UID50388	1	1	0	0
1	1	UID50389	1	1	0	0
1	1	UID50390	1	1	0	0
1	1	UID50391	1	1	0	0
1	1	UID50393	1	1	0	0
1	1	UID50397	1	1	0	0
1	1	UID50399	1	1	0	0
1	1	UID50400	1	1	0	0
1	1	UID50402	1	1	0	0
1	1	UID50404	1	1	0	0
1	1	UID50406	1	1	0	0
1	1	UID50408	1	1	0	0
1	1	UID50409	1	1	0	0
1	1	UID50411	1	1	0	0
1	1	UID50412	1	1	0	0
1	1	UID50413	1	1	0	0
1	1	UID50414	1	1	0	0
1	1	UID50415	1	1	0	0
1	1	UID50416	1	1	0	0
1	1	UID50418	1	1	0	0
1	1	UID50419	1	1	0	0
1	1	UID50420	1	1	0	0
1	1	UID50421	1	1	0	0
1	1	UID50427	1	1	0	0
1	1	UID50428	1	1	0	0
1	1	UID50430	1	1	0	0
1	1	UID50431	1	1	0	0
1	1	UID50432	1	1	0	0
1	1	UID50435	1	1	0	0
1	1	UID50439	1	1	0	0
1	1	UID50440	1	1	0	0
1	1	UID50441	1	1	0	0
1	1	UID50442	1	1	0	0
1	1	UID50446	1	1	0	0
1	1	UID50447	1	1	0	0
1	1	UID50448	1	1	0	0
1	1	UID50449	1	1	0	0
1	1	UID50450	1	1	0	0
1	1	UID50458	1	1	0	0
1	1	UID50460	1	1	0	0
1	1	UID50463	1	1	0	0
1	1	UID50464	1	1	0	0
1	1	UID50466	1	1	0	0
1	1	UID50468	1	1	0	0
1	1	UID50469	1	1	0	0
1	1	UID50472	1	1	0	0
1	1	UID50473	1	1	0	0
1	1	UID50474	1	1	0	0
1	1	UID50476	1	1	0	0
1	1	UID50477	1	1	0	0
1	1	UID50478	1	1	0	0
1	1	UID50479	1	1	0	0
1	1	UID50480	1	1	0	0
1	1	UID50481	1	1	0	0
1	1	UID50483	1	1	0	0
1	1	UID50495	1	1	0	0
1	1	UID50496	1	1	0	0
1	1	UID50498	1	1	0	0
1	1	UID50499	1	1	0	0
1	1	UID50500	1	1	0	0
1	1	UID50501	1	1	0	0
1	1	UID50504	1	1	0	0
1	1	UID50505	1	1	0	0
1	1	UID50507	1	1	0	0
1	1	UID50508	1	1	0	0
1	1	UID50509	1	1	0	0
1	1	UID50510	1	1	0	0
1	1	UID50519	1	1	0	0
1	1	UID50520	1	1	0	0
1	1	UID50521	1	1	0	0
1	1	UID50522	1	1	0	0
1	1	UID50523	1	1	0	0
1	1	UID50524	1	1	0	0
1	1	UID50525	1	1	0	0
1	1	UID50530	1	1	0	0
1	1	UID50534	1	1	0	0
1	1	UID50535	1	1	0	0
1	1	UID50536	1	1	0	0
1	1	UID50543	1	1	0	0
1	1	UID50552	1	1	0	0
1	1	UID50553	1	1	0	0
1	1	UID50554	1	1	0	0
1	1	UID50556	1	1	0	0
1	1	UID50558	1	1	0	0
2	2	UID50559	1	2	1	1
1	1	UID50562	1	1	0	0
1	1	UID50564	1	1	0	0
1	1	UID50565	1	1	0	0
1	1	UID50567	1	1	0	0
1	1	UID50568	1	1	0	0
1	1	UID50569	1	1	0	0
1	1	UID50570	1	1	0	0
1	1	UID50573	1	1	0	0
1	1	UID50574	1	1	0	0
1	1	UID50575	1	1	0	0
1	1	UID50576	1	1	0	0
1	1	UID50578	1	1	0	0
1	1	UID50579	1	1	0	0
1	1	UID50580	1	1	0	0
1	1	UID50581	1	1	0	0
1	1	UID50582	1	1	0	0
1	1	UID50584	1	1	0	0
1	1	UID50585	1	1	0	0
1	1	UID50587	1	1	0	0
1	1	UID50588	1	1	0	0
1	1	UID50590	1	1	0	0
1	1	UID50591	1	1	0	0
1	1	UID50592	1	1	0	0
1	1	UID50593	1	1	0	0
1	1	UID50594	1	1	0	0
1	1	UID50596	1	1	0	0
1	1	UID50599	1	1	0	0
1	1	UID50600	1	1	0	0
1	1	UID50602	1	1	0	0
1	1	UID50608	1	1	0	0
1	1	UID50610	1	1	0	0
1	1	UID50612	1	1	0	0
1	1	UID50613	1	1	0	0
1	1	UID50614	1	1	0	0
1	1	UID50615	1	1	0	0
1	1	UID50616	1	1	0	0
1	1	UID50622	1	1	0	0
1	1	UID50624	1	1	0	0
1	1	UID50627	1	1	0	0
1	1	UID50629	1	1	0	0
1	1	UID50630	1	1	0	0
1	1	UID50631	1	1	0	0
1	1	UID50632	1	1	0	0
1	1	UID50633	1	1	0	0
1	1	UID50637	1	1	0	0
1	1	UID50638	1	1	0	0
1	1	UID50646	1	1	0	0
1	1	UID50659	1	1	0	0
1	1	UID50661	1	1	0	0
1	1	UID50663	1	1	0	0
1	1	UID50664	1	1	0	0
1	1	UID50665	1	1	0	0
1	1	UID50666	1	1	0	0
1	1	UID50668	1	1	0	0
1	1	UID50669	1	1	0	0
1	1	UID50671	1	1	0	0
1	1	UID50672	1	1	0	0
1	1	UID50674	1	1	0	0
1	1	UID50682	1	1	0	0
1	1	UID50683	1	1	0	0
1	1	UID50684	1	1	0	0
1	1	UID50685	1	1	0	0
1	1	UID50689	1	1	0	0
1	1	UID50690	1	1	0	0
1	1	UID50694	1	1	0	0
1	1	UID50695	1	1	0	0
1	1	UID50696	1	1	0	0
1	1	UID50697	1	1	0	0
1	1	UID50698	1	1	0	0
1	1	UID50699	1	1	0	0
1	1	UID50700	1	1	0	0
1	1	UID50701	1	1	0	0
1	1	UID50709	1	1	0	0
1	1	UID50713	1	1	0	0
1	1	UID50714	1	1	0	0
1	1	UID50719	1	1	0	0
1	1	UID50724	1	1	0	0
1	1	UID50725	1	1	0	0
1	1	UID50729	1	1	0	0
1	1	UID50733	1	1	0	0
1	1	UID50734	1	1	0	0
1	1	UID50736	1	1	0	0
1	1	UID50739	1	1	0	0
1	1	UID50749	1	1	0	0
1	1	UID50752	1	1	0	0
1	1	UID50753	1	1	0	0
1	1	UID50754	1	1	0	0
1	1	UID50757	1	1	0	0
1	1	UID50758	1	1	0	0
1	1	UID50759	1	1	0	0
1	1	UID50762	1	1	0	0
1	1	UID50763	1	1	0	0
1	1	UID50764	1	1	0	0
1	1	UID50766	1	1	0	0
1	1	UID50767	1	1	0	0
1	1	UID50769	1	1	0	0
1	1	UID50775	1	1	0	0
1	1	UID50776	1	1	0	0
1	1	UID50788	1	1	0	0
1	1	UID50790	1	1	0	0
1	1	UID50791	1	1	0	0
1	1	UID50793	1	1	0	0
1	1	UID50798	1	1	0	0
1	1	UID50800	1	1	0	0
1	1	UID50801	1	1	0	0
1	1	UID50805	1	1	0	0
1	1	UID50806	1	1	0	0
1	1	UID50807	1	1	0	0
1	1	UID50811	1	1	0	0
1	1	UID50813	1	1	0	0
1	1	UID50816	1	1	0	0
1	1	UID50821	1	1	0	0
1	1	UID50822	1	1	0	0
1	1	UID50832	1	1	0	0
1	1	UID50833	1	1	0	0
1	1	UID50842	1	1	0	0
1	1	UID50843	1	1	0	0
1	1	UID50844	1	1	0	0
1	1	UID50847	1	1	0	0
1	1	UID50849	1	1	0	0
1	1	UID50851	1	1	0	0
1	1	UID50852	1	1	0	0
1	1	UID50853	1	1	0	0
1	1	UID50854	1	1	0	0
1	1	UID50855	1	1	0	0
1	1	UID50856	1	1	0	0
1	1	UID50857	1	1	0	0
1	1	UID50858	1	1	0	0
1	1	UID50861	1	1	0	0
1	1	UID50862	1	1	0	0
1	1	UID50863	1	1	0	0
1	1	UID50864	1	1	0	0
1	1	UID50865	1	1	0	0
1	1	UID50867	1	1	0	0
1	1	UID50871	1	1	0	0
1	1	UID50873	1	1	0	0
1	1	UID50875	1	1	0	0
1	1	UID50877	1	1	0	0
1	1	UID50880	1	1	0	0
1	1	UID50881	1	1	0	0
1	1	UID50887	1	1	0	0
1	1	UID50903	1	1	0	0
1	1	UID50906	1	1	0	0
1	1	UID50909	1	1	0	0
1	1	UID50910	1	1	0	0
1	1	UID50911	1	1	0	0
1	1	UID50914	1	1	0	0
1	1	UID50915	1	1	0	0
1	1	UID50916	1	1	0	0
1	1	UID50917	1	1	0	0
1	1	UID50918	1	1	0	0
1	1	UID50919	1	1	0	0
1	1	UID50922	1	1	0	0
1	1	UID50925	1	1	0	0
1	1	UID50932	1	1	0	0
1	1	UID50936	1	1	0	0
1	1	UID50942	1	1	0	0
1	1	UID50943	1	1	0	0
1	1	UID50944	1	1	0	0
1	1	UID50946	1	1	0	0
1	1	UID50947	1	1	0	0
1	1	UID50953	1	1	0	0
1	1	UID50954	1	1	0	0
1	1	UID50957	1	1	0	0
1	1	UID50958	1	1	0	0
1	1	UID50969	1	1	0	0
1	1	UID50979	1	1	0	0
1	1	UID50983	1	1	0	0
1	1	UID50984	1	1	0	0
1	1	UID50985	1	1	0	0
1	1	UID50987	1	1	0	0
1	1	UID50990	1	1	0	0
1	1	UID50992	1	1	0	0
1	1	UID50994	1	1	0	0
1	1	UID50995	1	1	0	0
1	1	UID50996	1	1	0	0
1	1	UID50997	1	1	0	0
1	1	UID50998	1	1	0	0
1	1	UID50999	1	1	0	0
1	1	UID51000	1	1	0	0
1	1	UID51002	1	1	0	0
1	1	UID51003	1	1	0	0
1	1	UID51004	1	1	0	0
1	1	UID51006	1	1	0	0
1	1	UID51021	1	1	0	0
1	1	UID51028	1	1	0	0
1	1	UID51029	1	1	0	0
1	1	UID51030	1	1	0	0
1	1	UID51045	1	1	0	0
1	1	UID51048	1	1	0	0
1	1	UID51049	1	1	0	0
1	1	UID51052	1	1	0	0
1	1	UID51053	1	1	0	0
1	1	UID51059	1	1	0	0
1	1	UID51060	1	1	0	0
1	1	UID51061	1	1	0	0
1	1	UID51062	1	1	0	0
1	1	UID51069	1	1	0	0
1	1	UID51087	1	1	0	0
1	1	UID51089	1	1	0	0
1	1	UID51092	1	1	0	0
1	1	UID51096	1	1	0	0
1	1	UID51097	1	1	0	0
1	1	UID51098	1	1	0	0
1	1	UID51102	1	1	0	0
1	1	UID51105	1	1	0	0
1	1	UID51112	1	1	0	0
1	1	UID51114	1	1	0	0
1	1	UID51115	1	1	0	0
1	1	UID51116	1	1	0	0
1	1	UID51118	1	1	0	0
1	1	UID51121	1	1	0	0
1	1	UID51122	1	1	0	0
1	1	UID51123	1	1	0	0
1	1	UID51128	1	1	0	0
1	1	UID51136	1	1	0	0
1	1	UID51176	1	1	0	0
1	1	UID51180	1	1	0	0
1	1	UID51184	1	1	0	0
1	1	UID51190	1	1	0	0
1	1	UID51191	1	1	0	0
1	1	UID51192	1	1	0	0
1	1	UID51195	1	1	0	0
1	1	UID51196	1	1	0	0
1	1	UID51197	1	1	0	0
1	1	UID51198	1	1	0	0
1	1	UID51199	1	1	0	0
1	1	UID51205	1	1	0	0
1	1	UID51206	1	1	0	0
1	1	UID51207	1	1	0	0
1	1	UID51209	1	1	0	0
1	1	UID51211	1	1	0	0
1	1	UID51213	1	1	0	0
1	1	UID51214	1	1	0	0
1	1	UID51216	1	1	0	0
1	1	UID51220	1	1	0	0
1	1	UID51221	1	1	0	0
1	1	UID51222	1	1	0	0
1	1	UID51227	1	1	0	0
1	1	UID51242	1	1	0	0
1	1	UID51250	1	1	0	0
1	1	UID51252	1	1	0	0
1	1	UID51253	1	1	0	0
1	1	UID51254	1	1	0	0
1	1	UID51256	1	1	0	0
1	1	UID51260	1	1	0	0
1	1	UID51278	1	1	0	0
1	1	UID51279	1	1	0	0
1	1	UID51281	1	1	0	0
1	1	UID51284	1	1	0	0
1	1	UID51290	1	1	0	0
1	1	UID51293	1	1	0	0
1	1	UID51299	1	1	0	0
1	1	UID51320	1	1	0	0
1	1	UID51321	1	1	0	0
1	1	UID51323	1	1	0	0
1	1	UID51331	1	1	0	0
1	1	UID51335	1	1	0	0
1	1	UID51337	1	1	0	0
1	1	UID51342	1	1	0	0
1	1	UID51345	1	1	0	0
1	1	UID51354	1	1	0	0
1	1	UID51357	1	1	0	0
1	1	UID51364	1	1	0	0
1	1	UID51368	1	1	0	0
1	1	UID51372	1	1	0	0
1	1	UID51375	1	1	0	0
1	1	UID51385	1	1	0	0
1	1	UID51393	1	1	0	0
1	1	UID51398	1	1	0	0
1	1	UID51400	1	1	0	0
1	1	UID51409	1	1	0	0
1	1	UID51414	1	1	0	0
1	1	UID51416	1	1	0	0
1	1	UID51417	1	1	0	0
1	1	UID51419	1	1	0	0
1	1	UID51428	1	1	0	0
1	1	UID51431	1	1	0	0
1	1	UID51432	1	1	0	0
1	1	UID51434	1	1	0	0
1	1	UID51436	1	1	0	0
1	1	UID51438	1	1	0	0
1	1	UID51440	1	1	0	0
1	1	UID51442	1	1	0	0
1	1	UID51444	1	1	0	0
1	1	UID51445	1	1	0	0
1	1	UID51447	1	1	0	0
1	1	UID51448	1	1	0	0
1	1	UID51449	1	1	0	0
1	1	UID51459	1	1	0	0
1	1	UID51460	1	1	0	0
1	1	UID51467	1	1	0	0
1	1	UID51472	1	1	0	0
1	1	UID51474	1	1	0	0
1	1	UID51477	1	1	0	0
1	1	UID51485	1	1	0	0
1	1	UID51488	1	1	0	0
1	1	UID51489	1	1	0	0
1	1	UID51492	1	1	0	0
1	1	UID51493	1	1	0	0
1	1	UID51500	1	1	0	0
1	1	UID51501	1	1	0	0
1	1	UID51504	1	1	0	0
1	1	UID51506	1	1	0	0
1	1	UID51512	1	1	0	0
1	1	UID51513	1	1	0	0
1	1	UID51515	1	1	0	0
1	1	UID51520	1	1	0	0
1	1	UID51526	1	1	0	0
1	1	UID51541	1	1	0	0
1	1	UID51544	1	1	0	0
1	1	UID51548	1	1	0	0
1	1	UID51551	1	1	0	0
1	1	UID51554	1	1	0	0
1	1	UID51555	1	1	0	0
1	1	UID51562	1	1	0	0
1	1	UID51563	1	1	0	0
1	1	UID51564	1	1	0	0
1	1	UID51567	1	1	0	0
1	1	UID51572	1	1	0	0
1	1	UID51581	1	1	0	0
1	1	UID51583	1	1	0	0
1	1	UID51607	1	1	0	0
1	1	UID51611	1	1	0	0
1	1	UID51613	1	1	0	0
1	1	UID51619	1	1	0	0
1	1	UID51620	1	1	0	0
1	1	UID51621	1	1	0	0
1	1	UID51623	1	1	0	0
1	1	UID51624	1	1	0	0
1	1	UID51626	1	1	0	0
1	1	UID51630	1	1	0	0
1	1	UID51641	1	1	0	0
1	1	UID51642	1	1	0	0
1	1	UID51643	1	1	0	0
1	1	UID51651	1	1	0	0
1	1	UID51653	1	1	0	0
1	1	UID51654	1	1	0	0
1	1	UID51655	1	1	0	0
1	1	UID51656	1	1	0	0
1	1	UID51657	1	1	0	0
1	1	UID51658	1	1	0	0
1	1	UID51662	1	1	0	0
1	1	UID51663	1	1	0	0
1	1	UID51665	1	1	0	0
1	1	UID51666	1	1	0	0
1	1	UID51668	1	1	0	0
1	1	UID51671	1	1	0	0
1	1	UID51685	1	1	0	0
1	1	UID51686	1	1	0	0
1	1	UID51687	1	1	0	0
1	1	UID51688	1	1	0	0
1	1	UID51690	1	1	0	0
1	1	UID51691	1	1	0	0
1	1	UID51692	1	1	0	0
1	1	UID51693	1	1	0	0
1	1	UID51694	1	1	0	0
1	1	UID51695	1	1	0	0
1	1	UID51696	1	1	0	0
1	1	UID51697	1	1	0	0
1	1	UID51698	1	1	0	0
1	1	UID51701	1	1	0	0
1	1	UID51702	1	1	0	0
1	1	UID51703	1	1	0	0
1	1	UID51708	1	1	0	0
1	1	UID51711	1	1	0	0
1	1	UID51726	1	1	0	0
1	1	UID51727	1	1	0	0
1	1	UID51732	1	1	0	0
1	1	UID51737	1	1	0	0
1	1	UID51738	1	1	0	0
1	1	UID51740	1	1	0	0
1	1	UID51744	1	1	0	0
1	1	UID51766	1	1	0	0
1	1	UID51768	1	1	0	0
1	1	UID51769	1	1	0	0
1	1	UID51770	1	1	0	0
1	1	UID51771	1	1	0	0
1	1	UID51779	1	1	0	0
1	1	UID51786	1	1	0	0
1	1	UID51787	1	1	0	0
1	1	UID51788	1	1	0	0
1	1	UID51789	1	1	0	0
1	1	UID51790	1	1	0	0
1	1	UID51791	1	1	0	0
1	1	UID51793	1	1	0	0
1	1	UID51800	1	1	0	0
1	1	UID51811	1	1	0	0
1	1	UID51815	1	1	0	0
1	1	UID51818	1	1	0	0
1	1	UID51821	1	1	0	0
1	1	UID51824	1	1	0	0
1	1	UID51825	1	1	0	0
1	1	UID51826	1	1	0	0
1	1	UID51829	1	1	0	0
1	1	UID51830	1	1	0	0
1	1	UID51834	1	1	0	0
1	1	UID51858	1	1	0	0
1	1	UID51863	1	1	0	0
1	1	UID51864	1	1	0	0
1	1	UID51865	1	1	0	0
1	1	UID51866	1	1	0	0
1	1	UID51867	1	1	0	0
1	1	UID51868	1	1	0	0
1	1	UID51870	1	1	0	0
1	1	UID51871	1	1	0	0
1	1	UID51880	1	1	0	0
1	1	UID51885	1	1	0	0
1	1	UID51888	1	1	0	0
1	1	UID51890	1	1	0	0
1	1	UID51891	1	1	0	0
1	1	UID51896	1	1	0	0
1	1	UID51897	1	1	0	0
1	1	UID51900	1	1	0	0
1	1	UID51904	1	1	0	0
1	1	UID51910	1	1	0	0
1	1	UID51915	1	1	0	0
1	1	UID51919	1	1	0	0
1	1	UID51920	1	1	0	0
1	1	UID51922	1	1	0	0
1	1	UID51923	1	1	0	0
1	1	UID51927	1	1	0	0
1	1	UID51928	1	1	0	0
1	1	UID51930	1	1	0	0
1	1	UID51931	1	1	0	0
1	1	UID51939	1	1	0	0
1	1	UID51968	1	1	0	0
1	1	UID51970	1	1	0	0
1	1	UID51972	1	1	0	0
1	1	UID51973	1	1	0	0
1	1	UID51979	1	1	0	0
1	1	UID51982	1	1	0	0
1	1	UID51986	1	1	0	0
1	1	UID51991	1	1	0	0
1	1	UID51997	1	1	0	0
1	1	UID51998	1	1	0	0
1	1	UID52001	1	1	0	0
1	1	UID52003	1	1	0	0
1	1	UID52004	1	1	0	0
1	1	UID52005	1	1	0	0
1	1	UID52006	1	1	0	0
1	1	UID52007	1	1	0	0
1	1	UID52013	1	1	0	0
1	1	UID52015	1	1	0	0
1	1	UID52018	1	1	0	0
1	1	UID52020	1	1	0	0
1	1	UID52021	1	1	0	0
1	1	UID52022	1	1	0	0
1	1	UID52024	1	1	0	0
1	1	UID52039	1	1	0	0
1	1	UID52040	1	1	0	0
1	1	UID52042	1	1	0	0
1	1	UID52045	1	1	0	0
1	1	UID52046	1	1	0	0
1	1	UID52047	1	1	0	0
1	1	UID52052	1	1	0	0
1	1	UID52058	1	1	0	0
1	1	UID52074	1	1	0	0
1	1	UID52080	1	1	0	0
1	1	UID52082	1	1	0	0
1	1	UID52087	1	1	0	0
1	1	UID52090	1	1	0	0
1	1	UID52092	1	1	0	0
1	1	UID52094	1	1	0	0
1	1	UID52095	1	1	0	0
1	1	UID52118	1	1	0	0
1	1	UID52123	1	1	0	0
1	1	UID52126	1	1	0	0
1	1	UID52131	1	1	0	0
1	1	UID52135	1	1	0	0
1	1	UID52137	1	1	0	0
1	1	UID52138	1	1	0	0
1	1	UID52139	1	1	0	0
1	1	UID52140	1	1	0	0
1	1	UID52141	1	1	0	0
1	1	UID52144	1	1	0	0
1	1	UID52145	1	1	0	0
1	1	UID52149	1	1	0	0
1	1	UID52150	1	1	0	0
1	1	UID52155	1	1	0	0
1	1	UID52170	1	1	0	0
1	1	UID52171	1	1	0	0
1	1	UID52175	1	1	0	0
1	1	UID52176	1	1	0	0
1	1	UID52177	1	1	0	0
1	1	UID52178	1	1	0	0
1	1	UID52180	1	1	0	0
1	1	UID52184	1	1	0	0
1	1	UID52185	1	1	0	0
1	1	UID52187	1	1	0	0
1	1	UID52188	1	1	0	0
1	1	UID52197	1	1	0	0
1	1	UID52198	1	1	0	0
1	1	UID52203	1	1	0	0
1	1	UID52209	1	1	0	0
1	1	UID52210	1	1	0	0
1	1	UID52211	1	1	0	0
1	1	UID52212	1	1	0	0
1	1	UID52216	1	1	0	0
1	1	UID52220	1	1	0	0
1	1	UID52221	1	1	0	0
1	1	UID52238	1	1	0	0
1	1	UID52240	1	1	0	0
1	1	UID52241	1	1	0	0
1	1	UID52251	1	1	0	0
1	1	UID52260	1	1	0	0
1	1	UID52271	1	1	0	0
1	1	UID52272	1	1	0	0
1	1	UID52273	1	1	0	0
1	1	UID52275	1	1	0	0
1	1	UID52276	1	1	0	0
1	1	UID52278	1	1	0	0
1	1	UID52281	1	1	0	0
1	1	UID52283	1	1	0	0
1	1	UID52285	1	1	0	0
1	1	UID52287	1	1	0	0
1	1	UID52289	1	1	0	0
1	1	UID52290	1	1	0	0
1	1	UID52297	1	1	0	0
1	1	UID52298	1	1	0	0
1	1	UID52302	1	1	0	0
1	1	UID52305	1	1	0	0
1	1	UID52306	1	1	0	0
1	1	UID52309	1	1	0	0
1	1	UID52310	1	1	0	0
1	1	UID52312	1	1	0	0
1	1	UID52336	1	1	0	0
1	1	UID52339	1	1	0	0
1	1	UID52342	1	1	0	0
1	1	UID52343	1	1	0	0
1	1	UID52344	1	1	0	0
1	1	UID52345	1	1	0	0
1	1	UID52349	1	1	0	0
1	1	UID52350	1	1	0	0
1	1	UID52352	1	1	0	0
1	1	UID52354	1	1	0	0
1	1	UID52355	1	1	0	0
1	1	UID52358	1	1	0	0
1	1	UID52359	1	1	0	0
1	1	UID52363	1	1	0	0
1	1	UID52366	1	1	0	0
1	1	UID52370	1	1	0	0
1	1	UID52372	1	1	0	0
1	1	UID52374	1	1	0	0
1	1	UID52389	1	1	0	0
1	1	UID52391	1	1	0	0
1	1	UID52392	1	1	0	0
1	1	UID52393	1	1	0	0
1	1	UID52395	1	1	0	0
1	1	UID52397	1	1	0	0
1	1	UID52399	1	1	0	0
1	1	UID52400	1	1	0	0
1	1	UID52402	1	1	0	0
1	1	UID52405	1	1	0	0
1	1	UID52408	1	1	0	0
1	1	UID52409	1	1	0	0
1	1	UID52410	1	1	0	0
1	1	UID52412	1	1	0	0
1	1	UID52413	1	1	0	0
1	1	UID52414	1	1	0	0
1	1	UID52416	1	1	0	0
1	1	UID52417	1	1	0	0
1	1	UID52419	1	1	0	0
1	1	UID52420	1	1	0	0
1	1	UID52421	1	1	0	0
1	1	UID52428	1	1	0	0
1	1	UID52437	1	1	0	0
1	1	UID52442	1	1	0	0
1	1	UID52457	1	1	0	0
1	1	UID52461	1	1	0	0
1	1	UID52464	1	1	0	0
1	1	UID52466	1	1	0	0
1	1	UID52467	1	1	0	0
1	1	UID52469	1	1	0	0
1	1	UID52471	1	1	0	0
1	1	UID52482	1	1	0	0
1	1	UID52484	1	1	0	0
1	1	UID52485	1	1	0	0
1	1	UID52501	1	1	0	0
1	1	UID52504	1	1	0	0
1	1	UID52505	1	1	0	0
1	1	UID52507	1	1	0	0
1	1	UID52514	1	1	0	0
1	1	UID52532	1	1	0	0
1	1	UID52533	1	1	0	0
1	1	UID52535	1	1	0	0
1	1	UID52540	1	1	0	0
1	1	UID52551	1	1	0	0
1	1	UID52562	1	1	0	0
1	1	UID52579	1	1	0	0
1	1	UID52583	1	1	0	0
1	1	UID52584	1	1	0	0
1	1	UID52587	1	1	0	0
1	1	UID52590	1	1	0	0
1	1	UID52591	1	1	0	0
1	1	UID52592	1	1	0	0
1	1	UID52593	1	1	0	0
1	1	UID52594	1	1	0	0
1	1	UID52595	1	1	0	0
1	1	UID52597	1	1	0	0
1	1	UID52599	1	1	0	0
1	1	UID52600	1	1	0	0
1	1	UID52613	1	1	0	0
1	1	UID52616	1	1	0	0
1	1	UID52624	1	1	0	0
1	1	UID52627	1	1	0	0
1	1	UID52628	1	1	0	0
1	1	UID52640	1	1	0	0
1	1	UID52642	1	1	0	0
1	1	UID52645	1	1	0	0
1	1	UID52648	1	1	0	0
1	1	UID52652	1	1	0	0
1	1	UID52653	1	1	0	0
1	1	UID52654	1	1	0	0
1	1	UID52655	1	1	0	0
1	1	UID52657	1	1	0	0
1	1	UID52659	1	1	0	0
1	1	UID52660	1	1	0	0
1	1	UID52661	1	1	0	0
1	1	UID52662	1	1	0	0
1	1	UID52665	1	1	0	0
1	1	UID52674	1	1	0	0
1	1	UID52691	1	1	0	0
1	1	UID52698	1	1	0	0
1	1	UID52699	1	1	0	0
1	1	UID52700	1	1	0	0
1	1	UID52702	1	1	0	0
1	1	UID52705	1	1	0	0
1	1	UID52706	1	1	0	0
1	1	UID52708	1	1	0	0
1	1	UID52710	1	1	0	0
1	1	UID52711	1	1	0	0
1	1	UID52712	1	1	0	0
1	1	UID52714	1	1	0	0
1	1	UID52715	1	1	0	0
1	1	UID52716	1	1	0	0
1	1	UID52719	1	1	0	0
1	1	UID52721	1	1	0	0
1	1	UID52725	1	1	0	0
1	1	UID52727	1	1	0	0
1	1	UID52729	1	1	0	0
1	1	UID52736	1	1	0	0
1	1	UID52737	1	1	0	0
1	1	UID52754	1	1	0	0
1	1	UID52764	1	1	0	0
1	1	UID52765	1	1	0	0
1	1	UID52766	1	1	0	0
1	1	UID52767	1	1	0	0
1	1	UID52769	1	1	0	0
1	1	UID52786	1	1	0	0
1	1	UID52787	1	1	0	0
1	1	UID52788	1	1	0	0
1	1	UID52792	1	1	0	0
1	1	UID52804	1	1	0	0
1	1	UID52810	1	1	0	0
1	1	UID52820	1	1	0	0
1	1	UID52823	1	1	0	0
1	1	UID52825	1	1	0	0
1	1	UID52829	1	1	0	0
1	1	UID52831	1	1	0	0
1	1	UID52833	1	1	0	0
1	1	UID52844	1	1	0	0
1	1	UID52846	1	1	0	0
1	1	UID52849	1	1	0	0
1	1	UID52850	1	1	0	0
1	1	UID52852	1	1	0	0
1	1	UID52853	1	1	0	0
1	1	UID52857	1	1	0	0
1	1	UID52858	1	1	0	0
1	1	UID52859	1	1	0	0
1	1	UID52861	1	1	0	0
1	1	UID52862	1	1	0	0
1	1	UID52865	1	1	0	0
1	1	UID52866	1	1	0	0
1	1	UID52869	1	1	0	0
1	1	UID52870	1	1	0	0
1	1	UID52872	1	1	0	0
1	1	UID52893	1	1	0	0
1	1	UID52894	1	1	0	0
1	1	UID52895	1	1	0	0
1	1	UID52896	1	1	0	0
1	1	UID52902	1	1	0	0
1	1	UID52905	1	1	0	0
1	1	UID52907	1	1	0	0
1	1	UID52909	1	1	0	0
1	1	UID52910	1	1	0	0
2	2	UID52912	1	2	1	1
1	1	UID52913	1	1	0	0
1	1	UID52915	1	1	0	0
1	1	UID52916	1	1	0	0
1	1	UID52917	1	1	0	0
1	1	UID52918	1	1	0	0
1	1	UID52919	1	1	0	0
1	1	UID52920	1	1	0	0
1	1	UID52921	1	1	0	0
1	1	UID52924	1	1	0	0
1	1	UID52926	1	1	0	0
1	1	UID52927	1	1	0	0
1	1	UID52928	1	1	0	0
1	1	UID52929	1	1	0	0
1	1	UID52930	1	1	0	0
1	1	UID52931	1	1	0	0
1	1	UID52932	1	1	0	0
1	1	UID52933	1	1	0	0
1	1	UID52934	1	1	0	0
1	1	UID52935	1	1	0	0
1	1	UID52936	1	1	0	0
1	1	UID52937	1	1	0	0
1	1	UID52940	1	1	0	0
1	1	UID52941	1	1	0	0
1	1	UID52942	1	1	0	0
1	1	UID52943	1	1	0	0
1	1	UID52944	1	1	0	0
1	1	UID52945	1	1	0	0
1	1	UID52946	1	1	0	0
1	1	UID52948	1	1	0	0
1	1	UID52949	1	1	0	0
1	1	UID52950	1	1	0	0
1	1	UID52951	1	1	0	0
1	1	UID52954	1	1	0	0
1	1	UID52956	1	1	0	0
1	1	UID52958	1	1	0	0
1	1	UID52961	1	1	0	0
1	1	UID52965	1	1	0	0
1	1	UID52967	1	1	0	0
1	1	UID52968	1	1	0	0
1	1	UID52969	1	1	0	0
1	1	UID52970	1	1	0	0
1	1	UID52972	1	1	0	0
1	1	UID52973	1	1	0	0
1	1	UID52974	1	1	0	0
1	1	UID52975	1	1	0	0
1	1	UID52976	1	1	0	0
1	1	UID52977	1	1	0	0
1	1	UID52978	1	1	0	0
1	1	UID52980	1	1	0	0
1	1	UID52982	1	1	0	0
1	1	UID52983	1	1	0	0
1	1	UID52985	1	1	0	0
1	1	UID52988	1	1	0	0
1	1	UID52990	1	1	0	0
1	1	UID52991	1	1	0	0
1	1	UID52993	1	1	0	0
1	1	UID52994	1	1	0	0
1	1	UID52996	1	1	0	0
1	1	UID52997	1	1	0	0
1	1	UID52998	1	1	0	0
1	1	UID52999	1	1	0	0
1	1	UID53000	1	1	0	0
1	1	UID53003	1	1	0	0
1	1	UID53009	1	1	0	0
1	1	UID53014	1	1	0	0
1	1	UID53015	1	1	0	0
1	1	UID53016	1	1	0	0
1	1	UID53017	1	1	0	0
1	1	UID53022	1	1	0	0
1	1	UID53024	1	1	0	0
1	1	UID53025	1	1	0	0
1	1	UID53026	1	1	0	0
1	1	UID53028	1	1	0	0
1	1	UID53030	1	1	0	0
1	1	UID53031	1	1	0	0
1	1	UID53034	1	1	0	0
1	1	UID53036	1	1	0	0
1	1	UID53037	1	1	0	0
1	1	UID53038	1	1	0	0
1	1	UID53039	1	1	0	0
1	1	UID53040	1	1	0	0
1	1	UID53041	1	1	0	0
1	1	UID53042	1	1	0	0
1	1	UID53043	1	1	0	0
1	1	UID53049	1	1	0	0
1	1	UID53050	1	1	0	0
1	1	UID53052	1	1	0	0
1	1	UID53055	1	1	0	0
1	1	UID53058	1	1	0	0
1	1	UID53062	1	1	0	0
1	1	UID53065	1	1	0	0
1	1	UID53066	1	1	0	0
1	1	UID53069	1	1	0	0
1	1	UID53088	1	1	0	0
1	1	UID53091	1	1	0	0
1	1	UID53096	1	1	0	0
1	1	UID53104	1	1	0	0
1	1	UID53105	1	1	0	0
1	1	UID53116	1	1	0	0
1	1	UID53128	1	1	0	0
1	1	UID53129	1	1	0	0
1	1	UID53136	1	1	0	0
1	1	UID53137	1	1	0	0
1	1	UID53138	1	1	0	0
1	1	UID53140	1	1	0	0
1	1	UID53141	1	1	0	0
1	1	UID53142	1	1	0	0
1	1	UID53144	1	1	0	0
1	1	UID53145	1	1	0	0
1	1	UID53146	1	1	0	0
1	1	UID53149	1	1	0	0
1	1	UID53152	1	1	0	0
1	1	UID53153	1	1	0	0
1	1	UID53154	1	1	0	0
1	1	UID53155	1	1	0	0
1	1	UID53161	1	1	0	0
1	1	UID53163	1	1	0	0
1	1	UID53168	1	1	0	0
1	1	UID53191	1	1	0	0
1	1	UID53194	1	1	0	0
1	1	UID53196	1	1	0	0
1	1	UID53198	1	1	0	0
1	1	UID53200	1	1	0	0
1	1	UID53202	1	1	0	0
1	1	UID53204	1	1	0	0
1	1	UID53205	1	1	0	0
1	1	UID53206	1	1	0	0
1	1	UID53221	1	1	0	0
1	1	UID53224	1	1	0	0
1	1	UID53227	1	1	0	0
1	1	UID53228	1	1	0	0
1	1	UID53231	1	1	0	0
1	1	UID53239	1	1	0	0
1	1	UID53241	1	1	0	0
1	1	UID53242	1	1	0	0
1	1	UID53246	1	1	0	0
1	1	UID53249	1	1	0	0
1	1	UID53254	1	1	0	0
1	1	UID53258	1	1	0	0
1	1	UID53266	1	1	0	0
1	1	UID53267	1	1	0	0
1	1	UID53269	1	1	0	0
1	1	UID53270	1	1	0	0
1	1	UID53271	1	1	0	0
1	1	UID53272	1	1	0	0
1	1	UID53281	1	1	0	0
1	1	UID53282	1	1	0	0
1	1	UID53284	1	1	0	0
1	1	UID53285	1	1	0	0
1	1	UID53286	1	1	0	0
1	1	UID53287	1	1	0	0
1	1	UID53289	1	1	0	0
1	1	UID53290	1	1	0	0
1	1	UID53303	1	1	0	0
1	1	UID53313	1	1	0	0
1	1	UID53314	1	1	0	0
1	1	UID53315	1	1	0	0
1	1	UID53316	1	1	0	0
1	1	UID53317	1	1	0	0
1	1	UID53319	1	1	0	0
1	1	UID53322	1	1	0	0
1	1	UID53325	1	1	0	0
1	1	UID53329	1	1	0	0
1	1	UID53331	1	1	0	0
1	1	UID53333	1	1	0	0
1	1	UID53334	1	1	0	0
1	1	UID53339	1	1	0	0
1	1	UID53340	1	1	0	0
1	1	UID53345	1	1	0	0
1	1	UID53352	1	1	0	0
1	1	UID53356	1	1	0	0
1	1	UID53357	1	1	0	0
1	1	UID53360	1	1	0	0
1	1	UID53361	1	1	0	0
1	1	UID53363	1	1	0	0
1	1	UID53364	1	1	0	0
1	1	UID53365	1	1	0	0
1	1	UID53367	1	1	0	0
1	1	UID53368	1	1	0	0
1	1	UID53371	1	1	0	0
1	1	UID53378	1	1	0	0
1	1	UID53380	1	1	0	0
1	1	UID53382	1	1	0	0
1	1	UID53383	1	1	0	0
1	1	UID53385	1	1	0	0
1	1	UID53396	1	1	0	0
1	1	UID53404	1	1	0	0
1	1	UID53406	1	1	0	0
1	1	UID8059	1	1	0	0
1	1	UID8124	1	1	0	0
1	1	UID8576	1	1	0	0
1	1	UID8672	1	1	0	0
1	1	UID872	1	1	0	0
1	1	UID985	1	1	0	0
