3113	47460	UID53605	33467	2458	4	4
137	5496	UID53422	5280	92	2	2
172	521	UID68777	320	143	2	2
163	507	UID2	306	137	3	3
144	405	UID68822	242	125	2	2
128	349	UID68865	207	112	2	2
143	376	UID68830	202	113	2	2
149	359	UID68834	193	132	2	2
90	300	UID1	189	78	2	2
110	276	UID68856	153	96	2	2
124	282	UID68938	152	116	2	2
74	223	UID68860	145	68	2	2
113	268	UID68881	142	98	2	2
113	265	UID68819	140	99	2	2
87	227	UID68864	133	78	2	2
84	221	UID68832	132	77	2	2
91	229	UID68859	132	83	2	2
95	236	UID68937	132	84	2	2
105	258	UID68944	130	96	3	3
21	150	UID68831	128	18	1	1
80	214	UID68936	127	71	1	1
90	225	UID68932	125	78	2	2
77	209	UID68940	125	68	2	2
95	222	UID69233	125	91	2	2
93	220	UID69050	124	88	2	2
112	245	UID68847	122	100	2	2
76	206	UID68863	122	67	2	2
68	194	UID68931	121	61	2	2
80	201	UID68866	120	77	2	2
67	190	UID69119	120	62	2	2
67	190	UID69110	119	61	2	2
48	171	UID68849	118	42	2	2
83	204	UID69046	118	78	2	2
83	210	UID69053	118	72	2	2
79	206	UID69246	118	69	2	2
80	200	UID62165	117	75	2	2
88	211	UID68992	114	77	2	2
106	226	UID68876	112	97	3	3
74	190	UID68904	110	67	3	3
95	213	UID68975	110	86	2	2
74	190	UID69118	109	65	2	2
56	166	UID69109	108	52	1	1
90	200	UID28265	107	86	2	2
64	174	UID68857	106	58	2	2
64	177	UID69039	106	57	1	1
61	168	UID68875	104	56	3	3
56	161	UID68905	104	53	2	2
79	183	UID68861	103	76	2	2
68	178	UID68909	102	59	2	2
83	190	UID69047	101	75	2	2
75	179	UID69234	101	70	2	2
59	166	UID68846	100	51	2	2
73	177	UID70342	99	67	1	1
61	164	UID68848	98	54	2	2
55	155	UID62157	96	49	2	2
49	148	UID69415	96	44	2	2
51	147	UID68879	94	47	1	1
58	152	UID68987	94	56	2	2
70	165	UID62167	93	66	2	2
55	150	UID68989	93	51	2	2
54	149	UID69111	93	50	2	2
62	156	UID69124	93	59	2	2
46	139	UID68988	91	42	2	2
53	149	UID69052	91	46	1	1
72	168	UID69107	91	65	2	2
74	170	UID69123	91	67	2	2
42	134	UID69397	91	39	1	1
44	134	UID62183	88	40	2	2
74	166	UID68903	88	68	2	2
169	300	UID85531	87	150	3	3
41	127	UID69232	86	39	2	2
58	142	UID62177	85	57	2	2
45	130	UID69417	85	43	2	2
38	123	UID69681	85	36	1	1
52	135	UID69048	84	51	2	2
39	125	UID69125	84	35	2	2
45	127	UID68878	81	42	2	2
53	139	UID69121	81	47	2	2
42	124	UID69691	81	39	2	2
27	106	UID69680	78	24	1	1
47	126	UID69040	77	43	2	2
52	130	UID69236	77	49	2	2
53	132	UID69659	77	49	2	2
57	137	UID69664	77	52	2	2
46	123	UID69041	76	43	2	2
36	113	UID69104	76	33	2	2
46	123	UID69665	75	43	2	2
41	115	UID69250	74	39	2	2
39	113	UID69106	73	36	1	1
34	106	UID69049	72	32	2	2
40	109	UID69252	70	39	2	2
40	113	UID69414	69	34	1	1
35	105	UID70336	69	32	2	2
38	106	UID68985	68	36	1	1
37	108	UID69660	68	33	1	1
28	96	UID69696	67	25	1	1
46	115	UID69418	66	42	2	2
8	71	UID55713	64	7	0	0
52	119	UID69399	64	47	2	2
11	72	UID54200	62	10	0	0
33	95	UID68798	62	31	1	1
30	94	UID68991	62	27	2	2
36	99	UID69105	62	33	2	2
27	88	UID69402	62	26	2	2
25	86	UID70395	62	24	1	1
38	98	UID68986	60	36	2	2
25	84	UID69235	60	24	1	1
15	74	UID69253	60	14	1	1
30	89	UID69398	60	29	1	1
22	82	UID69676	60	20	1	1
44	106	UID69231	59	39	2	2
31	86	UID69678	56	30	2	2
30	85	UID69113	54	27	2	2
88	151	UID69136	54	80	2	2
32	88	UID69396	54	29	2	2
31	86	UID69400	53	27	1	1
21	73	UID69657	52	19	1	1
32	83	UID70372	52	31	2	2
27	81	UID78790	52	24	1	1
37	88	UID68930	51	35	2	2
26	77	UID69663	51	24	2	2
27	76	UID69661	50	26	1	1
17	65	UID102835	48	15	1	1
44	94	UID69108	48	40	2	2
11	56	UID62281	46	10	0	0
17	62	UID69667	46	16	1	1
27	72	UID69393	45	25	2	2
11	54	UID68756	44	10	1	1
32	76	UID69419	44	30	2	2
10	53	UID68753	43	8	1	1
13	55	UID69120	43	12	1	1
30	73	UID69247	43	28	2	2
20	63	UID69432	43	18	1	1
31	74	UID69662	42	28	1	1
20	61	UID70329	42	19	1	1
23	63	UID102836	40	21	1	1
9	48	UID68755	40	8	1	1
26	65	UID69251	40	25	1	1
22	61	UID70365	40	21	1	1
14	54	UID78877	40	12	1	1
19	59	UID79232	40	17	1	1
16	56	UID69248	39	13	1	1
24	63	UID70322	39	22	2	2
17	55	UID70379	39	16	2	2
17	55	UID70384	39	16	2	2
14	50	UID70324	37	13	1	1
10	45	UID102837	36	9	1	1
3	39	UID55804	36	1	0	0
4	39	UID68765	36	3	0	0
19	56	UID70332	36	16	2	2
32	66	UID11059	35	31	1	1
6	41	UID68752	35	4	1	1
15	49	UID69669	35	14	2	2
15	49	UID78742	35	14	1	1
20	54	UID79112	34	18	2	2
18	50	UID68977	33	17	1	1
13	45	UID69112	33	12	1	1
22	56	UID69677	33	19	2	2
17	49	UID70369	33	16	1	1
21	53	UID102839	32	19	1	1
10	41	UID102840	32	9	1	1
13	45	UID69237	32	11	2	2
19	50	UID69682	32	18	1	1
15	47	UID69687	32	13	1	1
15	47	UID78446	32	13	1	1
15	45	UID69684	31	14	1	1
15	44	UID102842	30	14	1	1
34	64	UID68858	30	32	2	2
16	46	UID69683	30	14	2	2
15	45	UID70340	30	13	1	1
15	44	UID78872	30	14	1	1
32	62	UID7	30	30	2	2
7	35	UID68761	29	6	1	1
14	42	UID68990	29	13	2	2
18	46	UID69401	29	17	1	1
19	47	UID78888	29	18	2	2
11	38	UID102843	28	10	1	1
19	47	UID102844	28	17	2	2
14	41	UID69655	28	13	1	1
18	46	UID69688	28	16	1	1
13	39	UID69416	27	12	1	1
12	38	UID69668	27	11	1	1
14	40	UID78762	27	13	1	1
12	36	UID102845	25	11	2	2
6	30	UID102846	25	5	1	1
17	41	UID102847	25	16	1	1
2	26	UID68780	25	1	0	0
18	42	UID69685	25	17	2	2
10	34	UID79495	25	9	1	1
21	44	UID69692	24	20	2	2
17	40	UID70389	24	16	1	1
12	35	UID70394	24	11	1	1
12	35	UID79108	24	11	2	2
8	30	UID102848	23	7	1	1
5	27	UID68760	23	4	0	0
15	36	UID102849	22	14	1	1
5	26	UID102850	22	4	1	1
3	24	UID54702	22	2	0	0
7	28	UID62282	22	6	1	1
10	31	UID70368	22	9	1	1
11	32	UID79339	22	10	1	1
7	27	UID102851	21	6	2	2
5	25	UID68768	21	4	1	1
11	32	UID78744	21	9	1	1
2	21	UID68757	20	1	0	0
6	26	UID68772	20	4	1	1
3	22	UID68788	20	2	0	0
10	30	UID69230	20	8	1	1
6	25	UID70334	20	5	2	2
18	38	UID70390	20	16	1	1
7	26	UID78854	20	6	1	1
5	24	UID62172	19	3	1	1
4	22	UID65642	19	3	1	1
21	40	UID70335	19	19	1	1
8	26	UID78889	19	7	1	1
6	23	UID102853	18	5	1	1
3	20	UID102854	18	2	1	1
2	19	UID55508	18	1	0	0
2	19	UID68779	18	1	1	1
10	27	UID69413	18	9	1	1
14	31	UID71766	18	13	2	2
4	20	UID102856	17	3	1	1
15	31	UID102858	17	14	1	1
4	20	UID68759	17	3	0	0
2	18	UID68795	17	1	0	0
7	22	UID62178	16	6	1	1
2	17	UID65398	16	1	1	1
4	19	UID66283	16	3	0	0
4	19	UID68771	16	3	1	1
10	26	UID78549	16	8	0	0
10	25	UID79192	16	9	1	1
8	23	UID79336	16	7	1	1
5	19	UID102861	15	4	1	1
6	20	UID102862	15	5	1	1
4	18	UID68767	15	3	0	0
2	16	UID68774	15	1	0	0
5	19	UID78646	15	4	1	1
3	16	UID102864	14	2	1	1
2	15	UID68764	14	1	0	0
3	16	UID68773	14	2	0	0
1	14	UID68786	14	0	0	0
2	15	UID68789	14	1	0	0
2	15	UID68800	14	1	0	0
8	21	UID78751	14	7	1	1
7	20	UID78764	14	6	1	1
6	19	UID79049	14	5	1	1
7	20	UID79278	14	6	1	1
5	17	UID102866	13	4	1	1
8	20	UID102867	13	7	1	1
11	23	UID102868	13	10	1	1
1	13	UID67317	13	0	0	0
3	15	UID68762	13	2	1	1
3	15	UID68811	13	2	0	0
7	20	UID69656	13	5	0	0
9	21	UID70319	13	8	1	1
7	19	UID70388	13	6	1	1
7	19	UID102870	12	5	1	1
2	13	UID59889	12	1	0	0
3	14	UID65716	12	2	1	1
2	13	UID68778	12	1	0	0
4	15	UID68785	12	3	1	1
1	12	UID68787	12	0	0	0
2	13	UID68797	12	1	1	1
9	20	UID70315	12	8	1	1
8	19	UID78426	12	7	1	1
6	17	UID78573	12	5	1	1
8	19	UID78575	12	7	1	1
4	15	UID79223	12	3	1	1
6	17	UID79350	12	5	1	1
6	16	UID102875	11	5	1	1
5	16	UID102876	11	3	1	1
2	12	UID102877	11	1	1	1
4	14	UID324	11	3	1	1
1	11	UID68791	11	0	0	0
9	19	UID70325	11	8	2	2
4	14	UID70364	11	3	1	1
6	15	UID102880	10	5	1	1
7	16	UID102885	10	6	1	1
7	16	UID102886	10	6	1	1
1	10	UID56090	10	0	0	0
2	11	UID68776	10	1	0	0
3	12	UID68781	10	2	1	1
4	13	UID68792	10	3	0	0
2	11	UID68807	10	1	0	0
7	16	UID70312	10	6	1	1
7	16	UID78880	10	6	1	1
5	14	UID79072	10	4	1	1
6	16	UID79466	10	4	1	1
4	12	UID102891	9	3	1	1
20	28	UID102896	9	19	1	1
5	13	UID102898	9	4	2	2
14	22	UID14585	9	13	1	1
1	9	UID56472	9	0	0	0
3	11	UID70377	9	2	0	0
4	12	UID70385	9	3	1	1
2	10	UID78670	9	1	1	1
5	13	UID78801	9	4	1	1
5	13	UID78868	9	4	1	1
3	11	UID79169	9	2	1	1
6	14	UID79209	9	5	1	1
6	14	UID79527	9	5	1	1
6	13	UID102900	8	5	1	1
3	10	UID102901	8	2	1	1
5	12	UID102902	8	4	1	1
4	11	UID102903	8	3	1	1
5	12	UID102904	8	4	1	1
4	11	UID102911	8	3	1	1
2	9	UID68793	8	1	0	0
10	17	UID68902	8	9	1	1
5	12	UID78879	8	4	1	1
7	14	UID79294	8	6	1	1
4	10	UID102918	7	3	1	1
6	12	UID102919	7	5	1	1
2	8	UID102920	7	1	0	0
6	12	UID102921	7	5	1	1
9	15	UID102923	7	8	1	1
3	9	UID102924	7	2	1	1
4	10	UID102930	7	3	1	1
5	11	UID102931	7	4	1	1
5	11	UID102932	7	4	1	1
2	8	UID102933	7	1	1	1
4	10	UID102934	7	3	1	1
5	11	UID68769	7	4	1	1
2	8	UID68799	7	1	1	1
1	7	UID68801	7	0	0	0
1	7	UID68810	7	0	0	0
2	8	UID68915	7	1	0	0
10	16	UID70337	7	9	1	1
2	8	UID70370	7	1	1	1
3	9	UID78425	7	2	1	1
6	12	UID78568	7	5	1	1
4	10	UID78651	7	3	1	1
2	8	UID78797	7	1	1	1
7	13	UID79045	7	6	1	1
2	8	UID79533	7	1	1	1
17	24	UID889	7	15	1	1
4	9	UID102942	6	3	1	1
7	12	UID102944	6	6	1	1
1	6	UID102945	6	0	0	0
3	8	UID102946	6	2	0	0
4	9	UID102947	6	3	1	1
2	7	UID102948	6	1	1	1
4	9	UID102949	6	3	1	1
7	12	UID102959	6	6	1	1
3	8	UID102960	6	2	1	1
7	12	UID102961	6	6	1	1
1	6	UID102962	6	0	0	0
3	8	UID102963	6	2	1	1
2	7	UID102964	6	1	0	0
6	11	UID102965	6	5	1	1
2	7	UID102966	6	1	1	1
1	6	UID102967	6	0	0	0
8	13	UID102968	6	7	1	1
1	6	UID102976	6	0	0	0
3	8	UID22	6	2	0	0
1	6	UID68803	6	0	0	0
1	6	UID68809	6	0	0	0
1	6	UID68823	6	0	0	0
1	6	UID68838	6	0	0	0
1	6	UID68852	6	0	0	0
1	6	UID68918	6	0	0	0
1	6	UID69441	6	0	0	0
2	7	UID69695	6	1	0	0
5	10	UID78586	6	4	1	1
6	11	UID79106	6	5	1	1
2	7	UID79500	6	1	1	1
11	16	UID9	6	10	1	1
1	5	UID102983	5	0	0	0
2	6	UID102988	5	1	0	0
1	5	UID102990	5	0	0	0
3	7	UID102991	5	2	1	1
4	8	UID102992	5	3	1	1
6	12	UID102993	5	4	1	1
4	8	UID103002	5	3	1	1
4	8	UID103004	5	3	1	1
2	6	UID103005	5	1	1	1
2	6	UID103006	5	1	1	1
4	8	UID103007	5	3	1	1
7	11	UID103008	5	6	1	1
4	8	UID103009	5	3	1	1
3	7	UID103010	5	2	1	1
2	6	UID103011	5	1	0	0
5	9	UID18	5	4	1	1
1	5	UID55151	5	0	0	0
2	6	UID68850	5	1	1	1
1	5	UID68851	5	0	0	0
4	8	UID70341	5	3	1	1
4	8	UID70367	5	3	1	1
2	6	UID70378	5	1	0	0
1	5	UID78709	5	0	0	0
2	6	UID78814	5	1	1	1
1	5	UID79163	5	0	0	0
4	8	UID79360	5	3	1	1
6	11	UID79425	5	4	0	0
3	7	UID79446	5	2	1	1
4	9	UID84440	5	2	1	1
3	6	UID103013	4	2	1	1
1	4	UID103019	4	0	0	0
2	5	UID103020	4	1	1	1
1	4	UID103021	4	0	0	0
4	7	UID103022	4	3	0	0
1	4	UID103023	4	0	0	0
6	9	UID103024	4	5	0	0
1	4	UID103025	4	0	0	0
4	7	UID103026	4	3	1	1
2	5	UID103029	4	1	1	1
1	4	UID103030	4	0	0	0
4	7	UID103032	4	3	1	1
3	6	UID103033	4	2	1	1
1	4	UID103034	4	0	0	0
2	5	UID103035	4	1	0	0
2	5	UID103056	4	1	0	0
5	8	UID103060	4	4	1	1
5	8	UID103061	4	4	1	1
5	8	UID103062	4	4	1	1
2	5	UID103063	4	1	1	1
1	4	UID103064	4	0	0	0
2	5	UID103065	4	1	1	1
8	11	UID103066	4	7	1	1
3	6	UID103067	4	2	1	1
1	4	UID103069	4	0	0	0
7	10	UID103070	4	6	1	1
2	5	UID103071	4	1	1	1
2	5	UID103072	4	1	0	0
1	4	UID103073	4	0	0	0
1	4	UID103079	4	0	0	0
7	10	UID158	4	6	1	1
8	11	UID21314	4	7	1	1
3	6	UID30128	4	2	1	1
2	5	UID312	4	1	1	1
3	6	UID6321	4	2	0	0
1	4	UID68815	4	0	0	0
1	4	UID68817	4	0	0	0
1	4	UID68840	4	0	0	0
1	4	UID68869	4	0	0	0
1	4	UID69004	4	0	0	0
1	4	UID69134	4	0	0	0
1	4	UID69140	4	0	0	0
2	5	UID69693	4	1	1	1
1	4	UID69792	4	0	0	0
1	4	UID70371	4	0	0	0
1	4	UID70553	4	0	0	0
3	7	UID72335	4	1	2	2
3	6	UID78404	4	2	1	1
2	5	UID78594	4	1	1	1
2	5	UID78815	4	1	1	1
2	5	UID79215	4	1	0	0
3	6	UID79224	4	2	1	1
1	3	UID103095	3	0	0	0
1	3	UID103100	3	0	0	0
2	4	UID103101	3	1	0	0
2	4	UID103102	3	1	1	1
2	4	UID103103	3	1	1	1
1	3	UID103104	3	0	0	0
2	4	UID103105	3	1	1	1
1	3	UID103106	3	0	0	0
1	3	UID103107	3	0	0	0
2	4	UID103108	3	1	1	1
2	4	UID103109	3	1	0	0
2	4	UID103110	3	1	1	1
3	5	UID103111	3	2	0	0
2	4	UID103112	3	1	1	1
1	3	UID103114	3	0	0	0
1	3	UID103118	3	0	0	0
1	3	UID103120	3	0	0	0
1	3	UID103122	3	0	0	0
2	4	UID103127	3	1	1	1
1	3	UID103128	3	0	0	0
3	5	UID103130	3	2	1	1
2	4	UID103132	3	1	1	1
1	3	UID103135	3	0	0	0
2	4	UID103137	3	1	1	1
1	3	UID103138	3	0	0	0
1	3	UID103139	3	0	0	0
2	4	UID103140	3	1	1	1
2	4	UID103143	3	1	1	1
2	4	UID103144	3	1	1	1
2	4	UID103145	3	1	1	1
1	3	UID103146	3	0	0	0
1	3	UID103148	3	0	0	0
3	5	UID103149	3	2	1	1
2	4	UID103169	3	1	0	0
1	3	UID103171	3	0	0	0
3	5	UID103172	3	2	1	1
2	4	UID103173	3	1	1	1
2	4	UID103174	3	1	1	1
1	3	UID103175	3	0	0	0
2	4	UID103176	3	1	0	0
2	4	UID103177	3	1	0	0
1	3	UID103178	3	0	0	0
3	5	UID103179	3	2	0	0
1	3	UID103181	3	0	0	0
1	3	UID103182	3	0	0	0
1	3	UID103183	3	0	0	0
2	4	UID103184	3	1	0	0
3	5	UID103185	3	2	1	1
4	6	UID103187	3	3	1	1
1	3	UID103188	3	0	0	0
1	3	UID103190	3	0	0	0
1	3	UID103191	3	0	0	0
1	3	UID103192	3	0	0	0
2	4	UID103193	3	1	1	1
1	3	UID103194	3	0	0	0
1	3	UID103195	3	0	0	0
2	4	UID103196	3	1	1	1
1	3	UID103198	3	0	0	0
2	4	UID103199	3	1	0	0
2	4	UID103200	3	1	0	0
2	4	UID103201	3	1	1	1
2	4	UID103202	3	1	1	1
3	5	UID103203	3	2	1	1
3	5	UID103204	3	2	1	1
7	9	UID103206	3	6	0	0
1	3	UID103208	3	0	0	0
1	3	UID103209	3	0	0	0
1	3	UID103210	3	0	0	0
1	3	UID103211	3	0	0	0
1	3	UID103223	3	0	0	0
1	3	UID16	3	0	0	0
3	5	UID319	3	2	0	0
1	3	UID32665	3	0	0	0
4	6	UID333	3	3	1	1
1	3	UID420	3	0	0	0
2	4	UID6203	3	1	1	1
1	3	UID68824	3	0	0	0
2	4	UID68867	3	1	0	0
2	4	UID68921	3	1	0	0
1	3	UID69063	3	0	0	0
1	3	UID69072	3	0	0	0
2	4	UID69129	3	1	0	0
3	5	UID70317	3	2	0	0
4	6	UID70326	3	3	1	1
1	3	UID71605	3	0	0	0
3	5	UID78481	3	2	0	0
2	4	UID78731	3	1	0	0
4	6	UID78769	3	3	0	0
1	3	UID78838	3	0	0	0
3	5	UID79032	3	2	1	1
3	5	UID79195	3	2	1	1
1	3	UID84545	3	0	0	0
5	6	UID103240	2	4	1	1
3	4	UID103262	2	2	1	1
1	2	UID103316	2	0	0	0
2	3	UID103322	2	1	1	1
1	2	UID103334	2	0	0	0
1	2	UID103351	2	0	0	0
2	3	UID103358	2	1	1	1
2	3	UID103359	2	1	1	1
4	5	UID103372	2	3	1	1
4	5	UID103381	2	3	1	1
4	5	UID103399	2	3	1	1
2	3	UID103404	2	1	1	1
1	2	UID103406	2	0	0	0
1	2	UID103414	2	0	0	0
2	3	UID103423	2	1	1	1
1	2	UID103425	2	0	0	0
2	3	UID103433	2	1	1	1
2	3	UID103445	2	1	1	1
3	4	UID103449	2	2	1	1
2	3	UID103456	2	1	1	1
2	3	UID103463	2	1	1	1
2	3	UID103466	2	1	1	1
3	4	UID103470	2	2	1	1
3	4	UID103476	2	2	1	1
2	3	UID103479	2	1	1	1
2	3	UID103481	2	1	1	1
2	3	UID103482	2	1	1	1
4	5	UID103492	2	3	1	1
2	3	UID103504	2	1	1	1
2	3	UID103518	2	1	1	1
4	5	UID103535	2	3	1	1
3	4	UID103552	2	2	1	1
2	3	UID103555	2	1	1	1
2	3	UID103556	2	1	1	1
4	5	UID103558	2	3	1	1
2	3	UID103563	2	1	1	1
5	6	UID103566	2	4	1	1
3	4	UID103658	2	2	1	1
2	3	UID103659	2	1	1	1
2	3	UID103665	2	1	1	1
1	2	UID103669	2	0	0	0
2	3	UID103676	2	1	1	1
3	4	UID103686	2	2	1	1
2	3	UID103696	2	1	1	1
3	4	UID103698	2	2	1	1
2	3	UID103700	2	1	1	1
2	3	UID103707	2	1	1	1
3	4	UID103729	2	2	1	1
3	4	UID103741	2	2	1	1
3	5	UID103750	2	1	1	1
2	3	UID103761	2	1	1	1
4	5	UID103792	2	3	1	1
2	3	UID103793	2	1	1	1
2	3	UID103795	2	1	1	1
2	3	UID103797	2	1	1	1
2	3	UID103799	2	1	1	1
3	4	UID103818	2	2	1	1
1	2	UID103820	2	0	0	0
3	4	UID103828	2	2	1	1
2	3	UID103830	2	1	1	1
5	6	UID103851	2	4	1	1
2	3	UID103859	2	1	1	1
2	3	UID103867	2	1	1	1
2	3	UID103882	2	1	1	1
2	3	UID103890	2	1	1	1
2	3	UID103916	2	1	1	1
2	3	UID103938	2	1	1	1
3	4	UID104006	2	2	1	1
2	3	UID1135	2	1	1	1
4	5	UID144	2	3	1	1
4	5	UID21315	2	3	1	1
2	3	UID434	2	1	1	1
1	2	UID53418	2	0	0	0
4	5	UID68802	2	3	1	1
1	2	UID69697	2	0	0	0
4	6	UID78526	2	2	1	1
5	6	UID78875	2	4	1	1
3	4	UID79028	2	2	1	1
3	4	UID79161	2	2	1	1
3	4	UID79450	2	2	1	1
2	3	UID79505	2	1	1	1
1	1	UID104062	1	1	0	0
1	1	UID104065	1	1	0	0
1	1	UID104066	1	1	0	0
1	1	UID104070	1	1	0	0
1	1	UID104077	1	1	0	0
1	1	UID104079	1	1	0	0
1	1	UID104080	1	1	0	0
1	1	UID104081	1	1	0	0
1	1	UID104082	1	1	0	0
1	1	UID104083	1	1	0	0
1	1	UID104089	1	1	0	0
1	1	UID104094	1	1	0	0
1	1	UID104109	1	1	0	0
1	1	UID104115	1	1	0	0
1	1	UID104123	1	1	0	0
1	1	UID104124	1	1	0	0
1	1	UID104129	1	1	0	0
1	1	UID104132	1	1	0	0
1	1	UID104136	1	1	0	0
1	1	UID104140	1	1	0	0
1	1	UID104142	1	1	0	0
1	1	UID104143	1	1	0	0
1	1	UID104144	1	1	0	0
1	1	UID104146	1	1	0	0
1	1	UID104147	1	1	0	0
1	1	UID104152	1	1	0	0
1	1	UID104156	1	1	0	0
1	1	UID104164	1	1	0	0
1	1	UID104165	1	1	0	0
1	1	UID104169	1	1	0	0
1	1	UID104180	1	1	0	0
1	1	UID104193	1	1	0	0
1	1	UID104194	1	1	0	0
1	1	UID104197	1	1	0	0
1	1	UID104198	1	1	0	0
1	1	UID104208	1	1	0	0
1	1	UID104214	1	1	0	0
1	1	UID104242	1	1	0	0
1	1	UID104244	1	1	0	0
1	1	UID104246	1	1	0	0
1	1	UID104250	1	1	0	0
2	2	UID104261	1	2	1	1
1	1	UID104267	1	1	0	0
1	1	UID104272	1	1	0	0
1	1	UID104278	1	1	0	0
1	1	UID104281	1	1	0	0
1	1	UID104283	1	1	0	0
1	1	UID104285	1	1	0	0
1	1	UID104291	1	1	0	0
1	1	UID104301	1	1	0	0
1	1	UID104304	1	1	0	0
1	1	UID104305	1	1	0	0
1	1	UID104313	1	1	0	0
1	1	UID104315	1	1	0	0
1	1	UID104316	1	1	0	0
1	1	UID104317	1	1	0	0
1	1	UID104318	1	1	0	0
1	1	UID104319	1	1	0	0
1	1	UID104320	1	1	0	0
1	1	UID104321	1	1	0	0
1	1	UID104322	1	1	0	0
1	1	UID104328	1	1	0	0
1	1	UID104329	1	1	0	0
1	1	UID104335	1	1	0	0
1	1	UID104337	1	1	0	0
1	1	UID104338	1	1	0	0
1	1	UID104341	1	1	0	0
1	1	UID104344	1	1	0	0
1	1	UID104349	1	1	0	0
1	1	UID104363	1	1	0	0
1	1	UID104382	1	1	0	0
1	1	UID104383	1	1	0	0
1	1	UID104389	1	1	0	0
1	1	UID104390	1	1	0	0
1	1	UID104394	1	1	0	0
1	1	UID104399	1	1	0	0
1	1	UID104404	1	1	0	0
1	1	UID104406	1	1	0	0
1	1	UID104422	1	1	0	0
1	1	UID104432	1	1	0	0
1	1	UID104468	1	1	0	0
1	1	UID104469	1	1	0	0
1	1	UID104477	1	1	0	0
1	1	UID104478	1	1	0	0
1	1	UID104487	1	1	0	0
1	1	UID104489	1	1	0	0
1	1	UID104498	1	1	0	0
1	1	UID104500	1	1	0	0
1	1	UID104502	1	1	0	0
1	1	UID104505	1	1	0	0
1	1	UID104513	1	1	0	0
1	1	UID104514	1	1	0	0
1	1	UID104517	1	1	0	0
1	1	UID104523	1	1	0	0
1	1	UID104539	1	1	0	0
1	1	UID104548	1	1	0	0
1	1	UID104551	1	1	0	0
1	1	UID104556	1	1	0	0
1	1	UID104558	1	1	0	0
1	1	UID104561	1	1	0	0
1	1	UID104568	1	1	0	0
1	1	UID104574	1	1	0	0
1	1	UID104606	1	1	0	0
1	1	UID104608	1	1	0	0
1	1	UID104611	1	1	0	0
1	1	UID104618	1	1	0	0
1	1	UID104625	1	1	0	0
1	1	UID104633	1	1	0	0
1	1	UID104640	1	1	0	0
1	1	UID104642	1	1	0	0
1	1	UID104652	1	1	0	0
1	1	UID104653	1	1	0	0
1	1	UID104655	1	1	0	0
1	1	UID104656	1	1	0	0
1	1	UID104666	1	1	0	0
1	1	UID104673	1	1	0	0
1	1	UID104676	1	1	0	0
1	1	UID104678	1	1	0	0
1	1	UID104686	1	1	0	0
1	1	UID104688	1	1	0	0
1	1	UID104733	1	1	0	0
1	1	UID104741	1	1	0	0
1	1	UID104744	1	1	0	0
1	1	UID104746	1	1	0	0
1	1	UID104754	1	1	0	0
1	1	UID104755	1	1	0	0
1	1	UID104758	1	1	0	0
1	1	UID104759	1	1	0	0
1	1	UID104765	1	1	0	0
1	1	UID104770	1	1	0	0
1	1	UID104771	1	1	0	0
1	1	UID104774	1	1	0	0
1	1	UID104775	1	1	0	0
1	1	UID104789	1	1	0	0
1	1	UID104800	1	1	0	0
1	1	UID104805	1	1	0	0
1	1	UID104809	1	1	0	0
1	1	UID104815	1	1	0	0
1	1	UID104826	1	1	0	0
1	1	UID104829	1	1	0	0
1	1	UID104831	1	1	0	0
1	1	UID104836	1	1	0	0
1	1	UID104842	1	1	0	0
1	1	UID104843	1	1	0	0
1	1	UID104846	1	1	0	0
1	1	UID104850	1	1	0	0
1	1	UID104855	1	1	0	0
1	1	UID104862	1	1	0	0
1	1	UID104868	1	1	0	0
1	1	UID104872	1	1	0	0
1	1	UID104874	1	1	0	0
1	1	UID104883	1	1	0	0
3	3	UID104884	1	3	2	2
1	1	UID104889	1	1	0	0
1	1	UID104892	1	1	0	0
1	1	UID104894	1	1	0	0
1	1	UID104898	1	1	0	0
1	1	UID104911	1	1	0	0
1	1	UID104929	1	1	0	0
1	1	UID104949	1	1	0	0
1	1	UID104952	1	1	0	0
1	1	UID104955	1	1	0	0
1	1	UID104956	1	1	0	0
1	1	UID104964	1	1	0	0
1	1	UID104967	1	1	0	0
1	1	UID104968	1	1	0	0
1	1	UID104972	1	1	0	0
1	1	UID104977	1	1	0	0
1	1	UID104979	1	1	0	0
1	1	UID104980	1	1	0	0
1	1	UID104984	1	1	0	0
1	1	UID104985	1	1	0	0
1	1	UID104995	1	1	0	0
1	1	UID104999	1	1	0	0
1	1	UID105002	1	1	0	0
1	1	UID105008	1	1	0	0
1	1	UID105013	1	1	0	0
2	2	UID105022	1	2	1	1
1	1	UID105034	1	1	0	0
1	1	UID105044	1	1	0	0
1	1	UID105046	1	1	0	0
1	1	UID105048	1	1	0	0
1	1	UID105050	1	1	0	0
1	1	UID105051	1	1	0	0
1	1	UID105052	1	1	0	0
1	1	UID105054	1	1	0	0
1	1	UID105057	1	1	0	0
1	1	UID105059	1	1	0	0
1	1	UID105065	1	1	0	0
1	1	UID105069	1	1	0	0
1	1	UID105072	1	1	0	0
1	1	UID105074	1	1	0	0
1	1	UID105075	1	1	0	0
1	1	UID105078	1	1	0	0
1	1	UID105085	1	1	0	0
1	1	UID105091	1	1	0	0
1	1	UID105093	1	1	0	0
1	1	UID105095	1	1	0	0
1	1	UID105127	1	1	0	0
1	1	UID105136	1	1	0	0
1	1	UID105139	1	1	0	0
1	1	UID105142	1	1	0	0
1	1	UID105143	1	1	0	0
1	1	UID105154	1	1	0	0
1	1	UID105155	1	1	0	0
1	1	UID105156	1	1	0	0
1	1	UID105163	1	1	0	0
1	1	UID105166	1	1	0	0
1	1	UID105167	1	1	0	0
1	1	UID105168	1	1	0	0
1	1	UID105171	1	1	0	0
1	1	UID105172	1	1	0	0
1	1	UID105179	1	1	0	0
1	1	UID105181	1	1	0	0
1	1	UID105182	1	1	0	0
1	1	UID105183	1	1	0	0
1	1	UID105184	1	1	0	0
1	1	UID105186	1	1	0	0
1	1	UID105191	1	1	0	0
1	1	UID105194	1	1	0	0
1	1	UID105209	1	1	0	0
1	1	UID105215	1	1	0	0
1	1	UID105216	1	1	0	0
1	1	UID105221	1	1	0	0
1	1	UID105224	1	1	0	0
1	1	UID105238	1	1	0	0
1	1	UID105239	1	1	0	0
1	1	UID105249	1	1	0	0
1	1	UID105251	1	1	0	0
1	1	UID105259	1	1	0	0
1	1	UID105265	1	1	0	0
1	1	UID105268	1	1	0	0
1	1	UID105276	1	1	0	0
1	1	UID105277	1	1	0	0
3	3	UID105278	1	3	2	2
1	1	UID105282	1	1	0	0
1	1	UID105283	1	1	0	0
1	1	UID105284	1	1	0	0
1	1	UID105326	1	1	0	0
1	1	UID105328	1	1	0	0
1	1	UID105329	1	1	0	0
1	1	UID105330	1	1	0	0
1	1	UID105340	1	1	0	0
1	1	UID105341	1	1	0	0
1	1	UID105342	1	1	0	0
1	1	UID105354	1	1	0	0
1	1	UID105359	1	1	0	0
1	1	UID105361	1	1	0	0
1	1	UID105362	1	1	0	0
1	1	UID105365	1	1	0	0
1	1	UID105373	1	1	0	0
1	1	UID105377	1	1	0	0
1	1	UID105388	1	1	0	0
1	1	UID105412	1	1	0	0
1	1	UID105416	1	1	0	0
1	1	UID105426	1	1	0	0
1	1	UID105428	1	1	0	0
1	1	UID105432	1	1	0	0
1	1	UID105435	1	1	0	0
1	1	UID105441	1	1	0	0
1	1	UID105442	1	1	0	0
1	1	UID105446	1	1	0	0
1	1	UID105447	1	1	0	0
1	1	UID105463	1	1	0	0
1	1	UID105469	1	1	0	0
1	1	UID105470	1	1	0	0
1	1	UID105471	1	1	0	0
1	1	UID105472	1	1	0	0
1	1	UID105473	1	1	0	0
1	1	UID105475	1	1	0	0
1	1	UID105476	1	1	0	0
1	1	UID105477	1	1	0	0
1	1	UID105482	1	1	0	0
1	1	UID105486	1	1	0	0
1	1	UID105488	1	1	0	0
1	1	UID105489	1	1	0	0
1	1	UID105491	1	1	0	0
1	1	UID105493	1	1	0	0
1	1	UID105494	1	1	0	0
1	1	UID105495	1	1	0	0
1	1	UID105496	1	1	0	0
1	1	UID105501	1	1	0	0
1	1	UID105508	1	1	0	0
1	1	UID105510	1	1	0	0
1	1	UID105511	1	1	0	0
1	1	UID105517	1	1	0	0
3	3	UID105523	1	3	2	2
1	1	UID105526	1	1	0	0
1	1	UID105528	1	1	0	0
1	1	UID105532	1	1	0	0
1	1	UID105533	1	1	0	0
1	1	UID105535	1	1	0	0
1	1	UID105538	1	1	0	0
1	1	UID105555	1	1	0	0
1	1	UID105564	1	1	0	0
1	1	UID105573	1	1	0	0
1	1	UID105575	1	1	0	0
1	1	UID105579	1	1	0	0
1	1	UID105582	1	1	0	0
1	1	UID105585	1	1	0	0
1	1	UID105595	1	1	0	0
1	1	UID105599	1	1	0	0
1	1	UID105601	1	1	0	0
1	1	UID105602	1	1	0	0
1	1	UID105603	1	1	0	0
1	1	UID105606	1	1	0	0
1	1	UID105614	1	1	0	0
1	1	UID105621	1	1	0	0
1	1	UID105635	1	1	0	0
1	1	UID105637	1	1	0	0
1	1	UID105638	1	1	0	0
1	1	UID105642	1	1	0	0
1	1	UID105653	1	1	0	0
1	1	UID105666	1	1	0	0
1	1	UID105674	1	1	0	0
1	1	UID105679	1	1	0	0
1	1	UID105682	1	1	0	0
1	1	UID105693	1	1	0	0
1	1	UID105694	1	1	0	0
1	1	UID105700	1	1	0	0
1	1	UID105702	1	1	0	0
1	1	UID105706	1	1	0	0
1	1	UID105709	1	1	0	0
1	1	UID105711	1	1	0	0
1	1	UID105712	1	1	0	0
1	1	UID105714	1	1	0	0
1	1	UID105715	1	1	0	0
1	1	UID105719	1	1	0	0
1	1	UID105721	1	1	0	0
1	1	UID105723	1	1	0	0
1	1	UID105724	1	1	0	0
1	1	UID105728	1	1	0	0
1	1	UID105730	1	1	0	0
1	1	UID105732	1	1	0	0
1	1	UID105735	1	1	0	0
1	1	UID105757	1	1	0	0
1	1	UID105762	1	1	0	0
1	1	UID105769	1	1	0	0
1	1	UID105770	1	1	0	0
1	1	UID105772	1	1	0	0
1	1	UID105777	1	1	0	0
1	1	UID105781	1	1	0	0
1	1	UID105782	1	1	0	0
1	1	UID105783	1	1	0	0
1	1	UID105786	1	1	0	0
1	1	UID105787	1	1	0	0
1	1	UID105798	1	1	0	0
1	1	UID105799	1	1	0	0
1	1	UID105814	1	1	0	0
1	1	UID105815	1	1	0	0
1	1	UID105839	1	1	0	0
1	1	UID105857	1	1	0	0
1	1	UID105858	1	1	0	0
1	1	UID105869	1	1	0	0
1	1	UID105872	1	1	0	0
1	1	UID105873	1	1	0	0
1	1	UID105877	1	1	0	0
1	1	UID105878	1	1	0	0
1	1	UID105879	1	1	0	0
1	1	UID105880	1	1	0	0
1	1	UID105881	1	1	0	0
1	1	UID105884	1	1	0	0
1	1	UID105885	1	1	0	0
1	1	UID105886	1	1	0	0
1	1	UID105887	1	1	0	0
1	1	UID105888	1	1	0	0
1	1	UID105889	1	1	0	0
1	1	UID105891	1	1	0	0
1	1	UID105892	1	1	0	0
1	1	UID105894	1	1	0	0
1	1	UID105895	1	1	0	0
1	1	UID105896	1	1	0	0
1	1	UID105899	1	1	0	0
1	1	UID105900	1	1	0	0
1	1	UID105901	1	1	0	0
1	1	UID105902	1	1	0	0
1	1	UID105903	1	1	0	0
1	1	UID105904	1	1	0	0
1	1	UID105905	1	1	0	0
1	1	UID105909	1	1	0	0
1	1	UID105910	1	1	0	0
1	1	UID105914	1	1	0	0
1	1	UID105915	1	1	0	0
1	1	UID105916	1	1	0	0
1	1	UID105917	1	1	0	0
1	1	UID105918	1	1	0	0
1	1	UID105920	1	1	0	0
1	1	UID105921	1	1	0	0
1	1	UID105922	1	1	0	0
1	1	UID105924	1	1	0	0
1	1	UID105926	1	1	0	0
1	1	UID105927	1	1	0	0
1	1	UID105929	1	1	0	0
1	1	UID105930	1	1	0	0
1	1	UID105932	1	1	0	0
1	1	UID105933	1	1	0	0
1	1	UID105938	1	1	0	0
1	1	UID105939	1	1	0	0
1	1	UID105948	1	1	0	0
1	1	UID105961	1	1	0	0
1	1	UID105963	1	1	0	0
1	1	UID105965	1	1	0	0
1	1	UID105966	1	1	0	0
1	1	UID105967	1	1	0	0
1	1	UID105968	1	1	0	0
1	1	UID105969	1	1	0	0
1	1	UID105970	1	1	0	0
1	1	UID105971	1	1	0	0
1	1	UID105972	1	1	0	0
1	1	UID105973	1	1	0	0
1	1	UID105975	1	1	0	0
1	1	UID105976	1	1	0	0
1	1	UID105994	1	1	0	0
1	1	UID105995	1	1	0	0
1	1	UID106000	1	1	0	0
1	1	UID106001	1	1	0	0
1	1	UID106002	1	1	0	0
1	1	UID106006	1	1	0	0
1	1	UID106008	1	1	0	0
2	2	UID106009	1	2	1	1
1	1	UID106011	1	1	0	0
1	1	UID106012	1	1	0	0
1	1	UID106014	1	1	0	0
1	1	UID106016	1	1	0	0
1	1	UID106017	1	1	0	0
1	1	UID106020	1	1	0	0
1	1	UID106021	1	1	0	0
1	1	UID106024	1	1	0	0
1	1	UID106025	1	1	0	0
1	1	UID106026	1	1	0	0
1	1	UID106027	1	1	0	0
1	1	UID106028	1	1	0	0
1	1	UID106031	1	1	0	0
1	1	UID106044	1	1	0	0
1	1	UID106046	1	1	0	0
1	1	UID106048	1	1	0	0
1	1	UID106050	1	1	0	0
1	1	UID106052	1	1	0	0
1	1	UID106054	1	1	0	0
1	1	UID106057	1	1	0	0
1	1	UID106072	1	1	0	0
1	1	UID106073	1	1	0	0
1	1	UID106074	1	1	0	0
1	1	UID106076	1	1	0	0
1	1	UID106082	1	1	0	0
1	1	UID106084	1	1	0	0
1	1	UID106088	1	1	0	0
1	1	UID106097	1	1	0	0
1	1	UID106100	1	1	0	0
1	1	UID106101	1	1	0	0
1	1	UID106102	1	1	0	0
1	1	UID106112	1	1	0	0
1	1	UID106136	1	1	0	0
1	1	UID106137	1	1	0	0
1	1	UID106140	1	1	0	0
1	1	UID106141	1	1	0	0
1	1	UID106142	1	1	0	0
1	1	UID106143	1	1	0	0
1	1	UID106144	1	1	0	0
1	1	UID106145	1	1	0	0
1	1	UID106148	1	1	0	0
1	1	UID106152	1	1	0	0
1	1	UID106153	1	1	0	0
1	1	UID106154	1	1	0	0
1	1	UID106159	1	1	0	0
1	1	UID106160	1	1	0	0
1	1	UID106163	1	1	0	0
1	1	UID106193	1	1	0	0
1	1	UID106194	1	1	0	0
1	1	UID106198	1	1	0	0
1	1	UID106199	1	1	0	0
1	1	UID106202	1	1	0	0
1	1	UID106206	1	1	0	0
1	1	UID106210	1	1	0	0
1	1	UID106211	1	1	0	0
1	1	UID106212	1	1	0	0
1	1	UID106213	1	1	0	0
1	1	UID106214	1	1	0	0
1	1	UID106228	1	1	0	0
1	1	UID106232	1	1	0	0
1	1	UID106233	1	1	0	0
1	1	UID106247	1	1	0	0
1	1	UID106252	1	1	0	0
1	1	UID106259	1	1	0	0
1	1	UID106263	1	1	0	0
1	1	UID106266	1	1	0	0
1	1	UID106268	1	1	0	0
1	1	UID106271	1	1	0	0
1	1	UID106273	1	1	0	0
3	3	UID106274	1	3	2	2
1	1	UID106275	1	1	0	0
1	1	UID106278	1	1	0	0
1	1	UID106279	1	1	0	0
1	1	UID106280	1	1	0	0
3	3	UID106281	1	3	2	2
1	1	UID106282	1	1	0	0
1	1	UID106283	1	1	0	0
1	1	UID106287	1	1	0	0
1	1	UID106289	1	1	0	0
1	1	UID106290	1	1	0	0
1	1	UID106291	1	1	0	0
1	1	UID106292	1	1	0	0
1	1	UID106293	1	1	0	0
1	1	UID106296	1	1	0	0
1	1	UID106300	1	1	0	0
1	1	UID106301	1	1	0	0
1	1	UID106308	1	1	0	0
4	4	UID106311	1	4	2	2
1	1	UID106312	1	1	0	0
1	1	UID106318	1	1	0	0
1	1	UID106326	1	1	0	0
1	1	UID106334	1	1	0	0
1	1	UID106363	1	1	0	0
1	1	UID106367	1	1	0	0
1	1	UID106373	1	1	0	0
1	1	UID106374	1	1	0	0
1	1	UID106375	1	1	0	0
1	1	UID106377	1	1	0	0
1	1	UID106379	1	1	0	0
1	1	UID106381	1	1	0	0
1	1	UID106395	1	1	0	0
1	1	UID106406	1	1	0	0
1	1	UID106412	1	1	0	0
1	1	UID106414	1	1	0	0
1	1	UID106415	1	1	0	0
1	1	UID106416	1	1	0	0
1	1	UID106417	1	1	0	0
1	1	UID106420	1	1	0	0
1	1	UID106424	1	1	0	0
1	1	UID106425	1	1	0	0
1	1	UID106433	1	1	0	0
1	1	UID106434	1	1	0	0
1	1	UID106435	1	1	0	0
1	1	UID106437	1	1	0	0
1	1	UID106442	1	1	0	0
1	1	UID106443	1	1	0	0
1	1	UID106445	1	1	0	0
1	1	UID106451	1	1	0	0
1	1	UID106454	1	1	0	0
1	1	UID106459	1	1	0	0
1	1	UID106463	1	1	0	0
1	1	UID106464	1	1	0	0
1	1	UID106466	1	1	0	0
1	1	UID106469	1	1	0	0
1	1	UID106495	1	1	0	0
1	1	UID106497	1	1	0	0
1	1	UID106499	1	1	0	0
1	1	UID106513	1	1	0	0
1	1	UID106515	1	1	0	0
1	1	UID106518	1	1	0	0
1	1	UID106524	1	1	0	0
1	1	UID106526	1	1	0	0
1	1	UID106527	1	1	0	0
1	1	UID106528	1	1	0	0
1	1	UID106529	1	1	0	0
1	1	UID106530	1	1	0	0
1	1	UID106531	1	1	0	0
1	1	UID106532	1	1	0	0
1	1	UID106533	1	1	0	0
1	1	UID106534	1	1	0	0
1	1	UID106535	1	1	0	0
1	1	UID106538	1	1	0	0
1	1	UID106539	1	1	0	0
1	1	UID106540	1	1	0	0
1	1	UID106541	1	1	0	0
1	1	UID106542	1	1	0	0
1	1	UID106550	1	1	0	0
1	1	UID106551	1	1	0	0
1	1	UID106553	1	1	0	0
1	1	UID106558	1	1	0	0
1	1	UID106571	1	1	0	0
1	1	UID106575	1	1	0	0
1	1	UID106578	1	1	0	0
1	1	UID106581	1	1	0	0
1	1	UID106584	1	1	0	0
1	1	UID106585	1	1	0	0
1	1	UID106586	1	1	0	0
1	1	UID106587	1	1	0	0
1	1	UID106591	1	1	0	0
1	1	UID106592	1	1	0	0
1	1	UID106593	1	1	0	0
1	1	UID106598	1	1	0	0
1	1	UID106604	1	1	0	0
1	1	UID106616	1	1	0	0
1	1	UID106617	1	1	0	0
1	1	UID106618	1	1	0	0
1	1	UID106621	1	1	0	0
1	1	UID106623	1	1	0	0
1	1	UID106627	1	1	0	0
1	1	UID106630	1	1	0	0
1	1	UID106634	1	1	0	0
1	1	UID106638	1	1	0	0
1	1	UID106643	1	1	0	0
1	1	UID106647	1	1	0	0
1	1	UID106648	1	1	0	0
1	1	UID106649	1	1	0	0
1	1	UID106652	1	1	0	0
1	1	UID106653	1	1	0	0
1	1	UID106654	1	1	0	0
1	1	UID106660	1	1	0	0
1	1	UID106663	1	1	0	0
1	1	UID106664	1	1	0	0
1	1	UID106665	1	1	0	0
1	1	UID106667	1	1	0	0
1	1	UID106689	1	1	0	0
1	1	UID106694	1	1	0	0
1	1	UID106699	1	1	0	0
1	1	UID106703	1	1	0	0
1	1	UID106705	1	1	0	0
1	1	UID106707	1	1	0	0
1	1	UID106709	1	1	0	0
1	1	UID106714	1	1	0	0
1	1	UID106720	1	1	0	0
1	1	UID106725	1	1	0	0
1	1	UID106726	1	1	0	0
1	1	UID106727	1	1	0	0
1	1	UID106732	1	1	0	0
1	1	UID106761	1	1	0	0
1	1	UID106762	1	1	0	0
1	1	UID106764	1	1	0	0
1	1	UID106765	1	1	0	0
1	1	UID106766	1	1	0	0
1	1	UID106768	1	1	0	0
1	1	UID106771	1	1	0	0
1	1	UID106774	1	1	0	0
1	1	UID106776	1	1	0	0
1	1	UID106778	1	1	0	0
1	1	UID106779	1	1	0	0
1	1	UID106787	1	1	0	0
1	1	UID106788	1	1	0	0
1	1	UID106790	1	1	0	0
1	1	UID106797	1	1	0	0
1	1	UID106798	1	1	0	0
1	1	UID106802	1	1	0	0
1	1	UID106804	1	1	0	0
1	1	UID106805	1	1	0	0
1	1	UID106806	1	1	0	0
1	1	UID106808	1	1	0	0
1	1	UID106809	1	1	0	0
1	1	UID106814	1	1	0	0
1	1	UID106847	1	1	0	0
1	1	UID106853	1	1	0	0
1	1	UID106854	1	1	0	0
1	1	UID106862	1	1	0	0
1	1	UID106866	1	1	0	0
1	1	UID106873	1	1	0	0
1	1	UID106875	1	1	0	0
1	1	UID106881	1	1	0	0
1	1	UID106885	1	1	0	0
1	1	UID106887	1	1	0	0
1	1	UID106889	1	1	0	0
1	1	UID106905	1	1	0	0
1	1	UID106907	1	1	0	0
1	1	UID106908	1	1	0	0
1	1	UID106910	1	1	0	0
1	1	UID106913	1	1	0	0
1	1	UID106916	1	1	0	0
1	1	UID106919	1	1	0	0
1	1	UID106931	1	1	0	0
1	1	UID106934	1	1	0	0
1	1	UID106935	1	1	0	0
1	1	UID106938	1	1	0	0
1	1	UID106940	1	1	0	0
1	1	UID106942	1	1	0	0
1	1	UID106943	1	1	0	0
1	1	UID106944	1	1	0	0
1	1	UID106945	1	1	0	0
1	1	UID106949	1	1	0	0
1	1	UID106950	1	1	0	0
1	1	UID106979	1	1	0	0
1	1	UID106980	1	1	0	0
1	1	UID106983	1	1	0	0
1	1	UID106984	1	1	0	0
1	1	UID106989	1	1	0	0
1	1	UID106991	1	1	0	0
1	1	UID106993	1	1	0	0
1	1	UID106994	1	1	0	0
1	1	UID106995	1	1	0	0
1	1	UID106996	1	1	0	0
1	1	UID106997	1	1	0	0
1	1	UID106998	1	1	0	0
1	1	UID106999	1	1	0	0
1	1	UID107001	1	1	0	0
1	1	UID107002	1	1	0	0
1	1	UID107010	1	1	0	0
1	1	UID107011	1	1	0	0
1	1	UID107012	1	1	0	0
1	1	UID107014	1	1	0	0
1	1	UID107016	1	1	0	0
1	1	UID107017	1	1	0	0
1	1	UID107019	1	1	0	0
1	1	UID107020	1	1	0	0
1	1	UID107021	1	1	0	0
1	1	UID107022	1	1	0	0
1	1	UID107034	1	1	0	0
1	1	UID107036	1	1	0	0
1	1	UID107042	1	1	0	0
1	1	UID107044	1	1	0	0
1	1	UID107046	1	1	0	0
1	1	UID107048	1	1	0	0
1	1	UID107050	1	1	0	0
1	1	UID107051	1	1	0	0
1	1	UID107056	1	1	0	0
1	1	UID107057	1	1	0	0
1	1	UID107058	1	1	0	0
1	1	UID107060	1	1	0	0
1	1	UID107062	1	1	0	0
1	1	UID107063	1	1	0	0
1	1	UID107065	1	1	0	0
1	1	UID107066	1	1	0	0
1	1	UID107083	1	1	0	0
1	1	UID107086	1	1	0	0
1	1	UID107087	1	1	0	0
1	1	UID107093	1	1	0	0
1	1	UID107094	1	1	0	0
1	1	UID107100	1	1	0	0
1	1	UID107102	1	1	0	0
1	1	UID107103	1	1	0	0
1	1	UID107105	1	1	0	0
1	1	UID107114	1	1	0	0
1	1	UID107117	1	1	0	0
1	1	UID107120	1	1	0	0
1	1	UID107125	1	1	0	0
1	1	UID107126	1	1	0	0
1	1	UID107127	1	1	0	0
1	1	UID107130	1	1	0	0
1	1	UID107131	1	1	0	0
1	1	UID107138	1	1	0	0
1	1	UID107139	1	1	0	0
1	1	UID107140	1	1	0	0
1	1	UID107141	1	1	0	0
1	1	UID107150	1	1	0	0
1	1	UID107160	1	1	0	0
1	1	UID107189	1	1	0	0
1	1	UID107196	1	1	0	0
1	1	UID107197	1	1	0	0
1	1	UID107199	1	1	0	0
1	1	UID107203	1	1	0	0
4	4	UID107204	1	4	2	2
1	1	UID107208	1	1	0	0
1	1	UID107209	1	1	0	0
1	1	UID107219	1	1	0	0
1	1	UID107220	1	1	0	0
1	1	UID107222	1	1	0	0
1	1	UID107224	1	1	0	0
1	1	UID107231	1	1	0	0
1	1	UID107232	1	1	0	0
1	1	UID107236	1	1	0	0
1	1	UID107237	1	1	0	0
1	1	UID107240	1	1	0	0
1	1	UID107242	1	1	0	0
1	1	UID107243	1	1	0	0
1	1	UID107244	1	1	0	0
1	1	UID107245	1	1	0	0
1	1	UID107274	1	1	0	0
1	1	UID107276	1	1	0	0
1	1	UID107279	1	1	0	0
1	1	UID107282	1	1	0	0
1	1	UID107287	1	1	0	0
1	1	UID107288	1	1	0	0
1	1	UID107289	1	1	0	0
1	1	UID107290	1	1	0	0
3	3	UID107291	1	3	2	2
1	1	UID107295	1	1	0	0
1	1	UID107297	1	1	0	0
1	1	UID107299	1	1	0	0
1	1	UID107300	1	1	0	0
1	1	UID107303	1	1	0	0
1	1	UID107305	1	1	0	0
1	1	UID107306	1	1	0	0
1	1	UID107309	1	1	0	0
1	1	UID107311	1	1	0	0
1	1	UID107312	1	1	0	0
1	1	UID107313	1	1	0	0
1	1	UID107320	1	1	0	0
1	1	UID107321	1	1	0	0
1	1	UID107340	1	1	0	0
1	1	UID107360	1	1	0	0
1	1	UID107365	1	1	0	0
1	1	UID107372	1	1	0	0
1	1	UID107377	1	1	0	0
1	1	UID107383	1	1	0	0
1	1	UID107387	1	1	0	0
1	1	UID107391	1	1	0	0
1	1	UID107393	1	1	0	0
1	1	UID107395	1	1	0	0
1	1	UID107397	1	1	0	0
1	1	UID107398	1	1	0	0
1	1	UID107401	1	1	0	0
1	1	UID107405	1	1	0	0
1	1	UID107408	1	1	0	0
1	1	UID107415	1	1	0	0
1	1	UID107416	1	1	0	0
1	1	UID107417	1	1	0	0
1	1	UID107418	1	1	0	0
1	1	UID107421	1	1	0	0
1	1	UID107422	1	1	0	0
1	1	UID107423	1	1	0	0
1	1	UID107424	1	1	0	0
1	1	UID107425	1	1	0	0
1	1	UID107426	1	1	0	0
1	1	UID107427	1	1	0	0
1	1	UID107429	1	1	0	0
1	1	UID107430	1	1	0	0
1	1	UID107431	1	1	0	0
1	1	UID107433	1	1	0	0
1	1	UID107435	1	1	0	0
1	1	UID107439	1	1	0	0
1	1	UID107446	1	1	0	0
1	1	UID107451	1	1	0	0
1	1	UID107452	1	1	0	0
1	1	UID107455	1	1	0	0
1	1	UID107459	1	1	0	0
1	1	UID107462	1	1	0	0
1	1	UID107464	1	1	0	0
1	1	UID107484	1	1	0	0
1	1	UID107485	1	1	0	0
1	1	UID107487	1	1	0	0
1	1	UID107488	1	1	0	0
1	1	UID107489	1	1	0	0
1	1	UID107490	1	1	0	0
1	1	UID107493	1	1	0	0
1	1	UID107499	1	1	0	0
1	1	UID107502	1	1	0	0
1	1	UID107503	1	1	0	0
1	1	UID107504	1	1	0	0
1	1	UID107506	1	1	0	0
1	1	UID107513	1	1	0	0
1	1	UID107518	1	1	0	0
1	1	UID107541	1	1	0	0
1	1	UID107546	1	1	0	0
1	1	UID107550	1	1	0	0
1	1	UID107551	1	1	0	0
1	1	UID107552	1	1	0	0
1	1	UID107556	1	1	0	0
1	1	UID107557	1	1	0	0
1	1	UID107560	1	1	0	0
1	1	UID107562	1	1	0	0
1	1	UID107565	1	1	0	0
1	1	UID107569	1	1	0	0
1	1	UID107578	1	1	0	0
1	1	UID107579	1	1	0	0
1	1	UID107580	1	1	0	0
1	1	UID107601	1	1	0	0
1	1	UID107603	1	1	0	0
1	1	UID107611	1	1	0	0
1	1	UID107613	1	1	0	0
1	1	UID107615	1	1	0	0
1	1	UID107617	1	1	0	0
1	1	UID107621	1	1	0	0
1	1	UID107623	1	1	0	0
1	1	UID107633	1	1	0	0
1	1	UID107634	1	1	0	0
1	1	UID107643	1	1	0	0
1	1	UID107644	1	1	0	0
1	1	UID107646	1	1	0	0
1	1	UID107647	1	1	0	0
1	1	UID107658	1	1	0	0
1	1	UID107702	1	1	0	0
1	1	UID107704	1	1	0	0
1	1	UID107706	1	1	0	0
1	1	UID107708	1	1	0	0
1	1	UID107710	1	1	0	0
1	1	UID107712	1	1	0	0
1	1	UID107713	1	1	0	0
1	1	UID107715	1	1	0	0
1	1	UID107717	1	1	0	0
1	1	UID107719	1	1	0	0
1	1	UID107725	1	1	0	0
1	1	UID107726	1	1	0	0
1	1	UID107738	1	1	0	0
1	1	UID107740	1	1	0	0
1	1	UID107741	1	1	0	0
1	1	UID107753	1	1	0	0
1	1	UID107754	1	1	0	0
1	1	UID107755	1	1	0	0
1	1	UID107756	1	1	0	0
1	1	UID107757	1	1	0	0
1	1	UID107760	1	1	0	0
1	1	UID107762	1	1	0	0
1	1	UID107763	1	1	0	0
1	1	UID107768	1	1	0	0
1	1	UID107769	1	1	0	0
1	1	UID107770	1	1	0	0
1	1	UID107771	1	1	0	0
1	1	UID107773	1	1	0	0
1	1	UID107774	1	1	0	0
1	1	UID107779	1	1	0	0
1	1	UID107782	1	1	0	0
1	1	UID107783	1	1	0	0
1	1	UID107784	1	1	0	0
1	1	UID107789	1	1	0	0
1	1	UID107810	1	1	0	0
1	1	UID107821	1	1	0	0
1	1	UID107827	1	1	0	0
1	1	UID107841	1	1	0	0
1	1	UID107842	1	1	0	0
1	1	UID107843	1	1	0	0
1	1	UID107844	1	1	0	0
1	1	UID107847	1	1	0	0
1	1	UID107850	1	1	0	0
1	1	UID107865	1	1	0	0
1	1	UID107868	1	1	0	0
1	1	UID107871	1	1	0	0
1	1	UID107874	1	1	0	0
1	1	UID107880	1	1	0	0
1	1	UID107881	1	1	0	0
1	1	UID107884	1	1	0	0
1	1	UID107886	1	1	0	0
1	1	UID107889	1	1	0	0
1	1	UID107903	1	1	0	0
1	1	UID107910	1	1	0	0
1	1	UID107911	1	1	0	0
1	1	UID107915	1	1	0	0
1	1	UID107920	1	1	0	0
1	1	UID107922	1	1	0	0
1	1	UID107923	1	1	0	0
1	1	UID107924	1	1	0	0
1	1	UID107925	1	1	0	0
1	1	UID107926	1	1	0	0
1	1	UID107939	1	1	0	0
1	1	UID107942	1	1	0	0
1	1	UID107947	1	1	0	0
1	1	UID107948	1	1	0	0
1	1	UID107950	1	1	0	0
1	1	UID107955	1	1	0	0
1	1	UID107973	1	1	0	0
1	1	UID107974	1	1	0	0
1	1	UID107975	1	1	0	0
1	1	UID107977	1	1	0	0
1	1	UID107981	1	1	0	0
1	1	UID107982	1	1	0	0
1	1	UID107983	1	1	0	0
1	1	UID107986	1	1	0	0
1	1	UID107989	1	1	0	0
1	1	UID107990	1	1	0	0
1	1	UID107991	1	1	0	0
1	1	UID107992	1	1	0	0
1	1	UID107993	1	1	0	0
1	1	UID107997	1	1	0	0
1	1	UID108012	1	1	0	0
1	1	UID108014	1	1	0	0
1	1	UID108017	1	1	0	0
1	1	UID108019	1	1	0	0
1	1	UID108032	1	1	0	0
1	1	UID108035	1	1	0	0
1	1	UID108037	1	1	0	0
1	1	UID108042	1	1	0	0
1	1	UID108045	1	1	0	0
1	1	UID108046	1	1	0	0
1	1	UID108047	1	1	0	0
1	1	UID108048	1	1	0	0
1	1	UID108056	1	1	0	0
1	1	UID108072	1	1	0	0
1	1	UID108073	1	1	0	0
1	1	UID108074	1	1	0	0
1	1	UID108077	1	1	0	0
1	1	UID108082	1	1	0	0
1	1	UID108083	1	1	0	0
1	1	UID108084	1	1	0	0
1	1	UID108085	1	1	0	0
1	1	UID108086	1	1	0	0
1	1	UID108101	1	1	0	0
1	1	UID108102	1	1	0	0
1	1	UID108131	1	1	0	0
1	1	UID108133	1	1	0	0
1	1	UID108134	1	1	0	0
1	1	UID108140	1	1	0	0
1	1	UID108142	1	1	0	0
1	1	UID108144	1	1	0	0
1	1	UID108148	1	1	0	0
1	1	UID108155	1	1	0	0
1	1	UID108157	1	1	0	0
1	1	UID108161	1	1	0	0
1	1	UID108166	1	1	0	0
1	1	UID108168	1	1	0	0
1	1	UID108183	1	1	0	0
1	1	UID108184	1	1	0	0
1	1	UID108187	1	1	0	0
1	1	UID108189	1	1	0	0
1	1	UID108191	1	1	0	0
1	1	UID108192	1	1	0	0
1	1	UID108197	1	1	0	0
1	1	UID108198	1	1	0	0
1	1	UID108199	1	1	0	0
1	1	UID108201	1	1	0	0
1	1	UID108202	1	1	0	0
1	1	UID108209	1	1	0	0
1	1	UID108211	1	1	0	0
1	1	UID108213	1	1	0	0
1	1	UID108218	1	1	0	0
1	1	UID108219	1	1	0	0
1	1	UID108223	1	1	0	0
1	1	UID108233	1	1	0	0
1	1	UID108235	1	1	0	0
1	1	UID108236	1	1	0	0
1	1	UID108254	1	1	0	0
1	1	UID108256	1	1	0	0
1	1	UID108257	1	1	0	0
1	1	UID108258	1	1	0	0
1	1	UID108266	1	1	0	0
1	1	UID108267	1	1	0	0
1	1	UID108268	1	1	0	0
1	1	UID108273	1	1	0	0
1	1	UID108277	1	1	0	0
1	1	UID108285	1	1	0	0
1	1	UID108287	1	1	0	0
1	1	UID108293	1	1	0	0
1	1	UID108303	1	1	0	0
1	1	UID108306	1	1	0	0
1	1	UID108309	1	1	0	0
1	1	UID108310	1	1	0	0
1	1	UID108316	1	1	0	0
1	1	UID108317	1	1	0	0
1	1	UID108323	1	1	0	0
1	1	UID108330	1	1	0	0
1	1	UID108332	1	1	0	0
1	1	UID108333	1	1	0	0
1	1	UID108337	1	1	0	0
1	1	UID108338	1	1	0	0
1	1	UID108344	1	1	0	0
1	1	UID108348	1	1	0	0
1	1	UID108349	1	1	0	0
1	1	UID108366	1	1	0	0
1	1	UID108375	1	1	0	0
1	1	UID108379	1	1	0	0
1	1	UID108380	1	1	0	0
1	1	UID108384	1	1	0	0
1	1	UID108386	1	1	0	0
1	1	UID108396	1	1	0	0
1	1	UID108412	1	1	0	0
1	1	UID108417	1	1	0	0
1	1	UID108421	1	1	0	0
1	1	UID108423	1	1	0	0
1	1	UID108425	1	1	0	0
1	1	UID108435	1	1	0	0
1	1	UID108437	1	1	0	0
1	1	UID108438	1	1	0	0
1	1	UID108439	1	1	0	0
1	1	UID108443	1	1	0	0
1	1	UID108444	1	1	0	0
1	1	UID108460	1	1	0	0
1	1	UID108466	1	1	0	0
1	1	UID108467	1	1	0	0
1	1	UID108468	1	1	0	0
1	1	UID108470	1	1	0	0
1	1	UID108473	1	1	0	0
1	1	UID108474	1	1	0	0
1	1	UID108475	1	1	0	0
1	1	UID108483	1	1	0	0
1	1	UID108484	1	1	0	0
1	1	UID108502	1	1	0	0
1	1	UID108503	1	1	0	0
1	1	UID108506	1	1	0	0
1	1	UID108508	1	1	0	0
1	1	UID108515	1	1	0	0
1	1	UID108525	1	1	0	0
1	1	UID108534	1	1	0	0
1	1	UID108535	1	1	0	0
1	1	UID108538	1	1	0	0
1	1	UID108539	1	1	0	0
1	1	UID108540	1	1	0	0
1	1	UID108541	1	1	0	0
1	1	UID108543	1	1	0	0
1	1	UID108544	1	1	0	0
1	1	UID108545	1	1	0	0
1	1	UID108547	1	1	0	0
1	1	UID108548	1	1	0	0
1	1	UID108556	1	1	0	0
1	1	UID108557	1	1	0	0
1	1	UID108578	1	1	0	0
1	1	UID108582	1	1	0	0
1	1	UID108584	1	1	0	0
1	1	UID108586	1	1	0	0
1	1	UID108587	1	1	0	0
1	1	UID108589	1	1	0	0
1	1	UID108592	1	1	0	0
1	1	UID108593	1	1	0	0
1	1	UID108594	1	1	0	0
1	1	UID108596	1	1	0	0
1	1	UID108617	1	1	0	0
1	1	UID108619	1	1	0	0
1	1	UID108620	1	1	0	0
1	1	UID108624	1	1	0	0
1	1	UID108626	1	1	0	0
1	1	UID108628	1	1	0	0
1	1	UID108630	1	1	0	0
1	1	UID108633	1	1	0	0
1	1	UID108641	1	1	0	0
1	1	UID108645	1	1	0	0
1	1	UID108678	1	1	0	0
1	1	UID108679	1	1	0	0
1	1	UID108680	1	1	0	0
1	1	UID108694	1	1	0	0
1	1	UID108695	1	1	0	0
1	1	UID108697	1	1	0	0
1	1	UID108699	1	1	0	0
1	1	UID108703	1	1	0	0
1	1	UID108705	1	1	0	0
1	1	UID108724	1	1	0	0
1	1	UID108725	1	1	0	0
1	1	UID108726	1	1	0	0
1	1	UID108728	1	1	0	0
1	1	UID108729	1	1	0	0
1	1	UID108734	1	1	0	0
1	1	UID108737	1	1	0	0
1	1	UID108738	1	1	0	0
1	1	UID108741	1	1	0	0
1	1	UID108742	1	1	0	0
1	1	UID108751	1	1	0	0
1	1	UID108777	1	1	0	0
1	1	UID108779	1	1	0	0
1	1	UID108781	1	1	0	0
1	1	UID108782	1	1	0	0
1	1	UID108783	1	1	0	0
1	1	UID108784	1	1	0	0
1	1	UID108787	1	1	0	0
1	1	UID108790	1	1	0	0
1	1	UID108796	1	1	0	0
1	1	UID108797	1	1	0	0
1	1	UID108798	1	1	0	0
1	1	UID108800	1	1	0	0
1	1	UID108802	1	1	0	0
1	1	UID108807	1	1	0	0
1	1	UID108812	1	1	0	0
1	1	UID108822	1	1	0	0
1	1	UID108839	1	1	0	0
1	1	UID108840	1	1	0	0
1	1	UID108841	1	1	0	0
1	1	UID108842	1	1	0	0
1	1	UID108843	1	1	0	0
1	1	UID108844	1	1	0	0
1	1	UID108845	1	1	0	0
1	1	UID108846	1	1	0	0
1	1	UID108847	1	1	0	0
1	1	UID108848	1	1	0	0
1	1	UID108865	1	1	0	0
1	1	UID108866	1	1	0	0
1	1	UID108867	1	1	0	0
1	1	UID108872	1	1	0	0
1	1	UID108879	1	1	0	0
1	1	UID108880	1	1	0	0
1	1	UID108881	1	1	0	0
1	1	UID108882	1	1	0	0
1	1	UID108885	1	1	0	0
1	1	UID108894	1	1	0	0
1	1	UID108896	1	1	0	0
1	1	UID108900	1	1	0	0
1	1	UID108917	1	1	0	0
1	1	UID108918	1	1	0	0
1	1	UID108920	1	1	0	0
1	1	UID108921	1	1	0	0
1	1	UID108923	1	1	0	0
1	1	UID108924	1	1	0	0
1	1	UID108927	1	1	0	0
1	1	UID108936	1	1	0	0
1	1	UID108937	1	1	0	0
1	1	UID108943	1	1	0	0
1	1	UID108945	1	1	0	0
1	1	UID108949	1	1	0	0
1	1	UID108960	1	1	0	0
1	1	UID108964	1	1	0	0
1	1	UID108965	1	1	0	0
1	1	UID108967	1	1	0	0
1	1	UID108976	1	1	0	0
1	1	UID108980	1	1	0	0
1	1	UID108985	1	1	0	0
1	1	UID109004	1	1	0	0
1	1	UID109005	1	1	0	0
1	1	UID109011	1	1	0	0
1	1	UID109013	1	1	0	0
1	1	UID109014	1	1	0	0
1	1	UID109016	1	1	0	0
1	1	UID109017	1	1	0	0
1	1	UID109019	1	1	0	0
1	1	UID109029	1	1	0	0
1	1	UID109031	1	1	0	0
1	1	UID109043	1	1	0	0
1	1	UID109044	1	1	0	0
1	1	UID109048	1	1	0	0
1	1	UID109052	1	1	0	0
1	1	UID109054	1	1	0	0
1	1	UID109056	1	1	0	0
1	1	UID109060	1	1	0	0
1	1	UID109062	1	1	0	0
1	1	UID109068	1	1	0	0
1	1	UID109106	1	1	0	0
1	1	UID109109	1	1	0	0
1	1	UID109111	1	1	0	0
1	1	UID109117	1	1	0	0
1	1	UID109126	1	1	0	0
1	1	UID109128	1	1	0	0
5	5	UID109131	1	5	1	1
1	1	UID109139	1	1	0	0
1	1	UID109142	1	1	0	0
1	1	UID109143	1	1	0	0
1	1	UID109165	1	1	0	0
1	1	UID109177	1	1	0	0
1	1	UID109190	1	1	0	0
1	1	UID109227	1	1	0	0
1	1	UID109229	1	1	0	0
1	1	UID109230	1	1	0	0
1	1	UID109235	1	1	0	0
1	1	UID109238	1	1	0	0
1	1	UID109240	1	1	0	0
1	1	UID109251	1	1	0	0
1	1	UID109253	1	1	0	0
1	1	UID109256	1	1	0	0
1	1	UID109292	1	1	0	0
1	1	UID109293	1	1	0	0
1	1	UID109310	1	1	0	0
1	1	UID109311	1	1	0	0
1	1	UID109317	1	1	0	0
1	1	UID109327	1	1	0	0
1	1	UID109328	1	1	0	0
1	1	UID109357	1	1	0	0
1	1	UID109364	1	1	0	0
1	1	UID109368	1	1	0	0
1	1	UID109383	1	1	0	0
1	1	UID109386	1	1	0	0
1	1	UID109388	1	1	0	0
1	1	UID109391	1	1	0	0
1	1	UID109393	1	1	0	0
1	1	UID109400	1	1	0	0
1	1	UID109405	1	1	0	0
1	1	UID109406	1	1	0	0
1	1	UID109417	1	1	0	0
1	1	UID109421	1	1	0	0
1	1	UID109422	1	1	0	0
1	1	UID109426	1	1	0	0
1	1	UID109427	1	1	0	0
1	1	UID109459	1	1	0	0
1	1	UID109471	1	1	0	0
1	1	UID109472	1	1	0	0
1	1	UID109479	1	1	0	0
1	1	UID109482	1	1	0	0
1	1	UID109484	1	1	0	0
1	1	UID109497	1	1	0	0
1	1	UID109501	1	1	0	0
1	1	UID109502	1	1	0	0
1	1	UID109510	1	1	0	0
1	1	UID109533	1	1	0	0
1	1	UID109534	1	1	0	0
1	1	UID109536	1	1	0	0
1	1	UID109537	1	1	0	0
1	1	UID109539	1	1	0	0
1	1	UID109544	1	1	0	0
1	1	UID109554	1	1	0	0
1	1	UID109557	1	1	0	0
1	1	UID109562	1	1	0	0
1	1	UID109563	1	1	0	0
1	1	UID109581	1	1	0	0
1	1	UID109587	1	1	0	0
1	1	UID109588	1	1	0	0
1	1	UID109601	1	1	0	0
1	1	UID109604	1	1	0	0
1	1	UID109664	1	1	0	0
1	1	UID109666	1	1	0	0
1	1	UID109669	1	1	0	0
1	1	UID109674	1	1	0	0
1	1	UID109677	1	1	0	0
1	1	UID109678	1	1	0	0
1	1	UID109690	1	1	0	0
1	1	UID109696	1	1	0	0
1	1	UID109724	1	1	0	0
1	1	UID109745	1	1	0	0
1	1	UID109803	1	1	0	0
1	1	UID109806	1	1	0	0
1	1	UID109809	1	1	0	0
1	1	UID109818	1	1	0	0
1	1	UID109829	1	1	0	0
1	1	UID109842	1	1	0	0
2	2	UID109866	1	2	1	1
1	1	UID109896	1	1	0	0
1	1	UID109907	1	1	0	0
1	1	UID109909	1	1	0	0
1	1	UID109913	1	1	0	0
1	1	UID109918	1	1	0	0
1	1	UID109945	1	1	0	0
1	1	UID109964	1	1	0	0
1	1	UID109969	1	1	0	0
1	1	UID109983	1	1	0	0
1	1	UID109985	1	1	0	0
1	1	UID110001	1	1	0	0
1	1	UID110013	1	1	0	0
1	1	UID110048	1	1	0	0
1	1	UID110054	1	1	0	0
1	1	UID110061	1	1	0	0
1	1	UID110067	1	1	0	0
1	1	UID110079	1	1	0	0
1	1	UID110089	1	1	0	0
1	1	UID110094	1	1	0	0
1	1	UID110095	1	1	0	0
1	1	UID110096	1	1	0	0
1	1	UID110124	1	1	0	0
1	1	UID110125	1	1	0	0
1	1	UID110126	1	1	0	0
1	1	UID110127	1	1	0	0
1	1	UID110128	1	1	0	0
1	1	UID110129	1	1	0	0
1	1	UID110130	1	1	0	0
1	1	UID110131	1	1	0	0
1	1	UID110132	1	1	0	0
1	1	UID110141	1	1	0	0
1	1	UID110142	1	1	0	0
1	1	UID110143	1	1	0	0
1	1	UID110144	1	1	0	0
1	1	UID110145	1	1	0	0
1	1	UID110148	1	1	0	0
1	1	UID110149	1	1	0	0
1	1	UID110150	1	1	0	0
1	1	UID110159	1	1	0	0
1	1	UID110162	1	1	0	0
1	1	UID110163	1	1	0	0
1	1	UID110167	1	1	0	0
1	1	UID110172	1	1	0	0
1	1	UID110179	1	1	0	0
1	1	UID110180	1	1	0	0
1	1	UID110185	1	1	0	0
1	1	UID110186	1	1	0	0
1	1	UID110188	1	1	0	0
1	1	UID110195	1	1	0	0
1	1	UID110199	1	1	0	0
1	1	UID110200	1	1	0	0
1	1	UID11060	1	1	0	0
1	1	UID110626	1	1	0	0
1	1	UID110644	1	1	0	0
1	1	UID110648	1	1	0	0
1	1	UID110650	1	1	0	0
1	1	UID110651	1	1	0	0
1	1	UID110654	1	1	0	0
1	1	UID110655	1	1	0	0
1	1	UID110668	1	1	0	0
1	1	UID110679	1	1	0	0
1	1	UID110694	1	1	0	0
1	1	UID110697	1	1	0	0
1	1	UID110704	1	1	0	0
1	1	UID110719	1	1	0	0
1	1	UID110730	1	1	0	0
1	1	UID110731	1	1	0	0
1	1	UID110737	1	1	0	0
1	1	UID110751	1	1	0	0
1	1	UID110752	1	1	0	0
1	1	UID110753	1	1	0	0
1	1	UID110754	1	1	0	0
1	1	UID110760	1	1	0	0
1	1	UID110766	1	1	0	0
1	1	UID110767	1	1	0	0
1	1	UID110768	1	1	0	0
1	1	UID110769	1	1	0	0
1	1	UID110770	1	1	0	0
1	1	UID110776	1	1	0	0
1	1	UID110777	1	1	0	0
1	1	UID110780	1	1	0	0
1	1	UID110803	1	1	0	0
1	1	UID110804	1	1	0	0
1	1	UID110822	1	1	0	0
1	1	UID110826	1	1	0	0
1	1	UID110829	1	1	0	0
1	1	UID110830	1	1	0	0
1	1	UID110859	1	1	0	0
1	1	UID110864	1	1	0	0
1	1	UID110871	1	1	0	0
1	1	UID110872	1	1	0	0
1	1	UID110874	1	1	0	0
1	1	UID110877	1	1	0	0
1	1	UID110894	1	1	0	0
1	1	UID110899	1	1	0	0
1	1	UID110913	1	1	0	0
1	1	UID110924	1	1	0	0
1	1	UID110937	1	1	0	0
1	1	UID110960	1	1	0	0
1	1	UID110976	1	1	0	0
1	1	UID110988	1	1	0	0
1	1	UID111002	1	1	0	0
1	1	UID111006	1	1	0	0
1	1	UID111025	1	1	0	0
1	1	UID111029	1	1	0	0
1	1	UID111034	1	1	0	0
1	1	UID111057	1	1	0	0
1	1	UID111058	1	1	0	0
1	1	UID111078	1	1	0	0
1	1	UID111120	1	1	0	0
1	1	UID111132	1	1	0	0
1	1	UID111136	1	1	0	0
1	1	UID111139	1	1	0	0
1	1	UID111165	1	1	0	0
1	1	UID111179	1	1	0	0
1	1	UID111180	1	1	0	0
3	3	UID111181	1	3	2	2
1	1	UID111185	1	1	0	0
1	1	UID111186	1	1	0	0
1	1	UID111190	1	1	0	0
1	1	UID111199	1	1	0	0
1	1	UID111201	1	1	0	0
1	1	UID111208	1	1	0	0
1	1	UID111224	1	1	0	0
1	1	UID111230	1	1	0	0
1	1	UID111231	1	1	0	0
1	1	UID111245	1	1	0	0
1	1	UID111251	1	1	0	0
1	1	UID111254	1	1	0	0
1	1	UID111255	1	1	0	0
1	1	UID111257	1	1	0	0
1	1	UID111272	1	1	0	0
1	1	UID111273	1	1	0	0
1	1	UID111274	1	1	0	0
1	1	UID111279	1	1	0	0
1	1	UID111280	1	1	0	0
1	1	UID111281	1	1	0	0
1	1	UID111291	1	1	0	0
1	1	UID111297	1	1	0	0
1	1	UID111305	1	1	0	0
1	1	UID111308	1	1	0	0
1	1	UID111315	1	1	0	0
1	1	UID111319	1	1	0	0
1	1	UID111322	1	1	0	0
1	1	UID111348	1	1	0	0
1	1	UID111365	1	1	0	0
1	1	UID111374	1	1	0	0
1	1	UID111375	1	1	0	0
1	1	UID111376	1	1	0	0
1	1	UID111381	1	1	0	0
1	1	UID111382	1	1	0	0
1	1	UID111390	1	1	0	0
1	1	UID111410	1	1	0	0
1	1	UID111412	1	1	0	0
1	1	UID111413	1	1	0	0
1	1	UID111424	1	1	0	0
1	1	UID111444	1	1	0	0
1	1	UID111446	1	1	0	0
1	1	UID111447	1	1	0	0
1	1	UID111459	1	1	0	0
1	1	UID111462	1	1	0	0
1	1	UID111464	1	1	0	0
1	1	UID111483	1	1	0	0
1	1	UID111484	1	1	0	0
1	1	UID111491	1	1	0	0
1	1	UID111499	1	1	0	0
1	1	UID111520	1	1	0	0
1	1	UID111533	1	1	0	0
1	1	UID111536	1	1	0	0
1	1	UID111560	1	1	0	0
1	1	UID111561	1	1	0	0
1	1	UID111565	1	1	0	0
1	1	UID111566	1	1	0	0
1	1	UID111578	1	1	0	0
1	1	UID111586	1	1	0	0
1	1	UID111596	1	1	0	0
1	1	UID111614	1	1	0	0
1	1	UID111620	1	1	0	0
1	1	UID111621	1	1	0	0
1	1	UID111622	1	1	0	0
1	1	UID111623	1	1	0	0
1	1	UID111629	1	1	0	0
1	1	UID111632	1	1	0	0
1	1	UID111633	1	1	0	0
1	1	UID111637	1	1	0	0
1	1	UID111652	1	1	0	0
1	1	UID111656	1	1	0	0
1	1	UID111658	1	1	0	0
1	1	UID111659	1	1	0	0
1	1	UID111660	1	1	0	0
1	1	UID111661	1	1	0	0
1	1	UID111662	1	1	0	0
1	1	UID111663	1	1	0	0
1	1	UID111664	1	1	0	0
1	1	UID111673	1	1	0	0
1	1	UID111676	1	1	0	0
1	1	UID111677	1	1	0	0
1	1	UID111689	1	1	0	0
1	1	UID111714	1	1	0	0
1	1	UID111716	1	1	0	0
1	1	UID111732	1	1	0	0
1	1	UID111733	1	1	0	0
1	1	UID111734	1	1	0	0
1	1	UID111739	1	1	0	0
1	1	UID111742	1	1	0	0
1	1	UID111747	1	1	0	0
1	1	UID111779	1	1	0	0
1	1	UID111785	1	1	0	0
1	1	UID111787	1	1	0	0
1	1	UID111799	1	1	0	0
1	1	UID111803	1	1	0	0
1	1	UID111826	1	1	0	0
1	1	UID111837	1	1	0	0
1	1	UID111841	1	1	0	0
1	1	UID111844	1	1	0	0
1	1	UID111851	1	1	0	0
1	1	UID111854	1	1	0	0
1	1	UID111856	1	1	0	0
1	1	UID111857	1	1	0	0
1	1	UID111860	1	1	0	0
1	1	UID111862	1	1	0	0
1	1	UID111867	1	1	0	0
1	1	UID111882	1	1	0	0
1	1	UID111889	1	1	0	0
1	1	UID111892	1	1	0	0
1	1	UID111894	1	1	0	0
1	1	UID111895	1	1	0	0
1	1	UID111900	1	1	0	0
1	1	UID111908	1	1	0	0
1	1	UID111933	1	1	0	0
1	1	UID111938	1	1	0	0
1	1	UID111944	1	1	0	0
1	1	UID111947	1	1	0	0
1	1	UID111950	1	1	0	0
1	1	UID111962	1	1	0	0
1	1	UID111963	1	1	0	0
1	1	UID111982	1	1	0	0
1	1	UID111997	1	1	0	0
1	1	UID111999	1	1	0	0
1	1	UID112004	1	1	0	0
1	1	UID112005	1	1	0	0
1	1	UID112007	1	1	0	0
1	1	UID112009	1	1	0	0
1	1	UID112012	1	1	0	0
1	1	UID112018	1	1	0	0
1	1	UID112044	1	1	0	0
1	1	UID112047	1	1	0	0
1	1	UID112052	1	1	0	0
1	1	UID112053	1	1	0	0
1	1	UID112054	1	1	0	0
1	1	UID112055	1	1	0	0
1	1	UID112056	1	1	0	0
1	1	UID112058	1	1	0	0
1	1	UID112068	1	1	0	0
1	1	UID112071	1	1	0	0
1	1	UID112072	1	1	0	0
1	1	UID112073	1	1	0	0
1	1	UID112079	1	1	0	0
1	1	UID112086	1	1	0	0
1	1	UID112087	1	1	0	0
1	1	UID112092	1	1	0	0
1	1	UID112096	1	1	0	0
1	1	UID112097	1	1	0	0
1	1	UID112125	1	1	0	0
1	1	UID112128	1	1	0	0
1	1	UID112130	1	1	0	0
1	1	UID112141	1	1	0	0
1	1	UID112143	1	1	0	0
1	1	UID112146	1	1	0	0
1	1	UID112149	1	1	0	0
1	1	UID112150	1	1	0	0
1	1	UID112154	1	1	0	0
1	1	UID112162	1	1	0	0
1	1	UID112166	1	1	0	0
1	1	UID112179	1	1	0	0
1	1	UID112181	1	1	0	0
1	1	UID112187	1	1	0	0
1	1	UID112202	1	1	0	0
1	1	UID112223	1	1	0	0
1	1	UID112228	1	1	0	0
3	3	UID112230	1	3	2	2
1	1	UID112232	1	1	0	0
1	1	UID112234	1	1	0	0
1	1	UID112237	1	1	0	0
1	1	UID112242	1	1	0	0
1	1	UID112247	1	1	0	0
1	1	UID112250	1	1	0	0
1	1	UID112251	1	1	0	0
1	1	UID112252	1	1	0	0
1	1	UID112253	1	1	0	0
1	1	UID112268	1	1	0	0
1	1	UID112274	1	1	0	0
1	1	UID112275	1	1	0	0
1	1	UID112276	1	1	0	0
1	1	UID112279	1	1	0	0
1	1	UID112280	1	1	0	0
1	1	UID112286	1	1	0	0
1	1	UID112289	1	1	0	0
1	1	UID112292	1	1	0	0
1	1	UID112301	1	1	0	0
1	1	UID112303	1	1	0	0
1	1	UID112304	1	1	0	0
1	1	UID112311	1	1	0	0
1	1	UID112312	1	1	0	0
1	1	UID112314	1	1	0	0
1	1	UID112316	1	1	0	0
1	1	UID112317	1	1	0	0
1	1	UID112320	1	1	0	0
1	1	UID112326	1	1	0	0
1	1	UID112362	1	1	0	0
1	1	UID112364	1	1	0	0
1	1	UID112365	1	1	0	0
1	1	UID112367	1	1	0	0
1	1	UID112368	1	1	0	0
1	1	UID112369	1	1	0	0
1	1	UID112371	1	1	0	0
1	1	UID112373	1	1	0	0
1	1	UID112381	1	1	0	0
1	1	UID112387	1	1	0	0
1	1	UID112388	1	1	0	0
1	1	UID112391	1	1	0	0
1	1	UID112394	1	1	0	0
1	1	UID112422	1	1	0	0
1	1	UID112428	1	1	0	0
1	1	UID112430	1	1	0	0
1	1	UID112435	1	1	0	0
1	1	UID112436	1	1	0	0
1	1	UID112439	1	1	0	0
1	1	UID112440	1	1	0	0
1	1	UID112449	1	1	0	0
1	1	UID112460	1	1	0	0
1	1	UID112462	1	1	0	0
1	1	UID112465	1	1	0	0
1	1	UID112470	1	1	0	0
1	1	UID112471	1	1	0	0
1	1	UID112493	1	1	0	0
1	1	UID112495	1	1	0	0
1	1	UID112497	1	1	0	0
1	1	UID112501	1	1	0	0
1	1	UID112505	1	1	0	0
1	1	UID112509	1	1	0	0
1	1	UID112516	1	1	0	0
1	1	UID112539	1	1	0	0
1	1	UID112547	1	1	0	0
1	1	UID112548	1	1	0	0
1	1	UID112549	1	1	0	0
1	1	UID112551	1	1	0	0
1	1	UID112557	1	1	0	0
1	1	UID112558	1	1	0	0
1	1	UID112559	1	1	0	0
1	1	UID112561	1	1	0	0
1	1	UID112564	1	1	0	0
1	1	UID112572	1	1	0	0
1	1	UID112575	1	1	0	0
1	1	UID112577	1	1	0	0
1	1	UID112581	1	1	0	0
1	1	UID112582	1	1	0	0
1	1	UID112583	1	1	0	0
1	1	UID112586	1	1	0	0
1	1	UID112587	1	1	0	0
1	1	UID112590	1	1	0	0
1	1	UID112594	1	1	0	0
1	1	UID112595	1	1	0	0
1	1	UID112599	1	1	0	0
1	1	UID112610	1	1	0	0
1	1	UID112616	1	1	0	0
1	1	UID112618	1	1	0	0
1	1	UID112620	1	1	0	0
1	1	UID112624	1	1	0	0
1	1	UID112625	1	1	0	0
1	1	UID112629	1	1	0	0
1	1	UID112630	1	1	0	0
1	1	UID112655	1	1	0	0
1	1	UID112657	1	1	0	0
1	1	UID112659	1	1	0	0
1	1	UID112661	1	1	0	0
1	1	UID112664	1	1	0	0
1	1	UID112667	1	1	0	0
1	1	UID112673	1	1	0	0
1	1	UID112695	1	1	0	0
1	1	UID112696	1	1	0	0
1	1	UID112698	1	1	0	0
1	1	UID112702	1	1	0	0
1	1	UID112704	1	1	0	0
1	1	UID112706	1	1	0	0
1	1	UID112707	1	1	0	0
1	1	UID112708	1	1	0	0
1	1	UID112710	1	1	0	0
1	1	UID112712	1	1	0	0
1	1	UID112713	1	1	0	0
1	1	UID112714	1	1	0	0
1	1	UID112715	1	1	0	0
1	1	UID112717	1	1	0	0
1	1	UID112718	1	1	0	0
1	1	UID112719	1	1	0	0
1	1	UID112723	1	1	0	0
1	1	UID112724	1	1	0	0
1	1	UID112725	1	1	0	0
1	1	UID112726	1	1	0	0
1	1	UID112728	1	1	0	0
1	1	UID112730	1	1	0	0
1	1	UID112731	1	1	0	0
1	1	UID112733	1	1	0	0
1	1	UID112735	1	1	0	0
1	1	UID112739	1	1	0	0
1	1	UID112742	1	1	0	0
1	1	UID112778	1	1	0	0
1	1	UID112783	1	1	0	0
1	1	UID112784	1	1	0	0
1	1	UID112785	1	1	0	0
1	1	UID112788	1	1	0	0
1	1	UID112790	1	1	0	0
1	1	UID112793	1	1	0	0
1	1	UID112795	1	1	0	0
1	1	UID112796	1	1	0	0
1	1	UID112800	1	1	0	0
1	1	UID112801	1	1	0	0
1	1	UID112802	1	1	0	0
1	1	UID112813	1	1	0	0
1	1	UID112815	1	1	0	0
1	1	UID112827	1	1	0	0
1	1	UID112833	1	1	0	0
1	1	UID112835	1	1	0	0
1	1	UID112836	1	1	0	0
1	1	UID112837	1	1	0	0
1	1	UID112840	1	1	0	0
1	1	UID112846	1	1	0	0
1	1	UID112852	1	1	0	0
1	1	UID112853	1	1	0	0
1	1	UID112854	1	1	0	0
1	1	UID112858	1	1	0	0
1	1	UID112859	1	1	0	0
1	1	UID112860	1	1	0	0
1	1	UID112862	1	1	0	0
1	1	UID112891	1	1	0	0
1	1	UID112893	1	1	0	0
1	1	UID112897	1	1	0	0
1	1	UID112898	1	1	0	0
1	1	UID112900	1	1	0	0
1	1	UID112907	1	1	0	0
1	1	UID112908	1	1	0	0
5	5	UID112910	1	5	1	1
1	1	UID112916	1	1	0	0
1	1	UID112934	1	1	0	0
1	1	UID112935	1	1	0	0
1	1	UID112936	1	1	0	0
1	1	UID112941	1	1	0	0
1	1	UID112943	1	1	0	0
1	1	UID112944	1	1	0	0
1	1	UID112945	1	1	0	0
1	1	UID112946	1	1	0	0
1	1	UID112947	1	1	0	0
1	1	UID112948	1	1	0	0
1	1	UID112949	1	1	0	0
1	1	UID112952	1	1	0	0
1	1	UID112955	1	1	0	0
1	1	UID112960	1	1	0	0
1	1	UID112978	1	1	0	0
1	1	UID112979	1	1	0	0
1	1	UID112980	1	1	0	0
1	1	UID112983	1	1	0	0
1	1	UID112986	1	1	0	0
1	1	UID112988	1	1	0	0
1	1	UID112992	1	1	0	0
1	1	UID112993	1	1	0	0
1	1	UID112995	1	1	0	0
1	1	UID112998	1	1	0	0
1	1	UID113001	1	1	0	0
1	1	UID113003	1	1	0	0
1	1	UID113008	1	1	0	0
1	1	UID113009	1	1	0	0
1	1	UID113010	1	1	0	0
1	1	UID113011	1	1	0	0
1	1	UID113018	1	1	0	0
1	1	UID113021	1	1	0	0
1	1	UID113046	1	1	0	0
1	1	UID113047	1	1	0	0
1	1	UID113052	1	1	0	0
1	1	UID113065	1	1	0	0
1	1	UID113067	1	1	0	0
1	1	UID113070	1	1	0	0
1	1	UID113073	1	1	0	0
1	1	UID113082	1	1	0	0
1	1	UID113092	1	1	0	0
1	1	UID113093	1	1	0	0
1	1	UID113123	1	1	0	0
1	1	UID113130	1	1	0	0
1	1	UID113133	1	1	0	0
1	1	UID113134	1	1	0	0
1	1	UID113136	1	1	0	0
1	1	UID113139	1	1	0	0
1	1	UID113143	1	1	0	0
1	1	UID113145	1	1	0	0
1	1	UID113148	1	1	0	0
1	1	UID113150	1	1	0	0
1	1	UID113152	1	1	0	0
1	1	UID113158	1	1	0	0
1	1	UID113168	1	1	0	0
1	1	UID113170	1	1	0	0
1	1	UID113172	1	1	0	0
1	1	UID113173	1	1	0	0
1	1	UID113186	1	1	0	0
1	1	UID113189	1	1	0	0
1	1	UID113191	1	1	0	0
1	1	UID113193	1	1	0	0
1	1	UID113194	1	1	0	0
1	1	UID113195	1	1	0	0
1	1	UID113197	1	1	0	0
1	1	UID113198	1	1	0	0
1	1	UID113199	1	1	0	0
1	1	UID113203	1	1	0	0
1	1	UID113206	1	1	0	0
1	1	UID113208	1	1	0	0
1	1	UID113210	1	1	0	0
1	1	UID113211	1	1	0	0
1	1	UID113215	1	1	0	0
1	1	UID113222	1	1	0	0
1	1	UID113226	1	1	0	0
1	1	UID113236	1	1	0	0
1	1	UID113237	1	1	0	0
1	1	UID113240	1	1	0	0
1	1	UID113241	1	1	0	0
1	1	UID113242	1	1	0	0
1	1	UID113244	1	1	0	0
1	1	UID113255	1	1	0	0
1	1	UID113256	1	1	0	0
1	1	UID113287	1	1	0	0
1	1	UID113290	1	1	0	0
1	1	UID113293	1	1	0	0
1	1	UID113294	1	1	0	0
1	1	UID113296	1	1	0	0
1	1	UID113304	1	1	0	0
1	1	UID113305	1	1	0	0
1	1	UID113307	1	1	0	0
1	1	UID113308	1	1	0	0
1	1	UID113310	1	1	0	0
1	1	UID113313	1	1	0	0
1	1	UID113315	1	1	0	0
1	1	UID113317	1	1	0	0
1	1	UID113321	1	1	0	0
1	1	UID113323	1	1	0	0
1	1	UID113328	1	1	0	0
1	1	UID113330	1	1	0	0
1	1	UID113331	1	1	0	0
1	1	UID113332	1	1	0	0
1	1	UID113335	1	1	0	0
1	1	UID113337	1	1	0	0
1	1	UID113338	1	1	0	0
1	1	UID113340	1	1	0	0
1	1	UID113341	1	1	0	0
1	1	UID113344	1	1	0	0
1	1	UID113350	1	1	0	0
1	1	UID113352	1	1	0	0
1	1	UID113353	1	1	0	0
1	1	UID113354	1	1	0	0
1	1	UID113355	1	1	0	0
1	1	UID113357	1	1	0	0
1	1	UID113359	1	1	0	0
1	1	UID113361	1	1	0	0
1	1	UID113363	1	1	0	0
1	1	UID113364	1	1	0	0
1	1	UID113370	1	1	0	0
1	1	UID113371	1	1	0	0
1	1	UID113373	1	1	0	0
1	1	UID113375	1	1	0	0
1	1	UID113376	1	1	0	0
1	1	UID113380	1	1	0	0
1	1	UID113381	1	1	0	0
1	1	UID113389	1	1	0	0
1	1	UID113392	1	1	0	0
1	1	UID113412	1	1	0	0
1	1	UID113413	1	1	0	0
1	1	UID113415	1	1	0	0
1	1	UID113418	1	1	0	0
1	1	UID113421	1	1	0	0
1	1	UID113424	1	1	0	0
1	1	UID113425	1	1	0	0
1	1	UID113426	1	1	0	0
1	1	UID113428	1	1	0	0
1	1	UID113430	1	1	0	0
1	1	UID113435	1	1	0	0
1	1	UID113436	1	1	0	0
1	1	UID113437	1	1	0	0
1	1	UID113438	1	1	0	0
1	1	UID113440	1	1	0	0
1	1	UID113444	1	1	0	0
1	1	UID113451	1	1	0	0
1	1	UID113452	1	1	0	0
1	1	UID113456	1	1	0	0
1	1	UID113458	1	1	0	0
1	1	UID113459	1	1	0	0
1	1	UID113461	1	1	0	0
1	1	UID113464	1	1	0	0
1	1	UID113466	1	1	0	0
1	1	UID113467	1	1	0	0
1	1	UID113470	1	1	0	0
1	1	UID113471	1	1	0	0
1	1	UID113475	1	1	0	0
1	1	UID113501	1	1	0	0
1	1	UID113503	1	1	0	0
1	1	UID113507	1	1	0	0
1	1	UID113510	1	1	0	0
1	1	UID113515	1	1	0	0
1	1	UID113518	1	1	0	0
1	1	UID113519	1	1	0	0
1	1	UID113524	1	1	0	0
1	1	UID113526	1	1	0	0
1	1	UID113527	1	1	0	0
1	1	UID113528	1	1	0	0
1	1	UID113567	1	1	0	0
1	1	UID113589	1	1	0	0
1	1	UID113590	1	1	0	0
1	1	UID113591	1	1	0	0
1	1	UID113593	1	1	0	0
1	1	UID113599	1	1	0	0
1	1	UID113600	1	1	0	0
1	1	UID113601	1	1	0	0
1	1	UID113603	1	1	0	0
1	1	UID113604	1	1	0	0
1	1	UID113606	1	1	0	0
1	1	UID113607	1	1	0	0
1	1	UID113609	1	1	0	0
1	1	UID113613	1	1	0	0
1	1	UID113614	1	1	0	0
1	1	UID113615	1	1	0	0
1	1	UID113616	1	1	0	0
1	1	UID113617	1	1	0	0
1	1	UID113618	1	1	0	0
1	1	UID113619	1	1	0	0
1	1	UID113622	1	1	0	0
1	1	UID113638	1	1	0	0
1	1	UID113640	1	1	0	0
1	1	UID113641	1	1	0	0
1	1	UID113643	1	1	0	0
1	1	UID113646	1	1	0	0
1	1	UID113647	1	1	0	0
1	1	UID113648	1	1	0	0
1	1	UID113650	1	1	0	0
1	1	UID113655	1	1	0	0
1	1	UID113656	1	1	0	0
1	1	UID113658	1	1	0	0
1	1	UID113659	1	1	0	0
1	1	UID113660	1	1	0	0
1	1	UID113665	1	1	0	0
1	1	UID113670	1	1	0	0
1	1	UID113671	1	1	0	0
1	1	UID113675	1	1	0	0
1	1	UID113676	1	1	0	0
1	1	UID113677	1	1	0	0
1	1	UID113678	1	1	0	0
1	1	UID113679	1	1	0	0
1	1	UID113683	1	1	0	0
1	1	UID113692	1	1	0	0
1	1	UID113698	1	1	0	0
1	1	UID113702	1	1	0	0
1	1	UID113703	1	1	0	0
1	1	UID113704	1	1	0	0
1	1	UID113705	1	1	0	0
1	1	UID113706	1	1	0	0
1	1	UID113707	1	1	0	0
1	1	UID113710	1	1	0	0
1	1	UID113711	1	1	0	0
1	1	UID113713	1	1	0	0
1	1	UID113715	1	1	0	0
1	1	UID113718	1	1	0	0
1	1	UID113720	1	1	0	0
1	1	UID113721	1	1	0	0
1	1	UID113726	1	1	0	0
1	1	UID113729	1	1	0	0
1	1	UID113731	1	1	0	0
1	1	UID113732	1	1	0	0
1	1	UID113733	1	1	0	0
1	1	UID113735	1	1	0	0
1	1	UID113736	1	1	0	0
1	1	UID113742	1	1	0	0
1	1	UID113744	1	1	0	0
1	1	UID113750	1	1	0	0
1	1	UID113752	1	1	0	0
1	1	UID113779	1	1	0	0
1	1	UID113781	1	1	0	0
1	1	UID113783	1	1	0	0
1	1	UID113784	1	1	0	0
1	1	UID113786	1	1	0	0
1	1	UID113787	1	1	0	0
1	1	UID113788	1	1	0	0
1	1	UID113789	1	1	0	0
1	1	UID113793	1	1	0	0
1	1	UID113794	1	1	0	0
1	1	UID113795	1	1	0	0
1	1	UID113803	1	1	0	0
1	1	UID113805	1	1	0	0
1	1	UID113808	1	1	0	0
1	1	UID113813	1	1	0	0
1	1	UID113814	1	1	0	0
1	1	UID113815	1	1	0	0
1	1	UID113824	1	1	0	0
1	1	UID113841	1	1	0	0
1	1	UID113842	1	1	0	0
1	1	UID113843	1	1	0	0
1	1	UID113844	1	1	0	0
1	1	UID113845	1	1	0	0
1	1	UID113854	1	1	0	0
1	1	UID113859	1	1	0	0
1	1	UID113861	1	1	0	0
1	1	UID113866	1	1	0	0
1	1	UID113870	1	1	0	0
1	1	UID113873	1	1	0	0
1	1	UID113875	1	1	0	0
1	1	UID113876	1	1	0	0
1	1	UID113877	1	1	0	0
1	1	UID113879	1	1	0	0
1	1	UID113880	1	1	0	0
1	1	UID113881	1	1	0	0
1	1	UID113882	1	1	0	0
1	1	UID113883	1	1	0	0
1	1	UID113884	1	1	0	0
1	1	UID113891	1	1	0	0
1	1	UID113892	1	1	0	0
1	1	UID113919	1	1	0	0
1	1	UID113922	1	1	0	0
1	1	UID113925	1	1	0	0
1	1	UID113926	1	1	0	0
1	1	UID113927	1	1	0	0
2	2	UID113929	1	2	1	1
1	1	UID113931	1	1	0	0
1	1	UID113934	1	1	0	0
1	1	UID113937	1	1	0	0
1	1	UID113942	1	1	0	0
1	1	UID113943	1	1	0	0
1	1	UID113944	1	1	0	0
1	1	UID113952	1	1	0	0
1	1	UID113958	1	1	0	0
1	1	UID113961	1	1	0	0
1	1	UID113963	1	1	0	0
1	1	UID113996	1	1	0	0
1	1	UID113999	1	1	0	0
1	1	UID114006	1	1	0	0
1	1	UID114008	1	1	0	0
1	1	UID114013	1	1	0	0
1	1	UID114016	1	1	0	0
1	1	UID114017	1	1	0	0
1	1	UID114021	1	1	0	0
1	1	UID114023	1	1	0	0
1	1	UID114024	1	1	0	0
1	1	UID114026	1	1	0	0
1	1	UID114027	1	1	0	0
1	1	UID114028	1	1	0	0
1	1	UID114029	1	1	0	0
1	1	UID114048	1	1	0	0
1	1	UID114050	1	1	0	0
1	1	UID114051	1	1	0	0
1	1	UID114053	1	1	0	0
1	1	UID114054	1	1	0	0
1	1	UID114055	1	1	0	0
1	1	UID114056	1	1	0	0
1	1	UID114057	1	1	0	0
1	1	UID114058	1	1	0	0
1	1	UID114063	1	1	0	0
1	1	UID114067	1	1	0	0
1	1	UID114068	1	1	0	0
1	1	UID114070	1	1	0	0
1	1	UID114074	1	1	0	0
1	1	UID114078	1	1	0	0
1	1	UID114082	1	1	0	0
1	1	UID114084	1	1	0	0
1	1	UID114107	1	1	0	0
1	1	UID114114	1	1	0	0
1	1	UID114115	1	1	0	0
1	1	UID114116	1	1	0	0
1	1	UID114117	1	1	0	0
1	1	UID114122	1	1	0	0
1	1	UID114123	1	1	0	0
1	1	UID114124	1	1	0	0
1	1	UID114129	1	1	0	0
1	1	UID114130	1	1	0	0
1	1	UID114131	1	1	0	0
1	1	UID114132	1	1	0	0
1	1	UID114139	1	1	0	0
1	1	UID114140	1	1	0	0
1	1	UID114145	1	1	0	0
1	1	UID114147	1	1	0	0
1	1	UID114150	1	1	0	0
1	1	UID114152	1	1	0	0
1	1	UID114154	1	1	0	0
1	1	UID114156	1	1	0	0
1	1	UID114158	1	1	0	0
1	1	UID114162	1	1	0	0
1	1	UID114163	1	1	0	0
1	1	UID114165	1	1	0	0
1	1	UID114175	1	1	0	0
1	1	UID114178	1	1	0	0
1	1	UID114180	1	1	0	0
1	1	UID114182	1	1	0	0
1	1	UID114186	1	1	0	0
1	1	UID114187	1	1	0	0
1	1	UID114188	1	1	0	0
1	1	UID114189	1	1	0	0
1	1	UID114193	1	1	0	0
1	1	UID114194	1	1	0	0
1	1	UID114195	1	1	0	0
1	1	UID114198	1	1	0	0
1	1	UID114199	1	1	0	0
1	1	UID114200	1	1	0	0
1	1	UID114205	1	1	0	0
1	1	UID114206	1	1	0	0
1	1	UID114210	1	1	0	0
1	1	UID114216	1	1	0	0
1	1	UID114223	1	1	0	0
1	1	UID114234	1	1	0	0
1	1	UID114237	1	1	0	0
1	1	UID114241	1	1	0	0
1	1	UID114243	1	1	0	0
1	1	UID114260	1	1	0	0
1	1	UID114261	1	1	0	0
1	1	UID114263	1	1	0	0
1	1	UID114269	1	1	0	0
1	1	UID114270	1	1	0	0
1	1	UID114272	1	1	0	0
1	1	UID114273	1	1	0	0
1	1	UID114275	1	1	0	0
1	1	UID114276	1	1	0	0
1	1	UID114281	1	1	0	0
1	1	UID114283	1	1	0	0
1	1	UID114284	1	1	0	0
1	1	UID114285	1	1	0	0
1	1	UID114295	1	1	0	0
1	1	UID114298	1	1	0	0
1	1	UID114301	1	1	0	0
1	1	UID114303	1	1	0	0
1	1	UID114304	1	1	0	0
1	1	UID114310	1	1	0	0
1	1	UID114329	1	1	0	0
1	1	UID114341	1	1	0	0
1	1	UID114342	1	1	0	0
1	1	UID114343	1	1	0	0
1	1	UID114353	1	1	0	0
1	1	UID114358	1	1	0	0
1	1	UID114361	1	1	0	0
1	1	UID114364	1	1	0	0
1	1	UID114366	1	1	0	0
1	1	UID114367	1	1	0	0
1	1	UID114370	1	1	0	0
1	1	UID114385	1	1	0	0
1	1	UID114386	1	1	0	0
1	1	UID114387	1	1	0	0
1	1	UID114389	1	1	0	0
1	1	UID114393	1	1	0	0
1	1	UID114396	1	1	0	0
1	1	UID114399	1	1	0	0
1	1	UID114402	1	1	0	0
1	1	UID114409	1	1	0	0
1	1	UID114412	1	1	0	0
1	1	UID114466	1	1	0	0
1	1	UID114470	1	1	0	0
1	1	UID114471	1	1	0	0
1	1	UID114475	1	1	0	0
1	1	UID114479	1	1	0	0
1	1	UID114486	1	1	0	0
1	1	UID114487	1	1	0	0
1	1	UID114488	1	1	0	0
1	1	UID114492	1	1	0	0
1	1	UID114497	1	1	0	0
1	1	UID114499	1	1	0	0
1	1	UID114501	1	1	0	0
1	1	UID114502	1	1	0	0
1	1	UID114503	1	1	0	0
1	1	UID114504	1	1	0	0
1	1	UID114506	1	1	0	0
1	1	UID114509	1	1	0	0
1	1	UID114513	1	1	0	0
1	1	UID114514	1	1	0	0
1	1	UID114515	1	1	0	0
1	1	UID114534	1	1	0	0
1	1	UID114539	1	1	0	0
1	1	UID114541	1	1	0	0
1	1	UID114542	1	1	0	0
1	1	UID114554	1	1	0	0
1	1	UID114556	1	1	0	0
1	1	UID114561	1	1	0	0
1	1	UID114562	1	1	0	0
1	1	UID114563	1	1	0	0
1	1	UID114564	1	1	0	0
1	1	UID114567	1	1	0	0
1	1	UID114568	1	1	0	0
1	1	UID114569	1	1	0	0
1	1	UID114570	1	1	0	0
1	1	UID114572	1	1	0	0
1	1	UID114573	1	1	0	0
1	1	UID114574	1	1	0	0
1	1	UID114575	1	1	0	0
1	1	UID114579	1	1	0	0
1	1	UID114583	1	1	0	0
1	1	UID114584	1	1	0	0
1	1	UID114594	1	1	0	0
1	1	UID114605	1	1	0	0
1	1	UID114633	1	1	0	0
1	1	UID114639	1	1	0	0
1	1	UID114642	1	1	0	0
1	1	UID114643	1	1	0	0
1	1	UID114658	1	1	0	0
1	1	UID114660	1	1	0	0
1	1	UID114663	1	1	0	0
1	1	UID114664	1	1	0	0
1	1	UID114682	1	1	0	0
1	1	UID114684	1	1	0	0
1	1	UID114686	1	1	0	0
1	1	UID114699	1	1	0	0
1	1	UID114700	1	1	0	0
1	1	UID114715	1	1	0	0
1	1	UID114717	1	1	0	0
1	1	UID114719	1	1	0	0
1	1	UID114723	1	1	0	0
1	1	UID114732	1	1	0	0
1	1	UID114742	1	1	0	0
1	1	UID114752	1	1	0	0
1	1	UID114755	1	1	0	0
1	1	UID114787	1	1	0	0
1	1	UID114789	1	1	0	0
1	1	UID114790	1	1	0	0
1	1	UID114793	1	1	0	0
1	1	UID114794	1	1	0	0
1	1	UID114796	1	1	0	0
1	1	UID114798	1	1	0	0
1	1	UID114799	1	1	0	0
1	1	UID114800	1	1	0	0
1	1	UID114805	1	1	0	0
1	1	UID114806	1	1	0	0
1	1	UID114808	1	1	0	0
1	1	UID114810	1	1	0	0
1	1	UID114813	1	1	0	0
1	1	UID114816	1	1	0	0
1	1	UID114819	1	1	0	0
1	1	UID114822	1	1	0	0
1	1	UID114823	1	1	0	0
1	1	UID114824	1	1	0	0
1	1	UID114827	1	1	0	0
1	1	UID114831	1	1	0	0
1	1	UID114837	1	1	0	0
1	1	UID114866	1	1	0	0
1	1	UID114867	1	1	0	0
1	1	UID114869	1	1	0	0
1	1	UID114871	1	1	0	0
1	1	UID114876	1	1	0	0
1	1	UID114877	1	1	0	0
1	1	UID114879	1	1	0	0
1	1	UID114884	1	1	0	0
1	1	UID114890	1	1	0	0
1	1	UID114891	1	1	0	0
1	1	UID114892	1	1	0	0
1	1	UID114893	1	1	0	0
1	1	UID114895	1	1	0	0
1	1	UID114896	1	1	0	0
1	1	UID114899	1	1	0	0
1	1	UID114912	1	1	0	0
1	1	UID114926	1	1	0	0
1	1	UID114977	1	1	0	0
1	1	UID114979	1	1	0	0
1	1	UID114982	1	1	0	0
1	1	UID114983	1	1	0	0
1	1	UID114986	1	1	0	0
1	1	UID114987	1	1	0	0
1	1	UID114989	1	1	0	0
1	1	UID115006	1	1	0	0
1	1	UID115009	1	1	0	0
1	1	UID115016	1	1	0	0
1	1	UID115020	1	1	0	0
1	1	UID115023	1	1	0	0
1	1	UID115025	1	1	0	0
1	1	UID115026	1	1	0	0
1	1	UID115028	1	1	0	0
1	1	UID115029	1	1	0	0
1	1	UID115034	1	1	0	0
1	1	UID115036	1	1	0	0
1	1	UID115038	1	1	0	0
1	1	UID115046	1	1	0	0
1	1	UID115066	1	1	0	0
1	1	UID115078	1	1	0	0
1	1	UID115084	1	1	0	0
1	1	UID115085	1	1	0	0
1	1	UID115093	1	1	0	0
1	1	UID115097	1	1	0	0
1	1	UID115106	1	1	0	0
1	1	UID115108	1	1	0	0
1	1	UID115126	1	1	0	0
1	1	UID115129	1	1	0	0
1	1	UID115133	1	1	0	0
1	1	UID115139	1	1	0	0
1	1	UID115140	1	1	0	0
1	1	UID115141	1	1	0	0
1	1	UID115143	1	1	0	0
1	1	UID115158	1	1	0	0
1	1	UID115160	1	1	0	0
1	1	UID115163	1	1	0	0
1	1	UID115199	1	1	0	0
1	1	UID115202	1	1	0	0
1	1	UID115203	1	1	0	0
1	1	UID115204	1	1	0	0
1	1	UID115206	1	1	0	0
1	1	UID115207	1	1	0	0
1	1	UID115223	1	1	0	0
1	1	UID115224	1	1	0	0
1	1	UID115225	1	1	0	0
1	1	UID115226	1	1	0	0
1	1	UID115230	1	1	0	0
1	1	UID115231	1	1	0	0
1	1	UID115236	1	1	0	0
1	1	UID115241	1	1	0	0
1	1	UID115243	1	1	0	0
1	1	UID115244	1	1	0	0
1	1	UID115245	1	1	0	0
1	1	UID115246	1	1	0	0
1	1	UID115249	1	1	0	0
1	1	UID115251	1	1	0	0
1	1	UID115254	1	1	0	0
1	1	UID115255	1	1	0	0
1	1	UID115256	1	1	0	0
1	1	UID115257	1	1	0	0
1	1	UID115261	1	1	0	0
1	1	UID115263	1	1	0	0
1	1	UID115264	1	1	0	0
1	1	UID115265	1	1	0	0
1	1	UID115266	1	1	0	0
1	1	UID115267	1	1	0	0
1	1	UID115268	1	1	0	0
1	1	UID115269	1	1	0	0
1	1	UID115270	1	1	0	0
1	1	UID115271	1	1	0	0
1	1	UID115272	1	1	0	0
1	1	UID115273	1	1	0	0
1	1	UID115274	1	1	0	0
1	1	UID115275	1	1	0	0
1	1	UID115276	1	1	0	0
1	1	UID115277	1	1	0	0
1	1	UID115278	1	1	0	0
1	1	UID115279	1	1	0	0
1	1	UID115280	1	1	0	0
1	1	UID115281	1	1	0	0
1	1	UID115282	1	1	0	0
1	1	UID115283	1	1	0	0
1	1	UID115284	1	1	0	0
1	1	UID115285	1	1	0	0
1	1	UID115286	1	1	0	0
1	1	UID115287	1	1	0	0
1	1	UID115288	1	1	0	0
1	1	UID115289	1	1	0	0
1	1	UID115290	1	1	0	0
1	1	UID115291	1	1	0	0
1	1	UID115292	1	1	0	0
1	1	UID115293	1	1	0	0
1	1	UID115294	1	1	0	0
1	1	UID115295	1	1	0	0
1	1	UID115296	1	1	0	0
1	1	UID115297	1	1	0	0
1	1	UID115298	1	1	0	0
1	1	UID115299	1	1	0	0
1	1	UID115300	1	1	0	0
1	1	UID115302	1	1	0	0
2	2	UID115303	1	2	1	1
1	1	UID115305	1	1	0	0
1	1	UID115313	1	1	0	0
1	1	UID115314	1	1	0	0
1	1	UID115315	1	1	0	0
1	1	UID115316	1	1	0	0
1	1	UID115319	1	1	0	0
1	1	UID115321	1	1	0	0
1	1	UID115322	1	1	0	0
1	1	UID115325	1	1	0	0
1	1	UID115326	1	1	0	0
1	1	UID115327	1	1	0	0
1	1	UID115328	1	1	0	0
1	1	UID115329	1	1	0	0
1	1	UID115331	1	1	0	0
1	1	UID115332	1	1	0	0
1	1	UID115333	1	1	0	0
1	1	UID115334	1	1	0	0
1	1	UID115335	1	1	0	0
1	1	UID115336	1	1	0	0
1	1	UID115337	1	1	0	0
1	1	UID115340	1	1	0	0
1	1	UID115341	1	1	0	0
1	1	UID115342	1	1	0	0
1	1	UID115343	1	1	0	0
1	1	UID115345	1	1	0	0
1	1	UID115346	1	1	0	0
1	1	UID115347	1	1	0	0
1	1	UID115348	1	1	0	0
1	1	UID115351	1	1	0	0
1	1	UID115352	1	1	0	0
1	1	UID115353	1	1	0	0
1	1	UID115354	1	1	0	0
1	1	UID115355	1	1	0	0
1	1	UID115356	1	1	0	0
1	1	UID115357	1	1	0	0
1	1	UID115359	1	1	0	0
1	1	UID115360	1	1	0	0
1	1	UID115361	1	1	0	0
1	1	UID115362	1	1	0	0
1	1	UID115363	1	1	0	0
1	1	UID115364	1	1	0	0
1	1	UID115365	1	1	0	0
1	1	UID115366	1	1	0	0
1	1	UID115367	1	1	0	0
1	1	UID115369	1	1	0	0
4	4	UID115371	1	4	2	2
1	1	UID115374	1	1	0	0
1	1	UID115375	1	1	0	0
1	1	UID115376	1	1	0	0
1	1	UID115378	1	1	0	0
1	1	UID115379	1	1	0	0
1	1	UID115382	1	1	0	0
1	1	UID115383	1	1	0	0
1	1	UID115385	1	1	0	0
1	1	UID115386	1	1	0	0
1	1	UID115388	1	1	0	0
1	1	UID115391	1	1	0	0
1	1	UID115392	1	1	0	0
1	1	UID115393	1	1	0	0
1	1	UID115394	1	1	0	0
1	1	UID115395	1	1	0	0
1	1	UID115396	1	1	0	0
1	1	UID115397	1	1	0	0
1	1	UID115398	1	1	0	0
1	1	UID115399	1	1	0	0
1	1	UID115400	1	1	0	0
1	1	UID115401	1	1	0	0
1	1	UID115402	1	1	0	0
1	1	UID115405	1	1	0	0
1	1	UID115416	1	1	0	0
1	1	UID115417	1	1	0	0
1	1	UID115419	1	1	0	0
1	1	UID115420	1	1	0	0
1	1	UID115425	1	1	0	0
1	1	UID115430	1	1	0	0
1	1	UID115432	1	1	0	0
1	1	UID115434	1	1	0	0
1	1	UID115435	1	1	0	0
1	1	UID115449	1	1	0	0
1	1	UID115458	1	1	0	0
1	1	UID115477	1	1	0	0
1	1	UID115481	1	1	0	0
1	1	UID115482	1	1	0	0
1	1	UID115483	1	1	0	0
1	1	UID115484	1	1	0	0
1	1	UID115485	1	1	0	0
1	1	UID115486	1	1	0	0
1	1	UID115487	1	1	0	0
1	1	UID115488	1	1	0	0
1	1	UID115489	1	1	0	0
1	1	UID115490	1	1	0	0
1	1	UID115495	1	1	0	0
1	1	UID115496	1	1	0	0
1	1	UID115497	1	1	0	0
1	1	UID115498	1	1	0	0
1	1	UID115499	1	1	0	0
1	1	UID115500	1	1	0	0
1	1	UID115501	1	1	0	0
1	1	UID115502	1	1	0	0
1	1	UID115503	1	1	0	0
1	1	UID115504	1	1	0	0
1	1	UID115506	1	1	0	0
1	1	UID115507	1	1	0	0
1	1	UID115508	1	1	0	0
1	1	UID115509	1	1	0	0
1	1	UID115511	1	1	0	0
1	1	UID115512	1	1	0	0
1	1	UID115513	1	1	0	0
1	1	UID115514	1	1	0	0
1	1	UID115515	1	1	0	0
1	1	UID115518	1	1	0	0
1	1	UID115519	1	1	0	0
1	1	UID115520	1	1	0	0
1	1	UID115522	1	1	0	0
1	1	UID115527	1	1	0	0
1	1	UID115529	1	1	0	0
1	1	UID115530	1	1	0	0
1	1	UID115531	1	1	0	0
1	1	UID115532	1	1	0	0
1	1	UID115534	1	1	0	0
1	1	UID115535	1	1	0	0
1	1	UID115537	1	1	0	0
1	1	UID115542	1	1	0	0
1	1	UID115543	1	1	0	0
1	1	UID115551	1	1	0	0
1	1	UID115554	1	1	0	0
1	1	UID115555	1	1	0	0
1	1	UID115556	1	1	0	0
1	1	UID115557	1	1	0	0
1	1	UID115574	1	1	0	0
1	1	UID115583	1	1	0	0
1	1	UID115617	1	1	0	0
1	1	UID115624	1	1	0	0
1	1	UID115628	1	1	0	0
1	1	UID115630	1	1	0	0
1	1	UID115633	1	1	0	0
1	1	UID115635	1	1	0	0
1	1	UID115647	1	1	0	0
1	1	UID115659	1	1	0	0
1	1	UID115663	1	1	0	0
1	1	UID115668	1	1	0	0
1	1	UID115672	1	1	0	0
1	1	UID115677	1	1	0	0
1	1	UID115680	1	1	0	0
1	1	UID115681	1	1	0	0
1	1	UID115684	1	1	0	0
1	1	UID115685	1	1	0	0
1	1	UID115693	1	1	0	0
1	1	UID115700	1	1	0	0
1	1	UID115727	1	1	0	0
1	1	UID115733	1	1	0	0
1	1	UID115741	1	1	0	0
1	1	UID115745	1	1	0	0
1	1	UID115751	1	1	0	0
1	1	UID115753	1	1	0	0
1	1	UID115755	1	1	0	0
1	1	UID115757	1	1	0	0
1	1	UID115759	1	1	0	0
1	1	UID115762	1	1	0	0
1	1	UID115769	1	1	0	0
1	1	UID115772	1	1	0	0
1	1	UID115782	1	1	0	0
1	1	UID115783	1	1	0	0
1	1	UID115784	1	1	0	0
1	1	UID115785	1	1	0	0
1	1	UID115791	1	1	0	0
1	1	UID115795	1	1	0	0
1	1	UID115798	1	1	0	0
1	1	UID115805	1	1	0	0
1	1	UID115807	1	1	0	0
1	1	UID115809	1	1	0	0
1	1	UID115813	1	1	0	0
1	1	UID115821	1	1	0	0
1	1	UID115829	1	1	0	0
1	1	UID115837	1	1	0	0
1	1	UID115858	1	1	0	0
1	1	UID115887	1	1	0	0
1	1	UID115888	1	1	0	0
1	1	UID115893	1	1	0	0
1	1	UID115898	1	1	0	0
1	1	UID115903	1	1	0	0
1	1	UID115910	1	1	0	0
1	1	UID115915	1	1	0	0
1	1	UID115922	1	1	0	0
1	1	UID115930	1	1	0	0
1	1	UID115939	1	1	0	0
1	1	UID115940	1	1	0	0
1	1	UID115968	1	1	0	0
1	1	UID115979	1	1	0	0
1	1	UID115984	1	1	0	0
1	1	UID115988	1	1	0	0
1	1	UID115991	1	1	0	0
1	1	UID115994	1	1	0	0
1	1	UID116009	1	1	0	0
1	1	UID116012	1	1	0	0
1	1	UID116016	1	1	0	0
1	1	UID116017	1	1	0	0
1	1	UID116018	1	1	0	0
1	1	UID116020	1	1	0	0
1	1	UID116028	1	1	0	0
1	1	UID116032	1	1	0	0
1	1	UID116033	1	1	0	0
1	1	UID116039	1	1	0	0
1	1	UID116054	1	1	0	0
1	1	UID116061	1	1	0	0
1	1	UID116070	1	1	0	0
1	1	UID116072	1	1	0	0
1	1	UID116089	1	1	0	0
1	1	UID116104	1	1	0	0
1	1	UID116107	1	1	0	0
1	1	UID116112	1	1	0	0
1	1	UID116115	1	1	0	0
1	1	UID116116	1	1	0	0
1	1	UID116125	1	1	0	0
1	1	UID116128	1	1	0	0
1	1	UID116129	1	1	0	0
1	1	UID116142	1	1	0	0
1	1	UID116143	1	1	0	0
1	1	UID116148	1	1	0	0
1	1	UID116180	1	1	0	0
1	1	UID116185	1	1	0	0
1	1	UID116188	1	1	0	0
1	1	UID116189	1	1	0	0
1	1	UID116194	1	1	0	0
1	1	UID116195	1	1	0	0
1	1	UID116201	1	1	0	0
1	1	UID116202	1	1	0	0
1	1	UID116208	1	1	0	0
1	1	UID116222	1	1	0	0
1	1	UID116224	1	1	0	0
1	1	UID116227	1	1	0	0
1	1	UID116233	1	1	0	0
1	1	UID116239	1	1	0	0
1	1	UID116245	1	1	0	0
1	1	UID116247	1	1	0	0
1	1	UID116250	1	1	0	0
1	1	UID116251	1	1	0	0
1	1	UID116256	1	1	0	0
1	1	UID116258	1	1	0	0
1	1	UID116287	1	1	0	0
1	1	UID116290	1	1	0	0
1	1	UID116297	1	1	0	0
1	1	UID116302	1	1	0	0
1	1	UID116307	1	1	0	0
1	1	UID116319	1	1	0	0
1	1	UID116321	1	1	0	0
1	1	UID116322	1	1	0	0
1	1	UID116327	1	1	0	0
1	1	UID116333	1	1	0	0
1	1	UID116334	1	1	0	0
1	1	UID116335	1	1	0	0
1	1	UID116336	1	1	0	0
1	1	UID116337	1	1	0	0
1	1	UID116340	1	1	0	0
1	1	UID116342	1	1	0	0
1	1	UID116344	1	1	0	0
1	1	UID116350	1	1	0	0
1	1	UID116351	1	1	0	0
1	1	UID116352	1	1	0	0
1	1	UID116353	1	1	0	0
1	1	UID116354	1	1	0	0
1	1	UID116355	1	1	0	0
1	1	UID116356	1	1	0	0
1	1	UID116357	1	1	0	0
1	1	UID116358	1	1	0	0
1	1	UID116359	1	1	0	0
1	1	UID116366	1	1	0	0
1	1	UID116368	1	1	0	0
1	1	UID116376	1	1	0	0
5	5	UID116377	1	5	1	1
1	1	UID116380	1	1	0	0
1	1	UID116383	1	1	0	0
1	1	UID116384	1	1	0	0
1	1	UID116388	1	1	0	0
4	4	UID116420	1	4	2	2
1	1	UID116427	1	1	0	0
1	1	UID116439	1	1	0	0
1	1	UID116442	1	1	0	0
1	1	UID116443	1	1	0	0
1	1	UID116448	1	1	0	0
1	1	UID116449	1	1	0	0
1	1	UID116450	1	1	0	0
1	1	UID116451	1	1	0	0
1	1	UID116454	1	1	0	0
1	1	UID116457	1	1	0	0
1	1	UID116458	1	1	0	0
1	1	UID116459	1	1	0	0
1	1	UID116461	1	1	0	0
1	1	UID116462	1	1	0	0
1	1	UID116463	1	1	0	0
1	1	UID116464	1	1	0	0
1	1	UID116465	1	1	0	0
1	1	UID116466	1	1	0	0
1	1	UID116476	1	1	0	0
1	1	UID116483	1	1	0	0
1	1	UID116484	1	1	0	0
1	1	UID116485	1	1	0	0
1	1	UID116487	1	1	0	0
1	1	UID116492	1	1	0	0
1	1	UID116497	1	1	0	0
1	1	UID116501	1	1	0	0
1	1	UID116503	1	1	0	0
1	1	UID116504	1	1	0	0
1	1	UID116505	1	1	0	0
1	1	UID116509	1	1	0	0
1	1	UID116512	1	1	0	0
1	1	UID116513	1	1	0	0
1	1	UID116514	1	1	0	0
1	1	UID116515	1	1	0	0
1	1	UID116516	1	1	0	0
1	1	UID116520	1	1	0	0
1	1	UID116521	1	1	0	0
1	1	UID116557	1	1	0	0
1	1	UID116562	1	1	0	0
1	1	UID116564	1	1	0	0
1	1	UID116567	1	1	0	0
1	1	UID116573	1	1	0	0
1	1	UID116577	1	1	0	0
1	1	UID116579	1	1	0	0
1	1	UID116580	1	1	0	0
1	1	UID116581	1	1	0	0
1	1	UID116587	1	1	0	0
1	1	UID116597	1	1	0	0
1	1	UID116598	1	1	0	0
1	1	UID116613	1	1	0	0
1	1	UID116618	1	1	0	0
1	1	UID116623	1	1	0	0
1	1	UID116627	1	1	0	0
1	1	UID116631	1	1	0	0
1	1	UID116649	1	1	0	0
1	1	UID116664	1	1	0	0
1	1	UID116675	1	1	0	0
1	1	UID116677	1	1	0	0
1	1	UID116678	1	1	0	0
1	1	UID116681	1	1	0	0
1	1	UID116684	1	1	0	0
1	1	UID116685	1	1	0	0
1	1	UID116691	1	1	0	0
1	1	UID116692	1	1	0	0
1	1	UID116709	1	1	0	0
1	1	UID116712	1	1	0	0
1	1	UID116713	1	1	0	0
1	1	UID116719	1	1	0	0
1	1	UID116721	1	1	0	0
1	1	UID116722	1	1	0	0
1	1	UID116724	1	1	0	0
1	1	UID116728	1	1	0	0
1	1	UID116741	1	1	0	0
1	1	UID116744	1	1	0	0
1	1	UID116752	1	1	0	0
1	1	UID116777	1	1	0	0
1	1	UID116784	1	1	0	0
1	1	UID116785	1	1	0	0
1	1	UID116793	1	1	0	0
1	1	UID116803	1	1	0	0
1	1	UID116807	1	1	0	0
1	1	UID116809	1	1	0	0
1	1	UID116813	1	1	0	0
1	1	UID116817	1	1	0	0
1	1	UID116819	1	1	0	0
1	1	UID116830	1	1	0	0
1	1	UID116833	1	1	0	0
1	1	UID116842	1	1	0	0
1	1	UID116844	1	1	0	0
1	1	UID116845	1	1	0	0
1	1	UID116848	1	1	0	0
1	1	UID116851	1	1	0	0
1	1	UID116854	1	1	0	0
1	1	UID116862	1	1	0	0
1	1	UID116867	1	1	0	0
1	1	UID116870	1	1	0	0
1	1	UID116871	1	1	0	0
1	1	UID116872	1	1	0	0
1	1	UID116878	1	1	0	0
1	1	UID116923	1	1	0	0
1	1	UID116930	1	1	0	0
1	1	UID116931	1	1	0	0
1	1	UID116942	1	1	0	0
1	1	UID116943	1	1	0	0
1	1	UID116948	1	1	0	0
1	1	UID116954	1	1	0	0
1	1	UID116956	1	1	0	0
1	1	UID116959	1	1	0	0
1	1	UID116967	1	1	0	0
1	1	UID116975	1	1	0	0
1	1	UID116978	1	1	0	0
1	1	UID116990	1	1	0	0
1	1	UID116992	1	1	0	0
1	1	UID116994	1	1	0	0
1	1	UID117004	1	1	0	0
1	1	UID117008	1	1	0	0
1	1	UID117009	1	1	0	0
1	1	UID117011	1	1	0	0
1	1	UID117042	1	1	0	0
1	1	UID117049	1	1	0	0
1	1	UID117053	1	1	0	0
1	1	UID117055	1	1	0	0
1	1	UID117056	1	1	0	0
1	1	UID117058	1	1	0	0
1	1	UID117061	1	1	0	0
1	1	UID117062	1	1	0	0
1	1	UID117069	1	1	0	0
1	1	UID117071	1	1	0	0
1	1	UID117072	1	1	0	0
1	1	UID117075	1	1	0	0
1	1	UID117076	1	1	0	0
1	1	UID117078	1	1	0	0
1	1	UID117080	1	1	0	0
1	1	UID117087	1	1	0	0
1	1	UID117088	1	1	0	0
1	1	UID117091	1	1	0	0
1	1	UID117098	1	1	0	0
1	1	UID117100	1	1	0	0
1	1	UID117104	1	1	0	0
1	1	UID117109	1	1	0	0
1	1	UID117111	1	1	0	0
1	1	UID117119	1	1	0	0
1	1	UID117121	1	1	0	0
1	1	UID117134	1	1	0	0
1	1	UID117135	1	1	0	0
1	1	UID117136	1	1	0	0
1	1	UID117137	1	1	0	0
1	1	UID117138	1	1	0	0
1	1	UID117139	1	1	0	0
1	1	UID117149	1	1	0	0
1	1	UID117156	1	1	0	0
1	1	UID117162	1	1	0	0
1	1	UID117165	1	1	0	0
1	1	UID117167	1	1	0	0
1	1	UID117179	1	1	0	0
1	1	UID117181	1	1	0	0
1	1	UID117183	1	1	0	0
1	1	UID117184	1	1	0	0
1	1	UID117226	1	1	0	0
1	1	UID117232	1	1	0	0
1	1	UID117236	1	1	0	0
1	1	UID117237	1	1	0	0
1	1	UID117245	1	1	0	0
1	1	UID117246	1	1	0	0
1	1	UID117255	1	1	0	0
1	1	UID117256	1	1	0	0
1	1	UID117261	1	1	0	0
1	1	UID117263	1	1	0	0
1	1	UID117271	1	1	0	0
1	1	UID117272	1	1	0	0
1	1	UID117273	1	1	0	0
1	1	UID117275	1	1	0	0
1	1	UID117276	1	1	0	0
1	1	UID117279	1	1	0	0
1	1	UID117286	1	1	0	0
1	1	UID117289	1	1	0	0
1	1	UID117292	1	1	0	0
1	1	UID117296	1	1	0	0
1	1	UID117297	1	1	0	0
1	1	UID117298	1	1	0	0
1	1	UID117304	1	1	0	0
1	1	UID117309	1	1	0	0
1	1	UID117318	1	1	0	0
1	1	UID117365	1	1	0	0
1	1	UID117367	1	1	0	0
1	1	UID117371	1	1	0	0
1	1	UID117377	1	1	0	0
1	1	UID117384	1	1	0	0
1	1	UID117387	1	1	0	0
1	1	UID117402	1	1	0	0
1	1	UID117408	1	1	0	0
1	1	UID117411	1	1	0	0
1	1	UID117415	1	1	0	0
1	1	UID117420	1	1	0	0
1	1	UID117424	1	1	0	0
1	1	UID117425	1	1	0	0
1	1	UID117429	1	1	0	0
1	1	UID117431	1	1	0	0
1	1	UID117432	1	1	0	0
1	1	UID117459	1	1	0	0
1	1	UID117467	1	1	0	0
1	1	UID117468	1	1	0	0
1	1	UID117476	1	1	0	0
1	1	UID117481	1	1	0	0
1	1	UID117491	1	1	0	0
1	1	UID117497	1	1	0	0
1	1	UID117498	1	1	0	0
1	1	UID117500	1	1	0	0
1	1	UID117518	1	1	0	0
1	1	UID117531	1	1	0	0
1	1	UID117533	1	1	0	0
1	1	UID117540	1	1	0	0
1	1	UID117558	1	1	0	0
1	1	UID117561	1	1	0	0
1	1	UID117565	1	1	0	0
1	1	UID117571	1	1	0	0
1	1	UID117574	1	1	0	0
1	1	UID117575	1	1	0	0
1	1	UID117589	1	1	0	0
1	1	UID117595	1	1	0	0
1	1	UID117600	1	1	0	0
1	1	UID117603	1	1	0	0
1	1	UID117604	1	1	0	0
1	1	UID117606	1	1	0	0
1	1	UID117608	1	1	0	0
1	1	UID117616	1	1	0	0
1	1	UID117623	1	1	0	0
1	1	UID117628	1	1	0	0
1	1	UID117629	1	1	0	0
1	1	UID117630	1	1	0	0
1	1	UID117631	1	1	0	0
1	1	UID117632	1	1	0	0
1	1	UID117634	1	1	0	0
1	1	UID117655	1	1	0	0
1	1	UID117657	1	1	0	0
1	1	UID117661	1	1	0	0
1	1	UID117668	1	1	0	0
1	1	UID117673	1	1	0	0
1	1	UID117681	1	1	0	0
1	1	UID117682	1	1	0	0
1	1	UID117684	1	1	0	0
1	1	UID117685	1	1	0	0
1	1	UID117688	1	1	0	0
1	1	UID117689	1	1	0	0
1	1	UID117699	1	1	0	0
1	1	UID117701	1	1	0	0
1	1	UID117704	1	1	0	0
1	1	UID117707	1	1	0	0
1	1	UID117712	1	1	0	0
1	1	UID117714	1	1	0	0
1	1	UID117730	1	1	0	0
1	1	UID117739	1	1	0	0
1	1	UID117747	1	1	0	0
1	1	UID117748	1	1	0	0
1	1	UID117750	1	1	0	0
1	1	UID117751	1	1	0	0
1	1	UID117753	1	1	0	0
1	1	UID117754	1	1	0	0
1	1	UID117755	1	1	0	0
1	1	UID117756	1	1	0	0
1	1	UID117757	1	1	0	0
1	1	UID117761	1	1	0	0
1	1	UID117762	1	1	0	0
1	1	UID117766	1	1	0	0
1	1	UID117768	1	1	0	0
1	1	UID117770	1	1	0	0
1	1	UID117771	1	1	0	0
1	1	UID117773	1	1	0	0
1	1	UID117791	1	1	0	0
1	1	UID117823	1	1	0	0
1	1	UID117825	1	1	0	0
1	1	UID117830	1	1	0	0
1	1	UID117837	1	1	0	0
1	1	UID117843	1	1	0	0
1	1	UID117845	1	1	0	0
1	1	UID117849	1	1	0	0
1	1	UID117850	1	1	0	0
1	1	UID117851	1	1	0	0
1	1	UID117853	1	1	0	0
1	1	UID117856	1	1	0	0
1	1	UID117857	1	1	0	0
1	1	UID117863	1	1	0	0
1	1	UID117869	1	1	0	0
1	1	UID117870	1	1	0	0
1	1	UID117873	1	1	0	0
1	1	UID117886	1	1	0	0
1	1	UID117888	1	1	0	0
1	1	UID117893	1	1	0	0
1	1	UID117898	1	1	0	0
1	1	UID117900	1	1	0	0
1	1	UID117902	1	1	0	0
1	1	UID117905	1	1	0	0
1	1	UID117907	1	1	0	0
1	1	UID117911	1	1	0	0
1	1	UID117912	1	1	0	0
1	1	UID117913	1	1	0	0
1	1	UID117916	1	1	0	0
1	1	UID117918	1	1	0	0
1	1	UID117919	1	1	0	0
1	1	UID117922	1	1	0	0
1	1	UID117925	1	1	0	0
1	1	UID117926	1	1	0	0
1	1	UID117969	1	1	0	0
1	1	UID117978	1	1	0	0
1	1	UID117981	1	1	0	0
1	1	UID117982	1	1	0	0
1	1	UID117984	1	1	0	0
1	1	UID117989	1	1	0	0
1	1	UID117993	1	1	0	0
1	1	UID117994	1	1	0	0
1	1	UID117996	1	1	0	0
1	1	UID117999	1	1	0	0
1	1	UID118002	1	1	0	0
1	1	UID118003	1	1	0	0
1	1	UID118006	1	1	0	0
1	1	UID118015	1	1	0	0
1	1	UID118021	1	1	0	0
1	1	UID118031	1	1	0	0
1	1	UID118034	1	1	0	0
1	1	UID118037	1	1	0	0
1	1	UID118038	1	1	0	0
1	1	UID118040	1	1	0	0
1	1	UID118042	1	1	0	0
1	1	UID118043	1	1	0	0
1	1	UID118044	1	1	0	0
1	1	UID118045	1	1	0	0
1	1	UID118046	1	1	0	0
1	1	UID118048	1	1	0	0
1	1	UID118049	1	1	0	0
1	1	UID118051	1	1	0	0
1	1	UID118058	1	1	0	0
1	1	UID118059	1	1	0	0
1	1	UID118060	1	1	0	0
1	1	UID118061	1	1	0	0
1	1	UID118070	1	1	0	0
1	1	UID118071	1	1	0	0
1	1	UID118072	1	1	0	0
1	1	UID118078	1	1	0	0
1	1	UID118081	1	1	0	0
1	1	UID118086	1	1	0	0
1	1	UID1421	1	1	0	0
1	1	UID205	1	1	0	0
1	1	UID30142	1	1	0	0
1	1	UID38516	1	1	0	0
1	1	UID45722	1	1	0	0
1	1	UID53414	1	1	0	0
1	1	UID54545	1	1	0	0
1	1	UID59847	1	1	0	0
1	1	UID6264	1	1	0	0
1	1	UID68808	1	1	0	0
1	1	UID69092	1	1	0	0
1	1	UID70101	1	1	0	0
1	1	UID70375	1	1	0	0
1	1	UID74914	1	1	0	0
1	1	UID79337	1	1	0	0
1	1	UID79829	1	1	0	0
1	1	UID8140	1	1	0	0
1	1	UID857	1	1	0	0
1	1	UID86698	1	1	0	0
1	1	UID98259	1	1	0	0
