6505	57904	UID51891	33674	5511	4	4
137	5496	UID51670	5280	92	2	2
212	571	UID65771	320	178	2	2
242	635	UID2	306	208	3	3
280	765	UID65819	243	248	3	3
157	396	UID65830	203	126	3	3
171	392	UID65836	195	150	2	2
101	317	UID1	192	87	2	2
139	301	UID65946	155	130	2	2
155	329	UID67650	137	139	3	3
96	239	UID65867	133	85	2	2
108	251	UID65945	133	96	2	2
100	239	UID65862	132	91	2	2
114	267	UID65954	130	105	3	3
21	150	UID65831	128	18	1	1
91	225	UID65948	127	82	2	2
104	243	UID65938	126	90	2	2
109	241	UID66133	126	102	2	2
109	237	UID66067	124	103	2	2
128	262	UID65850	123	116	2	2
92	225	UID65866	123	82	2	2
82	209	UID65937	122	75	2	2
84	208	UID66054	120	78	2	2
98	224	UID60117	118	88	2	2
96	208	UID27308	109	92	2	2
68	179	UID66132	108	63	2	2
71	184	UID65860	107	63	2	2
101	208	UID66063	101	93	2	2
76	184	UID65849	100	67	2	2
71	173	UID65851	98	65	2	2
62	162	UID66472	97	57	2	2
65	163	UID65881	95	60	2	2
65	162	UID66134	95	61	2	2
66	160	UID65994	94	64	2	2
65	161	UID65996	93	60	2	2
91	192	UID66146	93	82	3	3
62	158	UID65995	91	56	2	2
92	191	UID66130	91	82	2	2
63	154	UID60135	88	58	2	2
58	145	UID66265	86	55	2	2
61	148	UID66283	86	58	2	2
58	143	UID66783	85	56	2	2
65	149	UID66064	84	63	2	2
64	147	UID65880	81	60	2	2
53	136	UID66792	81	49	2	2
92	186	UID65951	78	82	2	2
48	131	UID66782	78	42	2	2
60	140	UID66055	77	55	2	2
76	156	UID66765	77	71	2	2
61	142	UID66766	75	56	2	2
51	125	UID66280	74	49	2	2
54	127	UID66065	73	52	2	2
55	130	UID66471	70	48	1	1
44	116	UID66767	70	40	2	2
8	71	UID53934	64	7	0	0
62	129	UID66457	64	57	2	2
35	98	UID65794	63	33	1	1
11	72	UID52458	62	10	0	0
53	116	UID65993	61	49	2	2
46	105	UID66456	60	45	2	2
49	112	UID66264	59	43	2	2
45	104	UID66458	53	38	1	1
45	100	UID67490	52	40	1	1
31	85	UID75338	52	28	2	2
48	100	UID65936	51	45	2	2
37	87	UID66761	51	36	2	2
42	93	UID66764	51	40	2	2
54	107	UID66131	49	48	2	2
23	73	UID96763	49	20	1	1
11	56	UID60228	46	10	0	0
11	54	UID65748	44	10	1	1
24	68	UID66495	44	22	1	1
10	53	UID65745	43	8	1	1
42	86	UID66762	43	39	2	2
33	74	UID67449	42	32	1	1
41	82	UID66282	41	39	2	2
9	48	UID65747	40	8	1	1
21	60	UID67494	40	20	2	2
32	72	UID75751	40	30	2	2
31	71	UID96764	40	29	2	2
26	65	UID67499	39	24	2	2
18	54	UID67444	37	17	1	1
3	39	UID54017	36	1	0	0
4	39	UID65757	36	3	0	0
31	68	UID67451	36	28	2	2
34	68	UID10648	35	33	1	1
6	41	UID65743	35	4	1	1
23	57	UID66768	35	22	2	2
25	60	UID75293	35	23	1	1
24	59	UID75636	34	21	1	1
32	65	UID65986	33	30	1	1
20	52	UID67486	33	19	2	2
35	66	UID66784	32	34	1	1
30	63	UID66789	32	27	2	2
25	55	UID66786	31	24	2	2
38	68	UID65861	30	36	2	2
20	50	UID66785	30	18	2	2
25	54	UID96770	30	24	1	1
13	42	UID96771	30	12	1	1
7	35	UID65753	29	6	1	1
18	46	UID65997	29	17	2	2
29	58	UID66790	28	26	1	1
18	44	UID66473	27	17	1	1
19	45	UID75311	27	18	1	1
24	49	UID66787	26	23	2	2
14	39	UID96773	26	13	2	2
2	26	UID65774	25	1	0	0
10	34	UID96774	25	9	1	1
33	56	UID66793	24	32	2	2
19	42	UID75632	24	18	2	2
5	27	UID65752	23	4	0	0
11	33	UID96778	23	10	1	1
3	24	UID52948	22	2	0	0
7	28	UID60229	22	6	1	1
12	33	UID67485	22	11	2	2
13	34	UID75852	22	12	1	1
5	25	UID65760	21	4	1	1
16	37	UID66263	21	14	1	1
25	49	UID67505	21	22	2	2
15	36	UID75295	21	13	1	1
2	21	UID65749	20	1	0	0
6	26	UID65765	20	4	1	1
3	22	UID65781	20	2	0	0
10	29	UID67454	20	9	2	2
9	28	UID60124	19	7	2	2
4	22	UID62784	19	3	1	1
24	43	UID67455	19	22	1	1
2	19	UID53734	18	1	0	0
2	19	UID65773	18	1	1	1
19	36	UID68924	18	18	2	2
11	28	UID96781	18	10	1	1
4	20	UID65751	17	3	0	0
2	18	UID65791	17	1	0	0
2	17	UID62544	16	1	1	1
4	19	UID63394	16	3	0	0
4	19	UID65764	16	3	1	1
10	26	UID75104	16	8	0	0
15	30	UID75712	16	14	1	1
10	26	UID75849	16	8	1	1
4	18	UID65759	15	3	0	0
2	16	UID65767	15	1	0	0
9	23	UID75198	15	8	1	1
2	15	UID65756	14	1	0	0
3	16	UID65766	14	2	0	0
1	14	UID65779	14	0	0	0
2	15	UID65783	14	1	0	0
2	15	UID65797	14	1	0	0
10	23	UID75302	14	9	1	1
10	23	UID75313	14	9	1	1
13	26	UID75792	14	12	1	1
5	18	UID96791	14	4	1	1
1	13	UID64396	13	0	0	0
3	15	UID65754	13	2	1	1
3	15	UID65807	13	2	0	0
7	20	UID66758	13	5	0	0
9	21	UID67438	13	8	1	1
12	24	UID96794	13	11	1	1
2	13	UID57960	12	1	0	0
3	14	UID62853	12	2	1	1
2	13	UID65772	12	1	0	0
4	15	UID65777	12	3	1	1
1	12	UID65780	12	0	0	0
2	13	UID65793	12	1	1	1
5	16	UID75742	12	4	1	1
7	18	UID75863	12	6	1	1
10	22	UID96796	12	8	1	1
21	39	UID329	11	19	2	2
1	11	UID65785	11	0	0	0
17	27	UID67445	11	16	2	2
1	10	UID54292	10	0	0	0
2	11	UID65769	10	1	0	0
3	12	UID65775	10	2	1	1
4	13	UID65786	10	3	0	0
2	11	UID65803	10	1	0	0
10	19	UID65908	10	9	1	1
7	16	UID75598	10	6	1	1
7	16	UID96806	10	6	1	1
9	18	UID96813	10	8	1	1
1	9	UID54652	9	0	0	0
3	11	UID67492	9	2	0	0
6	14	UID75222	9	5	1	1
8	16	UID75349	9	7	1	1
8	16	UID75689	9	7	2	2
10	18	UID75728	9	9	1	1
24	32	UID96821	9	23	2	2
7	15	UID96824	9	6	2	2
2	9	UID65788	8	1	0	0
10	17	UID75808	8	9	1	1
6	13	UID96826	8	5	1	1
7	14	UID96828	8	6	1	1
6	13	UID96829	8	5	1	1
14	23	UID96830	8	11	3	3
5	11	UID65763	7	4	1	1
2	8	UID65795	7	1	1	1
1	7	UID65799	7	0	0	0
1	7	UID65806	7	0	0	0
2	8	UID65922	7	1	0	0
4	10	UID67487	7	3	1	1
5	11	UID75203	7	4	1	1
3	9	UID75345	7	2	1	1
9	15	UID75395	7	8	1	1
25	35	UID899	7	22	2	2
7	13	UID96847	7	6	1	1
2	8	UID96848	7	1	0	0
9	15	UID96849	7	8	1	1
5	11	UID96850	7	4	1	1
11	17	UID96852	7	10	1	1
8	14	UID96853	7	7	1	1
6	12	UID96862	7	5	1	1
5	11	UID96863	7	4	1	1
3	8	UID22	6	2	0	0
1	6	UID65800	6	0	0	0
1	6	UID65805	6	0	0	0
1	6	UID65820	6	0	0	0
1	6	UID65840	6	0	0	0
1	6	UID65855	6	0	0	0
1	6	UID65925	6	0	0	0
1	6	UID66505	6	0	0	0
2	7	UID66795	6	1	0	0
12	17	UID67489	6	11	2	2
9	14	UID96871	6	8	1	1
1	6	UID96872	6	0	0	0
5	10	UID96873	6	4	1	1
7	12	UID96887	6	6	1	1
3	8	UID96888	6	2	1	1
3	8	UID96889	6	2	1	1
9	14	UID96890	6	8	1	1
1	6	UID96897	6	0	0	0
6	10	UID18	5	5	1	1
1	5	UID53386	5	0	0	0
2	6	UID65853	5	1	1	1
1	5	UID65854	5	0	0	0
5	9	UID67484	5	4	1	1
3	7	UID67493	5	2	1	1
5	9	UID75261	5	4	1	1
3	7	UID75362	5	2	1	1
1	5	UID75683	5	0	0	0
6	11	UID75937	5	4	1	1
4	9	UID80126	5	2	1	1
3	7	UID96906	5	2	1	1
2	6	UID96908	5	1	0	0
4	8	UID96909	5	3	1	1
11	17	UID96910	5	9	2	2
5	9	UID96921	5	4	1	1
4	8	UID96922	5	3	1	1
4	8	UID96923	5	3	1	1
5	9	UID96924	5	4	1	1
8	12	UID96926	5	7	1	1
1	5	UID96929	5	0	0	0
8	11	UID160	4	7	1	1
8	11	UID20595	4	7	1	1
6	9	UID29139	4	5	1	1
1	4	UID65811	4	0	0	0
1	4	UID65813	4	0	0	0
1	4	UID65842	4	0	0	0
1	4	UID65872	4	0	0	0
1	4	UID66013	4	0	0	0
1	4	UID66157	4	0	0	0
1	4	UID66167	4	0	0	0
2	5	UID66794	4	1	1	1
1	4	UID66920	4	0	0	0
3	6	UID67488	4	2	1	1
1	4	UID67738	4	0	0	0
6	11	UID69478	4	3	2	2
2	5	UID75363	4	1	1	1
2	5	UID75734	4	1	0	0
5	8	UID75743	4	4	1	1
4	7	UID96931	4	3	1	1
1	4	UID96934	4	0	0	0
4	7	UID96938	4	3	2	2
4	7	UID96940	4	3	1	1
6	9	UID96943	4	5	1	1
2	5	UID96944	4	1	0	0
7	10	UID96969	4	6	1	1
5	8	UID96970	4	4	1	1
5	8	UID96971	4	4	1	1
3	6	UID96972	4	2	1	1
1	4	UID96973	4	0	0	0
2	5	UID96974	4	1	1	1
9	13	UID96975	4	7	1	1
5	8	UID96976	4	4	1	1
3	5	UID6081	3	2	1	1
1	3	UID65822	3	0	0	0
2	4	UID65870	3	1	0	0
2	4	UID65928	3	1	0	0
1	3	UID66081	3	0	0	0
1	3	UID66091	3	0	0	0
2	4	UID66152	3	1	0	0
3	5	UID67436	3	2	0	0
7	9	UID67446	3	6	1	1
1	3	UID68766	3	0	0	0
4	6	UID75038	3	3	1	1
2	4	UID75283	3	1	1	1
4	6	UID75318	3	3	1	1
2	4	UID75384	3	1	1	1
6	8	UID75715	3	5	1	1
1	3	UID80231	3	0	0	0
1	3	UID97018	3	0	0	0
2	4	UID97019	3	1	1	1
2	4	UID97022	3	1	0	0
4	8	UID97023	3	2	1	1
5	7	UID97024	3	4	1	1
4	6	UID97025	3	3	1	1
1	3	UID97027	3	0	0	0
2	4	UID97036	3	1	1	1
1	3	UID97037	3	0	0	0
4	6	UID97039	3	3	1	1
2	4	UID97042	3	1	1	1
1	3	UID97044	3	0	0	0
3	5	UID97046	3	2	1	1
1	3	UID97047	3	0	0	0
2	4	UID97048	3	1	1	1
2	4	UID97052	3	1	1	1
2	4	UID97074	3	1	0	0
2	4	UID97075	3	1	0	0
2	4	UID97076	3	1	1	1
3	5	UID97077	3	2	1	1
2	4	UID97079	3	1	0	0
1	3	UID97080	3	0	0	0
2	4	UID97081	3	1	0	0
2	4	UID97082	3	1	0	0
3	5	UID97083	3	2	1	1
4	6	UID97085	3	3	1	1
1	3	UID97086	3	0	0	0
2	4	UID97089	3	1	0	0
1	3	UID97090	3	0	0	0
3	5	UID97100	3	2	1	1
2	4	UID97101	3	1	1	1
4	6	UID97104	3	3	2	2
1	3	UID97125	3	0	0	0
2	3	UID1153	2	1	1	1
4	5	UID20596	2	3	1	1
2	3	UID348	2	1	1	1
2	3	UID420	2	1	1	1
2	3	UID442	2	1	1	1
1	2	UID51665	2	0	0	0
4	5	UID65796	2	3	1	1
1	2	UID66796	2	0	0	0
4	6	UID75081	2	2	1	1
2	3	UID75194	2	1	1	1
3	4	UID75962	2	2	1	1
4	5	UID82037	2	3	1	1
6	7	UID97141	2	5	1	1
3	4	UID97164	2	2	1	1
1	2	UID97217	2	0	0	0
2	3	UID97222	2	1	1	1
1	2	UID97234	2	0	0	0
1	2	UID97251	2	0	0	0
5	6	UID97295	2	4	1	1
2	3	UID97297	2	1	1	1
2	3	UID97299	2	1	1	1
1	2	UID97302	2	0	0	0
1	2	UID97310	2	0	0	0
1	2	UID97320	2	0	0	0
2	3	UID97331	2	1	1	1
3	4	UID97341	2	2	1	1
2	3	UID97343	2	1	1	1
3	4	UID97346	2	2	1	1
2	3	UID97354	2	1	1	1
2	3	UID97364	2	1	1	1
2	3	UID97375	2	1	1	1
2	3	UID97376	2	1	1	1
2	3	UID97380	2	1	1	1
4	5	UID97390	2	3	1	1
2	3	UID97416	2	1	1	1
2	3	UID97417	2	1	1	1
5	6	UID97433	2	4	1	1
6	7	UID97440	2	5	1	1
5	6	UID97441	2	4	2	2
3	4	UID97569	2	2	1	1
2	3	UID97579	2	1	1	1
3	4	UID97581	2	2	1	1
2	3	UID97584	2	1	1	1
2	3	UID97592	2	1	1	1
3	4	UID97594	2	2	1	1
2	3	UID97602	2	1	1	1
3	4	UID97615	2	2	1	1
3	4	UID97627	2	2	1	1
3	5	UID97638	2	1	1	1
2	3	UID97643	2	1	1	1
2	3	UID97663	2	1	1	1
2	3	UID97680	2	1	1	1
4	5	UID97699	2	3	2	2
2	3	UID97700	2	1	1	1
4	5	UID97702	2	3	2	2
3	4	UID97706	2	2	1	1
6	7	UID97708	2	5	2	2
1	2	UID97710	2	0	0	0
2	3	UID97833	2	1	1	1
2	3	UID97835	2	1	1	1
2	3	UID97875	2	1	1	1
1	1	UID100008	1	1	0	0
1	1	UID100011	1	1	0	0
1	1	UID100012	1	1	0	0
1	1	UID100019	1	1	0	0
1	1	UID100023	1	1	0	0
1	1	UID100025	1	1	0	0
1	1	UID100030	1	1	0	0
1	1	UID100031	1	1	0	0
1	1	UID100034	1	1	0	0
1	1	UID100065	1	1	0	0
1	1	UID100069	1	1	0	0
1	1	UID100070	1	1	0	0
1	1	UID100073	1	1	0	0
1	1	UID100077	1	1	0	0
1	1	UID100083	1	1	0	0
1	1	UID100084	1	1	0	0
1	1	UID100085	1	1	0	0
1	1	UID100099	1	1	0	0
4	4	UID100101	1	4	2	2
1	1	UID100103	1	1	0	0
1	1	UID100104	1	1	0	0
1	1	UID100130	1	1	0	0
1	1	UID100134	1	1	0	0
1	1	UID100137	1	1	0	0
1	1	UID100139	1	1	0	0
1	1	UID100142	1	1	0	0
1	1	UID100144	1	1	0	0
3	3	UID100145	1	3	2	2
1	1	UID100146	1	1	0	0
1	1	UID100149	1	1	0	0
1	1	UID100150	1	1	0	0
1	1	UID100151	1	1	0	0
1	1	UID100153	1	1	0	0
1	1	UID100154	1	1	0	0
1	1	UID100158	1	1	0	0
1	1	UID100160	1	1	0	0
1	1	UID100161	1	1	0	0
1	1	UID100164	1	1	0	0
1	1	UID100167	1	1	0	0
1	1	UID100171	1	1	0	0
1	1	UID100172	1	1	0	0
1	1	UID100188	1	1	0	0
1	1	UID100205	1	1	0	0
1	1	UID100245	1	1	0	0
1	1	UID100267	1	1	0	0
6	6	UID100276	1	6	2	2
1	1	UID100277	1	1	0	0
1	1	UID100285	1	1	0	0
1	1	UID100286	1	1	0	0
1	1	UID100287	1	1	0	0
1	1	UID100294	1	1	0	0
1	1	UID100298	1	1	0	0
1	1	UID100304	1	1	0	0
1	1	UID100305	1	1	0	0
1	1	UID100308	1	1	0	0
1	1	UID100313	1	1	0	0
1	1	UID100322	1	1	0	0
1	1	UID100330	1	1	0	0
1	1	UID100334	1	1	0	0
1	1	UID100335	1	1	0	0
1	1	UID100395	1	1	0	0
1	1	UID100399	1	1	0	0
1	1	UID100401	1	1	0	0
1	1	UID100402	1	1	0	0
1	1	UID100403	1	1	0	0
1	1	UID100404	1	1	0	0
1	1	UID100405	1	1	0	0
1	1	UID100406	1	1	0	0
1	1	UID100409	1	1	0	0
1	1	UID100411	1	1	0	0
1	1	UID100412	1	1	0	0
1	1	UID100421	1	1	0	0
1	1	UID100422	1	1	0	0
3	3	UID100424	1	3	2	2
1	1	UID100429	1	1	0	0
1	1	UID100449	1	1	0	0
1	1	UID100452	1	1	0	0
1	1	UID100454	1	1	0	0
1	1	UID100455	1	1	0	0
1	1	UID100456	1	1	0	0
1	1	UID100460	1	1	0	0
1	1	UID100461	1	1	0	0
1	1	UID100473	1	1	0	0
1	1	UID100485	1	1	0	0
1	1	UID100496	1	1	0	0
1	1	UID100504	1	1	0	0
1	1	UID100512	1	1	0	0
1	1	UID100519	1	1	0	0
1	1	UID100521	1	1	0	0
1	1	UID100535	1	1	0	0
1	1	UID100576	1	1	0	0
1	1	UID100591	1	1	0	0
1	1	UID100592	1	1	0	0
1	1	UID100598	1	1	0	0
1	1	UID100626	1	1	0	0
1	1	UID100633	1	1	0	0
1	1	UID100636	1	1	0	0
1	1	UID100639	1	1	0	0
1	1	UID100641	1	1	0	0
1	1	UID100643	1	1	0	0
1	1	UID100653	1	1	0	0
3	3	UID100667	1	3	2	2
1	1	UID100674	1	1	0	0
1	1	UID100737	1	1	0	0
1	1	UID100739	1	1	0	0
1	1	UID100749	1	1	0	0
1	1	UID100751	1	1	0	0
1	1	UID100768	1	1	0	0
1	1	UID100773	1	1	0	0
1	1	UID100779	1	1	0	0
1	1	UID100797	1	1	0	0
1	1	UID100798	1	1	0	0
1	1	UID100803	1	1	0	0
1	1	UID100805	1	1	0	0
1	1	UID100806	1	1	0	0
1	1	UID100843	1	1	0	0
1	1	UID100849	1	1	0	0
1	1	UID100855	1	1	0	0
1	1	UID100856	1	1	0	0
1	1	UID100857	1	1	0	0
1	1	UID100858	1	1	0	0
1	1	UID100861	1	1	0	0
1	1	UID100862	1	1	0	0
1	1	UID100876	1	1	0	0
1	1	UID100878	1	1	0	0
1	1	UID100880	1	1	0	0
1	1	UID100905	1	1	0	0
1	1	UID100915	1	1	0	0
1	1	UID100916	1	1	0	0
1	1	UID100919	1	1	0	0
1	1	UID100921	1	1	0	0
1	1	UID100944	1	1	0	0
1	1	UID100950	1	1	0	0
1	1	UID100951	1	1	0	0
1	1	UID100957	1	1	0	0
1	1	UID100959	1	1	0	0
1	1	UID100960	1	1	0	0
1	1	UID100962	1	1	0	0
1	1	UID100968	1	1	0	0
1	1	UID100974	1	1	0	0
1	1	UID100976	1	1	0	0
1	1	UID100982	1	1	0	0
1	1	UID100983	1	1	0	0
1	1	UID100986	1	1	0	0
1	1	UID100987	1	1	0	0
3	3	UID100991	1	3	2	2
1	1	UID100995	1	1	0	0
3	3	UID100996	1	3	2	2
1	1	UID100997	1	1	0	0
1	1	UID101049	1	1	0	0
1	1	UID101056	1	1	0	0
1	1	UID101062	1	1	0	0
1	1	UID101075	1	1	0	0
1	1	UID101084	1	1	0	0
1	1	UID101089	1	1	0	0
1	1	UID101090	1	1	0	0
1	1	UID101095	1	1	0	0
1	1	UID101098	1	1	0	0
1	1	UID101141	1	1	0	0
1	1	UID101146	1	1	0	0
1	1	UID101148	1	1	0	0
1	1	UID101150	1	1	0	0
1	1	UID101151	1	1	0	0
1	1	UID101156	1	1	0	0
1	1	UID101160	1	1	0	0
4	4	UID101161	1	4	1	1
1	1	UID101163	1	1	0	0
1	1	UID101164	1	1	0	0
3	3	UID101167	1	3	2	2
1	1	UID101172	1	1	0	0
3	3	UID101176	1	3	1	1
1	1	UID101182	1	1	0	0
1	1	UID101213	1	1	0	0
1	1	UID101233	1	1	0	0
1	1	UID101237	1	1	0	0
4	4	UID101239	1	4	2	2
1	1	UID101241	1	1	0	0
1	1	UID101243	1	1	0	0
1	1	UID101247	1	1	0	0
1	1	UID101251	1	1	0	0
1	1	UID101258	1	1	0	0
1	1	UID101265	1	1	0	0
1	1	UID101266	1	1	0	0
1	1	UID101269	1	1	0	0
1	1	UID101270	1	1	0	0
1	1	UID101271	1	1	0	0
1	1	UID101272	1	1	0	0
1	1	UID101273	1	1	0	0
1	1	UID101274	1	1	0	0
1	1	UID101275	1	1	0	0
1	1	UID101277	1	1	0	0
1	1	UID101278	1	1	0	0
1	1	UID101281	1	1	0	0
1	1	UID101283	1	1	0	0
1	1	UID101297	1	1	0	0
1	1	UID101298	1	1	0	0
1	1	UID101308	1	1	0	0
1	1	UID101310	1	1	0	0
1	1	UID101334	1	1	0	0
1	1	UID101339	1	1	0	0
1	1	UID101348	1	1	0	0
1	1	UID101349	1	1	0	0
1	1	UID101352	1	1	0	0
1	1	UID101390	1	1	0	0
1	1	UID101394	1	1	0	0
1	1	UID101395	1	1	0	0
1	1	UID101396	1	1	0	0
1	1	UID101400	1	1	0	0
1	1	UID101401	1	1	0	0
1	1	UID101404	1	1	0	0
1	1	UID101406	1	1	0	0
1	1	UID101411	1	1	0	0
1	1	UID101421	1	1	0	0
1	1	UID101453	1	1	0	0
1	1	UID101455	1	1	0	0
1	1	UID101457	1	1	0	0
1	1	UID101459	1	1	0	0
1	1	UID101463	1	1	0	0
1	1	UID101465	1	1	0	0
1	1	UID101475	1	1	0	0
1	1	UID101487	1	1	0	0
1	1	UID101488	1	1	0	0
1	1	UID101545	1	1	0	0
1	1	UID101547	1	1	0	0
1	1	UID101551	1	1	0	0
1	1	UID101564	1	1	0	0
1	1	UID101565	1	1	0	0
1	1	UID101592	1	1	0	0
1	1	UID101593	1	1	0	0
1	1	UID101594	1	1	0	0
1	1	UID101597	1	1	0	0
1	1	UID101610	1	1	0	0
1	1	UID101611	1	1	0	0
1	1	UID101616	1	1	0	0
1	1	UID101620	1	1	0	0
1	1	UID101679	1	1	0	0
1	1	UID101703	1	1	0	0
1	1	UID101707	1	1	0	0
1	1	UID101710	1	1	0	0
1	1	UID101716	1	1	0	0
1	1	UID101722	1	1	0	0
1	1	UID101725	1	1	0	0
1	1	UID101745	1	1	0	0
2	2	UID101755	1	2	1	1
1	1	UID101757	1	1	0	0
1	1	UID101758	1	1	0	0
1	1	UID101759	1	1	0	0
1	1	UID101760	1	1	0	0
1	1	UID101761	1	1	0	0
4	4	UID101772	1	4	2	2
1	1	UID101773	1	1	0	0
1	1	UID101781	1	1	0	0
1	1	UID101784	1	1	0	0
1	1	UID101809	1	1	0	0
1	1	UID101815	1	1	0	0
1	1	UID101818	1	1	0	0
1	1	UID101821	1	1	0	0
1	1	UID101823	1	1	0	0
1	1	UID101824	1	1	0	0
1	1	UID101825	1	1	0	0
1	1	UID101843	1	1	0	0
1	1	UID101845	1	1	0	0
1	1	UID101848	1	1	0	0
1	1	UID101850	1	1	0	0
1	1	UID101866	1	1	0	0
1	1	UID101868	1	1	0	0
1	1	UID101873	1	1	0	0
1	1	UID101876	1	1	0	0
1	1	UID101877	1	1	0	0
1	1	UID101878	1	1	0	0
1	1	UID101879	1	1	0	0
1	1	UID101883	1	1	0	0
1	1	UID101907	1	1	0	0
1	1	UID101912	1	1	0	0
1	1	UID101914	1	1	0	0
1	1	UID101915	1	1	0	0
1	1	UID101916	1	1	0	0
1	1	UID101931	1	1	0	0
1	1	UID101932	1	1	0	0
1	1	UID101961	1	1	0	0
1	1	UID101963	1	1	0	0
1	1	UID101964	1	1	0	0
1	1	UID101970	1	1	0	0
1	1	UID101972	1	1	0	0
1	1	UID101974	1	1	0	0
1	1	UID101985	1	1	0	0
1	1	UID101987	1	1	0	0
1	1	UID101991	1	1	0	0
1	1	UID101998	1	1	0	0
1	1	UID102016	1	1	0	0
1	1	UID102018	1	1	0	0
1	1	UID102020	1	1	0	0
1	1	UID102021	1	1	0	0
1	1	UID102028	1	1	0	0
1	1	UID102030	1	1	0	0
1	1	UID102039	1	1	0	0
1	1	UID102040	1	1	0	0
1	1	UID102041	1	1	0	0
1	1	UID102046	1	1	0	0
1	1	UID102047	1	1	0	0
1	1	UID102051	1	1	0	0
1	1	UID102085	1	1	0	0
1	1	UID102094	1	1	0	0
1	1	UID102095	1	1	0	0
1	1	UID102096	1	1	0	0
1	1	UID102099	1	1	0	0
1	1	UID102119	1	1	0	0
1	1	UID102128	1	1	0	0
1	1	UID102131	1	1	0	0
1	1	UID102134	1	1	0	0
1	1	UID102143	1	1	0	0
1	1	UID102148	1	1	0	0
1	1	UID102157	1	1	0	0
1	1	UID102158	1	1	0	0
1	1	UID102162	1	1	0	0
1	1	UID102163	1	1	0	0
1	1	UID102197	1	1	0	0
1	1	UID102198	1	1	0	0
1	1	UID102199	1	1	0	0
1	1	UID102203	1	1	0	0
1	1	UID102208	1	1	0	0
1	1	UID102210	1	1	0	0
1	1	UID102223	1	1	0	0
1	1	UID102241	1	1	0	0
1	1	UID102245	1	1	0	0
1	1	UID102247	1	1	0	0
1	1	UID102260	1	1	0	0
1	1	UID102261	1	1	0	0
1	1	UID102262	1	1	0	0
1	1	UID102266	1	1	0	0
1	1	UID102267	1	1	0	0
1	1	UID102289	1	1	0	0
1	1	UID102290	1	1	0	0
1	1	UID102291	1	1	0	0
1	1	UID102296	1	1	0	0
1	1	UID102297	1	1	0	0
1	1	UID102298	1	1	0	0
1	1	UID102304	1	1	0	0
1	1	UID102305	1	1	0	0
1	1	UID102323	1	1	0	0
1	1	UID102324	1	1	0	0
1	1	UID102327	1	1	0	0
1	1	UID102353	1	1	0	0
1	1	UID102355	1	1	0	0
1	1	UID102358	1	1	0	0
1	1	UID102359	1	1	0	0
1	1	UID102361	1	1	0	0
1	1	UID102363	1	1	0	0
1	1	UID102364	1	1	0	0
1	1	UID102365	1	1	0	0
1	1	UID102367	1	1	0	0
1	1	UID102368	1	1	0	0
1	1	UID102402	1	1	0	0
1	1	UID102404	1	1	0	0
1	1	UID102406	1	1	0	0
1	1	UID102412	1	1	0	0
1	1	UID102413	1	1	0	0
1	1	UID102414	1	1	0	0
1	1	UID102436	1	1	0	0
1	1	UID102438	1	1	0	0
1	1	UID102439	1	1	0	0
1	1	UID102445	1	1	0	0
1	1	UID102447	1	1	0	0
1	1	UID102450	1	1	0	0
1	1	UID102452	1	1	0	0
1	1	UID102460	1	1	0	0
1	1	UID102512	1	1	0	0
1	1	UID102513	1	1	0	0
1	1	UID102521	1	1	0	0
1	1	UID102523	1	1	0	0
1	1	UID102542	1	1	0	0
1	1	UID102543	1	1	0	0
1	1	UID102544	1	1	0	0
1	1	UID102546	1	1	0	0
1	1	UID102547	1	1	0	0
1	1	UID102554	1	1	0	0
1	1	UID102555	1	1	0	0
1	1	UID102558	1	1	0	0
1	1	UID102559	1	1	0	0
1	1	UID102568	1	1	0	0
1	1	UID102591	1	1	0	0
1	1	UID102593	1	1	0	0
1	1	UID102601	1	1	0	0
1	1	UID102604	1	1	0	0
1	1	UID102610	1	1	0	0
1	1	UID102611	1	1	0	0
1	1	UID102612	1	1	0	0
1	1	UID102614	1	1	0	0
1	1	UID102621	1	1	0	0
1	1	UID102651	1	1	0	0
1	1	UID102652	1	1	0	0
1	1	UID102653	1	1	0	0
1	1	UID102654	1	1	0	0
1	1	UID102655	1	1	0	0
1	1	UID102656	1	1	0	0
1	1	UID102658	1	1	0	0
1	1	UID102659	1	1	0	0
1	1	UID102660	1	1	0	0
1	1	UID102677	1	1	0	0
1	1	UID102678	1	1	0	0
1	1	UID102679	1	1	0	0
1	1	UID102684	1	1	0	0
1	1	UID102693	1	1	0	0
1	1	UID102694	1	1	0	0
1	1	UID102697	1	1	0	0
1	1	UID102706	1	1	0	0
1	1	UID102708	1	1	0	0
1	1	UID102729	1	1	0	0
1	1	UID102730	1	1	0	0
1	1	UID102732	1	1	0	0
1	1	UID102733	1	1	0	0
1	1	UID102735	1	1	0	0
1	1	UID102736	1	1	0	0
1	1	UID102739	1	1	0	0
1	1	UID102757	1	1	0	0
1	1	UID102776	1	1	0	0
1	1	UID102777	1	1	0	0
1	1	UID102778	1	1	0	0
1	1	UID102787	1	1	0	0
1	1	UID102796	1	1	0	0
1	1	UID102819	1	1	0	0
1	1	UID102820	1	1	0	0
1	1	UID102822	1	1	0	0
1	1	UID102824	1	1	0	0
1	1	UID102825	1	1	0	0
1	1	UID102828	1	1	0	0
1	1	UID102830	1	1	0	0
1	1	UID102851	1	1	0	0
1	1	UID102860	1	1	0	0
1	1	UID102864	1	1	0	0
1	1	UID102865	1	1	0	0
1	1	UID102870	1	1	0	0
1	1	UID102913	1	1	0	0
1	1	UID102918	1	1	0	0
1	1	UID102924	1	1	0	0
1	1	UID102932	1	1	0	0
5	5	UID102937	1	5	1	1
1	1	UID102945	1	1	0	0
1	1	UID102982	1	1	0	0
1	1	UID102995	1	1	0	0
1	1	UID103039	1	1	0	0
1	1	UID103042	1	1	0	0
1	1	UID103047	1	1	0	0
1	1	UID103054	1	1	0	0
1	1	UID103094	1	1	0	0
1	1	UID103095	1	1	0	0
1	1	UID103105	1	1	0	0
1	1	UID103114	1	1	0	0
1	1	UID103128	1	1	0	0
1	1	UID103157	1	1	0	0
1	1	UID103191	1	1	0	0
1	1	UID103193	1	1	0	0
1	1	UID103205	1	1	0	0
1	1	UID103227	1	1	0	0
1	1	UID103268	1	1	0	0
1	1	UID103269	1	1	0	0
1	1	UID103276	1	1	0	0
1	1	UID103279	1	1	0	0
1	1	UID103294	1	1	0	0
1	1	UID103298	1	1	0	0
1	1	UID103299	1	1	0	0
1	1	UID103309	1	1	0	0
1	1	UID103330	1	1	0	0
1	1	UID103331	1	1	0	0
1	1	UID103333	1	1	0	0
1	1	UID103334	1	1	0	0
1	1	UID103338	1	1	0	0
1	1	UID103381	1	1	0	0
1	1	UID103397	1	1	0	0
1	1	UID103468	1	1	0	0
1	1	UID103484	1	1	0	0
1	1	UID103486	1	1	0	0
1	1	UID103487	1	1	0	0
1	1	UID103488	1	1	0	0
3	3	UID103498	1	3	1	1
1	1	UID103514	1	1	0	0
1	1	UID103523	1	1	0	0
1	1	UID103525	1	1	0	0
1	1	UID103526	1	1	0	0
1	1	UID103527	1	1	0	0
1	1	UID103528	1	1	0	0
1	1	UID103529	1	1	0	0
1	1	UID103530	1	1	0	0
1	1	UID103532	1	1	0	0
1	1	UID103533	1	1	0	0
1	1	UID103534	1	1	0	0
1	1	UID103535	1	1	0	0
1	1	UID103536	1	1	0	0
1	1	UID103537	1	1	0	0
1	1	UID103538	1	1	0	0
1	1	UID103539	1	1	0	0
1	1	UID103545	1	1	0	0
1	1	UID103548	1	1	0	0
1	1	UID103549	1	1	0	0
1	1	UID103550	1	1	0	0
1	1	UID103551	1	1	0	0
1	1	UID103552	1	1	0	0
1	1	UID103553	1	1	0	0
1	1	UID103554	1	1	0	0
1	1	UID103560	1	1	0	0
1	1	UID103561	1	1	0	0
1	1	UID103562	1	1	0	0
1	1	UID103564	1	1	0	0
1	1	UID103575	1	1	0	0
1	1	UID103578	1	1	0	0
1	1	UID103582	1	1	0	0
1	1	UID103588	1	1	0	0
1	1	UID103590	1	1	0	0
1	1	UID103834	1	1	0	0
2	2	UID103859	1	2	1	1
1	1	UID104436	1	1	0	0
1	1	UID104515	1	1	0	0
1	1	UID104550	1	1	0	0
1	1	UID104632	1	1	0	0
1	1	UID104639	1	1	0	0
1	1	UID104642	1	1	0	0
1	1	UID104645	1	1	0	0
1	1	UID104646	1	1	0	0
1	1	UID104652	1	1	0	0
1	1	UID104653	1	1	0	0
1	1	UID104665	1	1	0	0
1	1	UID104670	1	1	0	0
1	1	UID104687	1	1	0	0
1	1	UID104693	1	1	0	0
1	1	UID104694	1	1	0	0
1	1	UID104698	1	1	0	0
1	1	UID104704	1	1	0	0
1	1	UID104711	1	1	0	0
1	1	UID104712	1	1	0	0
1	1	UID104716	1	1	0	0
1	1	UID104719	1	1	0	0
1	1	UID104725	1	1	0	0
1	1	UID104730	1	1	0	0
1	1	UID104732	1	1	0	0
1	1	UID104733	1	1	0	0
1	1	UID104735	1	1	0	0
1	1	UID104746	1	1	0	0
1	1	UID104751	1	1	0	0
1	1	UID104752	1	1	0	0
1	1	UID104753	1	1	0	0
1	1	UID104754	1	1	0	0
1	1	UID104756	1	1	0	0
1	1	UID104759	1	1	0	0
1	1	UID104760	1	1	0	0
1	1	UID104761	1	1	0	0
1	1	UID104768	1	1	0	0
1	1	UID104791	1	1	0	0
5	5	UID104807	1	5	2	2
1	1	UID104827	1	1	0	0
1	1	UID104832	1	1	0	0
1	1	UID104870	1	1	0	0
1	1	UID104871	1	1	0	0
1	1	UID104879	1	1	0	0
1	1	UID104880	1	1	0	0
1	1	UID104897	1	1	0	0
1	1	UID104898	1	1	0	0
1	1	UID104905	1	1	0	0
1	1	UID104906	1	1	0	0
1	1	UID104916	1	1	0	0
1	1	UID104917	1	1	0	0
1	1	UID104932	1	1	0	0
1	1	UID104939	1	1	0	0
1	1	UID104943	1	1	0	0
1	1	UID104946	1	1	0	0
1	1	UID104972	1	1	0	0
1	1	UID104988	1	1	0	0
1	1	UID104997	1	1	0	0
1	1	UID104998	1	1	0	0
1	1	UID104999	1	1	0	0
1	1	UID105013	1	1	0	0
1	1	UID105046	1	1	0	0
1	1	UID105071	1	1	0	0
1	1	UID105081	1	1	0	0
1	1	UID105111	1	1	0	0
1	1	UID105119	1	1	0	0
1	1	UID105140	1	1	0	0
1	1	UID105153	1	1	0	0
1	1	UID105156	1	1	0	0
1	1	UID105184	1	1	0	0
1	1	UID105185	1	1	0	0
1	1	UID105203	1	1	0	0
1	1	UID105207	1	1	0	0
1	1	UID105237	1	1	0	0
1	1	UID105239	1	1	0	0
1	1	UID105240	1	1	0	0
1	1	UID105246	1	1	0	0
1	1	UID105254	1	1	0	0
1	1	UID105273	1	1	0	0
1	1	UID105276	1	1	0	0
1	1	UID105277	1	1	0	0
1	1	UID105278	1	1	0	0
1	1	UID105279	1	1	0	0
1	1	UID105280	1	1	0	0
1	1	UID105281	1	1	0	0
1	1	UID105291	1	1	0	0
1	1	UID105293	1	1	0	0
1	1	UID105294	1	1	0	0
1	1	UID105334	1	1	0	0
1	1	UID105346	1	1	0	0
1	1	UID105347	1	1	0	0
1	1	UID105355	1	1	0	0
1	1	UID105391	1	1	0	0
1	1	UID105397	1	1	0	0
1	1	UID105415	1	1	0	0
1	1	UID105437	1	1	0	0
1	1	UID105448	1	1	0	0
1	1	UID105452	1	1	0	0
1	1	UID105465	1	1	0	0
1	1	UID105467	1	1	0	0
1	1	UID105468	1	1	0	0
1	1	UID105471	1	1	0	0
1	1	UID105473	1	1	0	0
1	1	UID105492	1	1	0	0
1	1	UID105500	1	1	0	0
1	1	UID105505	1	1	0	0
1	1	UID105506	1	1	0	0
1	1	UID105511	1	1	0	0
1	1	UID105519	1	1	0	0
1	1	UID105542	1	1	0	0
1	1	UID105547	1	1	0	0
1	1	UID105556	1	1	0	0
1	1	UID105559	1	1	0	0
1	1	UID105573	1	1	0	0
1	1	UID105589	1	1	0	0
1	1	UID105606	1	1	0	0
1	1	UID105611	1	1	0	0
1	1	UID105614	1	1	0	0
1	1	UID105616	1	1	0	0
1	1	UID105619	1	1	0	0
1	1	UID105654	1	1	0	0
1	1	UID105658	1	1	0	0
1	1	UID105659	1	1	0	0
1	1	UID105661	1	1	0	0
1	1	UID105662	1	1	0	0
1	1	UID105672	1	1	0	0
1	1	UID105676	1	1	0	0
1	1	UID105677	1	1	0	0
3	3	UID105683	1	3	2	2
1	1	UID105690	1	1	0	0
1	1	UID105691	1	1	0	0
1	1	UID105736	1	1	0	0
1	1	UID105738	1	1	0	0
1	1	UID105739	1	1	0	0
1	1	UID105742	1	1	0	0
1	1	UID105744	1	1	0	0
1	1	UID105747	1	1	0	0
1	1	UID105750	1	1	0	0
1	1	UID105751	1	1	0	0
1	1	UID105755	1	1	0	0
1	1	UID105763	1	1	0	0
1	1	UID105788	1	1	0	0
3	3	UID105829	1	3	2	2
1	1	UID105831	1	1	0	0
1	1	UID105833	1	1	0	0
1	1	UID105836	1	1	0	0
1	1	UID105846	1	1	0	0
1	1	UID105849	1	1	0	0
1	1	UID105850	1	1	0	0
1	1	UID105851	1	1	0	0
1	1	UID105873	1	1	0	0
1	1	UID105874	1	1	0	0
1	1	UID105875	1	1	0	0
1	1	UID105878	1	1	0	0
1	1	UID105879	1	1	0	0
1	1	UID105885	1	1	0	0
1	1	UID105888	1	1	0	0
1	1	UID105902	1	1	0	0
1	1	UID105903	1	1	0	0
1	1	UID105911	1	1	0	0
1	1	UID105916	1	1	0	0
1	1	UID105919	1	1	0	0
1	1	UID105956	1	1	0	0
1	1	UID105961	1	1	0	0
1	1	UID105963	1	1	0	0
1	1	UID105966	1	1	0	0
1	1	UID105967	1	1	0	0
1	1	UID105968	1	1	0	0
1	1	UID105970	1	1	0	0
1	1	UID105980	1	1	0	0
1	1	UID105986	1	1	0	0
1	1	UID105987	1	1	0	0
1	1	UID105990	1	1	0	0
1	1	UID105993	1	1	0	0
1	1	UID106020	1	1	0	0
1	1	UID106027	1	1	0	0
1	1	UID106029	1	1	0	0
1	1	UID106034	1	1	0	0
1	1	UID106035	1	1	0	0
1	1	UID106039	1	1	0	0
1	1	UID106048	1	1	0	0
1	1	UID106059	1	1	0	0
1	1	UID106064	1	1	0	0
1	1	UID106092	1	1	0	0
3	3	UID106094	1	3	2	2
1	1	UID106096	1	1	0	0
1	1	UID106100	1	1	0	0
1	1	UID106104	1	1	0	0
1	1	UID106107	1	1	0	0
1	1	UID106145	1	1	0	0
1	1	UID106146	1	1	0	0
1	1	UID106147	1	1	0	0
1	1	UID106149	1	1	0	0
1	1	UID106155	1	1	0	0
1	1	UID106157	1	1	0	0
1	1	UID106159	1	1	0	0
1	1	UID106170	1	1	0	0
1	1	UID106175	1	1	0	0
1	1	UID106179	1	1	0	0
1	1	UID106180	1	1	0	0
1	1	UID106181	1	1	0	0
1	1	UID106185	1	1	0	0
1	1	UID106188	1	1	0	0
1	1	UID106192	1	1	0	0
1	1	UID106193	1	1	0	0
1	1	UID106196	1	1	0	0
1	1	UID106213	1	1	0	0
1	1	UID106215	1	1	0	0
1	1	UID106217	1	1	0	0
1	1	UID106221	1	1	0	0
1	1	UID106222	1	1	0	0
1	1	UID106226	1	1	0	0
1	1	UID106227	1	1	0	0
1	1	UID106252	1	1	0	0
1	1	UID106254	1	1	0	0
1	1	UID106256	1	1	0	0
1	1	UID106258	1	1	0	0
1	1	UID106261	1	1	0	0
3	3	UID106262	1	3	2	2
1	1	UID106297	1	1	0	0
1	1	UID106299	1	1	0	0
1	1	UID106301	1	1	0	0
1	1	UID106302	1	1	0	0
1	1	UID106305	1	1	0	0
1	1	UID106307	1	1	0	0
1	1	UID106308	1	1	0	0
1	1	UID106310	1	1	0	0
1	1	UID106313	1	1	0	0
1	1	UID106319	1	1	0	0
1	1	UID106320	1	1	0	0
1	1	UID106323	1	1	0	0
1	1	UID106325	1	1	0	0
1	1	UID106326	1	1	0	0
1	1	UID106377	1	1	0	0
1	1	UID106378	1	1	0	0
1	1	UID106390	1	1	0	0
1	1	UID106394	1	1	0	0
1	1	UID106396	1	1	0	0
1	1	UID106406	1	1	0	0
1	1	UID106427	1	1	0	0
1	1	UID106428	1	1	0	0
1	1	UID106429	1	1	0	0
1	1	UID106432	1	1	0	0
6	6	UID106437	1	6	1	1
1	1	UID106438	1	1	0	0
1	1	UID106445	1	1	0	0
1	1	UID106450	1	1	0	0
1	1	UID106482	1	1	0	0
1	1	UID106484	1	1	0	0
3	3	UID106485	1	3	2	2
1	1	UID106499	1	1	0	0
1	1	UID10649	1	1	0	0
1	1	UID106525	1	1	0	0
1	1	UID106526	1	1	0	0
1	1	UID106532	1	1	0	0
1	1	UID106534	1	1	0	0
1	1	UID106535	1	1	0	0
1	1	UID106536	1	1	0	0
1	1	UID106538	1	1	0	0
1	1	UID106539	1	1	0	0
1	1	UID106581	1	1	0	0
1	1	UID106587	1	1	0	0
1	1	UID106590	1	1	0	0
1	1	UID106597	1	1	0	0
1	1	UID106600	1	1	0	0
1	1	UID106635	1	1	0	0
1	1	UID106651	1	1	0	0
1	1	UID106654	1	1	0	0
1	1	UID106662	1	1	0	0
1	1	UID106674	1	1	0	0
1	1	UID106713	1	1	0	0
1	1	UID106724	1	1	0	0
1	1	UID106729	1	1	0	0
1	1	UID106743	1	1	0	0
1	1	UID106745	1	1	0	0
1	1	UID106746	1	1	0	0
1	1	UID106758	1	1	0	0
1	1	UID106767	1	1	0	0
1	1	UID106770	1	1	0	0
1	1	UID106771	1	1	0	0
1	1	UID106772	1	1	0	0
1	1	UID106776	1	1	0	0
1	1	UID106779	1	1	0	0
1	1	UID106781	1	1	0	0
1	1	UID106783	1	1	0	0
1	1	UID106785	1	1	0	0
1	1	UID106788	1	1	0	0
1	1	UID106799	1	1	0	0
1	1	UID106808	1	1	0	0
1	1	UID106809	1	1	0	0
1	1	UID106813	1	1	0	0
5	5	UID106826	1	5	2	2
1	1	UID106828	1	1	0	0
1	1	UID106867	1	1	0	0
1	1	UID106875	1	1	0	0
1	1	UID106876	1	1	0	0
1	1	UID106878	1	1	0	0
1	1	UID106879	1	1	0	0
1	1	UID106881	1	1	0	0
1	1	UID106884	1	1	0	0
1	1	UID106892	1	1	0	0
1	1	UID106900	1	1	0	0
1	1	UID106901	1	1	0	0
1	1	UID106902	1	1	0	0
1	1	UID106905	1	1	0	0
1	1	UID106908	1	1	0	0
1	1	UID106910	1	1	0	0
1	1	UID106920	1	1	0	0
1	1	UID106922	1	1	0	0
1	1	UID106923	1	1	0	0
1	1	UID106925	1	1	0	0
1	1	UID106927	1	1	0	0
1	1	UID106933	1	1	0	0
1	1	UID106944	1	1	0	0
1	1	UID106945	1	1	0	0
1	1	UID106949	1	1	0	0
1	1	UID106982	1	1	0	0
1	1	UID107002	1	1	0	0
1	1	UID107003	1	1	0	0
1	1	UID107005	1	1	0	0
1	1	UID107018	1	1	0	0
1	1	UID107019	1	1	0	0
1	1	UID107023	1	1	0	0
1	1	UID107025	1	1	0	0
1	1	UID107026	1	1	0	0
1	1	UID107028	1	1	0	0
1	1	UID107031	1	1	0	0
1	1	UID107033	1	1	0	0
1	1	UID107034	1	1	0	0
1	1	UID107044	1	1	0	0
1	1	UID107074	1	1	0	0
1	1	UID107077	1	1	0	0
1	1	UID107091	1	1	0	0
1	1	UID107094	1	1	0	0
1	1	UID107152	1	1	0	0
1	1	UID107154	1	1	0	0
1	1	UID107167	1	1	0	0
1	1	UID107168	1	1	0	0
1	1	UID107171	1	1	0	0
1	1	UID107173	1	1	0	0
1	1	UID107177	1	1	0	0
1	1	UID107204	1	1	0	0
1	1	UID107206	1	1	0	0
1	1	UID107211	1	1	0	0
1	1	UID107213	1	1	0	0
1	1	UID107218	1	1	0	0
1	1	UID107221	1	1	0	0
1	1	UID107222	1	1	0	0
1	1	UID107223	1	1	0	0
1	1	UID107233	1	1	0	0
1	1	UID107238	1	1	0	0
1	1	UID107245	1	1	0	0
1	1	UID107265	1	1	0	0
1	1	UID107267	1	1	0	0
1	1	UID107268	1	1	0	0
1	1	UID107274	1	1	0	0
1	1	UID107276	1	1	0	0
1	1	UID107279	1	1	0	0
1	1	UID107289	1	1	0	0
1	1	UID107291	1	1	0	0
1	1	UID107292	1	1	0	0
1	1	UID107293	1	1	0	0
1	1	UID107295	1	1	0	0
1	1	UID107334	1	1	0	0
1	1	UID107342	1	1	0	0
1	1	UID107345	1	1	0	0
1	1	UID107347	1	1	0	0
1	1	UID107348	1	1	0	0
1	1	UID107374	1	1	0	0
1	1	UID107399	1	1	0	0
1	1	UID107401	1	1	0	0
1	1	UID107403	1	1	0	0
1	1	UID107417	1	1	0	0
1	1	UID107426	1	1	0	0
1	1	UID107428	1	1	0	0
1	1	UID107433	1	1	0	0
1	1	UID107435	1	1	0	0
1	1	UID107437	1	1	0	0
1	1	UID107442	1	1	0	0
1	1	UID107449	1	1	0	0
1	1	UID107477	1	1	0	0
1	1	UID107480	1	1	0	0
1	1	UID107484	1	1	0	0
1	1	UID107485	1	1	0	0
1	1	UID107495	1	1	0	0
1	1	UID107499	1	1	0	0
1	1	UID107500	1	1	0	0
1	1	UID107501	1	1	0	0
1	1	UID107520	1	1	0	0
1	1	UID107566	1	1	0	0
1	1	UID107582	1	1	0	0
1	1	UID107603	1	1	0	0
1	1	UID107608	1	1	0	0
1	1	UID107616	1	1	0	0
1	1	UID107621	1	1	0	0
1	1	UID107627	1	1	0	0
1	1	UID107664	1	1	0	0
1	1	UID107665	1	1	0	0
1	1	UID107667	1	1	0	0
1	1	UID107673	1	1	0	0
1	1	UID107674	1	1	0	0
1	1	UID107680	1	1	0	0
1	1	UID107700	1	1	0	0
1	1	UID107702	1	1	0	0
1	1	UID107708	1	1	0	0
1	1	UID107739	1	1	0	0
1	1	UID107743	1	1	0	0
1	1	UID107744	1	1	0	0
1	1	UID107745	1	1	0	0
1	1	UID107748	1	1	0	0
1	1	UID107749	1	1	0	0
1	1	UID107750	1	1	0	0
1	1	UID107755	1	1	0	0
1	1	UID107756	1	1	0	0
1	1	UID107766	1	1	0	0
1	1	UID107787	1	1	0	0
1	1	UID107793	1	1	0	0
1	1	UID107813	1	1	0	0
1	1	UID107822	1	1	0	0
1	1	UID107825	1	1	0	0
1	1	UID107833	1	1	0	0
1	1	UID107834	1	1	0	0
1	1	UID107835	1	1	0	0
1	1	UID107848	1	1	0	0
1	1	UID107851	1	1	0	0
1	1	UID107853	1	1	0	0
1	1	UID107854	1	1	0	0
1	1	UID107884	1	1	0	0
1	1	UID107891	1	1	0	0
1	1	UID107892	1	1	0	0
1	1	UID107893	1	1	0	0
1	1	UID107903	1	1	0	0
1	1	UID107911	1	1	0	0
1	1	UID107914	1	1	0	0
1	1	UID107916	1	1	0	0
1	1	UID107917	1	1	0	0
1	1	UID107936	1	1	0	0
1	1	UID107939	1	1	0	0
1	1	UID107946	1	1	0	0
1	1	UID107949	1	1	0	0
1	1	UID107959	1	1	0	0
1	1	UID107962	1	1	0	0
1	1	UID108018	1	1	0	0
1	1	UID108023	1	1	0	0
1	1	UID108027	1	1	0	0
1	1	UID108034	1	1	0	0
1	1	UID108035	1	1	0	0
1	1	UID108036	1	1	0	0
1	1	UID108047	1	1	0	0
1	1	UID108050	1	1	0	0
1	1	UID108051	1	1	0	0
1	1	UID108052	1	1	0	0
1	1	UID108054	1	1	0	0
1	1	UID108057	1	1	0	0
1	1	UID108062	1	1	0	0
1	1	UID108063	1	1	0	0
1	1	UID108080	1	1	0	0
1	1	UID108087	1	1	0	0
1	1	UID108088	1	1	0	0
1	1	UID108100	1	1	0	0
1	1	UID108102	1	1	0	0
1	1	UID108107	1	1	0	0
1	1	UID108110	1	1	0	0
1	1	UID108115	1	1	0	0
1	1	UID108118	1	1	0	0
1	1	UID108119	1	1	0	0
1	1	UID108120	1	1	0	0
1	1	UID108121	1	1	0	0
1	1	UID108125	1	1	0	0
1	1	UID108129	1	1	0	0
1	1	UID108140	1	1	0	0
1	1	UID108149	1	1	0	0
1	1	UID108179	1	1	0	0
1	1	UID108185	1	1	0	0
1	1	UID108188	1	1	0	0
1	1	UID108189	1	1	0	0
1	1	UID108205	1	1	0	0
1	1	UID108208	1	1	0	0
1	1	UID108209	1	1	0	0
1	1	UID108227	1	1	0	0
1	1	UID108229	1	1	0	0
1	1	UID108231	1	1	0	0
1	1	UID108244	1	1	0	0
1	1	UID108246	1	1	0	0
1	1	UID108247	1	1	0	0
1	1	UID108262	1	1	0	0
1	1	UID108264	1	1	0	0
1	1	UID108268	1	1	0	0
1	1	UID108278	1	1	0	0
1	1	UID108300	1	1	0	0
1	1	UID108332	1	1	0	0
1	1	UID108334	1	1	0	0
1	1	UID108335	1	1	0	0
1	1	UID108338	1	1	0	0
1	1	UID108345	1	1	0	0
1	1	UID108350	1	1	0	0
1	1	UID108353	1	1	0	0
1	1	UID108358	1	1	0	0
1	1	UID108368	1	1	0	0
1	1	UID108376	1	1	0	0
1	1	UID108408	1	1	0	0
1	1	UID108412	1	1	0	0
1	1	UID108414	1	1	0	0
1	1	UID108416	1	1	0	0
1	1	UID108422	1	1	0	0
1	1	UID108424	1	1	0	0
1	1	UID108429	1	1	0	0
1	1	UID108435	1	1	0	0
1	1	UID108436	1	1	0	0
1	1	UID108438	1	1	0	0
1	1	UID108444	1	1	0	0
1	1	UID108471	1	1	0	0
1	1	UID108521	1	1	0	0
1	1	UID108523	1	1	0	0
1	1	UID108526	1	1	0	0
1	1	UID108527	1	1	0	0
1	1	UID108531	1	1	0	0
1	1	UID108560	1	1	0	0
1	1	UID108564	1	1	0	0
1	1	UID108569	1	1	0	0
1	1	UID108573	1	1	0	0
1	1	UID108580	1	1	0	0
1	1	UID108587	1	1	0	0
1	1	UID108622	1	1	0	0
1	1	UID108641	1	1	0	0
1	1	UID108650	1	1	0	0
1	1	UID108677	1	1	0	0
1	1	UID108683	1	1	0	0
1	1	UID108684	1	1	0	0
1	1	UID108702	1	1	0	0
1	1	UID108704	1	1	0	0
1	1	UID108747	1	1	0	0
1	1	UID108748	1	1	0	0
1	1	UID108766	1	1	0	0
1	1	UID108770	1	1	0	0
1	1	UID108781	1	1	0	0
1	1	UID108783	1	1	0	0
1	1	UID108784	1	1	0	0
1	1	UID108785	1	1	0	0
1	1	UID108786	1	1	0	0
1	1	UID108791	1	1	0	0
1	1	UID108793	1	1	0	0
1	1	UID108794	1	1	0	0
1	1	UID108799	1	1	0	0
1	1	UID108802	1	1	0	0
1	1	UID108803	1	1	0	0
10	10	UID108804	1	10	3	3
1	1	UID108807	1	1	0	0
1	1	UID108810	1	1	0	0
1	1	UID108811	1	1	0	0
1	1	UID108812	1	1	0	0
3	3	UID108813	1	3	1	1
1	1	UID108820	1	1	0	0
1	1	UID108821	1	1	0	0
1	1	UID108822	1	1	0	0
1	1	UID108823	1	1	0	0
1	1	UID108824	1	1	0	0
1	1	UID108825	1	1	0	0
1	1	UID108827	1	1	0	0
1	1	UID108829	1	1	0	0
4	4	UID108830	1	4	2	2
1	1	UID108840	1	1	0	0
1	1	UID108845	1	1	0	0
1	1	UID108848	1	1	0	0
1	1	UID108851	1	1	0	0
1	1	UID108852	1	1	0	0
1	1	UID108854	1	1	0	0
1	1	UID108855	1	1	0	0
1	1	UID108857	1	1	0	0
1	1	UID108858	1	1	0	0
1	1	UID108859	1	1	0	0
1	1	UID108860	1	1	0	0
1	1	UID108861	1	1	0	0
1	1	UID108862	1	1	0	0
1	1	UID108863	1	1	0	0
1	1	UID108866	1	1	0	0
1	1	UID108867	1	1	0	0
1	1	UID108868	1	1	0	0
1	1	UID108869	1	1	0	0
1	1	UID108870	1	1	0	0
1	1	UID108872	1	1	0	0
1	1	UID108873	1	1	0	0
1	1	UID108875	1	1	0	0
1	1	UID108876	1	1	0	0
1	1	UID108877	1	1	0	0
1	1	UID108878	1	1	0	0
1	1	UID108879	1	1	0	0
1	1	UID108880	1	1	0	0
1	1	UID108881	1	1	0	0
1	1	UID108882	1	1	0	0
1	1	UID108883	1	1	0	0
1	1	UID108885	1	1	0	0
1	1	UID108886	1	1	0	0
1	1	UID108887	1	1	0	0
1	1	UID108888	1	1	0	0
1	1	UID108889	1	1	0	0
1	1	UID108890	1	1	0	0
1	1	UID108891	1	1	0	0
1	1	UID108895	1	1	0	0
1	1	UID108897	1	1	0	0
1	1	UID108900	1	1	0	0
1	1	UID108901	1	1	0	0
1	1	UID108903	1	1	0	0
1	1	UID108905	1	1	0	0
1	1	UID108906	1	1	0	0
1	1	UID108931	1	1	0	0
1	1	UID108939	1	1	0	0
1	1	UID108943	1	1	0	0
1	1	UID108947	1	1	0	0
1	1	UID108953	1	1	0	0
1	1	UID108954	1	1	0	0
2	2	UID108955	1	2	1	1
1	1	UID108956	1	1	0	0
1	1	UID108961	1	1	0	0
1	1	UID108962	1	1	0	0
1	1	UID108964	1	1	0	0
1	1	UID108965	1	1	0	0
1	1	UID108966	1	1	0	0
1	1	UID108967	1	1	0	0
1	1	UID108980	1	1	0	0
1	1	UID108982	1	1	0	0
1	1	UID108983	1	1	0	0
1	1	UID108985	1	1	0	0
1	1	UID108987	1	1	0	0
1	1	UID108988	1	1	0	0
1	1	UID108990	1	1	0	0
1	1	UID108993	1	1	0	0
1	1	UID109002	1	1	0	0
1	1	UID109003	1	1	0	0
1	1	UID109004	1	1	0	0
1	1	UID109021	1	1	0	0
1	1	UID109030	1	1	0	0
1	1	UID109064	1	1	0	0
1	1	UID109071	1	1	0	0
1	1	UID109075	1	1	0	0
1	1	UID109077	1	1	0	0
1	1	UID109105	1	1	0	0
1	1	UID109109	1	1	0	0
1	1	UID109114	1	1	0	0
1	1	UID109123	1	1	0	0
1	1	UID109127	1	1	0	0
1	1	UID109130	1	1	0	0
1	1	UID109131	1	1	0	0
1	1	UID109169	1	1	0	0
1	1	UID109179	1	1	0	0
1	1	UID109187	1	1	0	0
1	1	UID109191	1	1	0	0
1	1	UID109197	1	1	0	0
1	1	UID109199	1	1	0	0
1	1	UID109203	1	1	0	0
1	1	UID109208	1	1	0	0
1	1	UID109215	1	1	0	0
1	1	UID109229	1	1	0	0
1	1	UID109230	1	1	0	0
1	1	UID109231	1	1	0	0
1	1	UID109244	1	1	0	0
1	1	UID109253	1	1	0	0
1	1	UID109267	1	1	0	0
1	1	UID109275	1	1	0	0
1	1	UID109298	1	1	0	0
1	1	UID109354	1	1	0	0
1	1	UID109365	1	1	0	0
1	1	UID109373	1	1	0	0
1	1	UID109382	1	1	0	0
1	1	UID109383	1	1	0	0
1	1	UID109420	1	1	0	0
1	1	UID109457	1	1	0	0
1	1	UID109458	1	1	0	0
1	1	UID109459	1	1	0	0
1	1	UID109461	1	1	0	0
1	1	UID109469	1	1	0	0
1	1	UID109473	1	1	0	0
1	1	UID109511	1	1	0	0
1	1	UID109512	1	1	0	0
1	1	UID109528	1	1	0	0
1	1	UID109544	1	1	0	0
1	1	UID109552	1	1	0	0
1	1	UID109556	1	1	0	0
1	1	UID109569	1	1	0	0
1	1	UID109583	1	1	0	0
1	1	UID109588	1	1	0	0
1	1	UID109625	1	1	0	0
1	1	UID109635	1	1	0	0
1	1	UID109641	1	1	0	0
1	1	UID109642	1	1	0	0
1	1	UID109648	1	1	0	0
1	1	UID109664	1	1	0	0
1	1	UID109667	1	1	0	0
1	1	UID109679	1	1	0	0
1	1	UID109685	1	1	0	0
1	1	UID109690	1	1	0	0
1	1	UID109691	1	1	0	0
1	1	UID109696	1	1	0	0
1	1	UID109725	1	1	0	0
1	1	UID109741	1	1	0	0
1	1	UID109766	1	1	0	0
1	1	UID109772	1	1	0	0
1	1	UID109773	1	1	0	0
1	1	UID109774	1	1	0	0
1	1	UID109775	1	1	0	0
1	1	UID109779	1	1	0	0
1	1	UID109781	1	1	0	0
1	1	UID109783	1	1	0	0
1	1	UID109789	1	1	0	0
1	1	UID109790	1	1	0	0
1	1	UID109791	1	1	0	0
1	1	UID109792	1	1	0	0
1	1	UID109793	1	1	0	0
1	1	UID109794	1	1	0	0
1	1	UID109795	1	1	0	0
1	1	UID109796	1	1	0	0
1	1	UID109797	1	1	0	0
1	1	UID109798	1	1	0	0
1	1	UID109805	1	1	0	0
1	1	UID109815	1	1	0	0
5	5	UID109816	1	5	1	1
1	1	UID109819	1	1	0	0
1	1	UID109822	1	1	0	0
1	1	UID109827	1	1	0	0
4	4	UID109859	1	4	2	2
1	1	UID109866	1	1	0	0
1	1	UID109881	1	1	0	0
1	1	UID109882	1	1	0	0
1	1	UID109887	1	1	0	0
1	1	UID109888	1	1	0	0
1	1	UID109889	1	1	0	0
1	1	UID109890	1	1	0	0
1	1	UID109893	1	1	0	0
1	1	UID109896	1	1	0	0
1	1	UID109897	1	1	0	0
1	1	UID109898	1	1	0	0
1	1	UID109900	1	1	0	0
1	1	UID109901	1	1	0	0
1	1	UID109902	1	1	0	0
1	1	UID109903	1	1	0	0
1	1	UID109904	1	1	0	0
1	1	UID109915	1	1	0	0
1	1	UID109922	1	1	0	0
1	1	UID109923	1	1	0	0
1	1	UID109924	1	1	0	0
1	1	UID109931	1	1	0	0
1	1	UID109936	1	1	0	0
1	1	UID109944	1	1	0	0
1	1	UID109953	1	1	0	0
1	1	UID109954	1	1	0	0
1	1	UID109959	1	1	0	0
1	1	UID109996	1	1	0	0
1	1	UID110003	1	1	0	0
1	1	UID110006	1	1	0	0
1	1	UID110012	1	1	0	0
1	1	UID110016	1	1	0	0
1	1	UID110035	1	1	0	0
1	1	UID110050	1	1	0	0
1	1	UID110055	1	1	0	0
1	1	UID110060	1	1	0	0
1	1	UID110064	1	1	0	0
1	1	UID110068	1	1	0	0
1	1	UID110099	1	1	0	0
1	1	UID110110	1	1	0	0
1	1	UID110112	1	1	0	0
1	1	UID110120	1	1	0	0
1	1	UID110126	1	1	0	0
1	1	UID110127	1	1	0	0
1	1	UID110146	1	1	0	0
1	1	UID110147	1	1	0	0
1	1	UID110153	1	1	0	0
1	1	UID110155	1	1	0	0
1	1	UID110156	1	1	0	0
1	1	UID110158	1	1	0	0
1	1	UID110175	1	1	0	0
1	1	UID110178	1	1	0	0
1	1	UID110209	1	1	0	0
1	1	UID110217	1	1	0	0
1	1	UID110235	1	1	0	0
1	1	UID110241	1	1	0	0
1	1	UID110262	1	1	0	0
1	1	UID110265	1	1	0	0
1	1	UID110274	1	1	0	0
1	1	UID110277	1	1	0	0
1	1	UID110283	1	1	0	0
1	1	UID110286	1	1	0	0
1	1	UID110294	1	1	0	0
1	1	UID110299	1	1	0	0
1	1	UID110302	1	1	0	0
1	1	UID110304	1	1	0	0
1	1	UID110355	1	1	0	0
1	1	UID110362	1	1	0	0
1	1	UID110380	1	1	0	0
1	1	UID110388	1	1	0	0
1	1	UID110391	1	1	0	0
1	1	UID110399	1	1	0	0
1	1	UID110410	1	1	0	0
1	1	UID110422	1	1	0	0
1	1	UID110424	1	1	0	0
1	1	UID110441	1	1	0	0
1	1	UID110478	1	1	0	0
1	1	UID110482	1	1	0	0
1	1	UID110484	1	1	0	0
1	1	UID110485	1	1	0	0
1	1	UID110500	1	1	0	0
1	1	UID110501	1	1	0	0
1	1	UID110504	1	1	0	0
1	1	UID110507	1	1	0	0
1	1	UID110516	1	1	0	0
1	1	UID110517	1	1	0	0
1	1	UID110520	1	1	0	0
1	1	UID110527	1	1	0	0
1	1	UID110529	1	1	0	0
1	1	UID110538	1	1	0	0
1	1	UID110540	1	1	0	0
1	1	UID110550	1	1	0	0
1	1	UID110563	1	1	0	0
1	1	UID110564	1	1	0	0
1	1	UID110565	1	1	0	0
1	1	UID110566	1	1	0	0
1	1	UID110567	1	1	0	0
1	1	UID110568	1	1	0	0
1	1	UID110591	1	1	0	0
1	1	UID110594	1	1	0	0
1	1	UID110608	1	1	0	0
1	1	UID110610	1	1	0	0
1	1	UID110613	1	1	0	0
1	1	UID110651	1	1	0	0
1	1	UID110661	1	1	0	0
1	1	UID110671	1	1	0	0
1	1	UID110680	1	1	0	0
1	1	UID110681	1	1	0	0
1	1	UID110686	1	1	0	0
1	1	UID110688	1	1	0	0
1	1	UID110696	1	1	0	0
1	1	UID110697	1	1	0	0
1	1	UID110698	1	1	0	0
1	1	UID110700	1	1	0	0
1	1	UID110704	1	1	0	0
1	1	UID110711	1	1	0	0
1	1	UID110714	1	1	0	0
1	1	UID110721	1	1	0	0
1	1	UID110722	1	1	0	0
1	1	UID110723	1	1	0	0
1	1	UID110734	1	1	0	0
1	1	UID110789	1	1	0	0
1	1	UID110791	1	1	0	0
1	1	UID110795	1	1	0	0
1	1	UID110810	1	1	0	0
1	1	UID110825	1	1	0	0
1	1	UID110831	1	1	0	0
1	1	UID110838	1	1	0	0
1	1	UID110845	1	1	0	0
1	1	UID110846	1	1	0	0
1	1	UID110852	1	1	0	0
1	1	UID110880	1	1	0	0
1	1	UID110888	1	1	0	0
1	1	UID110889	1	1	0	0
1	1	UID110902	1	1	0	0
1	1	UID110912	1	1	0	0
1	1	UID110918	1	1	0	0
1	1	UID110919	1	1	0	0
1	1	UID110921	1	1	0	0
1	1	UID110939	1	1	0	0
1	1	UID110952	1	1	0	0
1	1	UID110976	1	1	0	0
1	1	UID111008	1	1	0	0
1	1	UID111013	1	1	0	0
1	1	UID111018	1	1	0	0
1	1	UID111021	1	1	0	0
1	1	UID111022	1	1	0	0
1	1	UID111034	1	1	0	0
1	1	UID111041	1	1	0	0
1	1	UID111046	1	1	0	0
1	1	UID111047	1	1	0	0
1	1	UID111049	1	1	0	0
1	1	UID111073	1	1	0	0
1	1	UID111085	1	1	0	0
1	1	UID111090	1	1	0	0
1	1	UID111099	1	1	0	0
1	1	UID111102	1	1	0	0
1	1	UID111106	1	1	0	0
1	1	UID111116	1	1	0	0
1	1	UID111118	1	1	0	0
1	1	UID111124	1	1	0	0
1	1	UID111129	1	1	0	0
1	1	UID111131	1	1	0	0
1	1	UID111147	1	1	0	0
1	1	UID111156	1	1	0	0
1	1	UID111164	1	1	0	0
1	1	UID111165	1	1	0	0
1	1	UID111167	1	1	0	0
1	1	UID111168	1	1	0	0
1	1	UID111170	1	1	0	0
1	1	UID111171	1	1	0	0
1	1	UID111172	1	1	0	0
1	1	UID111173	1	1	0	0
1	1	UID111174	1	1	0	0
1	1	UID111178	1	1	0	0
1	1	UID111183	1	1	0	0
1	1	UID111188	1	1	0	0
1	1	UID111208	1	1	0	0
1	1	UID111245	1	1	0	0
1	1	UID111258	1	1	0	0
1	1	UID111260	1	1	0	0
1	1	UID111264	1	1	0	0
1	1	UID111265	1	1	0	0
1	1	UID111266	1	1	0	0
1	1	UID111268	1	1	0	0
1	1	UID111271	1	1	0	0
1	1	UID111284	1	1	0	0
1	1	UID111285	1	1	0	0
1	1	UID111288	1	1	0	0
1	1	UID111301	1	1	0	0
1	1	UID111313	1	1	0	0
1	1	UID111315	1	1	0	0
1	1	UID111317	1	1	0	0
1	1	UID111320	1	1	0	0
1	1	UID111326	1	1	0	0
1	1	UID111327	1	1	0	0
1	1	UID111328	1	1	0	0
1	1	UID111331	1	1	0	0
1	1	UID111333	1	1	0	0
1	1	UID111340	1	1	0	0
1	1	UID111392	1	1	0	0
1	1	UID111396	1	1	0	0
1	1	UID111398	1	1	0	0
1	1	UID111403	1	1	0	0
1	1	UID111407	1	1	0	0
1	1	UID111408	1	1	0	0
1	1	UID111410	1	1	0	0
1	1	UID111413	1	1	0	0
1	1	UID111416	1	1	0	0
1	1	UID111429	1	1	0	0
1	1	UID111445	1	1	0	0
1	1	UID111451	1	1	0	0
1	1	UID111452	1	1	0	0
1	1	UID111454	1	1	0	0
1	1	UID111456	1	1	0	0
1	1	UID111457	1	1	0	0
1	1	UID111458	1	1	0	0
1	1	UID111459	1	1	0	0
1	1	UID111460	1	1	0	0
1	1	UID111463	1	1	0	0
1	1	UID111472	1	1	0	0
1	1	UID111474	1	1	0	0
1	1	UID111486	1	1	0	0
1	1	UID111492	1	1	0	0
1	1	UID111495	1	1	0	0
1	1	UID111500	1	1	0	0
1	1	UID195	1	1	0	0
1	1	UID37329	1	1	0	0
4	4	UID398	1	4	1	1
1	1	UID51663	1	1	0	0
1	1	UID52800	1	1	0	0
1	1	UID57918	1	1	0	0
1	1	UID65804	1	1	0	0
1	1	UID66281	1	1	0	0
1	1	UID67217	1	1	0	0
1	1	UID71956	1	1	0	0
1	1	UID75850	1	1	0	0
1	1	UID76330	1	1	0	0
1	1	UID7997	1	1	0	0
1	1	UID82393	1	1	0	0
1	1	UID92778	1	1	0	0
1	1	UID97958	1	1	0	0
1	1	UID97961	1	1	0	0
1	1	UID97962	1	1	0	0
1	1	UID97973	1	1	0	0
1	1	UID97975	1	1	0	0
1	1	UID97976	1	1	0	0
1	1	UID97977	1	1	0	0
1	1	UID97978	1	1	0	0
1	1	UID97979	1	1	0	0
1	1	UID97990	1	1	0	0
1	1	UID98005	1	1	0	0
1	1	UID98011	1	1	0	0
1	1	UID98019	1	1	0	0
1	1	UID98020	1	1	0	0
1	1	UID98025	1	1	0	0
1	1	UID98028	1	1	0	0
1	1	UID98036	1	1	0	0
1	1	UID98038	1	1	0	0
1	1	UID98039	1	1	0	0
1	1	UID98040	1	1	0	0
1	1	UID98042	1	1	0	0
1	1	UID98048	1	1	0	0
1	1	UID98052	1	1	0	0
1	1	UID98061	1	1	0	0
1	1	UID98065	1	1	0	0
1	1	UID98076	1	1	0	0
1	1	UID98090	1	1	0	0
1	1	UID98094	1	1	0	0
1	1	UID98110	1	1	0	0
1	1	UID98135	1	1	0	0
1	1	UID98137	1	1	0	0
1	1	UID98141	1	1	0	0
1	1	UID98143	1	1	0	0
1	1	UID98160	1	1	0	0
1	1	UID98165	1	1	0	0
1	1	UID98174	1	1	0	0
1	1	UID98178	1	1	0	0
1	1	UID98184	1	1	0	0
1	1	UID98194	1	1	0	0
1	1	UID98197	1	1	0	0
1	1	UID98198	1	1	0	0
1	1	UID98205	1	1	0	0
1	1	UID98208	1	1	0	0
1	1	UID98209	1	1	0	0
1	1	UID98210	1	1	0	0
1	1	UID98211	1	1	0	0
1	1	UID98212	1	1	0	0
1	1	UID98213	1	1	0	0
1	1	UID98220	1	1	0	0
1	1	UID98221	1	1	0	0
1	1	UID98227	1	1	0	0
1	1	UID98229	1	1	0	0
1	1	UID98230	1	1	0	0
1	1	UID98233	1	1	0	0
1	1	UID98236	1	1	0	0
1	1	UID98241	1	1	0	0
1	1	UID98280	1	1	0	0
1	1	UID98285	1	1	0	0
1	1	UID98295	1	1	0	0
1	1	UID98297	1	1	0	0
1	1	UID98313	1	1	0	0
1	1	UID98323	1	1	0	0
1	1	UID98360	1	1	0	0
1	1	UID98368	1	1	0	0
1	1	UID98378	1	1	0	0
1	1	UID98379	1	1	0	0
1	1	UID98388	1	1	0	0
1	1	UID98390	1	1	0	0
1	1	UID98395	1	1	0	0
1	1	UID98403	1	1	0	0
1	1	UID98413	1	1	0	0
1	1	UID98429	1	1	0	0
1	1	UID98446	1	1	0	0
1	1	UID98448	1	1	0	0
1	1	UID98451	1	1	0	0
1	1	UID98458	1	1	0	0
1	1	UID98495	1	1	0	0
1	1	UID98497	1	1	0	0
1	1	UID98500	1	1	0	0
1	1	UID98529	1	1	0	0
1	1	UID98541	1	1	0	0
1	1	UID98542	1	1	0	0
1	1	UID98544	1	1	0	0
1	1	UID98545	1	1	0	0
1	1	UID98565	1	1	0	0
1	1	UID98567	1	1	0	0
1	1	UID98572	1	1	0	0
1	1	UID98619	1	1	0	0
1	1	UID98627	1	1	0	0
1	1	UID98630	1	1	0	0
1	1	UID98632	1	1	0	0
1	1	UID98645	1	1	0	0
1	1	UID98651	1	1	0	0
1	1	UID98656	1	1	0	0
1	1	UID98657	1	1	0	0
1	1	UID98661	1	1	0	0
1	1	UID98675	1	1	0	0
1	1	UID98686	1	1	0	0
1	1	UID98691	1	1	0	0
1	1	UID98695	1	1	0	0
1	1	UID98713	1	1	0	0
1	1	UID98715	1	1	0	0
1	1	UID98728	1	1	0	0
1	1	UID98729	1	1	0	0
1	1	UID98732	1	1	0	0
1	1	UID98741	1	1	0	0
1	1	UID98748	1	1	0	0
1	1	UID98754	1	1	0	0
1	1	UID98760	1	1	0	0
1	1	UID98767	1	1	0	0
1	1	UID98773	1	1	0	0
1	1	UID98778	1	1	0	0
1	1	UID98782	1	1	0	0
1	1	UID98816	1	1	0	0
1	1	UID98832	1	1	0	0
1	1	UID98835	1	1	0	0
1	1	UID98839	1	1	0	0
1	1	UID98847	1	1	0	0
1	1	UID98849	1	1	0	0
1	1	UID98850	1	1	0	0
1	1	UID98854	1	1	0	0
1	1	UID98859	1	1	0	0
1	1	UID98861	1	1	0	0
1	1	UID98862	1	1	0	0
1	1	UID98866	1	1	0	0
1	1	UID98867	1	1	0	0
1	1	UID98881	1	1	0	0
1	1	UID98884	1	1	0	0
1	1	UID98915	1	1	0	0
1	1	UID98925	1	1	0	0
1	1	UID98927	1	1	0	0
1	1	UID98931	1	1	0	0
1	1	UID98932	1	1	0	0
1	1	UID98933	1	1	0	0
1	1	UID98935	1	1	0	0
1	1	UID98938	1	1	0	0
1	1	UID98940	1	1	0	0
1	1	UID98946	1	1	0	0
1	1	UID98950	1	1	0	0
1	1	UID98953	1	1	0	0
1	1	UID98955	1	1	0	0
1	1	UID98959	1	1	0	0
1	1	UID98972	1	1	0	0
1	1	UID98974	1	1	0	0
1	1	UID98976	1	1	0	0
1	1	UID99017	1	1	0	0
1	1	UID99020	1	1	0	0
1	1	UID99023	1	1	0	0
1	1	UID99024	1	1	0	0
1	1	UID99035	1	1	0	0
1	1	UID99036	1	1	0	0
1	1	UID99037	1	1	0	0
1	1	UID99047	1	1	0	0
1	1	UID99048	1	1	0	0
1	1	UID99049	1	1	0	0
1	1	UID99052	1	1	0	0
1	1	UID99053	1	1	0	0
1	1	UID99060	1	1	0	0
1	1	UID99062	1	1	0	0
1	1	UID99063	1	1	0	0
1	1	UID99064	1	1	0	0
1	1	UID99065	1	1	0	0
1	1	UID99067	1	1	0	0
1	1	UID99075	1	1	0	0
1	1	UID99090	1	1	0	0
1	1	UID99096	1	1	0	0
1	1	UID99097	1	1	0	0
1	1	UID99105	1	1	0	0
1	1	UID99119	1	1	0	0
1	1	UID99120	1	1	0	0
1	1	UID99130	1	1	0	0
1	1	UID99132	1	1	0	0
1	1	UID99137	1	1	0	0
1	1	UID99146	1	1	0	0
1	1	UID99149	1	1	0	0
1	1	UID99164	1	1	0	0
1	1	UID99165	1	1	0	0
1	1	UID99221	1	1	0	0
1	1	UID99222	1	1	0	0
1	1	UID99223	1	1	0	0
1	1	UID99235	1	1	0	0
1	1	UID99240	1	1	0	0
1	1	UID99242	1	1	0	0
1	1	UID99243	1	1	0	0
1	1	UID99246	1	1	0	0
1	1	UID99254	1	1	0	0
1	1	UID99269	1	1	0	0
1	1	UID99297	1	1	0	0
1	1	UID99307	1	1	0	0
1	1	UID99309	1	1	0	0
1	1	UID99313	1	1	0	0
1	1	UID99323	1	1	0	0
1	1	UID99327	1	1	0	0
1	1	UID99349	1	1	0	0
1	1	UID99350	1	1	0	0
1	1	UID99351	1	1	0	0
1	1	UID99352	1	1	0	0
1	1	UID99353	1	1	0	0
1	1	UID99355	1	1	0	0
1	1	UID99356	1	1	0	0
1	1	UID99357	1	1	0	0
1	1	UID99361	1	1	0	0
1	1	UID99366	1	1	0	0
1	1	UID99369	1	1	0	0
1	1	UID99371	1	1	0	0
1	1	UID99373	1	1	0	0
1	1	UID99374	1	1	0	0
1	1	UID99375	1	1	0	0
1	1	UID99376	1	1	0	0
1	1	UID99381	1	1	0	0
1	1	UID99388	1	1	0	0
1	1	UID99397	1	1	0	0
1	1	UID99408	1	1	0	0
1	1	UID99412	1	1	0	0
1	1	UID99413	1	1	0	0
1	1	UID99415	1	1	0	0
1	1	UID99417	1	1	0	0
1	1	UID99443	1	1	0	0
1	1	UID99452	1	1	0	0
1	1	UID99464	1	1	0	0
1	1	UID99474	1	1	0	0
1	1	UID99480	1	1	0	0
1	1	UID99481	1	1	0	0
1	1	UID99482	1	1	0	0
1	1	UID99499	1	1	0	0
1	1	UID99513	1	1	0	0
1	1	UID99520	1	1	0	0
1	1	UID99544	1	1	0	0
1	1	UID99552	1	1	0	0
1	1	UID99560	1	1	0	0
1	1	UID99572	1	1	0	0
1	1	UID99578	1	1	0	0
1	1	UID99589	1	1	0	0
1	1	UID99592	1	1	0	0
1	1	UID99601	1	1	0	0
1	1	UID99602	1	1	0	0
1	1	UID99608	1	1	0	0
1	1	UID99610	1	1	0	0
1	1	UID99613	1	1	0	0
1	1	UID99635	1	1	0	0
1	1	UID99640	1	1	0	0
1	1	UID99647	1	1	0	0
1	1	UID99648	1	1	0	0
1	1	UID99650	1	1	0	0
1	1	UID99659	1	1	0	0
1	1	UID99664	1	1	0	0
1	1	UID99733	1	1	0	0
1	1	UID99734	1	1	0	0
1	1	UID99745	1	1	0	0
1	1	UID99748	1	1	0	0
1	1	UID99749	1	1	0	0
1	1	UID99753	1	1	0	0
1	1	UID99754	1	1	0	0
1	1	UID99756	1	1	0	0
1	1	UID99757	1	1	0	0
1	1	UID99760	1	1	0	0
1	1	UID99763	1	1	0	0
1	1	UID99767	1	1	0	0
1	1	UID99775	1	1	0	0
1	1	UID99781	1	1	0	0
1	1	UID99785	1	1	0	0
1	1	UID99786	1	1	0	0
1	1	UID99790	1	1	0	0
1	1	UID99791	1	1	0	0
1	1	UID99792	1	1	0	0
1	1	UID99793	1	1	0	0
1	1	UID99794	1	1	0	0
1	1	UID99796	1	1	0	0
1	1	UID99797	1	1	0	0
1	1	UID99798	1	1	0	0
1	1	UID99800	1	1	0	0
1	1	UID99802	1	1	0	0
1	1	UID99803	1	1	0	0
1	1	UID99805	1	1	0	0
1	1	UID99806	1	1	0	0
1	1	UID99808	1	1	0	0
1	1	UID99809	1	1	0	0
1	1	UID99814	1	1	0	0
1	1	UID99815	1	1	0	0
1	1	UID99838	1	1	0	0
1	1	UID99839	1	1	0	0
1	1	UID99840	1	1	0	0
1	1	UID99841	1	1	0	0
1	1	UID99843	1	1	0	0
1	1	UID99844	1	1	0	0
1	1	UID99845	1	1	0	0
1	1	UID99848	1	1	0	0
1	1	UID99849	1	1	0	0
1	1	UID99867	1	1	0	0
1	1	UID99873	1	1	0	0
1	1	UID99874	1	1	0	0
1	1	UID99875	1	1	0	0
1	1	UID99881	1	1	0	0
1	1	UID99896	1	1	0	0
1	1	UID99899	1	1	0	0
1	1	UID99915	1	1	0	0
1	1	UID99917	1	1	0	0
1	1	UID99919	1	1	0	0
1	1	UID99921	1	1	0	0
1	1	UID99925	1	1	0	0
1	1	UID99928	1	1	0	0
1	1	UID99943	1	1	0	0
1	1	UID99944	1	1	0	0
1	1	UID99945	1	1	0	0
1	1	UID99953	1	1	0	0
1	1	UID99955	1	1	0	0
1	1	UID99959	1	1	0	0
1	1	UID99972	1	1	0	0
