2436	18344	UID66495	10775	1991	5	5
1958	8216	UID51887	3971	1566	4	4
1008	4903	UID90760	2649	741	3	3
477	1163	UID59664	500	391	4	4
165	550	UID78436	349	132	3	3
132	313	UID111501	167	121	2	2
35	187	UID51670	149	30	1	1
68	226	UID111502	145	55	1	1
78	208	UID51667	123	70	1	1
362	609	UID65826	118	338	5	5
432	679	UID65815	79	389	7	7
50	118	UID78458	66	46	1	1
107	180	UID67632	61	102	2	2
30	85	UID51666	55	28	2	2
36	92	UID111508	54	33	2	2
42	97	UID67643	53	38	3	3
50	102	UID8546	52	48	2	2
43	91	UID51663	48	41	3	3
42	94	UID111514	47	36	2	2
30	76	UID111517	45	27	2	2
50	95	UID42	45	48	2	2
32	76	UID111518	44	30	2	2
33	76	UID111519	43	31	2	2
21	59	UID111529	39	20	1	1
46	90	UID67631	39	40	2	2
48	102	UID111536	38	44	3	3
34	71	UID111544	37	32	1	1
38	76	UID51699	37	35	2	2
27	61	UID111550	35	26	2	2
37	73	UID111551	35	34	1	1
30	65	UID67627	35	28	1	1
8	41	UID51834	34	7	1	1
34	71	UID111555	33	28	2	2
30	64	UID111558	33	27	1	1
32	63	UID111562	32	31	1	1
32	63	UID111563	32	31	2	2
33	66	UID111566	32	30	1	1
34	67	UID108828	31	31	2	2
27	58	UID111568	31	25	2	2
27	60	UID111571	31	23	2	2
22	51	UID111572	30	21	1	1
23	54	UID111574	30	21	1	1
30	59	UID111575	30	29	2	2
15	47	UID78456	30	11	1	1
16	46	UID111578	29	14	1	1
30	60	UID111579	29	27	1	1
24	54	UID111580	29	21	1	1
38	68	UID111581	29	35	2	2
23	51	UID111584	29	22	1	1
24	53	UID111585	29	22	2	2
18	43	UID111599	26	17	1	1
28	54	UID111600	26	26	2	2
20	45	UID111604	26	19	1	1
17	42	UID111605	26	16	2	2
22	47	UID90758	26	21	2	2
24	48	UID111611	25	23	1	1
21	45	UID111612	25	20	1	1
18	41	UID111616	24	17	1	1
28	52	UID111619	24	26	1	1
21	44	UID111620	24	20	1	1
36	70	UID111624	24	33	3	3
23	45	UID111627	23	22	2	2
20	43	UID111628	23	18	2	2
12	33	UID111637	22	11	1	1
12	33	UID78464	22	11	1	1
15	36	UID78499	22	14	2	2
16	38	UID8510	22	14	1	1
13	33	UID108846	21	12	1	1
15	35	UID111644	21	14	2	2
11	31	UID111645	21	10	1	1
12	32	UID78425	21	11	1	1
25	44	UID111647	20	24	2	2
9	28	UID111649	20	8	1	1
16	36	UID111650	20	14	1	1
12	32	UID111651	20	10	1	1
15	34	UID111656	20	14	1	1
9	28	UID59666	20	8	1	1
11	29	UID111663	19	10	1	1
10	28	UID111664	19	9	2	2
23	41	UID111665	19	22	1	1
14	32	UID108844	18	12	1	1
23	40	UID111677	18	22	2	2
14	31	UID111678	18	13	1	1
22	40	UID111679	18	20	2	2
6	23	UID111680	18	5	1	1
8	25	UID111681	18	7	1	1
10	27	UID52162	18	9	1	1
30	47	UID66835	18	29	2	2
8	24	UID108831	17	7	1	1
12	35	UID111684	17	10	2	2
18	35	UID111685	17	16	2	2
10	27	UID111687	17	8	1	1
13	30	UID111691	17	11	1	1
14	30	UID111692	17	13	2	2
10	26	UID111693	17	9	1	1
5	21	UID111697	17	4	1	1
17	33	UID52341	17	16	1	1
23	39	UID67644	17	22	1	1
12	27	UID111701	16	11	1	1
24	38	UID111711	15	23	2	2
8	22	UID111712	15	7	1	1
8	22	UID111715	15	7	1	1
4	18	UID111716	15	3	1	1
7	21	UID111721	15	6	1	1
11	25	UID111722	15	10	1	1
8	22	UID111723	15	7	2	2
25	40	UID111724	15	23	2	2
22	36	UID51749	15	21	1	1
11	25	UID8542	15	10	1	1
7	20	UID111728	14	6	1	1
11	24	UID111734	14	10	2	2
16	29	UID111735	14	15	2	2
5	18	UID111740	14	4	1	1
8	21	UID111741	14	7	1	1
12	26	UID111742	14	10	2	2
9	22	UID111743	14	8	2	2
7	20	UID111747	14	6	1	1
7	20	UID111748	14	6	1	1
17	31	UID111752	14	15	2	2
10	23	UID52042	14	9	1	1
24	38	UID67634	14	22	1	1
17	30	UID941	14	16	1	1
8	20	UID111771	13	7	2	2
4	16	UID111772	13	3	1	1
12	24	UID111773	13	11	2	2
5	17	UID111778	13	4	1	1
16	28	UID111779	13	15	2	2
6	18	UID111780	13	5	1	1
14	26	UID67642	13	13	1	1
15	26	UID111788	12	14	1	1
6	17	UID111789	12	5	1	1
20	31	UID111790	12	19	1	1
15	26	UID111791	12	14	1	1
9	20	UID111806	12	8	1	1
14	25	UID111807	12	13	1	1
8	19	UID111808	12	7	1	1
5	16	UID111809	12	4	1	1
10	21	UID111810	12	9	1	1
13	24	UID111811	12	12	2	2
8	19	UID111817	12	7	1	1
9	20	UID111818	12	8	1	1
19	30	UID111819	12	18	2	2
12	23	UID111820	12	11	1	1
22	33	UID111821	12	21	2	2
7	18	UID111822	12	6	1	1
14	25	UID498	12	13	1	1
11	22	UID51973	12	10	1	1
9	19	UID111848	11	8	1	1
14	24	UID111856	11	13	1	1
10	20	UID111857	11	9	1	1
7	17	UID111858	11	6	1	1
8	18	UID111859	11	7	1	1
7	17	UID111860	11	6	1	1
12	22	UID111861	11	11	1	1
14	26	UID111866	11	12	2	2
26	38	UID111867	11	24	2	2
15	25	UID111868	11	14	2	2
10	20	UID111869	11	9	2	2
70	97	UID66163	11	63	3	3
13	22	UID111882	10	12	1	1
12	21	UID111887	10	11	1	1
5	14	UID111894	10	4	1	1
11	20	UID111895	10	10	1	1
10	19	UID111896	10	9	1	1
5	14	UID111897	10	4	1	1
15	24	UID111898	10	14	1	1
9	18	UID111899	10	8	1	1
6	15	UID111908	10	5	1	1
10	19	UID111909	10	9	1	1
16	25	UID111910	10	15	1	1
4	13	UID111911	10	3	1	1
10	19	UID111912	10	9	1	1
9	20	UID111913	10	7	1	1
20	29	UID329	10	19	1	1
13	22	UID78505	10	12	1	1
15	24	UID81892	10	14	2	2
21	29	UID111929	9	20	1	1
9	17	UID111930	9	8	1	1
11	19	UID111941	9	10	1	1
14	22	UID111942	9	13	1	1
8	16	UID111943	9	7	1	1
6	14	UID111951	9	5	1	1
6	15	UID111962	9	4	1	1
9	17	UID111963	9	8	2	2
7	15	UID111964	9	6	2	2
5	13	UID111965	9	4	1	1
8	16	UID111967	9	7	1	1
13	23	UID111968	9	10	2	2
7	15	UID1497	9	6	1	1
26	34	UID78548	9	25	2	2
11	19	UID8522	9	10	1	1
12	19	UID111989	8	11	2	2
7	14	UID111990	8	6	1	1
7	14	UID111991	8	6	1	1
5	12	UID111992	8	4	1	1
3	10	UID112003	8	2	1	1
10	17	UID112009	8	9	1	1
4	11	UID112010	8	3	1	1
7	14	UID112011	8	6	1	1
11	18	UID112012	8	10	1	1
8	15	UID112013	8	7	1	1
3	10	UID112014	8	2	1	1
11	18	UID112028	8	10	1	1
4	11	UID112029	8	3	1	1
4	11	UID112030	8	3	1	1
6	13	UID112032	8	5	1	1
3	10	UID112033	8	2	1	1
16	24	UID112034	8	14	2	2
78	98	UID112035	8	71	4	4
6	15	UID40248	8	4	2	2
68	87	UID66497	8	62	3	3
10	17	UID710	8	9	1	1
4	11	UID78479	8	3	1	1
12	19	UID78500	8	11	1	1
12	19	UID90763	8	11	1	1
3	9	UID112052	7	2	0	0
3	9	UID112053	7	2	1	1
10	16	UID112054	7	9	1	1
10	16	UID112066	7	9	1	1
7	13	UID112067	7	6	1	1
6	12	UID112075	7	5	1	1
9	15	UID112076	7	8	1	1
7	13	UID112077	7	6	1	1
19	29	UID112078	7	16	2	2
5	11	UID112079	7	4	1	1
7	13	UID112080	7	6	1	1
9	15	UID112098	7	8	1	1
7	13	UID112099	7	6	1	1
7	13	UID112100	7	6	1	1
5	11	UID112101	7	4	1	1
13	20	UID112102	7	11	2	2
8	14	UID112103	7	7	1	1
16	22	UID112104	7	15	2	2
8	14	UID112106	7	7	1	1
6	12	UID112107	7	5	1	1
14	20	UID112115	7	13	1	1
3	9	UID52751	7	2	1	1
14	23	UID78463	7	12	2	2
16	23	UID8534	7	14	2	2
9	15	UID940	7	8	1	1
3	8	UID112123	6	2	1	1
10	15	UID112147	6	9	2	2
1	6	UID112152	6	0	0	0
4	9	UID112158	6	3	1	1
4	9	UID112159	6	3	1	1
3	8	UID112160	6	2	1	1
3	8	UID112161	6	2	0	0
7	12	UID112162	6	6	1	1
5	10	UID112163	6	4	1	1
8	13	UID112164	6	7	1	1
7	12	UID112165	6	6	1	1
10	15	UID112166	6	9	1	1
8	13	UID112167	6	7	1	1
6	11	UID112170	6	5	1	1
9	14	UID112185	6	8	1	1
4	9	UID112186	6	3	1	1
2	7	UID112187	6	1	1	1
4	9	UID112188	6	3	1	1
7	12	UID112189	6	6	1	1
13	18	UID112190	6	12	2	2
6	11	UID112191	6	5	1	1
12	17	UID112192	6	11	2	2
23	34	UID112193	6	20	3	3
4	9	UID112195	6	3	0	0
5	10	UID112198	6	4	1	1
7	12	UID52897	6	6	1	1
11	16	UID59665	6	10	1	1
8	13	UID78757	6	7	2	2
5	10	UID81576	6	4	1	1
1	5	UID112223	5	0	0	0
8	12	UID112226	5	7	1	1
7	11	UID112227	5	6	1	1
9	13	UID112240	5	8	1	1
3	7	UID112244	5	2	1	1
4	8	UID112245	5	3	0	0
3	7	UID112246	5	2	0	0
1	5	UID112247	5	0	0	0
2	6	UID112248	5	1	0	0
7	11	UID112249	5	6	1	1
7	11	UID112250	5	6	2	2
5	10	UID112251	5	3	1	1
4	8	UID112271	5	3	1	1
11	16	UID112272	5	9	2	2
23	30	UID112273	5	20	2	2
16	21	UID112274	5	14	2	2
11	15	UID112275	5	10	1	1
11	15	UID112276	5	10	1	1
2	6	UID112277	5	1	0	0
12	19	UID112278	5	8	1	1
8	12	UID112279	5	7	1	1
12	17	UID112280	5	10	2	2
15	19	UID112282	5	14	2	2
7	13	UID112285	5	5	2	2
1	5	UID112296	5	0	0	0
2	6	UID112300	5	1	1	1
6	11	UID1	5	4	1	1
7	12	UID2	5	5	1	1
10	14	UID51805	5	9	1	1
7	11	UID51971	5	6	1	1
1	5	UID52458	5	0	0	0
6	10	UID52800	5	5	1	1
5	9	UID67626	5	4	1	1
5	9	UID81458	5	4	1	1
2	6	UID81491	5	1	0	0
7	10	UID112306	4	6	2	2
9	12	UID112317	4	8	1	1
3	6	UID112318	4	2	1	1
5	8	UID112319	4	4	1	1
3	6	UID112339	4	2	1	1
1	4	UID112340	4	0	0	0
9	12	UID112342	4	8	1	1
1	4	UID112343	4	0	0	0
4	7	UID112344	4	3	1	1
4	7	UID112359	4	3	1	1
4	7	UID112360	4	3	1	1
9	12	UID112361	4	8	1	1
2	5	UID112365	4	1	1	1
1	4	UID112366	4	0	0	0
5	8	UID112368	4	4	1	1
7	10	UID112369	4	6	1	1
4	7	UID112370	4	3	1	1
5	8	UID112371	4	4	1	1
2	5	UID112372	4	1	1	1
9	12	UID112373	4	8	2	2
6	9	UID112374	4	5	1	1
5	8	UID112375	4	4	1	1
6	12	UID112376	4	4	2	2
1	4	UID112378	4	0	0	0
6	9	UID112402	4	5	1	1
5	8	UID112406	4	4	1	1
2	5	UID112407	4	1	1	1
4	7	UID112408	4	3	1	1
4	7	UID112409	4	3	1	1
6	9	UID112410	4	5	1	1
1	4	UID112411	4	0	0	0
5	9	UID112412	4	3	1	1
4	7	UID112413	4	3	2	2
4	7	UID112415	4	3	1	1
7	10	UID112416	4	6	1	1
6	9	UID112417	4	5	1	1
5	8	UID112418	4	4	1	1
6	9	UID112419	4	5	1	1
2	5	UID112420	4	1	1	1
3	6	UID112421	4	2	1	1
8	11	UID112424	4	7	1	1
3	6	UID112425	4	2	1	1
5	8	UID112426	4	4	2	2
7	10	UID112427	4	6	1	1
3	6	UID112438	4	2	1	1
3	6	UID59662	4	2	1	1
1	4	UID65783	4	0	0	0
19	23	UID66005	4	17	1	1
3	6	UID78800	4	2	2	2
4	6	UID112456	3	3	1	1
1	3	UID112469	3	0	0	0
5	7	UID112482	3	4	1	1
3	5	UID112483	3	2	1	1
4	6	UID112484	3	3	1	1
2	4	UID112485	3	1	1	1
2	4	UID112486	3	1	1	1
7	9	UID112522	3	6	1	1
1	3	UID112523	3	0	0	0
2	4	UID112524	3	1	1	1
3	5	UID112525	3	2	1	1
6	8	UID112526	3	5	1	1
6	8	UID112528	3	5	1	1
1	3	UID112550	3	0	0	0
4	6	UID112555	3	3	1	1
3	5	UID112559	3	2	1	1
3	6	UID112560	3	1	1	1
5	7	UID112561	3	4	1	1
1	3	UID112562	3	0	0	0
2	4	UID112565	3	1	1	1
3	5	UID112566	3	2	0	0
2	4	UID112567	3	1	1	1
5	7	UID112568	3	4	1	1
3	5	UID112569	3	2	0	0
5	7	UID112570	3	4	1	1
3	5	UID112571	3	2	1	1
2	4	UID112573	3	1	1	1
4	6	UID112574	3	3	1	1
1	3	UID112575	3	0	0	0
7	9	UID112576	3	6	1	1
3	5	UID112577	3	2	1	1
3	5	UID112580	3	2	1	1
3	5	UID112581	3	2	1	1
4	6	UID112582	3	3	1	1
2	4	UID112583	3	1	1	1
5	7	UID112584	3	4	1	1
4	6	UID112585	3	3	1	1
3	5	UID112586	3	2	1	1
2	4	UID112636	3	1	1	1
3	5	UID112637	3	2	1	1
5	7	UID112638	3	4	1	1
3	5	UID112639	3	2	1	1
2	4	UID112640	3	1	0	0
1	3	UID112641	3	0	0	0
3	6	UID112642	3	1	1	1
3	5	UID112643	3	2	2	2
3	5	UID112644	3	2	1	1
2	4	UID112646	3	1	0	0
7	9	UID112647	3	6	1	1
7	9	UID112655	3	6	1	1
4	6	UID112656	3	3	1	1
2	4	UID112657	3	1	1	1
2	4	UID112659	3	1	0	0
3	5	UID112660	3	2	0	0
3	5	UID112661	3	2	1	1
4	6	UID112663	3	3	1	1
1	3	UID112664	3	0	0	0
2	4	UID112665	3	1	1	1
5	7	UID112667	3	4	1	1
14	18	UID112670	3	12	4	4
10	12	UID112672	3	9	1	1
11	13	UID112673	3	10	2	2
1	3	UID112674	3	0	0	0
2	4	UID112675	3	1	0	0
1	3	UID112676	3	0	0	0
4	6	UID112680	3	3	1	1
2	4	UID112689	3	1	1	1
2	4	UID51920	3	1	1	1
1	3	UID54017	3	0	0	0
6	8	UID60838	3	5	1	1
1	3	UID65743	3	0	0	0
12	14	UID67641	3	11	1	1
7	9	UID67648	3	6	1	1
4	6	UID78445	3	3	1	1
4	6	UID78486	3	3	1	1
8	10	UID78607	3	7	2	2
9	11	UID78621	3	8	1	1
6	8	UID81359	3	5	1	1
4	6	UID8513	3	3	1	1
7	9	UID8550	3	6	1	1
8	10	UID8617	3	7	1	1
1	3	UID91322	3	0	0	0
3	4	UID108879	2	2	1	1
2	3	UID112778	2	1	1	1
5	6	UID112783	2	4	1	1
2	3	UID112784	2	1	1	1
3	4	UID112785	2	2	1	1
7	8	UID112786	2	6	1	1
8	9	UID112788	2	7	1	1
3	4	UID112789	2	2	1	1
4	5	UID112790	2	3	1	1
2	3	UID112794	2	1	1	1
6	8	UID112795	2	4	2	2
2	3	UID112798	2	1	1	1
4	5	UID112859	2	3	1	1
6	7	UID112862	2	5	1	1
4	5	UID112864	2	3	1	1
2	3	UID112865	2	1	1	1
2	3	UID112866	2	1	1	1
4	5	UID112867	2	3	1	1
2	3	UID112868	2	1	1	1
2	3	UID112870	2	1	1	1
7	9	UID112874	2	5	1	1
2	3	UID112889	2	1	1	1
1	2	UID112894	2	0	0	0
2	3	UID112920	2	1	1	1
3	4	UID112940	2	2	1	1
2	3	UID112944	2	1	1	1
2	3	UID112946	2	1	1	1
5	6	UID112951	2	4	2	2
2	3	UID112958	2	1	1	1
5	7	UID112960	2	3	1	1
5	6	UID112961	2	4	1	1
1	2	UID112962	2	0	0	0
2	3	UID112963	2	1	1	1
3	4	UID112964	2	2	1	1
1	2	UID112978	2	0	0	0
2	3	UID112982	2	1	1	1
4	5	UID112985	2	3	1	1
1	2	UID112990	2	0	0	0
6	7	UID112999	2	5	1	1
2	3	UID113017	2	1	1	1
3	4	UID113089	2	2	1	1
3	4	UID113090	2	2	1	1
5	6	UID113091	2	4	1	1
3	4	UID113099	2	2	1	1
2	3	UID113101	2	1	1	1
4	5	UID113104	2	3	1	1
2	3	UID113105	2	1	1	1
4	5	UID113112	2	3	2	2
4	5	UID113116	2	3	1	1
5	6	UID113117	2	4	1	1
2	3	UID113118	2	1	1	1
4	5	UID113120	2	3	2	2
7	8	UID113124	2	6	1	1
2	3	UID113138	2	1	1	1
4	5	UID113141	2	3	2	2
7	8	UID113144	2	6	2	2
6	7	UID113148	2	5	1	1
1	2	UID113149	2	0	0	0
4	5	UID113151	2	3	1	1
3	4	UID113152	2	2	1	1
7	8	UID113154	2	6	3	3
3	4	UID113156	2	2	1	1
4	5	UID113157	2	3	1	1
8	9	UID113159	2	7	2	2
3	4	UID113161	2	2	1	1
1	2	UID113166	2	0	0	0
3	4	UID113169	2	2	1	1
2	3	UID113171	2	1	1	1
1	2	UID113172	2	0	0	0
4	5	UID113173	2	3	1	1
3	4	UID113180	2	2	1	1
1	2	UID113189	2	0	0	0
4	5	UID113190	2	3	1	1
1	2	UID113191	2	0	0	0
1	2	UID113201	2	0	0	0
1	2	UID113203	2	0	0	0
1	2	UID113204	2	0	0	0
1	2	UID113219	2	0	0	0
4	5	UID113235	2	3	1	1
1	2	UID113258	2	0	0	0
1	2	UID194	2	0	0	0
1	2	UID328	2	0	0	0
1	2	UID52194	2	0	0	0
1	2	UID62166	2	0	0	0
1	2	UID65796	2	0	0	0
6	7	UID67633	2	5	1	1
1	2	UID67639	2	0	0	0
2	3	UID81230	2	1	1	1
4	5	UID81808	2	3	1	1
5	6	UID81919	2	4	1	1
3	4	UID82888	2	2	1	1
7	7	UID1008	1	7	2	2
1	1	UID111432	1	1	0	0
1	1	UID113307	1	1	0	0
1	1	UID113313	1	1	0	0
1	1	UID113314	1	1	0	0
1	1	UID113315	1	1	0	0
1	1	UID113317	1	1	0	0
1	1	UID113320	1	1	0	0
1	1	UID113324	1	1	0	0
1	1	UID113325	1	1	0	0
1	1	UID113327	1	1	0	0
1	1	UID113328	1	1	0	0
1	1	UID113341	1	1	0	0
1	1	UID113347	1	1	0	0
1	1	UID113360	1	1	0	0
1	1	UID113361	1	1	0	0
1	1	UID113363	1	1	0	0
1	1	UID113366	1	1	0	0
1	1	UID113377	1	1	0	0
1	1	UID113378	1	1	0	0
1	1	UID113379	1	1	0	0
1	1	UID113384	1	1	0	0
1	1	UID113386	1	1	0	0
1	1	UID113404	1	1	0	0
1	1	UID113409	1	1	0	0
1	1	UID113416	1	1	0	0
1	1	UID113421	1	1	0	0
1	1	UID113423	1	1	0	0
1	1	UID113445	1	1	0	0
1	1	UID113448	1	1	0	0
1	1	UID113450	1	1	0	0
1	1	UID113453	1	1	0	0
1	1	UID113454	1	1	0	0
1	1	UID113456	1	1	0	0
1	1	UID113458	1	1	0	0
1	1	UID113459	1	1	0	0
1	1	UID113462	1	1	0	0
1	1	UID113466	1	1	0	0
1	1	UID113469	1	1	0	0
1	1	UID113470	1	1	0	0
1	1	UID113473	1	1	0	0
1	1	UID113482	1	1	0	0
1	1	UID113483	1	1	0	0
1	1	UID113485	1	1	0	0
1	1	UID113494	1	1	0	0
1	1	UID113496	1	1	0	0
1	1	UID113504	1	1	0	0
1	1	UID113505	1	1	0	0
1	1	UID113518	1	1	0	0
1	1	UID113525	1	1	0	0
1	1	UID113526	1	1	0	0
1	1	UID113541	1	1	0	0
1	1	UID113543	1	1	0	0
1	1	UID113547	1	1	0	0
1	1	UID113548	1	1	0	0
1	1	UID113553	1	1	0	0
1	1	UID113558	1	1	0	0
1	1	UID113562	1	1	0	0
1	1	UID113571	1	1	0	0
1	1	UID113573	1	1	0	0
1	1	UID113582	1	1	0	0
1	1	UID113583	1	1	0	0
1	1	UID113585	1	1	0	0
1	1	UID113593	1	1	0	0
1	1	UID113615	1	1	0	0
1	1	UID113619	1	1	0	0
1	1	UID113621	1	1	0	0
1	1	UID113637	1	1	0	0
3	3	UID113645	1	3	2	2
1	1	UID113650	1	1	0	0
1	1	UID113653	1	1	0	0
1	1	UID113654	1	1	0	0
1	1	UID113656	1	1	0	0
1	1	UID113658	1	1	0	0
1	1	UID113668	1	1	0	0
1	1	UID113673	1	1	0	0
1	1	UID113675	1	1	0	0
1	1	UID113682	1	1	0	0
1	1	UID113697	1	1	0	0
1	1	UID113699	1	1	0	0
1	1	UID113703	1	1	0	0
1	1	UID113707	1	1	0	0
1	1	UID113712	1	1	0	0
1	1	UID113713	1	1	0	0
1	1	UID113714	1	1	0	0
1	1	UID113716	1	1	0	0
1	1	UID113719	1	1	0	0
1	1	UID113720	1	1	0	0
1	1	UID113737	1	1	0	0
1	1	UID113744	1	1	0	0
1	1	UID113745	1	1	0	0
1	1	UID113749	1	1	0	0
1	1	UID113750	1	1	0	0
1	1	UID113752	1	1	0	0
1	1	UID113754	1	1	0	0
1	1	UID113755	1	1	0	0
1	1	UID113756	1	1	0	0
1	1	UID113769	1	1	0	0
1	1	UID113774	1	1	0	0
1	1	UID113778	1	1	0	0
1	1	UID113781	1	1	0	0
1	1	UID113803	1	1	0	0
1	1	UID113813	1	1	0	0
7	7	UID113818	1	7	3	3
1	1	UID113831	1	1	0	0
1	1	UID113832	1	1	0	0
1	1	UID113833	1	1	0	0
1	1	UID113838	1	1	0	0
6	6	UID113839	1	6	2	2
1	1	UID113842	1	1	0	0
1	1	UID113843	1	1	0	0
1	1	UID113859	1	1	0	0
1	1	UID113860	1	1	0	0
1	1	UID113861	1	1	0	0
5	5	UID113863	1	5	2	2
1	1	UID113866	1	1	0	0
1	1	UID113869	1	1	0	0
1	1	UID113874	1	1	0	0
2	2	UID113879	1	2	1	1
1	1	UID113889	1	1	0	0
1	1	UID113894	1	1	0	0
1	1	UID113896	1	1	0	0
1	1	UID113899	1	1	0	0
1	1	UID113903	1	1	0	0
1	1	UID113904	1	1	0	0
4	4	UID113905	1	4	2	2
1	1	UID113908	1	1	0	0
1	1	UID113910	1	1	0	0
1	1	UID113911	1	1	0	0
1	1	UID113913	1	1	0	0
1	1	UID113914	1	1	0	0
1	1	UID113924	1	1	0	0
1	1	UID113926	1	1	0	0
4	4	UID113941	1	4	2	2
1	1	UID113946	1	1	0	0
1	1	UID113948	1	1	0	0
12	12	UID113949	1	12	4	4
1	1	UID113953	1	1	0	0
1	1	UID113958	1	1	0	0
1	1	UID113960	1	1	0	0
1	1	UID113969	1	1	0	0
1	1	UID113971	1	1	0	0
1	1	UID113974	1	1	0	0
1	1	UID113978	1	1	0	0
1	1	UID113990	1	1	0	0
1	1	UID113992	1	1	0	0
1	1	UID113994	1	1	0	0
1	1	UID113998	1	1	0	0
1	1	UID114005	1	1	0	0
1	1	UID114009	1	1	0	0
1	1	UID114015	1	1	0	0
1	1	UID114016	1	1	0	0
1	1	UID114017	1	1	0	0
1	1	UID114045	1	1	0	0
1	1	UID114055	1	1	0	0
1	1	UID114056	1	1	0	0
1	1	UID114058	1	1	0	0
1	1	UID114060	1	1	0	0
1	1	UID114062	1	1	0	0
1	1	UID114076	1	1	0	0
1	1	UID114083	1	1	0	0
1	1	UID114084	1	1	0	0
1	1	UID114096	1	1	0	0
1	1	UID114101	1	1	0	0
1	1	UID114112	1	1	0	0
1	1	UID114113	1	1	0	0
1	1	UID114117	1	1	0	0
1	1	UID114120	1	1	0	0
1	1	UID114134	1	1	0	0
1	1	UID114142	1	1	0	0
1	1	UID114145	1	1	0	0
1	1	UID114146	1	1	0	0
1	1	UID114153	1	1	0	0
1	1	UID114154	1	1	0	0
1	1	UID114158	1	1	0	0
1	1	UID114164	1	1	0	0
1	1	UID114165	1	1	0	0
1	1	UID114167	1	1	0	0
1	1	UID114169	1	1	0	0
4	4	UID114170	1	4	2	2
1	1	UID114180	1	1	0	0
1	1	UID114197	1	1	0	0
1	1	UID114199	1	1	0	0
1	1	UID114204	1	1	0	0
1	1	UID114210	1	1	0	0
1	1	UID114219	1	1	0	0
1	1	UID114231	1	1	0	0
1	1	UID114235	1	1	0	0
1	1	UID114236	1	1	0	0
1	1	UID114237	1	1	0	0
1	1	UID114238	1	1	0	0
1	1	UID114240	1	1	0	0
1	1	UID114242	1	1	0	0
1	1	UID114247	1	1	0	0
1	1	UID114254	1	1	0	0
1	1	UID114265	1	1	0	0
1	1	UID114282	1	1	0	0
1	1	UID114283	1	1	0	0
6	6	UID114286	1	6	2	2
1	1	UID114287	1	1	0	0
1	1	UID114288	1	1	0	0
1	1	UID114289	1	1	0	0
1	1	UID114291	1	1	0	0
1	1	UID114297	1	1	0	0
1	1	UID114298	1	1	0	0
1	1	UID114299	1	1	0	0
1	1	UID114304	1	1	0	0
1	1	UID114305	1	1	0	0
1	1	UID114308	1	1	0	0
1	1	UID114309	1	1	0	0
1	1	UID114317	1	1	0	0
1	1	UID114324	1	1	0	0
1	1	UID114343	1	1	0	0
1	1	UID114344	1	1	0	0
1	1	UID114345	1	1	0	0
1	1	UID114360	1	1	0	0
1	1	UID114362	1	1	0	0
1	1	UID114364	1	1	0	0
1	1	UID114389	1	1	0	0
1	1	UID114390	1	1	0	0
1	1	UID114391	1	1	0	0
1	1	UID114397	1	1	0	0
1	1	UID114417	1	1	0	0
1	1	UID114418	1	1	0	0
1	1	UID114424	1	1	0	0
1	1	UID114425	1	1	0	0
1	1	UID114427	1	1	0	0
1	1	UID114431	1	1	0	0
1	1	UID114436	1	1	0	0
1	1	UID114439	1	1	0	0
1	1	UID114443	1	1	0	0
1	1	UID114446	1	1	0	0
1	1	UID114449	1	1	0	0
1	1	UID114450	1	1	0	0
1	1	UID114452	1	1	0	0
1	1	UID114453	1	1	0	0
1	1	UID114455	1	1	0	0
1	1	UID114457	1	1	0	0
1	1	UID114458	1	1	0	0
1	1	UID114459	1	1	0	0
1	1	UID114460	1	1	0	0
1	1	UID114461	1	1	0	0
1	1	UID114465	1	1	0	0
1	1	UID114475	1	1	0	0
1	1	UID114478	1	1	0	0
1	1	UID114479	1	1	0	0
1	1	UID114487	1	1	0	0
1	1	UID114488	1	1	0	0
1	1	UID114499	1	1	0	0
1	1	UID114501	1	1	0	0
1	1	UID114507	1	1	0	0
1	1	UID114509	1	1	0	0
1	1	UID114513	1	1	0	0
1	1	UID114514	1	1	0	0
1	1	UID114518	1	1	0	0
1	1	UID114524	1	1	0	0
1	1	UID114527	1	1	0	0
1	1	UID114528	1	1	0	0
1	1	UID114529	1	1	0	0
1	1	UID114530	1	1	0	0
1	1	UID114535	1	1	0	0
1	1	UID114536	1	1	0	0
1	1	UID114538	1	1	0	0
1	1	UID114541	1	1	0	0
1	1	UID114548	1	1	0	0
1	1	UID114550	1	1	0	0
1	1	UID114568	1	1	0	0
1	1	UID114569	1	1	0	0
5	5	UID114571	1	5	2	2
1	1	UID114573	1	1	0	0
1	1	UID114579	1	1	0	0
1	1	UID114586	1	1	0	0
1	1	UID114587	1	1	0	0
1	1	UID114588	1	1	0	0
1	1	UID114590	1	1	0	0
1	1	UID114593	1	1	0	0
1	1	UID114603	1	1	0	0
1	1	UID114605	1	1	0	0
1	1	UID114606	1	1	0	0
1	1	UID114607	1	1	0	0
1	1	UID114610	1	1	0	0
1	1	UID114616	1	1	0	0
1	1	UID114617	1	1	0	0
1	1	UID114626	1	1	0	0
1	1	UID114627	1	1	0	0
1	1	UID114633	1	1	0	0
1	1	UID114635	1	1	0	0
1	1	UID114638	1	1	0	0
1	1	UID114649	1	1	0	0
1	1	UID114650	1	1	0	0
1	1	UID114654	1	1	0	0
1	1	UID114659	1	1	0	0
1	1	UID114662	1	1	0	0
1	1	UID114664	1	1	0	0
1	1	UID114682	1	1	0	0
1	1	UID114707	1	1	0	0
1	1	UID114708	1	1	0	0
1	1	UID114709	1	1	0	0
1	1	UID114710	1	1	0	0
1	1	UID114715	1	1	0	0
1	1	UID114728	1	1	0	0
1	1	UID114730	1	1	0	0
1	1	UID114742	1	1	0	0
1	1	UID114760	1	1	0	0
1	1	UID114770	1	1	0	0
1	1	UID114771	1	1	0	0
1	1	UID114787	1	1	0	0
1	1	UID114791	1	1	0	0
1	1	UID114792	1	1	0	0
1	1	UID114798	1	1	0	0
1	1	UID114800	1	1	0	0
1	1	UID114808	1	1	0	0
1	1	UID114809	1	1	0	0
1	1	UID114810	1	1	0	0
1	1	UID114813	1	1	0	0
1	1	UID114814	1	1	0	0
1	1	UID114817	1	1	0	0
1	1	UID114818	1	1	0	0
1	1	UID114819	1	1	0	0
1	1	UID114820	1	1	0	0
1	1	UID114821	1	1	0	0
1	1	UID114822	1	1	0	0
1	1	UID114829	1	1	0	0
1	1	UID114830	1	1	0	0
1	1	UID114833	1	1	0	0
1	1	UID114848	1	1	0	0
1	1	UID114862	1	1	0	0
1	1	UID114863	1	1	0	0
1	1	UID114864	1	1	0	0
1	1	UID114868	1	1	0	0
1	1	UID114869	1	1	0	0
1	1	UID114870	1	1	0	0
1	1	UID114872	1	1	0	0
1	1	UID114873	1	1	0	0
1	1	UID114874	1	1	0	0
1	1	UID114875	1	1	0	0
1	1	UID114882	1	1	0	0
1	1	UID114884	1	1	0	0
1	1	UID114885	1	1	0	0
1	1	UID114887	1	1	0	0
1	1	UID114888	1	1	0	0
1	1	UID114889	1	1	0	0
1	1	UID114909	1	1	0	0
1	1	UID114911	1	1	0	0
1	1	UID114919	1	1	0	0
1	1	UID114925	1	1	0	0
1	1	UID114931	1	1	0	0
1	1	UID114932	1	1	0	0
1	1	UID114933	1	1	0	0
1	1	UID114943	1	1	0	0
1	1	UID114944	1	1	0	0
1	1	UID114949	1	1	0	0
1	1	UID114957	1	1	0	0
1	1	UID114967	1	1	0	0
1	1	UID114977	1	1	0	0
1	1	UID114981	1	1	0	0
1	1	UID114990	1	1	0	0
1	1	UID114992	1	1	0	0
1	1	UID115000	1	1	0	0
1	1	UID115016	1	1	0	0
1	1	UID115017	1	1	0	0
1	1	UID115018	1	1	0	0
1	1	UID115019	1	1	0	0
1	1	UID115031	1	1	0	0
1	1	UID115041	1	1	0	0
1	1	UID115052	1	1	0	0
1	1	UID115056	1	1	0	0
5	5	UID115059	1	5	2	2
1	1	UID115062	1	1	0	0
1	1	UID115069	1	1	0	0
1	1	UID115072	1	1	0	0
1	1	UID115073	1	1	0	0
2	2	UID115075	1	2	1	1
1	1	UID115076	1	1	0	0
1	1	UID115080	1	1	0	0
1	1	UID115094	1	1	0	0
1	1	UID115097	1	1	0	0
1	1	UID115100	1	1	0	0
1	1	UID115114	1	1	0	0
1	1	UID115124	1	1	0	0
1	1	UID115125	1	1	0	0
1	1	UID115126	1	1	0	0
1	1	UID115132	1	1	0	0
1	1	UID115134	1	1	0	0
1	1	UID115136	1	1	0	0
1	1	UID115144	1	1	0	0
1	1	UID115155	1	1	0	0
1	1	UID115156	1	1	0	0
1	1	UID115159	1	1	0	0
1	1	UID115168	1	1	0	0
1	1	UID115171	1	1	0	0
1	1	UID115172	1	1	0	0
1	1	UID115173	1	1	0	0
1	1	UID115175	1	1	0	0
1	1	UID115176	1	1	0	0
1	1	UID115183	1	1	0	0
1	1	UID115184	1	1	0	0
1	1	UID115187	1	1	0	0
1	1	UID115188	1	1	0	0
1	1	UID115189	1	1	0	0
1	1	UID115190	1	1	0	0
1	1	UID115191	1	1	0	0
1	1	UID115197	1	1	0	0
6	6	UID115200	1	6	2	2
1	1	UID115205	1	1	0	0
1	1	UID115206	1	1	0	0
1	1	UID115215	1	1	0	0
1	1	UID115217	1	1	0	0
1	1	UID115226	1	1	0	0
1	1	UID115231	1	1	0	0
1	1	UID115232	1	1	0	0
1	1	UID115240	1	1	0	0
1	1	UID115241	1	1	0	0
1	1	UID115247	1	1	0	0
1	1	UID115249	1	1	0	0
1	1	UID115261	1	1	0	0
1	1	UID115264	1	1	0	0
1	1	UID115266	1	1	0	0
1	1	UID115268	1	1	0	0
1	1	UID115280	1	1	0	0
1	1	UID115301	1	1	0	0
1	1	UID115302	1	1	0	0
1	1	UID115306	1	1	0	0
1	1	UID115315	1	1	0	0
1	1	UID115318	1	1	0	0
1	1	UID115321	1	1	0	0
1	1	UID115338	1	1	0	0
1	1	UID115339	1	1	0	0
1	1	UID115348	1	1	0	0
1	1	UID115352	1	1	0	0
6	6	UID115379	1	6	2	2
1	1	UID115397	1	1	0	0
1	1	UID115403	1	1	0	0
1	1	UID115405	1	1	0	0
1	1	UID115419	1	1	0	0
1	1	UID115420	1	1	0	0
1	1	UID115421	1	1	0	0
1	1	UID115430	1	1	0	0
1	1	UID115431	1	1	0	0
1	1	UID115432	1	1	0	0
1	1	UID115444	1	1	0	0
1	1	UID115446	1	1	0	0
1	1	UID115449	1	1	0	0
1	1	UID115453	1	1	0	0
1	1	UID115460	1	1	0	0
1	1	UID115463	1	1	0	0
1	1	UID115479	1	1	0	0
1	1	UID115487	1	1	0	0
1	1	UID115489	1	1	0	0
1	1	UID115490	1	1	0	0
1	1	UID115494	1	1	0	0
1	1	UID115505	1	1	0	0
1	1	UID115506	1	1	0	0
1	1	UID115509	1	1	0	0
1	1	UID115516	1	1	0	0
1	1	UID115517	1	1	0	0
3	3	UID115518	1	3	2	2
1	1	UID115522	1	1	0	0
1	1	UID115531	1	1	0	0
1	1	UID115537	1	1	0	0
1	1	UID115546	1	1	0	0
1	1	UID115548	1	1	0	0
1	1	UID115553	1	1	0	0
1	1	UID115555	1	1	0	0
1	1	UID115556	1	1	0	0
1	1	UID115559	1	1	0	0
1	1	UID115561	1	1	0	0
1	1	UID115569	1	1	0	0
1	1	UID115570	1	1	0	0
1	1	UID115571	1	1	0	0
1	1	UID115575	1	1	0	0
1	1	UID115580	1	1	0	0
1	1	UID115581	1	1	0	0
1	1	UID115585	1	1	0	0
1	1	UID115592	1	1	0	0
1	1	UID115595	1	1	0	0
2	2	UID115606	1	2	1	1
1	1	UID115610	1	1	0	0
4	4	UID115612	1	4	2	2
1	1	UID115621	1	1	0	0
1	1	UID115639	1	1	0	0
1	1	UID115642	1	1	0	0
1	1	UID115643	1	1	0	0
1	1	UID115645	1	1	0	0
1	1	UID115661	1	1	0	0
4	4	UID115671	1	4	1	1
1	1	UID115678	1	1	0	0
1	1	UID115684	1	1	0	0
1	1	UID115696	1	1	0	0
1	1	UID115697	1	1	0	0
1	1	UID115709	1	1	0	0
1	1	UID115712	1	1	0	0
1	1	UID115713	1	1	0	0
1	1	UID115714	1	1	0	0
1	1	UID115718	1	1	0	0
1	1	UID115730	1	1	0	0
1	1	UID115731	1	1	0	0
1	1	UID115732	1	1	0	0
1	1	UID115737	1	1	0	0
1	1	UID115740	1	1	0	0
1	1	UID115742	1	1	0	0
1	1	UID115757	1	1	0	0
1	1	UID115772	1	1	0	0
1	1	UID115774	1	1	0	0
1	1	UID115775	1	1	0	0
1	1	UID115776	1	1	0	0
1	1	UID115777	1	1	0	0
1	1	UID115778	1	1	0	0
1	1	UID115779	1	1	0	0
1	1	UID115790	1	1	0	0
1	1	UID115792	1	1	0	0
1	1	UID115793	1	1	0	0
1	1	UID116223	1	1	0	0
1	1	UID116277	1	1	0	0
1	1	UID116326	1	1	0	0
1	1	UID116333	1	1	0	0
1	1	UID116337	1	1	0	0
1	1	UID116338	1	1	0	0
1	1	UID116341	1	1	0	0
1	1	UID116342	1	1	0	0
1	1	UID116343	1	1	0	0
1	1	UID116344	1	1	0	0
1	1	UID116351	1	1	0	0
1	1	UID116359	1	1	0	0
1	1	UID116361	1	1	0	0
1	1	UID116364	1	1	0	0
1	1	UID116387	1	1	0	0
1	1	UID116388	1	1	0	0
1	1	UID116392	1	1	0	0
1	1	UID116396	1	1	0	0
1	1	UID116401	1	1	0	0
1	1	UID116404	1	1	0	0
1	1	UID116405	1	1	0	0
1	1	UID116406	1	1	0	0
3	3	UID116409	1	3	1	1
1	1	UID116411	1	1	0	0
1	1	UID116427	1	1	0	0
1	1	UID116430	1	1	0	0
1	1	UID116433	1	1	0	0
1	1	UID116440	1	1	0	0
1	1	UID116449	1	1	0	0
1	1	UID116454	1	1	0	0
1	1	UID116456	1	1	0	0
1	1	UID116477	1	1	0	0
1	1	UID116504	1	1	0	0
1	1	UID116505	1	1	0	0
1	1	UID116515	1	1	0	0
1	1	UID116522	1	1	0	0
1	1	UID116523	1	1	0	0
1	1	UID116547	1	1	0	0
1	1	UID116548	1	1	0	0
1	1	UID116550	1	1	0	0
1	1	UID116566	1	1	0	0
1	1	UID116584	1	1	0	0
1	1	UID116595	1	1	0	0
1	1	UID116629	1	1	0	0
1	1	UID116630	1	1	0	0
1	1	UID116631	1	1	0	0
1	1	UID116636	1	1	0	0
1	1	UID116648	1	1	0	0
1	1	UID116665	1	1	0	0
1	1	UID116683	1	1	0	0
1	1	UID116684	1	1	0	0
1	1	UID116685	1	1	0	0
1	1	UID116687	1	1	0	0
1	1	UID116693	1	1	0	0
1	1	UID116699	1	1	0	0
1	1	UID116700	1	1	0	0
1	1	UID116706	1	1	0	0
1	1	UID116729	1	1	0	0
1	1	UID116730	1	1	0	0
1	1	UID116732	1	1	0	0
1	1	UID116747	1	1	0	0
1	1	UID116750	1	1	0	0
1	1	UID116755	1	1	0	0
1	1	UID116759	1	1	0	0
1	1	UID116769	1	1	0	0
1	1	UID116774	1	1	0	0
1	1	UID116775	1	1	0	0
1	1	UID116779	1	1	0	0
1	1	UID116784	1	1	0	0
1	1	UID116785	1	1	0	0
1	1	UID116786	1	1	0	0
1	1	UID116790	1	1	0	0
1	1	UID116794	1	1	0	0
1	1	UID116805	1	1	0	0
1	1	UID116811	1	1	0	0
1	1	UID116829	1	1	0	0
1	1	UID116849	1	1	0	0
1	1	UID116853	1	1	0	0
1	1	UID116855	1	1	0	0
1	1	UID116856	1	1	0	0
1	1	UID116857	1	1	0	0
1	1	UID116864	1	1	0	0
1	1	UID116866	1	1	0	0
1	1	UID116890	1	1	0	0
1	1	UID116891	1	1	0	0
1	1	UID116892	1	1	0	0
1	1	UID116897	1	1	0	0
1	1	UID116929	1	1	0	0
1	1	UID116930	1	1	0	0
1	1	UID116932	1	1	0	0
1	1	UID116933	1	1	0	0
1	1	UID116937	1	1	0	0
1	1	UID116943	1	1	0	0
1	1	UID116945	1	1	0	0
1	1	UID116946	1	1	0	0
1	1	UID116947	1	1	0	0
1	1	UID116967	1	1	0	0
1	1	UID116968	1	1	0	0
1	1	UID116978	1	1	0	0
1	1	UID116979	1	1	0	0
1	1	UID116985	1	1	0	0
1	1	UID116994	1	1	0	0
1	1	UID117002	1	1	0	0
1	1	UID117006	1	1	0	0
1	1	UID117020	1	1	0	0
1	1	UID117022	1	1	0	0
1	1	UID117028	1	1	0	0
1	1	UID117033	1	1	0	0
1	1	UID117034	1	1	0	0
1	1	UID117035	1	1	0	0
1	1	UID117036	1	1	0	0
1	1	UID117037	1	1	0	0
1	1	UID117038	1	1	0	0
1	1	UID117040	1	1	0	0
1	1	UID117054	1	1	0	0
1	1	UID117060	1	1	0	0
1	1	UID117063	1	1	0	0
1	1	UID117066	1	1	0	0
1	1	UID117068	1	1	0	0
1	1	UID117078	1	1	0	0
1	1	UID117094	1	1	0	0
1	1	UID117097	1	1	0	0
1	1	UID117101	1	1	0	0
1	1	UID117102	1	1	0	0
1	1	UID117103	1	1	0	0
1	1	UID117109	1	1	0	0
1	1	UID117123	1	1	0	0
1	1	UID117130	1	1	0	0
1	1	UID117134	1	1	0	0
1	1	UID117139	1	1	0	0
1	1	UID117146	1	1	0	0
1	1	UID117154	1	1	0	0
1	1	UID117155	1	1	0	0
1	1	UID117159	1	1	0	0
1	1	UID117160	1	1	0	0
1	1	UID117161	1	1	0	0
1	1	UID117169	1	1	0	0
1	1	UID117171	1	1	0	0
1	1	UID117174	1	1	0	0
1	1	UID117175	1	1	0	0
1	1	UID117179	1	1	0	0
1	1	UID117182	1	1	0	0
1	1	UID117190	1	1	0	0
1	1	UID117193	1	1	0	0
1	1	UID117206	1	1	0	0
1	1	UID117211	1	1	0	0
1	1	UID117216	1	1	0	0
1	1	UID117221	1	1	0	0
1	1	UID117223	1	1	0	0
1	1	UID117225	1	1	0	0
1	1	UID117242	1	1	0	0
1	1	UID117244	1	1	0	0
2	2	UID117245	1	2	1	1
1	1	UID117246	1	1	0	0
1	1	UID117250	1	1	0	0
1	1	UID117251	1	1	0	0
1	1	UID117263	1	1	0	0
1	1	UID117264	1	1	0	0
1	1	UID117267	1	1	0	0
1	1	UID117270	1	1	0	0
1	1	UID117272	1	1	0	0
1	1	UID117283	1	1	0	0
1	1	UID117284	1	1	0	0
1	1	UID117285	1	1	0	0
1	1	UID117286	1	1	0	0
1	1	UID117288	1	1	0	0
1	1	UID117292	1	1	0	0
1	1	UID117299	1	1	0	0
1	1	UID117300	1	1	0	0
1	1	UID117303	1	1	0	0
1	1	UID117327	1	1	0	0
1	1	UID117332	1	1	0	0
1	1	UID117337	1	1	0	0
1	1	UID117338	1	1	0	0
1	1	UID117339	1	1	0	0
1	1	UID117340	1	1	0	0
1	1	UID117342	1	1	0	0
1	1	UID117349	1	1	0	0
1	1	UID117351	1	1	0	0
1	1	UID117361	1	1	0	0
1	1	UID117363	1	1	0	0
1	1	UID117365	1	1	0	0
1	1	UID117370	1	1	0	0
1	1	UID117372	1	1	0	0
1	1	UID117374	1	1	0	0
1	1	UID117375	1	1	0	0
1	1	UID117376	1	1	0	0
1	1	UID117385	1	1	0	0
1	1	UID117408	1	1	0	0
1	1	UID117409	1	1	0	0
1	1	UID117412	1	1	0	0
1	1	UID117413	1	1	0	0
1	1	UID117416	1	1	0	0
1	1	UID117422	1	1	0	0
1	1	UID117426	1	1	0	0
1	1	UID117427	1	1	0	0
1	1	UID117431	1	1	0	0
1	1	UID117432	1	1	0	0
1	1	UID117442	1	1	0	0
1	1	UID117443	1	1	0	0
1	1	UID117445	1	1	0	0
1	1	UID117446	1	1	0	0
1	1	UID117453	1	1	0	0
1	1	UID117466	1	1	0	0
1	1	UID117469	1	1	0	0
1	1	UID117470	1	1	0	0
1	1	UID117471	1	1	0	0
1	1	UID117472	1	1	0	0
1	1	UID117473	1	1	0	0
1	1	UID117475	1	1	0	0
1	1	UID117477	1	1	0	0
1	1	UID117481	1	1	0	0
1	1	UID117483	1	1	0	0
1	1	UID117485	1	1	0	0
1	1	UID117487	1	1	0	0
1	1	UID117491	1	1	0	0
1	1	UID117500	1	1	0	0
1	1	UID117501	1	1	0	0
1	1	UID117502	1	1	0	0
1	1	UID117503	1	1	0	0
1	1	UID117504	1	1	0	0
1	1	UID117508	1	1	0	0
1	1	UID117509	1	1	0	0
1	1	UID117519	1	1	0	0
1	1	UID117520	1	1	0	0
1	1	UID117521	1	1	0	0
1	1	UID117529	1	1	0	0
1	1	UID117530	1	1	0	0
1	1	UID117537	1	1	0	0
1	1	UID117539	1	1	0	0
1	1	UID117540	1	1	0	0
1	1	UID117542	1	1	0	0
1	1	UID117543	1	1	0	0
1	1	UID117544	1	1	0	0
1	1	UID117550	1	1	0	0
1	1	UID117562	1	1	0	0
1	1	UID117570	1	1	0	0
1	1	UID117574	1	1	0	0
1	1	UID117575	1	1	0	0
1	1	UID117576	1	1	0	0
1	1	UID117578	1	1	0	0
1	1	UID117580	1	1	0	0
1	1	UID117581	1	1	0	0
1	1	UID117598	1	1	0	0
1	1	UID117603	1	1	0	0
1	1	UID117605	1	1	0	0
1	1	UID117612	1	1	0	0
1	1	UID117613	1	1	0	0
1	1	UID117617	1	1	0	0
5	5	UID117620	1	5	2	2
3	3	UID117625	1	3	2	2
1	1	UID117641	1	1	0	0
1	1	UID117649	1	1	0	0
1	1	UID117650	1	1	0	0
1	1	UID117651	1	1	0	0
1	1	UID117654	1	1	0	0
1	1	UID117670	1	1	0	0
1	1	UID117674	1	1	0	0
2	2	UID117691	1	2	1	1
1	1	UID117692	1	1	0	0
1	1	UID117693	1	1	0	0
1	1	UID117694	1	1	0	0
1	1	UID117695	1	1	0	0
1	1	UID117698	1	1	0	0
1	1	UID117699	1	1	0	0
1	1	UID117700	1	1	0	0
1	1	UID117701	1	1	0	0
1	1	UID117702	1	1	0	0
1	1	UID117705	1	1	0	0
1	1	UID117706	1	1	0	0
1	1	UID117707	1	1	0	0
1	1	UID117710	1	1	0	0
1	1	UID117711	1	1	0	0
1	1	UID117712	1	1	0	0
1	1	UID117714	1	1	0	0
1	1	UID117715	1	1	0	0
1	1	UID117716	1	1	0	0
1	1	UID117735	1	1	0	0
1	1	UID117736	1	1	0	0
1	1	UID117744	1	1	0	0
1	1	UID117748	1	1	0	0
1	1	UID117749	1	1	0	0
1	1	UID117751	1	1	0	0
1	1	UID117755	1	1	0	0
1	1	UID117757	1	1	0	0
1	1	UID117772	1	1	0	0
1	1	UID117776	1	1	0	0
1	1	UID117778	1	1	0	0
1	1	UID117783	1	1	0	0
1	1	UID117790	1	1	0	0
1	1	UID117794	1	1	0	0
1	1	UID117795	1	1	0	0
1	1	UID117799	1	1	0	0
1	1	UID117812	1	1	0	0
1	1	UID117814	1	1	0	0
1	1	UID117815	1	1	0	0
1	1	UID117816	1	1	0	0
1	1	UID117819	1	1	0	0
1	1	UID117833	1	1	0	0
1	1	UID117839	1	1	0	0
1	1	UID117845	1	1	0	0
1	1	UID117846	1	1	0	0
1	1	UID117847	1	1	0	0
1	1	UID117856	1	1	0	0
1	1	UID117860	1	1	0	0
1	1	UID117875	1	1	0	0
1	1	UID117910	1	1	0	0
1	1	UID117918	1	1	0	0
1	1	UID117921	1	1	0	0
1	1	UID117922	1	1	0	0
1	1	UID117923	1	1	0	0
1	1	UID117933	1	1	0	0
1	1	UID117936	1	1	0	0
1	1	UID117943	1	1	0	0
1	1	UID117945	1	1	0	0
1	1	UID117947	1	1	0	0
1	1	UID117962	1	1	0	0
1	1	UID117963	1	1	0	0
1	1	UID117965	1	1	0	0
1	1	UID117967	1	1	0	0
3	3	UID117969	1	3	2	2
1	1	UID117971	1	1	0	0
1	1	UID117973	1	1	0	0
1	1	UID117974	1	1	0	0
1	1	UID117980	1	1	0	0
1	1	UID117988	1	1	0	0
1	1	UID118022	1	1	0	0
1	1	UID118027	1	1	0	0
1	1	UID118029	1	1	0	0
1	1	UID118030	1	1	0	0
1	1	UID118031	1	1	0	0
1	1	UID118032	1	1	0	0
1	1	UID118035	1	1	0	0
1	1	UID118036	1	1	0	0
1	1	UID118037	1	1	0	0
1	1	UID118041	1	1	0	0
1	1	UID118042	1	1	0	0
1	1	UID118046	1	1	0	0
1	1	UID118076	1	1	0	0
1	1	UID118080	1	1	0	0
1	1	UID118081	1	1	0	0
1	1	UID118084	1	1	0	0
1	1	UID118085	1	1	0	0
1	1	UID118088	1	1	0	0
1	1	UID118090	1	1	0	0
1	1	UID118091	1	1	0	0
1	1	UID118094	1	1	0	0
1	1	UID118102	1	1	0	0
1	1	UID118110	1	1	0	0
1	1	UID118111	1	1	0	0
1	1	UID118112	1	1	0	0
1	1	UID118116	1	1	0	0
1	1	UID118130	1	1	0	0
9	9	UID118131	1	9	3	3
1	1	UID118134	1	1	0	0
1	1	UID118136	1	1	0	0
1	1	UID118149	1	1	0	0
1	1	UID118155	1	1	0	0
1	1	UID118158	1	1	0	0
1	1	UID118162	1	1	0	0
1	1	UID118164	1	1	0	0
1	1	UID118168	1	1	0	0
1	1	UID118171	1	1	0	0
1	1	UID118172	1	1	0	0
1	1	UID118173	1	1	0	0
3	3	UID118177	1	3	2	2
1	1	UID118192	1	1	0	0
1	1	UID118194	1	1	0	0
1	1	UID118195	1	1	0	0
1	1	UID118197	1	1	0	0
1	1	UID118198	1	1	0	0
4	4	UID118200	1	4	2	2
1	1	UID118201	1	1	0	0
1	1	UID118204	1	1	0	0
1	1	UID118207	1	1	0	0
1	1	UID118209	1	1	0	0
1	1	UID118218	1	1	0	0
1	1	UID118225	1	1	0	0
1	1	UID118226	1	1	0	0
1	1	UID118228	1	1	0	0
1	1	UID118229	1	1	0	0
1	1	UID118230	1	1	0	0
1	1	UID118231	1	1	0	0
1	1	UID118232	1	1	0	0
1	1	UID118233	1	1	0	0
1	1	UID118234	1	1	0	0
1	1	UID118244	1	1	0	0
1	1	UID118247	1	1	0	0
1	1	UID118248	1	1	0	0
1	1	UID118251	1	1	0	0
1	1	UID118252	1	1	0	0
1	1	UID118255	1	1	0	0
1	1	UID118282	1	1	0	0
1	1	UID118285	1	1	0	0
1	1	UID118286	1	1	0	0
1	1	UID118293	1	1	0	0
1	1	UID118294	1	1	0	0
1	1	UID118318	1	1	0	0
1	1	UID118319	1	1	0	0
1	1	UID118320	1	1	0	0
1	1	UID118323	1	1	0	0
1	1	UID118325	1	1	0	0
1	1	UID118327	1	1	0	0
1	1	UID118329	1	1	0	0
1	1	UID118330	1	1	0	0
1	1	UID118334	1	1	0	0
1	1	UID118343	1	1	0	0
1	1	UID118345	1	1	0	0
1	1	UID118348	1	1	0	0
1	1	UID118350	1	1	0	0
1	1	UID118360	1	1	0	0
1	1	UID118363	1	1	0	0
1	1	UID118365	1	1	0	0
1	1	UID118370	1	1	0	0
1	1	UID118371	1	1	0	0
1	1	UID118376	1	1	0	0
1	1	UID118377	1	1	0	0
1	1	UID118378	1	1	0	0
1	1	UID118379	1	1	0	0
1	1	UID118381	1	1	0	0
1	1	UID118382	1	1	0	0
1	1	UID118383	1	1	0	0
1	1	UID118399	1	1	0	0
1	1	UID118402	1	1	0	0
1	1	UID118403	1	1	0	0
1	1	UID118405	1	1	0	0
1	1	UID118406	1	1	0	0
1	1	UID118410	1	1	0	0
1	1	UID118414	1	1	0	0
1	1	UID118417	1	1	0	0
1	1	UID118435	1	1	0	0
1	1	UID118437	1	1	0	0
1	1	UID118441	1	1	0	0
1	1	UID118443	1	1	0	0
1	1	UID118444	1	1	0	0
1	1	UID118446	1	1	0	0
1	1	UID118449	1	1	0	0
1	1	UID118452	1	1	0	0
1	1	UID118454	1	1	0	0
1	1	UID118467	1	1	0	0
1	1	UID118470	1	1	0	0
1	1	UID118471	1	1	0	0
1	1	UID118472	1	1	0	0
1	1	UID118475	1	1	0	0
1	1	UID118476	1	1	0	0
1	1	UID118477	1	1	0	0
1	1	UID118485	1	1	0	0
1	1	UID118489	1	1	0	0
1	1	UID118490	1	1	0	0
1	1	UID118492	1	1	0	0
1	1	UID118496	1	1	0	0
1	1	UID118501	1	1	0	0
1	1	UID118504	1	1	0	0
1	1	UID118508	1	1	0	0
1	1	UID118509	1	1	0	0
1	1	UID118512	1	1	0	0
1	1	UID118513	1	1	0	0
1	1	UID118518	1	1	0	0
1	1	UID118533	1	1	0	0
1	1	UID118534	1	1	0	0
1	1	UID118539	1	1	0	0
1	1	UID118549	1	1	0	0
1	1	UID118551	1	1	0	0
1	1	UID118552	1	1	0	0
1	1	UID118560	1	1	0	0
1	1	UID118561	1	1	0	0
1	1	UID118562	1	1	0	0
1	1	UID118565	1	1	0	0
1	1	UID118577	1	1	0	0
1	1	UID118579	1	1	0	0
1	1	UID118581	1	1	0	0
1	1	UID118582	1	1	0	0
1	1	UID118590	1	1	0	0
1	1	UID118601	1	1	0	0
1	1	UID118602	1	1	0	0
1	1	UID118607	1	1	0	0
1	1	UID118608	1	1	0	0
1	1	UID118610	1	1	0	0
1	1	UID118613	1	1	0	0
1	1	UID118617	1	1	0	0
1	1	UID118634	1	1	0	0
1	1	UID118635	1	1	0	0
1	1	UID118638	1	1	0	0
1	1	UID118639	1	1	0	0
1	1	UID118641	1	1	0	0
1	1	UID118642	1	1	0	0
1	1	UID118644	1	1	0	0
4	4	UID118645	1	4	2	2
1	1	UID118649	1	1	0	0
1	1	UID118650	1	1	0	0
1	1	UID118652	1	1	0	0
1	1	UID118653	1	1	0	0
1	1	UID118654	1	1	0	0
1	1	UID118657	1	1	0	0
1	1	UID118658	1	1	0	0
1	1	UID118659	1	1	0	0
1	1	UID118660	1	1	0	0
1	1	UID118661	1	1	0	0
1	1	UID118664	1	1	0	0
1	1	UID118665	1	1	0	0
1	1	UID118666	1	1	0	0
1	1	UID118669	1	1	0	0
1	1	UID118670	1	1	0	0
1	1	UID118676	1	1	0	0
1	1	UID118679	1	1	0	0
1	1	UID118680	1	1	0	0
1	1	UID118681	1	1	0	0
1	1	UID118682	1	1	0	0
1	1	UID118683	1	1	0	0
1	1	UID118689	1	1	0	0
1	1	UID118690	1	1	0	0
1	1	UID118696	1	1	0	0
1	1	UID118698	1	1	0	0
1	1	UID118699	1	1	0	0
1	1	UID118701	1	1	0	0
1	1	UID118702	1	1	0	0
1	1	UID118705	1	1	0	0
1	1	UID118706	1	1	0	0
1	1	UID118707	1	1	0	0
1	1	UID118708	1	1	0	0
1	1	UID118710	1	1	0	0
1	1	UID118713	1	1	0	0
1	1	UID118730	1	1	0	0
1	1	UID118733	1	1	0	0
1	1	UID118734	1	1	0	0
1	1	UID118735	1	1	0	0
1	1	UID118736	1	1	0	0
1	1	UID118740	1	1	0	0
1	1	UID118742	1	1	0	0
1	1	UID118749	1	1	0	0
1	1	UID118751	1	1	0	0
1	1	UID118755	1	1	0	0
1	1	UID118762	1	1	0	0
1	1	UID118764	1	1	0	0
1	1	UID118765	1	1	0	0
1	1	UID118766	1	1	0	0
1	1	UID118768	1	1	0	0
1	1	UID118812	1	1	0	0
1	1	UID118818	1	1	0	0
1	1	UID118821	1	1	0	0
1	1	UID118822	1	1	0	0
1	1	UID118828	1	1	0	0
1	1	UID118844	1	1	0	0
1	1	UID118849	1	1	0	0
1	1	UID118850	1	1	0	0
1	1	UID118853	1	1	0	0
1	1	UID118854	1	1	0	0
1	1	UID118896	1	1	0	0
1	1	UID118908	1	1	0	0
1	1	UID118916	1	1	0	0
1	1	UID118917	1	1	0	0
1	1	UID118923	1	1	0	0
1	1	UID118924	1	1	0	0
1	1	UID118938	1	1	0	0
1	1	UID118942	1	1	0	0
1	1	UID118946	1	1	0	0
1	1	UID118948	1	1	0	0
1	1	UID118953	1	1	0	0
1	1	UID118954	1	1	0	0
1	1	UID118956	1	1	0	0
1	1	UID118959	1	1	0	0
1	1	UID118961	1	1	0	0
1	1	UID118962	1	1	0	0
1	1	UID118963	1	1	0	0
1	1	UID118965	1	1	0	0
1	1	UID118966	1	1	0	0
1	1	UID118973	1	1	0	0
1	1	UID118976	1	1	0	0
1	1	UID118990	1	1	0	0
1	1	UID118991	1	1	0	0
1	1	UID118992	1	1	0	0
1	1	UID118993	1	1	0	0
1	1	UID118998	1	1	0	0
1	1	UID119000	1	1	0	0
1	1	UID119001	1	1	0	0
1	1	UID119003	1	1	0	0
1	1	UID119004	1	1	0	0
1	1	UID119006	1	1	0	0
9	9	UID119013	1	9	2	2
1	1	UID119017	1	1	0	0
1	1	UID119018	1	1	0	0
1	1	UID119019	1	1	0	0
1	1	UID119020	1	1	0	0
1	1	UID119028	1	1	0	0
1	1	UID119030	1	1	0	0
1	1	UID119031	1	1	0	0
1	1	UID119032	1	1	0	0
1	1	UID119033	1	1	0	0
1	1	UID119034	1	1	0	0
1	1	UID119061	1	1	0	0
1	1	UID119072	1	1	0	0
1	1	UID119074	1	1	0	0
1	1	UID119082	1	1	0	0
1	1	UID119089	1	1	0	0
1	1	UID119090	1	1	0	0
1	1	UID119098	1	1	0	0
1	1	UID119099	1	1	0	0
1	1	UID119100	1	1	0	0
1	1	UID119101	1	1	0	0
1	1	UID119102	1	1	0	0
1	1	UID119103	1	1	0	0
1	1	UID119104	1	1	0	0
1	1	UID119106	1	1	0	0
1	1	UID119107	1	1	0	0
1	1	UID119109	1	1	0	0
1	1	UID119117	1	1	0	0
1	1	UID119120	1	1	0	0
1	1	UID119125	1	1	0	0
1	1	UID119126	1	1	0	0
1	1	UID119127	1	1	0	0
1	1	UID119130	1	1	0	0
1	1	UID119135	1	1	0	0
1	1	UID119150	1	1	0	0
1	1	UID119151	1	1	0	0
1	1	UID119152	1	1	0	0
1	1	UID119154	1	1	0	0
1	1	UID119155	1	1	0	0
1	1	UID119158	1	1	0	0
1	1	UID119159	1	1	0	0
1	1	UID119160	1	1	0	0
1	1	UID119163	1	1	0	0
6	6	UID119173	1	6	3	3
1	1	UID119176	1	1	0	0
1	1	UID119201	1	1	0	0
1	1	UID119203	1	1	0	0
1	1	UID119215	1	1	0	0
1	1	UID119225	1	1	0	0
1	1	UID119226	1	1	0	0
1	1	UID119229	1	1	0	0
1	1	UID119237	1	1	0	0
1	1	UID119250	1	1	0	0
1	1	UID119251	1	1	0	0
2	2	UID119256	1	2	1	1
1	1	UID119259	1	1	0	0
1	1	UID119260	1	1	0	0
1	1	UID119285	1	1	0	0
1	1	UID119296	1	1	0	0
1	1	UID119302	1	1	0	0
1	1	UID119303	1	1	0	0
1	1	UID119304	1	1	0	0
1	1	UID119322	1	1	0	0
1	1	UID119327	1	1	0	0
1	1	UID119354	1	1	0	0
1	1	UID119369	1	1	0	0
1	1	UID119381	1	1	0	0
1	1	UID119388	1	1	0	0
1	1	UID119390	1	1	0	0
1	1	UID119391	1	1	0	0
1	1	UID119399	1	1	0	0
1	1	UID119416	1	1	0	0
1	1	UID119419	1	1	0	0
1	1	UID119434	1	1	0	0
4	4	UID119437	1	4	1	1
3	3	UID119457	1	3	2	2
1	1	UID119470	1	1	0	0
1	1	UID119471	1	1	0	0
1	1	UID119481	1	1	0	0
1	1	UID119494	1	1	0	0
1	1	UID119495	1	1	0	0
1	1	UID119496	1	1	0	0
1	1	UID119507	1	1	0	0
1	1	UID119512	1	1	0	0
4	4	UID119517	1	4	2	2
1	1	UID119532	1	1	0	0
1	1	UID119533	1	1	0	0
1	1	UID119534	1	1	0	0
1	1	UID119535	1	1	0	0
1	1	UID119536	1	1	0	0
1	1	UID119537	1	1	0	0
1	1	UID119538	1	1	0	0
1	1	UID119539	1	1	0	0
1	1	UID119541	1	1	0	0
1	1	UID119542	1	1	0	0
1	1	UID119543	1	1	0	0
1	1	UID119544	1	1	0	0
1	1	UID119545	1	1	0	0
1	1	UID119553	1	1	0	0
1	1	UID119554	1	1	0	0
1	1	UID119566	1	1	0	0
1	1	UID119994	1	1	0	0
1	1	UID120196	1	1	0	0
1	1	UID120201	1	1	0	0
1	1	UID120218	1	1	0	0
1	1	UID120220	1	1	0	0
1	1	UID120221	1	1	0	0
1	1	UID120223	1	1	0	0
1	1	UID120224	1	1	0	0
1	1	UID120243	1	1	0	0
1	1	UID120245	1	1	0	0
1	1	UID120258	1	1	0	0
1	1	UID120268	1	1	0	0
1	1	UID120273	1	1	0	0
1	1	UID120279	1	1	0	0
1	1	UID120291	1	1	0	0
1	1	UID120294	1	1	0	0
1	1	UID120296	1	1	0	0
1	1	UID120300	1	1	0	0
1	1	UID120301	1	1	0	0
1	1	UID120302	1	1	0	0
1	1	UID120303	1	1	0	0
1	1	UID120319	1	1	0	0
3	3	UID120321	1	3	2	2
1	1	UID120328	1	1	0	0
1	1	UID120331	1	1	0	0
1	1	UID120339	1	1	0	0
1	1	UID120341	1	1	0	0
1	1	UID120346	1	1	0	0
2	2	UID120358	1	2	1	1
1	1	UID120359	1	1	0	0
1	1	UID120361	1	1	0	0
1	1	UID120379	1	1	0	0
1	1	UID120380	1	1	0	0
1	1	UID120381	1	1	0	0
1	1	UID120382	1	1	0	0
1	1	UID120385	1	1	0	0
1	1	UID120397	1	1	0	0
3	3	UID120421	1	3	1	1
1	1	UID120441	1	1	0	0
1	1	UID120443	1	1	0	0
1	1	UID120448	1	1	0	0
1	1	UID120470	1	1	0	0
1	1	UID120471	1	1	0	0
1	1	UID120478	1	1	0	0
1	1	UID120479	1	1	0	0
2	2	UID120480	1	2	1	1
1	1	UID120482	1	1	0	0
1	1	UID120483	1	1	0	0
1	1	UID120486	1	1	0	0
1	1	UID120499	1	1	0	0
1	1	UID120501	1	1	0	0
1	1	UID120503	1	1	0	0
1	1	UID120507	1	1	0	0
1	1	UID120514	1	1	0	0
1	1	UID120516	1	1	0	0
1	1	UID120534	1	1	0	0
1	1	UID120566	1	1	0	0
1	1	UID120572	1	1	0	0
1	1	UID120592	1	1	0	0
1	1	UID120594	1	1	0	0
5	5	UID120596	1	5	2	2
1	1	UID120599	1	1	0	0
1	1	UID120606	1	1	0	0
1	1	UID120607	1	1	0	0
1	1	UID120608	1	1	0	0
1	1	UID120609	1	1	0	0
1	1	UID120610	1	1	0	0
1	1	UID120611	1	1	0	0
1	1	UID120612	1	1	0	0
1	1	UID120613	1	1	0	0
1	1	UID120615	1	1	0	0
1	1	UID120616	1	1	0	0
1	1	UID120617	1	1	0	0
1	1	UID120619	1	1	0	0
1	1	UID120640	1	1	0	0
1	1	UID120641	1	1	0	0
1	1	UID120642	1	1	0	0
1	1	UID120643	1	1	0	0
1	1	UID120644	1	1	0	0
1	1	UID120652	1	1	0	0
1	1	UID120654	1	1	0	0
1	1	UID120655	1	1	0	0
1	1	UID120664	1	1	0	0
1	1	UID120665	1	1	0	0
1	1	UID120666	1	1	0	0
1	1	UID120668	1	1	0	0
1	1	UID120669	1	1	0	0
1	1	UID120670	1	1	0	0
1	1	UID120672	1	1	0	0
1	1	UID120673	1	1	0	0
1	1	UID120674	1	1	0	0
1	1	UID120676	1	1	0	0
1	1	UID120677	1	1	0	0
1	1	UID120684	1	1	0	0
1	1	UID120685	1	1	0	0
1	1	UID120686	1	1	0	0
1	1	UID120687	1	1	0	0
1	1	UID120693	1	1	0	0
1	1	UID120696	1	1	0	0
1	1	UID120697	1	1	0	0
7	7	UID120698	1	7	2	2
1	1	UID120699	1	1	0	0
1	1	UID120701	1	1	0	0
1	1	UID120702	1	1	0	0
1	1	UID120704	1	1	0	0
1	1	UID120705	1	1	0	0
1	1	UID120706	1	1	0	0
1	1	UID120707	1	1	0	0
1	1	UID120708	1	1	0	0
1	1	UID120710	1	1	0	0
1	1	UID120711	1	1	0	0
1	1	UID120712	1	1	0	0
1	1	UID120713	1	1	0	0
1	1	UID120714	1	1	0	0
1	1	UID120717	1	1	0	0
1	1	UID120726	1	1	0	0
1	1	UID120732	1	1	0	0
1	1	UID120733	1	1	0	0
1	1	UID120734	1	1	0	0
1	1	UID120737	1	1	0	0
2	2	UID120740	1	2	1	1
1	1	UID120741	1	1	0	0
1	1	UID120742	1	1	0	0
1	1	UID120743	1	1	0	0
1	1	UID120744	1	1	0	0
1	1	UID120745	1	1	0	0
1	1	UID120747	1	1	0	0
1	1	UID120749	1	1	0	0
1	1	UID120750	1	1	0	0
1	1	UID120751	1	1	0	0
1	1	UID120752	1	1	0	0
1	1	UID120753	1	1	0	0
1	1	UID120755	1	1	0	0
1	1	UID120761	1	1	0	0
1	1	UID120763	1	1	0	0
1	1	UID120776	1	1	0	0
1	1	UID120778	1	1	0	0
1	1	UID120780	1	1	0	0
1	1	UID120781	1	1	0	0
1	1	UID120782	1	1	0	0
1	1	UID120784	1	1	0	0
1	1	UID120785	1	1	0	0
1	1	UID120798	1	1	0	0
1	1	UID120806	1	1	0	0
1	1	UID120807	1	1	0	0
1	1	UID120808	1	1	0	0
1	1	UID120811	1	1	0	0
1	1	UID120816	1	1	0	0
1	1	UID120830	1	1	0	0
1	1	UID120832	1	1	0	0
1	1	UID120834	1	1	0	0
1	1	UID120835	1	1	0	0
1	1	UID120836	1	1	0	0
1	1	UID120838	1	1	0	0
1	1	UID120839	1	1	0	0
1	1	UID120840	1	1	0	0
1	1	UID120841	1	1	0	0
1	1	UID120842	1	1	0	0
1	1	UID120843	1	1	0	0
1	1	UID120844	1	1	0	0
1	1	UID120845	1	1	0	0
1	1	UID120847	1	1	0	0
1	1	UID120848	1	1	0	0
1	1	UID120852	1	1	0	0
1	1	UID120853	1	1	0	0
1	1	UID120855	1	1	0	0
1	1	UID120857	1	1	0	0
1	1	UID120861	1	1	0	0
1	1	UID120862	1	1	0	0
1	1	UID120865	1	1	0	0
1	1	UID120869	1	1	0	0
1	1	UID120872	1	1	0	0
1	1	UID120873	1	1	0	0
1	1	UID120874	1	1	0	0
1	1	UID120875	1	1	0	0
1	1	UID120883	1	1	0	0
1	1	UID120884	1	1	0	0
1	1	UID120886	1	1	0	0
1	1	UID120887	1	1	0	0
1	1	UID120889	1	1	0	0
1	1	UID120894	1	1	0	0
1	1	UID120896	1	1	0	0
1	1	UID120899	1	1	0	0
1	1	UID120900	1	1	0	0
1	1	UID120903	1	1	0	0
1	1	UID120912	1	1	0	0
1	1	UID120913	1	1	0	0
1	1	UID120914	1	1	0	0
4	4	UID120932	1	4	3	3
1	1	UID120933	1	1	0	0
1	1	UID120938	1	1	0	0
1	1	UID120940	1	1	0	0
1	1	UID120941	1	1	0	0
1	1	UID120942	1	1	0	0
1	1	UID120962	1	1	0	0
1	1	UID120963	1	1	0	0
1	1	UID120966	1	1	0	0
1	1	UID120968	1	1	0	0
1	1	UID120969	1	1	0	0
1	1	UID120976	1	1	0	0
1	1	UID120978	1	1	0	0
1	1	UID120980	1	1	0	0
1	1	UID120984	1	1	0	0
1	1	UID120988	1	1	0	0
1	1	UID121020	1	1	0	0
1	1	UID121022	1	1	0	0
1	1	UID121023	1	1	0	0
1	1	UID121026	1	1	0	0
1	1	UID121027	1	1	0	0
1	1	UID121032	1	1	0	0
1	1	UID121038	1	1	0	0
1	1	UID121039	1	1	0	0
1	1	UID121041	1	1	0	0
1	1	UID121048	1	1	0	0
1	1	UID121077	1	1	0	0
1	1	UID121111	1	1	0	0
1	1	UID121134	1	1	0	0
1	1	UID121137	1	1	0	0
1	1	UID121141	1	1	0	0
1	1	UID121160	1	1	0	0
1	1	UID121162	1	1	0	0
1	1	UID121186	1	1	0	0
1	1	UID121188	1	1	0	0
1	1	UID121189	1	1	0	0
1	1	UID121190	1	1	0	0
1	1	UID121198	1	1	0	0
2	2	UID121203	1	2	1	1
6	6	UID121204	1	6	2	2
1	1	UID121224	1	1	0	0
1	1	UID121234	1	1	0	0
1	1	UID121237	1	1	0	0
1	1	UID121240	1	1	0	0
1	1	UID121242	1	1	0	0
1	1	UID121247	1	1	0	0
1	1	UID121248	1	1	0	0
1	1	UID121249	1	1	0	0
1	1	UID121250	1	1	0	0
1	1	UID121254	1	1	0	0
1	1	UID121258	1	1	0	0
1	1	UID121259	1	1	0	0
1	1	UID121260	1	1	0	0
1	1	UID121265	1	1	0	0
1	1	UID121269	1	1	0	0
1	1	UID121270	1	1	0	0
1	1	UID121272	1	1	0	0
1	1	UID121273	1	1	0	0
1	1	UID121274	1	1	0	0
1	1	UID121275	1	1	0	0
1	1	UID121276	1	1	0	0
1	1	UID121277	1	1	0	0
1	1	UID121278	1	1	0	0
1	1	UID121279	1	1	0	0
1	1	UID121280	1	1	0	0
1	1	UID121281	1	1	0	0
1	1	UID121285	1	1	0	0
1	1	UID121287	1	1	0	0
1	1	UID121288	1	1	0	0
1	1	UID121291	1	1	0	0
1	1	UID121292	1	1	0	0
1	1	UID121293	1	1	0	0
1	1	UID121294	1	1	0	0
1	1	UID121295	1	1	0	0
1	1	UID121296	1	1	0	0
1	1	UID121297	1	1	0	0
1	1	UID121298	1	1	0	0
1	1	UID121304	1	1	0	0
1	1	UID121305	1	1	0	0
1	1	UID121306	1	1	0	0
1	1	UID121307	1	1	0	0
1	1	UID121309	1	1	0	0
1	1	UID121313	1	1	0	0
1	1	UID121314	1	1	0	0
1	1	UID121315	1	1	0	0
1	1	UID121316	1	1	0	0
1	1	UID121321	1	1	0	0
1	1	UID121322	1	1	0	0
1	1	UID121324	1	1	0	0
1	1	UID121325	1	1	0	0
1	1	UID121326	1	1	0	0
1	1	UID121330	1	1	0	0
1	1	UID121331	1	1	0	0
1	1	UID121332	1	1	0	0
1	1	UID121333	1	1	0	0
1	1	UID121334	1	1	0	0
1	1	UID121335	1	1	0	0
1	1	UID121336	1	1	0	0
1	1	UID121337	1	1	0	0
1	1	UID121342	1	1	0	0
1	1	UID121348	1	1	0	0
1	1	UID121353	1	1	0	0
1	1	UID121354	1	1	0	0
1	1	UID121361	1	1	0	0
1	1	UID121368	1	1	0	0
1	1	UID121373	1	1	0	0
1	1	UID121374	1	1	0	0
1	1	UID121376	1	1	0	0
1	1	UID121378	1	1	0	0
1	1	UID121379	1	1	0	0
1	1	UID121386	1	1	0	0
1	1	UID121388	1	1	0	0
1	1	UID121389	1	1	0	0
1	1	UID121393	1	1	0	0
7	7	UID121396	1	7	2	2
1	1	UID121401	1	1	0	0
1	1	UID121403	1	1	0	0
1	1	UID121404	1	1	0	0
1	1	UID121405	1	1	0	0
1	1	UID121406	1	1	0	0
1	1	UID121407	1	1	0	0
1	1	UID121408	1	1	0	0
1	1	UID121411	1	1	0	0
1	1	UID121417	1	1	0	0
1	1	UID121418	1	1	0	0
1	1	UID121425	1	1	0	0
1	1	UID121427	1	1	0	0
1	1	UID121431	1	1	0	0
1	1	UID121436	1	1	0	0
1	1	UID121442	1	1	0	0
1	1	UID121444	1	1	0	0
1	1	UID121448	1	1	0	0
1	1	UID121457	1	1	0	0
1	1	UID121459	1	1	0	0
1	1	UID121461	1	1	0	0
1	1	UID121462	1	1	0	0
1	1	UID121471	1	1	0	0
1	1	UID121473	1	1	0	0
1	1	UID121474	1	1	0	0
1	1	UID121475	1	1	0	0
1	1	UID121476	1	1	0	0
1	1	UID121477	1	1	0	0
1	1	UID121484	1	1	0	0
1	1	UID121485	1	1	0	0
1	1	UID121486	1	1	0	0
1	1	UID121487	1	1	0	0
1	1	UID121488	1	1	0	0
1	1	UID121489	1	1	0	0
1	1	UID121490	1	1	0	0
3	3	UID121491	1	3	2	2
1	1	UID121494	1	1	0	0
1	1	UID121497	1	1	0	0
1	1	UID121498	1	1	0	0
6	6	UID121499	1	6	2	2
1	1	UID121501	1	1	0	0
1	1	UID121503	1	1	0	0
1	1	UID121504	1	1	0	0
1	1	UID121506	1	1	0	0
1	1	UID121507	1	1	0	0
1	1	UID121508	1	1	0	0
1	1	UID121509	1	1	0	0
1	1	UID121523	1	1	0	0
1	1	UID121526	1	1	0	0
1	1	UID121527	1	1	0	0
1	1	UID121541	1	1	0	0
1	1	UID121544	1	1	0	0
1	1	UID121547	1	1	0	0
1	1	UID121549	1	1	0	0
1	1	UID121557	1	1	0	0
1	1	UID121558	1	1	0	0
2	2	UID121562	1	2	1	1
1	1	UID121568	1	1	0	0
1	1	UID121573	1	1	0	0
1	1	UID121576	1	1	0	0
1	1	UID121578	1	1	0	0
1	1	UID121580	1	1	0	0
1	1	UID121581	1	1	0	0
1	1	UID121583	1	1	0	0
1	1	UID121584	1	1	0	0
1	1	UID121586	1	1	0	0
1	1	UID121588	1	1	0	0
1	1	UID121594	1	1	0	0
1	1	UID121596	1	1	0	0
2	2	UID121600	1	2	1	1
1	1	UID121601	1	1	0	0
1	1	UID121606	1	1	0	0
1	1	UID121607	1	1	0	0
1	1	UID121608	1	1	0	0
1	1	UID121611	1	1	0	0
1	1	UID121617	1	1	0	0
1	1	UID121618	1	1	0	0
1	1	UID121619	1	1	0	0
1	1	UID121620	1	1	0	0
1	1	UID121626	1	1	0	0
1	1	UID121627	1	1	0	0
1	1	UID121628	1	1	0	0
1	1	UID121630	1	1	0	0
1	1	UID121631	1	1	0	0
1	1	UID121636	1	1	0	0
1	1	UID121637	1	1	0	0
1	1	UID121640	1	1	0	0
1	1	UID121641	1	1	0	0
6	6	UID121644	1	6	2	2
1	1	UID121677	1	1	0	0
1	1	UID121678	1	1	0	0
1	1	UID121679	1	1	0	0
2	2	UID121680	1	2	1	1
1	1	UID121683	1	1	0	0
1	1	UID121685	1	1	0	0
1	1	UID121686	1	1	0	0
1	1	UID121687	1	1	0	0
1	1	UID121689	1	1	0	0
1	1	UID121690	1	1	0	0
1	1	UID121691	1	1	0	0
1	1	UID121692	1	1	0	0
1	1	UID121693	1	1	0	0
1	1	UID121694	1	1	0	0
1	1	UID121695	1	1	0	0
1	1	UID121698	1	1	0	0
1	1	UID121704	1	1	0	0
1	1	UID121705	1	1	0	0
1	1	UID121708	1	1	0	0
1	1	UID121710	1	1	0	0
1	1	UID121711	1	1	0	0
1	1	UID121718	1	1	0	0
1	1	UID121721	1	1	0	0
1	1	UID121722	1	1	0	0
1	1	UID121736	1	1	0	0
1	1	UID121741	1	1	0	0
1	1	UID121742	1	1	0	0
1	1	UID121743	1	1	0	0
1	1	UID121745	1	1	0	0
1	1	UID121746	1	1	0	0
1	1	UID121747	1	1	0	0
1	1	UID121765	1	1	0	0
1	1	UID121766	1	1	0	0
1	1	UID121777	1	1	0	0
1	1	UID121779	1	1	0	0
1	1	UID121780	1	1	0	0
1	1	UID121794	1	1	0	0
1	1	UID121797	1	1	0	0
1	1	UID121798	1	1	0	0
1	1	UID121800	1	1	0	0
1	1	UID121801	1	1	0	0
1	1	UID121824	1	1	0	0
1	1	UID121826	1	1	0	0
1	1	UID121828	1	1	0	0
1	1	UID121829	1	1	0	0
1	1	UID121830	1	1	0	0
1	1	UID121831	1	1	0	0
1	1	UID121832	1	1	0	0
1	1	UID121833	1	1	0	0
1	1	UID121834	1	1	0	0
1	1	UID121835	1	1	0	0
1	1	UID121837	1	1	0	0
1	1	UID121838	1	1	0	0
1	1	UID121840	1	1	0	0
1	1	UID121843	1	1	0	0
1	1	UID121844	1	1	0	0
1	1	UID121855	1	1	0	0
1	1	UID121861	1	1	0	0
1	1	UID121862	1	1	0	0
1	1	UID121867	1	1	0	0
1	1	UID121886	1	1	0	0
1	1	UID121888	1	1	0	0
1	1	UID121892	1	1	0	0
1	1	UID121893	1	1	0	0
1	1	UID121894	1	1	0	0
1	1	UID121897	1	1	0	0
1	1	UID121898	1	1	0	0
1	1	UID121901	1	1	0	0
1	1	UID121905	1	1	0	0
1	1	UID121924	1	1	0	0
1	1	UID121926	1	1	0	0
1	1	UID121927	1	1	0	0
1	1	UID121930	1	1	0	0
1	1	UID121931	1	1	0	0
1	1	UID121932	1	1	0	0
1	1	UID121933	1	1	0	0
1	1	UID121934	1	1	0	0
1	1	UID121938	1	1	0	0
1	1	UID121939	1	1	0	0
1	1	UID121940	1	1	0	0
1	1	UID121941	1	1	0	0
1	1	UID121947	1	1	0	0
1	1	UID121949	1	1	0	0
1	1	UID121952	1	1	0	0
1	1	UID121955	1	1	0	0
1	1	UID121956	1	1	0	0
1	1	UID121959	1	1	0	0
1	1	UID121961	1	1	0	0
1	1	UID121962	1	1	0	0
1	1	UID121963	1	1	0	0
1	1	UID121964	1	1	0	0
1	1	UID121967	1	1	0	0
1	1	UID121969	1	1	0	0
1	1	UID121970	1	1	0	0
1	1	UID121971	1	1	0	0
1	1	UID121973	1	1	0	0
1	1	UID121974	1	1	0	0
1	1	UID121975	1	1	0	0
1	1	UID121976	1	1	0	0
1	1	UID121979	1	1	0	0
1	1	UID121980	1	1	0	0
1	1	UID121984	1	1	0	0
1	1	UID121986	1	1	0	0
1	1	UID121987	1	1	0	0
1	1	UID121992	1	1	0	0
3	3	UID121998	1	3	1	1
1	1	UID121999	1	1	0	0
1	1	UID122000	1	1	0	0
1	1	UID122002	1	1	0	0
1	1	UID122005	1	1	0	0
1	1	UID122006	1	1	0	0
1	1	UID122007	1	1	0	0
1	1	UID122008	1	1	0	0
1	1	UID122011	1	1	0	0
1	1	UID122013	1	1	0	0
1	1	UID122014	1	1	0	0
1	1	UID122019	1	1	0	0
1	1	UID122020	1	1	0	0
1	1	UID122021	1	1	0	0
1	1	UID122022	1	1	0	0
1	1	UID122023	1	1	0	0
1	1	UID122025	1	1	0	0
1	1	UID122029	1	1	0	0
1	1	UID122030	1	1	0	0
1	1	UID122032	1	1	0	0
1	1	UID122033	1	1	0	0
1	1	UID122034	1	1	0	0
1	1	UID122036	1	1	0	0
1	1	UID122040	1	1	0	0
1	1	UID122048	1	1	0	0
1	1	UID122055	1	1	0	0
1	1	UID122056	1	1	0	0
1	1	UID122057	1	1	0	0
1	1	UID122059	1	1	0	0
1	1	UID122063	1	1	0	0
1	1	UID122065	1	1	0	0
1	1	UID122070	1	1	0	0
1	1	UID122071	1	1	0	0
1	1	UID122073	1	1	0	0
1	1	UID122076	1	1	0	0
1	1	UID122077	1	1	0	0
1	1	UID122078	1	1	0	0
1	1	UID122087	1	1	0	0
1	1	UID122092	1	1	0	0
1	1	UID122094	1	1	0	0
1	1	UID122096	1	1	0	0
1	1	UID122097	1	1	0	0
1	1	UID122100	1	1	0	0
1	1	UID122101	1	1	0	0
1	1	UID122102	1	1	0	0
1	1	UID122103	1	1	0	0
1	1	UID122104	1	1	0	0
1	1	UID122105	1	1	0	0
1	1	UID122107	1	1	0	0
1	1	UID122108	1	1	0	0
1	1	UID122109	1	1	0	0
1	1	UID122112	1	1	0	0
1	1	UID122113	1	1	0	0
1	1	UID122116	1	1	0	0
1	1	UID122117	1	1	0	0
1	1	UID122118	1	1	0	0
1	1	UID122123	1	1	0	0
1	1	UID122124	1	1	0	0
1	1	UID122126	1	1	0	0
1	1	UID122128	1	1	0	0
1	1	UID122130	1	1	0	0
1	1	UID122132	1	1	0	0
1	1	UID122185	1	1	0	0
1	1	UID122189	1	1	0	0
1	1	UID122192	1	1	0	0
1	1	UID122194	1	1	0	0
1	1	UID122195	1	1	0	0
1	1	UID122196	1	1	0	0
1	1	UID122197	1	1	0	0
1	1	UID122204	1	1	0	0
1	1	UID122207	1	1	0	0
1	1	UID122213	1	1	0	0
1	1	UID122214	1	1	0	0
1	1	UID122215	1	1	0	0
1	1	UID122216	1	1	0	0
1	1	UID122217	1	1	0	0
1	1	UID122218	1	1	0	0
3	3	UID122222	1	3	2	2
1	1	UID122227	1	1	0	0
1	1	UID122230	1	1	0	0
1	1	UID122231	1	1	0	0
1	1	UID122235	1	1	0	0
1	1	UID122238	1	1	0	0
1	1	UID122242	1	1	0	0
1	1	UID122244	1	1	0	0
1	1	UID122245	1	1	0	0
1	1	UID122247	1	1	0	0
1	1	UID122248	1	1	0	0
1	1	UID122254	1	1	0	0
1	1	UID122255	1	1	0	0
2	2	UID122258	1	2	1	1
1	1	UID122260	1	1	0	0
1	1	UID122261	1	1	0	0
1	1	UID122266	1	1	0	0
1	1	UID122267	1	1	0	0
1	1	UID122268	1	1	0	0
1	1	UID122273	1	1	0	0
1	1	UID122275	1	1	0	0
1	1	UID122277	1	1	0	0
1	1	UID122280	1	1	0	0
3	3	UID122281	1	3	1	1
1	1	UID122285	1	1	0	0
1	1	UID122286	1	1	0	0
1	1	UID122288	1	1	0	0
1	1	UID122289	1	1	0	0
1	1	UID122290	1	1	0	0
1	1	UID122292	1	1	0	0
1	1	UID122294	1	1	0	0
1	1	UID122296	1	1	0	0
1	1	UID122300	1	1	0	0
5	5	UID122302	1	5	2	2
1	1	UID122303	1	1	0	0
1	1	UID122304	1	1	0	0
1	1	UID122306	1	1	0	0
1	1	UID122312	1	1	0	0
1	1	UID122313	1	1	0	0
1	1	UID122314	1	1	0	0
1	1	UID122315	1	1	0	0
1	1	UID122316	1	1	0	0
1	1	UID122317	1	1	0	0
1	1	UID122318	1	1	0	0
1	1	UID122321	1	1	0	0
1	1	UID122335	1	1	0	0
1	1	UID122336	1	1	0	0
1	1	UID122337	1	1	0	0
1	1	UID122338	1	1	0	0
1	1	UID122339	1	1	0	0
1	1	UID122340	1	1	0	0
1	1	UID122342	1	1	0	0
5	5	UID122344	1	5	2	2
1	1	UID122351	1	1	0	0
1	1	UID122353	1	1	0	0
1	1	UID122354	1	1	0	0
1	1	UID122355	1	1	0	0
1	1	UID122363	1	1	0	0
1	1	UID122365	1	1	0	0
1	1	UID122366	1	1	0	0
1	1	UID122370	1	1	0	0
1	1	UID122373	1	1	0	0
1	1	UID122374	1	1	0	0
1	1	UID122375	1	1	0	0
1	1	UID122376	1	1	0	0
1	1	UID122390	1	1	0	0
1	1	UID122391	1	1	0	0
1	1	UID122392	1	1	0	0
1	1	UID122410	1	1	0	0
1	1	UID122411	1	1	0	0
1	1	UID122412	1	1	0	0
1	1	UID122414	1	1	0	0
1	1	UID122415	1	1	0	0
1	1	UID122416	1	1	0	0
1	1	UID122417	1	1	0	0
3	3	UID122420	1	3	2	2
1	1	UID122422	1	1	0	0
1	1	UID122423	1	1	0	0
1	1	UID122424	1	1	0	0
1	1	UID122425	1	1	0	0
1	1	UID122426	1	1	0	0
1	1	UID122428	1	1	0	0
1	1	UID122430	1	1	0	0
1	1	UID122431	1	1	0	0
2	2	UID122432	1	2	1	1
1	1	UID122434	1	1	0	0
1	1	UID122442	1	1	0	0
1	1	UID122444	1	1	0	0
1	1	UID122445	1	1	0	0
1	1	UID122446	1	1	0	0
1	1	UID122447	1	1	0	0
1	1	UID122448	1	1	0	0
1	1	UID122458	1	1	0	0
1	1	UID122459	1	1	0	0
1	1	UID122460	1	1	0	0
1	1	UID122461	1	1	0	0
1	1	UID122462	1	1	0	0
1	1	UID122463	1	1	0	0
1	1	UID122464	1	1	0	0
1	1	UID122465	1	1	0	0
1	1	UID122466	1	1	0	0
1	1	UID122467	1	1	0	0
1	1	UID122468	1	1	0	0
1	1	UID122469	1	1	0	0
1	1	UID122470	1	1	0	0
1	1	UID122472	1	1	0	0
1	1	UID122473	1	1	0	0
1	1	UID122474	1	1	0	0
1	1	UID122476	1	1	0	0
1	1	UID122478	1	1	0	0
1	1	UID122479	1	1	0	0
1	1	UID122480	1	1	0	0
1	1	UID122482	1	1	0	0
1	1	UID122483	1	1	0	0
1	1	UID122492	1	1	0	0
1	1	UID122493	1	1	0	0
1	1	UID122494	1	1	0	0
1	1	UID122495	1	1	0	0
1	1	UID122496	1	1	0	0
1	1	UID122498	1	1	0	0
1	1	UID122500	1	1	0	0
1	1	UID122506	1	1	0	0
1	1	UID122507	1	1	0	0
1	1	UID122508	1	1	0	0
1	1	UID122515	1	1	0	0
1	1	UID122516	1	1	0	0
1	1	UID122521	1	1	0	0
1	1	UID122522	1	1	0	0
1	1	UID122525	1	1	0	0
1	1	UID122526	1	1	0	0
1	1	UID122529	1	1	0	0
1	1	UID122531	1	1	0	0
1	1	UID122532	1	1	0	0
1	1	UID122534	1	1	0	0
1	1	UID122535	1	1	0	0
1	1	UID122536	1	1	0	0
1	1	UID122537	1	1	0	0
1	1	UID122539	1	1	0	0
1	1	UID122540	1	1	0	0
1	1	UID122541	1	1	0	0
1	1	UID122544	1	1	0	0
1	1	UID122561	1	1	0	0
1	1	UID122562	1	1	0	0
1	1	UID122563	1	1	0	0
1	1	UID122564	1	1	0	0
1	1	UID122565	1	1	0	0
1	1	UID122567	1	1	0	0
1	1	UID122568	1	1	0	0
1	1	UID122569	1	1	0	0
1	1	UID122570	1	1	0	0
1	1	UID122576	1	1	0	0
1	1	UID122577	1	1	0	0
1	1	UID122579	1	1	0	0
1	1	UID122581	1	1	0	0
1	1	UID122582	1	1	0	0
1	1	UID122583	1	1	0	0
1	1	UID122585	1	1	0	0
1	1	UID122588	1	1	0	0
1	1	UID122591	1	1	0	0
1	1	UID122593	1	1	0	0
1	1	UID122594	1	1	0	0
1	1	UID122597	1	1	0	0
1	1	UID122598	1	1	0	0
1	1	UID122602	1	1	0	0
6	6	UID122604	1	6	1	1
1	1	UID122607	1	1	0	0
1	1	UID122608	1	1	0	0
1	1	UID122609	1	1	0	0
1	1	UID122611	1	1	0	0
1	1	UID122612	1	1	0	0
1	1	UID122614	1	1	0	0
1	1	UID122643	1	1	0	0
1	1	UID122647	1	1	0	0
1	1	UID122652	1	1	0	0
1	1	UID122653	1	1	0	0
1	1	UID122654	1	1	0	0
1	1	UID122665	1	1	0	0
1	1	UID122666	1	1	0	0
1	1	UID122667	1	1	0	0
1	1	UID122668	1	1	0	0
1	1	UID122670	1	1	0	0
1	1	UID122671	1	1	0	0
1	1	UID122672	1	1	0	0
1	1	UID122674	1	1	0	0
1	1	UID122683	1	1	0	0
1	1	UID122684	1	1	0	0
1	1	UID122685	1	1	0	0
1	1	UID122699	1	1	0	0
4	4	UID122707	1	4	2	2
1	1	UID122716	1	1	0	0
1	1	UID122725	1	1	0	0
1	1	UID122788	1	1	0	0
1	1	UID122792	1	1	0	0
1	1	UID122795	1	1	0	0
1	1	UID122796	1	1	0	0
1	1	UID122797	1	1	0	0
1	1	UID122799	1	1	0	0
1	1	UID122823	1	1	0	0
1	1	UID122825	1	1	0	0
1	1	UID122882	1	1	0	0
1	1	UID122883	1	1	0	0
1	1	UID122885	1	1	0	0
1	1	UID122889	1	1	0	0
1	1	UID122890	1	1	0	0
1	1	UID122891	1	1	0	0
1	1	UID122901	1	1	0	0
1	1	UID122902	1	1	0	0
1	1	UID122903	1	1	0	0
1	1	UID122904	1	1	0	0
1	1	UID122906	1	1	0	0
1	1	UID122908	1	1	0	0
1	1	UID122909	1	1	0	0
1	1	UID122910	1	1	0	0
1	1	UID122911	1	1	0	0
1	1	UID122912	1	1	0	0
1	1	UID122914	1	1	0	0
1	1	UID122917	1	1	0	0
1	1	UID122920	1	1	0	0
1	1	UID122921	1	1	0	0
1	1	UID122922	1	1	0	0
1	1	UID122923	1	1	0	0
1	1	UID122924	1	1	0	0
1	1	UID122925	1	1	0	0
1	1	UID122926	1	1	0	0
1	1	UID122927	1	1	0	0
1	1	UID122929	1	1	0	0
1	1	UID122930	1	1	0	0
1	1	UID122937	1	1	0	0
1	1	UID122938	1	1	0	0
1	1	UID122939	1	1	0	0
1	1	UID122940	1	1	0	0
1	1	UID122941	1	1	0	0
1	1	UID122942	1	1	0	0
1	1	UID122944	1	1	0	0
1	1	UID122945	1	1	0	0
1	1	UID122946	1	1	0	0
1	1	UID122947	1	1	0	0
1	1	UID122948	1	1	0	0
1	1	UID122949	1	1	0	0
1	1	UID122951	1	1	0	0
1	1	UID122952	1	1	0	0
1	1	UID122954	1	1	0	0
1	1	UID122955	1	1	0	0
1	1	UID122956	1	1	0	0
1	1	UID122957	1	1	0	0
1	1	UID122958	1	1	0	0
1	1	UID122959	1	1	0	0
4	4	UID122963	1	4	2	2
1	1	UID122964	1	1	0	0
1	1	UID122965	1	1	0	0
1	1	UID122966	1	1	0	0
1	1	UID122968	1	1	0	0
1	1	UID122969	1	1	0	0
1	1	UID122970	1	1	0	0
1	1	UID122974	1	1	0	0
1	1	UID122982	1	1	0	0
1	1	UID122989	1	1	0	0
1	1	UID122991	1	1	0	0
1	1	UID122997	1	1	0	0
1	1	UID123000	1	1	0	0
1	1	UID123002	1	1	0	0
1	1	UID123003	1	1	0	0
1	1	UID123004	1	1	0	0
1	1	UID123006	1	1	0	0
1	1	UID123007	1	1	0	0
1	1	UID123011	1	1	0	0
1	1	UID123016	1	1	0	0
1	1	UID123017	1	1	0	0
1	1	UID123018	1	1	0	0
1	1	UID123022	1	1	0	0
1	1	UID123025	1	1	0	0
1	1	UID123028	1	1	0	0
1	1	UID123030	1	1	0	0
1	1	UID123031	1	1	0	0
1	1	UID123040	1	1	0	0
6	6	UID123044	1	6	1	1
1	1	UID123048	1	1	0	0
1	1	UID123050	1	1	0	0
1	1	UID123053	1	1	0	0
1	1	UID123054	1	1	0	0
1	1	UID123055	1	1	0	0
1	1	UID123060	1	1	0	0
1	1	UID123061	1	1	0	0
1	1	UID123062	1	1	0	0
1	1	UID123065	1	1	0	0
1	1	UID123066	1	1	0	0
1	1	UID123075	1	1	0	0
1	1	UID123076	1	1	0	0
1	1	UID123077	1	1	0	0
1	1	UID123078	1	1	0	0
1	1	UID123079	1	1	0	0
1	1	UID123086	1	1	0	0
1	1	UID123090	1	1	0	0
1	1	UID123091	1	1	0	0
1	1	UID123093	1	1	0	0
1	1	UID123095	1	1	0	0
1	1	UID123099	1	1	0	0
1	1	UID123120	1	1	0	0
1	1	UID123121	1	1	0	0
1	1	UID123125	1	1	0	0
1	1	UID123133	1	1	0	0
1	1	UID123135	1	1	0	0
1	1	UID123137	1	1	0	0
1	1	UID123148	1	1	0	0
1	1	UID123149	1	1	0	0
1	1	UID123154	1	1	0	0
1	1	UID123160	1	1	0	0
1	1	UID123169	1	1	0	0
1	1	UID123176	1	1	0	0
1	1	UID123177	1	1	0	0
1	1	UID123180	1	1	0	0
1	1	UID123183	1	1	0	0
1	1	UID123196	1	1	0	0
1	1	UID123197	1	1	0	0
1	1	UID123200	1	1	0	0
1	1	UID123202	1	1	0	0
1	1	UID123212	1	1	0	0
1	1	UID123213	1	1	0	0
1	1	UID123216	1	1	0	0
1	1	UID123220	1	1	0	0
1	1	UID123227	1	1	0	0
1	1	UID123230	1	1	0	0
1	1	UID123231	1	1	0	0
1	1	UID123241	1	1	0	0
1	1	UID123250	1	1	0	0
1	1	UID123256	1	1	0	0
1	1	UID123257	1	1	0	0
1	1	UID123258	1	1	0	0
1	1	UID123265	1	1	0	0
1	1	UID123266	1	1	0	0
1	1	UID123267	1	1	0	0
1	1	UID123270	1	1	0	0
1	1	UID123271	1	1	0	0
1	1	UID123274	1	1	0	0
1	1	UID123277	1	1	0	0
1	1	UID123279	1	1	0	0
1	1	UID123281	1	1	0	0
1	1	UID123282	1	1	0	0
1	1	UID123283	1	1	0	0
1	1	UID123285	1	1	0	0
1	1	UID123286	1	1	0	0
1	1	UID123287	1	1	0	0
1	1	UID123288	1	1	0	0
1	1	UID123292	1	1	0	0
1	1	UID123293	1	1	0	0
1	1	UID123309	1	1	0	0
1	1	UID123310	1	1	0	0
1	1	UID123311	1	1	0	0
1	1	UID123312	1	1	0	0
1	1	UID123324	1	1	0	0
1	1	UID123330	1	1	0	0
1	1	UID123332	1	1	0	0
1	1	UID123333	1	1	0	0
1	1	UID123338	1	1	0	0
1	1	UID123339	1	1	0	0
1	1	UID123340	1	1	0	0
1	1	UID123341	1	1	0	0
1	1	UID123342	1	1	0	0
1	1	UID123345	1	1	0	0
1	1	UID123346	1	1	0	0
1	1	UID123347	1	1	0	0
1	1	UID123348	1	1	0	0
1	1	UID123349	1	1	0	0
1	1	UID123350	1	1	0	0
1	1	UID123352	1	1	0	0
1	1	UID123353	1	1	0	0
1	1	UID123360	1	1	0	0
1	1	UID123375	1	1	0	0
1	1	UID123379	1	1	0	0
1	1	UID123383	1	1	0	0
1	1	UID123384	1	1	0	0
1	1	UID123385	1	1	0	0
1	1	UID123386	1	1	0	0
1	1	UID123402	1	1	0	0
1	1	UID123408	1	1	0	0
1	1	UID123422	1	1	0	0
1	1	UID123423	1	1	0	0
1	1	UID123427	1	1	0	0
1	1	UID123444	1	1	0	0
1	1	UID123447	1	1	0	0
1	1	UID123450	1	1	0	0
1	1	UID123452	1	1	0	0
1	1	UID123461	1	1	0	0
1	1	UID123464	1	1	0	0
1	1	UID123465	1	1	0	0
1	1	UID123466	1	1	0	0
1	1	UID123467	1	1	0	0
1	1	UID123469	1	1	0	0
1	1	UID123478	1	1	0	0
1	1	UID123485	1	1	0	0
1	1	UID123488	1	1	0	0
1	1	UID123489	1	1	0	0
1	1	UID123490	1	1	0	0
1	1	UID123491	1	1	0	0
1	1	UID123493	1	1	0	0
1	1	UID123497	1	1	0	0
1	1	UID123499	1	1	0	0
1	1	UID123507	1	1	0	0
1	1	UID123518	1	1	0	0
1	1	UID123520	1	1	0	0
1	1	UID123522	1	1	0	0
1	1	UID123525	1	1	0	0
1	1	UID123526	1	1	0	0
1	1	UID123527	1	1	0	0
1	1	UID123528	1	1	0	0
1	1	UID123530	1	1	0	0
1	1	UID123533	1	1	0	0
1	1	UID123535	1	1	0	0
1	1	UID123541	1	1	0	0
1	1	UID123547	1	1	0	0
1	1	UID123549	1	1	0	0
1	1	UID123551	1	1	0	0
1	1	UID123558	1	1	0	0
1	1	UID123562	1	1	0	0
1	1	UID123563	1	1	0	0
1	1	UID123576	1	1	0	0
1	1	UID123587	1	1	0	0
1	1	UID123591	1	1	0	0
1	1	UID123594	1	1	0	0
1	1	UID123596	1	1	0	0
1	1	UID123598	1	1	0	0
1	1	UID123602	1	1	0	0
1	1	UID123603	1	1	0	0
1	1	UID123604	1	1	0	0
1	1	UID123605	1	1	0	0
1	1	UID123620	1	1	0	0
1	1	UID123621	1	1	0	0
1	1	UID123624	1	1	0	0
1	1	UID123626	1	1	0	0
1	1	UID123627	1	1	0	0
1	1	UID123632	1	1	0	0
1	1	UID123634	1	1	0	0
1	1	UID123640	1	1	0	0
1	1	UID123641	1	1	0	0
1	1	UID123642	1	1	0	0
1	1	UID123643	1	1	0	0
1	1	UID123646	1	1	0	0
1	1	UID123649	1	1	0	0
1	1	UID123656	1	1	0	0
1	1	UID123659	1	1	0	0
1	1	UID123676	1	1	0	0
1	1	UID123683	1	1	0	0
1	1	UID123685	1	1	0	0
1	1	UID123687	1	1	0	0
1	1	UID123691	1	1	0	0
1	1	UID123693	1	1	0	0
1	1	UID123694	1	1	0	0
1	1	UID123704	1	1	0	0
1	1	UID123705	1	1	0	0
1	1	UID123707	1	1	0	0
1	1	UID123710	1	1	0	0
1	1	UID123729	1	1	0	0
1	1	UID123735	1	1	0	0
1	1	UID123736	1	1	0	0
1	1	UID123737	1	1	0	0
1	1	UID123738	1	1	0	0
1	1	UID123746	1	1	0	0
1	1	UID123747	1	1	0	0
1	1	UID123749	1	1	0	0
1	1	UID123751	1	1	0	0
1	1	UID123752	1	1	0	0
1	1	UID123755	1	1	0	0
1	1	UID123771	1	1	0	0
1	1	UID123773	1	1	0	0
1	1	UID123774	1	1	0	0
1	1	UID123776	1	1	0	0
1	1	UID123779	1	1	0	0
1	1	UID123785	1	1	0	0
1	1	UID123804	1	1	0	0
1	1	UID123813	1	1	0	0
1	1	UID123815	1	1	0	0
1	1	UID123816	1	1	0	0
1	1	UID123817	1	1	0	0
1	1	UID123818	1	1	0	0
1	1	UID123819	1	1	0	0
1	1	UID123821	1	1	0	0
1	1	UID123824	1	1	0	0
1	1	UID123826	1	1	0	0
1	1	UID123827	1	1	0	0
1	1	UID123831	1	1	0	0
1	1	UID123832	1	1	0	0
1	1	UID123847	1	1	0	0
1	1	UID123855	1	1	0	0
1	1	UID123857	1	1	0	0
1	1	UID123858	1	1	0	0
1	1	UID123859	1	1	0	0
1	1	UID123861	1	1	0	0
1	1	UID123864	1	1	0	0
1	1	UID123883	1	1	0	0
1	1	UID123887	1	1	0	0
1	1	UID123889	1	1	0	0
1	1	UID123898	1	1	0	0
1	1	UID123909	1	1	0	0
1	1	UID123911	1	1	0	0
1	1	UID123915	1	1	0	0
1	1	UID123923	1	1	0	0
1	1	UID123929	1	1	0	0
1	1	UID123937	1	1	0	0
1	1	UID123939	1	1	0	0
1	1	UID123942	1	1	0	0
1	1	UID123948	1	1	0	0
1	1	UID123984	1	1	0	0
1	1	UID123989	1	1	0	0
1	1	UID123993	1	1	0	0
1	1	UID124000	1	1	0	0
1	1	UID124003	1	1	0	0
1	1	UID124004	1	1	0	0
1	1	UID124005	1	1	0	0
1	1	UID124006	1	1	0	0
1	1	UID124007	1	1	0	0
1	1	UID124009	1	1	0	0
1	1	UID124015	1	1	0	0
1	1	UID124016	1	1	0	0
1	1	UID124017	1	1	0	0
1	1	UID124018	1	1	0	0
1	1	UID124019	1	1	0	0
1	1	UID124022	1	1	0	0
1	1	UID124029	1	1	0	0
1	1	UID124030	1	1	0	0
1	1	UID124032	1	1	0	0
1	1	UID124045	1	1	0	0
1	1	UID124047	1	1	0	0
1	1	UID124048	1	1	0	0
1	1	UID124052	1	1	0	0
1	1	UID124067	1	1	0	0
1	1	UID124070	1	1	0	0
1	1	UID124081	1	1	0	0
1	1	UID124082	1	1	0	0
1	1	UID124083	1	1	0	0
1	1	UID124084	1	1	0	0
1	1	UID124085	1	1	0	0
1	1	UID124086	1	1	0	0
1	1	UID124089	1	1	0	0
1	1	UID124092	1	1	0	0
1	1	UID124093	1	1	0	0
1	1	UID124095	1	1	0	0
1	1	UID124103	1	1	0	0
1	1	UID124105	1	1	0	0
1	1	UID124108	1	1	0	0
1	1	UID124114	1	1	0	0
1	1	UID124115	1	1	0	0
1	1	UID124116	1	1	0	0
1	1	UID124117	1	1	0	0
1	1	UID124118	1	1	0	0
1	1	UID124119	1	1	0	0
1	1	UID124124	1	1	0	0
1	1	UID124125	1	1	0	0
1	1	UID124126	1	1	0	0
1	1	UID124128	1	1	0	0
1	1	UID124130	1	1	0	0
1	1	UID124133	1	1	0	0
1	1	UID124140	1	1	0	0
1	1	UID124141	1	1	0	0
1	1	UID124142	1	1	0	0
1	1	UID124143	1	1	0	0
1	1	UID124164	1	1	0	0
1	1	UID124165	1	1	0	0
1	1	UID124167	1	1	0	0
1	1	UID124178	1	1	0	0
1	1	UID124179	1	1	0	0
1	1	UID124184	1	1	0	0
1	1	UID124186	1	1	0	0
1	1	UID124189	1	1	0	0
1	1	UID124215	1	1	0	0
1	1	UID124219	1	1	0	0
1	1	UID124222	1	1	0	0
1	1	UID124224	1	1	0	0
1	1	UID124226	1	1	0	0
1	1	UID124227	1	1	0	0
1	1	UID124243	1	1	0	0
1	1	UID124249	1	1	0	0
1	1	UID124254	1	1	0	0
1	1	UID124258	1	1	0	0
1	1	UID124263	1	1	0	0
1	1	UID124270	1	1	0	0
1	1	UID124290	1	1	0	0
1	1	UID124291	1	1	0	0
1	1	UID124293	1	1	0	0
1	1	UID124294	1	1	0	0
1	1	UID124299	1	1	0	0
1	1	UID124311	1	1	0	0
1	1	UID124312	1	1	0	0
1	1	UID124346	1	1	0	0
1	1	UID124354	1	1	0	0
1	1	UID124356	1	1	0	0
1	1	UID124359	1	1	0	0
1	1	UID124365	1	1	0	0
1	1	UID124369	1	1	0	0
1	1	UID124370	1	1	0	0
1	1	UID124371	1	1	0	0
1	1	UID124372	1	1	0	0
1	1	UID124375	1	1	0	0
1	1	UID124378	1	1	0	0
1	1	UID124380	1	1	0	0
1	1	UID124381	1	1	0	0
1	1	UID124384	1	1	0	0
1	1	UID124389	1	1	0	0
1	1	UID124390	1	1	0	0
1	1	UID124391	1	1	0	0
1	1	UID124396	1	1	0	0
1	1	UID124416	1	1	0	0
1	1	UID124419	1	1	0	0
1	1	UID124424	1	1	0	0
1	1	UID124426	1	1	0	0
1	1	UID124430	1	1	0	0
1	1	UID124434	1	1	0	0
1	1	UID124442	1	1	0	0
1	1	UID124449	1	1	0	0
1	1	UID124450	1	1	0	0
1	1	UID124452	1	1	0	0
1	1	UID124453	1	1	0	0
1	1	UID124465	1	1	0	0
1	1	UID124468	1	1	0	0
1	1	UID124480	1	1	0	0
1	1	UID124481	1	1	0	0
1	1	UID124482	1	1	0	0
1	1	UID124486	1	1	0	0
1	1	UID124519	1	1	0	0
1	1	UID124520	1	1	0	0
1	1	UID124521	1	1	0	0
1	1	UID124522	1	1	0	0
1	1	UID124523	1	1	0	0
1	1	UID124525	1	1	0	0
1	1	UID124528	1	1	0	0
1	1	UID124529	1	1	0	0
1	1	UID124530	1	1	0	0
1	1	UID124537	1	1	0	0
1	1	UID124546	1	1	0	0
1	1	UID124549	1	1	0	0
1	1	UID124555	1	1	0	0
1	1	UID124562	1	1	0	0
1	1	UID124564	1	1	0	0
1	1	UID124565	1	1	0	0
1	1	UID124570	1	1	0	0
1	1	UID124571	1	1	0	0
1	1	UID124587	1	1	0	0
1	1	UID124591	1	1	0	0
1	1	UID124592	1	1	0	0
1	1	UID124597	1	1	0	0
1	1	UID124599	1	1	0	0
1	1	UID124600	1	1	0	0
1	1	UID124601	1	1	0	0
1	1	UID124602	1	1	0	0
1	1	UID124610	1	1	0	0
1	1	UID124620	1	1	0	0
1	1	UID124621	1	1	0	0
1	1	UID124625	1	1	0	0
1	1	UID124655	1	1	0	0
1	1	UID124659	1	1	0	0
1	1	UID124660	1	1	0	0
1	1	UID124662	1	1	0	0
1	1	UID124681	1	1	0	0
1	1	UID124682	1	1	0	0
1	1	UID124690	1	1	0	0
1	1	UID124694	1	1	0	0
1	1	UID124698	1	1	0	0
1	1	UID124702	1	1	0	0
1	1	UID124704	1	1	0	0
1	1	UID124705	1	1	0	0
1	1	UID124706	1	1	0	0
1	1	UID124709	1	1	0	0
1	1	UID124723	1	1	0	0
1	1	UID124732	1	1	0	0
1	1	UID124733	1	1	0	0
1	1	UID124736	1	1	0	0
1	1	UID124737	1	1	0	0
1	1	UID124750	1	1	0	0
1	1	UID124752	1	1	0	0
1	1	UID124753	1	1	0	0
1	1	UID124755	1	1	0	0
1	1	UID124760	1	1	0	0
1	1	UID124765	1	1	0	0
1	1	UID124771	1	1	0	0
1	1	UID124785	1	1	0	0
1	1	UID124788	1	1	0	0
1	1	UID124789	1	1	0	0
1	1	UID124797	1	1	0	0
1	1	UID124803	1	1	0	0
1	1	UID124807	1	1	0	0
1	1	UID124808	1	1	0	0
1	1	UID124815	1	1	0	0
1	1	UID124830	1	1	0	0
1	1	UID124839	1	1	0	0
1	1	UID124840	1	1	0	0
1	1	UID124841	1	1	0	0
1	1	UID124842	1	1	0	0
1	1	UID124843	1	1	0	0
1	1	UID124847	1	1	0	0
1	1	UID124854	1	1	0	0
1	1	UID124869	1	1	0	0
1	1	UID124877	1	1	0	0
1	1	UID124881	1	1	0	0
1	1	UID124890	1	1	0	0
1	1	UID124898	1	1	0	0
1	1	UID124914	1	1	0	0
1	1	UID124923	1	1	0	0
1	1	UID124928	1	1	0	0
1	1	UID124929	1	1	0	0
1	1	UID124932	1	1	0	0
1	1	UID124935	1	1	0	0
1	1	UID124938	1	1	0	0
1	1	UID124939	1	1	0	0
1	1	UID124940	1	1	0	0
1	1	UID124944	1	1	0	0
1	1	UID124945	1	1	0	0
1	1	UID124946	1	1	0	0
1	1	UID124947	1	1	0	0
1	1	UID124949	1	1	0	0
1	1	UID124950	1	1	0	0
1	1	UID124951	1	1	0	0
1	1	UID124953	1	1	0	0
1	1	UID124962	1	1	0	0
1	1	UID124966	1	1	0	0
1	1	UID124967	1	1	0	0
1	1	UID124968	1	1	0	0
1	1	UID124970	1	1	0	0
1	1	UID124972	1	1	0	0
1	1	UID124973	1	1	0	0
1	1	UID124976	1	1	0	0
1	1	UID124977	1	1	0	0
1	1	UID124981	1	1	0	0
1	1	UID124997	1	1	0	0
1	1	UID125002	1	1	0	0
1	1	UID125005	1	1	0	0
1	1	UID125006	1	1	0	0
1	1	UID125009	1	1	0	0
1	1	UID125010	1	1	0	0
1	1	UID125011	1	1	0	0
1	1	UID125014	1	1	0	0
1	1	UID125015	1	1	0	0
1	1	UID125019	1	1	0	0
1	1	UID125020	1	1	0	0
1	1	UID125021	1	1	0	0
1	1	UID125022	1	1	0	0
1	1	UID125023	1	1	0	0
1	1	UID125024	1	1	0	0
1	1	UID125025	1	1	0	0
1	1	UID125026	1	1	0	0
1	1	UID125031	1	1	0	0
1	1	UID125033	1	1	0	0
1	1	UID125035	1	1	0	0
1	1	UID125040	1	1	0	0
1	1	UID125049	1	1	0	0
1	1	UID125061	1	1	0	0
1	1	UID125062	1	1	0	0
1	1	UID125066	1	1	0	0
1	1	UID125091	1	1	0	0
1	1	UID125098	1	1	0	0
1	1	UID125102	1	1	0	0
1	1	UID125104	1	1	0	0
1	1	UID125108	1	1	0	0
1	1	UID125110	1	1	0	0
1	1	UID125113	1	1	0	0
1	1	UID125118	1	1	0	0
1	1	UID125121	1	1	0	0
1	1	UID125126	1	1	0	0
1	1	UID125130	1	1	0	0
1	1	UID125137	1	1	0	0
1	1	UID125144	1	1	0	0
1	1	UID125145	1	1	0	0
1	1	UID125146	1	1	0	0
1	1	UID125162	1	1	0	0
1	1	UID125163	1	1	0	0
1	1	UID125167	1	1	0	0
1	1	UID125168	1	1	0	0
1	1	UID125173	1	1	0	0
1	1	UID125186	1	1	0	0
1	1	UID125187	1	1	0	0
1	1	UID125191	1	1	0	0
1	1	UID125192	1	1	0	0
1	1	UID125195	1	1	0	0
1	1	UID125199	1	1	0	0
1	1	UID125205	1	1	0	0
1	1	UID125209	1	1	0	0
1	1	UID125210	1	1	0	0
1	1	UID125215	1	1	0	0
1	1	UID125216	1	1	0	0
1	1	UID125227	1	1	0	0
1	1	UID125230	1	1	0	0
1	1	UID125247	1	1	0	0
1	1	UID125249	1	1	0	0
1	1	UID125256	1	1	0	0
1	1	UID125260	1	1	0	0
1	1	UID125262	1	1	0	0
1	1	UID125264	1	1	0	0
1	1	UID125285	1	1	0	0
1	1	UID125287	1	1	0	0
1	1	UID125289	1	1	0	0
1	1	UID125296	1	1	0	0
1	1	UID125297	1	1	0	0
1	1	UID125298	1	1	0	0
1	1	UID125300	1	1	0	0
1	1	UID125304	1	1	0	0
1	1	UID125307	1	1	0	0
1	1	UID125310	1	1	0	0
1	1	UID125311	1	1	0	0
1	1	UID125318	1	1	0	0
1	1	UID125328	1	1	0	0
1	1	UID125336	1	1	0	0
1	1	UID125351	1	1	0	0
1	1	UID125353	1	1	0	0
1	1	UID125355	1	1	0	0
1	1	UID125358	1	1	0	0
1	1	UID125362	1	1	0	0
1	1	UID125387	1	1	0	0
1	1	UID125388	1	1	0	0
1	1	UID125389	1	1	0	0
1	1	UID125391	1	1	0	0
1	1	UID125392	1	1	0	0
1	1	UID125394	1	1	0	0
1	1	UID125395	1	1	0	0
1	1	UID125399	1	1	0	0
1	1	UID125412	1	1	0	0
1	1	UID125417	1	1	0	0
1	1	UID125421	1	1	0	0
1	1	UID125422	1	1	0	0
1	1	UID125424	1	1	0	0
1	1	UID125426	1	1	0	0
1	1	UID125436	1	1	0	0
1	1	UID125440	1	1	0	0
1	1	UID125470	1	1	0	0
1	1	UID125471	1	1	0	0
1	1	UID125480	1	1	0	0
1	1	UID125486	1	1	0	0
1	1	UID125491	1	1	0	0
1	1	UID125493	1	1	0	0
1	1	UID125495	1	1	0	0
1	1	UID125503	1	1	0	0
1	1	UID125505	1	1	0	0
1	1	UID125511	1	1	0	0
1	1	UID125515	1	1	0	0
1	1	UID125517	1	1	0	0
1	1	UID125519	1	1	0	0
1	1	UID125533	1	1	0	0
1	1	UID125534	1	1	0	0
1	1	UID125536	1	1	0	0
1	1	UID125548	1	1	0	0
1	1	UID125550	1	1	0	0
1	1	UID125583	1	1	0	0
1	1	UID125596	1	1	0	0
1	1	UID125598	1	1	0	0
1	1	UID125611	1	1	0	0
1	1	UID125612	1	1	0	0
1	1	UID125615	1	1	0	0
1	1	UID125616	1	1	0	0
1	1	UID125617	1	1	0	0
1	1	UID125620	1	1	0	0
1	1	UID125622	1	1	0	0
1	1	UID125623	1	1	0	0
1	1	UID125624	1	1	0	0
1	1	UID125625	1	1	0	0
1	1	UID125632	1	1	0	0
1	1	UID125642	1	1	0	0
1	1	UID125644	1	1	0	0
1	1	UID125645	1	1	0	0
1	1	UID125646	1	1	0	0
1	1	UID125652	1	1	0	0
1	1	UID125660	1	1	0	0
1	1	UID125663	1	1	0	0
1	1	UID125664	1	1	0	0
1	1	UID125665	1	1	0	0
1	1	UID125666	1	1	0	0
1	1	UID125669	1	1	0	0
1	1	UID125672	1	1	0	0
1	1	UID125674	1	1	0	0
1	1	UID125676	1	1	0	0
1	1	UID125684	1	1	0	0
1	1	UID125686	1	1	0	0
1	1	UID125700	1	1	0	0
1	1	UID125702	1	1	0	0
1	1	UID125703	1	1	0	0
1	1	UID125706	1	1	0	0
1	1	UID125708	1	1	0	0
1	1	UID125711	1	1	0	0
1	1	UID125714	1	1	0	0
1	1	UID125722	1	1	0	0
1	1	UID125724	1	1	0	0
1	1	UID125730	1	1	0	0
1	1	UID125734	1	1	0	0
1	1	UID125735	1	1	0	0
1	1	UID125748	1	1	0	0
1	1	UID125751	1	1	0	0
1	1	UID125753	1	1	0	0
1	1	UID125754	1	1	0	0
1	1	UID125755	1	1	0	0
1	1	UID125757	1	1	0	0
1	1	UID125774	1	1	0	0
1	1	UID125782	1	1	0	0
1	1	UID125795	1	1	0	0
1	1	UID125800	1	1	0	0
1	1	UID125801	1	1	0	0
1	1	UID125802	1	1	0	0
1	1	UID125822	1	1	0	0
1	1	UID125823	1	1	0	0
1	1	UID125826	1	1	0	0
1	1	UID125831	1	1	0	0
1	1	UID125846	1	1	0	0
1	1	UID125847	1	1	0	0
1	1	UID125849	1	1	0	0
1	1	UID125858	1	1	0	0
1	1	UID125867	1	1	0	0
1	1	UID125872	1	1	0	0
1	1	UID125880	1	1	0	0
1	1	UID125881	1	1	0	0
1	1	UID125887	1	1	0	0
1	1	UID125889	1	1	0	0
1	1	UID125895	1	1	0	0
1	1	UID125900	1	1	0	0
1	1	UID125904	1	1	0	0
1	1	UID125908	1	1	0	0
1	1	UID125914	1	1	0	0
1	1	UID125916	1	1	0	0
1	1	UID125919	1	1	0	0
1	1	UID125937	1	1	0	0
1	1	UID125938	1	1	0	0
1	1	UID125939	1	1	0	0
1	1	UID125944	1	1	0	0
1	1	UID125956	1	1	0	0
1	1	UID125971	1	1	0	0
1	1	UID125973	1	1	0	0
1	1	UID125979	1	1	0	0
1	1	UID125992	1	1	0	0
1	1	UID125995	1	1	0	0
1	1	UID125997	1	1	0	0
1	1	UID126002	1	1	0	0
1	1	UID126005	1	1	0	0
1	1	UID126006	1	1	0	0
1	1	UID126010	1	1	0	0
1	1	UID126016	1	1	0	0
1	1	UID126019	1	1	0	0
1	1	UID126020	1	1	0	0
1	1	UID126033	1	1	0	0
1	1	UID126035	1	1	0	0
1	1	UID126037	1	1	0	0
1	1	UID126039	1	1	0	0
1	1	UID126045	1	1	0	0
1	1	UID126062	1	1	0	0
1	1	UID126065	1	1	0	0
1	1	UID126066	1	1	0	0
1	1	UID126076	1	1	0	0
1	1	UID126077	1	1	0	0
1	1	UID126078	1	1	0	0
1	1	UID126079	1	1	0	0
1	1	UID126085	1	1	0	0
1	1	UID126087	1	1	0	0
1	1	UID126090	1	1	0	0
1	1	UID126094	1	1	0	0
1	1	UID126095	1	1	0	0
1	1	UID126096	1	1	0	0
1	1	UID126104	1	1	0	0
1	1	UID126118	1	1	0	0
1	1	UID126120	1	1	0	0
1	1	UID126127	1	1	0	0
1	1	UID126132	1	1	0	0
1	1	UID126135	1	1	0	0
1	1	UID126136	1	1	0	0
1	1	UID126141	1	1	0	0
1	1	UID126147	1	1	0	0
1	1	UID126149	1	1	0	0
1	1	UID126163	1	1	0	0
1	1	UID126172	1	1	0	0
1	1	UID126173	1	1	0	0
1	1	UID126178	1	1	0	0
1	1	UID126191	1	1	0	0
1	1	UID126193	1	1	0	0
1	1	UID126195	1	1	0	0
1	1	UID126197	1	1	0	0
1	1	UID126200	1	1	0	0
1	1	UID126201	1	1	0	0
1	1	UID126206	1	1	0	0
1	1	UID126207	1	1	0	0
1	1	UID126208	1	1	0	0
1	1	UID126210	1	1	0	0
1	1	UID126213	1	1	0	0
1	1	UID126218	1	1	0	0
1	1	UID126227	1	1	0	0
1	1	UID126228	1	1	0	0
1	1	UID126229	1	1	0	0
1	1	UID126248	1	1	0	0
1	1	UID126250	1	1	0	0
1	1	UID126257	1	1	0	0
1	1	UID126260	1	1	0	0
1	1	UID126263	1	1	0	0
1	1	UID126265	1	1	0	0
1	1	UID1499	1	1	0	0
1	1	UID1611	1	1	0	0
1	1	UID20	1	1	0	0
1	1	UID286	1	1	0	0
1	1	UID301	1	1	0	0
1	1	UID33447	1	1	0	0
1	1	UID3793	1	1	0	0
1	1	UID39555	1	1	0	0
1	1	UID51870	1	1	0	0
1	1	UID52493	1	1	0	0
1	1	UID53099	1	1	0	0
1	1	UID65742	1	1	0	0
1	1	UID65768	1	1	0	0
1	1	UID65804	1	1	0	0
1	1	UID65809	1	1	0	0
1	1	UID65843	1	1	0	0
1	1	UID66013	1	1	0	0
1	1	UID66189	1	1	0	0
1	1	UID67257	1	1	0	0
1	1	UID67323	1	1	0	0
1	1	UID73339	1	1	0	0
1	1	UID78446	1	1	0	0
1	1	UID78720	1	1	0	0
1	1	UID78812	1	1	0	0
1	1	UID7981	1	1	0	0
1	1	UID81202	1	1	0	0
1	1	UID81443	1	1	0	0
1	1	UID82031	1	1	0	0
1	1	UID82756	1	1	0	0
1	1	UID8278	1	1	0	0
1	1	UID85903	1	1	0	0
1	1	UID90459	1	1	0	0
1	1	UID90461	1	1	0	0
1	1	UID92093	1	1	0	0
