4049	19571	UID653	9205	3439	10	10
86	2639	UID48431	2526	61	2	2
2248	7053	UID9771	2513	1801	6	6
989	3057	UID8924	1321	754	6	6
648	1949	UID1	696	522	4	4
295	1036	UID117211	602	219	4	4
368	1049	UID62066	514	289	4	4
238	815	UID117213	494	180	6	6
567	1240	UID117214	399	483	4	4
295	740	UID84211	330	243	3	3
398	931	UID2	258	344	4	4
107	350	UID117215	225	92	2	2
253	557	UID310	224	222	3	3
193	438	UID117216	201	168	4	4
129	363	UID35198	198	105	2	2
123	326	UID105049	185	107	2	2
107	333	UID117217	184	89	2	2
121	324	UID117218	182	102	2	2
134	308	UID117219	149	116	3	3
90	261	UID117220	146	74	2	2
20	127	UID48578	103	14	1	1
72	179	UID117222	101	66	2	2
142	312	UID384	101	133	4	4
48	129	UID117225	79	44	2	2
66	148	UID86758	74	58	2	2
44	120	UID75660	73	39	2	2
55	136	UID108	68	50	3	3
38	107	UID65060	64	32	3	3
31	86	UID117227	54	29	2	2
55	108	UID117228	53	53	2	2
58	117	UID35197	48	53	2	2
45	98	UID117230	44	41	2	2
45	93	UID117231	44	41	2	2
54	98	UID117232	44	52	3	3
9	49	UID50481	41	8	0	0
33	73	UID72417	40	31	2	2
65	114	UID8087	36	59	2	2
35	68	UID117264	33	33	2	2
27	58	UID117272	32	26	1	1
27	71	UID217	32	24	2	2
46	78	UID8021	32	44	2	2
29	60	UID117278	31	27	2	2
36	67	UID117281	31	34	1	1
41	79	UID286	31	38	2	2
39	72	UID117287	30	37	2	2
6	33	UID50564	28	5	1	1
3	30	UID61276	28	2	0	0
19	48	UID117306	26	16	2	2
36	67	UID441	26	33	3	3
16	40	UID117316	25	15	1	1
11	35	UID48430	25	10	1	1
19	44	UID72438	25	17	1	1
20	43	UID117324	24	19	2	2
26	49	UID239	24	25	2	2
6	30	UID61258	24	4	0	0
22	44	UID117336	23	21	2	2
56	101	UID117338	23	52	3	3
6	28	UID49076	23	5	0	0
39	61	UID117356	21	37	3	3
2	22	UID61257	21	1	0	0
17	36	UID117357	20	16	1	1
26	45	UID117358	20	25	2	2
18	37	UID57877	20	17	1	1
15	33	UID117375	19	14	1	1
7	25	UID48847	19	6	0	0
6	24	UID56223	19	5	0	0
5	23	UID61262	19	4	1	1
9	28	UID72416	19	7	1	1
39	69	UID54682	18	36	3	3
66	104	UID72474	17	60	4	4
23	39	UID117398	16	21	2	2
23	39	UID117399	16	21	2	2
13	28	UID117409	15	11	1	1
8	22	UID49397	15	7	1	1
36	59	UID117424	14	31	3	3
9	23	UID117425	14	7	1	1
31	45	UID117427	14	29	2	2
13	26	UID117428	14	12	1	1
9	22	UID127	14	8	1	1
14	26	UID117430	13	13	1	1
13	26	UID117442	13	11	2	2
20	32	UID117443	13	19	1	1
10	22	UID117445	13	9	1	1
8	19	UID117453	12	7	1	1
6	17	UID49544	12	5	0	0
5	16	UID61265	12	4	1	1
2	13	UID61272	12	1	0	0
11	21	UID101310	11	10	1	1
14	24	UID117476	11	13	1	1
11	21	UID117483	11	10	1	1
10	21	UID117484	11	8	1	1
25	43	UID37618	11	22	2	2
12	22	UID49363	11	11	1	1
6	15	UID117499	10	5	0	0
13	22	UID117508	10	12	1	1
10	21	UID57873	10	7	2	2
1	10	UID58238	10	0	0	0
6	15	UID61261	10	5	0	0
2	11	UID61264	10	1	0	0
3	12	UID61269	10	2	1	1
10	20	UID117537	9	8	1	1
5	13	UID117538	9	4	1	1
11	19	UID117540	9	10	1	1
9	18	UID117541	9	7	1	1
11	19	UID33530	9	10	1	1
6	15	UID48465	9	4	1	1
1	9	UID50292	9	0	0	0
2	10	UID54378	9	1	0	0
31	39	UID553	9	30	3	3
3	11	UID61266	9	2	0	0
1	9	UID61267	9	0	0	0
27	41	UID61290	9	23	3	3
1	9	UID61297	9	0	0	0
7	14	UID117561	8	6	2	2
6	13	UID117574	8	5	1	1
8	15	UID117578	8	7	1	1
15	22	UID117591	8	14	2	2
9	18	UID117595	8	6	1	1
3	10	UID60022	8	2	1	1
4	11	UID61278	8	3	1	1
2	9	UID61279	8	1	0	0
1	8	UID61294	8	0	0	0
2	9	UID61296	8	1	0	0
13	21	UID72436	8	11	1	1
7	13	UID117628	7	6	1	1
3	9	UID48483	7	2	0	0
4	10	UID58465	7	3	1	1
2	8	UID61268	7	1	1	1
2	8	UID61271	7	1	0	0
1	7	UID61287	7	0	0	0
5	12	UID68	7	3	0	0
16	21	UID1004	6	15	1	1
8	16	UID104790	6	6	2	2
7	12	UID117662	6	6	1	1
5	10	UID117672	6	4	1	1
5	10	UID117689	6	4	1	1
6	11	UID117698	6	5	1	1
9	14	UID117707	6	8	3	3
5	10	UID18	6	4	1	1
4	9	UID288	6	3	1	1
2	7	UID48428	6	1	0	0
6	11	UID48429	6	5	1	1
1	6	UID58532	6	0	0	0
2	7	UID59059	6	1	0	0
1	6	UID61263	6	0	0	0
1	6	UID61280	6	0	0	0
4	9	UID61283	6	3	1	1
1	6	UID61284	6	0	0	0
3	8	UID61303	6	2	0	0
3	9	UID61309	6	1	0	0
2	7	UID61313	6	1	0	0
7	11	UID103956	5	6	1	1
3	7	UID104155	5	2	1	1
4	8	UID117747	5	3	1	1
10	15	UID117762	5	8	2	2
10	17	UID117779	5	7	1	1
7	11	UID117782	5	6	1	1
5	9	UID117785	5	4	1	1
6	10	UID117786	5	5	1	1
2	6	UID117787	5	1	1	1
7	11	UID117788	5	6	1	1
5	9	UID117791	5	4	1	1
6	10	UID117792	5	5	1	1
2	6	UID117793	5	1	0	0
4	8	UID117812	5	3	1	1
2	6	UID117818	5	1	1	1
1	5	UID117827	5	0	0	0
3	7	UID117832	5	2	0	0
6	10	UID122	5	5	2	2
5	9	UID309	5	4	0	0
5	9	UID48727	5	4	1	1
3	7	UID61285	5	2	1	1
1	5	UID61293	5	0	0	0
1	5	UID61320	5	0	0	0
6	10	UID61379	5	5	2	2
1	5	UID62083	5	0	0	0
1	4	UID117866	4	0	0	0
9	12	UID117898	4	8	2	2
1	4	UID117912	4	0	0	0
2	5	UID117915	4	1	0	0
3	6	UID117920	4	2	1	1
4	7	UID117921	4	3	2	2
2	5	UID117922	4	1	1	1
2	5	UID117923	4	1	0	0
3	6	UID117924	4	2	1	1
9	12	UID117925	4	8	1	1
1	4	UID117928	4	0	0	0
3	6	UID117929	4	2	1	1
1	4	UID117931	4	0	0	0
2	5	UID117932	4	1	0	0
1	4	UID117938	4	0	0	0
4	7	UID117946	4	3	1	1
5	8	UID117949	4	4	1	1
2	5	UID117950	4	1	0	0
16	20	UID117953	4	14	2	2
20	24	UID117975	4	18	4	4
1	4	UID117981	4	0	0	0
2	5	UID117984	4	1	0	0
4	7	UID1531	4	3	1	1
6	9	UID22	4	5	1	1
5	8	UID48449	4	4	1	1
5	8	UID49257	4	4	0	0
1	4	UID49958	4	0	0	0
1	4	UID61286	4	0	0	0
1	4	UID61288	4	0	0	0
1	4	UID61292	4	0	0	0
1	4	UID61299	4	0	0	0
1	4	UID61341	4	0	0	0
1	4	UID61361	4	0	0	0
1	4	UID61362	4	0	0	0
6	9	UID85	4	5	2	2
2	4	UID103986	3	1	1	1
3	5	UID104030	3	2	1	1
4	6	UID104232	3	3	1	1
2	4	UID112995	3	1	0	0
7	9	UID118038	3	6	2	2
3	5	UID118092	3	2	1	1
8	10	UID118104	3	7	1	1
3	5	UID118105	3	2	1	1
12	16	UID118138	3	9	3	3
3	5	UID118139	3	2	1	1
5	7	UID118140	3	4	1	1
2	4	UID118142	3	1	1	1
1	3	UID118146	3	0	0	0
2	4	UID118147	3	1	0	0
5	7	UID118148	3	4	1	1
2	4	UID118151	3	1	1	1
6	8	UID118152	3	5	1	1
2	4	UID118153	3	1	1	1
2	4	UID118154	3	1	0	0
8	11	UID118157	3	6	1	1
3	5	UID118161	3	2	1	1
1	3	UID118163	3	0	0	0
2	4	UID118170	3	1	0	0
3	5	UID118171	3	2	1	1
1	3	UID118173	3	0	0	0
6	9	UID118174	3	4	2	2
1	3	UID118188	3	0	0	0
8	10	UID118192	3	7	1	1
1	3	UID118193	3	0	0	0
7	9	UID118196	3	6	1	1
4	6	UID118197	3	3	1	1
3	5	UID118199	3	2	0	0
5	7	UID118200	3	4	1	1
2	4	UID118201	3	1	0	0
3	5	UID118202	3	2	1	1
1	3	UID118246	3	0	0	0
2	4	UID118251	3	1	1	1
1	3	UID118258	3	0	0	0
3	5	UID118261	3	2	1	1
1	3	UID118278	3	0	0	0
4	6	UID29	3	3	1	1
3	5	UID383	3	2	0	0
3	5	UID48426	3	2	1	1
5	7	UID49003	3	4	0	0
1	3	UID50830	3	0	0	0
3	5	UID554	3	2	1	1
3	5	UID56030	3	2	0	0
9	11	UID56127	3	8	2	2
1	3	UID56224	3	0	0	0
7	9	UID56531	3	6	1	1
5	7	UID56812	3	4	1	1
1	3	UID61277	3	0	0	0
1	3	UID61289	3	0	0	0
1	3	UID61306	3	0	0	0
2	4	UID61369	3	1	1	1
1	3	UID61600	3	0	0	0
1	3	UID61684	3	0	0	0
1	3	UID61838	3	0	0	0
1	3	UID62504	3	0	0	0
3	5	UID63229	3	2	2	2
2	4	UID84001	3	1	1	1
1	3	UID89100	3	0	0	0
9	11	UID104093	2	7	1	1
2	3	UID104746	2	1	1	1
1	2	UID108930	2	0	0	0
4	5	UID118336	2	3	1	1
2	3	UID118362	2	1	1	1
6	7	UID118435	2	5	1	1
3	4	UID118436	2	2	1	1
3	4	UID118553	2	2	1	1
3	4	UID118554	2	2	1	1
2	3	UID118556	2	1	1	1
6	7	UID118560	2	5	1	1
6	7	UID118561	2	5	1	1
2	3	UID118592	2	1	1	1
3	4	UID118638	2	2	1	1
3	4	UID118639	2	2	1	1
2	3	UID118646	2	1	1	1
3	4	UID118647	2	2	1	1
3	4	UID118680	2	2	1	1
7	8	UID118682	2	6	1	1
6	7	UID118683	2	5	1	1
6	7	UID118684	2	5	1	1
2	3	UID118686	2	1	1	1
2	3	UID118691	2	1	1	1
2	3	UID118703	2	1	1	1
4	5	UID118705	2	3	1	1
3	4	UID118706	2	2	1	1
2	3	UID118709	2	1	1	1
2	3	UID118715	2	1	1	1
2	3	UID118734	2	1	1	1
3	4	UID118738	2	2	1	1
6	7	UID118739	2	5	1	1
4	5	UID118742	2	3	1	1
3	4	UID118768	2	2	1	1
2	3	UID118773	2	1	1	1
2	3	UID118789	2	1	1	1
1	2	UID118790	2	0	0	0
2	3	UID118792	2	1	1	1
4	5	UID118800	2	3	2	2
2	3	UID118809	2	1	1	1
2	3	UID118810	2	1	1	1
1	2	UID118811	2	0	0	0
2	3	UID118815	2	1	1	1
3	4	UID118826	2	2	1	1
5	7	UID118833	2	3	2	2
6	7	UID118890	2	5	2	2
5	6	UID118922	2	4	3	3
3	4	UID118931	2	2	1	1
2	3	UID118934	2	1	1	1
3	4	UID118939	2	2	1	1
2	3	UID118958	2	1	1	1
4	5	UID118964	2	3	1	1
3	4	UID118969	2	2	1	1
3	4	UID118986	2	2	1	1
4	5	UID118987	2	3	1	1
2	3	UID119004	2	1	1	1
6	7	UID119060	2	5	2	2
2	3	UID119088	2	1	1	1
2	3	UID1328	2	1	1	1
5	6	UID22150	2	4	2	2
3	4	UID221	2	2	1	1
1	2	UID284	2	0	0	0
2	3	UID374	2	1	1	1
1	2	UID61256	2	0	0	0
4	5	UID61314	2	3	1	1
2	3	UID61386	2	1	1	1
2	3	UID61405	2	1	1	1
1	2	UID61708	2	0	0	0
2	3	UID84214	2	1	1	1
5	6	UID86751	2	4	1	1
3	3	UID103955	1	3	1	1
6	6	UID103970	1	6	1	1
2	2	UID103982	1	2	1	1
1	1	UID104001	1	1	0	0
1	1	UID104128	1	1	0	0
3	3	UID104495	1	3	1	1
4	4	UID104508	1	4	1	1
1	1	UID105480	1	1	0	0
1	1	UID108940	1	1	0	0
1	1	UID112320	1	1	0	0
3	3	UID113103	1	3	1	1
1	1	UID113552	1	1	0	0
1	1	UID113563	1	1	0	0
1	1	UID113712	1	1	0	0
3	3	UID11765	1	3	1	1
1	1	UID119111	1	1	0	0
1	1	UID119113	1	1	0	0
1	1	UID119114	1	1	0	0
1	1	UID119117	1	1	0	0
1	1	UID119119	1	1	0	0
2	2	UID119126	1	2	1	1
1	1	UID119127	1	1	0	0
1	1	UID119129	1	1	0	0
1	1	UID119130	1	1	0	0
1	1	UID119132	1	1	0	0
1	1	UID119153	1	1	0	0
1	1	UID119155	1	1	0	0
1	1	UID119159	1	1	0	0
1	1	UID119162	1	1	0	0
1	1	UID119164	1	1	0	0
1	1	UID119166	1	1	0	0
1	1	UID119175	1	1	0	0
1	1	UID119178	1	1	0	0
1	1	UID119183	1	1	0	0
1	1	UID119188	1	1	0	0
1	1	UID119189	1	1	0	0
1	1	UID119190	1	1	0	0
1	1	UID119194	1	1	0	0
1	1	UID119198	1	1	0	0
1	1	UID119199	1	1	0	0
1	1	UID119201	1	1	0	0
1	1	UID119202	1	1	0	0
1	1	UID119204	1	1	0	0
1	1	UID119205	1	1	0	0
1	1	UID119206	1	1	0	0
1	1	UID119249	1	1	0	0
1	1	UID119251	1	1	0	0
1	1	UID119253	1	1	0	0
1	1	UID119258	1	1	0	0
1	1	UID119278	1	1	0	0
1	1	UID119281	1	1	0	0
1	1	UID119282	1	1	0	0
1	1	UID119290	1	1	0	0
1	1	UID119291	1	1	0	0
1	1	UID119292	1	1	0	0
1	1	UID119294	1	1	0	0
1	1	UID119295	1	1	0	0
1	1	UID119298	1	1	0	0
1	1	UID119299	1	1	0	0
1	1	UID119300	1	1	0	0
1	1	UID119303	1	1	0	0
1	1	UID119305	1	1	0	0
1	1	UID119307	1	1	0	0
1	1	UID119316	1	1	0	0
1	1	UID119320	1	1	0	0
1	1	UID119325	1	1	0	0
1	1	UID119329	1	1	0	0
1	1	UID119330	1	1	0	0
1	1	UID119345	1	1	0	0
1	1	UID119351	1	1	0	0
1	1	UID119362	1	1	0	0
1	1	UID119364	1	1	0	0
1	1	UID119366	1	1	0	0
1	1	UID119370	1	1	0	0
1	1	UID119372	1	1	0	0
1	1	UID119374	1	1	0	0
4	4	UID119380	1	4	2	2
1	1	UID119388	1	1	0	0
1	1	UID119394	1	1	0	0
1	1	UID119420	1	1	0	0
1	1	UID119433	1	1	0	0
1	1	UID119436	1	1	0	0
1	1	UID119437	1	1	0	0
1	1	UID11945	1	1	0	0
1	1	UID119461	1	1	0	0
1	1	UID119462	1	1	0	0
1	1	UID119463	1	1	0	0
1	1	UID119471	1	1	0	0
1	1	UID119473	1	1	0	0
1	1	UID119483	1	1	0	0
1	1	UID119485	1	1	0	0
1	1	UID119492	1	1	0	0
1	1	UID119494	1	1	0	0
1	1	UID119497	1	1	0	0
1	1	UID119499	1	1	0	0
1	1	UID119517	1	1	0	0
1	1	UID119526	1	1	0	0
1	1	UID119527	1	1	0	0
1	1	UID119534	1	1	0	0
1	1	UID119543	1	1	0	0
1	1	UID119568	1	1	0	0
1	1	UID119569	1	1	0	0
1	1	UID119570	1	1	0	0
1	1	UID119573	1	1	0	0
1	1	UID119574	1	1	0	0
1	1	UID119575	1	1	0	0
1	1	UID119578	1	1	0	0
1	1	UID119594	1	1	0	0
1	1	UID119603	1	1	0	0
1	1	UID119604	1	1	0	0
1	1	UID119609	1	1	0	0
1	1	UID119611	1	1	0	0
3	3	UID119631	1	3	2	2
1	1	UID119636	1	1	0	0
1	1	UID119643	1	1	0	0
1	1	UID119644	1	1	0	0
1	1	UID119645	1	1	0	0
1	1	UID119649	1	1	0	0
1	1	UID119652	1	1	0	0
1	1	UID119675	1	1	0	0
1	1	UID119682	1	1	0	0
1	1	UID119684	1	1	0	0
1	1	UID119687	1	1	0	0
1	1	UID119692	1	1	0	0
1	1	UID119693	1	1	0	0
1	1	UID119696	1	1	0	0
1	1	UID119701	1	1	0	0
1	1	UID119725	1	1	0	0
1	1	UID119728	1	1	0	0
1	1	UID119735	1	1	0	0
1	1	UID119740	1	1	0	0
1	1	UID119750	1	1	0	0
1	1	UID119753	1	1	0	0
1	1	UID119759	1	1	0	0
1	1	UID119776	1	1	0	0
1	1	UID119782	1	1	0	0
1	1	UID119783	1	1	0	0
1	1	UID119787	1	1	0	0
1	1	UID119812	1	1	0	0
1	1	UID119815	1	1	0	0
1	1	UID119820	1	1	0	0
1	1	UID119831	1	1	0	0
1	1	UID119832	1	1	0	0
1	1	UID119834	1	1	0	0
1	1	UID119865	1	1	0	0
1	1	UID119866	1	1	0	0
1	1	UID119879	1	1	0	0
1	1	UID119887	1	1	0	0
1	1	UID119888	1	1	0	0
1	1	UID119914	1	1	0	0
1	1	UID119917	1	1	0	0
1	1	UID119923	1	1	0	0
1	1	UID119939	1	1	0	0
1	1	UID119943	1	1	0	0
4	4	UID119950	1	4	2	2
1	1	UID119955	1	1	0	0
1	1	UID119957	1	1	0	0
1	1	UID119963	1	1	0	0
1	1	UID119985	1	1	0	0
1	1	UID119988	1	1	0	0
1	1	UID119990	1	1	0	0
1	1	UID119993	1	1	0	0
1	1	UID119994	1	1	0	0
1	1	UID120001	1	1	0	0
1	1	UID120003	1	1	0	0
1	1	UID120005	1	1	0	0
1	1	UID120007	1	1	0	0
1	1	UID120026	1	1	0	0
1	1	UID120030	1	1	0	0
1	1	UID120033	1	1	0	0
1	1	UID120037	1	1	0	0
1	1	UID120038	1	1	0	0
1	1	UID120040	1	1	0	0
1	1	UID120041	1	1	0	0
1	1	UID120042	1	1	0	0
1	1	UID120048	1	1	0	0
1	1	UID120049	1	1	0	0
1	1	UID120053	1	1	0	0
1	1	UID120054	1	1	0	0
1	1	UID120057	1	1	0	0
1	1	UID120068	1	1	0	0
1	1	UID120082	1	1	0	0
1	1	UID120084	1	1	0	0
1	1	UID120088	1	1	0	0
10	10	UID120091	1	10	2	2
1	1	UID120092	1	1	0	0
1	1	UID120095	1	1	0	0
1	1	UID120101	1	1	0	0
1	1	UID120109	1	1	0	0
1	1	UID120112	1	1	0	0
1	1	UID120114	1	1	0	0
1	1	UID120126	1	1	0	0
1	1	UID120139	1	1	0	0
1	1	UID120155	1	1	0	0
1	1	UID120162	1	1	0	0
1	1	UID120182	1	1	0	0
1	1	UID120185	1	1	0	0
1	1	UID120186	1	1	0	0
1	1	UID120187	1	1	0	0
1	1	UID120188	1	1	0	0
1	1	UID120190	1	1	0	0
1	1	UID120191	1	1	0	0
1	1	UID120198	1	1	0	0
1	1	UID120202	1	1	0	0
1	1	UID120231	1	1	0	0
1	1	UID120240	1	1	0	0
1	1	UID120246	1	1	0	0
1	1	UID120257	1	1	0	0
1	1	UID120259	1	1	0	0
1	1	UID120260	1	1	0	0
1	1	UID120263	1	1	0	0
1	1	UID120264	1	1	0	0
1	1	UID120268	1	1	0	0
1	1	UID120271	1	1	0	0
1	1	UID120272	1	1	0	0
1	1	UID120274	1	1	0	0
1	1	UID120285	1	1	0	0
1	1	UID120288	1	1	0	0
1	1	UID120302	1	1	0	0
1	1	UID120318	1	1	0	0
1	1	UID120321	1	1	0	0
1	1	UID120322	1	1	0	0
1	1	UID120327	1	1	0	0
1	1	UID120329	1	1	0	0
1	1	UID120333	1	1	0	0
1	1	UID120336	1	1	0	0
1	1	UID120344	1	1	0	0
1	1	UID120345	1	1	0	0
1	1	UID120361	1	1	0	0
1	1	UID120370	1	1	0	0
1	1	UID120377	1	1	0	0
1	1	UID120378	1	1	0	0
1	1	UID120380	1	1	0	0
1	1	UID120381	1	1	0	0
1	1	UID120396	1	1	0	0
1	1	UID120398	1	1	0	0
1	1	UID120399	1	1	0	0
1	1	UID120401	1	1	0	0
1	1	UID120405	1	1	0	0
1	1	UID120407	1	1	0	0
1	1	UID120410	1	1	0	0
1	1	UID120416	1	1	0	0
1	1	UID120423	1	1	0	0
1	1	UID120424	1	1	0	0
1	1	UID120426	1	1	0	0
1	1	UID120437	1	1	0	0
1	1	UID120442	1	1	0	0
1	1	UID120446	1	1	0	0
1	1	UID120447	1	1	0	0
1	1	UID120448	1	1	0	0
1	1	UID120453	1	1	0	0
1	1	UID120454	1	1	0	0
1	1	UID120460	1	1	0	0
1	1	UID120463	1	1	0	0
1	1	UID120470	1	1	0	0
1	1	UID120474	1	1	0	0
1	1	UID120487	1	1	0	0
1	1	UID120490	1	1	0	0
1	1	UID120491	1	1	0	0
1	1	UID120492	1	1	0	0
1	1	UID120498	1	1	0	0
3	3	UID120500	1	3	1	1
1	1	UID120506	1	1	0	0
1	1	UID120507	1	1	0	0
1	1	UID120517	1	1	0	0
1	1	UID120519	1	1	0	0
1	1	UID120521	1	1	0	0
1	1	UID120524	1	1	0	0
1	1	UID120530	1	1	0	0
1	1	UID120533	1	1	0	0
1	1	UID120540	1	1	0	0
1	1	UID120549	1	1	0	0
1	1	UID120550	1	1	0	0
1	1	UID120555	1	1	0	0
1	1	UID120559	1	1	0	0
1	1	UID120586	1	1	0	0
1	1	UID120589	1	1	0	0
1	1	UID120599	1	1	0	0
1	1	UID120610	1	1	0	0
1	1	UID120612	1	1	0	0
1	1	UID120616	1	1	0	0
1	1	UID120619	1	1	0	0
5	5	UID120620	1	5	2	2
1	1	UID120624	1	1	0	0
1	1	UID120626	1	1	0	0
1	1	UID120632	1	1	0	0
1	1	UID120634	1	1	0	0
1	1	UID120637	1	1	0	0
1	1	UID120640	1	1	0	0
1	1	UID120647	1	1	0	0
1	1	UID120670	1	1	0	0
1	1	UID120679	1	1	0	0
1	1	UID120683	1	1	0	0
1	1	UID120693	1	1	0	0
1	1	UID120697	1	1	0	0
1	1	UID120706	1	1	0	0
1	1	UID120715	1	1	0	0
1	1	UID120718	1	1	0	0
1	1	UID120724	1	1	0	0
1	1	UID120725	1	1	0	0
1	1	UID120727	1	1	0	0
1	1	UID120732	1	1	0	0
1	1	UID120733	1	1	0	0
3	3	UID120775	1	3	2	2
1	1	UID120776	1	1	0	0
1	1	UID120778	1	1	0	0
1	1	UID120785	1	1	0	0
1	1	UID120807	1	1	0	0
1	1	UID120846	1	1	0	0
1	1	UID120857	1	1	0	0
1	1	UID120944	1	1	0	0
1	1	UID120958	1	1	0	0
1	1	UID120961	1	1	0	0
1	1	UID120963	1	1	0	0
1	1	UID120971	1	1	0	0
1	1	UID120976	1	1	0	0
1	1	UID120979	1	1	0	0
1	1	UID120982	1	1	0	0
1	1	UID120991	1	1	0	0
1	1	UID120996	1	1	0	0
1	1	UID120998	1	1	0	0
1	1	UID120999	1	1	0	0
1	1	UID121000	1	1	0	0
1	1	UID121004	1	1	0	0
1	1	UID121008	1	1	0	0
1	1	UID121011	1	1	0	0
1	1	UID121013	1	1	0	0
1	1	UID121014	1	1	0	0
1	1	UID121016	1	1	0	0
1	1	UID121028	1	1	0	0
1	1	UID121031	1	1	0	0
1	1	UID121038	1	1	0	0
1	1	UID121053	1	1	0	0
1	1	UID121066	1	1	0	0
1	1	UID121076	1	1	0	0
1	1	UID121080	1	1	0	0
1	1	UID121081	1	1	0	0
1	1	UID121083	1	1	0	0
1	1	UID121084	1	1	0	0
1	1	UID121087	1	1	0	0
1	1	UID121090	1	1	0	0
1	1	UID121093	1	1	0	0
1	1	UID121102	1	1	0	0
1	1	UID121104	1	1	0	0
1	1	UID121124	1	1	0	0
1	1	UID121126	1	1	0	0
1	1	UID121139	1	1	0	0
1	1	UID121142	1	1	0	0
1	1	UID121152	1	1	0	0
1	1	UID121153	1	1	0	0
1	1	UID121155	1	1	0	0
1	1	UID121158	1	1	0	0
1	1	UID121161	1	1	0	0
1	1	UID121168	1	1	0	0
2	2	UID121169	1	2	1	1
1	1	UID121170	1	1	0	0
1	1	UID121180	1	1	0	0
2	2	UID121191	1	2	1	1
1	1	UID121194	1	1	0	0
1	1	UID121200	1	1	0	0
1	1	UID121211	1	1	0	0
1	1	UID121212	1	1	0	0
1	1	UID121213	1	1	0	0
1	1	UID121215	1	1	0	0
1	1	UID121219	1	1	0	0
1	1	UID121226	1	1	0	0
1	1	UID121233	1	1	0	0
1	1	UID121249	1	1	0	0
1	1	UID121254	1	1	0	0
1	1	UID121258	1	1	0	0
1	1	UID121290	1	1	0	0
1	1	UID121297	1	1	0	0
1	1	UID121298	1	1	0	0
1	1	UID121303	1	1	0	0
1	1	UID121333	1	1	0	0
1	1	UID121341	1	1	0	0
1	1	UID121342	1	1	0	0
1	1	UID121361	1	1	0	0
1	1	UID121380	1	1	0	0
1	1	UID121382	1	1	0	0
1	1	UID121384	1	1	0	0
1	1	UID121388	1	1	0	0
1	1	UID121390	1	1	0	0
1	1	UID121414	1	1	0	0
1	1	UID121415	1	1	0	0
1	1	UID121419	1	1	0	0
1	1	UID121420	1	1	0	0
1	1	UID121425	1	1	0	0
1	1	UID121442	1	1	0	0
1	1	UID121448	1	1	0	0
1	1	UID121480	1	1	0	0
1	1	UID121486	1	1	0	0
1	1	UID121492	1	1	0	0
1	1	UID121507	1	1	0	0
1	1	UID121508	1	1	0	0
1	1	UID121509	1	1	0	0
1	1	UID121513	1	1	0	0
1	1	UID121529	1	1	0	0
1	1	UID121532	1	1	0	0
1	1	UID121539	1	1	0	0
1	1	UID121542	1	1	0	0
1	1	UID121557	1	1	0	0
1	1	UID121560	1	1	0	0
1	1	UID121563	1	1	0	0
1	1	UID121564	1	1	0	0
1	1	UID121577	1	1	0	0
1	1	UID121579	1	1	0	0
1	1	UID121580	1	1	0	0
1	1	UID121582	1	1	0	0
3	3	UID121586	1	3	2	2
1	1	UID121595	1	1	0	0
1	1	UID121611	1	1	0	0
1	1	UID121619	1	1	0	0
1	1	UID121624	1	1	0	0
1	1	UID121636	1	1	0	0
1	1	UID121654	1	1	0	0
1	1	UID121657	1	1	0	0
1	1	UID121658	1	1	0	0
1	1	UID121660	1	1	0	0
2	2	UID121661	1	2	1	1
1	1	UID121662	1	1	0	0
1	1	UID121664	1	1	0	0
1	1	UID121666	1	1	0	0
1	1	UID121667	1	1	0	0
1	1	UID121668	1	1	0	0
1	1	UID121696	1	1	0	0
1	1	UID121698	1	1	0	0
1	1	UID121700	1	1	0	0
1	1	UID121701	1	1	0	0
1	1	UID121702	1	1	0	0
1	1	UID121703	1	1	0	0
1	1	UID121706	1	1	0	0
1	1	UID121708	1	1	0	0
1	1	UID121710	1	1	0	0
1	1	UID121711	1	1	0	0
1	1	UID121724	1	1	0	0
1	1	UID121728	1	1	0	0
1	1	UID121729	1	1	0	0
1	1	UID121730	1	1	0	0
1	1	UID121769	1	1	0	0
1	1	UID121784	1	1	0	0
1	1	UID121794	1	1	0	0
1	1	UID121825	1	1	0	0
1	1	UID121827	1	1	0	0
1	1	UID121835	1	1	0	0
1	1	UID121854	1	1	0	0
1	1	UID121867	1	1	0	0
1	1	UID121870	1	1	0	0
1	1	UID121874	1	1	0	0
1	1	UID121876	1	1	0	0
1	1	UID121882	1	1	0	0
1	1	UID121897	1	1	0	0
1	1	UID121899	1	1	0	0
1	1	UID121906	1	1	0	0
1	1	UID121917	1	1	0	0
1	1	UID121932	1	1	0	0
1	1	UID121933	1	1	0	0
1	1	UID121943	1	1	0	0
1	1	UID121944	1	1	0	0
1	1	UID121984	1	1	0	0
1	1	UID121991	1	1	0	0
1	1	UID121996	1	1	0	0
1	1	UID122000	1	1	0	0
1	1	UID122003	1	1	0	0
1	1	UID122006	1	1	0	0
1	1	UID122011	1	1	0	0
1	1	UID122015	1	1	0	0
1	1	UID122030	1	1	0	0
1	1	UID122031	1	1	0	0
1	1	UID122035	1	1	0	0
1	1	UID122036	1	1	0	0
1	1	UID122044	1	1	0	0
1	1	UID122046	1	1	0	0
1	1	UID122053	1	1	0	0
1	1	UID122076	1	1	0	0
1	1	UID122078	1	1	0	0
1	1	UID122079	1	1	0	0
1	1	UID122090	1	1	0	0
1	1	UID122115	1	1	0	0
1	1	UID122118	1	1	0	0
1	1	UID122149	1	1	0	0
1	1	UID122155	1	1	0	0
1	1	UID122202	1	1	0	0
1	1	UID122203	1	1	0	0
1	1	UID122204	1	1	0	0
5	5	UID122205	1	5	2	2
1	1	UID122220	1	1	0	0
1	1	UID122253	1	1	0	0
1	1	UID122297	1	1	0	0
1	1	UID122298	1	1	0	0
1	1	UID122300	1	1	0	0
1	1	UID122302	1	1	0	0
1	1	UID122360	1	1	0	0
1	1	UID122374	1	1	0	0
1	1	UID122392	1	1	0	0
1	1	UID122402	1	1	0	0
1	1	UID122403	1	1	0	0
1	1	UID122415	1	1	0	0
1	1	UID122456	1	1	0	0
1	1	UID122492	1	1	0	0
4	4	UID122497	1	4	3	3
1	1	UID122503	1	1	0	0
1	1	UID122504	1	1	0	0
1	1	UID122519	1	1	0	0
1	1	UID122520	1	1	0	0
1	1	UID122521	1	1	0	0
1	1	UID122522	1	1	0	0
1	1	UID122530	1	1	0	0
1	1	UID122531	1	1	0	0
1	1	UID122569	1	1	0	0
1	1	UID122644	1	1	0	0
1	1	UID122708	1	1	0	0
1	1	UID122760	1	1	0	0
1	1	UID122975	1	1	0	0
1	1	UID123219	1	1	0	0
1	1	UID123300	1	1	0	0
1	1	UID123394	1	1	0	0
1	1	UID123408	1	1	0	0
1	1	UID123434	1	1	0	0
1	1	UID123448	1	1	0	0
1	1	UID123498	1	1	0	0
1	1	UID123499	1	1	0	0
1	1	UID123500	1	1	0	0
1	1	UID123502	1	1	0	0
6	6	UID123514	1	6	1	1
1	1	UID123522	1	1	0	0
1	1	UID123526	1	1	0	0
1	1	UID123528	1	1	0	0
1	1	UID123529	1	1	0	0
1	1	UID123530	1	1	0	0
1	1	UID123531	1	1	0	0
1	1	UID123535	1	1	0	0
1	1	UID123544	1	1	0	0
1	1	UID123546	1	1	0	0
1	1	UID123547	1	1	0	0
1	1	UID123548	1	1	0	0
1	1	UID123549	1	1	0	0
1	1	UID123550	1	1	0	0
1	1	UID123568	1	1	0	0
3	3	UID123569	1	3	1	1
3	3	UID123611	1	3	2	2
1	1	UID123671	1	1	0	0
1	1	UID123686	1	1	0	0
1	1	UID123717	1	1	0	0
1	1	UID123729	1	1	0	0
1	1	UID123757	1	1	0	0
1	1	UID123758	1	1	0	0
1	1	UID123760	1	1	0	0
1	1	UID123790	1	1	0	0
1	1	UID123797	1	1	0	0
1	1	UID123798	1	1	0	0
6	6	UID123802	1	6	3	3
1	1	UID123807	1	1	0	0
1	1	UID123823	1	1	0	0
1	1	UID123856	1	1	0	0
1	1	UID123863	1	1	0	0
1	1	UID123871	1	1	0	0
1	1	UID123872	1	1	0	0
1	1	UID123877	1	1	0	0
1	1	UID123905	1	1	0	0
1	1	UID123915	1	1	0	0
1	1	UID123930	1	1	0	0
1	1	UID123933	1	1	0	0
1	1	UID123946	1	1	0	0
1	1	UID123957	1	1	0	0
1	1	UID123985	1	1	0	0
1	1	UID124019	1	1	0	0
1	1	UID124035	1	1	0	0
1	1	UID124042	1	1	0	0
1	1	UID124045	1	1	0	0
1	1	UID124051	1	1	0	0
1	1	UID124078	1	1	0	0
1	1	UID124082	1	1	0	0
1	1	UID124106	1	1	0	0
1	1	UID124113	1	1	0	0
1	1	UID124116	1	1	0	0
1	1	UID124140	1	1	0	0
1	1	UID124143	1	1	0	0
2	2	UID124168	1	2	1	1
1	1	UID124169	1	1	0	0
1	1	UID124170	1	1	0	0
1	1	UID124171	1	1	0	0
1	1	UID124174	1	1	0	0
1	1	UID124177	1	1	0	0
1	1	UID124178	1	1	0	0
1	1	UID124179	1	1	0	0
1	1	UID124180	1	1	0	0
1	1	UID124206	1	1	0	0
1	1	UID124215	1	1	0	0
1	1	UID124223	1	1	0	0
1	1	UID124228	1	1	0	0
1	1	UID124229	1	1	0	0
1	1	UID124234	1	1	0	0
1	1	UID124238	1	1	0	0
1	1	UID124328	1	1	0	0
1	1	UID124349	1	1	0	0
1	1	UID124377	1	1	0	0
1	1	UID124398	1	1	0	0
1	1	UID124401	1	1	0	0
1	1	UID124410	1	1	0	0
1	1	UID124421	1	1	0	0
1	1	UID124432	1	1	0	0
1	1	UID124452	1	1	0	0
1	1	UID124473	1	1	0	0
1	1	UID124479	1	1	0	0
1	1	UID124480	1	1	0	0
1	1	UID124490	1	1	0	0
1	1	UID124493	1	1	0	0
1	1	UID124495	1	1	0	0
1	1	UID124522	1	1	0	0
1	1	UID124530	1	1	0	0
1	1	UID124531	1	1	0	0
1	1	UID124540	1	1	0	0
1	1	UID124541	1	1	0	0
1	1	UID124543	1	1	0	0
1	1	UID124547	1	1	0	0
10	10	UID124568	1	10	3	3
1	1	UID124570	1	1	0	0
1	1	UID124571	1	1	0	0
1	1	UID124582	1	1	0	0
1	1	UID124599	1	1	0	0
1	1	UID124633	1	1	0	0
1	1	UID124639	1	1	0	0
1	1	UID124640	1	1	0	0
1	1	UID124661	1	1	0	0
1	1	UID124663	1	1	0	0
1	1	UID124666	1	1	0	0
1	1	UID124693	1	1	0	0
1	1	UID124695	1	1	0	0
1	1	UID124696	1	1	0	0
1	1	UID124697	1	1	0	0
1	1	UID124708	1	1	0	0
1	1	UID124710	1	1	0	0
1	1	UID124714	1	1	0	0
1	1	UID124731	1	1	0	0
1	1	UID124740	1	1	0	0
1	1	UID124741	1	1	0	0
1	1	UID124743	1	1	0	0
1	1	UID124754	1	1	0	0
1	1	UID124755	1	1	0	0
1	1	UID124767	1	1	0	0
1	1	UID124788	1	1	0	0
1	1	UID124796	1	1	0	0
1	1	UID124797	1	1	0	0
1	1	UID124805	1	1	0	0
1	1	UID124813	1	1	0	0
1	1	UID124819	1	1	0	0
1	1	UID124822	1	1	0	0
1	1	UID124828	1	1	0	0
1	1	UID124846	1	1	0	0
1	1	UID124851	1	1	0	0
1	1	UID124852	1	1	0	0
1	1	UID124853	1	1	0	0
1	1	UID124854	1	1	0	0
1	1	UID124868	1	1	0	0
1	1	UID124872	1	1	0	0
1	1	UID124877	1	1	0	0
1	1	UID124887	1	1	0	0
1	1	UID124917	1	1	0	0
1	1	UID124919	1	1	0	0
1	1	UID124920	1	1	0	0
1	1	UID124929	1	1	0	0
1	1	UID124952	1	1	0	0
1	1	UID124958	1	1	0	0
1	1	UID124962	1	1	0	0
1	1	UID124968	1	1	0	0
1	1	UID124969	1	1	0	0
1	1	UID124972	1	1	0	0
1	1	UID124975	1	1	0	0
1	1	UID124991	1	1	0	0
1	1	UID124995	1	1	0	0
1	1	UID125004	1	1	0	0
1	1	UID125005	1	1	0	0
1	1	UID125006	1	1	0	0
1	1	UID125010	1	1	0	0
1	1	UID125011	1	1	0	0
1	1	UID125012	1	1	0	0
1	1	UID125013	1	1	0	0
1	1	UID125014	1	1	0	0
1	1	UID125015	1	1	0	0
1	1	UID125016	1	1	0	0
1	1	UID125017	1	1	0	0
1	1	UID125023	1	1	0	0
1	1	UID125027	1	1	0	0
1	1	UID125033	1	1	0	0
1	1	UID125034	1	1	0	0
1	1	UID125035	1	1	0	0
1	1	UID125036	1	1	0	0
1	1	UID125037	1	1	0	0
1	1	UID125043	1	1	0	0
1	1	UID125051	1	1	0	0
1	1	UID125052	1	1	0	0
1	1	UID125053	1	1	0	0
1	1	UID125064	1	1	0	0
1	1	UID125069	1	1	0	0
1	1	UID125070	1	1	0	0
1	1	UID125071	1	1	0	0
1	1	UID125072	1	1	0	0
1	1	UID125082	1	1	0	0
1	1	UID125084	1	1	0	0
1	1	UID125087	1	1	0	0
1	1	UID125088	1	1	0	0
1	1	UID125101	1	1	0	0
1	1	UID125102	1	1	0	0
1	1	UID125103	1	1	0	0
1	1	UID125108	1	1	0	0
1	1	UID125110	1	1	0	0
1	1	UID125125	1	1	0	0
1	1	UID125126	1	1	0	0
1	1	UID125137	1	1	0	0
1	1	UID125138	1	1	0	0
1	1	UID125145	1	1	0	0
1	1	UID125157	1	1	0	0
1	1	UID125158	1	1	0	0
1	1	UID125159	1	1	0	0
1	1	UID125172	1	1	0	0
1	1	UID125181	1	1	0	0
1	1	UID125186	1	1	0	0
1	1	UID125187	1	1	0	0
1	1	UID125188	1	1	0	0
1	1	UID125195	1	1	0	0
3	3	UID125197	1	3	1	1
1	1	UID125202	1	1	0	0
1	1	UID125217	1	1	0	0
1	1	UID125220	1	1	0	0
1	1	UID125224	1	1	0	0
1	1	UID125228	1	1	0	0
1	1	UID125229	1	1	0	0
1	1	UID125231	1	1	0	0
1	1	UID125232	1	1	0	0
1	1	UID125251	1	1	0	0
1	1	UID125262	1	1	0	0
1	1	UID125264	1	1	0	0
1	1	UID125265	1	1	0	0
1	1	UID125288	1	1	0	0
1	1	UID125289	1	1	0	0
1	1	UID125291	1	1	0	0
1	1	UID125292	1	1	0	0
1	1	UID125295	1	1	0	0
1	1	UID125299	1	1	0	0
1	1	UID125301	1	1	0	0
1	1	UID125302	1	1	0	0
1	1	UID125307	1	1	0	0
1	1	UID125308	1	1	0	0
1	1	UID125310	1	1	0	0
1	1	UID125323	1	1	0	0
1	1	UID125326	1	1	0	0
1	1	UID125327	1	1	0	0
1	1	UID125331	1	1	0	0
1	1	UID125334	1	1	0	0
1	1	UID125347	1	1	0	0
1	1	UID125348	1	1	0	0
1	1	UID125349	1	1	0	0
1	1	UID125352	1	1	0	0
1	1	UID125368	1	1	0	0
1	1	UID125370	1	1	0	0
1	1	UID125371	1	1	0	0
1	1	UID125381	1	1	0	0
1	1	UID125383	1	1	0	0
1	1	UID125385	1	1	0	0
1	1	UID125402	1	1	0	0
1	1	UID125420	1	1	0	0
1	1	UID125421	1	1	0	0
1	1	UID125426	1	1	0	0
1	1	UID125428	1	1	0	0
1	1	UID125445	1	1	0	0
1	1	UID125447	1	1	0	0
1	1	UID125448	1	1	0	0
1	1	UID125458	1	1	0	0
1	1	UID125478	1	1	0	0
1	1	UID125482	1	1	0	0
1	1	UID125483	1	1	0	0
1	1	UID125484	1	1	0	0
1	1	UID125485	1	1	0	0
1	1	UID125486	1	1	0	0
1	1	UID125494	1	1	0	0
1	1	UID125502	1	1	0	0
1	1	UID125508	1	1	0	0
1	1	UID125515	1	1	0	0
1	1	UID125517	1	1	0	0
1	1	UID125519	1	1	0	0
1	1	UID125522	1	1	0	0
1	1	UID125532	1	1	0	0
1	1	UID125536	1	1	0	0
1	1	UID125537	1	1	0	0
1	1	UID125541	1	1	0	0
1	1	UID125543	1	1	0	0
1	1	UID125545	1	1	0	0
1	1	UID125553	1	1	0	0
1	1	UID125554	1	1	0	0
1	1	UID125555	1	1	0	0
1	1	UID125567	1	1	0	0
1	1	UID125569	1	1	0	0
1	1	UID125570	1	1	0	0
1	1	UID125571	1	1	0	0
1	1	UID125577	1	1	0	0
1	1	UID125578	1	1	0	0
1	1	UID125579	1	1	0	0
1	1	UID125580	1	1	0	0
5	5	UID125584	1	5	2	2
1	1	UID125585	1	1	0	0
1	1	UID125596	1	1	0	0
1	1	UID125598	1	1	0	0
1	1	UID125599	1	1	0	0
1	1	UID125600	1	1	0	0
1	1	UID125601	1	1	0	0
1	1	UID125603	1	1	0	0
1	1	UID125604	1	1	0	0
1	1	UID125621	1	1	0	0
1	1	UID125662	1	1	0	0
1	1	UID125699	1	1	0	0
1	1	UID125701	1	1	0	0
1	1	UID125704	1	1	0	0
1	1	UID125705	1	1	0	0
1	1	UID125710	1	1	0	0
1	1	UID125712	1	1	0	0
1	1	UID125715	1	1	0	0
1	1	UID125716	1	1	0	0
1	1	UID125719	1	1	0	0
1	1	UID125721	1	1	0	0
2	2	UID125722	1	2	1	1
1	1	UID125724	1	1	0	0
1	1	UID125727	1	1	0	0
1	1	UID125728	1	1	0	0
3	3	UID125729	1	3	2	2
1	1	UID125731	1	1	0	0
1	1	UID125749	1	1	0	0
1	1	UID125750	1	1	0	0
1	1	UID125751	1	1	0	0
1	1	UID125752	1	1	0	0
1	1	UID125755	1	1	0	0
1	1	UID125761	1	1	0	0
1	1	UID125762	1	1	0	0
1	1	UID125764	1	1	0	0
1	1	UID125768	1	1	0	0
1	1	UID125769	1	1	0	0
1	1	UID125773	1	1	0	0
1	1	UID125780	1	1	0	0
1	1	UID125782	1	1	0	0
1	1	UID125783	1	1	0	0
1	1	UID125784	1	1	0	0
1	1	UID125789	1	1	0	0
1	1	UID125794	1	1	0	0
1	1	UID125796	1	1	0	0
1	1	UID125803	1	1	0	0
1	1	UID125805	1	1	0	0
1	1	UID125809	1	1	0	0
1	1	UID125810	1	1	0	0
1	1	UID125811	1	1	0	0
1	1	UID125813	1	1	0	0
2	2	UID125815	1	2	1	1
1	1	UID125816	1	1	0	0
1	1	UID125821	1	1	0	0
1	1	UID125822	1	1	0	0
1	1	UID125823	1	1	0	0
1	1	UID125828	1	1	0	0
1	1	UID125831	1	1	0	0
1	1	UID125833	1	1	0	0
1	1	UID125834	1	1	0	0
1	1	UID125841	1	1	0	0
1	1	UID125845	1	1	0	0
1	1	UID125849	1	1	0	0
1	1	UID125852	1	1	0	0
1	1	UID125857	1	1	0	0
1	1	UID125858	1	1	0	0
1	1	UID125859	1	1	0	0
1	1	UID125861	1	1	0	0
1	1	UID125865	1	1	0	0
1	1	UID125868	1	1	0	0
1	1	UID125869	1	1	0	0
1	1	UID125881	1	1	0	0
1	1	UID125895	1	1	0	0
1	1	UID125896	1	1	0	0
1	1	UID125897	1	1	0	0
1	1	UID125902	1	1	0	0
1	1	UID125903	1	1	0	0
1	1	UID125904	1	1	0	0
1	1	UID125906	1	1	0	0
1	1	UID125908	1	1	0	0
1	1	UID125922	1	1	0	0
9	9	UID125923	1	9	2	2
1	1	UID125930	1	1	0	0
1	1	UID125933	1	1	0	0
1	1	UID125934	1	1	0	0
1	1	UID125935	1	1	0	0
1	1	UID125936	1	1	0	0
1	1	UID125946	1	1	0	0
1	1	UID125951	1	1	0	0
1	1	UID125954	1	1	0	0
1	1	UID125962	1	1	0	0
1	1	UID125969	1	1	0	0
1	1	UID125989	1	1	0	0
1	1	UID125992	1	1	0	0
1	1	UID125993	1	1	0	0
1	1	UID125994	1	1	0	0
1	1	UID125998	1	1	0	0
1	1	UID126001	1	1	0	0
1	1	UID126003	1	1	0	0
1	1	UID126004	1	1	0	0
1	1	UID126020	1	1	0	0
1	1	UID126026	1	1	0	0
1	1	UID126083	1	1	0	0
1	1	UID126084	1	1	0	0
1	1	UID126085	1	1	0	0
1	1	UID126095	1	1	0	0
1	1	UID126097	1	1	0	0
1	1	UID126099	1	1	0	0
1	1	UID126102	1	1	0	0
1	1	UID126103	1	1	0	0
1	1	UID126104	1	1	0	0
1	1	UID126107	1	1	0	0
3	3	UID126125	1	3	2	2
1	1	UID126127	1	1	0	0
1	1	UID126131	1	1	0	0
1	1	UID126133	1	1	0	0
1	1	UID126136	1	1	0	0
1	1	UID126138	1	1	0	0
1	1	UID126140	1	1	0	0
1	1	UID126144	1	1	0	0
1	1	UID126145	1	1	0	0
1	1	UID126149	1	1	0	0
1	1	UID126167	1	1	0	0
1	1	UID126169	1	1	0	0
1	1	UID126174	1	1	0	0
1	1	UID126176	1	1	0	0
1	1	UID126179	1	1	0	0
1	1	UID126189	1	1	0	0
1	1	UID126190	1	1	0	0
1	1	UID126192	1	1	0	0
1	1	UID126193	1	1	0	0
1	1	UID126194	1	1	0	0
1	1	UID126208	1	1	0	0
1	1	UID126214	1	1	0	0
1	1	UID126218	1	1	0	0
1	1	UID126228	1	1	0	0
1	1	UID126272	1	1	0	0
1	1	UID126274	1	1	0	0
1	1	UID126284	1	1	0	0
1	1	UID126286	1	1	0	0
1	1	UID126287	1	1	0	0
1	1	UID126289	1	1	0	0
1	1	UID126300	1	1	0	0
1	1	UID126301	1	1	0	0
1	1	UID126303	1	1	0	0
1	1	UID126305	1	1	0	0
1	1	UID126306	1	1	0	0
1	1	UID126307	1	1	0	0
1	1	UID126310	1	1	0	0
1	1	UID126313	1	1	0	0
1	1	UID126314	1	1	0	0
1	1	UID126317	1	1	0	0
1	1	UID126325	1	1	0	0
1	1	UID126327	1	1	0	0
1	1	UID126331	1	1	0	0
1	1	UID126332	1	1	0	0
2	2	UID126333	1	2	1	1
1	1	UID126335	1	1	0	0
1	1	UID126336	1	1	0	0
1	1	UID126338	1	1	0	0
1	1	UID126344	1	1	0	0
1	1	UID126346	1	1	0	0
1	1	UID126347	1	1	0	0
2	2	UID126348	1	2	1	1
2	2	UID126351	1	2	1	1
1	1	UID126352	1	1	0	0
1	1	UID126353	1	1	0	0
1	1	UID126354	1	1	0	0
1	1	UID126355	1	1	0	0
1	1	UID126356	1	1	0	0
1	1	UID126358	1	1	0	0
1	1	UID126359	1	1	0	0
1	1	UID126373	1	1	0	0
1	1	UID126374	1	1	0	0
1	1	UID126380	1	1	0	0
1	1	UID126385	1	1	0	0
1	1	UID126399	1	1	0	0
1	1	UID126402	1	1	0	0
1	1	UID126405	1	1	0	0
1	1	UID126406	1	1	0	0
1	1	UID126420	1	1	0	0
1	1	UID126422	1	1	0	0
1	1	UID126428	1	1	0	0
1	1	UID126429	1	1	0	0
1	1	UID126438	1	1	0	0
1	1	UID126442	1	1	0	0
1	1	UID126445	1	1	0	0
1	1	UID126446	1	1	0	0
1	1	UID126449	1	1	0	0
1	1	UID126450	1	1	0	0
1	1	UID126453	1	1	0	0
1	1	UID126454	1	1	0	0
1	1	UID126458	1	1	0	0
1	1	UID126459	1	1	0	0
1	1	UID126461	1	1	0	0
1	1	UID126462	1	1	0	0
1	1	UID126471	1	1	0	0
1	1	UID126472	1	1	0	0
3	3	UID126473	1	3	2	2
1	1	UID126476	1	1	0	0
1	1	UID126477	1	1	0	0
1	1	UID126482	1	1	0	0
1	1	UID126494	1	1	0	0
1	1	UID126497	1	1	0	0
1	1	UID126502	1	1	0	0
1	1	UID126507	1	1	0	0
1	1	UID126518	1	1	0	0
1	1	UID126520	1	1	0	0
1	1	UID126521	1	1	0	0
1	1	UID126525	1	1	0	0
1	1	UID126538	1	1	0	0
1	1	UID126539	1	1	0	0
1	1	UID126554	1	1	0	0
1	1	UID126574	1	1	0	0
1	1	UID126588	1	1	0	0
1	1	UID126602	1	1	0	0
1	1	UID126603	1	1	0	0
1	1	UID126647	1	1	0	0
1	1	UID126652	1	1	0	0
1	1	UID126657	1	1	0	0
1	1	UID126659	1	1	0	0
1	1	UID126660	1	1	0	0
1	1	UID126668	1	1	0	0
1	1	UID126669	1	1	0	0
1	1	UID126676	1	1	0	0
2	2	UID126679	1	2	1	1
1	1	UID126680	1	1	0	0
1	1	UID126681	1	1	0	0
1	1	UID126690	1	1	0	0
1	1	UID126692	1	1	0	0
1	1	UID126693	1	1	0	0
1	1	UID126695	1	1	0	0
1	1	UID126696	1	1	0	0
1	1	UID126697	1	1	0	0
1	1	UID126698	1	1	0	0
1	1	UID126708	1	1	0	0
1	1	UID126712	1	1	0	0
1	1	UID126719	1	1	0	0
1	1	UID126725	1	1	0	0
1	1	UID126730	1	1	0	0
1	1	UID126738	1	1	0	0
1	1	UID126739	1	1	0	0
1	1	UID126741	1	1	0	0
1	1	UID126750	1	1	0	0
1	1	UID126762	1	1	0	0
1	1	UID126773	1	1	0	0
1	1	UID126834	1	1	0	0
4	4	UID126837	1	4	2	2
1	1	UID126848	1	1	0	0
1	1	UID126850	1	1	0	0
1	1	UID126851	1	1	0	0
1	1	UID126853	1	1	0	0
3	3	UID126856	1	3	1	1
1	1	UID126858	1	1	0	0
1	1	UID126860	1	1	0	0
1	1	UID126861	1	1	0	0
1	1	UID126862	1	1	0	0
1	1	UID126866	1	1	0	0
1	1	UID126869	1	1	0	0
1	1	UID126870	1	1	0	0
1	1	UID126871	1	1	0	0
1	1	UID126872	1	1	0	0
1	1	UID126873	1	1	0	0
1	1	UID126880	1	1	0	0
1	1	UID126881	1	1	0	0
1	1	UID126895	1	1	0	0
1	1	UID126898	1	1	0	0
1	1	UID126908	1	1	0	0
1	1	UID126910	1	1	0	0
1	1	UID126911	1	1	0	0
1	1	UID126914	1	1	0	0
2	2	UID126930	1	2	1	1
1	1	UID126933	1	1	0	0
1	1	UID126939	1	1	0	0
1	1	UID126940	1	1	0	0
1	1	UID126959	1	1	0	0
1	1	UID126967	1	1	0	0
1	1	UID126968	1	1	0	0
1	1	UID126971	1	1	0	0
1	1	UID126975	1	1	0	0
1	1	UID126980	1	1	0	0
1	1	UID126981	1	1	0	0
1	1	UID126988	1	1	0	0
1	1	UID126989	1	1	0	0
1	1	UID126990	1	1	0	0
1	1	UID126991	1	1	0	0
1	1	UID126992	1	1	0	0
1	1	UID126993	1	1	0	0
1	1	UID126994	1	1	0	0
1	1	UID126995	1	1	0	0
1	1	UID126997	1	1	0	0
1	1	UID126998	1	1	0	0
1	1	UID126999	1	1	0	0
1	1	UID127000	1	1	0	0
1	1	UID127002	1	1	0	0
1	1	UID127003	1	1	0	0
1	1	UID127004	1	1	0	0
1	1	UID127005	1	1	0	0
1	1	UID127006	1	1	0	0
1	1	UID127020	1	1	0	0
1	1	UID127029	1	1	0	0
4	4	UID127035	1	4	2	2
1	1	UID127039	1	1	0	0
1	1	UID127050	1	1	0	0
1	1	UID127135	1	1	0	0
1	1	UID127136	1	1	0	0
3	3	UID127141	1	3	2	2
1	1	UID127145	1	1	0	0
1	1	UID127150	1	1	0	0
1	1	UID127151	1	1	0	0
1	1	UID127153	1	1	0	0
1	1	UID127159	1	1	0	0
1	1	UID127165	1	1	0	0
1	1	UID127181	1	1	0	0
1	1	UID127183	1	1	0	0
1	1	UID127198	1	1	0	0
1	1	UID127285	1	1	0	0
4	4	UID127289	1	4	2	2
1	1	UID127295	1	1	0	0
1	1	UID127297	1	1	0	0
1	1	UID127298	1	1	0	0
1	1	UID127299	1	1	0	0
1	1	UID127300	1	1	0	0
1	1	UID127305	1	1	0	0
1	1	UID127315	1	1	0	0
1	1	UID127317	1	1	0	0
1	1	UID127358	1	1	0	0
1	1	UID127368	1	1	0	0
4	4	UID127374	1	4	1	1
1	1	UID127382	1	1	0	0
1	1	UID127383	1	1	0	0
1	1	UID127384	1	1	0	0
1	1	UID127385	1	1	0	0
1	1	UID127391	1	1	0	0
1	1	UID127397	1	1	0	0
1	1	UID127402	1	1	0	0
2	2	UID127416	1	2	1	1
1	1	UID127426	1	1	0	0
1	1	UID127427	1	1	0	0
1	1	UID127428	1	1	0	0
1	1	UID127429	1	1	0	0
1	1	UID127434	1	1	0	0
1	1	UID127436	1	1	0	0
1	1	UID127437	1	1	0	0
1	1	UID127502	1	1	0	0
1	1	UID127503	1	1	0	0
1	1	UID127504	1	1	0	0
1	1	UID127510	1	1	0	0
1	1	UID127531	1	1	0	0
1	1	UID127538	1	1	0	0
1	1	UID127539	1	1	0	0
1	1	UID127541	1	1	0	0
1	1	UID127543	1	1	0	0
1	1	UID127544	1	1	0	0
1	1	UID127553	1	1	0	0
1	1	UID127560	1	1	0	0
1	1	UID127562	1	1	0	0
1	1	UID127565	1	1	0	0
1	1	UID127569	1	1	0	0
1	1	UID127581	1	1	0	0
2	2	UID127583	1	2	1	1
1	1	UID127586	1	1	0	0
1	1	UID127589	1	1	0	0
1	1	UID127592	1	1	0	0
1	1	UID127594	1	1	0	0
1	1	UID127602	1	1	0	0
1	1	UID127603	1	1	0	0
1	1	UID127617	1	1	0	0
1	1	UID127628	1	1	0	0
1	1	UID127653	1	1	0	0
1	1	UID127660	1	1	0	0
1	1	UID127669	1	1	0	0
1	1	UID127671	1	1	0	0
1	1	UID127676	1	1	0	0
1	1	UID127677	1	1	0	0
1	1	UID127688	1	1	0	0
1	1	UID127689	1	1	0	0
1	1	UID127696	1	1	0	0
1	1	UID127702	1	1	0	0
1	1	UID127709	1	1	0	0
1	1	UID127719	1	1	0	0
1	1	UID127737	1	1	0	0
1	1	UID127743	1	1	0	0
2	2	UID127748	1	2	1	1
1	1	UID127771	1	1	0	0
1	1	UID127780	1	1	0	0
1	1	UID127793	1	1	0	0
1	1	UID127873	1	1	0	0
1	1	UID128045	1	1	0	0
1	1	UID128060	1	1	0	0
1	1	UID128120	1	1	0	0
1	1	UID128121	1	1	0	0
1	1	UID128155	1	1	0	0
1	1	UID128156	1	1	0	0
1	1	UID128157	1	1	0	0
1	1	UID128163	1	1	0	0
1	1	UID128184	1	1	0	0
1	1	UID128192	1	1	0	0
1	1	UID128193	1	1	0	0
1	1	UID128313	1	1	0	0
1	1	UID128341	1	1	0	0
1	1	UID128345	1	1	0	0
1	1	UID128352	1	1	0	0
1	1	UID128353	1	1	0	0
1	1	UID128354	1	1	0	0
1	1	UID128357	1	1	0	0
1	1	UID128358	1	1	0	0
1	1	UID128372	1	1	0	0
1	1	UID128373	1	1	0	0
1	1	UID128379	1	1	0	0
1	1	UID128382	1	1	0	0
1	1	UID128406	1	1	0	0
1	1	UID128432	1	1	0	0
1	1	UID128435	1	1	0	0
1	1	UID128441	1	1	0	0
1	1	UID128451	1	1	0	0
1	1	UID128453	1	1	0	0
1	1	UID128454	1	1	0	0
1	1	UID128461	1	1	0	0
1	1	UID128465	1	1	0	0
1	1	UID128466	1	1	0	0
1	1	UID128480	1	1	0	0
1	1	UID128483	1	1	0	0
1	1	UID128484	1	1	0	0
1	1	UID128485	1	1	0	0
1	1	UID128486	1	1	0	0
1	1	UID128499	1	1	0	0
1	1	UID128502	1	1	0	0
1	1	UID128503	1	1	0	0
1	1	UID128504	1	1	0	0
1	1	UID128506	1	1	0	0
1	1	UID128507	1	1	0	0
1	1	UID128508	1	1	0	0
1	1	UID128530	1	1	0	0
1	1	UID128532	1	1	0	0
1	1	UID128550	1	1	0	0
1	1	UID128558	1	1	0	0
1	1	UID128559	1	1	0	0
1	1	UID128560	1	1	0	0
4	4	UID128590	1	4	2	2
1	1	UID128593	1	1	0	0
1	1	UID128596	1	1	0	0
1	1	UID128597	1	1	0	0
1	1	UID128599	1	1	0	0
1	1	UID128600	1	1	0	0
1	1	UID128611	1	1	0	0
1	1	UID128616	1	1	0	0
1	1	UID128619	1	1	0	0
1	1	UID128620	1	1	0	0
1	1	UID128625	1	1	0	0
1	1	UID128626	1	1	0	0
1	1	UID128628	1	1	0	0
1	1	UID128638	1	1	0	0
1	1	UID128651	1	1	0	0
1	1	UID128654	1	1	0	0
1	1	UID128661	1	1	0	0
1	1	UID128666	1	1	0	0
1	1	UID128668	1	1	0	0
1	1	UID128671	1	1	0	0
1	1	UID128674	1	1	0	0
1	1	UID128675	1	1	0	0
1	1	UID128677	1	1	0	0
1	1	UID128681	1	1	0	0
1	1	UID128682	1	1	0	0
1	1	UID128739	1	1	0	0
1	1	UID128745	1	1	0	0
1	1	UID128749	1	1	0	0
1	1	UID128751	1	1	0	0
1	1	UID128752	1	1	0	0
1	1	UID128757	1	1	0	0
1	1	UID128758	1	1	0	0
1	1	UID128759	1	1	0	0
1	1	UID128762	1	1	0	0
1	1	UID128763	1	1	0	0
1	1	UID128764	1	1	0	0
1	1	UID128766	1	1	0	0
1	1	UID128767	1	1	0	0
1	1	UID128768	1	1	0	0
1	1	UID128770	1	1	0	0
1	1	UID128774	1	1	0	0
1	1	UID128780	1	1	0	0
1	1	UID128784	1	1	0	0
1	1	UID128793	1	1	0	0
1	1	UID128798	1	1	0	0
1	1	UID128802	1	1	0	0
1	1	UID128808	1	1	0	0
1	1	UID128809	1	1	0	0
1	1	UID128815	1	1	0	0
1	1	UID128817	1	1	0	0
1	1	UID128823	1	1	0	0
1	1	UID128824	1	1	0	0
1	1	UID128830	1	1	0	0
1	1	UID128846	1	1	0	0
1	1	UID128847	1	1	0	0
1	1	UID128849	1	1	0	0
1	1	UID128867	1	1	0	0
1	1	UID128872	1	1	0	0
1	1	UID128876	1	1	0	0
1	1	UID128910	1	1	0	0
1	1	UID128917	1	1	0	0
1	1	UID128918	1	1	0	0
1	1	UID128919	1	1	0	0
1	1	UID128921	1	1	0	0
1	1	UID128922	1	1	0	0
1	1	UID128934	1	1	0	0
1	1	UID128938	1	1	0	0
1	1	UID128940	1	1	0	0
1	1	UID128945	1	1	0	0
1	1	UID128948	1	1	0	0
1	1	UID128949	1	1	0	0
1	1	UID128966	1	1	0	0
1	1	UID128985	1	1	0	0
1	1	UID128994	1	1	0	0
1	1	UID128996	1	1	0	0
1	1	UID129002	1	1	0	0
1	1	UID129003	1	1	0	0
1	1	UID129005	1	1	0	0
1	1	UID129006	1	1	0	0
1	1	UID129007	1	1	0	0
1	1	UID129008	1	1	0	0
1	1	UID129009	1	1	0	0
1	1	UID129010	1	1	0	0
1	1	UID129011	1	1	0	0
1	1	UID129012	1	1	0	0
1	1	UID129014	1	1	0	0
1	1	UID129017	1	1	0	0
1	1	UID129021	1	1	0	0
1	1	UID129025	1	1	0	0
1	1	UID129026	1	1	0	0
1	1	UID129037	1	1	0	0
1	1	UID129041	1	1	0	0
1	1	UID129054	1	1	0	0
1	1	UID129058	1	1	0	0
1	1	UID129060	1	1	0	0
1	1	UID129065	1	1	0	0
1	1	UID129067	1	1	0	0
1	1	UID129075	1	1	0	0
1	1	UID129082	1	1	0	0
1	1	UID129083	1	1	0	0
1	1	UID129095	1	1	0	0
1	1	UID129101	1	1	0	0
1	1	UID129109	1	1	0	0
1	1	UID129114	1	1	0	0
1	1	UID129115	1	1	0	0
1	1	UID129118	1	1	0	0
1	1	UID129123	1	1	0	0
1	1	UID129126	1	1	0	0
1	1	UID129134	1	1	0	0
1	1	UID129145	1	1	0	0
1	1	UID129153	1	1	0	0
1	1	UID129156	1	1	0	0
1	1	UID129162	1	1	0	0
1	1	UID129172	1	1	0	0
1	1	UID129187	1	1	0	0
1	1	UID129203	1	1	0	0
1	1	UID129205	1	1	0	0
1	1	UID129208	1	1	0	0
1	1	UID129209	1	1	0	0
1	1	UID129216	1	1	0	0
1	1	UID129225	1	1	0	0
1	1	UID129229	1	1	0	0
1	1	UID129237	1	1	0	0
1	1	UID129238	1	1	0	0
1	1	UID129246	1	1	0	0
1	1	UID129252	1	1	0	0
1	1	UID129255	1	1	0	0
1	1	UID129266	1	1	0	0
1	1	UID129267	1	1	0	0
1	1	UID129270	1	1	0	0
1	1	UID129274	1	1	0	0
1	1	UID129275	1	1	0	0
1	1	UID129283	1	1	0	0
1	1	UID129287	1	1	0	0
1	1	UID129288	1	1	0	0
1	1	UID129311	1	1	0	0
1	1	UID129312	1	1	0	0
1	1	UID129315	1	1	0	0
1	1	UID129319	1	1	0	0
1	1	UID129320	1	1	0	0
1	1	UID129330	1	1	0	0
1	1	UID129340	1	1	0	0
1	1	UID129341	1	1	0	0
1	1	UID129343	1	1	0	0
1	1	UID129344	1	1	0	0
1	1	UID129345	1	1	0	0
1	1	UID129349	1	1	0	0
1	1	UID129351	1	1	0	0
1	1	UID129355	1	1	0	0
1	1	UID129370	1	1	0	0
1	1	UID129371	1	1	0	0
1	1	UID129374	1	1	0	0
1	1	UID129377	1	1	0	0
1	1	UID129380	1	1	0	0
1	1	UID129415	1	1	0	0
1	1	UID129419	1	1	0	0
1	1	UID129426	1	1	0	0
1	1	UID129427	1	1	0	0
1	1	UID129428	1	1	0	0
1	1	UID129429	1	1	0	0
1	1	UID129433	1	1	0	0
1	1	UID129446	1	1	0	0
1	1	UID129448	1	1	0	0
1	1	UID129451	1	1	0	0
1	1	UID129456	1	1	0	0
1	1	UID129487	1	1	0	0
1	1	UID129491	1	1	0	0
1	1	UID129492	1	1	0	0
1	1	UID129497	1	1	0	0
1	1	UID129503	1	1	0	0
1	1	UID129506	1	1	0	0
1	1	UID129515	1	1	0	0
1	1	UID129516	1	1	0	0
1	1	UID129519	1	1	0	0
1	1	UID129520	1	1	0	0
1	1	UID129533	1	1	0	0
1	1	UID129548	1	1	0	0
1	1	UID129550	1	1	0	0
1	1	UID129553	1	1	0	0
1	1	UID129554	1	1	0	0
1	1	UID129559	1	1	0	0
2	2	UID129561	1	2	1	1
1	1	UID129564	1	1	0	0
1	1	UID129583	1	1	0	0
1	1	UID129584	1	1	0	0
1	1	UID129585	1	1	0	0
1	1	UID129590	1	1	0	0
1	1	UID129607	1	1	0	0
1	1	UID129608	1	1	0	0
1	1	UID129615	1	1	0	0
1	1	UID129618	1	1	0	0
1	1	UID129622	1	1	0	0
1	1	UID129631	1	1	0	0
1	1	UID129632	1	1	0	0
1	1	UID129638	1	1	0	0
1	1	UID129640	1	1	0	0
1	1	UID129641	1	1	0	0
1	1	UID129655	1	1	0	0
1	1	UID129657	1	1	0	0
1	1	UID129668	1	1	0	0
1	1	UID129670	1	1	0	0
1	1	UID129673	1	1	0	0
1	1	UID129674	1	1	0	0
1	1	UID129675	1	1	0	0
1	1	UID129726	1	1	0	0
1	1	UID129729	1	1	0	0
1	1	UID129742	1	1	0	0
1	1	UID129756	1	1	0	0
1	1	UID129757	1	1	0	0
1	1	UID129761	1	1	0	0
1	1	UID129763	1	1	0	0
1	1	UID129774	1	1	0	0
1	1	UID129785	1	1	0	0
1	1	UID129791	1	1	0	0
1	1	UID129792	1	1	0	0
1	1	UID129793	1	1	0	0
1	1	UID129804	1	1	0	0
1	1	UID129807	1	1	0	0
1	1	UID129817	1	1	0	0
1	1	UID129820	1	1	0	0
1	1	UID129834	1	1	0	0
1	1	UID129839	1	1	0	0
1	1	UID129842	1	1	0	0
1	1	UID129844	1	1	0	0
1	1	UID129847	1	1	0	0
1	1	UID129848	1	1	0	0
1	1	UID129849	1	1	0	0
1	1	UID129851	1	1	0	0
1	1	UID129856	1	1	0	0
1	1	UID129857	1	1	0	0
1	1	UID129858	1	1	0	0
1	1	UID129863	1	1	0	0
1	1	UID129864	1	1	0	0
1	1	UID129865	1	1	0	0
1	1	UID129868	1	1	0	0
1	1	UID129869	1	1	0	0
1	1	UID129870	1	1	0	0
1	1	UID129884	1	1	0	0
1	1	UID129886	1	1	0	0
1	1	UID129888	1	1	0	0
1	1	UID129889	1	1	0	0
1	1	UID129891	1	1	0	0
1	1	UID129896	1	1	0	0
1	1	UID129902	1	1	0	0
1	1	UID129913	1	1	0	0
1	1	UID129919	1	1	0	0
1	1	UID129929	1	1	0	0
1	1	UID129933	1	1	0	0
1	1	UID129939	1	1	0	0
1	1	UID129940	1	1	0	0
1	1	UID129947	1	1	0	0
1	1	UID129951	1	1	0	0
1	1	UID129983	1	1	0	0
1	1	UID129988	1	1	0	0
1	1	UID129989	1	1	0	0
1	1	UID129992	1	1	0	0
1	1	UID130023	1	1	0	0
1	1	UID130030	1	1	0	0
1	1	UID130034	1	1	0	0
1	1	UID130038	1	1	0	0
1	1	UID130045	1	1	0	0
1	1	UID130072	1	1	0	0
1	1	UID130082	1	1	0	0
1	1	UID130084	1	1	0	0
1	1	UID130086	1	1	0	0
1	1	UID130107	1	1	0	0
1	1	UID130110	1	1	0	0
1	1	UID130114	1	1	0	0
1	1	UID130115	1	1	0	0
1	1	UID130117	1	1	0	0
1	1	UID130122	1	1	0	0
1	1	UID130123	1	1	0	0
1	1	UID130124	1	1	0	0
1	1	UID130125	1	1	0	0
1	1	UID130127	1	1	0	0
1	1	UID130134	1	1	0	0
1	1	UID130147	1	1	0	0
1	1	UID130149	1	1	0	0
1	1	UID130173	1	1	0	0
1	1	UID130184	1	1	0	0
1	1	UID130201	1	1	0	0
1	1	UID130202	1	1	0	0
1	1	UID130213	1	1	0	0
1	1	UID130222	1	1	0	0
1	1	UID130243	1	1	0	0
1	1	UID130251	1	1	0	0
1	1	UID130253	1	1	0	0
1	1	UID130268	1	1	0	0
1	1	UID130269	1	1	0	0
1	1	UID130274	1	1	0	0
1	1	UID130279	1	1	0	0
1	1	UID130288	1	1	0	0
1	1	UID130300	1	1	0	0
1	1	UID130311	1	1	0	0
1	1	UID130312	1	1	0	0
1	1	UID130319	1	1	0	0
1	1	UID130326	1	1	0	0
1	1	UID130336	1	1	0	0
1	1	UID130337	1	1	0	0
1	1	UID130339	1	1	0	0
1	1	UID130355	1	1	0	0
1	1	UID130365	1	1	0	0
1	1	UID130368	1	1	0	0
1	1	UID130369	1	1	0	0
1	1	UID130374	1	1	0	0
1	1	UID130377	1	1	0	0
1	1	UID130378	1	1	0	0
1	1	UID130381	1	1	0	0
1	1	UID130382	1	1	0	0
1	1	UID130385	1	1	0	0
1	1	UID130390	1	1	0	0
1	1	UID130396	1	1	0	0
1	1	UID130431	1	1	0	0
1	1	UID130461	1	1	0	0
1	1	UID130467	1	1	0	0
1	1	UID130470	1	1	0	0
1	1	UID130472	1	1	0	0
1	1	UID130473	1	1	0	0
1	1	UID130474	1	1	0	0
1	1	UID130476	1	1	0	0
1	1	UID130477	1	1	0	0
1	1	UID130478	1	1	0	0
1	1	UID130480	1	1	0	0
1	1	UID130481	1	1	0	0
1	1	UID130482	1	1	0	0
1	1	UID130485	1	1	0	0
1	1	UID130489	1	1	0	0
1	1	UID130495	1	1	0	0
1	1	UID130501	1	1	0	0
1	1	UID130505	1	1	0	0
1	1	UID130522	1	1	0	0
1	1	UID130523	1	1	0	0
1	1	UID130528	1	1	0	0
1	1	UID130533	1	1	0	0
1	1	UID130534	1	1	0	0
1	1	UID130537	1	1	0	0
1	1	UID130540	1	1	0	0
1	1	UID130543	1	1	0	0
1	1	UID130545	1	1	0	0
1	1	UID130549	1	1	0	0
1	1	UID130551	1	1	0	0
1	1	UID130552	1	1	0	0
1	1	UID130553	1	1	0	0
1	1	UID130563	1	1	0	0
1	1	UID130564	1	1	0	0
1	1	UID130565	1	1	0	0
1	1	UID130569	1	1	0	0
1	1	UID130570	1	1	0	0
1	1	UID130571	1	1	0	0
1	1	UID130574	1	1	0	0
1	1	UID130575	1	1	0	0
1	1	UID130578	1	1	0	0
1	1	UID130579	1	1	0	0
1	1	UID130582	1	1	0	0
1	1	UID130586	1	1	0	0
1	1	UID130587	1	1	0	0
1	1	UID130589	1	1	0	0
1	1	UID130591	1	1	0	0
1	1	UID130594	1	1	0	0
1	1	UID130597	1	1	0	0
1	1	UID130599	1	1	0	0
1	1	UID130600	1	1	0	0
1	1	UID130603	1	1	0	0
1	1	UID130605	1	1	0	0
1	1	UID130619	1	1	0	0
1	1	UID130627	1	1	0	0
1	1	UID130630	1	1	0	0
1	1	UID130631	1	1	0	0
1	1	UID130632	1	1	0	0
1	1	UID130638	1	1	0	0
1	1	UID130650	1	1	0	0
1	1	UID130666	1	1	0	0
1	1	UID130667	1	1	0	0
1	1	UID130670	1	1	0	0
1	1	UID130671	1	1	0	0
1	1	UID130672	1	1	0	0
1	1	UID130700	1	1	0	0
2	2	UID130706	1	2	1	1
1	1	UID130717	1	1	0	0
1	1	UID130732	1	1	0	0
1	1	UID130734	1	1	0	0
1	1	UID130741	1	1	0	0
1	1	UID130742	1	1	0	0
1	1	UID130743	1	1	0	0
1	1	UID130751	1	1	0	0
1	1	UID130760	1	1	0	0
1	1	UID130761	1	1	0	0
1	1	UID130763	1	1	0	0
1	1	UID130768	1	1	0	0
1	1	UID130772	1	1	0	0
1	1	UID130773	1	1	0	0
1	1	UID130775	1	1	0	0
1	1	UID130778	1	1	0	0
1	1	UID130781	1	1	0	0
1	1	UID130782	1	1	0	0
1	1	UID130802	1	1	0	0
1	1	UID130804	1	1	0	0
1	1	UID130808	1	1	0	0
1	1	UID130815	1	1	0	0
1	1	UID130832	1	1	0	0
1	1	UID130833	1	1	0	0
1	1	UID130838	1	1	0	0
1	1	UID130844	1	1	0	0
1	1	UID130850	1	1	0	0
1	1	UID130863	1	1	0	0
1	1	UID130871	1	1	0	0
1	1	UID130875	1	1	0	0
1	1	UID130878	1	1	0	0
1	1	UID130880	1	1	0	0
1	1	UID130885	1	1	0	0
1	1	UID130886	1	1	0	0
1	1	UID130896	1	1	0	0
1	1	UID130911	1	1	0	0
1	1	UID130915	1	1	0	0
1	1	UID130925	1	1	0	0
1	1	UID130926	1	1	0	0
1	1	UID130967	1	1	0	0
1	1	UID130969	1	1	0	0
1	1	UID130970	1	1	0	0
1	1	UID130972	1	1	0	0
1	1	UID130976	1	1	0	0
1	1	UID130992	1	1	0	0
1	1	UID130997	1	1	0	0
1	1	UID130999	1	1	0	0
1	1	UID131003	1	1	0	0
1	1	UID131004	1	1	0	0
1	1	UID131005	1	1	0	0
1	1	UID131006	1	1	0	0
1	1	UID131013	1	1	0	0
1	1	UID131022	1	1	0	0
1	1	UID131023	1	1	0	0
1	1	UID131031	1	1	0	0
1	1	UID131032	1	1	0	0
1	1	UID131044	1	1	0	0
1	1	UID131048	1	1	0	0
1	1	UID131054	1	1	0	0
1	1	UID131087	1	1	0	0
1	1	UID131089	1	1	0	0
1	1	UID131090	1	1	0	0
1	1	UID131093	1	1	0	0
1	1	UID131107	1	1	0	0
1	1	UID131110	1	1	0	0
1	1	UID131115	1	1	0	0
1	1	UID131121	1	1	0	0
1	1	UID131128	1	1	0	0
1	1	UID131129	1	1	0	0
1	1	UID131130	1	1	0	0
1	1	UID131134	1	1	0	0
1	1	UID131142	1	1	0	0
1	1	UID131147	1	1	0	0
1	1	UID131155	1	1	0	0
1	1	UID131173	1	1	0	0
1	1	UID131174	1	1	0	0
1	1	UID131176	1	1	0	0
1	1	UID131180	1	1	0	0
1	1	UID131181	1	1	0	0
1	1	UID131182	1	1	0	0
1	1	UID131187	1	1	0	0
1	1	UID131200	1	1	0	0
1	1	UID131202	1	1	0	0
1	1	UID131208	1	1	0	0
1	1	UID131229	1	1	0	0
1	1	UID131235	1	1	0	0
1	1	UID131236	1	1	0	0
1	1	UID131239	1	1	0	0
1	1	UID131241	1	1	0	0
1	1	UID131247	1	1	0	0
1	1	UID131259	1	1	0	0
1	1	UID131260	1	1	0	0
1	1	UID131265	1	1	0	0
1	1	UID131282	1	1	0	0
1	1	UID131287	1	1	0	0
1	1	UID131288	1	1	0	0
1	1	UID131289	1	1	0	0
1	1	UID131294	1	1	0	0
1	1	UID131297	1	1	0	0
1	1	UID131299	1	1	0	0
1	1	UID131300	1	1	0	0
1	1	UID131301	1	1	0	0
1	1	UID131302	1	1	0	0
1	1	UID131303	1	1	0	0
1	1	UID131317	1	1	0	0
1	1	UID131319	1	1	0	0
1	1	UID131322	1	1	0	0
1	1	UID131345	1	1	0	0
1	1	UID131362	1	1	0	0
1	1	UID131369	1	1	0	0
1	1	UID131384	1	1	0	0
1	1	UID131388	1	1	0	0
1	1	UID131404	1	1	0	0
1	1	UID131425	1	1	0	0
1	1	UID131427	1	1	0	0
1	1	UID131430	1	1	0	0
1	1	UID131431	1	1	0	0
1	1	UID131435	1	1	0	0
1	1	UID131439	1	1	0	0
1	1	UID131454	1	1	0	0
1	1	UID131457	1	1	0	0
1	1	UID131461	1	1	0	0
1	1	UID131470	1	1	0	0
1	1	UID131473	1	1	0	0
1	1	UID131474	1	1	0	0
1	1	UID131475	1	1	0	0
1	1	UID131477	1	1	0	0
1	1	UID131480	1	1	0	0
1	1	UID131481	1	1	0	0
1	1	UID131515	1	1	0	0
1	1	UID131517	1	1	0	0
1	1	UID131518	1	1	0	0
1	1	UID131521	1	1	0	0
1	1	UID131523	1	1	0	0
1	1	UID131524	1	1	0	0
1	1	UID131540	1	1	0	0
1	1	UID131549	1	1	0	0
1	1	UID131562	1	1	0	0
1	1	UID131572	1	1	0	0
1	1	UID131580	1	1	0	0
1	1	UID131583	1	1	0	0
1	1	UID131584	1	1	0	0
1	1	UID131588	1	1	0	0
1	1	UID131596	1	1	0	0
1	1	UID131605	1	1	0	0
1	1	UID131607	1	1	0	0
1	1	UID131609	1	1	0	0
1	1	UID131611	1	1	0	0
1	1	UID131613	1	1	0	0
1	1	UID131614	1	1	0	0
1	1	UID131629	1	1	0	0
1	1	UID131633	1	1	0	0
1	1	UID131635	1	1	0	0
1	1	UID131643	1	1	0	0
1	1	UID131644	1	1	0	0
1	1	UID131652	1	1	0	0
1	1	UID131672	1	1	0	0
1	1	UID131674	1	1	0	0
1	1	UID131683	1	1	0	0
1	1	UID131685	1	1	0	0
1	1	UID131690	1	1	0	0
1	1	UID131693	1	1	0	0
1	1	UID131696	1	1	0	0
1	1	UID131697	1	1	0	0
1	1	UID131698	1	1	0	0
1	1	UID131699	1	1	0	0
1	1	UID131700	1	1	0	0
1	1	UID131701	1	1	0	0
1	1	UID131705	1	1	0	0
1	1	UID131710	1	1	0	0
1	1	UID131715	1	1	0	0
1	1	UID131746	1	1	0	0
1	1	UID131748	1	1	0	0
1	1	UID131755	1	1	0	0
1	1	UID131756	1	1	0	0
1	1	UID131757	1	1	0	0
1	1	UID131761	1	1	0	0
1	1	UID131763	1	1	0	0
1	1	UID131766	1	1	0	0
1	1	UID131767	1	1	0	0
1	1	UID131775	1	1	0	0
1	1	UID131783	1	1	0	0
1	1	UID131787	1	1	0	0
1	1	UID131788	1	1	0	0
1	1	UID131795	1	1	0	0
1	1	UID131805	1	1	0	0
1	1	UID131808	1	1	0	0
1	1	UID131810	1	1	0	0
1	1	UID131819	1	1	0	0
1	1	UID131820	1	1	0	0
1	1	UID131823	1	1	0	0
1	1	UID131829	1	1	0	0
1	1	UID131834	1	1	0	0
1	1	UID131864	1	1	0	0
1	1	UID131869	1	1	0	0
1	1	UID131876	1	1	0	0
1	1	UID131883	1	1	0	0
1	1	UID131891	1	1	0	0
1	1	UID131893	1	1	0	0
1	1	UID131900	1	1	0	0
1	1	UID131905	1	1	0	0
1	1	UID131909	1	1	0	0
1	1	UID131935	1	1	0	0
1	1	UID131957	1	1	0	0
1	1	UID1423	1	1	0	0
1	1	UID1557	1	1	0	0
1	1	UID200	1	1	0	0
1	1	UID24193	1	1	0	0
1	1	UID269	1	1	0	0
1	1	UID283	1	1	0	0
1	1	UID308	1	1	0	0
1	1	UID36055	1	1	0	0
1	1	UID46739	1	1	0	0
1	1	UID48519	1	1	0	0
1	1	UID48626	1	1	0	0
1	1	UID57944	1	1	0	0
1	1	UID60999	1	1	0	0
1	1	UID61304	1	1	0	0
1	1	UID62089	1	1	0	0
1	1	UID625	1	1	0	0
1	1	UID62988	1	1	0	0
1	1	UID63280	1	1	0	0
1	1	UID64367	1	1	0	0
1	1	UID67572	1	1	0	0
1	1	UID68720	1	1	0	0
1	1	UID69317	1	1	0	0
1	1	UID72448	1	1	0	0
1	1	UID74959	1	1	0	0
1	1	UID751	1	1	0	0
1	1	UID75966	1	1	0	0
1	1	UID7689	1	1	0	0
1	1	UID79577	1	1	0	0
1	1	UID83931	1	1	0	0
1	1	UID88840	1	1	0	0
1	1	UID956	1	1	0	0
