3616	26127	UID329	14108	2914	5	5
471	1623	UID66495	818	357	3	3
136	319	UID8617	146	118	3	3
117	260	UID1	102	104	4	4
110	233	UID2	87	94	3	3
66	156	UID90760	80	60	2	2
62	147	UID12950	73	52	2	2
69	147	UID12952	71	64	2	2
74	155	UID12951	70	68	2	2
348	502	UID65815	64	322	8	8
287	457	UID65826	59	258	7	7
59	129	UID13053	58	53	2	2
49	105	UID12976	55	46	2	2
54	112	UID12979	54	49	2	2
43	101	UID13032	54	39	2	2
46	103	UID12987	53	42	2	2
44	99	UID12995	53	40	2	2
44	96	UID13074	53	43	1	1
38	93	UID12954	52	35	1	1
45	103	UID13012	52	39	2	2
43	95	UID13041	51	40	1	1
38	88	UID12993	49	35	2	2
38	88	UID13025	49	35	2	2
45	92	UID12973	47	43	2	2
37	84	UID13003	46	34	2	2
44	92	UID12977	45	41	2	2
40	90	UID12983	45	36	2	2
37	84	UID13022	45	34	2	2
50	98	UID12989	44	46	2	2
34	83	UID13037	44	28	2	2
25	70	UID13067	43	21	1	1
23	65	UID13065	42	21	2	2
97	178	UID66307	42	87	3	3
28	68	UID13045	41	27	2	2
37	82	UID13015	40	34	2	2
42	82	UID13069	40	40	2	2
28	67	UID13101	40	27	2	2
14	53	UID13143	40	13	1	1
36	78	UID12999	39	32	2	2
45	90	UID13039	39	41	2	2
38	79	UID13002	38	34	2	2
45	85	UID374	38	41	2	2
41	79	UID13035	37	38	2	2
38	75	UID12997	36	35	2	2
30	66	UID13009	36	28	2	2
34	71	UID10341	35	31	2	2
27	63	UID13042	35	24	1	1
35	69	UID13068	35	34	1	1
34	67	UID13011	32	31	2	2
31	64	UID13052	32	28	2	2
34	65	UID13123	32	33	2	2
38	70	UID13031	30	35	2	2
23	54	UID13064	30	21	1	1
31	64	UID13107	30	28	2	2
21	50	UID753	30	20	2	2
34	64	UID13046	27	29	2	2
24	49	UID13093	26	23	1	1
14	39	UID13109	26	13	2	2
13	38	UID13133	26	12	1	1
12	37	UID13161	26	11	1	1
22	48	UID13127	25	19	2	2
15	42	UID13177	25	11	2	2
17	40	UID13118	24	16	2	2
22	47	UID13341	24	19	2	2
26	51	UID13142	23	23	2	2
26	48	UID8510	23	25	1	1
28	48	UID13033	21	27	2	2
17	39	UID13134	21	15	2	2
181	239	UID66305	21	164	5	5
105	148	UID66163	20	96	4	4
14	33	UID13136	19	12	2	2
15	33	UID13166	19	14	1	1
16	34	UID13185	19	15	2	2
23	41	UID13080	17	20	2	2
15	31	UID13110	17	14	1	1
14	31	UID13168	17	12	2	2
16	32	UID13138	16	14	1	1
11	26	UID13165	16	10	1	1
14	30	UID13189	16	12	1	1
12	28	UID8611	16	10	2	2
22	37	UID51887	15	20	1	1
19	32	UID13122	14	18	2	2
11	25	UID13187	14	9	2	2
9	22	UID13252	14	8	1	1
27	42	UID10870	13	25	2	2
18	33	UID13198	13	15	1	1
10	22	UID8599	13	9	1	1
11	23	UID8614	13	10	1	1
12	23	UID13129	12	11	2	2
5	16	UID13164	12	4	1	1
6	17	UID13184	12	5	1	1
10	21	UID13186	12	9	1	1
11	22	UID13214	12	10	2	2
10	22	UID13246	12	8	2	2
8	19	UID18424	12	7	1	1
12	22	UID112306	11	11	1	1
14	27	UID13102	11	11	2	2
10	20	UID13176	11	9	1	1
10	20	UID13181	11	9	1	1
11	21	UID13221	11	10	1	1
13	23	UID13132	10	11	2	2
18	27	UID13192	10	17	2	2
6	15	UID13335	10	5	1	1
12	20	UID13188	9	11	1	1
13	22	UID13207	9	11	1	1
10	18	UID13226	9	9	1	1
5	13	UID13372	9	4	1	1
21	30	UID13410	9	19	2	2
9	17	UID13848	9	8	1	1
6	14	UID65951	9	5	1	1
34	47	UID67632	9	30	3	3
15	26	UID13147	8	11	1	1
16	23	UID13148	8	15	1	1
11	18	UID13160	8	10	2	2
2	9	UID13232	8	1	1	1
7	14	UID13274	8	6	1	1
5	12	UID159133	8	4	2	2
8	15	UID78548	8	7	1	1
8	14	UID13172	7	7	2	2
6	12	UID13272	7	5	1	1
4	10	UID13338	7	3	1	1
8	14	UID13457	7	7	2	2
7	13	UID13528	7	6	1	1
6	12	UID14075	7	5	1	1
1	7	UID17259	7	0	0	0
13	20	UID108843	6	11	2	2
3	8	UID111599	6	2	1	1
27	38	UID112035	6	23	3	3
11	16	UID112635	6	10	2	2
6	11	UID13223	6	5	1	1
7	12	UID13264	6	6	1	1
8	13	UID13342	6	7	1	1
2	7	UID13460	6	1	1	1
9	14	UID17376	6	8	1	1
6	14	UID51891	6	4	2	2
6	11	UID78436	6	5	1	1
2	6	UID108828	5	1	1	1
3	7	UID111502	5	2	1	1
7	11	UID111544	5	6	1	1
11	18	UID111566	5	8	1	1
4	8	UID111600	5	3	1	1
4	8	UID111821	5	3	1	1
20	27	UID122871	5	17	3	3
2	6	UID13408	5	1	1	1
3	7	UID13450	5	2	1	1
5	9	UID13471	5	4	1	1
4	8	UID13534	5	3	1	1
7	11	UID17506	5	6	2	2
1	5	UID18522	5	0	0	0
6	10	UID67643	5	5	1	1
8	11	UID111501	4	7	1	1
10	14	UID111562	4	8	1	1
4	7	UID111584	4	3	1	1
3	6	UID111624	4	2	0	0
6	9	UID111867	4	5	1	1
4	7	UID13128	4	3	1	1
7	10	UID13194	4	6	1	1
6	10	UID13199	4	4	1	1
7	10	UID13222	4	6	1	1
8	11	UID13241	4	7	1	1
8	11	UID13258	4	7	1	1
5	8	UID13265	4	4	1	1
6	9	UID13275	4	5	1	1
6	9	UID13299	4	5	1	1
4	7	UID13339	4	3	1	1
6	9	UID13415	4	5	1	1
2	5	UID13781	4	1	1	1
5	8	UID14058	4	4	1	1
4	7	UID14070	4	3	0	0
1	4	UID18467	4	0	0	0
1	4	UID26287	4	0	0	0
2	5	UID51870	4	1	1	1
5	8	UID606	4	4	1	1
1	4	UID65796	4	0	0	0
7	11	UID66835	4	5	1	1
4	7	UID710	4	3	1	1
3	6	UID78458	4	2	1	1
10	13	UID8628	4	9	1	1
2	4	UID111517	3	1	0	0
7	9	UID111536	3	6	1	1
1	3	UID111555	3	0	0	0
3	5	UID111585	3	2	1	1
5	7	UID111616	3	4	1	1
1	3	UID111656	3	0	0	0
3	5	UID111773	3	2	0	0
10	12	UID126268	3	9	1	1
2	4	UID126271	3	1	1	1
4	6	UID13248	3	3	1	1
3	5	UID13340	3	2	1	1
4	6	UID13545	3	3	1	1
5	7	UID13546	3	4	2	2
1	3	UID13630	3	0	0	0
4	6	UID13685	3	3	1	1
4	6	UID13870	3	3	1	1
5	9	UID13883	3	3	2	2
7	12	UID159137	3	4	2	2
3	5	UID159138	3	2	0	0
1	3	UID159141	3	0	0	0
1	3	UID159150	3	0	0	0
1	3	UID17286	3	0	0	0
4	6	UID18693	3	3	1	1
5	7	UID18933	3	4	1	1
3	5	UID18	3	2	1	1
4	6	UID19215	3	3	1	1
5	7	UID51663	3	4	1	1
5	7	UID52341	3	4	2	2
5	7	UID66005	3	4	1	1
3	5	UID67642	3	2	1	1
1	3	UID78456	3	0	0	0
1	3	UID81892	3	0	0	0
3	5	UID8534	3	2	1	1
2	3	UID108844	2	1	1	1
3	4	UID111518	2	2	1	1
3	4	UID111519	2	2	1	1
5	6	UID111605	2	4	1	1
4	5	UID111651	2	3	2	2
6	7	UID111685	2	5	1	1
3	4	UID111716	2	2	1	1
3	4	UID111747	2	2	1	1
2	3	UID111822	2	1	1	1
2	3	UID112099	2	1	1	1
1	2	UID112102	2	0	0	0
2	3	UID112164	2	1	1	1
3	4	UID112670	2	2	1	1
4	5	UID112945	2	3	1	1
1	2	UID113116	2	0	0	0
21	23	UID113139	2	19	2	2
1	2	UID116930	2	0	0	0
10	11	UID121364	2	9	2	2
1	2	UID126269	2	0	0	0
3	4	UID127224	2	2	1	1
4	5	UID13224	2	3	1	1
3	4	UID13234	2	2	1	1
6	7	UID13247	2	5	1	1
4	5	UID13277	2	3	1	1
4	5	UID13288	2	3	1	1
4	5	UID135075	2	3	1	1
6	7	UID13529	2	5	1	1
4	5	UID13544	2	3	1	1
2	3	UID13633	2	1	1	1
3	4	UID13783	2	2	1	1
5	6	UID14089	2	4	1	1
2	3	UID142542	2	1	1	1
3	4	UID159177	2	2	1	1
3	4	UID159182	2	2	1	1
3	4	UID159183	2	2	1	1
1	2	UID159243	2	0	0	0
4	5	UID17525	2	3	1	1
3	4	UID17570	2	2	1	1
2	3	UID18443	2	1	1	1
2	3	UID18604	2	1	1	1
3	4	UID194	2	2	1	1
3	4	UID21887	2	2	1	1
3	4	UID21924	2	2	1	1
2	3	UID24475	2	1	1	1
2	3	UID285	2	1	1	1
4	5	UID286	2	3	1	1
1	2	UID29134	2	0	0	0
2	3	UID46771	2	1	1	1
3	4	UID46899	2	2	1	1
3	4	UID51699	2	2	1	1
2	3	UID51973	2	1	1	1
4	5	UID52162	2	3	1	1
3	4	UID60838	2	2	1	1
2	3	UID65	2	1	1	1
3	4	UID67627	2	2	1	1
8	9	UID67631	2	7	1	1
2	3	UID67644	2	1	1	1
3	4	UID71	2	2	1	1
1	2	UID78463	2	0	0	0
1	2	UID78505	2	0	0	0
6	7	UID78621	2	5	2	2
10	12	UID78669	2	8	1	1
3	4	UID78757	2	2	1	1
1	2	UID78800	2	0	0	0
1	2	UID90758	2	0	0	0
3	4	UID92284	2	2	1	1
1	1	UID10019	1	1	0	0
1	1	UID111551	1	1	0	0
1	1	UID111575	1	1	0	0
6	6	UID111579	1	6	1	1
5	5	UID111612	1	5	1	1
4	4	UID111665	1	4	1	1
4	4	UID111684	1	4	1	1
1	1	UID111691	1	1	0	0
1	1	UID111724	1	1	0	0
5	5	UID111779	1	5	2	2
1	1	UID111790	1	1	0	0
1	1	UID111820	1	1	0	0
5	5	UID111868	1	5	1	1
1	1	UID111869	1	1	0	0
1	1	UID111913	1	1	0	0
2	2	UID112034	1	2	1	1
2	2	UID112170	1	2	1	1
1	1	UID112191	1	1	0	0
1	1	UID112198	1	1	0	0
4	4	UID112273	1	4	1	1
7	7	UID112274	1	7	2	2
1	1	UID113124	1	1	0	0
1	1	UID113161	1	1	0	0
1	1	UID115060	1	1	0	0
1	1	UID118662	1	1	0	0
1	1	UID119257	1	1	0	0
2	2	UID120657	1	2	1	1
1	1	UID121204	1	1	0	0
1	1	UID121656	1	1	0	0
1	1	UID121827	1	1	0	0
1	1	UID122077	1	1	0	0
1	1	UID122093	1	1	0	0
2	2	UID122934	1	2	1	1
5	5	UID122967	1	5	2	2
1	1	UID125618	1	1	0	0
2	2	UID127688	1	2	1	1
1	1	UID127689	1	1	0	0
1	1	UID127891	1	1	0	0
2	2	UID127967	1	2	1	1
1	1	UID128077	1	1	0	0
6	6	UID13455	1	6	1	1
4	4	UID13462	1	4	1	1
5	5	UID13467	1	5	1	1
6	6	UID13626	1	6	1	1
3	3	UID13813	1	3	1	1
3	3	UID13882	1	3	1	1
2	2	UID14078	1	2	1	1
1	1	UID141389	1	1	0	0
1	1	UID142275	1	1	0	0
1	1	UID142674	1	1	0	0
1	1	UID1495	1	1	0	0
1	1	UID153349	1	1	0	0
1	1	UID153474	1	1	0	0
1	1	UID159264	1	1	0	0
1	1	UID159266	1	1	0	0
1	1	UID159267	1	1	0	0
1	1	UID159269	1	1	0	0
1	1	UID159270	1	1	0	0
1	1	UID159273	1	1	0	0
1	1	UID159276	1	1	0	0
1	1	UID159277	1	1	0	0
1	1	UID159280	1	1	0	0
1	1	UID159281	1	1	0	0
1	1	UID159282	1	1	0	0
1	1	UID159290	1	1	0	0
1	1	UID159291	1	1	0	0
1	1	UID159301	1	1	0	0
1	1	UID159306	1	1	0	0
1	1	UID159311	1	1	0	0
1	1	UID159312	1	1	0	0
1	1	UID159315	1	1	0	0
1	1	UID159323	1	1	0	0
1	1	UID159324	1	1	0	0
1	1	UID159325	1	1	0	0
1	1	UID159333	1	1	0	0
1	1	UID159335	1	1	0	0
1	1	UID159337	1	1	0	0
1	1	UID159352	1	1	0	0
1	1	UID159354	1	1	0	0
1	1	UID159357	1	1	0	0
1	1	UID159359	1	1	0	0
1	1	UID159366	1	1	0	0
1	1	UID159368	1	1	0	0
1	1	UID159369	1	1	0	0
1	1	UID159370	1	1	0	0
1	1	UID159371	1	1	0	0
1	1	UID159372	1	1	0	0
1	1	UID159373	1	1	0	0
1	1	UID159377	1	1	0	0
1	1	UID159378	1	1	0	0
1	1	UID159383	1	1	0	0
1	1	UID159384	1	1	0	0
1	1	UID159387	1	1	0	0
1	1	UID159389	1	1	0	0
1	1	UID159398	1	1	0	0
1	1	UID159399	1	1	0	0
1	1	UID159408	1	1	0	0
1	1	UID159410	1	1	0	0
1	1	UID159412	1	1	0	0
1	1	UID159415	1	1	0	0
1	1	UID159416	1	1	0	0
1	1	UID159432	1	1	0	0
1	1	UID159438	1	1	0	0
1	1	UID159439	1	1	0	0
1	1	UID159442	1	1	0	0
1	1	UID159446	1	1	0	0
1	1	UID159450	1	1	0	0
1	1	UID159451	1	1	0	0
1	1	UID159454	1	1	0	0
1	1	UID159455	1	1	0	0
1	1	UID159461	1	1	0	0
1	1	UID159464	1	1	0	0
1	1	UID159478	1	1	0	0
1	1	UID159481	1	1	0	0
1	1	UID159482	1	1	0	0
1	1	UID159484	1	1	0	0
1	1	UID159487	1	1	0	0
1	1	UID159494	1	1	0	0
1	1	UID159496	1	1	0	0
1	1	UID159497	1	1	0	0
1	1	UID159499	1	1	0	0
1	1	UID159510	1	1	0	0
1	1	UID159511	1	1	0	0
1	1	UID159518	1	1	0	0
1	1	UID159519	1	1	0	0
1	1	UID159521	1	1	0	0
1	1	UID159525	1	1	0	0
1	1	UID159527	1	1	0	0
1	1	UID159528	1	1	0	0
1	1	UID159533	1	1	0	0
1	1	UID159534	1	1	0	0
1	1	UID159561	1	1	0	0
1	1	UID159563	1	1	0	0
1	1	UID159565	1	1	0	0
1	1	UID159567	1	1	0	0
1	1	UID159573	1	1	0	0
1	1	UID159576	1	1	0	0
1	1	UID159579	1	1	0	0
1	1	UID159580	1	1	0	0
1	1	UID159586	1	1	0	0
1	1	UID159589	1	1	0	0
1	1	UID159593	1	1	0	0
1	1	UID159597	1	1	0	0
1	1	UID159598	1	1	0	0
1	1	UID159599	1	1	0	0
1	1	UID159600	1	1	0	0
1	1	UID159602	1	1	0	0
1	1	UID159608	1	1	0	0
1	1	UID159611	1	1	0	0
1	1	UID159613	1	1	0	0
1	1	UID159614	1	1	0	0
1	1	UID159621	1	1	0	0
1	1	UID159634	1	1	0	0
4	4	UID159635	1	4	2	2
1	1	UID159637	1	1	0	0
1	1	UID159640	1	1	0	0
1	1	UID159643	1	1	0	0
1	1	UID159644	1	1	0	0
1	1	UID159645	1	1	0	0
1	1	UID159648	1	1	0	0
1	1	UID159650	1	1	0	0
1	1	UID159651	1	1	0	0
1	1	UID159653	1	1	0	0
1	1	UID159654	1	1	0	0
1	1	UID159655	1	1	0	0
1	1	UID159657	1	1	0	0
1	1	UID159659	1	1	0	0
1	1	UID159663	1	1	0	0
1	1	UID159664	1	1	0	0
1	1	UID159666	1	1	0	0
1	1	UID159668	1	1	0	0
1	1	UID159669	1	1	0	0
1	1	UID159670	1	1	0	0
1	1	UID159692	1	1	0	0
1	1	UID159694	1	1	0	0
1	1	UID159695	1	1	0	0
1	1	UID159702	1	1	0	0
1	1	UID159711	1	1	0	0
1	1	UID159712	1	1	0	0
1	1	UID159714	1	1	0	0
1	1	UID159759	1	1	0	0
1	1	UID159762	1	1	0	0
1	1	UID159763	1	1	0	0
1	1	UID159764	1	1	0	0
1	1	UID159774	1	1	0	0
1	1	UID159775	1	1	0	0
1	1	UID159776	1	1	0	0
1	1	UID159779	1	1	0	0
1	1	UID159782	1	1	0	0
1	1	UID159783	1	1	0	0
1	1	UID159784	1	1	0	0
1	1	UID159786	1	1	0	0
1	1	UID159790	1	1	0	0
1	1	UID159794	1	1	0	0
1	1	UID159798	1	1	0	0
1	1	UID159832	1	1	0	0
1	1	UID159834	1	1	0	0
1	1	UID159835	1	1	0	0
1	1	UID159836	1	1	0	0
1	1	UID159841	1	1	0	0
1	1	UID159851	1	1	0	0
1	1	UID159853	1	1	0	0
1	1	UID159854	1	1	0	0
1	1	UID159859	1	1	0	0
1	1	UID159862	1	1	0	0
1	1	UID159866	1	1	0	0
1	1	UID159870	1	1	0	0
1	1	UID159884	1	1	0	0
1	1	UID159885	1	1	0	0
1	1	UID159888	1	1	0	0
1	1	UID159889	1	1	0	0
1	1	UID159893	1	1	0	0
1	1	UID159906	1	1	0	0
1	1	UID159913	1	1	0	0
1	1	UID159923	1	1	0	0
1	1	UID159934	1	1	0	0
1	1	UID159939	1	1	0	0
1	1	UID159940	1	1	0	0
1	1	UID159942	1	1	0	0
1	1	UID159951	1	1	0	0
1	1	UID159953	1	1	0	0
1	1	UID159954	1	1	0	0
1	1	UID159955	1	1	0	0
1	1	UID159963	1	1	0	0
1	1	UID159970	1	1	0	0
1	1	UID159978	1	1	0	0
1	1	UID159980	1	1	0	0
1	1	UID159981	1	1	0	0
1	1	UID159982	1	1	0	0
1	1	UID159983	1	1	0	0
1	1	UID159985	1	1	0	0
1	1	UID159987	1	1	0	0
1	1	UID159994	1	1	0	0
1	1	UID159995	1	1	0	0
1	1	UID160009	1	1	0	0
1	1	UID160013	1	1	0	0
1	1	UID160016	1	1	0	0
1	1	UID160019	1	1	0	0
1	1	UID160021	1	1	0	0
1	1	UID160038	1	1	0	0
1	1	UID160039	1	1	0	0
1	1	UID160040	1	1	0	0
1	1	UID160041	1	1	0	0
1	1	UID160042	1	1	0	0
1	1	UID160043	1	1	0	0
1	1	UID160045	1	1	0	0
1	1	UID160046	1	1	0	0
1	1	UID160047	1	1	0	0
1	1	UID160048	1	1	0	0
1	1	UID160053	1	1	0	0
1	1	UID160056	1	1	0	0
1	1	UID160057	1	1	0	0
1	1	UID160058	1	1	0	0
1	1	UID160059	1	1	0	0
1	1	UID160060	1	1	0	0
1	1	UID160061	1	1	0	0
1	1	UID160062	1	1	0	0
1	1	UID160063	1	1	0	0
1	1	UID160064	1	1	0	0
1	1	UID160065	1	1	0	0
1	1	UID160066	1	1	0	0
1	1	UID160067	1	1	0	0
1	1	UID160068	1	1	0	0
1	1	UID160070	1	1	0	0
1	1	UID160071	1	1	0	0
1	1	UID160072	1	1	0	0
1	1	UID160082	1	1	0	0
1	1	UID160083	1	1	0	0
1	1	UID160084	1	1	0	0
1	1	UID160086	1	1	0	0
1	1	UID160087	1	1	0	0
1	1	UID160090	1	1	0	0
1	1	UID160098	1	1	0	0
1	1	UID160099	1	1	0	0
1	1	UID160103	1	1	0	0
1	1	UID160108	1	1	0	0
1	1	UID160119	1	1	0	0
1	1	UID160120	1	1	0	0
1	1	UID160122	1	1	0	0
1	1	UID160123	1	1	0	0
1	1	UID160124	1	1	0	0
1	1	UID160126	1	1	0	0
1	1	UID160127	1	1	0	0
1	1	UID160138	1	1	0	0
1	1	UID160139	1	1	0	0
1	1	UID160163	1	1	0	0
1	1	UID160167	1	1	0	0
1	1	UID160170	1	1	0	0
1	1	UID160175	1	1	0	0
1	1	UID160178	1	1	0	0
1	1	UID160194	1	1	0	0
1	1	UID160201	1	1	0	0
1	1	UID160206	1	1	0	0
1	1	UID160214	1	1	0	0
1	1	UID160219	1	1	0	0
1	1	UID160234	1	1	0	0
1	1	UID160235	1	1	0	0
1	1	UID160236	1	1	0	0
1	1	UID160242	1	1	0	0
1	1	UID160243	1	1	0	0
1	1	UID160244	1	1	0	0
1	1	UID160245	1	1	0	0
1	1	UID160246	1	1	0	0
1	1	UID160247	1	1	0	0
1	1	UID160248	1	1	0	0
1	1	UID160249	1	1	0	0
1	1	UID160250	1	1	0	0
1	1	UID160253	1	1	0	0
1	1	UID160258	1	1	0	0
1	1	UID160259	1	1	0	0
1	1	UID160268	1	1	0	0
1	1	UID160271	1	1	0	0
1	1	UID160272	1	1	0	0
1	1	UID160274	1	1	0	0
1	1	UID160276	1	1	0	0
1	1	UID160277	1	1	0	0
1	1	UID160280	1	1	0	0
1	1	UID160281	1	1	0	0
1	1	UID160282	1	1	0	0
1	1	UID160286	1	1	0	0
1	1	UID160287	1	1	0	0
1	1	UID160299	1	1	0	0
1	1	UID160301	1	1	0	0
1	1	UID160302	1	1	0	0
1	1	UID160303	1	1	0	0
1	1	UID160304	1	1	0	0
1	1	UID160305	1	1	0	0
1	1	UID160306	1	1	0	0
1	1	UID160307	1	1	0	0
1	1	UID160311	1	1	0	0
1	1	UID160316	1	1	0	0
1	1	UID160320	1	1	0	0
1	1	UID160321	1	1	0	0
1	1	UID160322	1	1	0	0
1	1	UID160324	1	1	0	0
1	1	UID160325	1	1	0	0
1	1	UID160334	1	1	0	0
1	1	UID160335	1	1	0	0
1	1	UID160338	1	1	0	0
1	1	UID160339	1	1	0	0
1	1	UID160350	1	1	0	0
1	1	UID160360	1	1	0	0
1	1	UID160370	1	1	0	0
1	1	UID160374	1	1	0	0
1	1	UID160376	1	1	0	0
1	1	UID160377	1	1	0	0
1	1	UID160379	1	1	0	0
1	1	UID160380	1	1	0	0
1	1	UID160383	1	1	0	0
1	1	UID160384	1	1	0	0
1	1	UID160385	1	1	0	0
1	1	UID160386	1	1	0	0
1	1	UID160389	1	1	0	0
1	1	UID160391	1	1	0	0
1	1	UID160399	1	1	0	0
1	1	UID160401	1	1	0	0
1	1	UID160402	1	1	0	0
1	1	UID160404	1	1	0	0
1	1	UID160415	1	1	0	0
1	1	UID160416	1	1	0	0
1	1	UID160417	1	1	0	0
1	1	UID160418	1	1	0	0
1	1	UID160419	1	1	0	0
1	1	UID160422	1	1	0	0
1	1	UID160425	1	1	0	0
1	1	UID160446	1	1	0	0
1	1	UID160455	1	1	0	0
1	1	UID160457	1	1	0	0
1	1	UID160458	1	1	0	0
1	1	UID160459	1	1	0	0
1	1	UID160460	1	1	0	0
1	1	UID160471	1	1	0	0
1	1	UID160472	1	1	0	0
1	1	UID160473	1	1	0	0
1	1	UID160485	1	1	0	0
1	1	UID160487	1	1	0	0
1	1	UID160490	1	1	0	0
1	1	UID160494	1	1	0	0
1	1	UID160501	1	1	0	0
1	1	UID160502	1	1	0	0
1	1	UID160504	1	1	0	0
1	1	UID160506	1	1	0	0
1	1	UID160511	1	1	0	0
1	1	UID160512	1	1	0	0
1	1	UID160515	1	1	0	0
1	1	UID160517	1	1	0	0
1	1	UID160533	1	1	0	0
1	1	UID160535	1	1	0	0
1	1	UID160536	1	1	0	0
1	1	UID160538	1	1	0	0
1	1	UID160540	1	1	0	0
1	1	UID160541	1	1	0	0
1	1	UID160542	1	1	0	0
1	1	UID160545	1	1	0	0
1	1	UID160558	1	1	0	0
1	1	UID160563	1	1	0	0
1	1	UID160577	1	1	0	0
1	1	UID160580	1	1	0	0
1	1	UID160581	1	1	0	0
1	1	UID160582	1	1	0	0
1	1	UID160596	1	1	0	0
1	1	UID160597	1	1	0	0
1	1	UID160604	1	1	0	0
1	1	UID160605	1	1	0	0
1	1	UID160609	1	1	0	0
1	1	UID160623	1	1	0	0
1	1	UID160626	1	1	0	0
1	1	UID160627	1	1	0	0
1	1	UID160629	1	1	0	0
1	1	UID160630	1	1	0	0
1	1	UID160631	1	1	0	0
1	1	UID160633	1	1	0	0
1	1	UID160636	1	1	0	0
1	1	UID160646	1	1	0	0
1	1	UID160651	1	1	0	0
1	1	UID160654	1	1	0	0
1	1	UID160664	1	1	0	0
1	1	UID160672	1	1	0	0
1	1	UID160681	1	1	0	0
1	1	UID160696	1	1	0	0
1	1	UID160698	1	1	0	0
1	1	UID160701	1	1	0	0
1	1	UID160713	1	1	0	0
1	1	UID160719	1	1	0	0
1	1	UID160720	1	1	0	0
1	1	UID160721	1	1	0	0
1	1	UID160723	1	1	0	0
1	1	UID160728	1	1	0	0
1	1	UID160733	1	1	0	0
1	1	UID160740	1	1	0	0
1	1	UID160755	1	1	0	0
1	1	UID160764	1	1	0	0
1	1	UID160765	1	1	0	0
1	1	UID160768	1	1	0	0
1	1	UID160773	1	1	0	0
2	2	UID160775	1	2	1	1
1	1	UID160818	1	1	0	0
1	1	UID160820	1	1	0	0
1	1	UID160826	1	1	0	0
1	1	UID160827	1	1	0	0
1	1	UID160839	1	1	0	0
1	1	UID160841	1	1	0	0
1	1	UID160843	1	1	0	0
1	1	UID160847	1	1	0	0
1	1	UID160848	1	1	0	0
1	1	UID160849	1	1	0	0
1	1	UID160851	1	1	0	0
1	1	UID160853	1	1	0	0
1	1	UID160854	1	1	0	0
1	1	UID160855	1	1	0	0
1	1	UID160864	1	1	0	0
1	1	UID160867	1	1	0	0
1	1	UID160868	1	1	0	0
1	1	UID160869	1	1	0	0
1	1	UID160870	1	1	0	0
1	1	UID160879	1	1	0	0
1	1	UID160881	1	1	0	0
1	1	UID160882	1	1	0	0
1	1	UID160888	1	1	0	0
1	1	UID160894	1	1	0	0
1	1	UID160898	1	1	0	0
1	1	UID160910	1	1	0	0
1	1	UID160914	1	1	0	0
1	1	UID160916	1	1	0	0
1	1	UID160917	1	1	0	0
1	1	UID160918	1	1	0	0
1	1	UID160919	1	1	0	0
1	1	UID160940	1	1	0	0
1	1	UID160967	1	1	0	0
1	1	UID160978	1	1	0	0
1	1	UID160982	1	1	0	0
1	1	UID160983	1	1	0	0
1	1	UID160991	1	1	0	0
1	1	UID160992	1	1	0	0
1	1	UID160993	1	1	0	0
1	1	UID160994	1	1	0	0
1	1	UID160997	1	1	0	0
1	1	UID161010	1	1	0	0
1	1	UID161011	1	1	0	0
1	1	UID161014	1	1	0	0
1	1	UID161018	1	1	0	0
1	1	UID161022	1	1	0	0
1	1	UID161035	1	1	0	0
1	1	UID161044	1	1	0	0
1	1	UID161046	1	1	0	0
1	1	UID161049	1	1	0	0
1	1	UID161050	1	1	0	0
1	1	UID161051	1	1	0	0
1	1	UID161053	1	1	0	0
1	1	UID161055	1	1	0	0
1	1	UID161057	1	1	0	0
1	1	UID161058	1	1	0	0
1	1	UID161068	1	1	0	0
1	1	UID161073	1	1	0	0
1	1	UID161088	1	1	0	0
1	1	UID161089	1	1	0	0
1	1	UID161097	1	1	0	0
1	1	UID161099	1	1	0	0
1	1	UID1610	1	1	0	0
1	1	UID161102	1	1	0	0
1	1	UID161104	1	1	0	0
1	1	UID161106	1	1	0	0
1	1	UID161113	1	1	0	0
1	1	UID161116	1	1	0	0
1	1	UID161119	1	1	0	0
1	1	UID161120	1	1	0	0
1	1	UID161127	1	1	0	0
1	1	UID161128	1	1	0	0
1	1	UID161129	1	1	0	0
1	1	UID161132	1	1	0	0
1	1	UID161133	1	1	0	0
1	1	UID161135	1	1	0	0
1	1	UID161143	1	1	0	0
1	1	UID161146	1	1	0	0
1	1	UID161147	1	1	0	0
1	1	UID161151	1	1	0	0
1	1	UID161152	1	1	0	0
1	1	UID161170	1	1	0	0
1	1	UID161171	1	1	0	0
1	1	UID161172	1	1	0	0
1	1	UID161173	1	1	0	0
1	1	UID161174	1	1	0	0
1	1	UID161175	1	1	0	0
1	1	UID161178	1	1	0	0
1	1	UID161180	1	1	0	0
1	1	UID161188	1	1	0	0
1	1	UID161190	1	1	0	0
1	1	UID161192	1	1	0	0
1	1	UID161197	1	1	0	0
1	1	UID161198	1	1	0	0
1	1	UID161201	1	1	0	0
1	1	UID161205	1	1	0	0
1	1	UID161224	1	1	0	0
1	1	UID161227	1	1	0	0
1	1	UID161230	1	1	0	0
1	1	UID161236	1	1	0	0
1	1	UID161259	1	1	0	0
1	1	UID161265	1	1	0	0
1	1	UID161291	1	1	0	0
1	1	UID161301	1	1	0	0
1	1	UID161319	1	1	0	0
1	1	UID161320	1	1	0	0
3	3	UID161326	1	3	2	2
1	1	UID161331	1	1	0	0
1	1	UID161332	1	1	0	0
1	1	UID161335	1	1	0	0
1	1	UID161343	1	1	0	0
1	1	UID161345	1	1	0	0
1	1	UID161348	1	1	0	0
1	1	UID161349	1	1	0	0
1	1	UID161350	1	1	0	0
1	1	UID161351	1	1	0	0
1	1	UID161352	1	1	0	0
1	1	UID161355	1	1	0	0
1	1	UID161357	1	1	0	0
1	1	UID161358	1	1	0	0
1	1	UID161362	1	1	0	0
1	1	UID161363	1	1	0	0
1	1	UID161364	1	1	0	0
1	1	UID161365	1	1	0	0
1	1	UID161368	1	1	0	0
1	1	UID161371	1	1	0	0
1	1	UID161372	1	1	0	0
1	1	UID161373	1	1	0	0
1	1	UID161374	1	1	0	0
1	1	UID161382	1	1	0	0
1	1	UID161393	1	1	0	0
1	1	UID161398	1	1	0	0
1	1	UID161400	1	1	0	0
1	1	UID161402	1	1	0	0
1	1	UID161405	1	1	0	0
1	1	UID161410	1	1	0	0
1	1	UID161416	1	1	0	0
1	1	UID161419	1	1	0	0
1	1	UID161426	1	1	0	0
1	1	UID161430	1	1	0	0
1	1	UID161432	1	1	0	0
1	1	UID161435	1	1	0	0
1	1	UID161437	1	1	0	0
1	1	UID161440	1	1	0	0
1	1	UID161454	1	1	0	0
1	1	UID161455	1	1	0	0
1	1	UID161458	1	1	0	0
1	1	UID161460	1	1	0	0
1	1	UID161473	1	1	0	0
1	1	UID161474	1	1	0	0
1	1	UID161475	1	1	0	0
1	1	UID161492	1	1	0	0
1	1	UID161499	1	1	0	0
1	1	UID161502	1	1	0	0
1	1	UID161513	1	1	0	0
1	1	UID161523	1	1	0	0
1	1	UID161529	1	1	0	0
1	1	UID161530	1	1	0	0
1	1	UID161531	1	1	0	0
1	1	UID161532	1	1	0	0
1	1	UID161533	1	1	0	0
1	1	UID161537	1	1	0	0
1	1	UID161540	1	1	0	0
1	1	UID161547	1	1	0	0
1	1	UID161556	1	1	0	0
1	1	UID161559	1	1	0	0
3	3	UID161560	1	3	2	2
1	1	UID161561	1	1	0	0
1	1	UID161570	1	1	0	0
1	1	UID161578	1	1	0	0
1	1	UID161579	1	1	0	0
1	1	UID161589	1	1	0	0
1	1	UID161590	1	1	0	0
1	1	UID161593	1	1	0	0
1	1	UID161595	1	1	0	0
1	1	UID161604	1	1	0	0
1	1	UID161605	1	1	0	0
1	1	UID161608	1	1	0	0
1	1	UID161609	1	1	0	0
1	1	UID161612	1	1	0	0
1	1	UID161635	1	1	0	0
1	1	UID161636	1	1	0	0
1	1	UID161657	1	1	0	0
1	1	UID161659	1	1	0	0
1	1	UID161661	1	1	0	0
1	1	UID161662	1	1	0	0
1	1	UID161682	1	1	0	0
1	1	UID161685	1	1	0	0
1	1	UID161686	1	1	0	0
1	1	UID161700	1	1	0	0
1	1	UID161701	1	1	0	0
5	5	UID161702	1	5	2	2
1	1	UID161725	1	1	0	0
1	1	UID161726	1	1	0	0
1	1	UID161727	1	1	0	0
1	1	UID161729	1	1	0	0
1	1	UID161737	1	1	0	0
1	1	UID161749	1	1	0	0
1	1	UID161754	1	1	0	0
1	1	UID161757	1	1	0	0
1	1	UID161782	1	1	0	0
1	1	UID161811	1	1	0	0
1	1	UID161826	1	1	0	0
1	1	UID161827	1	1	0	0
1	1	UID161828	1	1	0	0
1	1	UID161829	1	1	0	0
1	1	UID161833	1	1	0	0
1	1	UID161834	1	1	0	0
1	1	UID161835	1	1	0	0
1	1	UID161836	1	1	0	0
1	1	UID161837	1	1	0	0
1	1	UID161838	1	1	0	0
1	1	UID161839	1	1	0	0
1	1	UID161846	1	1	0	0
1	1	UID161847	1	1	0	0
1	1	UID161858	1	1	0	0
1	1	UID161880	1	1	0	0
1	1	UID162162	1	1	0	0
1	1	UID162202	1	1	0	0
1	1	UID162272	1	1	0	0
1	1	UID162274	1	1	0	0
1	1	UID162287	1	1	0	0
1	1	UID162291	1	1	0	0
1	1	UID162297	1	1	0	0
1	1	UID162302	1	1	0	0
1	1	UID162311	1	1	0	0
1	1	UID162318	1	1	0	0
1	1	UID162319	1	1	0	0
1	1	UID162320	1	1	0	0
1	1	UID162322	1	1	0	0
1	1	UID162329	1	1	0	0
1	1	UID162331	1	1	0	0
1	1	UID162333	1	1	0	0
1	1	UID162354	1	1	0	0
1	1	UID162360	1	1	0	0
1	1	UID162367	1	1	0	0
1	1	UID162371	1	1	0	0
1	1	UID162383	1	1	0	0
1	1	UID162397	1	1	0	0
1	1	UID162401	1	1	0	0
1	1	UID162414	1	1	0	0
1	1	UID162419	1	1	0	0
1	1	UID162434	1	1	0	0
1	1	UID162435	1	1	0	0
1	1	UID162448	1	1	0	0
1	1	UID162451	1	1	0	0
1	1	UID162453	1	1	0	0
1	1	UID162454	1	1	0	0
1	1	UID162459	1	1	0	0
1	1	UID162465	1	1	0	0
1	1	UID162467	1	1	0	0
1	1	UID162479	1	1	0	0
1	1	UID162493	1	1	0	0
1	1	UID162516	1	1	0	0
1	1	UID162523	1	1	0	0
1	1	UID162524	1	1	0	0
1	1	UID162525	1	1	0	0
1	1	UID162531	1	1	0	0
1	1	UID162532	1	1	0	0
1	1	UID162556	1	1	0	0
1	1	UID162557	1	1	0	0
1	1	UID162562	1	1	0	0
1	1	UID162576	1	1	0	0
1	1	UID162577	1	1	0	0
1	1	UID162585	1	1	0	0
1	1	UID162586	1	1	0	0
1	1	UID162602	1	1	0	0
1	1	UID162603	1	1	0	0
1	1	UID162629	1	1	0	0
3	3	UID162638	1	3	2	2
1	1	UID162640	1	1	0	0
1	1	UID162643	1	1	0	0
1	1	UID162647	1	1	0	0
1	1	UID162650	1	1	0	0
1	1	UID162664	1	1	0	0
1	1	UID162675	1	1	0	0
1	1	UID162677	1	1	0	0
1	1	UID162678	1	1	0	0
1	1	UID162686	1	1	0	0
1	1	UID162695	1	1	0	0
1	1	UID162704	1	1	0	0
1	1	UID162705	1	1	0	0
1	1	UID162706	1	1	0	0
1	1	UID162712	1	1	0	0
2	2	UID162713	1	2	1	1
1	1	UID162717	1	1	0	0
1	1	UID162718	1	1	0	0
1	1	UID162722	1	1	0	0
1	1	UID162723	1	1	0	0
1	1	UID162724	1	1	0	0
1	1	UID162725	1	1	0	0
1	1	UID162726	1	1	0	0
1	1	UID162736	1	1	0	0
1	1	UID162738	1	1	0	0
1	1	UID162743	1	1	0	0
1	1	UID162744	1	1	0	0
1	1	UID162747	1	1	0	0
1	1	UID162760	1	1	0	0
1	1	UID162761	1	1	0	0
1	1	UID162762	1	1	0	0
1	1	UID162767	1	1	0	0
1	1	UID162769	1	1	0	0
1	1	UID162770	1	1	0	0
1	1	UID162775	1	1	0	0
1	1	UID162777	1	1	0	0
1	1	UID162780	1	1	0	0
1	1	UID162782	1	1	0	0
1	1	UID162786	1	1	0	0
1	1	UID162787	1	1	0	0
1	1	UID162800	1	1	0	0
1	1	UID162802	1	1	0	0
1	1	UID162814	1	1	0	0
1	1	UID162816	1	1	0	0
1	1	UID162823	1	1	0	0
1	1	UID162825	1	1	0	0
1	1	UID162829	1	1	0	0
1	1	UID162840	1	1	0	0
1	1	UID162844	1	1	0	0
1	1	UID162846	1	1	0	0
1	1	UID162850	1	1	0	0
1	1	UID162857	1	1	0	0
1	1	UID162869	1	1	0	0
1	1	UID162870	1	1	0	0
1	1	UID162871	1	1	0	0
1	1	UID162872	1	1	0	0
1	1	UID162878	1	1	0	0
1	1	UID162880	1	1	0	0
1	1	UID162881	1	1	0	0
3	3	UID162883	1	3	2	2
1	1	UID162887	1	1	0	0
1	1	UID162890	1	1	0	0
1	1	UID162891	1	1	0	0
1	1	UID162892	1	1	0	0
1	1	UID162902	1	1	0	0
1	1	UID162904	1	1	0	0
1	1	UID162907	1	1	0	0
1	1	UID162908	1	1	0	0
1	1	UID162912	1	1	0	0
1	1	UID162913	1	1	0	0
1	1	UID162914	1	1	0	0
1	1	UID162915	1	1	0	0
1	1	UID162935	1	1	0	0
1	1	UID162936	1	1	0	0
1	1	UID162938	1	1	0	0
1	1	UID162946	1	1	0	0
1	1	UID162956	1	1	0	0
1	1	UID162960	1	1	0	0
1	1	UID162971	1	1	0	0
1	1	UID162972	1	1	0	0
1	1	UID162977	1	1	0	0
1	1	UID162978	1	1	0	0
1	1	UID162980	1	1	0	0
1	1	UID162988	1	1	0	0
1	1	UID162989	1	1	0	0
1	1	UID162990	1	1	0	0
1	1	UID162994	1	1	0	0
1	1	UID162995	1	1	0	0
1	1	UID162996	1	1	0	0
1	1	UID163013	1	1	0	0
1	1	UID163018	1	1	0	0
1	1	UID163020	1	1	0	0
1	1	UID163021	1	1	0	0
1	1	UID163027	1	1	0	0
1	1	UID163030	1	1	0	0
1	1	UID163049	1	1	0	0
1	1	UID163052	1	1	0	0
1	1	UID163054	1	1	0	0
1	1	UID163072	1	1	0	0
1	1	UID163078	1	1	0	0
1	1	UID163079	1	1	0	0
1	1	UID163082	1	1	0	0
1	1	UID163086	1	1	0	0
1	1	UID163088	1	1	0	0
1	1	UID163095	1	1	0	0
1	1	UID163097	1	1	0	0
1	1	UID163098	1	1	0	0
1	1	UID163099	1	1	0	0
1	1	UID163100	1	1	0	0
1	1	UID163102	1	1	0	0
1	1	UID163106	1	1	0	0
1	1	UID163111	1	1	0	0
1	1	UID163112	1	1	0	0
1	1	UID163113	1	1	0	0
1	1	UID163114	1	1	0	0
1	1	UID163133	1	1	0	0
1	1	UID163141	1	1	0	0
1	1	UID163168	1	1	0	0
1	1	UID163176	1	1	0	0
1	1	UID163185	1	1	0	0
1	1	UID163190	1	1	0	0
1	1	UID163191	1	1	0	0
1	1	UID163192	1	1	0	0
1	1	UID163205	1	1	0	0
1	1	UID163206	1	1	0	0
1	1	UID163212	1	1	0	0
1	1	UID163240	1	1	0	0
1	1	UID163242	1	1	0	0
1	1	UID163262	1	1	0	0
1	1	UID163266	1	1	0	0
1	1	UID163285	1	1	0	0
1	1	UID163286	1	1	0	0
1	1	UID163289	1	1	0	0
1	1	UID163296	1	1	0	0
1	1	UID163307	1	1	0	0
1	1	UID163313	1	1	0	0
1	1	UID163314	1	1	0	0
1	1	UID163315	1	1	0	0
1	1	UID163316	1	1	0	0
1	1	UID163318	1	1	0	0
1	1	UID163325	1	1	0	0
1	1	UID163335	1	1	0	0
1	1	UID163341	1	1	0	0
1	1	UID163355	1	1	0	0
1	1	UID163362	1	1	0	0
1	1	UID163364	1	1	0	0
1	1	UID163373	1	1	0	0
1	1	UID163374	1	1	0	0
1	1	UID163378	1	1	0	0
1	1	UID163379	1	1	0	0
1	1	UID163381	1	1	0	0
1	1	UID163382	1	1	0	0
1	1	UID163400	1	1	0	0
1	1	UID163402	1	1	0	0
1	1	UID163403	1	1	0	0
1	1	UID163407	1	1	0	0
1	1	UID163433	1	1	0	0
1	1	UID163435	1	1	0	0
1	1	UID163437	1	1	0	0
1	1	UID163448	1	1	0	0
1	1	UID163454	1	1	0	0
1	1	UID163469	1	1	0	0
1	1	UID163478	1	1	0	0
1	1	UID163479	1	1	0	0
1	1	UID163480	1	1	0	0
1	1	UID163482	1	1	0	0
1	1	UID163485	1	1	0	0
1	1	UID163488	1	1	0	0
1	1	UID163489	1	1	0	0
1	1	UID163493	1	1	0	0
1	1	UID163501	1	1	0	0
1	1	UID163504	1	1	0	0
1	1	UID163515	1	1	0	0
1	1	UID163534	1	1	0	0
1	1	UID163536	1	1	0	0
1	1	UID163537	1	1	0	0
1	1	UID163540	1	1	0	0
1	1	UID163543	1	1	0	0
1	1	UID163545	1	1	0	0
1	1	UID163558	1	1	0	0
1	1	UID163560	1	1	0	0
1	1	UID163570	1	1	0	0
1	1	UID163574	1	1	0	0
1	1	UID163583	1	1	0	0
1	1	UID163588	1	1	0	0
1	1	UID163589	1	1	0	0
1	1	UID163590	1	1	0	0
1	1	UID163593	1	1	0	0
1	1	UID163609	1	1	0	0
1	1	UID163612	1	1	0	0
1	1	UID163614	1	1	0	0
1	1	UID163635	1	1	0	0
1	1	UID163637	1	1	0	0
1	1	UID163638	1	1	0	0
1	1	UID163639	1	1	0	0
1	1	UID163640	1	1	0	0
1	1	UID163641	1	1	0	0
1	1	UID163642	1	1	0	0
1	1	UID163643	1	1	0	0
1	1	UID163644	1	1	0	0
1	1	UID163645	1	1	0	0
1	1	UID163646	1	1	0	0
1	1	UID163647	1	1	0	0
1	1	UID163651	1	1	0	0
1	1	UID163670	1	1	0	0
1	1	UID163676	1	1	0	0
1	1	UID163684	1	1	0	0
1	1	UID163685	1	1	0	0
1	1	UID163691	1	1	0	0
1	1	UID163696	1	1	0	0
1	1	UID163719	1	1	0	0
1	1	UID163727	1	1	0	0
1	1	UID163733	1	1	0	0
1	1	UID163742	1	1	0	0
1	1	UID163743	1	1	0	0
1	1	UID163744	1	1	0	0
1	1	UID163745	1	1	0	0
1	1	UID163748	1	1	0	0
1	1	UID163749	1	1	0	0
1	1	UID163750	1	1	0	0
1	1	UID163751	1	1	0	0
1	1	UID163752	1	1	0	0
1	1	UID163754	1	1	0	0
1	1	UID163755	1	1	0	0
1	1	UID163756	1	1	0	0
1	1	UID163757	1	1	0	0
1	1	UID163762	1	1	0	0
1	1	UID163766	1	1	0	0
1	1	UID163767	1	1	0	0
1	1	UID163771	1	1	0	0
1	1	UID163772	1	1	0	0
1	1	UID163773	1	1	0	0
1	1	UID163774	1	1	0	0
1	1	UID163775	1	1	0	0
1	1	UID163776	1	1	0	0
1	1	UID163777	1	1	0	0
1	1	UID163785	1	1	0	0
1	1	UID163787	1	1	0	0
1	1	UID163789	1	1	0	0
1	1	UID163792	1	1	0	0
1	1	UID163793	1	1	0	0
1	1	UID163794	1	1	0	0
1	1	UID163796	1	1	0	0
1	1	UID163797	1	1	0	0
1	1	UID163798	1	1	0	0
1	1	UID163799	1	1	0	0
1	1	UID163800	1	1	0	0
1	1	UID163802	1	1	0	0
1	1	UID163803	1	1	0	0
1	1	UID163808	1	1	0	0
1	1	UID163812	1	1	0	0
1	1	UID163813	1	1	0	0
1	1	UID163816	1	1	0	0
1	1	UID163820	1	1	0	0
1	1	UID163821	1	1	0	0
1	1	UID163822	1	1	0	0
1	1	UID163824	1	1	0	0
1	1	UID163826	1	1	0	0
1	1	UID163828	1	1	0	0
1	1	UID163829	1	1	0	0
1	1	UID163831	1	1	0	0
1	1	UID163836	1	1	0	0
1	1	UID163838	1	1	0	0
1	1	UID163840	1	1	0	0
1	1	UID163841	1	1	0	0
1	1	UID163842	1	1	0	0
1	1	UID163843	1	1	0	0
1	1	UID163846	1	1	0	0
1	1	UID163847	1	1	0	0
1	1	UID163848	1	1	0	0
1	1	UID163853	1	1	0	0
1	1	UID163854	1	1	0	0
1	1	UID163858	1	1	0	0
1	1	UID163859	1	1	0	0
1	1	UID163861	1	1	0	0
1	1	UID163868	1	1	0	0
1	1	UID163869	1	1	0	0
1	1	UID163870	1	1	0	0
1	1	UID163874	1	1	0	0
1	1	UID163877	1	1	0	0
1	1	UID163878	1	1	0	0
1	1	UID163879	1	1	0	0
1	1	UID163880	1	1	0	0
1	1	UID163882	1	1	0	0
1	1	UID163883	1	1	0	0
1	1	UID163884	1	1	0	0
1	1	UID163885	1	1	0	0
1	1	UID163889	1	1	0	0
1	1	UID163890	1	1	0	0
1	1	UID163891	1	1	0	0
1	1	UID163896	1	1	0	0
1	1	UID163897	1	1	0	0
1	1	UID163898	1	1	0	0
1	1	UID163899	1	1	0	0
1	1	UID163901	1	1	0	0
1	1	UID163902	1	1	0	0
1	1	UID163903	1	1	0	0
1	1	UID163904	1	1	0	0
1	1	UID163910	1	1	0	0
1	1	UID163911	1	1	0	0
1	1	UID163913	1	1	0	0
1	1	UID163917	1	1	0	0
1	1	UID163920	1	1	0	0
1	1	UID163921	1	1	0	0
1	1	UID163925	1	1	0	0
1	1	UID163926	1	1	0	0
1	1	UID163927	1	1	0	0
1	1	UID163930	1	1	0	0
1	1	UID163931	1	1	0	0
1	1	UID163932	1	1	0	0
1	1	UID163933	1	1	0	0
1	1	UID163934	1	1	0	0
1	1	UID163935	1	1	0	0
1	1	UID163936	1	1	0	0
1	1	UID163938	1	1	0	0
1	1	UID163941	1	1	0	0
1	1	UID163945	1	1	0	0
1	1	UID163948	1	1	0	0
1	1	UID163949	1	1	0	0
1	1	UID163951	1	1	0	0
1	1	UID163953	1	1	0	0
1	1	UID163955	1	1	0	0
1	1	UID163956	1	1	0	0
1	1	UID163957	1	1	0	0
1	1	UID163961	1	1	0	0
1	1	UID163969	1	1	0	0
1	1	UID163970	1	1	0	0
1	1	UID163979	1	1	0	0
1	1	UID163980	1	1	0	0
1	1	UID163981	1	1	0	0
1	1	UID163987	1	1	0	0
1	1	UID163990	1	1	0	0
1	1	UID163993	1	1	0	0
1	1	UID163994	1	1	0	0
1	1	UID163995	1	1	0	0
1	1	UID163996	1	1	0	0
1	1	UID164001	1	1	0	0
1	1	UID164004	1	1	0	0
1	1	UID164006	1	1	0	0
1	1	UID164007	1	1	0	0
1	1	UID164008	1	1	0	0
1	1	UID164009	1	1	0	0
1	1	UID164011	1	1	0	0
1	1	UID164013	1	1	0	0
1	1	UID164017	1	1	0	0
1	1	UID164018	1	1	0	0
1	1	UID164023	1	1	0	0
1	1	UID164024	1	1	0	0
1	1	UID164025	1	1	0	0
1	1	UID164026	1	1	0	0
1	1	UID164027	1	1	0	0
1	1	UID164030	1	1	0	0
1	1	UID164031	1	1	0	0
1	1	UID164034	1	1	0	0
1	1	UID164036	1	1	0	0
1	1	UID164037	1	1	0	0
1	1	UID164038	1	1	0	0
1	1	UID164039	1	1	0	0
1	1	UID164041	1	1	0	0
1	1	UID164045	1	1	0	0
1	1	UID164046	1	1	0	0
1	1	UID164047	1	1	0	0
1	1	UID164048	1	1	0	0
1	1	UID164050	1	1	0	0
1	1	UID164051	1	1	0	0
1	1	UID164055	1	1	0	0
1	1	UID164056	1	1	0	0
1	1	UID164061	1	1	0	0
1	1	UID164062	1	1	0	0
1	1	UID164064	1	1	0	0
1	1	UID164066	1	1	0	0
1	1	UID164072	1	1	0	0
1	1	UID164075	1	1	0	0
1	1	UID164078	1	1	0	0
1	1	UID164086	1	1	0	0
1	1	UID164088	1	1	0	0
1	1	UID164093	1	1	0	0
1	1	UID164131	1	1	0	0
1	1	UID164154	1	1	0	0
1	1	UID164159	1	1	0	0
1	1	UID164166	1	1	0	0
1	1	UID164169	1	1	0	0
1	1	UID164173	1	1	0	0
1	1	UID164175	1	1	0	0
1	1	UID164189	1	1	0	0
1	1	UID164190	1	1	0	0
1	1	UID164191	1	1	0	0
1	1	UID164194	1	1	0	0
1	1	UID164195	1	1	0	0
1	1	UID164196	1	1	0	0
1	1	UID164197	1	1	0	0
1	1	UID164198	1	1	0	0
1	1	UID164199	1	1	0	0
1	1	UID164200	1	1	0	0
1	1	UID164201	1	1	0	0
3	3	UID164204	1	3	2	2
1	1	UID164207	1	1	0	0
1	1	UID164208	1	1	0	0
1	1	UID164210	1	1	0	0
1	1	UID164212	1	1	0	0
1	1	UID164213	1	1	0	0
1	1	UID164214	1	1	0	0
1	1	UID164216	1	1	0	0
1	1	UID164218	1	1	0	0
1	1	UID164219	1	1	0	0
1	1	UID164220	1	1	0	0
1	1	UID164221	1	1	0	0
1	1	UID164223	1	1	0	0
1	1	UID164224	1	1	0	0
1	1	UID164225	1	1	0	0
1	1	UID164230	1	1	0	0
1	1	UID164231	1	1	0	0
1	1	UID164232	1	1	0	0
1	1	UID164233	1	1	0	0
1	1	UID164234	1	1	0	0
1	1	UID164235	1	1	0	0
1	1	UID164242	1	1	0	0
1	1	UID164244	1	1	0	0
1	1	UID164245	1	1	0	0
1	1	UID164246	1	1	0	0
1	1	UID164247	1	1	0	0
1	1	UID164248	1	1	0	0
1	1	UID164254	1	1	0	0
1	1	UID164255	1	1	0	0
1	1	UID164256	1	1	0	0
1	1	UID164258	1	1	0	0
1	1	UID164259	1	1	0	0
1	1	UID164260	1	1	0	0
1	1	UID164261	1	1	0	0
1	1	UID164262	1	1	0	0
1	1	UID164263	1	1	0	0
1	1	UID164264	1	1	0	0
1	1	UID164265	1	1	0	0
1	1	UID164266	1	1	0	0
1	1	UID164267	1	1	0	0
1	1	UID164272	1	1	0	0
1	1	UID164273	1	1	0	0
1	1	UID164274	1	1	0	0
1	1	UID164275	1	1	0	0
1	1	UID164276	1	1	0	0
1	1	UID164277	1	1	0	0
1	1	UID164278	1	1	0	0
1	1	UID164279	1	1	0	0
1	1	UID164280	1	1	0	0
1	1	UID164281	1	1	0	0
1	1	UID164283	1	1	0	0
1	1	UID164284	1	1	0	0
1	1	UID164285	1	1	0	0
1	1	UID164286	1	1	0	0
1	1	UID164288	1	1	0	0
1	1	UID164289	1	1	0	0
1	1	UID164291	1	1	0	0
1	1	UID164292	1	1	0	0
1	1	UID164293	1	1	0	0
1	1	UID164294	1	1	0	0
1	1	UID164295	1	1	0	0
1	1	UID164298	1	1	0	0
1	1	UID164300	1	1	0	0
1	1	UID164301	1	1	0	0
1	1	UID164303	1	1	0	0
1	1	UID164304	1	1	0	0
1	1	UID164307	1	1	0	0
1	1	UID164312	1	1	0	0
1	1	UID164315	1	1	0	0
1	1	UID164317	1	1	0	0
1	1	UID164319	1	1	0	0
1	1	UID164320	1	1	0	0
1	1	UID164322	1	1	0	0
1	1	UID164326	1	1	0	0
1	1	UID164328	1	1	0	0
1	1	UID164329	1	1	0	0
1	1	UID164331	1	1	0	0
1	1	UID164333	1	1	0	0
1	1	UID164337	1	1	0	0
1	1	UID164339	1	1	0	0
1	1	UID164340	1	1	0	0
1	1	UID164342	1	1	0	0
1	1	UID164343	1	1	0	0
1	1	UID164344	1	1	0	0
1	1	UID164348	1	1	0	0
1	1	UID164352	1	1	0	0
1	1	UID164357	1	1	0	0
1	1	UID164358	1	1	0	0
1	1	UID164359	1	1	0	0
1	1	UID164363	1	1	0	0
1	1	UID164374	1	1	0	0
1	1	UID164376	1	1	0	0
1	1	UID164377	1	1	0	0
1	1	UID164378	1	1	0	0
1	1	UID164380	1	1	0	0
1	1	UID164384	1	1	0	0
1	1	UID164386	1	1	0	0
1	1	UID164396	1	1	0	0
1	1	UID164401	1	1	0	0
1	1	UID164409	1	1	0	0
1	1	UID164433	1	1	0	0
1	1	UID164449	1	1	0	0
1	1	UID164473	1	1	0	0
1	1	UID164489	1	1	0	0
1	1	UID164510	1	1	0	0
1	1	UID164514	1	1	0	0
1	1	UID164523	1	1	0	0
1	1	UID164527	1	1	0	0
1	1	UID164560	1	1	0	0
1	1	UID164585	1	1	0	0
1	1	UID164591	1	1	0	0
1	1	UID164595	1	1	0	0
1	1	UID164604	1	1	0	0
1	1	UID164605	1	1	0	0
1	1	UID164616	1	1	0	0
1	1	UID164621	1	1	0	0
1	1	UID164622	1	1	0	0
1	1	UID164623	1	1	0	0
1	1	UID164627	1	1	0	0
1	1	UID164633	1	1	0	0
1	1	UID164634	1	1	0	0
1	1	UID164635	1	1	0	0
1	1	UID164636	1	1	0	0
1	1	UID164637	1	1	0	0
1	1	UID164639	1	1	0	0
1	1	UID164640	1	1	0	0
1	1	UID164641	1	1	0	0
1	1	UID164642	1	1	0	0
1	1	UID164643	1	1	0	0
1	1	UID164644	1	1	0	0
1	1	UID164645	1	1	0	0
1	1	UID164646	1	1	0	0
1	1	UID164649	1	1	0	0
1	1	UID164650	1	1	0	0
1	1	UID164651	1	1	0	0
1	1	UID164657	1	1	0	0
1	1	UID164661	1	1	0	0
1	1	UID164663	1	1	0	0
1	1	UID164664	1	1	0	0
1	1	UID164665	1	1	0	0
1	1	UID164667	1	1	0	0
1	1	UID164669	1	1	0	0
1	1	UID164670	1	1	0	0
1	1	UID164671	1	1	0	0
1	1	UID164672	1	1	0	0
1	1	UID164673	1	1	0	0
1	1	UID164674	1	1	0	0
1	1	UID164675	1	1	0	0
1	1	UID164677	1	1	0	0
1	1	UID164678	1	1	0	0
1	1	UID164679	1	1	0	0
1	1	UID164680	1	1	0	0
1	1	UID164682	1	1	0	0
1	1	UID164687	1	1	0	0
1	1	UID164690	1	1	0	0
1	1	UID164691	1	1	0	0
1	1	UID164694	1	1	0	0
1	1	UID164696	1	1	0	0
1	1	UID164703	1	1	0	0
1	1	UID164704	1	1	0	0
1	1	UID164705	1	1	0	0
1	1	UID164706	1	1	0	0
1	1	UID164710	1	1	0	0
1	1	UID164712	1	1	0	0
1	1	UID164713	1	1	0	0
1	1	UID164714	1	1	0	0
1	1	UID164715	1	1	0	0
1	1	UID164716	1	1	0	0
1	1	UID164733	1	1	0	0
1	1	UID164736	1	1	0	0
1	1	UID164753	1	1	0	0
1	1	UID164761	1	1	0	0
1	1	UID164763	1	1	0	0
1	1	UID164764	1	1	0	0
1	1	UID164766	1	1	0	0
1	1	UID164767	1	1	0	0
1	1	UID164768	1	1	0	0
1	1	UID164769	1	1	0	0
1	1	UID164771	1	1	0	0
1	1	UID164773	1	1	0	0
1	1	UID164774	1	1	0	0
1	1	UID164775	1	1	0	0
1	1	UID164776	1	1	0	0
1	1	UID164777	1	1	0	0
1	1	UID164778	1	1	0	0
1	1	UID164779	1	1	0	0
2	2	UID164780	1	2	1	1
1	1	UID164785	1	1	0	0
1	1	UID164788	1	1	0	0
1	1	UID164790	1	1	0	0
1	1	UID164791	1	1	0	0
1	1	UID164792	1	1	0	0
1	1	UID164793	1	1	0	0
1	1	UID164794	1	1	0	0
1	1	UID164795	1	1	0	0
1	1	UID164796	1	1	0	0
1	1	UID164798	1	1	0	0
1	1	UID164799	1	1	0	0
1	1	UID164802	1	1	0	0
1	1	UID164805	1	1	0	0
1	1	UID164807	1	1	0	0
1	1	UID164808	1	1	0	0
1	1	UID164809	1	1	0	0
1	1	UID164811	1	1	0	0
1	1	UID164812	1	1	0	0
1	1	UID164813	1	1	0	0
1	1	UID164814	1	1	0	0
1	1	UID164815	1	1	0	0
1	1	UID164817	1	1	0	0
1	1	UID164822	1	1	0	0
1	1	UID164824	1	1	0	0
1	1	UID164827	1	1	0	0
1	1	UID164828	1	1	0	0
1	1	UID164829	1	1	0	0
1	1	UID164837	1	1	0	0
1	1	UID164840	1	1	0	0
1	1	UID164841	1	1	0	0
1	1	UID164843	1	1	0	0
1	1	UID164844	1	1	0	0
1	1	UID164845	1	1	0	0
1	1	UID164847	1	1	0	0
1	1	UID164849	1	1	0	0
1	1	UID164850	1	1	0	0
1	1	UID164853	1	1	0	0
1	1	UID164856	1	1	0	0
1	1	UID164857	1	1	0	0
1	1	UID164860	1	1	0	0
1	1	UID164861	1	1	0	0
1	1	UID164863	1	1	0	0
1	1	UID164864	1	1	0	0
1	1	UID164865	1	1	0	0
1	1	UID164868	1	1	0	0
1	1	UID164869	1	1	0	0
1	1	UID164870	1	1	0	0
2	2	UID164871	1	2	1	1
1	1	UID164873	1	1	0	0
1	1	UID164875	1	1	0	0
1	1	UID164876	1	1	0	0
1	1	UID164880	1	1	0	0
1	1	UID164881	1	1	0	0
1	1	UID164884	1	1	0	0
1	1	UID164886	1	1	0	0
1	1	UID164887	1	1	0	0
1	1	UID164888	1	1	0	0
1	1	UID164891	1	1	0	0
1	1	UID164893	1	1	0	0
1	1	UID164896	1	1	0	0
1	1	UID164897	1	1	0	0
1	1	UID164898	1	1	0	0
1	1	UID164899	1	1	0	0
1	1	UID164900	1	1	0	0
1	1	UID164905	1	1	0	0
1	1	UID164907	1	1	0	0
1	1	UID164908	1	1	0	0
1	1	UID164909	1	1	0	0
1	1	UID164910	1	1	0	0
1	1	UID164911	1	1	0	0
1	1	UID164912	1	1	0	0
1	1	UID164913	1	1	0	0
1	1	UID164918	1	1	0	0
1	1	UID164925	1	1	0	0
1	1	UID164926	1	1	0	0
1	1	UID164929	1	1	0	0
1	1	UID164930	1	1	0	0
1	1	UID164931	1	1	0	0
1	1	UID164932	1	1	0	0
1	1	UID164933	1	1	0	0
1	1	UID164935	1	1	0	0
1	1	UID164936	1	1	0	0
1	1	UID164937	1	1	0	0
1	1	UID164938	1	1	0	0
1	1	UID164941	1	1	0	0
1	1	UID164942	1	1	0	0
1	1	UID164943	1	1	0	0
1	1	UID164944	1	1	0	0
1	1	UID164945	1	1	0	0
1	1	UID164946	1	1	0	0
1	1	UID164947	1	1	0	0
1	1	UID164953	1	1	0	0
1	1	UID164958	1	1	0	0
1	1	UID164959	1	1	0	0
1	1	UID164960	1	1	0	0
1	1	UID164961	1	1	0	0
1	1	UID164962	1	1	0	0
1	1	UID164963	1	1	0	0
1	1	UID164966	1	1	0	0
1	1	UID164967	1	1	0	0
1	1	UID164968	1	1	0	0
1	1	UID164969	1	1	0	0
1	1	UID164970	1	1	0	0
1	1	UID164971	1	1	0	0
1	1	UID164972	1	1	0	0
1	1	UID164974	1	1	0	0
1	1	UID164975	1	1	0	0
1	1	UID164976	1	1	0	0
1	1	UID164977	1	1	0	0
1	1	UID164978	1	1	0	0
4	4	UID164979	1	4	2	2
1	1	UID164983	1	1	0	0
1	1	UID164984	1	1	0	0
1	1	UID164985	1	1	0	0
1	1	UID164986	1	1	0	0
1	1	UID164987	1	1	0	0
1	1	UID164988	1	1	0	0
1	1	UID164989	1	1	0	0
1	1	UID164990	1	1	0	0
1	1	UID164993	1	1	0	0
1	1	UID164995	1	1	0	0
1	1	UID164997	1	1	0	0
1	1	UID164999	1	1	0	0
1	1	UID165003	1	1	0	0
1	1	UID165004	1	1	0	0
1	1	UID165005	1	1	0	0
1	1	UID165006	1	1	0	0
1	1	UID165007	1	1	0	0
1	1	UID165008	1	1	0	0
1	1	UID165009	1	1	0	0
1	1	UID165010	1	1	0	0
1	1	UID165011	1	1	0	0
1	1	UID165013	1	1	0	0
1	1	UID165019	1	1	0	0
1	1	UID165021	1	1	0	0
1	1	UID165022	1	1	0	0
1	1	UID165023	1	1	0	0
1	1	UID165024	1	1	0	0
1	1	UID165025	1	1	0	0
1	1	UID165026	1	1	0	0
1	1	UID165027	1	1	0	0
1	1	UID165028	1	1	0	0
1	1	UID165029	1	1	0	0
1	1	UID165030	1	1	0	0
1	1	UID165032	1	1	0	0
1	1	UID165033	1	1	0	0
1	1	UID165039	1	1	0	0
1	1	UID165040	1	1	0	0
1	1	UID165041	1	1	0	0
1	1	UID165044	1	1	0	0
1	1	UID165045	1	1	0	0
1	1	UID165046	1	1	0	0
1	1	UID165048	1	1	0	0
1	1	UID165049	1	1	0	0
1	1	UID165052	1	1	0	0
1	1	UID165053	1	1	0	0
1	1	UID165054	1	1	0	0
1	1	UID165056	1	1	0	0
1	1	UID165057	1	1	0	0
1	1	UID165060	1	1	0	0
1	1	UID165062	1	1	0	0
1	1	UID165063	1	1	0	0
1	1	UID165066	1	1	0	0
1	1	UID165068	1	1	0	0
1	1	UID165069	1	1	0	0
1	1	UID165070	1	1	0	0
1	1	UID165071	1	1	0	0
1	1	UID165073	1	1	0	0
1	1	UID165080	1	1	0	0
1	1	UID165081	1	1	0	0
1	1	UID165085	1	1	0	0
1	1	UID165095	1	1	0	0
1	1	UID165102	1	1	0	0
1	1	UID165109	1	1	0	0
1	1	UID165130	1	1	0	0
1	1	UID165145	1	1	0	0
1	1	UID165149	1	1	0	0
1	1	UID165157	1	1	0	0
1	1	UID165160	1	1	0	0
1	1	UID165161	1	1	0	0
2	2	UID165162	1	2	1	1
1	1	UID165187	1	1	0	0
1	1	UID165189	1	1	0	0
1	1	UID165237	1	1	0	0
1	1	UID165245	1	1	0	0
1	1	UID165246	1	1	0	0
1	1	UID165247	1	1	0	0
1	1	UID165250	1	1	0	0
1	1	UID165252	1	1	0	0
1	1	UID165253	1	1	0	0
1	1	UID165255	1	1	0	0
1	1	UID165258	1	1	0	0
1	1	UID165259	1	1	0	0
1	1	UID165260	1	1	0	0
1	1	UID165261	1	1	0	0
1	1	UID165262	1	1	0	0
1	1	UID165265	1	1	0	0
1	1	UID165266	1	1	0	0
1	1	UID165267	1	1	0	0
1	1	UID165268	1	1	0	0
1	1	UID165270	1	1	0	0
1	1	UID165271	1	1	0	0
1	1	UID165272	1	1	0	0
1	1	UID165273	1	1	0	0
1	1	UID165274	1	1	0	0
1	1	UID165275	1	1	0	0
1	1	UID165276	1	1	0	0
1	1	UID165277	1	1	0	0
1	1	UID165278	1	1	0	0
1	1	UID165279	1	1	0	0
1	1	UID165280	1	1	0	0
1	1	UID165282	1	1	0	0
1	1	UID165283	1	1	0	0
1	1	UID165285	1	1	0	0
1	1	UID165289	1	1	0	0
1	1	UID165290	1	1	0	0
1	1	UID165291	1	1	0	0
1	1	UID165292	1	1	0	0
1	1	UID165295	1	1	0	0
1	1	UID165301	1	1	0	0
1	1	UID165307	1	1	0	0
1	1	UID165311	1	1	0	0
1	1	UID165313	1	1	0	0
1	1	UID165315	1	1	0	0
1	1	UID165316	1	1	0	0
1	1	UID165317	1	1	0	0
1	1	UID165320	1	1	0	0
1	1	UID165321	1	1	0	0
1	1	UID165322	1	1	0	0
1	1	UID165324	1	1	0	0
1	1	UID165334	1	1	0	0
1	1	UID165335	1	1	0	0
1	1	UID165336	1	1	0	0
1	1	UID165337	1	1	0	0
1	1	UID165339	1	1	0	0
1	1	UID165342	1	1	0	0
1	1	UID165344	1	1	0	0
1	1	UID165346	1	1	0	0
1	1	UID165348	1	1	0	0
1	1	UID165349	1	1	0	0
1	1	UID165352	1	1	0	0
1	1	UID165353	1	1	0	0
1	1	UID165356	1	1	0	0
1	1	UID165357	1	1	0	0
1	1	UID165359	1	1	0	0
1	1	UID165360	1	1	0	0
1	1	UID165363	1	1	0	0
1	1	UID165364	1	1	0	0
1	1	UID165366	1	1	0	0
1	1	UID165368	1	1	0	0
1	1	UID165370	1	1	0	0
1	1	UID165377	1	1	0	0
1	1	UID165378	1	1	0	0
1	1	UID165380	1	1	0	0
1	1	UID165381	1	1	0	0
1	1	UID165383	1	1	0	0
1	1	UID165384	1	1	0	0
1	1	UID165388	1	1	0	0
1	1	UID165390	1	1	0	0
1	1	UID165394	1	1	0	0
1	1	UID165401	1	1	0	0
1	1	UID165402	1	1	0	0
1	1	UID165403	1	1	0	0
1	1	UID165404	1	1	0	0
1	1	UID165406	1	1	0	0
1	1	UID165407	1	1	0	0
1	1	UID165408	1	1	0	0
1	1	UID165409	1	1	0	0
1	1	UID165410	1	1	0	0
1	1	UID165411	1	1	0	0
1	1	UID165419	1	1	0	0
1	1	UID165423	1	1	0	0
1	1	UID165425	1	1	0	0
1	1	UID165426	1	1	0	0
1	1	UID165428	1	1	0	0
1	1	UID165429	1	1	0	0
1	1	UID165430	1	1	0	0
1	1	UID165431	1	1	0	0
1	1	UID165432	1	1	0	0
3	3	UID165433	1	3	2	2
1	1	UID165434	1	1	0	0
1	1	UID165437	1	1	0	0
1	1	UID165439	1	1	0	0
1	1	UID165440	1	1	0	0
1	1	UID165441	1	1	0	0
1	1	UID165442	1	1	0	0
1	1	UID165443	1	1	0	0
1	1	UID165447	1	1	0	0
1	1	UID165448	1	1	0	0
1	1	UID165451	1	1	0	0
1	1	UID165453	1	1	0	0
1	1	UID165454	1	1	0	0
1	1	UID165455	1	1	0	0
1	1	UID165456	1	1	0	0
1	1	UID165457	1	1	0	0
1	1	UID165458	1	1	0	0
1	1	UID165459	1	1	0	0
1	1	UID165462	1	1	0	0
1	1	UID165463	1	1	0	0
1	1	UID165464	1	1	0	0
1	1	UID165465	1	1	0	0
1	1	UID165475	1	1	0	0
1	1	UID165476	1	1	0	0
1	1	UID165481	1	1	0	0
1	1	UID165483	1	1	0	0
1	1	UID165484	1	1	0	0
1	1	UID165488	1	1	0	0
1	1	UID165491	1	1	0	0
1	1	UID165493	1	1	0	0
1	1	UID165495	1	1	0	0
1	1	UID165497	1	1	0	0
1	1	UID165498	1	1	0	0
1	1	UID165500	1	1	0	0
1	1	UID165501	1	1	0	0
1	1	UID165502	1	1	0	0
1	1	UID165505	1	1	0	0
1	1	UID165506	1	1	0	0
1	1	UID165507	1	1	0	0
1	1	UID165508	1	1	0	0
1	1	UID165509	1	1	0	0
1	1	UID165510	1	1	0	0
1	1	UID165511	1	1	0	0
1	1	UID165512	1	1	0	0
1	1	UID165513	1	1	0	0
1	1	UID165514	1	1	0	0
1	1	UID165517	1	1	0	0
1	1	UID165518	1	1	0	0
1	1	UID165525	1	1	0	0
1	1	UID165531	1	1	0	0
1	1	UID165532	1	1	0	0
1	1	UID165538	1	1	0	0
1	1	UID165540	1	1	0	0
1	1	UID165541	1	1	0	0
1	1	UID165542	1	1	0	0
1	1	UID165549	1	1	0	0
1	1	UID165551	1	1	0	0
1	1	UID165553	1	1	0	0
1	1	UID165554	1	1	0	0
1	1	UID165555	1	1	0	0
1	1	UID165556	1	1	0	0
1	1	UID165557	1	1	0	0
1	1	UID165564	1	1	0	0
1	1	UID165567	1	1	0	0
1	1	UID165570	1	1	0	0
1	1	UID165571	1	1	0	0
1	1	UID165573	1	1	0	0
1	1	UID165576	1	1	0	0
2	2	UID165579	1	2	1	1
1	1	UID165580	1	1	0	0
1	1	UID165581	1	1	0	0
1	1	UID165587	1	1	0	0
1	1	UID165592	1	1	0	0
1	1	UID165598	1	1	0	0
1	1	UID165599	1	1	0	0
1	1	UID165604	1	1	0	0
1	1	UID165608	1	1	0	0
1	1	UID165609	1	1	0	0
1	1	UID165612	1	1	0	0
1	1	UID165613	1	1	0	0
1	1	UID165614	1	1	0	0
1	1	UID165622	1	1	0	0
1	1	UID165623	1	1	0	0
1	1	UID165624	1	1	0	0
1	1	UID165625	1	1	0	0
1	1	UID165629	1	1	0	0
1	1	UID165632	1	1	0	0
1	1	UID165635	1	1	0	0
1	1	UID165636	1	1	0	0
1	1	UID165637	1	1	0	0
1	1	UID165638	1	1	0	0
1	1	UID165647	1	1	0	0
1	1	UID165650	1	1	0	0
1	1	UID165653	1	1	0	0
1	1	UID165671	1	1	0	0
1	1	UID165674	1	1	0	0
1	1	UID165680	1	1	0	0
1	1	UID165681	1	1	0	0
1	1	UID165686	1	1	0	0
1	1	UID165688	1	1	0	0
1	1	UID165695	1	1	0	0
1	1	UID165696	1	1	0	0
1	1	UID165697	1	1	0	0
1	1	UID165698	1	1	0	0
1	1	UID165700	1	1	0	0
1	1	UID165701	1	1	0	0
1	1	UID165702	1	1	0	0
1	1	UID165706	1	1	0	0
1	1	UID165707	1	1	0	0
1	1	UID165710	1	1	0	0
1	1	UID165711	1	1	0	0
1	1	UID165714	1	1	0	0
1	1	UID165727	1	1	0	0
1	1	UID165735	1	1	0	0
1	1	UID165739	1	1	0	0
1	1	UID165740	1	1	0	0
1	1	UID165741	1	1	0	0
1	1	UID165742	1	1	0	0
1	1	UID165751	1	1	0	0
1	1	UID165754	1	1	0	0
1	1	UID165757	1	1	0	0
1	1	UID165762	1	1	0	0
1	1	UID165767	1	1	0	0
1	1	UID165768	1	1	0	0
1	1	UID165774	1	1	0	0
1	1	UID165790	1	1	0	0
1	1	UID165791	1	1	0	0
1	1	UID165793	1	1	0	0
1	1	UID165794	1	1	0	0
1	1	UID165801	1	1	0	0
1	1	UID165802	1	1	0	0
1	1	UID165803	1	1	0	0
1	1	UID165820	1	1	0	0
1	1	UID165823	1	1	0	0
1	1	UID165830	1	1	0	0
1	1	UID165835	1	1	0	0
1	1	UID165837	1	1	0	0
1	1	UID165839	1	1	0	0
1	1	UID165840	1	1	0	0
1	1	UID165841	1	1	0	0
1	1	UID165843	1	1	0	0
1	1	UID165845	1	1	0	0
1	1	UID165866	1	1	0	0
1	1	UID165884	1	1	0	0
1	1	UID165885	1	1	0	0
1	1	UID165887	1	1	0	0
1	1	UID165894	1	1	0	0
1	1	UID165901	1	1	0	0
1	1	UID165902	1	1	0	0
1	1	UID165903	1	1	0	0
1	1	UID165910	1	1	0	0
1	1	UID165913	1	1	0	0
1	1	UID165914	1	1	0	0
1	1	UID165926	1	1	0	0
1	1	UID165944	1	1	0	0
1	1	UID165945	1	1	0	0
1	1	UID165948	1	1	0	0
1	1	UID165957	1	1	0	0
1	1	UID165958	1	1	0	0
1	1	UID165959	1	1	0	0
1	1	UID165960	1	1	0	0
1	1	UID165964	1	1	0	0
1	1	UID165968	1	1	0	0
1	1	UID165969	1	1	0	0
1	1	UID165970	1	1	0	0
1	1	UID165973	1	1	0	0
1	1	UID165974	1	1	0	0
1	1	UID165976	1	1	0	0
1	1	UID165977	1	1	0	0
1	1	UID165978	1	1	0	0
1	1	UID165980	1	1	0	0
1	1	UID165981	1	1	0	0
1	1	UID165984	1	1	0	0
1	1	UID165989	1	1	0	0
1	1	UID165997	1	1	0	0
1	1	UID166006	1	1	0	0
1	1	UID166008	1	1	0	0
1	1	UID166009	1	1	0	0
1	1	UID166010	1	1	0	0
1	1	UID166011	1	1	0	0
1	1	UID166012	1	1	0	0
1	1	UID166015	1	1	0	0
4	4	UID166016	1	4	2	2
1	1	UID166022	1	1	0	0
1	1	UID166023	1	1	0	0
1	1	UID166024	1	1	0	0
1	1	UID166025	1	1	0	0
1	1	UID166026	1	1	0	0
1	1	UID166027	1	1	0	0
1	1	UID166028	1	1	0	0
1	1	UID166030	1	1	0	0
1	1	UID166031	1	1	0	0
1	1	UID166033	1	1	0	0
1	1	UID166036	1	1	0	0
1	1	UID166039	1	1	0	0
1	1	UID166041	1	1	0	0
1	1	UID166043	1	1	0	0
1	1	UID166044	1	1	0	0
1	1	UID166050	1	1	0	0
1	1	UID166064	1	1	0	0
1	1	UID166071	1	1	0	0
1	1	UID166072	1	1	0	0
1	1	UID166073	1	1	0	0
1	1	UID166074	1	1	0	0
1	1	UID166076	1	1	0	0
1	1	UID166078	1	1	0	0
1	1	UID166079	1	1	0	0
1	1	UID166084	1	1	0	0
1	1	UID166085	1	1	0	0
1	1	UID166088	1	1	0	0
1	1	UID166102	1	1	0	0
1	1	UID166103	1	1	0	0
1	1	UID166104	1	1	0	0
1	1	UID166109	1	1	0	0
1	1	UID166112	1	1	0	0
1	1	UID166114	1	1	0	0
1	1	UID166117	1	1	0	0
1	1	UID166118	1	1	0	0
1	1	UID166120	1	1	0	0
1	1	UID166121	1	1	0	0
1	1	UID166123	1	1	0	0
1	1	UID166124	1	1	0	0
1	1	UID166128	1	1	0	0
1	1	UID166140	1	1	0	0
1	1	UID166148	1	1	0	0
1	1	UID166169	1	1	0	0
1	1	UID166172	1	1	0	0
1	1	UID166174	1	1	0	0
1	1	UID166178	1	1	0	0
1	1	UID166183	1	1	0	0
1	1	UID166186	1	1	0	0
1	1	UID166187	1	1	0	0
1	1	UID166189	1	1	0	0
1	1	UID166191	1	1	0	0
1	1	UID166193	1	1	0	0
1	1	UID166194	1	1	0	0
1	1	UID166196	1	1	0	0
1	1	UID166199	1	1	0	0
1	1	UID166225	1	1	0	0
1	1	UID166226	1	1	0	0
1	1	UID166228	1	1	0	0
1	1	UID166229	1	1	0	0
1	1	UID166247	1	1	0	0
1	1	UID166259	1	1	0	0
1	1	UID166264	1	1	0	0
1	1	UID166267	1	1	0	0
1	1	UID166268	1	1	0	0
1	1	UID166272	1	1	0	0
1	1	UID166274	1	1	0	0
1	1	UID166278	1	1	0	0
1	1	UID166280	1	1	0	0
1	1	UID166285	1	1	0	0
1	1	UID166289	1	1	0	0
1	1	UID166290	1	1	0	0
1	1	UID166291	1	1	0	0
1	1	UID166292	1	1	0	0
1	1	UID166313	1	1	0	0
1	1	UID166319	1	1	0	0
1	1	UID166324	1	1	0	0
1	1	UID166328	1	1	0	0
1	1	UID166331	1	1	0	0
1	1	UID166338	1	1	0	0
1	1	UID166339	1	1	0	0
1	1	UID166343	1	1	0	0
1	1	UID166347	1	1	0	0
1	1	UID166350	1	1	0	0
1	1	UID166351	1	1	0	0
1	1	UID166352	1	1	0	0
1	1	UID166356	1	1	0	0
1	1	UID166357	1	1	0	0
1	1	UID166359	1	1	0	0
1	1	UID166364	1	1	0	0
1	1	UID166366	1	1	0	0
1	1	UID166373	1	1	0	0
1	1	UID166388	1	1	0	0
1	1	UID166392	1	1	0	0
1	1	UID166397	1	1	0	0
1	1	UID166399	1	1	0	0
1	1	UID166401	1	1	0	0
1	1	UID166404	1	1	0	0
1	1	UID166405	1	1	0	0
1	1	UID166408	1	1	0	0
1	1	UID166410	1	1	0	0
1	1	UID166411	1	1	0	0
1	1	UID166413	1	1	0	0
1	1	UID166416	1	1	0	0
1	1	UID166420	1	1	0	0
1	1	UID166421	1	1	0	0
1	1	UID166424	1	1	0	0
1	1	UID166425	1	1	0	0
1	1	UID166429	1	1	0	0
1	1	UID166433	1	1	0	0
1	1	UID166434	1	1	0	0
1	1	UID166435	1	1	0	0
1	1	UID166437	1	1	0	0
1	1	UID166438	1	1	0	0
1	1	UID166442	1	1	0	0
1	1	UID166450	1	1	0	0
1	1	UID166452	1	1	0	0
1	1	UID166457	1	1	0	0
1	1	UID166458	1	1	0	0
1	1	UID166460	1	1	0	0
1	1	UID166461	1	1	0	0
1	1	UID166468	1	1	0	0
1	1	UID166483	1	1	0	0
1	1	UID166484	1	1	0	0
1	1	UID166485	1	1	0	0
1	1	UID166490	1	1	0	0
1	1	UID166508	1	1	0	0
1	1	UID166509	1	1	0	0
1	1	UID166511	1	1	0	0
1	1	UID166514	1	1	0	0
1	1	UID166518	1	1	0	0
1	1	UID166521	1	1	0	0
1	1	UID166523	1	1	0	0
1	1	UID166546	1	1	0	0
1	1	UID166548	1	1	0	0
1	1	UID166550	1	1	0	0
1	1	UID166553	1	1	0	0
1	1	UID166554	1	1	0	0
1	1	UID166555	1	1	0	0
1	1	UID166568	1	1	0	0
1	1	UID166572	1	1	0	0
1	1	UID166575	1	1	0	0
1	1	UID166579	1	1	0	0
1	1	UID166582	1	1	0	0
1	1	UID166592	1	1	0	0
1	1	UID166593	1	1	0	0
1	1	UID166594	1	1	0	0
1	1	UID166614	1	1	0	0
1	1	UID166624	1	1	0	0
1	1	UID166625	1	1	0	0
1	1	UID166627	1	1	0	0
1	1	UID166628	1	1	0	0
1	1	UID166632	1	1	0	0
1	1	UID166636	1	1	0	0
1	1	UID166637	1	1	0	0
1	1	UID166657	1	1	0	0
1	1	UID166664	1	1	0	0
1	1	UID166665	1	1	0	0
1	1	UID166666	1	1	0	0
1	1	UID166668	1	1	0	0
1	1	UID166671	1	1	0	0
1	1	UID166677	1	1	0	0
1	1	UID166683	1	1	0	0
1	1	UID166686	1	1	0	0
1	1	UID166695	1	1	0	0
1	1	UID166698	1	1	0	0
1	1	UID166699	1	1	0	0
1	1	UID166700	1	1	0	0
1	1	UID166702	1	1	0	0
1	1	UID166703	1	1	0	0
1	1	UID166704	1	1	0	0
1	1	UID166708	1	1	0	0
1	1	UID166714	1	1	0	0
1	1	UID166716	1	1	0	0
1	1	UID166719	1	1	0	0
1	1	UID166721	1	1	0	0
1	1	UID166733	1	1	0	0
1	1	UID166734	1	1	0	0
1	1	UID166738	1	1	0	0
1	1	UID166740	1	1	0	0
1	1	UID166748	1	1	0	0
1	1	UID166751	1	1	0	0
1	1	UID166752	1	1	0	0
1	1	UID166769	1	1	0	0
1	1	UID166772	1	1	0	0
1	1	UID166773	1	1	0	0
1	1	UID166774	1	1	0	0
1	1	UID166775	1	1	0	0
1	1	UID166776	1	1	0	0
1	1	UID166778	1	1	0	0
1	1	UID166780	1	1	0	0
1	1	UID166781	1	1	0	0
1	1	UID166782	1	1	0	0
1	1	UID166783	1	1	0	0
1	1	UID166784	1	1	0	0
1	1	UID166786	1	1	0	0
1	1	UID166793	1	1	0	0
1	1	UID166795	1	1	0	0
1	1	UID166796	1	1	0	0
1	1	UID166801	1	1	0	0
1	1	UID166805	1	1	0	0
1	1	UID166808	1	1	0	0
1	1	UID166809	1	1	0	0
1	1	UID166811	1	1	0	0
1	1	UID166818	1	1	0	0
1	1	UID166822	1	1	0	0
1	1	UID166823	1	1	0	0
1	1	UID166824	1	1	0	0
1	1	UID166827	1	1	0	0
1	1	UID18969	1	1	0	0
1	1	UID22	1	1	0	0
1	1	UID246	1	1	0	0
1	1	UID25975	1	1	0	0
1	1	UID268	1	1	0	0
1	1	UID328	1	1	0	0
1	1	UID34004	1	1	0	0
1	1	UID36105	1	1	0	0
1	1	UID40402	1	1	0	0
1	1	UID44082	1	1	0	0
1	1	UID50152	1	1	0	0
1	1	UID58298	1	1	0	0
1	1	UID60546	1	1	0	0
1	1	UID608	1	1	0	0
4	4	UID67650	1	4	1	1
1	1	UID708	1	1	0	0
1	1	UID70990	1	1	0	0
1	1	UID73228	1	1	0	0
1	1	UID74671	1	1	0	0
1	1	UID78486	1	1	0	0
1	1	UID82065	1	1	0	0
1	1	UID89277	1	1	0	0
