2391	8851	UID1	3171	1944	6	6
2393	7349	UID553	2633	1996	4	4
1035	3333	UID62066	1417	819	6	6
1374	3898	UID2	1148	1110	8	8
873	2502	UID310	977	689	4	4
442	951	UID84211	289	362	6	6
141	411	UID154412	206	112	3	3
383	718	UID37773	199	329	5	5
601	1057	UID61290	191	535	6	6
773	1327	UID61275	165	700	6	6
145	355	UID105000	161	124	3	3
300	583	UID48623	160	270	3	3
136	329	UID104696	145	110	2	2
237	423	UID8021	132	212	9	9
228	382	UID779	113	205	4	4
239	407	UID9771	104	218	5	5
295	502	UID1533	82	268	5	5
166	292	UID7646	77	149	4	4
71	157	UID154415	71	64	2	2
138	218	UID625	71	128	4	4
105	191	UID101310	63	93	3	3
56	120	UID72417	56	49	2	2
118	190	UID335	52	109	4	4
77	129	UID8087	43	71	3	3
101	158	UID61304	42	93	4	4
131	217	UID61379	42	113	4	4
179	279	UID61312	37	164	4	4
71	107	UID216	32	66	2	2
34	63	UID104664	29	32	2	2
61	105	UID554	29	56	2	2
22	49	UID48426	28	21	2	2
49	87	UID9015	28	47	3	3
40	68	UID48688	26	36	2	2
22	45	UID48430	24	21	1	1
28	55	UID72416	23	24	2	2
54	83	UID117214	22	50	3	3
28	51	UID117216	22	25	2	2
35	58	UID154417	22	32	2	2
24	49	UID207	22	20	2	2
28	50	UID228	22	26	2	2
34	55	UID61799	22	33	2	2
17	37	UID62068	21	16	1	1
29	50	UID18	20	27	2	2
17	39	UID72	19	13	2	2
10	27	UID48429	18	9	1	1
18	35	UID104096	17	16	2	2
28	48	UID22	17	24	2	2
25	44	UID85	17	22	2	2
28	43	UID27120	16	27	3	3
31	47	UID62071	15	29	2	2
16	31	UID99	15	14	2	2
27	41	UID191	14	25	2	2
10	23	UID194	14	9	2	2
44	67	UID384	13	40	3	3
14	26	UID608	12	12	2	2
9	20	UID63229	12	8	1	1
15	28	UID72438	12	12	1	1
10	21	UID73563	12	9	2	2
38	61	UID8082	12	35	2	2
21	33	UID27093	11	18	2	2
10	20	UID77	11	9	1	1
12	22	UID104030	10	10	2	2
7	16	UID11765	10	6	1	1
9	19	UID189	10	7	2	2
24	36	UID206	10	21	3	3
13	25	UID48822	10	11	2	2
8	16	UID104020	9	7	1	1
11	19	UID117213	9	10	1	1
8	16	UID149	9	7	3	3
4	12	UID303	9	3	1	1
13	21	UID525	9	12	2	2
21	39	UID62971	9	17	2	2
12	19	UID1032	8	11	3	3
23	30	UID103971	8	22	2	2
9	16	UID107467	8	8	1	1
8	15	UID115	8	7	1	1
25	38	UID48449	8	19	2	2
7	14	UID49363	8	6	1	1
29	39	UID103933	7	27	2	2
9	15	UID104316	7	8	1	1
6	12	UID104550	7	5	1	1
9	16	UID138	7	7	1	1
15	21	UID157	7	14	3	3
22	30	UID27100	7	20	2	2
15	21	UID29	7	14	2	2
6	12	UID49397	7	5	0	0
3	9	UID522	7	2	1	1
6	12	UID61990	7	5	1	1
10	15	UID101296	6	9	1	1
9	14	UID104093	6	8	1	1
10	15	UID117219	6	9	1	1
9	15	UID122	6	7	2	2
10	15	UID208	6	9	1	1
8	13	UID242	6	7	1	1
8	13	UID248	6	7	2	2
39	51	UID31270	6	35	3	3
12	17	UID48465	6	11	1	1
31	39	UID56127	6	28	3	3
3	8	UID68	6	2	0	0
8	13	UID736	6	7	1	1
17	24	UID84	6	14	2	2
6	11	UID928	6	5	2	2
4	8	UID103956	5	3	1	1
10	14	UID108	5	9	1	1
3	7	UID11911	5	2	1	1
2	6	UID12252	5	1	1	1
9	15	UID131	5	6	2	2
6	10	UID154465	5	5	1	1
9	13	UID154479	5	8	1	1
4	8	UID154485	5	3	1	1
19	25	UID31304	5	17	3	3
14	18	UID48519	5	13	2	2
2	6	UID48626	5	1	1	1
6	10	UID496	5	5	1	1
5	9	UID521	5	4	1	1
14	21	UID55844	5	12	2	2
30	38	UID74985	5	27	3	3
9	12	UID103986	4	8	1	1
8	11	UID112287	4	7	1	1
12	16	UID117232	4	10	2	2
9	12	UID11792	4	8	1	1
4	7	UID11803	4	3	1	1
5	8	UID11821	4	4	1	1
3	6	UID134034	4	2	1	1
23	26	UID154506	4	22	2	2
5	8	UID154514	4	4	1	1
14	17	UID158	4	13	2	2
10	13	UID221	4	9	1	1
7	11	UID327	4	5	2	2
1	4	UID329	4	0	0	0
5	8	UID376	4	4	1	1
10	14	UID520	4	8	1	1
14	18	UID558	4	12	3	3
11	14	UID607	4	10	2	2
6	9	UID72436	4	5	1	1
7	10	UID74959	4	6	1	1
8	11	UID931	4	7	1	1
14	17	UID94	4	13	2	2
2	4	UID101314	3	1	0	0
7	10	UID103949	3	5	1	1
17	21	UID103974	3	15	3	3
6	8	UID103981	3	5	1	1
6	8	UID103982	3	5	1	1
6	8	UID104059	3	5	2	2
13	16	UID104232	3	11	2	2
3	5	UID104371	3	2	1	1
3	5	UID104434	3	2	1	1
7	9	UID1139	3	6	2	2
9	12	UID114376	3	7	1	1
6	8	UID11791	3	5	1	1
3	5	UID11874	3	2	1	1
2	4	UID1350	3	1	1	1
17	22	UID154565	3	13	2	2
3	5	UID154570	3	2	0	0
4	6	UID154589	3	3	1	1
7	9	UID154591	3	6	2	2
1	3	UID154594	3	0	0	0
7	10	UID154599	3	5	2	2
10	12	UID154607	3	9	1	1
6	8	UID17272	3	5	1	1
8	10	UID196	3	7	2	2
6	8	UID27098	3	5	1	1
4	6	UID284	3	3	0	0
4	6	UID293	3	3	2	2
1	3	UID29953	3	0	0	0
3	5	UID352	3	2	1	1
7	9	UID441	3	6	2	2
1	3	UID47365	3	0	0	0
5	8	UID49407	3	3	2	2
12	15	UID49496	3	10	2	2
9	11	UID580	3	8	1	1
3	5	UID61451	3	2	1	1
12	14	UID63231	3	11	2	2
4	6	UID66434	3	3	1	1
3	5	UID73590	3	2	1	1
3	5	UID7557	3	2	1	1
3	5	UID837	3	2	1	1
7	8	UID1008	2	6	2	2
3	4	UID104065	2	2	1	1
5	6	UID104128	2	4	1	1
3	4	UID104188	2	2	1	1
4	5	UID104189	2	3	1	1
18	20	UID104321	2	16	2	2
3	4	UID104414	2	2	1	1
10	12	UID104436	2	8	2	2
3	5	UID104475	2	1	1	1
2	3	UID104494	2	1	1	1
2	3	UID104495	2	1	1	1
6	7	UID104548	2	5	1	1
6	7	UID104579	2	5	1	1
4	5	UID105049	2	3	1	1
1	2	UID105358	2	0	0	0
3	4	UID112324	2	2	1	1
2	3	UID112378	2	1	1	1
9	10	UID113563	2	8	2	2
3	4	UID1142	2	2	1	1
4	5	UID11464	2	3	1	1
1	2	UID117215	2	0	0	0
1	2	UID117231	2	0	0	0
5	6	UID117788	2	4	1	1
7	8	UID11832	2	6	1	1
5	6	UID11872	2	4	2	2
7	8	UID11889	2	6	1	1
4	5	UID118963	2	3	1	1
2	3	UID12105	2	1	1	1
5	6	UID127	2	4	2	2
5	6	UID132031	2	4	1	1
6	7	UID132037	2	5	1	1
3	4	UID141701	2	2	1	1
5	6	UID143576	2	4	2	2
17	18	UID146	2	16	2	2
10	11	UID154658	2	9	3	3
2	3	UID154725	2	1	1	1
2	3	UID154748	2	1	1	1
2	3	UID154779	2	1	1	1
6	7	UID154800	2	5	1	1
2	3	UID154809	2	1	1	1
4	5	UID154844	2	3	1	1
3	4	UID154865	2	2	1	1
1	2	UID154924	2	0	0	0
7	8	UID154928	2	6	2	2
7	8	UID154993	2	6	3	3
6	7	UID180	2	5	1	1
8	9	UID217	2	7	2	2
9	10	UID247	2	8	2	2
4	5	UID27148	2	3	1	1
2	3	UID294	2	1	1	1
8	9	UID31245	2	7	2	2
6	8	UID37287	2	4	1	1
3	4	UID37617	2	2	1	1
1	2	UID383	2	0	0	0
8	9	UID394	2	7	1	1
6	7	UID460	2	5	1	1
2	3	UID466	2	1	1	1
6	7	UID48727	2	5	1	1
4	5	UID5540	2	3	1	1
6	7	UID60761	2	5	2	2
4	5	UID609	2	3	2	2
4	5	UID61355	2	3	1	1
2	3	UID63230	2	1	1	1
8	9	UID69033	2	7	1	1
3	4	UID703	2	2	1	1
4	5	UID70605	2	3	2	2
5	6	UID72455	2	4	1	1
5	6	UID72462	2	4	1	1
6	7	UID7538	2	5	2	2
1	2	UID7544	2	0	0	0
1	2	UID82813	2	0	0	0
7	8	UID84209	2	6	1	1
3	4	UID843	2	2	1	1
10	11	UID922	2	9	2	2
3	3	UID101299	1	3	1	1
10	10	UID103970	1	10	1	1
3	3	UID104033	1	3	1	1
4	4	UID104058	1	4	1	1
5	5	UID104121	1	5	2	2
11	11	UID104131	1	11	2	2
2	2	UID104155	1	2	1	1
3	3	UID104358	1	3	1	1
4	4	UID104508	1	4	1	1
1	1	UID104636	1	1	0	0
2	2	UID104668	1	2	1	1
7	7	UID104779	1	7	2	2
1	1	UID104802	1	1	0	0
2	2	UID104804	1	2	1	1
1	1	UID105549	1	1	0	0
2	2	UID108930	1	2	1	1
1	1	UID110879	1	1	0	0
1	1	UID112323	1	1	0	0
1	1	UID112820	1	1	0	0
2	2	UID112821	1	2	1	1
1	1	UID113018	1	1	0	0
1	1	UID113553	1	1	0	0
2	2	UID113712	1	2	1	1
1	1	UID114369	1	1	0	0
1	1	UID114370	1	1	0	0
1	1	UID114580	1	1	0	0
2	2	UID117211	1	2	1	1
3	3	UID117218	1	3	1	1
1	1	UID117220	1	1	0	0
2	2	UID117287	1	2	1	1
4	4	UID117399	1	4	1	1
1	1	UID117424	1	1	0	0
1	1	UID117425	1	1	0	0
1	1	UID117445	1	1	0	0
1	1	UID117484	1	1	0	0
8	8	UID117540	1	8	2	2
3	3	UID117541	1	3	1	1
2	2	UID117707	1	2	1	1
2	2	UID117791	1	2	1	1
7	7	UID117982	1	7	2	2
8	8	UID11800	1	8	1	1
4	4	UID11814	1	4	1	1
7	7	UID11881	1	7	1	1
1	1	UID118987	1	1	0	0
3	3	UID11978	1	3	1	1
1	1	UID124169	1	1	0	0
1	1	UID125505	1	1	0	0
1	1	UID125554	1	1	0	0
1	1	UID126236	1	1	0	0
4	4	UID132558	1	4	1	1
2	2	UID132700	1	2	1	1
3	3	UID1328	1	3	1	1
4	4	UID134997	1	4	2	2
1	1	UID136887	1	1	0	0
1	1	UID137507	1	1	0	0
3	3	UID137734	1	3	1	1
6	6	UID137868	1	6	2	2
1	1	UID140661	1	1	0	0
1	1	UID140781	1	1	0	0
2	2	UID142134	1	2	1	1
3	3	UID1460	1	3	1	1
1	1	UID147814	1	1	0	0
1	1	UID152525	1	1	0	0
1	1	UID155002	1	1	0	0
1	1	UID155011	1	1	0	0
1	1	UID155013	1	1	0	0
1	1	UID155015	1	1	0	0
1	1	UID155017	1	1	0	0
1	1	UID155043	1	1	0	0
1	1	UID155054	1	1	0	0
1	1	UID155058	1	1	0	0
1	1	UID155059	1	1	0	0
1	1	UID155061	1	1	0	0
1	1	UID155065	1	1	0	0
1	1	UID155074	1	1	0	0
1	1	UID155086	1	1	0	0
1	1	UID155087	1	1	0	0
1	1	UID155089	1	1	0	0
1	1	UID155090	1	1	0	0
1	1	UID155094	1	1	0	0
1	1	UID155100	1	1	0	0
1	1	UID155114	1	1	0	0
1	1	UID155117	1	1	0	0
1	1	UID155120	1	1	0	0
1	1	UID155121	1	1	0	0
1	1	UID155124	1	1	0	0
1	1	UID155125	1	1	0	0
1	1	UID155126	1	1	0	0
1	1	UID155127	1	1	0	0
1	1	UID155130	1	1	0	0
1	1	UID155136	1	1	0	0
1	1	UID155146	1	1	0	0
1	1	UID155161	1	1	0	0
1	1	UID155164	1	1	0	0
1	1	UID155169	1	1	0	0
1	1	UID155171	1	1	0	0
1	1	UID155176	1	1	0	0
1	1	UID155177	1	1	0	0
1	1	UID155178	1	1	0	0
1	1	UID155180	1	1	0	0
1	1	UID155186	1	1	0	0
1	1	UID155191	1	1	0	0
1	1	UID155199	1	1	0	0
1	1	UID155206	1	1	0	0
1	1	UID155226	1	1	0	0
1	1	UID155227	1	1	0	0
1	1	UID155239	1	1	0	0
1	1	UID155242	1	1	0	0
1	1	UID155244	1	1	0	0
1	1	UID155245	1	1	0	0
1	1	UID155246	1	1	0	0
1	1	UID155247	1	1	0	0
1	1	UID155249	1	1	0	0
1	1	UID155250	1	1	0	0
1	1	UID155251	1	1	0	0
1	1	UID155254	1	1	0	0
1	1	UID155256	1	1	0	0
1	1	UID155258	1	1	0	0
1	1	UID155266	1	1	0	0
1	1	UID155268	1	1	0	0
1	1	UID155270	1	1	0	0
1	1	UID155271	1	1	0	0
1	1	UID155275	1	1	0	0
1	1	UID155295	1	1	0	0
1	1	UID155296	1	1	0	0
1	1	UID155297	1	1	0	0
1	1	UID155305	1	1	0	0
1	1	UID155306	1	1	0	0
1	1	UID155318	1	1	0	0
1	1	UID155319	1	1	0	0
1	1	UID155320	1	1	0	0
1	1	UID155327	1	1	0	0
1	1	UID155329	1	1	0	0
1	1	UID155330	1	1	0	0
1	1	UID155331	1	1	0	0
1	1	UID155332	1	1	0	0
1	1	UID155337	1	1	0	0
1	1	UID155343	1	1	0	0
1	1	UID155345	1	1	0	0
1	1	UID155347	1	1	0	0
1	1	UID155351	1	1	0	0
1	1	UID155354	1	1	0	0
1	1	UID155360	1	1	0	0
1	1	UID155361	1	1	0	0
1	1	UID155364	1	1	0	0
1	1	UID155373	1	1	0	0
1	1	UID155376	1	1	0	0
1	1	UID155377	1	1	0	0
1	1	UID155381	1	1	0	0
1	1	UID155385	1	1	0	0
1	1	UID155390	1	1	0	0
1	1	UID155401	1	1	0	0
1	1	UID155446	1	1	0	0
1	1	UID155450	1	1	0	0
1	1	UID155455	1	1	0	0
1	1	UID155456	1	1	0	0
1	1	UID155460	1	1	0	0
1	1	UID155468	1	1	0	0
1	1	UID155478	1	1	0	0
1	1	UID155479	1	1	0	0
1	1	UID155488	1	1	0	0
1	1	UID155501	1	1	0	0
1	1	UID155506	1	1	0	0
1	1	UID155511	1	1	0	0
1	1	UID155513	1	1	0	0
1	1	UID155514	1	1	0	0
1	1	UID155519	1	1	0	0
1	1	UID155520	1	1	0	0
1	1	UID155521	1	1	0	0
1	1	UID155528	1	1	0	0
1	1	UID155529	1	1	0	0
1	1	UID155531	1	1	0	0
1	1	UID155534	1	1	0	0
1	1	UID155543	1	1	0	0
1	1	UID155547	1	1	0	0
1	1	UID155550	1	1	0	0
1	1	UID155571	1	1	0	0
1	1	UID155580	1	1	0	0
1	1	UID155583	1	1	0	0
1	1	UID155585	1	1	0	0
1	1	UID155587	1	1	0	0
1	1	UID155608	1	1	0	0
1	1	UID155615	1	1	0	0
1	1	UID155621	1	1	0	0
1	1	UID155637	1	1	0	0
1	1	UID155639	1	1	0	0
1	1	UID155642	1	1	0	0
1	1	UID155643	1	1	0	0
1	1	UID155644	1	1	0	0
1	1	UID155645	1	1	0	0
1	1	UID155649	1	1	0	0
1	1	UID155652	1	1	0	0
1	1	UID155662	1	1	0	0
1	1	UID155663	1	1	0	0
1	1	UID155665	1	1	0	0
1	1	UID155671	1	1	0	0
1	1	UID155672	1	1	0	0
1	1	UID155674	1	1	0	0
1	1	UID155676	1	1	0	0
1	1	UID155677	1	1	0	0
1	1	UID155683	1	1	0	0
1	1	UID155701	1	1	0	0
1	1	UID155702	1	1	0	0
1	1	UID155729	1	1	0	0
1	1	UID155730	1	1	0	0
1	1	UID155732	1	1	0	0
1	1	UID155734	1	1	0	0
1	1	UID155737	1	1	0	0
1	1	UID155738	1	1	0	0
1	1	UID155740	1	1	0	0
1	1	UID155746	1	1	0	0
1	1	UID155747	1	1	0	0
1	1	UID155754	1	1	0	0
1	1	UID155759	1	1	0	0
1	1	UID155762	1	1	0	0
1	1	UID155765	1	1	0	0
1	1	UID155770	1	1	0	0
1	1	UID155772	1	1	0	0
1	1	UID155773	1	1	0	0
1	1	UID155779	1	1	0	0
1	1	UID155780	1	1	0	0
1	1	UID155786	1	1	0	0
1	1	UID155788	1	1	0	0
1	1	UID155789	1	1	0	0
1	1	UID155809	1	1	0	0
1	1	UID155815	1	1	0	0
1	1	UID155818	1	1	0	0
1	1	UID155828	1	1	0	0
1	1	UID155830	1	1	0	0
1	1	UID155832	1	1	0	0
1	1	UID155842	1	1	0	0
1	1	UID155846	1	1	0	0
1	1	UID155849	1	1	0	0
1	1	UID155858	1	1	0	0
1	1	UID155862	1	1	0	0
1	1	UID155865	1	1	0	0
1	1	UID155873	1	1	0	0
1	1	UID155881	1	1	0	0
1	1	UID155884	1	1	0	0
1	1	UID155896	1	1	0	0
1	1	UID155902	1	1	0	0
1	1	UID155904	1	1	0	0
1	1	UID155908	1	1	0	0
1	1	UID155910	1	1	0	0
1	1	UID155911	1	1	0	0
1	1	UID155916	1	1	0	0
1	1	UID155921	1	1	0	0
1	1	UID155925	1	1	0	0
1	1	UID155926	1	1	0	0
1	1	UID155928	1	1	0	0
1	1	UID155934	1	1	0	0
1	1	UID155936	1	1	0	0
1	1	UID155937	1	1	0	0
1	1	UID155954	1	1	0	0
1	1	UID155957	1	1	0	0
1	1	UID155962	1	1	0	0
1	1	UID155968	1	1	0	0
1	1	UID155973	1	1	0	0
1	1	UID155979	1	1	0	0
1	1	UID155984	1	1	0	0
1	1	UID155987	1	1	0	0
1	1	UID155995	1	1	0	0
1	1	UID155996	1	1	0	0
1	1	UID156017	1	1	0	0
1	1	UID156018	1	1	0	0
1	1	UID156019	1	1	0	0
1	1	UID156024	1	1	0	0
1	1	UID156032	1	1	0	0
1	1	UID156039	1	1	0	0
1	1	UID156041	1	1	0	0
1	1	UID156042	1	1	0	0
1	1	UID156043	1	1	0	0
1	1	UID156048	1	1	0	0
1	1	UID156057	1	1	0	0
1	1	UID156083	1	1	0	0
1	1	UID156086	1	1	0	0
1	1	UID156091	1	1	0	0
1	1	UID156092	1	1	0	0
1	1	UID156096	1	1	0	0
1	1	UID156102	1	1	0	0
1	1	UID156105	1	1	0	0
1	1	UID156118	1	1	0	0
1	1	UID156119	1	1	0	0
1	1	UID156132	1	1	0	0
1	1	UID156141	1	1	0	0
1	1	UID156142	1	1	0	0
1	1	UID156143	1	1	0	0
1	1	UID156148	1	1	0	0
1	1	UID156150	1	1	0	0
1	1	UID156153	1	1	0	0
1	1	UID156163	1	1	0	0
1	1	UID156164	1	1	0	0
1	1	UID156168	1	1	0	0
1	1	UID156169	1	1	0	0
1	1	UID156170	1	1	0	0
1	1	UID156171	1	1	0	0
1	1	UID156177	1	1	0	0
1	1	UID156180	1	1	0	0
1	1	UID156184	1	1	0	0
1	1	UID156188	1	1	0	0
1	1	UID156197	1	1	0	0
1	1	UID156205	1	1	0	0
1	1	UID156207	1	1	0	0
1	1	UID156208	1	1	0	0
1	1	UID156209	1	1	0	0
1	1	UID156210	1	1	0	0
1	1	UID156211	1	1	0	0
1	1	UID156213	1	1	0	0
1	1	UID156217	1	1	0	0
1	1	UID156220	1	1	0	0
1	1	UID156232	1	1	0	0
1	1	UID156247	1	1	0	0
1	1	UID156250	1	1	0	0
1	1	UID156251	1	1	0	0
1	1	UID156252	1	1	0	0
1	1	UID156254	1	1	0	0
1	1	UID156260	1	1	0	0
1	1	UID156266	1	1	0	0
1	1	UID156267	1	1	0	0
1	1	UID156268	1	1	0	0
1	1	UID156269	1	1	0	0
1	1	UID156277	1	1	0	0
1	1	UID156279	1	1	0	0
1	1	UID156286	1	1	0	0
1	1	UID156289	1	1	0	0
1	1	UID156296	1	1	0	0
1	1	UID156303	1	1	0	0
1	1	UID156304	1	1	0	0
1	1	UID156317	1	1	0	0
1	1	UID156318	1	1	0	0
1	1	UID156322	1	1	0	0
1	1	UID156324	1	1	0	0
1	1	UID156325	1	1	0	0
1	1	UID156326	1	1	0	0
1	1	UID156327	1	1	0	0
1	1	UID156330	1	1	0	0
1	1	UID156331	1	1	0	0
1	1	UID156332	1	1	0	0
1	1	UID156333	1	1	0	0
4	4	UID156335	1	4	2	2
1	1	UID156339	1	1	0	0
1	1	UID156347	1	1	0	0
1	1	UID156357	1	1	0	0
1	1	UID156368	1	1	0	0
1	1	UID156385	1	1	0	0
1	1	UID156392	1	1	0	0
1	1	UID156394	1	1	0	0
1	1	UID156395	1	1	0	0
1	1	UID156397	1	1	0	0
1	1	UID156400	1	1	0	0
1	1	UID156402	1	1	0	0
1	1	UID156403	1	1	0	0
1	1	UID156410	1	1	0	0
1	1	UID156411	1	1	0	0
1	1	UID156412	1	1	0	0
1	1	UID156415	1	1	0	0
1	1	UID156416	1	1	0	0
1	1	UID156418	1	1	0	0
1	1	UID156419	1	1	0	0
1	1	UID156420	1	1	0	0
1	1	UID156421	1	1	0	0
1	1	UID156423	1	1	0	0
1	1	UID156424	1	1	0	0
1	1	UID156429	1	1	0	0
1	1	UID156432	1	1	0	0
1	1	UID156436	1	1	0	0
1	1	UID156437	1	1	0	0
1	1	UID156440	1	1	0	0
1	1	UID156449	1	1	0	0
1	1	UID156462	1	1	0	0
1	1	UID156463	1	1	0	0
1	1	UID156468	1	1	0	0
1	1	UID156476	1	1	0	0
1	1	UID156477	1	1	0	0
1	1	UID156479	1	1	0	0
1	1	UID156480	1	1	0	0
1	1	UID156481	1	1	0	0
1	1	UID156483	1	1	0	0
1	1	UID156507	1	1	0	0
1	1	UID156508	1	1	0	0
1	1	UID156528	1	1	0	0
1	1	UID156534	1	1	0	0
1	1	UID156535	1	1	0	0
1	1	UID156541	1	1	0	0
1	1	UID156542	1	1	0	0
1	1	UID156545	1	1	0	0
1	1	UID156547	1	1	0	0
1	1	UID156548	1	1	0	0
1	1	UID156550	1	1	0	0
1	1	UID156562	1	1	0	0
1	1	UID156570	1	1	0	0
1	1	UID156579	1	1	0	0
1	1	UID156580	1	1	0	0
1	1	UID156583	1	1	0	0
1	1	UID156622	1	1	0	0
1	1	UID156625	1	1	0	0
1	1	UID156626	1	1	0	0
1	1	UID156630	1	1	0	0
1	1	UID156631	1	1	0	0
1	1	UID156632	1	1	0	0
1	1	UID156633	1	1	0	0
1	1	UID156636	1	1	0	0
1	1	UID156638	1	1	0	0
1	1	UID156644	1	1	0	0
1	1	UID156649	1	1	0	0
1	1	UID156650	1	1	0	0
1	1	UID156651	1	1	0	0
1	1	UID156653	1	1	0	0
1	1	UID156654	1	1	0	0
1	1	UID156655	1	1	0	0
1	1	UID156657	1	1	0	0
1	1	UID156658	1	1	0	0
1	1	UID156659	1	1	0	0
1	1	UID156660	1	1	0	0
1	1	UID156662	1	1	0	0
1	1	UID156672	1	1	0	0
1	1	UID156674	1	1	0	0
1	1	UID156676	1	1	0	0
1	1	UID156685	1	1	0	0
1	1	UID156690	1	1	0	0
1	1	UID156692	1	1	0	0
1	1	UID156693	1	1	0	0
1	1	UID156697	1	1	0	0
1	1	UID156698	1	1	0	0
1	1	UID156702	1	1	0	0
1	1	UID156704	1	1	0	0
1	1	UID156706	1	1	0	0
1	1	UID156707	1	1	0	0
1	1	UID156709	1	1	0	0
1	1	UID156711	1	1	0	0
1	1	UID156712	1	1	0	0
1	1	UID156714	1	1	0	0
1	1	UID156715	1	1	0	0
1	1	UID156730	1	1	0	0
1	1	UID156732	1	1	0	0
1	1	UID156736	1	1	0	0
1	1	UID156741	1	1	0	0
1	1	UID156746	1	1	0	0
1	1	UID156747	1	1	0	0
1	1	UID156755	1	1	0	0
1	1	UID156759	1	1	0	0
1	1	UID156760	1	1	0	0
1	1	UID156762	1	1	0	0
1	1	UID156766	1	1	0	0
1	1	UID156777	1	1	0	0
1	1	UID156785	1	1	0	0
1	1	UID156794	1	1	0	0
1	1	UID156795	1	1	0	0
1	1	UID156801	1	1	0	0
1	1	UID156818	1	1	0	0
1	1	UID156827	1	1	0	0
1	1	UID156837	1	1	0	0
1	1	UID156838	1	1	0	0
1	1	UID156840	1	1	0	0
1	1	UID156842	1	1	0	0
1	1	UID156848	1	1	0	0
1	1	UID156856	1	1	0	0
1	1	UID156857	1	1	0	0
1	1	UID156880	1	1	0	0
1	1	UID156892	1	1	0	0
1	1	UID156900	1	1	0	0
1	1	UID156901	1	1	0	0
1	1	UID156920	1	1	0	0
1	1	UID156936	1	1	0	0
1	1	UID156943	1	1	0	0
1	1	UID156956	1	1	0	0
1	1	UID156957	1	1	0	0
1	1	UID156963	1	1	0	0
1	1	UID156981	1	1	0	0
1	1	UID156982	1	1	0	0
1	1	UID156983	1	1	0	0
1	1	UID157030	1	1	0	0
1	1	UID157031	1	1	0	0
1	1	UID157033	1	1	0	0
1	1	UID157043	1	1	0	0
1	1	UID157044	1	1	0	0
1	1	UID157050	1	1	0	0
1	1	UID157057	1	1	0	0
1	1	UID157060	1	1	0	0
1	1	UID157062	1	1	0	0
1	1	UID157064	1	1	0	0
1	1	UID157073	1	1	0	0
1	1	UID157079	1	1	0	0
1	1	UID157206	1	1	0	0
1	1	UID157232	1	1	0	0
1	1	UID157239	1	1	0	0
1	1	UID157240	1	1	0	0
1	1	UID157242	1	1	0	0
1	1	UID157249	1	1	0	0
1	1	UID157254	1	1	0	0
1	1	UID157258	1	1	0	0
1	1	UID157259	1	1	0	0
1	1	UID157268	1	1	0	0
4	4	UID157273	1	4	2	2
1	1	UID157285	1	1	0	0
1	1	UID157286	1	1	0	0
1	1	UID157287	1	1	0	0
1	1	UID157291	1	1	0	0
1	1	UID157302	1	1	0	0
1	1	UID157303	1	1	0	0
1	1	UID157325	1	1	0	0
1	1	UID157327	1	1	0	0
1	1	UID157331	1	1	0	0
1	1	UID157336	1	1	0	0
1	1	UID157337	1	1	0	0
1	1	UID157342	1	1	0	0
1	1	UID157347	1	1	0	0
1	1	UID157355	1	1	0	0
1	1	UID157360	1	1	0	0
1	1	UID157365	1	1	0	0
1	1	UID157371	1	1	0	0
1	1	UID157374	1	1	0	0
1	1	UID157375	1	1	0	0
3	3	UID157380	1	3	2	2
1	1	UID157381	1	1	0	0
1	1	UID157404	1	1	0	0
1	1	UID157416	1	1	0	0
1	1	UID157425	1	1	0	0
1	1	UID157432	1	1	0	0
1	1	UID157436	1	1	0	0
1	1	UID157439	1	1	0	0
1	1	UID157445	1	1	0	0
1	1	UID157447	1	1	0	0
1	1	UID157453	1	1	0	0
1	1	UID157457	1	1	0	0
1	1	UID157462	1	1	0	0
1	1	UID157463	1	1	0	0
1	1	UID157467	1	1	0	0
1	1	UID157469	1	1	0	0
1	1	UID157470	1	1	0	0
1	1	UID157570	1	1	0	0
1	1	UID157599	1	1	0	0
1	1	UID157647	1	1	0	0
1	1	UID157653	1	1	0	0
1	1	UID157733	1	1	0	0
1	1	UID157754	1	1	0	0
1	1	UID157876	1	1	0	0
1	1	UID157895	1	1	0	0
1	1	UID157944	1	1	0	0
1	1	UID157951	1	1	0	0
1	1	UID157953	1	1	0	0
1	1	UID157955	1	1	0	0
1	1	UID157956	1	1	0	0
1	1	UID157957	1	1	0	0
1	1	UID157960	1	1	0	0
1	1	UID157961	1	1	0	0
1	1	UID157962	1	1	0	0
1	1	UID157963	1	1	0	0
1	1	UID157964	1	1	0	0
1	1	UID157965	1	1	0	0
1	1	UID157966	1	1	0	0
1	1	UID157967	1	1	0	0
1	1	UID157970	1	1	0	0
1	1	UID157972	1	1	0	0
1	1	UID157980	1	1	0	0
1	1	UID157981	1	1	0	0
1	1	UID157982	1	1	0	0
1	1	UID157991	1	1	0	0
1	1	UID157992	1	1	0	0
1	1	UID157993	1	1	0	0
1	1	UID157996	1	1	0	0
1	1	UID157997	1	1	0	0
1	1	UID158002	1	1	0	0
4	4	UID158013	1	4	2	2
1	1	UID158020	1	1	0	0
3	3	UID158043	1	3	2	2
3	3	UID158044	1	3	2	2
1	1	UID158062	1	1	0	0
1	1	UID158064	1	1	0	0
1	1	UID158066	1	1	0	0
1	1	UID158068	1	1	0	0
3	3	UID158070	1	3	2	2
1	1	UID158080	1	1	0	0
1	1	UID158081	1	1	0	0
1	1	UID158088	1	1	0	0
1	1	UID158089	1	1	0	0
1	1	UID158093	1	1	0	0
1	1	UID158095	1	1	0	0
1	1	UID158101	1	1	0	0
1	1	UID158118	1	1	0	0
1	1	UID158125	1	1	0	0
1	1	UID158165	1	1	0	0
1	1	UID158178	1	1	0	0
1	1	UID158183	1	1	0	0
1	1	UID158203	1	1	0	0
1	1	UID158204	1	1	0	0
1	1	UID158210	1	1	0	0
1	1	UID158224	1	1	0	0
1	1	UID158264	1	1	0	0
1	1	UID158278	1	1	0	0
1	1	UID158279	1	1	0	0
1	1	UID158283	1	1	0	0
1	1	UID158287	1	1	0	0
1	1	UID158304	1	1	0	0
1	1	UID158309	1	1	0	0
1	1	UID158338	1	1	0	0
1	1	UID158341	1	1	0	0
1	1	UID158342	1	1	0	0
1	1	UID158346	1	1	0	0
1	1	UID158349	1	1	0	0
1	1	UID158359	1	1	0	0
1	1	UID158363	1	1	0	0
1	1	UID158365	1	1	0	0
1	1	UID158368	1	1	0	0
1	1	UID158377	1	1	0	0
1	1	UID158386	1	1	0	0
1	1	UID158399	1	1	0	0
1	1	UID158430	1	1	0	0
1	1	UID158451	1	1	0	0
1	1	UID158454	1	1	0	0
1	1	UID158518	1	1	0	0
1	1	UID158575	1	1	0	0
1	1	UID158576	1	1	0	0
1	1	UID158579	1	1	0	0
1	1	UID158587	1	1	0	0
1	1	UID158588	1	1	0	0
1	1	UID158589	1	1	0	0
1	1	UID158590	1	1	0	0
1	1	UID158592	1	1	0	0
1	1	UID158604	1	1	0	0
1	1	UID158613	1	1	0	0
1	1	UID158621	1	1	0	0
1	1	UID158636	1	1	0	0
1	1	UID158640	1	1	0	0
1	1	UID158657	1	1	0	0
1	1	UID158658	1	1	0	0
1	1	UID158665	1	1	0	0
1	1	UID158673	1	1	0	0
1	1	UID158677	1	1	0	0
1	1	UID158678	1	1	0	0
1	1	UID158679	1	1	0	0
1	1	UID158680	1	1	0	0
1	1	UID158681	1	1	0	0
1	1	UID158696	1	1	0	0
1	1	UID158697	1	1	0	0
1	1	UID158698	1	1	0	0
1	1	UID158700	1	1	0	0
1	1	UID158703	1	1	0	0
1	1	UID158712	1	1	0	0
1	1	UID158720	1	1	0	0
1	1	UID158721	1	1	0	0
1	1	UID158722	1	1	0	0
1	1	UID158724	1	1	0	0
1	1	UID158725	1	1	0	0
1	1	UID158726	1	1	0	0
1	1	UID158728	1	1	0	0
1	1	UID158729	1	1	0	0
1	1	UID158731	1	1	0	0
1	1	UID158735	1	1	0	0
1	1	UID158753	1	1	0	0
1	1	UID158755	1	1	0	0
1	1	UID158768	1	1	0	0
1	1	UID158770	1	1	0	0
1	1	UID158827	1	1	0	0
1	1	UID158831	1	1	0	0
1	1	UID158842	1	1	0	0
1	1	UID158844	1	1	0	0
1	1	UID158851	1	1	0	0
1	1	UID158852	1	1	0	0
1	1	UID158853	1	1	0	0
1	1	UID158854	1	1	0	0
1	1	UID158856	1	1	0	0
1	1	UID158858	1	1	0	0
1	1	UID158862	1	1	0	0
1	1	UID158864	1	1	0	0
1	1	UID158865	1	1	0	0
1	1	UID158866	1	1	0	0
1	1	UID158867	1	1	0	0
1	1	UID158869	1	1	0	0
1	1	UID158875	1	1	0	0
1	1	UID158880	1	1	0	0
1	1	UID158883	1	1	0	0
1	1	UID158884	1	1	0	0
1	1	UID158888	1	1	0	0
1	1	UID158889	1	1	0	0
1	1	UID158897	1	1	0	0
1	1	UID158898	1	1	0	0
1	1	UID158899	1	1	0	0
1	1	UID158903	1	1	0	0
1	1	UID158918	1	1	0	0
1	1	UID158919	1	1	0	0
1	1	UID158924	1	1	0	0
1	1	UID158931	1	1	0	0
1	1	UID158932	1	1	0	0
1	1	UID158933	1	1	0	0
1	1	UID158943	1	1	0	0
1	1	UID158945	1	1	0	0
1	1	UID158950	1	1	0	0
1	1	UID158964	1	1	0	0
1	1	UID158977	1	1	0	0
1	1	UID158983	1	1	0	0
1	1	UID158997	1	1	0	0
3	3	UID159000	1	3	2	2
1	1	UID159002	1	1	0	0
1	1	UID159007	1	1	0	0
1	1	UID159010	1	1	0	0
1	1	UID159012	1	1	0	0
1	1	UID159013	1	1	0	0
1	1	UID159014	1	1	0	0
1	1	UID159016	1	1	0	0
1	1	UID159026	1	1	0	0
1	1	UID159028	1	1	0	0
1	1	UID159029	1	1	0	0
1	1	UID159033	1	1	0	0
1	1	UID159034	1	1	0	0
1	1	UID159039	1	1	0	0
1	1	UID159051	1	1	0	0
1	1	UID159052	1	1	0	0
1	1	UID159053	1	1	0	0
1	1	UID159056	1	1	0	0
1	1	UID159058	1	1	0	0
1	1	UID159060	1	1	0	0
1	1	UID159070	1	1	0	0
1	1	UID159071	1	1	0	0
1	1	UID159074	1	1	0	0
1	1	UID159080	1	1	0	0
1	1	UID159100	1	1	0	0
1	1	UID159106	1	1	0	0
1	1	UID159109	1	1	0	0
1	1	UID159116	1	1	0	0
1	1	UID159121	1	1	0	0
1	1	UID159124	1	1	0	0
1	1	UID159125	1	1	0	0
1	1	UID159128	1	1	0	0
1	1	UID159136	1	1	0	0
1	1	UID159138	1	1	0	0
1	1	UID159139	1	1	0	0
1	1	UID159140	1	1	0	0
1	1	UID159145	1	1	0	0
1	1	UID159148	1	1	0	0
1	1	UID159153	1	1	0	0
1	1	UID159154	1	1	0	0
1	1	UID159161	1	1	0	0
1	1	UID159175	1	1	0	0
1	1	UID159176	1	1	0	0
1	1	UID159177	1	1	0	0
1	1	UID159178	1	1	0	0
1	1	UID159179	1	1	0	0
1	1	UID159183	1	1	0	0
1	1	UID159186	1	1	0	0
1	1	UID159201	1	1	0	0
1	1	UID159202	1	1	0	0
1	1	UID159205	1	1	0	0
1	1	UID159207	1	1	0	0
1	1	UID159211	1	1	0	0
1	1	UID159216	1	1	0	0
1	1	UID159220	1	1	0	0
1	1	UID159221	1	1	0	0
1	1	UID159223	1	1	0	0
1	1	UID159236	1	1	0	0
1	1	UID159239	1	1	0	0
1	1	UID159241	1	1	0	0
1	1	UID159243	1	1	0	0
1	1	UID159245	1	1	0	0
1	1	UID159247	1	1	0	0
2	2	UID159250	1	2	1	1
1	1	UID159258	1	1	0	0
1	1	UID159259	1	1	0	0
1	1	UID159264	1	1	0	0
1	1	UID159266	1	1	0	0
1	1	UID159296	1	1	0	0
1	1	UID159299	1	1	0	0
1	1	UID159308	1	1	0	0
1	1	UID159323	1	1	0	0
1	1	UID159329	1	1	0	0
1	1	UID159346	1	1	0	0
1	1	UID159353	1	1	0	0
1	1	UID159354	1	1	0	0
1	1	UID159356	1	1	0	0
1	1	UID159360	1	1	0	0
1	1	UID159365	1	1	0	0
1	1	UID159368	1	1	0	0
1	1	UID159372	1	1	0	0
1	1	UID159374	1	1	0	0
1	1	UID159377	1	1	0	0
1	1	UID159378	1	1	0	0
1	1	UID159379	1	1	0	0
1	1	UID159388	1	1	0	0
1	1	UID159390	1	1	0	0
1	1	UID159392	1	1	0	0
1	1	UID159398	1	1	0	0
1	1	UID159402	1	1	0	0
1	1	UID159408	1	1	0	0
7	7	UID159409	1	7	2	2
1	1	UID159412	1	1	0	0
1	1	UID159413	1	1	0	0
1	1	UID159421	1	1	0	0
1	1	UID159423	1	1	0	0
1	1	UID159425	1	1	0	0
1	1	UID159428	1	1	0	0
3	3	UID159429	1	3	2	2
1	1	UID159436	1	1	0	0
1	1	UID159438	1	1	0	0
1	1	UID159444	1	1	0	0
1	1	UID159448	1	1	0	0
1	1	UID159457	1	1	0	0
1	1	UID159458	1	1	0	0
1	1	UID159462	1	1	0	0
3	3	UID159466	1	3	2	2
1	1	UID159468	1	1	0	0
1	1	UID159469	1	1	0	0
1	1	UID159510	1	1	0	0
1	1	UID159511	1	1	0	0
1	1	UID159512	1	1	0	0
1	1	UID159516	1	1	0	0
1	1	UID159521	1	1	0	0
1	1	UID159522	1	1	0	0
1	1	UID159527	1	1	0	0
1	1	UID159545	1	1	0	0
1	1	UID159546	1	1	0	0
1	1	UID159549	1	1	0	0
1	1	UID159552	1	1	0	0
1	1	UID159553	1	1	0	0
1	1	UID159555	1	1	0	0
1	1	UID159559	1	1	0	0
1	1	UID159560	1	1	0	0
1	1	UID159562	1	1	0	0
1	1	UID159565	1	1	0	0
1	1	UID159566	1	1	0	0
1	1	UID159575	1	1	0	0
1	1	UID159578	1	1	0	0
1	1	UID159580	1	1	0	0
1	1	UID159582	1	1	0	0
1	1	UID159585	1	1	0	0
1	1	UID159600	1	1	0	0
1	1	UID159601	1	1	0	0
1	1	UID159602	1	1	0	0
1	1	UID159604	1	1	0	0
1	1	UID159606	1	1	0	0
1	1	UID159608	1	1	0	0
1	1	UID159624	1	1	0	0
1	1	UID159625	1	1	0	0
1	1	UID159631	1	1	0	0
1	1	UID159638	1	1	0	0
1	1	UID159640	1	1	0	0
1	1	UID159642	1	1	0	0
1	1	UID159652	1	1	0	0
1	1	UID159670	1	1	0	0
4	4	UID159671	1	4	2	2
1	1	UID159673	1	1	0	0
1	1	UID159679	1	1	0	0
1	1	UID159704	1	1	0	0
1	1	UID159705	1	1	0	0
1	1	UID159706	1	1	0	0
1	1	UID159717	1	1	0	0
1	1	UID159727	1	1	0	0
1	1	UID159728	1	1	0	0
1	1	UID159743	1	1	0	0
1	1	UID159750	1	1	0	0
1	1	UID159753	1	1	0	0
1	1	UID159754	1	1	0	0
1	1	UID159767	1	1	0	0
1	1	UID159775	1	1	0	0
1	1	UID159778	1	1	0	0
1	1	UID159779	1	1	0	0
1	1	UID159780	1	1	0	0
1	1	UID159781	1	1	0	0
1	1	UID159782	1	1	0	0
1	1	UID159783	1	1	0	0
1	1	UID159788	1	1	0	0
1	1	UID159795	1	1	0	0
1	1	UID159796	1	1	0	0
1	1	UID159797	1	1	0	0
1	1	UID159799	1	1	0	0
1	1	UID159800	1	1	0	0
1	1	UID159801	1	1	0	0
1	1	UID159805	1	1	0	0
1	1	UID159806	1	1	0	0
1	1	UID159812	1	1	0	0
1	1	UID159815	1	1	0	0
1	1	UID159818	1	1	0	0
1	1	UID159821	1	1	0	0
1	1	UID159828	1	1	0	0
1	1	UID159831	1	1	0	0
1	1	UID159845	1	1	0	0
1	1	UID159846	1	1	0	0
1	1	UID159880	1	1	0	0
1	1	UID159881	1	1	0	0
1	1	UID159882	1	1	0	0
1	1	UID159884	1	1	0	0
1	1	UID159885	1	1	0	0
1	1	UID159887	1	1	0	0
1	1	UID159904	1	1	0	0
1	1	UID159905	1	1	0	0
1	1	UID159907	1	1	0	0
1	1	UID159915	1	1	0	0
1	1	UID159927	1	1	0	0
1	1	UID159935	1	1	0	0
1	1	UID159940	1	1	0	0
1	1	UID159947	1	1	0	0
1	1	UID159954	1	1	0	0
3	3	UID159957	1	3	2	2
1	1	UID159958	1	1	0	0
1	1	UID159963	1	1	0	0
1	1	UID159968	1	1	0	0
1	1	UID159975	1	1	0	0
1	1	UID159980	1	1	0	0
1	1	UID160050	1	1	0	0
1	1	UID160054	1	1	0	0
1	1	UID160063	1	1	0	0
1	1	UID160064	1	1	0	0
1	1	UID160068	1	1	0	0
1	1	UID160077	1	1	0	0
1	1	UID160079	1	1	0	0
1	1	UID160087	1	1	0	0
1	1	UID160096	1	1	0	0
1	1	UID160106	1	1	0	0
1	1	UID160108	1	1	0	0
1	1	UID160164	1	1	0	0
1	1	UID160175	1	1	0	0
1	1	UID160182	1	1	0	0
1	1	UID160187	1	1	0	0
1	1	UID160190	1	1	0	0
1	1	UID160200	1	1	0	0
1	1	UID160204	1	1	0	0
1	1	UID160207	1	1	0	0
1	1	UID160210	1	1	0	0
1	1	UID160213	1	1	0	0
1	1	UID160214	1	1	0	0
1	1	UID160216	1	1	0	0
1	1	UID160222	1	1	0	0
1	1	UID160235	1	1	0	0
1	1	UID160254	1	1	0	0
1	1	UID160269	1	1	0	0
1	1	UID160276	1	1	0	0
1	1	UID160277	1	1	0	0
1	1	UID160278	1	1	0	0
1	1	UID160294	1	1	0	0
1	1	UID160303	1	1	0	0
1	1	UID160309	1	1	0	0
1	1	UID160311	1	1	0	0
4	4	UID160325	1	4	3	3
1	1	UID160337	1	1	0	0
1	1	UID160341	1	1	0	0
1	1	UID160342	1	1	0	0
1	1	UID160345	1	1	0	0
1	1	UID160357	1	1	0	0
1	1	UID160358	1	1	0	0
1	1	UID160368	1	1	0	0
1	1	UID160370	1	1	0	0
1	1	UID160381	1	1	0	0
1	1	UID160386	1	1	0	0
1	1	UID160388	1	1	0	0
1	1	UID160389	1	1	0	0
1	1	UID160392	1	1	0	0
1	1	UID160394	1	1	0	0
1	1	UID160407	1	1	0	0
1	1	UID160410	1	1	0	0
1	1	UID160441	1	1	0	0
1	1	UID160461	1	1	0	0
1	1	UID160468	1	1	0	0
1	1	UID160472	1	1	0	0
1	1	UID160475	1	1	0	0
1	1	UID160483	1	1	0	0
1	1	UID160500	1	1	0	0
1	1	UID160508	1	1	0	0
1	1	UID160528	1	1	0	0
1	1	UID160547	1	1	0	0
1	1	UID160550	1	1	0	0
1	1	UID160554	1	1	0	0
1	1	UID160565	1	1	0	0
1	1	UID160569	1	1	0	0
4	4	UID160585	1	4	2	2
1	1	UID160592	1	1	0	0
1	1	UID160601	1	1	0	0
1	1	UID160606	1	1	0	0
1	1	UID160630	1	1	0	0
1	1	UID160656	1	1	0	0
1	1	UID160662	1	1	0	0
1	1	UID160671	1	1	0	0
1	1	UID160678	1	1	0	0
1	1	UID160684	1	1	0	0
1	1	UID160696	1	1	0	0
1	1	UID160716	1	1	0	0
1	1	UID160755	1	1	0	0
1	1	UID160781	1	1	0	0
1	1	UID160848	1	1	0	0
1	1	UID160851	1	1	0	0
1	1	UID160976	1	1	0	0
1	1	UID161067	1	1	0	0
1	1	UID161086	1	1	0	0
1	1	UID161109	1	1	0	0
1	1	UID161122	1	1	0	0
1	1	UID161129	1	1	0	0
1	1	UID161183	1	1	0	0
1	1	UID161185	1	1	0	0
1	1	UID161198	1	1	0	0
1	1	UID161200	1	1	0	0
1	1	UID161205	1	1	0	0
1	1	UID161206	1	1	0	0
1	1	UID161211	1	1	0	0
1	1	UID161219	1	1	0	0
1	1	UID161221	1	1	0	0
1	1	UID161229	1	1	0	0
1	1	UID161256	1	1	0	0
1	1	UID161259	1	1	0	0
1	1	UID161274	1	1	0	0
1	1	UID161283	1	1	0	0
1	1	UID161290	1	1	0	0
1	1	UID161305	1	1	0	0
1	1	UID161331	1	1	0	0
1	1	UID161333	1	1	0	0
1	1	UID161334	1	1	0	0
1	1	UID161336	1	1	0	0
1	1	UID161344	1	1	0	0
1	1	UID161375	1	1	0	0
1	1	UID161391	1	1	0	0
1	1	UID161400	1	1	0	0
1	1	UID161405	1	1	0	0
1	1	UID161406	1	1	0	0
1	1	UID161410	1	1	0	0
1	1	UID161411	1	1	0	0
1	1	UID161420	1	1	0	0
1	1	UID161425	1	1	0	0
1	1	UID161439	1	1	0	0
1	1	UID161442	1	1	0	0
1	1	UID161447	1	1	0	0
1	1	UID161450	1	1	0	0
1	1	UID161451	1	1	0	0
1	1	UID161461	1	1	0	0
1	1	UID161470	1	1	0	0
1	1	UID161475	1	1	0	0
1	1	UID161478	1	1	0	0
1	1	UID161494	1	1	0	0
1	1	UID161499	1	1	0	0
1	1	UID161504	1	1	0	0
1	1	UID161507	1	1	0	0
1	1	UID161526	1	1	0	0
1	1	UID161536	1	1	0	0
1	1	UID161538	1	1	0	0
1	1	UID161541	1	1	0	0
1	1	UID161557	1	1	0	0
1	1	UID161575	1	1	0	0
1	1	UID161600	1	1	0	0
1	1	UID161602	1	1	0	0
1	1	UID161603	1	1	0	0
1	1	UID161604	1	1	0	0
1	1	UID161605	1	1	0	0
1	1	UID161610	1	1	0	0
1	1	UID161617	1	1	0	0
1	1	UID161618	1	1	0	0
1	1	UID161623	1	1	0	0
1	1	UID161625	1	1	0	0
1	1	UID161626	1	1	0	0
1	1	UID161630	1	1	0	0
1	1	UID161634	1	1	0	0
1	1	UID161635	1	1	0	0
1	1	UID161647	1	1	0	0
1	1	UID161653	1	1	0	0
1	1	UID161654	1	1	0	0
1	1	UID161655	1	1	0	0
1	1	UID161656	1	1	0	0
1	1	UID161671	1	1	0	0
1	1	UID161677	1	1	0	0
1	1	UID161688	1	1	0	0
1	1	UID161689	1	1	0	0
1	1	UID161690	1	1	0	0
1	1	UID161695	1	1	0	0
1	1	UID161707	1	1	0	0
1	1	UID161715	1	1	0	0
1	1	UID161727	1	1	0	0
1	1	UID161729	1	1	0	0
1	1	UID161730	1	1	0	0
1	1	UID161736	1	1	0	0
1	1	UID161740	1	1	0	0
1	1	UID161744	1	1	0	0
1	1	UID161752	1	1	0	0
1	1	UID161768	1	1	0	0
1	1	UID161769	1	1	0	0
1	1	UID161770	1	1	0	0
1	1	UID161786	1	1	0	0
1	1	UID161801	1	1	0	0
1	1	UID161802	1	1	0	0
1	1	UID161809	1	1	0	0
1	1	UID161814	1	1	0	0
1	1	UID161815	1	1	0	0
1	1	UID161816	1	1	0	0
1	1	UID161817	1	1	0	0
1	1	UID161818	1	1	0	0
1	1	UID161819	1	1	0	0
1	1	UID161822	1	1	0	0
1	1	UID161834	1	1	0	0
1	1	UID161840	1	1	0	0
1	1	UID161842	1	1	0	0
1	1	UID161848	1	1	0	0
1	1	UID161854	1	1	0	0
1	1	UID161858	1	1	0	0
1	1	UID161865	1	1	0	0
1	1	UID161874	1	1	0	0
1	1	UID161889	1	1	0	0
1	1	UID161891	1	1	0	0
1	1	UID161909	1	1	0	0
1	1	UID161921	1	1	0	0
1	1	UID161924	1	1	0	0
1	1	UID161932	1	1	0	0
1	1	UID161936	1	1	0	0
1	1	UID161949	1	1	0	0
1	1	UID161957	1	1	0	0
1	1	UID161958	1	1	0	0
1	1	UID161959	1	1	0	0
1	1	UID161963	1	1	0	0
1	1	UID161969	1	1	0	0
1	1	UID161976	1	1	0	0
1	1	UID161981	1	1	0	0
1	1	UID161988	1	1	0	0
1	1	UID162000	1	1	0	0
1	1	UID162008	1	1	0	0
1	1	UID162009	1	1	0	0
1	1	UID162014	1	1	0	0
1	1	UID162015	1	1	0	0
1	1	UID162021	1	1	0	0
1	1	UID162026	1	1	0	0
1	1	UID162027	1	1	0	0
1	1	UID162030	1	1	0	0
1	1	UID162041	1	1	0	0
1	1	UID162042	1	1	0	0
1	1	UID162043	1	1	0	0
1	1	UID162045	1	1	0	0
1	1	UID162046	1	1	0	0
1	1	UID162048	1	1	0	0
1	1	UID162051	1	1	0	0
1	1	UID162064	1	1	0	0
1	1	UID162066	1	1	0	0
1	1	UID162067	1	1	0	0
1	1	UID162093	1	1	0	0
1	1	UID162102	1	1	0	0
1	1	UID162109	1	1	0	0
1	1	UID162116	1	1	0	0
1	1	UID162130	1	1	0	0
1	1	UID162131	1	1	0	0
1	1	UID162154	1	1	0	0
1	1	UID162156	1	1	0	0
1	1	UID162161	1	1	0	0
1	1	UID162175	1	1	0	0
1	1	UID162186	1	1	0	0
1	1	UID162187	1	1	0	0
1	1	UID162197	1	1	0	0
1	1	UID162201	1	1	0	0
1	1	UID162202	1	1	0	0
1	1	UID162203	1	1	0	0
1	1	UID162207	1	1	0	0
1	1	UID162223	1	1	0	0
1	1	UID162234	1	1	0	0
1	1	UID162236	1	1	0	0
1	1	UID162240	1	1	0	0
1	1	UID162242	1	1	0	0
1	1	UID162243	1	1	0	0
1	1	UID162247	1	1	0	0
1	1	UID162252	1	1	0	0
1	1	UID162255	1	1	0	0
1	1	UID162265	1	1	0	0
1	1	UID162269	1	1	0	0
1	1	UID162270	1	1	0	0
1	1	UID162272	1	1	0	0
1	1	UID162276	1	1	0	0
1	1	UID162278	1	1	0	0
1	1	UID162279	1	1	0	0
1	1	UID162284	1	1	0	0
1	1	UID162285	1	1	0	0
1	1	UID162286	1	1	0	0
1	1	UID162289	1	1	0	0
1	1	UID162301	1	1	0	0
1	1	UID162309	1	1	0	0
1	1	UID162316	1	1	0	0
1	1	UID162319	1	1	0	0
1	1	UID162323	1	1	0	0
1	1	UID162325	1	1	0	0
1	1	UID162330	1	1	0	0
1	1	UID162331	1	1	0	0
1	1	UID162334	1	1	0	0
1	1	UID162339	1	1	0	0
1	1	UID162342	1	1	0	0
1	1	UID162348	1	1	0	0
1	1	UID162358	1	1	0	0
1	1	UID162362	1	1	0	0
1	1	UID162364	1	1	0	0
1	1	UID162372	1	1	0	0
1	1	UID162374	1	1	0	0
1	1	UID162378	1	1	0	0
1	1	UID162396	1	1	0	0
1	1	UID162399	1	1	0	0
1	1	UID162400	1	1	0	0
1	1	UID162404	1	1	0	0
1	1	UID162405	1	1	0	0
1	1	UID162406	1	1	0	0
1	1	UID162408	1	1	0	0
1	1	UID162411	1	1	0	0
1	1	UID162412	1	1	0	0
1	1	UID162413	1	1	0	0
1	1	UID162420	1	1	0	0
1	1	UID162429	1	1	0	0
1	1	UID162438	1	1	0	0
1	1	UID162443	1	1	0	0
1	1	UID162445	1	1	0	0
1	1	UID162446	1	1	0	0
1	1	UID162449	1	1	0	0
1	1	UID162450	1	1	0	0
1	1	UID162452	1	1	0	0
1	1	UID162467	1	1	0	0
1	1	UID162471	1	1	0	0
1	1	UID162477	1	1	0	0
1	1	UID162479	1	1	0	0
1	1	UID162480	1	1	0	0
1	1	UID162482	1	1	0	0
1	1	UID162484	1	1	0	0
1	1	UID162489	1	1	0	0
1	1	UID162492	1	1	0	0
1	1	UID162495	1	1	0	0
1	1	UID162497	1	1	0	0
1	1	UID162498	1	1	0	0
1	1	UID162499	1	1	0	0
1	1	UID162513	1	1	0	0
1	1	UID162517	1	1	0	0
1	1	UID162523	1	1	0	0
1	1	UID162524	1	1	0	0
1	1	UID162525	1	1	0	0
1	1	UID162527	1	1	0	0
1	1	UID162531	1	1	0	0
1	1	UID162534	1	1	0	0
1	1	UID162541	1	1	0	0
1	1	UID162544	1	1	0	0
1	1	UID162545	1	1	0	0
1	1	UID162547	1	1	0	0
1	1	UID162548	1	1	0	0
1	1	UID162550	1	1	0	0
1	1	UID162557	1	1	0	0
1	1	UID162561	1	1	0	0
1	1	UID162571	1	1	0	0
1	1	UID162573	1	1	0	0
1	1	UID162583	1	1	0	0
1	1	UID162584	1	1	0	0
1	1	UID162588	1	1	0	0
1	1	UID162595	1	1	0	0
1	1	UID162597	1	1	0	0
1	1	UID162602	1	1	0	0
1	1	UID162609	1	1	0	0
1	1	UID162611	1	1	0	0
1	1	UID162612	1	1	0	0
1	1	UID162620	1	1	0	0
1	1	UID162621	1	1	0	0
1	1	UID162637	1	1	0	0
1	1	UID162638	1	1	0	0
1	1	UID162641	1	1	0	0
1	1	UID162642	1	1	0	0
1	1	UID162651	1	1	0	0
1	1	UID162656	1	1	0	0
1	1	UID162658	1	1	0	0
1	1	UID162676	1	1	0	0
1	1	UID162680	1	1	0	0
1	1	UID162684	1	1	0	0
1	1	UID162692	1	1	0	0
1	1	UID162703	1	1	0	0
1	1	UID162706	1	1	0	0
1	1	UID162720	1	1	0	0
1	1	UID162725	1	1	0	0
1	1	UID162726	1	1	0	0
1	1	UID162727	1	1	0	0
1	1	UID162730	1	1	0	0
1	1	UID162733	1	1	0	0
1	1	UID162740	1	1	0	0
1	1	UID162741	1	1	0	0
1	1	UID162744	1	1	0	0
1	1	UID162748	1	1	0	0
1	1	UID162751	1	1	0	0
1	1	UID162753	1	1	0	0
1	1	UID162754	1	1	0	0
1	1	UID162759	1	1	0	0
1	1	UID162760	1	1	0	0
1	1	UID162761	1	1	0	0
1	1	UID162763	1	1	0	0
1	1	UID162764	1	1	0	0
1	1	UID162765	1	1	0	0
1	1	UID162766	1	1	0	0
1	1	UID162767	1	1	0	0
1	1	UID162777	1	1	0	0
1	1	UID162779	1	1	0	0
1	1	UID162781	1	1	0	0
1	1	UID162782	1	1	0	0
1	1	UID162794	1	1	0	0
1	1	UID162795	1	1	0	0
1	1	UID162796	1	1	0	0
1	1	UID162797	1	1	0	0
1	1	UID162800	1	1	0	0
1	1	UID162801	1	1	0	0
1	1	UID162813	1	1	0	0
1	1	UID162815	1	1	0	0
1	1	UID162816	1	1	0	0
1	1	UID162817	1	1	0	0
1	1	UID162820	1	1	0	0
1	1	UID162832	1	1	0	0
1	1	UID162835	1	1	0	0
1	1	UID162838	1	1	0	0
1	1	UID162839	1	1	0	0
1	1	UID162840	1	1	0	0
1	1	UID162841	1	1	0	0
1	1	UID162845	1	1	0	0
1	1	UID162846	1	1	0	0
1	1	UID162855	1	1	0	0
1	1	UID162856	1	1	0	0
1	1	UID162857	1	1	0	0
1	1	UID162860	1	1	0	0
1	1	UID162861	1	1	0	0
1	1	UID162867	1	1	0	0
1	1	UID162869	1	1	0	0
1	1	UID162891	1	1	0	0
1	1	UID162896	1	1	0	0
1	1	UID162897	1	1	0	0
1	1	UID162898	1	1	0	0
1	1	UID162905	1	1	0	0
1	1	UID162906	1	1	0	0
1	1	UID162907	1	1	0	0
1	1	UID162908	1	1	0	0
1	1	UID162915	1	1	0	0
1	1	UID162919	1	1	0	0
1	1	UID162920	1	1	0	0
1	1	UID162923	1	1	0	0
1	1	UID162929	1	1	0	0
1	1	UID162932	1	1	0	0
1	1	UID162934	1	1	0	0
1	1	UID162937	1	1	0	0
1	1	UID162939	1	1	0	0
1	1	UID162942	1	1	0	0
1	1	UID162953	1	1	0	0
1	1	UID162955	1	1	0	0
1	1	UID162970	1	1	0	0
1	1	UID162975	1	1	0	0
1	1	UID162976	1	1	0	0
1	1	UID162985	1	1	0	0
1	1	UID162987	1	1	0	0
1	1	UID162991	1	1	0	0
1	1	UID162992	1	1	0	0
1	1	UID162994	1	1	0	0
1	1	UID162997	1	1	0	0
1	1	UID163005	1	1	0	0
1	1	UID163007	1	1	0	0
1	1	UID163008	1	1	0	0
1	1	UID163009	1	1	0	0
1	1	UID163012	1	1	0	0
1	1	UID163029	1	1	0	0
1	1	UID163032	1	1	0	0
1	1	UID163033	1	1	0	0
1	1	UID163037	1	1	0	0
1	1	UID163043	1	1	0	0
1	1	UID163045	1	1	0	0
1	1	UID163046	1	1	0	0
1	1	UID163047	1	1	0	0
1	1	UID163054	1	1	0	0
1	1	UID163057	1	1	0	0
1	1	UID163058	1	1	0	0
2	2	UID163061	1	2	1	1
1	1	UID163063	1	1	0	0
1	1	UID163069	1	1	0	0
1	1	UID163070	1	1	0	0
1	1	UID163071	1	1	0	0
1	1	UID163073	1	1	0	0
1	1	UID163074	1	1	0	0
1	1	UID163080	1	1	0	0
1	1	UID163083	1	1	0	0
1	1	UID163086	1	1	0	0
1	1	UID163087	1	1	0	0
1	1	UID163088	1	1	0	0
1	1	UID163090	1	1	0	0
1	1	UID163091	1	1	0	0
1	1	UID163092	1	1	0	0
1	1	UID163094	1	1	0	0
1	1	UID163095	1	1	0	0
1	1	UID163096	1	1	0	0
1	1	UID163100	1	1	0	0
1	1	UID163101	1	1	0	0
1	1	UID163109	1	1	0	0
1	1	UID163110	1	1	0	0
1	1	UID163113	1	1	0	0
1	1	UID163123	1	1	0	0
1	1	UID163126	1	1	0	0
1	1	UID163131	1	1	0	0
1	1	UID163133	1	1	0	0
1	1	UID163137	1	1	0	0
1	1	UID163150	1	1	0	0
1	1	UID163153	1	1	0	0
1	1	UID163154	1	1	0	0
1	1	UID163160	1	1	0	0
1	1	UID163162	1	1	0	0
1	1	UID163169	1	1	0	0
1	1	UID163288	1	1	0	0
1	1	UID163304	1	1	0	0
1	1	UID163342	1	1	0	0
1	1	UID163371	1	1	0	0
1	1	UID163392	1	1	0	0
1	1	UID163427	1	1	0	0
1	1	UID163428	1	1	0	0
5	5	UID163446	1	5	2	2
1	1	UID163451	1	1	0	0
1	1	UID163461	1	1	0	0
1	1	UID163462	1	1	0	0
1	1	UID163463	1	1	0	0
1	1	UID163474	1	1	0	0
1	1	UID163476	1	1	0	0
1	1	UID163488	1	1	0	0
1	1	UID163491	1	1	0	0
1	1	UID163510	1	1	0	0
1	1	UID163512	1	1	0	0
2	2	UID163513	1	2	1	1
1	1	UID163516	1	1	0	0
1	1	UID163518	1	1	0	0
1	1	UID163520	1	1	0	0
1	1	UID163521	1	1	0	0
1	1	UID163522	1	1	0	0
1	1	UID163524	1	1	0	0
1	1	UID163525	1	1	0	0
1	1	UID163536	1	1	0	0
1	1	UID163537	1	1	0	0
1	1	UID163541	1	1	0	0
1	1	UID163543	1	1	0	0
1	1	UID163544	1	1	0	0
1	1	UID163545	1	1	0	0
1	1	UID163549	1	1	0	0
1	1	UID163553	1	1	0	0
1	1	UID163556	1	1	0	0
1	1	UID163564	1	1	0	0
1	1	UID163568	1	1	0	0
1	1	UID163598	1	1	0	0
1	1	UID163599	1	1	0	0
1	1	UID163612	1	1	0	0
1	1	UID163615	1	1	0	0
1	1	UID163616	1	1	0	0
1	1	UID163623	1	1	0	0
1	1	UID163639	1	1	0	0
1	1	UID163658	1	1	0	0
1	1	UID163659	1	1	0	0
1	1	UID163717	1	1	0	0
1	1	UID163735	1	1	0	0
1	1	UID163736	1	1	0	0
1	1	UID163737	1	1	0	0
1	1	UID163739	1	1	0	0
1	1	UID163767	1	1	0	0
1	1	UID163768	1	1	0	0
1	1	UID163771	1	1	0	0
1	1	UID163846	1	1	0	0
1	1	UID163848	1	1	0	0
1	1	UID163849	1	1	0	0
1	1	UID163852	1	1	0	0
1	1	UID163854	1	1	0	0
1	1	UID163860	1	1	0	0
1	1	UID163867	1	1	0	0
1	1	UID163869	1	1	0	0
1	1	UID163870	1	1	0	0
1	1	UID163871	1	1	0	0
1	1	UID163872	1	1	0	0
1	1	UID163873	1	1	0	0
1	1	UID163874	1	1	0	0
1	1	UID163875	1	1	0	0
1	1	UID163876	1	1	0	0
1	1	UID163877	1	1	0	0
1	1	UID163878	1	1	0	0
1	1	UID163889	1	1	0	0
1	1	UID163890	1	1	0	0
1	1	UID163898	1	1	0	0
1	1	UID163906	1	1	0	0
1	1	UID163908	1	1	0	0
1	1	UID163909	1	1	0	0
1	1	UID163911	1	1	0	0
1	1	UID163914	1	1	0	0
1	1	UID163916	1	1	0	0
1	1	UID163925	1	1	0	0
1	1	UID163934	1	1	0	0
1	1	UID163940	1	1	0	0
1	1	UID163948	1	1	0	0
1	1	UID163950	1	1	0	0
1	1	UID163951	1	1	0	0
1	1	UID163956	1	1	0	0
1	1	UID163966	1	1	0	0
1	1	UID163974	1	1	0	0
1	1	UID163976	1	1	0	0
1	1	UID163977	1	1	0	0
1	1	UID163978	1	1	0	0
1	1	UID163982	1	1	0	0
1	1	UID163987	1	1	0	0
1	1	UID163988	1	1	0	0
1	1	UID163989	1	1	0	0
1	1	UID164004	1	1	0	0
1	1	UID164006	1	1	0	0
1	1	UID164016	1	1	0	0
1	1	UID164017	1	1	0	0
1	1	UID164021	1	1	0	0
1	1	UID164025	1	1	0	0
1	1	UID164029	1	1	0	0
1	1	UID164035	1	1	0	0
1	1	UID164037	1	1	0	0
1	1	UID164039	1	1	0	0
1	1	UID164043	1	1	0	0
1	1	UID164044	1	1	0	0
1	1	UID164049	1	1	0	0
1	1	UID164054	1	1	0	0
1	1	UID164055	1	1	0	0
1	1	UID164057	1	1	0	0
1	1	UID164058	1	1	0	0
1	1	UID164067	1	1	0	0
1	1	UID164068	1	1	0	0
1	1	UID164069	1	1	0	0
1	1	UID164072	1	1	0	0
1	1	UID164073	1	1	0	0
1	1	UID164081	1	1	0	0
1	1	UID164082	1	1	0	0
1	1	UID164084	1	1	0	0
1	1	UID164088	1	1	0	0
1	1	UID164089	1	1	0	0
1	1	UID164090	1	1	0	0
1	1	UID164091	1	1	0	0
1	1	UID164093	1	1	0	0
1	1	UID164104	1	1	0	0
1	1	UID164111	1	1	0	0
1	1	UID164127	1	1	0	0
1	1	UID164128	1	1	0	0
1	1	UID164132	1	1	0	0
1	1	UID164135	1	1	0	0
1	1	UID164136	1	1	0	0
1	1	UID164137	1	1	0	0
1	1	UID164140	1	1	0	0
1	1	UID164151	1	1	0	0
1	1	UID164152	1	1	0	0
1	1	UID164154	1	1	0	0
1	1	UID164155	1	1	0	0
1	1	UID164157	1	1	0	0
1	1	UID164159	1	1	0	0
1	1	UID164160	1	1	0	0
1	1	UID164161	1	1	0	0
1	1	UID164171	1	1	0	0
1	1	UID164174	1	1	0	0
1	1	UID164175	1	1	0	0
1	1	UID164176	1	1	0	0
1	1	UID164177	1	1	0	0
1	1	UID164178	1	1	0	0
1	1	UID164180	1	1	0	0
1	1	UID164182	1	1	0	0
1	1	UID164184	1	1	0	0
1	1	UID164200	1	1	0	0
1	1	UID164207	1	1	0	0
1	1	UID164215	1	1	0	0
1	1	UID164217	1	1	0	0
1	1	UID164224	1	1	0	0
1	1	UID164225	1	1	0	0
1	1	UID164229	1	1	0	0
1	1	UID164230	1	1	0	0
1	1	UID164240	1	1	0	0
1	1	UID164241	1	1	0	0
1	1	UID164242	1	1	0	0
1	1	UID164250	1	1	0	0
7	7	UID164251	1	7	2	2
1	1	UID164259	1	1	0	0
1	1	UID164265	1	1	0	0
1	1	UID164267	1	1	0	0
1	1	UID164268	1	1	0	0
1	1	UID164287	1	1	0	0
1	1	UID164288	1	1	0	0
1	1	UID164290	1	1	0	0
1	1	UID164301	1	1	0	0
1	1	UID164302	1	1	0	0
1	1	UID164303	1	1	0	0
1	1	UID164316	1	1	0	0
1	1	UID164336	1	1	0	0
1	1	UID164337	1	1	0	0
1	1	UID164351	1	1	0	0
1	1	UID164353	1	1	0	0
1	1	UID164357	1	1	0	0
1	1	UID164360	1	1	0	0
1	1	UID164362	1	1	0	0
1	1	UID164365	1	1	0	0
1	1	UID164395	1	1	0	0
1	1	UID164416	1	1	0	0
1	1	UID164417	1	1	0	0
1	1	UID164419	1	1	0	0
1	1	UID164421	1	1	0	0
1	1	UID164423	1	1	0	0
1	1	UID164429	1	1	0	0
1	1	UID164431	1	1	0	0
1	1	UID164432	1	1	0	0
1	1	UID164434	1	1	0	0
1	1	UID164435	1	1	0	0
1	1	UID164445	1	1	0	0
1	1	UID164447	1	1	0	0
1	1	UID164452	1	1	0	0
1	1	UID164455	1	1	0	0
1	1	UID164458	1	1	0	0
1	1	UID164459	1	1	0	0
1	1	UID164466	1	1	0	0
1	1	UID164467	1	1	0	0
1	1	UID164471	1	1	0	0
1	1	UID164478	1	1	0	0
1	1	UID164485	1	1	0	0
1	1	UID164496	1	1	0	0
1	1	UID164499	1	1	0	0
1	1	UID164500	1	1	0	0
1	1	UID164502	1	1	0	0
1	1	UID164506	1	1	0	0
1	1	UID164511	1	1	0	0
1	1	UID164515	1	1	0	0
1	1	UID164518	1	1	0	0
1	1	UID164519	1	1	0	0
1	1	UID164524	1	1	0	0
1	1	UID164526	1	1	0	0
1	1	UID164530	1	1	0	0
1	1	UID164536	1	1	0	0
1	1	UID164537	1	1	0	0
1	1	UID164538	1	1	0	0
1	1	UID164540	1	1	0	0
1	1	UID164546	1	1	0	0
1	1	UID164548	1	1	0	0
1	1	UID164554	1	1	0	0
1	1	UID164555	1	1	0	0
1	1	UID164558	1	1	0	0
1	1	UID164559	1	1	0	0
1	1	UID164560	1	1	0	0
1	1	UID164561	1	1	0	0
1	1	UID164562	1	1	0	0
1	1	UID164563	1	1	0	0
1	1	UID164564	1	1	0	0
1	1	UID164565	1	1	0	0
1	1	UID164566	1	1	0	0
1	1	UID164567	1	1	0	0
1	1	UID164571	1	1	0	0
1	1	UID164573	1	1	0	0
1	1	UID164574	1	1	0	0
1	1	UID164578	1	1	0	0
1	1	UID164579	1	1	0	0
1	1	UID164580	1	1	0	0
1	1	UID164585	1	1	0	0
1	1	UID164590	1	1	0	0
1	1	UID164593	1	1	0	0
1	1	UID164595	1	1	0	0
1	1	UID164596	1	1	0	0
1	1	UID164597	1	1	0	0
1	1	UID164599	1	1	0	0
1	1	UID164602	1	1	0	0
1	1	UID164603	1	1	0	0
1	1	UID164605	1	1	0	0
1	1	UID164609	1	1	0	0
1	1	UID164621	1	1	0	0
3	3	UID164622	1	3	2	2
1	1	UID164625	1	1	0	0
1	1	UID164626	1	1	0	0
1	1	UID164628	1	1	0	0
1	1	UID164632	1	1	0	0
1	1	UID164633	1	1	0	0
1	1	UID164638	1	1	0	0
1	1	UID164640	1	1	0	0
1	1	UID164642	1	1	0	0
1	1	UID164646	1	1	0	0
1	1	UID164647	1	1	0	0
1	1	UID164648	1	1	0	0
1	1	UID164653	1	1	0	0
1	1	UID164655	1	1	0	0
1	1	UID164659	1	1	0	0
1	1	UID164662	1	1	0	0
1	1	UID164664	1	1	0	0
1	1	UID164671	1	1	0	0
1	1	UID164675	1	1	0	0
1	1	UID164686	1	1	0	0
1	1	UID164687	1	1	0	0
1	1	UID164690	1	1	0	0
1	1	UID164692	1	1	0	0
1	1	UID164693	1	1	0	0
1	1	UID164695	1	1	0	0
1	1	UID164710	1	1	0	0
1	1	UID164718	1	1	0	0
1	1	UID164757	1	1	0	0
1	1	UID164758	1	1	0	0
1	1	UID164759	1	1	0	0
1	1	UID164760	1	1	0	0
1	1	UID164761	1	1	0	0
1	1	UID164764	1	1	0	0
1	1	UID164765	1	1	0	0
1	1	UID164766	1	1	0	0
1	1	UID164768	1	1	0	0
1	1	UID164769	1	1	0	0
1	1	UID164773	1	1	0	0
1	1	UID164775	1	1	0	0
1	1	UID164776	1	1	0	0
1	1	UID164777	1	1	0	0
1	1	UID164779	1	1	0	0
1	1	UID164780	1	1	0	0
1	1	UID164781	1	1	0	0
1	1	UID164782	1	1	0	0
1	1	UID164783	1	1	0	0
1	1	UID164784	1	1	0	0
1	1	UID164786	1	1	0	0
1	1	UID164787	1	1	0	0
1	1	UID164788	1	1	0	0
1	1	UID164791	1	1	0	0
1	1	UID164792	1	1	0	0
1	1	UID164794	1	1	0	0
1	1	UID164797	1	1	0	0
1	1	UID164804	1	1	0	0
1	1	UID164808	1	1	0	0
1	1	UID164814	1	1	0	0
1	1	UID164815	1	1	0	0
1	1	UID164821	1	1	0	0
1	1	UID164827	1	1	0	0
1	1	UID164828	1	1	0	0
1	1	UID164832	1	1	0	0
1	1	UID164835	1	1	0	0
1	1	UID164836	1	1	0	0
1	1	UID164839	1	1	0	0
1	1	UID164847	1	1	0	0
1	1	UID164848	1	1	0	0
1	1	UID164869	1	1	0	0
1	1	UID164870	1	1	0	0
1	1	UID164871	1	1	0	0
1	1	UID164882	1	1	0	0
1	1	UID164884	1	1	0	0
1	1	UID164887	1	1	0	0
1	1	UID164888	1	1	0	0
1	1	UID164891	1	1	0	0
1	1	UID164893	1	1	0	0
1	1	UID164900	1	1	0	0
1	1	UID164905	1	1	0	0
1	1	UID164908	1	1	0	0
1	1	UID164911	1	1	0	0
1	1	UID164912	1	1	0	0
1	1	UID164925	1	1	0	0
1	1	UID164928	1	1	0	0
1	1	UID164941	1	1	0	0
1	1	UID164942	1	1	0	0
1	1	UID164952	1	1	0	0
1	1	UID164953	1	1	0	0
1	1	UID164954	1	1	0	0
1	1	UID164958	1	1	0	0
1	1	UID164965	1	1	0	0
1	1	UID164969	1	1	0	0
1	1	UID164987	1	1	0	0
1	1	UID164991	1	1	0	0
1	1	UID164992	1	1	0	0
1	1	UID164994	1	1	0	0
1	1	UID164996	1	1	0	0
1	1	UID164998	1	1	0	0
1	1	UID165013	1	1	0	0
1	1	UID165016	1	1	0	0
1	1	UID165018	1	1	0	0
1	1	UID165022	1	1	0	0
1	1	UID165034	1	1	0	0
1	1	UID165037	1	1	0	0
1	1	UID165047	1	1	0	0
1	1	UID165049	1	1	0	0
1	1	UID165057	1	1	0	0
1	1	UID165063	1	1	0	0
1	1	UID165066	1	1	0	0
1	1	UID165068	1	1	0	0
1	1	UID165070	1	1	0	0
1	1	UID165080	1	1	0	0
1	1	UID165081	1	1	0	0
1	1	UID165082	1	1	0	0
1	1	UID165097	1	1	0	0
1	1	UID165101	1	1	0	0
1	1	UID165103	1	1	0	0
1	1	UID165104	1	1	0	0
1	1	UID165106	1	1	0	0
1	1	UID165116	1	1	0	0
1	1	UID165119	1	1	0	0
1	1	UID165122	1	1	0	0
1	1	UID165126	1	1	0	0
1	1	UID165128	1	1	0	0
1	1	UID165141	1	1	0	0
1	1	UID165143	1	1	0	0
1	1	UID165160	1	1	0	0
1	1	UID165168	1	1	0	0
1	1	UID165172	1	1	0	0
1	1	UID165181	1	1	0	0
1	1	UID165183	1	1	0	0
1	1	UID165187	1	1	0	0
1	1	UID165195	1	1	0	0
1	1	UID165199	1	1	0	0
1	1	UID165201	1	1	0	0
1	1	UID165202	1	1	0	0
1	1	UID165204	1	1	0	0
1	1	UID165206	1	1	0	0
1	1	UID165207	1	1	0	0
1	1	UID165208	1	1	0	0
1	1	UID165209	1	1	0	0
1	1	UID165214	1	1	0	0
1	1	UID165218	1	1	0	0
1	1	UID165232	1	1	0	0
1	1	UID165234	1	1	0	0
1	1	UID165235	1	1	0	0
1	1	UID165237	1	1	0	0
1	1	UID165240	1	1	0	0
1	1	UID165241	1	1	0	0
1	1	UID165242	1	1	0	0
1	1	UID165249	1	1	0	0
1	1	UID165251	1	1	0	0
1	1	UID165253	1	1	0	0
1	1	UID165254	1	1	0	0
1	1	UID165255	1	1	0	0
1	1	UID165261	1	1	0	0
1	1	UID165262	1	1	0	0
1	1	UID165264	1	1	0	0
1	1	UID165265	1	1	0	0
1	1	UID165269	1	1	0	0
1	1	UID165272	1	1	0	0
1	1	UID165273	1	1	0	0
1	1	UID165274	1	1	0	0
1	1	UID165277	1	1	0	0
1	1	UID165280	1	1	0	0
1	1	UID165288	1	1	0	0
1	1	UID165290	1	1	0	0
1	1	UID165291	1	1	0	0
1	1	UID165292	1	1	0	0
1	1	UID165294	1	1	0	0
1	1	UID165296	1	1	0	0
1	1	UID165297	1	1	0	0
1	1	UID165302	1	1	0	0
1	1	UID165303	1	1	0	0
1	1	UID165305	1	1	0	0
1	1	UID165308	1	1	0	0
1	1	UID165313	1	1	0	0
1	1	UID165314	1	1	0	0
1	1	UID165315	1	1	0	0
1	1	UID165339	1	1	0	0
1	1	UID165340	1	1	0	0
1	1	UID165344	1	1	0	0
1	1	UID165346	1	1	0	0
1	1	UID165360	1	1	0	0
1	1	UID165367	1	1	0	0
1	1	UID165368	1	1	0	0
1	1	UID165377	1	1	0	0
1	1	UID165378	1	1	0	0
1	1	UID165380	1	1	0	0
1	1	UID165381	1	1	0	0
1	1	UID165383	1	1	0	0
1	1	UID165384	1	1	0	0
1	1	UID165387	1	1	0	0
1	1	UID165409	1	1	0	0
1	1	UID165446	1	1	0	0
1	1	UID165464	1	1	0	0
1	1	UID165469	1	1	0	0
1	1	UID165485	1	1	0	0
1	1	UID165493	1	1	0	0
1	1	UID165494	1	1	0	0
1	1	UID165496	1	1	0	0
1	1	UID165513	1	1	0	0
1	1	UID165524	1	1	0	0
1	1	UID165526	1	1	0	0
1	1	UID165531	1	1	0	0
1	1	UID165534	1	1	0	0
1	1	UID165555	1	1	0	0
1	1	UID165557	1	1	0	0
1	1	UID165568	1	1	0	0
1	1	UID165571	1	1	0	0
1	1	UID165578	1	1	0	0
1	1	UID165580	1	1	0	0
1	1	UID165583	1	1	0	0
1	1	UID165596	1	1	0	0
1	1	UID165598	1	1	0	0
1	1	UID165600	1	1	0	0
1	1	UID165602	1	1	0	0
1	1	UID165608	1	1	0	0
1	1	UID165609	1	1	0	0
1	1	UID165610	1	1	0	0
1	1	UID165612	1	1	0	0
1	1	UID165614	1	1	0	0
1	1	UID165630	1	1	0	0
1	1	UID165632	1	1	0	0
1	1	UID165634	1	1	0	0
1	1	UID165640	1	1	0	0
1	1	UID165654	1	1	0	0
1	1	UID165655	1	1	0	0
1	1	UID165661	1	1	0	0
1	1	UID165677	1	1	0	0
1	1	UID165681	1	1	0	0
1	1	UID165685	1	1	0	0
1	1	UID165686	1	1	0	0
1	1	UID165729	1	1	0	0
1	1	UID165730	1	1	0	0
1	1	UID165740	1	1	0	0
1	1	UID165741	1	1	0	0
1	1	UID165743	1	1	0	0
1	1	UID165744	1	1	0	0
1	1	UID165755	1	1	0	0
1	1	UID165759	1	1	0	0
1	1	UID165769	1	1	0	0
1	1	UID165774	1	1	0	0
1	1	UID165784	1	1	0	0
1	1	UID165788	1	1	0	0
1	1	UID165793	1	1	0	0
1	1	UID165796	1	1	0	0
1	1	UID165797	1	1	0	0
1	1	UID165807	1	1	0	0
1	1	UID165809	1	1	0	0
1	1	UID165810	1	1	0	0
1	1	UID165814	1	1	0	0
1	1	UID165817	1	1	0	0
1	1	UID165832	1	1	0	0
1	1	UID165833	1	1	0	0
1	1	UID165837	1	1	0	0
1	1	UID165840	1	1	0	0
1	1	UID165843	1	1	0	0
1	1	UID165844	1	1	0	0
1	1	UID165845	1	1	0	0
1	1	UID165846	1	1	0	0
1	1	UID165849	1	1	0	0
1	1	UID165851	1	1	0	0
1	1	UID165858	1	1	0	0
1	1	UID165875	1	1	0	0
1	1	UID165876	1	1	0	0
1	1	UID165885	1	1	0	0
1	1	UID165892	1	1	0	0
1	1	UID165896	1	1	0	0
1	1	UID165899	1	1	0	0
1	1	UID165905	1	1	0	0
1	1	UID165906	1	1	0	0
1	1	UID165907	1	1	0	0
1	1	UID165908	1	1	0	0
1	1	UID165909	1	1	0	0
1	1	UID165913	1	1	0	0
1	1	UID165921	1	1	0	0
1	1	UID165922	1	1	0	0
1	1	UID165926	1	1	0	0
1	1	UID165934	1	1	0	0
1	1	UID165936	1	1	0	0
1	1	UID165937	1	1	0	0
1	1	UID165938	1	1	0	0
1	1	UID165940	1	1	0	0
1	1	UID165943	1	1	0	0
1	1	UID165944	1	1	0	0
1	1	UID165946	1	1	0	0
1	1	UID165950	1	1	0	0
1	1	UID165951	1	1	0	0
1	1	UID165954	1	1	0	0
1	1	UID165956	1	1	0	0
1	1	UID165957	1	1	0	0
1	1	UID165961	1	1	0	0
1	1	UID165964	1	1	0	0
1	1	UID165970	1	1	0	0
1	1	UID165971	1	1	0	0
1	1	UID165972	1	1	0	0
1	1	UID165973	1	1	0	0
1	1	UID165974	1	1	0	0
1	1	UID165978	1	1	0	0
1	1	UID165979	1	1	0	0
1	1	UID165980	1	1	0	0
1	1	UID165983	1	1	0	0
1	1	UID165984	1	1	0	0
1	1	UID165985	1	1	0	0
1	1	UID165986	1	1	0	0
1	1	UID165987	1	1	0	0
1	1	UID165988	1	1	0	0
1	1	UID165989	1	1	0	0
1	1	UID165990	1	1	0	0
1	1	UID165991	1	1	0	0
1	1	UID165993	1	1	0	0
1	1	UID165994	1	1	0	0
1	1	UID165995	1	1	0	0
1	1	UID166012	1	1	0	0
1	1	UID166014	1	1	0	0
1	1	UID166015	1	1	0	0
1	1	UID166033	1	1	0	0
1	1	UID166035	1	1	0	0
1	1	UID166037	1	1	0	0
1	1	UID166039	1	1	0	0
1	1	UID166052	1	1	0	0
1	1	UID166055	1	1	0	0
1	1	UID166058	1	1	0	0
1	1	UID166060	1	1	0	0
1	1	UID166061	1	1	0	0
1	1	UID166070	1	1	0	0
1	1	UID166071	1	1	0	0
1	1	UID166075	1	1	0	0
1	1	UID166076	1	1	0	0
1	1	UID166078	1	1	0	0
1	1	UID166108	1	1	0	0
1	1	UID166121	1	1	0	0
1	1	UID166122	1	1	0	0
1	1	UID166129	1	1	0	0
1	1	UID166146	1	1	0	0
1	1	UID166151	1	1	0	0
1	1	UID166155	1	1	0	0
1	1	UID166172	1	1	0	0
1	1	UID166173	1	1	0	0
1	1	UID166176	1	1	0	0
1	1	UID166177	1	1	0	0
1	1	UID166189	1	1	0	0
1	1	UID166193	1	1	0	0
1	1	UID166197	1	1	0	0
1	1	UID166201	1	1	0	0
1	1	UID166204	1	1	0	0
1	1	UID166215	1	1	0	0
1	1	UID166223	1	1	0	0
1	1	UID166224	1	1	0	0
1	1	UID166225	1	1	0	0
1	1	UID166241	1	1	0	0
1	1	UID166255	1	1	0	0
1	1	UID166268	1	1	0	0
1	1	UID166269	1	1	0	0
1	1	UID166272	1	1	0	0
1	1	UID166275	1	1	0	0
1	1	UID166283	1	1	0	0
1	1	UID166284	1	1	0	0
1	1	UID166287	1	1	0	0
1	1	UID166292	1	1	0	0
1	1	UID166296	1	1	0	0
1	1	UID166297	1	1	0	0
1	1	UID166301	1	1	0	0
1	1	UID166306	1	1	0	0
1	1	UID166307	1	1	0	0
1	1	UID166310	1	1	0	0
1	1	UID166315	1	1	0	0
1	1	UID166319	1	1	0	0
1	1	UID166323	1	1	0	0
1	1	UID166329	1	1	0	0
1	1	UID166334	1	1	0	0
1	1	UID166351	1	1	0	0
1	1	UID166362	1	1	0	0
1	1	UID166384	1	1	0	0
1	1	UID166385	1	1	0	0
1	1	UID166388	1	1	0	0
1	1	UID166395	1	1	0	0
1	1	UID166404	1	1	0	0
1	1	UID166407	1	1	0	0
1	1	UID166412	1	1	0	0
1	1	UID166415	1	1	0	0
1	1	UID166417	1	1	0	0
1	1	UID166419	1	1	0	0
1	1	UID166426	1	1	0	0
1	1	UID166427	1	1	0	0
1	1	UID166431	1	1	0	0
1	1	UID166433	1	1	0	0
1	1	UID166438	1	1	0	0
1	1	UID166444	1	1	0	0
1	1	UID166447	1	1	0	0
1	1	UID166453	1	1	0	0
1	1	UID166464	1	1	0	0
1	1	UID166481	1	1	0	0
1	1	UID166485	1	1	0	0
1	1	UID166488	1	1	0	0
1	1	UID166499	1	1	0	0
1	1	UID166517	1	1	0	0
1	1	UID166518	1	1	0	0
1	1	UID166519	1	1	0	0
1	1	UID166520	1	1	0	0
1	1	UID166522	1	1	0	0
1	1	UID166523	1	1	0	0
1	1	UID166528	1	1	0	0
1	1	UID166530	1	1	0	0
1	1	UID166532	1	1	0	0
1	1	UID166536	1	1	0	0
1	1	UID166538	1	1	0	0
1	1	UID166560	1	1	0	0
1	1	UID166561	1	1	0	0
1	1	UID166563	1	1	0	0
1	1	UID166569	1	1	0	0
1	1	UID166576	1	1	0	0
1	1	UID166577	1	1	0	0
1	1	UID166581	1	1	0	0
1	1	UID166593	1	1	0	0
1	1	UID166598	1	1	0	0
1	1	UID166600	1	1	0	0
1	1	UID166602	1	1	0	0
1	1	UID166606	1	1	0	0
1	1	UID166613	1	1	0	0
1	1	UID166614	1	1	0	0
1	1	UID166615	1	1	0	0
1	1	UID166621	1	1	0	0
1	1	UID166622	1	1	0	0
1	1	UID166624	1	1	0	0
1	1	UID166625	1	1	0	0
1	1	UID166631	1	1	0	0
1	1	UID166633	1	1	0	0
1	1	UID166635	1	1	0	0
1	1	UID166636	1	1	0	0
1	1	UID166639	1	1	0	0
1	1	UID166641	1	1	0	0
1	1	UID166642	1	1	0	0
1	1	UID166645	1	1	0	0
1	1	UID166654	1	1	0	0
1	1	UID166656	1	1	0	0
1	1	UID166658	1	1	0	0
1	1	UID166659	1	1	0	0
1	1	UID166660	1	1	0	0
1	1	UID166669	1	1	0	0
1	1	UID166678	1	1	0	0
1	1	UID166679	1	1	0	0
1	1	UID166681	1	1	0	0
2	2	UID166684	1	2	1	1
1	1	UID166703	1	1	0	0
1	1	UID166705	1	1	0	0
1	1	UID166713	1	1	0	0
1	1	UID166717	1	1	0	0
1	1	UID166719	1	1	0	0
1	1	UID166734	1	1	0	0
1	1	UID166740	1	1	0	0
1	1	UID166742	1	1	0	0
1	1	UID166745	1	1	0	0
1	1	UID166749	1	1	0	0
1	1	UID166750	1	1	0	0
1	1	UID166768	1	1	0	0
1	1	UID166774	1	1	0	0
1	1	UID166776	1	1	0	0
1	1	UID166798	1	1	0	0
1	1	UID166799	1	1	0	0
1	1	UID166804	1	1	0	0
1	1	UID166806	1	1	0	0
1	1	UID166807	1	1	0	0
1	1	UID166810	1	1	0	0
1	1	UID166813	1	1	0	0
1	1	UID166814	1	1	0	0
1	1	UID166815	1	1	0	0
1	1	UID166816	1	1	0	0
1	1	UID166819	1	1	0	0
1	1	UID166821	1	1	0	0
1	1	UID166824	1	1	0	0
1	1	UID166825	1	1	0	0
1	1	UID166826	1	1	0	0
1	1	UID166827	1	1	0	0
1	1	UID166834	1	1	0	0
1	1	UID166843	1	1	0	0
1	1	UID166845	1	1	0	0
1	1	UID166848	1	1	0	0
1	1	UID166853	1	1	0	0
1	1	UID166856	1	1	0	0
1	1	UID166859	1	1	0	0
1	1	UID166863	1	1	0	0
1	1	UID166864	1	1	0	0
1	1	UID166865	1	1	0	0
1	1	UID166870	1	1	0	0
1	1	UID166871	1	1	0	0
1	1	UID166874	1	1	0	0
1	1	UID166875	1	1	0	0
1	1	UID166876	1	1	0	0
1	1	UID166877	1	1	0	0
1	1	UID166878	1	1	0	0
1	1	UID166884	1	1	0	0
1	1	UID166906	1	1	0	0
1	1	UID166913	1	1	0	0
1	1	UID166919	1	1	0	0
1	1	UID166921	1	1	0	0
1	1	UID166923	1	1	0	0
1	1	UID166925	1	1	0	0
1	1	UID166926	1	1	0	0
1	1	UID166927	1	1	0	0
1	1	UID166931	1	1	0	0
1	1	UID166948	1	1	0	0
1	1	UID166950	1	1	0	0
1	1	UID166954	1	1	0	0
1	1	UID166968	1	1	0	0
1	1	UID166974	1	1	0	0
1	1	UID166977	1	1	0	0
1	1	UID166988	1	1	0	0
1	1	UID166995	1	1	0	0
1	1	UID167009	1	1	0	0
1	1	UID167010	1	1	0	0
1	1	UID167027	1	1	0	0
1	1	UID167030	1	1	0	0
1	1	UID167037	1	1	0	0
1	1	UID167038	1	1	0	0
1	1	UID167040	1	1	0	0
1	1	UID167046	1	1	0	0
1	1	UID167051	1	1	0	0
1	1	UID167056	1	1	0	0
1	1	UID167057	1	1	0	0
1	1	UID167059	1	1	0	0
1	1	UID167060	1	1	0	0
1	1	UID167062	1	1	0	0
1	1	UID167064	1	1	0	0
1	1	UID167067	1	1	0	0
1	1	UID167070	1	1	0	0
1	1	UID167074	1	1	0	0
1	1	UID167076	1	1	0	0
1	1	UID167079	1	1	0	0
1	1	UID167082	1	1	0	0
1	1	UID167087	1	1	0	0
1	1	UID167094	1	1	0	0
1	1	UID167095	1	1	0	0
1	1	UID167112	1	1	0	0
1	1	UID167113	1	1	0	0
1	1	UID167119	1	1	0	0
1	1	UID167125	1	1	0	0
1	1	UID167128	1	1	0	0
1	1	UID167131	1	1	0	0
1	1	UID167132	1	1	0	0
1	1	UID167133	1	1	0	0
1	1	UID167134	1	1	0	0
1	1	UID167143	1	1	0	0
1	1	UID167146	1	1	0	0
1	1	UID167149	1	1	0	0
1	1	UID167155	1	1	0	0
1	1	UID167159	1	1	0	0
1	1	UID167164	1	1	0	0
1	1	UID167165	1	1	0	0
1	1	UID167166	1	1	0	0
1	1	UID167169	1	1	0	0
1	1	UID167175	1	1	0	0
1	1	UID167179	1	1	0	0
1	1	UID167180	1	1	0	0
1	1	UID167191	1	1	0	0
1	1	UID167198	1	1	0	0
1	1	UID167199	1	1	0	0
1	1	UID167200	1	1	0	0
1	1	UID167205	1	1	0	0
1	1	UID167208	1	1	0	0
1	1	UID167211	1	1	0	0
1	1	UID167214	1	1	0	0
1	1	UID167216	1	1	0	0
1	1	UID167217	1	1	0	0
1	1	UID167219	1	1	0	0
1	1	UID167220	1	1	0	0
1	1	UID167230	1	1	0	0
1	1	UID167234	1	1	0	0
1	1	UID167235	1	1	0	0
1	1	UID167237	1	1	0	0
1	1	UID167239	1	1	0	0
1	1	UID167240	1	1	0	0
1	1	UID167241	1	1	0	0
1	1	UID167243	1	1	0	0
5	5	UID167244	1	5	2	2
1	1	UID167246	1	1	0	0
1	1	UID167248	1	1	0	0
1	1	UID167251	1	1	0	0
1	1	UID167252	1	1	0	0
1	1	UID167253	1	1	0	0
1	1	UID167256	1	1	0	0
1	1	UID167258	1	1	0	0
1	1	UID167259	1	1	0	0
1	1	UID167260	1	1	0	0
1	1	UID167263	1	1	0	0
1	1	UID167264	1	1	0	0
1	1	UID167265	1	1	0	0
2	2	UID167267	1	2	1	1
1	1	UID167271	1	1	0	0
1	1	UID167274	1	1	0	0
7	7	UID167281	1	7	2	2
1	1	UID167290	1	1	0	0
1	1	UID167293	1	1	0	0
1	1	UID167298	1	1	0	0
1	1	UID167300	1	1	0	0
1	1	UID167304	1	1	0	0
1	1	UID167319	1	1	0	0
1	1	UID167324	1	1	0	0
1	1	UID167325	1	1	0	0
1	1	UID167326	1	1	0	0
1	1	UID167329	1	1	0	0
1	1	UID167331	1	1	0	0
1	1	UID167332	1	1	0	0
1	1	UID167336	1	1	0	0
1	1	UID167337	1	1	0	0
1	1	UID167338	1	1	0	0
1	1	UID167341	1	1	0	0
1	1	UID167350	1	1	0	0
1	1	UID167355	1	1	0	0
1	1	UID167357	1	1	0	0
1	1	UID167362	1	1	0	0
1	1	UID167374	1	1	0	0
1	1	UID167379	1	1	0	0
1	1	UID167380	1	1	0	0
1	1	UID167382	1	1	0	0
1	1	UID167385	1	1	0	0
1	1	UID167386	1	1	0	0
1	1	UID167387	1	1	0	0
1	1	UID167391	1	1	0	0
1	1	UID167393	1	1	0	0
1	1	UID167397	1	1	0	0
1	1	UID167398	1	1	0	0
1	1	UID167402	1	1	0	0
1	1	UID167406	1	1	0	0
1	1	UID167410	1	1	0	0
1	1	UID167415	1	1	0	0
1	1	UID167418	1	1	0	0
1	1	UID167422	1	1	0	0
1	1	UID167424	1	1	0	0
1	1	UID167430	1	1	0	0
1	1	UID167431	1	1	0	0
1	1	UID167433	1	1	0	0
1	1	UID167435	1	1	0	0
1	1	UID167440	1	1	0	0
1	1	UID167441	1	1	0	0
1	1	UID167446	1	1	0	0
1	1	UID167448	1	1	0	0
1	1	UID167450	1	1	0	0
1	1	UID167451	1	1	0	0
1	1	UID167454	1	1	0	0
1	1	UID167457	1	1	0	0
1	1	UID167459	1	1	0	0
1	1	UID167460	1	1	0	0
1	1	UID167461	1	1	0	0
1	1	UID167462	1	1	0	0
1	1	UID167466	1	1	0	0
1	1	UID167469	1	1	0	0
1	1	UID167473	1	1	0	0
1	1	UID167475	1	1	0	0
1	1	UID167477	1	1	0	0
1	1	UID167480	1	1	0	0
1	1	UID167481	1	1	0	0
1	1	UID167482	1	1	0	0
1	1	UID167483	1	1	0	0
1	1	UID167485	1	1	0	0
1	1	UID167487	1	1	0	0
1	1	UID167501	1	1	0	0
1	1	UID167502	1	1	0	0
1	1	UID167503	1	1	0	0
1	1	UID167506	1	1	0	0
1	1	UID167510	1	1	0	0
1	1	UID167512	1	1	0	0
1	1	UID167514	1	1	0	0
1	1	UID167523	1	1	0	0
1	1	UID167527	1	1	0	0
1	1	UID167529	1	1	0	0
1	1	UID167530	1	1	0	0
1	1	UID167533	1	1	0	0
1	1	UID167534	1	1	0	0
1	1	UID167535	1	1	0	0
1	1	UID167539	1	1	0	0
1	1	UID167540	1	1	0	0
1	1	UID167542	1	1	0	0
1	1	UID167543	1	1	0	0
1	1	UID167544	1	1	0	0
1	1	UID167545	1	1	0	0
1	1	UID167546	1	1	0	0
1	1	UID167552	1	1	0	0
1	1	UID167553	1	1	0	0
1	1	UID167554	1	1	0	0
1	1	UID167563	1	1	0	0
1	1	UID167564	1	1	0	0
1	1	UID167566	1	1	0	0
1	1	UID167569	1	1	0	0
1	1	UID167571	1	1	0	0
1	1	UID167572	1	1	0	0
1	1	UID167578	1	1	0	0
1	1	UID167579	1	1	0	0
1	1	UID167580	1	1	0	0
1	1	UID167585	1	1	0	0
1	1	UID167587	1	1	0	0
1	1	UID167590	1	1	0	0
1	1	UID167596	1	1	0	0
1	1	UID167598	1	1	0	0
1	1	UID167603	1	1	0	0
1	1	UID167605	1	1	0	0
1	1	UID167612	1	1	0	0
1	1	UID167623	1	1	0	0
1	1	UID167626	1	1	0	0
1	1	UID167627	1	1	0	0
1	1	UID167631	1	1	0	0
1	1	UID167635	1	1	0	0
1	1	UID167637	1	1	0	0
1	1	UID167646	1	1	0	0
1	1	UID167649	1	1	0	0
1	1	UID167663	1	1	0	0
1	1	UID167665	1	1	0	0
1	1	UID167666	1	1	0	0
1	1	UID167667	1	1	0	0
1	1	UID167668	1	1	0	0
1	1	UID167676	1	1	0	0
1	1	UID167678	1	1	0	0
1	1	UID167682	1	1	0	0
1	1	UID167689	1	1	0	0
1	1	UID167690	1	1	0	0
1	1	UID167695	1	1	0	0
1	1	UID167700	1	1	0	0
1	1	UID167702	1	1	0	0
1	1	UID167704	1	1	0	0
1	1	UID167708	1	1	0	0
1	1	UID167709	1	1	0	0
1	1	UID167712	1	1	0	0
1	1	UID167725	1	1	0	0
1	1	UID167728	1	1	0	0
1	1	UID167731	1	1	0	0
1	1	UID167733	1	1	0	0
1	1	UID167748	1	1	0	0
1	1	UID167750	1	1	0	0
1	1	UID209	1	1	0	0
1	1	UID288	1	1	0	0
1	1	UID309	1	1	0	0
1	1	UID48713	1	1	0	0
1	1	UID53083	1	1	0	0
1	1	UID56531	1	1	0	0
1	1	UID60240	1	1	0	0
1	1	UID61336	1	1	0	0
1	1	UID77149	1	1	0	0
1	1	UID7994	1	1	0	0
1	1	UID8129	1	1	0	0
1	1	UID83931	1	1	0	0
1	1	UID84600	1	1	0	0
1	1	UID9294	1	1	0	0
1	1	UID959	1	1	0	0
