3101	24446	UID1	13520	2445	5	5
663	3134	UID2	1575	486	4	4
1195	3288	UID193522	1293	952	5	5
318	1004	UID51870	481	261	3	3
626	1042	UID67632	158	568	5	5
170	279	UID193523	81	153	4	4
93	182	UID193	75	83	2	2
53	124	UID26	63	45	2	2
62	131	UID112306	55	58	3	3
30	88	UID190	54	26	2	2
52	115	UID83	54	47	3	3
179	283	UID193526	51	161	4	4
35	94	UID94	51	31	2	2
45	100	UID116	50	40	2	2
30	78	UID28	47	27	2	2
43	91	UID59	47	41	2	2
49	103	UID96	47	42	2	2
40	89	UID135	46	36	2	2
43	92	UID57	44	38	2	2
38	85	UID152	43	34	2	2
34	77	UID32	43	32	2	2
39	85	UID68	43	34	2	2
50	99	UID134	42	42	2	2
32	76	UID65	42	28	2	2
92	146	UID193528	41	85	3	3
33	79	UID54	41	31	2	2
38	81	UID82	40	34	2	2
34	73	UID163	39	32	2	2
35	72	UID153	38	34	2	2
43	86	UID76	38	39	2	2
29	67	UID143	37	26	2	2
37	74	UID18	37	35	2	2
29	65	UID87	36	27	1	1
29	63	UID117	34	27	2	2
42	80	UID216	34	37	2	2
24	57	UID161	33	22	2	2
25	58	UID218	33	23	2	2
27	59	UID77	33	26	2	2
37	71	UID131	32	33	2	2
29	61	UID139	32	27	2	2
30	68	UID158	32	25	1	1
26	59	UID199	30	22	2	2
30	61	UID61	29	26	2	2
26	54	UID86	29	25	2	2
38	69	UID132	28	34	2	2
28	56	UID144	28	26	2	2
32	61	UID173	28	29	2	2
28	57	UID191	28	25	1	1
28	56	UID222	28	26	2	2
19	48	UID229	28	17	2	2
31	59	UID22	28	29	2	2
128	201	UID193530	27	119	4	4
17	43	UID149	26	15	1	1
21	49	UID154	25	17	2	2
20	45	UID184	25	18	1	1
23	47	UID292	25	22	2	2
21	47	UID110	24	18	1	1
20	45	UID217	24	17	2	2
30	59	UID221	24	25	2	2
14	40	UID238	24	11	1	1
12	35	UID160	23	10	1	1
24	57	UID219	23	21	2	2
72	111	UID193532	22	67	4	4
27	51	UID200	22	23	2	2
74	106	UID78548	22	66	3	3
21	42	UID193533	21	19	2	2
12	32	UID8510	21	11	1	1
13	33	UID280	20	11	2	2
18	37	UID203	19	16	2	2
20	39	UID174	18	17	1	1
20	38	UID215	18	18	2	2
12	30	UID263	18	10	2	2
19	37	UID276	18	17	2	2
10	27	UID533	18	9	1	1
11	28	UID182	17	9	1	1
12	30	UID206	17	10	1	1
15	31	UID228	17	14	2	2
20	38	UID339	17	17	1	1
16	32	UID312	16	14	2	2
16	32	UID320	16	14	2	2
12	27	UID366	16	11	1	1
22	38	UID19	15	19	2	2
14	29	UID204	15	12	1	1
7	20	UID201	14	6	1	1
28	43	UID40644	14	26	2	2
20	33	UID193535	13	18	1	1
9	21	UID233	13	8	1	1
18	30	UID240	13	17	2	2
10	22	UID370	13	9	2	2
26	39	UID498	13	24	1	1
5	17	UID1372	12	3	1	1
10	22	UID465	12	8	1	1
8	19	UID653	12	7	1	1
29	40	UID67327	12	28	2	2
11	22	UID8599	12	10	2	2
12	22	UID239	11	11	2	2
10	20	UID261	11	9	1	1
15	25	UID369	11	14	2	2
6	16	UID371	11	5	1	1
10	20	UID466	11	9	1	1
6	16	UID470	11	5	1	1
8	17	UID193538	10	7	1	1
8	17	UID241	10	7	1	1
8	17	UID277	10	7	1	1
10	19	UID290	10	9	1	1
9	19	UID368	10	7	1	1
4	13	UID569	10	3	1	1
9	18	UID658	10	8	1	1
8	17	UID686	10	7	2	2
6	15	UID903	10	5	1	1
11	19	UID193541	9	10	1	1
12	20	UID193543	9	11	1	1
9	17	UID193544	9	8	1	1
12	20	UID262	9	11	1	1
9	17	UID323	9	8	1	1
14	23	UID329	9	12	2	2
7	15	UID367	9	6	1	1
7	15	UID419	9	6	1	1
7	17	UID4216	9	5	2	2
14	22	UID423	9	13	2	2
4	12	UID490	9	3	1	1
6	14	UID566	9	5	1	1
2	9	UID4544	8	1	1	1
10	17	UID491	8	9	2	2
10	17	UID570	8	9	1	1
6	13	UID571	8	5	1	1
9	18	UID809	8	6	1	1
27	45	UID193565	7	22	3	3
37	44	UID29143	7	35	3	3
4	10	UID492	7	3	1	1
1	6	UID1169	6	0	0	0
13	20	UID193567	6	10	1	1
2	7	UID193569	6	1	1	1
4	9	UID193587	6	3	1	1
5	10	UID193588	6	4	1	1
6	12	UID313	6	4	2	2
7	12	UID348	6	6	1	1
6	11	UID384	6	5	1	1
3	8	UID440	6	2	1	1
7	13	UID441	6	5	1	1
6	13	UID4688	6	4	2	2
7	12	UID469	6	6	1	1
3	8	UID471	6	2	1	1
7	12	UID488	6	6	1	1
8	14	UID630	6	6	2	2
2	7	UID688	6	1	1	1
3	7	UID1153	5	2	1	1
7	11	UID1401	5	6	2	2
22	28	UID193593	5	19	4	4
3	7	UID193596	5	2	0	0
8	12	UID193599	5	7	1	1
2	6	UID193611	5	1	0	0
5	9	UID193612	5	4	1	1
6	10	UID193619	5	5	2	2
8	13	UID205	5	6	2	2
6	10	UID281	5	5	1	1
5	9	UID321	5	4	1	1
7	11	UID322	5	6	1	1
8	13	UID386	5	6	1	1
7	11	UID439	5	6	1	1
3	7	UID4549	5	2	1	1
9	13	UID517	5	8	1	1
4	8	UID5660	5	3	1	1
3	7	UID568	5	2	1	1
7	11	UID5866	5	6	1	1
4	8	UID657	5	3	1	1
2	6	UID6647	5	1	1	1
8	12	UID682	5	7	1	1
3	7	UID687	5	2	1	1
5	9	UID693	5	4	1	1
23	29	UID72	5	21	2	2
8	12	UID8522	5	7	1	1
4	8	UID892	5	3	1	1
5	9	UID901	5	4	1	1
5	8	UID112635	4	4	1	1
4	7	UID1396	4	3	1	1
1	4	UID1399	4	0	0	0
4	7	UID166	4	3	1	1
5	8	UID183	4	4	1	1
8	11	UID193633	4	7	1	1
12	15	UID193634	4	11	1	1
4	7	UID193635	4	3	1	1
1	4	UID31647	4	0	0	0
9	13	UID338	4	7	1	1
7	10	UID347	4	6	1	1
8	11	UID356	4	7	1	1
7	10	UID357	4	6	1	1
2	5	UID385	4	1	0	0
6	9	UID398	4	5	1	1
2	5	UID3992	4	1	0	0
4	8	UID420	4	2	1	1
9	12	UID421	4	8	2	2
12	15	UID426	4	11	1	1
3	6	UID442	4	2	1	1
2	5	UID4494	4	1	0	0
3	6	UID467	4	2	1	1
6	9	UID489	4	5	1	1
4	7	UID51869	4	3	1	1
8	11	UID529	4	7	2	2
8	11	UID531	4	7	1	1
7	10	UID535	4	6	1	1
5	9	UID692	4	3	1	1
6	9	UID710	4	5	1	1
8	11	UID810	4	7	1	1
3	6	UID891	4	2	1	1
3	6	UID1068	3	1	1	1
6	8	UID1211	3	5	1	1
6	8	UID128	3	5	2	2
1	3	UID1397	3	0	0	0
3	5	UID142205	3	2	1	1
1	3	UID145228	3	0	0	0
1	3	UID145903	3	0	0	0
3	5	UID146241	3	2	1	1
3	5	UID193686	3	2	1	1
2	4	UID193696	3	1	0	0
12	15	UID193699	3	10	2	2
2	4	UID193702	3	1	1	1
7	9	UID193703	3	6	1	1
7	9	UID193704	3	6	1	1
16	18	UID193705	3	15	3	3
4	6	UID193706	3	3	1	1
5	7	UID193711	3	4	1	1
7	9	UID193737	3	6	1	1
1	3	UID193738	3	0	0	0
2	4	UID193744	3	1	1	1
2	4	UID193750	3	1	1	1
11	13	UID193757	3	10	2	2
1	3	UID193762	3	0	0	0
4	7	UID193767	3	2	1	1
6	9	UID193768	3	4	1	1
4	6	UID193769	3	3	1	1
9	11	UID193770	3	8	3	3
2	4	UID193771	3	1	1	1
2	5	UID23244	3	0	1	1
9	11	UID259	3	8	1	1
6	8	UID260	3	5	1	1
2	4	UID31348	3	1	1	1
2	4	UID31405	3	1	1	1
4	6	UID32479	3	3	1	1
2	4	UID372	3	1	1	1
3	5	UID3887	3	2	1	1
3	5	UID4009	3	2	1	1
11	13	UID40248	3	10	2	2
4	6	UID4184	3	3	1	1
5	7	UID424	3	4	1	1
3	5	UID44002	3	2	1	1
2	4	UID4458	3	1	0	0
7	9	UID445	3	6	1	1
2	4	UID4687	3	1	1	1
2	4	UID55810	3	1	1	1
3	5	UID572	3	2	0	0
3	5	UID573	3	2	1	1
1	3	UID5767	3	0	0	0
2	4	UID5893	3	1	0	0
5	7	UID652	3	4	1	1
4	6	UID655	3	3	0	0
8	10	UID65826	3	7	1	1
3	5	UID690	3	2	2	2
6	8	UID78794	3	5	1	1
3	5	UID800	3	2	1	1
5	7	UID813	3	4	1	1
1	3	UID821	3	0	0	0
5	7	UID8420	3	4	1	1
5	7	UID8611	3	4	1	1
6	8	UID885	3	5	1	1
6	8	UID887	3	5	2	2
3	5	UID893	3	2	1	1
6	9	UID895	3	4	1	1
1	3	UID902	3	0	0	0
12	16	UID938	3	9	2	2
3	5	UID9923	3	2	1	1
3	4	UID1052	2	2	1	1
2	3	UID1084	2	1	1	1
4	5	UID112102	2	3	1	1
4	5	UID1186	2	3	1	1
3	4	UID1350	2	2	1	1
4	5	UID1355	2	3	1	1
4	5	UID1365	2	3	1	1
2	3	UID142423	2	1	1	1
2	3	UID145012	2	1	1	1
1	2	UID148012	2	0	0	0
15	16	UID164517	2	14	4	4
6	7	UID193796	2	5	1	1
2	3	UID193817	2	1	1	1
2	3	UID193827	2	1	1	1
2	3	UID193828	2	1	1	1
3	4	UID193876	2	2	1	1
2	3	UID193893	2	1	1	1
4	5	UID193918	2	3	1	1
1	2	UID193929	2	0	0	0
4	5	UID193930	2	3	2	2
12	14	UID193938	2	10	2	2
8	9	UID193944	2	7	1	1
4	5	UID193948	2	3	1	1
3	4	UID193949	2	2	1	1
4	5	UID193951	2	3	1	1
5	6	UID193952	2	4	1	1
3	4	UID193956	2	2	1	1
2	3	UID194004	2	1	1	1
5	6	UID194005	2	4	1	1
2	3	UID194007	2	1	1	1
7	8	UID194008	2	6	1	1
2	3	UID194015	2	1	1	1
3	4	UID194018	2	2	2	2
3	4	UID194025	2	2	1	1
6	7	UID194077	2	5	2	2
21	23	UID194084	2	19	2	2
4	5	UID194088	2	3	1	1
1	2	UID194091	2	0	0	0
16	17	UID194092	2	15	1	1
3	4	UID31551	2	2	2	2
5	6	UID32321	2	4	1	1
2	3	UID32645	2	1	1	1
5	6	UID326	2	4	1	1
2	3	UID425	2	1	1	1
2	3	UID427	2	1	1	1
3	4	UID43988	2	2	1	1
1	2	UID450	2	0	0	0
2	3	UID4681	2	1	1	1
1	2	UID51662	2	0	0	0
1	2	UID51887	2	0	0	0
3	4	UID52499	2	2	2	2
6	7	UID52752	2	5	1	1
2	3	UID55591	2	1	1	1
2	3	UID55797	2	1	1	1
3	4	UID5868	2	2	1	1
2	3	UID6022	2	1	1	1
5	6	UID606	2	4	1	1
5	6	UID6215	2	4	1	1
2	3	UID651	2	1	1	1
5	6	UID654	2	4	1	1
1	2	UID65768	2	0	0	0
9	10	UID659	2	8	1	1
2	3	UID66495	2	1	1	1
2	3	UID795	2	1	1	1
3	4	UID817	2	2	1	1
2	3	UID824	2	1	1	1
3	4	UID8612	2	2	1	1
6	7	UID890	2	5	1	1
2	3	UID896	2	1	1	1
2	3	UID899	2	1	1	1
4	5	UID904	2	3	1	1
1	1	UID111709	1	1	0	0
1	1	UID111790	1	1	0	0
1	1	UID112095	1	1	0	0
1	1	UID112260	1	1	0	0
1	1	UID112595	1	1	0	0
2	2	UID112874	1	2	1	1
6	7	UID114141	1	5	2	2
4	4	UID1160	1	4	1	1
4	4	UID1210	1	4	1	1
2	2	UID121204	1	2	1	1
1	1	UID121394	1	1	0	0
1	1	UID121827	1	1	0	0
3	3	UID130076	1	3	1	1
4	4	UID1366	1	4	1	1
1	1	UID13841	1	1	0	0
3	3	UID142085	1	3	1	1
4	4	UID142164	1	4	1	1
1	1	UID142799	1	1	0	0
5	5	UID1439	1	5	1	1
3	3	UID145111	1	3	1	1
5	5	UID145159	1	5	1	1
4	4	UID145182	1	4	2	2
4	4	UID145297	1	4	2	2
3	3	UID148140	1	3	1	1
1	1	UID1598	1	1	0	0
1	1	UID165312	1	1	0	0
4	4	UID170335	1	4	2	2
1	1	UID173667	1	1	0	0
1	1	UID174677	1	1	0	0
1	1	UID182037	1	1	0	0
2	2	UID182063	1	2	1	1
5	5	UID190116	1	5	1	1
1	1	UID19299	1	1	0	0
1	1	UID194097	1	1	0	0
1	1	UID194098	1	1	0	0
1	1	UID194101	1	1	0	0
1	1	UID194102	1	1	0	0
1	1	UID194106	1	1	0	0
1	1	UID194107	1	1	0	0
1	1	UID194122	1	1	0	0
1	1	UID194123	1	1	0	0
1	1	UID194125	1	1	0	0
1	1	UID194143	1	1	0	0
1	1	UID194145	1	1	0	0
1	1	UID194148	1	1	0	0
1	1	UID194149	1	1	0	0
1	1	UID194162	1	1	0	0
1	1	UID194165	1	1	0	0
1	1	UID194167	1	1	0	0
1	1	UID194168	1	1	0	0
1	1	UID194190	1	1	0	0
1	1	UID194194	1	1	0	0
1	1	UID194195	1	1	0	0
1	1	UID194200	1	1	0	0
1	1	UID194201	1	1	0	0
1	1	UID194212	1	1	0	0
1	1	UID194214	1	1	0	0
1	1	UID194217	1	1	0	0
1	1	UID194237	1	1	0	0
1	1	UID194238	1	1	0	0
1	1	UID194240	1	1	0	0
1	1	UID194243	1	1	0	0
1	1	UID194246	1	1	0	0
1	1	UID194249	1	1	0	0
1	1	UID194251	1	1	0	0
1	1	UID194252	1	1	0	0
1	1	UID194261	1	1	0	0
1	1	UID194262	1	1	0	0
1	1	UID194264	1	1	0	0
1	1	UID194266	1	1	0	0
1	1	UID194271	1	1	0	0
1	1	UID194274	1	1	0	0
1	1	UID194275	1	1	0	0
1	1	UID194276	1	1	0	0
1	1	UID194295	1	1	0	0
1	1	UID194300	1	1	0	0
1	1	UID194305	1	1	0	0
1	1	UID194307	1	1	0	0
1	1	UID194308	1	1	0	0
1	1	UID194309	1	1	0	0
1	1	UID194315	1	1	0	0
1	1	UID194318	1	1	0	0
1	1	UID194328	1	1	0	0
1	1	UID194344	1	1	0	0
1	1	UID194351	1	1	0	0
1	1	UID194359	1	1	0	0
1	1	UID194362	1	1	0	0
1	1	UID194364	1	1	0	0
1	1	UID194367	1	1	0	0
1	1	UID194368	1	1	0	0
1	1	UID194369	1	1	0	0
1	1	UID194370	1	1	0	0
1	1	UID194383	1	1	0	0
1	1	UID194387	1	1	0	0
1	1	UID194388	1	1	0	0
1	1	UID194390	1	1	0	0
1	1	UID194397	1	1	0	0
1	1	UID194398	1	1	0	0
1	1	UID194405	1	1	0	0
1	1	UID194422	1	1	0	0
1	1	UID194424	1	1	0	0
1	1	UID194428	1	1	0	0
1	1	UID194429	1	1	0	0
1	1	UID194433	1	1	0	0
1	1	UID194435	1	1	0	0
1	1	UID194439	1	1	0	0
1	1	UID194440	1	1	0	0
1	1	UID194441	1	1	0	0
1	1	UID194442	1	1	0	0
1	1	UID194445	1	1	0	0
1	1	UID194448	1	1	0	0
1	1	UID194449	1	1	0	0
1	1	UID194451	1	1	0	0
1	1	UID194453	1	1	0	0
1	1	UID194457	1	1	0	0
1	1	UID194458	1	1	0	0
1	1	UID194460	1	1	0	0
1	1	UID194461	1	1	0	0
1	1	UID194464	1	1	0	0
1	1	UID194483	1	1	0	0
1	1	UID194493	1	1	0	0
1	1	UID194498	1	1	0	0
1	1	UID194502	1	1	0	0
1	1	UID194504	1	1	0	0
1	1	UID194508	1	1	0	0
1	1	UID194510	1	1	0	0
1	1	UID194513	1	1	0	0
1	1	UID194517	1	1	0	0
1	1	UID194521	1	1	0	0
1	1	UID194522	1	1	0	0
1	1	UID194523	1	1	0	0
1	1	UID194525	1	1	0	0
1	1	UID194529	1	1	0	0
1	1	UID194531	1	1	0	0
1	1	UID194533	1	1	0	0
1	1	UID194549	1	1	0	0
1	1	UID194557	1	1	0	0
1	1	UID194563	1	1	0	0
1	1	UID194570	1	1	0	0
1	1	UID194571	1	1	0	0
1	1	UID194575	1	1	0	0
1	1	UID194576	1	1	0	0
1	1	UID194580	1	1	0	0
1	1	UID194585	1	1	0	0
1	1	UID194586	1	1	0	0
1	1	UID194587	1	1	0	0
1	1	UID194590	1	1	0	0
1	1	UID194597	1	1	0	0
1	1	UID194618	1	1	0	0
1	1	UID194622	1	1	0	0
1	1	UID194642	1	1	0	0
1	1	UID194643	1	1	0	0
1	1	UID194646	1	1	0	0
1	1	UID194647	1	1	0	0
1	1	UID194653	1	1	0	0
1	1	UID194654	1	1	0	0
1	1	UID194656	1	1	0	0
1	1	UID194659	1	1	0	0
1	1	UID194683	1	1	0	0
1	1	UID194687	1	1	0	0
1	1	UID194692	1	1	0	0
1	1	UID194701	1	1	0	0
1	1	UID194709	1	1	0	0
1	1	UID194711	1	1	0	0
1	1	UID194721	1	1	0	0
1	1	UID194744	1	1	0	0
1	1	UID194747	1	1	0	0
1	1	UID194755	1	1	0	0
1	1	UID194756	1	1	0	0
1	1	UID194758	1	1	0	0
1	1	UID194762	1	1	0	0
1	1	UID194766	1	1	0	0
1	1	UID194767	1	1	0	0
1	1	UID194771	1	1	0	0
1	1	UID194779	1	1	0	0
1	1	UID194789	1	1	0	0
1	1	UID194791	1	1	0	0
1	1	UID194796	1	1	0	0
1	1	UID194797	1	1	0	0
1	1	UID194801	1	1	0	0
1	1	UID194802	1	1	0	0
1	1	UID194810	1	1	0	0
1	1	UID194811	1	1	0	0
1	1	UID194813	1	1	0	0
1	1	UID194814	1	1	0	0
1	1	UID194818	1	1	0	0
1	1	UID194819	1	1	0	0
1	1	UID194834	1	1	0	0
1	1	UID194837	1	1	0	0
1	1	UID194838	1	1	0	0
1	1	UID194840	1	1	0	0
1	1	UID194844	1	1	0	0
1	1	UID194845	1	1	0	0
1	1	UID194855	1	1	0	0
1	1	UID194861	1	1	0	0
1	1	UID194867	1	1	0	0
1	1	UID194873	1	1	0	0
1	1	UID194875	1	1	0	0
1	1	UID194876	1	1	0	0
1	1	UID194880	1	1	0	0
1	1	UID194881	1	1	0	0
1	1	UID194882	1	1	0	0
1	1	UID194883	1	1	0	0
1	1	UID194884	1	1	0	0
1	1	UID194886	1	1	0	0
1	1	UID194890	1	1	0	0
1	1	UID194894	1	1	0	0
1	1	UID194895	1	1	0	0
1	1	UID194896	1	1	0	0
1	1	UID194898	1	1	0	0
1	1	UID194900	1	1	0	0
1	1	UID194901	1	1	0	0
1	1	UID194902	1	1	0	0
1	1	UID194903	1	1	0	0
1	1	UID194904	1	1	0	0
1	1	UID194905	1	1	0	0
1	1	UID194907	1	1	0	0
1	1	UID194908	1	1	0	0
1	1	UID194917	1	1	0	0
1	1	UID194919	1	1	0	0
1	1	UID194920	1	1	0	0
1	1	UID194921	1	1	0	0
1	1	UID194922	1	1	0	0
1	1	UID194926	1	1	0	0
1	1	UID194928	1	1	0	0
1	1	UID194930	1	1	0	0
1	1	UID194931	1	1	0	0
1	1	UID194937	1	1	0	0
1	1	UID194940	1	1	0	0
1	1	UID194941	1	1	0	0
1	1	UID194942	1	1	0	0
1	1	UID194943	1	1	0	0
1	1	UID194944	1	1	0	0
1	1	UID194976	1	1	0	0
1	1	UID194978	1	1	0	0
1	1	UID194982	1	1	0	0
1	1	UID194984	1	1	0	0
1	1	UID194986	1	1	0	0
1	1	UID194988	1	1	0	0
1	1	UID194990	1	1	0	0
1	1	UID194996	1	1	0	0
1	1	UID194999	1	1	0	0
1	1	UID195000	1	1	0	0
1	1	UID195003	1	1	0	0
1	1	UID195004	1	1	0	0
1	1	UID195007	1	1	0	0
1	1	UID195014	1	1	0	0
1	1	UID195018	1	1	0	0
1	1	UID195036	1	1	0	0
1	1	UID195044	1	1	0	0
1	1	UID195059	1	1	0	0
1	1	UID195061	1	1	0	0
1	1	UID195069	1	1	0	0
1	1	UID195070	1	1	0	0
1	1	UID195072	1	1	0	0
1	1	UID195078	1	1	0	0
1	1	UID195082	1	1	0	0
1	1	UID195087	1	1	0	0
1	1	UID195089	1	1	0	0
1	1	UID195091	1	1	0	0
1	1	UID195095	1	1	0	0
1	1	UID195100	1	1	0	0
1	1	UID195104	1	1	0	0
1	1	UID195106	1	1	0	0
1	1	UID195118	1	1	0	0
1	1	UID195122	1	1	0	0
1	1	UID195123	1	1	0	0
1	1	UID195124	1	1	0	0
1	1	UID195125	1	1	0	0
1	1	UID195126	1	1	0	0
1	1	UID195127	1	1	0	0
1	1	UID195129	1	1	0	0
1	1	UID195130	1	1	0	0
1	1	UID195143	1	1	0	0
1	1	UID195150	1	1	0	0
1	1	UID195153	1	1	0	0
1	1	UID195166	1	1	0	0
1	1	UID195167	1	1	0	0
1	1	UID195168	1	1	0	0
1	1	UID195171	1	1	0	0
1	1	UID195173	1	1	0	0
1	1	UID195174	1	1	0	0
1	1	UID195176	1	1	0	0
1	1	UID195177	1	1	0	0
1	1	UID195185	1	1	0	0
1	1	UID195192	1	1	0	0
1	1	UID195193	1	1	0	0
1	1	UID195206	1	1	0	0
1	1	UID195210	1	1	0	0
1	1	UID195212	1	1	0	0
1	1	UID195213	1	1	0	0
1	1	UID195214	1	1	0	0
1	1	UID195215	1	1	0	0
1	1	UID195216	1	1	0	0
1	1	UID195217	1	1	0	0
1	1	UID195218	1	1	0	0
1	1	UID195219	1	1	0	0
1	1	UID195220	1	1	0	0
1	1	UID195222	1	1	0	0
1	1	UID195236	1	1	0	0
1	1	UID195240	1	1	0	0
1	1	UID195242	1	1	0	0
1	1	UID195246	1	1	0	0
1	1	UID195248	1	1	0	0
1	1	UID195263	1	1	0	0
1	1	UID195265	1	1	0	0
1	1	UID195270	1	1	0	0
1	1	UID195271	1	1	0	0
1	1	UID195273	1	1	0	0
1	1	UID195283	1	1	0	0
1	1	UID195284	1	1	0	0
1	1	UID195285	1	1	0	0
1	1	UID195286	1	1	0	0
1	1	UID195293	1	1	0	0
1	1	UID195294	1	1	0	0
1	1	UID195296	1	1	0	0
1	1	UID195297	1	1	0	0
1	1	UID195298	1	1	0	0
1	1	UID195299	1	1	0	0
1	1	UID195304	1	1	0	0
1	1	UID195305	1	1	0	0
1	1	UID195306	1	1	0	0
1	1	UID195307	1	1	0	0
1	1	UID195308	1	1	0	0
1	1	UID195309	1	1	0	0
1	1	UID195310	1	1	0	0
1	1	UID195312	1	1	0	0
1	1	UID195313	1	1	0	0
1	1	UID195314	1	1	0	0
1	1	UID195316	1	1	0	0
1	1	UID195317	1	1	0	0
1	1	UID195335	1	1	0	0
1	1	UID195346	1	1	0	0
1	1	UID195349	1	1	0	0
1	1	UID195365	1	1	0	0
1	1	UID195366	1	1	0	0
1	1	UID195367	1	1	0	0
1	1	UID195377	1	1	0	0
1	1	UID195386	1	1	0	0
1	1	UID195410	1	1	0	0
1	1	UID195411	1	1	0	0
1	1	UID195413	1	1	0	0
1	1	UID195419	1	1	0	0
1	1	UID195422	1	1	0	0
1	1	UID195423	1	1	0	0
1	1	UID195425	1	1	0	0
1	1	UID195431	1	1	0	0
1	1	UID195442	1	1	0	0
1	1	UID195444	1	1	0	0
1	1	UID195447	1	1	0	0
1	1	UID195449	1	1	0	0
1	1	UID195450	1	1	0	0
1	1	UID195455	1	1	0	0
1	1	UID195457	1	1	0	0
1	1	UID195462	1	1	0	0
1	1	UID195471	1	1	0	0
1	1	UID195474	1	1	0	0
1	1	UID195481	1	1	0	0
1	1	UID195493	1	1	0	0
1	1	UID195496	1	1	0	0
1	1	UID195502	1	1	0	0
1	1	UID195503	1	1	0	0
1	1	UID195505	1	1	0	0
1	1	UID195509	1	1	0	0
1	1	UID195514	1	1	0	0
4	4	UID195515	1	4	2	2
1	1	UID195521	1	1	0	0
1	1	UID195534	1	1	0	0
1	1	UID195538	1	1	0	0
1	1	UID195548	1	1	0	0
1	1	UID195554	1	1	0	0
1	1	UID195555	1	1	0	0
1	1	UID195558	1	1	0	0
1	1	UID195568	1	1	0	0
1	1	UID195573	1	1	0	0
1	1	UID195588	1	1	0	0
1	1	UID195590	1	1	0	0
1	1	UID195612	1	1	0	0
1	1	UID195613	1	1	0	0
1	1	UID195658	1	1	0	0
1	1	UID195659	1	1	0	0
1	1	UID195660	1	1	0	0
1	1	UID195662	1	1	0	0
1	1	UID195663	1	1	0	0
1	1	UID195665	1	1	0	0
1	1	UID195673	1	1	0	0
1	1	UID195682	1	1	0	0
1	1	UID195688	1	1	0	0
1	1	UID195689	1	1	0	0
1	1	UID195691	1	1	0	0
1	1	UID195692	1	1	0	0
1	1	UID195697	1	1	0	0
1	1	UID195698	1	1	0	0
1	1	UID195699	1	1	0	0
1	1	UID195700	1	1	0	0
1	1	UID195702	1	1	0	0
1	1	UID195707	1	1	0	0
1	1	UID195717	1	1	0	0
1	1	UID195718	1	1	0	0
1	1	UID195719	1	1	0	0
1	1	UID195724	1	1	0	0
1	1	UID195726	1	1	0	0
1	1	UID195727	1	1	0	0
1	1	UID195729	1	1	0	0
1	1	UID195731	1	1	0	0
1	1	UID195732	1	1	0	0
1	1	UID195741	1	1	0	0
1	1	UID195742	1	1	0	0
1	1	UID195743	1	1	0	0
1	1	UID195744	1	1	0	0
1	1	UID195745	1	1	0	0
1	1	UID195752	1	1	0	0
1	1	UID195775	1	1	0	0
1	1	UID195784	1	1	0	0
1	1	UID195785	1	1	0	0
1	1	UID195786	1	1	0	0
1	1	UID195790	1	1	0	0
1	1	UID195792	1	1	0	0
1	1	UID195816	1	1	0	0
1	1	UID195818	1	1	0	0
3	3	UID195820	1	3	1	1
1	1	UID195828	1	1	0	0
1	1	UID195839	1	1	0	0
1	1	UID195846	1	1	0	0
1	1	UID195849	1	1	0	0
1	1	UID195850	1	1	0	0
1	1	UID195865	1	1	0	0
1	1	UID195871	1	1	0	0
1	1	UID195875	1	1	0	0
1	1	UID195878	1	1	0	0
1	1	UID195880	1	1	0	0
1	1	UID195881	1	1	0	0
1	1	UID195885	1	1	0	0
1	1	UID195887	1	1	0	0
1	1	UID195893	1	1	0	0
1	1	UID195904	1	1	0	0
1	1	UID195905	1	1	0	0
1	1	UID195919	1	1	0	0
1	1	UID195920	1	1	0	0
3	3	UID195929	1	3	2	2
1	1	UID195939	1	1	0	0
1	1	UID195941	1	1	0	0
1	1	UID195942	1	1	0	0
1	1	UID195954	1	1	0	0
1	1	UID195962	1	1	0	0
1	1	UID195966	1	1	0	0
1	1	UID195967	1	1	0	0
1	1	UID195969	1	1	0	0
1	1	UID195970	1	1	0	0
1	1	UID195971	1	1	0	0
1	1	UID195984	1	1	0	0
1	1	UID195990	1	1	0	0
1	1	UID195994	1	1	0	0
1	1	UID196017	1	1	0	0
1	1	UID196018	1	1	0	0
1	1	UID196019	1	1	0	0
1	1	UID196022	1	1	0	0
1	1	UID196023	1	1	0	0
1	1	UID196041	1	1	0	0
1	1	UID196043	1	1	0	0
1	1	UID196046	1	1	0	0
1	1	UID196058	1	1	0	0
1	1	UID196061	1	1	0	0
1	1	UID196073	1	1	0	0
1	1	UID196082	1	1	0	0
1	1	UID196083	1	1	0	0
1	1	UID196090	1	1	0	0
1	1	UID196095	1	1	0	0
1	1	UID196103	1	1	0	0
1	1	UID196104	1	1	0	0
1	1	UID196105	1	1	0	0
1	1	UID196107	1	1	0	0
1	1	UID196112	1	1	0	0
1	1	UID196113	1	1	0	0
1	1	UID196123	1	1	0	0
1	1	UID196132	1	1	0	0
1	1	UID196142	1	1	0	0
1	1	UID196143	1	1	0	0
1	1	UID196144	1	1	0	0
1	1	UID196160	1	1	0	0
1	1	UID196170	1	1	0	0
1	1	UID196187	1	1	0	0
1	1	UID196190	1	1	0	0
1	1	UID196200	1	1	0	0
3	3	UID196203	1	3	2	2
1	1	UID196209	1	1	0	0
1	1	UID196217	1	1	0	0
1	1	UID196218	1	1	0	0
1	1	UID196223	1	1	0	0
1	1	UID196226	1	1	0	0
1	1	UID196235	1	1	0	0
1	1	UID196236	1	1	0	0
1	1	UID196251	1	1	0	0
1	1	UID196252	1	1	0	0
1	1	UID196274	1	1	0	0
1	1	UID196276	1	1	0	0
1	1	UID196279	1	1	0	0
1	1	UID196281	1	1	0	0
1	1	UID196288	1	1	0	0
1	1	UID196303	1	1	0	0
1	1	UID196313	1	1	0	0
1	1	UID196334	1	1	0	0
1	1	UID196365	1	1	0	0
1	1	UID196366	1	1	0	0
1	1	UID196382	1	1	0	0
1	1	UID196384	1	1	0	0
1	1	UID196452	1	1	0	0
1	1	UID196454	1	1	0	0
1	1	UID196455	1	1	0	0
1	1	UID196457	1	1	0	0
1	1	UID196460	1	1	0	0
1	1	UID196461	1	1	0	0
1	1	UID196462	1	1	0	0
1	1	UID196466	1	1	0	0
1	1	UID196480	1	1	0	0
1	1	UID196483	1	1	0	0
1	1	UID196484	1	1	0	0
1	1	UID196495	1	1	0	0
1	1	UID196500	1	1	0	0
1	1	UID196501	1	1	0	0
1	1	UID196515	1	1	0	0
6	6	UID196518	1	6	3	3
1	1	UID196526	1	1	0	0
1	1	UID196536	1	1	0	0
1	1	UID196540	1	1	0	0
1	1	UID196541	1	1	0	0
1	1	UID196542	1	1	0	0
1	1	UID196543	1	1	0	0
1	1	UID196545	1	1	0	0
1	1	UID196546	1	1	0	0
1	1	UID196556	1	1	0	0
1	1	UID196557	1	1	0	0
1	1	UID196558	1	1	0	0
1	1	UID196559	1	1	0	0
1	1	UID196560	1	1	0	0
1	1	UID196562	1	1	0	0
1	1	UID196563	1	1	0	0
1	1	UID196565	1	1	0	0
1	1	UID196566	1	1	0	0
1	1	UID196567	1	1	0	0
1	1	UID196568	1	1	0	0
1	1	UID196573	1	1	0	0
1	1	UID196575	1	1	0	0
1	1	UID196577	1	1	0	0
1	1	UID196580	1	1	0	0
1	1	UID196587	1	1	0	0
1	1	UID196588	1	1	0	0
1	1	UID196589	1	1	0	0
1	1	UID196622	1	1	0	0
1	1	UID196630	1	1	0	0
1	1	UID196652	1	1	0	0
1	1	UID196655	1	1	0	0
1	1	UID196656	1	1	0	0
1	1	UID196690	1	1	0	0
1	1	UID196732	1	1	0	0
1	1	UID196757	1	1	0	0
1	1	UID196784	1	1	0	0
1	1	UID197005	1	1	0	0
1	1	UID197049	1	1	0	0
1	1	UID197050	1	1	0	0
1	1	UID197055	1	1	0	0
1	1	UID197062	1	1	0	0
1	1	UID197063	1	1	0	0
1	1	UID197065	1	1	0	0
1	1	UID197070	1	1	0	0
1	1	UID197071	1	1	0	0
1	1	UID197073	1	1	0	0
1	1	UID197075	1	1	0	0
1	1	UID197076	1	1	0	0
1	1	UID197077	1	1	0	0
1	1	UID197078	1	1	0	0
1	1	UID197081	1	1	0	0
1	1	UID197083	1	1	0	0
1	1	UID197084	1	1	0	0
1	1	UID197085	1	1	0	0
4	4	UID197091	1	4	2	2
2	2	UID197110	1	2	1	1
1	1	UID197111	1	1	0	0
1	1	UID197114	1	1	0	0
1	1	UID197115	1	1	0	0
1	1	UID197133	1	1	0	0
1	1	UID197137	1	1	0	0
1	1	UID197159	1	1	0	0
1	1	UID197161	1	1	0	0
1	1	UID197162	1	1	0	0
1	1	UID197164	1	1	0	0
1	1	UID197170	1	1	0	0
1	1	UID197171	1	1	0	0
1	1	UID197188	1	1	0	0
1	1	UID197200	1	1	0	0
1	1	UID197204	1	1	0	0
1	1	UID197207	1	1	0	0
1	1	UID197210	1	1	0	0
1	1	UID197218	1	1	0	0
1	1	UID197220	1	1	0	0
1	1	UID197221	1	1	0	0
1	1	UID197222	1	1	0	0
1	1	UID197224	1	1	0	0
1	1	UID197225	1	1	0	0
1	1	UID197227	1	1	0	0
1	1	UID197229	1	1	0	0
1	1	UID197232	1	1	0	0
1	1	UID197248	1	1	0	0
1	1	UID197256	1	1	0	0
1	1	UID197267	1	1	0	0
3	3	UID197268	1	3	1	1
1	1	UID197269	1	1	0	0
1	1	UID197277	1	1	0	0
1	1	UID197282	1	1	0	0
1	1	UID197285	1	1	0	0
1	1	UID197286	1	1	0	0
1	1	UID197309	1	1	0	0
1	1	UID197313	1	1	0	0
1	1	UID197316	1	1	0	0
1	1	UID197336	1	1	0	0
1	1	UID197357	1	1	0	0
1	1	UID197361	1	1	0	0
1	1	UID197362	1	1	0	0
1	1	UID197372	1	1	0	0
1	1	UID197373	1	1	0	0
1	1	UID197375	1	1	0	0
1	1	UID197390	1	1	0	0
1	1	UID197395	1	1	0	0
1	1	UID197400	1	1	0	0
1	1	UID197401	1	1	0	0
1	1	UID197402	1	1	0	0
1	1	UID197404	1	1	0	0
1	1	UID197416	1	1	0	0
1	1	UID197423	1	1	0	0
1	1	UID197433	1	1	0	0
1	1	UID197434	1	1	0	0
1	1	UID197435	1	1	0	0
1	1	UID197444	1	1	0	0
1	1	UID197456	1	1	0	0
1	1	UID197460	1	1	0	0
1	1	UID197461	1	1	0	0
1	1	UID197465	1	1	0	0
1	1	UID197472	1	1	0	0
1	1	UID197478	1	1	0	0
1	1	UID197493	1	1	0	0
1	1	UID197494	1	1	0	0
1	1	UID197495	1	1	0	0
1	1	UID197516	1	1	0	0
1	1	UID197518	1	1	0	0
1	1	UID197519	1	1	0	0
1	1	UID197526	1	1	0	0
1	1	UID197527	1	1	0	0
1	1	UID197528	1	1	0	0
1	1	UID197535	1	1	0	0
1	1	UID197539	1	1	0	0
1	1	UID197540	1	1	0	0
1	1	UID197542	1	1	0	0
1	1	UID197544	1	1	0	0
1	1	UID197563	1	1	0	0
1	1	UID197564	1	1	0	0
1	1	UID197565	1	1	0	0
1	1	UID197566	1	1	0	0
1	1	UID197568	1	1	0	0
1	1	UID197570	1	1	0	0
1	1	UID197572	1	1	0	0
1	1	UID197573	1	1	0	0
1	1	UID197575	1	1	0	0
1	1	UID197578	1	1	0	0
1	1	UID197582	1	1	0	0
1	1	UID197583	1	1	0	0
1	1	UID197594	1	1	0	0
1	1	UID197596	1	1	0	0
1	1	UID197601	1	1	0	0
1	1	UID197606	1	1	0	0
1	1	UID197607	1	1	0	0
1	1	UID197611	1	1	0	0
1	1	UID197615	1	1	0	0
1	1	UID197616	1	1	0	0
1	1	UID197625	1	1	0	0
1	1	UID197627	1	1	0	0
1	1	UID197635	1	1	0	0
1	1	UID197641	1	1	0	0
1	1	UID197649	1	1	0	0
1	1	UID197650	1	1	0	0
1	1	UID197663	1	1	0	0
1	1	UID197664	1	1	0	0
1	1	UID197672	1	1	0	0
7	7	UID197674	1	7	2	2
1	1	UID197682	1	1	0	0
1	1	UID197683	1	1	0	0
1	1	UID197685	1	1	0	0
1	1	UID197686	1	1	0	0
1	1	UID197687	1	1	0	0
1	1	UID197688	1	1	0	0
1	1	UID197699	1	1	0	0
1	1	UID197702	1	1	0	0
1	1	UID197703	1	1	0	0
1	1	UID197704	1	1	0	0
1	1	UID197706	1	1	0	0
1	1	UID197707	1	1	0	0
1	1	UID197708	1	1	0	0
1	1	UID197709	1	1	0	0
1	1	UID197711	1	1	0	0
1	1	UID197713	1	1	0	0
1	1	UID197715	1	1	0	0
1	1	UID197726	1	1	0	0
1	1	UID197729	1	1	0	0
1	1	UID197734	1	1	0	0
1	1	UID197735	1	1	0	0
1	1	UID197737	1	1	0	0
1	1	UID197748	1	1	0	0
1	1	UID197751	1	1	0	0
1	1	UID197753	1	1	0	0
1	1	UID197757	1	1	0	0
1	1	UID197758	1	1	0	0
1	1	UID197759	1	1	0	0
1	1	UID197764	1	1	0	0
1	1	UID197779	1	1	0	0
1	1	UID197784	1	1	0	0
1	1	UID197785	1	1	0	0
1	1	UID197786	1	1	0	0
1	1	UID197789	1	1	0	0
1	1	UID197798	1	1	0	0
1	1	UID197803	1	1	0	0
1	1	UID197807	1	1	0	0
1	1	UID197821	1	1	0	0
1	1	UID197824	1	1	0	0
1	1	UID197825	1	1	0	0
1	1	UID197827	1	1	0	0
1	1	UID197832	1	1	0	0
1	1	UID197834	1	1	0	0
1	1	UID197836	1	1	0	0
1	1	UID197842	1	1	0	0
1	1	UID197844	1	1	0	0
1	1	UID197845	1	1	0	0
1	1	UID197853	1	1	0	0
1	1	UID197855	1	1	0	0
5	5	UID197856	1	5	2	2
1	1	UID197875	1	1	0	0
1	1	UID197876	1	1	0	0
1	1	UID197878	1	1	0	0
1	1	UID197880	1	1	0	0
1	1	UID197887	1	1	0	0
1	1	UID197892	1	1	0	0
4	4	UID197894	1	4	2	2
1	1	UID197899	1	1	0	0
1	1	UID197901	1	1	0	0
1	1	UID197912	1	1	0	0
1	1	UID197916	1	1	0	0
1	1	UID197930	1	1	0	0
1	1	UID197932	1	1	0	0
1	1	UID197934	1	1	0	0
1	1	UID197935	1	1	0	0
1	1	UID197946	1	1	0	0
1	1	UID197947	1	1	0	0
1	1	UID197961	1	1	0	0
1	1	UID197964	1	1	0	0
1	1	UID197965	1	1	0	0
1	1	UID197968	1	1	0	0
1	1	UID197976	1	1	0	0
1	1	UID197978	1	1	0	0
1	1	UID197980	1	1	0	0
1	1	UID197982	1	1	0	0
1	1	UID197984	1	1	0	0
1	1	UID197985	1	1	0	0
1	1	UID198003	1	1	0	0
1	1	UID198012	1	1	0	0
1	1	UID198017	1	1	0	0
1	1	UID198023	1	1	0	0
1	1	UID198040	1	1	0	0
1	1	UID198041	1	1	0	0
1	1	UID198045	1	1	0	0
1	1	UID198050	1	1	0	0
1	1	UID198070	1	1	0	0
1	1	UID198075	1	1	0	0
1	1	UID198076	1	1	0	0
1	1	UID198077	1	1	0	0
1	1	UID198087	1	1	0	0
1	1	UID198093	1	1	0	0
1	1	UID198109	1	1	0	0
1	1	UID198113	1	1	0	0
1	1	UID198114	1	1	0	0
1	1	UID198115	1	1	0	0
1	1	UID198118	1	1	0	0
1	1	UID198121	1	1	0	0
1	1	UID198127	1	1	0	0
1	1	UID198132	1	1	0	0
1	1	UID198133	1	1	0	0
1	1	UID198143	1	1	0	0
3	3	UID198154	1	3	2	2
1	1	UID198166	1	1	0	0
1	1	UID198167	1	1	0	0
1	1	UID198172	1	1	0	0
1	1	UID198199	1	1	0	0
1	1	UID198200	1	1	0	0
1	1	UID198206	1	1	0	0
1	1	UID198244	1	1	0	0
1	1	UID198247	1	1	0	0
1	1	UID198249	1	1	0	0
1	1	UID198250	1	1	0	0
1	1	UID198251	1	1	0	0
1	1	UID198252	1	1	0	0
1	1	UID198253	1	1	0	0
1	1	UID198254	1	1	0	0
1	1	UID198256	1	1	0	0
1	1	UID198257	1	1	0	0
1	1	UID198258	1	1	0	0
1	1	UID198260	1	1	0	0
1	1	UID198263	1	1	0	0
1	1	UID198296	1	1	0	0
1	1	UID198298	1	1	0	0
1	1	UID198299	1	1	0	0
1	1	UID198300	1	1	0	0
1	1	UID198306	1	1	0	0
1	1	UID198319	1	1	0	0
1	1	UID198324	1	1	0	0
1	1	UID198332	1	1	0	0
1	1	UID198333	1	1	0	0
1	1	UID198350	1	1	0	0
1	1	UID198355	1	1	0	0
1	1	UID198356	1	1	0	0
1	1	UID198360	1	1	0	0
1	1	UID198361	1	1	0	0
1	1	UID198371	1	1	0	0
1	1	UID198372	1	1	0	0
1	1	UID198373	1	1	0	0
1	1	UID198374	1	1	0	0
1	1	UID198390	1	1	0	0
1	1	UID198392	1	1	0	0
1	1	UID198393	1	1	0	0
1	1	UID198394	1	1	0	0
1	1	UID198395	1	1	0	0
1	1	UID198398	1	1	0	0
1	1	UID198399	1	1	0	0
1	1	UID198400	1	1	0	0
1	1	UID198407	1	1	0	0
1	1	UID198410	1	1	0	0
1	1	UID198420	1	1	0	0
1	1	UID198433	1	1	0	0
1	1	UID198438	1	1	0	0
1	1	UID198444	1	1	0	0
1	1	UID198447	1	1	0	0
1	1	UID198455	1	1	0	0
1	1	UID198458	1	1	0	0
1	1	UID198472	1	1	0	0
1	1	UID198473	1	1	0	0
1	1	UID198474	1	1	0	0
1	1	UID198475	1	1	0	0
1	1	UID198478	1	1	0	0
1	1	UID198506	1	1	0	0
1	1	UID198510	1	1	0	0
1	1	UID198520	1	1	0	0
1	1	UID198538	1	1	0	0
1	1	UID198548	1	1	0	0
1	1	UID198557	1	1	0	0
1	1	UID198558	1	1	0	0
1	1	UID198560	1	1	0	0
1	1	UID198563	1	1	0	0
1	1	UID198571	1	1	0	0
1	1	UID198574	1	1	0	0
1	1	UID198575	1	1	0	0
1	1	UID198578	1	1	0	0
1	1	UID198580	1	1	0	0
1	1	UID198585	1	1	0	0
1	1	UID198588	1	1	0	0
1	1	UID198589	1	1	0	0
1	1	UID198590	1	1	0	0
1	1	UID198591	1	1	0	0
1	1	UID198596	1	1	0	0
1	1	UID198597	1	1	0	0
1	1	UID198599	1	1	0	0
1	1	UID198600	1	1	0	0
1	1	UID198605	1	1	0	0
1	1	UID198607	1	1	0	0
1	1	UID198609	1	1	0	0
1	1	UID198612	1	1	0	0
1	1	UID198614	1	1	0	0
1	1	UID198615	1	1	0	0
1	1	UID198617	1	1	0	0
1	1	UID198618	1	1	0	0
1	1	UID198619	1	1	0	0
1	1	UID198621	1	1	0	0
1	1	UID198622	1	1	0	0
1	1	UID198626	1	1	0	0
1	1	UID198627	1	1	0	0
1	1	UID198628	1	1	0	0
3	3	UID198629	1	3	2	2
1	1	UID198631	1	1	0	0
1	1	UID198632	1	1	0	0
1	1	UID198633	1	1	0	0
1	1	UID198635	1	1	0	0
1	1	UID198636	1	1	0	0
1	1	UID198643	1	1	0	0
1	1	UID198648	1	1	0	0
1	1	UID198650	1	1	0	0
1	1	UID198652	1	1	0	0
1	1	UID198657	1	1	0	0
1	1	UID198658	1	1	0	0
1	1	UID198659	1	1	0	0
1	1	UID198660	1	1	0	0
1	1	UID198661	1	1	0	0
3	3	UID198664	1	3	2	2
5	5	UID198665	1	5	2	2
1	1	UID198666	1	1	0	0
1	1	UID198668	1	1	0	0
1	1	UID198669	1	1	0	0
1	1	UID198675	1	1	0	0
1	1	UID198676	1	1	0	0
1	1	UID198677	1	1	0	0
1	1	UID198678	1	1	0	0
1	1	UID198679	1	1	0	0
1	1	UID198680	1	1	0	0
1	1	UID198681	1	1	0	0
1	1	UID198682	1	1	0	0
1	1	UID198683	1	1	0	0
1	1	UID198684	1	1	0	0
1	1	UID198692	1	1	0	0
1	1	UID198693	1	1	0	0
1	1	UID198695	1	1	0	0
1	1	UID198700	1	1	0	0
1	1	UID198704	1	1	0	0
1	1	UID198714	1	1	0	0
1	1	UID198716	1	1	0	0
1	1	UID198717	1	1	0	0
1	1	UID198719	1	1	0	0
1	1	UID198720	1	1	0	0
1	1	UID198722	1	1	0	0
1	1	UID198723	1	1	0	0
1	1	UID198726	1	1	0	0
1	1	UID198734	1	1	0	0
1	1	UID198735	1	1	0	0
1	1	UID198737	1	1	0	0
1	1	UID198741	1	1	0	0
1	1	UID198742	1	1	0	0
1	1	UID198744	1	1	0	0
1	1	UID198746	1	1	0	0
1	1	UID198747	1	1	0	0
1	1	UID198748	1	1	0	0
1	1	UID198749	1	1	0	0
1	1	UID198750	1	1	0	0
1	1	UID198751	1	1	0	0
1	1	UID198756	1	1	0	0
1	1	UID198758	1	1	0	0
1	1	UID198759	1	1	0	0
1	1	UID198760	1	1	0	0
1	1	UID198762	1	1	0	0
1	1	UID198763	1	1	0	0
1	1	UID198764	1	1	0	0
1	1	UID198769	1	1	0	0
1	1	UID198770	1	1	0	0
1	1	UID198771	1	1	0	0
1	1	UID198772	1	1	0	0
1	1	UID198773	1	1	0	0
1	1	UID198776	1	1	0	0
1	1	UID198778	1	1	0	0
2	2	UID198779	1	2	1	1
1	1	UID198781	1	1	0	0
1	1	UID198784	1	1	0	0
1	1	UID198785	1	1	0	0
1	1	UID198786	1	1	0	0
1	1	UID198788	1	1	0	0
1	1	UID198792	1	1	0	0
1	1	UID198795	1	1	0	0
1	1	UID198798	1	1	0	0
1	1	UID198802	1	1	0	0
1	1	UID198803	1	1	0	0
1	1	UID198808	1	1	0	0
1	1	UID198809	1	1	0	0
1	1	UID198825	1	1	0	0
1	1	UID198845	1	1	0	0
1	1	UID198850	1	1	0	0
1	1	UID198851	1	1	0	0
1	1	UID198852	1	1	0	0
1	1	UID198853	1	1	0	0
1	1	UID198855	1	1	0	0
1	1	UID198856	1	1	0	0
2	2	UID198857	1	2	1	1
2	2	UID198858	1	2	1	1
1	1	UID198860	1	1	0	0
1	1	UID198863	1	1	0	0
1	1	UID198865	1	1	0	0
1	1	UID198866	1	1	0	0
1	1	UID198868	1	1	0	0
1	1	UID198870	1	1	0	0
1	1	UID198872	1	1	0	0
1	1	UID198873	1	1	0	0
1	1	UID198875	1	1	0	0
1	1	UID198876	1	1	0	0
1	1	UID198877	1	1	0	0
1	1	UID198879	1	1	0	0
1	1	UID198880	1	1	0	0
1	1	UID198882	1	1	0	0
1	1	UID198885	1	1	0	0
1	1	UID198886	1	1	0	0
1	1	UID198887	1	1	0	0
1	1	UID198888	1	1	0	0
1	1	UID198889	1	1	0	0
1	1	UID198890	1	1	0	0
1	1	UID198898	1	1	0	0
1	1	UID198899	1	1	0	0
1	1	UID198900	1	1	0	0
1	1	UID198901	1	1	0	0
1	1	UID198903	1	1	0	0
1	1	UID198904	1	1	0	0
1	1	UID198907	1	1	0	0
1	1	UID198908	1	1	0	0
1	1	UID198909	1	1	0	0
1	1	UID198910	1	1	0	0
1	1	UID198911	1	1	0	0
1	1	UID198912	1	1	0	0
1	1	UID198915	1	1	0	0
1	1	UID198916	1	1	0	0
1	1	UID198917	1	1	0	0
1	1	UID198918	1	1	0	0
1	1	UID198923	1	1	0	0
1	1	UID198930	1	1	0	0
1	1	UID198931	1	1	0	0
1	1	UID198932	1	1	0	0
1	1	UID198933	1	1	0	0
1	1	UID198934	1	1	0	0
1	1	UID198935	1	1	0	0
1	1	UID198936	1	1	0	0
1	1	UID198939	1	1	0	0
1	1	UID198946	1	1	0	0
1	1	UID198948	1	1	0	0
1	1	UID198950	1	1	0	0
1	1	UID198955	1	1	0	0
1	1	UID198957	1	1	0	0
1	1	UID198967	1	1	0	0
1	1	UID198968	1	1	0	0
1	1	UID198975	1	1	0	0
1	1	UID198977	1	1	0	0
1	1	UID198983	1	1	0	0
1	1	UID198990	1	1	0	0
1	1	UID198991	1	1	0	0
1	1	UID198994	1	1	0	0
1	1	UID198997	1	1	0	0
1	1	UID198999	1	1	0	0
1	1	UID199000	1	1	0	0
1	1	UID199005	1	1	0	0
1	1	UID199006	1	1	0	0
1	1	UID199007	1	1	0	0
1	1	UID199008	1	1	0	0
3	3	UID199011	1	3	2	2
1	1	UID199012	1	1	0	0
1	1	UID199013	1	1	0	0
1	1	UID199015	1	1	0	0
1	1	UID199018	1	1	0	0
1	1	UID199025	1	1	0	0
1	1	UID199030	1	1	0	0
1	1	UID199039	1	1	0	0
1	1	UID199040	1	1	0	0
1	1	UID199041	1	1	0	0
1	1	UID199045	1	1	0	0
1	1	UID199046	1	1	0	0
1	1	UID199047	1	1	0	0
1	1	UID199048	1	1	0	0
1	1	UID199049	1	1	0	0
1	1	UID199051	1	1	0	0
1	1	UID199052	1	1	0	0
1	1	UID199053	1	1	0	0
1	1	UID199054	1	1	0	0
1	1	UID199056	1	1	0	0
1	1	UID199057	1	1	0	0
1	1	UID199058	1	1	0	0
1	1	UID199059	1	1	0	0
1	1	UID199060	1	1	0	0
1	1	UID199061	1	1	0	0
1	1	UID199062	1	1	0	0
1	1	UID199064	1	1	0	0
1	1	UID199065	1	1	0	0
1	1	UID199067	1	1	0	0
1	1	UID199068	1	1	0	0
1	1	UID199074	1	1	0	0
1	1	UID199077	1	1	0	0
1	1	UID199078	1	1	0	0
2	2	UID199080	1	2	1	1
1	1	UID199084	1	1	0	0
1	1	UID199085	1	1	0	0
1	1	UID199086	1	1	0	0
1	1	UID199094	1	1	0	0
1	1	UID199103	1	1	0	0
1	1	UID199104	1	1	0	0
2	2	UID199105	1	2	1	1
1	1	UID199109	1	1	0	0
1	1	UID199110	1	1	0	0
1	1	UID199113	1	1	0	0
1	1	UID199116	1	1	0	0
1	1	UID199119	1	1	0	0
1	1	UID199120	1	1	0	0
1	1	UID199131	1	1	0	0
1	1	UID199132	1	1	0	0
1	1	UID199134	1	1	0	0
1	1	UID199135	1	1	0	0
1	1	UID199139	1	1	0	0
1	1	UID199150	1	1	0	0
1	1	UID199153	1	1	0	0
1	1	UID199163	1	1	0	0
1	1	UID199164	1	1	0	0
1	1	UID199165	1	1	0	0
1	1	UID199168	1	1	0	0
1	1	UID199169	1	1	0	0
1	1	UID199170	1	1	0	0
1	1	UID199172	1	1	0	0
1	1	UID199175	1	1	0	0
1	1	UID199176	1	1	0	0
1	1	UID199177	1	1	0	0
1	1	UID199178	1	1	0	0
1	1	UID199179	1	1	0	0
1	1	UID199186	1	1	0	0
1	1	UID199216	1	1	0	0
1	1	UID199234	1	1	0	0
1	1	UID199235	1	1	0	0
1	1	UID199236	1	1	0	0
1	1	UID199238	1	1	0	0
1	1	UID199239	1	1	0	0
1	1	UID199241	1	1	0	0
1	1	UID199242	1	1	0	0
1	1	UID199243	1	1	0	0
1	1	UID199252	1	1	0	0
1	1	UID199257	1	1	0	0
1	1	UID199260	1	1	0	0
1	1	UID199261	1	1	0	0
1	1	UID199264	1	1	0	0
1	1	UID199265	1	1	0	0
1	1	UID199269	1	1	0	0
1	1	UID199272	1	1	0	0
1	1	UID199273	1	1	0	0
1	1	UID199274	1	1	0	0
1	1	UID199288	1	1	0	0
1	1	UID199293	1	1	0	0
1	1	UID199297	1	1	0	0
1	1	UID199307	1	1	0	0
1	1	UID199308	1	1	0	0
1	1	UID199311	1	1	0	0
1	1	UID199313	1	1	0	0
1	1	UID199326	1	1	0	0
1	1	UID199337	1	1	0	0
1	1	UID199339	1	1	0	0
1	1	UID199340	1	1	0	0
1	1	UID199342	1	1	0	0
1	1	UID199343	1	1	0	0
1	1	UID199349	1	1	0	0
1	1	UID199351	1	1	0	0
1	1	UID199352	1	1	0	0
1	1	UID199354	1	1	0	0
1	1	UID199355	1	1	0	0
1	1	UID199359	1	1	0	0
1	1	UID199360	1	1	0	0
1	1	UID199361	1	1	0	0
1	1	UID199365	1	1	0	0
1	1	UID199371	1	1	0	0
1	1	UID199372	1	1	0	0
1	1	UID199373	1	1	0	0
1	1	UID199377	1	1	0	0
1	1	UID199382	1	1	0	0
1	1	UID199387	1	1	0	0
1	1	UID199388	1	1	0	0
1	1	UID199392	1	1	0	0
1	1	UID199401	1	1	0	0
1	1	UID199421	1	1	0	0
1	1	UID199425	1	1	0	0
1	1	UID199426	1	1	0	0
3	3	UID199428	1	3	1	1
1	1	UID199433	1	1	0	0
1	1	UID199437	1	1	0	0
1	1	UID199438	1	1	0	0
1	1	UID199440	1	1	0	0
1	1	UID199443	1	1	0	0
1	1	UID199446	1	1	0	0
5	5	UID199448	1	5	2	2
1	1	UID199467	1	1	0	0
1	1	UID199468	1	1	0	0
1	1	UID199472	1	1	0	0
1	1	UID199474	1	1	0	0
1	1	UID199480	1	1	0	0
1	1	UID199483	1	1	0	0
1	1	UID199484	1	1	0	0
1	1	UID199485	1	1	0	0
1	1	UID199486	1	1	0	0
1	1	UID199495	1	1	0	0
1	1	UID199496	1	1	0	0
1	1	UID199498	1	1	0	0
1	1	UID199507	1	1	0	0
1	1	UID199553	1	1	0	0
1	1	UID199561	1	1	0	0
1	1	UID199614	1	1	0	0
1	1	UID199765	1	1	0	0
1	1	UID199768	1	1	0	0
1	1	UID199778	1	1	0	0
1	1	UID199781	1	1	0	0
1	1	UID199805	1	1	0	0
1	1	UID199825	1	1	0	0
1	1	UID199842	1	1	0	0
1	1	UID199843	1	1	0	0
1	1	UID199855	1	1	0	0
1	1	UID199858	1	1	0	0
1	1	UID199860	1	1	0	0
1	1	UID199863	1	1	0	0
1	1	UID199875	1	1	0	0
1	1	UID199880	1	1	0	0
1	1	UID199881	1	1	0	0
1	1	UID199883	1	1	0	0
1	1	UID199891	1	1	0	0
1	1	UID199892	1	1	0	0
4	4	UID199893	1	4	2	2
1	1	UID199905	1	1	0	0
1	1	UID199906	1	1	0	0
1	1	UID199907	1	1	0	0
1	1	UID199909	1	1	0	0
1	1	UID199910	1	1	0	0
1	1	UID199918	1	1	0	0
1	1	UID199919	1	1	0	0
1	1	UID199926	1	1	0	0
1	1	UID199930	1	1	0	0
1	1	UID199938	1	1	0	0
1	1	UID199942	1	1	0	0
1	1	UID199946	1	1	0	0
1	1	UID199961	1	1	0	0
1	1	UID199964	1	1	0	0
1	1	UID199965	1	1	0	0
1	1	UID199980	1	1	0	0
1	1	UID199983	1	1	0	0
1	1	UID199991	1	1	0	0
1	1	UID199992	1	1	0	0
1	1	UID199996	1	1	0	0
1	1	UID200010	1	1	0	0
3	3	UID200011	1	3	2	2
1	1	UID200014	1	1	0	0
1	1	UID200015	1	1	0	0
1	1	UID200016	1	1	0	0
1	1	UID200017	1	1	0	0
1	1	UID200018	1	1	0	0
1	1	UID200019	1	1	0	0
1	1	UID200020	1	1	0	0
1	1	UID200021	1	1	0	0
1	1	UID200023	1	1	0	0
1	1	UID200024	1	1	0	0
1	1	UID200026	1	1	0	0
1	1	UID200029	1	1	0	0
1	1	UID200036	1	1	0	0
1	1	UID200041	1	1	0	0
1	1	UID200042	1	1	0	0
1	1	UID200043	1	1	0	0
1	1	UID200047	1	1	0	0
1	1	UID200050	1	1	0	0
1	1	UID200056	1	1	0	0
1	1	UID200057	1	1	0	0
1	1	UID200060	1	1	0	0
1	1	UID200061	1	1	0	0
1	1	UID200062	1	1	0	0
1	1	UID200063	1	1	0	0
1	1	UID200064	1	1	0	0
1	1	UID200065	1	1	0	0
1	1	UID200066	1	1	0	0
1	1	UID200068	1	1	0	0
1	1	UID200081	1	1	0	0
1	1	UID200084	1	1	0	0
1	1	UID200086	1	1	0	0
1	1	UID200087	1	1	0	0
1	1	UID200089	1	1	0	0
1	1	UID200090	1	1	0	0
2	2	UID200091	1	2	1	1
1	1	UID200092	1	1	0	0
1	1	UID200094	1	1	0	0
1	1	UID200095	1	1	0	0
1	1	UID200096	1	1	0	0
1	1	UID200097	1	1	0	0
1	1	UID200098	1	1	0	0
1	1	UID200099	1	1	0	0
1	1	UID200101	1	1	0	0
1	1	UID200102	1	1	0	0
1	1	UID200105	1	1	0	0
1	1	UID200109	1	1	0	0
2	2	UID200122	1	2	1	1
1	1	UID200132	1	1	0	0
1	1	UID200135	1	1	0	0
1	1	UID200137	1	1	0	0
1	1	UID200138	1	1	0	0
1	1	UID200142	1	1	0	0
1	1	UID200143	1	1	0	0
1	1	UID200144	1	1	0	0
1	1	UID200148	1	1	0	0
1	1	UID200150	1	1	0	0
1	1	UID200156	1	1	0	0
1	1	UID200157	1	1	0	0
1	1	UID200158	1	1	0	0
1	1	UID200160	1	1	0	0
1	1	UID200161	1	1	0	0
1	1	UID200162	1	1	0	0
1	1	UID200166	1	1	0	0
1	1	UID200180	1	1	0	0
1	1	UID200181	1	1	0	0
1	1	UID200182	1	1	0	0
1	1	UID200183	1	1	0	0
1	1	UID200184	1	1	0	0
1	1	UID200187	1	1	0	0
1	1	UID200194	1	1	0	0
1	1	UID200197	1	1	0	0
1	1	UID200198	1	1	0	0
1	1	UID200199	1	1	0	0
1	1	UID200200	1	1	0	0
1	1	UID200201	1	1	0	0
1	1	UID200202	1	1	0	0
1	1	UID200205	1	1	0	0
1	1	UID200206	1	1	0	0
1	1	UID200213	1	1	0	0
1	1	UID200214	1	1	0	0
1	1	UID200217	1	1	0	0
1	1	UID200218	1	1	0	0
1	1	UID200220	1	1	0	0
1	1	UID200222	1	1	0	0
1	1	UID200225	1	1	0	0
1	1	UID200232	1	1	0	0
1	1	UID200234	1	1	0	0
1	1	UID200235	1	1	0	0
1	1	UID200238	1	1	0	0
1	1	UID200239	1	1	0	0
1	1	UID200241	1	1	0	0
1	1	UID200246	1	1	0	0
1	1	UID200247	1	1	0	0
1	1	UID200250	1	1	0	0
1	1	UID200251	1	1	0	0
1	1	UID200254	1	1	0	0
1	1	UID200260	1	1	0	0
1	1	UID200264	1	1	0	0
1	1	UID200270	1	1	0	0
1	1	UID200271	1	1	0	0
1	1	UID200272	1	1	0	0
1	1	UID200275	1	1	0	0
1	1	UID200278	1	1	0	0
1	1	UID200285	1	1	0	0
1	1	UID200295	1	1	0	0
1	1	UID200302	1	1	0	0
1	1	UID200305	1	1	0	0
1	1	UID200306	1	1	0	0
1	1	UID200311	1	1	0	0
1	1	UID200312	1	1	0	0
1	1	UID200313	1	1	0	0
1	1	UID200318	1	1	0	0
1	1	UID200319	1	1	0	0
1	1	UID200320	1	1	0	0
1	1	UID200321	1	1	0	0
1	1	UID200330	1	1	0	0
1	1	UID200332	1	1	0	0
1	1	UID200334	1	1	0	0
1	1	UID200336	1	1	0	0
1	1	UID200337	1	1	0	0
1	1	UID200346	1	1	0	0
1	1	UID200348	1	1	0	0
1	1	UID200364	1	1	0	0
1	1	UID200373	1	1	0	0
1	1	UID200374	1	1	0	0
1	1	UID200378	1	1	0	0
1	1	UID200380	1	1	0	0
1	1	UID200382	1	1	0	0
1	1	UID200393	1	1	0	0
1	1	UID200395	1	1	0	0
1	1	UID200402	1	1	0	0
1	1	UID200404	1	1	0	0
1	1	UID200415	1	1	0	0
1	1	UID200416	1	1	0	0
1	1	UID200417	1	1	0	0
1	1	UID200419	1	1	0	0
1	1	UID200420	1	1	0	0
1	1	UID200421	1	1	0	0
1	1	UID200427	1	1	0	0
1	1	UID200428	1	1	0	0
1	1	UID200429	1	1	0	0
1	1	UID200430	1	1	0	0
1	1	UID200431	1	1	0	0
1	1	UID200441	1	1	0	0
1	1	UID200450	1	1	0	0
1	1	UID200451	1	1	0	0
1	1	UID200453	1	1	0	0
1	1	UID200454	1	1	0	0
1	1	UID200456	1	1	0	0
1	1	UID200457	1	1	0	0
1	1	UID200460	1	1	0	0
1	1	UID200461	1	1	0	0
1	1	UID200463	1	1	0	0
1	1	UID200465	1	1	0	0
1	1	UID200467	1	1	0	0
1	1	UID200472	1	1	0	0
1	1	UID200476	1	1	0	0
1	1	UID200477	1	1	0	0
1	1	UID200483	1	1	0	0
1	1	UID200484	1	1	0	0
1	1	UID200485	1	1	0	0
1	1	UID200487	1	1	0	0
1	1	UID200490	1	1	0	0
1	1	UID200492	1	1	0	0
1	1	UID200494	1	1	0	0
1	1	UID200495	1	1	0	0
1	1	UID200496	1	1	0	0
1	1	UID200504	1	1	0	0
1	1	UID200505	1	1	0	0
1	1	UID200508	1	1	0	0
1	1	UID200510	1	1	0	0
1	1	UID200514	1	1	0	0
1	1	UID200516	1	1	0	0
1	1	UID200518	1	1	0	0
3	3	UID200520	1	3	2	2
1	1	UID200521	1	1	0	0
1	1	UID200525	1	1	0	0
1	1	UID200527	1	1	0	0
1	1	UID200529	1	1	0	0
1	1	UID200531	1	1	0	0
1	1	UID200532	1	1	0	0
1	1	UID200534	1	1	0	0
1	1	UID200539	1	1	0	0
1	1	UID200540	1	1	0	0
1	1	UID200541	1	1	0	0
1	1	UID200546	1	1	0	0
1	1	UID200547	1	1	0	0
1	1	UID200548	1	1	0	0
1	1	UID200549	1	1	0	0
1	1	UID200552	1	1	0	0
1	1	UID200553	1	1	0	0
1	1	UID200557	1	1	0	0
1	1	UID200558	1	1	0	0
1	1	UID200560	1	1	0	0
1	1	UID200564	1	1	0	0
1	1	UID200566	1	1	0	0
1	1	UID200568	1	1	0	0
1	1	UID200569	1	1	0	0
1	1	UID200570	1	1	0	0
1	1	UID200572	1	1	0	0
1	1	UID200574	1	1	0	0
1	1	UID200575	1	1	0	0
1	1	UID200576	1	1	0	0
1	1	UID200580	1	1	0	0
1	1	UID200581	1	1	0	0
1	1	UID200584	1	1	0	0
1	1	UID200586	1	1	0	0
1	1	UID200589	1	1	0	0
1	1	UID200590	1	1	0	0
1	1	UID200591	1	1	0	0
1	1	UID200592	1	1	0	0
1	1	UID200593	1	1	0	0
1	1	UID200597	1	1	0	0
1	1	UID200599	1	1	0	0
1	1	UID200600	1	1	0	0
1	1	UID200603	1	1	0	0
1	1	UID200604	1	1	0	0
1	1	UID200605	1	1	0	0
1	1	UID200606	1	1	0	0
1	1	UID200607	1	1	0	0
1	1	UID200610	1	1	0	0
1	1	UID200618	1	1	0	0
1	1	UID200619	1	1	0	0
1	1	UID200620	1	1	0	0
1	1	UID200624	1	1	0	0
1	1	UID200625	1	1	0	0
1	1	UID200628	1	1	0	0
1	1	UID200631	1	1	0	0
1	1	UID200632	1	1	0	0
1	1	UID200633	1	1	0	0
1	1	UID200634	1	1	0	0
1	1	UID200635	1	1	0	0
1	1	UID200636	1	1	0	0
1	1	UID200637	1	1	0	0
1	1	UID200638	1	1	0	0
1	1	UID200640	1	1	0	0
1	1	UID200641	1	1	0	0
1	1	UID200642	1	1	0	0
1	1	UID200645	1	1	0	0
1	1	UID200651	1	1	0	0
1	1	UID200652	1	1	0	0
1	1	UID200654	1	1	0	0
1	1	UID200655	1	1	0	0
1	1	UID200657	1	1	0	0
1	1	UID200659	1	1	0	0
1	1	UID200660	1	1	0	0
1	1	UID200662	1	1	0	0
1	1	UID200667	1	1	0	0
1	1	UID200668	1	1	0	0
1	1	UID200672	1	1	0	0
1	1	UID200673	1	1	0	0
1	1	UID200674	1	1	0	0
1	1	UID200681	1	1	0	0
1	1	UID200682	1	1	0	0
1	1	UID200688	1	1	0	0
1	1	UID200689	1	1	0	0
1	1	UID200690	1	1	0	0
1	1	UID200691	1	1	0	0
1	1	UID200692	1	1	0	0
1	1	UID200697	1	1	0	0
1	1	UID200698	1	1	0	0
1	1	UID200700	1	1	0	0
1	1	UID200701	1	1	0	0
1	1	UID200702	1	1	0	0
1	1	UID200708	1	1	0	0
1	1	UID200712	1	1	0	0
1	1	UID200713	1	1	0	0
1	1	UID200714	1	1	0	0
1	1	UID200715	1	1	0	0
1	1	UID200717	1	1	0	0
1	1	UID200719	1	1	0	0
1	1	UID200720	1	1	0	0
1	1	UID200722	1	1	0	0
1	1	UID200723	1	1	0	0
1	1	UID200724	1	1	0	0
1	1	UID200725	1	1	0	0
1	1	UID200726	1	1	0	0
1	1	UID200738	1	1	0	0
1	1	UID200739	1	1	0	0
1	1	UID200745	1	1	0	0
1	1	UID200747	1	1	0	0
1	1	UID200749	1	1	0	0
1	1	UID200750	1	1	0	0
1	1	UID200752	1	1	0	0
1	1	UID200761	1	1	0	0
1	1	UID200763	1	1	0	0
1	1	UID200768	1	1	0	0
1	1	UID200771	1	1	0	0
1	1	UID200781	1	1	0	0
1	1	UID200866	1	1	0	0
1	1	UID200889	1	1	0	0
1	1	UID200890	1	1	0	0
1	1	UID200895	1	1	0	0
1	1	UID200896	1	1	0	0
1	1	UID200897	1	1	0	0
1	1	UID200902	1	1	0	0
1	1	UID200905	1	1	0	0
1	1	UID200908	1	1	0	0
1	1	UID200909	1	1	0	0
1	1	UID200912	1	1	0	0
1	1	UID200914	1	1	0	0
1	1	UID200916	1	1	0	0
1	1	UID200923	1	1	0	0
1	1	UID200924	1	1	0	0
1	1	UID200928	1	1	0	0
1	1	UID200937	1	1	0	0
1	1	UID200938	1	1	0	0
1	1	UID200979	1	1	0	0
1	1	UID200986	1	1	0	0
1	1	UID201027	1	1	0	0
1	1	UID201028	1	1	0	0
1	1	UID201031	1	1	0	0
1	1	UID201032	1	1	0	0
1	1	UID201035	1	1	0	0
1	1	UID201037	1	1	0	0
1	1	UID201040	1	1	0	0
1	1	UID201044	1	1	0	0
1	1	UID201045	1	1	0	0
1	1	UID201046	1	1	0	0
1	1	UID201047	1	1	0	0
1	1	UID201048	1	1	0	0
1	1	UID201049	1	1	0	0
1	1	UID201050	1	1	0	0
1	1	UID201051	1	1	0	0
1	1	UID201052	1	1	0	0
1	1	UID201053	1	1	0	0
1	1	UID201054	1	1	0	0
1	1	UID201055	1	1	0	0
1	1	UID201056	1	1	0	0
1	1	UID201057	1	1	0	0
1	1	UID201058	1	1	0	0
1	1	UID201059	1	1	0	0
1	1	UID201060	1	1	0	0
1	1	UID201061	1	1	0	0
1	1	UID201062	1	1	0	0
1	1	UID201063	1	1	0	0
1	1	UID201064	1	1	0	0
1	1	UID201065	1	1	0	0
1	1	UID201066	1	1	0	0
1	1	UID201067	1	1	0	0
1	1	UID201068	1	1	0	0
1	1	UID201069	1	1	0	0
1	1	UID201070	1	1	0	0
1	1	UID201071	1	1	0	0
1	1	UID201073	1	1	0	0
1	1	UID201074	1	1	0	0
1	1	UID201077	1	1	0	0
1	1	UID201079	1	1	0	0
1	1	UID201080	1	1	0	0
1	1	UID201081	1	1	0	0
1	1	UID201082	1	1	0	0
1	1	UID201083	1	1	0	0
1	1	UID201084	1	1	0	0
1	1	UID201086	1	1	0	0
1	1	UID201087	1	1	0	0
1	1	UID201088	1	1	0	0
1	1	UID201090	1	1	0	0
1	1	UID201091	1	1	0	0
1	1	UID201092	1	1	0	0
1	1	UID201094	1	1	0	0
1	1	UID201099	1	1	0	0
1	1	UID201108	1	1	0	0
1	1	UID201111	1	1	0	0
1	1	UID201112	1	1	0	0
1	1	UID201123	1	1	0	0
1	1	UID201124	1	1	0	0
1	1	UID201125	1	1	0	0
1	1	UID201126	1	1	0	0
1	1	UID201128	1	1	0	0
1	1	UID201131	1	1	0	0
1	1	UID201134	1	1	0	0
1	1	UID201135	1	1	0	0
1	1	UID201136	1	1	0	0
1	1	UID201137	1	1	0	0
1	1	UID201138	1	1	0	0
1	1	UID201139	1	1	0	0
1	1	UID201140	1	1	0	0
1	1	UID201141	1	1	0	0
1	1	UID201143	1	1	0	0
1	1	UID201144	1	1	0	0
1	1	UID201145	1	1	0	0
1	1	UID201147	1	1	0	0
1	1	UID201148	1	1	0	0
1	1	UID201149	1	1	0	0
1	1	UID201152	1	1	0	0
1	1	UID201153	1	1	0	0
1	1	UID201155	1	1	0	0
1	1	UID201159	1	1	0	0
1	1	UID201160	1	1	0	0
1	1	UID201161	1	1	0	0
1	1	UID201162	1	1	0	0
1	1	UID201163	1	1	0	0
1	1	UID201164	1	1	0	0
1	1	UID201165	1	1	0	0
1	1	UID201166	1	1	0	0
1	1	UID201168	1	1	0	0
1	1	UID201169	1	1	0	0
1	1	UID201172	1	1	0	0
1	1	UID201179	1	1	0	0
1	1	UID201182	1	1	0	0
1	1	UID201184	1	1	0	0
1	1	UID201192	1	1	0	0
1	1	UID201195	1	1	0	0
1	1	UID201196	1	1	0	0
1	1	UID201197	1	1	0	0
1	1	UID201198	1	1	0	0
1	1	UID201200	1	1	0	0
4	4	UID201202	1	4	2	2
1	1	UID201203	1	1	0	0
1	1	UID201212	1	1	0	0
1	1	UID201213	1	1	0	0
1	1	UID201218	1	1	0	0
1	1	UID201220	1	1	0	0
1	1	UID201221	1	1	0	0
1	1	UID201222	1	1	0	0
1	1	UID201225	1	1	0	0
1	1	UID201226	1	1	0	0
1	1	UID201234	1	1	0	0
1	1	UID201235	1	1	0	0
1	1	UID201236	1	1	0	0
1	1	UID201237	1	1	0	0
1	1	UID201238	1	1	0	0
1	1	UID201240	1	1	0	0
1	1	UID201247	1	1	0	0
1	1	UID201250	1	1	0	0
1	1	UID201252	1	1	0	0
1	1	UID201255	1	1	0	0
1	1	UID201262	1	1	0	0
1	1	UID201263	1	1	0	0
1	1	UID201264	1	1	0	0
1	1	UID201265	1	1	0	0
1	1	UID201266	1	1	0	0
1	1	UID201267	1	1	0	0
1	1	UID201269	1	1	0	0
1	1	UID201276	1	1	0	0
1	1	UID201279	1	1	0	0
1	1	UID201280	1	1	0	0
1	1	UID201303	1	1	0	0
1	1	UID201304	1	1	0	0
1	1	UID201311	1	1	0	0
1	1	UID201313	1	1	0	0
1	1	UID201314	1	1	0	0
1	1	UID201315	1	1	0	0
1	1	UID201316	1	1	0	0
1	1	UID201319	1	1	0	0
1	1	UID201320	1	1	0	0
1	1	UID201322	1	1	0	0
1	1	UID201324	1	1	0	0
1	1	UID201325	1	1	0	0
1	1	UID201329	1	1	0	0
1	1	UID201336	1	1	0	0
1	1	UID201339	1	1	0	0
1	1	UID201350	1	1	0	0
1	1	UID201351	1	1	0	0
1	1	UID201352	1	1	0	0
1	1	UID201354	1	1	0	0
1	1	UID201357	1	1	0	0
1	1	UID201358	1	1	0	0
1	1	UID201362	1	1	0	0
1	1	UID201389	1	1	0	0
1	1	UID201390	1	1	0	0
1	1	UID201395	1	1	0	0
1	1	UID201398	1	1	0	0
1	1	UID201400	1	1	0	0
1	1	UID201402	1	1	0	0
1	1	UID201409	1	1	0	0
1	1	UID201410	1	1	0	0
1	1	UID201412	1	1	0	0
1	1	UID201416	1	1	0	0
1	1	UID201417	1	1	0	0
1	1	UID201427	1	1	0	0
1	1	UID201441	1	1	0	0
1	1	UID201442	1	1	0	0
1	1	UID201444	1	1	0	0
1	1	UID201453	1	1	0	0
1	1	UID201454	1	1	0	0
1	1	UID201461	1	1	0	0
1	1	UID201470	1	1	0	0
1	1	UID201471	1	1	0	0
1	1	UID201476	1	1	0	0
1	1	UID201479	1	1	0	0
1	1	UID201480	1	1	0	0
1	1	UID201485	1	1	0	0
1	1	UID201489	1	1	0	0
1	1	UID201492	1	1	0	0
1	1	UID201504	1	1	0	0
1	1	UID201505	1	1	0	0
1	1	UID201506	1	1	0	0
1	1	UID201507	1	1	0	0
1	1	UID201508	1	1	0	0
1	1	UID201519	1	1	0	0
1	1	UID201535	1	1	0	0
1	1	UID201541	1	1	0	0
1	1	UID201573	1	1	0	0
1	1	UID201574	1	1	0	0
1	1	UID201577	1	1	0	0
1	1	UID201581	1	1	0	0
1	1	UID201584	1	1	0	0
1	1	UID201585	1	1	0	0
1	1	UID201587	1	1	0	0
1	1	UID201588	1	1	0	0
1	1	UID201597	1	1	0	0
1	1	UID201598	1	1	0	0
1	1	UID201599	1	1	0	0
1	1	UID201601	1	1	0	0
1	1	UID201606	1	1	0	0
1	1	UID201607	1	1	0	0
1	1	UID201608	1	1	0	0
1	1	UID201610	1	1	0	0
1	1	UID201620	1	1	0	0
1	1	UID201621	1	1	0	0
1	1	UID201626	1	1	0	0
1	1	UID201628	1	1	0	0
1	1	UID201634	1	1	0	0
1	1	UID201635	1	1	0	0
1	1	UID201636	1	1	0	0
1	1	UID201637	1	1	0	0
1	1	UID201638	1	1	0	0
1	1	UID201639	1	1	0	0
1	1	UID201640	1	1	0	0
1	1	UID201643	1	1	0	0
1	1	UID201653	1	1	0	0
1	1	UID201654	1	1	0	0
1	1	UID201655	1	1	0	0
1	1	UID201659	1	1	0	0
1	1	UID201661	1	1	0	0
1	1	UID201662	1	1	0	0
1	1	UID201663	1	1	0	0
1	1	UID201667	1	1	0	0
1	1	UID201670	1	1	0	0
1	1	UID201680	1	1	0	0
1	1	UID201681	1	1	0	0
1	1	UID201688	1	1	0	0
1	1	UID201690	1	1	0	0
1	1	UID201693	1	1	0	0
1	1	UID201694	1	1	0	0
1	1	UID201696	1	1	0	0
1	1	UID201698	1	1	0	0
1	1	UID201699	1	1	0	0
1	1	UID201703	1	1	0	0
1	1	UID201706	1	1	0	0
1	1	UID201708	1	1	0	0
1	1	UID201711	1	1	0	0
1	1	UID201717	1	1	0	0
1	1	UID201725	1	1	0	0
1	1	UID201738	1	1	0	0
1	1	UID201739	1	1	0	0
1	1	UID201741	1	1	0	0
1	1	UID201745	1	1	0	0
1	1	UID201746	1	1	0	0
1	1	UID201747	1	1	0	0
1	1	UID201752	1	1	0	0
1	1	UID201756	1	1	0	0
1	1	UID201757	1	1	0	0
1	1	UID201761	1	1	0	0
1	1	UID201764	1	1	0	0
1	1	UID201773	1	1	0	0
1	1	UID201779	1	1	0	0
1	1	UID201780	1	1	0	0
1	1	UID201782	1	1	0	0
1	1	UID201791	1	1	0	0
1	1	UID201794	1	1	0	0
1	1	UID201808	1	1	0	0
1	1	UID201810	1	1	0	0
1	1	UID201811	1	1	0	0
1	1	UID201814	1	1	0	0
1	1	UID201815	1	1	0	0
1	1	UID201818	1	1	0	0
1	1	UID201819	1	1	0	0
1	1	UID201821	1	1	0	0
1	1	UID201822	1	1	0	0
1	1	UID201823	1	1	0	0
1	1	UID201824	1	1	0	0
1	1	UID201827	1	1	0	0
1	1	UID201830	1	1	0	0
1	1	UID201831	1	1	0	0
1	1	UID201842	1	1	0	0
1	1	UID201845	1	1	0	0
1	1	UID201846	1	1	0	0
1	1	UID201851	1	1	0	0
4	4	UID201852	1	4	2	2
1	1	UID201853	1	1	0	0
1	1	UID201880	1	1	0	0
1	1	UID201881	1	1	0	0
1	1	UID201883	1	1	0	0
1	1	UID201884	1	1	0	0
1	1	UID201886	1	1	0	0
1	1	UID201888	1	1	0	0
1	1	UID201894	1	1	0	0
1	1	UID201899	1	1	0	0
1	1	UID201904	1	1	0	0
1	1	UID201913	1	1	0	0
1	1	UID201922	1	1	0	0
1	1	UID201937	1	1	0	0
1	1	UID201938	1	1	0	0
1	1	UID201941	1	1	0	0
1	1	UID201944	1	1	0	0
1	1	UID201946	1	1	0	0
1	1	UID201950	1	1	0	0
1	1	UID201960	1	1	0	0
1	1	UID201974	1	1	0	0
1	1	UID201975	1	1	0	0
1	1	UID201976	1	1	0	0
1	1	UID201977	1	1	0	0
1	1	UID201978	1	1	0	0
1	1	UID201980	1	1	0	0
1	1	UID201983	1	1	0	0
1	1	UID201986	1	1	0	0
1	1	UID201987	1	1	0	0
1	1	UID201990	1	1	0	0
1	1	UID201991	1	1	0	0
1	1	UID201996	1	1	0	0
1	1	UID202014	1	1	0	0
1	1	UID202017	1	1	0	0
1	1	UID202019	1	1	0	0
1	1	UID202022	1	1	0	0
1	1	UID202027	1	1	0	0
1	1	UID202028	1	1	0	0
1	1	UID202030	1	1	0	0
1	1	UID202032	1	1	0	0
1	1	UID202033	1	1	0	0
1	1	UID202036	1	1	0	0
1	1	UID202045	1	1	0	0
1	1	UID202046	1	1	0	0
1	1	UID202047	1	1	0	0
1	1	UID202049	1	1	0	0
1	1	UID202054	1	1	0	0
1	1	UID202055	1	1	0	0
1	1	UID202056	1	1	0	0
1	1	UID202057	1	1	0	0
1	1	UID202058	1	1	0	0
1	1	UID202060	1	1	0	0
1	1	UID202061	1	1	0	0
1	1	UID202064	1	1	0	0
1	1	UID202066	1	1	0	0
1	1	UID202068	1	1	0	0
1	1	UID202070	1	1	0	0
1	1	UID202071	1	1	0	0
1	1	UID202074	1	1	0	0
1	1	UID202090	1	1	0	0
1	1	UID202105	1	1	0	0
1	1	UID202117	1	1	0	0
1	1	UID202118	1	1	0	0
1	1	UID202119	1	1	0	0
1	1	UID202120	1	1	0	0
1	1	UID202122	1	1	0	0
1	1	UID202129	1	1	0	0
1	1	UID202130	1	1	0	0
1	1	UID202131	1	1	0	0
1	1	UID202141	1	1	0	0
1	1	UID202142	1	1	0	0
1	1	UID202146	1	1	0	0
1	1	UID202147	1	1	0	0
1	1	UID202150	1	1	0	0
1	1	UID202169	1	1	0	0
1	1	UID202174	1	1	0	0
1	1	UID202177	1	1	0	0
1	1	UID202181	1	1	0	0
1	1	UID202185	1	1	0	0
1	1	UID202186	1	1	0	0
1	1	UID202187	1	1	0	0
1	1	UID202190	1	1	0	0
1	1	UID202191	1	1	0	0
1	1	UID202193	1	1	0	0
1	1	UID202204	1	1	0	0
2	2	UID202205	1	2	1	1
1	1	UID202207	1	1	0	0
1	1	UID202209	1	1	0	0
1	1	UID202210	1	1	0	0
1	1	UID202216	1	1	0	0
1	1	UID202217	1	1	0	0
1	1	UID202218	1	1	0	0
1	1	UID202222	1	1	0	0
1	1	UID202223	1	1	0	0
1	1	UID202225	1	1	0	0
1	1	UID202226	1	1	0	0
1	1	UID202244	1	1	0	0
1	1	UID202248	1	1	0	0
1	1	UID202250	1	1	0	0
1	1	UID202252	1	1	0	0
1	1	UID202253	1	1	0	0
1	1	UID202260	1	1	0	0
1	1	UID202261	1	1	0	0
1	1	UID202273	1	1	0	0
1	1	UID202277	1	1	0	0
1	1	UID202278	1	1	0	0
1	1	UID202279	1	1	0	0
1	1	UID202281	1	1	0	0
1	1	UID202282	1	1	0	0
1	1	UID202283	1	1	0	0
1	1	UID202287	1	1	0	0
1	1	UID202288	1	1	0	0
1	1	UID202289	1	1	0	0
1	1	UID202290	1	1	0	0
1	1	UID202291	1	1	0	0
1	1	UID202293	1	1	0	0
1	1	UID202307	1	1	0	0
1	1	UID202312	1	1	0	0
1	1	UID202315	1	1	0	0
1	1	UID202316	1	1	0	0
1	1	UID202317	1	1	0	0
1	1	UID202318	1	1	0	0
1	1	UID202330	1	1	0	0
1	1	UID202332	1	1	0	0
1	1	UID202348	1	1	0	0
1	1	UID202349	1	1	0	0
1	1	UID202353	1	1	0	0
1	1	UID202354	1	1	0	0
1	1	UID202358	1	1	0	0
1	1	UID202360	1	1	0	0
1	1	UID202361	1	1	0	0
1	1	UID202362	1	1	0	0
1	1	UID202367	1	1	0	0
1	1	UID202368	1	1	0	0
1	1	UID202370	1	1	0	0
1	1	UID202371	1	1	0	0
1	1	UID202374	1	1	0	0
1	1	UID202378	1	1	0	0
1	1	UID202379	1	1	0	0
1	1	UID202384	1	1	0	0
1	1	UID202385	1	1	0	0
1	1	UID202392	1	1	0	0
1	1	UID202395	1	1	0	0
1	1	UID202412	1	1	0	0
1	1	UID202414	1	1	0	0
1	1	UID202441	1	1	0	0
1	1	UID202445	1	1	0	0
1	1	UID202464	1	1	0	0
1	1	UID202468	1	1	0	0
1	1	UID202469	1	1	0	0
1	1	UID202477	1	1	0	0
1	1	UID202478	1	1	0	0
1	1	UID202479	1	1	0	0
1	1	UID202480	1	1	0	0
1	1	UID202482	1	1	0	0
1	1	UID202484	1	1	0	0
1	1	UID202495	1	1	0	0
1	1	UID202496	1	1	0	0
1	1	UID202506	1	1	0	0
1	1	UID202508	1	1	0	0
1	1	UID202510	1	1	0	0
1	1	UID202513	1	1	0	0
1	1	UID202515	1	1	0	0
1	1	UID202516	1	1	0	0
1	1	UID202517	1	1	0	0
1	1	UID202528	1	1	0	0
1	1	UID202532	1	1	0	0
1	1	UID202533	1	1	0	0
1	1	UID202539	1	1	0	0
1	1	UID202541	1	1	0	0
1	1	UID202549	1	1	0	0
1	1	UID202554	1	1	0	0
1	1	UID202555	1	1	0	0
1	1	UID202556	1	1	0	0
1	1	UID202559	1	1	0	0
1	1	UID202561	1	1	0	0
1	1	UID202565	1	1	0	0
1	1	UID202566	1	1	0	0
1	1	UID202567	1	1	0	0
1	1	UID202568	1	1	0	0
1	1	UID202569	1	1	0	0
1	1	UID202572	1	1	0	0
1	1	UID202574	1	1	0	0
1	1	UID202575	1	1	0	0
1	1	UID202576	1	1	0	0
1	1	UID202577	1	1	0	0
1	1	UID202580	1	1	0	0
1	1	UID202584	1	1	0	0
1	1	UID202588	1	1	0	0
1	1	UID202592	1	1	0	0
1	1	UID202593	1	1	0	0
1	1	UID202595	1	1	0	0
1	1	UID202602	1	1	0	0
1	1	UID202603	1	1	0	0
1	1	UID202604	1	1	0	0
1	1	UID202605	1	1	0	0
2	2	UID202606	1	2	1	1
1	1	UID202608	1	1	0	0
1	1	UID202609	1	1	0	0
1	1	UID202611	1	1	0	0
1	1	UID202612	1	1	0	0
1	1	UID202613	1	1	0	0
1	1	UID202614	1	1	0	0
1	1	UID202615	1	1	0	0
1	1	UID202616	1	1	0	0
1	1	UID202618	1	1	0	0
1	1	UID202619	1	1	0	0
1	1	UID202620	1	1	0	0
1	1	UID202624	1	1	0	0
1	1	UID202626	1	1	0	0
1	1	UID202628	1	1	0	0
1	1	UID202630	1	1	0	0
1	1	UID202631	1	1	0	0
1	1	UID202632	1	1	0	0
1	1	UID202633	1	1	0	0
1	1	UID202634	1	1	0	0
1	1	UID202635	1	1	0	0
1	1	UID202638	1	1	0	0
1	1	UID202642	1	1	0	0
1	1	UID202646	1	1	0	0
1	1	UID202647	1	1	0	0
1	1	UID202648	1	1	0	0
1	1	UID202649	1	1	0	0
1	1	UID202650	1	1	0	0
1	1	UID202653	1	1	0	0
1	1	UID202654	1	1	0	0
1	1	UID202656	1	1	0	0
1	1	UID202660	1	1	0	0
1	1	UID202662	1	1	0	0
1	1	UID202664	1	1	0	0
1	1	UID202665	1	1	0	0
1	1	UID202666	1	1	0	0
1	1	UID202682	1	1	0	0
1	1	UID202684	1	1	0	0
1	1	UID202716	1	1	0	0
1	1	UID202765	1	1	0	0
1	1	UID202767	1	1	0	0
1	1	UID202768	1	1	0	0
1	1	UID202775	1	1	0	0
1	1	UID202776	1	1	0	0
1	1	UID202781	1	1	0	0
1	1	UID202782	1	1	0	0
1	1	UID202784	1	1	0	0
1	1	UID202785	1	1	0	0
1	1	UID202788	1	1	0	0
1	1	UID202789	1	1	0	0
1	1	UID202795	1	1	0	0
1	1	UID202796	1	1	0	0
1	1	UID202798	1	1	0	0
1	1	UID202799	1	1	0	0
1	1	UID202800	1	1	0	0
1	1	UID202805	1	1	0	0
1	1	UID202807	1	1	0	0
1	1	UID202808	1	1	0	0
1	1	UID202809	1	1	0	0
1	1	UID202811	1	1	0	0
1	1	UID202814	1	1	0	0
1	1	UID202820	1	1	0	0
1	1	UID202823	1	1	0	0
1	1	UID202824	1	1	0	0
2	2	UID202825	1	2	1	1
1	1	UID202827	1	1	0	0
1	1	UID202828	1	1	0	0
1	1	UID202831	1	1	0	0
1	1	UID202832	1	1	0	0
1	1	UID202833	1	1	0	0
1	1	UID202834	1	1	0	0
1	1	UID202835	1	1	0	0
1	1	UID202836	1	1	0	0
1	1	UID202837	1	1	0	0
1	1	UID202838	1	1	0	0
1	1	UID202839	1	1	0	0
1	1	UID202840	1	1	0	0
1	1	UID202841	1	1	0	0
1	1	UID202843	1	1	0	0
1	1	UID202845	1	1	0	0
1	1	UID202847	1	1	0	0
1	1	UID202849	1	1	0	0
1	1	UID202850	1	1	0	0
1	1	UID202851	1	1	0	0
1	1	UID202854	1	1	0	0
1	1	UID202858	1	1	0	0
1	1	UID202859	1	1	0	0
1	1	UID202860	1	1	0	0
1	1	UID202866	1	1	0	0
1	1	UID202867	1	1	0	0
1	1	UID202868	1	1	0	0
1	1	UID202869	1	1	0	0
1	1	UID202871	1	1	0	0
1	1	UID202876	1	1	0	0
1	1	UID202877	1	1	0	0
1	1	UID202879	1	1	0	0
1	1	UID202880	1	1	0	0
1	1	UID202881	1	1	0	0
1	1	UID202882	1	1	0	0
1	1	UID202883	1	1	0	0
1	1	UID202884	1	1	0	0
1	1	UID202887	1	1	0	0
1	1	UID202888	1	1	0	0
1	1	UID202891	1	1	0	0
1	1	UID202894	1	1	0	0
1	1	UID202895	1	1	0	0
1	1	UID202896	1	1	0	0
1	1	UID202897	1	1	0	0
1	1	UID202901	1	1	0	0
1	1	UID202902	1	1	0	0
1	1	UID202903	1	1	0	0
1	1	UID202904	1	1	0	0
1	1	UID202905	1	1	0	0
1	1	UID202906	1	1	0	0
1	1	UID202907	1	1	0	0
1	1	UID202908	1	1	0	0
1	1	UID202909	1	1	0	0
1	1	UID202910	1	1	0	0
1	1	UID202911	1	1	0	0
1	1	UID202912	1	1	0	0
1	1	UID202913	1	1	0	0
1	1	UID202915	1	1	0	0
1	1	UID202922	1	1	0	0
1	1	UID202948	1	1	0	0
1	1	UID202952	1	1	0	0
1	1	UID202953	1	1	0	0
1	1	UID202958	1	1	0	0
1	1	UID202959	1	1	0	0
1	1	UID202960	1	1	0	0
1	1	UID202961	1	1	0	0
1	1	UID202965	1	1	0	0
1	1	UID202966	1	1	0	0
1	1	UID202967	1	1	0	0
1	1	UID202977	1	1	0	0
1	1	UID202978	1	1	0	0
1	1	UID202981	1	1	0	0
1	1	UID202985	1	1	0	0
1	1	UID202986	1	1	0	0
1	1	UID202987	1	1	0	0
1	1	UID202988	1	1	0	0
1	1	UID202989	1	1	0	0
1	1	UID202996	1	1	0	0
1	1	UID202997	1	1	0	0
1	1	UID202999	1	1	0	0
1	1	UID203000	1	1	0	0
1	1	UID203001	1	1	0	0
1	1	UID203002	1	1	0	0
1	1	UID203003	1	1	0	0
1	1	UID203004	1	1	0	0
1	1	UID203006	1	1	0	0
1	1	UID203007	1	1	0	0
1	1	UID203009	1	1	0	0
1	1	UID203015	1	1	0	0
1	1	UID203016	1	1	0	0
1	1	UID203019	1	1	0	0
1	1	UID203020	1	1	0	0
1	1	UID203021	1	1	0	0
1	1	UID203023	1	1	0	0
1	1	UID203024	1	1	0	0
1	1	UID203027	1	1	0	0
1	1	UID203033	1	1	0	0
1	1	UID203036	1	1	0	0
1	1	UID203045	1	1	0	0
1	1	UID203056	1	1	0	0
1	1	UID203061	1	1	0	0
1	1	UID203062	1	1	0	0
1	1	UID203064	1	1	0	0
1	1	UID203065	1	1	0	0
1	1	UID203067	1	1	0	0
1	1	UID203068	1	1	0	0
1	1	UID203069	1	1	0	0
1	1	UID203075	1	1	0	0
1	1	UID203077	1	1	0	0
1	1	UID203079	1	1	0	0
1	1	UID203082	1	1	0	0
1	1	UID203083	1	1	0	0
1	1	UID203084	1	1	0	0
1	1	UID203085	1	1	0	0
1	1	UID203088	1	1	0	0
1	1	UID203089	1	1	0	0
1	1	UID203090	1	1	0	0
1	1	UID203091	1	1	0	0
1	1	UID203092	1	1	0	0
1	1	UID203104	1	1	0	0
1	1	UID203108	1	1	0	0
1	1	UID203112	1	1	0	0
1	1	UID203115	1	1	0	0
1	1	UID203119	1	1	0	0
1	1	UID203132	1	1	0	0
1	1	UID203133	1	1	0	0
1	1	UID203143	1	1	0	0
1	1	UID203148	1	1	0	0
1	1	UID203149	1	1	0	0
1	1	UID203150	1	1	0	0
1	1	UID203151	1	1	0	0
1	1	UID203156	1	1	0	0
1	1	UID203157	1	1	0	0
1	1	UID203158	1	1	0	0
1	1	UID203161	1	1	0	0
1	1	UID203178	1	1	0	0
1	1	UID203179	1	1	0	0
1	1	UID203180	1	1	0	0
1	1	UID203181	1	1	0	0
1	1	UID203182	1	1	0	0
1	1	UID203200	1	1	0	0
1	1	UID203210	1	1	0	0
1	1	UID203212	1	1	0	0
1	1	UID203213	1	1	0	0
1	1	UID203214	1	1	0	0
1	1	UID203217	1	1	0	0
1	1	UID203222	1	1	0	0
1	1	UID203223	1	1	0	0
1	1	UID203226	1	1	0	0
1	1	UID203228	1	1	0	0
1	1	UID203230	1	1	0	0
1	1	UID203234	1	1	0	0
1	1	UID203236	1	1	0	0
1	1	UID203237	1	1	0	0
1	1	UID203251	1	1	0	0
1	1	UID203252	1	1	0	0
1	1	UID203253	1	1	0	0
1	1	UID203265	1	1	0	0
1	1	UID203270	1	1	0	0
1	1	UID203272	1	1	0	0
1	1	UID203275	1	1	0	0
1	1	UID203276	1	1	0	0
1	1	UID203297	1	1	0	0
1	1	UID203298	1	1	0	0
1	1	UID203299	1	1	0	0
1	1	UID203300	1	1	0	0
1	1	UID203302	1	1	0	0
1	1	UID28679	1	1	0	0
3	3	UID29141	1	3	1	1
1	1	UID33060	1	1	0	0
1	1	UID449	1	1	0	0
1	1	UID51658	1	1	0	0
1	1	UID51805	1	1	0	0
1	1	UID51832	1	1	0	0
1	1	UID52148	1	1	0	0
1	1	UID52149	1	1	0	0
1	1	UID52413	1	1	0	0
1	1	UID52722	1	1	0	0
1	1	UID58428	1	1	0	0
1	1	UID5865	1	1	0	0
1	1	UID59664	1	1	0	0
2	2	UID608	1	2	1	1
1	1	UID69899	1	1	0	0
1	1	UID73777	1	1	0	0
1	1	UID78436	1	1	0	0
1	1	UID78669	1	1	0	0
1	1	UID8104	1	1	0	0
1	1	UID82236	1	1	0	0
1	1	UID8527	1	1	0	0
1	1	UID882	1	1	0	0
1	1	UID9921	1	1	0	0
