2798	10931	UID77	4732	2313	5	5
1598	6296	UID2	2529	1265	4	4
946	4207	UID1	2100	721	4	4
334	951	UID62066	443	264	3	3
247	696	UID752	353	196	2	2
408	826	UID182	283	353	4	4
157	350	UID753	162	139	2	2
203	404	UID8021	125	184	4	4
91	219	UID7991	102	78	3	3
74	163	UID957	85	68	2	2
319	576	UID61275	77	286	6	6
66	154	UID18	74	58	3	3
290	515	UID62069	72	260	4	4
66	142	UID22	71	60	2	2
182	365	UID61290	71	159	5	5
34	110	UID209	70	28	1	1
57	131	UID39	69	52	2	2
64	132	UID31656	65	60	2	2
71	152	UID37639	60	65	3	3
171	317	UID61379	60	156	4	4
75	148	UID200	54	69	2	2
144	255	UID104408	50	131	3	3
56	111	UID310	48	51	3	3
20	60	UID309	40	18	1	1
39	82	UID167824	39	35	2	2
65	116	UID9771	39	56	3	3
51	95	UID101310	36	45	6	6
58	100	UID117214	32	55	4	4
19	50	UID68	30	16	1	1
50	81	UID19	25	44	2	2
21	44	UID961	24	20	1	1
26	48	UID185774	23	25	2	2
42	69	UID84211	23	39	2	2
25	47	UID1443	22	23	2	2
27	54	UID1432	21	24	2	2
10	31	UID288	21	8	1	1
24	42	UID105000	19	23	2	2
21	40	UID18915	18	18	2	2
29	45	UID10408	17	28	3	3
12	28	UID18916	16	10	1	1
21	39	UID536	16	17	2	2
26	50	UID958	16	21	2	2
18	32	UID383	15	17	1	1
5	19	UID185800	14	3	1	1
16	28	UID185801	13	15	2	2
6	16	UID221	11	5	1	1
10	20	UID607	11	9	2	2
10	20	UID608	11	9	1	1
15	27	UID626	11	12	2	2
13	22	UID185822	10	12	1	1
6	15	UID496	10	5	1	1
5	13	UID108	9	4	1	1
18	30	UID137884	9	15	2	2
10	19	UID412	9	8	1	1
13	21	UID837	9	12	2	2
6	13	UID1139	8	5	1	1
14	21	UID185849	8	13	1	1
5	13	UID189	8	3	1	1
11	18	UID29	8	10	1	1
5	11	UID117216	7	4	2	2
22	33	UID1455	7	19	3	3
3	9	UID269	7	2	0	0
12	20	UID292	7	9	2	2
9	15	UID293	7	8	2	2
2	8	UID30046	7	1	1	1
5	11	UID521	7	4	1	1
5	11	UID751	7	4	1	1
5	12	UID85	7	3	1	1
5	11	UID99	7	4	1	1
4	9	UID149	6	3	1	1
9	14	UID196	6	8	1	1
7	12	UID208	6	6	1	1
6	11	UID228	6	5	1	1
25	33	UID23	6	22	3	3
20	31	UID384	6	17	2	2
12	21	UID558	6	10	2	2
5	10	UID928	6	4	1	1
4	8	UID146	5	3	1	1
4	8	UID157	5	3	1	1
5	9	UID180	5	4	1	1
2	6	UID207	5	1	0	0
8	12	UID327	5	7	1	1
4	8	UID520	5	3	1	1
10	14	UID522	5	9	3	3
4	8	UID580	5	3	1	1
10	14	UID609	5	9	1	1
6	11	UID72	5	4	1	1
10	16	UID736	5	7	2	2
16	21	UID1007	4	13	3	3
4	7	UID103971	4	3	0	0
3	6	UID108930	4	2	1	1
6	9	UID122	4	5	1	1
3	6	UID138	4	2	1	1
3	6	UID185904	4	2	1	1
1	4	UID185909	4	0	0	0
3	6	UID185910	4	2	1	1
2	5	UID185913	4	1	1	1
7	10	UID185924	4	6	1	1
2	5	UID31018	4	1	1	1
5	8	UID441	4	4	1	1
7	10	UID734	4	6	1	1
5	8	UID7725	4	4	1	1
2	4	UID104129	3	1	1	1
2	4	UID107417	3	1	0	0
5	7	UID115	3	4	1	1
2	4	UID121933	3	1	1	1
7	9	UID1548	3	6	2	2
2	4	UID158	3	1	0	0
4	6	UID161609	3	3	1	1
2	4	UID185944	3	1	1	1
4	6	UID185972	3	3	1	1
10	12	UID194	3	9	1	1
4	6	UID206	3	3	1	1
3	5	UID242	3	2	1	1
3	5	UID294	3	2	1	1
2	4	UID329	3	1	0	0
4	6	UID375	3	3	1	1
7	10	UID394	3	5	1	1
3	5	UID48430	3	2	1	1
4	6	UID581	3	3	1	1
6	9	UID5860	3	4	2	2
1	3	UID610	3	0	0	0
4	6	UID69438	3	3	0	0
5	7	UID94	3	4	1	1
2	3	UID101314	2	1	1	1
6	7	UID104274	2	5	1	1
4	5	UID104670	2	3	1	1
10	12	UID105039	2	8	2	2
2	3	UID121789	2	1	1	1
4	5	UID124168	2	3	1	1
4	5	UID132167	2	3	1	1
2	3	UID1328	2	1	1	1
3	5	UID137304	2	1	1	1
3	4	UID167787	2	2	1	1
2	3	UID172078	2	1	1	1
2	3	UID186049	2	1	1	1
2	3	UID186051	2	1	1	1
2	3	UID186062	2	1	1	1
4	5	UID186067	2	3	1	1
1	2	UID186076	2	0	0	0
3	4	UID186141	2	2	1	1
2	3	UID186142	2	1	1	1
3	4	UID186163	2	2	1	1
1	2	UID186166	2	0	0	0
1	2	UID186182	2	0	0	0
4	5	UID247	2	3	1	1
2	3	UID248	2	1	1	1
8	9	UID460	2	7	1	1
1	2	UID467	2	0	0	0
1	2	UID48465	2	0	0	0
1	2	UID535	2	0	0	0
2	3	UID56812	2	1	1	1
1	2	UID63102	2	0	0	0
6	7	UID704	2	5	1	1
5	6	UID7178	2	4	1	1
1	2	UID72436	2	0	0	0
1	2	UID72629	2	0	0	0
3	4	UID737	2	2	1	1
3	4	UID738	2	2	1	1
3	4	UID7538	2	2	1	1
2	3	UID843	2	1	1	1
3	4	UID84	2	2	1	1
3	4	UID917	2	2	1	1
5	6	UID921	2	4	1	1
5	6	UID9440	2	4	1	1
3	4	UID956	2	2	1	1
2	2	UID103974	1	2	1	1
1	1	UID103982	1	1	0	0
4	4	UID104030	1	4	1	1
3	3	UID104058	1	3	1	1
1	1	UID104451	1	1	0	0
1	1	UID105258	1	1	0	0
1	1	UID105532	1	1	0	0
1	1	UID105648	1	1	0	0
1	1	UID107996	1	1	0	0
1	1	UID117324	1	1	0	0
1	1	UID117540	1	1	0	0
1	1	UID117949	1	1	0	0
1	1	UID128917	1	1	0	0
3	3	UID131	1	3	1	1
3	3	UID1323	1	3	1	1
1	1	UID142085	1	1	0	0
2	2	UID144576	1	2	1	1
3	3	UID154518	1	3	2	2
1	1	UID1557	1	1	0	0
8	8	UID164100	1	8	2	2
5	5	UID164227	1	5	2	2
1	1	UID177270	1	1	0	0
1	1	UID186234	1	1	0	0
1	1	UID186235	1	1	0	0
1	1	UID186238	1	1	0	0
1	1	UID186239	1	1	0	0
1	1	UID186240	1	1	0	0
1	1	UID186241	1	1	0	0
1	1	UID186243	1	1	0	0
1	1	UID186245	1	1	0	0
1	1	UID186246	1	1	0	0
1	1	UID186247	1	1	0	0
1	1	UID186256	1	1	0	0
1	1	UID186260	1	1	0	0
1	1	UID186261	1	1	0	0
1	1	UID186274	1	1	0	0
1	1	UID186276	1	1	0	0
1	1	UID186277	1	1	0	0
1	1	UID186279	1	1	0	0
1	1	UID186282	1	1	0	0
1	1	UID186284	1	1	0	0
1	1	UID186286	1	1	0	0
1	1	UID186289	1	1	0	0
1	1	UID186290	1	1	0	0
1	1	UID186292	1	1	0	0
1	1	UID186293	1	1	0	0
1	1	UID186302	1	1	0	0
1	1	UID186304	1	1	0	0
1	1	UID186305	1	1	0	0
1	1	UID186307	1	1	0	0
1	1	UID186328	1	1	0	0
1	1	UID186331	1	1	0	0
1	1	UID186341	1	1	0	0
1	1	UID186343	1	1	0	0
1	1	UID186344	1	1	0	0
1	1	UID186345	1	1	0	0
1	1	UID186346	1	1	0	0
1	1	UID186347	1	1	0	0
1	1	UID186348	1	1	0	0
1	1	UID186350	1	1	0	0
1	1	UID186352	1	1	0	0
1	1	UID186354	1	1	0	0
1	1	UID186358	1	1	0	0
1	1	UID186359	1	1	0	0
1	1	UID186360	1	1	0	0
1	1	UID186362	1	1	0	0
1	1	UID186366	1	1	0	0
1	1	UID186368	1	1	0	0
1	1	UID186370	1	1	0	0
1	1	UID186387	1	1	0	0
1	1	UID186391	1	1	0	0
1	1	UID186398	1	1	0	0
1	1	UID186405	1	1	0	0
1	1	UID186408	1	1	0	0
1	1	UID186413	1	1	0	0
1	1	UID186422	1	1	0	0
1	1	UID186424	1	1	0	0
1	1	UID186427	1	1	0	0
1	1	UID186428	1	1	0	0
1	1	UID186438	1	1	0	0
1	1	UID186440	1	1	0	0
1	1	UID186443	1	1	0	0
1	1	UID186446	1	1	0	0
1	1	UID186448	1	1	0	0
1	1	UID186456	1	1	0	0
1	1	UID186459	1	1	0	0
1	1	UID186464	1	1	0	0
1	1	UID186473	1	1	0	0
1	1	UID186474	1	1	0	0
1	1	UID186495	1	1	0	0
1	1	UID186498	1	1	0	0
1	1	UID186514	1	1	0	0
1	1	UID186527	1	1	0	0
1	1	UID186528	1	1	0	0
1	1	UID186530	1	1	0	0
1	1	UID186532	1	1	0	0
1	1	UID186534	1	1	0	0
1	1	UID186540	1	1	0	0
1	1	UID186547	1	1	0	0
1	1	UID186559	1	1	0	0
1	1	UID186581	1	1	0	0
1	1	UID186582	1	1	0	0
1	1	UID186591	1	1	0	0
1	1	UID186601	1	1	0	0
1	1	UID186603	1	1	0	0
1	1	UID186610	1	1	0	0
1	1	UID186613	1	1	0	0
1	1	UID186615	1	1	0	0
1	1	UID186617	1	1	0	0
1	1	UID186620	1	1	0	0
1	1	UID186621	1	1	0	0
1	1	UID186628	1	1	0	0
1	1	UID186636	1	1	0	0
1	1	UID186643	1	1	0	0
1	1	UID186644	1	1	0	0
1	1	UID186649	1	1	0	0
1	1	UID186650	1	1	0	0
1	1	UID186662	1	1	0	0
1	1	UID186663	1	1	0	0
1	1	UID186667	1	1	0	0
1	1	UID186677	1	1	0	0
1	1	UID186693	1	1	0	0
1	1	UID186703	1	1	0	0
1	1	UID186707	1	1	0	0
1	1	UID186709	1	1	0	0
1	1	UID186713	1	1	0	0
1	1	UID186714	1	1	0	0
1	1	UID186715	1	1	0	0
1	1	UID186716	1	1	0	0
1	1	UID186718	1	1	0	0
1	1	UID186719	1	1	0	0
1	1	UID186720	1	1	0	0
1	1	UID186722	1	1	0	0
1	1	UID186724	1	1	0	0
1	1	UID186727	1	1	0	0
1	1	UID186729	1	1	0	0
1	1	UID186730	1	1	0	0
1	1	UID186743	1	1	0	0
1	1	UID186745	1	1	0	0
1	1	UID186757	1	1	0	0
1	1	UID186759	1	1	0	0
1	1	UID186760	1	1	0	0
1	1	UID186776	1	1	0	0
1	1	UID186779	1	1	0	0
1	1	UID186792	1	1	0	0
1	1	UID186806	1	1	0	0
1	1	UID186819	1	1	0	0
1	1	UID186821	1	1	0	0
1	1	UID186829	1	1	0	0
1	1	UID186830	1	1	0	0
1	1	UID186832	1	1	0	0
1	1	UID186844	1	1	0	0
1	1	UID186850	1	1	0	0
1	1	UID186853	1	1	0	0
1	1	UID186855	1	1	0	0
1	1	UID186864	1	1	0	0
1	1	UID186867	1	1	0	0
1	1	UID186880	1	1	0	0
1	1	UID186893	1	1	0	0
1	1	UID186906	1	1	0	0
1	1	UID186918	1	1	0	0
1	1	UID186937	1	1	0	0
1	1	UID186940	1	1	0	0
1	1	UID186954	1	1	0	0
1	1	UID186959	1	1	0	0
1	1	UID186960	1	1	0	0
1	1	UID186961	1	1	0	0
1	1	UID186962	1	1	0	0
1	1	UID186967	1	1	0	0
1	1	UID186969	1	1	0	0
1	1	UID186970	1	1	0	0
1	1	UID186971	1	1	0	0
1	1	UID186972	1	1	0	0
1	1	UID186980	1	1	0	0
1	1	UID186982	1	1	0	0
1	1	UID186992	1	1	0	0
1	1	UID186998	1	1	0	0
1	1	UID187004	1	1	0	0
1	1	UID187005	1	1	0	0
1	1	UID187006	1	1	0	0
1	1	UID187008	1	1	0	0
1	1	UID187010	1	1	0	0
1	1	UID187012	1	1	0	0
1	1	UID187014	1	1	0	0
1	1	UID187027	1	1	0	0
1	1	UID187030	1	1	0	0
1	1	UID187035	1	1	0	0
1	1	UID187038	1	1	0	0
1	1	UID187040	1	1	0	0
1	1	UID187053	1	1	0	0
1	1	UID187054	1	1	0	0
1	1	UID187055	1	1	0	0
1	1	UID187062	1	1	0	0
1	1	UID187063	1	1	0	0
1	1	UID187064	1	1	0	0
1	1	UID187065	1	1	0	0
1	1	UID187066	1	1	0	0
1	1	UID187068	1	1	0	0
1	1	UID187069	1	1	0	0
1	1	UID187078	1	1	0	0
1	1	UID187096	1	1	0	0
1	1	UID187097	1	1	0	0
1	1	UID187112	1	1	0	0
1	1	UID187113	1	1	0	0
1	1	UID187114	1	1	0	0
1	1	UID187115	1	1	0	0
1	1	UID187116	1	1	0	0
1	1	UID187117	1	1	0	0
1	1	UID187118	1	1	0	0
1	1	UID187119	1	1	0	0
1	1	UID187120	1	1	0	0
1	1	UID187121	1	1	0	0
1	1	UID187123	1	1	0	0
1	1	UID187129	1	1	0	0
1	1	UID187142	1	1	0	0
1	1	UID187151	1	1	0	0
1	1	UID187152	1	1	0	0
1	1	UID187156	1	1	0	0
1	1	UID187162	1	1	0	0
1	1	UID187163	1	1	0	0
1	1	UID187167	1	1	0	0
1	1	UID187168	1	1	0	0
1	1	UID187181	1	1	0	0
1	1	UID187182	1	1	0	0
1	1	UID187183	1	1	0	0
1	1	UID187185	1	1	0	0
1	1	UID187188	1	1	0	0
1	1	UID187190	1	1	0	0
1	1	UID187191	1	1	0	0
1	1	UID187203	1	1	0	0
1	1	UID187205	1	1	0	0
1	1	UID187210	1	1	0	0
1	1	UID187220	1	1	0	0
1	1	UID187232	1	1	0	0
1	1	UID187235	1	1	0	0
1	1	UID187276	1	1	0	0
1	1	UID187293	1	1	0	0
1	1	UID187300	1	1	0	0
1	1	UID187303	1	1	0	0
1	1	UID187304	1	1	0	0
1	1	UID187310	1	1	0	0
1	1	UID187325	1	1	0	0
1	1	UID187329	1	1	0	0
1	1	UID187334	1	1	0	0
1	1	UID187344	1	1	0	0
1	1	UID187357	1	1	0	0
1	1	UID187376	1	1	0	0
1	1	UID187391	1	1	0	0
1	1	UID187394	1	1	0	0
1	1	UID187421	1	1	0	0
1	1	UID187423	1	1	0	0
1	1	UID187443	1	1	0	0
1	1	UID187452	1	1	0	0
1	1	UID187454	1	1	0	0
1	1	UID187470	1	1	0	0
1	1	UID187480	1	1	0	0
1	1	UID187482	1	1	0	0
1	1	UID187483	1	1	0	0
1	1	UID187488	1	1	0	0
1	1	UID187489	1	1	0	0
4	4	UID187491	1	4	2	2
1	1	UID187495	1	1	0	0
1	1	UID187498	1	1	0	0
1	1	UID187509	1	1	0	0
1	1	UID187527	1	1	0	0
1	1	UID187528	1	1	0	0
1	1	UID187530	1	1	0	0
1	1	UID187531	1	1	0	0
1	1	UID187534	1	1	0	0
1	1	UID187558	1	1	0	0
1	1	UID187561	1	1	0	0
1	1	UID187605	1	1	0	0
1	1	UID187656	1	1	0	0
1	1	UID187691	1	1	0	0
1	1	UID187804	1	1	0	0
1	1	UID187832	1	1	0	0
1	1	UID187846	1	1	0	0
1	1	UID187851	1	1	0	0
1	1	UID187856	1	1	0	0
1	1	UID187858	1	1	0	0
1	1	UID187859	1	1	0	0
1	1	UID187861	1	1	0	0
1	1	UID187862	1	1	0	0
1	1	UID187863	1	1	0	0
1	1	UID187869	1	1	0	0
4	4	UID187871	1	4	2	2
1	1	UID187873	1	1	0	0
1	1	UID187875	1	1	0	0
1	1	UID187876	1	1	0	0
1	1	UID187877	1	1	0	0
1	1	UID187878	1	1	0	0
1	1	UID187879	1	1	0	0
1	1	UID187881	1	1	0	0
1	1	UID187883	1	1	0	0
1	1	UID187895	1	1	0	0
1	1	UID187906	1	1	0	0
4	4	UID187907	1	4	2	2
1	1	UID187913	1	1	0	0
1	1	UID187925	1	1	0	0
1	1	UID187928	1	1	0	0
1	1	UID187936	1	1	0	0
1	1	UID187939	1	1	0	0
1	1	UID187950	1	1	0	0
1	1	UID187953	1	1	0	0
1	1	UID187961	1	1	0	0
1	1	UID187963	1	1	0	0
1	1	UID187970	1	1	0	0
1	1	UID187971	1	1	0	0
1	1	UID187975	1	1	0	0
1	1	UID187995	1	1	0	0
1	1	UID188010	1	1	0	0
1	1	UID188024	1	1	0	0
1	1	UID188032	1	1	0	0
1	1	UID188033	1	1	0	0
1	1	UID188047	1	1	0	0
1	1	UID188049	1	1	0	0
1	1	UID188058	1	1	0	0
1	1	UID188063	1	1	0	0
1	1	UID188088	1	1	0	0
1	1	UID188142	1	1	0	0
1	1	UID188152	1	1	0	0
1	1	UID188156	1	1	0	0
1	1	UID188161	1	1	0	0
1	1	UID188164	1	1	0	0
1	1	UID188165	1	1	0	0
1	1	UID188175	1	1	0	0
1	1	UID188185	1	1	0	0
1	1	UID188187	1	1	0	0
1	1	UID188188	1	1	0	0
1	1	UID188194	1	1	0	0
1	1	UID188195	1	1	0	0
1	1	UID188196	1	1	0	0
1	1	UID188197	1	1	0	0
1	1	UID188198	1	1	0	0
1	1	UID188202	1	1	0	0
1	1	UID188219	1	1	0	0
1	1	UID188230	1	1	0	0
1	1	UID188243	1	1	0	0
1	1	UID188253	1	1	0	0
1	1	UID188283	1	1	0	0
1	1	UID188285	1	1	0	0
1	1	UID188289	1	1	0	0
1	1	UID188294	1	1	0	0
1	1	UID188295	1	1	0	0
1	1	UID188297	1	1	0	0
1	1	UID188302	1	1	0	0
1	1	UID188306	1	1	0	0
1	1	UID188315	1	1	0	0
1	1	UID188319	1	1	0	0
1	1	UID188320	1	1	0	0
1	1	UID188323	1	1	0	0
1	1	UID188332	1	1	0	0
1	1	UID188338	1	1	0	0
1	1	UID188355	1	1	0	0
1	1	UID188361	1	1	0	0
1	1	UID188362	1	1	0	0
1	1	UID188372	1	1	0	0
1	1	UID188374	1	1	0	0
1	1	UID188375	1	1	0	0
1	1	UID188376	1	1	0	0
1	1	UID188378	1	1	0	0
1	1	UID188383	1	1	0	0
1	1	UID188384	1	1	0	0
1	1	UID188386	1	1	0	0
1	1	UID188391	1	1	0	0
1	1	UID188394	1	1	0	0
1	1	UID188410	1	1	0	0
1	1	UID188416	1	1	0	0
1	1	UID188420	1	1	0	0
1	1	UID188421	1	1	0	0
1	1	UID188422	1	1	0	0
1	1	UID188423	1	1	0	0
1	1	UID188424	1	1	0	0
1	1	UID188431	1	1	0	0
1	1	UID188433	1	1	0	0
1	1	UID188439	1	1	0	0
1	1	UID188440	1	1	0	0
1	1	UID188454	1	1	0	0
1	1	UID188473	1	1	0	0
1	1	UID188474	1	1	0	0
1	1	UID188475	1	1	0	0
5	5	UID188476	1	5	2	2
1	1	UID188487	1	1	0	0
1	1	UID188489	1	1	0	0
1	1	UID188490	1	1	0	0
1	1	UID188494	1	1	0	0
1	1	UID188497	1	1	0	0
1	1	UID188517	1	1	0	0
1	1	UID188518	1	1	0	0
1	1	UID188519	1	1	0	0
1	1	UID188524	1	1	0	0
1	1	UID188540	1	1	0	0
1	1	UID188541	1	1	0	0
1	1	UID188542	1	1	0	0
1	1	UID188543	1	1	0	0
1	1	UID188544	1	1	0	0
1	1	UID188545	1	1	0	0
1	1	UID188546	1	1	0	0
1	1	UID188547	1	1	0	0
1	1	UID188550	1	1	0	0
1	1	UID188561	1	1	0	0
1	1	UID188564	1	1	0	0
1	1	UID188566	1	1	0	0
1	1	UID188570	1	1	0	0
1	1	UID188571	1	1	0	0
1	1	UID188573	1	1	0	0
1	1	UID188577	1	1	0	0
1	1	UID188578	1	1	0	0
1	1	UID188593	1	1	0	0
1	1	UID188596	1	1	0	0
1	1	UID188597	1	1	0	0
1	1	UID188598	1	1	0	0
1	1	UID188599	1	1	0	0
1	1	UID188615	1	1	0	0
1	1	UID188617	1	1	0	0
1	1	UID188624	1	1	0	0
1	1	UID188634	1	1	0	0
1	1	UID188637	1	1	0	0
1	1	UID188640	1	1	0	0
1	1	UID188643	1	1	0	0
1	1	UID188647	1	1	0	0
1	1	UID188651	1	1	0	0
1	1	UID188654	1	1	0	0
1	1	UID188657	1	1	0	0
1	1	UID188666	1	1	0	0
1	1	UID188670	1	1	0	0
1	1	UID188671	1	1	0	0
1	1	UID188690	1	1	0	0
1	1	UID188692	1	1	0	0
1	1	UID188694	1	1	0	0
1	1	UID188696	1	1	0	0
1	1	UID188700	1	1	0	0
1	1	UID188702	1	1	0	0
1	1	UID188709	1	1	0	0
1	1	UID188710	1	1	0	0
1	1	UID188711	1	1	0	0
1	1	UID188712	1	1	0	0
1	1	UID188714	1	1	0	0
1	1	UID188718	1	1	0	0
1	1	UID188724	1	1	0	0
1	1	UID188728	1	1	0	0
1	1	UID188741	1	1	0	0
1	1	UID188748	1	1	0	0
1	1	UID188768	1	1	0	0
1	1	UID188783	1	1	0	0
1	1	UID188785	1	1	0	0
1	1	UID188790	1	1	0	0
1	1	UID188794	1	1	0	0
1	1	UID188797	1	1	0	0
1	1	UID188798	1	1	0	0
1	1	UID188800	1	1	0	0
1	1	UID188802	1	1	0	0
1	1	UID188820	1	1	0	0
1	1	UID188825	1	1	0	0
1	1	UID188827	1	1	0	0
1	1	UID188834	1	1	0	0
1	1	UID188847	1	1	0	0
2	2	UID188848	1	2	1	1
1	1	UID188853	1	1	0	0
1	1	UID188854	1	1	0	0
1	1	UID188858	1	1	0	0
1	1	UID188859	1	1	0	0
1	1	UID188862	1	1	0	0
1	1	UID188869	1	1	0	0
1	1	UID188871	1	1	0	0
1	1	UID188887	1	1	0	0
1	1	UID188891	1	1	0	0
1	1	UID188905	1	1	0	0
1	1	UID188907	1	1	0	0
1	1	UID188913	1	1	0	0
1	1	UID188914	1	1	0	0
1	1	UID188916	1	1	0	0
1	1	UID188917	1	1	0	0
1	1	UID188925	1	1	0	0
1	1	UID188932	1	1	0	0
1	1	UID188940	1	1	0	0
1	1	UID188941	1	1	0	0
1	1	UID188942	1	1	0	0
1	1	UID188956	1	1	0	0
1	1	UID188972	1	1	0	0
1	1	UID188973	1	1	0	0
1	1	UID188984	1	1	0	0
1	1	UID188993	1	1	0	0
1	1	UID189000	1	1	0	0
1	1	UID189002	1	1	0	0
1	1	UID189022	1	1	0	0
1	1	UID189032	1	1	0	0
1	1	UID189034	1	1	0	0
1	1	UID189040	1	1	0	0
1	1	UID189058	1	1	0	0
1	1	UID189067	1	1	0	0
1	1	UID189068	1	1	0	0
1	1	UID189072	1	1	0	0
1	1	UID189073	1	1	0	0
1	1	UID189078	1	1	0	0
1	1	UID189090	1	1	0	0
1	1	UID189100	1	1	0	0
1	1	UID189109	1	1	0	0
1	1	UID189111	1	1	0	0
1	1	UID189114	1	1	0	0
1	1	UID189115	1	1	0	0
1	1	UID189131	1	1	0	0
1	1	UID189133	1	1	0	0
1	1	UID189134	1	1	0	0
1	1	UID189136	1	1	0	0
1	1	UID189144	1	1	0	0
1	1	UID189151	1	1	0	0
1	1	UID189168	1	1	0	0
1	1	UID189170	1	1	0	0
1	1	UID189177	1	1	0	0
1	1	UID189179	1	1	0	0
1	1	UID189180	1	1	0	0
1	1	UID189182	1	1	0	0
1	1	UID189183	1	1	0	0
1	1	UID189184	1	1	0	0
1	1	UID189187	1	1	0	0
1	1	UID189188	1	1	0	0
1	1	UID189197	1	1	0	0
1	1	UID189240	1	1	0	0
1	1	UID189244	1	1	0	0
1	1	UID189251	1	1	0	0
1	1	UID189255	1	1	0	0
1	1	UID189258	1	1	0	0
1	1	UID189259	1	1	0	0
1	1	UID189263	1	1	0	0
2	2	UID189277	1	2	1	1
1	1	UID189288	1	1	0	0
1	1	UID189289	1	1	0	0
1	1	UID189318	1	1	0	0
1	1	UID189320	1	1	0	0
1	1	UID189323	1	1	0	0
1	1	UID189324	1	1	0	0
1	1	UID189326	1	1	0	0
1	1	UID189338	1	1	0	0
1	1	UID189339	1	1	0	0
1	1	UID189354	1	1	0	0
1	1	UID189356	1	1	0	0
1	1	UID189357	1	1	0	0
1	1	UID189361	1	1	0	0
1	1	UID189374	1	1	0	0
1	1	UID189379	1	1	0	0
1	1	UID189380	1	1	0	0
1	1	UID189381	1	1	0	0
1	1	UID189382	1	1	0	0
1	1	UID189405	1	1	0	0
1	1	UID189406	1	1	0	0
1	1	UID189407	1	1	0	0
1	1	UID189409	1	1	0	0
1	1	UID189415	1	1	0	0
1	1	UID189455	1	1	0	0
1	1	UID189456	1	1	0	0
1	1	UID189457	1	1	0	0
1	1	UID189463	1	1	0	0
1	1	UID189464	1	1	0	0
1	1	UID189466	1	1	0	0
1	1	UID189467	1	1	0	0
1	1	UID189487	1	1	0	0
1	1	UID189498	1	1	0	0
1	1	UID189500	1	1	0	0
1	1	UID189503	1	1	0	0
1	1	UID189504	1	1	0	0
1	1	UID189522	1	1	0	0
1	1	UID189534	1	1	0	0
1	1	UID189536	1	1	0	0
1	1	UID189555	1	1	0	0
1	1	UID189598	1	1	0	0
1	1	UID189603	1	1	0	0
1	1	UID189612	1	1	0	0
1	1	UID189625	1	1	0	0
1	1	UID189626	1	1	0	0
1	1	UID189631	1	1	0	0
1	1	UID189636	1	1	0	0
1	1	UID189645	1	1	0	0
1	1	UID189647	1	1	0	0
1	1	UID189656	1	1	0	0
1	1	UID189673	1	1	0	0
1	1	UID189674	1	1	0	0
1	1	UID189704	1	1	0	0
1	1	UID189717	1	1	0	0
1	1	UID189719	1	1	0	0
1	1	UID189725	1	1	0	0
1	1	UID189739	1	1	0	0
1	1	UID189740	1	1	0	0
1	1	UID189765	1	1	0	0
1	1	UID189820	1	1	0	0
1	1	UID189822	1	1	0	0
1	1	UID189824	1	1	0	0
1	1	UID189831	1	1	0	0
1	1	UID189832	1	1	0	0
1	1	UID189842	1	1	0	0
1	1	UID189844	1	1	0	0
1	1	UID189856	1	1	0	0
1	1	UID190027	1	1	0	0
1	1	UID190048	1	1	0	0
1	1	UID190090	1	1	0	0
1	1	UID190093	1	1	0	0
1	1	UID190096	1	1	0	0
1	1	UID190103	1	1	0	0
1	1	UID190140	1	1	0	0
1	1	UID190141	1	1	0	0
1	1	UID190157	1	1	0	0
1	1	UID190161	1	1	0	0
1	1	UID190165	1	1	0	0
1	1	UID190174	1	1	0	0
1	1	UID190180	1	1	0	0
1	1	UID190209	1	1	0	0
1	1	UID190211	1	1	0	0
1	1	UID190218	1	1	0	0
1	1	UID190221	1	1	0	0
1	1	UID190222	1	1	0	0
1	1	UID190234	1	1	0	0
1	1	UID190235	1	1	0	0
1	1	UID190236	1	1	0	0
1	1	UID190239	1	1	0	0
1	1	UID190240	1	1	0	0
1	1	UID190246	1	1	0	0
1	1	UID190282	1	1	0	0
1	1	UID190295	1	1	0	0
1	1	UID190297	1	1	0	0
1	1	UID190301	1	1	0	0
1	1	UID190314	1	1	0	0
1	1	UID190317	1	1	0	0
1	1	UID190318	1	1	0	0
1	1	UID190345	1	1	0	0
1	1	UID190350	1	1	0	0
1	1	UID190378	1	1	0	0
1	1	UID190380	1	1	0	0
1	1	UID190390	1	1	0	0
1	1	UID190393	1	1	0	0
1	1	UID190399	1	1	0	0
1	1	UID190405	1	1	0	0
1	1	UID190417	1	1	0	0
1	1	UID190419	1	1	0	0
1	1	UID190424	1	1	0	0
1	1	UID190466	1	1	0	0
1	1	UID190467	1	1	0	0
1	1	UID190506	1	1	0	0
1	1	UID190508	1	1	0	0
1	1	UID190510	1	1	0	0
1	1	UID190511	1	1	0	0
1	1	UID190523	1	1	0	0
1	1	UID190524	1	1	0	0
1	1	UID190533	1	1	0	0
1	1	UID190534	1	1	0	0
1	1	UID190539	1	1	0	0
1	1	UID190543	1	1	0	0
1	1	UID190556	1	1	0	0
1	1	UID190559	1	1	0	0
1	1	UID190566	1	1	0	0
1	1	UID190567	1	1	0	0
1	1	UID190577	1	1	0	0
1	1	UID190586	1	1	0	0
1	1	UID190588	1	1	0	0
1	1	UID190628	1	1	0	0
1	1	UID190632	1	1	0	0
1	1	UID190651	1	1	0	0
1	1	UID190655	1	1	0	0
1	1	UID190657	1	1	0	0
1	1	UID190658	1	1	0	0
1	1	UID190662	1	1	0	0
1	1	UID190663	1	1	0	0
1	1	UID190665	1	1	0	0
1	1	UID190670	1	1	0	0
1	1	UID190676	1	1	0	0
1	1	UID190677	1	1	0	0
1	1	UID190679	1	1	0	0
1	1	UID190680	1	1	0	0
1	1	UID190682	1	1	0	0
1	1	UID190703	1	1	0	0
1	1	UID190705	1	1	0	0
1	1	UID190707	1	1	0	0
1	1	UID190708	1	1	0	0
1	1	UID190709	1	1	0	0
1	1	UID190710	1	1	0	0
1	1	UID190717	1	1	0	0
1	1	UID190725	1	1	0	0
1	1	UID190726	1	1	0	0
1	1	UID190739	1	1	0	0
1	1	UID190747	1	1	0	0
1	1	UID190749	1	1	0	0
1	1	UID190759	1	1	0	0
1	1	UID190766	1	1	0	0
1	1	UID190770	1	1	0	0
1	1	UID190780	1	1	0	0
1	1	UID190784	1	1	0	0
1	1	UID190788	1	1	0	0
1	1	UID190802	1	1	0	0
1	1	UID190808	1	1	0	0
1	1	UID190811	1	1	0	0
1	1	UID190812	1	1	0	0
1	1	UID190815	1	1	0	0
1	1	UID190819	1	1	0	0
1	1	UID190820	1	1	0	0
1	1	UID190821	1	1	0	0
1	1	UID190824	1	1	0	0
1	1	UID190828	1	1	0	0
1	1	UID190830	1	1	0	0
1	1	UID190832	1	1	0	0
1	1	UID190833	1	1	0	0
1	1	UID190840	1	1	0	0
1	1	UID190842	1	1	0	0
1	1	UID190846	1	1	0	0
1	1	UID190851	1	1	0	0
1	1	UID190866	1	1	0	0
1	1	UID190889	1	1	0	0
1	1	UID190898	1	1	0	0
1	1	UID190899	1	1	0	0
1	1	UID190906	1	1	0	0
1	1	UID190926	1	1	0	0
1	1	UID190947	1	1	0	0
1	1	UID190950	1	1	0	0
1	1	UID190951	1	1	0	0
1	1	UID190954	1	1	0	0
1	1	UID190955	1	1	0	0
1	1	UID190980	1	1	0	0
1	1	UID190981	1	1	0	0
1	1	UID190987	1	1	0	0
1	1	UID190990	1	1	0	0
1	1	UID190991	1	1	0	0
1	1	UID190992	1	1	0	0
1	1	UID190993	1	1	0	0
1	1	UID190996	1	1	0	0
1	1	UID190999	1	1	0	0
1	1	UID191015	1	1	0	0
1	1	UID191016	1	1	0	0
1	1	UID191022	1	1	0	0
1	1	UID191023	1	1	0	0
1	1	UID191026	1	1	0	0
1	1	UID191027	1	1	0	0
1	1	UID191032	1	1	0	0
1	1	UID191034	1	1	0	0
1	1	UID191035	1	1	0	0
1	1	UID191036	1	1	0	0
1	1	UID191076	1	1	0	0
1	1	UID191078	1	1	0	0
1	1	UID191081	1	1	0	0
1	1	UID191083	1	1	0	0
1	1	UID191088	1	1	0	0
1	1	UID191090	1	1	0	0
1	1	UID191091	1	1	0	0
1	1	UID191097	1	1	0	0
1	1	UID191099	1	1	0	0
1	1	UID191106	1	1	0	0
1	1	UID191107	1	1	0	0
1	1	UID191118	1	1	0	0
1	1	UID191119	1	1	0	0
1	1	UID191124	1	1	0	0
1	1	UID191130	1	1	0	0
1	1	UID191142	1	1	0	0
1	1	UID191143	1	1	0	0
1	1	UID191150	1	1	0	0
1	1	UID191154	1	1	0	0
1	1	UID191161	1	1	0	0
1	1	UID191166	1	1	0	0
1	1	UID191168	1	1	0	0
1	1	UID191173	1	1	0	0
1	1	UID191174	1	1	0	0
1	1	UID191178	1	1	0	0
1	1	UID191179	1	1	0	0
1	1	UID191181	1	1	0	0
1	1	UID191182	1	1	0	0
1	1	UID191198	1	1	0	0
1	1	UID191200	1	1	0	0
1	1	UID191205	1	1	0	0
1	1	UID191206	1	1	0	0
1	1	UID191222	1	1	0	0
1	1	UID191231	1	1	0	0
1	1	UID191233	1	1	0	0
1	1	UID191239	1	1	0	0
1	1	UID191248	1	1	0	0
1	1	UID191256	1	1	0	0
1	1	UID191259	1	1	0	0
1	1	UID191262	1	1	0	0
1	1	UID191272	1	1	0	0
1	1	UID191276	1	1	0	0
1	1	UID191277	1	1	0	0
1	1	UID191281	1	1	0	0
1	1	UID191296	1	1	0	0
1	1	UID191308	1	1	0	0
1	1	UID191319	1	1	0	0
1	1	UID191321	1	1	0	0
1	1	UID191322	1	1	0	0
1	1	UID191323	1	1	0	0
1	1	UID191326	1	1	0	0
1	1	UID191333	1	1	0	0
1	1	UID191339	1	1	0	0
1	1	UID191349	1	1	0	0
1	1	UID191355	1	1	0	0
1	1	UID191356	1	1	0	0
1	1	UID191357	1	1	0	0
1	1	UID191360	1	1	0	0
1	1	UID191380	1	1	0	0
1	1	UID191388	1	1	0	0
5	5	UID191390	1	5	2	2
1	1	UID191394	1	1	0	0
1	1	UID191398	1	1	0	0
1	1	UID191404	1	1	0	0
1	1	UID191407	1	1	0	0
1	1	UID191409	1	1	0	0
1	1	UID191411	1	1	0	0
1	1	UID191412	1	1	0	0
1	1	UID191413	1	1	0	0
1	1	UID191414	1	1	0	0
1	1	UID191421	1	1	0	0
1	1	UID191434	1	1	0	0
1	1	UID191438	1	1	0	0
1	1	UID191444	1	1	0	0
1	1	UID191455	1	1	0	0
1	1	UID191456	1	1	0	0
1	1	UID191460	1	1	0	0
1	1	UID191461	1	1	0	0
1	1	UID191462	1	1	0	0
1	1	UID191463	1	1	0	0
1	1	UID191473	1	1	0	0
1	1	UID191475	1	1	0	0
1	1	UID191491	1	1	0	0
1	1	UID191492	1	1	0	0
1	1	UID191497	1	1	0	0
1	1	UID191505	1	1	0	0
1	1	UID191516	1	1	0	0
1	1	UID191518	1	1	0	0
1	1	UID191519	1	1	0	0
1	1	UID191520	1	1	0	0
1	1	UID191529	1	1	0	0
1	1	UID191543	1	1	0	0
1	1	UID191547	1	1	0	0
1	1	UID191553	1	1	0	0
1	1	UID191576	1	1	0	0
1	1	UID191581	1	1	0	0
1	1	UID191582	1	1	0	0
1	1	UID191583	1	1	0	0
1	1	UID191585	1	1	0	0
1	1	UID191586	1	1	0	0
1	1	UID191587	1	1	0	0
1	1	UID191588	1	1	0	0
1	1	UID191589	1	1	0	0
1	1	UID191590	1	1	0	0
1	1	UID191610	1	1	0	0
1	1	UID191611	1	1	0	0
1	1	UID191638	1	1	0	0
1	1	UID191642	1	1	0	0
1	1	UID191644	1	1	0	0
1	1	UID191647	1	1	0	0
1	1	UID191653	1	1	0	0
1	1	UID191654	1	1	0	0
1	1	UID191657	1	1	0	0
1	1	UID191659	1	1	0	0
1	1	UID191660	1	1	0	0
1	1	UID191661	1	1	0	0
1	1	UID191662	1	1	0	0
1	1	UID191671	1	1	0	0
1	1	UID191674	1	1	0	0
1	1	UID191675	1	1	0	0
1	1	UID191678	1	1	0	0
1	1	UID191681	1	1	0	0
1	1	UID191685	1	1	0	0
1	1	UID191686	1	1	0	0
1	1	UID191687	1	1	0	0
1	1	UID191693	1	1	0	0
1	1	UID191697	1	1	0	0
1	1	UID191698	1	1	0	0
1	1	UID191700	1	1	0	0
1	1	UID191702	1	1	0	0
1	1	UID191704	1	1	0	0
1	1	UID191706	1	1	0	0
1	1	UID191708	1	1	0	0
1	1	UID191710	1	1	0	0
1	1	UID191711	1	1	0	0
1	1	UID191715	1	1	0	0
1	1	UID191716	1	1	0	0
1	1	UID191717	1	1	0	0
1	1	UID191719	1	1	0	0
1	1	UID191720	1	1	0	0
1	1	UID191723	1	1	0	0
1	1	UID191727	1	1	0	0
1	1	UID191729	1	1	0	0
1	1	UID191736	1	1	0	0
1	1	UID191743	1	1	0	0
1	1	UID191753	1	1	0	0
1	1	UID191756	1	1	0	0
1	1	UID191758	1	1	0	0
1	1	UID191760	1	1	0	0
1	1	UID191768	1	1	0	0
1	1	UID191769	1	1	0	0
1	1	UID191774	1	1	0	0
1	1	UID191778	1	1	0	0
1	1	UID191779	1	1	0	0
1	1	UID191780	1	1	0	0
1	1	UID191781	1	1	0	0
1	1	UID191782	1	1	0	0
1	1	UID191783	1	1	0	0
1	1	UID191789	1	1	0	0
1	1	UID191795	1	1	0	0
1	1	UID191796	1	1	0	0
1	1	UID191797	1	1	0	0
1	1	UID191798	1	1	0	0
1	1	UID191799	1	1	0	0
1	1	UID191800	1	1	0	0
1	1	UID191802	1	1	0	0
1	1	UID191813	1	1	0	0
1	1	UID191814	1	1	0	0
1	1	UID191815	1	1	0	0
1	1	UID191816	1	1	0	0
1	1	UID191819	1	1	0	0
1	1	UID191825	1	1	0	0
1	1	UID191827	1	1	0	0
1	1	UID191830	1	1	0	0
1	1	UID191831	1	1	0	0
1	1	UID191833	1	1	0	0
1	1	UID191834	1	1	0	0
1	1	UID191835	1	1	0	0
1	1	UID191839	1	1	0	0
1	1	UID191841	1	1	0	0
1	1	UID191901	1	1	0	0
1	1	UID191906	1	1	0	0
1	1	UID191907	1	1	0	0
1	1	UID191908	1	1	0	0
1	1	UID191912	1	1	0	0
1	1	UID191914	1	1	0	0
1	1	UID191919	1	1	0	0
1	1	UID191923	1	1	0	0
1	1	UID191925	1	1	0	0
1	1	UID191926	1	1	0	0
1	1	UID191927	1	1	0	0
1	1	UID191928	1	1	0	0
1	1	UID191929	1	1	0	0
1	1	UID191930	1	1	0	0
1	1	UID191933	1	1	0	0
1	1	UID191941	1	1	0	0
1	1	UID191943	1	1	0	0
1	1	UID191954	1	1	0	0
1	1	UID191961	1	1	0	0
1	1	UID191962	1	1	0	0
1	1	UID191963	1	1	0	0
2	2	UID191965	1	2	1	1
1	1	UID191976	1	1	0	0
1	1	UID191983	1	1	0	0
1	1	UID191989	1	1	0	0
1	1	UID191995	1	1	0	0
1	1	UID191998	1	1	0	0
1	1	UID192032	1	1	0	0
1	1	UID192039	1	1	0	0
1	1	UID192041	1	1	0	0
1	1	UID192061	1	1	0	0
1	1	UID192086	1	1	0	0
1	1	UID192126	1	1	0	0
1	1	UID192130	1	1	0	0
1	1	UID192136	1	1	0	0
1	1	UID192137	1	1	0	0
1	1	UID192145	1	1	0	0
1	1	UID192148	1	1	0	0
1	1	UID192150	1	1	0	0
1	1	UID192152	1	1	0	0
1	1	UID192153	1	1	0	0
1	1	UID192155	1	1	0	0
1	1	UID192158	1	1	0	0
1	1	UID192159	1	1	0	0
1	1	UID192163	1	1	0	0
1	1	UID192164	1	1	0	0
1	1	UID192166	1	1	0	0
1	1	UID192168	1	1	0	0
1	1	UID192169	1	1	0	0
1	1	UID192174	1	1	0	0
1	1	UID192175	1	1	0	0
1	1	UID192176	1	1	0	0
1	1	UID192177	1	1	0	0
1	1	UID192178	1	1	0	0
1	1	UID192179	1	1	0	0
1	1	UID192180	1	1	0	0
1	1	UID192181	1	1	0	0
1	1	UID192182	1	1	0	0
1	1	UID192185	1	1	0	0
1	1	UID192192	1	1	0	0
1	1	UID192198	1	1	0	0
1	1	UID192199	1	1	0	0
1	1	UID192201	1	1	0	0
1	1	UID192202	1	1	0	0
1	1	UID192203	1	1	0	0
1	1	UID192204	1	1	0	0
1	1	UID192206	1	1	0	0
1	1	UID192207	1	1	0	0
1	1	UID192208	1	1	0	0
2	2	UID192215	1	2	1	1
1	1	UID192216	1	1	0	0
1	1	UID192217	1	1	0	0
1	1	UID192218	1	1	0	0
1	1	UID192220	1	1	0	0
1	1	UID192221	1	1	0	0
1	1	UID192223	1	1	0	0
1	1	UID192224	1	1	0	0
1	1	UID192227	1	1	0	0
1	1	UID192228	1	1	0	0
1	1	UID192229	1	1	0	0
1	1	UID192231	1	1	0	0
1	1	UID192232	1	1	0	0
1	1	UID192233	1	1	0	0
1	1	UID192237	1	1	0	0
1	1	UID192242	1	1	0	0
1	1	UID192244	1	1	0	0
1	1	UID192247	1	1	0	0
1	1	UID192248	1	1	0	0
1	1	UID192249	1	1	0	0
1	1	UID192250	1	1	0	0
1	1	UID192251	1	1	0	0
1	1	UID192256	1	1	0	0
1	1	UID192263	1	1	0	0
1	1	UID192286	1	1	0	0
1	1	UID192290	1	1	0	0
1	1	UID192298	1	1	0	0
1	1	UID192304	1	1	0	0
1	1	UID192329	1	1	0	0
1	1	UID192335	1	1	0	0
1	1	UID192342	1	1	0	0
1	1	UID192345	1	1	0	0
1	1	UID192351	1	1	0	0
1	1	UID192352	1	1	0	0
1	1	UID192355	1	1	0	0
1	1	UID192356	1	1	0	0
1	1	UID192358	1	1	0	0
1	1	UID192360	1	1	0	0
1	1	UID192363	1	1	0	0
1	1	UID192364	1	1	0	0
1	1	UID192368	1	1	0	0
1	1	UID192370	1	1	0	0
1	1	UID192371	1	1	0	0
1	1	UID192372	1	1	0	0
1	1	UID192373	1	1	0	0
1	1	UID192374	1	1	0	0
1	1	UID192392	1	1	0	0
1	1	UID192402	1	1	0	0
1	1	UID192406	1	1	0	0
1	1	UID192413	1	1	0	0
1	1	UID192421	1	1	0	0
1	1	UID192424	1	1	0	0
1	1	UID192430	1	1	0	0
1	1	UID192431	1	1	0	0
1	1	UID192436	1	1	0	0
1	1	UID192439	1	1	0	0
1	1	UID192445	1	1	0	0
1	1	UID192449	1	1	0	0
1	1	UID192450	1	1	0	0
1	1	UID192462	1	1	0	0
1	1	UID192464	1	1	0	0
1	1	UID192472	1	1	0	0
1	1	UID192476	1	1	0	0
1	1	UID192477	1	1	0	0
1	1	UID192482	1	1	0	0
1	1	UID192484	1	1	0	0
1	1	UID192485	1	1	0	0
1	1	UID192486	1	1	0	0
1	1	UID192492	1	1	0	0
1	1	UID192495	1	1	0	0
1	1	UID192497	1	1	0	0
1	1	UID192507	1	1	0	0
1	1	UID192508	1	1	0	0
1	1	UID192512	1	1	0	0
1	1	UID192513	1	1	0	0
1	1	UID192522	1	1	0	0
1	1	UID192526	1	1	0	0
1	1	UID192528	1	1	0	0
1	1	UID192543	1	1	0	0
1	1	UID192544	1	1	0	0
1	1	UID192545	1	1	0	0
1	1	UID192546	1	1	0	0
1	1	UID192548	1	1	0	0
1	1	UID192549	1	1	0	0
1	1	UID192553	1	1	0	0
1	1	UID192556	1	1	0	0
1	1	UID192560	1	1	0	0
1	1	UID192563	1	1	0	0
1	1	UID192565	1	1	0	0
1	1	UID192566	1	1	0	0
1	1	UID192573	1	1	0	0
1	1	UID192585	1	1	0	0
1	1	UID192587	1	1	0	0
1	1	UID192605	1	1	0	0
1	1	UID192612	1	1	0	0
1	1	UID192613	1	1	0	0
1	1	UID192618	1	1	0	0
1	1	UID192619	1	1	0	0
1	1	UID192622	1	1	0	0
1	1	UID192626	1	1	0	0
1	1	UID192629	1	1	0	0
1	1	UID192631	1	1	0	0
1	1	UID192688	1	1	0	0
1	1	UID192695	1	1	0	0
1	1	UID192697	1	1	0	0
1	1	UID192706	1	1	0	0
1	1	UID192709	1	1	0	0
1	1	UID192715	1	1	0	0
1	1	UID192716	1	1	0	0
1	1	UID192723	1	1	0	0
1	1	UID192725	1	1	0	0
1	1	UID192736	1	1	0	0
1	1	UID192741	1	1	0	0
1	1	UID192742	1	1	0	0
1	1	UID192743	1	1	0	0
1	1	UID192744	1	1	0	0
1	1	UID192748	1	1	0	0
1	1	UID192751	1	1	0	0
1	1	UID192755	1	1	0	0
1	1	UID192759	1	1	0	0
1	1	UID192766	1	1	0	0
1	1	UID192767	1	1	0	0
1	1	UID192769	1	1	0	0
1	1	UID192770	1	1	0	0
1	1	UID192774	1	1	0	0
1	1	UID192781	1	1	0	0
1	1	UID192782	1	1	0	0
1	1	UID192802	1	1	0	0
1	1	UID192812	1	1	0	0
1	1	UID192814	1	1	0	0
1	1	UID192819	1	1	0	0
1	1	UID192821	1	1	0	0
1	1	UID192822	1	1	0	0
1	1	UID192823	1	1	0	0
1	1	UID192832	1	1	0	0
1	1	UID192834	1	1	0	0
1	1	UID192841	1	1	0	0
1	1	UID192843	1	1	0	0
1	1	UID192846	1	1	0	0
1	1	UID192853	1	1	0	0
1	1	UID192860	1	1	0	0
1	1	UID192861	1	1	0	0
1	1	UID192900	1	1	0	0
1	1	UID192902	1	1	0	0
1	1	UID192906	1	1	0	0
1	1	UID192916	1	1	0	0
1	1	UID192924	1	1	0	0
1	1	UID192930	1	1	0	0
1	1	UID192931	1	1	0	0
1	1	UID192932	1	1	0	0
1	1	UID192935	1	1	0	0
1	1	UID192938	1	1	0	0
1	1	UID192952	1	1	0	0
1	1	UID192956	1	1	0	0
1	1	UID192961	1	1	0	0
1	1	UID192969	1	1	0	0
1	1	UID192970	1	1	0	0
1	1	UID192971	1	1	0	0
1	1	UID192973	1	1	0	0
1	1	UID192974	1	1	0	0
1	1	UID192984	1	1	0	0
1	1	UID192985	1	1	0	0
1	1	UID192986	1	1	0	0
1	1	UID192987	1	1	0	0
1	1	UID192988	1	1	0	0
1	1	UID192989	1	1	0	0
1	1	UID192991	1	1	0	0
1	1	UID193003	1	1	0	0
1	1	UID193007	1	1	0	0
1	1	UID193008	1	1	0	0
1	1	UID193009	1	1	0	0
1	1	UID193010	1	1	0	0
1	1	UID193011	1	1	0	0
1	1	UID193014	1	1	0	0
1	1	UID193015	1	1	0	0
1	1	UID193018	1	1	0	0
1	1	UID193019	1	1	0	0
1	1	UID193020	1	1	0	0
1	1	UID193021	1	1	0	0
1	1	UID193024	1	1	0	0
1	1	UID193025	1	1	0	0
1	1	UID193051	1	1	0	0
1	1	UID193055	1	1	0	0
1	1	UID193067	1	1	0	0
1	1	UID193073	1	1	0	0
1	1	UID193080	1	1	0	0
1	1	UID193083	1	1	0	0
1	1	UID193088	1	1	0	0
1	1	UID193089	1	1	0	0
1	1	UID193090	1	1	0	0
1	1	UID193091	1	1	0	0
1	1	UID193092	1	1	0	0
1	1	UID193094	1	1	0	0
1	1	UID193095	1	1	0	0
1	1	UID193098	1	1	0	0
1	1	UID193102	1	1	0	0
1	1	UID193105	1	1	0	0
1	1	UID193115	1	1	0	0
1	1	UID193124	1	1	0	0
1	1	UID193125	1	1	0	0
1	1	UID193138	1	1	0	0
1	1	UID193152	1	1	0	0
1	1	UID193160	1	1	0	0
1	1	UID193163	1	1	0	0
1	1	UID193165	1	1	0	0
1	1	UID193186	1	1	0	0
1	1	UID193192	1	1	0	0
1	1	UID193193	1	1	0	0
1	1	UID193205	1	1	0	0
1	1	UID193208	1	1	0	0
1	1	UID193209	1	1	0	0
1	1	UID193210	1	1	0	0
1	1	UID193211	1	1	0	0
1	1	UID193214	1	1	0	0
1	1	UID193230	1	1	0	0
1	1	UID193239	1	1	0	0
1	1	UID193240	1	1	0	0
1	1	UID193242	1	1	0	0
1	1	UID193245	1	1	0	0
1	1	UID193250	1	1	0	0
1	1	UID193259	1	1	0	0
1	1	UID193261	1	1	0	0
1	1	UID193268	1	1	0	0
1	1	UID193269	1	1	0	0
1	1	UID193270	1	1	0	0
1	1	UID193271	1	1	0	0
1	1	UID193290	1	1	0	0
1	1	UID193294	1	1	0	0
1	1	UID193299	1	1	0	0
1	1	UID193307	1	1	0	0
1	1	UID193310	1	1	0	0
1	1	UID193312	1	1	0	0
1	1	UID193331	1	1	0	0
1	1	UID193332	1	1	0	0
1	1	UID193336	1	1	0	0
1	1	UID193339	1	1	0	0
1	1	UID193342	1	1	0	0
1	1	UID193354	1	1	0	0
1	1	UID193367	1	1	0	0
1	1	UID193374	1	1	0	0
1	1	UID193377	1	1	0	0
1	1	UID193379	1	1	0	0
1	1	UID193381	1	1	0	0
1	1	UID193382	1	1	0	0
1	1	UID193387	1	1	0	0
1	1	UID193389	1	1	0	0
1	1	UID193390	1	1	0	0
1	1	UID193391	1	1	0	0
1	1	UID193394	1	1	0	0
1	1	UID193395	1	1	0	0
1	1	UID193396	1	1	0	0
1	1	UID193398	1	1	0	0
1	1	UID193402	1	1	0	0
1	1	UID193403	1	1	0	0
1	1	UID193404	1	1	0	0
1	1	UID193405	1	1	0	0
1	1	UID193412	1	1	0	0
1	1	UID193413	1	1	0	0
1	1	UID193414	1	1	0	0
1	1	UID193415	1	1	0	0
1	1	UID193427	1	1	0	0
1	1	UID193428	1	1	0	0
1	1	UID193429	1	1	0	0
1	1	UID193439	1	1	0	0
1	1	UID193447	1	1	0	0
1	1	UID193449	1	1	0	0
1	1	UID193450	1	1	0	0
1	1	UID193451	1	1	0	0
1	1	UID193456	1	1	0	0
1	1	UID193459	1	1	0	0
1	1	UID193464	1	1	0	0
1	1	UID193479	1	1	0	0
1	1	UID193481	1	1	0	0
1	1	UID193483	1	1	0	0
1	1	UID193484	1	1	0	0
1	1	UID193496	1	1	0	0
1	1	UID193504	1	1	0	0
1	1	UID193509	1	1	0	0
1	1	UID193511	1	1	0	0
1	1	UID193512	1	1	0	0
1	1	UID193513	1	1	0	0
1	1	UID193517	1	1	0	0
1	1	UID193534	1	1	0	0
1	1	UID193543	1	1	0	0
1	1	UID193555	1	1	0	0
1	1	UID193556	1	1	0	0
1	1	UID193557	1	1	0	0
1	1	UID193567	1	1	0	0
1	1	UID193576	1	1	0	0
1	1	UID193578	1	1	0	0
1	1	UID193579	1	1	0	0
1	1	UID193580	1	1	0	0
1	1	UID193583	1	1	0	0
1	1	UID193585	1	1	0	0
1	1	UID193586	1	1	0	0
1	1	UID193593	1	1	0	0
1	1	UID193601	1	1	0	0
1	1	UID193618	1	1	0	0
1	1	UID193628	1	1	0	0
1	1	UID193629	1	1	0	0
1	1	UID193631	1	1	0	0
1	1	UID193632	1	1	0	0
1	1	UID193638	1	1	0	0
1	1	UID193640	1	1	0	0
1	1	UID193644	1	1	0	0
1	1	UID193646	1	1	0	0
1	1	UID193647	1	1	0	0
1	1	UID193680	1	1	0	0
1	1	UID193686	1	1	0	0
1	1	UID193689	1	1	0	0
1	1	UID193690	1	1	0	0
1	1	UID193691	1	1	0	0
1	1	UID193694	1	1	0	0
1	1	UID193695	1	1	0	0
1	1	UID193701	1	1	0	0
1	1	UID193706	1	1	0	0
1	1	UID193713	1	1	0	0
1	1	UID193716	1	1	0	0
1	1	UID193721	1	1	0	0
1	1	UID193722	1	1	0	0
1	1	UID193733	1	1	0	0
1	1	UID193737	1	1	0	0
1	1	UID193749	1	1	0	0
1	1	UID193750	1	1	0	0
1	1	UID193753	1	1	0	0
1	1	UID193754	1	1	0	0
1	1	UID193758	1	1	0	0
1	1	UID193761	1	1	0	0
1	1	UID193777	1	1	0	0
1	1	UID193781	1	1	0	0
1	1	UID193787	1	1	0	0
1	1	UID469	1	1	0	0
1	1	UID48426	1	1	0	0
1	1	UID63216	1	1	0	0
1	1	UID68039	1	1	0	0
2	2	UID755	1	2	1	1
1	1	UID7675	1	1	0	0
1	1	UID7994	1	1	0	0
1	1	UID84209	1	1	0	0
1	1	UID85318	1	1	0	0
1	1	UID85743	1	1	0	0
1	1	UID960	1	1	0	0
