3420	9760	UID51662	3370	2890	5	5
1251	5581	UID2	2406	982	4	4
774	3829	UID1	1998	586	4	4
303	894	UID66495	414	241	3	3
213	639	UID710	343	169	2	2
140	326	UID711	156	123	2	2
327	560	UID52037	136	294	3	3
73	188	UID8510	97	62	2	2
157	297	UID51887	93	142	5	5
103	213	UID1490	91	93	2	2
74	157	UID939	78	69	2	2
59	146	UID18	71	50	2	2
55	130	UID22	69	48	2	2
35	110	UID246	66	28	2	2
56	127	UID42	64	51	2	2
62	129	UID33881	63	57	2	2
81	145	UID29167	57	75	2	2
49	111	UID40280	56	43	2	2
69	130	UID193	55	62	2	2
53	109	UID194	53	49	2	2
49	102	UID52142	53	47	2	2
55	124	UID59202	52	47	2	2
111	211	UID112005	47	99	3	3
39	94	UID112306	46	30	2	2
39	87	UID329	46	35	2	2
17	57	UID328	40	15	1	1
39	80	UID182592	37	35	2	2
55	98	UID108843	35	49	4	4
20	50	UID71	29	17	2	2
34	59	UID467	26	33	2	2
170	226	UID65815	25	156	9	9
44	72	UID46159	24	38	2	2
21	44	UID941	24	20	1	1
42	69	UID90760	23	39	2	2
24	45	UID203306	22	23	2	2
48	75	UID10870	21	42	3	3
16	37	UID1484	21	14	1	1
10	31	UID286	21	8	1	1
23	41	UID112635	19	22	2	2
192	268	UID121167	18	171	5	5
165	231	UID66163	18	152	5	5
100	143	UID66307	18	89	5	5
18	35	UID20595	16	15	2	2
11	27	UID20596	16	9	1	1
14	32	UID498	16	10	2	2
178	248	UID65826	16	163	7	7
17	33	UID8492	16	15	1	1
20	34	UID238	15	19	2	2
17	31	UID404	15	16	1	1
31	52	UID66305	15	26	2	2
48	68	UID126268	14	41	3	3
25	48	UID1493	14	19	2	2
4	18	UID203325	14	2	1	1
15	27	UID203326	13	14	2	2
13	26	UID386	13	11	2	2
26	39	UID51831	13	24	2	2
18	30	UID76	13	17	2	2
15	27	UID8546	13	14	1	1
13	28	UID313	12	10	1	1
14	25	UID40265	12	13	1	1
4	15	UID87	12	3	1	1
6	16	UID240	11	5	1	1
29	41	UID29390	11	27	2	2
8	18	UID686	11	7	2	2
10	20	UID687	11	9	1	1
29	40	UID90	11	27	2	2
15	27	UID934	11	12	2	2
29	38	UID203358	10	28	3	3
4	13	UID260	10	3	1	1
11	20	UID277	10	10	2	2
5	14	UID469	10	4	1	1
15	24	UID6365	10	14	1	1
28	38	UID8420	10	26	2	2
4	12	UID110	9	3	1	1
7	15	UID152	9	6	2	2
13	21	UID203361	9	12	1	1
12	20	UID26	9	11	1	1
8	16	UID448	9	7	1	1
5	13	UID535	9	4	1	1
8	16	UID7974	9	7	1	1
9	16	UID148140	8	8	1	1
26	35	UID203377	8	24	2	2
8	15	UID33885	8	7	1	1
6	13	UID445	8	5	2	2
22	30	UID59306	8	20	1	1
9	16	UID65768	8	8	1	1
13	20	UID800	8	12	2	2
7	14	UID86	8	6	1	1
13	20	UID927	8	12	1	1
4	10	UID1009	7	3	1	1
7	13	UID1160	7	6	1	1
5	11	UID116	7	4	1	1
5	11	UID126271	7	4	2	2
14	23	UID131059	7	12	1	1
4	10	UID134	7	3	1	1
9	16	UID1499	7	7	1	1
6	13	UID190	7	4	1	1
8	14	UID263	7	7	1	1
3	9	UID268	7	2	0	0
10	16	UID28	7	9	1	1
2	8	UID32197	7	1	1	1
10	18	UID338	7	7	2	2
8	14	UID357	7	7	2	2
18	24	UID384	7	17	3	3
8	15	UID426	7	6	1	1
4	10	UID488	7	3	1	1
10	17	UID489	7	8	1	1
8	14	UID682	7	7	2	2
4	10	UID708	7	3	1	1
4	11	UID83	7	2	1	1
2	8	UID928	7	1	0	0
5	11	UID96	7	4	1	1
5	10	UID1401	6	4	1	1
3	8	UID158	6	2	1	1
2	7	UID174	6	1	0	0
3	8	UID203418	6	2	1	1
7	12	UID205	6	6	1	1
13	19	UID20	6	11	2	2
6	11	UID217	6	5	1	1
6	11	UID221	6	5	1	1
8	13	UID348	6	7	2	2
10	15	UID374	6	9	1	1
18	23	UID420	6	17	2	2
8	13	UID46211	6	7	1	1
12	21	UID51681	6	9	2	2
11	19	UID517	6	9	2	2
6	11	UID659	6	5	1	1
8	14	UID65	6	6	1	1
6	11	UID8353	6	5	1	1
4	10	UID8446	6	2	1	1
6	11	UID887	6	5	1	1
2	6	UID111518	5	1	1	1
10	14	UID111989	5	9	2	2
5	9	UID132	5	4	1	1
6	10	UID1366	5	5	2	2
3	7	UID163	5	2	1	1
5	9	UID166	5	4	2	2
15	20	UID182457	5	13	1	1
5	9	UID184	5	4	1	1
5	9	UID203452	5	4	1	1
6	11	UID203484	5	4	2	2
2	6	UID216	5	1	0	0
6	10	UID228	5	5	1	1
8	12	UID321	5	7	1	1
4	8	UID33895	5	3	1	1
5	9	UID441	5	4	1	1
4	8	UID531	5	3	0	0
9	13	UID571	5	8	3	3
7	11	UID57	5	6	1	1
9	13	UID690	5	8	1	1
10	14	UID8628	5	9	1	1
6	10	UID881	5	5	1	1
9	15	UID891	5	6	2	2
16	21	UID1008	4	13	3	3
4	7	UID10341	4	3	1	1
1	4	UID111612	4	0	0	0
3	6	UID116930	4	2	0	0
3	6	UID129	4	2	1	1
3	6	UID135	4	2	1	1
5	8	UID139	4	4	1	1
3	6	UID203494	4	2	0	0
2	5	UID203498	4	1	1	1
6	9	UID203501	4	5	1	1
4	7	UID203	4	3	1	1
8	13	UID219	4	6	2	2
3	6	UID233	4	2	1	1
2	5	UID33200	4	1	0	0
4	7	UID424	4	3	1	1
5	8	UID427	4	4	1	1
7	11	UID468	4	5	2	2
4	7	UID487	4	3	2	2
4	7	UID51870	4	3	1	1
4	7	UID59432	4	3	0	0
7	10	UID688	4	6	1	1
7	10	UID68	4	6	1	1
5	8	UID8183	4	4	1	1
7	11	UID82	4	5	2	2
8	11	UID8550	4	7	1	1
6	9	UID8611	4	5	1	1
1	3	UID10328	3	0	0	0
4	6	UID111584	3	3	1	1
4	6	UID111605	3	3	0	0
2	4	UID111722	3	1	1	1
4	6	UID111821	3	3	0	0
2	4	UID115136	3	1	0	0
6	8	UID117	3	5	1	1
5	7	UID126937	3	4	1	1
5	7	UID128	3	4	1	1
2	4	UID131053	3	1	1	1
5	7	UID1355	3	4	1	1
4	7	UID1399	3	2	1	1
3	5	UID143	3	2	1	1
6	8	UID144	3	5	1	1
3	5	UID149	3	2	1	1
1	3	UID160	3	0	0	0
3	5	UID182	3	2	2	2
2	4	UID191	3	1	1	1
9	11	UID200	3	8	1	1
3	5	UID203532	3	2	1	1
3	5	UID203539	3	2	1	1
2	4	UID203542	3	1	1	1
2	4	UID203544	3	1	1	1
2	4	UID203545	3	1	1	1
2	4	UID203546	3	1	0	0
2	4	UID203547	3	1	1	1
1	3	UID203548	3	0	0	0
6	8	UID203558	3	5	1	1
4	6	UID203559	3	3	1	1
2	4	UID203603	3	1	1	1
14	16	UID203609	3	13	1	1
4	6	UID215	3	3	1	1
2	4	UID218	3	1	0	0
2	4	UID222	3	1	1	1
1	3	UID239	3	0	0	0
3	5	UID241	3	2	1	1
3	5	UID261	3	2	1	1
2	4	UID312	3	1	1	1
1	3	UID31469	3	0	0	0
16	18	UID322	3	15	2	2
1	3	UID326	3	0	0	0
6	9	UID366	3	4	1	1
2	4	UID3805	3	1	1	1
1	3	UID4032	3	0	0	0
5	7	UID421	3	4	1	1
10	13	UID444	3	8	1	1
8	10	UID54	3	7	1	1
10	13	UID568	3	8	1	1
1	3	UID570	3	0	0	0
4	6	UID59	3	3	1	1
5	8	UID6204	3	3	2	2
3	5	UID6569	3	2	1	1
2	4	UID67631	3	1	1	1
1	3	UID67650	3	0	0	0
2	4	UID74681	3	1	0	0
19	22	UID78548	3	17	2	2
4	6	UID8534	3	3	2	2
3	5	UID8599	3	2	1	1
3	6	UID940	3	1	1	1
4	6	UID94	3	3	1	1
1	2	UID10502	2	0	0	0
2	3	UID108846	2	1	1	1
2	4	UID111501	2	0	1	1
2	3	UID111517	2	1	1	1
3	4	UID111555	2	2	1	1
3	4	UID111773	2	2	1	1
2	3	UID111788	2	1	1	1
4	5	UID111791	2	3	1	1
5	6	UID111867	2	4	1	1
3	4	UID112104	2	2	1	1
1	2	UID112412	2	0	0	0
7	9	UID1167	2	5	2	2
1	2	UID127003	2	0	0	0
1	2	UID127967	2	0	0	0
1	2	UID133390	2	0	0	0
4	5	UID137	2	3	1	1
3	4	UID142275	2	2	1	1
3	5	UID147492	2	1	1	1
1	2	UID1612	2	0	0	0
2	3	UID170829	2	1	1	1
2	3	UID173	2	1	1	1
5	6	UID182642	2	4	1	1
5	6	UID182897	2	4	1	1
4	5	UID185644	2	3	2	2
2	3	UID187269	2	1	1	1
3	4	UID190374	2	2	1	1
10	11	UID191622	2	9	1	1
2	3	UID199	2	1	1	1
5	6	UID203644	2	4	2	2
3	4	UID203659	2	2	1	1
2	3	UID203693	2	1	1	1
2	3	UID203695	2	1	1	1
2	3	UID203704	2	1	1	1
4	5	UID203709	2	3	1	1
1	2	UID203720	2	0	0	0
6	7	UID203742	2	5	1	1
5	6	UID203743	2	4	1	1
2	3	UID203747	2	1	1	1
3	4	UID203853	2	2	1	1
2	3	UID203864	2	1	1	1
1	2	UID203876	2	0	0	0
1	2	UID203889	2	0	0	0
2	3	UID203910	2	1	1	1
1	2	UID203916	2	0	0	0
3	4	UID203917	2	2	1	1
6	8	UID203929	2	4	3	3
3	4	UID229	2	2	1	1
4	5	UID259	2	3	1	1
3	4	UID281	2	2	1	1
4	5	UID32	2	3	1	1
7	8	UID347	2	6	1	1
4	5	UID369	2	3	1	1
3	4	UID372	2	2	1	1
3	4	UID43014	2	2	1	1
6	7	UID442	2	5	1	1
1	2	UID449	2	0	0	0
6	7	UID51667	2	5	1	1
5	6	UID52732	2	4	2	2
2	3	UID533	2	1	1	1
2	3	UID5727	2	1	1	1
1	2	UID59206	2	0	0	0
4	5	UID61	2	3	1	1
3	4	UID6215	2	2	1	1
6	7	UID654	2	5	1	1
5	6	UID657	2	4	1	1
1	2	UID67520	2	0	0	0
8	9	UID67636	2	7	2	2
9	10	UID755	2	8	2	2
5	6	UID7580	2	4	1	1
2	3	UID77	2	1	1	1
1	2	UID78456	2	0	0	0
23	24	UID78618	2	22	4	4
2	3	UID7927	2	1	1	1
3	4	UID7981	2	2	1	1
3	4	UID821	2	2	1	1
3	4	UID892	2	2	1	1
2	3	UID893	2	1	1	1
4	5	UID898	2	3	1	1
3	4	UID935	2	2	1	1
1	1	UID10472	1	1	0	0
1	1	UID111502	1	1	0	0
1	1	UID111575	1	1	0	0
3	3	UID111578	1	3	1	1
3	3	UID111650	1	3	1	1
1	1	UID111656	1	1	0	0
1	1	UID111691	1	1	0	0
7	7	UID111790	1	7	1	1
4	4	UID111868	1	4	1	1
1	1	UID112052	1	1	0	0
1	1	UID112280	1	1	0	0
1	1	UID112894	1	1	0	0
1	1	UID113289	1	1	0	0
1	1	UID115921	1	1	0	0
1	1	UID116935	1	1	0	0
1	1	UID120983	1	1	0	0
3	3	UID1212	1	3	1	1
1	1	UID122265	1	1	0	0
4	4	UID122627	1	4	2	2
1	1	UID126381	1	1	0	0
1	1	UID126471	1	1	0	0
1	1	UID126586	1	1	0	0
2	2	UID127689	1	2	1	1
3	3	UID130908	1	3	1	1
1	1	UID135011	1	1	0	0
4	4	UID1379	1	4	1	1
1	1	UID138912	1	1	0	0
2	2	UID142209	1	2	1	1
5	5	UID142687	1	5	3	3
2	2	UID143610	1	2	1	1
1	1	UID149479	1	1	0	0
1	1	UID1497	1	1	0	0
1	1	UID152684	1	1	0	0
1	1	UID153847	1	1	0	0
3	3	UID153	1	3	1	1
1	1	UID155874	1	1	0	0
4	4	UID156478	1	4	2	2
1	1	UID161384	1	1	0	0
1	1	UID165425	1	1	0	0
2	2	UID172290	1	2	1	1
2	2	UID172828	1	2	1	1
1	1	UID177198	1	1	0	0
1	1	UID179168	1	1	0	0
1	1	UID179235	1	1	0	0
1	1	UID182766	1	1	0	0
5	5	UID183142	1	5	3	3
1	1	UID186816	1	1	0	0
7	7	UID189324	1	7	2	2
2	2	UID191712	1	2	1	1
1	1	UID193523	1	1	0	0
1	1	UID193548	1	1	0	0
1	1	UID19417	1	1	0	0
1	1	UID19917	1	1	0	0
1	1	UID203949	1	1	0	0
1	1	UID203950	1	1	0	0
1	1	UID203954	1	1	0	0
1	1	UID203955	1	1	0	0
1	1	UID203956	1	1	0	0
1	1	UID203957	1	1	0	0
1	1	UID203958	1	1	0	0
1	1	UID203961	1	1	0	0
1	1	UID203962	1	1	0	0
1	1	UID203963	1	1	0	0
1	1	UID203973	1	1	0	0
1	1	UID203975	1	1	0	0
1	1	UID203979	1	1	0	0
1	1	UID203980	1	1	0	0
1	1	UID203984	1	1	0	0
1	1	UID203996	1	1	0	0
1	1	UID203998	1	1	0	0
1	1	UID203999	1	1	0	0
1	1	UID204002	1	1	0	0
1	1	UID204004	1	1	0	0
1	1	UID204006	1	1	0	0
1	1	UID204008	1	1	0	0
1	1	UID204009	1	1	0	0
1	1	UID204010	1	1	0	0
1	1	UID204012	1	1	0	0
1	1	UID204013	1	1	0	0
1	1	UID204014	1	1	0	0
1	1	UID204016	1	1	0	0
1	1	UID204017	1	1	0	0
1	1	UID204018	1	1	0	0
1	1	UID204025	1	1	0	0
1	1	UID204028	1	1	0	0
1	1	UID204029	1	1	0	0
1	1	UID204031	1	1	0	0
1	1	UID204053	1	1	0	0
1	1	UID204057	1	1	0	0
1	1	UID204059	1	1	0	0
1	1	UID204060	1	1	0	0
1	1	UID204062	1	1	0	0
1	1	UID204066	1	1	0	0
1	1	UID204072	1	1	0	0
1	1	UID204074	1	1	0	0
1	1	UID204075	1	1	0	0
1	1	UID204076	1	1	0	0
1	1	UID204077	1	1	0	0
1	1	UID204078	1	1	0	0
1	1	UID204079	1	1	0	0
1	1	UID204081	1	1	0	0
1	1	UID204083	1	1	0	0
1	1	UID204084	1	1	0	0
1	1	UID204085	1	1	0	0
1	1	UID204092	1	1	0	0
1	1	UID204093	1	1	0	0
1	1	UID204094	1	1	0	0
1	1	UID204095	1	1	0	0
1	1	UID204096	1	1	0	0
1	1	UID204100	1	1	0	0
1	1	UID204102	1	1	0	0
1	1	UID204104	1	1	0	0
1	1	UID204108	1	1	0	0
1	1	UID204109	1	1	0	0
1	1	UID204112	1	1	0	0
1	1	UID204114	1	1	0	0
1	1	UID204126	1	1	0	0
1	1	UID204130	1	1	0	0
1	1	UID204137	1	1	0	0
1	1	UID204139	1	1	0	0
1	1	UID204140	1	1	0	0
1	1	UID204145	1	1	0	0
1	1	UID204148	1	1	0	0
1	1	UID204153	1	1	0	0
1	1	UID204158	1	1	0	0
1	1	UID204159	1	1	0	0
1	1	UID204162	1	1	0	0
1	1	UID204164	1	1	0	0
1	1	UID204167	1	1	0	0
1	1	UID204168	1	1	0	0
1	1	UID204180	1	1	0	0
1	1	UID204182	1	1	0	0
1	1	UID204183	1	1	0	0
1	1	UID204185	1	1	0	0
1	1	UID204187	1	1	0	0
1	1	UID204188	1	1	0	0
1	1	UID204190	1	1	0	0
1	1	UID204198	1	1	0	0
1	1	UID204202	1	1	0	0
1	1	UID204207	1	1	0	0
1	1	UID204211	1	1	0	0
1	1	UID204216	1	1	0	0
1	1	UID204217	1	1	0	0
1	1	UID204225	1	1	0	0
1	1	UID204226	1	1	0	0
1	1	UID204236	1	1	0	0
1	1	UID204238	1	1	0	0
1	1	UID204241	1	1	0	0
1	1	UID204244	1	1	0	0
1	1	UID204249	1	1	0	0
1	1	UID204268	1	1	0	0
1	1	UID204276	1	1	0	0
1	1	UID204277	1	1	0	0
1	1	UID204282	1	1	0	0
1	1	UID204283	1	1	0	0
1	1	UID204284	1	1	0	0
1	1	UID204285	1	1	0	0
1	1	UID204286	1	1	0	0
1	1	UID204287	1	1	0	0
1	1	UID204289	1	1	0	0
1	1	UID204296	1	1	0	0
1	1	UID204303	1	1	0	0
1	1	UID204304	1	1	0	0
1	1	UID204312	1	1	0	0
1	1	UID204315	1	1	0	0
1	1	UID204317	1	1	0	0
1	1	UID204319	1	1	0	0
1	1	UID204323	1	1	0	0
3	3	UID204338	1	3	2	2
1	1	UID204343	1	1	0	0
1	1	UID204344	1	1	0	0
1	1	UID204350	1	1	0	0
1	1	UID204352	1	1	0	0
1	1	UID204355	1	1	0	0
1	1	UID204358	1	1	0	0
1	1	UID204363	1	1	0	0
1	1	UID204366	1	1	0	0
1	1	UID204368	1	1	0	0
1	1	UID204375	1	1	0	0
1	1	UID204377	1	1	0	0
1	1	UID204378	1	1	0	0
1	1	UID204379	1	1	0	0
1	1	UID204380	1	1	0	0
1	1	UID204382	1	1	0	0
1	1	UID204385	1	1	0	0
1	1	UID204386	1	1	0	0
1	1	UID204387	1	1	0	0
1	1	UID204388	1	1	0	0
1	1	UID204398	1	1	0	0
1	1	UID204404	1	1	0	0
1	1	UID204407	1	1	0	0
1	1	UID204408	1	1	0	0
1	1	UID204410	1	1	0	0
1	1	UID204411	1	1	0	0
1	1	UID204412	1	1	0	0
1	1	UID204414	1	1	0	0
1	1	UID204418	1	1	0	0
1	1	UID204419	1	1	0	0
1	1	UID204424	1	1	0	0
1	1	UID204425	1	1	0	0
1	1	UID204426	1	1	0	0
1	1	UID204436	1	1	0	0
1	1	UID204438	1	1	0	0
1	1	UID204439	1	1	0	0
1	1	UID204442	1	1	0	0
1	1	UID204444	1	1	0	0
1	1	UID204453	1	1	0	0
1	1	UID204458	1	1	0	0
1	1	UID204459	1	1	0	0
1	1	UID204469	1	1	0	0
1	1	UID204472	1	1	0	0
1	1	UID204480	1	1	0	0
1	1	UID204484	1	1	0	0
1	1	UID204486	1	1	0	0
1	1	UID204488	1	1	0	0
1	1	UID204489	1	1	0	0
1	1	UID204490	1	1	0	0
1	1	UID204491	1	1	0	0
1	1	UID204492	1	1	0	0
1	1	UID204493	1	1	0	0
1	1	UID204494	1	1	0	0
1	1	UID204496	1	1	0	0
1	1	UID204497	1	1	0	0
1	1	UID204498	1	1	0	0
1	1	UID204500	1	1	0	0
1	1	UID204501	1	1	0	0
1	1	UID204502	1	1	0	0
1	1	UID204503	1	1	0	0
1	1	UID204505	1	1	0	0
1	1	UID204507	1	1	0	0
1	1	UID204508	1	1	0	0
9	9	UID204510	1	9	3	3
1	1	UID204517	1	1	0	0
1	1	UID204520	1	1	0	0
1	1	UID204521	1	1	0	0
1	1	UID204523	1	1	0	0
1	1	UID204536	1	1	0	0
1	1	UID204542	1	1	0	0
1	1	UID204543	1	1	0	0
1	1	UID204545	1	1	0	0
1	1	UID204546	1	1	0	0
1	1	UID204552	1	1	0	0
1	1	UID204554	1	1	0	0
1	1	UID204561	1	1	0	0
1	1	UID204567	1	1	0	0
1	1	UID204570	1	1	0	0
1	1	UID204571	1	1	0	0
1	1	UID204577	1	1	0	0
1	1	UID204580	1	1	0	0
1	1	UID204583	1	1	0	0
1	1	UID204585	1	1	0	0
1	1	UID204602	1	1	0	0
1	1	UID204612	1	1	0	0
1	1	UID204617	1	1	0	0
1	1	UID204618	1	1	0	0
1	1	UID204619	1	1	0	0
1	1	UID204620	1	1	0	0
1	1	UID204624	1	1	0	0
1	1	UID204627	1	1	0	0
1	1	UID204628	1	1	0	0
1	1	UID204630	1	1	0	0
1	1	UID204631	1	1	0	0
1	1	UID204634	1	1	0	0
1	1	UID204636	1	1	0	0
1	1	UID204637	1	1	0	0
1	1	UID204642	1	1	0	0
1	1	UID204649	1	1	0	0
1	1	UID204652	1	1	0	0
1	1	UID204654	1	1	0	0
1	1	UID204665	1	1	0	0
1	1	UID204666	1	1	0	0
1	1	UID204668	1	1	0	0
1	1	UID204669	1	1	0	0
1	1	UID204671	1	1	0	0
1	1	UID204675	1	1	0	0
1	1	UID204683	1	1	0	0
4	4	UID204687	1	4	2	2
1	1	UID204697	1	1	0	0
1	1	UID204698	1	1	0	0
1	1	UID204700	1	1	0	0
1	1	UID204704	1	1	0	0
1	1	UID204708	1	1	0	0
1	1	UID204712	1	1	0	0
1	1	UID204726	1	1	0	0
1	1	UID204727	1	1	0	0
1	1	UID204737	1	1	0	0
1	1	UID204738	1	1	0	0
1	1	UID204739	1	1	0	0
1	1	UID204742	1	1	0	0
1	1	UID204743	1	1	0	0
1	1	UID204749	1	1	0	0
1	1	UID204753	1	1	0	0
1	1	UID204761	1	1	0	0
1	1	UID204767	1	1	0	0
1	1	UID204768	1	1	0	0
1	1	UID204772	1	1	0	0
1	1	UID204773	1	1	0	0
1	1	UID204774	1	1	0	0
1	1	UID204775	1	1	0	0
1	1	UID204776	1	1	0	0
1	1	UID204782	1	1	0	0
1	1	UID204784	1	1	0	0
1	1	UID204785	1	1	0	0
1	1	UID204786	1	1	0	0
1	1	UID204787	1	1	0	0
1	1	UID204788	1	1	0	0
1	1	UID204795	1	1	0	0
1	1	UID204797	1	1	0	0
1	1	UID204799	1	1	0	0
1	1	UID204800	1	1	0	0
1	1	UID204805	1	1	0	0
1	1	UID204819	1	1	0	0
1	1	UID204820	1	1	0	0
1	1	UID204826	1	1	0	0
1	1	UID204827	1	1	0	0
1	1	UID204828	1	1	0	0
1	1	UID204830	1	1	0	0
1	1	UID204831	1	1	0	0
1	1	UID204833	1	1	0	0
1	1	UID204835	1	1	0	0
1	1	UID204837	1	1	0	0
1	1	UID204851	1	1	0	0
1	1	UID204854	1	1	0	0
1	1	UID204858	1	1	0	0
1	1	UID204862	1	1	0	0
1	1	UID204868	1	1	0	0
1	1	UID204870	1	1	0	0
5	5	UID204879	1	5	3	3
1	1	UID204884	1	1	0	0
1	1	UID204885	1	1	0	0
1	1	UID204886	1	1	0	0
1	1	UID204897	1	1	0	0
1	1	UID204898	1	1	0	0
1	1	UID204899	1	1	0	0
1	1	UID204900	1	1	0	0
1	1	UID204902	1	1	0	0
1	1	UID204903	1	1	0	0
1	1	UID204904	1	1	0	0
1	1	UID204913	1	1	0	0
1	1	UID204915	1	1	0	0
1	1	UID204925	1	1	0	0
1	1	UID204926	1	1	0	0
1	1	UID204929	1	1	0	0
1	1	UID204930	1	1	0	0
1	1	UID204936	1	1	0	0
1	1	UID204938	1	1	0	0
1	1	UID204940	1	1	0	0
1	1	UID204946	1	1	0	0
1	1	UID204955	1	1	0	0
1	1	UID204956	1	1	0	0
1	1	UID204957	1	1	0	0
1	1	UID204958	1	1	0	0
1	1	UID204959	1	1	0	0
1	1	UID204960	1	1	0	0
1	1	UID204961	1	1	0	0
1	1	UID204962	1	1	0	0
1	1	UID204963	1	1	0	0
1	1	UID204964	1	1	0	0
1	1	UID204966	1	1	0	0
1	1	UID204972	1	1	0	0
1	1	UID204984	1	1	0	0
1	1	UID204990	1	1	0	0
1	1	UID204996	1	1	0	0
1	1	UID204997	1	1	0	0
1	1	UID205001	1	1	0	0
1	1	UID205007	1	1	0	0
1	1	UID205008	1	1	0	0
1	1	UID205012	1	1	0	0
1	1	UID205013	1	1	0	0
1	1	UID205018	1	1	0	0
1	1	UID205028	1	1	0	0
1	1	UID205030	1	1	0	0
1	1	UID205031	1	1	0	0
1	1	UID205033	1	1	0	0
1	1	UID205036	1	1	0	0
1	1	UID205038	1	1	0	0
1	1	UID205039	1	1	0	0
1	1	UID205042	1	1	0	0
1	1	UID205053	1	1	0	0
1	1	UID205058	1	1	0	0
1	1	UID205062	1	1	0	0
1	1	UID205068	1	1	0	0
1	1	UID205081	1	1	0	0
1	1	UID205082	1	1	0	0
1	1	UID205084	1	1	0	0
1	1	UID205093	1	1	0	0
1	1	UID205128	1	1	0	0
1	1	UID205145	1	1	0	0
1	1	UID205152	1	1	0	0
1	1	UID205155	1	1	0	0
1	1	UID205156	1	1	0	0
1	1	UID205158	1	1	0	0
1	1	UID205162	1	1	0	0
1	1	UID205173	1	1	0	0
1	1	UID205175	1	1	0	0
1	1	UID205177	1	1	0	0
1	1	UID205181	1	1	0	0
1	1	UID205182	1	1	0	0
1	1	UID205196	1	1	0	0
1	1	UID205210	1	1	0	0
1	1	UID205211	1	1	0	0
1	1	UID205226	1	1	0	0
1	1	UID205231	1	1	0	0
1	1	UID205234	1	1	0	0
1	1	UID205246	1	1	0	0
1	1	UID205247	1	1	0	0
1	1	UID205248	1	1	0	0
1	1	UID205249	1	1	0	0
1	1	UID205251	1	1	0	0
1	1	UID205256	1	1	0	0
1	1	UID205279	1	1	0	0
1	1	UID205280	1	1	0	0
1	1	UID205281	1	1	0	0
1	1	UID205282	1	1	0	0
1	1	UID205286	1	1	0	0
1	1	UID205291	1	1	0	0
3	3	UID205292	1	3	2	2
1	1	UID205303	1	1	0	0
1	1	UID205304	1	1	0	0
3	3	UID205305	1	3	2	2
1	1	UID205314	1	1	0	0
1	1	UID205316	1	1	0	0
1	1	UID205334	1	1	0	0
1	1	UID205339	1	1	0	0
1	1	UID205344	1	1	0	0
1	1	UID205346	1	1	0	0
1	1	UID205347	1	1	0	0
1	1	UID205348	1	1	0	0
1	1	UID205349	1	1	0	0
1	1	UID205353	1	1	0	0
1	1	UID205354	1	1	0	0
4	4	UID205356	1	4	2	2
1	1	UID205360	1	1	0	0
1	1	UID205364	1	1	0	0
1	1	UID205375	1	1	0	0
1	1	UID205376	1	1	0	0
1	1	UID205390	1	1	0	0
1	1	UID205391	1	1	0	0
1	1	UID205395	1	1	0	0
1	1	UID205399	1	1	0	0
1	1	UID205406	1	1	0	0
1	1	UID205407	1	1	0	0
1	1	UID205408	1	1	0	0
1	1	UID205410	1	1	0	0
3	3	UID205412	1	3	2	2
1	1	UID205417	1	1	0	0
1	1	UID205420	1	1	0	0
1	1	UID205425	1	1	0	0
1	1	UID205430	1	1	0	0
1	1	UID205432	1	1	0	0
1	1	UID205448	1	1	0	0
3	3	UID205461	1	3	1	1
1	1	UID205462	1	1	0	0
1	1	UID205468	1	1	0	0
1	1	UID205472	1	1	0	0
1	1	UID205476	1	1	0	0
1	1	UID205478	1	1	0	0
1	1	UID205479	1	1	0	0
1	1	UID205480	1	1	0	0
1	1	UID205481	1	1	0	0
1	1	UID205482	1	1	0	0
1	1	UID205485	1	1	0	0
1	1	UID205487	1	1	0	0
1	1	UID205515	1	1	0	0
1	1	UID205523	1	1	0	0
1	1	UID205578	1	1	0	0
1	1	UID205613	1	1	0	0
1	1	UID205700	1	1	0	0
1	1	UID205710	1	1	0	0
1	1	UID205712	1	1	0	0
1	1	UID205722	1	1	0	0
1	1	UID205723	1	1	0	0
1	1	UID205724	1	1	0	0
1	1	UID205743	1	1	0	0
1	1	UID205745	1	1	0	0
1	1	UID205759	1	1	0	0
1	1	UID205760	1	1	0	0
1	1	UID205764	1	1	0	0
1	1	UID205773	1	1	0	0
1	1	UID205779	1	1	0	0
1	1	UID205781	1	1	0	0
1	1	UID205784	1	1	0	0
1	1	UID205786	1	1	0	0
1	1	UID205789	1	1	0	0
1	1	UID205792	1	1	0	0
1	1	UID205798	1	1	0	0
1	1	UID205800	1	1	0	0
1	1	UID205802	1	1	0	0
1	1	UID205804	1	1	0	0
1	1	UID205815	1	1	0	0
1	1	UID205826	1	1	0	0
1	1	UID205827	1	1	0	0
1	1	UID205834	1	1	0	0
1	1	UID205840	1	1	0	0
1	1	UID205847	1	1	0	0
1	1	UID205851	1	1	0	0
3	3	UID205852	1	3	2	2
1	1	UID205861	1	1	0	0
1	1	UID205864	1	1	0	0
1	1	UID205874	1	1	0	0
1	1	UID205878	1	1	0	0
1	1	UID205887	1	1	0	0
1	1	UID205890	1	1	0	0
1	1	UID205896	1	1	0	0
1	1	UID205897	1	1	0	0
1	1	UID205898	1	1	0	0
1	1	UID205901	1	1	0	0
1	1	UID205902	1	1	0	0
1	1	UID205903	1	1	0	0
1	1	UID205906	1	1	0	0
1	1	UID205916	1	1	0	0
1	1	UID205917	1	1	0	0
1	1	UID205919	1	1	0	0
1	1	UID205921	1	1	0	0
1	1	UID205923	1	1	0	0
1	1	UID205924	1	1	0	0
1	1	UID205928	1	1	0	0
1	1	UID205933	1	1	0	0
1	1	UID205934	1	1	0	0
1	1	UID205935	1	1	0	0
1	1	UID205939	1	1	0	0
1	1	UID205940	1	1	0	0
1	1	UID205954	1	1	0	0
1	1	UID205958	1	1	0	0
1	1	UID205962	1	1	0	0
1	1	UID205963	1	1	0	0
1	1	UID205964	1	1	0	0
1	1	UID205966	1	1	0	0
1	1	UID205968	1	1	0	0
1	1	UID205970	1	1	0	0
1	1	UID205971	1	1	0	0
1	1	UID205977	1	1	0	0
1	1	UID205979	1	1	0	0
1	1	UID205980	1	1	0	0
1	1	UID205990	1	1	0	0
1	1	UID205996	1	1	0	0
1	1	UID206004	1	1	0	0
1	1	UID206012	1	1	0	0
1	1	UID206021	1	1	0	0
1	1	UID206023	1	1	0	0
1	1	UID206025	1	1	0	0
1	1	UID206026	1	1	0	0
1	1	UID206054	1	1	0	0
3	3	UID206060	1	3	2	2
1	1	UID206076	1	1	0	0
1	1	UID206078	1	1	0	0
1	1	UID206088	1	1	0	0
1	1	UID206092	1	1	0	0
1	1	UID206093	1	1	0	0
1	1	UID206100	1	1	0	0
1	1	UID206101	1	1	0	0
1	1	UID206111	1	1	0	0
1	1	UID206118	1	1	0	0
1	1	UID206123	1	1	0	0
1	1	UID206124	1	1	0	0
1	1	UID206125	1	1	0	0
1	1	UID206130	1	1	0	0
1	1	UID206131	1	1	0	0
1	1	UID206132	1	1	0	0
1	1	UID206133	1	1	0	0
1	1	UID206134	1	1	0	0
1	1	UID206138	1	1	0	0
1	1	UID206140	1	1	0	0
1	1	UID206155	1	1	0	0
1	1	UID206166	1	1	0	0
1	1	UID206167	1	1	0	0
1	1	UID206179	1	1	0	0
1	1	UID206189	1	1	0	0
1	1	UID206202	1	1	0	0
1	1	UID206221	1	1	0	0
1	1	UID206222	1	1	0	0
1	1	UID206224	1	1	0	0
1	1	UID206227	1	1	0	0
1	1	UID206228	1	1	0	0
1	1	UID206234	1	1	0	0
1	1	UID206235	1	1	0	0
1	1	UID206236	1	1	0	0
1	1	UID206238	1	1	0	0
1	1	UID206240	1	1	0	0
1	1	UID206243	1	1	0	0
1	1	UID206244	1	1	0	0
1	1	UID206247	1	1	0	0
1	1	UID206250	1	1	0	0
1	1	UID206259	1	1	0	0
1	1	UID206262	1	1	0	0
1	1	UID206263	1	1	0	0
1	1	UID206264	1	1	0	0
1	1	UID206266	1	1	0	0
1	1	UID206267	1	1	0	0
1	1	UID206271	1	1	0	0
1	1	UID206272	1	1	0	0
1	1	UID206276	1	1	0	0
1	1	UID206289	1	1	0	0
1	1	UID206303	1	1	0	0
1	1	UID206309	1	1	0	0
1	1	UID206311	1	1	0	0
1	1	UID206312	1	1	0	0
1	1	UID206319	1	1	0	0
1	1	UID206320	1	1	0	0
1	1	UID206329	1	1	0	0
1	1	UID206333	1	1	0	0
1	1	UID206335	1	1	0	0
1	1	UID206337	1	1	0	0
1	1	UID206338	1	1	0	0
1	1	UID206340	1	1	0	0
1	1	UID206345	1	1	0	0
1	1	UID206346	1	1	0	0
1	1	UID206348	1	1	0	0
1	1	UID206349	1	1	0	0
1	1	UID206353	1	1	0	0
1	1	UID206354	1	1	0	0
1	1	UID206356	1	1	0	0
1	1	UID206373	1	1	0	0
1	1	UID206378	1	1	0	0
1	1	UID206381	1	1	0	0
1	1	UID206384	1	1	0	0
1	1	UID206385	1	1	0	0
1	1	UID206386	1	1	0	0
1	1	UID206387	1	1	0	0
1	1	UID206388	1	1	0	0
1	1	UID206389	1	1	0	0
1	1	UID206401	1	1	0	0
1	1	UID206402	1	1	0	0
1	1	UID206403	1	1	0	0
1	1	UID206406	1	1	0	0
1	1	UID206410	1	1	0	0
1	1	UID206411	1	1	0	0
1	1	UID206412	1	1	0	0
1	1	UID206413	1	1	0	0
1	1	UID206414	1	1	0	0
1	1	UID206419	1	1	0	0
1	1	UID206425	1	1	0	0
1	1	UID206426	1	1	0	0
1	1	UID206429	1	1	0	0
1	1	UID206432	1	1	0	0
1	1	UID206442	1	1	0	0
1	1	UID206448	1	1	0	0
1	1	UID206449	1	1	0	0
1	1	UID206450	1	1	0	0
4	4	UID206452	1	4	2	2
1	1	UID206458	1	1	0	0
1	1	UID206459	1	1	0	0
1	1	UID206460	1	1	0	0
1	1	UID206462	1	1	0	0
1	1	UID206463	1	1	0	0
1	1	UID206464	1	1	0	0
1	1	UID206465	1	1	0	0
1	1	UID206469	1	1	0	0
1	1	UID206471	1	1	0	0
1	1	UID206472	1	1	0	0
1	1	UID206480	1	1	0	0
1	1	UID206492	1	1	0	0
1	1	UID206493	1	1	0	0
1	1	UID206494	1	1	0	0
1	1	UID206499	1	1	0	0
1	1	UID206519	1	1	0	0
1	1	UID206520	1	1	0	0
1	1	UID206521	1	1	0	0
1	1	UID206522	1	1	0	0
1	1	UID206523	1	1	0	0
1	1	UID206524	1	1	0	0
1	1	UID206525	1	1	0	0
1	1	UID206526	1	1	0	0
1	1	UID206527	1	1	0	0
1	1	UID206528	1	1	0	0
1	1	UID206529	1	1	0	0
1	1	UID206539	1	1	0	0
1	1	UID206540	1	1	0	0
1	1	UID206542	1	1	0	0
1	1	UID206544	1	1	0	0
1	1	UID206547	1	1	0	0
1	1	UID206548	1	1	0	0
1	1	UID206550	1	1	0	0
1	1	UID206554	1	1	0	0
1	1	UID206555	1	1	0	0
1	1	UID206557	1	1	0	0
1	1	UID206561	1	1	0	0
1	1	UID206562	1	1	0	0
1	1	UID206566	1	1	0	0
1	1	UID206585	1	1	0	0
1	1	UID206587	1	1	0	0
1	1	UID206590	1	1	0	0
1	1	UID206591	1	1	0	0
1	1	UID206592	1	1	0	0
1	1	UID206593	1	1	0	0
1	1	UID206595	1	1	0	0
1	1	UID206599	1	1	0	0
1	1	UID206602	1	1	0	0
1	1	UID206603	1	1	0	0
1	1	UID206609	1	1	0	0
1	1	UID206611	1	1	0	0
1	1	UID206613	1	1	0	0
1	1	UID206616	1	1	0	0
1	1	UID206620	1	1	0	0
1	1	UID206632	1	1	0	0
1	1	UID206635	1	1	0	0
1	1	UID206638	1	1	0	0
1	1	UID206641	1	1	0	0
1	1	UID206648	1	1	0	0
1	1	UID206649	1	1	0	0
1	1	UID206653	1	1	0	0
1	1	UID206656	1	1	0	0
1	1	UID206659	1	1	0	0
1	1	UID206663	1	1	0	0
1	1	UID206670	1	1	0	0
1	1	UID206671	1	1	0	0
1	1	UID206675	1	1	0	0
1	1	UID206676	1	1	0	0
1	1	UID206683	1	1	0	0
1	1	UID206707	1	1	0	0
1	1	UID206709	1	1	0	0
1	1	UID206710	1	1	0	0
1	1	UID206711	1	1	0	0
1	1	UID206713	1	1	0	0
1	1	UID206715	1	1	0	0
1	1	UID206717	1	1	0	0
1	1	UID206719	1	1	0	0
1	1	UID206726	1	1	0	0
1	1	UID206727	1	1	0	0
1	1	UID206728	1	1	0	0
1	1	UID206729	1	1	0	0
1	1	UID206731	1	1	0	0
1	1	UID206733	1	1	0	0
1	1	UID206735	1	1	0	0
1	1	UID206741	1	1	0	0
1	1	UID206746	1	1	0	0
1	1	UID206747	1	1	0	0
1	1	UID206754	1	1	0	0
1	1	UID206755	1	1	0	0
1	1	UID206766	1	1	0	0
1	1	UID206772	1	1	0	0
1	1	UID206774	1	1	0	0
1	1	UID206775	1	1	0	0
1	1	UID206783	1	1	0	0
1	1	UID206785	1	1	0	0
1	1	UID206791	1	1	0	0
1	1	UID206824	1	1	0	0
1	1	UID206827	1	1	0	0
1	1	UID206829	1	1	0	0
1	1	UID206833	1	1	0	0
1	1	UID206834	1	1	0	0
1	1	UID206835	1	1	0	0
1	1	UID206837	1	1	0	0
1	1	UID206838	1	1	0	0
1	1	UID206839	1	1	0	0
1	1	UID206841	1	1	0	0
1	1	UID206842	1	1	0	0
1	1	UID206844	1	1	0	0
1	1	UID206847	1	1	0	0
1	1	UID206848	1	1	0	0
1	1	UID206869	1	1	0	0
1	1	UID206870	1	1	0	0
1	1	UID206875	1	1	0	0
1	1	UID206877	1	1	0	0
1	1	UID206879	1	1	0	0
1	1	UID206886	1	1	0	0
1	1	UID206888	1	1	0	0
1	1	UID206889	1	1	0	0
1	1	UID206894	1	1	0	0
1	1	UID206895	1	1	0	0
1	1	UID206900	1	1	0	0
1	1	UID206901	1	1	0	0
1	1	UID206902	1	1	0	0
1	1	UID206905	1	1	0	0
1	1	UID206906	1	1	0	0
1	1	UID206907	1	1	0	0
1	1	UID206910	1	1	0	0
1	1	UID206911	1	1	0	0
1	1	UID206912	1	1	0	0
1	1	UID206913	1	1	0	0
1	1	UID206914	1	1	0	0
1	1	UID206915	1	1	0	0
1	1	UID206916	1	1	0	0
1	1	UID206919	1	1	0	0
1	1	UID206920	1	1	0	0
1	1	UID206922	1	1	0	0
1	1	UID206923	1	1	0	0
1	1	UID206924	1	1	0	0
1	1	UID206929	1	1	0	0
1	1	UID206930	1	1	0	0
1	1	UID206945	1	1	0	0
1	1	UID206946	1	1	0	0
1	1	UID206948	1	1	0	0
1	1	UID206951	1	1	0	0
1	1	UID206960	1	1	0	0
1	1	UID206961	1	1	0	0
1	1	UID206962	1	1	0	0
1	1	UID206968	1	1	0	0
1	1	UID206969	1	1	0	0
1	1	UID206971	1	1	0	0
1	1	UID206972	1	1	0	0
1	1	UID206974	1	1	0	0
1	1	UID206975	1	1	0	0
1	1	UID206980	1	1	0	0
1	1	UID206987	1	1	0	0
1	1	UID206988	1	1	0	0
1	1	UID206995	1	1	0	0
1	1	UID206996	1	1	0	0
1	1	UID206997	1	1	0	0
1	1	UID206998	1	1	0	0
1	1	UID207009	1	1	0	0
1	1	UID207011	1	1	0	0
1	1	UID207013	1	1	0	0
1	1	UID207017	1	1	0	0
1	1	UID207028	1	1	0	0
1	1	UID207029	1	1	0	0
2	2	UID207033	1	2	1	1
1	1	UID207041	1	1	0	0
1	1	UID207043	1	1	0	0
1	1	UID207053	1	1	0	0
1	1	UID207055	1	1	0	0
1	1	UID207056	1	1	0	0
1	1	UID207060	1	1	0	0
1	1	UID207062	1	1	0	0
1	1	UID207080	1	1	0	0
1	1	UID207082	1	1	0	0
1	1	UID207084	1	1	0	0
1	1	UID207085	1	1	0	0
1	1	UID207095	1	1	0	0
1	1	UID207097	1	1	0	0
1	1	UID207103	1	1	0	0
1	1	UID207107	1	1	0	0
1	1	UID207112	1	1	0	0
1	1	UID207135	1	1	0	0
1	1	UID207136	1	1	0	0
1	1	UID207142	1	1	0	0
1	1	UID207143	1	1	0	0
1	1	UID207147	1	1	0	0
1	1	UID207148	1	1	0	0
1	1	UID207156	1	1	0	0
1	1	UID207162	1	1	0	0
1	1	UID207171	1	1	0	0
1	1	UID207172	1	1	0	0
1	1	UID207175	1	1	0	0
1	1	UID207179	1	1	0	0
1	1	UID207187	1	1	0	0
1	1	UID207193	1	1	0	0
1	1	UID207197	1	1	0	0
1	1	UID207199	1	1	0	0
1	1	UID207201	1	1	0	0
1	1	UID207203	1	1	0	0
1	1	UID207204	1	1	0	0
1	1	UID207209	1	1	0	0
1	1	UID207224	1	1	0	0
1	1	UID207226	1	1	0	0
1	1	UID207227	1	1	0	0
1	1	UID207228	1	1	0	0
1	1	UID207229	1	1	0	0
1	1	UID207232	1	1	0	0
1	1	UID207233	1	1	0	0
1	1	UID207234	1	1	0	0
1	1	UID207238	1	1	0	0
1	1	UID207244	1	1	0	0
1	1	UID207251	1	1	0	0
1	1	UID207257	1	1	0	0
1	1	UID207269	1	1	0	0
1	1	UID207272	1	1	0	0
1	1	UID207273	1	1	0	0
1	1	UID207274	1	1	0	0
1	1	UID207276	1	1	0	0
1	1	UID207284	1	1	0	0
1	1	UID207287	1	1	0	0
1	1	UID207288	1	1	0	0
1	1	UID207290	1	1	0	0
1	1	UID207291	1	1	0	0
1	1	UID207292	1	1	0	0
1	1	UID207295	1	1	0	0
1	1	UID207296	1	1	0	0
1	1	UID207300	1	1	0	0
1	1	UID207302	1	1	0	0
1	1	UID207346	1	1	0	0
1	1	UID207348	1	1	0	0
1	1	UID207352	1	1	0	0
1	1	UID207358	1	1	0	0
1	1	UID207363	1	1	0	0
1	1	UID207365	1	1	0	0
1	1	UID207366	1	1	0	0
1	1	UID207367	1	1	0	0
1	1	UID207371	1	1	0	0
1	1	UID207372	1	1	0	0
1	1	UID207376	1	1	0	0
1	1	UID207388	1	1	0	0
1	1	UID207396	1	1	0	0
1	1	UID207405	1	1	0	0
1	1	UID207406	1	1	0	0
1	1	UID207408	1	1	0	0
1	1	UID207416	1	1	0	0
1	1	UID207448	1	1	0	0
1	1	UID207450	1	1	0	0
1	1	UID207452	1	1	0	0
1	1	UID207455	1	1	0	0
1	1	UID207457	1	1	0	0
1	1	UID207468	1	1	0	0
1	1	UID207470	1	1	0	0
1	1	UID207472	1	1	0	0
1	1	UID207473	1	1	0	0
1	1	UID207482	1	1	0	0
1	1	UID207494	1	1	0	0
1	1	UID207496	1	1	0	0
1	1	UID207497	1	1	0	0
1	1	UID207501	1	1	0	0
1	1	UID207517	1	1	0	0
1	1	UID207519	1	1	0	0
1	1	UID207523	1	1	0	0
1	1	UID207524	1	1	0	0
1	1	UID207525	1	1	0	0
1	1	UID207526	1	1	0	0
1	1	UID207542	1	1	0	0
1	1	UID207543	1	1	0	0
1	1	UID207544	1	1	0	0
1	1	UID207545	1	1	0	0
1	1	UID207548	1	1	0	0
1	1	UID207555	1	1	0	0
1	1	UID207556	1	1	0	0
1	1	UID207557	1	1	0	0
1	1	UID207559	1	1	0	0
1	1	UID207561	1	1	0	0
1	1	UID207562	1	1	0	0
1	1	UID207564	1	1	0	0
1	1	UID207567	1	1	0	0
1	1	UID207568	1	1	0	0
1	1	UID207569	1	1	0	0
1	1	UID207606	1	1	0	0
1	1	UID207607	1	1	0	0
1	1	UID207608	1	1	0	0
1	1	UID207614	1	1	0	0
1	1	UID207615	1	1	0	0
1	1	UID207616	1	1	0	0
1	1	UID207617	1	1	0	0
1	1	UID207618	1	1	0	0
1	1	UID207629	1	1	0	0
1	1	UID207643	1	1	0	0
1	1	UID207645	1	1	0	0
1	1	UID207650	1	1	0	0
1	1	UID207657	1	1	0	0
1	1	UID207659	1	1	0	0
1	1	UID207666	1	1	0	0
1	1	UID207674	1	1	0	0
1	1	UID207677	1	1	0	0
1	1	UID207680	1	1	0	0
1	1	UID207682	1	1	0	0
1	1	UID207693	1	1	0	0
1	1	UID207700	1	1	0	0
1	1	UID207702	1	1	0	0
1	1	UID207709	1	1	0	0
1	1	UID207710	1	1	0	0
1	1	UID207711	1	1	0	0
1	1	UID207712	1	1	0	0
1	1	UID207727	1	1	0	0
1	1	UID207729	1	1	0	0
1	1	UID207736	1	1	0	0
1	1	UID207743	1	1	0	0
1	1	UID207786	1	1	0	0
1	1	UID207794	1	1	0	0
1	1	UID207797	1	1	0	0
1	1	UID207798	1	1	0	0
1	1	UID207799	1	1	0	0
1	1	UID207800	1	1	0	0
1	1	UID207804	1	1	0	0
1	1	UID207805	1	1	0	0
1	1	UID207809	1	1	0	0
1	1	UID207819	1	1	0	0
1	1	UID207820	1	1	0	0
1	1	UID207833	1	1	0	0
1	1	UID207872	1	1	0	0
1	1	UID207873	1	1	0	0
1	1	UID207875	1	1	0	0
1	1	UID207906	1	1	0	0
1	1	UID207910	1	1	0	0
1	1	UID207918	1	1	0	0
1	1	UID207919	1	1	0	0
1	1	UID207921	1	1	0	0
1	1	UID207925	1	1	0	0
1	1	UID207926	1	1	0	0
1	1	UID207930	1	1	0	0
1	1	UID207938	1	1	0	0
1	1	UID207939	1	1	0	0
1	1	UID207953	1	1	0	0
1	1	UID207956	1	1	0	0
1	1	UID207960	1	1	0	0
1	1	UID207969	1	1	0	0
1	1	UID207990	1	1	0	0
1	1	UID207991	1	1	0	0
1	1	UID207993	1	1	0	0
1	1	UID207995	1	1	0	0
1	1	UID207997	1	1	0	0
1	1	UID207998	1	1	0	0
1	1	UID208002	1	1	0	0
1	1	UID208005	1	1	0	0
1	1	UID208019	1	1	0	0
1	1	UID208024	1	1	0	0
1	1	UID208041	1	1	0	0
1	1	UID208047	1	1	0	0
1	1	UID208048	1	1	0	0
1	1	UID208049	1	1	0	0
1	1	UID208050	1	1	0	0
1	1	UID208051	1	1	0	0
1	1	UID208052	1	1	0	0
1	1	UID208053	1	1	0	0
1	1	UID208057	1	1	0	0
1	1	UID208073	1	1	0	0
1	1	UID208092	1	1	0	0
1	1	UID208114	1	1	0	0
1	1	UID208123	1	1	0	0
1	1	UID208130	1	1	0	0
1	1	UID208137	1	1	0	0
1	1	UID208140	1	1	0	0
1	1	UID208141	1	1	0	0
1	1	UID208142	1	1	0	0
1	1	UID208145	1	1	0	0
1	1	UID208146	1	1	0	0
1	1	UID208147	1	1	0	0
1	1	UID208156	1	1	0	0
1	1	UID208162	1	1	0	0
1	1	UID208171	1	1	0	0
1	1	UID208175	1	1	0	0
1	1	UID208195	1	1	0	0
1	1	UID208198	1	1	0	0
1	1	UID208199	1	1	0	0
1	1	UID208206	1	1	0	0
1	1	UID208228	1	1	0	0
1	1	UID208239	1	1	0	0
1	1	UID208246	1	1	0	0
1	1	UID208264	1	1	0	0
1	1	UID208266	1	1	0	0
1	1	UID208278	1	1	0	0
1	1	UID208280	1	1	0	0
1	1	UID208315	1	1	0	0
1	1	UID208384	1	1	0	0
1	1	UID208413	1	1	0	0
1	1	UID208441	1	1	0	0
1	1	UID208443	1	1	0	0
1	1	UID208458	1	1	0	0
1	1	UID208518	1	1	0	0
1	1	UID208519	1	1	0	0
1	1	UID208719	1	1	0	0
1	1	UID208755	1	1	0	0
1	1	UID208832	1	1	0	0
1	1	UID208840	1	1	0	0
1	1	UID208844	1	1	0	0
1	1	UID208849	1	1	0	0
1	1	UID208851	1	1	0	0
1	1	UID208866	1	1	0	0
1	1	UID208872	1	1	0	0
1	1	UID208873	1	1	0	0
1	1	UID208883	1	1	0	0
1	1	UID208885	1	1	0	0
1	1	UID208886	1	1	0	0
1	1	UID208888	1	1	0	0
1	1	UID208892	1	1	0	0
1	1	UID208896	1	1	0	0
1	1	UID208900	1	1	0	0
1	1	UID208911	1	1	0	0
1	1	UID208916	1	1	0	0
1	1	UID208918	1	1	0	0
1	1	UID208919	1	1	0	0
1	1	UID208924	1	1	0	0
1	1	UID208928	1	1	0	0
1	1	UID208929	1	1	0	0
1	1	UID208930	1	1	0	0
1	1	UID208943	1	1	0	0
1	1	UID208946	1	1	0	0
1	1	UID208948	1	1	0	0
1	1	UID208958	1	1	0	0
1	1	UID208968	1	1	0	0
1	1	UID208973	1	1	0	0
1	1	UID208993	1	1	0	0
1	1	UID208999	1	1	0	0
1	1	UID209000	1	1	0	0
1	1	UID209001	1	1	0	0
1	1	UID209017	1	1	0	0
1	1	UID209026	1	1	0	0
1	1	UID209033	1	1	0	0
1	1	UID209035	1	1	0	0
1	1	UID209036	1	1	0	0
1	1	UID209063	1	1	0	0
1	1	UID209064	1	1	0	0
1	1	UID209100	1	1	0	0
1	1	UID209104	1	1	0	0
1	1	UID209106	1	1	0	0
1	1	UID209150	1	1	0	0
1	1	UID209174	1	1	0	0
1	1	UID209178	1	1	0	0
1	1	UID209184	1	1	0	0
1	1	UID209186	1	1	0	0
1	1	UID209205	1	1	0	0
1	1	UID209221	1	1	0	0
1	1	UID209231	1	1	0	0
1	1	UID209243	1	1	0	0
1	1	UID209248	1	1	0	0
1	1	UID209259	1	1	0	0
1	1	UID209267	1	1	0	0
1	1	UID209284	1	1	0	0
1	1	UID209288	1	1	0	0
1	1	UID209291	1	1	0	0
1	1	UID209305	1	1	0	0
1	1	UID209314	1	1	0	0
1	1	UID209322	1	1	0	0
1	1	UID209323	1	1	0	0
1	1	UID209324	1	1	0	0
1	1	UID209325	1	1	0	0
1	1	UID209328	1	1	0	0
1	1	UID209335	1	1	0	0
1	1	UID209342	1	1	0	0
1	1	UID209354	1	1	0	0
1	1	UID209358	1	1	0	0
1	1	UID209360	1	1	0	0
1	1	UID209374	1	1	0	0
1	1	UID209376	1	1	0	0
1	1	UID209377	1	1	0	0
1	1	UID209386	1	1	0	0
1	1	UID209388	1	1	0	0
1	1	UID209390	1	1	0	0
1	1	UID209391	1	1	0	0
1	1	UID209397	1	1	0	0
1	1	UID209399	1	1	0	0
1	1	UID209401	1	1	0	0
1	1	UID209402	1	1	0	0
1	1	UID209403	1	1	0	0
1	1	UID209409	1	1	0	0
1	1	UID209410	1	1	0	0
1	1	UID209411	1	1	0	0
1	1	UID209413	1	1	0	0
1	1	UID209424	1	1	0	0
1	1	UID209425	1	1	0	0
1	1	UID209430	1	1	0	0
1	1	UID209431	1	1	0	0
1	1	UID209440	1	1	0	0
1	1	UID209441	1	1	0	0
1	1	UID209450	1	1	0	0
1	1	UID209452	1	1	0	0
1	1	UID209455	1	1	0	0
1	1	UID209456	1	1	0	0
1	1	UID209458	1	1	0	0
1	1	UID209463	1	1	0	0
1	1	UID209465	1	1	0	0
1	1	UID209467	1	1	0	0
1	1	UID209469	1	1	0	0
1	1	UID209485	1	1	0	0
1	1	UID209486	1	1	0	0
2	2	UID209524	1	2	1	1
1	1	UID209538	1	1	0	0
1	1	UID209541	1	1	0	0
3	3	UID209542	1	3	2	2
1	1	UID209547	1	1	0	0
1	1	UID209549	1	1	0	0
1	1	UID209551	1	1	0	0
1	1	UID209554	1	1	0	0
1	1	UID209558	1	1	0	0
1	1	UID209559	1	1	0	0
1	1	UID209560	1	1	0	0
1	1	UID209564	1	1	0	0
1	1	UID209584	1	1	0	0
1	1	UID209586	1	1	0	0
1	1	UID209589	1	1	0	0
1	1	UID209590	1	1	0	0
1	1	UID209595	1	1	0	0
1	1	UID209622	1	1	0	0
1	1	UID209623	1	1	0	0
1	1	UID209625	1	1	0	0
1	1	UID209628	1	1	0	0
1	1	UID209630	1	1	0	0
1	1	UID209631	1	1	0	0
1	1	UID209633	1	1	0	0
1	1	UID209634	1	1	0	0
1	1	UID209635	1	1	0	0
1	1	UID209644	1	1	0	0
1	1	UID209646	1	1	0	0
1	1	UID209651	1	1	0	0
1	1	UID209652	1	1	0	0
1	1	UID209653	1	1	0	0
1	1	UID209661	1	1	0	0
1	1	UID209662	1	1	0	0
1	1	UID209663	1	1	0	0
1	1	UID209672	1	1	0	0
1	1	UID209676	1	1	0	0
1	1	UID209679	1	1	0	0
1	1	UID209690	1	1	0	0
1	1	UID209695	1	1	0	0
1	1	UID209696	1	1	0	0
1	1	UID209698	1	1	0	0
1	1	UID209699	1	1	0	0
1	1	UID209711	1	1	0	0
1	1	UID209715	1	1	0	0
1	1	UID209724	1	1	0	0
1	1	UID209725	1	1	0	0
1	1	UID209731	1	1	0	0
1	1	UID209733	1	1	0	0
1	1	UID209735	1	1	0	0
1	1	UID209751	1	1	0	0
1	1	UID209753	1	1	0	0
1	1	UID209755	1	1	0	0
1	1	UID209757	1	1	0	0
1	1	UID209779	1	1	0	0
1	1	UID209784	1	1	0	0
1	1	UID209788	1	1	0	0
1	1	UID209791	1	1	0	0
1	1	UID209804	1	1	0	0
1	1	UID209808	1	1	0	0
1	1	UID209811	1	1	0	0
1	1	UID209814	1	1	0	0
1	1	UID209820	1	1	0	0
1	1	UID209822	1	1	0	0
1	1	UID209823	1	1	0	0
1	1	UID209827	1	1	0	0
1	1	UID209828	1	1	0	0
1	1	UID209836	1	1	0	0
1	1	UID209837	1	1	0	0
1	1	UID209839	1	1	0	0
1	1	UID209842	1	1	0	0
1	1	UID209845	1	1	0	0
1	1	UID209846	1	1	0	0
1	1	UID209847	1	1	0	0
1	1	UID209849	1	1	0	0
1	1	UID209850	1	1	0	0
1	1	UID209852	1	1	0	0
1	1	UID209857	1	1	0	0
1	1	UID209871	1	1	0	0
1	1	UID209874	1	1	0	0
1	1	UID209876	1	1	0	0
1	1	UID209878	1	1	0	0
1	1	UID209879	1	1	0	0
1	1	UID209880	1	1	0	0
1	1	UID209881	1	1	0	0
6	6	UID209885	1	6	2	2
1	1	UID209887	1	1	0	0
1	1	UID209889	1	1	0	0
1	1	UID209891	1	1	0	0
1	1	UID209895	1	1	0	0
1	1	UID209897	1	1	0	0
1	1	UID209903	1	1	0	0
1	1	UID209904	1	1	0	0
1	1	UID209905	1	1	0	0
1	1	UID209909	1	1	0	0
1	1	UID209913	1	1	0	0
1	1	UID209916	1	1	0	0
1	1	UID209921	1	1	0	0
1	1	UID209922	1	1	0	0
1	1	UID209923	1	1	0	0
1	1	UID209925	1	1	0	0
1	1	UID209926	1	1	0	0
1	1	UID209929	1	1	0	0
1	1	UID209930	1	1	0	0
1	1	UID209944	1	1	0	0
1	1	UID209946	1	1	0	0
1	1	UID209947	1	1	0	0
1	1	UID209954	1	1	0	0
1	1	UID209955	1	1	0	0
1	1	UID209956	1	1	0	0
1	1	UID209957	1	1	0	0
1	1	UID209962	1	1	0	0
1	1	UID209963	1	1	0	0
1	1	UID209965	1	1	0	0
1	1	UID209966	1	1	0	0
1	1	UID209967	1	1	0	0
1	1	UID209978	1	1	0	0
1	1	UID209980	1	1	0	0
1	1	UID209984	1	1	0	0
1	1	UID209985	1	1	0	0
1	1	UID210000	1	1	0	0
1	1	UID210006	1	1	0	0
1	1	UID210007	1	1	0	0
1	1	UID210010	1	1	0	0
1	1	UID210012	1	1	0	0
1	1	UID210013	1	1	0	0
1	1	UID210016	1	1	0	0
1	1	UID210017	1	1	0	0
1	1	UID210018	1	1	0	0
1	1	UID210019	1	1	0	0
1	1	UID210020	1	1	0	0
1	1	UID210021	1	1	0	0
1	1	UID210022	1	1	0	0
1	1	UID210023	1	1	0	0
1	1	UID210025	1	1	0	0
1	1	UID210026	1	1	0	0
1	1	UID210027	1	1	0	0
1	1	UID210028	1	1	0	0
1	1	UID210029	1	1	0	0
1	1	UID210032	1	1	0	0
1	1	UID210033	1	1	0	0
1	1	UID210035	1	1	0	0
1	1	UID210036	1	1	0	0
1	1	UID210038	1	1	0	0
1	1	UID210039	1	1	0	0
1	1	UID210046	1	1	0	0
1	1	UID210048	1	1	0	0
1	1	UID210052	1	1	0	0
1	1	UID210055	1	1	0	0
1	1	UID210056	1	1	0	0
1	1	UID210057	1	1	0	0
1	1	UID210060	1	1	0	0
1	1	UID210063	1	1	0	0
1	1	UID210081	1	1	0	0
1	1	UID210082	1	1	0	0
1	1	UID210085	1	1	0	0
1	1	UID210103	1	1	0	0
1	1	UID210104	1	1	0	0
1	1	UID210110	1	1	0	0
1	1	UID210112	1	1	0	0
1	1	UID210113	1	1	0	0
1	1	UID210115	1	1	0	0
1	1	UID210119	1	1	0	0
1	1	UID210120	1	1	0	0
1	1	UID210124	1	1	0	0
1	1	UID210125	1	1	0	0
1	1	UID210127	1	1	0	0
1	1	UID210128	1	1	0	0
1	1	UID210130	1	1	0	0
1	1	UID210141	1	1	0	0
1	1	UID210146	1	1	0	0
1	1	UID210148	1	1	0	0
1	1	UID210149	1	1	0	0
1	1	UID210151	1	1	0	0
1	1	UID210157	1	1	0	0
1	1	UID210164	1	1	0	0
1	1	UID210165	1	1	0	0
1	1	UID210178	1	1	0	0
1	1	UID210182	1	1	0	0
1	1	UID210186	1	1	0	0
1	1	UID210187	1	1	0	0
1	1	UID210190	1	1	0	0
1	1	UID210191	1	1	0	0
1	1	UID210193	1	1	0	0
1	1	UID210194	1	1	0	0
1	1	UID210219	1	1	0	0
1	1	UID210221	1	1	0	0
1	1	UID210229	1	1	0	0
1	1	UID210230	1	1	0	0
1	1	UID210231	1	1	0	0
1	1	UID210232	1	1	0	0
1	1	UID210233	1	1	0	0
1	1	UID210234	1	1	0	0
1	1	UID210235	1	1	0	0
1	1	UID210238	1	1	0	0
1	1	UID210241	1	1	0	0
1	1	UID210242	1	1	0	0
1	1	UID210245	1	1	0	0
1	1	UID210258	1	1	0	0
1	1	UID210264	1	1	0	0
1	1	UID210265	1	1	0	0
1	1	UID210266	1	1	0	0
1	1	UID210267	1	1	0	0
4	4	UID210268	1	4	2	2
1	1	UID210271	1	1	0	0
1	1	UID210272	1	1	0	0
1	1	UID210273	1	1	0	0
1	1	UID210274	1	1	0	0
1	1	UID210275	1	1	0	0
1	1	UID210277	1	1	0	0
1	1	UID210278	1	1	0	0
1	1	UID210280	1	1	0	0
1	1	UID210281	1	1	0	0
1	1	UID210282	1	1	0	0
1	1	UID210283	1	1	0	0
1	1	UID210284	1	1	0	0
1	1	UID210285	1	1	0	0
1	1	UID210286	1	1	0	0
1	1	UID210290	1	1	0	0
1	1	UID210291	1	1	0	0
1	1	UID210292	1	1	0	0
1	1	UID210315	1	1	0	0
1	1	UID210316	1	1	0	0
1	1	UID210317	1	1	0	0
1	1	UID210318	1	1	0	0
1	1	UID210325	1	1	0	0
1	1	UID210326	1	1	0	0
1	1	UID210327	1	1	0	0
1	1	UID210328	1	1	0	0
1	1	UID210329	1	1	0	0
1	1	UID210331	1	1	0	0
1	1	UID210332	1	1	0	0
1	1	UID210334	1	1	0	0
1	1	UID210338	1	1	0	0
1	1	UID210339	1	1	0	0
1	1	UID210341	1	1	0	0
1	1	UID210342	1	1	0	0
1	1	UID210343	1	1	0	0
1	1	UID210345	1	1	0	0
1	1	UID210346	1	1	0	0
1	1	UID210351	1	1	0	0
1	1	UID210353	1	1	0	0
1	1	UID210355	1	1	0	0
1	1	UID210362	1	1	0	0
1	1	UID210365	1	1	0	0
1	1	UID210379	1	1	0	0
1	1	UID210380	1	1	0	0
1	1	UID210386	1	1	0	0
1	1	UID210391	1	1	0	0
1	1	UID210393	1	1	0	0
1	1	UID210395	1	1	0	0
1	1	UID210401	1	1	0	0
1	1	UID210412	1	1	0	0
1	1	UID210413	1	1	0	0
1	1	UID210416	1	1	0	0
1	1	UID210422	1	1	0	0
1	1	UID210426	1	1	0	0
1	1	UID210428	1	1	0	0
1	1	UID210429	1	1	0	0
1	1	UID210432	1	1	0	0
1	1	UID210441	1	1	0	0
1	1	UID210443	1	1	0	0
1	1	UID210447	1	1	0	0
1	1	UID210448	1	1	0	0
1	1	UID210449	1	1	0	0
1	1	UID210453	1	1	0	0
1	1	UID210454	1	1	0	0
1	1	UID210455	1	1	0	0
1	1	UID210456	1	1	0	0
1	1	UID210457	1	1	0	0
1	1	UID210459	1	1	0	0
1	1	UID210460	1	1	0	0
1	1	UID210471	1	1	0	0
1	1	UID210476	1	1	0	0
1	1	UID210477	1	1	0	0
1	1	UID210479	1	1	0	0
1	1	UID210483	1	1	0	0
1	1	UID210484	1	1	0	0
1	1	UID210485	1	1	0	0
1	1	UID210500	1	1	0	0
1	1	UID210503	1	1	0	0
1	1	UID210504	1	1	0	0
1	1	UID210513	1	1	0	0
1	1	UID210515	1	1	0	0
1	1	UID210516	1	1	0	0
1	1	UID210519	1	1	0	0
1	1	UID210521	1	1	0	0
1	1	UID210537	1	1	0	0
1	1	UID210547	1	1	0	0
1	1	UID210550	1	1	0	0
1	1	UID210553	1	1	0	0
1	1	UID210557	1	1	0	0
1	1	UID210558	1	1	0	0
1	1	UID210562	1	1	0	0
1	1	UID210564	1	1	0	0
1	1	UID210568	1	1	0	0
1	1	UID210569	1	1	0	0
1	1	UID210573	1	1	0	0
1	1	UID210599	1	1	0	0
1	1	UID210609	1	1	0	0
1	1	UID210611	1	1	0	0
1	1	UID210613	1	1	0	0
1	1	UID210627	1	1	0	0
1	1	UID210628	1	1	0	0
1	1	UID210629	1	1	0	0
1	1	UID210630	1	1	0	0
1	1	UID210633	1	1	0	0
1	1	UID210637	1	1	0	0
1	1	UID210640	1	1	0	0
1	1	UID210646	1	1	0	0
1	1	UID210648	1	1	0	0
1	1	UID210650	1	1	0	0
1	1	UID210665	1	1	0	0
1	1	UID210671	1	1	0	0
1	1	UID210672	1	1	0	0
1	1	UID210673	1	1	0	0
1	1	UID210676	1	1	0	0
1	1	UID210702	1	1	0	0
1	1	UID210704	1	1	0	0
1	1	UID210706	1	1	0	0
1	1	UID210710	1	1	0	0
1	1	UID210711	1	1	0	0
5	5	UID210713	1	5	2	2
1	1	UID210717	1	1	0	0
1	1	UID210721	1	1	0	0
1	1	UID210725	1	1	0	0
1	1	UID210732	1	1	0	0
1	1	UID210734	1	1	0	0
1	1	UID210736	1	1	0	0
1	1	UID210738	1	1	0	0
1	1	UID210739	1	1	0	0
1	1	UID210740	1	1	0	0
1	1	UID210741	1	1	0	0
1	1	UID210749	1	1	0	0
1	1	UID210754	1	1	0	0
1	1	UID210755	1	1	0	0
1	1	UID210766	1	1	0	0
1	1	UID210768	1	1	0	0
1	1	UID210772	1	1	0	0
1	1	UID210776	1	1	0	0
1	1	UID210778	1	1	0	0
1	1	UID210785	1	1	0	0
1	1	UID210797	1	1	0	0
1	1	UID210798	1	1	0	0
1	1	UID210802	1	1	0	0
1	1	UID210804	1	1	0	0
1	1	UID210805	1	1	0	0
1	1	UID210806	1	1	0	0
1	1	UID210807	1	1	0	0
1	1	UID210817	1	1	0	0
1	1	UID210818	1	1	0	0
1	1	UID210820	1	1	0	0
1	1	UID210821	1	1	0	0
1	1	UID210822	1	1	0	0
1	1	UID210840	1	1	0	0
1	1	UID210843	1	1	0	0
1	1	UID210846	1	1	0	0
1	1	UID210848	1	1	0	0
1	1	UID210856	1	1	0	0
1	1	UID210859	1	1	0	0
1	1	UID210870	1	1	0	0
1	1	UID210872	1	1	0	0
1	1	UID210873	1	1	0	0
1	1	UID210874	1	1	0	0
1	1	UID210881	1	1	0	0
1	1	UID210885	1	1	0	0
1	1	UID210900	1	1	0	0
1	1	UID210901	1	1	0	0
1	1	UID210905	1	1	0	0
1	1	UID210910	1	1	0	0
1	1	UID210911	1	1	0	0
1	1	UID210917	1	1	0	0
1	1	UID210919	1	1	0	0
1	1	UID210920	1	1	0	0
1	1	UID210932	1	1	0	0
1	1	UID210938	1	1	0	0
1	1	UID210941	1	1	0	0
1	1	UID210943	1	1	0	0
1	1	UID210944	1	1	0	0
1	1	UID210945	1	1	0	0
1	1	UID210946	1	1	0	0
1	1	UID210948	1	1	0	0
1	1	UID210949	1	1	0	0
1	1	UID210950	1	1	0	0
1	1	UID210951	1	1	0	0
1	1	UID210952	1	1	0	0
1	1	UID210953	1	1	0	0
1	1	UID210958	1	1	0	0
1	1	UID210971	1	1	0	0
1	1	UID210972	1	1	0	0
1	1	UID210980	1	1	0	0
1	1	UID210981	1	1	0	0
1	1	UID210982	1	1	0	0
1	1	UID210992	1	1	0	0
1	1	UID210998	1	1	0	0
1	1	UID211010	1	1	0	0
1	1	UID211018	1	1	0	0
1	1	UID211019	1	1	0	0
1	1	UID211022	1	1	0	0
1	1	UID211023	1	1	0	0
1	1	UID211024	1	1	0	0
1	1	UID211027	1	1	0	0
1	1	UID211028	1	1	0	0
1	1	UID211029	1	1	0	0
1	1	UID211033	1	1	0	0
1	1	UID211037	1	1	0	0
1	1	UID211038	1	1	0	0
1	1	UID211039	1	1	0	0
1	1	UID211040	1	1	0	0
1	1	UID211041	1	1	0	0
1	1	UID211042	1	1	0	0
1	1	UID211043	1	1	0	0
1	1	UID211044	1	1	0	0
1	1	UID211045	1	1	0	0
1	1	UID211050	1	1	0	0
1	1	UID211055	1	1	0	0
1	1	UID211056	1	1	0	0
1	1	UID211059	1	1	0	0
1	1	UID211060	1	1	0	0
1	1	UID211062	1	1	0	0
1	1	UID211064	1	1	0	0
1	1	UID211067	1	1	0	0
1	1	UID211069	1	1	0	0
1	1	UID211070	1	1	0	0
1	1	UID211072	1	1	0	0
1	1	UID211073	1	1	0	0
1	1	UID211074	1	1	0	0
1	1	UID211081	1	1	0	0
1	1	UID211083	1	1	0	0
1	1	UID211085	1	1	0	0
1	1	UID211086	1	1	0	0
1	1	UID211087	1	1	0	0
1	1	UID211088	1	1	0	0
1	1	UID211089	1	1	0	0
1	1	UID211091	1	1	0	0
1	1	UID211093	1	1	0	0
1	1	UID211095	1	1	0	0
1	1	UID211096	1	1	0	0
1	1	UID211099	1	1	0	0
1	1	UID211100	1	1	0	0
1	1	UID211102	1	1	0	0
1	1	UID211103	1	1	0	0
1	1	UID211107	1	1	0	0
1	1	UID211109	1	1	0	0
1	1	UID211110	1	1	0	0
1	1	UID211112	1	1	0	0
1	1	UID211113	1	1	0	0
1	1	UID211115	1	1	0	0
1	1	UID211117	1	1	0	0
1	1	UID211121	1	1	0	0
1	1	UID211122	1	1	0	0
1	1	UID211123	1	1	0	0
1	1	UID211124	1	1	0	0
1	1	UID211127	1	1	0	0
1	1	UID211128	1	1	0	0
1	1	UID211131	1	1	0	0
1	1	UID211132	1	1	0	0
1	1	UID211135	1	1	0	0
1	1	UID211137	1	1	0	0
1	1	UID211139	1	1	0	0
1	1	UID211140	1	1	0	0
1	1	UID211141	1	1	0	0
1	1	UID211145	1	1	0	0
1	1	UID211148	1	1	0	0
1	1	UID211149	1	1	0	0
1	1	UID211152	1	1	0	0
1	1	UID211153	1	1	0	0
1	1	UID211155	1	1	0	0
1	1	UID211157	1	1	0	0
1	1	UID211158	1	1	0	0
1	1	UID211159	1	1	0	0
1	1	UID211162	1	1	0	0
1	1	UID211163	1	1	0	0
1	1	UID211164	1	1	0	0
1	1	UID211165	1	1	0	0
1	1	UID211166	1	1	0	0
1	1	UID211174	1	1	0	0
1	1	UID211175	1	1	0	0
1	1	UID211177	1	1	0	0
1	1	UID211180	1	1	0	0
1	1	UID211181	1	1	0	0
1	1	UID211183	1	1	0	0
1	1	UID211184	1	1	0	0
1	1	UID211186	1	1	0	0
1	1	UID211187	1	1	0	0
1	1	UID211188	1	1	0	0
1	1	UID211189	1	1	0	0
1	1	UID211190	1	1	0	0
1	1	UID211191	1	1	0	0
1	1	UID211192	1	1	0	0
1	1	UID211193	1	1	0	0
1	1	UID211195	1	1	0	0
1	1	UID211196	1	1	0	0
1	1	UID211199	1	1	0	0
1	1	UID211201	1	1	0	0
1	1	UID211205	1	1	0	0
1	1	UID211206	1	1	0	0
1	1	UID211207	1	1	0	0
1	1	UID211208	1	1	0	0
1	1	UID211209	1	1	0	0
1	1	UID211210	1	1	0	0
1	1	UID211211	1	1	0	0
1	1	UID211212	1	1	0	0
1	1	UID211213	1	1	0	0
1	1	UID211214	1	1	0	0
1	1	UID211215	1	1	0	0
1	1	UID211216	1	1	0	0
1	1	UID211219	1	1	0	0
1	1	UID211220	1	1	0	0
1	1	UID211221	1	1	0	0
1	1	UID211222	1	1	0	0
1	1	UID211223	1	1	0	0
1	1	UID211225	1	1	0	0
1	1	UID211226	1	1	0	0
1	1	UID211227	1	1	0	0
1	1	UID211228	1	1	0	0
1	1	UID211229	1	1	0	0
1	1	UID211230	1	1	0	0
1	1	UID211231	1	1	0	0
1	1	UID211232	1	1	0	0
1	1	UID211233	1	1	0	0
1	1	UID211235	1	1	0	0
1	1	UID211237	1	1	0	0
1	1	UID211239	1	1	0	0
1	1	UID211241	1	1	0	0
1	1	UID211242	1	1	0	0
1	1	UID211243	1	1	0	0
1	1	UID211245	1	1	0	0
1	1	UID211246	1	1	0	0
1	1	UID211247	1	1	0	0
1	1	UID211251	1	1	0	0
1	1	UID211260	1	1	0	0
1	1	UID211261	1	1	0	0
1	1	UID211263	1	1	0	0
1	1	UID211302	1	1	0	0
1	1	UID211324	1	1	0	0
1	1	UID211325	1	1	0	0
1	1	UID211328	1	1	0	0
1	1	UID211332	1	1	0	0
1	1	UID211335	1	1	0	0
1	1	UID211336	1	1	0	0
1	1	UID211338	1	1	0	0
1	1	UID211339	1	1	0	0
1	1	UID211340	1	1	0	0
1	1	UID211341	1	1	0	0
1	1	UID211342	1	1	0	0
1	1	UID211343	1	1	0	0
1	1	UID211344	1	1	0	0
1	1	UID211345	1	1	0	0
1	1	UID211346	1	1	0	0
1	1	UID211347	1	1	0	0
1	1	UID211349	1	1	0	0
1	1	UID211350	1	1	0	0
1	1	UID211351	1	1	0	0
1	1	UID211352	1	1	0	0
1	1	UID211353	1	1	0	0
1	1	UID211354	1	1	0	0
1	1	UID211355	1	1	0	0
1	1	UID211356	1	1	0	0
1	1	UID211357	1	1	0	0
1	1	UID211358	1	1	0	0
1	1	UID211359	1	1	0	0
1	1	UID211360	1	1	0	0
1	1	UID211361	1	1	0	0
1	1	UID211362	1	1	0	0
1	1	UID211363	1	1	0	0
1	1	UID211364	1	1	0	0
1	1	UID211365	1	1	0	0
1	1	UID211367	1	1	0	0
1	1	UID211373	1	1	0	0
1	1	UID211374	1	1	0	0
1	1	UID211375	1	1	0	0
1	1	UID211376	1	1	0	0
1	1	UID211377	1	1	0	0
1	1	UID211380	1	1	0	0
1	1	UID211381	1	1	0	0
1	1	UID211382	1	1	0	0
1	1	UID211383	1	1	0	0
1	1	UID211387	1	1	0	0
2	2	UID211388	1	2	1	1
1	1	UID211389	1	1	0	0
1	1	UID211390	1	1	0	0
1	1	UID211391	1	1	0	0
1	1	UID211393	1	1	0	0
1	1	UID211394	1	1	0	0
1	1	UID211395	1	1	0	0
1	1	UID211396	1	1	0	0
1	1	UID211397	1	1	0	0
1	1	UID211402	1	1	0	0
1	1	UID211403	1	1	0	0
1	1	UID211404	1	1	0	0
1	1	UID211405	1	1	0	0
1	1	UID211406	1	1	0	0
1	1	UID211409	1	1	0	0
1	1	UID211410	1	1	0	0
1	1	UID211411	1	1	0	0
1	1	UID211413	1	1	0	0
1	1	UID211414	1	1	0	0
1	1	UID211415	1	1	0	0
1	1	UID211416	1	1	0	0
1	1	UID211417	1	1	0	0
1	1	UID211418	1	1	0	0
1	1	UID211419	1	1	0	0
1	1	UID211420	1	1	0	0
1	1	UID211421	1	1	0	0
1	1	UID211422	1	1	0	0
1	1	UID211423	1	1	0	0
1	1	UID211424	1	1	0	0
1	1	UID211425	1	1	0	0
1	1	UID211426	1	1	0	0
1	1	UID211427	1	1	0	0
1	1	UID211428	1	1	0	0
1	1	UID211431	1	1	0	0
1	1	UID211432	1	1	0	0
1	1	UID211433	1	1	0	0
1	1	UID211437	1	1	0	0
1	1	UID211438	1	1	0	0
1	1	UID211439	1	1	0	0
1	1	UID211440	1	1	0	0
1	1	UID211441	1	1	0	0
1	1	UID211442	1	1	0	0
1	1	UID211443	1	1	0	0
1	1	UID211447	1	1	0	0
1	1	UID211453	1	1	0	0
1	1	UID211456	1	1	0	0
1	1	UID211457	1	1	0	0
1	1	UID211458	1	1	0	0
1	1	UID211460	1	1	0	0
1	1	UID211462	1	1	0	0
1	1	UID211463	1	1	0	0
1	1	UID211464	1	1	0	0
1	1	UID211465	1	1	0	0
1	1	UID211466	1	1	0	0
1	1	UID211469	1	1	0	0
1	1	UID211470	1	1	0	0
1	1	UID211471	1	1	0	0
1	1	UID211472	1	1	0	0
1	1	UID211473	1	1	0	0
1	1	UID211474	1	1	0	0
1	1	UID211475	1	1	0	0
1	1	UID211477	1	1	0	0
1	1	UID211478	1	1	0	0
1	1	UID211479	1	1	0	0
1	1	UID211481	1	1	0	0
1	1	UID211483	1	1	0	0
1	1	UID211484	1	1	0	0
1	1	UID211487	1	1	0	0
1	1	UID211488	1	1	0	0
1	1	UID211490	1	1	0	0
1	1	UID211491	1	1	0	0
1	1	UID211492	1	1	0	0
1	1	UID211498	1	1	0	0
1	1	UID211499	1	1	0	0
1	1	UID211501	1	1	0	0
1	1	UID211502	1	1	0	0
1	1	UID211505	1	1	0	0
1	1	UID211506	1	1	0	0
1	1	UID211507	1	1	0	0
1	1	UID211510	1	1	0	0
1	1	UID211511	1	1	0	0
1	1	UID211514	1	1	0	0
1	1	UID211519	1	1	0	0
1	1	UID211531	1	1	0	0
1	1	UID211533	1	1	0	0
1	1	UID211535	1	1	0	0
1	1	UID211536	1	1	0	0
1	1	UID211551	1	1	0	0
1	1	UID211555	1	1	0	0
1	1	UID211559	1	1	0	0
1	1	UID211591	1	1	0	0
1	1	UID211592	1	1	0	0
1	1	UID211595	1	1	0	0
1	1	UID211602	1	1	0	0
1	1	UID211606	1	1	0	0
1	1	UID211609	1	1	0	0
1	1	UID211612	1	1	0	0
1	1	UID211642	1	1	0	0
1	1	UID211648	1	1	0	0
1	1	UID211674	1	1	0	0
1	1	UID211678	1	1	0	0
1	1	UID211679	1	1	0	0
1	1	UID211686	1	1	0	0
1	1	UID211688	1	1	0	0
1	1	UID211693	1	1	0	0
1	1	UID211694	1	1	0	0
1	1	UID211695	1	1	0	0
1	1	UID211697	1	1	0	0
1	1	UID211700	1	1	0	0
1	1	UID211701	1	1	0	0
1	1	UID211704	1	1	0	0
1	1	UID211705	1	1	0	0
1	1	UID211706	1	1	0	0
1	1	UID211708	1	1	0	0
1	1	UID211709	1	1	0	0
1	1	UID211710	1	1	0	0
1	1	UID211711	1	1	0	0
1	1	UID211712	1	1	0	0
1	1	UID211713	1	1	0	0
1	1	UID211714	1	1	0	0
1	1	UID211715	1	1	0	0
1	1	UID211716	1	1	0	0
1	1	UID211717	1	1	0	0
1	1	UID211718	1	1	0	0
1	1	UID211721	1	1	0	0
1	1	UID211722	1	1	0	0
1	1	UID211723	1	1	0	0
1	1	UID211725	1	1	0	0
1	1	UID211726	1	1	0	0
1	1	UID211727	1	1	0	0
1	1	UID211728	1	1	0	0
1	1	UID211730	1	1	0	0
1	1	UID211731	1	1	0	0
1	1	UID211732	1	1	0	0
1	1	UID211733	1	1	0	0
1	1	UID211734	1	1	0	0
1	1	UID211735	1	1	0	0
1	1	UID211736	1	1	0	0
1	1	UID211738	1	1	0	0
1	1	UID211739	1	1	0	0
1	1	UID211740	1	1	0	0
1	1	UID211741	1	1	0	0
1	1	UID211742	1	1	0	0
1	1	UID211743	1	1	0	0
1	1	UID211744	1	1	0	0
1	1	UID211745	1	1	0	0
1	1	UID211748	1	1	0	0
1	1	UID211749	1	1	0	0
1	1	UID211750	1	1	0	0
1	1	UID211751	1	1	0	0
1	1	UID211752	1	1	0	0
1	1	UID211756	1	1	0	0
1	1	UID211757	1	1	0	0
1	1	UID211758	1	1	0	0
1	1	UID211759	1	1	0	0
1	1	UID211761	1	1	0	0
1	1	UID211763	1	1	0	0
1	1	UID211765	1	1	0	0
1	1	UID211774	1	1	0	0
1	1	UID211785	1	1	0	0
1	1	UID211786	1	1	0	0
1	1	UID211789	1	1	0	0
1	1	UID211794	1	1	0	0
1	1	UID211796	1	1	0	0
1	1	UID211810	1	1	0	0
1	1	UID211815	1	1	0	0
1	1	UID211816	1	1	0	0
1	1	UID211819	1	1	0	0
1	1	UID211821	1	1	0	0
1	1	UID211823	1	1	0	0
1	1	UID211824	1	1	0	0
1	1	UID211825	1	1	0	0
1	1	UID211828	1	1	0	0
1	1	UID211829	1	1	0	0
1	1	UID211830	1	1	0	0
1	1	UID211831	1	1	0	0
1	1	UID211836	1	1	0	0
1	1	UID211837	1	1	0	0
1	1	UID211839	1	1	0	0
1	1	UID211840	1	1	0	0
1	1	UID211842	1	1	0	0
1	1	UID211844	1	1	0	0
1	1	UID211845	1	1	0	0
1	1	UID211846	1	1	0	0
1	1	UID211849	1	1	0	0
1	1	UID211850	1	1	0	0
1	1	UID211851	1	1	0	0
1	1	UID211852	1	1	0	0
1	1	UID211853	1	1	0	0
1	1	UID211854	1	1	0	0
1	1	UID211856	1	1	0	0
1	1	UID211859	1	1	0	0
1	1	UID211861	1	1	0	0
1	1	UID211862	1	1	0	0
1	1	UID211864	1	1	0	0
1	1	UID211866	1	1	0	0
1	1	UID211868	1	1	0	0
1	1	UID211869	1	1	0	0
1	1	UID211870	1	1	0	0
1	1	UID211873	1	1	0	0
1	1	UID211874	1	1	0	0
1	1	UID211875	1	1	0	0
1	1	UID211876	1	1	0	0
1	1	UID211877	1	1	0	0
1	1	UID211878	1	1	0	0
1	1	UID211879	1	1	0	0
1	1	UID211882	1	1	0	0
1	1	UID211883	1	1	0	0
1	1	UID211885	1	1	0	0
1	1	UID211887	1	1	0	0
1	1	UID211888	1	1	0	0
2	2	UID211891	1	2	1	1
1	1	UID211892	1	1	0	0
1	1	UID211893	1	1	0	0
1	1	UID211894	1	1	0	0
1	1	UID211895	1	1	0	0
1	1	UID211896	1	1	0	0
1	1	UID211897	1	1	0	0
1	1	UID211898	1	1	0	0
1	1	UID211899	1	1	0	0
2	2	UID211900	1	2	1	1
1	1	UID211902	1	1	0	0
1	1	UID211903	1	1	0	0
1	1	UID211904	1	1	0	0
1	1	UID211905	1	1	0	0
1	1	UID211906	1	1	0	0
1	1	UID211907	1	1	0	0
1	1	UID211908	1	1	0	0
1	1	UID211913	1	1	0	0
1	1	UID211915	1	1	0	0
1	1	UID211916	1	1	0	0
1	1	UID211917	1	1	0	0
1	1	UID211918	1	1	0	0
1	1	UID211919	1	1	0	0
1	1	UID211920	1	1	0	0
1	1	UID211921	1	1	0	0
2	2	UID211922	1	2	1	1
1	1	UID211924	1	1	0	0
1	1	UID211925	1	1	0	0
1	1	UID211927	1	1	0	0
1	1	UID211928	1	1	0	0
1	1	UID211929	1	1	0	0
1	1	UID211930	1	1	0	0
1	1	UID211932	1	1	0	0
1	1	UID211935	1	1	0	0
1	1	UID211936	1	1	0	0
1	1	UID211937	1	1	0	0
1	1	UID211938	1	1	0	0
2	2	UID211939	1	2	1	1
1	1	UID211940	1	1	0	0
1	1	UID211942	1	1	0	0
2	2	UID211944	1	2	1	1
1	1	UID211945	1	1	0	0
1	1	UID211946	1	1	0	0
1	1	UID211947	1	1	0	0
1	1	UID211948	1	1	0	0
1	1	UID211949	1	1	0	0
1	1	UID211950	1	1	0	0
1	1	UID211951	1	1	0	0
1	1	UID211952	1	1	0	0
1	1	UID211953	1	1	0	0
1	1	UID211955	1	1	0	0
1	1	UID211956	1	1	0	0
1	1	UID211957	1	1	0	0
1	1	UID211958	1	1	0	0
1	1	UID211959	1	1	0	0
1	1	UID211960	1	1	0	0
1	1	UID211961	1	1	0	0
1	1	UID211962	1	1	0	0
1	1	UID211963	1	1	0	0
1	1	UID211964	1	1	0	0
1	1	UID211965	1	1	0	0
1	1	UID211966	1	1	0	0
1	1	UID211968	1	1	0	0
1	1	UID211969	1	1	0	0
1	1	UID211970	1	1	0	0
1	1	UID211972	1	1	0	0
1	1	UID211974	1	1	0	0
1	1	UID211976	1	1	0	0
1	1	UID211977	1	1	0	0
1	1	UID211979	1	1	0	0
1	1	UID211982	1	1	0	0
1	1	UID211984	1	1	0	0
1	1	UID211985	1	1	0	0
1	1	UID211987	1	1	0	0
1	1	UID211990	1	1	0	0
1	1	UID211991	1	1	0	0
1	1	UID211993	1	1	0	0
1	1	UID211994	1	1	0	0
1	1	UID211996	1	1	0	0
1	1	UID211997	1	1	0	0
1	1	UID211998	1	1	0	0
1	1	UID211999	1	1	0	0
1	1	UID212000	1	1	0	0
1	1	UID212001	1	1	0	0
1	1	UID212002	1	1	0	0
1	1	UID212003	1	1	0	0
1	1	UID212004	1	1	0	0
1	1	UID212005	1	1	0	0
1	1	UID212006	1	1	0	0
1	1	UID212007	1	1	0	0
1	1	UID212008	1	1	0	0
1	1	UID212009	1	1	0	0
1	1	UID212010	1	1	0	0
1	1	UID212012	1	1	0	0
1	1	UID212013	1	1	0	0
1	1	UID212014	1	1	0	0
1	1	UID212015	1	1	0	0
1	1	UID212019	1	1	0	0
1	1	UID212020	1	1	0	0
1	1	UID212021	1	1	0	0
1	1	UID212022	1	1	0	0
1	1	UID212024	1	1	0	0
1	1	UID212025	1	1	0	0
1	1	UID212028	1	1	0	0
1	1	UID212033	1	1	0	0
1	1	UID212034	1	1	0	0
1	1	UID212035	1	1	0	0
1	1	UID212038	1	1	0	0
1	1	UID212040	1	1	0	0
1	1	UID212048	1	1	0	0
1	1	UID212049	1	1	0	0
1	1	UID212051	1	1	0	0
1	1	UID212053	1	1	0	0
1	1	UID212054	1	1	0	0
1	1	UID212055	1	1	0	0
1	1	UID212056	1	1	0	0
1	1	UID212059	1	1	0	0
1	1	UID212060	1	1	0	0
1	1	UID212066	1	1	0	0
1	1	UID212073	1	1	0	0
1	1	UID212101	1	1	0	0
1	1	UID212103	1	1	0	0
1	1	UID212108	1	1	0	0
1	1	UID212109	1	1	0	0
1	1	UID212111	1	1	0	0
1	1	UID212114	1	1	0	0
1	1	UID212116	1	1	0	0
1	1	UID212117	1	1	0	0
1	1	UID212118	1	1	0	0
1	1	UID212119	1	1	0	0
1	1	UID212122	1	1	0	0
1	1	UID212123	1	1	0	0
1	1	UID212124	1	1	0	0
1	1	UID212128	1	1	0	0
1	1	UID212129	1	1	0	0
1	1	UID212130	1	1	0	0
1	1	UID212134	1	1	0	0
1	1	UID212136	1	1	0	0
1	1	UID212140	1	1	0	0
1	1	UID212141	1	1	0	0
1	1	UID212142	1	1	0	0
1	1	UID212143	1	1	0	0
1	1	UID212148	1	1	0	0
1	1	UID212182	1	1	0	0
1	1	UID212189	1	1	0	0
1	1	UID212190	1	1	0	0
1	1	UID212191	1	1	0	0
1	1	UID212192	1	1	0	0
1	1	UID212193	1	1	0	0
1	1	UID212194	1	1	0	0
1	1	UID212196	1	1	0	0
1	1	UID212198	1	1	0	0
1	1	UID212199	1	1	0	0
1	1	UID212200	1	1	0	0
1	1	UID212202	1	1	0	0
1	1	UID212203	1	1	0	0
1	1	UID212204	1	1	0	0
1	1	UID212205	1	1	0	0
1	1	UID212206	1	1	0	0
1	1	UID212207	1	1	0	0
1	1	UID212208	1	1	0	0
1	1	UID212209	1	1	0	0
1	1	UID212210	1	1	0	0
1	1	UID212211	1	1	0	0
1	1	UID212212	1	1	0	0
1	1	UID212213	1	1	0	0
1	1	UID212214	1	1	0	0
1	1	UID212215	1	1	0	0
1	1	UID212216	1	1	0	0
1	1	UID212217	1	1	0	0
1	1	UID212219	1	1	0	0
1	1	UID212220	1	1	0	0
1	1	UID212221	1	1	0	0
1	1	UID212224	1	1	0	0
1	1	UID212225	1	1	0	0
1	1	UID212227	1	1	0	0
1	1	UID212229	1	1	0	0
1	1	UID212230	1	1	0	0
2	2	UID212231	1	2	1	1
1	1	UID212233	1	1	0	0
1	1	UID212237	1	1	0	0
1	1	UID212238	1	1	0	0
1	1	UID212239	1	1	0	0
1	1	UID212240	1	1	0	0
1	1	UID212241	1	1	0	0
1	1	UID212243	1	1	0	0
1	1	UID212244	1	1	0	0
1	1	UID212245	1	1	0	0
1	1	UID212246	1	1	0	0
1	1	UID212247	1	1	0	0
1	1	UID212248	1	1	0	0
1	1	UID212249	1	1	0	0
1	1	UID212252	1	1	0	0
1	1	UID212253	1	1	0	0
1	1	UID212263	1	1	0	0
1	1	UID212264	1	1	0	0
1	1	UID212265	1	1	0	0
1	1	UID212266	1	1	0	0
1	1	UID212267	1	1	0	0
1	1	UID212271	1	1	0	0
1	1	UID212276	1	1	0	0
1	1	UID212277	1	1	0	0
1	1	UID212281	1	1	0	0
1	1	UID212282	1	1	0	0
1	1	UID212284	1	1	0	0
1	1	UID212287	1	1	0	0
1	1	UID212288	1	1	0	0
1	1	UID212289	1	1	0	0
1	1	UID212292	1	1	0	0
1	1	UID212295	1	1	0	0
1	1	UID212296	1	1	0	0
1	1	UID212297	1	1	0	0
1	1	UID212298	1	1	0	0
1	1	UID212300	1	1	0	0
1	1	UID212302	1	1	0	0
1	1	UID212303	1	1	0	0
1	1	UID212304	1	1	0	0
1	1	UID212308	1	1	0	0
1	1	UID212309	1	1	0	0
2	2	UID212310	1	2	1	1
1	1	UID212311	1	1	0	0
1	1	UID212312	1	1	0	0
1	1	UID212313	1	1	0	0
1	1	UID212314	1	1	0	0
1	1	UID212315	1	1	0	0
1	1	UID212316	1	1	0	0
1	1	UID212317	1	1	0	0
1	1	UID212318	1	1	0	0
1	1	UID212319	1	1	0	0
1	1	UID212320	1	1	0	0
1	1	UID212321	1	1	0	0
1	1	UID212322	1	1	0	0
1	1	UID212323	1	1	0	0
1	1	UID212324	1	1	0	0
1	1	UID212326	1	1	0	0
1	1	UID212327	1	1	0	0
1	1	UID212328	1	1	0	0
1	1	UID212329	1	1	0	0
1	1	UID212330	1	1	0	0
1	1	UID212331	1	1	0	0
1	1	UID212332	1	1	0	0
1	1	UID212335	1	1	0	0
1	1	UID212336	1	1	0	0
1	1	UID212344	1	1	0	0
1	1	UID212354	1	1	0	0
1	1	UID212355	1	1	0	0
1	1	UID212356	1	1	0	0
1	1	UID212357	1	1	0	0
1	1	UID212358	1	1	0	0
1	1	UID212360	1	1	0	0
1	1	UID212361	1	1	0	0
1	1	UID212362	1	1	0	0
1	1	UID212363	1	1	0	0
1	1	UID212365	1	1	0	0
1	1	UID212366	1	1	0	0
1	1	UID212367	1	1	0	0
1	1	UID212368	1	1	0	0
1	1	UID212369	1	1	0	0
1	1	UID212370	1	1	0	0
1	1	UID212371	1	1	0	0
1	1	UID212372	1	1	0	0
1	1	UID212373	1	1	0	0
1	1	UID212374	1	1	0	0
1	1	UID212375	1	1	0	0
1	1	UID212376	1	1	0	0
1	1	UID212377	1	1	0	0
1	1	UID212378	1	1	0	0
1	1	UID212379	1	1	0	0
1	1	UID212380	1	1	0	0
1	1	UID212382	1	1	0	0
1	1	UID212383	1	1	0	0
1	1	UID212384	1	1	0	0
1	1	UID212385	1	1	0	0
1	1	UID212386	1	1	0	0
1	1	UID212388	1	1	0	0
1	1	UID212390	1	1	0	0
1	1	UID212391	1	1	0	0
1	1	UID212392	1	1	0	0
1	1	UID212394	1	1	0	0
1	1	UID212401	1	1	0	0
1	1	UID212402	1	1	0	0
1	1	UID212404	1	1	0	0
1	1	UID212405	1	1	0	0
1	1	UID212406	1	1	0	0
1	1	UID212412	1	1	0	0
1	1	UID212413	1	1	0	0
1	1	UID212418	1	1	0	0
1	1	UID212419	1	1	0	0
1	1	UID212421	1	1	0	0
1	1	UID212422	1	1	0	0
1	1	UID212424	1	1	0	0
1	1	UID212428	1	1	0	0
1	1	UID212430	1	1	0	0
1	1	UID212434	1	1	0	0
1	1	UID212435	1	1	0	0
1	1	UID212450	1	1	0	0
1	1	UID212451	1	1	0	0
1	1	UID212452	1	1	0	0
1	1	UID212455	1	1	0	0
1	1	UID212457	1	1	0	0
1	1	UID212460	1	1	0	0
1	1	UID212462	1	1	0	0
1	1	UID212463	1	1	0	0
1	1	UID212466	1	1	0	0
1	1	UID212467	1	1	0	0
1	1	UID212468	1	1	0	0
1	1	UID212471	1	1	0	0
1	1	UID212472	1	1	0	0
1	1	UID212473	1	1	0	0
1	1	UID212474	1	1	0	0
1	1	UID212475	1	1	0	0
1	1	UID212476	1	1	0	0
1	1	UID212477	1	1	0	0
1	1	UID212484	1	1	0	0
1	1	UID212485	1	1	0	0
1	1	UID212487	1	1	0	0
1	1	UID212488	1	1	0	0
1	1	UID212489	1	1	0	0
1	1	UID212490	1	1	0	0
1	1	UID212492	1	1	0	0
1	1	UID212495	1	1	0	0
1	1	UID212500	1	1	0	0
1	1	UID212501	1	1	0	0
1	1	UID212502	1	1	0	0
1	1	UID212503	1	1	0	0
1	1	UID212507	1	1	0	0
1	1	UID212508	1	1	0	0
1	1	UID212509	1	1	0	0
1	1	UID212512	1	1	0	0
1	1	UID212513	1	1	0	0
1	1	UID212516	1	1	0	0
1	1	UID212517	1	1	0	0
1	1	UID212518	1	1	0	0
1	1	UID212520	1	1	0	0
1	1	UID212521	1	1	0	0
1	1	UID212522	1	1	0	0
1	1	UID212524	1	1	0	0
1	1	UID212529	1	1	0	0
1	1	UID212534	1	1	0	0
1	1	UID212535	1	1	0	0
1	1	UID212542	1	1	0	0
1	1	UID212543	1	1	0	0
1	1	UID212544	1	1	0	0
1	1	UID212545	1	1	0	0
1	1	UID212546	1	1	0	0
1	1	UID212548	1	1	0	0
1	1	UID212549	1	1	0	0
1	1	UID212553	1	1	0	0
1	1	UID212556	1	1	0	0
1	1	UID212559	1	1	0	0
1	1	UID212560	1	1	0	0
1	1	UID212563	1	1	0	0
1	1	UID212565	1	1	0	0
1	1	UID212566	1	1	0	0
1	1	UID212567	1	1	0	0
1	1	UID212568	1	1	0	0
1	1	UID212570	1	1	0	0
1	1	UID212573	1	1	0	0
1	1	UID212586	1	1	0	0
1	1	UID212588	1	1	0	0
1	1	UID212592	1	1	0	0
1	1	UID212604	1	1	0	0
1	1	UID212611	1	1	0	0
1	1	UID212618	1	1	0	0
1	1	UID212619	1	1	0	0
1	1	UID212623	1	1	0	0
1	1	UID212624	1	1	0	0
1	1	UID212625	1	1	0	0
1	1	UID212626	1	1	0	0
1	1	UID212630	1	1	0	0
1	1	UID212633	1	1	0	0
1	1	UID212634	1	1	0	0
1	1	UID212635	1	1	0	0
1	1	UID212638	1	1	0	0
1	1	UID212640	1	1	0	0
1	1	UID212649	1	1	0	0
1	1	UID212667	1	1	0	0
1	1	UID212669	1	1	0	0
1	1	UID212691	1	1	0	0
1	1	UID212694	1	1	0	0
1	1	UID212700	1	1	0	0
1	1	UID212707	1	1	0	0
1	1	UID212709	1	1	0	0
1	1	UID212710	1	1	0	0
1	1	UID212719	1	1	0	0
1	1	UID212720	1	1	0	0
1	1	UID212722	1	1	0	0
1	1	UID212728	1	1	0	0
1	1	UID212729	1	1	0	0
1	1	UID212731	1	1	0	0
1	1	UID212735	1	1	0	0
1	1	UID212736	1	1	0	0
1	1	UID212738	1	1	0	0
1	1	UID212743	1	1	0	0
1	1	UID212753	1	1	0	0
1	1	UID212758	1	1	0	0
1	1	UID212759	1	1	0	0
1	1	UID212760	1	1	0	0
1	1	UID212761	1	1	0	0
1	1	UID212765	1	1	0	0
1	1	UID212766	1	1	0	0
1	1	UID212769	1	1	0	0
1	1	UID212770	1	1	0	0
1	1	UID212772	1	1	0	0
1	1	UID212776	1	1	0	0
1	1	UID212781	1	1	0	0
1	1	UID212788	1	1	0	0
1	1	UID212789	1	1	0	0
1	1	UID212791	1	1	0	0
1	1	UID212793	1	1	0	0
1	1	UID212795	1	1	0	0
1	1	UID212800	1	1	0	0
1	1	UID212803	1	1	0	0
1	1	UID212804	1	1	0	0
1	1	UID212829	1	1	0	0
1	1	UID212830	1	1	0	0
1	1	UID212834	1	1	0	0
1	1	UID212836	1	1	0	0
1	1	UID212838	1	1	0	0
1	1	UID212841	1	1	0	0
1	1	UID212843	1	1	0	0
1	1	UID212845	1	1	0	0
1	1	UID212848	1	1	0	0
1	1	UID212850	1	1	0	0
1	1	UID212851	1	1	0	0
1	1	UID212852	1	1	0	0
1	1	UID212861	1	1	0	0
1	1	UID212863	1	1	0	0
1	1	UID212872	1	1	0	0
1	1	UID212874	1	1	0	0
1	1	UID212877	1	1	0	0
1	1	UID212880	1	1	0	0
1	1	UID212884	1	1	0	0
1	1	UID212886	1	1	0	0
1	1	UID212894	1	1	0	0
1	1	UID212895	1	1	0	0
1	1	UID212899	1	1	0	0
1	1	UID212915	1	1	0	0
1	1	UID212918	1	1	0	0
1	1	UID212929	1	1	0	0
1	1	UID212932	1	1	0	0
1	1	UID212933	1	1	0	0
1	1	UID212939	1	1	0	0
1	1	UID212940	1	1	0	0
1	1	UID212942	1	1	0	0
1	1	UID212947	1	1	0	0
1	1	UID212951	1	1	0	0
1	1	UID212957	1	1	0	0
1	1	UID212963	1	1	0	0
1	1	UID212966	1	1	0	0
1	1	UID212972	1	1	0	0
1	1	UID212973	1	1	0	0
1	1	UID212976	1	1	0	0
1	1	UID212979	1	1	0	0
1	1	UID212993	1	1	0	0
1	1	UID212994	1	1	0	0
1	1	UID212998	1	1	0	0
1	1	UID213001	1	1	0	0
1	1	UID213003	1	1	0	0
1	1	UID213005	1	1	0	0
1	1	UID213010	1	1	0	0
1	1	UID213011	1	1	0	0
1	1	UID213012	1	1	0	0
1	1	UID213013	1	1	0	0
1	1	UID213014	1	1	0	0
1	1	UID213015	1	1	0	0
1	1	UID213016	1	1	0	0
1	1	UID213024	1	1	0	0
1	1	UID213025	1	1	0	0
1	1	UID213026	1	1	0	0
1	1	UID213027	1	1	0	0
1	1	UID213028	1	1	0	0
1	1	UID213029	1	1	0	0
1	1	UID213030	1	1	0	0
1	1	UID213031	1	1	0	0
1	1	UID213033	1	1	0	0
1	1	UID213034	1	1	0	0
1	1	UID213048	1	1	0	0
1	1	UID213052	1	1	0	0
1	1	UID213055	1	1	0	0
1	1	UID213056	1	1	0	0
1	1	UID213057	1	1	0	0
1	1	UID213058	1	1	0	0
1	1	UID213059	1	1	0	0
1	1	UID213060	1	1	0	0
1	1	UID213061	1	1	0	0
1	1	UID213062	1	1	0	0
1	1	UID213063	1	1	0	0
1	1	UID213065	1	1	0	0
1	1	UID213066	1	1	0	0
1	1	UID213069	1	1	0	0
1	1	UID213070	1	1	0	0
1	1	UID213071	1	1	0	0
1	1	UID213072	1	1	0	0
1	1	UID213075	1	1	0	0
1	1	UID213076	1	1	0	0
1	1	UID213079	1	1	0	0
1	1	UID213081	1	1	0	0
1	1	UID213104	1	1	0	0
1	1	UID213105	1	1	0	0
1	1	UID213106	1	1	0	0
1	1	UID213108	1	1	0	0
1	1	UID213112	1	1	0	0
1	1	UID213116	1	1	0	0
1	1	UID213120	1	1	0	0
1	1	UID213128	1	1	0	0
1	1	UID213134	1	1	0	0
1	1	UID213137	1	1	0	0
1	1	UID213138	1	1	0	0
1	1	UID213150	1	1	0	0
1	1	UID213153	1	1	0	0
1	1	UID213154	1	1	0	0
1	1	UID213156	1	1	0	0
1	1	UID213157	1	1	0	0
1	1	UID213158	1	1	0	0
1	1	UID213159	1	1	0	0
1	1	UID213161	1	1	0	0
1	1	UID213162	1	1	0	0
1	1	UID213163	1	1	0	0
1	1	UID213166	1	1	0	0
1	1	UID213167	1	1	0	0
1	1	UID213168	1	1	0	0
1	1	UID213170	1	1	0	0
1	1	UID213171	1	1	0	0
1	1	UID213172	1	1	0	0
1	1	UID213175	1	1	0	0
1	1	UID213185	1	1	0	0
1	1	UID213188	1	1	0	0
1	1	UID213189	1	1	0	0
1	1	UID213196	1	1	0	0
1	1	UID213197	1	1	0	0
1	1	UID213201	1	1	0	0
1	1	UID213204	1	1	0	0
1	1	UID213210	1	1	0	0
1	1	UID213220	1	1	0	0
1	1	UID213224	1	1	0	0
1	1	UID213226	1	1	0	0
1	1	UID213230	1	1	0	0
1	1	UID213235	1	1	0	0
1	1	UID213240	1	1	0	0
1	1	UID213242	1	1	0	0
1	1	UID213247	1	1	0	0
1	1	UID213251	1	1	0	0
3	3	UID213257	1	3	2	2
1	1	UID213263	1	1	0	0
1	1	UID213265	1	1	0	0
1	1	UID213270	1	1	0	0
1	1	UID213271	1	1	0	0
1	1	UID213272	1	1	0	0
1	1	UID213284	1	1	0	0
1	1	UID213287	1	1	0	0
1	1	UID213288	1	1	0	0
1	1	UID213289	1	1	0	0
1	1	UID213290	1	1	0	0
1	1	UID213293	1	1	0	0
1	1	UID213309	1	1	0	0
1	1	UID213318	1	1	0	0
1	1	UID213328	1	1	0	0
1	1	UID213329	1	1	0	0
1	1	UID213330	1	1	0	0
1	1	UID213334	1	1	0	0
1	1	UID213338	1	1	0	0
1	1	UID213342	1	1	0	0
1	1	UID213343	1	1	0	0
1	1	UID213344	1	1	0	0
1	1	UID213346	1	1	0	0
1	1	UID213357	1	1	0	0
1	1	UID213359	1	1	0	0
1	1	UID213365	1	1	0	0
1	1	UID213367	1	1	0	0
1	1	UID213368	1	1	0	0
1	1	UID213369	1	1	0	0
1	1	UID213370	1	1	0	0
1	1	UID213373	1	1	0	0
1	1	UID213375	1	1	0	0
1	1	UID213376	1	1	0	0
1	1	UID213389	1	1	0	0
1	1	UID213393	1	1	0	0
1	1	UID213395	1	1	0	0
1	1	UID213398	1	1	0	0
1	1	UID213410	1	1	0	0
1	1	UID213413	1	1	0	0
1	1	UID213415	1	1	0	0
1	1	UID213416	1	1	0	0
1	1	UID213417	1	1	0	0
1	1	UID213419	1	1	0	0
1	1	UID213423	1	1	0	0
1	1	UID213429	1	1	0	0
1	1	UID213430	1	1	0	0
1	1	UID213435	1	1	0	0
1	1	UID213436	1	1	0	0
1	1	UID213440	1	1	0	0
1	1	UID213443	1	1	0	0
1	1	UID213446	1	1	0	0
1	1	UID213449	1	1	0	0
1	1	UID213455	1	1	0	0
1	1	UID213458	1	1	0	0
1	1	UID213468	1	1	0	0
1	1	UID213478	1	1	0	0
1	1	UID213481	1	1	0	0
1	1	UID213484	1	1	0	0
1	1	UID213486	1	1	0	0
1	1	UID213488	1	1	0	0
1	1	UID213489	1	1	0	0
1	1	UID213492	1	1	0	0
1	1	UID213494	1	1	0	0
1	1	UID213495	1	1	0	0
1	1	UID213496	1	1	0	0
1	1	UID213497	1	1	0	0
1	1	UID213498	1	1	0	0
1	1	UID213499	1	1	0	0
1	1	UID213503	1	1	0	0
1	1	UID213504	1	1	0	0
1	1	UID213505	1	1	0	0
1	1	UID213507	1	1	0	0
1	1	UID213510	1	1	0	0
1	1	UID213511	1	1	0	0
1	1	UID213512	1	1	0	0
1	1	UID213513	1	1	0	0
1	1	UID213514	1	1	0	0
1	1	UID213515	1	1	0	0
1	1	UID213521	1	1	0	0
1	1	UID213522	1	1	0	0
1	1	UID213523	1	1	0	0
1	1	UID213524	1	1	0	0
1	1	UID213525	1	1	0	0
1	1	UID213536	1	1	0	0
1	1	UID213537	1	1	0	0
1	1	UID213538	1	1	0	0
1	1	UID213540	1	1	0	0
1	1	UID213548	1	1	0	0
1	1	UID213561	1	1	0	0
1	1	UID213563	1	1	0	0
1	1	UID213564	1	1	0	0
1	1	UID213565	1	1	0	0
1	1	UID213566	1	1	0	0
1	1	UID213568	1	1	0	0
1	1	UID213570	1	1	0	0
1	1	UID213572	1	1	0	0
1	1	UID213573	1	1	0	0
1	1	UID213578	1	1	0	0
1	1	UID213593	1	1	0	0
1	1	UID213595	1	1	0	0
1	1	UID213597	1	1	0	0
1	1	UID213598	1	1	0	0
1	1	UID213602	1	1	0	0
1	1	UID213604	1	1	0	0
1	1	UID213612	1	1	0	0
1	1	UID213615	1	1	0	0
1	1	UID213621	1	1	0	0
1	1	UID213622	1	1	0	0
1	1	UID213627	1	1	0	0
1	1	UID213628	1	1	0	0
1	1	UID213629	1	1	0	0
1	1	UID213630	1	1	0	0
1	1	UID213632	1	1	0	0
1	1	UID213636	1	1	0	0
1	1	UID213637	1	1	0	0
1	1	UID213653	1	1	0	0
1	1	UID213654	1	1	0	0
1	1	UID213662	1	1	0	0
1	1	UID213671	1	1	0	0
1	1	UID213672	1	1	0	0
1	1	UID213677	1	1	0	0
1	1	UID213678	1	1	0	0
1	1	UID213679	1	1	0	0
1	1	UID213686	1	1	0	0
1	1	UID213690	1	1	0	0
1	1	UID213693	1	1	0	0
1	1	UID213705	1	1	0	0
1	1	UID213707	1	1	0	0
1	1	UID213708	1	1	0	0
1	1	UID213709	1	1	0	0
1	1	UID213712	1	1	0	0
1	1	UID213714	1	1	0	0
1	1	UID213715	1	1	0	0
1	1	UID213722	1	1	0	0
1	1	UID213724	1	1	0	0
1	1	UID213727	1	1	0	0
1	1	UID213730	1	1	0	0
1	1	UID213731	1	1	0	0
1	1	UID213732	1	1	0	0
1	1	UID213736	1	1	0	0
1	1	UID213737	1	1	0	0
1	1	UID213746	1	1	0	0
1	1	UID213747	1	1	0	0
1	1	UID213757	1	1	0	0
1	1	UID213758	1	1	0	0
1	1	UID213760	1	1	0	0
1	1	UID213761	1	1	0	0
1	1	UID213766	1	1	0	0
1	1	UID213767	1	1	0	0
1	1	UID213768	1	1	0	0
1	1	UID213770	1	1	0	0
1	1	UID213774	1	1	0	0
1	1	UID213776	1	1	0	0
1	1	UID213777	1	1	0	0
1	1	UID213778	1	1	0	0
1	1	UID213801	1	1	0	0
1	1	UID213811	1	1	0	0
1	1	UID213812	1	1	0	0
1	1	UID213814	1	1	0	0
1	1	UID213815	1	1	0	0
1	1	UID213817	1	1	0	0
1	1	UID213819	1	1	0	0
1	1	UID213821	1	1	0	0
1	1	UID213822	1	1	0	0
1	1	UID213823	1	1	0	0
1	1	UID213824	1	1	0	0
1	1	UID213827	1	1	0	0
1	1	UID213828	1	1	0	0
1	1	UID213830	1	1	0	0
1	1	UID213834	1	1	0	0
1	1	UID213839	1	1	0	0
1	1	UID213844	1	1	0	0
1	1	UID213845	1	1	0	0
1	1	UID213846	1	1	0	0
1	1	UID213849	1	1	0	0
1	1	UID213854	1	1	0	0
1	1	UID213855	1	1	0	0
1	1	UID213864	1	1	0	0
1	1	UID213867	1	1	0	0
1	1	UID213869	1	1	0	0
1	1	UID213871	1	1	0	0
1	1	UID213881	1	1	0	0
1	1	UID213886	1	1	0	0
1	1	UID213889	1	1	0	0
1	1	UID213890	1	1	0	0
1	1	UID213893	1	1	0	0
1	1	UID213894	1	1	0	0
1	1	UID213897	1	1	0	0
1	1	UID213899	1	1	0	0
1	1	UID213900	1	1	0	0
1	1	UID213902	1	1	0	0
1	1	UID213905	1	1	0	0
1	1	UID213915	1	1	0	0
1	1	UID213918	1	1	0	0
1	1	UID213925	1	1	0	0
1	1	UID213927	1	1	0	0
1	1	UID213930	1	1	0	0
1	1	UID213931	1	1	0	0
1	1	UID24342	1	1	0	0
1	1	UID32133	1	1	0	0
1	1	UID375	1	1	0	0
1	1	UID450	1	1	0	0
1	1	UID51663	1	1	0	0
1	1	UID51805	1	1	0	0
1	1	UID52800	1	1	0	0
1	1	UID59359	1	1	0	0
1	1	UID67642	1	1	0	0
1	1	UID73112	1	1	0	0
1	1	UID73759	1	1	0	0
1	1	UID78425	1	1	0	0
1	1	UID78500	1	1	0	0
1	1	UID78505	1	1	0	0
1	1	UID78800	1	1	0	0
1	1	UID78818	1	1	0	0
1	1	UID8129	1	1	0	0
1	1	UID82333	1	1	0	0
1	1	UID82991	1	1	0	0
1	1	UID8513	1	1	0	0
1	1	UID90758	1	1	0	0
