17368	162870	UID1	91245	13500	4	4
213	659	UID99	360	156	2	2
183	577	UID94	336	133	3	3
180	546	UID189	306	135	2	2
160	531	UID72	301	111	2	2
177	515	UID29	283	133	2	2
146	417	UID138	235	115	2	2
149	460	UID85	230	122	3	3
172	439	UID207	224	136	3	3
129	378	UID115	209	101	2	2
147	408	UID157	206	106	2	2
121	371	UID149	201	82	2	2
130	363	UID131	192	98	2	2
127	347	UID228	187	100	2	2
129	332	UID122	175	104	2	2
121	327	UID146	169	95	3	3
114	307	UID84	160	89	2	2
90	267	UID208	155	71	2	2
88	253	UID180	141	72	2	2
88	251	UID206	135	65	2	2
113	279	UID194	134	86	2	2
95	259	UID108	132	71	2	2
78	225	UID294	128	60	2	2
61	189	UID158	120	54	2	2
62	193	UID303	119	52	2	2
93	231	UID221	114	71	2	2
64	167	UID248	90	50	2	2
53	141	UID173	84	47	3	3
45	132	UID375	79	36	2	2
41	128	UID610	79	34	2	2
39	122	UID440	75	31	2	2
42	125	UID843	75	33	1	1
49	124	UID376	67	41	2	2
46	116	UID352	66	40	2	2
32	99	UID497	61	26	2	2
49	118	UID1328	58	37	2	2
24	82	UID525	53	18	1	1
19	70	UID5540	50	16	1	1
52	100	UID310	48	50	2	2
37	90	UID374	47	30	2	2
29	73	UID653	43	26	1	1
34	82	UID703	42	28	2	2
33	78	UID606	41	27	1	1
30	64	UID77	33	27	2	2
26	60	UID611	32	22	1	1
34	66	UID39	31	31	1	1
23	69	UID685	31	19	2	2
12	41	UID744	30	11	1	1
21	53	UID179	29	16	2	2
40	75	UID779	27	31	2	2
32	78	UID5500	26	28	2	2
17	43	UID3886	25	14	2	2
9	32	UID5493	24	8	1	1
10	34	UID915	24	8	1	1
9	35	UID5567	23	4	1	1
9	23	UID5543	14	7	1	1
6	18	UID27249	12	4	1	1
20	31	UID5486	11	18	2	2
35	51	UID553	11	32	2	2
8	18	UID912	11	7	1	1
5	14	UID179689	10	4	1	1
6	18	UID920	10	3	1	1
10	24	UID1322	9	4	2	2
5	12	UID8087	8	4	1	1
2	8	UID1057	7	1	1	1
10	18	UID5499	7	8	2	2
2	7	UID226277	6	1	1	1
6	14	UID430628	6	4	1	1
1	6	UID430636	6	0	0	0
6	17	UID53093	6	2	2	2
7	14	UID808	6	4	2	2
4	8	UID40997	5	3	1	1
3	9	UID41227	5	1	1	1
10	14	UID430640	5	9	2	2
1	5	UID430647	5	0	0	0
9	14	UID430661	5	7	2	2
1	5	UID430664	5	0	0	0
1	5	UID430665	5	0	0	0
1	5	UID430666	5	0	0	0
2	6	UID74985	5	1	1	1
2	6	UID8924	5	1	1	1
5	9	UID132031	4	3	1	1
1	4	UID136680	4	0	0	0
3	6	UID3843	4	2	1	1
7	11	UID4057	4	5	1	1
1	4	UID430677	4	0	0	0
1	4	UID430683	4	0	0	0
1	4	UID430688	4	0	0	0
1	4	UID430694	4	0	0	0
1	4	UID430696	4	0	0	0
1	4	UID430706	4	0	0	0
3	7	UID430731	4	1	1	1
1	4	UID430736	4	0	0	0
1	4	UID430737	4	0	0	0
1	4	UID430738	4	0	0	0
1	4	UID430739	4	0	0	0
1	4	UID430765	4	0	0	0
1	4	UID430766	4	0	0	0
1	4	UID430767	4	0	0	0
1	4	UID430778	4	0	0	0
1	4	UID430789	4	0	0	0
1	4	UID430799	4	0	0	0
1	3	UID11814	3	0	0	0
2	4	UID180873	3	1	0	0
2	4	UID19	3	1	1	1
11	15	UID2	3	8	2	2
1	3	UID30204	3	0	0	0
4	8	UID30482	3	2	1	1
5	7	UID33561	3	4	1	1
1	3	UID372937	3	0	0	0
2	4	UID40948	3	1	0	0
1	3	UID430805	3	0	0	0
1	3	UID430807	3	0	0	0
1	3	UID430810	3	0	0	0
1	3	UID430817	3	0	0	0
1	3	UID430840	3	0	0	0
1	3	UID430843	3	0	0	0
1	3	UID430852	3	0	0	0
1	3	UID430854	3	0	0	0
1	3	UID430860	3	0	0	0
3	5	UID430872	3	2	1	1
1	3	UID430880	3	0	0	0
1	3	UID430882	3	0	0	0
2	4	UID430890	3	1	0	0
1	3	UID430892	3	0	0	0
1	3	UID430893	3	0	0	0
1	3	UID430894	3	0	0	0
1	3	UID430902	3	0	0	0
1	3	UID430904	3	0	0	0
1	3	UID430905	3	0	0	0
1	3	UID430913	3	0	0	0
1	3	UID430921	3	0	0	0
1	3	UID430938	3	0	0	0
1	3	UID430941	3	0	0	0
1	3	UID430951	3	0	0	0
1	3	UID430962	3	0	0	0
1	3	UID430963	3	0	0	0
1	3	UID430970	3	0	0	0
1	3	UID430977	3	0	0	0
1	3	UID430994	3	0	0	0
1	3	UID431053	3	0	0	0
1	3	UID431062	3	0	0	0
3	5	UID431065	3	2	1	1
1	3	UID431066	3	0	0	0
1	3	UID431071	3	0	0	0
4	6	UID431077	3	3	1	1
1	3	UID431079	3	0	0	0
1	3	UID431085	3	0	0	0
1	3	UID431090	3	0	0	0
1	3	UID431091	3	0	0	0
1	3	UID431092	3	0	0	0
1	3	UID431093	3	0	0	0
1	3	UID431101	3	0	0	0
2	4	UID431105	3	1	0	0
1	3	UID431107	3	0	0	0
2	4	UID431110	3	1	1	1
1	3	UID431114	3	0	0	0
1	3	UID431121	3	0	0	0
1	3	UID431122	3	0	0	0
1	3	UID431139	3	0	0	0
1	3	UID431146	3	0	0	0
1	3	UID431149	3	0	0	0
1	3	UID431150	3	0	0	0
1	3	UID431151	3	0	0	0
1	3	UID431152	3	0	0	0
1	3	UID431159	3	0	0	0
1	3	UID431160	3	0	0	0
1	3	UID431175	3	0	0	0
1	3	UID431178	3	0	0	0
1	3	UID431185	3	0	0	0
1	3	UID431195	3	0	0	0
1	3	UID431199	3	0	0	0
1	3	UID431201	3	0	0	0
1	3	UID431202	3	0	0	0
1	3	UID431206	3	0	0	0
1	3	UID431211	3	0	0	0
1	3	UID431216	3	0	0	0
1	3	UID431224	3	0	0	0
1	3	UID431227	3	0	0	0
1	3	UID431228	3	0	0	0
3	5	UID53297	3	2	1	1
1	3	UID53367	3	0	0	0
4	7	UID5488	3	2	1	1
3	4	UID193956	2	2	1	1
4	5	UID196638	2	3	1	1
1	2	UID250393	2	0	0	0
1	2	UID27087	2	0	0	0
3	4	UID29441	2	2	1	1
2	3	UID4047	2	1	1	1
2	3	UID41035	2	1	1	1
1	2	UID431243	2	0	0	0
1	2	UID431329	2	0	0	0
1	2	UID431333	2	0	0	0
1	2	UID431398	2	0	0	0
1	2	UID431410	2	0	0	0
1	2	UID431443	2	0	0	0
1	2	UID431444	2	0	0	0
2	3	UID431520	2	1	1	1
1	2	UID431584	2	0	0	0
1	2	UID431686	2	0	0	0
1	2	UID431702	2	0	0	0
1	2	UID431712	2	0	0	0
4	5	UID431789	2	3	2	2
1	2	UID431894	2	0	0	0
2	3	UID431914	2	1	1	1
2	3	UID431926	2	1	1	1
2	3	UID431932	2	1	1	1
1	2	UID431946	2	0	0	0
2	3	UID431958	2	1	1	1
2	3	UID431968	2	1	1	1
1	2	UID431969	2	0	0	0
1	2	UID432008	2	0	0	0
2	3	UID432291	2	1	1	1
3	4	UID432438	2	2	2	2
2	3	UID432457	2	1	1	1
2	3	UID432461	2	1	1	1
2	3	UID432504	2	1	1	1
1	2	UID432519	2	0	0	0
1	2	UID432527	2	0	0	0
1	2	UID432588	2	0	0	0
1	2	UID432890	2	0	0	0
1	2	UID432906	2	0	0	0
1	2	UID432921	2	0	0	0
1	2	UID432926	2	0	0	0
2	3	UID432971	2	1	1	1
2	3	UID432972	2	1	1	1
2	4	UID432980	2	0	1	1
1	2	UID432981	2	0	0	0
1	2	UID433076	2	0	0	0
2	3	UID433081	2	1	1	1
2	3	UID433114	2	1	1	1
1	2	UID433128	2	0	0	0
1	2	UID433139	2	0	0	0
1	2	UID433141	2	0	0	0
1	2	UID433199	2	0	0	0
3	4	UID51615	2	2	1	1
2	3	UID53371	2	1	1	1
1	1	UID115648	1	1	0	0
4	4	UID137516	1	4	2	2
1	1	UID14586	1	1	0	0
1	1	UID257114	1	1	0	0
1	1	UID260345	1	1	0	0
3	3	UID28881	1	3	1	1
5	5	UID312	1	5	3	3
1	1	UID339504	1	1	0	0
1	1	UID37639	1	1	0	0
1	1	UID416528	1	1	0	0
1	1	UID424598	1	1	0	0
1	1	UID428261	1	1	0	0
1	1	UID433200	1	1	0	0
1	1	UID433201	1	1	0	0
1	1	UID433202	1	1	0	0
1	1	UID433203	1	1	0	0
1	1	UID433204	1	1	0	0
1	1	UID433205	1	1	0	0
1	1	UID433206	1	1	0	0
1	1	UID433207	1	1	0	0
1	1	UID433208	1	1	0	0
1	1	UID433209	1	1	0	0
1	1	UID433210	1	1	0	0
1	1	UID433211	1	1	0	0
1	1	UID433212	1	1	0	0
1	1	UID433213	1	1	0	0
1	1	UID433214	1	1	0	0
1	1	UID433216	1	1	0	0
1	1	UID433217	1	1	0	0
1	1	UID433221	1	1	0	0
1	1	UID433222	1	1	0	0
1	1	UID433224	1	1	0	0
1	1	UID433226	1	1	0	0
1	1	UID433227	1	1	0	0
1	1	UID433229	1	1	0	0
1	1	UID433230	1	1	0	0
1	1	UID433231	1	1	0	0
1	1	UID433232	1	1	0	0
1	1	UID433262	1	1	0	0
1	1	UID433273	1	1	0	0
1	1	UID433275	1	1	0	0
1	1	UID433276	1	1	0	0
1	1	UID433278	1	1	0	0
1	1	UID433296	1	1	0	0
1	1	UID433303	1	1	0	0
1	1	UID433304	1	1	0	0
1	1	UID433307	1	1	0	0
1	1	UID433310	1	1	0	0
1	1	UID433312	1	1	0	0
1	1	UID433313	1	1	0	0
1	1	UID433315	1	1	0	0
1	1	UID433316	1	1	0	0
1	1	UID433318	1	1	0	0
1	1	UID433320	1	1	0	0
1	1	UID433321	1	1	0	0
1	1	UID433323	1	1	0	0
1	1	UID433325	1	1	0	0
1	1	UID433329	1	1	0	0
1	1	UID433330	1	1	0	0
1	1	UID433332	1	1	0	0
1	1	UID433335	1	1	0	0
1	1	UID433336	1	1	0	0
1	1	UID433337	1	1	0	0
1	1	UID433347	1	1	0	0
1	1	UID433353	1	1	0	0
1	1	UID433354	1	1	0	0
1	1	UID433355	1	1	0	0
1	1	UID433361	1	1	0	0
1	1	UID433362	1	1	0	0
1	1	UID433366	1	1	0	0
1	1	UID433376	1	1	0	0
1	1	UID433379	1	1	0	0
1	1	UID433415	1	1	0	0
1	1	UID433416	1	1	0	0
1	1	UID433422	1	1	0	0
1	1	UID433426	1	1	0	0
1	1	UID433430	1	1	0	0
1	1	UID433442	1	1	0	0
1	1	UID433443	1	1	0	0
1	1	UID433445	1	1	0	0
1	1	UID433447	1	1	0	0
1	1	UID433448	1	1	0	0
1	1	UID433457	1	1	0	0
1	1	UID433466	1	1	0	0
1	1	UID433467	1	1	0	0
1	1	UID433468	1	1	0	0
1	1	UID433469	1	1	0	0
1	1	UID433470	1	1	0	0
1	1	UID433471	1	1	0	0
1	1	UID433472	1	1	0	0
1	1	UID433474	1	1	0	0
1	1	UID433476	1	1	0	0
1	1	UID433486	1	1	0	0
1	1	UID433489	1	1	0	0
1	1	UID433491	1	1	0	0
1	1	UID433492	1	1	0	0
1	1	UID433493	1	1	0	0
1	1	UID433495	1	1	0	0
1	1	UID433496	1	1	0	0
1	1	UID433498	1	1	0	0
1	1	UID433499	1	1	0	0
1	1	UID433505	1	1	0	0
1	1	UID433506	1	1	0	0
1	1	UID433507	1	1	0	0
1	1	UID433510	1	1	0	0
1	1	UID433511	1	1	0	0
1	1	UID433513	1	1	0	0
1	1	UID433514	1	1	0	0
1	1	UID433515	1	1	0	0
1	1	UID433516	1	1	0	0
1	1	UID433517	1	1	0	0
1	1	UID433519	1	1	0	0
1	1	UID433520	1	1	0	0
1	1	UID433522	1	1	0	0
1	1	UID433523	1	1	0	0
1	1	UID433534	1	1	0	0
1	1	UID433535	1	1	0	0
1	1	UID433537	1	1	0	0
1	1	UID433540	1	1	0	0
1	1	UID433541	1	1	0	0
1	1	UID433543	1	1	0	0
1	1	UID433549	1	1	0	0
1	1	UID433562	1	1	0	0
1	1	UID433567	1	1	0	0
1	1	UID433579	1	1	0	0
1	1	UID433611	1	1	0	0
1	1	UID433619	1	1	0	0
1	1	UID433623	1	1	0	0
1	1	UID433625	1	1	0	0
1	1	UID433642	1	1	0	0
1	1	UID433649	1	1	0	0
1	1	UID433652	1	1	0	0
1	1	UID433653	1	1	0	0
1	1	UID433655	1	1	0	0
1	1	UID433657	1	1	0	0
1	1	UID433658	1	1	0	0
1	1	UID433659	1	1	0	0
1	1	UID433661	1	1	0	0
1	1	UID433666	1	1	0	0
1	1	UID433669	1	1	0	0
1	1	UID433675	1	1	0	0
1	1	UID433676	1	1	0	0
1	1	UID433678	1	1	0	0
1	1	UID433679	1	1	0	0
1	1	UID433680	1	1	0	0
1	1	UID433681	1	1	0	0
1	1	UID433682	1	1	0	0
1	1	UID433683	1	1	0	0
1	1	UID433684	1	1	0	0
1	1	UID433685	1	1	0	0
1	1	UID433689	1	1	0	0
1	1	UID433695	1	1	0	0
1	1	UID433696	1	1	0	0
1	1	UID433697	1	1	0	0
1	1	UID433699	1	1	0	0
1	1	UID433700	1	1	0	0
1	1	UID433701	1	1	0	0
1	1	UID433702	1	1	0	0
1	1	UID433706	1	1	0	0
1	1	UID433707	1	1	0	0
1	1	UID433708	1	1	0	0
1	1	UID433709	1	1	0	0
1	1	UID433710	1	1	0	0
1	1	UID433717	1	1	0	0
1	1	UID433736	1	1	0	0
1	1	UID433739	1	1	0	0
1	1	UID433771	1	1	0	0
1	1	UID433781	1	1	0	0
1	1	UID433782	1	1	0	0
1	1	UID433795	1	1	0	0
1	1	UID433797	1	1	0	0
1	1	UID433798	1	1	0	0
1	1	UID433802	1	1	0	0
1	1	UID433805	1	1	0	0
1	1	UID433810	1	1	0	0
1	1	UID433811	1	1	0	0
1	1	UID433817	1	1	0	0
1	1	UID433818	1	1	0	0
1	1	UID433819	1	1	0	0
1	1	UID433824	1	1	0	0
1	1	UID433828	1	1	0	0
1	1	UID433838	1	1	0	0
1	1	UID433844	1	1	0	0
1	1	UID433846	1	1	0	0
1	1	UID433847	1	1	0	0
1	1	UID433850	1	1	0	0
1	1	UID433851	1	1	0	0
1	1	UID433852	1	1	0	0
1	1	UID433853	1	1	0	0
1	1	UID433854	1	1	0	0
1	1	UID433855	1	1	0	0
1	1	UID433856	1	1	0	0
1	1	UID433857	1	1	0	0
1	1	UID433858	1	1	0	0
1	1	UID433859	1	1	0	0
1	1	UID433860	1	1	0	0
1	1	UID433861	1	1	0	0
1	1	UID433862	1	1	0	0
1	1	UID433863	1	1	0	0
1	1	UID433866	1	1	0	0
1	1	UID433867	1	1	0	0
1	1	UID433869	1	1	0	0
1	1	UID433870	1	1	0	0
1	1	UID433871	1	1	0	0
1	1	UID433872	1	1	0	0
1	1	UID433873	1	1	0	0
1	1	UID433874	1	1	0	0
1	1	UID433875	1	1	0	0
1	1	UID433876	1	1	0	0
1	1	UID433877	1	1	0	0
1	1	UID433880	1	1	0	0
1	1	UID433882	1	1	0	0
1	1	UID433884	1	1	0	0
1	1	UID433888	1	1	0	0
1	1	UID433892	1	1	0	0
1	1	UID433895	1	1	0	0
1	1	UID433896	1	1	0	0
1	1	UID433897	1	1	0	0
1	1	UID433899	1	1	0	0
1	1	UID433900	1	1	0	0
1	1	UID433901	1	1	0	0
1	1	UID433902	1	1	0	0
1	1	UID433903	1	1	0	0
1	1	UID433905	1	1	0	0
1	1	UID433906	1	1	0	0
1	1	UID433909	1	1	0	0
1	1	UID433919	1	1	0	0
1	1	UID433924	1	1	0	0
1	1	UID433928	1	1	0	0
1	1	UID433929	1	1	0	0
1	1	UID433937	1	1	0	0
1	1	UID433945	1	1	0	0
1	1	UID433968	1	1	0	0
1	1	UID433976	1	1	0	0
1	1	UID433985	1	1	0	0
1	1	UID433990	1	1	0	0
1	1	UID434009	1	1	0	0
1	1	UID434010	1	1	0	0
1	1	UID434011	1	1	0	0
1	1	UID434012	1	1	0	0
1	1	UID434014	1	1	0	0
1	1	UID434015	1	1	0	0
1	1	UID434016	1	1	0	0
1	1	UID434031	1	1	0	0
1	1	UID434034	1	1	0	0
1	1	UID434035	1	1	0	0
1	1	UID434036	1	1	0	0
1	1	UID434037	1	1	0	0
1	1	UID434038	1	1	0	0
1	1	UID434039	1	1	0	0
1	1	UID434040	1	1	0	0
1	1	UID434041	1	1	0	0
1	1	UID434042	1	1	0	0
1	1	UID434043	1	1	0	0
1	1	UID434044	1	1	0	0
1	1	UID434045	1	1	0	0
1	1	UID434046	1	1	0	0
1	1	UID434047	1	1	0	0
1	1	UID434049	1	1	0	0
1	1	UID434050	1	1	0	0
1	1	UID434051	1	1	0	0
1	1	UID434052	1	1	0	0
1	1	UID434055	1	1	0	0
1	1	UID434061	1	1	0	0
1	1	UID434063	1	1	0	0
1	1	UID434065	1	1	0	0
1	1	UID434067	1	1	0	0
1	1	UID434084	1	1	0	0
1	1	UID434085	1	1	0	0
1	1	UID434087	1	1	0	0
1	1	UID434088	1	1	0	0
1	1	UID434090	1	1	0	0
1	1	UID434092	1	1	0	0
1	1	UID434093	1	1	0	0
1	1	UID434095	1	1	0	0
1	1	UID434097	1	1	0	0
1	1	UID434098	1	1	0	0
1	1	UID434099	1	1	0	0
1	1	UID434101	1	1	0	0
1	1	UID434103	1	1	0	0
1	1	UID434104	1	1	0	0
1	1	UID434106	1	1	0	0
1	1	UID434108	1	1	0	0
1	1	UID434109	1	1	0	0
1	1	UID434114	1	1	0	0
1	1	UID434115	1	1	0	0
1	1	UID434122	1	1	0	0
1	1	UID434125	1	1	0	0
1	1	UID434133	1	1	0	0
1	1	UID434140	1	1	0	0
1	1	UID434148	1	1	0	0
1	1	UID434149	1	1	0	0
1	1	UID434189	1	1	0	0
1	1	UID434195	1	1	0	0
1	1	UID434199	1	1	0	0
1	1	UID434209	1	1	0	0
1	1	UID434210	1	1	0	0
1	1	UID434213	1	1	0	0
1	1	UID434214	1	1	0	0
1	1	UID434216	1	1	0	0
1	1	UID434221	1	1	0	0
1	1	UID434224	1	1	0	0
1	1	UID434230	1	1	0	0
1	1	UID434233	1	1	0	0
1	1	UID434238	1	1	0	0
1	1	UID434239	1	1	0	0
1	1	UID434240	1	1	0	0
1	1	UID434241	1	1	0	0
1	1	UID434242	1	1	0	0
1	1	UID434244	1	1	0	0
1	1	UID434245	1	1	0	0
1	1	UID434246	1	1	0	0
1	1	UID434247	1	1	0	0
1	1	UID434248	1	1	0	0
1	1	UID434249	1	1	0	0
1	1	UID434250	1	1	0	0
1	1	UID434252	1	1	0	0
1	1	UID434253	1	1	0	0
1	1	UID434254	1	1	0	0
1	1	UID434255	1	1	0	0
1	1	UID434256	1	1	0	0
1	1	UID434257	1	1	0	0
1	1	UID434258	1	1	0	0
1	1	UID434259	1	1	0	0
1	1	UID434260	1	1	0	0
1	1	UID434262	1	1	0	0
1	1	UID434264	1	1	0	0
1	1	UID434265	1	1	0	0
1	1	UID434266	1	1	0	0
1	1	UID434267	1	1	0	0
1	1	UID434268	1	1	0	0
1	1	UID434269	1	1	0	0
1	1	UID434270	1	1	0	0
1	1	UID434271	1	1	0	0
1	1	UID434272	1	1	0	0
1	1	UID434273	1	1	0	0
1	1	UID434276	1	1	0	0
1	1	UID434277	1	1	0	0
1	1	UID434280	1	1	0	0
1	1	UID434281	1	1	0	0
1	1	UID434283	1	1	0	0
1	1	UID434292	1	1	0	0
1	1	UID434293	1	1	0	0
1	1	UID434297	1	1	0	0
1	1	UID434302	1	1	0	0
1	1	UID434303	1	1	0	0
1	1	UID434306	1	1	0	0
1	1	UID434307	1	1	0	0
1	1	UID434309	1	1	0	0
1	1	UID434310	1	1	0	0
1	1	UID434311	1	1	0	0
1	1	UID434313	1	1	0	0
1	1	UID434314	1	1	0	0
1	1	UID434315	1	1	0	0
1	1	UID434316	1	1	0	0
1	1	UID434317	1	1	0	0
1	1	UID434318	1	1	0	0
1	1	UID434320	1	1	0	0
1	1	UID434321	1	1	0	0
1	1	UID434322	1	1	0	0
1	1	UID434323	1	1	0	0
1	1	UID434324	1	1	0	0
1	1	UID434326	1	1	0	0
1	1	UID434329	1	1	0	0
1	1	UID434330	1	1	0	0
1	1	UID434331	1	1	0	0
1	1	UID434332	1	1	0	0
1	1	UID434333	1	1	0	0
1	1	UID434344	1	1	0	0
1	1	UID434348	1	1	0	0
1	1	UID434357	1	1	0	0
1	1	UID434365	1	1	0	0
1	1	UID434391	1	1	0	0
1	1	UID434398	1	1	0	0
1	1	UID434401	1	1	0	0
1	1	UID434415	1	1	0	0
1	1	UID434419	1	1	0	0
1	1	UID434421	1	1	0	0
1	1	UID434422	1	1	0	0
1	1	UID434423	1	1	0	0
1	1	UID434424	1	1	0	0
1	1	UID434425	1	1	0	0
1	1	UID434426	1	1	0	0
1	1	UID434427	1	1	0	0
1	1	UID434428	1	1	0	0
1	1	UID434429	1	1	0	0
1	1	UID434430	1	1	0	0
1	1	UID434431	1	1	0	0
1	1	UID434432	1	1	0	0
1	1	UID434433	1	1	0	0
1	1	UID434434	1	1	0	0
1	1	UID434435	1	1	0	0
1	1	UID434436	1	1	0	0
1	1	UID434437	1	1	0	0
1	1	UID434440	1	1	0	0
1	1	UID434441	1	1	0	0
1	1	UID434446	1	1	0	0
1	1	UID434457	1	1	0	0
1	1	UID434458	1	1	0	0
1	1	UID434459	1	1	0	0
1	1	UID434460	1	1	0	0
1	1	UID434461	1	1	0	0
1	1	UID434462	1	1	0	0
1	1	UID434464	1	1	0	0
1	1	UID434465	1	1	0	0
1	1	UID434466	1	1	0	0
1	1	UID434467	1	1	0	0
1	1	UID434468	1	1	0	0
1	1	UID434478	1	1	0	0
1	1	UID434479	1	1	0	0
1	1	UID434501	1	1	0	0
1	1	UID434556	1	1	0	0
1	1	UID434558	1	1	0	0
1	1	UID434587	1	1	0	0
1	1	UID434588	1	1	0	0
1	1	UID434591	1	1	0	0
1	1	UID434592	1	1	0	0
1	1	UID434601	1	1	0	0
1	1	UID434611	1	1	0	0
1	1	UID434612	1	1	0	0
1	1	UID434613	1	1	0	0
1	1	UID434614	1	1	0	0
1	1	UID434615	1	1	0	0
1	1	UID434616	1	1	0	0
1	1	UID434617	1	1	0	0
1	1	UID434618	1	1	0	0
1	1	UID434622	1	1	0	0
1	1	UID434625	1	1	0	0
1	1	UID434626	1	1	0	0
1	1	UID434633	1	1	0	0
1	1	UID434635	1	1	0	0
1	1	UID434637	1	1	0	0
1	1	UID434639	1	1	0	0
1	1	UID434644	1	1	0	0
1	1	UID434645	1	1	0	0
1	1	UID434648	1	1	0	0
1	1	UID434649	1	1	0	0
1	1	UID434651	1	1	0	0
1	1	UID434665	1	1	0	0
1	1	UID434673	1	1	0	0
1	1	UID434684	1	1	0	0
1	1	UID434718	1	1	0	0
1	1	UID434736	1	1	0	0
1	1	UID434737	1	1	0	0
1	1	UID434738	1	1	0	0
1	1	UID434747	1	1	0	0
1	1	UID434750	1	1	0	0
1	1	UID434753	1	1	0	0
1	1	UID434756	1	1	0	0
1	1	UID434763	1	1	0	0
1	1	UID434765	1	1	0	0
1	1	UID434766	1	1	0	0
1	1	UID434772	1	1	0	0
1	1	UID434773	1	1	0	0
1	1	UID434774	1	1	0	0
1	1	UID434775	1	1	0	0
1	1	UID434776	1	1	0	0
1	1	UID434777	1	1	0	0
1	1	UID434778	1	1	0	0
1	1	UID434779	1	1	0	0
1	1	UID434780	1	1	0	0
1	1	UID434783	1	1	0	0
1	1	UID434784	1	1	0	0
1	1	UID434786	1	1	0	0
1	1	UID434787	1	1	0	0
1	1	UID434789	1	1	0	0
1	1	UID434791	1	1	0	0
1	1	UID434792	1	1	0	0
1	1	UID434793	1	1	0	0
1	1	UID434797	1	1	0	0
1	1	UID434808	1	1	0	0
1	1	UID434809	1	1	0	0
1	1	UID434810	1	1	0	0
1	1	UID434815	1	1	0	0
1	1	UID434816	1	1	0	0
1	1	UID434817	1	1	0	0
1	1	UID434819	1	1	0	0
1	1	UID434820	1	1	0	0
1	1	UID434821	1	1	0	0
1	1	UID434822	1	1	0	0
1	1	UID434823	1	1	0	0
1	1	UID434824	1	1	0	0
1	1	UID434825	1	1	0	0
1	1	UID434826	1	1	0	0
1	1	UID434827	1	1	0	0
1	1	UID434828	1	1	0	0
1	1	UID434829	1	1	0	0
1	1	UID434834	1	1	0	0
1	1	UID434835	1	1	0	0
1	1	UID434839	1	1	0	0
1	1	UID434841	1	1	0	0
1	1	UID434846	1	1	0	0
1	1	UID434852	1	1	0	0
1	1	UID434858	1	1	0	0
1	1	UID434883	1	1	0	0
1	1	UID434919	1	1	0	0
1	1	UID434927	1	1	0	0
1	1	UID434933	1	1	0	0
1	1	UID434948	1	1	0	0
1	1	UID434956	1	1	0	0
1	1	UID434961	1	1	0	0
1	1	UID434962	1	1	0	0
1	1	UID434964	1	1	0	0
1	1	UID434965	1	1	0	0
1	1	UID434969	1	1	0	0
1	1	UID434970	1	1	0	0
1	1	UID434977	1	1	0	0
1	1	UID434980	1	1	0	0
1	1	UID434981	1	1	0	0
1	1	UID434982	1	1	0	0
1	1	UID434983	1	1	0	0
1	1	UID434985	1	1	0	0
1	1	UID434987	1	1	0	0
1	1	UID434988	1	1	0	0
1	1	UID434989	1	1	0	0
1	1	UID434990	1	1	0	0
1	1	UID434992	1	1	0	0
1	1	UID434993	1	1	0	0
1	1	UID434994	1	1	0	0
1	1	UID434995	1	1	0	0
1	1	UID434997	1	1	0	0
1	1	UID434998	1	1	0	0
1	1	UID435000	1	1	0	0
1	1	UID435002	1	1	0	0
1	1	UID435003	1	1	0	0
1	1	UID435004	1	1	0	0
1	1	UID435005	1	1	0	0
1	1	UID435006	1	1	0	0
1	1	UID435007	1	1	0	0
1	1	UID435008	1	1	0	0
1	1	UID435009	1	1	0	0
1	1	UID435010	1	1	0	0
1	1	UID435011	1	1	0	0
1	1	UID435013	1	1	0	0
1	1	UID435014	1	1	0	0
1	1	UID435016	1	1	0	0
1	1	UID435017	1	1	0	0
1	1	UID435020	1	1	0	0
1	1	UID435024	1	1	0	0
1	1	UID435041	1	1	0	0
1	1	UID435046	1	1	0	0
1	1	UID435049	1	1	0	0
1	1	UID435068	1	1	0	0
1	1	UID435071	1	1	0	0
1	1	UID435076	1	1	0	0
1	1	UID435083	1	1	0	0
1	1	UID435084	1	1	0	0
1	1	UID435085	1	1	0	0
1	1	UID435088	1	1	0	0
1	1	UID435090	1	1	0	0
1	1	UID435091	1	1	0	0
1	1	UID435093	1	1	0	0
1	1	UID435095	1	1	0	0
1	1	UID435099	1	1	0	0
1	1	UID435102	1	1	0	0
1	1	UID435106	1	1	0	0
1	1	UID435107	1	1	0	0
1	1	UID435122	1	1	0	0
1	1	UID435125	1	1	0	0
1	1	UID435127	1	1	0	0
1	1	UID435128	1	1	0	0
1	1	UID435131	1	1	0	0
1	1	UID435140	1	1	0	0
1	1	UID435141	1	1	0	0
1	1	UID435143	1	1	0	0
1	1	UID435145	1	1	0	0
1	1	UID435146	1	1	0	0
1	1	UID435147	1	1	0	0
1	1	UID435148	1	1	0	0
1	1	UID435149	1	1	0	0
1	1	UID435150	1	1	0	0
1	1	UID435158	1	1	0	0
1	1	UID435169	1	1	0	0
1	1	UID435174	1	1	0	0
1	1	UID435200	1	1	0	0
1	1	UID435212	1	1	0	0
1	1	UID435222	1	1	0	0
1	1	UID435223	1	1	0	0
1	1	UID435224	1	1	0	0
1	1	UID435225	1	1	0	0
1	1	UID435230	1	1	0	0
1	1	UID435231	1	1	0	0
1	1	UID435232	1	1	0	0
1	1	UID435238	1	1	0	0
1	1	UID435245	1	1	0	0
1	1	UID435270	1	1	0	0
1	1	UID435279	1	1	0	0
1	1	UID435285	1	1	0	0
1	1	UID435286	1	1	0	0
1	1	UID435304	1	1	0	0
1	1	UID435308	1	1	0	0
1	1	UID435314	1	1	0	0
1	1	UID435316	1	1	0	0
1	1	UID435317	1	1	0	0
1	1	UID435319	1	1	0	0
1	1	UID435321	1	1	0	0
1	1	UID435323	1	1	0	0
1	1	UID435324	1	1	0	0
1	1	UID435334	1	1	0	0
1	1	UID435335	1	1	0	0
1	1	UID435341	1	1	0	0
1	1	UID435343	1	1	0	0
1	1	UID435345	1	1	0	0
1	1	UID435346	1	1	0	0
1	1	UID435348	1	1	0	0
1	1	UID435349	1	1	0	0
1	1	UID435350	1	1	0	0
1	1	UID435351	1	1	0	0
1	1	UID435364	1	1	0	0
1	1	UID435368	1	1	0	0
1	1	UID435398	1	1	0	0
1	1	UID435401	1	1	0	0
1	1	UID435406	1	1	0	0
1	1	UID435409	1	1	0	0
1	1	UID435411	1	1	0	0
1	1	UID435412	1	1	0	0
1	1	UID435416	1	1	0	0
1	1	UID435417	1	1	0	0
1	1	UID435426	1	1	0	0
1	1	UID435429	1	1	0	0
1	1	UID435430	1	1	0	0
1	1	UID435431	1	1	0	0
1	1	UID435433	1	1	0	0
1	1	UID435434	1	1	0	0
1	1	UID435435	1	1	0	0
1	1	UID435436	1	1	0	0
1	1	UID435438	1	1	0	0
1	1	UID435441	1	1	0	0
1	1	UID435442	1	1	0	0
1	1	UID435443	1	1	0	0
1	1	UID435444	1	1	0	0
1	1	UID435453	1	1	0	0
1	1	UID435455	1	1	0	0
1	1	UID435471	1	1	0	0
1	1	UID435473	1	1	0	0
1	1	UID435477	1	1	0	0
1	1	UID435479	1	1	0	0
1	1	UID435480	1	1	0	0
1	1	UID435524	1	1	0	0
1	1	UID435544	1	1	0	0
1	1	UID435547	1	1	0	0
1	1	UID435555	1	1	0	0
1	1	UID435556	1	1	0	0
1	1	UID435557	1	1	0	0
1	1	UID435559	1	1	0	0
1	1	UID435561	1	1	0	0
1	1	UID435564	1	1	0	0
1	1	UID435565	1	1	0	0
1	1	UID435566	1	1	0	0
1	1	UID435567	1	1	0	0
1	1	UID435568	1	1	0	0
1	1	UID435571	1	1	0	0
1	1	UID435572	1	1	0	0
1	1	UID435573	1	1	0	0
1	1	UID435574	1	1	0	0
1	1	UID435578	1	1	0	0
1	1	UID435579	1	1	0	0
1	1	UID435581	1	1	0	0
1	1	UID435582	1	1	0	0
1	1	UID435583	1	1	0	0
1	1	UID435585	1	1	0	0
1	1	UID435589	1	1	0	0
1	1	UID435591	1	1	0	0
1	1	UID435592	1	1	0	0
1	1	UID435593	1	1	0	0
1	1	UID435594	1	1	0	0
1	1	UID435609	1	1	0	0
1	1	UID435614	1	1	0	0
1	1	UID435617	1	1	0	0
1	1	UID435618	1	1	0	0
1	1	UID435623	1	1	0	0
1	1	UID435624	1	1	0	0
1	1	UID435626	1	1	0	0
1	1	UID435627	1	1	0	0
1	1	UID435628	1	1	0	0
1	1	UID435629	1	1	0	0
1	1	UID435630	1	1	0	0
1	1	UID435633	1	1	0	0
1	1	UID435643	1	1	0	0
1	1	UID435648	1	1	0	0
1	1	UID435674	1	1	0	0
1	1	UID435685	1	1	0	0
1	1	UID435686	1	1	0	0
1	1	UID435690	1	1	0	0
1	1	UID435692	1	1	0	0
1	1	UID435706	1	1	0	0
1	1	UID435733	1	1	0	0
1	1	UID435742	1	1	0	0
1	1	UID435743	1	1	0	0
1	1	UID435745	1	1	0	0
1	1	UID435748	1	1	0	0
1	1	UID435749	1	1	0	0
1	1	UID435751	1	1	0	0
1	1	UID435753	1	1	0	0
1	1	UID435754	1	1	0	0
1	1	UID435755	1	1	0	0
1	1	UID435756	1	1	0	0
1	1	UID435758	1	1	0	0
1	1	UID435764	1	1	0	0
1	1	UID435767	1	1	0	0
1	1	UID435768	1	1	0	0
1	1	UID435769	1	1	0	0
1	1	UID435770	1	1	0	0
1	1	UID435771	1	1	0	0
1	1	UID435772	1	1	0	0
1	1	UID435777	1	1	0	0
1	1	UID435778	1	1	0	0
1	1	UID435779	1	1	0	0
1	1	UID435786	1	1	0	0
1	1	UID435787	1	1	0	0
1	1	UID435789	1	1	0	0
1	1	UID435794	1	1	0	0
1	1	UID435797	1	1	0	0
1	1	UID435837	1	1	0	0
1	1	UID435840	1	1	0	0
1	1	UID435841	1	1	0	0
1	1	UID435851	1	1	0	0
1	1	UID435857	1	1	0	0
1	1	UID435860	1	1	0	0
1	1	UID435862	1	1	0	0
1	1	UID435872	1	1	0	0
1	1	UID435905	1	1	0	0
1	1	UID435916	1	1	0	0
1	1	UID435920	1	1	0	0
1	1	UID435951	1	1	0	0
1	1	UID435957	1	1	0	0
1	1	UID436009	1	1	0	0
1	1	UID436014	1	1	0	0
1	1	UID436016	1	1	0	0
1	1	UID436017	1	1	0	0
1	1	UID436018	1	1	0	0
1	1	UID436020	1	1	0	0
1	1	UID436021	1	1	0	0
1	1	UID436022	1	1	0	0
1	1	UID436024	1	1	0	0
1	1	UID436025	1	1	0	0
1	1	UID436026	1	1	0	0
1	1	UID436027	1	1	0	0
1	1	UID436028	1	1	0	0
1	1	UID436029	1	1	0	0
1	1	UID436030	1	1	0	0
1	1	UID436031	1	1	0	0
1	1	UID436032	1	1	0	0
1	1	UID436035	1	1	0	0
1	1	UID436036	1	1	0	0
1	1	UID436037	1	1	0	0
1	1	UID436039	1	1	0	0
1	1	UID436040	1	1	0	0
1	1	UID436041	1	1	0	0
1	1	UID436042	1	1	0	0
1	1	UID436043	1	1	0	0
1	1	UID436044	1	1	0	0
1	1	UID436045	1	1	0	0
1	1	UID436047	1	1	0	0
1	1	UID436048	1	1	0	0
1	1	UID436049	1	1	0	0
1	1	UID436051	1	1	0	0
1	1	UID436065	1	1	0	0
1	1	UID436067	1	1	0	0
1	1	UID436072	1	1	0	0
1	1	UID436074	1	1	0	0
1	1	UID436075	1	1	0	0
1	1	UID436076	1	1	0	0
1	1	UID436078	1	1	0	0
1	1	UID436079	1	1	0	0
1	1	UID436080	1	1	0	0
1	1	UID436081	1	1	0	0
1	1	UID436082	1	1	0	0
1	1	UID436086	1	1	0	0
1	1	UID436087	1	1	0	0
1	1	UID436089	1	1	0	0
1	1	UID436090	1	1	0	0
1	1	UID436091	1	1	0	0
1	1	UID436092	1	1	0	0
1	1	UID436093	1	1	0	0
1	1	UID436094	1	1	0	0
1	1	UID436095	1	1	0	0
1	1	UID436096	1	1	0	0
1	1	UID436097	1	1	0	0
1	1	UID436098	1	1	0	0
1	1	UID436099	1	1	0	0
1	1	UID436101	1	1	0	0
1	1	UID436102	1	1	0	0
1	1	UID436108	1	1	0	0
1	1	UID436109	1	1	0	0
1	1	UID436110	1	1	0	0
1	1	UID436118	1	1	0	0
1	1	UID436121	1	1	0	0
1	1	UID436124	1	1	0	0
1	1	UID436127	1	1	0	0
1	1	UID436130	1	1	0	0
1	1	UID436131	1	1	0	0
1	1	UID436132	1	1	0	0
1	1	UID436133	1	1	0	0
1	1	UID436134	1	1	0	0
1	1	UID436135	1	1	0	0
1	1	UID436136	1	1	0	0
1	1	UID436138	1	1	0	0
1	1	UID436139	1	1	0	0
1	1	UID436151	1	1	0	0
1	1	UID436161	1	1	0	0
1	1	UID436195	1	1	0	0
1	1	UID436198	1	1	0	0
1	1	UID436200	1	1	0	0
1	1	UID436203	1	1	0	0
1	1	UID436204	1	1	0	0
1	1	UID436205	1	1	0	0
1	1	UID436206	1	1	0	0
1	1	UID436208	1	1	0	0
1	1	UID436209	1	1	0	0
1	1	UID436210	1	1	0	0
1	1	UID436211	1	1	0	0
1	1	UID436212	1	1	0	0
1	1	UID436213	1	1	0	0
1	1	UID436214	1	1	0	0
1	1	UID436216	1	1	0	0
1	1	UID436220	1	1	0	0
1	1	UID436221	1	1	0	0
1	1	UID436222	1	1	0	0
1	1	UID436223	1	1	0	0
1	1	UID436224	1	1	0	0
1	1	UID436225	1	1	0	0
1	1	UID436226	1	1	0	0
1	1	UID436227	1	1	0	0
1	1	UID436228	1	1	0	0
1	1	UID436229	1	1	0	0
1	1	UID436240	1	1	0	0
1	1	UID436241	1	1	0	0
1	1	UID436242	1	1	0	0
1	1	UID436243	1	1	0	0
1	1	UID436244	1	1	0	0
1	1	UID436245	1	1	0	0
1	1	UID436246	1	1	0	0
1	1	UID436247	1	1	0	0
1	1	UID436248	1	1	0	0
1	1	UID436251	1	1	0	0
1	1	UID436259	1	1	0	0
1	1	UID436260	1	1	0	0
1	1	UID436261	1	1	0	0
1	1	UID436271	1	1	0	0
1	1	UID436326	1	1	0	0
1	1	UID436335	1	1	0	0
1	1	UID436338	1	1	0	0
1	1	UID436340	1	1	0	0
1	1	UID436348	1	1	0	0
1	1	UID436354	1	1	0	0
1	1	UID436360	1	1	0	0
1	1	UID436363	1	1	0	0
1	1	UID436364	1	1	0	0
1	1	UID436366	1	1	0	0
1	1	UID436367	1	1	0	0
1	1	UID436368	1	1	0	0
1	1	UID436370	1	1	0	0
1	1	UID436372	1	1	0	0
1	1	UID436373	1	1	0	0
1	1	UID436375	1	1	0	0
1	1	UID436376	1	1	0	0
1	1	UID436377	1	1	0	0
1	1	UID436379	1	1	0	0
1	1	UID436399	1	1	0	0
1	1	UID436404	1	1	0	0
1	1	UID436408	1	1	0	0
1	1	UID436409	1	1	0	0
1	1	UID436412	1	1	0	0
1	1	UID436413	1	1	0	0
1	1	UID436415	1	1	0	0
1	1	UID436417	1	1	0	0
1	1	UID436420	1	1	0	0
3	3	UID436440	1	3	2	2
1	1	UID436449	1	1	0	0
1	1	UID436450	1	1	0	0
1	1	UID436453	1	1	0	0
1	1	UID436454	1	1	0	0
1	1	UID436456	1	1	0	0
1	1	UID436457	1	1	0	0
1	1	UID436458	1	1	0	0
1	1	UID436459	1	1	0	0
1	1	UID436461	1	1	0	0
1	1	UID436462	1	1	0	0
1	1	UID436464	1	1	0	0
1	1	UID436476	1	1	0	0
1	1	UID436481	1	1	0	0
1	1	UID436483	1	1	0	0
1	1	UID436484	1	1	0	0
1	1	UID436489	1	1	0	0
1	1	UID436498	1	1	0	0
1	1	UID436500	1	1	0	0
1	1	UID436537	1	1	0	0
1	1	UID436541	1	1	0	0
1	1	UID436542	1	1	0	0
1	1	UID436554	1	1	0	0
1	1	UID436555	1	1	0	0
1	1	UID436556	1	1	0	0
1	1	UID436557	1	1	0	0
1	1	UID436558	1	1	0	0
1	1	UID436560	1	1	0	0
1	1	UID436563	1	1	0	0
1	1	UID436564	1	1	0	0
1	1	UID436570	1	1	0	0
1	1	UID436571	1	1	0	0
1	1	UID436576	1	1	0	0
1	1	UID436577	1	1	0	0
1	1	UID436578	1	1	0	0
1	1	UID436579	1	1	0	0
1	1	UID436584	1	1	0	0
1	1	UID436585	1	1	0	0
1	1	UID436587	1	1	0	0
1	1	UID436588	1	1	0	0
1	1	UID436590	1	1	0	0
1	1	UID436592	1	1	0	0
1	1	UID436593	1	1	0	0
1	1	UID436595	1	1	0	0
1	1	UID436596	1	1	0	0
1	1	UID436597	1	1	0	0
1	1	UID436601	1	1	0	0
1	1	UID436602	1	1	0	0
1	1	UID436617	1	1	0	0
1	1	UID436618	1	1	0	0
1	1	UID436620	1	1	0	0
1	1	UID436624	1	1	0	0
1	1	UID436626	1	1	0	0
1	1	UID436627	1	1	0	0
1	1	UID436628	1	1	0	0
1	1	UID436675	1	1	0	0
1	1	UID436680	1	1	0	0
1	1	UID436693	1	1	0	0
1	1	UID436701	1	1	0	0
1	1	UID436703	1	1	0	0
1	1	UID436706	1	1	0	0
1	1	UID436715	1	1	0	0
1	1	UID436722	1	1	0	0
1	1	UID436727	1	1	0	0
1	1	UID436736	1	1	0	0
1	1	UID436738	1	1	0	0
1	1	UID436757	1	1	0	0
1	1	UID436764	1	1	0	0
1	1	UID436766	1	1	0	0
1	1	UID436770	1	1	0	0
1	1	UID436773	1	1	0	0
1	1	UID436776	1	1	0	0
1	1	UID436777	1	1	0	0
1	1	UID436778	1	1	0	0
1	1	UID436779	1	1	0	0
1	1	UID436782	1	1	0	0
1	1	UID436784	1	1	0	0
1	1	UID436786	1	1	0	0
1	1	UID436788	1	1	0	0
1	1	UID436789	1	1	0	0
1	1	UID436790	1	1	0	0
1	1	UID436793	1	1	0	0
1	1	UID436802	1	1	0	0
1	1	UID436811	1	1	0	0
1	1	UID436813	1	1	0	0
1	1	UID436814	1	1	0	0
1	1	UID436816	1	1	0	0
1	1	UID436818	1	1	0	0
1	1	UID436822	1	1	0	0
1	1	UID436829	1	1	0	0
1	1	UID436833	1	1	0	0
1	1	UID436839	1	1	0	0
1	1	UID436841	1	1	0	0
1	1	UID436883	1	1	0	0
1	1	UID436886	1	1	0	0
1	1	UID436891	1	1	0	0
1	1	UID436916	1	1	0	0
1	1	UID436918	1	1	0	0
1	1	UID436924	1	1	0	0
1	1	UID436925	1	1	0	0
1	1	UID436926	1	1	0	0
1	1	UID436927	1	1	0	0
1	1	UID436928	1	1	0	0
1	1	UID436929	1	1	0	0
1	1	UID436931	1	1	0	0
1	1	UID436938	1	1	0	0
1	1	UID436939	1	1	0	0
1	1	UID436940	1	1	0	0
1	1	UID436941	1	1	0	0
1	1	UID436942	1	1	0	0
1	1	UID436945	1	1	0	0
1	1	UID436946	1	1	0	0
1	1	UID436947	1	1	0	0
1	1	UID436957	1	1	0	0
1	1	UID436961	1	1	0	0
1	1	UID436963	1	1	0	0
1	1	UID436976	1	1	0	0
1	1	UID436977	1	1	0	0
1	1	UID436982	1	1	0	0
1	1	UID437018	1	1	0	0
1	1	UID437021	1	1	0	0
1	1	UID437022	1	1	0	0
1	1	UID437023	1	1	0	0
1	1	UID437025	1	1	0	0
1	1	UID437032	1	1	0	0
1	1	UID437034	1	1	0	0
2	2	UID437039	1	2	1	1
1	1	UID437053	1	1	0	0
1	1	UID437059	1	1	0	0
1	1	UID437061	1	1	0	0
1	1	UID437083	1	1	0	0
1	1	UID437086	1	1	0	0
1	1	UID437088	1	1	0	0
1	1	UID437092	1	1	0	0
1	1	UID437102	1	1	0	0
1	1	UID437103	1	1	0	0
1	1	UID437104	1	1	0	0
1	1	UID437107	1	1	0	0
1	1	UID437108	1	1	0	0
1	1	UID437109	1	1	0	0
1	1	UID437117	1	1	0	0
1	1	UID437121	1	1	0	0
1	1	UID437123	1	1	0	0
1	1	UID437132	1	1	0	0
1	1	UID437134	1	1	0	0
1	1	UID437135	1	1	0	0
1	1	UID437138	1	1	0	0
1	1	UID437143	1	1	0	0
1	1	UID437154	1	1	0	0
1	1	UID437167	1	1	0	0
1	1	UID437168	1	1	0	0
1	1	UID437169	1	1	0	0
1	1	UID437170	1	1	0	0
1	1	UID437172	1	1	0	0
1	1	UID437173	1	1	0	0
1	1	UID437174	1	1	0	0
1	1	UID437177	1	1	0	0
1	1	UID437178	1	1	0	0
1	1	UID437180	1	1	0	0
1	1	UID437181	1	1	0	0
1	1	UID437183	1	1	0	0
1	1	UID437195	1	1	0	0
1	1	UID437196	1	1	0	0
1	1	UID437201	1	1	0	0
1	1	UID437202	1	1	0	0
1	1	UID437204	1	1	0	0
1	1	UID437205	1	1	0	0
1	1	UID437207	1	1	0	0
1	1	UID437208	1	1	0	0
1	1	UID437212	1	1	0	0
1	1	UID437213	1	1	0	0
1	1	UID437214	1	1	0	0
1	1	UID437220	1	1	0	0
1	1	UID437221	1	1	0	0
1	1	UID437222	1	1	0	0
1	1	UID437233	1	1	0	0
1	1	UID437241	1	1	0	0
1	1	UID437242	1	1	0	0
1	1	UID437245	1	1	0	0
1	1	UID437246	1	1	0	0
1	1	UID437247	1	1	0	0
1	1	UID437250	1	1	0	0
1	1	UID437251	1	1	0	0
1	1	UID437264	1	1	0	0
1	1	UID437278	1	1	0	0
1	1	UID437292	1	1	0	0
1	1	UID437295	1	1	0	0
1	1	UID437296	1	1	0	0
1	1	UID437347	1	1	0	0
1	1	UID437368	1	1	0	0
1	1	UID437383	1	1	0	0
1	1	UID437405	1	1	0	0
1	1	UID437406	1	1	0	0
1	1	UID437411	1	1	0	0
1	1	UID437413	1	1	0	0
1	1	UID437415	1	1	0	0
1	1	UID437416	1	1	0	0
1	1	UID437417	1	1	0	0
1	1	UID437418	1	1	0	0
1	1	UID437429	1	1	0	0
1	1	UID437430	1	1	0	0
1	1	UID437432	1	1	0	0
1	1	UID437443	1	1	0	0
1	1	UID437450	1	1	0	0
1	1	UID437456	1	1	0	0
1	1	UID437458	1	1	0	0
1	1	UID437461	1	1	0	0
1	1	UID437478	1	1	0	0
1	1	UID437521	1	1	0	0
1	1	UID437527	1	1	0	0
1	1	UID437528	1	1	0	0
1	1	UID437534	1	1	0	0
1	1	UID437538	1	1	0	0
1	1	UID437542	1	1	0	0
1	1	UID437545	1	1	0	0
1	1	UID437548	1	1	0	0
1	1	UID437550	1	1	0	0
1	1	UID437555	1	1	0	0
1	1	UID437558	1	1	0	0
1	1	UID437561	1	1	0	0
1	1	UID437563	1	1	0	0
1	1	UID437588	1	1	0	0
1	1	UID437596	1	1	0	0
1	1	UID437599	1	1	0	0
1	1	UID437600	1	1	0	0
1	1	UID437601	1	1	0	0
1	1	UID437602	1	1	0	0
1	1	UID437603	1	1	0	0
1	1	UID437605	1	1	0	0
1	1	UID437606	1	1	0	0
1	1	UID437607	1	1	0	0
1	1	UID437609	1	1	0	0
1	1	UID437611	1	1	0	0
1	1	UID437613	1	1	0	0
1	1	UID437614	1	1	0	0
1	1	UID437615	1	1	0	0
1	1	UID437618	1	1	0	0
1	1	UID437621	1	1	0	0
1	1	UID437623	1	1	0	0
1	1	UID437624	1	1	0	0
1	1	UID437625	1	1	0	0
1	1	UID437626	1	1	0	0
1	1	UID437629	1	1	0	0
1	1	UID437631	1	1	0	0
1	1	UID437632	1	1	0	0
1	1	UID437633	1	1	0	0
1	1	UID437645	1	1	0	0
1	1	UID437649	1	1	0	0
1	1	UID437651	1	1	0	0
1	1	UID437656	1	1	0	0
1	1	UID437658	1	1	0	0
1	1	UID437659	1	1	0	0
1	1	UID437661	1	1	0	0
1	1	UID437662	1	1	0	0
1	1	UID437665	1	1	0	0
1	1	UID437666	1	1	0	0
1	1	UID437667	1	1	0	0
1	1	UID437679	1	1	0	0
1	1	UID437683	1	1	0	0
1	1	UID437685	1	1	0	0
1	1	UID437700	1	1	0	0
1	1	UID437702	1	1	0	0
1	1	UID437706	1	1	0	0
1	1	UID437748	1	1	0	0
1	1	UID437752	1	1	0	0
1	1	UID437753	1	1	0	0
1	1	UID437755	1	1	0	0
1	1	UID437763	1	1	0	0
1	1	UID437764	1	1	0	0
1	1	UID437776	1	1	0	0
1	1	UID437777	1	1	0	0
1	1	UID437785	1	1	0	0
1	1	UID437786	1	1	0	0
1	1	UID437787	1	1	0	0
1	1	UID437788	1	1	0	0
1	1	UID437792	1	1	0	0
1	1	UID437793	1	1	0	0
1	1	UID437809	1	1	0	0
1	1	UID437812	1	1	0	0
1	1	UID437822	1	1	0	0
1	1	UID437823	1	1	0	0
1	1	UID437824	1	1	0	0
1	1	UID437826	1	1	0	0
1	1	UID437827	1	1	0	0
1	1	UID437828	1	1	0	0
1	1	UID437840	1	1	0	0
1	1	UID437841	1	1	0	0
1	1	UID437843	1	1	0	0
1	1	UID437850	1	1	0	0
1	1	UID437856	1	1	0	0
1	1	UID437858	1	1	0	0
1	1	UID437883	1	1	0	0
1	1	UID437897	1	1	0	0
1	1	UID437906	1	1	0	0
1	1	UID437907	1	1	0	0
1	1	UID437934	1	1	0	0
1	1	UID437948	1	1	0	0
1	1	UID437951	1	1	0	0
1	1	UID437961	1	1	0	0
1	1	UID437963	1	1	0	0
1	1	UID437966	1	1	0	0
1	1	UID437967	1	1	0	0
1	1	UID437978	1	1	0	0
1	1	UID438009	1	1	0	0
1	1	UID438012	1	1	0	0
1	1	UID438013	1	1	0	0
1	1	UID438023	1	1	0	0
1	1	UID438024	1	1	0	0
1	1	UID438025	1	1	0	0
1	1	UID438027	1	1	0	0
1	1	UID438029	1	1	0	0
1	1	UID438031	1	1	0	0
1	1	UID438033	1	1	0	0
1	1	UID438034	1	1	0	0
1	1	UID438037	1	1	0	0
1	1	UID438041	1	1	0	0
1	1	UID438042	1	1	0	0
1	1	UID438057	1	1	0	0
1	1	UID438059	1	1	0	0
1	1	UID438065	1	1	0	0
1	1	UID438069	1	1	0	0
1	1	UID438070	1	1	0	0
1	1	UID438074	1	1	0	0
1	1	UID438075	1	1	0	0
1	1	UID438081	1	1	0	0
1	1	UID438083	1	1	0	0
1	1	UID438084	1	1	0	0
1	1	UID438091	1	1	0	0
1	1	UID438095	1	1	0	0
1	1	UID438098	1	1	0	0
1	1	UID438102	1	1	0	0
1	1	UID438104	1	1	0	0
1	1	UID438164	1	1	0	0
1	1	UID438172	1	1	0	0
1	1	UID438173	1	1	0	0
1	1	UID438195	1	1	0	0
1	1	UID438196	1	1	0	0
1	1	UID438198	1	1	0	0
1	1	UID438200	1	1	0	0
1	1	UID438202	1	1	0	0
1	1	UID438205	1	1	0	0
1	1	UID438207	1	1	0	0
1	1	UID438214	1	1	0	0
1	1	UID438215	1	1	0	0
1	1	UID438234	1	1	0	0
1	1	UID438235	1	1	0	0
1	1	UID438240	1	1	0	0
1	1	UID438243	1	1	0	0
1	1	UID438245	1	1	0	0
1	1	UID438246	1	1	0	0
3	3	UID438249	1	3	2	2
1	1	UID438260	1	1	0	0
1	1	UID438261	1	1	0	0
1	1	UID438297	1	1	0	0
1	1	UID438301	1	1	0	0
1	1	UID438306	1	1	0	0
1	1	UID438309	1	1	0	0
1	1	UID438320	1	1	0	0
1	1	UID438324	1	1	0	0
1	1	UID438345	1	1	0	0
1	1	UID438349	1	1	0	0
1	1	UID438350	1	1	0	0
1	1	UID438352	1	1	0	0
1	1	UID438353	1	1	0	0
1	1	UID438358	1	1	0	0
1	1	UID438362	1	1	0	0
1	1	UID438363	1	1	0	0
1	1	UID438372	1	1	0	0
1	1	UID438374	1	1	0	0
1	1	UID438376	1	1	0	0
1	1	UID438378	1	1	0	0
1	1	UID438437	1	1	0	0
1	1	UID438439	1	1	0	0
1	1	UID438440	1	1	0	0
1	1	UID438445	1	1	0	0
1	1	UID438447	1	1	0	0
1	1	UID438448	1	1	0	0
1	1	UID438449	1	1	0	0
1	1	UID438450	1	1	0	0
1	1	UID438451	1	1	0	0
1	1	UID438452	1	1	0	0
1	1	UID438454	1	1	0	0
1	1	UID438456	1	1	0	0
1	1	UID438459	1	1	0	0
1	1	UID438463	1	1	0	0
1	1	UID438468	1	1	0	0
1	1	UID438474	1	1	0	0
1	1	UID438475	1	1	0	0
1	1	UID438478	1	1	0	0
1	1	UID438487	1	1	0	0
1	1	UID438512	1	1	0	0
1	1	UID438514	1	1	0	0
1	1	UID438518	1	1	0	0
1	1	UID438519	1	1	0	0
1	1	UID438521	1	1	0	0
1	1	UID438522	1	1	0	0
1	1	UID438524	1	1	0	0
1	1	UID438526	1	1	0	0
1	1	UID438527	1	1	0	0
1	1	UID438528	1	1	0	0
1	1	UID438529	1	1	0	0
1	1	UID438530	1	1	0	0
1	1	UID438532	1	1	0	0
1	1	UID438536	1	1	0	0
1	1	UID438537	1	1	0	0
1	1	UID438538	1	1	0	0
1	1	UID438543	1	1	0	0
1	1	UID438546	1	1	0	0
1	1	UID438547	1	1	0	0
1	1	UID438548	1	1	0	0
1	1	UID438549	1	1	0	0
1	1	UID438551	1	1	0	0
1	1	UID438553	1	1	0	0
1	1	UID438554	1	1	0	0
1	1	UID438557	1	1	0	0
1	1	UID438558	1	1	0	0
1	1	UID438560	1	1	0	0
1	1	UID438563	1	1	0	0
1	1	UID438568	1	1	0	0
1	1	UID438570	1	1	0	0
1	1	UID438573	1	1	0	0
1	1	UID438576	1	1	0	0
1	1	UID438578	1	1	0	0
1	1	UID438582	1	1	0	0
1	1	UID438586	1	1	0	0
1	1	UID438622	1	1	0	0
1	1	UID438625	1	1	0	0
1	1	UID438633	1	1	0	0
1	1	UID438635	1	1	0	0
1	1	UID438638	1	1	0	0
1	1	UID438639	1	1	0	0
1	1	UID438641	1	1	0	0
1	1	UID438644	1	1	0	0
1	1	UID438646	1	1	0	0
1	1	UID438647	1	1	0	0
1	1	UID438652	1	1	0	0
1	1	UID438653	1	1	0	0
1	1	UID438656	1	1	0	0
1	1	UID438658	1	1	0	0
1	1	UID438660	1	1	0	0
1	1	UID438666	1	1	0	0
1	1	UID438675	1	1	0	0
1	1	UID438677	1	1	0	0
1	1	UID438678	1	1	0	0
1	1	UID438679	1	1	0	0
1	1	UID438686	1	1	0	0
1	1	UID438690	1	1	0	0
1	1	UID438710	1	1	0	0
1	1	UID438721	1	1	0	0
1	1	UID438725	1	1	0	0
1	1	UID438731	1	1	0	0
1	1	UID438733	1	1	0	0
1	1	UID438734	1	1	0	0
1	1	UID438736	1	1	0	0
1	1	UID438737	1	1	0	0
1	1	UID438738	1	1	0	0
1	1	UID438741	1	1	0	0
1	1	UID438742	1	1	0	0
1	1	UID438743	1	1	0	0
1	1	UID438754	1	1	0	0
1	1	UID438757	1	1	0	0
1	1	UID438759	1	1	0	0
1	1	UID438762	1	1	0	0
1	1	UID438765	1	1	0	0
1	1	UID438774	1	1	0	0
1	1	UID438794	1	1	0	0
1	1	UID438795	1	1	0	0
1	1	UID438819	1	1	0	0
1	1	UID438821	1	1	0	0
1	1	UID438824	1	1	0	0
1	1	UID438825	1	1	0	0
1	1	UID438829	1	1	0	0
1	1	UID438830	1	1	0	0
1	1	UID438833	1	1	0	0
1	1	UID438834	1	1	0	0
1	1	UID438835	1	1	0	0
1	1	UID438853	1	1	0	0
1	1	UID438855	1	1	0	0
1	1	UID438856	1	1	0	0
1	1	UID438857	1	1	0	0
1	1	UID438862	1	1	0	0
1	1	UID438867	1	1	0	0
1	1	UID438908	1	1	0	0
1	1	UID438917	1	1	0	0
1	1	UID438919	1	1	0	0
1	1	UID438921	1	1	0	0
1	1	UID438929	1	1	0	0
1	1	UID438931	1	1	0	0
1	1	UID438932	1	1	0	0
1	1	UID438933	1	1	0	0
1	1	UID438934	1	1	0	0
1	1	UID438935	1	1	0	0
1	1	UID438941	1	1	0	0
1	1	UID438946	1	1	0	0
1	1	UID438969	1	1	0	0
1	1	UID438978	1	1	0	0
1	1	UID438982	1	1	0	0
1	1	UID438983	1	1	0	0
1	1	UID438984	1	1	0	0
1	1	UID438995	1	1	0	0
1	1	UID439008	1	1	0	0
1	1	UID439009	1	1	0	0
1	1	UID439010	1	1	0	0
1	1	UID439028	1	1	0	0
1	1	UID439029	1	1	0	0
1	1	UID439030	1	1	0	0
1	1	UID439031	1	1	0	0
1	1	UID439067	1	1	0	0
1	1	UID439068	1	1	0	0
1	1	UID439069	1	1	0	0
1	1	UID439070	1	1	0	0
1	1	UID439074	1	1	0	0
1	1	UID439075	1	1	0	0
1	1	UID439101	1	1	0	0
1	1	UID439103	1	1	0	0
1	1	UID439109	1	1	0	0
1	1	UID439110	1	1	0	0
1	1	UID439111	1	1	0	0
1	1	UID439114	1	1	0	0
1	1	UID439115	1	1	0	0
1	1	UID439121	1	1	0	0
1	1	UID439122	1	1	0	0
1	1	UID439147	1	1	0	0
1	1	UID439149	1	1	0	0
1	1	UID439150	1	1	0	0
1	1	UID439151	1	1	0	0
1	1	UID439154	1	1	0	0
1	1	UID439155	1	1	0	0
1	1	UID439181	1	1	0	0
1	1	UID439184	1	1	0	0
1	1	UID439199	1	1	0	0
1	1	UID439201	1	1	0	0
1	1	UID439203	1	1	0	0
1	1	UID439207	1	1	0	0
1	1	UID439209	1	1	0	0
1	1	UID439213	1	1	0	0
1	1	UID439216	1	1	0	0
1	1	UID439219	1	1	0	0
1	1	UID439249	1	1	0	0
1	1	UID439250	1	1	0	0
1	1	UID439255	1	1	0	0
1	1	UID439258	1	1	0	0
1	1	UID439259	1	1	0	0
1	1	UID439261	1	1	0	0
1	1	UID439266	1	1	0	0
1	1	UID439268	1	1	0	0
1	1	UID439285	1	1	0	0
1	1	UID439286	1	1	0	0
1	1	UID439289	1	1	0	0
1	1	UID439292	1	1	0	0
1	1	UID439329	1	1	0	0
1	1	UID439332	1	1	0	0
1	1	UID439334	1	1	0	0
1	1	UID439336	1	1	0	0
1	1	UID439341	1	1	0	0
1	1	UID439346	1	1	0	0
1	1	UID439349	1	1	0	0
1	1	UID439353	1	1	0	0
1	1	UID439384	1	1	0	0
1	1	UID439385	1	1	0	0
1	1	UID439389	1	1	0	0
1	1	UID439390	1	1	0	0
1	1	UID439393	1	1	0	0
1	1	UID439395	1	1	0	0
1	1	UID439398	1	1	0	0
1	1	UID439399	1	1	0	0
1	1	UID439400	1	1	0	0
1	1	UID439402	1	1	0	0
1	1	UID439406	1	1	0	0
1	1	UID439408	1	1	0	0
1	1	UID439409	1	1	0	0
1	1	UID439443	1	1	0	0
1	1	UID439447	1	1	0	0
1	1	UID439451	1	1	0	0
1	1	UID439458	1	1	0	0
1	1	UID439459	1	1	0	0
1	1	UID439461	1	1	0	0
1	1	UID439466	1	1	0	0
1	1	UID439469	1	1	0	0
1	1	UID439470	1	1	0	0
1	1	UID439479	1	1	0	0
1	1	UID439484	1	1	0	0
1	1	UID439487	1	1	0	0
1	1	UID439500	1	1	0	0
1	1	UID439514	1	1	0	0
1	1	UID439515	1	1	0	0
1	1	UID439516	1	1	0	0
1	1	UID439519	1	1	0	0
1	1	UID439539	1	1	0	0
1	1	UID439542	1	1	0	0
1	1	UID439547	1	1	0	0
1	1	UID439550	1	1	0	0
1	1	UID439552	1	1	0	0
1	1	UID439554	1	1	0	0
1	1	UID439556	1	1	0	0
1	1	UID439587	1	1	0	0
1	1	UID439588	1	1	0	0
1	1	UID439590	1	1	0	0
1	1	UID439596	1	1	0	0
1	1	UID439602	1	1	0	0
1	1	UID439605	1	1	0	0
1	1	UID439606	1	1	0	0
1	1	UID439610	1	1	0	0
1	1	UID439617	1	1	0	0
1	1	UID439618	1	1	0	0
1	1	UID439625	1	1	0	0
1	1	UID439626	1	1	0	0
1	1	UID439627	1	1	0	0
1	1	UID439649	1	1	0	0
1	1	UID439651	1	1	0	0
1	1	UID439653	1	1	0	0
1	1	UID439657	1	1	0	0
1	1	UID439659	1	1	0	0
1	1	UID439660	1	1	0	0
1	1	UID439697	1	1	0	0
1	1	UID439701	1	1	0	0
1	1	UID439711	1	1	0	0
1	1	UID439716	1	1	0	0
1	1	UID439717	1	1	0	0
1	1	UID439720	1	1	0	0
1	1	UID439721	1	1	0	0
1	1	UID439722	1	1	0	0
1	1	UID439723	1	1	0	0
1	1	UID439735	1	1	0	0
1	1	UID439738	1	1	0	0
1	1	UID439741	1	1	0	0
1	1	UID439760	1	1	0	0
1	1	UID439762	1	1	0	0
1	1	UID439764	1	1	0	0
1	1	UID439767	1	1	0	0
1	1	UID439768	1	1	0	0
1	1	UID439770	1	1	0	0
1	1	UID439773	1	1	0	0
1	1	UID439810	1	1	0	0
1	1	UID439814	1	1	0	0
1	1	UID439815	1	1	0	0
1	1	UID439817	1	1	0	0
1	1	UID439818	1	1	0	0
1	1	UID439820	1	1	0	0
1	1	UID439824	1	1	0	0
1	1	UID439847	1	1	0	0
1	1	UID439850	1	1	0	0
1	1	UID439875	1	1	0	0
1	1	UID439876	1	1	0	0
1	1	UID439877	1	1	0	0
1	1	UID439893	1	1	0	0
1	1	UID439894	1	1	0	0
1	1	UID439895	1	1	0	0
1	1	UID439911	1	1	0	0
1	1	UID439912	1	1	0	0
1	1	UID439913	1	1	0	0
1	1	UID439914	1	1	0	0
1	1	UID439915	1	1	0	0
1	1	UID439916	1	1	0	0
1	1	UID439917	1	1	0	0
1	1	UID439918	1	1	0	0
1	1	UID439921	1	1	0	0
1	1	UID439923	1	1	0	0
1	1	UID439925	1	1	0	0
1	1	UID439926	1	1	0	0
1	1	UID439927	1	1	0	0
1	1	UID439928	1	1	0	0
1	1	UID439930	1	1	0	0
1	1	UID439933	1	1	0	0
1	1	UID439934	1	1	0	0
1	1	UID439938	1	1	0	0
1	1	UID439941	1	1	0	0
1	1	UID439943	1	1	0	0
1	1	UID439944	1	1	0	0
1	1	UID439945	1	1	0	0
1	1	UID439950	1	1	0	0
1	1	UID439980	1	1	0	0
1	1	UID439986	1	1	0	0
1	1	UID439989	1	1	0	0
1	1	UID439990	1	1	0	0
1	1	UID439992	1	1	0	0
1	1	UID439995	1	1	0	0
1	1	UID439999	1	1	0	0
1	1	UID440000	1	1	0	0
1	1	UID440001	1	1	0	0
1	1	UID440003	1	1	0	0
1	1	UID440005	1	1	0	0
1	1	UID440006	1	1	0	0
1	1	UID440009	1	1	0	0
1	1	UID440010	1	1	0	0
1	1	UID440012	1	1	0	0
1	1	UID440013	1	1	0	0
1	1	UID440017	1	1	0	0
1	1	UID440018	1	1	0	0
1	1	UID440024	1	1	0	0
1	1	UID440026	1	1	0	0
1	1	UID440034	1	1	0	0
1	1	UID440035	1	1	0	0
1	1	UID440036	1	1	0	0
1	1	UID440038	1	1	0	0
1	1	UID440039	1	1	0	0
1	1	UID440041	1	1	0	0
1	1	UID440042	1	1	0	0
1	1	UID440043	1	1	0	0
1	1	UID440044	1	1	0	0
1	1	UID440045	1	1	0	0
1	1	UID440046	1	1	0	0
1	1	UID440047	1	1	0	0
1	1	UID440049	1	1	0	0
1	1	UID440050	1	1	0	0
1	1	UID440051	1	1	0	0
1	1	UID440054	1	1	0	0
1	1	UID440055	1	1	0	0
1	1	UID440056	1	1	0	0
1	1	UID440058	1	1	0	0
1	1	UID440059	1	1	0	0
1	1	UID440060	1	1	0	0
1	1	UID440061	1	1	0	0
1	1	UID440066	1	1	0	0
1	1	UID440067	1	1	0	0
1	1	UID440074	1	1	0	0
1	1	UID440117	1	1	0	0
1	1	UID440121	1	1	0	0
1	1	UID440126	1	1	0	0
1	1	UID440128	1	1	0	0
1	1	UID440135	1	1	0	0
1	1	UID440137	1	1	0	0
1	1	UID440138	1	1	0	0
1	1	UID440139	1	1	0	0
1	1	UID440140	1	1	0	0
1	1	UID440143	1	1	0	0
1	1	UID440144	1	1	0	0
1	1	UID440145	1	1	0	0
1	1	UID440157	1	1	0	0
1	1	UID440161	1	1	0	0
1	1	UID440164	1	1	0	0
1	1	UID440168	1	1	0	0
1	1	UID440169	1	1	0	0
1	1	UID440170	1	1	0	0
1	1	UID440171	1	1	0	0
1	1	UID440172	1	1	0	0
1	1	UID440173	1	1	0	0
1	1	UID440186	1	1	0	0
1	1	UID440187	1	1	0	0
1	1	UID440189	1	1	0	0
1	1	UID440190	1	1	0	0
1	1	UID440191	1	1	0	0
1	1	UID440192	1	1	0	0
1	1	UID440197	1	1	0	0
1	1	UID440205	1	1	0	0
1	1	UID440206	1	1	0	0
1	1	UID440207	1	1	0	0
1	1	UID440211	1	1	0	0
1	1	UID440212	1	1	0	0
1	1	UID440252	1	1	0	0
1	1	UID440263	1	1	0	0
1	1	UID440268	1	1	0	0
1	1	UID440271	1	1	0	0
1	1	UID440274	1	1	0	0
1	1	UID440277	1	1	0	0
1	1	UID440278	1	1	0	0
1	1	UID440282	1	1	0	0
1	1	UID440285	1	1	0	0
1	1	UID440286	1	1	0	0
1	1	UID440287	1	1	0	0
1	1	UID440288	1	1	0	0
1	1	UID440289	1	1	0	0
1	1	UID440290	1	1	0	0
1	1	UID440291	1	1	0	0
1	1	UID440293	1	1	0	0
1	1	UID440294	1	1	0	0
1	1	UID440295	1	1	0	0
1	1	UID440296	1	1	0	0
1	1	UID440300	1	1	0	0
1	1	UID440319	1	1	0	0
1	1	UID440320	1	1	0	0
1	1	UID440323	1	1	0	0
1	1	UID440324	1	1	0	0
1	1	UID440327	1	1	0	0
1	1	UID440329	1	1	0	0
1	1	UID440331	1	1	0	0
1	1	UID440332	1	1	0	0
1	1	UID440365	1	1	0	0
1	1	UID440370	1	1	0	0
1	1	UID440378	1	1	0	0
1	1	UID440379	1	1	0	0
1	1	UID440380	1	1	0	0
1	1	UID440382	1	1	0	0
1	1	UID440383	1	1	0	0
1	1	UID440387	1	1	0	0
1	1	UID440391	1	1	0	0
1	1	UID440395	1	1	0	0
1	1	UID440421	1	1	0	0
1	1	UID440423	1	1	0	0
1	1	UID440424	1	1	0	0
1	1	UID440425	1	1	0	0
1	1	UID440427	1	1	0	0
1	1	UID440428	1	1	0	0
1	1	UID440443	1	1	0	0
1	1	UID440445	1	1	0	0
1	1	UID440451	1	1	0	0
1	1	UID440453	1	1	0	0
1	1	UID440462	1	1	0	0
1	1	UID440465	1	1	0	0
1	1	UID440468	1	1	0	0
1	1	UID440474	1	1	0	0
1	1	UID440475	1	1	0	0
1	1	UID440476	1	1	0	0
1	1	UID440477	1	1	0	0
1	1	UID440478	1	1	0	0
1	1	UID440482	1	1	0	0
1	1	UID440488	1	1	0	0
1	1	UID440499	1	1	0	0
1	1	UID440500	1	1	0	0
1	1	UID440501	1	1	0	0
1	1	UID440515	1	1	0	0
1	1	UID440516	1	1	0	0
1	1	UID440525	1	1	0	0
1	1	UID440528	1	1	0	0
1	1	UID440534	1	1	0	0
1	1	UID440536	1	1	0	0
1	1	UID440542	1	1	0	0
1	1	UID440544	1	1	0	0
1	1	UID440557	1	1	0	0
1	1	UID440564	1	1	0	0
1	1	UID440566	1	1	0	0
1	1	UID440569	1	1	0	0
1	1	UID440571	1	1	0	0
1	1	UID440572	1	1	0	0
1	1	UID440573	1	1	0	0
1	1	UID440574	1	1	0	0
1	1	UID440575	1	1	0	0
1	1	UID440576	1	1	0	0
1	1	UID440579	1	1	0	0
1	1	UID440585	1	1	0	0
1	1	UID440587	1	1	0	0
1	1	UID440602	1	1	0	0
1	1	UID440603	1	1	0	0
1	1	UID440604	1	1	0	0
1	1	UID440605	1	1	0	0
1	1	UID440609	1	1	0	0
1	1	UID440612	1	1	0	0
1	1	UID440614	1	1	0	0
1	1	UID440620	1	1	0	0
1	1	UID440623	1	1	0	0
1	1	UID440630	1	1	0	0
1	1	UID440649	1	1	0	0
1	1	UID440668	1	1	0	0
1	1	UID440677	1	1	0	0
1	1	UID440723	1	1	0	0
1	1	UID440758	1	1	0	0
1	1	UID440794	1	1	0	0
1	1	UID440871	1	1	0	0
1	1	UID440953	1	1	0	0
1	1	UID440963	1	1	0	0
1	1	UID440986	1	1	0	0
1	1	UID440989	1	1	0	0
1	1	UID441040	1	1	0	0
1	1	UID441176	1	1	0	0
1	1	UID441206	1	1	0	0
1	1	UID441244	1	1	0	0
1	1	UID441338	1	1	0	0
1	1	UID441702	1	1	0	0
1	1	UID441729	1	1	0	0
1	1	UID441743	1	1	0	0
1	1	UID441757	1	1	0	0
1	1	UID442028	1	1	0	0
1	1	UID442082	1	1	0	0
1	1	UID442124	1	1	0	0
1	1	UID442162	1	1	0	0
1	1	UID442163	1	1	0	0
1	1	UID442243	1	1	0	0
1	1	UID442274	1	1	0	0
1	1	UID442330	1	1	0	0
1	1	UID442351	1	1	0	0
1	1	UID442354	1	1	0	0
1	1	UID442357	1	1	0	0
1	1	UID442363	1	1	0	0
1	1	UID442379	1	1	0	0
1	1	UID442386	1	1	0	0
1	1	UID442418	1	1	0	0
1	1	UID442446	1	1	0	0
1	1	UID442463	1	1	0	0
1	1	UID442469	1	1	0	0
1	1	UID442485	1	1	0	0
1	1	UID442488	1	1	0	0
1	1	UID442498	1	1	0	0
1	1	UID442500	1	1	0	0
1	1	UID442533	1	1	0	0
1	1	UID442536	1	1	0	0
1	1	UID442538	1	1	0	0
1	1	UID442549	1	1	0	0
1	1	UID442580	1	1	0	0
1	1	UID442583	1	1	0	0
1	1	UID442597	1	1	0	0
1	1	UID442607	1	1	0	0
1	1	UID442608	1	1	0	0
1	1	UID442620	1	1	0	0
1	1	UID442626	1	1	0	0
1	1	UID442631	1	1	0	0
1	1	UID442633	1	1	0	0
1	1	UID442645	1	1	0	0
1	1	UID442668	1	1	0	0
1	1	UID442670	1	1	0	0
1	1	UID442672	1	1	0	0
1	1	UID442676	1	1	0	0
1	1	UID442677	1	1	0	0
1	1	UID442678	1	1	0	0
1	1	UID442679	1	1	0	0
1	1	UID442696	1	1	0	0
1	1	UID442697	1	1	0	0
1	1	UID442699	1	1	0	0
1	1	UID442702	1	1	0	0
1	1	UID442717	1	1	0	0
1	1	UID442726	1	1	0	0
1	1	UID442731	1	1	0	0
1	1	UID442735	1	1	0	0
1	1	UID442743	1	1	0	0
1	1	UID442752	1	1	0	0
1	1	UID442753	1	1	0	0
1	1	UID442760	1	1	0	0
1	1	UID442763	1	1	0	0
1	1	UID442765	1	1	0	0
1	1	UID442775	1	1	0	0
1	1	UID442782	1	1	0	0
1	1	UID442787	1	1	0	0
1	1	UID442788	1	1	0	0
1	1	UID442792	1	1	0	0
1	1	UID442797	1	1	0	0
1	1	UID442800	1	1	0	0
1	1	UID442804	1	1	0	0
1	1	UID442808	1	1	0	0
1	1	UID442812	1	1	0	0
1	1	UID442819	1	1	0	0
1	1	UID442821	1	1	0	0
1	1	UID442822	1	1	0	0
1	1	UID442823	1	1	0	0
1	1	UID442833	1	1	0	0
1	1	UID442835	1	1	0	0
1	1	UID442841	1	1	0	0
1	1	UID442843	1	1	0	0
1	1	UID442847	1	1	0	0
1	1	UID442848	1	1	0	0
1	1	UID442853	1	1	0	0
1	1	UID442863	1	1	0	0
1	1	UID442902	1	1	0	0
1	1	UID442903	1	1	0	0
1	1	UID442906	1	1	0	0
1	1	UID442907	1	1	0	0
1	1	UID442910	1	1	0	0
1	1	UID442916	1	1	0	0
1	1	UID442920	1	1	0	0
1	1	UID442922	1	1	0	0
1	1	UID442929	1	1	0	0
1	1	UID442931	1	1	0	0
1	1	UID442932	1	1	0	0
1	1	UID442933	1	1	0	0
1	1	UID442936	1	1	0	0
1	1	UID442937	1	1	0	0
1	1	UID442946	1	1	0	0
1	1	UID442950	1	1	0	0
1	1	UID442955	1	1	0	0
1	1	UID442961	1	1	0	0
1	1	UID442965	1	1	0	0
1	1	UID442966	1	1	0	0
1	1	UID442970	1	1	0	0
1	1	UID442972	1	1	0	0
1	1	UID442983	1	1	0	0
1	1	UID442985	1	1	0	0
1	1	UID442986	1	1	0	0
1	1	UID442987	1	1	0	0
1	1	UID442989	1	1	0	0
1	1	UID442990	1	1	0	0
1	1	UID442992	1	1	0	0
1	1	UID442993	1	1	0	0
1	1	UID442994	1	1	0	0
1	1	UID442995	1	1	0	0
1	1	UID442996	1	1	0	0
1	1	UID443000	1	1	0	0
1	1	UID443001	1	1	0	0
1	1	UID443019	1	1	0	0
1	1	UID443020	1	1	0	0
1	1	UID443023	1	1	0	0
1	1	UID443024	1	1	0	0
1	1	UID443025	1	1	0	0
1	1	UID443026	1	1	0	0
1	1	UID443029	1	1	0	0
1	1	UID443030	1	1	0	0
1	1	UID443031	1	1	0	0
1	1	UID443032	1	1	0	0
1	1	UID443034	1	1	0	0
1	1	UID443038	1	1	0	0
1	1	UID443049	1	1	0	0
1	1	UID443050	1	1	0	0
1	1	UID443051	1	1	0	0
1	1	UID443056	1	1	0	0
1	1	UID443059	1	1	0	0
1	1	UID443061	1	1	0	0
1	1	UID443062	1	1	0	0
1	1	UID443063	1	1	0	0
1	1	UID443064	1	1	0	0
1	1	UID443065	1	1	0	0
1	1	UID443066	1	1	0	0
1	1	UID443068	1	1	0	0
1	1	UID443069	1	1	0	0
1	1	UID443070	1	1	0	0
1	1	UID443071	1	1	0	0
1	1	UID443072	1	1	0	0
1	1	UID443073	1	1	0	0
1	1	UID443074	1	1	0	0
1	1	UID443076	1	1	0	0
1	1	UID443077	1	1	0	0
1	1	UID443078	1	1	0	0
1	1	UID443079	1	1	0	0
1	1	UID443080	1	1	0	0
1	1	UID443081	1	1	0	0
1	1	UID443083	1	1	0	0
1	1	UID443084	1	1	0	0
1	1	UID443091	1	1	0	0
1	1	UID443094	1	1	0	0
1	1	UID443096	1	1	0	0
1	1	UID443097	1	1	0	0
1	1	UID443099	1	1	0	0
1	1	UID443100	1	1	0	0
1	1	UID443101	1	1	0	0
1	1	UID443102	1	1	0	0
1	1	UID443104	1	1	0	0
1	1	UID443125	1	1	0	0
1	1	UID443128	1	1	0	0
1	1	UID443133	1	1	0	0
1	1	UID443135	1	1	0	0
1	1	UID443144	1	1	0	0
1	1	UID443145	1	1	0	0
1	1	UID443146	1	1	0	0
1	1	UID443153	1	1	0	0
1	1	UID443154	1	1	0	0
1	1	UID443155	1	1	0	0
1	1	UID443156	1	1	0	0
1	1	UID443158	1	1	0	0
1	1	UID443159	1	1	0	0
1	1	UID443160	1	1	0	0
1	1	UID443161	1	1	0	0
1	1	UID443162	1	1	0	0
1	1	UID443163	1	1	0	0
1	1	UID443164	1	1	0	0
1	1	UID443165	1	1	0	0
1	1	UID443216	1	1	0	0
1	1	UID443228	1	1	0	0
1	1	UID443229	1	1	0	0
1	1	UID443230	1	1	0	0
1	1	UID443231	1	1	0	0
1	1	UID443232	1	1	0	0
1	1	UID443233	1	1	0	0
1	1	UID443236	1	1	0	0
1	1	UID443271	1	1	0	0
1	1	UID443279	1	1	0	0
1	1	UID443287	1	1	0	0
1	1	UID443289	1	1	0	0
1	1	UID443316	1	1	0	0
1	1	UID443345	1	1	0	0
1	1	UID443346	1	1	0	0
1	1	UID443348	1	1	0	0
1	1	UID443349	1	1	0	0
1	1	UID443360	1	1	0	0
1	1	UID443362	1	1	0	0
1	1	UID443364	1	1	0	0
1	1	UID443368	1	1	0	0
1	1	UID443374	1	1	0	0
1	1	UID443376	1	1	0	0
1	1	UID443391	1	1	0	0
1	1	UID443400	1	1	0	0
1	1	UID443401	1	1	0	0
1	1	UID443402	1	1	0	0
1	1	UID443403	1	1	0	0
1	1	UID443405	1	1	0	0
1	1	UID443406	1	1	0	0
1	1	UID443412	1	1	0	0
1	1	UID443413	1	1	0	0
1	1	UID443414	1	1	0	0
1	1	UID443415	1	1	0	0
1	1	UID443419	1	1	0	0
1	1	UID443424	1	1	0	0
1	1	UID443428	1	1	0	0
1	1	UID443430	1	1	0	0
1	1	UID443461	1	1	0	0
1	1	UID443462	1	1	0	0
1	1	UID443463	1	1	0	0
1	1	UID443473	1	1	0	0
1	1	UID443475	1	1	0	0
1	1	UID443476	1	1	0	0
1	1	UID443483	1	1	0	0
3	3	UID443489	1	3	2	2
1	1	UID443506	1	1	0	0
1	1	UID443509	1	1	0	0
1	1	UID443510	1	1	0	0
1	1	UID443511	1	1	0	0
1	1	UID443512	1	1	0	0
1	1	UID443514	1	1	0	0
1	1	UID443520	1	1	0	0
1	1	UID443522	1	1	0	0
1	1	UID443524	1	1	0	0
1	1	UID443547	1	1	0	0
1	1	UID443548	1	1	0	0
1	1	UID443552	1	1	0	0
1	1	UID443553	1	1	0	0
1	1	UID443556	1	1	0	0
1	1	UID443563	1	1	0	0
1	1	UID443566	1	1	0	0
1	1	UID443570	1	1	0	0
1	1	UID443573	1	1	0	0
1	1	UID443574	1	1	0	0
1	1	UID443575	1	1	0	0
1	1	UID443576	1	1	0	0
1	1	UID443577	1	1	0	0
1	1	UID443579	1	1	0	0
1	1	UID443580	1	1	0	0
1	1	UID443583	1	1	0	0
1	1	UID443584	1	1	0	0
1	1	UID443605	1	1	0	0
1	1	UID443612	1	1	0	0
1	1	UID443613	1	1	0	0
1	1	UID443615	1	1	0	0
1	1	UID443616	1	1	0	0
1	1	UID443621	1	1	0	0
1	1	UID443622	1	1	0	0
1	1	UID443623	1	1	0	0
1	1	UID443652	1	1	0	0
1	1	UID443657	1	1	0	0
1	1	UID443661	1	1	0	0
1	1	UID443663	1	1	0	0
1	1	UID443665	1	1	0	0
1	1	UID443674	1	1	0	0
1	1	UID443675	1	1	0	0
1	1	UID443684	1	1	0	0
1	1	UID443686	1	1	0	0
1	1	UID443694	1	1	0	0
1	1	UID443696	1	1	0	0
1	1	UID443697	1	1	0	0
1	1	UID443701	1	1	0	0
1	1	UID443702	1	1	0	0
1	1	UID443706	1	1	0	0
1	1	UID443746	1	1	0	0
1	1	UID443748	1	1	0	0
1	1	UID443750	1	1	0	0
1	1	UID443752	1	1	0	0
1	1	UID443753	1	1	0	0
1	1	UID443765	1	1	0	0
1	1	UID443768	1	1	0	0
1	1	UID443789	1	1	0	0
1	1	UID443797	1	1	0	0
1	1	UID443810	1	1	0	0
1	1	UID443811	1	1	0	0
1	1	UID443812	1	1	0	0
1	1	UID443814	1	1	0	0
1	1	UID443816	1	1	0	0
1	1	UID443822	1	1	0	0
1	1	UID443825	1	1	0	0
1	1	UID443826	1	1	0	0
1	1	UID443827	1	1	0	0
1	1	UID443865	1	1	0	0
1	1	UID443870	1	1	0	0
1	1	UID443872	1	1	0	0
1	1	UID443880	1	1	0	0
1	1	UID443913	1	1	0	0
1	1	UID443917	1	1	0	0
1	1	UID443921	1	1	0	0
1	1	UID443925	1	1	0	0
1	1	UID443929	1	1	0	0
1	1	UID443936	1	1	0	0
1	1	UID443961	1	1	0	0
1	1	UID443970	1	1	0	0
1	1	UID443976	1	1	0	0
1	1	UID443992	1	1	0	0
1	1	UID443998	1	1	0	0
1	1	UID444002	1	1	0	0
1	1	UID444006	1	1	0	0
1	1	UID444014	1	1	0	0
1	1	UID444018	1	1	0	0
1	1	UID444019	1	1	0	0
1	1	UID444057	1	1	0	0
1	1	UID444060	1	1	0	0
1	1	UID444062	1	1	0	0
1	1	UID444063	1	1	0	0
1	1	UID444067	1	1	0	0
1	1	UID444074	1	1	0	0
1	1	UID444076	1	1	0	0
1	1	UID444083	1	1	0	0
1	1	UID444084	1	1	0	0
1	1	UID444085	1	1	0	0
1	1	UID444097	1	1	0	0
1	1	UID444098	1	1	0	0
1	1	UID444102	1	1	0	0
1	1	UID444121	1	1	0	0
1	1	UID444123	1	1	0	0
1	1	UID444142	1	1	0	0
1	1	UID444143	1	1	0	0
1	1	UID444147	1	1	0	0
1	1	UID444149	1	1	0	0
1	1	UID444151	1	1	0	0
1	1	UID444152	1	1	0	0
1	1	UID444153	1	1	0	0
1	1	UID444176	1	1	0	0
1	1	UID444192	1	1	0	0
1	1	UID444193	1	1	0	0
1	1	UID444197	1	1	0	0
1	1	UID444199	1	1	0	0
1	1	UID444200	1	1	0	0
1	1	UID444201	1	1	0	0
1	1	UID444205	1	1	0	0
1	1	UID444206	1	1	0	0
3	3	UID444238	1	3	2	2
1	1	UID444241	1	1	0	0
1	1	UID444255	1	1	0	0
1	1	UID444256	1	1	0	0
1	1	UID444272	1	1	0	0
1	1	UID444278	1	1	0	0
1	1	UID444284	1	1	0	0
1	1	UID444285	1	1	0	0
1	1	UID444287	1	1	0	0
1	1	UID444289	1	1	0	0
1	1	UID444292	1	1	0	0
1	1	UID444322	1	1	0	0
1	1	UID444323	1	1	0	0
1	1	UID444327	1	1	0	0
2	2	UID444329	1	2	1	1
1	1	UID444342	1	1	0	0
1	1	UID444367	1	1	0	0
1	1	UID444381	1	1	0	0
1	1	UID444384	1	1	0	0
1	1	UID444385	1	1	0	0
1	1	UID444389	1	1	0	0
1	1	UID444390	1	1	0	0
1	1	UID444392	1	1	0	0
1	1	UID444397	1	1	0	0
1	1	UID444406	1	1	0	0
1	1	UID444409	1	1	0	0
1	1	UID444411	1	1	0	0
1	1	UID444422	1	1	0	0
1	1	UID444426	1	1	0	0
1	1	UID444427	1	1	0	0
1	1	UID444429	1	1	0	0
1	1	UID444430	1	1	0	0
1	1	UID444474	1	1	0	0
1	1	UID444477	1	1	0	0
1	1	UID444504	1	1	0	0
1	1	UID444531	1	1	0	0
1	1	UID444536	1	1	0	0
1	1	UID444537	1	1	0	0
1	1	UID444558	1	1	0	0
1	1	UID444562	1	1	0	0
1	1	UID444566	1	1	0	0
1	1	UID444593	1	1	0	0
1	1	UID444596	1	1	0	0
1	1	UID444608	1	1	0	0
1	1	UID444629	1	1	0	0
1	1	UID444639	1	1	0	0
1	1	UID444646	1	1	0	0
1	1	UID444650	1	1	0	0
1	1	UID444651	1	1	0	0
1	1	UID444676	1	1	0	0
1	1	UID444677	1	1	0	0
1	1	UID444680	1	1	0	0
1	1	UID444683	1	1	0	0
1	1	UID444685	1	1	0	0
1	1	UID444687	1	1	0	0
1	1	UID444689	1	1	0	0
1	1	UID444697	1	1	0	0
1	1	UID444700	1	1	0	0
1	1	UID444701	1	1	0	0
1	1	UID444739	1	1	0	0
1	1	UID444742	1	1	0	0
1	1	UID444743	1	1	0	0
1	1	UID444744	1	1	0	0
1	1	UID444751	1	1	0	0
1	1	UID444754	1	1	0	0
1	1	UID444765	1	1	0	0
1	1	UID444767	1	1	0	0
1	1	UID444768	1	1	0	0
1	1	UID444770	1	1	0	0
1	1	UID444771	1	1	0	0
1	1	UID444774	1	1	0	0
1	1	UID444775	1	1	0	0
1	1	UID444782	1	1	0	0
1	1	UID444784	1	1	0	0
1	1	UID444810	1	1	0	0
1	1	UID444822	1	1	0	0
1	1	UID444823	1	1	0	0
1	1	UID444826	1	1	0	0
1	1	UID444827	1	1	0	0
1	1	UID444835	1	1	0	0
1	1	UID444844	1	1	0	0
1	1	UID444866	1	1	0	0
1	1	UID444869	1	1	0	0
1	1	UID444874	1	1	0	0
1	1	UID444878	1	1	0	0
1	1	UID444880	1	1	0	0
1	1	UID444891	1	1	0	0
1	1	UID444899	1	1	0	0
1	1	UID444900	1	1	0	0
1	1	UID444902	1	1	0	0
1	1	UID444905	1	1	0	0
1	1	UID444936	1	1	0	0
1	1	UID444952	1	1	0	0
1	1	UID444956	1	1	0	0
1	1	UID444962	1	1	0	0
1	1	UID444963	1	1	0	0
1	1	UID444977	1	1	0	0
1	1	UID444979	1	1	0	0
1	1	UID444980	1	1	0	0
1	1	UID444984	1	1	0	0
1	1	UID444986	1	1	0	0
1	1	UID444987	1	1	0	0
1	1	UID444991	1	1	0	0
1	1	UID444992	1	1	0	0
1	1	UID445007	1	1	0	0
1	1	UID445008	1	1	0	0
1	1	UID445009	1	1	0	0
1	1	UID445011	1	1	0	0
1	1	UID445015	1	1	0	0
1	1	UID445017	1	1	0	0
1	1	UID445018	1	1	0	0
1	1	UID445019	1	1	0	0
1	1	UID445021	1	1	0	0
1	1	UID445023	1	1	0	0
1	1	UID445025	1	1	0	0
1	1	UID445026	1	1	0	0
1	1	UID445027	1	1	0	0
1	1	UID445028	1	1	0	0
1	1	UID445029	1	1	0	0
1	1	UID445043	1	1	0	0
1	1	UID445045	1	1	0	0
1	1	UID445048	1	1	0	0
1	1	UID445049	1	1	0	0
1	1	UID445050	1	1	0	0
1	1	UID445054	1	1	0	0
1	1	UID445061	1	1	0	0
1	1	UID445071	1	1	0	0
1	1	UID445106	1	1	0	0
1	1	UID445108	1	1	0	0
1	1	UID445117	1	1	0	0
1	1	UID445118	1	1	0	0
1	1	UID445124	1	1	0	0
1	1	UID445127	1	1	0	0
1	1	UID445138	1	1	0	0
1	1	UID445139	1	1	0	0
1	1	UID445140	1	1	0	0
1	1	UID445142	1	1	0	0
1	1	UID445143	1	1	0	0
1	1	UID445145	1	1	0	0
1	1	UID445150	1	1	0	0
1	1	UID445193	1	1	0	0
1	1	UID445196	1	1	0	0
1	1	UID445200	1	1	0	0
1	1	UID445201	1	1	0	0
1	1	UID445202	1	1	0	0
1	1	UID445207	1	1	0	0
1	1	UID445245	1	1	0	0
1	1	UID445252	1	1	0	0
1	1	UID445262	1	1	0	0
1	1	UID445268	1	1	0	0
1	1	UID445287	1	1	0	0
1	1	UID445290	1	1	0	0
1	1	UID445291	1	1	0	0
1	1	UID445293	1	1	0	0
1	1	UID445298	1	1	0	0
1	1	UID445332	1	1	0	0
1	1	UID445378	1	1	0	0
1	1	UID445379	1	1	0	0
1	1	UID445380	1	1	0	0
1	1	UID445381	1	1	0	0
1	1	UID445385	1	1	0	0
1	1	UID445386	1	1	0	0
1	1	UID445390	1	1	0	0
1	1	UID445391	1	1	0	0
1	1	UID445392	1	1	0	0
1	1	UID445400	1	1	0	0
1	1	UID445402	1	1	0	0
1	1	UID445404	1	1	0	0
1	1	UID445406	1	1	0	0
1	1	UID445418	1	1	0	0
1	1	UID445421	1	1	0	0
1	1	UID445422	1	1	0	0
1	1	UID445425	1	1	0	0
1	1	UID445463	1	1	0	0
1	1	UID445470	1	1	0	0
1	1	UID445473	1	1	0	0
1	1	UID445494	1	1	0	0
1	1	UID445496	1	1	0	0
1	1	UID445512	1	1	0	0
1	1	UID445514	1	1	0	0
1	1	UID445520	1	1	0	0
1	1	UID445547	1	1	0	0
1	1	UID445548	1	1	0	0
1	1	UID445549	1	1	0	0
1	1	UID445555	1	1	0	0
1	1	UID445557	1	1	0	0
1	1	UID445558	1	1	0	0
1	1	UID445567	1	1	0	0
1	1	UID445569	1	1	0	0
1	1	UID445573	1	1	0	0
1	1	UID445574	1	1	0	0
1	1	UID445575	1	1	0	0
1	1	UID445579	1	1	0	0
1	1	UID445606	1	1	0	0
1	1	UID445608	1	1	0	0
1	1	UID445612	1	1	0	0
1	1	UID445613	1	1	0	0
1	1	UID445615	1	1	0	0
1	1	UID445616	1	1	0	0
1	1	UID445618	1	1	0	0
1	1	UID445622	1	1	0	0
1	1	UID445623	1	1	0	0
1	1	UID445626	1	1	0	0
1	1	UID445635	1	1	0	0
1	1	UID445637	1	1	0	0
1	1	UID445679	1	1	0	0
1	1	UID445690	1	1	0	0
1	1	UID445694	1	1	0	0
1	1	UID445713	1	1	0	0
1	1	UID445714	1	1	0	0
1	1	UID445715	1	1	0	0
1	1	UID445716	1	1	0	0
1	1	UID445717	1	1	0	0
1	1	UID445719	1	1	0	0
1	1	UID445721	1	1	0	0
1	1	UID445722	1	1	0	0
1	1	UID445727	1	1	0	0
1	1	UID445728	1	1	0	0
1	1	UID445729	1	1	0	0
1	1	UID445732	1	1	0	0
1	1	UID445736	1	1	0	0
1	1	UID445741	1	1	0	0
1	1	UID445743	1	1	0	0
1	1	UID445752	1	1	0	0
1	1	UID445753	1	1	0	0
1	1	UID445756	1	1	0	0
1	1	UID445757	1	1	0	0
1	1	UID445763	1	1	0	0
1	1	UID445764	1	1	0	0
1	1	UID445770	1	1	0	0
1	1	UID445783	1	1	0	0
1	1	UID445784	1	1	0	0
1	1	UID445827	1	1	0	0
1	1	UID445833	1	1	0	0
1	1	UID445838	1	1	0	0
1	1	UID445842	1	1	0	0
1	1	UID445850	1	1	0	0
1	1	UID445851	1	1	0	0
1	1	UID445859	1	1	0	0
1	1	UID445862	1	1	0	0
1	1	UID445863	1	1	0	0
1	1	UID445865	1	1	0	0
1	1	UID445872	1	1	0	0
1	1	UID445876	1	1	0	0
1	1	UID445905	1	1	0	0
1	1	UID445906	1	1	0	0
1	1	UID445907	1	1	0	0
1	1	UID445908	1	1	0	0
1	1	UID445915	1	1	0	0
1	1	UID445917	1	1	0	0
1	1	UID445935	1	1	0	0
1	1	UID445945	1	1	0	0
1	1	UID445947	1	1	0	0
1	1	UID445971	1	1	0	0
1	1	UID445974	1	1	0	0
1	1	UID445975	1	1	0	0
1	1	UID445976	1	1	0	0
1	1	UID445977	1	1	0	0
1	1	UID445978	1	1	0	0
1	1	UID445979	1	1	0	0
1	1	UID445980	1	1	0	0
1	1	UID445981	1	1	0	0
1	1	UID445983	1	1	0	0
1	1	UID445984	1	1	0	0
1	1	UID445985	1	1	0	0
1	1	UID445989	1	1	0	0
1	1	UID445990	1	1	0	0
1	1	UID445993	1	1	0	0
1	1	UID445994	1	1	0	0
1	1	UID445997	1	1	0	0
1	1	UID445998	1	1	0	0
1	1	UID445999	1	1	0	0
1	1	UID446001	1	1	0	0
1	1	UID446005	1	1	0	0
1	1	UID446006	1	1	0	0
1	1	UID446013	1	1	0	0
1	1	UID446016	1	1	0	0
1	1	UID446017	1	1	0	0
1	1	UID446020	1	1	0	0
1	1	UID446022	1	1	0	0
1	1	UID446028	1	1	0	0
1	1	UID446029	1	1	0	0
1	1	UID446033	1	1	0	0
1	1	UID446034	1	1	0	0
1	1	UID446035	1	1	0	0
1	1	UID446036	1	1	0	0
1	1	UID446037	1	1	0	0
1	1	UID446038	1	1	0	0
1	1	UID446039	1	1	0	0
1	1	UID446040	1	1	0	0
1	1	UID446065	1	1	0	0
1	1	UID446066	1	1	0	0
1	1	UID446068	1	1	0	0
1	1	UID446082	1	1	0	0
1	1	UID446083	1	1	0	0
1	1	UID446089	1	1	0	0
1	1	UID446098	1	1	0	0
1	1	UID446142	1	1	0	0
1	1	UID446152	1	1	0	0
1	1	UID446160	1	1	0	0
1	1	UID446162	1	1	0	0
1	1	UID446172	1	1	0	0
1	1	UID446175	1	1	0	0
1	1	UID446179	1	1	0	0
1	1	UID446181	1	1	0	0
1	1	UID446182	1	1	0	0
1	1	UID446183	1	1	0	0
1	1	UID446186	1	1	0	0
1	1	UID446187	1	1	0	0
1	1	UID446188	1	1	0	0
1	1	UID446202	1	1	0	0
1	1	UID446208	1	1	0	0
1	1	UID446210	1	1	0	0
1	1	UID446211	1	1	0	0
1	1	UID446212	1	1	0	0
1	1	UID446216	1	1	0	0
1	1	UID446220	1	1	0	0
1	1	UID446223	1	1	0	0
1	1	UID446226	1	1	0	0
1	1	UID446229	1	1	0	0
1	1	UID446234	1	1	0	0
1	1	UID446236	1	1	0	0
1	1	UID446248	1	1	0	0
1	1	UID446251	1	1	0	0
1	1	UID446299	1	1	0	0
1	1	UID446300	1	1	0	0
1	1	UID446310	1	1	0	0
1	1	UID446318	1	1	0	0
1	1	UID446326	1	1	0	0
1	1	UID446343	1	1	0	0
1	1	UID446344	1	1	0	0
1	1	UID446348	1	1	0	0
1	1	UID446355	1	1	0	0
1	1	UID446370	1	1	0	0
1	1	UID446373	1	1	0	0
1	1	UID446379	1	1	0	0
1	1	UID446381	1	1	0	0
1	1	UID446419	1	1	0	0
1	1	UID446423	1	1	0	0
1	1	UID446425	1	1	0	0
1	1	UID446440	1	1	0	0
1	1	UID446441	1	1	0	0
1	1	UID446442	1	1	0	0
1	1	UID446444	1	1	0	0
1	1	UID446451	1	1	0	0
1	1	UID446456	1	1	0	0
1	1	UID446458	1	1	0	0
1	1	UID446459	1	1	0	0
1	1	UID446463	1	1	0	0
1	1	UID446477	1	1	0	0
1	1	UID446505	1	1	0	0
1	1	UID446513	1	1	0	0
1	1	UID446514	1	1	0	0
1	1	UID446515	1	1	0	0
1	1	UID446516	1	1	0	0
1	1	UID446517	1	1	0	0
1	1	UID446518	1	1	0	0
1	1	UID446520	1	1	0	0
1	1	UID446521	1	1	0	0
1	1	UID446523	1	1	0	0
1	1	UID446524	1	1	0	0
1	1	UID446526	1	1	0	0
1	1	UID446529	1	1	0	0
1	1	UID446530	1	1	0	0
1	1	UID446531	1	1	0	0
1	1	UID446532	1	1	0	0
1	1	UID446533	1	1	0	0
1	1	UID446534	1	1	0	0
1	1	UID446536	1	1	0	0
1	1	UID446541	1	1	0	0
1	1	UID446546	1	1	0	0
1	1	UID446547	1	1	0	0
1	1	UID446548	1	1	0	0
1	1	UID446555	1	1	0	0
1	1	UID446573	1	1	0	0
1	1	UID446574	1	1	0	0
1	1	UID446576	1	1	0	0
1	1	UID446578	1	1	0	0
1	1	UID446579	1	1	0	0
1	1	UID446584	1	1	0	0
1	1	UID446589	1	1	0	0
1	1	UID446590	1	1	0	0
1	1	UID446591	1	1	0	0
1	1	UID446594	1	1	0	0
1	1	UID446595	1	1	0	0
1	1	UID446598	1	1	0	0
1	1	UID446600	1	1	0	0
1	1	UID446603	1	1	0	0
1	1	UID446604	1	1	0	0
1	1	UID446606	1	1	0	0
1	1	UID446607	1	1	0	0
1	1	UID446608	1	1	0	0
1	1	UID446609	1	1	0	0
1	1	UID446611	1	1	0	0
1	1	UID446612	1	1	0	0
1	1	UID446613	1	1	0	0
1	1	UID446614	1	1	0	0
1	1	UID446615	1	1	0	0
1	1	UID446625	1	1	0	0
1	1	UID446626	1	1	0	0
1	1	UID446627	1	1	0	0
1	1	UID446628	1	1	0	0
1	1	UID446631	1	1	0	0
1	1	UID446632	1	1	0	0
1	1	UID446634	1	1	0	0
1	1	UID446635	1	1	0	0
1	1	UID446636	1	1	0	0
1	1	UID446638	1	1	0	0
1	1	UID446639	1	1	0	0
1	1	UID446641	1	1	0	0
1	1	UID446642	1	1	0	0
1	1	UID446643	1	1	0	0
1	1	UID446644	1	1	0	0
1	1	UID446645	1	1	0	0
1	1	UID446646	1	1	0	0
1	1	UID446648	1	1	0	0
1	1	UID446649	1	1	0	0
1	1	UID446650	1	1	0	0
1	1	UID446652	1	1	0	0
1	1	UID446653	1	1	0	0
1	1	UID446654	1	1	0	0
1	1	UID446655	1	1	0	0
1	1	UID446656	1	1	0	0
1	1	UID446658	1	1	0	0
1	1	UID446659	1	1	0	0
1	1	UID446660	1	1	0	0
1	1	UID446663	1	1	0	0
1	1	UID446665	1	1	0	0
1	1	UID446666	1	1	0	0
1	1	UID446667	1	1	0	0
1	1	UID446669	1	1	0	0
1	1	UID446673	1	1	0	0
1	1	UID446675	1	1	0	0
1	1	UID446683	1	1	0	0
1	1	UID446697	1	1	0	0
1	1	UID446700	1	1	0	0
1	1	UID446702	1	1	0	0
1	1	UID446704	1	1	0	0
1	1	UID446708	1	1	0	0
1	1	UID446709	1	1	0	0
1	1	UID446710	1	1	0	0
1	1	UID446711	1	1	0	0
1	1	UID446713	1	1	0	0
1	1	UID446714	1	1	0	0
1	1	UID446717	1	1	0	0
1	1	UID446719	1	1	0	0
1	1	UID446720	1	1	0	0
1	1	UID446721	1	1	0	0
1	1	UID446722	1	1	0	0
1	1	UID446723	1	1	0	0
1	1	UID446724	1	1	0	0
1	1	UID446728	1	1	0	0
1	1	UID446734	1	1	0	0
1	1	UID446737	1	1	0	0
1	1	UID446739	1	1	0	0
1	1	UID446740	1	1	0	0
1	1	UID446743	1	1	0	0
1	1	UID446751	1	1	0	0
1	1	UID446754	1	1	0	0
1	1	UID446757	1	1	0	0
1	1	UID446773	1	1	0	0
1	1	UID446783	1	1	0	0
1	1	UID446791	1	1	0	0
1	1	UID446794	1	1	0	0
1	1	UID446799	1	1	0	0
1	1	UID446800	1	1	0	0
1	1	UID446804	1	1	0	0
1	1	UID446807	1	1	0	0
1	1	UID446808	1	1	0	0
1	1	UID446816	1	1	0	0
1	1	UID446817	1	1	0	0
1	1	UID446818	1	1	0	0
1	1	UID446819	1	1	0	0
1	1	UID446829	1	1	0	0
1	1	UID446832	1	1	0	0
1	1	UID446834	1	1	0	0
1	1	UID446840	1	1	0	0
1	1	UID446877	1	1	0	0
1	1	UID446881	1	1	0	0
1	1	UID446883	1	1	0	0
1	1	UID446887	1	1	0	0
1	1	UID446889	1	1	0	0
1	1	UID446890	1	1	0	0
1	1	UID446891	1	1	0	0
1	1	UID446904	1	1	0	0
1	1	UID446908	1	1	0	0
1	1	UID446910	1	1	0	0
1	1	UID446912	1	1	0	0
1	1	UID446913	1	1	0	0
1	1	UID446914	1	1	0	0
1	1	UID446916	1	1	0	0
1	1	UID446921	1	1	0	0
1	1	UID446954	1	1	0	0
1	1	UID446966	1	1	0	0
1	1	UID446968	1	1	0	0
1	1	UID447020	1	1	0	0
1	1	UID447021	1	1	0	0
1	1	UID447027	1	1	0	0
1	1	UID447032	1	1	0	0
1	1	UID447043	1	1	0	0
1	1	UID447046	1	1	0	0
1	1	UID447060	1	1	0	0
1	1	UID447063	1	1	0	0
1	1	UID447090	1	1	0	0
1	1	UID447092	1	1	0	0
1	1	UID447106	1	1	0	0
1	1	UID447112	1	1	0	0
1	1	UID447116	1	1	0	0
1	1	UID447117	1	1	0	0
1	1	UID447140	1	1	0	0
1	1	UID447142	1	1	0	0
1	1	UID447143	1	1	0	0
1	1	UID447159	1	1	0	0
1	1	UID447166	1	1	0	0
1	1	UID447167	1	1	0	0
1	1	UID447213	1	1	0	0
1	1	UID447220	1	1	0	0
1	1	UID447234	1	1	0	0
1	1	UID447237	1	1	0	0
1	1	UID447238	1	1	0	0
1	1	UID447239	1	1	0	0
1	1	UID447240	1	1	0	0
1	1	UID447245	1	1	0	0
1	1	UID447247	1	1	0	0
1	1	UID447281	1	1	0	0
1	1	UID447283	1	1	0	0
1	1	UID447286	1	1	0	0
1	1	UID447293	1	1	0	0
1	1	UID447296	1	1	0	0
1	1	UID447297	1	1	0	0
1	1	UID447302	1	1	0	0
1	1	UID447305	1	1	0	0
1	1	UID447325	1	1	0	0
1	1	UID447326	1	1	0	0
1	1	UID447329	1	1	0	0
1	1	UID447330	1	1	0	0
1	1	UID447337	1	1	0	0
1	1	UID447364	1	1	0	0
1	1	UID447373	1	1	0	0
1	1	UID447378	1	1	0	0
1	1	UID447379	1	1	0	0
1	1	UID447380	1	1	0	0
1	1	UID447381	1	1	0	0
1	1	UID447382	1	1	0	0
1	1	UID447383	1	1	0	0
1	1	UID447384	1	1	0	0
1	1	UID447386	1	1	0	0
1	1	UID447387	1	1	0	0
1	1	UID447388	1	1	0	0
1	1	UID447389	1	1	0	0
1	1	UID447390	1	1	0	0
1	1	UID447391	1	1	0	0
1	1	UID447392	1	1	0	0
1	1	UID447393	1	1	0	0
1	1	UID447394	1	1	0	0
1	1	UID447395	1	1	0	0
1	1	UID447396	1	1	0	0
1	1	UID447399	1	1	0	0
1	1	UID447400	1	1	0	0
1	1	UID447403	1	1	0	0
1	1	UID447405	1	1	0	0
1	1	UID447408	1	1	0	0
1	1	UID447415	1	1	0	0
1	1	UID447417	1	1	0	0
1	1	UID447420	1	1	0	0
1	1	UID447422	1	1	0	0
1	1	UID447424	1	1	0	0
1	1	UID447425	1	1	0	0
1	1	UID447426	1	1	0	0
1	1	UID447427	1	1	0	0
1	1	UID447428	1	1	0	0
1	1	UID447429	1	1	0	0
1	1	UID447430	1	1	0	0
1	1	UID447431	1	1	0	0
1	1	UID447432	1	1	0	0
1	1	UID447433	1	1	0	0
1	1	UID447434	1	1	0	0
1	1	UID447435	1	1	0	0
1	1	UID447436	1	1	0	0
1	1	UID447437	1	1	0	0
1	1	UID447452	1	1	0	0
1	1	UID447465	1	1	0	0
1	1	UID447472	1	1	0	0
1	1	UID447473	1	1	0	0
1	1	UID447507	1	1	0	0
1	1	UID447520	1	1	0	0
1	1	UID447544	1	1	0	0
1	1	UID447549	1	1	0	0
1	1	UID447552	1	1	0	0
1	1	UID447553	1	1	0	0
1	1	UID447554	1	1	0	0
1	1	UID447555	1	1	0	0
1	1	UID447556	1	1	0	0
1	1	UID447557	1	1	0	0
1	1	UID447558	1	1	0	0
1	1	UID447559	1	1	0	0
1	1	UID447561	1	1	0	0
1	1	UID447563	1	1	0	0
1	1	UID447564	1	1	0	0
1	1	UID447568	1	1	0	0
1	1	UID447571	1	1	0	0
1	1	UID447580	1	1	0	0
1	1	UID447583	1	1	0	0
1	1	UID447585	1	1	0	0
1	1	UID447587	1	1	0	0
1	1	UID447591	1	1	0	0
1	1	UID447594	1	1	0	0
1	1	UID447595	1	1	0	0
1	1	UID447596	1	1	0	0
1	1	UID447597	1	1	0	0
1	1	UID447600	1	1	0	0
1	1	UID447601	1	1	0	0
1	1	UID447602	1	1	0	0
1	1	UID447603	1	1	0	0
1	1	UID447604	1	1	0	0
1	1	UID447605	1	1	0	0
1	1	UID447607	1	1	0	0
1	1	UID447609	1	1	0	0
1	1	UID447610	1	1	0	0
1	1	UID447615	1	1	0	0
1	1	UID447616	1	1	0	0
1	1	UID447617	1	1	0	0
1	1	UID447619	1	1	0	0
1	1	UID447620	1	1	0	0
1	1	UID447621	1	1	0	0
1	1	UID447622	1	1	0	0
1	1	UID447626	1	1	0	0
1	1	UID447627	1	1	0	0
1	1	UID447630	1	1	0	0
1	1	UID447631	1	1	0	0
1	1	UID447645	1	1	0	0
1	1	UID447648	1	1	0	0
1	1	UID447652	1	1	0	0
1	1	UID447707	1	1	0	0
1	1	UID447714	1	1	0	0
1	1	UID447716	1	1	0	0
1	1	UID447717	1	1	0	0
1	1	UID447718	1	1	0	0
1	1	UID447719	1	1	0	0
1	1	UID447721	1	1	0	0
1	1	UID447722	1	1	0	0
1	1	UID447723	1	1	0	0
1	1	UID447724	1	1	0	0
1	1	UID447725	1	1	0	0
1	1	UID447726	1	1	0	0
1	1	UID447727	1	1	0	0
1	1	UID447729	1	1	0	0
1	1	UID447731	1	1	0	0
1	1	UID447732	1	1	0	0
1	1	UID447733	1	1	0	0
1	1	UID447736	1	1	0	0
1	1	UID447739	1	1	0	0
1	1	UID447740	1	1	0	0
1	1	UID447742	1	1	0	0
1	1	UID447743	1	1	0	0
1	1	UID447746	1	1	0	0
1	1	UID447748	1	1	0	0
1	1	UID447751	1	1	0	0
1	1	UID447770	1	1	0	0
1	1	UID447777	1	1	0	0
1	1	UID447780	1	1	0	0
1	1	UID447781	1	1	0	0
1	1	UID447782	1	1	0	0
1	1	UID447783	1	1	0	0
1	1	UID447784	1	1	0	0
1	1	UID447785	1	1	0	0
1	1	UID447786	1	1	0	0
1	1	UID447788	1	1	0	0
1	1	UID447789	1	1	0	0
1	1	UID447791	1	1	0	0
1	1	UID447794	1	1	0	0
1	1	UID447795	1	1	0	0
1	1	UID447797	1	1	0	0
1	1	UID447798	1	1	0	0
1	1	UID447799	1	1	0	0
1	1	UID447802	1	1	0	0
1	1	UID447803	1	1	0	0
1	1	UID447804	1	1	0	0
1	1	UID447806	1	1	0	0
1	1	UID447809	1	1	0	0
1	1	UID447813	1	1	0	0
1	1	UID447814	1	1	0	0
1	1	UID447815	1	1	0	0
1	1	UID447817	1	1	0	0
1	1	UID447819	1	1	0	0
1	1	UID447823	1	1	0	0
1	1	UID447824	1	1	0	0
1	1	UID447826	1	1	0	0
1	1	UID447828	1	1	0	0
1	1	UID447830	1	1	0	0
1	1	UID447831	1	1	0	0
1	1	UID447833	1	1	0	0
1	1	UID447834	1	1	0	0
1	1	UID447835	1	1	0	0
1	1	UID447860	1	1	0	0
1	1	UID447861	1	1	0	0
1	1	UID447864	1	1	0	0
1	1	UID447865	1	1	0	0
1	1	UID447869	1	1	0	0
1	1	UID447870	1	1	0	0
1	1	UID447871	1	1	0	0
1	1	UID447873	1	1	0	0
1	1	UID447874	1	1	0	0
1	1	UID447875	1	1	0	0
1	1	UID447876	1	1	0	0
1	1	UID447877	1	1	0	0
1	1	UID447878	1	1	0	0
1	1	UID447882	1	1	0	0
1	1	UID447884	1	1	0	0
1	1	UID447885	1	1	0	0
1	1	UID447886	1	1	0	0
1	1	UID447887	1	1	0	0
2	2	UID447888	1	2	1	1
1	1	UID447889	1	1	0	0
1	1	UID447890	1	1	0	0
1	1	UID447891	1	1	0	0
1	1	UID447892	1	1	0	0
1	1	UID447893	1	1	0	0
1	1	UID447894	1	1	0	0
1	1	UID447895	1	1	0	0
1	1	UID447896	1	1	0	0
1	1	UID447897	1	1	0	0
1	1	UID447898	1	1	0	0
1	1	UID447899	1	1	0	0
1	1	UID447900	1	1	0	0
1	1	UID447901	1	1	0	0
1	1	UID447902	1	1	0	0
1	1	UID447903	1	1	0	0
1	1	UID447904	1	1	0	0
1	1	UID447906	1	1	0	0
1	1	UID447907	1	1	0	0
1	1	UID447908	1	1	0	0
1	1	UID447909	1	1	0	0
1	1	UID447910	1	1	0	0
1	1	UID447911	1	1	0	0
1	1	UID447912	1	1	0	0
1	1	UID447913	1	1	0	0
1	1	UID447914	1	1	0	0
1	1	UID447915	1	1	0	0
1	1	UID447916	1	1	0	0
1	1	UID447917	1	1	0	0
1	1	UID447918	1	1	0	0
1	1	UID447919	1	1	0	0
1	1	UID447921	1	1	0	0
1	1	UID447922	1	1	0	0
1	1	UID447923	1	1	0	0
1	1	UID447924	1	1	0	0
1	1	UID447925	1	1	0	0
1	1	UID447927	1	1	0	0
1	1	UID447928	1	1	0	0
1	1	UID447931	1	1	0	0
1	1	UID447933	1	1	0	0
1	1	UID447934	1	1	0	0
1	1	UID447935	1	1	0	0
1	1	UID447938	1	1	0	0
1	1	UID447940	1	1	0	0
1	1	UID447942	1	1	0	0
1	1	UID447943	1	1	0	0
1	1	UID447946	1	1	0	0
1	1	UID447962	1	1	0	0
1	1	UID447964	1	1	0	0
1	1	UID447965	1	1	0	0
1	1	UID447966	1	1	0	0
1	1	UID447968	1	1	0	0
1	1	UID447969	1	1	0	0
1	1	UID447971	1	1	0	0
1	1	UID447973	1	1	0	0
1	1	UID447975	1	1	0	0
1	1	UID447976	1	1	0	0
1	1	UID447977	1	1	0	0
1	1	UID447978	1	1	0	0
1	1	UID447979	1	1	0	0
1	1	UID447980	1	1	0	0
1	1	UID447981	1	1	0	0
1	1	UID447982	1	1	0	0
1	1	UID447983	1	1	0	0
1	1	UID447984	1	1	0	0
1	1	UID447985	1	1	0	0
1	1	UID448004	1	1	0	0
1	1	UID448071	1	1	0	0
1	1	UID448072	1	1	0	0
1	1	UID448075	1	1	0	0
1	1	UID448076	1	1	0	0
1	1	UID448081	1	1	0	0
1	1	UID448088	1	1	0	0
1	1	UID448093	1	1	0	0
1	1	UID448107	1	1	0	0
1	1	UID448108	1	1	0	0
1	1	UID448110	1	1	0	0
1	1	UID448111	1	1	0	0
1	1	UID448113	1	1	0	0
1	1	UID448114	1	1	0	0
1	1	UID448120	1	1	0	0
1	1	UID448123	1	1	0	0
1	1	UID448135	1	1	0	0
1	1	UID448142	1	1	0	0
1	1	UID448144	1	1	0	0
1	1	UID448145	1	1	0	0
1	1	UID448146	1	1	0	0
1	1	UID448147	1	1	0	0
1	1	UID448148	1	1	0	0
1	1	UID448149	1	1	0	0
1	1	UID448150	1	1	0	0
1	1	UID448151	1	1	0	0
1	1	UID448153	1	1	0	0
1	1	UID448158	1	1	0	0
1	1	UID448164	1	1	0	0
1	1	UID448167	1	1	0	0
1	1	UID448171	1	1	0	0
1	1	UID448173	1	1	0	0
1	1	UID448183	1	1	0	0
1	1	UID448213	1	1	0	0
1	1	UID448221	1	1	0	0
1	1	UID448223	1	1	0	0
1	1	UID448226	1	1	0	0
1	1	UID448227	1	1	0	0
1	1	UID448228	1	1	0	0
1	1	UID448233	1	1	0	0
1	1	UID448234	1	1	0	0
1	1	UID448235	1	1	0	0
1	1	UID448238	1	1	0	0
1	1	UID448241	1	1	0	0
1	1	UID448243	1	1	0	0
1	1	UID448259	1	1	0	0
1	1	UID448273	1	1	0	0
1	1	UID448278	1	1	0	0
1	1	UID448286	1	1	0	0
1	1	UID448287	1	1	0	0
1	1	UID448288	1	1	0	0
1	1	UID448295	1	1	0	0
1	1	UID448298	1	1	0	0
1	1	UID448299	1	1	0	0
1	1	UID448300	1	1	0	0
1	1	UID448312	1	1	0	0
1	1	UID448317	1	1	0	0
1	1	UID448319	1	1	0	0
1	1	UID448329	1	1	0	0
1	1	UID448331	1	1	0	0
1	1	UID448334	1	1	0	0
1	1	UID448335	1	1	0	0
1	1	UID448358	1	1	0	0
1	1	UID448367	1	1	0	0
1	1	UID448387	1	1	0	0
1	1	UID448388	1	1	0	0
1	1	UID448391	1	1	0	0
1	1	UID448392	1	1	0	0
1	1	UID448393	1	1	0	0
1	1	UID448394	1	1	0	0
1	1	UID448395	1	1	0	0
1	1	UID448396	1	1	0	0
1	1	UID448397	1	1	0	0
1	1	UID448399	1	1	0	0
1	1	UID448400	1	1	0	0
1	1	UID448402	1	1	0	0
1	1	UID448403	1	1	0	0
1	1	UID448404	1	1	0	0
1	1	UID448405	1	1	0	0
1	1	UID448406	1	1	0	0
1	1	UID448409	1	1	0	0
1	1	UID448410	1	1	0	0
1	1	UID448413	1	1	0	0
1	1	UID448415	1	1	0	0
1	1	UID448416	1	1	0	0
1	1	UID448418	1	1	0	0
1	1	UID448419	1	1	0	0
1	1	UID448420	1	1	0	0
1	1	UID448421	1	1	0	0
1	1	UID448423	1	1	0	0
1	1	UID448424	1	1	0	0
1	1	UID448425	1	1	0	0
1	1	UID448426	1	1	0	0
1	1	UID448427	1	1	0	0
1	1	UID448428	1	1	0	0
1	1	UID448429	1	1	0	0
1	1	UID448431	1	1	0	0
1	1	UID448432	1	1	0	0
1	1	UID448433	1	1	0	0
1	1	UID448434	1	1	0	0
1	1	UID448435	1	1	0	0
1	1	UID448437	1	1	0	0
1	1	UID448438	1	1	0	0
1	1	UID448441	1	1	0	0
1	1	UID448443	1	1	0	0
1	1	UID448445	1	1	0	0
1	1	UID448446	1	1	0	0
1	1	UID448448	1	1	0	0
1	1	UID448449	1	1	0	0
1	1	UID448451	1	1	0	0
1	1	UID448452	1	1	0	0
1	1	UID448453	1	1	0	0
1	1	UID448455	1	1	0	0
1	1	UID448457	1	1	0	0
1	1	UID448458	1	1	0	0
1	1	UID448459	1	1	0	0
1	1	UID448461	1	1	0	0
1	1	UID448462	1	1	0	0
1	1	UID448472	1	1	0	0
1	1	UID448480	1	1	0	0
1	1	UID448486	1	1	0	0
1	1	UID448487	1	1	0	0
1	1	UID448489	1	1	0	0
1	1	UID448490	1	1	0	0
1	1	UID448491	1	1	0	0
1	1	UID448494	1	1	0	0
1	1	UID448495	1	1	0	0
1	1	UID448499	1	1	0	0
1	1	UID448501	1	1	0	0
1	1	UID448502	1	1	0	0
1	1	UID448503	1	1	0	0
1	1	UID448504	1	1	0	0
1	1	UID448506	1	1	0	0
1	1	UID448507	1	1	0	0
1	1	UID448509	1	1	0	0
1	1	UID448510	1	1	0	0
1	1	UID448513	1	1	0	0
1	1	UID448516	1	1	0	0
1	1	UID448518	1	1	0	0
1	1	UID448520	1	1	0	0
1	1	UID448525	1	1	0	0
1	1	UID448527	1	1	0	0
1	1	UID448531	1	1	0	0
1	1	UID448532	1	1	0	0
1	1	UID448534	1	1	0	0
1	1	UID448542	1	1	0	0
1	1	UID448544	1	1	0	0
1	1	UID448545	1	1	0	0
1	1	UID448571	1	1	0	0
1	1	UID448581	1	1	0	0
1	1	UID448588	1	1	0	0
1	1	UID448592	1	1	0	0
1	1	UID448593	1	1	0	0
1	1	UID448597	1	1	0	0
1	1	UID448598	1	1	0	0
1	1	UID448602	1	1	0	0
1	1	UID448604	1	1	0	0
1	1	UID448607	1	1	0	0
1	1	UID448611	1	1	0	0
1	1	UID448614	1	1	0	0
1	1	UID448619	1	1	0	0
1	1	UID448620	1	1	0	0
1	1	UID448623	1	1	0	0
1	1	UID448627	1	1	0	0
1	1	UID448628	1	1	0	0
4	4	UID448629	1	4	2	2
1	1	UID448630	1	1	0	0
1	1	UID448631	1	1	0	0
1	1	UID448653	1	1	0	0
1	1	UID448655	1	1	0	0
1	1	UID448665	1	1	0	0
1	1	UID448668	1	1	0	0
1	1	UID448674	1	1	0	0
1	1	UID448687	1	1	0	0
1	1	UID448688	1	1	0	0
1	1	UID448689	1	1	0	0
1	1	UID448690	1	1	0	0
1	1	UID448691	1	1	0	0
1	1	UID448692	1	1	0	0
1	1	UID448693	1	1	0	0
1	1	UID448695	1	1	0	0
1	1	UID448702	1	1	0	0
1	1	UID448705	1	1	0	0
1	1	UID448706	1	1	0	0
1	1	UID448707	1	1	0	0
1	1	UID448708	1	1	0	0
1	1	UID448710	1	1	0	0
1	1	UID448711	1	1	0	0
1	1	UID448712	1	1	0	0
1	1	UID448713	1	1	0	0
1	1	UID448717	1	1	0	0
1	1	UID448719	1	1	0	0
1	1	UID448726	1	1	0	0
1	1	UID448727	1	1	0	0
1	1	UID448737	1	1	0	0
1	1	UID448748	1	1	0	0
1	1	UID448789	1	1	0	0
1	1	UID448797	1	1	0	0
1	1	UID448801	1	1	0	0
1	1	UID448802	1	1	0	0
1	1	UID448804	1	1	0	0
1	1	UID448805	1	1	0	0
1	1	UID448806	1	1	0	0
1	1	UID448811	1	1	0	0
1	1	UID448813	1	1	0	0
1	1	UID448815	1	1	0	0
1	1	UID448816	1	1	0	0
1	1	UID448817	1	1	0	0
1	1	UID448819	1	1	0	0
1	1	UID448830	1	1	0	0
1	1	UID448837	1	1	0	0
1	1	UID448840	1	1	0	0
1	1	UID448843	1	1	0	0
1	1	UID448844	1	1	0	0
1	1	UID448859	1	1	0	0
1	1	UID448861	1	1	0	0
1	1	UID448862	1	1	0	0
1	1	UID448866	1	1	0	0
1	1	UID448906	1	1	0	0
1	1	UID448909	1	1	0	0
1	1	UID448911	1	1	0	0
1	1	UID448932	1	1	0	0
1	1	UID448935	1	1	0	0
1	1	UID448939	1	1	0	0
1	1	UID448942	1	1	0	0
1	1	UID448943	1	1	0	0
1	1	UID448953	1	1	0	0
1	1	UID448958	1	1	0	0
1	1	UID448963	1	1	0	0
1	1	UID448967	1	1	0	0
1	1	UID448968	1	1	0	0
1	1	UID448971	1	1	0	0
1	1	UID448976	1	1	0	0
1	1	UID448983	1	1	0	0
1	1	UID449002	1	1	0	0
1	1	UID449008	1	1	0	0
1	1	UID449036	1	1	0	0
1	1	UID449047	1	1	0	0
1	1	UID449062	1	1	0	0
1	1	UID449064	1	1	0	0
1	1	UID449074	1	1	0	0
1	1	UID449091	1	1	0	0
1	1	UID449092	1	1	0	0
1	1	UID449093	1	1	0	0
1	1	UID449094	1	1	0	0
1	1	UID449098	1	1	0	0
1	1	UID449101	1	1	0	0
1	1	UID449102	1	1	0	0
1	1	UID449104	1	1	0	0
1	1	UID449106	1	1	0	0
1	1	UID449107	1	1	0	0
1	1	UID449116	1	1	0	0
1	1	UID449120	1	1	0	0
1	1	UID449122	1	1	0	0
1	1	UID449138	1	1	0	0
1	1	UID449143	1	1	0	0
1	1	UID449151	1	1	0	0
1	1	UID449152	1	1	0	0
1	1	UID449186	1	1	0	0
1	1	UID449201	1	1	0	0
1	1	UID449205	1	1	0	0
1	1	UID449210	1	1	0	0
1	1	UID449217	1	1	0	0
1	1	UID449218	1	1	0	0
1	1	UID449219	1	1	0	0
1	1	UID449221	1	1	0	0
1	1	UID449223	1	1	0	0
1	1	UID449239	1	1	0	0
1	1	UID449242	1	1	0	0
1	1	UID449249	1	1	0	0
1	1	UID449254	1	1	0	0
1	1	UID449258	1	1	0	0
1	1	UID449259	1	1	0	0
1	1	UID449272	1	1	0	0
1	1	UID449280	1	1	0	0
1	1	UID449300	1	1	0	0
1	1	UID449304	1	1	0	0
1	1	UID449308	1	1	0	0
1	1	UID449309	1	1	0	0
1	1	UID449311	1	1	0	0
1	1	UID449322	1	1	0	0
1	1	UID449324	1	1	0	0
1	1	UID449326	1	1	0	0
1	1	UID449327	1	1	0	0
1	1	UID449328	1	1	0	0
1	1	UID449332	1	1	0	0
1	1	UID449334	1	1	0	0
1	1	UID449340	1	1	0	0
1	1	UID449345	1	1	0	0
1	1	UID449346	1	1	0	0
1	1	UID449347	1	1	0	0
1	1	UID449348	1	1	0	0
1	1	UID449350	1	1	0	0
1	1	UID449351	1	1	0	0
1	1	UID449353	1	1	0	0
1	1	UID449361	1	1	0	0
1	1	UID449365	1	1	0	0
1	1	UID449366	1	1	0	0
1	1	UID449368	1	1	0	0
1	1	UID449370	1	1	0	0
1	1	UID449371	1	1	0	0
1	1	UID449372	1	1	0	0
1	1	UID449373	1	1	0	0
1	1	UID449374	1	1	0	0
1	1	UID449375	1	1	0	0
1	1	UID449376	1	1	0	0
1	1	UID449377	1	1	0	0
1	1	UID449378	1	1	0	0
1	1	UID449379	1	1	0	0
1	1	UID449380	1	1	0	0
1	1	UID449381	1	1	0	0
1	1	UID449382	1	1	0	0
1	1	UID449383	1	1	0	0
1	1	UID449384	1	1	0	0
1	1	UID449386	1	1	0	0
1	1	UID449388	1	1	0	0
1	1	UID449396	1	1	0	0
1	1	UID449397	1	1	0	0
1	1	UID449399	1	1	0	0
1	1	UID449400	1	1	0	0
1	1	UID449401	1	1	0	0
1	1	UID449402	1	1	0	0
1	1	UID449403	1	1	0	0
1	1	UID449404	1	1	0	0
1	1	UID449405	1	1	0	0
1	1	UID449406	1	1	0	0
1	1	UID449413	1	1	0	0
1	1	UID449422	1	1	0	0
1	1	UID449424	1	1	0	0
1	1	UID449430	1	1	0	0
1	1	UID449436	1	1	0	0
1	1	UID449451	1	1	0	0
1	1	UID449455	1	1	0	0
1	1	UID449463	1	1	0	0
1	1	UID449498	1	1	0	0
1	1	UID449505	1	1	0	0
1	1	UID449509	1	1	0	0
1	1	UID449512	1	1	0	0
1	1	UID449516	1	1	0	0
1	1	UID449518	1	1	0	0
1	1	UID449522	1	1	0	0
1	1	UID449526	1	1	0	0
1	1	UID449530	1	1	0	0
1	1	UID449531	1	1	0	0
1	1	UID449532	1	1	0	0
1	1	UID449533	1	1	0	0
1	1	UID449539	1	1	0	0
1	1	UID449542	1	1	0	0
1	1	UID449544	1	1	0	0
1	1	UID449545	1	1	0	0
1	1	UID449546	1	1	0	0
1	1	UID449547	1	1	0	0
1	1	UID449550	1	1	0	0
1	1	UID449553	1	1	0	0
1	1	UID449557	1	1	0	0
1	1	UID449559	1	1	0	0
1	1	UID449564	1	1	0	0
1	1	UID449565	1	1	0	0
1	1	UID449567	1	1	0	0
1	1	UID449569	1	1	0	0
1	1	UID449583	1	1	0	0
1	1	UID449585	1	1	0	0
1	1	UID449587	1	1	0	0
1	1	UID449588	1	1	0	0
1	1	UID449591	1	1	0	0
1	1	UID449599	1	1	0	0
1	1	UID449600	1	1	0	0
1	1	UID449603	1	1	0	0
1	1	UID449605	1	1	0	0
1	1	UID449609	1	1	0	0
1	1	UID449610	1	1	0	0
1	1	UID449614	1	1	0	0
1	1	UID449629	1	1	0	0
1	1	UID449631	1	1	0	0
1	1	UID449649	1	1	0	0
1	1	UID449655	1	1	0	0
1	1	UID449663	1	1	0	0
1	1	UID449677	1	1	0	0
1	1	UID449685	1	1	0	0
1	1	UID449688	1	1	0	0
1	1	UID449692	1	1	0	0
1	1	UID449696	1	1	0	0
1	1	UID449704	1	1	0	0
1	1	UID449705	1	1	0	0
1	1	UID449706	1	1	0	0
1	1	UID449713	1	1	0	0
1	1	UID449716	1	1	0	0
1	1	UID449717	1	1	0	0
1	1	UID449718	1	1	0	0
1	1	UID449719	1	1	0	0
1	1	UID449724	1	1	0	0
1	1	UID449725	1	1	0	0
1	1	UID449738	1	1	0	0
1	1	UID449740	1	1	0	0
1	1	UID449773	1	1	0	0
1	1	UID449774	1	1	0	0
1	1	UID449775	1	1	0	0
1	1	UID449781	1	1	0	0
1	1	UID449793	1	1	0	0
1	1	UID449800	1	1	0	0
1	1	UID449807	1	1	0	0
1	1	UID449809	1	1	0	0
1	1	UID449813	1	1	0	0
1	1	UID449819	1	1	0	0
1	1	UID449820	1	1	0	0
1	1	UID449831	1	1	0	0
1	1	UID449834	1	1	0	0
1	1	UID449839	1	1	0	0
1	1	UID449846	1	1	0	0
1	1	UID449848	1	1	0	0
1	1	UID449875	1	1	0	0
1	1	UID449876	1	1	0	0
1	1	UID449877	1	1	0	0
1	1	UID449886	1	1	0	0
1	1	UID449893	1	1	0	0
1	1	UID449894	1	1	0	0
1	1	UID449897	1	1	0	0
1	1	UID449900	1	1	0	0
1	1	UID449917	1	1	0	0
1	1	UID449922	1	1	0	0
1	1	UID449924	1	1	0	0
1	1	UID449925	1	1	0	0
1	1	UID449945	1	1	0	0
1	1	UID449949	1	1	0	0
1	1	UID449957	1	1	0	0
1	1	UID449977	1	1	0	0
1	1	UID449984	1	1	0	0
1	1	UID449995	1	1	0	0
1	1	UID450007	1	1	0	0
1	1	UID450015	1	1	0	0
1	1	UID450017	1	1	0	0
1	1	UID450018	1	1	0	0
1	1	UID450019	1	1	0	0
1	1	UID450021	1	1	0	0
1	1	UID450024	1	1	0	0
1	1	UID450025	1	1	0	0
1	1	UID450027	1	1	0	0
1	1	UID450028	1	1	0	0
1	1	UID450029	1	1	0	0
1	1	UID450030	1	1	0	0
1	1	UID450031	1	1	0	0
1	1	UID450053	1	1	0	0
1	1	UID450056	1	1	0	0
1	1	UID450063	1	1	0	0
1	1	UID450074	1	1	0	0
1	1	UID450081	1	1	0	0
1	1	UID450088	1	1	0	0
1	1	UID450096	1	1	0	0
1	1	UID450097	1	1	0	0
1	1	UID450100	1	1	0	0
1	1	UID450101	1	1	0	0
1	1	UID450102	1	1	0	0
1	1	UID450105	1	1	0	0
1	1	UID450108	1	1	0	0
1	1	UID450111	1	1	0	0
1	1	UID450112	1	1	0	0
1	1	UID450124	1	1	0	0
1	1	UID450129	1	1	0	0
1	1	UID450132	1	1	0	0
1	1	UID450171	1	1	0	0
1	1	UID450172	1	1	0	0
1	1	UID450180	1	1	0	0
1	1	UID450183	1	1	0	0
1	1	UID450184	1	1	0	0
1	1	UID450185	1	1	0	0
1	1	UID450192	1	1	0	0
1	1	UID450193	1	1	0	0
1	1	UID450196	1	1	0	0
1	1	UID450202	1	1	0	0
1	1	UID450203	1	1	0	0
1	1	UID450204	1	1	0	0
1	1	UID450205	1	1	0	0
1	1	UID450206	1	1	0	0
1	1	UID450208	1	1	0	0
1	1	UID450209	1	1	0	0
1	1	UID450210	1	1	0	0
1	1	UID450214	1	1	0	0
1	1	UID450216	1	1	0	0
1	1	UID450218	1	1	0	0
1	1	UID450219	1	1	0	0
1	1	UID450220	1	1	0	0
1	1	UID450221	1	1	0	0
1	1	UID450223	1	1	0	0
1	1	UID450224	1	1	0	0
1	1	UID450225	1	1	0	0
1	1	UID450226	1	1	0	0
1	1	UID450227	1	1	0	0
1	1	UID450228	1	1	0	0
1	1	UID450229	1	1	0	0
1	1	UID450230	1	1	0	0
1	1	UID450231	1	1	0	0
1	1	UID450232	1	1	0	0
1	1	UID450233	1	1	0	0
1	1	UID450234	1	1	0	0
1	1	UID450235	1	1	0	0
1	1	UID450237	1	1	0	0
1	1	UID450239	1	1	0	0
1	1	UID450240	1	1	0	0
1	1	UID450244	1	1	0	0
1	1	UID450245	1	1	0	0
1	1	UID450246	1	1	0	0
1	1	UID450247	1	1	0	0
1	1	UID450249	1	1	0	0
1	1	UID450250	1	1	0	0
1	1	UID450251	1	1	0	0
1	1	UID450252	1	1	0	0
1	1	UID450253	1	1	0	0
1	1	UID450254	1	1	0	0
1	1	UID450256	1	1	0	0
1	1	UID450257	1	1	0	0
1	1	UID450258	1	1	0	0
1	1	UID450259	1	1	0	0
1	1	UID450260	1	1	0	0
1	1	UID450262	1	1	0	0
1	1	UID450263	1	1	0	0
1	1	UID450265	1	1	0	0
1	1	UID450266	1	1	0	0
1	1	UID450268	1	1	0	0
1	1	UID450275	1	1	0	0
1	1	UID450276	1	1	0	0
1	1	UID450278	1	1	0	0
1	1	UID450295	1	1	0	0
1	1	UID450298	1	1	0	0
1	1	UID450300	1	1	0	0
1	1	UID450302	1	1	0	0
1	1	UID450304	1	1	0	0
1	1	UID450306	1	1	0	0
1	1	UID450310	1	1	0	0
1	1	UID450313	1	1	0	0
1	1	UID450314	1	1	0	0
1	1	UID450318	1	1	0	0
1	1	UID450321	1	1	0	0
1	1	UID450325	1	1	0	0
1	1	UID450327	1	1	0	0
1	1	UID450343	1	1	0	0
1	1	UID450344	1	1	0	0
1	1	UID450351	1	1	0	0
1	1	UID450384	1	1	0	0
1	1	UID450390	1	1	0	0
1	1	UID450393	1	1	0	0
1	1	UID450396	1	1	0	0
1	1	UID450402	1	1	0	0
1	1	UID450403	1	1	0	0
1	1	UID450418	1	1	0	0
1	1	UID450423	1	1	0	0
1	1	UID450424	1	1	0	0
1	1	UID450425	1	1	0	0
1	1	UID450426	1	1	0	0
1	1	UID450433	1	1	0	0
1	1	UID450434	1	1	0	0
1	1	UID450445	1	1	0	0
1	1	UID450446	1	1	0	0
1	1	UID450464	1	1	0	0
1	1	UID450469	1	1	0	0
1	1	UID450471	1	1	0	0
1	1	UID450472	1	1	0	0
1	1	UID450476	1	1	0	0
1	1	UID450477	1	1	0	0
1	1	UID450482	1	1	0	0
1	1	UID450483	1	1	0	0
1	1	UID450493	1	1	0	0
1	1	UID450513	1	1	0	0
1	1	UID450516	1	1	0	0
1	1	UID450528	1	1	0	0
1	1	UID48430	1	1	0	0
1	1	UID54682	1	1	0	0
1	1	UID5821	1	1	0	0
1	1	UID63230	1	1	0	0
1	1	UID72592	1	1	0	0
