4648	32656	UID1	17209	3530	6	6
1257	6025	UID766931	3145	880	5	5
483	2302	UID61291	1352	343	3	3
771	2245	UID35109	960	570	6	6
552	1832	UID766932	847	379	5	5
170	561	UID34854	312	132	2	2
215	583	UID2	267	164	3	3
353	891	UID202802	248	286	4	4
177	466	UID27459	238	138	2	2
42	129	UID99	79	35	2	2
43	125	UID202801	77	36	2	2
48	135	UID85	66	39	2	2
23	82	UID207	57	19	2	2
42	102	UID115	56	36	2	2
44	107	UID189	55	35	2	2
47	104	UID94	54	42	2	2
38	91	UID138	49	34	2	2
29	87	UID559927	48	21	2	2
23	81	UID27453	44	16	2	2
37	94	UID72	44	25	2	2
16	61	UID131	43	14	2	2
40	88	UID29	41	32	2	2
25	66	UID228	39	21	2	2
25	63	UID149	36	21	2	2
36	83	UID157	35	27	1	1
36	75	UID122	34	29	2	2
24	61	UID180	34	20	3	3
27	62	UID72310	34	24	3	3
28	70	UID35132	33	22	2	2
30	71	UID146	30	23	2	2
10	39	UID508570	29	8	1	1
32	65	UID108	28	25	2	2
20	49	UID208	27	18	1	1
23	48	UID221	24	20	2	2
25	57	UID84	24	18	1	1
15	37	UID766938	21	12	1	1
14	34	UID303	20	12	2	2
11	30	UID766939	20	10	1	1
13	34	UID766940	20	11	1	1
19	40	UID294	19	15	2	2
32	63	UID373275	19	23	2	2
23	47	UID206	18	20	2	2
5	22	UID513196	18	4	1	1
19	37	UID194	17	16	2	2
18	39	UID375	17	12	1	1
20	37	UID653	17	18	2	2
22	37	UID158	14	19	2	2
11	24	UID352	14	10	2	2
17	31	UID61696	12	14	3	3
4	16	UID63150	12	2	1	1
6	17	UID766970	12	5	1	1
12	24	UID173	11	9	1	1
10	20	UID440	11	9	2	2
4	14	UID69635	11	3	1	1
5	15	UID71499	11	4	1	1
6	16	UID766977	11	5	1	1
7	17	UID766980	11	6	1	1
4	15	UID766983	11	2	1	1
17	31	UID1328	10	12	1	1
16	27	UID19	10	13	2	2
9	18	UID610	10	8	1	1
4	14	UID61524	10	2	1	1
16	30	UID766989	10	12	2	2
8	16	UID525	9	7	1	1
10	21	UID767021	9	6	1	1
9	19	UID843	9	6	1	1
12	21	UID466790	8	9	2	2
7	15	UID497	8	5	1	1
2	9	UID508971	8	1	1	1
9	17	UID513520	8	7	1	1
2	9	UID71728	8	1	1	1
8	16	UID767026	8	6	1	1
8	15	UID767027	8	7	1	1
8	14	UID27249	7	7	2	2
9	16	UID374	7	7	1	1
5	11	UID4054	7	4	1	1
5	11	UID508970	7	4	1	1
6	13	UID611	7	4	1	1
5	12	UID71730	7	3	1	1
4	10	UID71773	7	3	1	1
6	12	UID767050	7	5	1	1
3	9	UID915	7	2	1	1
5	12	UID919	7	3	1	1
10	16	UID248	6	8	2	2
3	9	UID30482	6	1	1	1
4	9	UID508886	6	3	1	1
3	10	UID508897	6	0	0	0
6	11	UID508972	6	5	1	1
3	8	UID509395	6	2	1	1
1	6	UID512882	6	0	0	0
7	13	UID685	6	5	1	1
4	9	UID72741	6	3	1	1
4	9	UID72755	6	3	1	1
3	8	UID767078	6	2	1	1
7	14	UID767100	6	4	1	1
8	14	UID767109	6	6	1	1
1	5	UID243304	5	0	0	0
5	9	UID508704	5	4	1	1
8	17	UID508882	5	4	1	1
4	8	UID509104	5	3	1	1
1	5	UID512845	5	0	0	0
8	14	UID532491	5	5	1	1
10	19	UID5497	5	7	2	2
1	5	UID5540	5	0	0	0
6	10	UID63210	5	5	1	1
2	6	UID71621	5	1	0	0
2	6	UID71733	5	1	1	1
2	6	UID767146	5	1	1	1
2	5	UID1147	4	1	1	1
6	10	UID18	4	4	1	1
4	8	UID234686	4	2	1	1
7	13	UID376	4	3	1	1
3	6	UID508764	4	2	1	1
3	6	UID508831	4	2	1	1
1	4	UID510178	4	0	0	0
15	18	UID554	4	14	1	1
2	5	UID560298	4	1	0	0
1	4	UID599935	4	0	0	0
6	9	UID606	4	5	1	1
8	13	UID64999	4	5	1	1
1	4	UID656710	4	0	0	0
2	5	UID71735	4	1	1	1
1	4	UID767162	4	0	0	0
2	5	UID767173	4	1	1	1
5	9	UID767200	4	3	2	2
2	5	UID767212	4	1	1	1
8	12	UID767216	4	6	1	1
6	10	UID767223	4	4	3	3
3	6	UID767225	4	2	1	1
3	5	UID10066	3	2	1	1
3	5	UID179689	3	2	0	0
9	11	UID203093	3	8	2	2
4	7	UID234682	3	2	1	1
1	3	UID3843	3	0	0	0
3	5	UID431855	3	2	2	2
2	4	UID508738	3	1	0	0
1	3	UID508803	3	0	0	0
2	4	UID508888	3	1	0	0
4	6	UID508889	3	3	1	1
3	5	UID508989	3	2	1	1
2	4	UID509388	3	1	0	0
1	3	UID532232	3	0	0	0
1	3	UID532505	3	0	0	0
4	6	UID5493	3	3	2	2
3	5	UID558063	3	2	1	1
3	5	UID561942	3	2	1	1
5	7	UID600320	3	4	2	2
9	12	UID703	3	7	1	1
2	4	UID744	3	1	1	1
1	3	UID767233	3	0	0	0
1	3	UID767234	3	0	0	0
1	3	UID767235	3	0	0	0
1	3	UID767237	3	0	0	0
1	3	UID767240	3	0	0	0
1	3	UID767243	3	0	0	0
1	3	UID767245	3	0	0	0
2	4	UID767246	3	1	1	1
1	3	UID767247	3	0	0	0
1	3	UID767251	3	0	0	0
1	3	UID767259	3	0	0	0
1	3	UID767260	3	0	0	0
1	3	UID767261	3	0	0	0
1	3	UID767262	3	0	0	0
1	3	UID767264	3	0	0	0
1	3	UID767265	3	0	0	0
1	3	UID767270	3	0	0	0
2	4	UID767276	3	1	0	0
2	4	UID767277	3	1	1	1
2	4	UID767289	3	1	0	0
1	3	UID767320	3	0	0	0
7	9	UID767321	3	6	2	2
1	3	UID767322	3	0	0	0
3	5	UID767323	3	2	1	1
3	5	UID767324	3	2	1	1
3	5	UID767325	3	2	1	1
1	3	UID767330	3	0	0	0
1	3	UID767343	3	0	0	0
1	3	UID767347	3	0	0	0
1	3	UID767348	3	0	0	0
1	3	UID767355	3	0	0	0
5	7	UID767356	3	4	2	2
2	4	UID767357	3	1	0	0
2	4	UID767358	3	1	1	1
1	3	UID767359	3	0	0	0
1	3	UID767361	3	0	0	0
3	6	UID767379	3	1	0	0
5	7	UID767380	3	4	1	1
1	3	UID767381	3	0	0	0
1	3	UID767382	3	0	0	0
1	3	UID767385	3	0	0	0
3	5	UID767387	3	2	2	2
1	3	UID767393	3	0	0	0
1	3	UID767400	3	0	0	0
1	3	UID767401	3	0	0	0
1	3	UID767402	3	0	0	0
1	3	UID767403	3	0	0	0
1	3	UID767408	3	0	0	0
1	3	UID767411	3	0	0	0
1	3	UID767414	3	0	0	0
1	3	UID767417	3	0	0	0
3	5	UID77	3	2	1	1
5	7	UID1322	2	3	1	1
1	2	UID214906	2	0	0	0
2	3	UID41227	2	1	1	1
7	9	UID470	2	5	1	1
2	3	UID508798	2	1	1	1
4	6	UID508915	2	2	1	1
3	4	UID508966	2	2	1	1
4	7	UID509095	2	1	1	1
2	3	UID509385	2	1	1	1
2	3	UID512968	2	1	1	1
2	3	UID520	2	1	1	1
2	3	UID532331	2	1	1	1
2	3	UID541750	2	1	1	1
2	4	UID541979	2	0	1	1
3	5	UID5486	2	1	1	1
3	4	UID5499	2	2	1	1
1	2	UID602184	2	0	0	0
1	2	UID75481	2	0	0	0
1	2	UID75660	2	0	0	0
1	2	UID767430	2	0	0	0
1	2	UID767439	2	0	0	0
3	4	UID767464	2	2	2	2
1	2	UID767481	2	0	0	0
1	2	UID767519	2	0	0	0
1	2	UID767524	2	0	0	0
1	2	UID767525	2	0	0	0
1	2	UID767561	2	0	0	0
1	2	UID767562	2	0	0	0
1	2	UID767566	2	0	0	0
1	2	UID767604	2	0	0	0
1	2	UID767612	2	0	0	0
1	2	UID767613	2	0	0	0
1	2	UID767620	2	0	0	0
1	2	UID767624	2	0	0	0
1	2	UID767649	2	0	0	0
1	2	UID767669	2	0	0	0
2	3	UID767688	2	1	1	1
1	2	UID767689	2	0	0	0
4	5	UID767692	2	3	2	2
1	2	UID767698	2	0	0	0
4	6	UID767701	2	2	1	1
1	2	UID767723	2	0	0	0
1	2	UID767724	2	0	0	0
2	3	UID767725	2	1	1	1
4	5	UID767731	2	3	1	1
4	5	UID767821	2	3	1	1
2	3	UID767823	2	1	1	1
2	3	UID767882	2	1	1	1
1	2	UID767885	2	0	0	0
1	2	UID767891	2	0	0	0
1	2	UID767894	2	0	0	0
1	2	UID767897	2	0	0	0
1	2	UID767899	2	0	0	0
1	2	UID767935	2	0	0	0
1	2	UID767943	2	0	0	0
2	3	UID767968	2	1	1	1
1	2	UID767986	2	0	0	0
2	3	UID767994	2	1	1	1
2	3	UID768005	2	1	1	1
1	2	UID768016	2	0	0	0
2	3	UID768019	2	1	1	1
1	2	UID768032	2	0	0	0
1	2	UID768041	2	0	0	0
2	3	UID768043	2	1	1	1
1	2	UID768049	2	0	0	0
2	3	UID768052	2	1	1	1
1	2	UID768076	2	0	0	0
1	2	UID768080	2	0	0	0
1	2	UID768111	2	0	0	0
1	2	UID768121	2	0	0	0
1	2	UID768133	2	0	0	0
1	2	UID768135	2	0	0	0
2	3	UID920	2	1	1	1
1	1	UID117211	1	1	0	0
1	1	UID117807	1	1	0	0
1	1	UID145401	1	1	0	0
2	2	UID154589	1	2	1	1
1	1	UID180876	1	1	0	0
1	1	UID18410	1	1	0	0
4	4	UID193956	1	4	2	2
5	5	UID202964	1	5	2	2
1	1	UID205410	1	1	0	0
3	3	UID206667	1	3	1	1
1	1	UID27120	1	1	0	0
5	5	UID294902	1	5	2	2
1	1	UID350226	1	1	0	0
1	1	UID4057	1	1	0	0
1	1	UID431243	1	1	0	0
1	1	UID49181	1	1	0	0
6	6	UID508797	1	6	1	1
3	3	UID508973	1	3	1	1
3	3	UID509394	1	3	1	1
3	3	UID532343	1	3	1	1
4	4	UID536706	1	4	2	2
3	3	UID539977	1	3	1	1
1	1	UID540021	1	1	0	0
1	1	UID542944	1	1	0	0
4	4	UID62064	1	4	1	1
1	1	UID621200	1	1	0	0
1	1	UID751591	1	1	0	0
1	1	UID759812	1	1	0	0
1	1	UID768143	1	1	0	0
1	1	UID768144	1	1	0	0
1	1	UID768146	1	1	0	0
1	1	UID768147	1	1	0	0
1	1	UID768148	1	1	0	0
1	1	UID768149	1	1	0	0
1	1	UID768162	1	1	0	0
1	1	UID768172	1	1	0	0
1	1	UID768174	1	1	0	0
1	1	UID768176	1	1	0	0
1	1	UID768186	1	1	0	0
1	1	UID768187	1	1	0	0
1	1	UID768188	1	1	0	0
1	1	UID768189	1	1	0	0
1	1	UID768190	1	1	0	0
1	1	UID768191	1	1	0	0
1	1	UID768192	1	1	0	0
1	1	UID768193	1	1	0	0
1	1	UID768194	1	1	0	0
1	1	UID768197	1	1	0	0
1	1	UID768202	1	1	0	0
1	1	UID768204	1	1	0	0
1	1	UID768206	1	1	0	0
1	1	UID768208	1	1	0	0
1	1	UID768210	1	1	0	0
1	1	UID768212	1	1	0	0
1	1	UID768213	1	1	0	0
1	1	UID768220	1	1	0	0
1	1	UID768230	1	1	0	0
1	1	UID768240	1	1	0	0
1	1	UID768241	1	1	0	0
1	1	UID768242	1	1	0	0
1	1	UID768253	1	1	0	0
1	1	UID768254	1	1	0	0
1	1	UID768256	1	1	0	0
1	1	UID768257	1	1	0	0
1	1	UID768258	1	1	0	0
1	1	UID768266	1	1	0	0
1	1	UID768268	1	1	0	0
1	1	UID768273	1	1	0	0
1	1	UID768274	1	1	0	0
1	1	UID768276	1	1	0	0
1	1	UID768277	1	1	0	0
1	1	UID768279	1	1	0	0
1	1	UID768280	1	1	0	0
1	1	UID768281	1	1	0	0
1	1	UID768282	1	1	0	0
1	1	UID768283	1	1	0	0
1	1	UID768284	1	1	0	0
1	1	UID768285	1	1	0	0
1	1	UID768286	1	1	0	0
1	1	UID768287	1	1	0	0
1	1	UID768289	1	1	0	0
1	1	UID768292	1	1	0	0
1	1	UID768294	1	1	0	0
1	1	UID768296	1	1	0	0
1	1	UID768297	1	1	0	0
1	1	UID768298	1	1	0	0
1	1	UID768305	1	1	0	0
1	1	UID768310	1	1	0	0
1	1	UID768311	1	1	0	0
1	1	UID768318	1	1	0	0
1	1	UID768326	1	1	0	0
1	1	UID768330	1	1	0	0
1	1	UID768332	1	1	0	0
1	1	UID768333	1	1	0	0
1	1	UID768335	1	1	0	0
1	1	UID768340	1	1	0	0
1	1	UID768341	1	1	0	0
1	1	UID768342	1	1	0	0
1	1	UID768343	1	1	0	0
1	1	UID768344	1	1	0	0
1	1	UID768345	1	1	0	0
1	1	UID768346	1	1	0	0
1	1	UID768347	1	1	0	0
1	1	UID768355	1	1	0	0
1	1	UID768356	1	1	0	0
1	1	UID768357	1	1	0	0
1	1	UID768358	1	1	0	0
1	1	UID768362	1	1	0	0
1	1	UID768372	1	1	0	0
1	1	UID768384	1	1	0	0
1	1	UID768395	1	1	0	0
1	1	UID768400	1	1	0	0
1	1	UID768404	1	1	0	0
1	1	UID768405	1	1	0	0
1	1	UID768410	1	1	0	0
1	1	UID768412	1	1	0	0
1	1	UID768415	1	1	0	0
1	1	UID768422	1	1	0	0
1	1	UID768423	1	1	0	0
1	1	UID768424	1	1	0	0
1	1	UID768425	1	1	0	0
1	1	UID768426	1	1	0	0
1	1	UID768427	1	1	0	0
1	1	UID768428	1	1	0	0
1	1	UID768429	1	1	0	0
1	1	UID768432	1	1	0	0
1	1	UID768435	1	1	0	0
1	1	UID768437	1	1	0	0
1	1	UID768438	1	1	0	0
1	1	UID768440	1	1	0	0
1	1	UID768442	1	1	0	0
1	1	UID768447	1	1	0	0
1	1	UID768448	1	1	0	0
1	1	UID768449	1	1	0	0
1	1	UID768453	1	1	0	0
1	1	UID768454	1	1	0	0
1	1	UID768456	1	1	0	0
1	1	UID768457	1	1	0	0
1	1	UID768458	1	1	0	0
1	1	UID768459	1	1	0	0
1	1	UID768462	1	1	0	0
1	1	UID768468	1	1	0	0
1	1	UID768469	1	1	0	0
1	1	UID768483	1	1	0	0
1	1	UID768487	1	1	0	0
1	1	UID768488	1	1	0	0
1	1	UID768494	1	1	0	0
1	1	UID768503	1	1	0	0
1	1	UID768506	1	1	0	0
1	1	UID768507	1	1	0	0
1	1	UID768508	1	1	0	0
1	1	UID768509	1	1	0	0
1	1	UID768511	1	1	0	0
1	1	UID768515	1	1	0	0
1	1	UID768516	1	1	0	0
1	1	UID768517	1	1	0	0
1	1	UID768518	1	1	0	0
1	1	UID768519	1	1	0	0
1	1	UID768521	1	1	0	0
1	1	UID768525	1	1	0	0
1	1	UID768526	1	1	0	0
1	1	UID768528	1	1	0	0
1	1	UID768535	1	1	0	0
1	1	UID768558	1	1	0	0
1	1	UID768563	1	1	0	0
1	1	UID768564	1	1	0	0
1	1	UID768565	1	1	0	0
1	1	UID768568	1	1	0	0
1	1	UID768570	1	1	0	0
1	1	UID768572	1	1	0	0
1	1	UID768574	1	1	0	0
1	1	UID768575	1	1	0	0
1	1	UID768576	1	1	0	0
1	1	UID768577	1	1	0	0
1	1	UID768579	1	1	0	0
1	1	UID768585	1	1	0	0
1	1	UID768587	1	1	0	0
1	1	UID768588	1	1	0	0
1	1	UID768590	1	1	0	0
1	1	UID768592	1	1	0	0
1	1	UID768594	1	1	0	0
1	1	UID768595	1	1	0	0
1	1	UID768597	1	1	0	0
1	1	UID768599	1	1	0	0
1	1	UID768621	1	1	0	0
1	1	UID768622	1	1	0	0
1	1	UID768627	1	1	0	0
1	1	UID768629	1	1	0	0
1	1	UID768634	1	1	0	0
1	1	UID768636	1	1	0	0
1	1	UID768637	1	1	0	0
1	1	UID768638	1	1	0	0
1	1	UID768639	1	1	0	0
1	1	UID768640	1	1	0	0
1	1	UID768643	1	1	0	0
1	1	UID768645	1	1	0	0
1	1	UID768646	1	1	0	0
1	1	UID768653	1	1	0	0
1	1	UID768657	1	1	0	0
1	1	UID768670	1	1	0	0
1	1	UID768680	1	1	0	0
1	1	UID768687	1	1	0	0
1	1	UID768691	1	1	0	0
1	1	UID768692	1	1	0	0
1	1	UID768693	1	1	0	0
1	1	UID768694	1	1	0	0
1	1	UID768696	1	1	0	0
1	1	UID768697	1	1	0	0
1	1	UID768698	1	1	0	0
1	1	UID768700	1	1	0	0
1	1	UID768701	1	1	0	0
1	1	UID768703	1	1	0	0
1	1	UID768706	1	1	0	0
1	1	UID768708	1	1	0	0
1	1	UID768709	1	1	0	0
1	1	UID768714	1	1	0	0
1	1	UID768722	1	1	0	0
1	1	UID768724	1	1	0	0
1	1	UID768738	1	1	0	0
1	1	UID768740	1	1	0	0
1	1	UID768741	1	1	0	0
1	1	UID768743	1	1	0	0
1	1	UID768749	1	1	0	0
1	1	UID768750	1	1	0	0
1	1	UID768751	1	1	0	0
1	1	UID768752	1	1	0	0
1	1	UID768754	1	1	0	0
1	1	UID768756	1	1	0	0
1	1	UID768757	1	1	0	0
1	1	UID768758	1	1	0	0
1	1	UID768762	1	1	0	0
1	1	UID768770	1	1	0	0
1	1	UID768776	1	1	0	0
1	1	UID768782	1	1	0	0
1	1	UID768783	1	1	0	0
1	1	UID768784	1	1	0	0
1	1	UID768791	1	1	0	0
1	1	UID768801	1	1	0	0
1	1	UID768803	1	1	0	0
1	1	UID768804	1	1	0	0
1	1	UID768809	1	1	0	0
1	1	UID768812	1	1	0	0
1	1	UID768816	1	1	0	0
1	1	UID768817	1	1	0	0
1	1	UID768818	1	1	0	0
1	1	UID768819	1	1	0	0
1	1	UID768820	1	1	0	0
1	1	UID768824	1	1	0	0
1	1	UID768825	1	1	0	0
1	1	UID768827	1	1	0	0
1	1	UID768828	1	1	0	0
1	1	UID768829	1	1	0	0
1	1	UID768830	1	1	0	0
1	1	UID768831	1	1	0	0
1	1	UID768832	1	1	0	0
1	1	UID768834	1	1	0	0
1	1	UID768839	1	1	0	0
1	1	UID768844	1	1	0	0
1	1	UID768849	1	1	0	0
1	1	UID768851	1	1	0	0
1	1	UID768852	1	1	0	0
1	1	UID768853	1	1	0	0
1	1	UID768854	1	1	0	0
1	1	UID768855	1	1	0	0
1	1	UID768856	1	1	0	0
1	1	UID768861	1	1	0	0
1	1	UID768862	1	1	0	0
1	1	UID768863	1	1	0	0
1	1	UID768873	1	1	0	0
1	1	UID768874	1	1	0	0
1	1	UID768877	1	1	0	0
1	1	UID768878	1	1	0	0
1	1	UID768892	1	1	0	0
1	1	UID768897	1	1	0	0
1	1	UID768899	1	1	0	0
1	1	UID768910	1	1	0	0
1	1	UID768911	1	1	0	0
2	2	UID768912	1	2	1	1
1	1	UID768929	1	1	0	0
1	1	UID768930	1	1	0	0
1	1	UID768931	1	1	0	0
1	1	UID768933	1	1	0	0
1	1	UID768934	1	1	0	0
1	1	UID768935	1	1	0	0
1	1	UID768936	1	1	0	0
1	1	UID768937	1	1	0	0
1	1	UID768939	1	1	0	0
1	1	UID768941	1	1	0	0
1	1	UID768942	1	1	0	0
1	1	UID768943	1	1	0	0
1	1	UID768944	1	1	0	0
1	1	UID768947	1	1	0	0
1	1	UID768948	1	1	0	0
1	1	UID768949	1	1	0	0
1	1	UID768950	1	1	0	0
1	1	UID768968	1	1	0	0
1	1	UID768973	1	1	0	0
2	2	UID768974	1	2	1	1
1	1	UID768978	1	1	0	0
1	1	UID768983	1	1	0	0
1	1	UID768984	1	1	0	0
1	1	UID768985	1	1	0	0
1	1	UID768986	1	1	0	0
1	1	UID768987	1	1	0	0
1	1	UID768988	1	1	0	0
1	1	UID768989	1	1	0	0
1	1	UID769000	1	1	0	0
1	1	UID769002	1	1	0	0
1	1	UID769005	1	1	0	0
1	1	UID769014	1	1	0	0
1	1	UID769021	1	1	0	0
1	1	UID769023	1	1	0	0
1	1	UID769024	1	1	0	0
1	1	UID769026	1	1	0	0
1	1	UID769027	1	1	0	0
1	1	UID769028	1	1	0	0
1	1	UID769029	1	1	0	0
1	1	UID769030	1	1	0	0
1	1	UID769031	1	1	0	0
1	1	UID769034	1	1	0	0
1	1	UID769035	1	1	0	0
1	1	UID769036	1	1	0	0
1	1	UID769037	1	1	0	0
1	1	UID769038	1	1	0	0
1	1	UID769040	1	1	0	0
1	1	UID769042	1	1	0	0
1	1	UID769043	1	1	0	0
1	1	UID769044	1	1	0	0
1	1	UID769045	1	1	0	0
1	1	UID769062	1	1	0	0
1	1	UID769067	1	1	0	0
1	1	UID769069	1	1	0	0
1	1	UID769070	1	1	0	0
1	1	UID769072	1	1	0	0
1	1	UID769090	1	1	0	0
1	1	UID769098	1	1	0	0
1	1	UID769099	1	1	0	0
1	1	UID769100	1	1	0	0
1	1	UID769103	1	1	0	0
1	1	UID769104	1	1	0	0
1	1	UID769105	1	1	0	0
1	1	UID769106	1	1	0	0
1	1	UID769107	1	1	0	0
1	1	UID769110	1	1	0	0
1	1	UID769112	1	1	0	0
1	1	UID769119	1	1	0	0
1	1	UID769123	1	1	0	0
1	1	UID769131	1	1	0	0
1	1	UID769133	1	1	0	0
1	1	UID769137	1	1	0	0
1	1	UID769138	1	1	0	0
1	1	UID769140	1	1	0	0
1	1	UID769145	1	1	0	0
1	1	UID769146	1	1	0	0
1	1	UID769147	1	1	0	0
1	1	UID769149	1	1	0	0
1	1	UID769153	1	1	0	0
1	1	UID769154	1	1	0	0
1	1	UID769155	1	1	0	0
1	1	UID769160	1	1	0	0
1	1	UID769161	1	1	0	0
1	1	UID769162	1	1	0	0
1	1	UID769164	1	1	0	0
1	1	UID769165	1	1	0	0
1	1	UID769167	1	1	0	0
1	1	UID769183	1	1	0	0
1	1	UID769184	1	1	0	0
1	1	UID769189	1	1	0	0
1	1	UID769190	1	1	0	0
1	1	UID769191	1	1	0	0
1	1	UID769194	1	1	0	0
1	1	UID769195	1	1	0	0
1	1	UID769197	1	1	0	0
1	1	UID769199	1	1	0	0
1	1	UID769206	1	1	0	0
1	1	UID769209	1	1	0	0
1	1	UID769212	1	1	0	0
1	1	UID769214	1	1	0	0
1	1	UID769217	1	1	0	0
1	1	UID769222	1	1	0	0
1	1	UID769223	1	1	0	0
1	1	UID769224	1	1	0	0
1	1	UID769225	1	1	0	0
1	1	UID769226	1	1	0	0
1	1	UID769232	1	1	0	0
1	1	UID769233	1	1	0	0
1	1	UID769234	1	1	0	0
1	1	UID769237	1	1	0	0
1	1	UID769240	1	1	0	0
1	1	UID769241	1	1	0	0
1	1	UID769246	1	1	0	0
1	1	UID769256	1	1	0	0
1	1	UID769260	1	1	0	0
1	1	UID769262	1	1	0	0
1	1	UID769263	1	1	0	0
1	1	UID769274	1	1	0	0
1	1	UID769278	1	1	0	0
1	1	UID769281	1	1	0	0
1	1	UID769282	1	1	0	0
1	1	UID769283	1	1	0	0
1	1	UID769290	1	1	0	0
1	1	UID769296	1	1	0	0
1	1	UID769311	1	1	0	0
1	1	UID769322	1	1	0	0
1	1	UID769323	1	1	0	0
1	1	UID769326	1	1	0	0
1	1	UID769327	1	1	0	0
1	1	UID769332	1	1	0	0
1	1	UID769334	1	1	0	0
1	1	UID769340	1	1	0	0
1	1	UID769349	1	1	0	0
1	1	UID769350	1	1	0	0
1	1	UID769351	1	1	0	0
1	1	UID769352	1	1	0	0
1	1	UID769353	1	1	0	0
1	1	UID769354	1	1	0	0
1	1	UID769355	1	1	0	0
1	1	UID769363	1	1	0	0
1	1	UID769366	1	1	0	0
1	1	UID769368	1	1	0	0
1	1	UID769371	1	1	0	0
1	1	UID769373	1	1	0	0
1	1	UID769374	1	1	0	0
1	1	UID769376	1	1	0	0
1	1	UID769378	1	1	0	0
1	1	UID769379	1	1	0	0
1	1	UID769380	1	1	0	0
1	1	UID769382	1	1	0	0
1	1	UID769384	1	1	0	0
1	1	UID769386	1	1	0	0
1	1	UID769388	1	1	0	0
1	1	UID769399	1	1	0	0
1	1	UID769401	1	1	0	0
1	1	UID769402	1	1	0	0
1	1	UID769411	1	1	0	0
1	1	UID769420	1	1	0	0
1	1	UID769422	1	1	0	0
1	1	UID769423	1	1	0	0
1	1	UID769428	1	1	0	0
1	1	UID769436	1	1	0	0
1	1	UID769439	1	1	0	0
1	1	UID769449	1	1	0	0
1	1	UID769458	1	1	0	0
1	1	UID769459	1	1	0	0
1	1	UID769464	1	1	0	0
1	1	UID769470	1	1	0	0
1	1	UID769472	1	1	0	0
1	1	UID769473	1	1	0	0
1	1	UID769479	1	1	0	0
1	1	UID769481	1	1	0	0
1	1	UID769498	1	1	0	0
1	1	UID769499	1	1	0	0
1	1	UID769515	1	1	0	0
1	1	UID769518	1	1	0	0
1	1	UID769519	1	1	0	0
2	2	UID769521	1	2	1	1
1	1	UID769523	1	1	0	0
1	1	UID769537	1	1	0	0
1	1	UID769538	1	1	0	0
1	1	UID769540	1	1	0	0
1	1	UID769541	1	1	0	0
1	1	UID769542	1	1	0	0
1	1	UID769543	1	1	0	0
1	1	UID769544	1	1	0	0
1	1	UID769545	1	1	0	0
1	1	UID769548	1	1	0	0
1	1	UID769562	1	1	0	0
1	1	UID769569	1	1	0	0
1	1	UID769572	1	1	0	0
1	1	UID769573	1	1	0	0
1	1	UID769574	1	1	0	0
1	1	UID769580	1	1	0	0
1	1	UID769585	1	1	0	0
1	1	UID769594	1	1	0	0
1	1	UID769595	1	1	0	0
1	1	UID769598	1	1	0	0
1	1	UID769604	1	1	0	0
1	1	UID769606	1	1	0	0
1	1	UID769608	1	1	0	0
1	1	UID769609	1	1	0	0
1	1	UID769610	1	1	0	0
1	1	UID769612	1	1	0	0
1	1	UID769616	1	1	0	0
1	1	UID769628	1	1	0	0
1	1	UID769629	1	1	0	0
1	1	UID769632	1	1	0	0
1	1	UID769633	1	1	0	0
1	1	UID769638	1	1	0	0
1	1	UID769641	1	1	0	0
1	1	UID769644	1	1	0	0
1	1	UID769645	1	1	0	0
1	1	UID769648	1	1	0	0
1	1	UID769649	1	1	0	0
1	1	UID769650	1	1	0	0
1	1	UID769652	1	1	0	0
1	1	UID769653	1	1	0	0
1	1	UID769655	1	1	0	0
1	1	UID769657	1	1	0	0
1	1	UID769658	1	1	0	0
1	1	UID769659	1	1	0	0
1	1	UID769662	1	1	0	0
1	1	UID769669	1	1	0	0
1	1	UID769670	1	1	0	0
1	1	UID769671	1	1	0	0
1	1	UID769672	1	1	0	0
1	1	UID769675	1	1	0	0
1	1	UID769681	1	1	0	0
1	1	UID769692	1	1	0	0
1	1	UID769702	1	1	0	0
1	1	UID769708	1	1	0	0
1	1	UID769710	1	1	0	0
1	1	UID769711	1	1	0	0
1	1	UID769713	1	1	0	0
1	1	UID769722	1	1	0	0
1	1	UID769723	1	1	0	0
1	1	UID769724	1	1	0	0
1	1	UID769725	1	1	0	0
1	1	UID769742	1	1	0	0
1	1	UID769750	1	1	0	0
1	1	UID769757	1	1	0	0
1	1	UID769759	1	1	0	0
1	1	UID769763	1	1	0	0
1	1	UID769765	1	1	0	0
1	1	UID769774	1	1	0	0
1	1	UID769775	1	1	0	0
1	1	UID769778	1	1	0	0
1	1	UID769779	1	1	0	0
1	1	UID769781	1	1	0	0
1	1	UID769783	1	1	0	0
1	1	UID769784	1	1	0	0
1	1	UID769786	1	1	0	0
1	1	UID769788	1	1	0	0
1	1	UID769796	1	1	0	0
1	1	UID769797	1	1	0	0
1	1	UID769802	1	1	0	0
1	1	UID769811	1	1	0	0
1	1	UID769825	1	1	0	0
2	2	UID769827	1	2	1	1
1	1	UID769832	1	1	0	0
1	1	UID769834	1	1	0	0
1	1	UID769836	1	1	0	0
1	1	UID769837	1	1	0	0
1	1	UID769842	1	1	0	0
1	1	UID769850	1	1	0	0
1	1	UID769853	1	1	0	0
1	1	UID769858	1	1	0	0
1	1	UID769868	1	1	0	0
1	1	UID769878	1	1	0	0
1	1	UID769882	1	1	0	0
1	1	UID769886	1	1	0	0
1	1	UID769888	1	1	0	0
1	1	UID769900	1	1	0	0
1	1	UID769901	1	1	0	0
1	1	UID769907	1	1	0	0
1	1	UID769931	1	1	0	0
1	1	UID769935	1	1	0	0
1	1	UID769936	1	1	0	0
1	1	UID769941	1	1	0	0
1	1	UID769942	1	1	0	0
1	1	UID769944	1	1	0	0
1	1	UID769948	1	1	0	0
1	1	UID769949	1	1	0	0
1	1	UID769950	1	1	0	0
1	1	UID769954	1	1	0	0
1	1	UID769957	1	1	0	0
1	1	UID769959	1	1	0	0
1	1	UID769960	1	1	0	0
1	1	UID769962	1	1	0	0
1	1	UID769965	1	1	0	0
1	1	UID769966	1	1	0	0
1	1	UID769968	1	1	0	0
1	1	UID769969	1	1	0	0
1	1	UID769978	1	1	0	0
1	1	UID769979	1	1	0	0
1	1	UID769980	1	1	0	0
1	1	UID769981	1	1	0	0
1	1	UID769983	1	1	0	0
1	1	UID769984	1	1	0	0
1	1	UID769985	1	1	0	0
1	1	UID769989	1	1	0	0
1	1	UID769990	1	1	0	0
1	1	UID769997	1	1	0	0
1	1	UID769998	1	1	0	0
1	1	UID770006	1	1	0	0
1	1	UID770009	1	1	0	0
1	1	UID770011	1	1	0	0
1	1	UID770012	1	1	0	0
1	1	UID770013	1	1	0	0
1	1	UID770018	1	1	0	0
1	1	UID770024	1	1	0	0
1	1	UID770027	1	1	0	0
1	1	UID770028	1	1	0	0
1	1	UID770029	1	1	0	0
1	1	UID770030	1	1	0	0
1	1	UID770037	1	1	0	0
1	1	UID770059	1	1	0	0
1	1	UID770062	1	1	0	0
1	1	UID770076	1	1	0	0
1	1	UID770090	1	1	0	0
1	1	UID770096	1	1	0	0
1	1	UID770125	1	1	0	0
1	1	UID770210	1	1	0	0
1	1	UID770332	1	1	0	0
1	1	UID770335	1	1	0	0
1	1	UID770381	1	1	0	0
1	1	UID770396	1	1	0	0
1	1	UID770414	1	1	0	0
1	1	UID770425	1	1	0	0
1	1	UID770431	1	1	0	0
1	1	UID770446	1	1	0	0
1	1	UID770448	1	1	0	0
1	1	UID770453	1	1	0	0
1	1	UID770456	1	1	0	0
1	1	UID770457	1	1	0	0
1	1	UID770467	1	1	0	0
1	1	UID770469	1	1	0	0
1	1	UID770470	1	1	0	0
1	1	UID770471	1	1	0	0
1	1	UID770474	1	1	0	0
1	1	UID770478	1	1	0	0
1	1	UID770495	1	1	0	0
1	1	UID770496	1	1	0	0
1	1	UID770497	1	1	0	0
1	1	UID770498	1	1	0	0
1	1	UID770499	1	1	0	0
1	1	UID770504	1	1	0	0
1	1	UID770520	1	1	0	0
1	1	UID770521	1	1	0	0
1	1	UID770523	1	1	0	0
1	1	UID770524	1	1	0	0
1	1	UID770525	1	1	0	0
1	1	UID770527	1	1	0	0
1	1	UID770528	1	1	0	0
1	1	UID770529	1	1	0	0
1	1	UID770530	1	1	0	0
1	1	UID770538	1	1	0	0
1	1	UID770540	1	1	0	0
1	1	UID770541	1	1	0	0
1	1	UID770542	1	1	0	0
1	1	UID770551	1	1	0	0
1	1	UID770552	1	1	0	0
1	1	UID770553	1	1	0	0
1	1	UID770555	1	1	0	0
1	1	UID770556	1	1	0	0
1	1	UID770559	1	1	0	0
1	1	UID770560	1	1	0	0
1	1	UID770561	1	1	0	0
1	1	UID770562	1	1	0	0
1	1	UID770563	1	1	0	0
1	1	UID770566	1	1	0	0
1	1	UID770567	1	1	0	0
1	1	UID770569	1	1	0	0
1	1	UID770570	1	1	0	0
1	1	UID770573	1	1	0	0
1	1	UID770574	1	1	0	0
1	1	UID770575	1	1	0	0
1	1	UID770577	1	1	0	0
1	1	UID770579	1	1	0	0
1	1	UID770583	1	1	0	0
1	1	UID770587	1	1	0	0
1	1	UID770590	1	1	0	0
1	1	UID770596	1	1	0	0
1	1	UID770606	1	1	0	0
1	1	UID770607	1	1	0	0
1	1	UID770615	1	1	0	0
1	1	UID770624	1	1	0	0
1	1	UID770633	1	1	0	0
1	1	UID770643	1	1	0	0
1	1	UID770644	1	1	0	0
1	1	UID770648	1	1	0	0
1	1	UID770670	1	1	0	0
1	1	UID770676	1	1	0	0
1	1	UID770678	1	1	0	0
1	1	UID770679	1	1	0	0
1	1	UID770686	1	1	0	0
1	1	UID770688	1	1	0	0
1	1	UID770691	1	1	0	0
1	1	UID770693	1	1	0	0
1	1	UID770696	1	1	0	0
1	1	UID770701	1	1	0	0
1	1	UID770707	1	1	0	0
1	1	UID770709	1	1	0	0
1	1	UID770719	1	1	0	0
1	1	UID770730	1	1	0	0
1	1	UID770731	1	1	0	0
1	1	UID770742	1	1	0	0
1	1	UID770743	1	1	0	0
1	1	UID770758	1	1	0	0
1	1	UID770768	1	1	0	0
1	1	UID770773	1	1	0	0
1	1	UID770776	1	1	0	0
1	1	UID770779	1	1	0	0
1	1	UID770781	1	1	0	0
1	1	UID770782	1	1	0	0
1	1	UID770794	1	1	0	0
1	1	UID770799	1	1	0	0
1	1	UID770800	1	1	0	0
1	1	UID770801	1	1	0	0
1	1	UID770802	1	1	0	0
1	1	UID770804	1	1	0	0
1	1	UID770806	1	1	0	0
1	1	UID770819	1	1	0	0
1	1	UID770823	1	1	0	0
1	1	UID770826	1	1	0	0
1	1	UID770828	1	1	0	0
1	1	UID770831	1	1	0	0
1	1	UID770836	1	1	0	0
1	1	UID770843	1	1	0	0
1	1	UID770844	1	1	0	0
1	1	UID770854	1	1	0	0
1	1	UID770855	1	1	0	0
1	1	UID770857	1	1	0	0
1	1	UID770859	1	1	0	0
1	1	UID770874	1	1	0	0
1	1	UID770878	1	1	0	0
1	1	UID770884	1	1	0	0
1	1	UID770885	1	1	0	0
1	1	UID770895	1	1	0	0
1	1	UID770896	1	1	0	0
1	1	UID770898	1	1	0	0
1	1	UID770902	1	1	0	0
1	1	UID770904	1	1	0	0
1	1	UID770905	1	1	0	0
1	1	UID770910	1	1	0	0
1	1	UID770912	1	1	0	0
1	1	UID770921	1	1	0	0
1	1	UID770922	1	1	0	0
1	1	UID770931	1	1	0	0
1	1	UID770947	1	1	0	0
1	1	UID770951	1	1	0	0
1	1	UID770954	1	1	0	0
1	1	UID770956	1	1	0	0
1	1	UID770961	1	1	0	0
1	1	UID770962	1	1	0	0
1	1	UID770968	1	1	0	0
1	1	UID770971	1	1	0	0
1	1	UID770981	1	1	0	0
1	1	UID771006	1	1	0	0
1	1	UID771007	1	1	0	0
1	1	UID771008	1	1	0	0
1	1	UID771011	1	1	0	0
1	1	UID771013	1	1	0	0
1	1	UID771022	1	1	0	0
1	1	UID771025	1	1	0	0
1	1	UID771027	1	1	0	0
1	1	UID771028	1	1	0	0
1	1	UID771029	1	1	0	0
1	1	UID771033	1	1	0	0
1	1	UID771041	1	1	0	0
1	1	UID771042	1	1	0	0
1	1	UID771043	1	1	0	0
1	1	UID771059	1	1	0	0
1	1	UID771062	1	1	0	0
1	1	UID771065	1	1	0	0
1	1	UID771071	1	1	0	0
1	1	UID771078	1	1	0	0
1	1	UID771087	1	1	0	0
1	1	UID771088	1	1	0	0
1	1	UID771093	1	1	0	0
1	1	UID771095	1	1	0	0
1	1	UID771099	1	1	0	0
1	1	UID771103	1	1	0	0
1	1	UID771105	1	1	0	0
1	1	UID771113	1	1	0	0
1	1	UID771114	1	1	0	0
1	1	UID771118	1	1	0	0
1	1	UID771119	1	1	0	0
1	1	UID771120	1	1	0	0
1	1	UID771121	1	1	0	0
1	1	UID771123	1	1	0	0
1	1	UID771124	1	1	0	0
1	1	UID771125	1	1	0	0
1	1	UID771126	1	1	0	0
1	1	UID771127	1	1	0	0
1	1	UID771136	1	1	0	0
1	1	UID771143	1	1	0	0
1	1	UID771146	1	1	0	0
1	1	UID771147	1	1	0	0
1	1	UID771152	1	1	0	0
1	1	UID771162	1	1	0	0
1	1	UID771164	1	1	0	0
1	1	UID771166	1	1	0	0
1	1	UID771168	1	1	0	0
1	1	UID771170	1	1	0	0
1	1	UID771172	1	1	0	0
1	1	UID771183	1	1	0	0
1	1	UID771186	1	1	0	0
1	1	UID771187	1	1	0	0
1	1	UID771194	1	1	0	0
1	1	UID771200	1	1	0	0
1	1	UID771201	1	1	0	0
1	1	UID771202	1	1	0	0
1	1	UID771206	1	1	0	0
1	1	UID771207	1	1	0	0
1	1	UID771208	1	1	0	0
1	1	UID771209	1	1	0	0
1	1	UID771210	1	1	0	0
1	1	UID771211	1	1	0	0
1	1	UID771212	1	1	0	0
1	1	UID771213	1	1	0	0
1	1	UID771214	1	1	0	0
1	1	UID771215	1	1	0	0
1	1	UID771217	1	1	0	0
1	1	UID771227	1	1	0	0
1	1	UID771228	1	1	0	0
1	1	UID771229	1	1	0	0
1	1	UID771233	1	1	0	0
1	1	UID771235	1	1	0	0
1	1	UID771236	1	1	0	0
1	1	UID771243	1	1	0	0
1	1	UID771251	1	1	0	0
1	1	UID771256	1	1	0	0
1	1	UID771258	1	1	0	0
1	1	UID771260	1	1	0	0
1	1	UID771261	1	1	0	0
1	1	UID771267	1	1	0	0
1	1	UID771273	1	1	0	0
1	1	UID771275	1	1	0	0
1	1	UID771285	1	1	0	0
1	1	UID771290	1	1	0	0
1	1	UID771294	1	1	0	0
1	1	UID771295	1	1	0	0
1	1	UID771301	1	1	0	0
1	1	UID771306	1	1	0	0
1	1	UID771308	1	1	0	0
1	1	UID771311	1	1	0	0
1	1	UID771315	1	1	0	0
1	1	UID771316	1	1	0	0
1	1	UID771317	1	1	0	0
1	1	UID771326	1	1	0	0
1	1	UID771327	1	1	0	0
1	1	UID771340	1	1	0	0
1	1	UID771353	1	1	0	0
1	1	UID771363	1	1	0	0
1	1	UID771372	1	1	0	0
1	1	UID771373	1	1	0	0
1	1	UID771375	1	1	0	0
1	1	UID771377	1	1	0	0
1	1	UID771378	1	1	0	0
1	1	UID771380	1	1	0	0
1	1	UID771383	1	1	0	0
1	1	UID771391	1	1	0	0
1	1	UID771395	1	1	0	0
1	1	UID771396	1	1	0	0
1	1	UID771400	1	1	0	0
1	1	UID771401	1	1	0	0
1	1	UID771403	1	1	0	0
1	1	UID771404	1	1	0	0
1	1	UID771405	1	1	0	0
1	1	UID771406	1	1	0	0
1	1	UID771408	1	1	0	0
1	1	UID771411	1	1	0	0
1	1	UID771412	1	1	0	0
1	1	UID771415	1	1	0	0
1	1	UID771416	1	1	0	0
1	1	UID771417	1	1	0	0
1	1	UID771420	1	1	0	0
1	1	UID771421	1	1	0	0
1	1	UID771423	1	1	0	0
1	1	UID771424	1	1	0	0
1	1	UID771437	1	1	0	0
1	1	UID771438	1	1	0	0
1	1	UID771439	1	1	0	0
1	1	UID771440	1	1	0	0
1	1	UID771443	1	1	0	0
1	1	UID771445	1	1	0	0
1	1	UID771446	1	1	0	0
1	1	UID771447	1	1	0	0
1	1	UID771462	1	1	0	0
1	1	UID771464	1	1	0	0
1	1	UID771466	1	1	0	0
1	1	UID771468	1	1	0	0
1	1	UID771473	1	1	0	0
1	1	UID771487	1	1	0	0
1	1	UID771488	1	1	0	0
1	1	UID771489	1	1	0	0
1	1	UID771492	1	1	0	0
1	1	UID771493	1	1	0	0
1	1	UID771496	1	1	0	0
1	1	UID771499	1	1	0	0
1	1	UID771504	1	1	0	0
1	1	UID771508	1	1	0	0
1	1	UID771509	1	1	0	0
1	1	UID771510	1	1	0	0
1	1	UID771511	1	1	0	0
1	1	UID771512	1	1	0	0
1	1	UID771513	1	1	0	0
1	1	UID771514	1	1	0	0
1	1	UID771515	1	1	0	0
1	1	UID771521	1	1	0	0
1	1	UID771529	1	1	0	0
1	1	UID771532	1	1	0	0
1	1	UID771533	1	1	0	0
1	1	UID771553	1	1	0	0
1	1	UID771569	1	1	0	0
2	2	UID771594	1	2	1	1
1	1	UID771596	1	1	0	0
1	1	UID771602	1	1	0	0
1	1	UID771604	1	1	0	0
1	1	UID771617	1	1	0	0
1	1	UID771625	1	1	0	0
1	1	UID771633	1	1	0	0
1	1	UID771637	1	1	0	0
1	1	UID771640	1	1	0	0
1	1	UID771648	1	1	0	0
1	1	UID771649	1	1	0	0
1	1	UID771655	1	1	0	0
1	1	UID771659	1	1	0	0
1	1	UID771660	1	1	0	0
1	1	UID771665	1	1	0	0
1	1	UID771669	1	1	0	0
1	1	UID771674	1	1	0	0
1	1	UID771682	1	1	0	0
1	1	UID771692	1	1	0	0
1	1	UID771694	1	1	0	0
1	1	UID771697	1	1	0	0
1	1	UID771713	1	1	0	0
1	1	UID771723	1	1	0	0
1	1	UID771736	1	1	0	0
1	1	UID771740	1	1	0	0
1	1	UID771741	1	1	0	0
1	1	UID771750	1	1	0	0
1	1	UID771751	1	1	0	0
1	1	UID771757	1	1	0	0
1	1	UID771781	1	1	0	0
1	1	UID771795	1	1	0	0
1	1	UID771798	1	1	0	0
1	1	UID771799	1	1	0	0
1	1	UID771809	1	1	0	0
1	1	UID771814	1	1	0	0
1	1	UID771815	1	1	0	0
1	1	UID771819	1	1	0	0
1	1	UID771826	1	1	0	0
1	1	UID771864	1	1	0	0
1	1	UID771879	1	1	0	0
1	1	UID771910	1	1	0	0
1	1	UID772044	1	1	0	0
1	1	UID772104	1	1	0	0
1	1	UID772112	1	1	0	0
1	1	UID772120	1	1	0	0
1	1	UID772138	1	1	0	0
1	1	UID772145	1	1	0	0
1	1	UID772147	1	1	0	0
1	1	UID772148	1	1	0	0
1	1	UID772150	1	1	0	0
1	1	UID772151	1	1	0	0
1	1	UID772157	1	1	0	0
1	1	UID772166	1	1	0	0
1	1	UID772168	1	1	0	0
1	1	UID772170	1	1	0	0
1	1	UID772179	1	1	0	0
1	1	UID772183	1	1	0	0
1	1	UID772189	1	1	0	0
1	1	UID772208	1	1	0	0
1	1	UID772209	1	1	0	0
1	1	UID772210	1	1	0	0
1	1	UID772218	1	1	0	0
6	6	UID772223	1	6	2	2
1	1	UID772231	1	1	0	0
1	1	UID772232	1	1	0	0
1	1	UID772250	1	1	0	0
1	1	UID772255	1	1	0	0
1	1	UID772271	1	1	0	0
1	1	UID772272	1	1	0	0
1	1	UID772288	1	1	0	0
2	2	UID772305	1	2	1	1
1	1	UID772306	1	1	0	0
1	1	UID772307	1	1	0	0
1	1	UID772313	1	1	0	0
1	1	UID772314	1	1	0	0
1	1	UID772315	1	1	0	0
1	1	UID772323	1	1	0	0
1	1	UID772324	1	1	0	0
1	1	UID772328	1	1	0	0
1	1	UID772337	1	1	0	0
1	1	UID772338	1	1	0	0
1	1	UID772342	1	1	0	0
1	1	UID772343	1	1	0	0
1	1	UID772355	1	1	0	0
1	1	UID772361	1	1	0	0
1	1	UID772371	1	1	0	0
1	1	UID772376	1	1	0	0
1	1	UID772384	1	1	0	0
1	1	UID772388	1	1	0	0
1	1	UID772405	1	1	0	0
1	1	UID772406	1	1	0	0
1	1	UID772428	1	1	0	0
1	1	UID772432	1	1	0	0
1	1	UID772434	1	1	0	0
1	1	UID772437	1	1	0	0
1	1	UID772440	1	1	0	0
1	1	UID772444	1	1	0	0
1	1	UID772446	1	1	0	0
1	1	UID772447	1	1	0	0
1	1	UID772456	1	1	0	0
1	1	UID772457	1	1	0	0
1	1	UID772462	1	1	0	0
1	1	UID772464	1	1	0	0
1	1	UID772466	1	1	0	0
2	2	UID772467	1	2	1	1
1	1	UID772473	1	1	0	0
1	1	UID772492	1	1	0	0
1	1	UID772494	1	1	0	0
1	1	UID772505	1	1	0	0
1	1	UID772535	1	1	0	0
1	1	UID772559	1	1	0	0
1	1	UID772560	1	1	0	0
1	1	UID772562	1	1	0	0
1	1	UID772563	1	1	0	0
1	1	UID772569	1	1	0	0
1	1	UID772571	1	1	0	0
1	1	UID772587	1	1	0	0
1	1	UID772588	1	1	0	0
1	1	UID772589	1	1	0	0
1	1	UID772593	1	1	0	0
1	1	UID772597	1	1	0	0
1	1	UID772598	1	1	0	0
1	1	UID772603	1	1	0	0
1	1	UID772605	1	1	0	0
1	1	UID772606	1	1	0	0
1	1	UID772607	1	1	0	0
1	1	UID772614	1	1	0	0
1	1	UID772615	1	1	0	0
1	1	UID772618	1	1	0	0
1	1	UID772619	1	1	0	0
1	1	UID772621	1	1	0	0
1	1	UID772623	1	1	0	0
1	1	UID772624	1	1	0	0
1	1	UID772633	1	1	0	0
1	1	UID772639	1	1	0	0
1	1	UID772642	1	1	0	0
1	1	UID772644	1	1	0	0
1	1	UID772646	1	1	0	0
1	1	UID772647	1	1	0	0
1	1	UID772648	1	1	0	0
1	1	UID772656	1	1	0	0
1	1	UID772657	1	1	0	0
1	1	UID772663	1	1	0	0
1	1	UID772666	1	1	0	0
1	1	UID772673	1	1	0	0
1	1	UID772674	1	1	0	0
1	1	UID772675	1	1	0	0
1	1	UID772680	1	1	0	0
1	1	UID772682	1	1	0	0
1	1	UID772687	1	1	0	0
1	1	UID772689	1	1	0	0
1	1	UID772690	1	1	0	0
1	1	UID772700	1	1	0	0
1	1	UID772702	1	1	0	0
1	1	UID772703	1	1	0	0
1	1	UID772707	1	1	0	0
1	1	UID772709	1	1	0	0
1	1	UID772710	1	1	0	0
1	1	UID772711	1	1	0	0
1	1	UID772718	1	1	0	0
1	1	UID772719	1	1	0	0
1	1	UID772721	1	1	0	0
1	1	UID772727	1	1	0	0
1	1	UID772732	1	1	0	0
1	1	UID772738	1	1	0	0
1	1	UID772739	1	1	0	0
1	1	UID772747	1	1	0	0
1	1	UID772748	1	1	0	0
1	1	UID772754	1	1	0	0
1	1	UID772755	1	1	0	0
1	1	UID772756	1	1	0	0
1	1	UID772764	1	1	0	0
1	1	UID772772	1	1	0	0
1	1	UID772773	1	1	0	0
1	1	UID772776	1	1	0	0
1	1	UID772777	1	1	0	0
1	1	UID772789	1	1	0	0
1	1	UID772790	1	1	0	0
1	1	UID772791	1	1	0	0
1	1	UID772795	1	1	0	0
1	1	UID772799	1	1	0	0
1	1	UID772806	1	1	0	0
2	2	UID772807	1	2	1	1
1	1	UID772812	1	1	0	0
1	1	UID772813	1	1	0	0
1	1	UID772818	1	1	0	0
1	1	UID772819	1	1	0	0
1	1	UID772828	1	1	0	0
1	1	UID772839	1	1	0	0
1	1	UID772840	1	1	0	0
1	1	UID772842	1	1	0	0
1	1	UID772844	1	1	0	0
1	1	UID772855	1	1	0	0
1	1	UID772856	1	1	0	0
1	1	UID772857	1	1	0	0
1	1	UID772858	1	1	0	0
1	1	UID772859	1	1	0	0
1	1	UID772861	1	1	0	0
1	1	UID772862	1	1	0	0
1	1	UID772887	1	1	0	0
1	1	UID772890	1	1	0	0
1	1	UID772891	1	1	0	0
1	1	UID772893	1	1	0	0
1	1	UID772905	1	1	0	0
1	1	UID772909	1	1	0	0
1	1	UID772910	1	1	0	0
1	1	UID772911	1	1	0	0
1	1	UID772916	1	1	0	0
1	1	UID772943	1	1	0	0
1	1	UID772962	1	1	0	0
1	1	UID773015	1	1	0	0
1	1	UID773016	1	1	0	0
1	1	UID773018	1	1	0	0
1	1	UID773019	1	1	0	0
1	1	UID773021	1	1	0	0
1	1	UID773022	1	1	0	0
1	1	UID773026	1	1	0	0
1	1	UID773030	1	1	0	0
1	1	UID773033	1	1	0	0
1	1	UID773035	1	1	0	0
1	1	UID773042	1	1	0	0
1	1	UID773043	1	1	0	0
1	1	UID773046	1	1	0	0
1	1	UID773047	1	1	0	0
1	1	UID773048	1	1	0	0
1	1	UID773051	1	1	0	0
1	1	UID773065	1	1	0	0
1	1	UID773068	1	1	0	0
1	1	UID773097	1	1	0	0
1	1	UID773106	1	1	0	0
1	1	UID773107	1	1	0	0
1	1	UID773109	1	1	0	0
1	1	UID773110	1	1	0	0
1	1	UID773120	1	1	0	0
1	1	UID773121	1	1	0	0
1	1	UID773123	1	1	0	0
1	1	UID773125	1	1	0	0
1	1	UID773133	1	1	0	0
1	1	UID773134	1	1	0	0
1	1	UID773138	1	1	0	0
1	1	UID773139	1	1	0	0
1	1	UID773140	1	1	0	0
1	1	UID773160	1	1	0	0
1	1	UID773167	1	1	0	0
1	1	UID773173	1	1	0	0
1	1	UID773174	1	1	0	0
1	1	UID773175	1	1	0	0
1	1	UID773178	1	1	0	0
1	1	UID773180	1	1	0	0
1	1	UID773189	1	1	0	0
1	1	UID773193	1	1	0	0
1	1	UID773196	1	1	0	0
1	1	UID773227	1	1	0	0
1	1	UID773228	1	1	0	0
1	1	UID773231	1	1	0	0
1	1	UID773238	1	1	0	0
1	1	UID773244	1	1	0	0
1	1	UID773301	1	1	0	0
1	1	UID773302	1	1	0	0
1	1	UID773310	1	1	0	0
1	1	UID773337	1	1	0	0
1	1	UID773339	1	1	0	0
1	1	UID773345	1	1	0	0
1	1	UID773347	1	1	0	0
1	1	UID773355	1	1	0	0
1	1	UID773369	1	1	0	0
1	1	UID773453	1	1	0	0
1	1	UID773455	1	1	0	0
1	1	UID773465	1	1	0	0
1	1	UID773467	1	1	0	0
1	1	UID773481	1	1	0	0
1	1	UID773482	1	1	0	0
1	1	UID773483	1	1	0	0
1	1	UID773510	1	1	0	0
1	1	UID773512	1	1	0	0
1	1	UID773516	1	1	0	0
1	1	UID773518	1	1	0	0
1	1	UID773525	1	1	0	0
1	1	UID773530	1	1	0	0
1	1	UID773535	1	1	0	0
1	1	UID773538	1	1	0	0
1	1	UID773542	1	1	0	0
1	1	UID773546	1	1	0	0
1	1	UID773548	1	1	0	0
1	1	UID773553	1	1	0	0
1	1	UID773556	1	1	0	0
1	1	UID773559	1	1	0	0
1	1	UID773560	1	1	0	0
1	1	UID773563	1	1	0	0
1	1	UID773571	1	1	0	0
1	1	UID773575	1	1	0	0
1	1	UID773579	1	1	0	0
1	1	UID773580	1	1	0	0
1	1	UID773583	1	1	0	0
1	1	UID773585	1	1	0	0
1	1	UID773586	1	1	0	0
1	1	UID773588	1	1	0	0
1	1	UID773600	1	1	0	0
1	1	UID773601	1	1	0	0
1	1	UID773605	1	1	0	0
1	1	UID773606	1	1	0	0
1	1	UID773607	1	1	0	0
1	1	UID773614	1	1	0	0
1	1	UID773625	1	1	0	0
1	1	UID773626	1	1	0	0
1	1	UID773628	1	1	0	0
1	1	UID773630	1	1	0	0
1	1	UID773631	1	1	0	0
1	1	UID773633	1	1	0	0
1	1	UID773641	1	1	0	0
1	1	UID773649	1	1	0	0
1	1	UID773650	1	1	0	0
1	1	UID773652	1	1	0	0
1	1	UID773654	1	1	0	0
1	1	UID773657	1	1	0	0
1	1	UID773659	1	1	0	0
1	1	UID773665	1	1	0	0
1	1	UID773670	1	1	0	0
1	1	UID773671	1	1	0	0
1	1	UID773672	1	1	0	0
1	1	UID773683	1	1	0	0
1	1	UID773686	1	1	0	0
1	1	UID773691	1	1	0	0
1	1	UID773693	1	1	0	0
1	1	UID773698	1	1	0	0
1	1	UID773705	1	1	0	0
1	1	UID773709	1	1	0	0
1	1	UID773724	1	1	0	0
1	1	UID773734	1	1	0	0
1	1	UID773735	1	1	0	0
1	1	UID773748	1	1	0	0
1	1	UID773756	1	1	0	0
1	1	UID773757	1	1	0	0
1	1	UID773763	1	1	0	0
1	1	UID773765	1	1	0	0
1	1	UID773771	1	1	0	0
2	2	UID773772	1	2	1	1
1	1	UID773774	1	1	0	0
1	1	UID773779	1	1	0	0
1	1	UID773783	1	1	0	0
1	1	UID773784	1	1	0	0
1	1	UID773785	1	1	0	0
1	1	UID773792	1	1	0	0
1	1	UID773801	1	1	0	0
1	1	UID773805	1	1	0	0
1	1	UID773806	1	1	0	0
1	1	UID773820	1	1	0	0
1	1	UID773830	1	1	0	0
1	1	UID773831	1	1	0	0
1	1	UID773836	1	1	0	0
1	1	UID773839	1	1	0	0
1	1	UID773870	1	1	0	0
1	1	UID773876	1	1	0	0
1	1	UID773877	1	1	0	0
1	1	UID773882	1	1	0	0
1	1	UID773888	1	1	0	0
1	1	UID773891	1	1	0	0
1	1	UID773898	1	1	0	0
1	1	UID773899	1	1	0	0
1	1	UID773901	1	1	0	0
1	1	UID773903	1	1	0	0
1	1	UID773905	1	1	0	0
1	1	UID773906	1	1	0	0
1	1	UID773907	1	1	0	0
1	1	UID773908	1	1	0	0
1	1	UID773909	1	1	0	0
1	1	UID773910	1	1	0	0
1	1	UID773911	1	1	0	0
1	1	UID773912	1	1	0	0
1	1	UID773913	1	1	0	0
1	1	UID773914	1	1	0	0
1	1	UID773929	1	1	0	0
1	1	UID773931	1	1	0	0
1	1	UID773935	1	1	0	0
1	1	UID773950	1	1	0	0
1	1	UID773951	1	1	0	0
1	1	UID773954	1	1	0	0
1	1	UID773963	1	1	0	0
1	1	UID773970	1	1	0	0
1	1	UID773974	1	1	0	0
1	1	UID773977	1	1	0	0
1	1	UID773988	1	1	0	0
1	1	UID773989	1	1	0	0
1	1	UID773994	1	1	0	0
1	1	UID773997	1	1	0	0
1	1	UID774004	1	1	0	0
1	1	UID774005	1	1	0	0
1	1	UID774009	1	1	0	0
1	1	UID774026	1	1	0	0
1	1	UID774029	1	1	0	0
1	1	UID774045	1	1	0	0
1	1	UID774052	1	1	0	0
1	1	UID774053	1	1	0	0
1	1	UID774055	1	1	0	0
1	1	UID774056	1	1	0	0
1	1	UID774064	1	1	0	0
1	1	UID774069	1	1	0	0
1	1	UID774101	1	1	0	0
1	1	UID774104	1	1	0	0
1	1	UID774105	1	1	0	0
1	1	UID774106	1	1	0	0
1	1	UID774111	1	1	0	0
1	1	UID774113	1	1	0	0
1	1	UID774116	1	1	0	0
1	1	UID774124	1	1	0	0
1	1	UID774128	1	1	0	0
1	1	UID774129	1	1	0	0
1	1	UID774137	1	1	0	0
1	1	UID774154	1	1	0	0
1	1	UID774155	1	1	0	0
1	1	UID774168	1	1	0	0
1	1	UID774179	1	1	0	0
1	1	UID774180	1	1	0	0
1	1	UID774181	1	1	0	0
1	1	UID774182	1	1	0	0
1	1	UID774183	1	1	0	0
1	1	UID774184	1	1	0	0
1	1	UID774187	1	1	0	0
1	1	UID774188	1	1	0	0
1	1	UID774189	1	1	0	0
1	1	UID774193	1	1	0	0
1	1	UID774194	1	1	0	0
1	1	UID774196	1	1	0	0
1	1	UID774197	1	1	0	0
1	1	UID774203	1	1	0	0
1	1	UID774204	1	1	0	0
1	1	UID774205	1	1	0	0
1	1	UID774206	1	1	0	0
1	1	UID774207	1	1	0	0
1	1	UID774209	1	1	0	0
1	1	UID774210	1	1	0	0
1	1	UID774211	1	1	0	0
1	1	UID774214	1	1	0	0
1	1	UID774215	1	1	0	0
1	1	UID774216	1	1	0	0
1	1	UID774217	1	1	0	0
1	1	UID774218	1	1	0	0
1	1	UID774219	1	1	0	0
1	1	UID774220	1	1	0	0
1	1	UID774221	1	1	0	0
1	1	UID774223	1	1	0	0
1	1	UID774227	1	1	0	0
1	1	UID774241	1	1	0	0
1	1	UID774254	1	1	0	0
1	1	UID774256	1	1	0	0
1	1	UID774260	1	1	0	0
1	1	UID774268	1	1	0	0
1	1	UID774271	1	1	0	0
1	1	UID774275	1	1	0	0
1	1	UID774278	1	1	0	0
1	1	UID774282	1	1	0	0
1	1	UID774287	1	1	0	0
1	1	UID774290	1	1	0	0
1	1	UID774293	1	1	0	0
1	1	UID774295	1	1	0	0
1	1	UID774299	1	1	0	0
1	1	UID774304	1	1	0	0
1	1	UID774318	1	1	0	0
1	1	UID774321	1	1	0	0
1	1	UID774328	1	1	0	0
1	1	UID774329	1	1	0	0
1	1	UID774332	1	1	0	0
1	1	UID774343	1	1	0	0
1	1	UID774352	1	1	0	0
1	1	UID774361	1	1	0	0
1	1	UID774366	1	1	0	0
1	1	UID774383	1	1	0	0
1	1	UID774393	1	1	0	0
1	1	UID774396	1	1	0	0
1	1	UID774397	1	1	0	0
1	1	UID774402	1	1	0	0
1	1	UID774405	1	1	0	0
1	1	UID774411	1	1	0	0
1	1	UID774421	1	1	0	0
1	1	UID774423	1	1	0	0
1	1	UID774424	1	1	0	0
1	1	UID774437	1	1	0	0
1	1	UID774456	1	1	0	0
1	1	UID774459	1	1	0	0
1	1	UID774468	1	1	0	0
1	1	UID774469	1	1	0	0
1	1	UID774488	1	1	0	0
1	1	UID774496	1	1	0	0
1	1	UID774499	1	1	0	0
1	1	UID774511	1	1	0	0
1	1	UID774518	1	1	0	0
1	1	UID774519	1	1	0	0
1	1	UID774528	1	1	0	0
1	1	UID774529	1	1	0	0
1	1	UID774530	1	1	0	0
1	1	UID774538	1	1	0	0
1	1	UID774542	1	1	0	0
1	1	UID774554	1	1	0	0
1	1	UID774566	1	1	0	0
1	1	UID774567	1	1	0	0
1	1	UID774568	1	1	0	0
1	1	UID774573	1	1	0	0
1	1	UID774574	1	1	0	0
1	1	UID774575	1	1	0	0
1	1	UID774576	1	1	0	0
1	1	UID774577	1	1	0	0
1	1	UID774578	1	1	0	0
1	1	UID774579	1	1	0	0
1	1	UID774580	1	1	0	0
1	1	UID774581	1	1	0	0
1	1	UID774585	1	1	0	0
1	1	UID774586	1	1	0	0
1	1	UID774587	1	1	0	0
1	1	UID774591	1	1	0	0
1	1	UID774592	1	1	0	0
1	1	UID774593	1	1	0	0
1	1	UID774594	1	1	0	0
1	1	UID774596	1	1	0	0
1	1	UID774597	1	1	0	0
1	1	UID774600	1	1	0	0
1	1	UID774603	1	1	0	0
1	1	UID774607	1	1	0	0
1	1	UID774610	1	1	0	0
1	1	UID774620	1	1	0	0
1	1	UID774628	1	1	0	0
1	1	UID774634	1	1	0	0
1	1	UID774645	1	1	0	0
1	1	UID774646	1	1	0	0
1	1	UID774651	1	1	0	0
1	1	UID774652	1	1	0	0
1	1	UID774660	1	1	0	0
1	1	UID774664	1	1	0	0
1	1	UID774666	1	1	0	0
1	1	UID774670	1	1	0	0
1	1	UID774676	1	1	0	0
1	1	UID774677	1	1	0	0
1	1	UID774684	1	1	0	0
1	1	UID774686	1	1	0	0
1	1	UID774691	1	1	0	0
1	1	UID774696	1	1	0	0
1	1	UID774697	1	1	0	0
1	1	UID774699	1	1	0	0
1	1	UID774717	1	1	0	0
1	1	UID774719	1	1	0	0
1	1	UID774725	1	1	0	0
1	1	UID774734	1	1	0	0
1	1	UID774737	1	1	0	0
1	1	UID774739	1	1	0	0
1	1	UID774743	1	1	0	0
1	1	UID774745	1	1	0	0
1	1	UID774747	1	1	0	0
1	1	UID774749	1	1	0	0
1	1	UID774751	1	1	0	0
1	1	UID774753	1	1	0	0
1	1	UID774754	1	1	0	0
1	1	UID774757	1	1	0	0
1	1	UID774760	1	1	0	0
1	1	UID774762	1	1	0	0
1	1	UID774765	1	1	0	0
1	1	UID774766	1	1	0	0
1	1	UID774795	1	1	0	0
1	1	UID774797	1	1	0	0
1	1	UID774800	1	1	0	0
1	1	UID774801	1	1	0	0
1	1	UID774808	1	1	0	0
1	1	UID774810	1	1	0	0
1	1	UID774815	1	1	0	0
1	1	UID774819	1	1	0	0
1	1	UID774822	1	1	0	0
1	1	UID774832	1	1	0	0
1	1	UID774839	1	1	0	0
1	1	UID774841	1	1	0	0
1	1	UID774850	1	1	0	0
1	1	UID774852	1	1	0	0
1	1	UID774854	1	1	0	0
1	1	UID774861	1	1	0	0
1	1	UID774864	1	1	0	0
1	1	UID774883	1	1	0	0
1	1	UID774885	1	1	0	0
1	1	UID774886	1	1	0	0
1	1	UID774887	1	1	0	0
1	1	UID774888	1	1	0	0
1	1	UID774889	1	1	0	0
1	1	UID774893	1	1	0	0
1	1	UID774894	1	1	0	0
1	1	UID774895	1	1	0	0
1	1	UID774896	1	1	0	0
1	1	UID774897	1	1	0	0
2	2	UID774908	1	2	1	1
1	1	UID774910	1	1	0	0
1	1	UID774911	1	1	0	0
1	1	UID774912	1	1	0	0
1	1	UID774916	1	1	0	0
1	1	UID774921	1	1	0	0
1	1	UID774928	1	1	0	0
1	1	UID774930	1	1	0	0
1	1	UID774932	1	1	0	0
1	1	UID774934	1	1	0	0
1	1	UID774951	1	1	0	0
1	1	UID774955	1	1	0	0
1	1	UID774957	1	1	0	0
1	1	UID774958	1	1	0	0
1	1	UID774970	1	1	0	0
1	1	UID774971	1	1	0	0
1	1	UID774972	1	1	0	0
1	1	UID774973	1	1	0	0
1	1	UID774976	1	1	0	0
1	1	UID774977	1	1	0	0
1	1	UID774978	1	1	0	0
1	1	UID774979	1	1	0	0
1	1	UID774980	1	1	0	0
1	1	UID774981	1	1	0	0
1	1	UID774982	1	1	0	0
1	1	UID774983	1	1	0	0
1	1	UID774985	1	1	0	0
1	1	UID774986	1	1	0	0
1	1	UID774987	1	1	0	0
1	1	UID774988	1	1	0	0
1	1	UID774989	1	1	0	0
1	1	UID774998	1	1	0	0
1	1	UID774999	1	1	0	0
1	1	UID775000	1	1	0	0
1	1	UID775003	1	1	0	0
1	1	UID775004	1	1	0	0
1	1	UID775006	1	1	0	0
1	1	UID775008	1	1	0	0
1	1	UID775016	1	1	0	0
1	1	UID775020	1	1	0	0
1	1	UID775034	1	1	0	0
1	1	UID775037	1	1	0	0
1	1	UID775038	1	1	0	0
1	1	UID775041	1	1	0	0
1	1	UID775044	1	1	0	0
1	1	UID775045	1	1	0	0
1	1	UID775056	1	1	0	0
1	1	UID775057	1	1	0	0
1	1	UID775060	1	1	0	0
1	1	UID775061	1	1	0	0
1	1	UID775063	1	1	0	0
1	1	UID775066	1	1	0	0
1	1	UID775067	1	1	0	0
1	1	UID775068	1	1	0	0
