6450	39254	UID653	17064	4905	5	5
2566	14858	UID152766	7667	1853	5	5
1499	8927	UID1	4630	1011	5	5
1054	4789	UID2	2156	737	4	4
1086	4387	UID292089	2019	736	4	4
658	1922	UID8924	750	487	5	5
205	589	UID310	240	153	3	3
125	308	UID77	139	100	4	4
124	318	UID384	85	101	2	2
58	135	UID117356	57	49	3	3
48	126	UID117264	55	39	2	2
23	80	UID18	55	19	1	1
31	87	UID113018	54	28	2	2
45	115	UID217	46	32	2	2
56	111	UID117272	39	46	2	2
25	66	UID105358	38	20	2	2
51	112	UID1001	35	43	2	2
32	81	UID117278	35	24	2	2
27	69	UID117358	34	23	2	2
17	50	UID72417	31	13	1	1
21	55	UID117453	29	17	2	2
15	42	UID113017	26	12	1	1
19	48	UID736454	26	14	1	1
14	41	UID22	25	10	1	1
17	47	UID553	24	11	2	2
14	40	UID117430	22	11	2	2
20	43	UID117561	21	16	2	2
8	30	UID138	20	4	1	1
12	34	UID29	20	8	1	1
6	24	UID208	18	4	2	2
22	48	UID72	18	15	2	2
43	78	UID1534	17	36	3	3
10	26	UID118104	16	8	1	1
11	25	UID72416	15	10	2	2
9	22	UID292	14	8	1	1
6	20	UID72426	14	4	1	1
17	38	UID8087	14	11	2	2
8	21	UID206	13	6	1	1
9	22	UID282	13	7	1	1
18	36	UID85	13	13	4	4
6	19	UID228	12	3	1	1
5	16	UID180	10	2	2	2
5	14	UID337226	10	4	1	1
3	13	UID394	10	1	1	1
6	17	UID521	10	4	2	2
13	21	UID117762	9	12	2	2
9	18	UID736643	9	7	1	1
13	25	UID207	8	10	1	1
6	13	UID221	8	5	1	1
5	13	UID242	8	3	1	1
10	18	UID607	8	8	2	2
7	13	UID131	7	6	1	1
9	18	UID146	7	7	2	2
5	11	UID149	7	4	1	1
8	14	UID189	7	7	1	1
4	11	UID196	7	2	0	0
6	12	UID3	7	5	2	2
8	14	UID94	7	7	2	2
9	17	UID99	7	6	1	1
9	15	UID1443	6	7	1	1
1	6	UID329	6	0	0	0
2	7	UID374	6	1	1	1
6	14	UID496	6	2	1	1
1	6	UID52064	6	0	0	0
8	15	UID554	6	6	2	2
14	21	UID7454	6	11	2	2
4	9	UID8027	6	3	1	1
6	10	UID113553	5	5	1	1
10	14	UID117662	5	9	2	2
8	13	UID118561	5	6	2	2
8	14	UID122	5	6	1	1
9	14	UID124625	5	7	2	2
5	10	UID157	5	3	2	2
5	10	UID247	5	3	1	1
3	7	UID294	5	2	1	1
3	7	UID33530	5	2	1	1
4	8	UID352	5	3	2	2
5	12	UID609	5	1	1	1
3	7	UID69055	5	2	1	1
4	8	UID734	5	3	1	1
6	10	UID84	5	5	1	1
8	11	UID115	4	7	1	1
6	9	UID117689	4	5	1	1
9	12	UID117898	4	8	2	2
3	6	UID118092	4	2	1	1
1	4	UID119953	4	0	0	0
2	6	UID120104	4	0	1	1
4	9	UID123518	4	1	2	2
3	6	UID135809	4	2	1	1
3	6	UID248	4	2	1	1
1	4	UID299485	4	0	0	0
6	10	UID327	4	4	1	1
2	5	UID337255	4	1	1	1
3	6	UID338353	4	2	1	1
2	5	UID41085	4	1	0	0
4	7	UID497	4	3	2	2
7	12	UID54682	4	5	2	2
4	8	UID558	4	2	1	1
4	7	UID685	4	3	1	1
1	4	UID736878	4	0	0	0
2	5	UID736883	4	1	1	1
1	4	UID736892	4	0	0	0
1	4	UID736894	4	0	0	0
8	13	UID736895	4	6	3	3
1	4	UID736918	4	0	0	0
1	4	UID736975	4	0	0	0
1	4	UID744	4	0	0	0
4	8	UID837	4	2	1	1
3	7	UID954	4	1	1	1
2	4	UID1004	3	1	0	0
10	13	UID108	3	8	2	2
5	7	UID117832	3	4	1	1
3	6	UID118038	3	1	1	1
3	5	UID123511	3	2	1	1
3	5	UID123521	3	2	1	1
2	4	UID124046	3	1	1	1
4	6	UID158	3	3	2	2
3	6	UID173	3	1	1	1
1	3	UID19438	3	0	0	0
5	7	UID194	3	4	1	1
1	3	UID19672	3	0	0	0
2	4	UID201820	3	1	0	0
3	5	UID243304	3	2	1	1
4	6	UID337274	3	3	1	1
3	5	UID375	3	2	1	1
1	3	UID429850	3	0	0	0
4	7	UID48430	3	2	1	1
6	9	UID520	3	4	1	1
2	4	UID522	3	1	0	0
1	3	UID53404	3	0	0	0
3	5	UID560298	3	2	1	1
9	12	UID608	3	7	2	2
5	8	UID704	3	3	1	1
1	3	UID736979	3	0	0	0
1	3	UID736983	3	0	0	0
1	3	UID736985	3	0	0	0
1	3	UID736995	3	0	0	0
1	3	UID736997	3	0	0	0
1	3	UID736999	3	0	0	0
6	8	UID736	3	5	1	1
2	4	UID737000	3	1	1	1
2	4	UID737001	3	1	1	1
1	3	UID737002	3	0	0	0
1	3	UID737003	3	0	0	0
1	3	UID737007	3	0	0	0
1	3	UID737009	3	0	0	0
1	3	UID737013	3	0	0	0
1	3	UID737016	3	0	0	0
1	3	UID737021	3	0	0	0
1	3	UID737024	3	0	0	0
1	3	UID737026	3	0	0	0
3	5	UID737036	3	2	1	1
1	3	UID737040	3	0	0	0
1	3	UID737043	3	0	0	0
1	3	UID737045	3	0	0	0
1	3	UID737046	3	0	0	0
1	3	UID737048	3	0	0	0
1	3	UID737055	3	0	0	0
1	3	UID737058	3	0	0	0
1	3	UID737064	3	0	0	0
1	3	UID737104	3	0	0	0
1	3	UID737112	3	0	0	0
2	4	UID737131	3	1	1	1
4	6	UID737158	3	3	1	1
1	3	UID737201	3	0	0	0
3	5	UID737222	3	2	0	0
1	3	UID737225	3	0	0	0
1	3	UID737226	3	0	0	0
1	3	UID737238	3	0	0	0
1	3	UID737242	3	0	0	0
1	3	UID737245	3	0	0	0
1	3	UID737246	3	0	0	0
1	3	UID737247	3	0	0	0
5	9	UID737255	3	3	1	1
1	3	UID737262	3	0	0	0
1	3	UID737263	3	0	0	0
1	3	UID737265	3	0	0	0
1	3	UID737270	3	0	0	0
1	3	UID737271	3	0	0	0
1	3	UID737275	3	0	0	0
1	3	UID737276	3	0	0	0
1	3	UID737285	3	0	0	0
1	3	UID737287	3	0	0	0
5	7	UID915	3	4	1	1
2	4	UID922	3	1	0	0
4	6	UID1008	2	2	1	1
1	2	UID105049	2	0	0	0
4	5	UID113552	2	3	1	1
2	3	UID1139	2	1	1	1
3	5	UID1142	2	1	1	1
3	4	UID11765	2	2	1	1
2	4	UID117747	2	0	1	1
2	3	UID118555	2	1	1	1
2	3	UID11911	2	1	1	1
2	3	UID123519	2	1	1	1
2	3	UID1327	2	1	1	1
3	4	UID197380	2	2	1	1
6	7	UID199575	2	5	1	1
4	6	UID284	2	2	1	1
3	4	UID337285	2	2	1	1
4	6	UID337299	2	2	2	2
2	3	UID376	2	1	1	1
2	3	UID42670	2	1	1	1
2	3	UID440	2	1	1	1
6	9	UID460	2	3	2	2
3	6	UID5508	2	0	2	2
2	4	UID581	2	0	1	1
1	2	UID65981	2	0	0	0
2	3	UID702	2	1	1	1
1	2	UID737291	2	0	0	0
1	2	UID737315	2	0	0	0
1	2	UID737322	2	0	0	0
1	2	UID737325	2	0	0	0
1	2	UID737328	2	0	0	0
1	2	UID737334	2	0	0	0
1	2	UID737335	2	0	0	0
1	2	UID737347	2	0	0	0
1	2	UID737357	2	0	0	0
1	2	UID737381	2	0	0	0
1	2	UID737396	2	0	0	0
4	6	UID737408	2	2	1	1
4	5	UID737409	2	3	1	1
1	2	UID737426	2	0	0	0
4	5	UID737484	2	3	3	3
1	2	UID737485	2	0	0	0
1	2	UID737486	2	0	0	0
2	3	UID737508	2	1	1	1
2	3	UID737511	2	1	1	1
1	2	UID737522	2	0	0	0
1	2	UID737540	2	0	0	0
1	2	UID737550	2	0	0	0
1	2	UID737570	2	0	0	0
1	2	UID737580	2	0	0	0
1	2	UID737583	2	0	0	0
1	2	UID737585	2	0	0	0
8	9	UID737602	2	7	2	2
1	2	UID737609	2	0	0	0
1	2	UID737613	2	0	0	0
1	2	UID737655	2	0	0	0
1	2	UID737706	2	0	0	0
1	2	UID737795	2	0	0	0
1	2	UID737822	2	0	0	0
2	3	UID737839	2	1	1	1
1	2	UID737845	2	0	0	0
2	3	UID737846	2	1	1	1
1	2	UID737892	2	0	0	0
2	3	UID737911	2	1	1	1
1	2	UID737930	2	0	0	0
1	2	UID737932	2	0	0	0
1	2	UID737981	2	0	0	0
1	2	UID737993	2	0	0	0
2	3	UID738016	2	1	1	1
1	2	UID738033	2	0	0	0
2	3	UID738043	2	1	1	1
1	2	UID738170	2	0	0	0
2	3	UID738192	2	1	1	1
3	4	UID738194	2	2	1	1
2	3	UID738195	2	1	1	1
1	2	UID738213	2	0	0	0
1	2	UID738220	2	0	0	0
1	2	UID738223	2	0	0	0
1	2	UID738262	2	0	0	0
1	2	UID738275	2	0	0	0
1	2	UID738277	2	0	0	0
1	2	UID738298	2	0	0	0
2	3	UID738312	2	1	1	1
1	2	UID738317	2	0	0	0
1	2	UID738326	2	0	0	0
1	2	UID738327	2	0	0	0
1	2	UID738330	2	0	0	0
1	2	UID738345	2	0	0	0
1	2	UID738350	2	0	0	0
2	3	UID738379	2	1	1	1
4	5	UID738401	2	3	3	3
1	2	UID738403	2	0	0	0
1	2	UID738405	2	0	0	0
2	3	UID738409	2	1	1	1
1	2	UID738417	2	0	0	0
1	2	UID738427	2	0	0	0
1	2	UID738429	2	0	0	0
1	2	UID738433	2	0	0	0
1	2	UID738468	2	0	0	0
2	3	UID843	2	1	1	1
8	8	UID118435	1	8	1	1
1	1	UID12036	1	1	0	0
3	3	UID135961	1	3	2	2
1	1	UID1412	1	1	0	0
1	1	UID1423	1	1	0	0
1	1	UID159869	1	1	0	0
1	1	UID197532	1	1	0	0
1	1	UID200	1	1	0	0
1	1	UID215648	1	1	0	0
1	1	UID27087	1	1	0	0
3	3	UID296282	1	3	2	2
5	5	UID343067	1	5	2	2
1	1	UID388606	1	1	0	0
1	1	UID409328	1	1	0	0
1	1	UID469	1	1	0	0
1	1	UID48578	1	1	0	0
3	3	UID5743	1	3	1	1
1	1	UID583511	1	1	0	0
1	1	UID689115	1	1	0	0
1	1	UID7133	1	1	0	0
1	1	UID738474	1	1	0	0
1	1	UID738475	1	1	0	0
1	1	UID738476	1	1	0	0
1	1	UID738477	1	1	0	0
1	1	UID738478	1	1	0	0
1	1	UID738479	1	1	0	0
1	1	UID738480	1	1	0	0
1	1	UID738481	1	1	0	0
1	1	UID738482	1	1	0	0
1	1	UID738483	1	1	0	0
1	1	UID738484	1	1	0	0
1	1	UID738485	1	1	0	0
1	1	UID738486	1	1	0	0
1	1	UID738487	1	1	0	0
1	1	UID738488	1	1	0	0
1	1	UID738489	1	1	0	0
1	1	UID738490	1	1	0	0
1	1	UID738491	1	1	0	0
1	1	UID738492	1	1	0	0
1	1	UID738494	1	1	0	0
1	1	UID738495	1	1	0	0
1	1	UID738496	1	1	0	0
1	1	UID738497	1	1	0	0
1	1	UID738499	1	1	0	0
1	1	UID738501	1	1	0	0
1	1	UID738502	1	1	0	0
1	1	UID738503	1	1	0	0
1	1	UID738504	1	1	0	0
1	1	UID738511	1	1	0	0
1	1	UID738512	1	1	0	0
1	1	UID738533	1	1	0	0
1	1	UID738546	1	1	0	0
1	1	UID738547	1	1	0	0
1	1	UID738548	1	1	0	0
1	1	UID738549	1	1	0	0
1	1	UID738550	1	1	0	0
1	1	UID738551	1	1	0	0
1	1	UID738552	1	1	0	0
1	1	UID738553	1	1	0	0
1	1	UID738554	1	1	0	0
1	1	UID738555	1	1	0	0
1	1	UID738556	1	1	0	0
1	1	UID738557	1	1	0	0
1	1	UID738558	1	1	0	0
1	1	UID738559	1	1	0	0
1	1	UID738560	1	1	0	0
1	1	UID738562	1	1	0	0
1	1	UID738563	1	1	0	0
1	1	UID738565	1	1	0	0
1	1	UID738566	1	1	0	0
1	1	UID738567	1	1	0	0
1	1	UID738573	1	1	0	0
1	1	UID738575	1	1	0	0
1	1	UID738577	1	1	0	0
1	1	UID738578	1	1	0	0
1	1	UID738581	1	1	0	0
1	1	UID738583	1	1	0	0
1	1	UID738598	1	1	0	0
1	1	UID738607	1	1	0	0
1	1	UID738620	1	1	0	0
1	1	UID738621	1	1	0	0
1	1	UID738624	1	1	0	0
1	1	UID738626	1	1	0	0
1	1	UID738627	1	1	0	0
1	1	UID738644	1	1	0	0
1	1	UID738647	1	1	0	0
1	1	UID738648	1	1	0	0
1	1	UID738650	1	1	0	0
1	1	UID738651	1	1	0	0
1	1	UID738655	1	1	0	0
1	1	UID738656	1	1	0	0
1	1	UID738657	1	1	0	0
1	1	UID738663	1	1	0	0
1	1	UID738664	1	1	0	0
1	1	UID738665	1	1	0	0
1	1	UID738666	1	1	0	0
1	1	UID738669	1	1	0	0
1	1	UID738670	1	1	0	0
1	1	UID738673	1	1	0	0
1	1	UID738674	1	1	0	0
1	1	UID738676	1	1	0	0
1	1	UID738677	1	1	0	0
1	1	UID738679	1	1	0	0
1	1	UID738682	1	1	0	0
1	1	UID738683	1	1	0	0
1	1	UID738685	1	1	0	0
1	1	UID738686	1	1	0	0
1	1	UID738687	1	1	0	0
1	1	UID738688	1	1	0	0
1	1	UID738689	1	1	0	0
1	1	UID738693	1	1	0	0
1	1	UID738695	1	1	0	0
1	1	UID738696	1	1	0	0
1	1	UID738697	1	1	0	0
1	1	UID738698	1	1	0	0
1	1	UID738699	1	1	0	0
1	1	UID738701	1	1	0	0
1	1	UID738702	1	1	0	0
1	1	UID738703	1	1	0	0
1	1	UID738704	1	1	0	0
1	1	UID738706	1	1	0	0
1	1	UID738707	1	1	0	0
1	1	UID738711	1	1	0	0
1	1	UID738712	1	1	0	0
1	1	UID738713	1	1	0	0
1	1	UID738714	1	1	0	0
1	1	UID738716	1	1	0	0
1	1	UID738719	1	1	0	0
1	1	UID738721	1	1	0	0
1	1	UID738723	1	1	0	0
1	1	UID738724	1	1	0	0
1	1	UID738725	1	1	0	0
1	1	UID738727	1	1	0	0
1	1	UID738729	1	1	0	0
1	1	UID738731	1	1	0	0
1	1	UID738735	1	1	0	0
1	1	UID738737	1	1	0	0
1	1	UID738738	1	1	0	0
1	1	UID738745	1	1	0	0
1	1	UID738764	1	1	0	0
1	1	UID738783	1	1	0	0
1	1	UID738784	1	1	0	0
1	1	UID738786	1	1	0	0
1	1	UID738787	1	1	0	0
1	1	UID738788	1	1	0	0
1	1	UID738789	1	1	0	0
1	1	UID738794	1	1	0	0
1	1	UID738795	1	1	0	0
1	1	UID738796	1	1	0	0
1	1	UID738798	1	1	0	0
1	1	UID738799	1	1	0	0
1	1	UID738800	1	1	0	0
1	1	UID738802	1	1	0	0
1	1	UID738803	1	1	0	0
1	1	UID738805	1	1	0	0
1	1	UID738807	1	1	0	0
1	1	UID738808	1	1	0	0
1	1	UID738809	1	1	0	0
1	1	UID738814	1	1	0	0
1	1	UID738815	1	1	0	0
1	1	UID738816	1	1	0	0
1	1	UID738818	1	1	0	0
1	1	UID738819	1	1	0	0
1	1	UID738820	1	1	0	0
1	1	UID738822	1	1	0	0
1	1	UID738823	1	1	0	0
1	1	UID738825	1	1	0	0
1	1	UID738826	1	1	0	0
1	1	UID738827	1	1	0	0
1	1	UID738829	1	1	0	0
1	1	UID738831	1	1	0	0
1	1	UID738833	1	1	0	0
1	1	UID738837	1	1	0	0
1	1	UID738838	1	1	0	0
1	1	UID738844	1	1	0	0
1	1	UID738849	1	1	0	0
1	1	UID738859	1	1	0	0
1	1	UID738860	1	1	0	0
1	1	UID738876	1	1	0	0
1	1	UID738881	1	1	0	0
1	1	UID738904	1	1	0	0
1	1	UID738906	1	1	0	0
1	1	UID738907	1	1	0	0
1	1	UID738908	1	1	0	0
1	1	UID738909	1	1	0	0
1	1	UID738910	1	1	0	0
1	1	UID738911	1	1	0	0
1	1	UID738912	1	1	0	0
1	1	UID738913	1	1	0	0
1	1	UID738914	1	1	0	0
1	1	UID738915	1	1	0	0
1	1	UID738916	1	1	0	0
1	1	UID738917	1	1	0	0
1	1	UID738919	1	1	0	0
1	1	UID738920	1	1	0	0
1	1	UID738921	1	1	0	0
1	1	UID738928	1	1	0	0
1	1	UID738929	1	1	0	0
1	1	UID738930	1	1	0	0
1	1	UID738931	1	1	0	0
1	1	UID738932	1	1	0	0
1	1	UID738933	1	1	0	0
1	1	UID738935	1	1	0	0
1	1	UID738936	1	1	0	0
1	1	UID738938	1	1	0	0
1	1	UID738939	1	1	0	0
1	1	UID738940	1	1	0	0
1	1	UID738941	1	1	0	0
1	1	UID738942	1	1	0	0
1	1	UID738946	1	1	0	0
1	1	UID738949	1	1	0	0
1	1	UID738950	1	1	0	0
1	1	UID738954	1	1	0	0
1	1	UID738964	1	1	0	0
1	1	UID738965	1	1	0	0
1	1	UID738966	1	1	0	0
1	1	UID738968	1	1	0	0
1	1	UID738989	1	1	0	0
1	1	UID738990	1	1	0	0
1	1	UID738995	1	1	0	0
1	1	UID739013	1	1	0	0
1	1	UID739016	1	1	0	0
1	1	UID739025	1	1	0	0
1	1	UID739028	1	1	0	0
1	1	UID739030	1	1	0	0
1	1	UID739032	1	1	0	0
1	1	UID739033	1	1	0	0
1	1	UID739036	1	1	0	0
1	1	UID739037	1	1	0	0
1	1	UID739039	1	1	0	0
1	1	UID739047	1	1	0	0
1	1	UID739048	1	1	0	0
1	1	UID739051	1	1	0	0
1	1	UID739052	1	1	0	0
1	1	UID739054	1	1	0	0
1	1	UID739055	1	1	0	0
1	1	UID739056	1	1	0	0
1	1	UID739058	1	1	0	0
1	1	UID739059	1	1	0	0
1	1	UID739060	1	1	0	0
1	1	UID739061	1	1	0	0
1	1	UID739062	1	1	0	0
1	1	UID739063	1	1	0	0
1	1	UID739065	1	1	0	0
1	1	UID739068	1	1	0	0
1	1	UID739072	1	1	0	0
1	1	UID739074	1	1	0	0
1	1	UID739075	1	1	0	0
1	1	UID739092	1	1	0	0
1	1	UID739101	1	1	0	0
1	1	UID739110	1	1	0	0
1	1	UID739118	1	1	0	0
1	1	UID739121	1	1	0	0
1	1	UID739122	1	1	0	0
1	1	UID739123	1	1	0	0
1	1	UID739126	1	1	0	0
1	1	UID739130	1	1	0	0
1	1	UID739131	1	1	0	0
1	1	UID739132	1	1	0	0
1	1	UID739133	1	1	0	0
1	1	UID739134	1	1	0	0
1	1	UID739135	1	1	0	0
1	1	UID739136	1	1	0	0
1	1	UID739137	1	1	0	0
1	1	UID739140	1	1	0	0
1	1	UID739142	1	1	0	0
1	1	UID739144	1	1	0	0
1	1	UID739145	1	1	0	0
1	1	UID739146	1	1	0	0
1	1	UID739149	1	1	0	0
1	1	UID739150	1	1	0	0
1	1	UID739155	1	1	0	0
1	1	UID739156	1	1	0	0
1	1	UID739157	1	1	0	0
1	1	UID739158	1	1	0	0
1	1	UID739159	1	1	0	0
1	1	UID739168	1	1	0	0
1	1	UID739171	1	1	0	0
1	1	UID739184	1	1	0	0
1	1	UID739185	1	1	0	0
1	1	UID739186	1	1	0	0
1	1	UID739187	1	1	0	0
1	1	UID739190	1	1	0	0
1	1	UID739191	1	1	0	0
1	1	UID739192	1	1	0	0
1	1	UID739193	1	1	0	0
1	1	UID739194	1	1	0	0
1	1	UID739195	1	1	0	0
1	1	UID739196	1	1	0	0
1	1	UID739198	1	1	0	0
1	1	UID739203	1	1	0	0
1	1	UID739206	1	1	0	0
1	1	UID739211	1	1	0	0
1	1	UID739213	1	1	0	0
1	1	UID739214	1	1	0	0
1	1	UID739215	1	1	0	0
1	1	UID739217	1	1	0	0
1	1	UID739223	1	1	0	0
1	1	UID739227	1	1	0	0
1	1	UID739228	1	1	0	0
1	1	UID739233	1	1	0	0
1	1	UID739245	1	1	0	0
1	1	UID739255	1	1	0	0
1	1	UID739261	1	1	0	0
1	1	UID739264	1	1	0	0
1	1	UID739279	1	1	0	0
1	1	UID739280	1	1	0	0
1	1	UID739285	1	1	0	0
1	1	UID739286	1	1	0	0
1	1	UID739293	1	1	0	0
1	1	UID739294	1	1	0	0
1	1	UID739295	1	1	0	0
1	1	UID739296	1	1	0	0
1	1	UID739300	1	1	0	0
1	1	UID739301	1	1	0	0
1	1	UID739302	1	1	0	0
1	1	UID739303	1	1	0	0
1	1	UID739304	1	1	0	0
1	1	UID739305	1	1	0	0
1	1	UID739307	1	1	0	0
1	1	UID739308	1	1	0	0
1	1	UID739309	1	1	0	0
1	1	UID739310	1	1	0	0
1	1	UID739311	1	1	0	0
1	1	UID739318	1	1	0	0
1	1	UID739337	1	1	0	0
1	1	UID739344	1	1	0	0
1	1	UID739346	1	1	0	0
1	1	UID739347	1	1	0	0
1	1	UID739358	1	1	0	0
1	1	UID739359	1	1	0	0
1	1	UID739363	1	1	0	0
1	1	UID739364	1	1	0	0
1	1	UID739366	1	1	0	0
1	1	UID739367	1	1	0	0
1	1	UID739368	1	1	0	0
1	1	UID739370	1	1	0	0
1	1	UID739373	1	1	0	0
1	1	UID739381	1	1	0	0
1	1	UID739382	1	1	0	0
1	1	UID739383	1	1	0	0
1	1	UID739385	1	1	0	0
1	1	UID739387	1	1	0	0
1	1	UID739389	1	1	0	0
1	1	UID739390	1	1	0	0
1	1	UID739391	1	1	0	0
1	1	UID739393	1	1	0	0
1	1	UID739399	1	1	0	0
1	1	UID739400	1	1	0	0
1	1	UID739404	1	1	0	0
1	1	UID739405	1	1	0	0
1	1	UID739414	1	1	0	0
1	1	UID739418	1	1	0	0
1	1	UID739441	1	1	0	0
1	1	UID739445	1	1	0	0
1	1	UID739446	1	1	0	0
1	1	UID739447	1	1	0	0
1	1	UID739454	1	1	0	0
1	1	UID739455	1	1	0	0
1	1	UID739456	1	1	0	0
1	1	UID739457	1	1	0	0
1	1	UID739458	1	1	0	0
1	1	UID739459	1	1	0	0
1	1	UID739460	1	1	0	0
1	1	UID739462	1	1	0	0
1	1	UID739465	1	1	0	0
1	1	UID739466	1	1	0	0
1	1	UID739467	1	1	0	0
1	1	UID739468	1	1	0	0
1	1	UID739469	1	1	0	0
1	1	UID739470	1	1	0	0
1	1	UID739471	1	1	0	0
1	1	UID739472	1	1	0	0
1	1	UID739473	1	1	0	0
1	1	UID739474	1	1	0	0
1	1	UID739483	1	1	0	0
1	1	UID739486	1	1	0	0
1	1	UID739487	1	1	0	0
1	1	UID739489	1	1	0	0
1	1	UID739490	1	1	0	0
1	1	UID739492	1	1	0	0
1	1	UID739494	1	1	0	0
1	1	UID739503	1	1	0	0
1	1	UID739504	1	1	0	0
1	1	UID739505	1	1	0	0
1	1	UID739507	1	1	0	0
1	1	UID739508	1	1	0	0
1	1	UID739509	1	1	0	0
1	1	UID739510	1	1	0	0
1	1	UID739512	1	1	0	0
1	1	UID739515	1	1	0	0
1	1	UID739516	1	1	0	0
1	1	UID739517	1	1	0	0
1	1	UID739518	1	1	0	0
1	1	UID739520	1	1	0	0
1	1	UID739522	1	1	0	0
1	1	UID739523	1	1	0	0
1	1	UID739525	1	1	0	0
1	1	UID739526	1	1	0	0
1	1	UID739528	1	1	0	0
1	1	UID739530	1	1	0	0
1	1	UID739531	1	1	0	0
1	1	UID739532	1	1	0	0
1	1	UID739533	1	1	0	0
1	1	UID739534	1	1	0	0
1	1	UID739537	1	1	0	0
1	1	UID739538	1	1	0	0
1	1	UID739541	1	1	0	0
1	1	UID739551	1	1	0	0
1	1	UID739554	1	1	0	0
1	1	UID739555	1	1	0	0
1	1	UID739561	1	1	0	0
1	1	UID739563	1	1	0	0
1	1	UID739564	1	1	0	0
1	1	UID739565	1	1	0	0
1	1	UID739571	1	1	0	0
1	1	UID739572	1	1	0	0
3	3	UID739581	1	3	2	2
1	1	UID739585	1	1	0	0
1	1	UID739594	1	1	0	0
1	1	UID739607	1	1	0	0
1	1	UID739610	1	1	0	0
1	1	UID739611	1	1	0	0
1	1	UID739613	1	1	0	0
1	1	UID739616	1	1	0	0
1	1	UID739623	1	1	0	0
1	1	UID739624	1	1	0	0
1	1	UID739625	1	1	0	0
1	1	UID739636	1	1	0	0
1	1	UID739642	1	1	0	0
1	1	UID739643	1	1	0	0
1	1	UID739654	1	1	0	0
1	1	UID739657	1	1	0	0
1	1	UID739658	1	1	0	0
1	1	UID739659	1	1	0	0
1	1	UID739660	1	1	0	0
1	1	UID739662	1	1	0	0
1	1	UID739663	1	1	0	0
1	1	UID739664	1	1	0	0
1	1	UID739665	1	1	0	0
1	1	UID739670	1	1	0	0
1	1	UID739671	1	1	0	0
1	1	UID739673	1	1	0	0
1	1	UID739682	1	1	0	0
1	1	UID739686	1	1	0	0
1	1	UID739693	1	1	0	0
1	1	UID739700	1	1	0	0
1	1	UID739714	1	1	0	0
1	1	UID739716	1	1	0	0
2	2	UID739727	1	2	1	1
1	1	UID739732	1	1	0	0
1	1	UID739734	1	1	0	0
1	1	UID739737	1	1	0	0
1	1	UID739739	1	1	0	0
1	1	UID739740	1	1	0	0
1	1	UID739743	1	1	0	0
1	1	UID739747	1	1	0	0
1	1	UID739749	1	1	0	0
1	1	UID739750	1	1	0	0
1	1	UID739756	1	1	0	0
1	1	UID739757	1	1	0	0
1	1	UID739758	1	1	0	0
1	1	UID739767	1	1	0	0
1	1	UID739771	1	1	0	0
1	1	UID739791	1	1	0	0
1	1	UID739803	1	1	0	0
1	1	UID739807	1	1	0	0
1	1	UID739813	1	1	0	0
1	1	UID739814	1	1	0	0
1	1	UID739815	1	1	0	0
1	1	UID739816	1	1	0	0
1	1	UID739817	1	1	0	0
1	1	UID739818	1	1	0	0
1	1	UID739825	1	1	0	0
1	1	UID739826	1	1	0	0
1	1	UID739830	1	1	0	0
1	1	UID739831	1	1	0	0
1	1	UID739832	1	1	0	0
1	1	UID739836	1	1	0	0
1	1	UID739839	1	1	0	0
1	1	UID739840	1	1	0	0
1	1	UID739869	1	1	0	0
1	1	UID739872	1	1	0	0
1	1	UID739874	1	1	0	0
1	1	UID739875	1	1	0	0
1	1	UID739876	1	1	0	0
1	1	UID739882	1	1	0	0
1	1	UID739883	1	1	0	0
1	1	UID739885	1	1	0	0
1	1	UID739886	1	1	0	0
1	1	UID739892	1	1	0	0
1	1	UID739895	1	1	0	0
1	1	UID739902	1	1	0	0
1	1	UID739905	1	1	0	0
1	1	UID739919	1	1	0	0
1	1	UID739932	1	1	0	0
1	1	UID739938	1	1	0	0
1	1	UID739939	1	1	0	0
1	1	UID739941	1	1	0	0
1	1	UID739944	1	1	0	0
1	1	UID739951	1	1	0	0
1	1	UID739952	1	1	0	0
1	1	UID739953	1	1	0	0
1	1	UID739956	1	1	0	0
1	1	UID739957	1	1	0	0
1	1	UID739959	1	1	0	0
1	1	UID739960	1	1	0	0
1	1	UID739961	1	1	0	0
1	1	UID739962	1	1	0	0
1	1	UID739970	1	1	0	0
1	1	UID739971	1	1	0	0
1	1	UID739972	1	1	0	0
1	1	UID739980	1	1	0	0
1	1	UID739981	1	1	0	0
1	1	UID739986	1	1	0	0
1	1	UID739987	1	1	0	0
1	1	UID739988	1	1	0	0
1	1	UID739991	1	1	0	0
1	1	UID739995	1	1	0	0
1	1	UID739999	1	1	0	0
1	1	UID740002	1	1	0	0
1	1	UID740003	1	1	0	0
1	1	UID740006	1	1	0	0
1	1	UID740008	1	1	0	0
1	1	UID740010	1	1	0	0
1	1	UID740015	1	1	0	0
1	1	UID740033	1	1	0	0
1	1	UID740034	1	1	0	0
1	1	UID740037	1	1	0	0
1	1	UID740045	1	1	0	0
1	1	UID740047	1	1	0	0
1	1	UID740048	1	1	0	0
1	1	UID740049	1	1	0	0
1	1	UID740050	1	1	0	0
1	1	UID740054	1	1	0	0
1	1	UID740055	1	1	0	0
1	1	UID740056	1	1	0	0
1	1	UID740058	1	1	0	0
1	1	UID740060	1	1	0	0
1	1	UID740061	1	1	0	0
1	1	UID740067	1	1	0	0
1	1	UID740068	1	1	0	0
1	1	UID740069	1	1	0	0
1	1	UID740070	1	1	0	0
1	1	UID740071	1	1	0	0
1	1	UID740078	1	1	0	0
1	1	UID740081	1	1	0	0
1	1	UID740082	1	1	0	0
1	1	UID740083	1	1	0	0
1	1	UID740085	1	1	0	0
1	1	UID740087	1	1	0	0
1	1	UID740088	1	1	0	0
1	1	UID740089	1	1	0	0
1	1	UID740097	1	1	0	0
1	1	UID740099	1	1	0	0
1	1	UID740100	1	1	0	0
1	1	UID740101	1	1	0	0
1	1	UID740109	1	1	0	0
1	1	UID740110	1	1	0	0
1	1	UID740112	1	1	0	0
1	1	UID740113	1	1	0	0
1	1	UID740114	1	1	0	0
1	1	UID740117	1	1	0	0
1	1	UID740119	1	1	0	0
1	1	UID740123	1	1	0	0
1	1	UID740125	1	1	0	0
1	1	UID740130	1	1	0	0
1	1	UID740144	1	1	0	0
1	1	UID740145	1	1	0	0
1	1	UID740153	1	1	0	0
1	1	UID740156	1	1	0	0
1	1	UID740157	1	1	0	0
1	1	UID740160	1	1	0	0
1	1	UID740166	1	1	0	0
1	1	UID740168	1	1	0	0
1	1	UID740174	1	1	0	0
1	1	UID740177	1	1	0	0
1	1	UID740182	1	1	0	0
1	1	UID740187	1	1	0	0
1	1	UID740188	1	1	0	0
1	1	UID740191	1	1	0	0
1	1	UID740198	1	1	0	0
1	1	UID740204	1	1	0	0
1	1	UID740208	1	1	0	0
1	1	UID740209	1	1	0	0
1	1	UID740217	1	1	0	0
1	1	UID740219	1	1	0	0
1	1	UID740220	1	1	0	0
1	1	UID740223	1	1	0	0
1	1	UID740225	1	1	0	0
1	1	UID740229	1	1	0	0
1	1	UID740233	1	1	0	0
1	1	UID740234	1	1	0	0
1	1	UID740235	1	1	0	0
1	1	UID740238	1	1	0	0
1	1	UID740239	1	1	0	0
1	1	UID740242	1	1	0	0
1	1	UID740246	1	1	0	0
1	1	UID740247	1	1	0	0
1	1	UID740249	1	1	0	0
1	1	UID740258	1	1	0	0
1	1	UID740259	1	1	0	0
1	1	UID740261	1	1	0	0
1	1	UID740262	1	1	0	0
1	1	UID740264	1	1	0	0
1	1	UID740267	1	1	0	0
1	1	UID740268	1	1	0	0
1	1	UID740269	1	1	0	0
1	1	UID740273	1	1	0	0
1	1	UID740275	1	1	0	0
1	1	UID740278	1	1	0	0
1	1	UID740279	1	1	0	0
1	1	UID740282	1	1	0	0
1	1	UID740283	1	1	0	0
1	1	UID740284	1	1	0	0
1	1	UID740285	1	1	0	0
1	1	UID740286	1	1	0	0
1	1	UID740289	1	1	0	0
1	1	UID740290	1	1	0	0
1	1	UID740291	1	1	0	0
1	1	UID740296	1	1	0	0
1	1	UID740297	1	1	0	0
1	1	UID740298	1	1	0	0
1	1	UID740299	1	1	0	0
1	1	UID740304	1	1	0	0
1	1	UID740305	1	1	0	0
1	1	UID740306	1	1	0	0
1	1	UID740307	1	1	0	0
1	1	UID740309	1	1	0	0
1	1	UID740315	1	1	0	0
1	1	UID740316	1	1	0	0
1	1	UID740319	1	1	0	0
1	1	UID740320	1	1	0	0
1	1	UID740322	1	1	0	0
1	1	UID740323	1	1	0	0
1	1	UID740324	1	1	0	0
1	1	UID740326	1	1	0	0
1	1	UID740327	1	1	0	0
1	1	UID740328	1	1	0	0
1	1	UID740332	1	1	0	0
1	1	UID740365	1	1	0	0
1	1	UID740367	1	1	0	0
1	1	UID740485	1	1	0	0
1	1	UID740493	1	1	0	0
1	1	UID740497	1	1	0	0
1	1	UID740498	1	1	0	0
1	1	UID740514	1	1	0	0
1	1	UID740522	1	1	0	0
1	1	UID740529	1	1	0	0
1	1	UID740536	1	1	0	0
1	1	UID740546	1	1	0	0
1	1	UID740549	1	1	0	0
1	1	UID740552	1	1	0	0
1	1	UID740558	1	1	0	0
1	1	UID740559	1	1	0	0
1	1	UID740562	1	1	0	0
1	1	UID740563	1	1	0	0
1	1	UID740566	1	1	0	0
1	1	UID740570	1	1	0	0
1	1	UID740573	1	1	0	0
1	1	UID740574	1	1	0	0
1	1	UID740575	1	1	0	0
1	1	UID740576	1	1	0	0
1	1	UID740580	1	1	0	0
1	1	UID740582	1	1	0	0
1	1	UID740585	1	1	0	0
1	1	UID740587	1	1	0	0
1	1	UID740588	1	1	0	0
1	1	UID740589	1	1	0	0
1	1	UID740594	1	1	0	0
1	1	UID740595	1	1	0	0
1	1	UID740599	1	1	0	0
1	1	UID740605	1	1	0	0
1	1	UID740606	1	1	0	0
1	1	UID740608	1	1	0	0
1	1	UID740609	1	1	0	0
1	1	UID740610	1	1	0	0
1	1	UID740611	1	1	0	0
1	1	UID740614	1	1	0	0
1	1	UID740617	1	1	0	0
1	1	UID740618	1	1	0	0
1	1	UID740620	1	1	0	0
1	1	UID740621	1	1	0	0
1	1	UID740623	1	1	0	0
1	1	UID740624	1	1	0	0
1	1	UID740625	1	1	0	0
1	1	UID740630	1	1	0	0
1	1	UID740631	1	1	0	0
1	1	UID740632	1	1	0	0
1	1	UID740634	1	1	0	0
1	1	UID740639	1	1	0	0
1	1	UID740640	1	1	0	0
1	1	UID740641	1	1	0	0
1	1	UID740642	1	1	0	0
1	1	UID740643	1	1	0	0
1	1	UID740646	1	1	0	0
1	1	UID740647	1	1	0	0
1	1	UID740654	1	1	0	0
1	1	UID740655	1	1	0	0
1	1	UID740660	1	1	0	0
1	1	UID740666	1	1	0	0
1	1	UID740667	1	1	0	0
1	1	UID740672	1	1	0	0
1	1	UID740681	1	1	0	0
1	1	UID740690	1	1	0	0
1	1	UID740691	1	1	0	0
1	1	UID740696	1	1	0	0
1	1	UID740697	1	1	0	0
1	1	UID740701	1	1	0	0
1	1	UID740702	1	1	0	0
1	1	UID740704	1	1	0	0
1	1	UID740711	1	1	0	0
1	1	UID740713	1	1	0	0
1	1	UID740714	1	1	0	0
1	1	UID740722	1	1	0	0
1	1	UID740724	1	1	0	0
1	1	UID740730	1	1	0	0
1	1	UID740731	1	1	0	0
1	1	UID740733	1	1	0	0
1	1	UID740734	1	1	0	0
1	1	UID740740	1	1	0	0
1	1	UID740743	1	1	0	0
1	1	UID740748	1	1	0	0
1	1	UID740751	1	1	0	0
1	1	UID740753	1	1	0	0
1	1	UID740756	1	1	0	0
1	1	UID740763	1	1	0	0
1	1	UID740764	1	1	0	0
1	1	UID740768	1	1	0	0
1	1	UID740769	1	1	0	0
1	1	UID740771	1	1	0	0
1	1	UID740772	1	1	0	0
1	1	UID740776	1	1	0	0
1	1	UID740778	1	1	0	0
1	1	UID740781	1	1	0	0
1	1	UID740786	1	1	0	0
1	1	UID740790	1	1	0	0
1	1	UID740795	1	1	0	0
1	1	UID740798	1	1	0	0
1	1	UID740804	1	1	0	0
1	1	UID740807	1	1	0	0
1	1	UID740809	1	1	0	0
1	1	UID740813	1	1	0	0
1	1	UID740814	1	1	0	0
1	1	UID740817	1	1	0	0
1	1	UID740819	1	1	0	0
1	1	UID740820	1	1	0	0
1	1	UID740824	1	1	0	0
1	1	UID740825	1	1	0	0
1	1	UID740828	1	1	0	0
1	1	UID740838	1	1	0	0
1	1	UID740846	1	1	0	0
1	1	UID740848	1	1	0	0
1	1	UID740849	1	1	0	0
1	1	UID740850	1	1	0	0
1	1	UID740851	1	1	0	0
1	1	UID740852	1	1	0	0
1	1	UID740853	1	1	0	0
1	1	UID740856	1	1	0	0
1	1	UID740860	1	1	0	0
1	1	UID740869	1	1	0	0
1	1	UID740874	1	1	0	0
1	1	UID740878	1	1	0	0
1	1	UID740898	1	1	0	0
1	1	UID740899	1	1	0	0
1	1	UID740900	1	1	0	0
1	1	UID740902	1	1	0	0
1	1	UID740903	1	1	0	0
1	1	UID740904	1	1	0	0
1	1	UID740905	1	1	0	0
1	1	UID740907	1	1	0	0
1	1	UID740908	1	1	0	0
1	1	UID740909	1	1	0	0
1	1	UID740910	1	1	0	0
1	1	UID740917	1	1	0	0
1	1	UID740921	1	1	0	0
1	1	UID740928	1	1	0	0
1	1	UID740934	1	1	0	0
1	1	UID740935	1	1	0	0
1	1	UID740939	1	1	0	0
1	1	UID740948	1	1	0	0
1	1	UID740951	1	1	0	0
1	1	UID740958	1	1	0	0
1	1	UID740965	1	1	0	0
1	1	UID740968	1	1	0	0
1	1	UID740970	1	1	0	0
1	1	UID740972	1	1	0	0
1	1	UID740981	1	1	0	0
1	1	UID740984	1	1	0	0
1	1	UID740985	1	1	0	0
1	1	UID740999	1	1	0	0
1	1	UID741002	1	1	0	0
1	1	UID741003	1	1	0	0
1	1	UID741004	1	1	0	0
1	1	UID741007	1	1	0	0
1	1	UID741015	1	1	0	0
1	1	UID741027	1	1	0	0
1	1	UID741037	1	1	0	0
1	1	UID741060	1	1	0	0
1	1	UID741061	1	1	0	0
1	1	UID741063	1	1	0	0
1	1	UID741064	1	1	0	0
1	1	UID741066	1	1	0	0
1	1	UID741067	1	1	0	0
1	1	UID741070	1	1	0	0
1	1	UID741085	1	1	0	0
1	1	UID741092	1	1	0	0
1	1	UID741095	1	1	0	0
1	1	UID741098	1	1	0	0
1	1	UID741099	1	1	0	0
1	1	UID741102	1	1	0	0
1	1	UID741112	1	1	0	0
1	1	UID741113	1	1	0	0
1	1	UID741116	1	1	0	0
1	1	UID741117	1	1	0	0
1	1	UID741118	1	1	0	0
1	1	UID741119	1	1	0	0
1	1	UID741120	1	1	0	0
1	1	UID741122	1	1	0	0
1	1	UID741124	1	1	0	0
1	1	UID741126	1	1	0	0
1	1	UID741127	1	1	0	0
1	1	UID741128	1	1	0	0
1	1	UID741129	1	1	0	0
1	1	UID741130	1	1	0	0
1	1	UID741131	1	1	0	0
1	1	UID741132	1	1	0	0
1	1	UID741135	1	1	0	0
1	1	UID741136	1	1	0	0
1	1	UID741138	1	1	0	0
1	1	UID741139	1	1	0	0
1	1	UID741140	1	1	0	0
1	1	UID741141	1	1	0	0
1	1	UID741154	1	1	0	0
1	1	UID741160	1	1	0	0
1	1	UID741162	1	1	0	0
1	1	UID741163	1	1	0	0
1	1	UID741164	1	1	0	0
1	1	UID741166	1	1	0	0
1	1	UID741167	1	1	0	0
1	1	UID741169	1	1	0	0
1	1	UID741170	1	1	0	0
1	1	UID741178	1	1	0	0
1	1	UID741183	1	1	0	0
1	1	UID741184	1	1	0	0
1	1	UID741192	1	1	0	0
1	1	UID741197	1	1	0	0
1	1	UID741200	1	1	0	0
1	1	UID741201	1	1	0	0
1	1	UID741202	1	1	0	0
1	1	UID741203	1	1	0	0
1	1	UID741204	1	1	0	0
1	1	UID741205	1	1	0	0
1	1	UID741207	1	1	0	0
1	1	UID741230	1	1	0	0
1	1	UID741237	1	1	0	0
1	1	UID741241	1	1	0	0
1	1	UID741248	1	1	0	0
1	1	UID741250	1	1	0	0
1	1	UID741253	1	1	0	0
1	1	UID741258	1	1	0	0
1	1	UID741270	1	1	0	0
1	1	UID741272	1	1	0	0
1	1	UID741273	1	1	0	0
1	1	UID741274	1	1	0	0
1	1	UID741275	1	1	0	0
1	1	UID741276	1	1	0	0
1	1	UID741278	1	1	0	0
1	1	UID741281	1	1	0	0
1	1	UID741282	1	1	0	0
1	1	UID741283	1	1	0	0
1	1	UID741284	1	1	0	0
1	1	UID741285	1	1	0	0
1	1	UID741298	1	1	0	0
1	1	UID741300	1	1	0	0
1	1	UID741302	1	1	0	0
1	1	UID741303	1	1	0	0
1	1	UID741304	1	1	0	0
1	1	UID741308	1	1	0	0
1	1	UID741309	1	1	0	0
1	1	UID741311	1	1	0	0
1	1	UID741314	1	1	0	0
1	1	UID741315	1	1	0	0
1	1	UID741317	1	1	0	0
1	1	UID741318	1	1	0	0
1	1	UID741319	1	1	0	0
1	1	UID741320	1	1	0	0
1	1	UID741343	1	1	0	0
1	1	UID741351	1	1	0	0
1	1	UID741353	1	1	0	0
1	1	UID741366	1	1	0	0
1	1	UID741378	1	1	0	0
1	1	UID741379	1	1	0	0
1	1	UID741380	1	1	0	0
1	1	UID741381	1	1	0	0
1	1	UID741383	1	1	0	0
1	1	UID741384	1	1	0	0
1	1	UID741386	1	1	0	0
1	1	UID741389	1	1	0	0
1	1	UID741390	1	1	0	0
1	1	UID741391	1	1	0	0
1	1	UID741392	1	1	0	0
1	1	UID741393	1	1	0	0
1	1	UID741394	1	1	0	0
1	1	UID741395	1	1	0	0
1	1	UID741396	1	1	0	0
1	1	UID741397	1	1	0	0
1	1	UID741398	1	1	0	0
1	1	UID741399	1	1	0	0
1	1	UID741410	1	1	0	0
1	1	UID741421	1	1	0	0
1	1	UID741424	1	1	0	0
1	1	UID741428	1	1	0	0
1	1	UID741429	1	1	0	0
1	1	UID741430	1	1	0	0
1	1	UID741431	1	1	0	0
1	1	UID741433	1	1	0	0
1	1	UID741434	1	1	0	0
1	1	UID741442	1	1	0	0
1	1	UID741445	1	1	0	0
1	1	UID741446	1	1	0	0
1	1	UID741450	1	1	0	0
1	1	UID741451	1	1	0	0
1	1	UID741453	1	1	0	0
1	1	UID741454	1	1	0	0
1	1	UID741455	1	1	0	0
1	1	UID741461	1	1	0	0
1	1	UID741462	1	1	0	0
1	1	UID741465	1	1	0	0
1	1	UID741472	1	1	0	0
1	1	UID741473	1	1	0	0
1	1	UID741474	1	1	0	0
1	1	UID741475	1	1	0	0
1	1	UID741476	1	1	0	0
1	1	UID741488	1	1	0	0
1	1	UID741493	1	1	0	0
1	1	UID741504	1	1	0	0
1	1	UID741507	1	1	0	0
1	1	UID741509	1	1	0	0
1	1	UID741519	1	1	0	0
1	1	UID741530	1	1	0	0
1	1	UID741531	1	1	0	0
1	1	UID741536	1	1	0	0
1	1	UID741556	1	1	0	0
1	1	UID741571	1	1	0	0
1	1	UID741574	1	1	0	0
1	1	UID741575	1	1	0	0
1	1	UID741577	1	1	0	0
1	1	UID741578	1	1	0	0
1	1	UID741579	1	1	0	0
1	1	UID741580	1	1	0	0
1	1	UID741584	1	1	0	0
1	1	UID741592	1	1	0	0
1	1	UID741594	1	1	0	0
1	1	UID741600	1	1	0	0
1	1	UID741603	1	1	0	0
1	1	UID741604	1	1	0	0
1	1	UID741607	1	1	0	0
1	1	UID741608	1	1	0	0
1	1	UID741609	1	1	0	0
1	1	UID741614	1	1	0	0
1	1	UID741615	1	1	0	0
1	1	UID741620	1	1	0	0
1	1	UID741623	1	1	0	0
1	1	UID741626	1	1	0	0
1	1	UID741627	1	1	0	0
1	1	UID741635	1	1	0	0
1	1	UID741638	1	1	0	0
1	1	UID741639	1	1	0	0
1	1	UID741643	1	1	0	0
1	1	UID741646	1	1	0	0
1	1	UID741648	1	1	0	0
1	1	UID741649	1	1	0	0
1	1	UID741662	1	1	0	0
1	1	UID741663	1	1	0	0
1	1	UID741664	1	1	0	0
1	1	UID741665	1	1	0	0
1	1	UID741666	1	1	0	0
1	1	UID741669	1	1	0	0
1	1	UID741670	1	1	0	0
1	1	UID741692	1	1	0	0
1	1	UID741694	1	1	0	0
1	1	UID741708	1	1	0	0
1	1	UID741709	1	1	0	0
1	1	UID741710	1	1	0	0
1	1	UID741711	1	1	0	0
1	1	UID741712	1	1	0	0
1	1	UID741714	1	1	0	0
1	1	UID741720	1	1	0	0
1	1	UID741721	1	1	0	0
1	1	UID741726	1	1	0	0
1	1	UID741727	1	1	0	0
1	1	UID741728	1	1	0	0
1	1	UID741729	1	1	0	0
1	1	UID741730	1	1	0	0
1	1	UID741735	1	1	0	0
1	1	UID741758	1	1	0	0
1	1	UID741760	1	1	0	0
1	1	UID741761	1	1	0	0
1	1	UID741763	1	1	0	0
1	1	UID741766	1	1	0	0
1	1	UID741768	1	1	0	0
1	1	UID741776	1	1	0	0
1	1	UID741777	1	1	0	0
1	1	UID741778	1	1	0	0
1	1	UID741782	1	1	0	0
1	1	UID741783	1	1	0	0
1	1	UID741787	1	1	0	0
1	1	UID741788	1	1	0	0
1	1	UID741789	1	1	0	0
1	1	UID741791	1	1	0	0
1	1	UID741795	1	1	0	0
1	1	UID741824	1	1	0	0
1	1	UID741829	1	1	0	0
1	1	UID741835	1	1	0	0
1	1	UID741841	1	1	0	0
1	1	UID741842	1	1	0	0
1	1	UID741845	1	1	0	0
1	1	UID741846	1	1	0	0
1	1	UID741847	1	1	0	0
1	1	UID741853	1	1	0	0
1	1	UID741865	1	1	0	0
1	1	UID741869	1	1	0	0
1	1	UID741872	1	1	0	0
1	1	UID741879	1	1	0	0
1	1	UID741882	1	1	0	0
1	1	UID741887	1	1	0	0
1	1	UID741890	1	1	0	0
1	1	UID741899	1	1	0	0
1	1	UID741901	1	1	0	0
1	1	UID741914	1	1	0	0
1	1	UID741915	1	1	0	0
1	1	UID741924	1	1	0	0
1	1	UID741926	1	1	0	0
1	1	UID741928	1	1	0	0
1	1	UID741929	1	1	0	0
1	1	UID741935	1	1	0	0
1	1	UID741937	1	1	0	0
1	1	UID741938	1	1	0	0
1	1	UID741939	1	1	0	0
1	1	UID741947	1	1	0	0
1	1	UID741948	1	1	0	0
1	1	UID741950	1	1	0	0
1	1	UID741951	1	1	0	0
1	1	UID741956	1	1	0	0
1	1	UID741967	1	1	0	0
1	1	UID741971	1	1	0	0
1	1	UID741978	1	1	0	0
1	1	UID741979	1	1	0	0
1	1	UID741982	1	1	0	0
1	1	UID741985	1	1	0	0
1	1	UID741986	1	1	0	0
1	1	UID741992	1	1	0	0
1	1	UID742004	1	1	0	0
1	1	UID742007	1	1	0	0
1	1	UID742010	1	1	0	0
1	1	UID742027	1	1	0	0
1	1	UID742030	1	1	0	0
1	1	UID742034	1	1	0	0
1	1	UID742036	1	1	0	0
1	1	UID742038	1	1	0	0
1	1	UID742039	1	1	0	0
1	1	UID742045	1	1	0	0
1	1	UID742057	1	1	0	0
1	1	UID742065	1	1	0	0
1	1	UID742066	1	1	0	0
1	1	UID742077	1	1	0	0
1	1	UID742087	1	1	0	0
1	1	UID742092	1	1	0	0
1	1	UID742102	1	1	0	0
1	1	UID742116	1	1	0	0
1	1	UID742117	1	1	0	0
1	1	UID742122	1	1	0	0
1	1	UID742123	1	1	0	0
1	1	UID742125	1	1	0	0
1	1	UID742127	1	1	0	0
1	1	UID742134	1	1	0	0
1	1	UID742135	1	1	0	0
1	1	UID742138	1	1	0	0
1	1	UID742143	1	1	0	0
1	1	UID742144	1	1	0	0
1	1	UID742145	1	1	0	0
1	1	UID742160	1	1	0	0
1	1	UID742168	1	1	0	0
1	1	UID742169	1	1	0	0
1	1	UID742181	1	1	0	0
1	1	UID742182	1	1	0	0
1	1	UID742184	1	1	0	0
1	1	UID742203	1	1	0	0
1	1	UID742217	1	1	0	0
1	1	UID742221	1	1	0	0
1	1	UID742224	1	1	0	0
1	1	UID742225	1	1	0	0
1	1	UID742234	1	1	0	0
1	1	UID742238	1	1	0	0
1	1	UID742240	1	1	0	0
1	1	UID742249	1	1	0	0
1	1	UID742254	1	1	0	0
1	1	UID742257	1	1	0	0
1	1	UID742262	1	1	0	0
1	1	UID742268	1	1	0	0
1	1	UID742269	1	1	0	0
1	1	UID742271	1	1	0	0
1	1	UID742272	1	1	0	0
1	1	UID742274	1	1	0	0
1	1	UID742281	1	1	0	0
1	1	UID742282	1	1	0	0
1	1	UID742284	1	1	0	0
1	1	UID742286	1	1	0	0
1	1	UID742294	1	1	0	0
1	1	UID742296	1	1	0	0
1	1	UID742306	1	1	0	0
1	1	UID742317	1	1	0	0
1	1	UID742318	1	1	0	0
1	1	UID742322	1	1	0	0
1	1	UID742323	1	1	0	0
1	1	UID742324	1	1	0	0
1	1	UID742325	1	1	0	0
1	1	UID742327	1	1	0	0
1	1	UID742357	1	1	0	0
1	1	UID742359	1	1	0	0
1	1	UID742365	1	1	0	0
1	1	UID742368	1	1	0	0
1	1	UID742371	1	1	0	0
1	1	UID742377	1	1	0	0
1	1	UID742378	1	1	0	0
1	1	UID742385	1	1	0	0
1	1	UID742387	1	1	0	0
1	1	UID742392	1	1	0	0
1	1	UID742393	1	1	0	0
1	1	UID742394	1	1	0	0
1	1	UID742396	1	1	0	0
1	1	UID742397	1	1	0	0
1	1	UID742402	1	1	0	0
1	1	UID742411	1	1	0	0
1	1	UID742413	1	1	0	0
1	1	UID742414	1	1	0	0
1	1	UID742415	1	1	0	0
1	1	UID742416	1	1	0	0
1	1	UID742417	1	1	0	0
1	1	UID742418	1	1	0	0
1	1	UID742420	1	1	0	0
1	1	UID742421	1	1	0	0
1	1	UID742422	1	1	0	0
1	1	UID742424	1	1	0	0
1	1	UID742425	1	1	0	0
1	1	UID742426	1	1	0	0
1	1	UID742429	1	1	0	0
1	1	UID742430	1	1	0	0
1	1	UID742431	1	1	0	0
1	1	UID742436	1	1	0	0
1	1	UID742437	1	1	0	0
1	1	UID742438	1	1	0	0
1	1	UID742439	1	1	0	0
1	1	UID742440	1	1	0	0
1	1	UID742441	1	1	0	0
1	1	UID742443	1	1	0	0
1	1	UID742446	1	1	0	0
1	1	UID742449	1	1	0	0
1	1	UID742450	1	1	0	0
1	1	UID742457	1	1	0	0
1	1	UID742470	1	1	0	0
1	1	UID742472	1	1	0	0
1	1	UID742473	1	1	0	0
1	1	UID742474	1	1	0	0
1	1	UID742476	1	1	0	0
1	1	UID742487	1	1	0	0
1	1	UID742489	1	1	0	0
1	1	UID742490	1	1	0	0
1	1	UID742491	1	1	0	0
1	1	UID742499	1	1	0	0
1	1	UID742500	1	1	0	0
1	1	UID742505	1	1	0	0
1	1	UID742514	1	1	0	0
1	1	UID742515	1	1	0	0
1	1	UID742517	1	1	0	0
1	1	UID742527	1	1	0	0
1	1	UID742544	1	1	0	0
1	1	UID742545	1	1	0	0
1	1	UID742570	1	1	0	0
1	1	UID742574	1	1	0	0
1	1	UID742575	1	1	0	0
1	1	UID742582	1	1	0	0
1	1	UID742584	1	1	0	0
1	1	UID742585	1	1	0	0
1	1	UID742588	1	1	0	0
1	1	UID742590	1	1	0	0
1	1	UID742601	1	1	0	0
1	1	UID742603	1	1	0	0
1	1	UID742609	1	1	0	0
1	1	UID742626	1	1	0	0
1	1	UID742627	1	1	0	0
1	1	UID742628	1	1	0	0
1	1	UID742629	1	1	0	0
1	1	UID742630	1	1	0	0
1	1	UID742632	1	1	0	0
1	1	UID742637	1	1	0	0
1	1	UID742641	1	1	0	0
1	1	UID742680	1	1	0	0
1	1	UID742681	1	1	0	0
1	1	UID742697	1	1	0	0
1	1	UID742709	1	1	0	0
1	1	UID742783	1	1	0	0
1	1	UID742933	1	1	0	0
1	1	UID742951	1	1	0	0
1	1	UID742959	1	1	0	0
1	1	UID743032	1	1	0	0
1	1	UID743095	1	1	0	0
1	1	UID743106	1	1	0	0
1	1	UID743107	1	1	0	0
1	1	UID743124	1	1	0	0
1	1	UID743126	1	1	0	0
1	1	UID743128	1	1	0	0
1	1	UID743148	1	1	0	0
1	1	UID743149	1	1	0	0
1	1	UID743153	1	1	0	0
1	1	UID743158	1	1	0	0
1	1	UID743173	1	1	0	0
1	1	UID743196	1	1	0	0
1	1	UID743201	1	1	0	0
1	1	UID743202	1	1	0	0
2	2	UID743204	1	2	1	1
1	1	UID743244	1	1	0	0
1	1	UID743245	1	1	0	0
1	1	UID743246	1	1	0	0
1	1	UID743255	1	1	0	0
1	1	UID743257	1	1	0	0
1	1	UID743259	1	1	0	0
1	1	UID743267	1	1	0	0
1	1	UID743269	1	1	0	0
1	1	UID743280	1	1	0	0
1	1	UID743281	1	1	0	0
1	1	UID743282	1	1	0	0
1	1	UID743292	1	1	0	0
1	1	UID743293	1	1	0	0
1	1	UID743294	1	1	0	0
1	1	UID743295	1	1	0	0
1	1	UID743297	1	1	0	0
1	1	UID743298	1	1	0	0
1	1	UID743300	1	1	0	0
1	1	UID743302	1	1	0	0
1	1	UID743310	1	1	0	0
1	1	UID743311	1	1	0	0
1	1	UID743315	1	1	0	0
1	1	UID743316	1	1	0	0
1	1	UID743317	1	1	0	0
1	1	UID743321	1	1	0	0
1	1	UID743326	1	1	0	0
1	1	UID743327	1	1	0	0
1	1	UID743329	1	1	0	0
1	1	UID743330	1	1	0	0
1	1	UID743337	1	1	0	0
1	1	UID743339	1	1	0	0
1	1	UID743340	1	1	0	0
1	1	UID743341	1	1	0	0
1	1	UID743342	1	1	0	0
1	1	UID743343	1	1	0	0
1	1	UID743347	1	1	0	0
1	1	UID743362	1	1	0	0
1	1	UID743367	1	1	0	0
1	1	UID743368	1	1	0	0
1	1	UID743369	1	1	0	0
1	1	UID743370	1	1	0	0
1	1	UID743371	1	1	0	0
1	1	UID743372	1	1	0	0
1	1	UID743374	1	1	0	0
1	1	UID743378	1	1	0	0
1	1	UID743379	1	1	0	0
1	1	UID743380	1	1	0	0
1	1	UID743393	1	1	0	0
1	1	UID743395	1	1	0	0
1	1	UID743396	1	1	0	0
1	1	UID743397	1	1	0	0
1	1	UID743398	1	1	0	0
1	1	UID743399	1	1	0	0
1	1	UID743400	1	1	0	0
1	1	UID743401	1	1	0	0
1	1	UID743402	1	1	0	0
1	1	UID743403	1	1	0	0
1	1	UID743404	1	1	0	0
1	1	UID743406	1	1	0	0
1	1	UID743407	1	1	0	0
1	1	UID743408	1	1	0	0
1	1	UID743411	1	1	0	0
1	1	UID743413	1	1	0	0
1	1	UID743429	1	1	0	0
1	1	UID743441	1	1	0	0
1	1	UID743444	1	1	0	0
1	1	UID743445	1	1	0	0
1	1	UID743453	1	1	0	0
1	1	UID743456	1	1	0	0
1	1	UID743457	1	1	0	0
1	1	UID743459	1	1	0	0
1	1	UID743472	1	1	0	0
1	1	UID743476	1	1	0	0
1	1	UID743479	1	1	0	0
1	1	UID743480	1	1	0	0
1	1	UID743488	1	1	0	0
1	1	UID743489	1	1	0	0
1	1	UID743490	1	1	0	0
1	1	UID743492	1	1	0	0
1	1	UID743493	1	1	0	0
1	1	UID743504	1	1	0	0
1	1	UID743507	1	1	0	0
1	1	UID743514	1	1	0	0
1	1	UID743515	1	1	0	0
1	1	UID743521	1	1	0	0
1	1	UID743522	1	1	0	0
1	1	UID743527	1	1	0	0
1	1	UID743528	1	1	0	0
1	1	UID743531	1	1	0	0
1	1	UID743540	1	1	0	0
1	1	UID743541	1	1	0	0
1	1	UID743548	1	1	0	0
1	1	UID743549	1	1	0	0
1	1	UID743553	1	1	0	0
1	1	UID743557	1	1	0	0
1	1	UID743560	1	1	0	0
1	1	UID743567	1	1	0	0
1	1	UID743568	1	1	0	0
1	1	UID743569	1	1	0	0
1	1	UID743570	1	1	0	0
1	1	UID743573	1	1	0	0
1	1	UID743574	1	1	0	0
1	1	UID743575	1	1	0	0
1	1	UID743583	1	1	0	0
1	1	UID743584	1	1	0	0
1	1	UID743594	1	1	0	0
1	1	UID743597	1	1	0	0
1	1	UID743607	1	1	0	0
1	1	UID743608	1	1	0	0
1	1	UID743611	1	1	0	0
1	1	UID743612	1	1	0	0
1	1	UID743621	1	1	0	0
1	1	UID743628	1	1	0	0
1	1	UID743637	1	1	0	0
1	1	UID743638	1	1	0	0
1	1	UID743642	1	1	0	0
1	1	UID743643	1	1	0	0
1	1	UID743645	1	1	0	0
1	1	UID743646	1	1	0	0
1	1	UID743662	1	1	0	0
1	1	UID743669	1	1	0	0
1	1	UID743674	1	1	0	0
1	1	UID743675	1	1	0	0
1	1	UID743676	1	1	0	0
1	1	UID743680	1	1	0	0
1	1	UID743705	1	1	0	0
1	1	UID743712	1	1	0	0
1	1	UID743722	1	1	0	0
1	1	UID743723	1	1	0	0
1	1	UID743724	1	1	0	0
1	1	UID743727	1	1	0	0
6	6	UID743741	1	6	2	2
1	1	UID743755	1	1	0	0
1	1	UID743759	1	1	0	0
1	1	UID743761	1	1	0	0
1	1	UID743775	1	1	0	0
1	1	UID743778	1	1	0	0
1	1	UID743779	1	1	0	0
1	1	UID743780	1	1	0	0
1	1	UID743786	1	1	0	0
1	1	UID743787	1	1	0	0
1	1	UID743788	1	1	0	0
1	1	UID743799	1	1	0	0
1	1	UID743801	1	1	0	0
1	1	UID743802	1	1	0	0
1	1	UID743805	1	1	0	0
1	1	UID743820	1	1	0	0
1	1	UID743833	1	1	0	0
1	1	UID743842	1	1	0	0
1	1	UID743890	1	1	0	0
1	1	UID743897	1	1	0	0
1	1	UID743903	1	1	0	0
1	1	UID743994	1	1	0	0
1	1	UID744022	1	1	0	0
1	1	UID744045	1	1	0	0
1	1	UID744064	1	1	0	0
1	1	UID744071	1	1	0	0
1	1	UID744089	1	1	0	0
1	1	UID744105	1	1	0	0
1	1	UID744109	1	1	0	0
1	1	UID744110	1	1	0	0
1	1	UID744111	1	1	0	0
1	1	UID744113	1	1	0	0
1	1	UID744116	1	1	0	0
1	1	UID744119	1	1	0	0
1	1	UID744121	1	1	0	0
1	1	UID744122	1	1	0	0
1	1	UID744123	1	1	0	0
1	1	UID744127	1	1	0	0
1	1	UID744133	1	1	0	0
1	1	UID744134	1	1	0	0
1	1	UID744136	1	1	0	0
1	1	UID744141	1	1	0	0
1	1	UID744142	1	1	0	0
1	1	UID744143	1	1	0	0
1	1	UID744145	1	1	0	0
1	1	UID744151	1	1	0	0
1	1	UID744175	1	1	0	0
1	1	UID744178	1	1	0	0
1	1	UID744182	1	1	0	0
1	1	UID744191	1	1	0	0
1	1	UID744194	1	1	0	0
1	1	UID744203	1	1	0	0
1	1	UID744208	1	1	0	0
1	1	UID744209	1	1	0	0
1	1	UID744213	1	1	0	0
1	1	UID744214	1	1	0	0
1	1	UID744215	1	1	0	0
1	1	UID744218	1	1	0	0
1	1	UID744220	1	1	0	0
1	1	UID744223	1	1	0	0
1	1	UID744225	1	1	0	0
1	1	UID744226	1	1	0	0
1	1	UID744233	1	1	0	0
1	1	UID744238	1	1	0	0
1	1	UID744239	1	1	0	0
1	1	UID744241	1	1	0	0
1	1	UID744242	1	1	0	0
1	1	UID744243	1	1	0	0
1	1	UID744247	1	1	0	0
1	1	UID744249	1	1	0	0
1	1	UID744251	1	1	0	0
1	1	UID744253	1	1	0	0
1	1	UID744254	1	1	0	0
1	1	UID744264	1	1	0	0
1	1	UID744274	1	1	0	0
1	1	UID744277	1	1	0	0
1	1	UID744279	1	1	0	0
1	1	UID744282	1	1	0	0
1	1	UID744283	1	1	0	0
1	1	UID744284	1	1	0	0
1	1	UID744285	1	1	0	0
1	1	UID744303	1	1	0	0
1	1	UID744307	1	1	0	0
1	1	UID744308	1	1	0	0
1	1	UID744309	1	1	0	0
1	1	UID744321	1	1	0	0
1	1	UID744325	1	1	0	0
1	1	UID744331	1	1	0	0
1	1	UID744340	1	1	0	0
1	1	UID744341	1	1	0	0
1	1	UID744342	1	1	0	0
1	1	UID744344	1	1	0	0
1	1	UID744345	1	1	0	0
1	1	UID744349	1	1	0	0
1	1	UID744365	1	1	0	0
1	1	UID744366	1	1	0	0
1	1	UID744368	1	1	0	0
1	1	UID744374	1	1	0	0
1	1	UID744375	1	1	0	0
1	1	UID744376	1	1	0	0
1	1	UID744377	1	1	0	0
1	1	UID744380	1	1	0	0
1	1	UID744381	1	1	0	0
1	1	UID744382	1	1	0	0
1	1	UID744383	1	1	0	0
1	1	UID744394	1	1	0	0
1	1	UID744400	1	1	0	0
1	1	UID744416	1	1	0	0
1	1	UID744418	1	1	0	0
1	1	UID744426	1	1	0	0
1	1	UID744433	1	1	0	0
1	1	UID744434	1	1	0	0
1	1	UID744439	1	1	0	0
1	1	UID744442	1	1	0	0
1	1	UID744444	1	1	0	0
1	1	UID744455	1	1	0	0
1	1	UID744456	1	1	0	0
1	1	UID744457	1	1	0	0
1	1	UID744458	1	1	0	0
1	1	UID744459	1	1	0	0
1	1	UID744460	1	1	0	0
1	1	UID744462	1	1	0	0
1	1	UID744467	1	1	0	0
1	1	UID744472	1	1	0	0
1	1	UID744473	1	1	0	0
1	1	UID744477	1	1	0	0
1	1	UID744479	1	1	0	0
1	1	UID744481	1	1	0	0
1	1	UID744484	1	1	0	0
1	1	UID744486	1	1	0	0
1	1	UID744487	1	1	0	0
1	1	UID744489	1	1	0	0
1	1	UID744490	1	1	0	0
1	1	UID744491	1	1	0	0
1	1	UID744495	1	1	0	0
1	1	UID744499	1	1	0	0
1	1	UID744515	1	1	0	0
1	1	UID744520	1	1	0	0
1	1	UID744521	1	1	0	0
1	1	UID744523	1	1	0	0
1	1	UID744528	1	1	0	0
1	1	UID744529	1	1	0	0
1	1	UID744532	1	1	0	0
1	1	UID744533	1	1	0	0
1	1	UID744535	1	1	0	0
1	1	UID744536	1	1	0	0
1	1	UID744538	1	1	0	0
1	1	UID744545	1	1	0	0
1	1	UID744547	1	1	0	0
1	1	UID744549	1	1	0	0
1	1	UID744550	1	1	0	0
1	1	UID744552	1	1	0	0
1	1	UID744553	1	1	0	0
1	1	UID744570	1	1	0	0
1	1	UID744571	1	1	0	0
1	1	UID744572	1	1	0	0
1	1	UID744579	1	1	0	0
1	1	UID744584	1	1	0	0
1	1	UID744586	1	1	0	0
1	1	UID744587	1	1	0	0
1	1	UID744597	1	1	0	0
1	1	UID744599	1	1	0	0
1	1	UID744603	1	1	0	0
1	1	UID744604	1	1	0	0
1	1	UID744606	1	1	0	0
1	1	UID744610	1	1	0	0
1	1	UID744618	1	1	0	0
1	1	UID744620	1	1	0	0
1	1	UID744623	1	1	0	0
1	1	UID744633	1	1	0	0
1	1	UID744634	1	1	0	0
1	1	UID744637	1	1	0	0
1	1	UID744638	1	1	0	0
1	1	UID744639	1	1	0	0
1	1	UID744640	1	1	0	0
1	1	UID744644	1	1	0	0
1	1	UID744645	1	1	0	0
1	1	UID744646	1	1	0	0
1	1	UID744647	1	1	0	0
1	1	UID744664	1	1	0	0
1	1	UID744668	1	1	0	0
1	1	UID744670	1	1	0	0
1	1	UID744673	1	1	0	0
1	1	UID744707	1	1	0	0
1	1	UID744710	1	1	0	0
1	1	UID744713	1	1	0	0
1	1	UID744718	1	1	0	0
1	1	UID744723	1	1	0	0
1	1	UID744737	1	1	0	0
1	1	UID744738	1	1	0	0
1	1	UID744741	1	1	0	0
1	1	UID744742	1	1	0	0
1	1	UID744743	1	1	0	0
1	1	UID744744	1	1	0	0
1	1	UID744746	1	1	0	0
1	1	UID744748	1	1	0	0
1	1	UID744751	1	1	0	0
1	1	UID744752	1	1	0	0
1	1	UID744753	1	1	0	0
1	1	UID744754	1	1	0	0
1	1	UID744755	1	1	0	0
1	1	UID744756	1	1	0	0
1	1	UID744757	1	1	0	0
1	1	UID744759	1	1	0	0
1	1	UID744760	1	1	0	0
1	1	UID744761	1	1	0	0
1	1	UID744764	1	1	0	0
1	1	UID744766	1	1	0	0
1	1	UID744767	1	1	0	0
1	1	UID744787	1	1	0	0
1	1	UID744789	1	1	0	0
1	1	UID744790	1	1	0	0
1	1	UID744791	1	1	0	0
1	1	UID744793	1	1	0	0
1	1	UID744797	1	1	0	0
1	1	UID744800	1	1	0	0
1	1	UID744801	1	1	0	0
1	1	UID744803	1	1	0	0
1	1	UID744804	1	1	0	0
1	1	UID744805	1	1	0	0
1	1	UID744806	1	1	0	0
1	1	UID744808	1	1	0	0
1	1	UID744811	1	1	0	0
1	1	UID744812	1	1	0	0
1	1	UID744824	1	1	0	0
1	1	UID744832	1	1	0	0
1	1	UID744833	1	1	0	0
1	1	UID744852	1	1	0	0
1	1	UID744855	1	1	0	0
1	1	UID744861	1	1	0	0
1	1	UID744864	1	1	0	0
1	1	UID744865	1	1	0	0
1	1	UID744873	1	1	0	0
1	1	UID744886	1	1	0	0
1	1	UID744887	1	1	0	0
1	1	UID744888	1	1	0	0
1	1	UID744891	1	1	0	0
1	1	UID744892	1	1	0	0
1	1	UID744893	1	1	0	0
1	1	UID744894	1	1	0	0
1	1	UID744895	1	1	0	0
1	1	UID744899	1	1	0	0
1	1	UID744900	1	1	0	0
1	1	UID744901	1	1	0	0
1	1	UID744908	1	1	0	0
1	1	UID744909	1	1	0	0
1	1	UID744915	1	1	0	0
1	1	UID744916	1	1	0	0
1	1	UID744917	1	1	0	0
1	1	UID744921	1	1	0	0
1	1	UID744933	1	1	0	0
1	1	UID744941	1	1	0	0
1	1	UID744954	1	1	0	0
1	1	UID744970	1	1	0	0
1	1	UID744972	1	1	0	0
1	1	UID744976	1	1	0	0
1	1	UID744985	1	1	0	0
1	1	UID744992	1	1	0	0
1	1	UID744997	1	1	0	0
1	1	UID745002	1	1	0	0
1	1	UID745004	1	1	0	0
1	1	UID745005	1	1	0	0
1	1	UID745006	1	1	0	0
1	1	UID745014	1	1	0	0
1	1	UID745015	1	1	0	0
1	1	UID745016	1	1	0	0
1	1	UID745020	1	1	0	0
1	1	UID745021	1	1	0	0
1	1	UID745022	1	1	0	0
1	1	UID745023	1	1	0	0
1	1	UID745028	1	1	0	0
1	1	UID745030	1	1	0	0
1	1	UID745031	1	1	0	0
1	1	UID745032	1	1	0	0
1	1	UID745033	1	1	0	0
1	1	UID745034	1	1	0	0
1	1	UID745035	1	1	0	0
1	1	UID745038	1	1	0	0
1	1	UID745039	1	1	0	0
1	1	UID745040	1	1	0	0
1	1	UID745041	1	1	0	0
1	1	UID745042	1	1	0	0
1	1	UID745043	1	1	0	0
1	1	UID745045	1	1	0	0
1	1	UID745046	1	1	0	0
1	1	UID745048	1	1	0	0
1	1	UID745049	1	1	0	0
1	1	UID745050	1	1	0	0
1	1	UID745056	1	1	0	0
1	1	UID745059	1	1	0	0
1	1	UID745060	1	1	0	0
1	1	UID745065	1	1	0	0
1	1	UID745090	1	1	0	0
1	1	UID745091	1	1	0	0
1	1	UID745092	1	1	0	0
1	1	UID745094	1	1	0	0
1	1	UID745098	1	1	0	0
1	1	UID745101	1	1	0	0
1	1	UID745103	1	1	0	0
1	1	UID745108	1	1	0	0
1	1	UID745109	1	1	0	0
1	1	UID745110	1	1	0	0
1	1	UID745111	1	1	0	0
1	1	UID745112	1	1	0	0
1	1	UID745113	1	1	0	0
1	1	UID745115	1	1	0	0
1	1	UID745117	1	1	0	0
1	1	UID745118	1	1	0	0
1	1	UID745120	1	1	0	0
1	1	UID745122	1	1	0	0
1	1	UID745123	1	1	0	0
1	1	UID745124	1	1	0	0
1	1	UID745134	1	1	0	0
1	1	UID745136	1	1	0	0
1	1	UID745141	1	1	0	0
1	1	UID745146	1	1	0	0
1	1	UID745151	1	1	0	0
1	1	UID745152	1	1	0	0
1	1	UID745156	1	1	0	0
1	1	UID745157	1	1	0	0
3	3	UID745158	1	3	1	1
1	1	UID745161	1	1	0	0
1	1	UID745169	1	1	0	0
1	1	UID745175	1	1	0	0
1	1	UID745179	1	1	0	0
1	1	UID745180	1	1	0	0
1	1	UID745181	1	1	0	0
1	1	UID745183	1	1	0	0
1	1	UID745194	1	1	0	0
1	1	UID745211	1	1	0	0
1	1	UID745212	1	1	0	0
1	1	UID745213	1	1	0	0
1	1	UID745215	1	1	0	0
1	1	UID745232	1	1	0	0
1	1	UID745236	1	1	0	0
1	1	UID745238	1	1	0	0
1	1	UID745245	1	1	0	0
1	1	UID745262	1	1	0	0
1	1	UID745263	1	1	0	0
1	1	UID745273	1	1	0	0
1	1	UID745282	1	1	0	0
1	1	UID745288	1	1	0	0
1	1	UID745289	1	1	0	0
1	1	UID745294	1	1	0	0
1	1	UID745295	1	1	0	0
1	1	UID745296	1	1	0	0
1	1	UID745315	1	1	0	0
1	1	UID745318	1	1	0	0
1	1	UID745319	1	1	0	0
1	1	UID745328	1	1	0	0
1	1	UID745341	1	1	0	0
1	1	UID745343	1	1	0	0
1	1	UID745345	1	1	0	0
1	1	UID745346	1	1	0	0
1	1	UID745349	1	1	0	0
1	1	UID745350	1	1	0	0
1	1	UID745364	1	1	0	0
1	1	UID745375	1	1	0	0
1	1	UID745376	1	1	0	0
1	1	UID745379	1	1	0	0
1	1	UID745386	1	1	0	0
1	1	UID745387	1	1	0	0
1	1	UID745388	1	1	0	0
1	1	UID745390	1	1	0	0
1	1	UID745400	1	1	0	0
1	1	UID745401	1	1	0	0
1	1	UID745402	1	1	0	0
1	1	UID745408	1	1	0	0
1	1	UID745422	1	1	0	0
1	1	UID745423	1	1	0	0
1	1	UID745433	1	1	0	0
1	1	UID745446	1	1	0	0
1	1	UID745454	1	1	0	0
1	1	UID745460	1	1	0	0
1	1	UID745464	1	1	0	0
1	1	UID745465	1	1	0	0
1	1	UID745468	1	1	0	0
1	1	UID745469	1	1	0	0
1	1	UID745470	1	1	0	0
1	1	UID745478	1	1	0	0
1	1	UID745479	1	1	0	0
1	1	UID745491	1	1	0	0
1	1	UID745495	1	1	0	0
1	1	UID745503	1	1	0	0
1	1	UID745506	1	1	0	0
1	1	UID745513	1	1	0	0
1	1	UID745515	1	1	0	0
1	1	UID745516	1	1	0	0
1	1	UID745520	1	1	0	0
1	1	UID745521	1	1	0	0
1	1	UID745522	1	1	0	0
1	1	UID745523	1	1	0	0
1	1	UID745524	1	1	0	0
1	1	UID745530	1	1	0	0
1	1	UID745535	1	1	0	0
1	1	UID745536	1	1	0	0
1	1	UID745537	1	1	0	0
1	1	UID745540	1	1	0	0
1	1	UID745541	1	1	0	0
1	1	UID745542	1	1	0	0
1	1	UID745545	1	1	0	0
1	1	UID745550	1	1	0	0
1	1	UID745561	1	1	0	0
1	1	UID745565	1	1	0	0
1	1	UID745566	1	1	0	0
1	1	UID745576	1	1	0	0
1	1	UID745577	1	1	0	0
1	1	UID745579	1	1	0	0
1	1	UID745580	1	1	0	0
1	1	UID745586	1	1	0	0
1	1	UID745587	1	1	0	0
1	1	UID745588	1	1	0	0
1	1	UID745593	1	1	0	0
1	1	UID745597	1	1	0	0
2	2	UID745611	1	2	1	1
1	1	UID745620	1	1	0	0
1	1	UID745622	1	1	0	0
1	1	UID745628	1	1	0	0
1	1	UID745630	1	1	0	0
1	1	UID745632	1	1	0	0
1	1	UID745635	1	1	0	0
1	1	UID745646	1	1	0	0
1	1	UID745647	1	1	0	0
1	1	UID745649	1	1	0	0
1	1	UID745652	1	1	0	0
1	1	UID745653	1	1	0	0
1	1	UID745656	1	1	0	0
1	1	UID745660	1	1	0	0
1	1	UID745661	1	1	0	0
1	1	UID745662	1	1	0	0
1	1	UID745663	1	1	0	0
1	1	UID745677	1	1	0	0
1	1	UID745678	1	1	0	0
1	1	UID745682	1	1	0	0
1	1	UID745699	1	1	0	0
1	1	UID745710	1	1	0	0
1	1	UID745718	1	1	0	0
1	1	UID745721	1	1	0	0
1	1	UID745733	1	1	0	0
1	1	UID745756	1	1	0	0
1	1	UID745759	1	1	0	0
1	1	UID745785	1	1	0	0
1	1	UID745786	1	1	0	0
1	1	UID745789	1	1	0	0
1	1	UID745790	1	1	0	0
1	1	UID745791	1	1	0	0
1	1	UID745793	1	1	0	0
1	1	UID745794	1	1	0	0
1	1	UID745795	1	1	0	0
1	1	UID745797	1	1	0	0
1	1	UID745806	1	1	0	0
1	1	UID745808	1	1	0	0
1	1	UID745809	1	1	0	0
1	1	UID745810	1	1	0	0
1	1	UID745811	1	1	0	0
1	1	UID745817	1	1	0	0
1	1	UID745827	1	1	0	0
1	1	UID745837	1	1	0	0
1	1	UID745845	1	1	0	0
1	1	UID745856	1	1	0	0
1	1	UID745881	1	1	0	0
1	1	UID745882	1	1	0	0
1	1	UID745887	1	1	0	0
1	1	UID745900	1	1	0	0
1	1	UID745901	1	1	0	0
1	1	UID745921	1	1	0	0
1	1	UID745932	1	1	0	0
1	1	UID745933	1	1	0	0
1	1	UID745934	1	1	0	0
1	1	UID745935	1	1	0	0
1	1	UID745940	1	1	0	0
1	1	UID745955	1	1	0	0
1	1	UID745956	1	1	0	0
1	1	UID745957	1	1	0	0
1	1	UID745962	1	1	0	0
1	1	UID745964	1	1	0	0
1	1	UID745968	1	1	0	0
1	1	UID745975	1	1	0	0
1	1	UID745976	1	1	0	0
1	1	UID745977	1	1	0	0
1	1	UID745985	1	1	0	0
1	1	UID745989	1	1	0	0
1	1	UID745991	1	1	0	0
1	1	UID745992	1	1	0	0
1	1	UID745993	1	1	0	0
1	1	UID746001	1	1	0	0
1	1	UID746002	1	1	0	0
1	1	UID746019	1	1	0	0
1	1	UID746023	1	1	0	0
1	1	UID746026	1	1	0	0
1	1	UID746029	1	1	0	0
1	1	UID746043	1	1	0	0
1	1	UID746047	1	1	0	0
1	1	UID746057	1	1	0	0
1	1	UID746058	1	1	0	0
1	1	UID746059	1	1	0	0
1	1	UID746067	1	1	0	0
1	1	UID746068	1	1	0	0
1	1	UID746069	1	1	0	0
1	1	UID746075	1	1	0	0
1	1	UID746077	1	1	0	0
1	1	UID746086	1	1	0	0
1	1	UID746087	1	1	0	0
1	1	UID746090	1	1	0	0
1	1	UID746095	1	1	0	0
1	1	UID746104	1	1	0	0
1	1	UID746105	1	1	0	0
1	1	UID746122	1	1	0	0
1	1	UID746131	1	1	0	0
1	1	UID746133	1	1	0	0
1	1	UID746169	1	1	0	0
1	1	UID746173	1	1	0	0
1	1	UID746194	1	1	0	0
1	1	UID746204	1	1	0	0
1	1	UID746209	1	1	0	0
1	1	UID746213	1	1	0	0
1	1	UID746220	1	1	0	0
1	1	UID746227	1	1	0	0
1	1	UID746234	1	1	0	0
1	1	UID746239	1	1	0	0
1	1	UID746240	1	1	0	0
1	1	UID746243	1	1	0	0
1	1	UID746282	1	1	0	0
1	1	UID746283	1	1	0	0
1	1	UID746284	1	1	0	0
1	1	UID746285	1	1	0	0
1	1	UID746287	1	1	0	0
1	1	UID746288	1	1	0	0
1	1	UID746302	1	1	0	0
1	1	UID746303	1	1	0	0
1	1	UID746310	1	1	0	0
1	1	UID746311	1	1	0	0
1	1	UID746312	1	1	0	0
1	1	UID746316	1	1	0	0
1	1	UID746320	1	1	0	0
1	1	UID746334	1	1	0	0
1	1	UID746343	1	1	0	0
1	1	UID746374	1	1	0	0
1	1	UID746401	1	1	0	0
1	1	UID746417	1	1	0	0
1	1	UID746428	1	1	0	0
1	1	UID746441	1	1	0	0
1	1	UID746446	1	1	0	0
1	1	UID746453	1	1	0	0
1	1	UID746473	1	1	0	0
1	1	UID746558	1	1	0	0
1	1	UID746593	1	1	0	0
1	1	UID746787	1	1	0	0
1	1	UID746842	1	1	0	0
1	1	UID746849	1	1	0	0
1	1	UID746872	1	1	0	0
1	1	UID746878	1	1	0	0
1	1	UID746912	1	1	0	0
1	1	UID746925	1	1	0	0
1	1	UID746933	1	1	0	0
1	1	UID746934	1	1	0	0
1	1	UID746941	1	1	0	0
1	1	UID746945	1	1	0	0
1	1	UID746950	1	1	0	0
1	1	UID746956	1	1	0	0
1	1	UID746960	1	1	0	0
1	1	UID746962	1	1	0	0
1	1	UID746971	1	1	0	0
1	1	UID746973	1	1	0	0
1	1	UID746987	1	1	0	0
1	1	UID746990	1	1	0	0
1	1	UID747005	1	1	0	0
1	1	UID747012	1	1	0	0
1	1	UID747013	1	1	0	0
1	1	UID747019	1	1	0	0
1	1	UID747021	1	1	0	0
1	1	UID747022	1	1	0	0
1	1	UID747023	1	1	0	0
1	1	UID747024	1	1	0	0
1	1	UID747025	1	1	0	0
1	1	UID747026	1	1	0	0
1	1	UID747027	1	1	0	0
1	1	UID747029	1	1	0	0
1	1	UID747030	1	1	0	0
1	1	UID747034	1	1	0	0
1	1	UID747035	1	1	0	0
1	1	UID747036	1	1	0	0
1	1	UID747040	1	1	0	0
1	1	UID747041	1	1	0	0
1	1	UID747049	1	1	0	0
1	1	UID747051	1	1	0	0
1	1	UID747052	1	1	0	0
1	1	UID747055	1	1	0	0
1	1	UID747060	1	1	0	0
1	1	UID747068	1	1	0	0
1	1	UID747072	1	1	0	0
1	1	UID747079	1	1	0	0
1	1	UID747080	1	1	0	0
1	1	UID747081	1	1	0	0
1	1	UID747082	1	1	0	0
1	1	UID747091	1	1	0	0
1	1	UID747093	1	1	0	0
1	1	UID747099	1	1	0	0
1	1	UID747100	1	1	0	0
1	1	UID747105	1	1	0	0
1	1	UID747110	1	1	0	0
1	1	UID747111	1	1	0	0
1	1	UID747127	1	1	0	0
1	1	UID747129	1	1	0	0
1	1	UID747130	1	1	0	0
1	1	UID747131	1	1	0	0
1	1	UID747132	1	1	0	0
1	1	UID747133	1	1	0	0
1	1	UID747134	1	1	0	0
1	1	UID747142	1	1	0	0
1	1	UID747143	1	1	0	0
1	1	UID747148	1	1	0	0
1	1	UID747163	1	1	0	0
1	1	UID747165	1	1	0	0
1	1	UID747166	1	1	0	0
1	1	UID747169	1	1	0	0
1	1	UID747174	1	1	0	0
1	1	UID747175	1	1	0	0
1	1	UID747182	1	1	0	0
1	1	UID747188	1	1	0	0
1	1	UID747190	1	1	0	0
1	1	UID747195	1	1	0	0
1	1	UID747200	1	1	0	0
1	1	UID747203	1	1	0	0
1	1	UID747213	1	1	0	0
1	1	UID747232	1	1	0	0
1	1	UID747236	1	1	0	0
1	1	UID747241	1	1	0	0
1	1	UID747249	1	1	0	0
1	1	UID747250	1	1	0	0
1	1	UID747253	1	1	0	0
1	1	UID747255	1	1	0	0
1	1	UID747275	1	1	0	0
1	1	UID747276	1	1	0	0
1	1	UID747277	1	1	0	0
1	1	UID747278	1	1	0	0
1	1	UID747281	1	1	0	0
1	1	UID747294	1	1	0	0
1	1	UID747303	1	1	0	0
1	1	UID747322	1	1	0	0
1	1	UID747323	1	1	0	0
1	1	UID747324	1	1	0	0
1	1	UID747327	1	1	0	0
1	1	UID747330	1	1	0	0
1	1	UID747333	1	1	0	0
1	1	UID747337	1	1	0	0
1	1	UID747339	1	1	0	0
1	1	UID747341	1	1	0	0
1	1	UID747347	1	1	0	0
1	1	UID747349	1	1	0	0
1	1	UID747350	1	1	0	0
1	1	UID747362	1	1	0	0
1	1	UID747363	1	1	0	0
1	1	UID747365	1	1	0	0
1	1	UID747366	1	1	0	0
1	1	UID747367	1	1	0	0
1	1	UID747369	1	1	0	0
1	1	UID747379	1	1	0	0
1	1	UID747383	1	1	0	0
1	1	UID747386	1	1	0	0
1	1	UID747387	1	1	0	0
1	1	UID747388	1	1	0	0
1	1	UID747389	1	1	0	0
1	1	UID747390	1	1	0	0
1	1	UID747391	1	1	0	0
1	1	UID747392	1	1	0	0
1	1	UID747397	1	1	0	0
1	1	UID747405	1	1	0	0
1	1	UID747406	1	1	0	0
1	1	UID747409	1	1	0	0
1	1	UID747411	1	1	0	0
1	1	UID747414	1	1	0	0
1	1	UID747417	1	1	0	0
1	1	UID747426	1	1	0	0
1	1	UID747429	1	1	0	0
1	1	UID747431	1	1	0	0
1	1	UID747432	1	1	0	0
1	1	UID747434	1	1	0	0
1	1	UID747436	1	1	0	0
1	1	UID747437	1	1	0	0
1	1	UID747442	1	1	0	0
1	1	UID747444	1	1	0	0
1	1	UID747456	1	1	0	0
1	1	UID747467	1	1	0	0
1	1	UID747468	1	1	0	0
1	1	UID747475	1	1	0	0
1	1	UID747476	1	1	0	0
1	1	UID747477	1	1	0	0
1	1	UID747487	1	1	0	0
1	1	UID747489	1	1	0	0
1	1	UID747490	1	1	0	0
1	1	UID747491	1	1	0	0
1	1	UID747492	1	1	0	0
1	1	UID747494	1	1	0	0
1	1	UID747507	1	1	0	0
1	1	UID747508	1	1	0	0
1	1	UID747530	1	1	0	0
1	1	UID747549	1	1	0	0
1	1	UID747550	1	1	0	0
1	1	UID747556	1	1	0	0
1	1	UID747557	1	1	0	0
1	1	UID747558	1	1	0	0
1	1	UID747560	1	1	0	0
1	1	UID747567	1	1	0	0
1	1	UID747568	1	1	0	0
1	1	UID747570	1	1	0	0
1	1	UID747572	1	1	0	0
1	1	UID747583	1	1	0	0
1	1	UID747586	1	1	0	0
1	1	UID747592	1	1	0	0
1	1	UID747596	1	1	0	0
1	1	UID747599	1	1	0	0
1	1	UID747612	1	1	0	0
1	1	UID747614	1	1	0	0
1	1	UID747615	1	1	0	0
1	1	UID747619	1	1	0	0
1	1	UID747639	1	1	0	0
1	1	UID747640	1	1	0	0
1	1	UID747644	1	1	0	0
1	1	UID747645	1	1	0	0
1	1	UID747646	1	1	0	0
1	1	UID747647	1	1	0	0
1	1	UID747652	1	1	0	0
1	1	UID747655	1	1	0	0
1	1	UID747679	1	1	0	0
1	1	UID747693	1	1	0	0
1	1	UID747694	1	1	0	0
1	1	UID747695	1	1	0	0
1	1	UID747696	1	1	0	0
1	1	UID747703	1	1	0	0
1	1	UID747705	1	1	0	0
1	1	UID747708	1	1	0	0
1	1	UID747718	1	1	0	0
1	1	UID747736	1	1	0	0
1	1	UID747740	1	1	0	0
1	1	UID747742	1	1	0	0
1	1	UID747743	1	1	0	0
1	1	UID747745	1	1	0	0
1	1	UID747747	1	1	0	0
1	1	UID747765	1	1	0	0
1	1	UID747766	1	1	0	0
1	1	UID747767	1	1	0	0
1	1	UID747792	1	1	0	0
1	1	UID747800	1	1	0	0
1	1	UID747801	1	1	0	0
1	1	UID747802	1	1	0	0
1	1	UID747807	1	1	0	0
1	1	UID747808	1	1	0	0
1	1	UID747809	1	1	0	0
1	1	UID747810	1	1	0	0
1	1	UID747812	1	1	0	0
1	1	UID747814	1	1	0	0
1	1	UID747817	1	1	0	0
1	1	UID747818	1	1	0	0
1	1	UID747820	1	1	0	0
1	1	UID747821	1	1	0	0
1	1	UID747823	1	1	0	0
1	1	UID747825	1	1	0	0
1	1	UID747829	1	1	0	0
1	1	UID747833	1	1	0	0
1	1	UID747836	1	1	0	0
1	1	UID747837	1	1	0	0
1	1	UID747838	1	1	0	0
1	1	UID747839	1	1	0	0
1	1	UID747840	1	1	0	0
1	1	UID747841	1	1	0	0
1	1	UID747843	1	1	0	0
1	1	UID747844	1	1	0	0
1	1	UID747846	1	1	0	0
1	1	UID747848	1	1	0	0
1	1	UID747850	1	1	0	0
1	1	UID747851	1	1	0	0
1	1	UID747852	1	1	0	0
1	1	UID747854	1	1	0	0
1	1	UID747860	1	1	0	0
1	1	UID747864	1	1	0	0
1	1	UID747866	1	1	0	0
1	1	UID747872	1	1	0	0
1	1	UID747884	1	1	0	0
1	1	UID747885	1	1	0	0
1	1	UID747889	1	1	0	0
1	1	UID747903	1	1	0	0
1	1	UID747907	1	1	0	0
1	1	UID747911	1	1	0	0
1	1	UID747914	1	1	0	0
1	1	UID747919	1	1	0	0
1	1	UID747931	1	1	0	0
1	1	UID747932	1	1	0	0
1	1	UID747935	1	1	0	0
1	1	UID747952	1	1	0	0
1	1	UID747959	1	1	0	0
1	1	UID747963	1	1	0	0
1	1	UID747964	1	1	0	0
1	1	UID747965	1	1	0	0
1	1	UID747968	1	1	0	0
1	1	UID747977	1	1	0	0
1	1	UID747978	1	1	0	0
1	1	UID747987	1	1	0	0
1	1	UID747988	1	1	0	0
1	1	UID748011	1	1	0	0
1	1	UID748016	1	1	0	0
1	1	UID748018	1	1	0	0
1	1	UID748023	1	1	0	0
1	1	UID748039	1	1	0	0
1	1	UID748041	1	1	0	0
1	1	UID748044	1	1	0	0
1	1	UID748045	1	1	0	0
1	1	UID748047	1	1	0	0
1	1	UID748048	1	1	0	0
1	1	UID748055	1	1	0	0
1	1	UID748056	1	1	0	0
1	1	UID748057	1	1	0	0
1	1	UID748058	1	1	0	0
1	1	UID748059	1	1	0	0
1	1	UID748060	1	1	0	0
1	1	UID748062	1	1	0	0
1	1	UID748065	1	1	0	0
1	1	UID748067	1	1	0	0
1	1	UID748074	1	1	0	0
1	1	UID748076	1	1	0	0
1	1	UID748080	1	1	0	0
1	1	UID748084	1	1	0	0
1	1	UID748087	1	1	0	0
1	1	UID748099	1	1	0	0
1	1	UID748106	1	1	0	0
1	1	UID748109	1	1	0	0
1	1	UID748110	1	1	0	0
1	1	UID748129	1	1	0	0
1	1	UID748130	1	1	0	0
1	1	UID748131	1	1	0	0
1	1	UID748134	1	1	0	0
1	1	UID748140	1	1	0	0
1	1	UID748142	1	1	0	0
1	1	UID748155	1	1	0	0
1	1	UID748160	1	1	0	0
1	1	UID748163	1	1	0	0
1	1	UID748169	1	1	0	0
1	1	UID748170	1	1	0	0
1	1	UID748171	1	1	0	0
1	1	UID748172	1	1	0	0
1	1	UID748175	1	1	0	0
1	1	UID748177	1	1	0	0
1	1	UID748180	1	1	0	0
1	1	UID748185	1	1	0	0
1	1	UID748191	1	1	0	0
1	1	UID748194	1	1	0	0
1	1	UID748195	1	1	0	0
1	1	UID748210	1	1	0	0
1	1	UID748211	1	1	0	0
1	1	UID748212	1	1	0	0
1	1	UID748213	1	1	0	0
1	1	UID748217	1	1	0	0
1	1	UID748218	1	1	0	0
1	1	UID748220	1	1	0	0
1	1	UID748243	1	1	0	0
1	1	UID748244	1	1	0	0
1	1	UID748258	1	1	0	0
1	1	UID748261	1	1	0	0
1	1	UID748263	1	1	0	0
1	1	UID748264	1	1	0	0
1	1	UID748265	1	1	0	0
1	1	UID748266	1	1	0	0
1	1	UID748267	1	1	0	0
1	1	UID748268	1	1	0	0
1	1	UID748269	1	1	0	0
1	1	UID748270	1	1	0	0
1	1	UID748271	1	1	0	0
1	1	UID748272	1	1	0	0
1	1	UID748274	1	1	0	0
1	1	UID748278	1	1	0	0
1	1	UID748279	1	1	0	0
1	1	UID748282	1	1	0	0
1	1	UID748284	1	1	0	0
1	1	UID748285	1	1	0	0
1	1	UID748286	1	1	0	0
1	1	UID748287	1	1	0	0
1	1	UID748288	1	1	0	0
1	1	UID748289	1	1	0	0
1	1	UID748290	1	1	0	0
1	1	UID748292	1	1	0	0
1	1	UID748294	1	1	0	0
1	1	UID748295	1	1	0	0
1	1	UID748296	1	1	0	0
1	1	UID748297	1	1	0	0
1	1	UID748299	1	1	0	0
1	1	UID748300	1	1	0	0
1	1	UID748302	1	1	0	0
1	1	UID748303	1	1	0	0
1	1	UID748307	1	1	0	0
1	1	UID748309	1	1	0	0
1	1	UID748311	1	1	0	0
1	1	UID748312	1	1	0	0
1	1	UID748313	1	1	0	0
1	1	UID748314	1	1	0	0
1	1	UID748315	1	1	0	0
1	1	UID748317	1	1	0	0
1	1	UID748320	1	1	0	0
1	1	UID748321	1	1	0	0
1	1	UID748322	1	1	0	0
1	1	UID748323	1	1	0	0
1	1	UID748326	1	1	0	0
1	1	UID748327	1	1	0	0
1	1	UID748328	1	1	0	0
1	1	UID748334	1	1	0	0
1	1	UID748335	1	1	0	0
1	1	UID748340	1	1	0	0
1	1	UID748342	1	1	0	0
1	1	UID748344	1	1	0	0
1	1	UID748345	1	1	0	0
1	1	UID748350	1	1	0	0
1	1	UID748352	1	1	0	0
1	1	UID748362	1	1	0	0
1	1	UID748377	1	1	0	0
1	1	UID748381	1	1	0	0
1	1	UID748382	1	1	0	0
1	1	UID748383	1	1	0	0
1	1	UID748384	1	1	0	0
1	1	UID748399	1	1	0	0
1	1	UID748402	1	1	0	0
1	1	UID748403	1	1	0	0
1	1	UID748404	1	1	0	0
1	1	UID748405	1	1	0	0
1	1	UID748408	1	1	0	0
1	1	UID748411	1	1	0	0
1	1	UID748414	1	1	0	0
1	1	UID748417	1	1	0	0
1	1	UID748444	1	1	0	0
1	1	UID748448	1	1	0	0
1	1	UID748452	1	1	0	0
1	1	UID748453	1	1	0	0
1	1	UID748457	1	1	0	0
1	1	UID748459	1	1	0	0
1	1	UID748472	1	1	0	0
1	1	UID748481	1	1	0	0
1	1	UID748489	1	1	0	0
1	1	UID748500	1	1	0	0
1	1	UID748503	1	1	0	0
1	1	UID748510	1	1	0	0
1	1	UID748516	1	1	0	0
1	1	UID748518	1	1	0	0
1	1	UID748519	1	1	0	0
1	1	UID748524	1	1	0	0
1	1	UID748534	1	1	0	0
1	1	UID748539	1	1	0	0
1	1	UID748544	1	1	0	0
1	1	UID748547	1	1	0	0
1	1	UID748551	1	1	0	0
1	1	UID748556	1	1	0	0
1	1	UID748582	1	1	0	0
1	1	UID748586	1	1	0	0
1	1	UID748592	1	1	0	0
1	1	UID748596	1	1	0	0
1	1	UID748601	1	1	0	0
1	1	UID748603	1	1	0	0
1	1	UID748604	1	1	0	0
1	1	UID748608	1	1	0	0
1	1	UID748609	1	1	0	0
1	1	UID748610	1	1	0	0
1	1	UID748616	1	1	0	0
1	1	UID748618	1	1	0	0
1	1	UID748625	1	1	0	0
1	1	UID748635	1	1	0	0
1	1	UID748645	1	1	0	0
1	1	UID748647	1	1	0	0
1	1	UID748663	1	1	0	0
1	1	UID748667	1	1	0	0
1	1	UID748681	1	1	0	0
1	1	UID748682	1	1	0	0
1	1	UID748683	1	1	0	0
1	1	UID748685	1	1	0	0
1	1	UID748688	1	1	0	0
1	1	UID748690	1	1	0	0
1	1	UID748697	1	1	0	0
1	1	UID748702	1	1	0	0
1	1	UID748703	1	1	0	0
1	1	UID748704	1	1	0	0
1	1	UID748710	1	1	0	0
1	1	UID748721	1	1	0	0
1	1	UID748725	1	1	0	0
1	1	UID748726	1	1	0	0
1	1	UID748729	1	1	0	0
1	1	UID748737	1	1	0	0
2	2	UID748738	1	2	1	1
1	1	UID748747	1	1	0	0
1	1	UID748750	1	1	0	0
1	1	UID748752	1	1	0	0
1	1	UID748753	1	1	0	0
1	1	UID748754	1	1	0	0
1	1	UID748760	1	1	0	0
1	1	UID748763	1	1	0	0
1	1	UID748786	1	1	0	0
1	1	UID748793	1	1	0	0
1	1	UID748798	1	1	0	0
1	1	UID748805	1	1	0	0
1	1	UID748806	1	1	0	0
1	1	UID748808	1	1	0	0
1	1	UID748809	1	1	0	0
1	1	UID748815	1	1	0	0
1	1	UID748830	1	1	0	0
1	1	UID748831	1	1	0	0
1	1	UID748832	1	1	0	0
1	1	UID748833	1	1	0	0
1	1	UID748836	1	1	0	0
1	1	UID748838	1	1	0	0
1	1	UID748841	1	1	0	0
1	1	UID748864	1	1	0	0
1	1	UID748867	1	1	0	0
1	1	UID748870	1	1	0	0
1	1	UID748873	1	1	0	0
1	1	UID748874	1	1	0	0
1	1	UID748875	1	1	0	0
1	1	UID748876	1	1	0	0
1	1	UID748880	1	1	0	0
1	1	UID748881	1	1	0	0
1	1	UID748882	1	1	0	0
1	1	UID748883	1	1	0	0
1	1	UID748890	1	1	0	0
1	1	UID748892	1	1	0	0
1	1	UID748893	1	1	0	0
1	1	UID748894	1	1	0	0
1	1	UID748898	1	1	0	0
1	1	UID748899	1	1	0	0
1	1	UID748900	1	1	0	0
1	1	UID748901	1	1	0	0
1	1	UID748902	1	1	0	0
1	1	UID748903	1	1	0	0
1	1	UID748904	1	1	0	0
1	1	UID748905	1	1	0	0
1	1	UID748906	1	1	0	0
1	1	UID748907	1	1	0	0
1	1	UID748909	1	1	0	0
1	1	UID748910	1	1	0	0
1	1	UID748911	1	1	0	0
1	1	UID748914	1	1	0	0
1	1	UID748916	1	1	0	0
1	1	UID748917	1	1	0	0
1	1	UID748918	1	1	0	0
1	1	UID748919	1	1	0	0
1	1	UID748921	1	1	0	0
1	1	UID748922	1	1	0	0
1	1	UID748923	1	1	0	0
1	1	UID748924	1	1	0	0
1	1	UID748925	1	1	0	0
1	1	UID748927	1	1	0	0
1	1	UID748928	1	1	0	0
1	1	UID748935	1	1	0	0
1	1	UID748939	1	1	0	0
1	1	UID748942	1	1	0	0
1	1	UID748951	1	1	0	0
1	1	UID748952	1	1	0	0
1	1	UID748953	1	1	0	0
1	1	UID748954	1	1	0	0
1	1	UID748968	1	1	0	0
1	1	UID748976	1	1	0	0
1	1	UID748977	1	1	0	0
1	1	UID749000	1	1	0	0
1	1	UID749002	1	1	0	0
1	1	UID749014	1	1	0	0
1	1	UID749019	1	1	0	0
1	1	UID749022	1	1	0	0
1	1	UID749023	1	1	0	0
1	1	UID749024	1	1	0	0
1	1	UID749025	1	1	0	0
1	1	UID749031	1	1	0	0
1	1	UID749034	1	1	0	0
1	1	UID749035	1	1	0	0
1	1	UID749040	1	1	0	0
1	1	UID749041	1	1	0	0
1	1	UID749043	1	1	0	0
1	1	UID749045	1	1	0	0
1	1	UID749046	1	1	0	0
1	1	UID749052	1	1	0	0
1	1	UID749053	1	1	0	0
1	1	UID749057	1	1	0	0
1	1	UID749069	1	1	0	0
1	1	UID749078	1	1	0	0
1	1	UID749095	1	1	0	0
1	1	UID749099	1	1	0	0
1	1	UID749101	1	1	0	0
1	1	UID749105	1	1	0	0
1	1	UID749106	1	1	0	0
1	1	UID749107	1	1	0	0
1	1	UID749114	1	1	0	0
1	1	UID749115	1	1	0	0
1	1	UID749117	1	1	0	0
1	1	UID749118	1	1	0	0
1	1	UID749124	1	1	0	0
1	1	UID749134	1	1	0	0
1	1	UID749142	1	1	0	0
1	1	UID749144	1	1	0	0
1	1	UID749157	1	1	0	0
1	1	UID749160	1	1	0	0
1	1	UID749161	1	1	0	0
1	1	UID749167	1	1	0	0
1	1	UID749171	1	1	0	0
1	1	UID749172	1	1	0	0
1	1	UID749173	1	1	0	0
1	1	UID749178	1	1	0	0
1	1	UID749182	1	1	0	0
1	1	UID749185	1	1	0	0
1	1	UID749188	1	1	0	0
1	1	UID749190	1	1	0	0
1	1	UID749193	1	1	0	0
1	1	UID749210	1	1	0	0
1	1	UID749220	1	1	0	0
1	1	UID749221	1	1	0	0
1	1	UID749226	1	1	0	0
1	1	UID749228	1	1	0	0
1	1	UID749229	1	1	0	0
1	1	UID749230	1	1	0	0
1	1	UID749244	1	1	0	0
1	1	UID749251	1	1	0	0
1	1	UID749266	1	1	0	0
1	1	UID749272	1	1	0	0
1	1	UID749274	1	1	0	0
1	1	UID749277	1	1	0	0
1	1	UID749278	1	1	0	0
1	1	UID749279	1	1	0	0
1	1	UID749280	1	1	0	0
1	1	UID749281	1	1	0	0
1	1	UID749282	1	1	0	0
1	1	UID749283	1	1	0	0
1	1	UID749284	1	1	0	0
1	1	UID749286	1	1	0	0
1	1	UID749288	1	1	0	0
1	1	UID749289	1	1	0	0
1	1	UID749290	1	1	0	0
1	1	UID749291	1	1	0	0
1	1	UID749292	1	1	0	0
1	1	UID749293	1	1	0	0
1	1	UID749295	1	1	0	0
1	1	UID749296	1	1	0	0
1	1	UID749297	1	1	0	0
1	1	UID749299	1	1	0	0
1	1	UID749302	1	1	0	0
1	1	UID749305	1	1	0	0
1	1	UID749310	1	1	0	0
1	1	UID749314	1	1	0	0
1	1	UID749344	1	1	0	0
1	1	UID749347	1	1	0	0
1	1	UID749348	1	1	0	0
1	1	UID749351	1	1	0	0
1	1	UID749356	1	1	0	0
1	1	UID749357	1	1	0	0
1	1	UID749358	1	1	0	0
1	1	UID749359	1	1	0	0
1	1	UID749360	1	1	0	0
1	1	UID749379	1	1	0	0
1	1	UID749389	1	1	0	0
1	1	UID749398	1	1	0	0
1	1	UID749406	1	1	0	0
1	1	UID749407	1	1	0	0
1	1	UID749409	1	1	0	0
1	1	UID749410	1	1	0	0
1	1	UID749412	1	1	0	0
1	1	UID749417	1	1	0	0
1	1	UID749418	1	1	0	0
1	1	UID749419	1	1	0	0
1	1	UID749420	1	1	0	0
1	1	UID749427	1	1	0	0
1	1	UID749428	1	1	0	0
1	1	UID749430	1	1	0	0
1	1	UID749431	1	1	0	0
1	1	UID749432	1	1	0	0
1	1	UID749433	1	1	0	0
1	1	UID749436	1	1	0	0
1	1	UID749437	1	1	0	0
1	1	UID749443	1	1	0	0
1	1	UID749444	1	1	0	0
1	1	UID749445	1	1	0	0
1	1	UID749446	1	1	0	0
1	1	UID749447	1	1	0	0
1	1	UID749448	1	1	0	0
1	1	UID749455	1	1	0	0
1	1	UID749456	1	1	0	0
1	1	UID749458	1	1	0	0
1	1	UID749459	1	1	0	0
1	1	UID749460	1	1	0	0
1	1	UID749462	1	1	0	0
1	1	UID749463	1	1	0	0
1	1	UID749467	1	1	0	0
1	1	UID749470	1	1	0	0
1	1	UID749471	1	1	0	0
1	1	UID749472	1	1	0	0
1	1	UID749477	1	1	0	0
1	1	UID749481	1	1	0	0
1	1	UID749483	1	1	0	0
1	1	UID749484	1	1	0	0
1	1	UID749485	1	1	0	0
1	1	UID749486	1	1	0	0
1	1	UID749488	1	1	0	0
1	1	UID749489	1	1	0	0
1	1	UID749490	1	1	0	0
1	1	UID749493	1	1	0	0
1	1	UID749497	1	1	0	0
1	1	UID749507	1	1	0	0
1	1	UID749524	1	1	0	0
1	1	UID749525	1	1	0	0
1	1	UID749526	1	1	0	0
1	1	UID749530	1	1	0	0
1	1	UID749533	1	1	0	0
1	1	UID749537	1	1	0	0
1	1	UID749541	1	1	0	0
1	1	UID749549	1	1	0	0
1	1	UID749551	1	1	0	0
1	1	UID749556	1	1	0	0
1	1	UID749560	1	1	0	0
1	1	UID749563	1	1	0	0
1	1	UID749564	1	1	0	0
1	1	UID749569	1	1	0	0
1	1	UID749574	1	1	0	0
1	1	UID749585	1	1	0	0
1	1	UID749594	1	1	0	0
1	1	UID956	1	1	0	0
