8948	56432	UID193	28372	7119	4	4
99	1513	UID826348	1383	69	2	2
153	1052	UID808845	857	113	3	3
481	1445	UID42	553	357	3	3
211	622	UID939	343	163	2	2
157	418	UID182457	220	124	2	2
148	382	UID40280	204	119	2	2
108	310	UID59432	177	87	2	2
107	308	UID498	166	82	2	2
113	289	UID52746	144	87	2	2
102	273	UID710	139	75	3	3
90	238	UID51832	121	65	2	2
97	235	UID182459	119	80	2	2
95	223	UID182469	116	81	2	2
125	266	UID182467	111	98	2	2
92	220	UID182478	108	76	2	2
148	376	UID20	104	121	3	3
75	193	UID8473	101	59	2	2
85	196	UID182462	98	71	2	2
87	194	UID8446	95	75	2	2
76	182	UID182531	91	62	3	3
73	172	UID40281	85	62	2	2
77	176	UID182474	84	61	2	2
64	156	UID711	83	55	2	2
85	182	UID182470	82	70	2	2
81	177	UID182552	82	69	2	2
61	157	UID1493	81	48	2	2
53	142	UID182545	78	41	2	2
79	177	UID182463	77	59	2	2
64	150	UID182496	77	55	2	2
56	140	UID182532	76	50	2	2
63	147	UID8445	75	53	2	2
64	144	UID182533	68	51	2	2
63	141	UID182492	66	52	3	3
68	142	UID182514	65	57	2	2
45	119	UID182636	61	31	2	2
45	107	UID182515	57	39	2	2
62	126	UID33894	55	52	2	2
36	89	UID182646	50	31	2	2
31	81	UID1	50	29	2	2
20	70	UID182652	49	17	1	1
27	73	UID941	46	25	2	2
42	92	UID51833	44	35	2	2
25	71	UID182631	43	20	1	1
45	100	UID8510	43	34	2	2
25	75	UID148140	42	19	2	2
28	76	UID8438	42	20	2	2
37	91	UID8546	42	28	2	2
39	86	UID182626	41	32	2	2
36	81	UID329	41	30	2	2
27	72	UID182575	39	20	1	1
22	64	UID182674	39	18	2	2
27	69	UID182708	39	22	2	2
21	63	UID182722	39	17	1	1
32	74	UID182616	38	26	2	2
19	56	UID182710	36	16	1	1
32	71	UID182528	35	27	2	2
18	54	UID182653	33	13	1	1
24	52	UID182723	28	22	2	2
30	59	UID33895	28	27	2	2
19	45	UID182765	27	18	1	1
26	52	UID51887	27	25	1	1
27	54	UID182901	26	24	1	1
23	53	UID194	26	19	2	2
28	55	UID182783	25	24	2	2
17	42	UID182816	25	15	2	2
7	32	UID826356	24	4	1	1
32	58	UID182706	22	28	2	2
36	65	UID182748	22	29	2	2
13	37	UID183000	21	8	3	3
16	36	UID182763	20	14	2	2
22	40	UID182662	19	21	1	1
21	42	UID29167	19	17	2	2
12	31	UID182736	18	9	2	2
3	19	UID826362	17	2	0	0
17	33	UID182592	16	15	2	2
20	39	UID182642	16	15	2	2
9	25	UID182782	16	7	1	1
15	31	UID182663	15	12	1	1
13	31	UID448	15	10	2	2
19	33	UID182767	14	17	1	1
6	19	UID71	14	5	1	1
19	35	UID8492	14	15	1	1
12	26	UID182766	13	9	1	1
12	26	UID182888	13	9	2	2
9	24	UID183159	13	6	1	1
9	21	UID826367	13	8	1	1
3	14	UID826373	12	2	0	0
12	22	UID182752	11	11	2	2
3	14	UID826380	11	1	0	0
2	12	UID826381	11	1	0	0
4	14	UID826382	11	3	0	0
9	18	UID1484	10	8	1	1
11	22	UID182948	10	8	1	1
2	11	UID184059	10	1	1	1
1	10	UID826383	10	0	0	0
1	10	UID826384	10	0	0	0
9	17	UID187843	9	8	1	1
2	10	UID826391	9	1	1	1
3	11	UID826393	9	2	0	0
2	11	UID826394	9	0	0	0
7	17	UID8550	9	5	1	1
7	14	UID1008	8	6	1	1
6	13	UID182945	8	5	1	1
6	13	UID374	8	5	1	1
12	25	UID51664	8	10	2	2
3	10	UID826395	8	2	1	1
1	8	UID826396	8	0	0	0
2	9	UID826403	8	1	0	0
1	8	UID826405	8	0	0	0
3	10	UID826406	8	2	1	1
6	13	UID9923	8	5	1	1
7	14	UID183374	7	5	1	1
5	11	UID188213	7	4	1	1
2	8	UID190615	7	1	1	1
2	8	UID209452	7	1	0	0
6	12	UID608	7	5	1	1
4	11	UID826409	7	2	1	1
1	7	UID826410	7	0	0	0
2	9	UID826419	7	0	0	0
1	7	UID826421	7	0	0	0
2	8	UID826422	7	1	0	0
2	8	UID826423	7	1	1	1
3	8	UID1009	6	2	1	1
6	11	UID182897	6	5	1	1
4	9	UID183135	6	3	1	1
11	21	UID183161	6	8	2	2
6	12	UID192940	6	4	1	1
7	14	UID40248	6	4	2	2
8	17	UID469209	6	4	2	2
1	6	UID826427	6	0	0	0
1	6	UID826428	6	0	0	0
1	6	UID826429	6	0	0	0
1	6	UID826430	6	0	0	0
1	6	UID826431	6	0	0	0
3	8	UID826442	6	2	0	0
2	7	UID826443	6	1	0	0
3	8	UID826444	6	2	1	1
1	6	UID826445	6	0	0	0
1	6	UID826446	6	0	0	0
4	8	UID111685	5	3	2	2
2	6	UID111790	5	1	0	0
2	6	UID116568	5	1	1	1
10	14	UID167094	5	9	2	2
8	13	UID182709	5	6	2	2
5	9	UID182894	5	4	1	1
2	6	UID183263	5	1	1	1
3	7	UID183323	5	2	1	1
1	5	UID231885	5	0	0	0
6	14	UID2	5	3	1	1
9	13	UID52732	5	8	1	1
8	12	UID800517	5	7	1	1
2	6	UID826448	5	1	0	0
1	5	UID826449	5	0	0	0
2	6	UID826450	5	1	1	1
1	5	UID826452	5	0	0	0
1	5	UID826453	5	0	0	0
1	5	UID826456	5	0	0	0
2	6	UID826457	5	1	0	0
5	9	UID826459	5	4	1	1
4	8	UID826460	5	3	1	1
2	6	UID826476	5	1	0	0
1	5	UID826477	5	0	0	0
1	5	UID826478	5	0	0	0
2	7	UID826479	5	0	0	0
1	5	UID826482	5	0	0	0
1	5	UID826484	5	0	0	0
2	6	UID826485	5	1	0	0
1	5	UID826486	5	0	0	0
2	6	UID826488	5	1	1	1
1	5	UID826489	5	0	0	0
16	22	UID119	4	12	2	2
6	9	UID183154	4	5	1	1
4	7	UID183262	4	3	1	1
3	7	UID189461	4	1	0	0
1	4	UID189614	4	0	0	0
2	5	UID190348	4	1	1	1
2	5	UID281938	4	1	1	1
3	6	UID284708	4	2	1	1
1	4	UID404	4	0	0	0
2	5	UID51670	4	1	0	0
5	8	UID67639	4	4	1	1
5	8	UID7997	4	4	1	1
2	6	UID826494	4	0	0	0
2	5	UID826496	4	1	1	1
4	8	UID826497	4	2	0	0
1	4	UID826499	4	0	0	0
2	5	UID826501	4	1	0	0
2	5	UID826502	4	1	1	1
1	4	UID826503	4	0	0	0
3	6	UID826504	4	2	0	0
1	4	UID826511	4	0	0	0
1	4	UID826514	4	0	0	0
9	15	UID826516	4	7	2	2
1	4	UID826535	4	0	0	0
1	4	UID826542	4	0	0	0
1	4	UID826545	4	0	0	0
1	4	UID826547	4	0	0	0
2	5	UID826548	4	1	0	0
3	6	UID826549	4	2	0	0
2	5	UID826550	4	1	0	0
1	4	UID826551	4	0	0	0
1	4	UID826552	4	0	0	0
2	5	UID826554	4	1	0	0
2	5	UID826555	4	1	0	0
2	5	UID826556	4	1	0	0
1	4	UID826560	4	0	0	0
2	5	UID826561	4	1	0	0
2	5	UID826562	4	1	1	1
3	6	UID826564	4	2	1	1
1	4	UID826565	4	0	0	0
2	5	UID826571	4	1	0	0
1	4	UID826573	4	0	0	0
2	5	UID826574	4	1	0	0
1	4	UID826575	4	0	0	0
3	7	UID8580	4	1	1	1
8	15	UID934	4	4	1	1
3	6	UID9651	4	2	2	2
4	6	UID116551	3	3	1	1
4	7	UID1475	3	2	1	1
4	6	UID182944	3	3	1	1
2	4	UID183160	3	1	1	1
5	8	UID183162	3	3	1	1
5	7	UID183304	3	4	1	1
4	6	UID183307	3	3	1	1
1	3	UID187226	3	0	0	0
4	7	UID187678	3	2	2	2
1	3	UID189615	3	0	0	0
2	4	UID189858	3	1	1	1
3	5	UID189936	3	2	1	1
4	7	UID189974	3	2	1	1
3	5	UID190052	3	2	0	0
1	3	UID190092	3	0	0	0
1	3	UID203548	3	0	0	0
2	4	UID209437	3	1	1	1
3	5	UID209617	3	2	1	1
1	3	UID282169	3	0	0	0
1	3	UID286314	3	0	0	0
4	7	UID298621	3	2	1	1
3	5	UID46159	3	2	0	0
1	3	UID46234	3	0	0	0
1	3	UID478528	3	0	0	0
1	3	UID67632	3	0	0	0
9	14	UID7890	3	5	2	2
1	3	UID826576	3	0	0	0
2	4	UID826578	3	1	0	0
1	3	UID826582	3	0	0	0
1	3	UID826584	3	0	0	0
1	3	UID826587	3	0	0	0
1	3	UID826593	3	0	0	0
1	3	UID826598	3	0	0	0
2	4	UID826601	3	1	1	1
1	3	UID826603	3	0	0	0
1	3	UID826604	3	0	0	0
1	3	UID826606	3	0	0	0
1	3	UID826607	3	0	0	0
1	3	UID826608	3	0	0	0
1	3	UID826610	3	0	0	0
1	3	UID826612	3	0	0	0
1	3	UID826614	3	0	0	0
1	3	UID826615	3	0	0	0
1	3	UID826618	3	0	0	0
2	4	UID826624	3	1	0	0
3	5	UID826627	3	2	1	1
1	3	UID826629	3	0	0	0
1	3	UID826639	3	0	0	0
1	3	UID826643	3	0	0	0
1	3	UID826651	3	0	0	0
1	3	UID826654	3	0	0	0
1	3	UID826665	3	0	0	0
1	3	UID826668	3	0	0	0
1	3	UID826675	3	0	0	0
1	3	UID826676	3	0	0	0
1	3	UID826677	3	0	0	0
1	3	UID826679	3	0	0	0
1	3	UID826681	3	0	0	0
1	3	UID826682	3	0	0	0
1	3	UID826685	3	0	0	0
1	3	UID826686	3	0	0	0
1	3	UID826689	3	0	0	0
2	4	UID826690	3	1	0	0
5	9	UID826697	3	3	2	2
1	3	UID826732	3	0	0	0
6	9	UID826747	3	4	2	2
2	4	UID826748	3	1	1	1
1	3	UID826751	3	0	0	0
1	3	UID826754	3	0	0	0
1	3	UID826757	3	0	0	0
1	3	UID826761	3	0	0	0
1	3	UID826762	3	0	0	0
1	3	UID826764	3	0	0	0
1	3	UID826767	3	0	0	0
2	4	UID826768	3	1	0	0
1	3	UID826770	3	0	0	0
1	3	UID826771	3	0	0	0
1	3	UID826775	3	0	0	0
1	3	UID826785	3	0	0	0
1	3	UID826788	3	0	0	0
1	3	UID826789	3	0	0	0
1	3	UID826792	3	0	0	0
1	3	UID826799	3	0	0	0
1	3	UID826800	3	0	0	0
1	3	UID826801	3	0	0	0
1	3	UID826805	3	0	0	0
1	3	UID826813	3	0	0	0
2	5	UID826816	3	0	0	0
3	5	UID826817	3	2	1	1
1	3	UID826818	3	0	0	0
1	3	UID826819	3	0	0	0
1	3	UID826820	3	0	0	0
3	6	UID826821	3	1	0	0
2	4	UID826822	3	1	1	1
2	5	UID826823	3	0	0	0
1	3	UID826824	3	0	0	0
1	3	UID826825	3	0	0	0
1	3	UID826826	3	0	0	0
3	6	UID826829	3	1	0	0
1	3	UID826830	3	0	0	0
1	3	UID826831	3	0	0	0
1	3	UID826832	3	0	0	0
2	4	UID826833	3	1	0	0
3	5	UID826834	3	2	1	1
1	3	UID826835	3	0	0	0
1	3	UID826836	3	0	0	0
1	3	UID826837	3	0	0	0
1	3	UID826840	3	0	0	0
1	3	UID826845	3	0	0	0
1	3	UID826852	3	0	0	0
2	4	UID826853	3	1	0	0
1	3	UID826854	3	0	0	0
2	4	UID826857	3	1	0	0
1	3	UID826861	3	0	0	0
1	3	UID826862	3	0	0	0
1	3	UID826866	3	0	0	0
1	3	UID826868	3	0	0	0
1	3	UID826872	3	0	0	0
1	3	UID826879	3	0	0	0
2	4	UID826884	3	1	0	0
1	3	UID826885	3	0	0	0
1	3	UID826886	3	0	0	0
1	3	UID826887	3	0	0	0
2	4	UID826890	3	1	0	0
1	3	UID826891	3	0	0	0
1	3	UID826901	3	0	0	0
1	3	UID826902	3	0	0	0
1	3	UID826905	3	0	0	0
1	3	UID826907	3	0	0	0
1	3	UID826908	3	0	0	0
1	3	UID826912	3	0	0	0
1	3	UID826914	3	0	0	0
1	3	UID826917	3	0	0	0
4	7	UID8532	3	2	2	2
6	9	UID8534	3	4	1	1
5	7	UID8539	3	4	1	1
8	12	UID8599	3	5	1	1
2	3	UID116662	2	1	1	1
1	2	UID126266	2	0	0	0
8	10	UID183268	2	6	1	1
2	3	UID183301	2	1	1	1
4	5	UID183381	2	3	1	1
4	5	UID188210	2	3	1	1
5	7	UID189212	2	3	1	1
2	3	UID190537	2	1	1	1
3	4	UID193567	2	2	1	1
7	10	UID246	2	4	1	1
2	3	UID282120	2	1	1	1
4	5	UID283072	2	3	2	2
1	2	UID286	2	0	0	0
7	8	UID287246	2	6	2	2
6	7	UID288124	2	5	2	2
3	4	UID298556	2	2	2	2
2	4	UID328	2	0	1	1
2	3	UID382947	2	1	1	1
2	3	UID548649	2	1	1	1
2	4	UID65768	2	0	1	1
7	9	UID70418	2	5	2	2
3	4	UID7897	2	2	1	1
1	2	UID815436	2	0	0	0
1	2	UID826925	2	0	0	0
1	2	UID826930	2	0	0	0
2	3	UID826935	2	1	1	1
1	2	UID826942	2	0	0	0
1	2	UID826956	2	0	0	0
1	2	UID826975	2	0	0	0
2	3	UID826982	2	1	1	1
1	2	UID826986	2	0	0	0
2	3	UID827004	2	1	1	1
1	2	UID827020	2	0	0	0
1	2	UID827038	2	0	0	0
1	2	UID827041	2	0	0	0
1	2	UID827047	2	0	0	0
2	3	UID827065	2	1	1	1
1	2	UID827066	2	0	0	0
2	3	UID827069	2	1	1	1
1	2	UID827072	2	0	0	0
2	3	UID827095	2	1	1	1
1	2	UID827099	2	0	0	0
2	3	UID827110	2	1	1	1
1	2	UID827122	2	0	0	0
2	3	UID827123	2	1	1	1
1	2	UID827131	2	0	0	0
1	2	UID827136	2	0	0	0
1	2	UID827145	2	0	0	0
3	4	UID827165	2	2	1	1
2	3	UID827182	2	1	1	1
1	2	UID827240	2	0	0	0
2	3	UID827242	2	1	1	1
1	2	UID827247	2	0	0	0
1	2	UID827274	2	0	0	0
2	3	UID827277	2	1	1	1
1	2	UID827355	2	0	0	0
1	2	UID827357	2	0	0	0
2	3	UID827358	2	1	1	1
2	3	UID827378	2	1	1	1
1	2	UID827385	2	0	0	0
1	2	UID827390	2	0	0	0
3	4	UID827416	2	2	1	1
1	2	UID827431	2	0	0	0
1	2	UID827432	2	0	0	0
2	3	UID827434	2	1	1	1
1	2	UID827439	2	0	0	0
1	2	UID827450	2	0	0	0
1	2	UID827457	2	0	0	0
1	2	UID827464	2	0	0	0
1	2	UID827466	2	0	0	0
1	2	UID827486	2	0	0	0
8	9	UID827516	2	7	1	1
1	2	UID827582	2	0	0	0
2	3	UID827676	2	1	1	1
2	3	UID827780	2	1	1	1
2	3	UID827783	2	1	1	1
4	5	UID827787	2	3	1	1
1	2	UID827788	2	0	0	0
1	2	UID827790	2	0	0	0
1	2	UID827793	2	0	0	0
2	3	UID827800	2	1	1	1
1	2	UID827822	2	0	0	0
1	2	UID827823	2	0	0	0
1	2	UID827829	2	0	0	0
2	3	UID827830	2	1	1	1
1	2	UID827831	2	0	0	0
1	2	UID827846	2	0	0	0
2	3	UID827850	2	1	1	1
1	2	UID827859	2	0	0	0
1	2	UID827901	2	0	0	0
1	2	UID827932	2	0	0	0
1	2	UID827933	2	0	0	0
1	2	UID827949	2	0	0	0
1	2	UID827950	2	0	0	0
1	2	UID827951	2	0	0	0
1	2	UID827952	2	0	0	0
1	2	UID827953	2	0	0	0
1	2	UID827954	2	0	0	0
1	2	UID827959	2	0	0	0
1	2	UID827966	2	0	0	0
1	2	UID827998	2	0	0	0
1	2	UID827999	2	0	0	0
1	2	UID828007	2	0	0	0
1	2	UID828009	2	0	0	0
1	2	UID828012	2	0	0	0
1	2	UID828029	2	0	0	0
5	6	UID828039	2	4	1	1
1	2	UID828040	2	0	0	0
1	2	UID828042	2	0	0	0
1	2	UID828093	2	0	0	0
1	2	UID828097	2	0	0	0
1	2	UID828109	2	0	0	0
2	3	UID828111	2	1	1	1
1	2	UID828117	2	0	0	0
1	2	UID828122	2	0	0	0
2	3	UID828138	2	1	1	1
2	3	UID828140	2	1	1	1
3	4	UID828143	2	2	1	1
1	2	UID828145	2	0	0	0
1	2	UID828147	2	0	0	0
1	2	UID828151	2	0	0	0
1	2	UID828170	2	0	0	0
1	2	UID828171	2	0	0	0
1	2	UID828172	2	0	0	0
1	2	UID828178	2	0	0	0
1	2	UID828187	2	0	0	0
3	4	UID828190	2	2	1	1
1	2	UID828193	2	0	0	0
1	2	UID828195	2	0	0	0
1	2	UID828204	2	0	0	0
2	3	UID828214	2	1	1	1
1	2	UID828218	2	0	0	0
2	3	UID828245	2	1	1	1
1	2	UID828246	2	0	0	0
1	2	UID828261	2	0	0	0
2	3	UID828264	2	1	1	1
1	2	UID828267	2	0	0	0
1	2	UID828293	2	0	0	0
1	2	UID828295	2	0	0	0
1	2	UID828315	2	0	0	0
1	2	UID828316	2	0	0	0
1	2	UID828326	2	0	0	0
1	2	UID828336	2	0	0	0
1	2	UID828354	2	0	0	0
1	2	UID828356	2	0	0	0
3	4	UID828359	2	2	2	2
1	2	UID828360	2	0	0	0
1	2	UID828372	2	0	0	0
1	2	UID828373	2	0	0	0
2	3	UID828381	2	1	1	1
1	2	UID828389	2	0	0	0
1	2	UID828392	2	0	0	0
1	2	UID828394	2	0	0	0
1	2	UID828404	2	0	0	0
2	3	UID828432	2	1	1	1
1	2	UID828468	2	0	0	0
4	5	UID828470	2	3	1	1
2	3	UID828485	2	1	1	1
2	3	UID828491	2	1	1	1
1	2	UID828498	2	0	0	0
1	2	UID828501	2	0	0	0
1	2	UID828511	2	0	0	0
2	3	UID828512	2	1	1	1
1	2	UID828519	2	0	0	0
7	8	UID8549	2	6	2	2
3	4	UID8551	2	2	1	1
2	3	UID8554	2	1	1	1
6	7	UID8628	2	5	1	1
4	5	UID932	2	3	1	1
7	8	UID940	2	6	1	1
2	2	UID112680	1	2	1	1
1	1	UID162766	1	1	0	0
1	1	UID183273	1	1	0	0
3	3	UID187967	1	3	1	1
3	3	UID190116	1	3	1	1
1	1	UID20550	1	1	0	0
2	2	UID206453	1	2	1	1
2	2	UID225431	1	2	1	1
3	3	UID232067	1	3	1	1
1	1	UID268	1	1	0	0
1	1	UID286030	1	1	0	0
1	1	UID302394	1	1	0	0
1	1	UID325201	1	1	0	0
1	1	UID336088	1	1	0	0
1	1	UID35821	1	1	0	0
1	1	UID450364	1	1	0	0
1	1	UID450377	1	1	0	0
2	2	UID51188	1	2	1	1
1	1	UID52142	1	1	0	0
1	1	UID52397	1	1	0	0
1	1	UID52398	1	1	0	0
1	1	UID541808	1	1	0	0
1	1	UID58280	1	1	0	0
1	1	UID59349	1	1	0	0
1	1	UID70080	1	1	0	0
3	3	UID7580	1	3	1	1
2	2	UID78681	1	2	1	1
1	1	UID80062	1	1	0	0
1	1	UID800930	1	1	0	0
1	1	UID802539	1	1	0	0
1	1	UID825154	1	1	0	0
1	1	UID828530	1	1	0	0
1	1	UID828531	1	1	0	0
1	1	UID828532	1	1	0	0
1	1	UID828533	1	1	0	0
1	1	UID828534	1	1	0	0
1	1	UID828535	1	1	0	0
1	1	UID828536	1	1	0	0
1	1	UID828537	1	1	0	0
1	1	UID828538	1	1	0	0
1	1	UID828539	1	1	0	0
1	1	UID828540	1	1	0	0
1	1	UID828541	1	1	0	0
1	1	UID828542	1	1	0	0
1	1	UID828543	1	1	0	0
1	1	UID828544	1	1	0	0
1	1	UID828546	1	1	0	0
1	1	UID828548	1	1	0	0
1	1	UID828550	1	1	0	0
1	1	UID828558	1	1	0	0
1	1	UID828562	1	1	0	0
1	1	UID828563	1	1	0	0
1	1	UID828568	1	1	0	0
1	1	UID828576	1	1	0	0
1	1	UID828577	1	1	0	0
1	1	UID828578	1	1	0	0
1	1	UID828579	1	1	0	0
1	1	UID828580	1	1	0	0
1	1	UID828581	1	1	0	0
1	1	UID828582	1	1	0	0
1	1	UID828583	1	1	0	0
1	1	UID828584	1	1	0	0
1	1	UID828585	1	1	0	0
1	1	UID828586	1	1	0	0
1	1	UID828587	1	1	0	0
1	1	UID828588	1	1	0	0
1	1	UID828592	1	1	0	0
1	1	UID828594	1	1	0	0
1	1	UID828595	1	1	0	0
1	1	UID828597	1	1	0	0
2	2	UID828603	1	2	1	1
1	1	UID828605	1	1	0	0
1	1	UID828606	1	1	0	0
1	1	UID828608	1	1	0	0
1	1	UID828610	1	1	0	0
1	1	UID828617	1	1	0	0
1	1	UID828619	1	1	0	0
1	1	UID828624	1	1	0	0
1	1	UID828647	1	1	0	0
1	1	UID828651	1	1	0	0
1	1	UID828652	1	1	0	0
1	1	UID828657	1	1	0	0
1	1	UID828661	1	1	0	0
1	1	UID828662	1	1	0	0
1	1	UID828663	1	1	0	0
1	1	UID828664	1	1	0	0
1	1	UID828665	1	1	0	0
1	1	UID828672	1	1	0	0
1	1	UID828674	1	1	0	0
1	1	UID828683	1	1	0	0
1	1	UID828684	1	1	0	0
1	1	UID828685	1	1	0	0
1	1	UID828687	1	1	0	0
1	1	UID828688	1	1	0	0
1	1	UID828689	1	1	0	0
1	1	UID828690	1	1	0	0
1	1	UID828693	1	1	0	0
1	1	UID828694	1	1	0	0
1	1	UID828695	1	1	0	0
1	1	UID828697	1	1	0	0
1	1	UID828698	1	1	0	0
1	1	UID828699	1	1	0	0
1	1	UID828700	1	1	0	0
1	1	UID828701	1	1	0	0
1	1	UID828702	1	1	0	0
1	1	UID828704	1	1	0	0
1	1	UID828710	1	1	0	0
1	1	UID828711	1	1	0	0
1	1	UID828712	1	1	0	0
1	1	UID828715	1	1	0	0
1	1	UID828717	1	1	0	0
1	1	UID828719	1	1	0	0
1	1	UID828720	1	1	0	0
1	1	UID828721	1	1	0	0
1	1	UID828722	1	1	0	0
1	1	UID828723	1	1	0	0
1	1	UID828725	1	1	0	0
1	1	UID828726	1	1	0	0
1	1	UID828727	1	1	0	0
1	1	UID828729	1	1	0	0
1	1	UID828730	1	1	0	0
1	1	UID828731	1	1	0	0
1	1	UID828732	1	1	0	0
1	1	UID828733	1	1	0	0
1	1	UID828734	1	1	0	0
1	1	UID828735	1	1	0	0
1	1	UID828736	1	1	0	0
1	1	UID828737	1	1	0	0
1	1	UID828738	1	1	0	0
1	1	UID828742	1	1	0	0
1	1	UID828743	1	1	0	0
1	1	UID828749	1	1	0	0
1	1	UID828750	1	1	0	0
1	1	UID828751	1	1	0	0
1	1	UID828752	1	1	0	0
1	1	UID828753	1	1	0	0
1	1	UID828755	1	1	0	0
1	1	UID828760	1	1	0	0
1	1	UID828761	1	1	0	0
1	1	UID828766	1	1	0	0
1	1	UID828768	1	1	0	0
1	1	UID828770	1	1	0	0
1	1	UID828799	1	1	0	0
1	1	UID828803	1	1	0	0
1	1	UID828804	1	1	0	0
2	2	UID828805	1	2	1	1
1	1	UID828812	1	1	0	0
1	1	UID828813	1	1	0	0
1	1	UID828814	1	1	0	0
1	1	UID828816	1	1	0	0
1	1	UID828821	1	1	0	0
1	1	UID828822	1	1	0	0
1	1	UID828825	1	1	0	0
1	1	UID828828	1	1	0	0
1	1	UID828831	1	1	0	0
1	1	UID828832	1	1	0	0
1	1	UID828833	1	1	0	0
1	1	UID828835	1	1	0	0
1	1	UID828836	1	1	0	0
1	1	UID828838	1	1	0	0
1	1	UID828839	1	1	0	0
1	1	UID828840	1	1	0	0
1	1	UID828841	1	1	0	0
1	1	UID828842	1	1	0	0
1	1	UID828843	1	1	0	0
1	1	UID828845	1	1	0	0
1	1	UID828846	1	1	0	0
1	1	UID828849	1	1	0	0
1	1	UID828850	1	1	0	0
1	1	UID828852	1	1	0	0
1	1	UID828853	1	1	0	0
1	1	UID828854	1	1	0	0
1	1	UID828855	1	1	0	0
1	1	UID828861	1	1	0	0
1	1	UID828863	1	1	0	0
1	1	UID828864	1	1	0	0
1	1	UID828870	1	1	0	0
1	1	UID828876	1	1	0	0
1	1	UID828890	1	1	0	0
1	1	UID828893	1	1	0	0
1	1	UID828895	1	1	0	0
1	1	UID828896	1	1	0	0
1	1	UID828900	1	1	0	0
1	1	UID828902	1	1	0	0
1	1	UID828903	1	1	0	0
1	1	UID828904	1	1	0	0
1	1	UID828913	1	1	0	0
1	1	UID828918	1	1	0	0
1	1	UID828921	1	1	0	0
1	1	UID828926	1	1	0	0
1	1	UID828931	1	1	0	0
1	1	UID828932	1	1	0	0
1	1	UID828933	1	1	0	0
1	1	UID828935	1	1	0	0
1	1	UID828936	1	1	0	0
1	1	UID828937	1	1	0	0
1	1	UID828938	1	1	0	0
1	1	UID828939	1	1	0	0
1	1	UID828940	1	1	0	0
1	1	UID828941	1	1	0	0
1	1	UID828942	1	1	0	0
1	1	UID828943	1	1	0	0
1	1	UID828944	1	1	0	0
1	1	UID828946	1	1	0	0
1	1	UID828947	1	1	0	0
1	1	UID828948	1	1	0	0
1	1	UID828954	1	1	0	0
1	1	UID828956	1	1	0	0
1	1	UID828957	1	1	0	0
1	1	UID828958	1	1	0	0
1	1	UID828959	1	1	0	0
1	1	UID828960	1	1	0	0
1	1	UID828961	1	1	0	0
1	1	UID828962	1	1	0	0
1	1	UID828963	1	1	0	0
1	1	UID828964	1	1	0	0
1	1	UID828966	1	1	0	0
1	1	UID828967	1	1	0	0
1	1	UID828969	1	1	0	0
1	1	UID828970	1	1	0	0
1	1	UID828974	1	1	0	0
1	1	UID828983	1	1	0	0
1	1	UID828984	1	1	0	0
1	1	UID828985	1	1	0	0
1	1	UID828988	1	1	0	0
1	1	UID828995	1	1	0	0
1	1	UID829002	1	1	0	0
1	1	UID829003	1	1	0	0
1	1	UID829017	1	1	0	0
1	1	UID829018	1	1	0	0
1	1	UID829024	1	1	0	0
1	1	UID829025	1	1	0	0
1	1	UID829029	1	1	0	0
1	1	UID829031	1	1	0	0
1	1	UID829032	1	1	0	0
1	1	UID829033	1	1	0	0
1	1	UID829036	1	1	0	0
1	1	UID829038	1	1	0	0
1	1	UID829040	1	1	0	0
1	1	UID829046	1	1	0	0
1	1	UID829047	1	1	0	0
1	1	UID829049	1	1	0	0
1	1	UID829052	1	1	0	0
1	1	UID829054	1	1	0	0
1	1	UID829056	1	1	0	0
1	1	UID829071	1	1	0	0
1	1	UID829072	1	1	0	0
1	1	UID829073	1	1	0	0
1	1	UID829074	1	1	0	0
1	1	UID829075	1	1	0	0
1	1	UID829076	1	1	0	0
1	1	UID829077	1	1	0	0
1	1	UID829078	1	1	0	0
1	1	UID829079	1	1	0	0
1	1	UID829080	1	1	0	0
1	1	UID829081	1	1	0	0
1	1	UID829082	1	1	0	0
1	1	UID829084	1	1	0	0
1	1	UID829085	1	1	0	0
1	1	UID829086	1	1	0	0
1	1	UID829087	1	1	0	0
1	1	UID829088	1	1	0	0
1	1	UID829089	1	1	0	0
1	1	UID829090	1	1	0	0
1	1	UID829091	1	1	0	0
1	1	UID829092	1	1	0	0
1	1	UID829093	1	1	0	0
1	1	UID829095	1	1	0	0
1	1	UID829102	1	1	0	0
1	1	UID829106	1	1	0	0
1	1	UID829110	1	1	0	0
1	1	UID829113	1	1	0	0
1	1	UID829114	1	1	0	0
1	1	UID829115	1	1	0	0
1	1	UID829116	1	1	0	0
1	1	UID829117	1	1	0	0
1	1	UID829118	1	1	0	0
1	1	UID829119	1	1	0	0
1	1	UID829120	1	1	0	0
1	1	UID829121	1	1	0	0
1	1	UID829122	1	1	0	0
1	1	UID829123	1	1	0	0
1	1	UID829125	1	1	0	0
1	1	UID829130	1	1	0	0
1	1	UID829131	1	1	0	0
1	1	UID829136	1	1	0	0
1	1	UID829171	1	1	0	0
1	1	UID829174	1	1	0	0
1	1	UID829178	1	1	0	0
1	1	UID829182	1	1	0	0
1	1	UID829183	1	1	0	0
1	1	UID829184	1	1	0	0
1	1	UID829185	1	1	0	0
1	1	UID829186	1	1	0	0
1	1	UID829188	1	1	0	0
1	1	UID829189	1	1	0	0
1	1	UID829190	1	1	0	0
1	1	UID829191	1	1	0	0
1	1	UID829193	1	1	0	0
1	1	UID829194	1	1	0	0
1	1	UID829195	1	1	0	0
1	1	UID829197	1	1	0	0
1	1	UID829198	1	1	0	0
1	1	UID829199	1	1	0	0
1	1	UID829201	1	1	0	0
1	1	UID829202	1	1	0	0
1	1	UID829205	1	1	0	0
1	1	UID829207	1	1	0	0
1	1	UID829208	1	1	0	0
1	1	UID829210	1	1	0	0
1	1	UID829211	1	1	0	0
1	1	UID829212	1	1	0	0
1	1	UID829213	1	1	0	0
1	1	UID829214	1	1	0	0
1	1	UID829215	1	1	0	0
1	1	UID829216	1	1	0	0
1	1	UID829217	1	1	0	0
1	1	UID829218	1	1	0	0
1	1	UID829219	1	1	0	0
1	1	UID829220	1	1	0	0
1	1	UID829221	1	1	0	0
1	1	UID829222	1	1	0	0
1	1	UID829224	1	1	0	0
1	1	UID829225	1	1	0	0
1	1	UID829227	1	1	0	0
1	1	UID829229	1	1	0	0
1	1	UID829237	1	1	0	0
1	1	UID829238	1	1	0	0
1	1	UID829239	1	1	0	0
1	1	UID829244	1	1	0	0
1	1	UID829246	1	1	0	0
1	1	UID829255	1	1	0	0
1	1	UID829260	1	1	0	0
1	1	UID829262	1	1	0	0
1	1	UID829277	1	1	0	0
1	1	UID829278	1	1	0	0
1	1	UID829279	1	1	0	0
1	1	UID829280	1	1	0	0
1	1	UID829281	1	1	0	0
1	1	UID829284	1	1	0	0
1	1	UID829289	1	1	0	0
1	1	UID829290	1	1	0	0
1	1	UID829291	1	1	0	0
1	1	UID829294	1	1	0	0
1	1	UID829296	1	1	0	0
1	1	UID829297	1	1	0	0
1	1	UID829298	1	1	0	0
1	1	UID829300	1	1	0	0
1	1	UID829301	1	1	0	0
1	1	UID829305	1	1	0	0
1	1	UID829306	1	1	0	0
1	1	UID829314	1	1	0	0
1	1	UID829320	1	1	0	0
1	1	UID829321	1	1	0	0
1	1	UID829323	1	1	0	0
1	1	UID829329	1	1	0	0
1	1	UID829337	1	1	0	0
1	1	UID829338	1	1	0	0
1	1	UID829367	1	1	0	0
1	1	UID829369	1	1	0	0
1	1	UID829371	1	1	0	0
1	1	UID829373	1	1	0	0
1	1	UID829381	1	1	0	0
1	1	UID829386	1	1	0	0
1	1	UID829392	1	1	0	0
1	1	UID829397	1	1	0	0
1	1	UID829398	1	1	0	0
1	1	UID829400	1	1	0	0
1	1	UID829402	1	1	0	0
1	1	UID829403	1	1	0	0
1	1	UID829408	1	1	0	0
1	1	UID829411	1	1	0	0
1	1	UID829412	1	1	0	0
1	1	UID829422	1	1	0	0
1	1	UID829425	1	1	0	0
1	1	UID829426	1	1	0	0
1	1	UID829427	1	1	0	0
1	1	UID829428	1	1	0	0
1	1	UID829429	1	1	0	0
1	1	UID829430	1	1	0	0
1	1	UID829431	1	1	0	0
1	1	UID829432	1	1	0	0
1	1	UID829434	1	1	0	0
1	1	UID829435	1	1	0	0
1	1	UID829437	1	1	0	0
1	1	UID829438	1	1	0	0
1	1	UID829439	1	1	0	0
1	1	UID829440	1	1	0	0
1	1	UID829441	1	1	0	0
1	1	UID829442	1	1	0	0
1	1	UID829443	1	1	0	0
2	2	UID829448	1	2	1	1
1	1	UID829450	1	1	0	0
1	1	UID829453	1	1	0	0
1	1	UID829477	1	1	0	0
1	1	UID829489	1	1	0	0
1	1	UID829501	1	1	0	0
1	1	UID829512	1	1	0	0
1	1	UID829518	1	1	0	0
1	1	UID829519	1	1	0	0
1	1	UID829520	1	1	0	0
1	1	UID829521	1	1	0	0
1	1	UID829522	1	1	0	0
1	1	UID829523	1	1	0	0
1	1	UID829524	1	1	0	0
1	1	UID829525	1	1	0	0
1	1	UID829531	1	1	0	0
1	1	UID829534	1	1	0	0
1	1	UID829535	1	1	0	0
1	1	UID829536	1	1	0	0
1	1	UID829537	1	1	0	0
1	1	UID829539	1	1	0	0
1	1	UID829540	1	1	0	0
1	1	UID829541	1	1	0	0
1	1	UID829543	1	1	0	0
1	1	UID829546	1	1	0	0
2	2	UID829547	1	2	1	1
1	1	UID829553	1	1	0	0
1	1	UID829554	1	1	0	0
1	1	UID829567	1	1	0	0
1	1	UID829570	1	1	0	0
1	1	UID829584	1	1	0	0
1	1	UID829586	1	1	0	0
1	1	UID829588	1	1	0	0
1	1	UID829592	1	1	0	0
1	1	UID829598	1	1	0	0
1	1	UID829601	1	1	0	0
1	1	UID829604	1	1	0	0
1	1	UID829607	1	1	0	0
1	1	UID829609	1	1	0	0
1	1	UID829615	1	1	0	0
1	1	UID829617	1	1	0	0
1	1	UID829618	1	1	0	0
1	1	UID829619	1	1	0	0
1	1	UID829622	1	1	0	0
1	1	UID829624	1	1	0	0
1	1	UID829625	1	1	0	0
1	1	UID829626	1	1	0	0
1	1	UID829628	1	1	0	0
1	1	UID829629	1	1	0	0
1	1	UID829630	1	1	0	0
1	1	UID829631	1	1	0	0
1	1	UID829633	1	1	0	0
1	1	UID829634	1	1	0	0
1	1	UID829635	1	1	0	0
1	1	UID829636	1	1	0	0
1	1	UID829637	1	1	0	0
1	1	UID829647	1	1	0	0
1	1	UID829651	1	1	0	0
1	1	UID829652	1	1	0	0
1	1	UID829657	1	1	0	0
1	1	UID829668	1	1	0	0
1	1	UID829669	1	1	0	0
1	1	UID829671	1	1	0	0
1	1	UID829672	1	1	0	0
1	1	UID829673	1	1	0	0
1	1	UID829674	1	1	0	0
1	1	UID829675	1	1	0	0
1	1	UID829676	1	1	0	0
1	1	UID829677	1	1	0	0
1	1	UID829678	1	1	0	0
1	1	UID829679	1	1	0	0
1	1	UID829682	1	1	0	0
1	1	UID829683	1	1	0	0
1	1	UID829684	1	1	0	0
1	1	UID829685	1	1	0	0
1	1	UID829686	1	1	0	0
1	1	UID829687	1	1	0	0
1	1	UID829688	1	1	0	0
1	1	UID829689	1	1	0	0
1	1	UID829690	1	1	0	0
1	1	UID829691	1	1	0	0
1	1	UID829692	1	1	0	0
1	1	UID829693	1	1	0	0
4	4	UID829694	1	4	2	2
1	1	UID829696	1	1	0	0
1	1	UID829700	1	1	0	0
1	1	UID829703	1	1	0	0
1	1	UID829705	1	1	0	0
1	1	UID829706	1	1	0	0
1	1	UID829707	1	1	0	0
1	1	UID829708	1	1	0	0
1	1	UID829709	1	1	0	0
1	1	UID829710	1	1	0	0
1	1	UID829711	1	1	0	0
2	2	UID829713	1	2	1	1
1	1	UID829715	1	1	0	0
1	1	UID829717	1	1	0	0
1	1	UID829718	1	1	0	0
1	1	UID829721	1	1	0	0
1	1	UID829724	1	1	0	0
1	1	UID829746	1	1	0	0
1	1	UID829752	1	1	0	0
1	1	UID829753	1	1	0	0
1	1	UID829754	1	1	0	0
1	1	UID829755	1	1	0	0
1	1	UID829757	1	1	0	0
1	1	UID829761	1	1	0	0
1	1	UID829763	1	1	0	0
1	1	UID829768	1	1	0	0
1	1	UID829772	1	1	0	0
1	1	UID829773	1	1	0	0
1	1	UID829775	1	1	0	0
1	1	UID829782	1	1	0	0
1	1	UID829783	1	1	0	0
1	1	UID829807	1	1	0	0
1	1	UID829813	1	1	0	0
1	1	UID829815	1	1	0	0
1	1	UID829819	1	1	0	0
1	1	UID829823	1	1	0	0
1	1	UID829827	1	1	0	0
1	1	UID829836	1	1	0	0
1	1	UID829844	1	1	0	0
1	1	UID829846	1	1	0	0
1	1	UID829848	1	1	0	0
1	1	UID829850	1	1	0	0
1	1	UID829851	1	1	0	0
1	1	UID829854	1	1	0	0
1	1	UID829857	1	1	0	0
1	1	UID829862	1	1	0	0
1	1	UID829863	1	1	0	0
1	1	UID829864	1	1	0	0
1	1	UID829865	1	1	0	0
1	1	UID829866	1	1	0	0
1	1	UID829867	1	1	0	0
1	1	UID829868	1	1	0	0
1	1	UID829869	1	1	0	0
1	1	UID829870	1	1	0	0
1	1	UID829871	1	1	0	0
1	1	UID829872	1	1	0	0
1	1	UID829873	1	1	0	0
1	1	UID829874	1	1	0	0
1	1	UID829875	1	1	0	0
1	1	UID829895	1	1	0	0
1	1	UID829909	1	1	0	0
1	1	UID829911	1	1	0	0
1	1	UID829915	1	1	0	0
1	1	UID829917	1	1	0	0
1	1	UID829918	1	1	0	0
1	1	UID829923	1	1	0	0
1	1	UID829925	1	1	0	0
1	1	UID829926	1	1	0	0
1	1	UID829930	1	1	0	0
1	1	UID829931	1	1	0	0
1	1	UID829932	1	1	0	0
1	1	UID829933	1	1	0	0
1	1	UID829937	1	1	0	0
1	1	UID829938	1	1	0	0
1	1	UID829939	1	1	0	0
1	1	UID829947	1	1	0	0
1	1	UID829949	1	1	0	0
1	1	UID829954	1	1	0	0
1	1	UID829955	1	1	0	0
1	1	UID829956	1	1	0	0
1	1	UID829962	1	1	0	0
1	1	UID829988	1	1	0	0
1	1	UID829989	1	1	0	0
1	1	UID830002	1	1	0	0
1	1	UID830004	1	1	0	0
1	1	UID830006	1	1	0	0
1	1	UID830007	1	1	0	0
1	1	UID830008	1	1	0	0
1	1	UID830009	1	1	0	0
1	1	UID830011	1	1	0	0
1	1	UID830012	1	1	0	0
1	1	UID830017	1	1	0	0
1	1	UID830018	1	1	0	0
1	1	UID830019	1	1	0	0
1	1	UID830020	1	1	0	0
1	1	UID830023	1	1	0	0
1	1	UID830024	1	1	0	0
1	1	UID830025	1	1	0	0
1	1	UID830031	1	1	0	0
1	1	UID830042	1	1	0	0
1	1	UID830044	1	1	0	0
1	1	UID830047	1	1	0	0
1	1	UID830050	1	1	0	0
1	1	UID830051	1	1	0	0
1	1	UID830052	1	1	0	0
1	1	UID830053	1	1	0	0
1	1	UID830055	1	1	0	0
1	1	UID830056	1	1	0	0
1	1	UID830057	1	1	0	0
1	1	UID830059	1	1	0	0
1	1	UID830060	1	1	0	0
1	1	UID830061	1	1	0	0
1	1	UID830063	1	1	0	0
1	1	UID830064	1	1	0	0
1	1	UID830066	1	1	0	0
1	1	UID830068	1	1	0	0
1	1	UID830070	1	1	0	0
1	1	UID830071	1	1	0	0
1	1	UID830077	1	1	0	0
1	1	UID830080	1	1	0	0
1	1	UID830086	1	1	0	0
1	1	UID830121	1	1	0	0
1	1	UID830124	1	1	0	0
1	1	UID830130	1	1	0	0
1	1	UID830133	1	1	0	0
1	1	UID830134	1	1	0	0
1	1	UID830138	1	1	0	0
1	1	UID830140	1	1	0	0
1	1	UID830142	1	1	0	0
1	1	UID830144	1	1	0	0
1	1	UID830145	1	1	0	0
1	1	UID830147	1	1	0	0
1	1	UID830148	1	1	0	0
1	1	UID830149	1	1	0	0
1	1	UID830150	1	1	0	0
1	1	UID830152	1	1	0	0
1	1	UID830154	1	1	0	0
1	1	UID830155	1	1	0	0
1	1	UID830170	1	1	0	0
1	1	UID830172	1	1	0	0
1	1	UID830173	1	1	0	0
1	1	UID830175	1	1	0	0
1	1	UID830176	1	1	0	0
1	1	UID830177	1	1	0	0
1	1	UID830187	1	1	0	0
1	1	UID830188	1	1	0	0
1	1	UID830190	1	1	0	0
1	1	UID830196	1	1	0	0
1	1	UID830199	1	1	0	0
1	1	UID830200	1	1	0	0
1	1	UID830201	1	1	0	0
1	1	UID830202	1	1	0	0
1	1	UID830204	1	1	0	0
1	1	UID830205	1	1	0	0
1	1	UID830212	1	1	0	0
1	1	UID830213	1	1	0	0
1	1	UID830214	1	1	0	0
1	1	UID830215	1	1	0	0
1	1	UID830216	1	1	0	0
1	1	UID830218	1	1	0	0
1	1	UID830221	1	1	0	0
1	1	UID830230	1	1	0	0
1	1	UID830232	1	1	0	0
1	1	UID830250	1	1	0	0
1	1	UID830251	1	1	0	0
1	1	UID830258	1	1	0	0
1	1	UID830262	1	1	0	0
1	1	UID830265	1	1	0	0
1	1	UID830267	1	1	0	0
1	1	UID830274	1	1	0	0
1	1	UID830276	1	1	0	0
1	1	UID830278	1	1	0	0
1	1	UID830279	1	1	0	0
1	1	UID830280	1	1	0	0
1	1	UID830283	1	1	0	0
1	1	UID830285	1	1	0	0
1	1	UID830287	1	1	0	0
1	1	UID830294	1	1	0	0
1	1	UID830299	1	1	0	0
1	1	UID830300	1	1	0	0
1	1	UID830301	1	1	0	0
1	1	UID830305	1	1	0	0
1	1	UID830306	1	1	0	0
1	1	UID830307	1	1	0	0
1	1	UID830308	1	1	0	0
1	1	UID830310	1	1	0	0
1	1	UID830311	1	1	0	0
1	1	UID830312	1	1	0	0
1	1	UID830313	1	1	0	0
1	1	UID830320	1	1	0	0
1	1	UID830323	1	1	0	0
1	1	UID830345	1	1	0	0
1	1	UID830351	1	1	0	0
1	1	UID830352	1	1	0	0
1	1	UID830353	1	1	0	0
1	1	UID830354	1	1	0	0
1	1	UID830355	1	1	0	0
1	1	UID830356	1	1	0	0
1	1	UID830357	1	1	0	0
1	1	UID830358	1	1	0	0
1	1	UID830359	1	1	0	0
1	1	UID830360	1	1	0	0
1	1	UID830362	1	1	0	0
1	1	UID830363	1	1	0	0
1	1	UID830364	1	1	0	0
1	1	UID830365	1	1	0	0
1	1	UID830367	1	1	0	0
1	1	UID830368	1	1	0	0
1	1	UID830370	1	1	0	0
1	1	UID830372	1	1	0	0
1	1	UID830373	1	1	0	0
1	1	UID830374	1	1	0	0
1	1	UID830375	1	1	0	0
1	1	UID830378	1	1	0	0
1	1	UID830379	1	1	0	0
1	1	UID830380	1	1	0	0
1	1	UID830381	1	1	0	0
1	1	UID830382	1	1	0	0
1	1	UID830383	1	1	0	0
1	1	UID830384	1	1	0	0
1	1	UID830385	1	1	0	0
1	1	UID830386	1	1	0	0
1	1	UID830387	1	1	0	0
1	1	UID830388	1	1	0	0
1	1	UID830389	1	1	0	0
1	1	UID830391	1	1	0	0
1	1	UID830392	1	1	0	0
1	1	UID830393	1	1	0	0
1	1	UID830394	1	1	0	0
1	1	UID830395	1	1	0	0
1	1	UID830398	1	1	0	0
1	1	UID830401	1	1	0	0
1	1	UID830402	1	1	0	0
1	1	UID830403	1	1	0	0
1	1	UID830404	1	1	0	0
1	1	UID830405	1	1	0	0
1	1	UID830406	1	1	0	0
1	1	UID830407	1	1	0	0
1	1	UID830409	1	1	0	0
1	1	UID830410	1	1	0	0
1	1	UID830413	1	1	0	0
1	1	UID830422	1	1	0	0
1	1	UID830426	1	1	0	0
1	1	UID830427	1	1	0	0
1	1	UID830440	1	1	0	0
1	1	UID830441	1	1	0	0
1	1	UID830445	1	1	0	0
1	1	UID830446	1	1	0	0
1	1	UID830458	1	1	0	0
1	1	UID830460	1	1	0	0
1	1	UID830462	1	1	0	0
1	1	UID830467	1	1	0	0
1	1	UID830469	1	1	0	0
1	1	UID830470	1	1	0	0
1	1	UID830472	1	1	0	0
1	1	UID830474	1	1	0	0
1	1	UID830475	1	1	0	0
1	1	UID830476	1	1	0	0
1	1	UID830478	1	1	0	0
1	1	UID830479	1	1	0	0
1	1	UID830480	1	1	0	0
1	1	UID830481	1	1	0	0
1	1	UID830482	1	1	0	0
1	1	UID830483	1	1	0	0
1	1	UID830484	1	1	0	0
1	1	UID830486	1	1	0	0
1	1	UID830487	1	1	0	0
1	1	UID830488	1	1	0	0
1	1	UID830489	1	1	0	0
1	1	UID830490	1	1	0	0
1	1	UID830491	1	1	0	0
1	1	UID830496	1	1	0	0
1	1	UID830505	1	1	0	0
1	1	UID830508	1	1	0	0
1	1	UID830510	1	1	0	0
1	1	UID830511	1	1	0	0
1	1	UID830513	1	1	0	0
1	1	UID830516	1	1	0	0
2	2	UID830520	1	2	1	1
1	1	UID830533	1	1	0	0
1	1	UID830534	1	1	0	0
1	1	UID830538	1	1	0	0
1	1	UID830540	1	1	0	0
1	1	UID830542	1	1	0	0
1	1	UID830543	1	1	0	0
1	1	UID830545	1	1	0	0
1	1	UID830547	1	1	0	0
1	1	UID830549	1	1	0	0
1	1	UID830550	1	1	0	0
1	1	UID830551	1	1	0	0
1	1	UID830553	1	1	0	0
1	1	UID830555	1	1	0	0
1	1	UID830556	1	1	0	0
1	1	UID830557	1	1	0	0
1	1	UID830560	1	1	0	0
1	1	UID830561	1	1	0	0
1	1	UID830563	1	1	0	0
1	1	UID830564	1	1	0	0
1	1	UID830565	1	1	0	0
1	1	UID830566	1	1	0	0
1	1	UID830567	1	1	0	0
1	1	UID830568	1	1	0	0
1	1	UID830569	1	1	0	0
1	1	UID830570	1	1	0	0
1	1	UID830571	1	1	0	0
1	1	UID830572	1	1	0	0
1	1	UID830573	1	1	0	0
1	1	UID830574	1	1	0	0
1	1	UID830575	1	1	0	0
1	1	UID830577	1	1	0	0
1	1	UID830578	1	1	0	0
1	1	UID830579	1	1	0	0
1	1	UID830581	1	1	0	0
1	1	UID830583	1	1	0	0
1	1	UID830584	1	1	0	0
1	1	UID830588	1	1	0	0
1	1	UID830624	1	1	0	0
1	1	UID830625	1	1	0	0
1	1	UID830638	1	1	0	0
1	1	UID830641	1	1	0	0
1	1	UID830643	1	1	0	0
1	1	UID830651	1	1	0	0
1	1	UID830652	1	1	0	0
1	1	UID830679	1	1	0	0
1	1	UID830680	1	1	0	0
1	1	UID830683	1	1	0	0
1	1	UID830688	1	1	0	0
1	1	UID830691	1	1	0	0
1	1	UID830698	1	1	0	0
1	1	UID830700	1	1	0	0
1	1	UID830705	1	1	0	0
1	1	UID830706	1	1	0	0
1	1	UID830707	1	1	0	0
1	1	UID830708	1	1	0	0
1	1	UID830709	1	1	0	0
1	1	UID830711	1	1	0	0
1	1	UID830712	1	1	0	0
1	1	UID830713	1	1	0	0
1	1	UID830714	1	1	0	0
1	1	UID830715	1	1	0	0
1	1	UID830716	1	1	0	0
1	1	UID830721	1	1	0	0
1	1	UID830722	1	1	0	0
1	1	UID830723	1	1	0	0
1	1	UID830724	1	1	0	0
1	1	UID830725	1	1	0	0
1	1	UID830727	1	1	0	0
1	1	UID830729	1	1	0	0
1	1	UID830730	1	1	0	0
1	1	UID830731	1	1	0	0
1	1	UID830732	1	1	0	0
1	1	UID830744	1	1	0	0
1	1	UID830748	1	1	0	0
1	1	UID830749	1	1	0	0
1	1	UID830750	1	1	0	0
1	1	UID830751	1	1	0	0
1	1	UID830752	1	1	0	0
1	1	UID830753	1	1	0	0
1	1	UID830754	1	1	0	0
1	1	UID830756	1	1	0	0
1	1	UID830759	1	1	0	0
1	1	UID830760	1	1	0	0
1	1	UID830761	1	1	0	0
1	1	UID830762	1	1	0	0
1	1	UID830764	1	1	0	0
1	1	UID830766	1	1	0	0
1	1	UID830767	1	1	0	0
1	1	UID830769	1	1	0	0
1	1	UID830772	1	1	0	0
1	1	UID830773	1	1	0	0
1	1	UID830775	1	1	0	0
1	1	UID830776	1	1	0	0
1	1	UID830777	1	1	0	0
1	1	UID830778	1	1	0	0
1	1	UID830780	1	1	0	0
1	1	UID830781	1	1	0	0
1	1	UID830791	1	1	0	0
1	1	UID830804	1	1	0	0
1	1	UID830819	1	1	0	0
1	1	UID830820	1	1	0	0
1	1	UID830821	1	1	0	0
1	1	UID830827	1	1	0	0
1	1	UID830832	1	1	0	0
1	1	UID830833	1	1	0	0
1	1	UID830834	1	1	0	0
1	1	UID830836	1	1	0	0
1	1	UID830838	1	1	0	0
1	1	UID830840	1	1	0	0
2	2	UID830846	1	2	1	1
1	1	UID830855	1	1	0	0
1	1	UID830856	1	1	0	0
1	1	UID830858	1	1	0	0
1	1	UID830872	1	1	0	0
1	1	UID830875	1	1	0	0
1	1	UID830885	1	1	0	0
1	1	UID830889	1	1	0	0
1	1	UID830890	1	1	0	0
1	1	UID830891	1	1	0	0
1	1	UID830893	1	1	0	0
1	1	UID830894	1	1	0	0
1	1	UID830897	1	1	0	0
1	1	UID830898	1	1	0	0
1	1	UID830900	1	1	0	0
1	1	UID830902	1	1	0	0
1	1	UID830903	1	1	0	0
1	1	UID830909	1	1	0	0
1	1	UID830911	1	1	0	0
1	1	UID830913	1	1	0	0
1	1	UID830914	1	1	0	0
1	1	UID830916	1	1	0	0
1	1	UID830919	1	1	0	0
1	1	UID830921	1	1	0	0
1	1	UID830922	1	1	0	0
1	1	UID830923	1	1	0	0
1	1	UID830924	1	1	0	0
1	1	UID830925	1	1	0	0
1	1	UID830932	1	1	0	0
1	1	UID830939	1	1	0	0
1	1	UID830950	1	1	0	0
1	1	UID830952	1	1	0	0
1	1	UID830954	1	1	0	0
1	1	UID830959	1	1	0	0
1	1	UID830962	1	1	0	0
1	1	UID830965	1	1	0	0
1	1	UID830983	1	1	0	0
1	1	UID830988	1	1	0	0
1	1	UID830991	1	1	0	0
1	1	UID830993	1	1	0	0
1	1	UID831000	1	1	0	0
1	1	UID831003	1	1	0	0
1	1	UID831006	1	1	0	0
1	1	UID831011	1	1	0	0
1	1	UID831012	1	1	0	0
1	1	UID831016	1	1	0	0
1	1	UID831017	1	1	0	0
1	1	UID831018	1	1	0	0
1	1	UID831037	1	1	0	0
1	1	UID831041	1	1	0	0
1	1	UID831043	1	1	0	0
1	1	UID831048	1	1	0	0
1	1	UID831049	1	1	0	0
1	1	UID831051	1	1	0	0
1	1	UID831052	1	1	0	0
1	1	UID831053	1	1	0	0
1	1	UID831055	1	1	0	0
1	1	UID831068	1	1	0	0
1	1	UID831070	1	1	0	0
1	1	UID831071	1	1	0	0
1	1	UID831072	1	1	0	0
1	1	UID831073	1	1	0	0
1	1	UID831074	1	1	0	0
1	1	UID831076	1	1	0	0
1	1	UID831079	1	1	0	0
1	1	UID831080	1	1	0	0
1	1	UID831081	1	1	0	0
1	1	UID831082	1	1	0	0
1	1	UID831083	1	1	0	0
1	1	UID831086	1	1	0	0
1	1	UID831087	1	1	0	0
1	1	UID831089	1	1	0	0
1	1	UID831090	1	1	0	0
1	1	UID831091	1	1	0	0
1	1	UID831092	1	1	0	0
1	1	UID831099	1	1	0	0
1	1	UID831101	1	1	0	0
1	1	UID831104	1	1	0	0
1	1	UID831108	1	1	0	0
1	1	UID831113	1	1	0	0
1	1	UID831137	1	1	0	0
1	1	UID831141	1	1	0	0
1	1	UID831143	1	1	0	0
1	1	UID831160	1	1	0	0
1	1	UID831177	1	1	0	0
1	1	UID831181	1	1	0	0
1	1	UID831184	1	1	0	0
1	1	UID831185	1	1	0	0
1	1	UID831187	1	1	0	0
1	1	UID831191	1	1	0	0
1	1	UID831194	1	1	0	0
1	1	UID831208	1	1	0	0
1	1	UID831218	1	1	0	0
1	1	UID831219	1	1	0	0
1	1	UID831220	1	1	0	0
1	1	UID831222	1	1	0	0
1	1	UID831223	1	1	0	0
1	1	UID831231	1	1	0	0
1	1	UID831234	1	1	0	0
1	1	UID831235	1	1	0	0
1	1	UID831236	1	1	0	0
1	1	UID831246	1	1	0	0
1	1	UID831250	1	1	0	0
1	1	UID831251	1	1	0	0
1	1	UID831255	1	1	0	0
1	1	UID831287	1	1	0	0
1	1	UID831292	1	1	0	0
1	1	UID831294	1	1	0	0
1	1	UID831295	1	1	0	0
1	1	UID831299	1	1	0	0
1	1	UID831307	1	1	0	0
1	1	UID831317	1	1	0	0
1	1	UID831325	1	1	0	0
1	1	UID831326	1	1	0	0
1	1	UID831330	1	1	0	0
1	1	UID831332	1	1	0	0
1	1	UID831335	1	1	0	0
1	1	UID831346	1	1	0	0
1	1	UID831378	1	1	0	0
1	1	UID831382	1	1	0	0
1	1	UID831386	1	1	0	0
1	1	UID831390	1	1	0	0
1	1	UID831391	1	1	0	0
1	1	UID831392	1	1	0	0
1	1	UID831394	1	1	0	0
1	1	UID831395	1	1	0	0
1	1	UID831397	1	1	0	0
1	1	UID831398	1	1	0	0
1	1	UID831400	1	1	0	0
1	1	UID831401	1	1	0	0
2	2	UID831406	1	2	1	1
1	1	UID831410	1	1	0	0
1	1	UID831411	1	1	0	0
1	1	UID831414	1	1	0	0
1	1	UID831415	1	1	0	0
1	1	UID831416	1	1	0	0
1	1	UID831435	1	1	0	0
1	1	UID831441	1	1	0	0
1	1	UID831442	1	1	0	0
1	1	UID831448	1	1	0	0
1	1	UID831449	1	1	0	0
1	1	UID831452	1	1	0	0
1	1	UID831458	1	1	0	0
1	1	UID831464	1	1	0	0
1	1	UID831465	1	1	0	0
1	1	UID831467	1	1	0	0
1	1	UID831469	1	1	0	0
1	1	UID831473	1	1	0	0
1	1	UID831474	1	1	0	0
1	1	UID831475	1	1	0	0
1	1	UID831476	1	1	0	0
1	1	UID831479	1	1	0	0
1	1	UID831480	1	1	0	0
1	1	UID831483	1	1	0	0
2	2	UID831484	1	2	1	1
1	1	UID831488	1	1	0	0
1	1	UID831490	1	1	0	0
1	1	UID831491	1	1	0	0
1	1	UID831493	1	1	0	0
1	1	UID831497	1	1	0	0
1	1	UID831498	1	1	0	0
1	1	UID831500	1	1	0	0
1	1	UID831502	1	1	0	0
1	1	UID831510	1	1	0	0
1	1	UID831511	1	1	0	0
1	1	UID831515	1	1	0	0
1	1	UID831518	1	1	0	0
1	1	UID831519	1	1	0	0
1	1	UID831521	1	1	0	0
1	1	UID831522	1	1	0	0
1	1	UID831527	1	1	0	0
1	1	UID831528	1	1	0	0
1	1	UID831529	1	1	0	0
1	1	UID831532	1	1	0	0
1	1	UID831533	1	1	0	0
1	1	UID831534	1	1	0	0
1	1	UID831535	1	1	0	0
1	1	UID831537	1	1	0	0
1	1	UID831538	1	1	0	0
1	1	UID831539	1	1	0	0
1	1	UID831540	1	1	0	0
1	1	UID831549	1	1	0	0
1	1	UID831552	1	1	0	0
1	1	UID831553	1	1	0	0
1	1	UID831555	1	1	0	0
1	1	UID831557	1	1	0	0
1	1	UID831558	1	1	0	0
1	1	UID831559	1	1	0	0
1	1	UID831560	1	1	0	0
1	1	UID831568	1	1	0	0
1	1	UID831572	1	1	0	0
1	1	UID831575	1	1	0	0
1	1	UID831576	1	1	0	0
1	1	UID831583	1	1	0	0
1	1	UID831585	1	1	0	0
1	1	UID831587	1	1	0	0
1	1	UID831589	1	1	0	0
1	1	UID831592	1	1	0	0
1	1	UID831593	1	1	0	0
1	1	UID831594	1	1	0	0
1	1	UID831596	1	1	0	0
1	1	UID831599	1	1	0	0
1	1	UID831600	1	1	0	0
1	1	UID831608	1	1	0	0
1	1	UID831628	1	1	0	0
1	1	UID831630	1	1	0	0
1	1	UID831632	1	1	0	0
1	1	UID831636	1	1	0	0
1	1	UID831637	1	1	0	0
1	1	UID831638	1	1	0	0
1	1	UID831648	1	1	0	0
1	1	UID831649	1	1	0	0
1	1	UID831650	1	1	0	0
1	1	UID831651	1	1	0	0
1	1	UID831657	1	1	0	0
1	1	UID831658	1	1	0	0
1	1	UID831673	1	1	0	0
1	1	UID831676	1	1	0	0
1	1	UID831679	1	1	0	0
1	1	UID831682	1	1	0	0
1	1	UID831687	1	1	0	0
1	1	UID831688	1	1	0	0
1	1	UID831689	1	1	0	0
1	1	UID831690	1	1	0	0
1	1	UID831691	1	1	0	0
1	1	UID831692	1	1	0	0
1	1	UID831693	1	1	0	0
1	1	UID831698	1	1	0	0
1	1	UID831701	1	1	0	0
1	1	UID831703	1	1	0	0
1	1	UID831704	1	1	0	0
1	1	UID831706	1	1	0	0
1	1	UID831707	1	1	0	0
1	1	UID831708	1	1	0	0
1	1	UID831713	1	1	0	0
1	1	UID831714	1	1	0	0
1	1	UID831723	1	1	0	0
1	1	UID831728	1	1	0	0
1	1	UID831730	1	1	0	0
1	1	UID831759	1	1	0	0
1	1	UID831761	1	1	0	0
1	1	UID831765	1	1	0	0
1	1	UID831766	1	1	0	0
1	1	UID831767	1	1	0	0
1	1	UID831770	1	1	0	0
1	1	UID831772	1	1	0	0
1	1	UID831782	1	1	0	0
1	1	UID831784	1	1	0	0
3	3	UID831785	1	3	2	2
1	1	UID831786	1	1	0	0
1	1	UID831788	1	1	0	0
1	1	UID831789	1	1	0	0
1	1	UID831790	1	1	0	0
1	1	UID831801	1	1	0	0
1	1	UID831802	1	1	0	0
1	1	UID831808	1	1	0	0
1	1	UID831810	1	1	0	0
1	1	UID831811	1	1	0	0
1	1	UID831821	1	1	0	0
1	1	UID831823	1	1	0	0
1	1	UID831824	1	1	0	0
1	1	UID831825	1	1	0	0
1	1	UID831828	1	1	0	0
1	1	UID831829	1	1	0	0
1	1	UID831840	1	1	0	0
1	1	UID831842	1	1	0	0
1	1	UID831852	1	1	0	0
1	1	UID831872	1	1	0	0
1	1	UID831875	1	1	0	0
1	1	UID831878	1	1	0	0
1	1	UID831879	1	1	0	0
1	1	UID831902	1	1	0	0
1	1	UID831914	1	1	0	0
1	1	UID831915	1	1	0	0
1	1	UID831916	1	1	0	0
1	1	UID831920	1	1	0	0
1	1	UID831921	1	1	0	0
1	1	UID831924	1	1	0	0
1	1	UID831925	1	1	0	0
1	1	UID831926	1	1	0	0
1	1	UID831929	1	1	0	0
1	1	UID831940	1	1	0	0
1	1	UID831942	1	1	0	0
1	1	UID831945	1	1	0	0
1	1	UID831955	1	1	0	0
1	1	UID831965	1	1	0	0
1	1	UID831979	1	1	0	0
1	1	UID831982	1	1	0	0
1	1	UID831983	1	1	0	0
1	1	UID831984	1	1	0	0
1	1	UID831985	1	1	0	0
1	1	UID831986	1	1	0	0
1	1	UID831989	1	1	0	0
1	1	UID832008	1	1	0	0
1	1	UID832009	1	1	0	0
1	1	UID832010	1	1	0	0
1	1	UID832011	1	1	0	0
1	1	UID832013	1	1	0	0
1	1	UID832014	1	1	0	0
1	1	UID832015	1	1	0	0
1	1	UID832018	1	1	0	0
1	1	UID832024	1	1	0	0
1	1	UID832026	1	1	0	0
1	1	UID832027	1	1	0	0
1	1	UID832028	1	1	0	0
1	1	UID832032	1	1	0	0
1	1	UID832045	1	1	0	0
1	1	UID832067	1	1	0	0
1	1	UID832078	1	1	0	0
1	1	UID832079	1	1	0	0
1	1	UID832084	1	1	0	0
1	1	UID832105	1	1	0	0
1	1	UID832111	1	1	0	0
1	1	UID832116	1	1	0	0
1	1	UID832118	1	1	0	0
1	1	UID832119	1	1	0	0
1	1	UID832120	1	1	0	0
1	1	UID832121	1	1	0	0
1	1	UID832122	1	1	0	0
1	1	UID832123	1	1	0	0
1	1	UID832139	1	1	0	0
1	1	UID832141	1	1	0	0
1	1	UID832143	1	1	0	0
1	1	UID832144	1	1	0	0
1	1	UID832145	1	1	0	0
1	1	UID832146	1	1	0	0
1	1	UID832147	1	1	0	0
1	1	UID832148	1	1	0	0
1	1	UID832149	1	1	0	0
1	1	UID832151	1	1	0	0
1	1	UID832154	1	1	0	0
1	1	UID832156	1	1	0	0
1	1	UID832157	1	1	0	0
1	1	UID832158	1	1	0	0
1	1	UID832165	1	1	0	0
1	1	UID832166	1	1	0	0
1	1	UID832167	1	1	0	0
1	1	UID832169	1	1	0	0
1	1	UID832170	1	1	0	0
1	1	UID832171	1	1	0	0
1	1	UID832172	1	1	0	0
1	1	UID832173	1	1	0	0
1	1	UID832175	1	1	0	0
1	1	UID832179	1	1	0	0
1	1	UID832182	1	1	0	0
1	1	UID832188	1	1	0	0
2	2	UID832196	1	2	1	1
2	2	UID832199	1	2	1	1
1	1	UID832203	1	1	0	0
1	1	UID832204	1	1	0	0
1	1	UID832230	1	1	0	0
1	1	UID832233	1	1	0	0
1	1	UID832239	1	1	0	0
1	1	UID832248	1	1	0	0
1	1	UID832249	1	1	0	0
1	1	UID832250	1	1	0	0
1	1	UID832251	1	1	0	0
1	1	UID832254	1	1	0	0
1	1	UID832256	1	1	0	0
1	1	UID832257	1	1	0	0
1	1	UID832259	1	1	0	0
1	1	UID832260	1	1	0	0
1	1	UID832261	1	1	0	0
1	1	UID832262	1	1	0	0
1	1	UID832265	1	1	0	0
1	1	UID832266	1	1	0	0
1	1	UID832274	1	1	0	0
1	1	UID832276	1	1	0	0
1	1	UID832277	1	1	0	0
1	1	UID832280	1	1	0	0
1	1	UID832281	1	1	0	0
1	1	UID832282	1	1	0	0
1	1	UID832287	1	1	0	0
1	1	UID832288	1	1	0	0
1	1	UID832289	1	1	0	0
1	1	UID832290	1	1	0	0
1	1	UID832291	1	1	0	0
1	1	UID832292	1	1	0	0
1	1	UID832299	1	1	0	0
1	1	UID832320	1	1	0	0
1	1	UID832323	1	1	0	0
1	1	UID832327	1	1	0	0
1	1	UID832331	1	1	0	0
1	1	UID832338	1	1	0	0
1	1	UID832342	1	1	0	0
1	1	UID832376	1	1	0	0
1	1	UID832379	1	1	0	0
1	1	UID832381	1	1	0	0
1	1	UID832391	1	1	0	0
1	1	UID832398	1	1	0	0
1	1	UID832399	1	1	0	0
1	1	UID832400	1	1	0	0
1	1	UID832407	1	1	0	0
1	1	UID832409	1	1	0	0
1	1	UID832412	1	1	0	0
1	1	UID832415	1	1	0	0
1	1	UID832434	1	1	0	0
1	1	UID832437	1	1	0	0
1	1	UID832441	1	1	0	0
1	1	UID832445	1	1	0	0
1	1	UID832448	1	1	0	0
1	1	UID832449	1	1	0	0
1	1	UID832452	1	1	0	0
1	1	UID832453	1	1	0	0
1	1	UID832454	1	1	0	0
1	1	UID832455	1	1	0	0
1	1	UID832456	1	1	0	0
1	1	UID832462	1	1	0	0
1	1	UID832463	1	1	0	0
1	1	UID832464	1	1	0	0
1	1	UID832465	1	1	0	0
1	1	UID832467	1	1	0	0
1	1	UID832468	1	1	0	0
1	1	UID832469	1	1	0	0
1	1	UID832471	1	1	0	0
1	1	UID832481	1	1	0	0
1	1	UID832486	1	1	0	0
1	1	UID832488	1	1	0	0
1	1	UID832490	1	1	0	0
1	1	UID832491	1	1	0	0
1	1	UID832492	1	1	0	0
1	1	UID832495	1	1	0	0
1	1	UID832529	1	1	0	0
1	1	UID832531	1	1	0	0
1	1	UID832532	1	1	0	0
1	1	UID832534	1	1	0	0
1	1	UID832550	1	1	0	0
1	1	UID832553	1	1	0	0
1	1	UID832554	1	1	0	0
1	1	UID832557	1	1	0	0
1	1	UID832558	1	1	0	0
1	1	UID832559	1	1	0	0
1	1	UID832560	1	1	0	0
1	1	UID832561	1	1	0	0
1	1	UID832563	1	1	0	0
1	1	UID832564	1	1	0	0
1	1	UID832570	1	1	0	0
1	1	UID832576	1	1	0	0
1	1	UID832580	1	1	0	0
1	1	UID832582	1	1	0	0
1	1	UID832584	1	1	0	0
1	1	UID832585	1	1	0	0
1	1	UID832586	1	1	0	0
1	1	UID832587	1	1	0	0
1	1	UID832611	1	1	0	0
1	1	UID832612	1	1	0	0
1	1	UID832613	1	1	0	0
1	1	UID832614	1	1	0	0
1	1	UID832616	1	1	0	0
1	1	UID832620	1	1	0	0
1	1	UID832624	1	1	0	0
1	1	UID832625	1	1	0	0
1	1	UID832626	1	1	0	0
1	1	UID832628	1	1	0	0
1	1	UID832636	1	1	0	0
1	1	UID832637	1	1	0	0
1	1	UID832638	1	1	0	0
1	1	UID832640	1	1	0	0
1	1	UID832642	1	1	0	0
1	1	UID832658	1	1	0	0
1	1	UID832663	1	1	0	0
1	1	UID832667	1	1	0	0
1	1	UID832670	1	1	0	0
1	1	UID832671	1	1	0	0
1	1	UID832673	1	1	0	0
1	1	UID832674	1	1	0	0
1	1	UID832675	1	1	0	0
1	1	UID832676	1	1	0	0
1	1	UID832677	1	1	0	0
1	1	UID832679	1	1	0	0
1	1	UID832687	1	1	0	0
1	1	UID832689	1	1	0	0
1	1	UID832691	1	1	0	0
1	1	UID832692	1	1	0	0
1	1	UID832694	1	1	0	0
1	1	UID832695	1	1	0	0
1	1	UID832696	1	1	0	0
1	1	UID832704	1	1	0	0
1	1	UID832706	1	1	0	0
1	1	UID832707	1	1	0	0
1	1	UID832709	1	1	0	0
1	1	UID832718	1	1	0	0
1	1	UID832738	1	1	0	0
1	1	UID832741	1	1	0	0
1	1	UID832747	1	1	0	0
1	1	UID832748	1	1	0	0
1	1	UID832750	1	1	0	0
1	1	UID832751	1	1	0	0
1	1	UID832752	1	1	0	0
1	1	UID832755	1	1	0	0
1	1	UID832761	1	1	0	0
1	1	UID832773	1	1	0	0
1	1	UID832774	1	1	0	0
1	1	UID832778	1	1	0	0
1	1	UID832784	1	1	0	0
1	1	UID832786	1	1	0	0
1	1	UID832787	1	1	0	0
1	1	UID832792	1	1	0	0
1	1	UID832796	1	1	0	0
1	1	UID832797	1	1	0	0
1	1	UID832823	1	1	0	0
1	1	UID832824	1	1	0	0
1	1	UID832829	1	1	0	0
1	1	UID832830	1	1	0	0
1	1	UID832831	1	1	0	0
1	1	UID832837	1	1	0	0
1	1	UID832852	1	1	0	0
1	1	UID832853	1	1	0	0
1	1	UID832869	1	1	0	0
1	1	UID832870	1	1	0	0
1	1	UID832876	1	1	0	0
1	1	UID832877	1	1	0	0
1	1	UID832878	1	1	0	0
1	1	UID832880	1	1	0	0
1	1	UID832883	1	1	0	0
1	1	UID832884	1	1	0	0
1	1	UID832890	1	1	0	0
1	1	UID832891	1	1	0	0
1	1	UID832894	1	1	0	0
1	1	UID832902	1	1	0	0
1	1	UID832904	1	1	0	0
1	1	UID832907	1	1	0	0
1	1	UID832910	1	1	0	0
1	1	UID832913	1	1	0	0
1	1	UID832914	1	1	0	0
1	1	UID832916	1	1	0	0
1	1	UID832917	1	1	0	0
1	1	UID832918	1	1	0	0
1	1	UID832919	1	1	0	0
1	1	UID832920	1	1	0	0
1	1	UID832923	1	1	0	0
1	1	UID832924	1	1	0	0
1	1	UID832946	1	1	0	0
1	1	UID832950	1	1	0	0
1	1	UID832955	1	1	0	0
1	1	UID832963	1	1	0	0
1	1	UID832964	1	1	0	0
1	1	UID832965	1	1	0	0
2	2	UID832966	1	2	1	1
1	1	UID832968	1	1	0	0
1	1	UID832969	1	1	0	0
1	1	UID832993	1	1	0	0
1	1	UID832994	1	1	0	0
1	1	UID832997	1	1	0	0
1	1	UID832998	1	1	0	0
1	1	UID832999	1	1	0	0
1	1	UID833000	1	1	0	0
1	1	UID833001	1	1	0	0
1	1	UID833002	1	1	0	0
1	1	UID833005	1	1	0	0
1	1	UID833023	1	1	0	0
1	1	UID833029	1	1	0	0
1	1	UID833040	1	1	0	0
1	1	UID833042	1	1	0	0
1	1	UID833043	1	1	0	0
1	1	UID833045	1	1	0	0
1	1	UID833046	1	1	0	0
1	1	UID833047	1	1	0	0
1	1	UID833048	1	1	0	0
1	1	UID833063	1	1	0	0
1	1	UID833064	1	1	0	0
1	1	UID833067	1	1	0	0
1	1	UID833069	1	1	0	0
1	1	UID833072	1	1	0	0
1	1	UID833079	1	1	0	0
1	1	UID833080	1	1	0	0
1	1	UID833082	1	1	0	0
1	1	UID833088	1	1	0	0
1	1	UID833092	1	1	0	0
1	1	UID833094	1	1	0	0
1	1	UID833109	1	1	0	0
1	1	UID833110	1	1	0	0
1	1	UID833111	1	1	0	0
1	1	UID833121	1	1	0	0
1	1	UID833167	1	1	0	0
1	1	UID833169	1	1	0	0
1	1	UID833170	1	1	0	0
1	1	UID833180	1	1	0	0
1	1	UID833181	1	1	0	0
1	1	UID833183	1	1	0	0
1	1	UID833185	1	1	0	0
1	1	UID833195	1	1	0	0
1	1	UID833218	1	1	0	0
1	1	UID833224	1	1	0	0
1	1	UID833225	1	1	0	0
1	1	UID833229	1	1	0	0
1	1	UID833230	1	1	0	0
1	1	UID833231	1	1	0	0
1	1	UID833258	1	1	0	0
1	1	UID833261	1	1	0	0
1	1	UID833264	1	1	0	0
1	1	UID833278	1	1	0	0
1	1	UID833280	1	1	0	0
1	1	UID833288	1	1	0	0
1	1	UID833289	1	1	0	0
1	1	UID833291	1	1	0	0
1	1	UID833293	1	1	0	0
1	1	UID833294	1	1	0	0
1	1	UID833295	1	1	0	0
1	1	UID833296	1	1	0	0
1	1	UID833297	1	1	0	0
1	1	UID833298	1	1	0	0
1	1	UID833299	1	1	0	0
1	1	UID833312	1	1	0	0
1	1	UID833314	1	1	0	0
1	1	UID833315	1	1	0	0
1	1	UID833316	1	1	0	0
1	1	UID833317	1	1	0	0
1	1	UID833318	1	1	0	0
1	1	UID833321	1	1	0	0
1	1	UID833322	1	1	0	0
1	1	UID833325	1	1	0	0
1	1	UID833328	1	1	0	0
1	1	UID833329	1	1	0	0
1	1	UID833330	1	1	0	0
1	1	UID833334	1	1	0	0
1	1	UID833336	1	1	0	0
1	1	UID833337	1	1	0	0
1	1	UID833341	1	1	0	0
1	1	UID833342	1	1	0	0
1	1	UID833349	1	1	0	0
1	1	UID833355	1	1	0	0
1	1	UID833356	1	1	0	0
1	1	UID833357	1	1	0	0
1	1	UID833359	1	1	0	0
1	1	UID833361	1	1	0	0
1	1	UID833362	1	1	0	0
1	1	UID833363	1	1	0	0
1	1	UID833364	1	1	0	0
1	1	UID833366	1	1	0	0
1	1	UID833367	1	1	0	0
1	1	UID833386	1	1	0	0
1	1	UID833389	1	1	0	0
1	1	UID833390	1	1	0	0
1	1	UID833391	1	1	0	0
1	1	UID833392	1	1	0	0
1	1	UID833393	1	1	0	0
1	1	UID833413	1	1	0	0
1	1	UID833414	1	1	0	0
1	1	UID833415	1	1	0	0
1	1	UID833426	1	1	0	0
1	1	UID833427	1	1	0	0
1	1	UID833431	1	1	0	0
1	1	UID833432	1	1	0	0
1	1	UID833435	1	1	0	0
1	1	UID833436	1	1	0	0
1	1	UID833461	1	1	0	0
1	1	UID833462	1	1	0	0
1	1	UID833463	1	1	0	0
1	1	UID833478	1	1	0	0
1	1	UID833497	1	1	0	0
1	1	UID833501	1	1	0	0
1	1	UID833503	1	1	0	0
1	1	UID833504	1	1	0	0
1	1	UID833523	1	1	0	0
1	1	UID833524	1	1	0	0
1	1	UID833529	1	1	0	0
1	1	UID833532	1	1	0	0
1	1	UID833538	1	1	0	0
1	1	UID833539	1	1	0	0
1	1	UID833541	1	1	0	0
1	1	UID833543	1	1	0	0
1	1	UID833544	1	1	0	0
1	1	UID833545	1	1	0	0
1	1	UID833546	1	1	0	0
1	1	UID833547	1	1	0	0
1	1	UID833549	1	1	0	0
1	1	UID833551	1	1	0	0
1	1	UID833552	1	1	0	0
1	1	UID833553	1	1	0	0
1	1	UID833567	1	1	0	0
1	1	UID833569	1	1	0	0
1	1	UID833585	1	1	0	0
1	1	UID833587	1	1	0	0
1	1	UID833590	1	1	0	0
1	1	UID833591	1	1	0	0
1	1	UID833592	1	1	0	0
1	1	UID833593	1	1	0	0
1	1	UID833619	1	1	0	0
1	1	UID833620	1	1	0	0
1	1	UID833622	1	1	0	0
1	1	UID833624	1	1	0	0
1	1	UID833638	1	1	0	0
1	1	UID833660	1	1	0	0
1	1	UID833661	1	1	0	0
1	1	UID833668	1	1	0	0
1	1	UID833675	1	1	0	0
1	1	UID833689	1	1	0	0
1	1	UID833692	1	1	0	0
1	1	UID833693	1	1	0	0
1	1	UID833694	1	1	0	0
1	1	UID833697	1	1	0	0
1	1	UID833710	1	1	0	0
1	1	UID833716	1	1	0	0
1	1	UID833728	1	1	0	0
1	1	UID833730	1	1	0	0
1	1	UID833731	1	1	0	0
1	1	UID833737	1	1	0	0
1	1	UID833762	1	1	0	0
1	1	UID833771	1	1	0	0
1	1	UID833775	1	1	0	0
1	1	UID833777	1	1	0	0
1	1	UID833779	1	1	0	0
1	1	UID833781	1	1	0	0
1	1	UID833784	1	1	0	0
1	1	UID833793	1	1	0	0
4	4	UID833799	1	4	2	2
1	1	UID833817	1	1	0	0
1	1	UID833819	1	1	0	0
1	1	UID833820	1	1	0	0
1	1	UID833822	1	1	0	0
1	1	UID833823	1	1	0	0
1	1	UID833824	1	1	0	0
1	1	UID833825	1	1	0	0
1	1	UID833826	1	1	0	0
1	1	UID833827	1	1	0	0
1	1	UID833828	1	1	0	0
1	1	UID833831	1	1	0	0
1	1	UID833832	1	1	0	0
1	1	UID833834	1	1	0	0
1	1	UID833835	1	1	0	0
1	1	UID833836	1	1	0	0
1	1	UID833837	1	1	0	0
1	1	UID833838	1	1	0	0
1	1	UID833839	1	1	0	0
1	1	UID833843	1	1	0	0
1	1	UID833847	1	1	0	0
1	1	UID833849	1	1	0	0
1	1	UID833850	1	1	0	0
1	1	UID833859	1	1	0	0
1	1	UID833860	1	1	0	0
1	1	UID833861	1	1	0	0
1	1	UID833864	1	1	0	0
1	1	UID833868	1	1	0	0
1	1	UID833869	1	1	0	0
1	1	UID833870	1	1	0	0
1	1	UID833876	1	1	0	0
1	1	UID833877	1	1	0	0
1	1	UID833880	1	1	0	0
1	1	UID833891	1	1	0	0
1	1	UID833892	1	1	0	0
1	1	UID833894	1	1	0	0
1	1	UID833895	1	1	0	0
1	1	UID833896	1	1	0	0
1	1	UID833900	1	1	0	0
1	1	UID833901	1	1	0	0
1	1	UID833902	1	1	0	0
1	1	UID833904	1	1	0	0
1	1	UID833908	1	1	0	0
1	1	UID833911	1	1	0	0
1	1	UID833914	1	1	0	0
1	1	UID833915	1	1	0	0
1	1	UID833936	1	1	0	0
1	1	UID833937	1	1	0	0
1	1	UID833938	1	1	0	0
1	1	UID833941	1	1	0	0
1	1	UID833942	1	1	0	0
1	1	UID833949	1	1	0	0
1	1	UID833956	1	1	0	0
1	1	UID833965	1	1	0	0
1	1	UID833966	1	1	0	0
1	1	UID833972	1	1	0	0
1	1	UID833980	1	1	0	0
1	1	UID833982	1	1	0	0
1	1	UID833983	1	1	0	0
1	1	UID833984	1	1	0	0
1	1	UID833991	1	1	0	0
1	1	UID833999	1	1	0	0
1	1	UID834001	1	1	0	0
1	1	UID834009	1	1	0	0
1	1	UID834014	1	1	0	0
1	1	UID834017	1	1	0	0
1	1	UID834025	1	1	0	0
1	1	UID834027	1	1	0	0
1	1	UID834032	1	1	0	0
1	1	UID834035	1	1	0	0
1	1	UID834132	1	1	0	0
1	1	UID834223	1	1	0	0
1	1	UID834304	1	1	0	0
1	1	UID834654	1	1	0	0
1	1	UID834731	1	1	0	0
1	1	UID834831	1	1	0	0
1	1	UID834848	1	1	0	0
1	1	UID834927	1	1	0	0
1	1	UID834967	1	1	0	0
1	1	UID834986	1	1	0	0
1	1	UID834993	1	1	0	0
1	1	UID835018	1	1	0	0
1	1	UID835033	1	1	0	0
1	1	UID835064	1	1	0	0
1	1	UID835075	1	1	0	0
1	1	UID835148	1	1	0	0
1	1	UID835150	1	1	0	0
1	1	UID835158	1	1	0	0
1	1	UID835160	1	1	0	0
1	1	UID835164	1	1	0	0
1	1	UID835171	1	1	0	0
1	1	UID835173	1	1	0	0
1	1	UID835175	1	1	0	0
1	1	UID835179	1	1	0	0
1	1	UID835192	1	1	0	0
1	1	UID835196	1	1	0	0
1	1	UID835201	1	1	0	0
1	1	UID835203	1	1	0	0
1	1	UID835208	1	1	0	0
1	1	UID835220	1	1	0	0
1	1	UID835222	1	1	0	0
1	1	UID835223	1	1	0	0
1	1	UID835225	1	1	0	0
1	1	UID835227	1	1	0	0
1	1	UID835234	1	1	0	0
1	1	UID835236	1	1	0	0
1	1	UID835238	1	1	0	0
1	1	UID835250	1	1	0	0
1	1	UID835252	1	1	0	0
1	1	UID835253	1	1	0	0
1	1	UID835257	1	1	0	0
1	1	UID835259	1	1	0	0
1	1	UID835264	1	1	0	0
1	1	UID835265	1	1	0	0
1	1	UID835266	1	1	0	0
1	1	UID835267	1	1	0	0
1	1	UID835272	1	1	0	0
1	1	UID835275	1	1	0	0
1	1	UID835276	1	1	0	0
1	1	UID835282	1	1	0	0
1	1	UID835283	1	1	0	0
1	1	UID835299	1	1	0	0
1	1	UID835300	1	1	0	0
1	1	UID835307	1	1	0	0
1	1	UID835308	1	1	0	0
1	1	UID835326	1	1	0	0
1	1	UID835327	1	1	0	0
1	1	UID835330	1	1	0	0
1	1	UID835332	1	1	0	0
1	1	UID835335	1	1	0	0
1	1	UID835338	1	1	0	0
1	1	UID835340	1	1	0	0
1	1	UID835343	1	1	0	0
1	1	UID835344	1	1	0	0
1	1	UID835345	1	1	0	0
1	1	UID835365	1	1	0	0
1	1	UID835366	1	1	0	0
1	1	UID835367	1	1	0	0
1	1	UID835368	1	1	0	0
1	1	UID835372	1	1	0	0
1	1	UID835373	1	1	0	0
1	1	UID835376	1	1	0	0
1	1	UID835377	1	1	0	0
1	1	UID835378	1	1	0	0
1	1	UID835383	1	1	0	0
1	1	UID835386	1	1	0	0
1	1	UID835389	1	1	0	0
1	1	UID835391	1	1	0	0
1	1	UID835394	1	1	0	0
1	1	UID835397	1	1	0	0
1	1	UID835413	1	1	0	0
1	1	UID835417	1	1	0	0
1	1	UID835420	1	1	0	0
1	1	UID835421	1	1	0	0
1	1	UID835422	1	1	0	0
1	1	UID835425	1	1	0	0
1	1	UID835427	1	1	0	0
1	1	UID835428	1	1	0	0
1	1	UID835429	1	1	0	0
1	1	UID835430	1	1	0	0
1	1	UID835431	1	1	0	0
1	1	UID835432	1	1	0	0
1	1	UID835434	1	1	0	0
1	1	UID835435	1	1	0	0
1	1	UID835439	1	1	0	0
1	1	UID835440	1	1	0	0
1	1	UID835445	1	1	0	0
1	1	UID835447	1	1	0	0
1	1	UID835451	1	1	0	0
1	1	UID835452	1	1	0	0
1	1	UID835453	1	1	0	0
1	1	UID835465	1	1	0	0
1	1	UID835467	1	1	0	0
1	1	UID835470	1	1	0	0
1	1	UID835474	1	1	0	0
1	1	UID835475	1	1	0	0
1	1	UID835476	1	1	0	0
1	1	UID835477	1	1	0	0
1	1	UID835478	1	1	0	0
1	1	UID835479	1	1	0	0
1	1	UID835480	1	1	0	0
1	1	UID835481	1	1	0	0
1	1	UID835483	1	1	0	0
1	1	UID835484	1	1	0	0
1	1	UID835487	1	1	0	0
1	1	UID835503	1	1	0	0
1	1	UID835507	1	1	0	0
1	1	UID835509	1	1	0	0
1	1	UID835511	1	1	0	0
1	1	UID835514	1	1	0	0
1	1	UID835515	1	1	0	0
1	1	UID835516	1	1	0	0
1	1	UID835518	1	1	0	0
1	1	UID835520	1	1	0	0
1	1	UID835521	1	1	0	0
1	1	UID835522	1	1	0	0
1	1	UID835523	1	1	0	0
1	1	UID835525	1	1	0	0
1	1	UID835526	1	1	0	0
1	1	UID835527	1	1	0	0
1	1	UID835528	1	1	0	0
1	1	UID835529	1	1	0	0
1	1	UID835530	1	1	0	0
1	1	UID835531	1	1	0	0
1	1	UID835532	1	1	0	0
1	1	UID835539	1	1	0	0
1	1	UID835540	1	1	0	0
1	1	UID835541	1	1	0	0
1	1	UID835542	1	1	0	0
1	1	UID835543	1	1	0	0
1	1	UID835544	1	1	0	0
1	1	UID835545	1	1	0	0
1	1	UID835546	1	1	0	0
1	1	UID835547	1	1	0	0
1	1	UID835549	1	1	0	0
1	1	UID835550	1	1	0	0
1	1	UID835551	1	1	0	0
1	1	UID835552	1	1	0	0
1	1	UID835553	1	1	0	0
1	1	UID835554	1	1	0	0
1	1	UID835556	1	1	0	0
1	1	UID835557	1	1	0	0
1	1	UID835560	1	1	0	0
1	1	UID835564	1	1	0	0
1	1	UID835566	1	1	0	0
1	1	UID835567	1	1	0	0
1	1	UID835568	1	1	0	0
1	1	UID835569	1	1	0	0
1	1	UID835570	1	1	0	0
1	1	UID835574	1	1	0	0
1	1	UID835575	1	1	0	0
1	1	UID835577	1	1	0	0
1	1	UID835578	1	1	0	0
1	1	UID835580	1	1	0	0
1	1	UID835592	1	1	0	0
1	1	UID835594	1	1	0	0
1	1	UID835597	1	1	0	0
1	1	UID835601	1	1	0	0
1	1	UID835602	1	1	0	0
1	1	UID835603	1	1	0	0
1	1	UID835604	1	1	0	0
1	1	UID835605	1	1	0	0
1	1	UID835606	1	1	0	0
1	1	UID835607	1	1	0	0
1	1	UID835609	1	1	0	0
1	1	UID835610	1	1	0	0
1	1	UID835611	1	1	0	0
1	1	UID835612	1	1	0	0
1	1	UID835613	1	1	0	0
1	1	UID835614	1	1	0	0
1	1	UID835615	1	1	0	0
1	1	UID835616	1	1	0	0
1	1	UID835617	1	1	0	0
1	1	UID835618	1	1	0	0
1	1	UID835619	1	1	0	0
1	1	UID835620	1	1	0	0
1	1	UID835621	1	1	0	0
1	1	UID835622	1	1	0	0
1	1	UID835623	1	1	0	0
1	1	UID835625	1	1	0	0
1	1	UID835626	1	1	0	0
1	1	UID835627	1	1	0	0
1	1	UID835628	1	1	0	0
1	1	UID835629	1	1	0	0
1	1	UID835630	1	1	0	0
1	1	UID835632	1	1	0	0
1	1	UID835633	1	1	0	0
1	1	UID835634	1	1	0	0
1	1	UID835635	1	1	0	0
1	1	UID835636	1	1	0	0
1	1	UID835637	1	1	0	0
1	1	UID835640	1	1	0	0
1	1	UID835705	1	1	0	0
1	1	UID835714	1	1	0	0
1	1	UID835715	1	1	0	0
1	1	UID835717	1	1	0	0
1	1	UID835718	1	1	0	0
1	1	UID835720	1	1	0	0
1	1	UID835722	1	1	0	0
1	1	UID835724	1	1	0	0
1	1	UID835725	1	1	0	0
1	1	UID835727	1	1	0	0
1	1	UID835741	1	1	0	0
1	1	UID835743	1	1	0	0
1	1	UID835744	1	1	0	0
1	1	UID835745	1	1	0	0
1	1	UID835746	1	1	0	0
1	1	UID835747	1	1	0	0
1	1	UID835749	1	1	0	0
1	1	UID835756	1	1	0	0
1	1	UID835779	1	1	0	0
1	1	UID835780	1	1	0	0
1	1	UID835784	1	1	0	0
1	1	UID835786	1	1	0	0
1	1	UID835803	1	1	0	0
1	1	UID835817	1	1	0	0
1	1	UID835819	1	1	0	0
1	1	UID835820	1	1	0	0
1	1	UID835821	1	1	0	0
1	1	UID835822	1	1	0	0
1	1	UID835829	1	1	0	0
1	1	UID835830	1	1	0	0
1	1	UID835832	1	1	0	0
1	1	UID835833	1	1	0	0
1	1	UID835834	1	1	0	0
1	1	UID835847	1	1	0	0
1	1	UID835848	1	1	0	0
1	1	UID835859	1	1	0	0
1	1	UID835863	1	1	0	0
1	1	UID835867	1	1	0	0
1	1	UID835874	1	1	0	0
1	1	UID835879	1	1	0	0
1	1	UID835896	1	1	0	0
1	1	UID835899	1	1	0	0
1	1	UID835901	1	1	0	0
1	1	UID835902	1	1	0	0
1	1	UID835903	1	1	0	0
1	1	UID835907	1	1	0	0
1	1	UID835915	1	1	0	0
1	1	UID835916	1	1	0	0
1	1	UID835921	1	1	0	0
1	1	UID835930	1	1	0	0
1	1	UID835934	1	1	0	0
1	1	UID835935	1	1	0	0
1	1	UID835938	1	1	0	0
1	1	UID835941	1	1	0	0
1	1	UID835942	1	1	0	0
1	1	UID835943	1	1	0	0
1	1	UID835944	1	1	0	0
3	3	UID835946	1	3	1	1
1	1	UID835952	1	1	0	0
1	1	UID835968	1	1	0	0
1	1	UID835970	1	1	0	0
1	1	UID835971	1	1	0	0
1	1	UID835972	1	1	0	0
1	1	UID835974	1	1	0	0
2	2	UID835975	1	2	1	1
1	1	UID835978	1	1	0	0
1	1	UID835983	1	1	0	0
1	1	UID835987	1	1	0	0
1	1	UID836003	1	1	0	0
1	1	UID836005	1	1	0	0
1	1	UID836007	1	1	0	0
1	1	UID836009	1	1	0	0
1	1	UID836015	1	1	0	0
1	1	UID836016	1	1	0	0
1	1	UID836017	1	1	0	0
1	1	UID836024	1	1	0	0
1	1	UID836030	1	1	0	0
1	1	UID836031	1	1	0	0
1	1	UID836032	1	1	0	0
1	1	UID836033	1	1	0	0
1	1	UID836039	1	1	0	0
1	1	UID836048	1	1	0	0
1	1	UID836049	1	1	0	0
1	1	UID836060	1	1	0	0
1	1	UID836063	1	1	0	0
1	1	UID836064	1	1	0	0
1	1	UID836065	1	1	0	0
1	1	UID836067	1	1	0	0
1	1	UID836074	1	1	0	0
1	1	UID836077	1	1	0	0
1	1	UID836081	1	1	0	0
1	1	UID836084	1	1	0	0
1	1	UID836085	1	1	0	0
1	1	UID836086	1	1	0	0
1	1	UID836089	1	1	0	0
1	1	UID836091	1	1	0	0
1	1	UID836092	1	1	0	0
1	1	UID836093	1	1	0	0
1	1	UID836115	1	1	0	0
1	1	UID836120	1	1	0	0
1	1	UID836121	1	1	0	0
1	1	UID836122	1	1	0	0
1	1	UID836128	1	1	0	0
1	1	UID836138	1	1	0	0
1	1	UID836143	1	1	0	0
1	1	UID836144	1	1	0	0
1	1	UID836145	1	1	0	0
1	1	UID836146	1	1	0	0
1	1	UID836162	1	1	0	0
1	1	UID836163	1	1	0	0
1	1	UID836166	1	1	0	0
1	1	UID836167	1	1	0	0
1	1	UID836168	1	1	0	0
1	1	UID836169	1	1	0	0
1	1	UID836177	1	1	0	0
1	1	UID836178	1	1	0	0
1	1	UID836179	1	1	0	0
1	1	UID836180	1	1	0	0
1	1	UID836181	1	1	0	0
1	1	UID836182	1	1	0	0
1	1	UID836183	1	1	0	0
1	1	UID836184	1	1	0	0
1	1	UID836185	1	1	0	0
1	1	UID836199	1	1	0	0
1	1	UID836201	1	1	0	0
1	1	UID836211	1	1	0	0
1	1	UID836218	1	1	0	0
1	1	UID836219	1	1	0	0
1	1	UID836220	1	1	0	0
1	1	UID836221	1	1	0	0
1	1	UID836230	1	1	0	0
1	1	UID836234	1	1	0	0
1	1	UID836236	1	1	0	0
1	1	UID836243	1	1	0	0
1	1	UID836244	1	1	0	0
1	1	UID836245	1	1	0	0
1	1	UID836247	1	1	0	0
1	1	UID836248	1	1	0	0
1	1	UID836252	1	1	0	0
1	1	UID836260	1	1	0	0
1	1	UID836261	1	1	0	0
1	1	UID836263	1	1	0	0
1	1	UID836267	1	1	0	0
1	1	UID836271	1	1	0	0
1	1	UID836272	1	1	0	0
1	1	UID836276	1	1	0	0
1	1	UID836293	1	1	0	0
1	1	UID836305	1	1	0	0
2	2	UID836308	1	2	1	1
1	1	UID836310	1	1	0	0
1	1	UID836333	1	1	0	0
1	1	UID836337	1	1	0	0
1	1	UID836340	1	1	0	0
1	1	UID836341	1	1	0	0
1	1	UID836342	1	1	0	0
1	1	UID836343	1	1	0	0
1	1	UID836344	1	1	0	0
1	1	UID836346	1	1	0	0
1	1	UID836347	1	1	0	0
1	1	UID836349	1	1	0	0
1	1	UID836350	1	1	0	0
1	1	UID836351	1	1	0	0
1	1	UID836382	1	1	0	0
1	1	UID836384	1	1	0	0
1	1	UID836386	1	1	0	0
1	1	UID836387	1	1	0	0
1	1	UID836388	1	1	0	0
1	1	UID836395	1	1	0	0
1	1	UID836396	1	1	0	0
1	1	UID836397	1	1	0	0
1	1	UID836400	1	1	0	0
1	1	UID836401	1	1	0	0
1	1	UID836402	1	1	0	0
1	1	UID836438	1	1	0	0
1	1	UID836449	1	1	0	0
1	1	UID836451	1	1	0	0
1	1	UID836482	1	1	0	0
1	1	UID836486	1	1	0	0
1	1	UID836489	1	1	0	0
1	1	UID836508	1	1	0	0
1	1	UID836510	1	1	0	0
1	1	UID836513	1	1	0	0
1	1	UID836514	1	1	0	0
1	1	UID836515	1	1	0	0
1	1	UID836517	1	1	0	0
1	1	UID836518	1	1	0	0
1	1	UID836519	1	1	0	0
1	1	UID836521	1	1	0	0
1	1	UID836524	1	1	0	0
1	1	UID836534	1	1	0	0
1	1	UID836535	1	1	0	0
1	1	UID836536	1	1	0	0
1	1	UID836540	1	1	0	0
1	1	UID836541	1	1	0	0
1	1	UID836542	1	1	0	0
1	1	UID836544	1	1	0	0
1	1	UID836548	1	1	0	0
1	1	UID836549	1	1	0	0
1	1	UID836550	1	1	0	0
1	1	UID836553	1	1	0	0
1	1	UID836555	1	1	0	0
1	1	UID836556	1	1	0	0
1	1	UID836564	1	1	0	0
1	1	UID836565	1	1	0	0
1	1	UID836566	1	1	0	0
1	1	UID836572	1	1	0	0
1	1	UID836573	1	1	0	0
1	1	UID836574	1	1	0	0
1	1	UID836575	1	1	0	0
1	1	UID836584	1	1	0	0
1	1	UID836589	1	1	0	0
1	1	UID836590	1	1	0	0
1	1	UID836595	1	1	0	0
1	1	UID836596	1	1	0	0
1	1	UID836620	1	1	0	0
1	1	UID836621	1	1	0	0
1	1	UID836627	1	1	0	0
1	1	UID836632	1	1	0	0
1	1	UID836633	1	1	0	0
1	1	UID836634	1	1	0	0
1	1	UID836635	1	1	0	0
1	1	UID836637	1	1	0	0
1	1	UID836638	1	1	0	0
1	1	UID836640	1	1	0	0
1	1	UID836641	1	1	0	0
1	1	UID836642	1	1	0	0
1	1	UID836645	1	1	0	0
1	1	UID836647	1	1	0	0
1	1	UID836654	1	1	0	0
1	1	UID836658	1	1	0	0
1	1	UID836661	1	1	0	0
1	1	UID836665	1	1	0	0
1	1	UID836673	1	1	0	0
1	1	UID836688	1	1	0	0
1	1	UID836693	1	1	0	0
1	1	UID836705	1	1	0	0
1	1	UID836744	1	1	0	0
1	1	UID836749	1	1	0	0
1	1	UID836750	1	1	0	0
1	1	UID836754	1	1	0	0
1	1	UID836755	1	1	0	0
1	1	UID836756	1	1	0	0
1	1	UID836757	1	1	0	0
1	1	UID836758	1	1	0	0
1	1	UID836759	1	1	0	0
1	1	UID836760	1	1	0	0
1	1	UID836761	1	1	0	0
1	1	UID836762	1	1	0	0
1	1	UID836763	1	1	0	0
1	1	UID836764	1	1	0	0
1	1	UID836765	1	1	0	0
1	1	UID836766	1	1	0	0
1	1	UID836780	1	1	0	0
1	1	UID836784	1	1	0	0
1	1	UID836785	1	1	0	0
1	1	UID836794	1	1	0	0
1	1	UID836795	1	1	0	0
1	1	UID836796	1	1	0	0
1	1	UID836797	1	1	0	0
1	1	UID836799	1	1	0	0
1	1	UID836801	1	1	0	0
1	1	UID836809	1	1	0	0
1	1	UID836811	1	1	0	0
1	1	UID836813	1	1	0	0
1	1	UID836817	1	1	0	0
1	1	UID836818	1	1	0	0
1	1	UID836819	1	1	0	0
1	1	UID836820	1	1	0	0
1	1	UID836821	1	1	0	0
1	1	UID836822	1	1	0	0
1	1	UID836826	1	1	0	0
1	1	UID836828	1	1	0	0
1	1	UID836829	1	1	0	0
1	1	UID836832	1	1	0	0
1	1	UID836835	1	1	0	0
1	1	UID836870	1	1	0	0
1	1	UID836880	1	1	0	0
1	1	UID836892	1	1	0	0
1	1	UID836895	1	1	0	0
1	1	UID836896	1	1	0	0
1	1	UID836901	1	1	0	0
1	1	UID836902	1	1	0	0
1	1	UID836905	1	1	0	0
1	1	UID836909	1	1	0	0
1	1	UID836911	1	1	0	0
1	1	UID836927	1	1	0	0
1	1	UID836928	1	1	0	0
1	1	UID836933	1	1	0	0
1	1	UID836934	1	1	0	0
1	1	UID836935	1	1	0	0
1	1	UID836936	1	1	0	0
1	1	UID836940	1	1	0	0
1	1	UID836945	1	1	0	0
1	1	UID836946	1	1	0	0
1	1	UID836947	1	1	0	0
1	1	UID836958	1	1	0	0
1	1	UID836959	1	1	0	0
1	1	UID836961	1	1	0	0
1	1	UID836962	1	1	0	0
1	1	UID836964	1	1	0	0
1	1	UID836965	1	1	0	0
1	1	UID836966	1	1	0	0
1	1	UID836967	1	1	0	0
1	1	UID836968	1	1	0	0
1	1	UID836969	1	1	0	0
1	1	UID836973	1	1	0	0
1	1	UID836975	1	1	0	0
1	1	UID836976	1	1	0	0
1	1	UID836977	1	1	0	0
1	1	UID836980	1	1	0	0
1	1	UID836982	1	1	0	0
1	1	UID836984	1	1	0	0
1	1	UID836985	1	1	0	0
1	1	UID836989	1	1	0	0
1	1	UID836990	1	1	0	0
1	1	UID836994	1	1	0	0
1	1	UID836995	1	1	0	0
1	1	UID836996	1	1	0	0
1	1	UID837002	1	1	0	0
1	1	UID837018	1	1	0	0
1	1	UID837020	1	1	0	0
1	1	UID837026	1	1	0	0
1	1	UID837028	1	1	0	0
1	1	UID837029	1	1	0	0
1	1	UID837030	1	1	0	0
1	1	UID837031	1	1	0	0
1	1	UID837032	1	1	0	0
1	1	UID837034	1	1	0	0
1	1	UID837035	1	1	0	0
1	1	UID837038	1	1	0	0
1	1	UID837040	1	1	0	0
1	1	UID837041	1	1	0	0
1	1	UID837042	1	1	0	0
1	1	UID837043	1	1	0	0
1	1	UID837045	1	1	0	0
1	1	UID837050	1	1	0	0
1	1	UID837051	1	1	0	0
1	1	UID837053	1	1	0	0
1	1	UID837054	1	1	0	0
1	1	UID837055	1	1	0	0
1	1	UID837057	1	1	0	0
1	1	UID837060	1	1	0	0
1	1	UID837064	1	1	0	0
1	1	UID837065	1	1	0	0
1	1	UID837066	1	1	0	0
1	1	UID837070	1	1	0	0
1	1	UID837072	1	1	0	0
1	1	UID837104	1	1	0	0
1	1	UID837124	1	1	0	0
1	1	UID837127	1	1	0	0
1	1	UID837129	1	1	0	0
1	1	UID837131	1	1	0	0
1	1	UID837132	1	1	0	0
1	1	UID837140	1	1	0	0
1	1	UID837158	1	1	0	0
1	1	UID837163	1	1	0	0
1	1	UID837164	1	1	0	0
1	1	UID837171	1	1	0	0
1	1	UID837172	1	1	0	0
1	1	UID837174	1	1	0	0
1	1	UID837175	1	1	0	0
1	1	UID837177	1	1	0	0
1	1	UID837185	1	1	0	0
1	1	UID837188	1	1	0	0
1	1	UID837189	1	1	0	0
1	1	UID837190	1	1	0	0
1	1	UID837191	1	1	0	0
1	1	UID837215	1	1	0	0
1	1	UID837216	1	1	0	0
1	1	UID837217	1	1	0	0
1	1	UID837224	1	1	0	0
1	1	UID837227	1	1	0	0
1	1	UID837228	1	1	0	0
1	1	UID837229	1	1	0	0
1	1	UID837230	1	1	0	0
1	1	UID837231	1	1	0	0
1	1	UID837233	1	1	0	0
1	1	UID837234	1	1	0	0
1	1	UID837244	1	1	0	0
1	1	UID837246	1	1	0	0
1	1	UID837248	1	1	0	0
1	1	UID837249	1	1	0	0
1	1	UID837250	1	1	0	0
1	1	UID837253	1	1	0	0
1	1	UID837255	1	1	0	0
1	1	UID837262	1	1	0	0
1	1	UID837278	1	1	0	0
1	1	UID837279	1	1	0	0
1	1	UID837281	1	1	0	0
1	1	UID837284	1	1	0	0
1	1	UID837287	1	1	0	0
1	1	UID837293	1	1	0	0
1	1	UID837294	1	1	0	0
1	1	UID837296	1	1	0	0
1	1	UID837300	1	1	0	0
1	1	UID837301	1	1	0	0
1	1	UID837309	1	1	0	0
1	1	UID837310	1	1	0	0
1	1	UID837312	1	1	0	0
1	1	UID837315	1	1	0	0
1	1	UID837318	1	1	0	0
1	1	UID837319	1	1	0	0
1	1	UID837320	1	1	0	0
1	1	UID837324	1	1	0	0
1	1	UID837325	1	1	0	0
1	1	UID837329	1	1	0	0
1	1	UID837331	1	1	0	0
1	1	UID837336	1	1	0	0
1	1	UID837338	1	1	0	0
1	1	UID837341	1	1	0	0
1	1	UID837352	1	1	0	0
1	1	UID837353	1	1	0	0
1	1	UID837355	1	1	0	0
1	1	UID837360	1	1	0	0
1	1	UID837361	1	1	0	0
1	1	UID837362	1	1	0	0
1	1	UID837363	1	1	0	0
1	1	UID837364	1	1	0	0
1	1	UID837368	1	1	0	0
1	1	UID837369	1	1	0	0
1	1	UID837370	1	1	0	0
1	1	UID837371	1	1	0	0
1	1	UID837372	1	1	0	0
1	1	UID837376	1	1	0	0
1	1	UID837378	1	1	0	0
1	1	UID837379	1	1	0	0
1	1	UID837381	1	1	0	0
1	1	UID837390	1	1	0	0
1	1	UID837391	1	1	0	0
1	1	UID837394	1	1	0	0
1	1	UID837407	1	1	0	0
1	1	UID837420	1	1	0	0
1	1	UID837421	1	1	0	0
1	1	UID837425	1	1	0	0
1	1	UID837432	1	1	0	0
1	1	UID837437	1	1	0	0
1	1	UID837438	1	1	0	0
1	1	UID837488	1	1	0	0
1	1	UID837499	1	1	0	0
1	1	UID837503	1	1	0	0
1	1	UID837505	1	1	0	0
1	1	UID837506	1	1	0	0
1	1	UID837507	1	1	0	0
1	1	UID837514	1	1	0	0
1	1	UID837528	1	1	0	0
1	1	UID837529	1	1	0	0
1	1	UID837530	1	1	0	0
1	1	UID837531	1	1	0	0
1	1	UID837535	1	1	0	0
1	1	UID837538	1	1	0	0
1	1	UID837541	1	1	0	0
1	1	UID837544	1	1	0	0
1	1	UID837545	1	1	0	0
1	1	UID837546	1	1	0	0
1	1	UID837549	1	1	0	0
1	1	UID837550	1	1	0	0
1	1	UID837553	1	1	0	0
1	1	UID837557	1	1	0	0
1	1	UID837564	1	1	0	0
1	1	UID837566	1	1	0	0
1	1	UID837567	1	1	0	0
1	1	UID837573	1	1	0	0
1	1	UID837574	1	1	0	0
1	1	UID837575	1	1	0	0
1	1	UID837578	1	1	0	0
1	1	UID837605	1	1	0	0
1	1	UID837614	1	1	0	0
1	1	UID837625	1	1	0	0
1	1	UID837626	1	1	0	0
1	1	UID837627	1	1	0	0
1	1	UID837628	1	1	0	0
1	1	UID837634	1	1	0	0
1	1	UID837637	1	1	0	0
1	1	UID837638	1	1	0	0
1	1	UID837639	1	1	0	0
1	1	UID837640	1	1	0	0
1	1	UID837641	1	1	0	0
1	1	UID837645	1	1	0	0
1	1	UID837646	1	1	0	0
1	1	UID837647	1	1	0	0
1	1	UID837648	1	1	0	0
1	1	UID837649	1	1	0	0
1	1	UID837650	1	1	0	0
1	1	UID837653	1	1	0	0
1	1	UID837658	1	1	0	0
1	1	UID837659	1	1	0	0
1	1	UID837662	1	1	0	0
1	1	UID837663	1	1	0	0
1	1	UID837664	1	1	0	0
1	1	UID837665	1	1	0	0
1	1	UID837671	1	1	0	0
1	1	UID837672	1	1	0	0
1	1	UID837673	1	1	0	0
1	1	UID837674	1	1	0	0
1	1	UID837676	1	1	0	0
1	1	UID837677	1	1	0	0
1	1	UID837689	1	1	0	0
1	1	UID837691	1	1	0	0
1	1	UID837692	1	1	0	0
1	1	UID837718	1	1	0	0
1	1	UID837732	1	1	0	0
1	1	UID837733	1	1	0	0
1	1	UID837735	1	1	0	0
2	2	UID837741	1	2	1	1
1	1	UID837742	1	1	0	0
1	1	UID837743	1	1	0	0
1	1	UID837745	1	1	0	0
1	1	UID837746	1	1	0	0
1	1	UID837747	1	1	0	0
1	1	UID837748	1	1	0	0
1	1	UID837752	1	1	0	0
1	1	UID837754	1	1	0	0
1	1	UID837759	1	1	0	0
1	1	UID837764	1	1	0	0
1	1	UID837782	1	1	0	0
1	1	UID837785	1	1	0	0
1	1	UID837786	1	1	0	0
1	1	UID837788	1	1	0	0
1	1	UID837790	1	1	0	0
1	1	UID837791	1	1	0	0
1	1	UID837792	1	1	0	0
1	1	UID837794	1	1	0	0
1	1	UID837795	1	1	0	0
1	1	UID837796	1	1	0	0
1	1	UID837803	1	1	0	0
1	1	UID837817	1	1	0	0
1	1	UID837822	1	1	0	0
1	1	UID837827	1	1	0	0
1	1	UID837828	1	1	0	0
1	1	UID837829	1	1	0	0
1	1	UID837830	1	1	0	0
1	1	UID837840	1	1	0	0
1	1	UID837841	1	1	0	0
1	1	UID837842	1	1	0	0
1	1	UID837844	1	1	0	0
1	1	UID837845	1	1	0	0
1	1	UID837850	1	1	0	0
1	1	UID837852	1	1	0	0
1	1	UID837853	1	1	0	0
1	1	UID837854	1	1	0	0
1	1	UID837856	1	1	0	0
1	1	UID837862	1	1	0	0
1	1	UID837866	1	1	0	0
2	2	UID837869	1	2	1	1
1	1	UID837875	1	1	0	0
1	1	UID837882	1	1	0	0
1	1	UID837883	1	1	0	0
1	1	UID837885	1	1	0	0
1	1	UID837886	1	1	0	0
1	1	UID837890	1	1	0	0
1	1	UID837896	1	1	0	0
1	1	UID837899	1	1	0	0
1	1	UID837901	1	1	0	0
1	1	UID837909	1	1	0	0
1	1	UID837911	1	1	0	0
1	1	UID837916	1	1	0	0
1	1	UID837925	1	1	0	0
1	1	UID837931	1	1	0	0
1	1	UID837932	1	1	0	0
1	1	UID837934	1	1	0	0
1	1	UID837935	1	1	0	0
1	1	UID837936	1	1	0	0
1	1	UID837938	1	1	0	0
1	1	UID837939	1	1	0	0
1	1	UID837941	1	1	0	0
1	1	UID837942	1	1	0	0
1	1	UID837943	1	1	0	0
1	1	UID837945	1	1	0	0
1	1	UID837948	1	1	0	0
1	1	UID837953	1	1	0	0
1	1	UID837954	1	1	0	0
1	1	UID837956	1	1	0	0
1	1	UID837957	1	1	0	0
1	1	UID837958	1	1	0	0
1	1	UID837959	1	1	0	0
1	1	UID837960	1	1	0	0
1	1	UID837962	1	1	0	0
1	1	UID837964	1	1	0	0
1	1	UID837965	1	1	0	0
1	1	UID837970	1	1	0	0
1	1	UID837975	1	1	0	0
1	1	UID837976	1	1	0	0
1	1	UID837987	1	1	0	0
1	1	UID837997	1	1	0	0
1	1	UID837998	1	1	0	0
2	2	UID837999	1	2	1	1
1	1	UID838001	1	1	0	0
1	1	UID838004	1	1	0	0
1	1	UID838009	1	1	0	0
1	1	UID838010	1	1	0	0
1	1	UID838011	1	1	0	0
1	1	UID838015	1	1	0	0
1	1	UID838018	1	1	0	0
1	1	UID838020	1	1	0	0
1	1	UID838022	1	1	0	0
1	1	UID838024	1	1	0	0
1	1	UID838038	1	1	0	0
1	1	UID838042	1	1	0	0
1	1	UID838044	1	1	0	0
1	1	UID838045	1	1	0	0
1	1	UID838047	1	1	0	0
1	1	UID838048	1	1	0	0
1	1	UID838050	1	1	0	0
1	1	UID838051	1	1	0	0
1	1	UID838052	1	1	0	0
1	1	UID838055	1	1	0	0
1	1	UID838057	1	1	0	0
1	1	UID838059	1	1	0	0
1	1	UID838060	1	1	0	0
1	1	UID838063	1	1	0	0
1	1	UID838064	1	1	0	0
1	1	UID838065	1	1	0	0
1	1	UID838066	1	1	0	0
1	1	UID838067	1	1	0	0
1	1	UID838078	1	1	0	0
1	1	UID838082	1	1	0	0
1	1	UID838085	1	1	0	0
1	1	UID838086	1	1	0	0
1	1	UID838092	1	1	0	0
1	1	UID838095	1	1	0	0
1	1	UID838096	1	1	0	0
1	1	UID838097	1	1	0	0
1	1	UID838101	1	1	0	0
1	1	UID838102	1	1	0	0
1	1	UID838103	1	1	0	0
1	1	UID838104	1	1	0	0
1	1	UID838105	1	1	0	0
1	1	UID838106	1	1	0	0
1	1	UID838110	1	1	0	0
1	1	UID838111	1	1	0	0
1	1	UID838112	1	1	0	0
1	1	UID838117	1	1	0	0
1	1	UID838120	1	1	0	0
1	1	UID838125	1	1	0	0
1	1	UID838126	1	1	0	0
1	1	UID838128	1	1	0	0
1	1	UID838153	1	1	0	0
1	1	UID838157	1	1	0	0
1	1	UID838158	1	1	0	0
1	1	UID838161	1	1	0	0
1	1	UID838166	1	1	0	0
1	1	UID838219	1	1	0	0
1	1	UID838225	1	1	0	0
1	1	UID838228	1	1	0	0
1	1	UID838229	1	1	0	0
1	1	UID838235	1	1	0	0
1	1	UID838242	1	1	0	0
1	1	UID838243	1	1	0	0
1	1	UID838245	1	1	0	0
1	1	UID838246	1	1	0	0
1	1	UID838248	1	1	0	0
1	1	UID838259	1	1	0	0
1	1	UID838262	1	1	0	0
1	1	UID838265	1	1	0	0
1	1	UID838270	1	1	0	0
1	1	UID838273	1	1	0	0
1	1	UID838274	1	1	0	0
1	1	UID838275	1	1	0	0
1	1	UID838277	1	1	0	0
1	1	UID838287	1	1	0	0
1	1	UID838288	1	1	0	0
1	1	UID838290	1	1	0	0
1	1	UID838294	1	1	0	0
1	1	UID838296	1	1	0	0
1	1	UID838315	1	1	0	0
1	1	UID838317	1	1	0	0
1	1	UID838319	1	1	0	0
1	1	UID838322	1	1	0	0
1	1	UID838326	1	1	0	0
1	1	UID838331	1	1	0	0
1	1	UID838332	1	1	0	0
1	1	UID838333	1	1	0	0
1	1	UID838335	1	1	0	0
1	1	UID838336	1	1	0	0
1	1	UID838337	1	1	0	0
1	1	UID838340	1	1	0	0
1	1	UID838342	1	1	0	0
1	1	UID838344	1	1	0	0
1	1	UID838345	1	1	0	0
1	1	UID838350	1	1	0	0
1	1	UID838351	1	1	0	0
1	1	UID838352	1	1	0	0
1	1	UID838353	1	1	0	0
1	1	UID838354	1	1	0	0
1	1	UID838357	1	1	0	0
1	1	UID838358	1	1	0	0
1	1	UID838360	1	1	0	0
1	1	UID838365	1	1	0	0
1	1	UID838368	1	1	0	0
1	1	UID838369	1	1	0	0
1	1	UID838373	1	1	0	0
1	1	UID838375	1	1	0	0
1	1	UID838377	1	1	0	0
1	1	UID838378	1	1	0	0
1	1	UID838379	1	1	0	0
1	1	UID838382	1	1	0	0
1	1	UID838386	1	1	0	0
1	1	UID838388	1	1	0	0
1	1	UID838390	1	1	0	0
1	1	UID838391	1	1	0	0
1	1	UID838392	1	1	0	0
1	1	UID838395	1	1	0	0
1	1	UID838398	1	1	0	0
1	1	UID838399	1	1	0	0
1	1	UID838405	1	1	0	0
1	1	UID838406	1	1	0	0
1	1	UID838436	1	1	0	0
1	1	UID838439	1	1	0	0
1	1	UID838441	1	1	0	0
1	1	UID838443	1	1	0	0
1	1	UID838446	1	1	0	0
1	1	UID838447	1	1	0	0
1	1	UID838450	1	1	0	0
1	1	UID838451	1	1	0	0
1	1	UID838453	1	1	0	0
1	1	UID838457	1	1	0	0
1	1	UID838466	1	1	0	0
1	1	UID838485	1	1	0	0
1	1	UID838487	1	1	0	0
1	1	UID838493	1	1	0	0
1	1	UID838495	1	1	0	0
1	1	UID838496	1	1	0	0
1	1	UID838498	1	1	0	0
1	1	UID838505	1	1	0	0
1	1	UID838507	1	1	0	0
1	1	UID838508	1	1	0	0
1	1	UID838533	1	1	0	0
1	1	UID838534	1	1	0	0
1	1	UID838535	1	1	0	0
1	1	UID838546	1	1	0	0
1	1	UID838547	1	1	0	0
1	1	UID838549	1	1	0	0
1	1	UID838550	1	1	0	0
1	1	UID838560	1	1	0	0
1	1	UID838562	1	1	0	0
1	1	UID838563	1	1	0	0
1	1	UID838574	1	1	0	0
1	1	UID838576	1	1	0	0
1	1	UID838580	1	1	0	0
1	1	UID838581	1	1	0	0
1	1	UID838588	1	1	0	0
1	1	UID838589	1	1	0	0
1	1	UID838590	1	1	0	0
1	1	UID838593	1	1	0	0
1	1	UID838594	1	1	0	0
1	1	UID838597	1	1	0	0
1	1	UID838598	1	1	0	0
1	1	UID838600	1	1	0	0
1	1	UID838616	1	1	0	0
1	1	UID838618	1	1	0	0
1	1	UID838619	1	1	0	0
1	1	UID838620	1	1	0	0
1	1	UID838624	1	1	0	0
1	1	UID838625	1	1	0	0
1	1	UID838626	1	1	0	0
1	1	UID838630	1	1	0	0
1	1	UID838636	1	1	0	0
1	1	UID838637	1	1	0	0
1	1	UID838646	1	1	0	0
1	1	UID838649	1	1	0	0
1	1	UID838651	1	1	0	0
1	1	UID838661	1	1	0	0
1	1	UID838666	1	1	0	0
1	1	UID838667	1	1	0	0
1	1	UID838669	1	1	0	0
1	1	UID838670	1	1	0	0
1	1	UID838671	1	1	0	0
1	1	UID838673	1	1	0	0
1	1	UID838674	1	1	0	0
1	1	UID838676	1	1	0	0
1	1	UID838678	1	1	0	0
1	1	UID838679	1	1	0	0
1	1	UID838681	1	1	0	0
1	1	UID838682	1	1	0	0
1	1	UID838686	1	1	0	0
1	1	UID838687	1	1	0	0
1	1	UID838688	1	1	0	0
1	1	UID838690	1	1	0	0
1	1	UID838692	1	1	0	0
1	1	UID838693	1	1	0	0
1	1	UID838695	1	1	0	0
1	1	UID838696	1	1	0	0
1	1	UID838697	1	1	0	0
1	1	UID838698	1	1	0	0
1	1	UID838699	1	1	0	0
1	1	UID838700	1	1	0	0
1	1	UID838701	1	1	0	0
1	1	UID838702	1	1	0	0
1	1	UID838703	1	1	0	0
1	1	UID838707	1	1	0	0
1	1	UID838708	1	1	0	0
1	1	UID838710	1	1	0	0
1	1	UID838711	1	1	0	0
1	1	UID838712	1	1	0	0
1	1	UID838715	1	1	0	0
1	1	UID838761	1	1	0	0
1	1	UID838766	1	1	0	0
1	1	UID838769	1	1	0	0
1	1	UID838771	1	1	0	0
1	1	UID838777	1	1	0	0
1	1	UID838793	1	1	0	0
1	1	UID838796	1	1	0	0
1	1	UID838804	1	1	0	0
1	1	UID838834	1	1	0	0
1	1	UID838839	1	1	0	0
1	1	UID838845	1	1	0	0
1	1	UID838852	1	1	0	0
1	1	UID838859	1	1	0	0
1	1	UID838860	1	1	0	0
1	1	UID838863	1	1	0	0
1	1	UID838886	1	1	0	0
1	1	UID838887	1	1	0	0
1	1	UID838889	1	1	0	0
1	1	UID838890	1	1	0	0
1	1	UID838891	1	1	0	0
1	1	UID838893	1	1	0	0
1	1	UID838894	1	1	0	0
1	1	UID838895	1	1	0	0
1	1	UID838897	1	1	0	0
1	1	UID838898	1	1	0	0
1	1	UID838899	1	1	0	0
1	1	UID838900	1	1	0	0
1	1	UID838901	1	1	0	0
1	1	UID838903	1	1	0	0
1	1	UID838904	1	1	0	0
1	1	UID838905	1	1	0	0
1	1	UID838906	1	1	0	0
1	1	UID838913	1	1	0	0
1	1	UID838914	1	1	0	0
1	1	UID838917	1	1	0	0
1	1	UID838918	1	1	0	0
1	1	UID838919	1	1	0	0
1	1	UID838920	1	1	0	0
1	1	UID838921	1	1	0	0
1	1	UID838922	1	1	0	0
1	1	UID838923	1	1	0	0
1	1	UID838924	1	1	0	0
1	1	UID838926	1	1	0	0
1	1	UID838928	1	1	0	0
1	1	UID838931	1	1	0	0
1	1	UID838932	1	1	0	0
1	1	UID838934	1	1	0	0
1	1	UID838936	1	1	0	0
1	1	UID838937	1	1	0	0
1	1	UID838938	1	1	0	0
1	1	UID838939	1	1	0	0
1	1	UID838940	1	1	0	0
1	1	UID838941	1	1	0	0
1	1	UID838942	1	1	0	0
1	1	UID838943	1	1	0	0
1	1	UID838944	1	1	0	0
1	1	UID838945	1	1	0	0
1	1	UID838946	1	1	0	0
1	1	UID838948	1	1	0	0
1	1	UID838950	1	1	0	0
1	1	UID838952	1	1	0	0
1	1	UID838954	1	1	0	0
1	1	UID838955	1	1	0	0
1	1	UID838957	1	1	0	0
1	1	UID838959	1	1	0	0
1	1	UID838960	1	1	0	0
1	1	UID838961	1	1	0	0
1	1	UID838962	1	1	0	0
1	1	UID838963	1	1	0	0
1	1	UID838967	1	1	0	0
1	1	UID838969	1	1	0	0
1	1	UID838970	1	1	0	0
1	1	UID838995	1	1	0	0
1	1	UID838998	1	1	0	0
1	1	UID839003	1	1	0	0
1	1	UID839004	1	1	0	0
1	1	UID839011	1	1	0	0
1	1	UID839014	1	1	0	0
1	1	UID839019	1	1	0	0
1	1	UID839020	1	1	0	0
1	1	UID839021	1	1	0	0
1	1	UID839022	1	1	0	0
1	1	UID839023	1	1	0	0
1	1	UID839028	1	1	0	0
1	1	UID839029	1	1	0	0
1	1	UID839031	1	1	0	0
1	1	UID839032	1	1	0	0
1	1	UID839033	1	1	0	0
1	1	UID839034	1	1	0	0
1	1	UID839035	1	1	0	0
1	1	UID839036	1	1	0	0
1	1	UID839037	1	1	0	0
1	1	UID839038	1	1	0	0
1	1	UID839041	1	1	0	0
1	1	UID839045	1	1	0	0
1	1	UID839046	1	1	0	0
1	1	UID839054	1	1	0	0
1	1	UID839055	1	1	0	0
1	1	UID839083	1	1	0	0
1	1	UID839084	1	1	0	0
1	1	UID839088	1	1	0	0
1	1	UID839090	1	1	0	0
1	1	UID839094	1	1	0	0
1	1	UID839095	1	1	0	0
1	1	UID839100	1	1	0	0
1	1	UID839101	1	1	0	0
1	1	UID839111	1	1	0	0
1	1	UID839112	1	1	0	0
1	1	UID839152	1	1	0	0
1	1	UID839173	1	1	0	0
1	1	UID839174	1	1	0	0
1	1	UID839178	1	1	0	0
1	1	UID839179	1	1	0	0
1	1	UID839181	1	1	0	0
1	1	UID839206	1	1	0	0
1	1	UID839208	1	1	0	0
1	1	UID839209	1	1	0	0
1	1	UID839210	1	1	0	0
1	1	UID839211	1	1	0	0
1	1	UID839215	1	1	0	0
1	1	UID839216	1	1	0	0
1	1	UID839217	1	1	0	0
1	1	UID839218	1	1	0	0
1	1	UID839219	1	1	0	0
1	1	UID839220	1	1	0	0
1	1	UID839222	1	1	0	0
1	1	UID839223	1	1	0	0
1	1	UID839225	1	1	0	0
1	1	UID839226	1	1	0	0
1	1	UID839228	1	1	0	0
1	1	UID839229	1	1	0	0
1	1	UID839230	1	1	0	0
1	1	UID839231	1	1	0	0
1	1	UID839232	1	1	0	0
1	1	UID839233	1	1	0	0
1	1	UID839238	1	1	0	0
1	1	UID839239	1	1	0	0
1	1	UID839240	1	1	0	0
1	1	UID839246	1	1	0	0
1	1	UID839248	1	1	0	0
1	1	UID839249	1	1	0	0
1	1	UID839250	1	1	0	0
1	1	UID839251	1	1	0	0
1	1	UID839252	1	1	0	0
1	1	UID839254	1	1	0	0
1	1	UID839255	1	1	0	0
1	1	UID839257	1	1	0	0
1	1	UID839258	1	1	0	0
1	1	UID839259	1	1	0	0
1	1	UID839260	1	1	0	0
1	1	UID839261	1	1	0	0
1	1	UID839263	1	1	0	0
1	1	UID839266	1	1	0	0
1	1	UID839270	1	1	0	0
1	1	UID839271	1	1	0	0
1	1	UID839275	1	1	0	0
1	1	UID839276	1	1	0	0
1	1	UID839282	1	1	0	0
1	1	UID839286	1	1	0	0
1	1	UID839290	1	1	0	0
1	1	UID839298	1	1	0	0
1	1	UID839334	1	1	0	0
1	1	UID839338	1	1	0	0
1	1	UID839344	1	1	0	0
1	1	UID839352	1	1	0	0
1	1	UID839358	1	1	0	0
1	1	UID839359	1	1	0	0
1	1	UID839361	1	1	0	0
1	1	UID839368	1	1	0	0
1	1	UID839371	1	1	0	0
1	1	UID839375	1	1	0	0
1	1	UID839381	1	1	0	0
2	2	UID839386	1	2	1	1
1	1	UID839389	1	1	0	0
1	1	UID839391	1	1	0	0
1	1	UID839392	1	1	0	0
1	1	UID839415	1	1	0	0
1	1	UID839421	1	1	0	0
1	1	UID839427	1	1	0	0
1	1	UID839429	1	1	0	0
1	1	UID839431	1	1	0	0
1	1	UID839432	1	1	0	0
1	1	UID839435	1	1	0	0
1	1	UID839440	1	1	0	0
1	1	UID839442	1	1	0	0
1	1	UID839450	1	1	0	0
1	1	UID839454	1	1	0	0
1	1	UID839455	1	1	0	0
1	1	UID839456	1	1	0	0
1	1	UID839458	1	1	0	0
1	1	UID839459	1	1	0	0
1	1	UID839463	1	1	0	0
1	1	UID839464	1	1	0	0
1	1	UID839466	1	1	0	0
1	1	UID839467	1	1	0	0
1	1	UID839468	1	1	0	0
1	1	UID839469	1	1	0	0
1	1	UID839471	1	1	0	0
1	1	UID839475	1	1	0	0
1	1	UID839479	1	1	0	0
1	1	UID839488	1	1	0	0
1	1	UID839493	1	1	0	0
1	1	UID839495	1	1	0	0
1	1	UID839497	1	1	0	0
1	1	UID839498	1	1	0	0
1	1	UID839500	1	1	0	0
1	1	UID839501	1	1	0	0
1	1	UID839504	1	1	0	0
1	1	UID839509	1	1	0	0
1	1	UID839517	1	1	0	0
1	1	UID839524	1	1	0	0
1	1	UID839533	1	1	0	0
1	1	UID839540	1	1	0	0
1	1	UID839546	1	1	0	0
1	1	UID839555	1	1	0	0
1	1	UID839556	1	1	0	0
1	1	UID839557	1	1	0	0
3	3	UID839560	1	3	2	2
1	1	UID839563	1	1	0	0
1	1	UID839568	1	1	0	0
1	1	UID839572	1	1	0	0
1	1	UID839575	1	1	0	0
1	1	UID839576	1	1	0	0
1	1	UID839577	1	1	0	0
1	1	UID839578	1	1	0	0
1	1	UID839580	1	1	0	0
1	1	UID839584	1	1	0	0
1	1	UID839591	1	1	0	0
1	1	UID839595	1	1	0	0
1	1	UID839597	1	1	0	0
1	1	UID839604	1	1	0	0
1	1	UID839607	1	1	0	0
2	2	UID839629	1	2	1	1
1	1	UID839640	1	1	0	0
1	1	UID839641	1	1	0	0
1	1	UID839642	1	1	0	0
1	1	UID839643	1	1	0	0
1	1	UID839644	1	1	0	0
1	1	UID839646	1	1	0	0
1	1	UID839647	1	1	0	0
1	1	UID839648	1	1	0	0
1	1	UID839651	1	1	0	0
1	1	UID839652	1	1	0	0
1	1	UID839653	1	1	0	0
1	1	UID839654	1	1	0	0
1	1	UID839655	1	1	0	0
1	1	UID839656	1	1	0	0
1	1	UID839657	1	1	0	0
1	1	UID839658	1	1	0	0
1	1	UID839659	1	1	0	0
1	1	UID839661	1	1	0	0
1	1	UID839662	1	1	0	0
1	1	UID839663	1	1	0	0
1	1	UID839664	1	1	0	0
1	1	UID839666	1	1	0	0
1	1	UID839667	1	1	0	0
1	1	UID839669	1	1	0	0
1	1	UID839670	1	1	0	0
1	1	UID839671	1	1	0	0
1	1	UID839673	1	1	0	0
1	1	UID839676	1	1	0	0
1	1	UID839683	1	1	0	0
1	1	UID839688	1	1	0	0
1	1	UID839689	1	1	0	0
1	1	UID839690	1	1	0	0
1	1	UID839691	1	1	0	0
1	1	UID839692	1	1	0	0
1	1	UID839695	1	1	0	0
1	1	UID839696	1	1	0	0
1	1	UID839697	1	1	0	0
1	1	UID839698	1	1	0	0
1	1	UID839699	1	1	0	0
1	1	UID839701	1	1	0	0
1	1	UID839702	1	1	0	0
1	1	UID839703	1	1	0	0
1	1	UID839704	1	1	0	0
1	1	UID839708	1	1	0	0
1	1	UID839709	1	1	0	0
1	1	UID839710	1	1	0	0
1	1	UID839711	1	1	0	0
1	1	UID839712	1	1	0	0
1	1	UID839713	1	1	0	0
1	1	UID839714	1	1	0	0
1	1	UID839715	1	1	0	0
1	1	UID839716	1	1	0	0
1	1	UID839717	1	1	0	0
1	1	UID839718	1	1	0	0
1	1	UID839719	1	1	0	0
1	1	UID839720	1	1	0	0
1	1	UID839722	1	1	0	0
1	1	UID839723	1	1	0	0
1	1	UID839728	1	1	0	0
1	1	UID839730	1	1	0	0
1	1	UID839734	1	1	0	0
1	1	UID839735	1	1	0	0
1	1	UID839736	1	1	0	0
1	1	UID839737	1	1	0	0
1	1	UID839738	1	1	0	0
1	1	UID839739	1	1	0	0
1	1	UID839740	1	1	0	0
1	1	UID839741	1	1	0	0
1	1	UID839742	1	1	0	0
1	1	UID839743	1	1	0	0
1	1	UID839744	1	1	0	0
1	1	UID839745	1	1	0	0
1	1	UID839746	1	1	0	0
1	1	UID839747	1	1	0	0
1	1	UID839748	1	1	0	0
1	1	UID839750	1	1	0	0
1	1	UID839751	1	1	0	0
1	1	UID839752	1	1	0	0
1	1	UID839753	1	1	0	0
1	1	UID839763	1	1	0	0
2	2	UID839764	1	2	1	1
1	1	UID839772	1	1	0	0
1	1	UID839777	1	1	0	0
1	1	UID839780	1	1	0	0
1	1	UID839786	1	1	0	0
1	1	UID839790	1	1	0	0
1	1	UID839795	1	1	0	0
1	1	UID839817	1	1	0	0
1	1	UID839820	1	1	0	0
1	1	UID839821	1	1	0	0
1	1	UID839825	1	1	0	0
1	1	UID839836	1	1	0	0
1	1	UID839840	1	1	0	0
1	1	UID839842	1	1	0	0
1	1	UID839847	1	1	0	0
1	1	UID839849	1	1	0	0
1	1	UID839853	1	1	0	0
1	1	UID839854	1	1	0	0
1	1	UID839856	1	1	0	0
1	1	UID839859	1	1	0	0
1	1	UID839860	1	1	0	0
1	1	UID839862	1	1	0	0
1	1	UID839863	1	1	0	0
1	1	UID839870	1	1	0	0
1	1	UID839871	1	1	0	0
1	1	UID839872	1	1	0	0
1	1	UID839873	1	1	0	0
1	1	UID839879	1	1	0	0
1	1	UID839887	1	1	0	0
1	1	UID839888	1	1	0	0
1	1	UID839889	1	1	0	0
1	1	UID839890	1	1	0	0
1	1	UID839902	1	1	0	0
1	1	UID839907	1	1	0	0
1	1	UID839911	1	1	0	0
1	1	UID839918	1	1	0	0
1	1	UID839919	1	1	0	0
1	1	UID839926	1	1	0	0
1	1	UID839935	1	1	0	0
1	1	UID839938	1	1	0	0
1	1	UID839939	1	1	0	0
1	1	UID839941	1	1	0	0
1	1	UID839945	1	1	0	0
1	1	UID839953	1	1	0	0
1	1	UID839954	1	1	0	0
1	1	UID839961	1	1	0	0
1	1	UID839987	1	1	0	0
1	1	UID839989	1	1	0	0
1	1	UID839996	1	1	0	0
1	1	UID839998	1	1	0	0
1	1	UID839999	1	1	0	0
1	1	UID840002	1	1	0	0
1	1	UID840004	1	1	0	0
1	1	UID840005	1	1	0	0
1	1	UID840006	1	1	0	0
1	1	UID840008	1	1	0	0
1	1	UID840009	1	1	0	0
1	1	UID840013	1	1	0	0
1	1	UID840016	1	1	0	0
1	1	UID840020	1	1	0	0
1	1	UID840022	1	1	0	0
1	1	UID840025	1	1	0	0
1	1	UID840034	1	1	0	0
1	1	UID840055	1	1	0	0
1	1	UID840063	1	1	0	0
1	1	UID840065	1	1	0	0
1	1	UID840067	1	1	0	0
1	1	UID840069	1	1	0	0
1	1	UID840072	1	1	0	0
1	1	UID840073	1	1	0	0
1	1	UID840075	1	1	0	0
1	1	UID840082	1	1	0	0
1	1	UID840086	1	1	0	0
1	1	UID840087	1	1	0	0
1	1	UID840088	1	1	0	0
1	1	UID840097	1	1	0	0
1	1	UID840107	1	1	0	0
1	1	UID840108	1	1	0	0
1	1	UID840110	1	1	0	0
1	1	UID840114	1	1	0	0
1	1	UID840115	1	1	0	0
1	1	UID840117	1	1	0	0
1	1	UID840153	1	1	0	0
1	1	UID840156	1	1	0	0
1	1	UID840158	1	1	0	0
1	1	UID840166	1	1	0	0
1	1	UID840170	1	1	0	0
1	1	UID840176	1	1	0	0
1	1	UID840182	1	1	0	0
1	1	UID840189	1	1	0	0
1	1	UID840191	1	1	0	0
1	1	UID840204	1	1	0	0
1	1	UID840229	1	1	0	0
1	1	UID840232	1	1	0	0
1	1	UID840235	1	1	0	0
1	1	UID840236	1	1	0	0
1	1	UID840239	1	1	0	0
1	1	UID840241	1	1	0	0
1	1	UID840252	1	1	0	0
1	1	UID840255	1	1	0	0
1	1	UID840258	1	1	0	0
1	1	UID840283	1	1	0	0
2	2	UID840293	1	2	1	1
1	1	UID840296	1	1	0	0
1	1	UID840303	1	1	0	0
1	1	UID840305	1	1	0	0
1	1	UID840308	1	1	0	0
1	1	UID840313	1	1	0	0
1	1	UID840319	1	1	0	0
1	1	UID840325	1	1	0	0
1	1	UID840326	1	1	0	0
1	1	UID840327	1	1	0	0
1	1	UID840329	1	1	0	0
1	1	UID840331	1	1	0	0
1	1	UID840345	1	1	0	0
1	1	UID840347	1	1	0	0
1	1	UID840348	1	1	0	0
1	1	UID840367	1	1	0	0
1	1	UID840368	1	1	0	0
1	1	UID840369	1	1	0	0
1	1	UID840372	1	1	0	0
1	1	UID840376	1	1	0	0
1	1	UID840377	1	1	0	0
1	1	UID840383	1	1	0	0
2	2	UID840387	1	2	1	1
1	1	UID840389	1	1	0	0
1	1	UID840392	1	1	0	0
1	1	UID840394	1	1	0	0
1	1	UID840395	1	1	0	0
1	1	UID840398	1	1	0	0
1	1	UID840399	1	1	0	0
1	1	UID840402	1	1	0	0
1	1	UID840403	1	1	0	0
1	1	UID840408	1	1	0	0
1	1	UID840414	1	1	0	0
1	1	UID840418	1	1	0	0
1	1	UID840423	1	1	0	0
1	1	UID840428	1	1	0	0
1	1	UID840430	1	1	0	0
1	1	UID840431	1	1	0	0
1	1	UID840460	1	1	0	0
1	1	UID840468	1	1	0	0
1	1	UID840478	1	1	0	0
1	1	UID840482	1	1	0	0
1	1	UID840484	1	1	0	0
1	1	UID840486	1	1	0	0
1	1	UID840489	1	1	0	0
1	1	UID840490	1	1	0	0
1	1	UID840491	1	1	0	0
1	1	UID840492	1	1	0	0
1	1	UID840493	1	1	0	0
1	1	UID840494	1	1	0	0
1	1	UID840495	1	1	0	0
1	1	UID840496	1	1	0	0
1	1	UID840497	1	1	0	0
1	1	UID840498	1	1	0	0
1	1	UID840499	1	1	0	0
1	1	UID840501	1	1	0	0
1	1	UID840502	1	1	0	0
1	1	UID840503	1	1	0	0
1	1	UID840504	1	1	0	0
1	1	UID840508	1	1	0	0
1	1	UID840510	1	1	0	0
1	1	UID840512	1	1	0	0
1	1	UID840514	1	1	0	0
1	1	UID840516	1	1	0	0
1	1	UID840517	1	1	0	0
1	1	UID840518	1	1	0	0
1	1	UID840520	1	1	0	0
1	1	UID840522	1	1	0	0
1	1	UID840523	1	1	0	0
1	1	UID840524	1	1	0	0
1	1	UID840526	1	1	0	0
1	1	UID840527	1	1	0	0
1	1	UID840528	1	1	0	0
1	1	UID840529	1	1	0	0
1	1	UID840531	1	1	0	0
1	1	UID840532	1	1	0	0
1	1	UID840533	1	1	0	0
1	1	UID840535	1	1	0	0
1	1	UID840536	1	1	0	0
1	1	UID840540	1	1	0	0
1	1	UID840542	1	1	0	0
1	1	UID840545	1	1	0	0
1	1	UID840561	1	1	0	0
1	1	UID840563	1	1	0	0
1	1	UID840564	1	1	0	0
1	1	UID840565	1	1	0	0
1	1	UID840566	1	1	0	0
1	1	UID840567	1	1	0	0
2	2	UID840569	1	2	1	1
1	1	UID840571	1	1	0	0
1	1	UID840572	1	1	0	0
1	1	UID840578	1	1	0	0
1	1	UID840581	1	1	0	0
1	1	UID840583	1	1	0	0
1	1	UID840588	1	1	0	0
1	1	UID840589	1	1	0	0
1	1	UID840597	1	1	0	0
1	1	UID840622	1	1	0	0
1	1	UID840623	1	1	0	0
1	1	UID840627	1	1	0	0
1	1	UID840628	1	1	0	0
1	1	UID840632	1	1	0	0
1	1	UID840639	1	1	0	0
1	1	UID840640	1	1	0	0
1	1	UID840641	1	1	0	0
1	1	UID840650	1	1	0	0
1	1	UID840651	1	1	0	0
1	1	UID840653	1	1	0	0
1	1	UID840654	1	1	0	0
1	1	UID840655	1	1	0	0
1	1	UID840656	1	1	0	0
1	1	UID840657	1	1	0	0
2	2	UID840658	1	2	1	1
1	1	UID840664	1	1	0	0
1	1	UID840665	1	1	0	0
1	1	UID840666	1	1	0	0
1	1	UID840667	1	1	0	0
1	1	UID840668	1	1	0	0
1	1	UID840669	1	1	0	0
1	1	UID840670	1	1	0	0
1	1	UID840673	1	1	0	0
1	1	UID840675	1	1	0	0
1	1	UID840678	1	1	0	0
1	1	UID840703	1	1	0	0
1	1	UID840705	1	1	0	0
1	1	UID840710	1	1	0	0
1	1	UID840711	1	1	0	0
2	2	UID840719	1	2	1	1
1	1	UID840721	1	1	0	0
1	1	UID840722	1	1	0	0
1	1	UID840731	1	1	0	0
1	1	UID840738	1	1	0	0
1	1	UID840739	1	1	0	0
1	1	UID840741	1	1	0	0
1	1	UID840742	1	1	0	0
1	1	UID840744	1	1	0	0
1	1	UID840746	1	1	0	0
1	1	UID840747	1	1	0	0
1	1	UID840748	1	1	0	0
1	1	UID840749	1	1	0	0
1	1	UID840750	1	1	0	0
1	1	UID840751	1	1	0	0
1	1	UID840752	1	1	0	0
1	1	UID840753	1	1	0	0
1	1	UID840754	1	1	0	0
1	1	UID840755	1	1	0	0
1	1	UID840757	1	1	0	0
1	1	UID840759	1	1	0	0
1	1	UID840763	1	1	0	0
1	1	UID840764	1	1	0	0
1	1	UID840767	1	1	0	0
1	1	UID840768	1	1	0	0
1	1	UID840769	1	1	0	0
1	1	UID840770	1	1	0	0
1	1	UID840771	1	1	0	0
1	1	UID840772	1	1	0	0
1	1	UID840773	1	1	0	0
1	1	UID840775	1	1	0	0
1	1	UID840779	1	1	0	0
1	1	UID840781	1	1	0	0
1	1	UID840787	1	1	0	0
1	1	UID840788	1	1	0	0
1	1	UID840790	1	1	0	0
1	1	UID840793	1	1	0	0
1	1	UID840794	1	1	0	0
1	1	UID840795	1	1	0	0
1	1	UID840796	1	1	0	0
1	1	UID840798	1	1	0	0
1	1	UID840801	1	1	0	0
1	1	UID840802	1	1	0	0
1	1	UID840803	1	1	0	0
1	1	UID840804	1	1	0	0
1	1	UID840805	1	1	0	0
1	1	UID840806	1	1	0	0
1	1	UID840807	1	1	0	0
1	1	UID840810	1	1	0	0
1	1	UID840812	1	1	0	0
1	1	UID840813	1	1	0	0
1	1	UID840814	1	1	0	0
1	1	UID840815	1	1	0	0
1	1	UID840816	1	1	0	0
1	1	UID840817	1	1	0	0
1	1	UID840818	1	1	0	0
1	1	UID840820	1	1	0	0
1	1	UID840821	1	1	0	0
1	1	UID840822	1	1	0	0
1	1	UID840823	1	1	0	0
1	1	UID840824	1	1	0	0
1	1	UID840825	1	1	0	0
1	1	UID840827	1	1	0	0
1	1	UID840831	1	1	0	0
1	1	UID840832	1	1	0	0
1	1	UID840843	1	1	0	0
1	1	UID840848	1	1	0	0
1	1	UID840851	1	1	0	0
1	1	UID840853	1	1	0	0
1	1	UID840854	1	1	0	0
1	1	UID840862	1	1	0	0
1	1	UID840892	1	1	0	0
1	1	UID840894	1	1	0	0
1	1	UID840898	1	1	0	0
1	1	UID840902	1	1	0	0
1	1	UID840912	1	1	0	0
1	1	UID840913	1	1	0	0
1	1	UID840915	1	1	0	0
1	1	UID840917	1	1	0	0
1	1	UID840918	1	1	0	0
1	1	UID840922	1	1	0	0
1	1	UID840927	1	1	0	0
1	1	UID840928	1	1	0	0
1	1	UID840929	1	1	0	0
1	1	UID840930	1	1	0	0
1	1	UID840932	1	1	0	0
1	1	UID840941	1	1	0	0
1	1	UID840944	1	1	0	0
1	1	UID840946	1	1	0	0
1	1	UID840947	1	1	0	0
1	1	UID840948	1	1	0	0
1	1	UID840950	1	1	0	0
1	1	UID840951	1	1	0	0
1	1	UID840952	1	1	0	0
1	1	UID840953	1	1	0	0
1	1	UID840957	1	1	0	0
1	1	UID840959	1	1	0	0
1	1	UID840967	1	1	0	0
1	1	UID840993	1	1	0	0
1	1	UID840994	1	1	0	0
1	1	UID841003	1	1	0	0
1	1	UID841005	1	1	0	0
1	1	UID841031	1	1	0	0
1	1	UID841034	1	1	0	0
1	1	UID841036	1	1	0	0
1	1	UID841038	1	1	0	0
1	1	UID841043	1	1	0	0
1	1	UID841044	1	1	0	0
1	1	UID841045	1	1	0	0
1	1	UID841052	1	1	0	0
1	1	UID841059	1	1	0	0
1	1	UID841060	1	1	0	0
1	1	UID841061	1	1	0	0
1	1	UID841062	1	1	0	0
1	1	UID841063	1	1	0	0
1	1	UID841064	1	1	0	0
1	1	UID841065	1	1	0	0
1	1	UID841070	1	1	0	0
1	1	UID841071	1	1	0	0
1	1	UID841072	1	1	0	0
1	1	UID841073	1	1	0	0
1	1	UID841075	1	1	0	0
1	1	UID841076	1	1	0	0
1	1	UID841078	1	1	0	0
1	1	UID841079	1	1	0	0
1	1	UID841080	1	1	0	0
1	1	UID841081	1	1	0	0
1	1	UID841084	1	1	0	0
1	1	UID841085	1	1	0	0
1	1	UID841093	1	1	0	0
2	2	UID841094	1	2	1	1
1	1	UID841097	1	1	0	0
1	1	UID841117	1	1	0	0
1	1	UID841120	1	1	0	0
1	1	UID841122	1	1	0	0
1	1	UID841125	1	1	0	0
1	1	UID841131	1	1	0	0
1	1	UID841136	1	1	0	0
1	1	UID841144	1	1	0	0
1	1	UID841145	1	1	0	0
2	2	UID841146	1	2	1	1
1	1	UID841150	1	1	0	0
1	1	UID841157	1	1	0	0
1	1	UID841163	1	1	0	0
1	1	UID841165	1	1	0	0
1	1	UID841166	1	1	0	0
1	1	UID841167	1	1	0	0
1	1	UID841168	1	1	0	0
1	1	UID841169	1	1	0	0
1	1	UID841170	1	1	0	0
1	1	UID841173	1	1	0	0
1	1	UID841177	1	1	0	0
1	1	UID841179	1	1	0	0
1	1	UID841181	1	1	0	0
1	1	UID841184	1	1	0	0
1	1	UID841204	1	1	0	0
1	1	UID841213	1	1	0	0
1	1	UID841215	1	1	0	0
1	1	UID841219	1	1	0	0
1	1	UID841234	1	1	0	0
1	1	UID841237	1	1	0	0
1	1	UID841241	1	1	0	0
1	1	UID841242	1	1	0	0
1	1	UID841252	1	1	0	0
1	1	UID841254	1	1	0	0
1	1	UID841255	1	1	0	0
1	1	UID841256	1	1	0	0
1	1	UID841257	1	1	0	0
1	1	UID841259	1	1	0	0
1	1	UID841262	1	1	0	0
1	1	UID841264	1	1	0	0
1	1	UID841300	1	1	0	0
1	1	UID841304	1	1	0	0
1	1	UID841306	1	1	0	0
1	1	UID841314	1	1	0	0
1	1	UID841318	1	1	0	0
1	1	UID841320	1	1	0	0
1	1	UID841321	1	1	0	0
1	1	UID841322	1	1	0	0
1	1	UID841323	1	1	0	0
1	1	UID841324	1	1	0	0
1	1	UID841326	1	1	0	0
1	1	UID841327	1	1	0	0
1	1	UID841328	1	1	0	0
1	1	UID841330	1	1	0	0
1	1	UID841332	1	1	0	0
1	1	UID841333	1	1	0	0
1	1	UID841334	1	1	0	0
1	1	UID841335	1	1	0	0
1	1	UID841336	1	1	0	0
1	1	UID841337	1	1	0	0
1	1	UID841338	1	1	0	0
1	1	UID841339	1	1	0	0
1	1	UID841340	1	1	0	0
1	1	UID841341	1	1	0	0
1	1	UID841342	1	1	0	0
1	1	UID841343	1	1	0	0
1	1	UID841344	1	1	0	0
1	1	UID841345	1	1	0	0
1	1	UID841346	1	1	0	0
1	1	UID841347	1	1	0	0
1	1	UID841348	1	1	0	0
1	1	UID841349	1	1	0	0
1	1	UID841350	1	1	0	0
1	1	UID841351	1	1	0	0
1	1	UID841352	1	1	0	0
1	1	UID841353	1	1	0	0
1	1	UID841354	1	1	0	0
1	1	UID841355	1	1	0	0
1	1	UID841358	1	1	0	0
1	1	UID841359	1	1	0	0
1	1	UID841361	1	1	0	0
1	1	UID841362	1	1	0	0
1	1	UID841363	1	1	0	0
1	1	UID841364	1	1	0	0
1	1	UID841376	1	1	0	0
1	1	UID841378	1	1	0	0
1	1	UID841386	1	1	0	0
1	1	UID841387	1	1	0	0
1	1	UID841388	1	1	0	0
1	1	UID841391	1	1	0	0
1	1	UID841408	1	1	0	0
1	1	UID841414	1	1	0	0
1	1	UID841422	1	1	0	0
1	1	UID841426	1	1	0	0
1	1	UID841427	1	1	0	0
1	1	UID841429	1	1	0	0
1	1	UID841431	1	1	0	0
1	1	UID841433	1	1	0	0
1	1	UID841434	1	1	0	0
1	1	UID841435	1	1	0	0
1	1	UID841436	1	1	0	0
1	1	UID841438	1	1	0	0
1	1	UID841443	1	1	0	0
1	1	UID841445	1	1	0	0
1	1	UID841446	1	1	0	0
1	1	UID841449	1	1	0	0
1	1	UID841452	1	1	0	0
1	1	UID841454	1	1	0	0
1	1	UID841459	1	1	0	0
1	1	UID841464	1	1	0	0
1	1	UID841466	1	1	0	0
1	1	UID841469	1	1	0	0
1	1	UID841472	1	1	0	0
1	1	UID841497	1	1	0	0
1	1	UID841499	1	1	0	0
1	1	UID841502	1	1	0	0
1	1	UID841512	1	1	0	0
1	1	UID841514	1	1	0	0
1	1	UID841517	1	1	0	0
1	1	UID841520	1	1	0	0
1	1	UID841524	1	1	0	0
1	1	UID841526	1	1	0	0
1	1	UID841530	1	1	0	0
1	1	UID841533	1	1	0	0
1	1	UID841534	1	1	0	0
1	1	UID841535	1	1	0	0
1	1	UID841538	1	1	0	0
1	1	UID841541	1	1	0	0
1	1	UID841546	1	1	0	0
1	1	UID841551	1	1	0	0
1	1	UID841574	1	1	0	0
1	1	UID841579	1	1	0	0
1	1	UID841580	1	1	0	0
1	1	UID841583	1	1	0	0
1	1	UID841588	1	1	0	0
1	1	UID841593	1	1	0	0
1	1	UID841594	1	1	0	0
1	1	UID841600	1	1	0	0
1	1	UID841602	1	1	0	0
1	1	UID841603	1	1	0	0
1	1	UID841605	1	1	0	0
1	1	UID841606	1	1	0	0
1	1	UID841609	1	1	0	0
1	1	UID841610	1	1	0	0
1	1	UID841611	1	1	0	0
1	1	UID841612	1	1	0	0
1	1	UID841613	1	1	0	0
1	1	UID841623	1	1	0	0
1	1	UID841632	1	1	0	0
1	1	UID841653	1	1	0	0
1	1	UID841667	1	1	0	0
1	1	UID841668	1	1	0	0
1	1	UID841672	1	1	0	0
1	1	UID841674	1	1	0	0
1	1	UID841678	1	1	0	0
1	1	UID841680	1	1	0	0
1	1	UID841689	1	1	0	0
1	1	UID841694	1	1	0	0
1	1	UID841699	1	1	0	0
1	1	UID841700	1	1	0	0
1	1	UID841712	1	1	0	0
1	1	UID841751	1	1	0	0
1	1	UID841757	1	1	0	0
1	1	UID841759	1	1	0	0
1	1	UID841760	1	1	0	0
1	1	UID841763	1	1	0	0
1	1	UID841767	1	1	0	0
1	1	UID841768	1	1	0	0
1	1	UID841775	1	1	0	0
1	1	UID841778	1	1	0	0
1	1	UID841783	1	1	0	0
1	1	UID841785	1	1	0	0
1	1	UID841788	1	1	0	0
1	1	UID841789	1	1	0	0
1	1	UID841793	1	1	0	0
1	1	UID841797	1	1	0	0
1	1	UID841798	1	1	0	0
1	1	UID841799	1	1	0	0
1	1	UID841801	1	1	0	0
1	1	UID841805	1	1	0	0
1	1	UID841808	1	1	0	0
1	1	UID841815	1	1	0	0
1	1	UID841817	1	1	0	0
1	1	UID841818	1	1	0	0
1	1	UID841823	1	1	0	0
1	1	UID841827	1	1	0	0
1	1	UID841860	1	1	0	0
2	2	UID841863	1	2	1	1
1	1	UID841875	1	1	0	0
1	1	UID841876	1	1	0	0
1	1	UID841888	1	1	0	0
1	1	UID841890	1	1	0	0
1	1	UID841893	1	1	0	0
1	1	UID841896	1	1	0	0
1	1	UID841899	1	1	0	0
1	1	UID841904	1	1	0	0
1	1	UID841909	1	1	0	0
1	1	UID841910	1	1	0	0
1	1	UID841913	1	1	0	0
1	1	UID841914	1	1	0	0
1	1	UID841920	1	1	0	0
1	1	UID841923	1	1	0	0
1	1	UID841951	1	1	0	0
1	1	UID841954	1	1	0	0
1	1	UID841955	1	1	0	0
1	1	UID841957	1	1	0	0
1	1	UID841958	1	1	0	0
1	1	UID841959	1	1	0	0
1	1	UID841961	1	1	0	0
1	1	UID841963	1	1	0	0
1	1	UID841965	1	1	0	0
1	1	UID841968	1	1	0	0
1	1	UID841969	1	1	0	0
1	1	UID841970	1	1	0	0
1	1	UID841974	1	1	0	0
1	1	UID841977	1	1	0	0
1	1	UID841981	1	1	0	0
1	1	UID841983	1	1	0	0
1	1	UID841990	1	1	0	0
1	1	UID841996	1	1	0	0
1	1	UID841998	1	1	0	0
1	1	UID842000	1	1	0	0
1	1	UID842001	1	1	0	0
1	1	UID842002	1	1	0	0
1	1	UID842003	1	1	0	0
1	1	UID842004	1	1	0	0
1	1	UID842005	1	1	0	0
1	1	UID842006	1	1	0	0
1	1	UID842007	1	1	0	0
1	1	UID842008	1	1	0	0
1	1	UID842009	1	1	0	0
1	1	UID842010	1	1	0	0
1	1	UID842013	1	1	0	0
1	1	UID842014	1	1	0	0
1	1	UID842015	1	1	0	0
1	1	UID842016	1	1	0	0
1	1	UID842017	1	1	0	0
1	1	UID842018	1	1	0	0
1	1	UID842020	1	1	0	0
1	1	UID842021	1	1	0	0
1	1	UID842022	1	1	0	0
1	1	UID842024	1	1	0	0
1	1	UID842025	1	1	0	0
1	1	UID842026	1	1	0	0
1	1	UID842027	1	1	0	0
1	1	UID842028	1	1	0	0
1	1	UID842029	1	1	0	0
1	1	UID842030	1	1	0	0
1	1	UID842032	1	1	0	0
1	1	UID842033	1	1	0	0
1	1	UID842034	1	1	0	0
1	1	UID842035	1	1	0	0
1	1	UID842037	1	1	0	0
1	1	UID842039	1	1	0	0
1	1	UID842040	1	1	0	0
1	1	UID842043	1	1	0	0
1	1	UID842044	1	1	0	0
1	1	UID842045	1	1	0	0
1	1	UID842046	1	1	0	0
1	1	UID842052	1	1	0	0
1	1	UID842053	1	1	0	0
1	1	UID842055	1	1	0	0
1	1	UID842057	1	1	0	0
1	1	UID842060	1	1	0	0
1	1	UID842064	1	1	0	0
1	1	UID842103	1	1	0	0
1	1	UID842105	1	1	0	0
1	1	UID842109	1	1	0	0
1	1	UID842110	1	1	0	0
1	1	UID842112	1	1	0	0
1	1	UID842113	1	1	0	0
1	1	UID842114	1	1	0	0
1	1	UID842115	1	1	0	0
1	1	UID842119	1	1	0	0
1	1	UID842121	1	1	0	0
1	1	UID842122	1	1	0	0
1	1	UID842123	1	1	0	0
1	1	UID842125	1	1	0	0
1	1	UID842128	1	1	0	0
1	1	UID842132	1	1	0	0
1	1	UID842133	1	1	0	0
1	1	UID842140	1	1	0	0
1	1	UID842142	1	1	0	0
1	1	UID842144	1	1	0	0
1	1	UID842145	1	1	0	0
1	1	UID842146	1	1	0	0
1	1	UID842147	1	1	0	0
1	1	UID842148	1	1	0	0
1	1	UID842150	1	1	0	0
1	1	UID842152	1	1	0	0
1	1	UID842153	1	1	0	0
1	1	UID842154	1	1	0	0
1	1	UID842156	1	1	0	0
1	1	UID842157	1	1	0	0
1	1	UID842158	1	1	0	0
1	1	UID842159	1	1	0	0
1	1	UID842160	1	1	0	0
2	2	UID842168	1	2	1	1
1	1	UID842173	1	1	0	0
1	1	UID842174	1	1	0	0
1	1	UID842206	1	1	0	0
1	1	UID842209	1	1	0	0
1	1	UID842214	1	1	0	0
1	1	UID842215	1	1	0	0
1	1	UID842217	1	1	0	0
1	1	UID842228	1	1	0	0
1	1	UID842230	1	1	0	0
1	1	UID842233	1	1	0	0
1	1	UID842235	1	1	0	0
1	1	UID842243	1	1	0	0
1	1	UID842247	1	1	0	0
1	1	UID842249	1	1	0	0
1	1	UID842250	1	1	0	0
1	1	UID842253	1	1	0	0
1	1	UID842254	1	1	0	0
1	1	UID842256	1	1	0	0
1	1	UID842257	1	1	0	0
1	1	UID842261	1	1	0	0
1	1	UID842263	1	1	0	0
1	1	UID842270	1	1	0	0
1	1	UID842273	1	1	0	0
1	1	UID842276	1	1	0	0
1	1	UID842298	1	1	0	0
1	1	UID842302	1	1	0	0
1	1	UID842309	1	1	0	0
1	1	UID842311	1	1	0	0
1	1	UID842314	1	1	0	0
1	1	UID842320	1	1	0	0
1	1	UID842322	1	1	0	0
1	1	UID842323	1	1	0	0
1	1	UID842325	1	1	0	0
1	1	UID842326	1	1	0	0
1	1	UID842328	1	1	0	0
1	1	UID842332	1	1	0	0
1	1	UID842333	1	1	0	0
1	1	UID842334	1	1	0	0
1	1	UID842335	1	1	0	0
1	1	UID842337	1	1	0	0
1	1	UID842341	1	1	0	0
1	1	UID842345	1	1	0	0
1	1	UID842348	1	1	0	0
1	1	UID842354	1	1	0	0
1	1	UID842357	1	1	0	0
1	1	UID842360	1	1	0	0
1	1	UID842361	1	1	0	0
1	1	UID842383	1	1	0	0
1	1	UID842389	1	1	0	0
1	1	UID842396	1	1	0	0
1	1	UID842398	1	1	0	0
1	1	UID842405	1	1	0	0
1	1	UID842407	1	1	0	0
1	1	UID842411	1	1	0	0
1	1	UID842417	1	1	0	0
1	1	UID842428	1	1	0	0
1	1	UID842431	1	1	0	0
1	1	UID842434	1	1	0	0
1	1	UID842436	1	1	0	0
1	1	UID842447	1	1	0	0
1	1	UID842457	1	1	0	0
1	1	UID842460	1	1	0	0
1	1	UID842462	1	1	0	0
2	2	UID842463	1	2	1	1
1	1	UID842470	1	1	0	0
1	1	UID842471	1	1	0	0
1	1	UID842472	1	1	0	0
1	1	UID842473	1	1	0	0
1	1	UID842474	1	1	0	0
1	1	UID842475	1	1	0	0
1	1	UID842476	1	1	0	0
1	1	UID842477	1	1	0	0
1	1	UID842479	1	1	0	0
1	1	UID842480	1	1	0	0
1	1	UID842482	1	1	0	0
1	1	UID842483	1	1	0	0
1	1	UID842484	1	1	0	0
1	1	UID842485	1	1	0	0
1	1	UID842486	1	1	0	0
1	1	UID842487	1	1	0	0
1	1	UID842492	1	1	0	0
1	1	UID842493	1	1	0	0
1	1	UID842494	1	1	0	0
1	1	UID842501	1	1	0	0
1	1	UID842525	1	1	0	0
1	1	UID842526	1	1	0	0
1	1	UID842529	1	1	0	0
1	1	UID842534	1	1	0	0
1	1	UID842536	1	1	0	0
1	1	UID842538	1	1	0	0
1	1	UID842540	1	1	0	0
1	1	UID842541	1	1	0	0
2	2	UID842542	1	2	1	1
1	1	UID842544	1	1	0	0
1	1	UID842545	1	1	0	0
1	1	UID842546	1	1	0	0
1	1	UID842547	1	1	0	0
1	1	UID842554	1	1	0	0
1	1	UID842555	1	1	0	0
1	1	UID842556	1	1	0	0
1	1	UID842560	1	1	0	0
1	1	UID842565	1	1	0	0
1	1	UID842566	1	1	0	0
1	1	UID842600	1	1	0	0
1	1	UID842601	1	1	0	0
1	1	UID842611	1	1	0	0
1	1	UID842615	1	1	0	0
1	1	UID842616	1	1	0	0
1	1	UID842617	1	1	0	0
1	1	UID842618	1	1	0	0
1	1	UID842619	1	1	0	0
1	1	UID842621	1	1	0	0
1	1	UID842622	1	1	0	0
1	1	UID842623	1	1	0	0
1	1	UID842624	1	1	0	0
1	1	UID842626	1	1	0	0
1	1	UID842627	1	1	0	0
1	1	UID842628	1	1	0	0
1	1	UID842629	1	1	0	0
1	1	UID842630	1	1	0	0
1	1	UID842632	1	1	0	0
1	1	UID842635	1	1	0	0
1	1	UID842636	1	1	0	0
1	1	UID842637	1	1	0	0
1	1	UID842638	1	1	0	0
1	1	UID842639	1	1	0	0
1	1	UID842640	1	1	0	0
1	1	UID842642	1	1	0	0
1	1	UID842644	1	1	0	0
1	1	UID842645	1	1	0	0
1	1	UID842647	1	1	0	0
1	1	UID842650	1	1	0	0
1	1	UID842657	1	1	0	0
1	1	UID842659	1	1	0	0
1	1	UID842660	1	1	0	0
1	1	UID842661	1	1	0	0
1	1	UID842663	1	1	0	0
1	1	UID842666	1	1	0	0
1	1	UID842670	1	1	0	0
1	1	UID842672	1	1	0	0
1	1	UID842675	1	1	0	0
1	1	UID842677	1	1	0	0
1	1	UID842679	1	1	0	0
1	1	UID842682	1	1	0	0
1	1	UID842686	1	1	0	0
1	1	UID842687	1	1	0	0
1	1	UID842691	1	1	0	0
1	1	UID842695	1	1	0	0
1	1	UID842697	1	1	0	0
1	1	UID842698	1	1	0	0
1	1	UID842699	1	1	0	0
1	1	UID842703	1	1	0	0
1	1	UID842727	1	1	0	0
1	1	UID842731	1	1	0	0
1	1	UID842736	1	1	0	0
1	1	UID842746	1	1	0	0
1	1	UID842747	1	1	0	0
1	1	UID842751	1	1	0	0
1	1	UID842754	1	1	0	0
1	1	UID842758	1	1	0	0
1	1	UID842759	1	1	0	0
1	1	UID842762	1	1	0	0
1	1	UID842763	1	1	0	0
1	1	UID842765	1	1	0	0
1	1	UID842769	1	1	0	0
1	1	UID842785	1	1	0	0
1	1	UID842787	1	1	0	0
1	1	UID842790	1	1	0	0
1	1	UID842793	1	1	0	0
1	1	UID842794	1	1	0	0
