6031	52067	UID1	30450	4809	4	4
69	180	UID99	95	56	2	2
53	148	UID189	89	45	1	1
52	141	UID94	85	46	2	2
48	140	UID29	83	39	2	2
41	129	UID207	81	33	2	2
45	126	UID131	79	41	2	2
49	139	UID138	76	35	2	2
40	117	UID157	72	33	2	2
43	118	UID72	70	37	2	2
58	132	UID115	67	49	2	2
25	94	UID149	67	21	1	1
52	131	UID85	65	42	2	2
36	102	UID122	63	31	2	2
37	103	UID84	61	31	2	2
26	83	UID294	56	23	2	2
38	93	UID208	50	33	2	2
27	81	UID194	49	20	1	1
33	86	UID228	48	27	1	1
26	73	UID206	45	23	2	2
36	88	UID108	44	27	2	2
36	80	UID146	41	31	1	1
18	58	UID180	39	15	2	2
30	70	UID221	35	24	2	2
16	48	UID173	31	13	1	1
24	61	UID303	31	18	2	2
17	48	UID248	30	14	1	1
24	53	UID158	27	20	2	2
14	36	UID843	22	12	2	2
11	32	UID1328	20	9	1	1
11	30	UID352	20	10	1	1
15	35	UID440	20	13	1	1
10	32	UID610	20	7	2	2
11	31	UID703	20	9	2	2
16	34	UID374	19	15	1	1
13	33	UID376	19	10	1	1
11	33	UID525	18	6	2	2
16	33	UID606	17	14	1	1
7	23	UID685	16	5	1	1
8	21	UID497	13	6	1	1
5	16	UID1322	11	3	1	1
2	12	UID3973	11	1	0	0
9	19	UID919	11	8	1	1
13	25	UID375	10	9	1	1
10	19	UID4054	10	9	1	1
7	17	UID5486	10	5	2	2
14	29	UID5497	10	12	2	2
4	12	UID47365	8	2	1	1
6	12	UID1350	7	5	1	1
3	9	UID808	7	2	0	0
2	7	UID3886	6	1	1	1
8	13	UID915	6	7	1	1
13	20	UID554	5	11	2	2
4	8	UID560298	5	3	1	1
2	5	UID27249	4	1	0	0
1	4	UID430872	4	0	0	0
4	7	UID653	4	3	1	1
2	5	UID695784	4	1	1	1
1	4	UID730642	4	0	0	0
1	4	UID730644	4	0	0	0
1	4	UID730648	4	0	0	0
1	4	UID730649	4	0	0	0
7	12	UID744	4	4	1	1
2	4	UID196638	3	1	1	1
4	6	UID243304	3	3	1	1
3	5	UID2	3	2	1	1
6	9	UID5493	3	4	1	1
4	6	UID5540	3	3	1	1
1	3	UID686433	3	0	0	0
1	3	UID730651	3	0	0	0
1	3	UID730656	3	0	0	0
1	3	UID730657	3	0	0	0
1	3	UID730658	3	0	0	0
1	3	UID730659	3	0	0	0
1	3	UID730661	3	0	0	0
1	3	UID730663	3	0	0	0
2	4	UID730664	3	1	1	1
1	3	UID730667	3	0	0	0
4	8	UID730672	3	2	2	2
1	3	UID730676	3	0	0	0
1	3	UID730678	3	0	0	0
1	3	UID730679	3	0	0	0
1	3	UID730685	3	0	0	0
1	3	UID730686	3	0	0	0
1	3	UID730689	3	0	0	0
1	3	UID730690	3	0	0	0
1	3	UID730693	3	0	0	0
1	3	UID730696	3	0	0	0
1	3	UID730701	3	0	0	0
1	3	UID9771	3	0	0	0
1	2	UID117215	2	0	0	0
3	4	UID28881	2	2	1	1
2	4	UID4057	2	0	1	1
3	5	UID41227	2	1	1	1
2	3	UID444182	2	1	1	1
1	2	UID61291	2	0	0	0
1	2	UID625	2	0	0	0
1	2	UID730720	2	0	0	0
1	2	UID730731	2	0	0	0
1	2	UID730747	2	0	0	0
1	2	UID730828	2	0	0	0
1	2	UID730839	2	0	0	0
1	2	UID730937	2	0	0	0
1	2	UID730938	2	0	0	0
4	5	UID730944	2	3	2	2
2	3	UID731000	2	1	1	1
1	1	UID117858	1	1	0	0
1	1	UID12036	1	1	0	0
1	1	UID14732	1	1	0	0
2	2	UID152766	1	2	1	1
1	1	UID216	1	1	0	0
1	1	UID217	1	1	0	0
1	1	UID27120	1	1	0	0
1	1	UID37287	1	1	0	0
1	1	UID383467	1	1	0	0
1	1	UID60007	1	1	0	0
1	1	UID63230	1	1	0	0
1	1	UID731024	1	1	0	0
1	1	UID731025	1	1	0	0
1	1	UID731026	1	1	0	0
1	1	UID731027	1	1	0	0
1	1	UID731029	1	1	0	0
1	1	UID731030	1	1	0	0
1	1	UID731031	1	1	0	0
1	1	UID731032	1	1	0	0
1	1	UID731033	1	1	0	0
1	1	UID731035	1	1	0	0
1	1	UID731036	1	1	0	0
1	1	UID731037	1	1	0	0
1	1	UID731038	1	1	0	0
1	1	UID731041	1	1	0	0
1	1	UID731042	1	1	0	0
1	1	UID731045	1	1	0	0
1	1	UID731060	1	1	0	0
1	1	UID731064	1	1	0	0
1	1	UID731070	1	1	0	0
1	1	UID731071	1	1	0	0
1	1	UID731072	1	1	0	0
1	1	UID731073	1	1	0	0
1	1	UID731074	1	1	0	0
1	1	UID731075	1	1	0	0
1	1	UID731076	1	1	0	0
1	1	UID731078	1	1	0	0
1	1	UID731079	1	1	0	0
1	1	UID731080	1	1	0	0
1	1	UID731082	1	1	0	0
1	1	UID731084	1	1	0	0
1	1	UID731085	1	1	0	0
1	1	UID731086	1	1	0	0
1	1	UID731087	1	1	0	0
1	1	UID731088	1	1	0	0
1	1	UID731091	1	1	0	0
1	1	UID731096	1	1	0	0
1	1	UID731097	1	1	0	0
1	1	UID731098	1	1	0	0
1	1	UID731110	1	1	0	0
1	1	UID731114	1	1	0	0
1	1	UID731123	1	1	0	0
1	1	UID731124	1	1	0	0
1	1	UID731126	1	1	0	0
1	1	UID731129	1	1	0	0
1	1	UID731130	1	1	0	0
1	1	UID731131	1	1	0	0
1	1	UID731133	1	1	0	0
1	1	UID731145	1	1	0	0
1	1	UID731146	1	1	0	0
1	1	UID731148	1	1	0	0
1	1	UID731150	1	1	0	0
1	1	UID731151	1	1	0	0
1	1	UID731152	1	1	0	0
1	1	UID731153	1	1	0	0
1	1	UID731154	1	1	0	0
1	1	UID731155	1	1	0	0
1	1	UID731157	1	1	0	0
1	1	UID731158	1	1	0	0
1	1	UID731159	1	1	0	0
1	1	UID731160	1	1	0	0
1	1	UID731161	1	1	0	0
1	1	UID731162	1	1	0	0
1	1	UID731163	1	1	0	0
1	1	UID731165	1	1	0	0
1	1	UID731166	1	1	0	0
1	1	UID731167	1	1	0	0
1	1	UID731174	1	1	0	0
1	1	UID731175	1	1	0	0
1	1	UID731176	1	1	0	0
1	1	UID731177	1	1	0	0
1	1	UID731178	1	1	0	0
1	1	UID731183	1	1	0	0
1	1	UID731192	1	1	0	0
1	1	UID731204	1	1	0	0
1	1	UID731206	1	1	0	0
1	1	UID731210	1	1	0	0
1	1	UID731211	1	1	0	0
1	1	UID731217	1	1	0	0
1	1	UID731218	1	1	0	0
1	1	UID731221	1	1	0	0
1	1	UID731222	1	1	0	0
1	1	UID731223	1	1	0	0
1	1	UID731224	1	1	0	0
1	1	UID731225	1	1	0	0
1	1	UID731226	1	1	0	0
1	1	UID731227	1	1	0	0
1	1	UID731229	1	1	0	0
1	1	UID731238	1	1	0	0
1	1	UID731239	1	1	0	0
1	1	UID731240	1	1	0	0
1	1	UID731241	1	1	0	0
1	1	UID731243	1	1	0	0
1	1	UID731252	1	1	0	0
1	1	UID731255	1	1	0	0
1	1	UID731262	1	1	0	0
1	1	UID731272	1	1	0	0
1	1	UID731275	1	1	0	0
1	1	UID731284	1	1	0	0
1	1	UID731286	1	1	0	0
1	1	UID731288	1	1	0	0
1	1	UID731289	1	1	0	0
1	1	UID731290	1	1	0	0
1	1	UID731291	1	1	0	0
1	1	UID731292	1	1	0	0
1	1	UID731293	1	1	0	0
1	1	UID731295	1	1	0	0
1	1	UID731296	1	1	0	0
1	1	UID731297	1	1	0	0
1	1	UID731298	1	1	0	0
1	1	UID731300	1	1	0	0
1	1	UID731301	1	1	0	0
1	1	UID731302	1	1	0	0
1	1	UID731303	1	1	0	0
1	1	UID731308	1	1	0	0
1	1	UID731309	1	1	0	0
1	1	UID731311	1	1	0	0
1	1	UID731313	1	1	0	0
1	1	UID731314	1	1	0	0
1	1	UID731316	1	1	0	0
1	1	UID731318	1	1	0	0
1	1	UID731320	1	1	0	0
1	1	UID731324	1	1	0	0
1	1	UID731326	1	1	0	0
1	1	UID731327	1	1	0	0
1	1	UID731332	1	1	0	0
1	1	UID731333	1	1	0	0
1	1	UID731336	1	1	0	0
1	1	UID731337	1	1	0	0
1	1	UID731338	1	1	0	0
1	1	UID731340	1	1	0	0
1	1	UID731363	1	1	0	0
1	1	UID731366	1	1	0	0
1	1	UID731369	1	1	0	0
1	1	UID731370	1	1	0	0
1	1	UID731371	1	1	0	0
1	1	UID731372	1	1	0	0
1	1	UID731373	1	1	0	0
1	1	UID731374	1	1	0	0
1	1	UID731375	1	1	0	0
1	1	UID731376	1	1	0	0
1	1	UID731377	1	1	0	0
1	1	UID731378	1	1	0	0
1	1	UID731380	1	1	0	0
1	1	UID731381	1	1	0	0
1	1	UID731383	1	1	0	0
1	1	UID731385	1	1	0	0
1	1	UID731386	1	1	0	0
1	1	UID731389	1	1	0	0
1	1	UID731390	1	1	0	0
1	1	UID731392	1	1	0	0
1	1	UID731397	1	1	0	0
1	1	UID731401	1	1	0	0
1	1	UID731402	1	1	0	0
1	1	UID731403	1	1	0	0
1	1	UID731405	1	1	0	0
1	1	UID731407	1	1	0	0
1	1	UID731408	1	1	0	0
1	1	UID731409	1	1	0	0
1	1	UID731410	1	1	0	0
1	1	UID731413	1	1	0	0
1	1	UID731432	1	1	0	0
1	1	UID731438	1	1	0	0
1	1	UID731439	1	1	0	0
1	1	UID731446	1	1	0	0
1	1	UID731447	1	1	0	0
1	1	UID731448	1	1	0	0
1	1	UID731449	1	1	0	0
1	1	UID731451	1	1	0	0
1	1	UID731452	1	1	0	0
1	1	UID731454	1	1	0	0
1	1	UID731457	1	1	0	0
1	1	UID731459	1	1	0	0
1	1	UID731461	1	1	0	0
1	1	UID731463	1	1	0	0
1	1	UID731464	1	1	0	0
1	1	UID731465	1	1	0	0
1	1	UID731466	1	1	0	0
1	1	UID731467	1	1	0	0
1	1	UID731469	1	1	0	0
1	1	UID731471	1	1	0	0
1	1	UID731478	1	1	0	0
1	1	UID731481	1	1	0	0
1	1	UID731487	1	1	0	0
1	1	UID731492	1	1	0	0
1	1	UID731493	1	1	0	0
1	1	UID731494	1	1	0	0
1	1	UID731495	1	1	0	0
1	1	UID731498	1	1	0	0
1	1	UID731505	1	1	0	0
1	1	UID731506	1	1	0	0
1	1	UID731510	1	1	0	0
1	1	UID731515	1	1	0	0
1	1	UID731516	1	1	0	0
1	1	UID731524	1	1	0	0
1	1	UID731526	1	1	0	0
1	1	UID731528	1	1	0	0
1	1	UID731532	1	1	0	0
1	1	UID731538	1	1	0	0
1	1	UID731544	1	1	0	0
1	1	UID731545	1	1	0	0
1	1	UID731546	1	1	0	0
1	1	UID731547	1	1	0	0
1	1	UID731548	1	1	0	0
1	1	UID731549	1	1	0	0
1	1	UID731550	1	1	0	0
1	1	UID731552	1	1	0	0
1	1	UID731553	1	1	0	0
1	1	UID731557	1	1	0	0
1	1	UID731560	1	1	0	0
1	1	UID731562	1	1	0	0
1	1	UID731564	1	1	0	0
1	1	UID731577	1	1	0	0
1	1	UID731587	1	1	0	0
1	1	UID731589	1	1	0	0
1	1	UID731593	1	1	0	0
1	1	UID731596	1	1	0	0
1	1	UID731598	1	1	0	0
1	1	UID731600	1	1	0	0
1	1	UID731601	1	1	0	0
1	1	UID731604	1	1	0	0
1	1	UID731605	1	1	0	0
1	1	UID731606	1	1	0	0
1	1	UID731609	1	1	0	0
1	1	UID731612	1	1	0	0
1	1	UID731613	1	1	0	0
1	1	UID731614	1	1	0	0
1	1	UID731615	1	1	0	0
1	1	UID731620	1	1	0	0
1	1	UID731622	1	1	0	0
1	1	UID731623	1	1	0	0
1	1	UID731628	1	1	0	0
1	1	UID731629	1	1	0	0
1	1	UID731632	1	1	0	0
1	1	UID731653	1	1	0	0
1	1	UID731659	1	1	0	0
1	1	UID731664	1	1	0	0
1	1	UID731665	1	1	0	0
1	1	UID731666	1	1	0	0
1	1	UID731667	1	1	0	0
1	1	UID731668	1	1	0	0
1	1	UID731669	1	1	0	0
1	1	UID731670	1	1	0	0
1	1	UID731671	1	1	0	0
1	1	UID731672	1	1	0	0
1	1	UID731673	1	1	0	0
1	1	UID731674	1	1	0	0
1	1	UID731676	1	1	0	0
1	1	UID731677	1	1	0	0
1	1	UID731678	1	1	0	0
1	1	UID731679	1	1	0	0
1	1	UID731680	1	1	0	0
1	1	UID731681	1	1	0	0
1	1	UID731682	1	1	0	0
1	1	UID731691	1	1	0	0
1	1	UID731692	1	1	0	0
1	1	UID731693	1	1	0	0
1	1	UID731694	1	1	0	0
1	1	UID731695	1	1	0	0
1	1	UID731696	1	1	0	0
1	1	UID731697	1	1	0	0
1	1	UID731700	1	1	0	0
1	1	UID731711	1	1	0	0
1	1	UID731714	1	1	0	0
1	1	UID731715	1	1	0	0
1	1	UID731716	1	1	0	0
1	1	UID731717	1	1	0	0
1	1	UID731718	1	1	0	0
1	1	UID731720	1	1	0	0
1	1	UID731722	1	1	0	0
1	1	UID731726	1	1	0	0
1	1	UID731727	1	1	0	0
1	1	UID731735	1	1	0	0
1	1	UID731754	1	1	0	0
1	1	UID731759	1	1	0	0
1	1	UID731760	1	1	0	0
1	1	UID731766	1	1	0	0
1	1	UID731767	1	1	0	0
1	1	UID731768	1	1	0	0
1	1	UID731773	1	1	0	0
1	1	UID731774	1	1	0	0
1	1	UID731776	1	1	0	0
1	1	UID731778	1	1	0	0
1	1	UID731779	1	1	0	0
1	1	UID731795	1	1	0	0
1	1	UID731798	1	1	0	0
1	1	UID731799	1	1	0	0
1	1	UID731800	1	1	0	0
1	1	UID731805	1	1	0	0
1	1	UID731808	1	1	0	0
1	1	UID731809	1	1	0	0
1	1	UID731814	1	1	0	0
1	1	UID731832	1	1	0	0
1	1	UID731833	1	1	0	0
1	1	UID731835	1	1	0	0
1	1	UID731837	1	1	0	0
1	1	UID731838	1	1	0	0
1	1	UID731840	1	1	0	0
1	1	UID731841	1	1	0	0
1	1	UID731842	1	1	0	0
1	1	UID731843	1	1	0	0
1	1	UID731844	1	1	0	0
1	1	UID731847	1	1	0	0
1	1	UID731851	1	1	0	0
1	1	UID731856	1	1	0	0
1	1	UID731858	1	1	0	0
1	1	UID731861	1	1	0	0
1	1	UID731862	1	1	0	0
1	1	UID731865	1	1	0	0
1	1	UID731874	1	1	0	0
1	1	UID731877	1	1	0	0
1	1	UID731878	1	1	0	0
1	1	UID731880	1	1	0	0
1	1	UID731881	1	1	0	0
1	1	UID731884	1	1	0	0
1	1	UID731885	1	1	0	0
1	1	UID731886	1	1	0	0
1	1	UID731887	1	1	0	0
1	1	UID731888	1	1	0	0
1	1	UID731889	1	1	0	0
1	1	UID731890	1	1	0	0
1	1	UID731893	1	1	0	0
1	1	UID731894	1	1	0	0
1	1	UID731897	1	1	0	0
1	1	UID731899	1	1	0	0
1	1	UID731900	1	1	0	0
1	1	UID731901	1	1	0	0
1	1	UID731903	1	1	0	0
1	1	UID731907	1	1	0	0
1	1	UID731909	1	1	0	0
1	1	UID731911	1	1	0	0
1	1	UID731913	1	1	0	0
1	1	UID731914	1	1	0	0
1	1	UID731915	1	1	0	0
1	1	UID731918	1	1	0	0
1	1	UID731919	1	1	0	0
1	1	UID731920	1	1	0	0
1	1	UID731940	1	1	0	0
1	1	UID731942	1	1	0	0
1	1	UID731950	1	1	0	0
1	1	UID731957	1	1	0	0
1	1	UID731958	1	1	0	0
1	1	UID731959	1	1	0	0
1	1	UID731961	1	1	0	0
1	1	UID731962	1	1	0	0
1	1	UID731963	1	1	0	0
1	1	UID731964	1	1	0	0
1	1	UID731971	1	1	0	0
1	1	UID731972	1	1	0	0
1	1	UID731973	1	1	0	0
1	1	UID731977	1	1	0	0
1	1	UID731987	1	1	0	0
1	1	UID731990	1	1	0	0
1	1	UID731993	1	1	0	0
1	1	UID732004	1	1	0	0
1	1	UID732006	1	1	0	0
1	1	UID732008	1	1	0	0
1	1	UID732018	1	1	0	0
1	1	UID732020	1	1	0	0
1	1	UID732028	1	1	0	0
1	1	UID732032	1	1	0	0
1	1	UID732034	1	1	0	0
1	1	UID732035	1	1	0	0
1	1	UID732036	1	1	0	0
1	1	UID732037	1	1	0	0
1	1	UID732038	1	1	0	0
1	1	UID732039	1	1	0	0
1	1	UID732040	1	1	0	0
1	1	UID732041	1	1	0	0
1	1	UID732043	1	1	0	0
1	1	UID732045	1	1	0	0
1	1	UID732046	1	1	0	0
1	1	UID732047	1	1	0	0
1	1	UID732048	1	1	0	0
1	1	UID732049	1	1	0	0
1	1	UID732050	1	1	0	0
1	1	UID732051	1	1	0	0
1	1	UID732052	1	1	0	0
1	1	UID732053	1	1	0	0
1	1	UID732054	1	1	0	0
1	1	UID732058	1	1	0	0
1	1	UID732060	1	1	0	0
1	1	UID732061	1	1	0	0
1	1	UID732068	1	1	0	0
1	1	UID732071	1	1	0	0
1	1	UID732072	1	1	0	0
1	1	UID732073	1	1	0	0
1	1	UID732078	1	1	0	0
1	1	UID732079	1	1	0	0
1	1	UID732080	1	1	0	0
1	1	UID732081	1	1	0	0
1	1	UID732082	1	1	0	0
1	1	UID732083	1	1	0	0
1	1	UID732084	1	1	0	0
1	1	UID732085	1	1	0	0
1	1	UID732088	1	1	0	0
1	1	UID732091	1	1	0	0
1	1	UID732092	1	1	0	0
1	1	UID732094	1	1	0	0
1	1	UID732097	1	1	0	0
1	1	UID732098	1	1	0	0
1	1	UID732099	1	1	0	0
1	1	UID732100	1	1	0	0
1	1	UID732101	1	1	0	0
1	1	UID732102	1	1	0	0
1	1	UID732103	1	1	0	0
1	1	UID732104	1	1	0	0
1	1	UID732105	1	1	0	0
1	1	UID732107	1	1	0	0
1	1	UID732108	1	1	0	0
1	1	UID732132	1	1	0	0
1	1	UID732136	1	1	0	0
1	1	UID732139	1	1	0	0
1	1	UID732141	1	1	0	0
1	1	UID732142	1	1	0	0
1	1	UID732143	1	1	0	0
1	1	UID732144	1	1	0	0
1	1	UID732147	1	1	0	0
1	1	UID732152	1	1	0	0
1	1	UID732153	1	1	0	0
1	1	UID732154	1	1	0	0
1	1	UID732155	1	1	0	0
1	1	UID732156	1	1	0	0
1	1	UID732158	1	1	0	0
1	1	UID732167	1	1	0	0
1	1	UID732169	1	1	0	0
1	1	UID732171	1	1	0	0
1	1	UID732173	1	1	0	0
1	1	UID732174	1	1	0	0
1	1	UID732175	1	1	0	0
1	1	UID732176	1	1	0	0
1	1	UID732177	1	1	0	0
1	1	UID732178	1	1	0	0
1	1	UID732179	1	1	0	0
1	1	UID732181	1	1	0	0
1	1	UID732182	1	1	0	0
1	1	UID732190	1	1	0	0
1	1	UID732191	1	1	0	0
1	1	UID732192	1	1	0	0
1	1	UID732197	1	1	0	0
1	1	UID732202	1	1	0	0
1	1	UID732216	1	1	0	0
1	1	UID732218	1	1	0	0
1	1	UID732219	1	1	0	0
1	1	UID732220	1	1	0	0
1	1	UID732225	1	1	0	0
1	1	UID732227	1	1	0	0
1	1	UID732228	1	1	0	0
1	1	UID732229	1	1	0	0
1	1	UID732230	1	1	0	0
1	1	UID732231	1	1	0	0
1	1	UID732233	1	1	0	0
1	1	UID732234	1	1	0	0
1	1	UID732239	1	1	0	0
1	1	UID732240	1	1	0	0
1	1	UID732246	1	1	0	0
1	1	UID732250	1	1	0	0
1	1	UID732251	1	1	0	0
1	1	UID732253	1	1	0	0
1	1	UID732265	1	1	0	0
1	1	UID732268	1	1	0	0
1	1	UID732272	1	1	0	0
1	1	UID732273	1	1	0	0
1	1	UID732274	1	1	0	0
1	1	UID732283	1	1	0	0
1	1	UID732284	1	1	0	0
1	1	UID732289	1	1	0	0
1	1	UID732292	1	1	0	0
1	1	UID732296	1	1	0	0
1	1	UID732303	1	1	0	0
1	1	UID732305	1	1	0	0
1	1	UID732306	1	1	0	0
1	1	UID732307	1	1	0	0
1	1	UID732309	1	1	0	0
1	1	UID732311	1	1	0	0
1	1	UID732319	1	1	0	0
1	1	UID732326	1	1	0	0
1	1	UID732329	1	1	0	0
1	1	UID732332	1	1	0	0
1	1	UID732340	1	1	0	0
1	1	UID732342	1	1	0	0
1	1	UID732350	1	1	0	0
1	1	UID732351	1	1	0	0
1	1	UID732353	1	1	0	0
1	1	UID732378	1	1	0	0
1	1	UID732382	1	1	0	0
1	1	UID732387	1	1	0	0
1	1	UID732388	1	1	0	0
1	1	UID732389	1	1	0	0
1	1	UID732392	1	1	0	0
1	1	UID732393	1	1	0	0
1	1	UID732396	1	1	0	0
1	1	UID732399	1	1	0	0
1	1	UID732400	1	1	0	0
1	1	UID732401	1	1	0	0
1	1	UID732402	1	1	0	0
1	1	UID732403	1	1	0	0
1	1	UID732405	1	1	0	0
1	1	UID732406	1	1	0	0
1	1	UID732413	1	1	0	0
1	1	UID732415	1	1	0	0
1	1	UID732416	1	1	0	0
1	1	UID732417	1	1	0	0
1	1	UID732419	1	1	0	0
1	1	UID732427	1	1	0	0
1	1	UID732428	1	1	0	0
1	1	UID732429	1	1	0	0
1	1	UID732430	1	1	0	0
1	1	UID732431	1	1	0	0
1	1	UID732433	1	1	0	0
1	1	UID732435	1	1	0	0
1	1	UID732440	1	1	0	0
1	1	UID732444	1	1	0	0
1	1	UID732455	1	1	0	0
1	1	UID732456	1	1	0	0
1	1	UID732474	1	1	0	0
1	1	UID732475	1	1	0	0
1	1	UID732476	1	1	0	0
1	1	UID732477	1	1	0	0
1	1	UID732478	1	1	0	0
1	1	UID732479	1	1	0	0
1	1	UID732482	1	1	0	0
1	1	UID732485	1	1	0	0
1	1	UID732494	1	1	0	0
1	1	UID732495	1	1	0	0
1	1	UID732497	1	1	0	0
1	1	UID732504	1	1	0	0
1	1	UID732508	1	1	0	0
1	1	UID732509	1	1	0	0
1	1	UID732513	1	1	0	0
1	1	UID732516	1	1	0	0
1	1	UID732518	1	1	0	0
1	1	UID732520	1	1	0	0
1	1	UID732521	1	1	0	0
1	1	UID732530	1	1	0	0
1	1	UID732532	1	1	0	0
1	1	UID732538	1	1	0	0
1	1	UID732539	1	1	0	0
1	1	UID732545	1	1	0	0
1	1	UID732546	1	1	0	0
1	1	UID732551	1	1	0	0
1	1	UID732552	1	1	0	0
1	1	UID732561	1	1	0	0
1	1	UID732563	1	1	0	0
1	1	UID732564	1	1	0	0
1	1	UID732573	1	1	0	0
1	1	UID732577	1	1	0	0
1	1	UID732579	1	1	0	0
1	1	UID732585	1	1	0	0
1	1	UID732598	1	1	0	0
1	1	UID732599	1	1	0	0
1	1	UID732601	1	1	0	0
1	1	UID732602	1	1	0	0
1	1	UID732608	1	1	0	0
1	1	UID732612	1	1	0	0
1	1	UID732614	1	1	0	0
1	1	UID732621	1	1	0	0
1	1	UID732630	1	1	0	0
1	1	UID732634	1	1	0	0
1	1	UID732636	1	1	0	0
1	1	UID732648	1	1	0	0
1	1	UID732649	1	1	0	0
1	1	UID732653	1	1	0	0
1	1	UID732660	1	1	0	0
1	1	UID732669	1	1	0	0
1	1	UID732678	1	1	0	0
1	1	UID732679	1	1	0	0
1	1	UID732685	1	1	0	0
1	1	UID732692	1	1	0	0
1	1	UID732693	1	1	0	0
1	1	UID732694	1	1	0	0
1	1	UID732695	1	1	0	0
1	1	UID732697	1	1	0	0
1	1	UID732698	1	1	0	0
1	1	UID732700	1	1	0	0
1	1	UID732701	1	1	0	0
1	1	UID732702	1	1	0	0
1	1	UID732705	1	1	0	0
1	1	UID732714	1	1	0	0
1	1	UID732716	1	1	0	0
1	1	UID732718	1	1	0	0
1	1	UID732719	1	1	0	0
1	1	UID732731	1	1	0	0
1	1	UID732734	1	1	0	0
1	1	UID732750	1	1	0	0
1	1	UID732753	1	1	0	0
1	1	UID732756	1	1	0	0
1	1	UID732760	1	1	0	0
1	1	UID732761	1	1	0	0
1	1	UID732762	1	1	0	0
1	1	UID732763	1	1	0	0
1	1	UID732764	1	1	0	0
1	1	UID732766	1	1	0	0
1	1	UID732779	1	1	0	0
1	1	UID732783	1	1	0	0
1	1	UID732784	1	1	0	0
1	1	UID732786	1	1	0	0
1	1	UID732787	1	1	0	0
1	1	UID732788	1	1	0	0
1	1	UID732789	1	1	0	0
1	1	UID732790	1	1	0	0
1	1	UID732791	1	1	0	0
1	1	UID732792	1	1	0	0
1	1	UID732793	1	1	0	0
1	1	UID732794	1	1	0	0
1	1	UID732803	1	1	0	0
1	1	UID732804	1	1	0	0
1	1	UID732805	1	1	0	0
1	1	UID732808	1	1	0	0
1	1	UID732810	1	1	0	0
1	1	UID732815	1	1	0	0
1	1	UID732817	1	1	0	0
1	1	UID732818	1	1	0	0
1	1	UID732819	1	1	0	0
1	1	UID732823	1	1	0	0
1	1	UID732824	1	1	0	0
1	1	UID732825	1	1	0	0
1	1	UID732826	1	1	0	0
1	1	UID732827	1	1	0	0
1	1	UID732828	1	1	0	0
1	1	UID732830	1	1	0	0
1	1	UID732831	1	1	0	0
1	1	UID732832	1	1	0	0
1	1	UID732834	1	1	0	0
1	1	UID732837	1	1	0	0
1	1	UID732838	1	1	0	0
1	1	UID732839	1	1	0	0
1	1	UID732840	1	1	0	0
1	1	UID732850	1	1	0	0
1	1	UID732853	1	1	0	0
1	1	UID732855	1	1	0	0
1	1	UID732859	1	1	0	0
1	1	UID732860	1	1	0	0
1	1	UID732861	1	1	0	0
1	1	UID732862	1	1	0	0
1	1	UID732863	1	1	0	0
1	1	UID732864	1	1	0	0
1	1	UID732865	1	1	0	0
1	1	UID732866	1	1	0	0
1	1	UID732873	1	1	0	0
1	1	UID732875	1	1	0	0
1	1	UID732885	1	1	0	0
1	1	UID732887	1	1	0	0
1	1	UID732888	1	1	0	0
1	1	UID732889	1	1	0	0
1	1	UID732892	1	1	0	0
1	1	UID732894	1	1	0	0
1	1	UID732895	1	1	0	0
1	1	UID732896	1	1	0	0
1	1	UID732897	1	1	0	0
1	1	UID732898	1	1	0	0
1	1	UID732910	1	1	0	0
1	1	UID732911	1	1	0	0
1	1	UID732917	1	1	0	0
1	1	UID732919	1	1	0	0
1	1	UID732920	1	1	0	0
1	1	UID732930	1	1	0	0
1	1	UID732933	1	1	0	0
1	1	UID732939	1	1	0	0
1	1	UID732951	1	1	0	0
1	1	UID732952	1	1	0	0
1	1	UID732955	1	1	0	0
1	1	UID732966	1	1	0	0
1	1	UID732967	1	1	0	0
1	1	UID732968	1	1	0	0
1	1	UID732972	1	1	0	0
1	1	UID732978	1	1	0	0
1	1	UID732979	1	1	0	0
1	1	UID732987	1	1	0	0
1	1	UID732990	1	1	0	0
1	1	UID733002	1	1	0	0
1	1	UID733003	1	1	0	0
1	1	UID733004	1	1	0	0
1	1	UID733005	1	1	0	0
1	1	UID733006	1	1	0	0
1	1	UID733017	1	1	0	0
1	1	UID733020	1	1	0	0
1	1	UID733021	1	1	0	0
1	1	UID733023	1	1	0	0
1	1	UID733030	1	1	0	0
1	1	UID733035	1	1	0	0
1	1	UID733038	1	1	0	0
1	1	UID733039	1	1	0	0
1	1	UID733040	1	1	0	0
1	1	UID733041	1	1	0	0
1	1	UID733042	1	1	0	0
1	1	UID733044	1	1	0	0
1	1	UID733046	1	1	0	0
1	1	UID733047	1	1	0	0
1	1	UID733048	1	1	0	0
1	1	UID733065	1	1	0	0
1	1	UID733066	1	1	0	0
1	1	UID733067	1	1	0	0
1	1	UID733068	1	1	0	0
1	1	UID733069	1	1	0	0
1	1	UID733070	1	1	0	0
1	1	UID733077	1	1	0	0
1	1	UID733078	1	1	0	0
1	1	UID733081	1	1	0	0
1	1	UID733087	1	1	0	0
1	1	UID733088	1	1	0	0
1	1	UID733090	1	1	0	0
1	1	UID733092	1	1	0	0
1	1	UID733093	1	1	0	0
1	1	UID733098	1	1	0	0
1	1	UID733103	1	1	0	0
1	1	UID733106	1	1	0	0
1	1	UID733108	1	1	0	0
1	1	UID733110	1	1	0	0
1	1	UID733113	1	1	0	0
1	1	UID733121	1	1	0	0
1	1	UID733122	1	1	0	0
1	1	UID733124	1	1	0	0
1	1	UID733125	1	1	0	0
1	1	UID733126	1	1	0	0
1	1	UID733127	1	1	0	0
1	1	UID733128	1	1	0	0
1	1	UID733129	1	1	0	0
1	1	UID733131	1	1	0	0
1	1	UID733132	1	1	0	0
1	1	UID733133	1	1	0	0
1	1	UID733134	1	1	0	0
1	1	UID733138	1	1	0	0
1	1	UID733141	1	1	0	0
1	1	UID733148	1	1	0	0
1	1	UID733149	1	1	0	0
1	1	UID733151	1	1	0	0
1	1	UID733153	1	1	0	0
1	1	UID733157	1	1	0	0
1	1	UID733158	1	1	0	0
1	1	UID733161	1	1	0	0
1	1	UID733162	1	1	0	0
1	1	UID733173	1	1	0	0
1	1	UID733175	1	1	0	0
1	1	UID733188	1	1	0	0
1	1	UID733205	1	1	0	0
1	1	UID733215	1	1	0	0
1	1	UID733216	1	1	0	0
1	1	UID733220	1	1	0	0
1	1	UID733225	1	1	0	0
1	1	UID733226	1	1	0	0
1	1	UID733227	1	1	0	0
1	1	UID733244	1	1	0	0
1	1	UID733249	1	1	0	0
1	1	UID733253	1	1	0	0
1	1	UID733254	1	1	0	0
1	1	UID733259	1	1	0	0
1	1	UID733260	1	1	0	0
1	1	UID733265	1	1	0	0
1	1	UID733272	1	1	0	0
1	1	UID733273	1	1	0	0
1	1	UID733275	1	1	0	0
1	1	UID733277	1	1	0	0
1	1	UID733278	1	1	0	0
1	1	UID733280	1	1	0	0
1	1	UID733281	1	1	0	0
1	1	UID733282	1	1	0	0
1	1	UID733283	1	1	0	0
1	1	UID733284	1	1	0	0
1	1	UID733287	1	1	0	0
1	1	UID733288	1	1	0	0
1	1	UID733291	1	1	0	0
1	1	UID733292	1	1	0	0
1	1	UID733293	1	1	0	0
1	1	UID733294	1	1	0	0
1	1	UID733295	1	1	0	0
1	1	UID733296	1	1	0	0
1	1	UID733297	1	1	0	0
1	1	UID733298	1	1	0	0
1	1	UID733299	1	1	0	0
1	1	UID733300	1	1	0	0
1	1	UID733310	1	1	0	0
1	1	UID733315	1	1	0	0
1	1	UID733317	1	1	0	0
1	1	UID733318	1	1	0	0
1	1	UID733319	1	1	0	0
1	1	UID733320	1	1	0	0
1	1	UID733321	1	1	0	0
1	1	UID733323	1	1	0	0
1	1	UID733324	1	1	0	0
1	1	UID733331	1	1	0	0
1	1	UID733333	1	1	0	0
1	1	UID733335	1	1	0	0
1	1	UID733336	1	1	0	0
1	1	UID733338	1	1	0	0
1	1	UID733349	1	1	0	0
1	1	UID733350	1	1	0	0
1	1	UID733351	1	1	0	0
1	1	UID733352	1	1	0	0
1	1	UID733353	1	1	0	0
1	1	UID733354	1	1	0	0
1	1	UID733355	1	1	0	0
1	1	UID733356	1	1	0	0
1	1	UID733361	1	1	0	0
1	1	UID733362	1	1	0	0
1	1	UID733365	1	1	0	0
1	1	UID733366	1	1	0	0
1	1	UID733368	1	1	0	0
1	1	UID733372	1	1	0	0
1	1	UID733375	1	1	0	0
1	1	UID733377	1	1	0	0
1	1	UID733379	1	1	0	0
1	1	UID733406	1	1	0	0
1	1	UID733411	1	1	0	0
1	1	UID733418	1	1	0	0
1	1	UID733420	1	1	0	0
1	1	UID733428	1	1	0	0
1	1	UID733429	1	1	0	0
1	1	UID733438	1	1	0	0
1	1	UID733439	1	1	0	0
1	1	UID733446	1	1	0	0
1	1	UID733447	1	1	0	0
1	1	UID733454	1	1	0	0
1	1	UID733455	1	1	0	0
1	1	UID733456	1	1	0	0
1	1	UID733461	1	1	0	0
1	1	UID733465	1	1	0	0
1	1	UID733466	1	1	0	0
1	1	UID733477	1	1	0	0
1	1	UID733480	1	1	0	0
1	1	UID733485	1	1	0	0
1	1	UID733491	1	1	0	0
1	1	UID733515	1	1	0	0
1	1	UID733521	1	1	0	0
1	1	UID733528	1	1	0	0
1	1	UID733539	1	1	0	0
1	1	UID733576	1	1	0	0
1	1	UID733602	1	1	0	0
1	1	UID733764	1	1	0	0
1	1	UID733824	1	1	0	0
1	1	UID733842	1	1	0	0
1	1	UID733868	1	1	0	0
1	1	UID733881	1	1	0	0
1	1	UID733896	1	1	0	0
1	1	UID733974	1	1	0	0
1	1	UID733975	1	1	0	0
1	1	UID733985	1	1	0	0
1	1	UID734000	1	1	0	0
1	1	UID734005	1	1	0	0
1	1	UID734010	1	1	0	0
1	1	UID734019	1	1	0	0
1	1	UID734026	1	1	0	0
1	1	UID734029	1	1	0	0
1	1	UID734030	1	1	0	0
1	1	UID734032	1	1	0	0
1	1	UID734050	1	1	0	0
1	1	UID734051	1	1	0	0
1	1	UID734053	1	1	0	0
1	1	UID734057	1	1	0	0
1	1	UID734062	1	1	0	0
1	1	UID734070	1	1	0	0
1	1	UID734071	1	1	0	0
1	1	UID734073	1	1	0	0
1	1	UID734074	1	1	0	0
1	1	UID734075	1	1	0	0
1	1	UID734084	1	1	0	0
1	1	UID734097	1	1	0	0
1	1	UID734098	1	1	0	0
1	1	UID734100	1	1	0	0
1	1	UID734110	1	1	0	0
1	1	UID734111	1	1	0	0
1	1	UID734124	1	1	0	0
1	1	UID734125	1	1	0	0
1	1	UID734136	1	1	0	0
1	1	UID734141	1	1	0	0
1	1	UID734142	1	1	0	0
1	1	UID734152	1	1	0	0
1	1	UID734153	1	1	0	0
1	1	UID734154	1	1	0	0
1	1	UID734155	1	1	0	0
1	1	UID734156	1	1	0	0
1	1	UID734157	1	1	0	0
1	1	UID734159	1	1	0	0
1	1	UID734160	1	1	0	0
1	1	UID734162	1	1	0	0
1	1	UID734166	1	1	0	0
1	1	UID734168	1	1	0	0
1	1	UID734169	1	1	0	0
1	1	UID734175	1	1	0	0
1	1	UID734176	1	1	0	0
1	1	UID734177	1	1	0	0
1	1	UID734179	1	1	0	0
1	1	UID734180	1	1	0	0
1	1	UID734182	1	1	0	0
1	1	UID734183	1	1	0	0
1	1	UID734184	1	1	0	0
1	1	UID734185	1	1	0	0
1	1	UID734189	1	1	0	0
1	1	UID734192	1	1	0	0
1	1	UID734193	1	1	0	0
1	1	UID734194	1	1	0	0
1	1	UID734195	1	1	0	0
1	1	UID734196	1	1	0	0
1	1	UID734197	1	1	0	0
1	1	UID734200	1	1	0	0
1	1	UID734201	1	1	0	0
1	1	UID734202	1	1	0	0
1	1	UID734203	1	1	0	0
1	1	UID734207	1	1	0	0
1	1	UID734208	1	1	0	0
1	1	UID734209	1	1	0	0
1	1	UID734210	1	1	0	0
1	1	UID734213	1	1	0	0
1	1	UID734219	1	1	0	0
1	1	UID734222	1	1	0	0
1	1	UID734223	1	1	0	0
1	1	UID734224	1	1	0	0
1	1	UID734226	1	1	0	0
1	1	UID734227	1	1	0	0
1	1	UID734228	1	1	0	0
1	1	UID734229	1	1	0	0
1	1	UID734230	1	1	0	0
1	1	UID734231	1	1	0	0
1	1	UID734239	1	1	0	0
1	1	UID734241	1	1	0	0
1	1	UID734249	1	1	0	0
1	1	UID734250	1	1	0	0
1	1	UID734251	1	1	0	0
1	1	UID734252	1	1	0	0
1	1	UID734253	1	1	0	0
1	1	UID734254	1	1	0	0
1	1	UID734259	1	1	0	0
1	1	UID734260	1	1	0	0
1	1	UID734261	1	1	0	0
1	1	UID734263	1	1	0	0
1	1	UID734268	1	1	0	0
1	1	UID734275	1	1	0	0
1	1	UID734276	1	1	0	0
1	1	UID734277	1	1	0	0
1	1	UID734279	1	1	0	0
1	1	UID734280	1	1	0	0
1	1	UID734281	1	1	0	0
1	1	UID734282	1	1	0	0
1	1	UID734283	1	1	0	0
1	1	UID734284	1	1	0	0
1	1	UID734285	1	1	0	0
1	1	UID734288	1	1	0	0
1	1	UID734289	1	1	0	0
1	1	UID734313	1	1	0	0
1	1	UID734314	1	1	0	0
1	1	UID734315	1	1	0	0
1	1	UID734317	1	1	0	0
1	1	UID734318	1	1	0	0
1	1	UID734344	1	1	0	0
1	1	UID734346	1	1	0	0
1	1	UID734347	1	1	0	0
1	1	UID734348	1	1	0	0
1	1	UID734357	1	1	0	0
1	1	UID734358	1	1	0	0
1	1	UID734362	1	1	0	0
1	1	UID734364	1	1	0	0
1	1	UID734365	1	1	0	0
1	1	UID734366	1	1	0	0
1	1	UID734375	1	1	0	0
1	1	UID734376	1	1	0	0
1	1	UID734387	1	1	0	0
1	1	UID734390	1	1	0	0
1	1	UID734400	1	1	0	0
1	1	UID734401	1	1	0	0
1	1	UID734405	1	1	0	0
1	1	UID734406	1	1	0	0
1	1	UID734407	1	1	0	0
1	1	UID734408	1	1	0	0
1	1	UID734410	1	1	0	0
1	1	UID734425	1	1	0	0
1	1	UID734426	1	1	0	0
1	1	UID734429	1	1	0	0
1	1	UID734439	1	1	0	0
1	1	UID734445	1	1	0	0
1	1	UID734446	1	1	0	0
1	1	UID734448	1	1	0	0
1	1	UID734449	1	1	0	0
1	1	UID734453	1	1	0	0
1	1	UID734454	1	1	0	0
1	1	UID734456	1	1	0	0
1	1	UID734457	1	1	0	0
1	1	UID734461	1	1	0	0
1	1	UID734462	1	1	0	0
1	1	UID734474	1	1	0	0
1	1	UID734476	1	1	0	0
1	1	UID734477	1	1	0	0
1	1	UID734487	1	1	0	0
1	1	UID734488	1	1	0	0
1	1	UID734489	1	1	0	0
1	1	UID734491	1	1	0	0
1	1	UID734492	1	1	0	0
1	1	UID734493	1	1	0	0
1	1	UID734494	1	1	0	0
1	1	UID734495	1	1	0	0
1	1	UID734503	1	1	0	0
1	1	UID734505	1	1	0	0
1	1	UID734506	1	1	0	0
1	1	UID734509	1	1	0	0
1	1	UID734516	1	1	0	0
1	1	UID734519	1	1	0	0
1	1	UID734520	1	1	0	0
1	1	UID734521	1	1	0	0
1	1	UID734527	1	1	0	0
1	1	UID734533	1	1	0	0
1	1	UID734534	1	1	0	0
1	1	UID734540	1	1	0	0
1	1	UID734542	1	1	0	0
1	1	UID734543	1	1	0	0
1	1	UID734544	1	1	0	0
1	1	UID734556	1	1	0	0
1	1	UID734557	1	1	0	0
1	1	UID734558	1	1	0	0
1	1	UID734559	1	1	0	0
1	1	UID734569	1	1	0	0
1	1	UID734576	1	1	0	0
1	1	UID734591	1	1	0	0
1	1	UID734598	1	1	0	0
1	1	UID734601	1	1	0	0
1	1	UID734602	1	1	0	0
1	1	UID734607	1	1	0	0
1	1	UID734608	1	1	0	0
1	1	UID734609	1	1	0	0
1	1	UID734617	1	1	0	0
1	1	UID734621	1	1	0	0
1	1	UID734622	1	1	0	0
1	1	UID734623	1	1	0	0
1	1	UID734639	1	1	0	0
1	1	UID734645	1	1	0	0
1	1	UID734646	1	1	0	0
1	1	UID734658	1	1	0	0
1	1	UID734660	1	1	0	0
1	1	UID734664	1	1	0	0
1	1	UID734669	1	1	0	0
1	1	UID734670	1	1	0	0
1	1	UID734676	1	1	0	0
1	1	UID734689	1	1	0	0
1	1	UID734708	1	1	0	0
1	1	UID734714	1	1	0	0
1	1	UID734722	1	1	0	0
1	1	UID734723	1	1	0	0
1	1	UID734733	1	1	0	0
1	1	UID734735	1	1	0	0
1	1	UID734746	1	1	0	0
1	1	UID734750	1	1	0	0
1	1	UID734757	1	1	0	0
1	1	UID734764	1	1	0	0
1	1	UID734766	1	1	0	0
1	1	UID734780	1	1	0	0
1	1	UID734782	1	1	0	0
1	1	UID734790	1	1	0	0
1	1	UID734796	1	1	0	0
1	1	UID734805	1	1	0	0
1	1	UID734806	1	1	0	0
1	1	UID734811	1	1	0	0
1	1	UID734818	1	1	0	0
1	1	UID734821	1	1	0	0
1	1	UID734825	1	1	0	0
1	1	UID734828	1	1	0	0
1	1	UID734829	1	1	0	0
1	1	UID734830	1	1	0	0
1	1	UID734831	1	1	0	0
1	1	UID734832	1	1	0	0
1	1	UID734833	1	1	0	0
1	1	UID734838	1	1	0	0
1	1	UID734839	1	1	0	0
1	1	UID734842	1	1	0	0
1	1	UID734847	1	1	0	0
1	1	UID734848	1	1	0	0
1	1	UID734853	1	1	0	0
1	1	UID734859	1	1	0	0
1	1	UID734860	1	1	0	0
1	1	UID734870	1	1	0	0
1	1	UID734871	1	1	0	0
1	1	UID734875	1	1	0	0
1	1	UID734876	1	1	0	0
1	1	UID734877	1	1	0	0
1	1	UID734879	1	1	0	0
1	1	UID734885	1	1	0	0
1	1	UID734886	1	1	0	0
1	1	UID734888	1	1	0	0
1	1	UID734889	1	1	0	0
1	1	UID734890	1	1	0	0
1	1	UID734892	1	1	0	0
1	1	UID734894	1	1	0	0
1	1	UID734906	1	1	0	0
1	1	UID734915	1	1	0	0
1	1	UID734918	1	1	0	0
1	1	UID734932	1	1	0	0
1	1	UID734933	1	1	0	0
1	1	UID734936	1	1	0	0
1	1	UID734940	1	1	0	0
1	1	UID734941	1	1	0	0
1	1	UID734944	1	1	0	0
1	1	UID734945	1	1	0	0
1	1	UID734946	1	1	0	0
1	1	UID734959	1	1	0	0
1	1	UID734964	1	1	0	0
1	1	UID734969	1	1	0	0
1	1	UID734970	1	1	0	0
1	1	UID734973	1	1	0	0
1	1	UID734975	1	1	0	0
1	1	UID734982	1	1	0	0
1	1	UID734984	1	1	0	0
1	1	UID734990	1	1	0	0
1	1	UID734991	1	1	0	0
1	1	UID734992	1	1	0	0
1	1	UID734993	1	1	0	0
1	1	UID735002	1	1	0	0
1	1	UID735003	1	1	0	0
1	1	UID735012	1	1	0	0
1	1	UID735021	1	1	0	0
1	1	UID735022	1	1	0	0
1	1	UID735027	1	1	0	0
1	1	UID735028	1	1	0	0
1	1	UID735030	1	1	0	0
1	1	UID735031	1	1	0	0
1	1	UID735033	1	1	0	0
1	1	UID735034	1	1	0	0
1	1	UID735040	1	1	0	0
1	1	UID735045	1	1	0	0
1	1	UID735046	1	1	0	0
1	1	UID735067	1	1	0	0
1	1	UID735073	1	1	0	0
1	1	UID735084	1	1	0	0
1	1	UID735086	1	1	0	0
1	1	UID735088	1	1	0	0
1	1	UID735092	1	1	0	0
1	1	UID735105	1	1	0	0
1	1	UID735115	1	1	0	0
1	1	UID735116	1	1	0	0
1	1	UID735117	1	1	0	0
1	1	UID735118	1	1	0	0
1	1	UID735119	1	1	0	0
1	1	UID735120	1	1	0	0
1	1	UID735122	1	1	0	0
1	1	UID735124	1	1	0	0
1	1	UID735125	1	1	0	0
1	1	UID735128	1	1	0	0
1	1	UID735129	1	1	0	0
1	1	UID735133	1	1	0	0
1	1	UID735135	1	1	0	0
1	1	UID735136	1	1	0	0
1	1	UID735137	1	1	0	0
1	1	UID735138	1	1	0	0
1	1	UID735143	1	1	0	0
1	1	UID735150	1	1	0	0
1	1	UID735153	1	1	0	0
1	1	UID735163	1	1	0	0
1	1	UID735164	1	1	0	0
1	1	UID735166	1	1	0	0
1	1	UID735169	1	1	0	0
1	1	UID735182	1	1	0	0
1	1	UID735186	1	1	0	0
1	1	UID735195	1	1	0	0
1	1	UID735200	1	1	0	0
1	1	UID735203	1	1	0	0
1	1	UID735204	1	1	0	0
1	1	UID735217	1	1	0	0
1	1	UID735218	1	1	0	0
1	1	UID735223	1	1	0	0
1	1	UID735245	1	1	0	0
1	1	UID735252	1	1	0	0
1	1	UID735254	1	1	0	0
1	1	UID735262	1	1	0	0
1	1	UID735264	1	1	0	0
1	1	UID735265	1	1	0	0
1	1	UID735267	1	1	0	0
1	1	UID735268	1	1	0	0
1	1	UID735272	1	1	0	0
1	1	UID735274	1	1	0	0
1	1	UID735275	1	1	0	0
1	1	UID735276	1	1	0	0
1	1	UID735277	1	1	0	0
1	1	UID735280	1	1	0	0
1	1	UID735283	1	1	0	0
1	1	UID735285	1	1	0	0
1	1	UID735287	1	1	0	0
1	1	UID735288	1	1	0	0
1	1	UID735289	1	1	0	0
1	1	UID735290	1	1	0	0
1	1	UID735291	1	1	0	0
1	1	UID735292	1	1	0	0
1	1	UID735295	1	1	0	0
1	1	UID735297	1	1	0	0
1	1	UID735308	1	1	0	0
1	1	UID735310	1	1	0	0
1	1	UID735311	1	1	0	0
1	1	UID735318	1	1	0	0
1	1	UID735340	1	1	0	0
1	1	UID735343	1	1	0	0
1	1	UID735346	1	1	0	0
1	1	UID735350	1	1	0	0
1	1	UID735356	1	1	0	0
1	1	UID735362	1	1	0	0
1	1	UID735364	1	1	0	0
1	1	UID735365	1	1	0	0
1	1	UID735368	1	1	0	0
1	1	UID735369	1	1	0	0
1	1	UID735376	1	1	0	0
1	1	UID735388	1	1	0	0
1	1	UID735393	1	1	0	0
1	1	UID735405	1	1	0	0
1	1	UID735408	1	1	0	0
1	1	UID735410	1	1	0	0
1	1	UID735412	1	1	0	0
1	1	UID735416	1	1	0	0
1	1	UID735426	1	1	0	0
1	1	UID735429	1	1	0	0
1	1	UID735439	1	1	0	0
1	1	UID735440	1	1	0	0
1	1	UID735441	1	1	0	0
1	1	UID735443	1	1	0	0
1	1	UID735448	1	1	0	0
1	1	UID735462	1	1	0	0
1	1	UID735466	1	1	0	0
1	1	UID735476	1	1	0	0
1	1	UID735478	1	1	0	0
1	1	UID735481	1	1	0	0
1	1	UID735482	1	1	0	0
1	1	UID735483	1	1	0	0
1	1	UID735487	1	1	0	0
1	1	UID735488	1	1	0	0
1	1	UID735506	1	1	0	0
1	1	UID735508	1	1	0	0
1	1	UID735513	1	1	0	0
1	1	UID735520	1	1	0	0
1	1	UID735522	1	1	0	0
1	1	UID735523	1	1	0	0
1	1	UID735525	1	1	0	0
1	1	UID735526	1	1	0	0
1	1	UID735527	1	1	0	0
1	1	UID735530	1	1	0	0
1	1	UID735531	1	1	0	0
1	1	UID735532	1	1	0	0
1	1	UID735533	1	1	0	0
1	1	UID735534	1	1	0	0
1	1	UID735536	1	1	0	0
1	1	UID735537	1	1	0	0
1	1	UID735538	1	1	0	0
1	1	UID735540	1	1	0	0
1	1	UID735545	1	1	0	0
1	1	UID735547	1	1	0	0
1	1	UID735548	1	1	0	0
1	1	UID735550	1	1	0	0
1	1	UID735551	1	1	0	0
1	1	UID735552	1	1	0	0
1	1	UID735553	1	1	0	0
1	1	UID735556	1	1	0	0
1	1	UID735561	1	1	0	0
1	1	UID735562	1	1	0	0
1	1	UID735564	1	1	0	0
1	1	UID735565	1	1	0	0
1	1	UID735568	1	1	0	0
1	1	UID735571	1	1	0	0
1	1	UID735575	1	1	0	0
1	1	UID735591	1	1	0	0
1	1	UID735593	1	1	0	0
1	1	UID735594	1	1	0	0
1	1	UID735595	1	1	0	0
1	1	UID735596	1	1	0	0
1	1	UID735597	1	1	0	0
1	1	UID735598	1	1	0	0
1	1	UID735599	1	1	0	0
1	1	UID735600	1	1	0	0
1	1	UID735602	1	1	0	0
1	1	UID735603	1	1	0	0
1	1	UID735604	1	1	0	0
1	1	UID735606	1	1	0	0
1	1	UID735607	1	1	0	0
1	1	UID735609	1	1	0	0
1	1	UID735614	1	1	0	0
1	1	UID735618	1	1	0	0
1	1	UID735619	1	1	0	0
1	1	UID735620	1	1	0	0
1	1	UID735621	1	1	0	0
1	1	UID735622	1	1	0	0
1	1	UID735623	1	1	0	0
1	1	UID735624	1	1	0	0
1	1	UID735625	1	1	0	0
1	1	UID735626	1	1	0	0
1	1	UID735627	1	1	0	0
1	1	UID735629	1	1	0	0
1	1	UID735633	1	1	0	0
1	1	UID735634	1	1	0	0
1	1	UID735635	1	1	0	0
1	1	UID735636	1	1	0	0
1	1	UID735637	1	1	0	0
1	1	UID735639	1	1	0	0
1	1	UID735640	1	1	0	0
1	1	UID735641	1	1	0	0
1	1	UID735642	1	1	0	0
1	1	UID735645	1	1	0	0
1	1	UID735646	1	1	0	0
1	1	UID735647	1	1	0	0
1	1	UID735654	1	1	0	0
1	1	UID735663	1	1	0	0
1	1	UID735665	1	1	0	0
1	1	UID735685	1	1	0	0
1	1	UID735689	1	1	0	0
1	1	UID735690	1	1	0	0
1	1	UID735691	1	1	0	0
1	1	UID735692	1	1	0	0
1	1	UID735694	1	1	0	0
1	1	UID735704	1	1	0	0
1	1	UID735707	1	1	0	0
1	1	UID735708	1	1	0	0
1	1	UID735710	1	1	0	0
1	1	UID735714	1	1	0	0
1	1	UID735715	1	1	0	0
1	1	UID735717	1	1	0	0
1	1	UID735724	1	1	0	0
1	1	UID735735	1	1	0	0
1	1	UID735741	1	1	0	0
1	1	UID735742	1	1	0	0
1	1	UID735757	1	1	0	0
1	1	UID735758	1	1	0	0
1	1	UID735760	1	1	0	0
1	1	UID735762	1	1	0	0
1	1	UID735767	1	1	0	0
1	1	UID735769	1	1	0	0
1	1	UID735772	1	1	0	0
1	1	UID735773	1	1	0	0
1	1	UID735774	1	1	0	0
1	1	UID735775	1	1	0	0
1	1	UID735776	1	1	0	0
1	1	UID735777	1	1	0	0
1	1	UID735778	1	1	0	0
1	1	UID735779	1	1	0	0
1	1	UID735781	1	1	0	0
1	1	UID735782	1	1	0	0
1	1	UID735784	1	1	0	0
1	1	UID735792	1	1	0	0
1	1	UID735793	1	1	0	0
1	1	UID735794	1	1	0	0
1	1	UID735795	1	1	0	0
1	1	UID735796	1	1	0	0
1	1	UID735797	1	1	0	0
1	1	UID735798	1	1	0	0
1	1	UID735799	1	1	0	0
1	1	UID735800	1	1	0	0
1	1	UID735801	1	1	0	0
1	1	UID735802	1	1	0	0
1	1	UID735803	1	1	0	0
1	1	UID735806	1	1	0	0
1	1	UID735812	1	1	0	0
1	1	UID735813	1	1	0	0
1	1	UID735815	1	1	0	0
1	1	UID735816	1	1	0	0
1	1	UID735817	1	1	0	0
1	1	UID735819	1	1	0	0
1	1	UID735820	1	1	0	0
1	1	UID735821	1	1	0	0
1	1	UID735824	1	1	0	0
1	1	UID735830	1	1	0	0
1	1	UID735843	1	1	0	0
1	1	UID735844	1	1	0	0
1	1	UID735847	1	1	0	0
1	1	UID735849	1	1	0	0
1	1	UID735852	1	1	0	0
1	1	UID735853	1	1	0	0
1	1	UID735854	1	1	0	0
1	1	UID735856	1	1	0	0
1	1	UID735858	1	1	0	0
1	1	UID735870	1	1	0	0
1	1	UID735872	1	1	0	0
1	1	UID735873	1	1	0	0
1	1	UID735876	1	1	0	0
1	1	UID735880	1	1	0	0
1	1	UID735881	1	1	0	0
1	1	UID735883	1	1	0	0
1	1	UID735884	1	1	0	0
1	1	UID735886	1	1	0	0
1	1	UID735887	1	1	0	0
1	1	UID735889	1	1	0	0
1	1	UID735890	1	1	0	0
1	1	UID735892	1	1	0	0
1	1	UID735898	1	1	0	0
1	1	UID735900	1	1	0	0
1	1	UID735907	1	1	0	0
1	1	UID735910	1	1	0	0
1	1	UID735911	1	1	0	0
1	1	UID735912	1	1	0	0
1	1	UID735913	1	1	0	0
1	1	UID735915	1	1	0	0
1	1	UID735921	1	1	0	0
1	1	UID735922	1	1	0	0
1	1	UID735923	1	1	0	0
1	1	UID735936	1	1	0	0
1	1	UID735944	1	1	0	0
1	1	UID735949	1	1	0	0
1	1	UID735950	1	1	0	0
1	1	UID735951	1	1	0	0
1	1	UID735956	1	1	0	0
1	1	UID735957	1	1	0	0
1	1	UID735962	1	1	0	0
1	1	UID735964	1	1	0	0
1	1	UID735968	1	1	0	0
1	1	UID735982	1	1	0	0
1	1	UID735983	1	1	0	0
1	1	UID735985	1	1	0	0
1	1	UID735986	1	1	0	0
1	1	UID735988	1	1	0	0
1	1	UID735995	1	1	0	0
1	1	UID735999	1	1	0	0
1	1	UID736000	1	1	0	0
1	1	UID736003	1	1	0	0
1	1	UID736016	1	1	0	0
1	1	UID736023	1	1	0	0
1	1	UID736025	1	1	0	0
1	1	UID736027	1	1	0	0
1	1	UID736028	1	1	0	0
1	1	UID736031	1	1	0	0
1	1	UID736037	1	1	0	0
1	1	UID736049	1	1	0	0
1	1	UID736063	1	1	0	0
1	1	UID736065	1	1	0	0
1	1	UID736066	1	1	0	0
1	1	UID736067	1	1	0	0
1	1	UID736069	1	1	0	0
1	1	UID736074	1	1	0	0
1	1	UID736076	1	1	0	0
1	1	UID736077	1	1	0	0
1	1	UID736078	1	1	0	0
1	1	UID736079	1	1	0	0
1	1	UID736080	1	1	0	0
1	1	UID736082	1	1	0	0
1	1	UID736087	1	1	0	0
1	1	UID736088	1	1	0	0
1	1	UID736089	1	1	0	0
1	1	UID736090	1	1	0	0
1	1	UID736091	1	1	0	0
1	1	UID736092	1	1	0	0
1	1	UID736096	1	1	0	0
1	1	UID736105	1	1	0	0
1	1	UID736108	1	1	0	0
1	1	UID736109	1	1	0	0
1	1	UID736119	1	1	0	0
1	1	UID736122	1	1	0	0
1	1	UID736123	1	1	0	0
1	1	UID736129	1	1	0	0
1	1	UID736130	1	1	0	0
1	1	UID736131	1	1	0	0
1	1	UID736137	1	1	0	0
1	1	UID736141	1	1	0	0
1	1	UID736142	1	1	0	0
1	1	UID736144	1	1	0	0
1	1	UID736153	1	1	0	0
1	1	UID736156	1	1	0	0
1	1	UID736171	1	1	0	0
1	1	UID736179	1	1	0	0
1	1	UID736197	1	1	0	0
1	1	UID736199	1	1	0	0
1	1	UID736200	1	1	0	0
1	1	UID736203	1	1	0	0
1	1	UID736205	1	1	0	0
1	1	UID736206	1	1	0	0
1	1	UID736207	1	1	0	0
1	1	UID736211	1	1	0	0
1	1	UID736212	1	1	0	0
1	1	UID736218	1	1	0	0
1	1	UID736230	1	1	0	0
1	1	UID736237	1	1	0	0
1	1	UID736238	1	1	0	0
1	1	UID736252	1	1	0	0
1	1	UID736259	1	1	0	0
1	1	UID736263	1	1	0	0
1	1	UID736267	1	1	0	0
1	1	UID736271	1	1	0	0
1	1	UID736272	1	1	0	0
1	1	UID736273	1	1	0	0
1	1	UID736274	1	1	0	0
1	1	UID736275	1	1	0	0
1	1	UID736276	1	1	0	0
1	1	UID736277	1	1	0	0
1	1	UID736278	1	1	0	0
1	1	UID736280	1	1	0	0
1	1	UID736281	1	1	0	0
1	1	UID736282	1	1	0	0
1	1	UID736283	1	1	0	0
1	1	UID736284	1	1	0	0
1	1	UID736285	1	1	0	0
1	1	UID736292	1	1	0	0
1	1	UID736300	1	1	0	0
1	1	UID736302	1	1	0	0
1	1	UID736304	1	1	0	0
1	1	UID736305	1	1	0	0
1	1	UID736314	1	1	0	0
1	1	UID736320	1	1	0	0
1	1	UID736321	1	1	0	0
1	1	UID736322	1	1	0	0
1	1	UID736329	1	1	0	0
1	1	UID736332	1	1	0	0
1	1	UID736333	1	1	0	0
1	1	UID736336	1	1	0	0
1	1	UID736344	1	1	0	0
1	1	UID736345	1	1	0	0
1	1	UID736347	1	1	0	0
1	1	UID736348	1	1	0	0
1	1	UID736349	1	1	0	0
1	1	UID736350	1	1	0	0
1	1	UID736351	1	1	0	0
1	1	UID736352	1	1	0	0
1	1	UID736353	1	1	0	0
1	1	UID736354	1	1	0	0
1	1	UID736355	1	1	0	0
1	1	UID736357	1	1	0	0
1	1	UID736359	1	1	0	0
1	1	UID736360	1	1	0	0
1	1	UID736361	1	1	0	0
1	1	UID736362	1	1	0	0
1	1	UID736363	1	1	0	0
1	1	UID736365	1	1	0	0
1	1	UID736366	1	1	0	0
1	1	UID736367	1	1	0	0
1	1	UID736368	1	1	0	0
1	1	UID736370	1	1	0	0
1	1	UID736371	1	1	0	0
1	1	UID736372	1	1	0	0
1	1	UID736374	1	1	0	0
1	1	UID736380	1	1	0	0
1	1	UID736385	1	1	0	0
1	1	UID736386	1	1	0	0
1	1	UID736387	1	1	0	0
1	1	UID736388	1	1	0	0
1	1	UID736389	1	1	0	0
1	1	UID736399	1	1	0	0
1	1	UID736401	1	1	0	0
1	1	UID736403	1	1	0	0
1	1	UID736404	1	1	0	0
1	1	UID736412	1	1	0	0
1	1	UID736416	1	1	0	0
1	1	UID736418	1	1	0	0
1	1	UID736421	1	1	0	0
1	1	UID736423	1	1	0	0
3	3	UID736426	1	3	2	2
1	1	UID736429	1	1	0	0
1	1	UID736433	1	1	0	0
1	1	UID736434	1	1	0	0
1	1	UID736440	1	1	0	0
1	1	UID736441	1	1	0	0
1	1	UID8085	1	1	0	0
