5359	46694	UID1	27171	4177	7	7
1046	4331	UID61275	2178	706	4	4
844	2962	UID554	1017	570	4	4
431	1709	UID2	913	290	4	4
247	753	UID695384	321	182	6	6
275	709	UID213782	296	226	4	4
251	666	UID154589	210	195	4	4
104	242	UID77	112	86	3	3
31	126	UID29	93	27	2	2
56	152	UID99	82	44	2	2
38	122	UID189	81	34	1	1
35	116	UID72	77	29	2	2
78	170	UID107467	67	62	2	2
57	144	UID61312	67	46	3	3
47	120	UID115	64	37	2	2
70	166	UID85	64	59	3	3
64	146	UID266724	63	51	2	2
28	94	UID108	57	20	1	1
39	99	UID122	57	34	2	2
28	90	UID94	57	23	1	1
35	100	UID138	56	28	2	2
37	101	UID207	55	27	2	2
56	126	UID598916	55	48	3	3
39	100	UID157	51	30	2	2
27	82	UID146	50	21	2	2
30	84	UID131	48	24	1	1
131	298	UID167374	48	104	4	4
76	162	UID695385	48	61	4	4
33	85	UID149	42	22	2	2
23	61	UID208	38	21	2	2
25	63	UID180	35	20	2	2
16	50	UID294	35	15	1	1
26	60	UID84	34	24	2	2
32	66	UID158	33	29	2	2
23	57	UID228	32	19	1	1
42	96	UID199	30	35	3	3
16	50	UID221	29	11	1	1
24	55	UID1443	26	18	2	2
24	50	UID206	26	22	2	2
15	41	UID248	26	13	2	2
28	57	UID194	25	22	2	2
14	38	UID173	24	12	1	1
47	106	UID695390	23	33	3	3
17	47	UID303	22	10	1	1
11	35	UID610	22	7	1	1
15	33	UID440	18	13	1	1
28	48	UID695393	18	24	2	2
17	38	UID207505	17	12	1	1
11	27	UID352	17	10	2	2
5	22	UID375	17	3	1	1
11	27	UID376	17	10	1	1
12	28	UID374	16	10	1	1
6	22	UID606	16	4	1	1
6	19	UID73590	13	4	1	1
13	25	UID22	12	11	1	1
6	18	UID497	12	4	1	1
2	13	UID611	12	1	1	1
9	23	UID695396	12	5	4	4
9	19	UID18	11	8	1	1
18	37	UID310	11	13	2	2
4	14	UID525	11	3	1	1
5	14	UID1328	10	4	1	1
27	53	UID202840	10	16	4	4
8	19	UID695398	10	6	2	2
3	13	UID695399	10	1	1	1
7	18	UID703	10	5	1	1
6	14	UID247	9	5	2	2
17	26	UID63220	9	15	2	2
22	44	UID695400	9	14	4	4
14	28	UID195210	8	9	2	2
15	28	UID182	7	11	2	2
1	7	UID185904	7	0	0	0
7	14	UID242	7	5	1	1
39	54	UID653	7	33	3	3
13	24	UID74687	7	9	3	3
4	9	UID536	6	3	1	1
7	14	UID5497	6	4	2	2
3	8	UID5540	6	2	1	1
10	19	UID685	6	7	2	2
11	19	UID695408	6	8	3	3
4	10	UID695410	6	2	1	1
4	9	UID915	6	3	1	1
2	6	UID179689	5	1	0	0
5	9	UID213778	5	4	2	2
4	8	UID23	5	3	2	2
4	8	UID27249	5	3	1	1
6	10	UID384	5	5	1	1
4	9	UID3886	5	2	1	1
4	8	UID49603	5	3	1	1
1	5	UID695411	5	0	0	0
3	8	UID695412	5	1	1	1
6	12	UID744	5	3	1	1
17	22	UID843	5	15	1	1
6	12	UID8924	5	3	1	1
5	8	UID1322	4	4	1	1
1	4	UID158159	4	0	0	0
5	8	UID184254	4	4	1	1
2	5	UID194955	4	1	1	1
1	4	UID292	4	0	0	0
3	6	UID29452	4	2	1	1
2	6	UID394	4	0	1	1
2	5	UID496	4	1	1	1
2	5	UID607	4	1	1	1
4	8	UID62068	4	2	1	1
1	4	UID695423	4	0	0	0
5	13	UID695451	4	0	1	1
14	20	UID695455	4	10	3	3
6	11	UID695457	4	3	2	2
2	5	UID8021	4	1	0	0
8	12	UID8087	4	6	1	1
3	6	UID961	4	2	1	1
3	5	UID104232	3	2	1	1
3	5	UID104794	3	2	1	1
1	3	UID110024	3	0	0	0
2	4	UID113313	3	1	1	1
3	5	UID1422	3	2	1	1
6	8	UID196	3	5	2	2
1	3	UID206221	3	0	0	0
5	8	UID293	3	3	1	1
3	5	UID312	3	2	0	0
1	3	UID397575	3	0	0	0
2	4	UID42592	3	1	1	1
1	3	UID443223	3	0	0	0
2	4	UID522	3	1	1	1
3	5	UID63216	3	2	1	1
1	3	UID695461	3	0	0	0
2	4	UID695462	3	1	0	0
1	3	UID695465	3	0	0	0
2	4	UID695469	3	1	0	0
1	3	UID695475	3	0	0	0
1	3	UID695476	3	0	0	0
1	3	UID695481	3	0	0	0
1	3	UID695483	3	0	0	0
4	7	UID695485	3	2	2	2
2	4	UID695490	3	1	1	1
2	4	UID695504	3	1	0	0
1	3	UID695515	3	0	0	0
1	3	UID695520	3	0	0	0
1	3	UID695521	3	0	0	0
1	3	UID695524	3	0	0	0
1	3	UID695525	3	0	0	0
1	3	UID695528	3	0	0	0
1	3	UID695529	3	0	0	0
1	3	UID695532	3	0	0	0
1	3	UID695534	3	0	0	0
1	3	UID695535	3	0	0	0
1	3	UID695548	3	0	0	0
3	5	UID695554	3	2	1	1
9	11	UID695559	3	8	2	2
3	5	UID695560	3	2	1	1
7	10	UID695562	3	5	3	3
1	3	UID695573	3	0	0	0
1	3	UID695576	3	0	0	0
4	6	UID72438	3	3	2	2
4	6	UID736	3	3	1	1
1	3	UID737	3	0	0	0
3	5	UID912	3	2	1	1
1	3	UID921	3	0	0	0
2	4	UID105118	2	0	1	1
1	2	UID123921	2	0	0	0
1	2	UID137618	2	0	0	0
1	2	UID140898	2	0	0	0
4	6	UID1425	2	2	2	2
1	2	UID160089	2	0	0	0
2	3	UID167236	2	1	1	1
5	6	UID250466	2	4	2	2
4	5	UID3973	2	3	1	1
2	3	UID431052	2	1	1	1
3	4	UID49609	2	2	1	1
4	5	UID5486	2	3	1	1
3	4	UID5493	2	2	1	1
6	7	UID682822	2	5	1	1
12	15	UID68864	2	9	2	2
1	2	UID695582	2	0	0	0
1	2	UID695589	2	0	0	0
1	2	UID695592	2	0	0	0
2	3	UID695617	2	1	1	1
2	3	UID695620	2	1	1	1
1	2	UID695621	2	0	0	0
2	3	UID695626	2	1	1	1
2	3	UID695629	2	1	1	1
1	2	UID695630	2	0	0	0
2	3	UID695631	2	1	1	1
1	2	UID695632	2	0	0	0
1	2	UID695633	2	0	0	0
1	2	UID695634	2	0	0	0
1	2	UID695645	2	0	0	0
1	2	UID695704	2	0	0	0
1	2	UID695716	2	0	0	0
1	2	UID695721	2	0	0	0
2	3	UID695751	2	1	1	1
2	3	UID695784	2	1	1	1
1	2	UID695799	2	0	0	0
1	2	UID695808	2	0	0	0
1	2	UID695831	2	0	0	0
1	2	UID695837	2	0	0	0
1	2	UID695844	2	0	0	0
1	2	UID695870	2	0	0	0
1	2	UID695876	2	0	0	0
1	2	UID695940	2	0	0	0
1	2	UID695964	2	0	0	0
1	2	UID695965	2	0	0	0
1	2	UID695976	2	0	0	0
2	3	UID695983	2	1	1	1
1	2	UID696044	2	0	0	0
1	2	UID696046	2	0	0	0
3	4	UID696074	2	2	1	1
1	2	UID696085	2	0	0	0
1	2	UID696086	2	0	0	0
4	5	UID696093	2	3	2	2
1	2	UID696112	2	0	0	0
1	2	UID696125	2	0	0	0
1	2	UID696143	2	0	0	0
1	2	UID696145	2	0	0	0
1	2	UID696152	2	0	0	0
3	5	UID696164	2	1	1	1
1	2	UID696166	2	0	0	0
2	3	UID696179	2	1	1	1
1	2	UID696185	2	0	0	0
1	2	UID696190	2	0	0	0
1	2	UID696198	2	0	0	0
1	2	UID696200	2	0	0	0
1	2	UID696212	2	0	0	0
1	2	UID696215	2	0	0	0
8	9	UID696217	2	7	3	3
2	3	UID696218	2	1	1	1
1	2	UID696244	2	0	0	0
1	2	UID696247	2	0	0	0
2	3	UID696248	2	1	1	1
1	2	UID696251	2	0	0	0
1	2	UID696255	2	0	0	0
4	5	UID696265	2	3	2	2
2	3	UID696283	2	1	1	1
1	2	UID696284	2	0	0	0
1	2	UID696288	2	0	0	0
1	2	UID696294	2	0	0	0
3	4	UID920	2	2	1	1
5	5	UID10066	1	5	1	1
1	1	UID103956	1	1	0	0
1	1	UID103974	1	1	0	0
2	2	UID104321	1	2	1	1
2	2	UID104412	1	2	1	1
4	4	UID110611	1	4	2	2
1	1	UID117672	1	1	0	0
4	4	UID12036	1	4	1	1
1	1	UID132553	1	1	0	0
6	6	UID132701	1	6	2	2
1	1	UID156589	1	1	0	0
1	1	UID159000	1	1	0	0
1	1	UID164100	1	1	0	0
6	6	UID1642	1	6	2	2
4	4	UID166839	1	4	2	2
3	3	UID177456	1	3	1	1
1	1	UID182082	1	1	0	0
1	1	UID185028	1	1	0	0
5	5	UID188861	1	5	1	1
1	1	UID194100	1	1	0	0
1	1	UID199554	1	1	0	0
1	1	UID200	1	1	0	0
6	6	UID203150	1	6	2	2
1	1	UID230729	1	1	0	0
1	1	UID230739	1	1	0	0
1	1	UID241365	1	1	0	0
2	2	UID335	1	2	1	1
5	5	UID4057	1	5	1	1
3	3	UID430661	1	3	1	1
1	1	UID46661	1	1	0	0
1	1	UID48429	1	1	0	0
3	3	UID48906	1	3	1	1
2	2	UID49181	1	2	1	1
4	5	UID521	1	3	1	1
1	1	UID60626	1	1	0	0
4	4	UID608	1	4	1	1
1	1	UID61298	1	1	0	0
1	1	UID66477	1	1	0	0
1	1	UID67793	1	1	0	0
2	2	UID684119	1	2	1	1
1	1	UID696302	1	1	0	0
1	1	UID696303	1	1	0	0
1	1	UID696304	1	1	0	0
1	1	UID696305	1	1	0	0
1	1	UID696306	1	1	0	0
1	1	UID696307	1	1	0	0
1	1	UID696308	1	1	0	0
1	1	UID696309	1	1	0	0
1	1	UID696311	1	1	0	0
1	1	UID696313	1	1	0	0
1	1	UID696315	1	1	0	0
1	1	UID696316	1	1	0	0
1	1	UID696318	1	1	0	0
1	1	UID696320	1	1	0	0
1	1	UID696324	1	1	0	0
1	1	UID696333	1	1	0	0
1	1	UID696334	1	1	0	0
1	1	UID696344	1	1	0	0
1	1	UID696349	1	1	0	0
1	1	UID696353	1	1	0	0
1	1	UID696354	1	1	0	0
1	1	UID696355	1	1	0	0
1	1	UID696356	1	1	0	0
1	1	UID696357	1	1	0	0
1	1	UID696358	1	1	0	0
1	1	UID696362	1	1	0	0
1	1	UID696365	1	1	0	0
1	1	UID696366	1	1	0	0
1	1	UID696367	1	1	0	0
1	1	UID696368	1	1	0	0
1	1	UID696369	1	1	0	0
1	1	UID696370	1	1	0	0
1	1	UID696373	1	1	0	0
1	1	UID696381	1	1	0	0
1	1	UID696391	1	1	0	0
1	1	UID696399	1	1	0	0
2	2	UID696400	1	2	1	1
1	1	UID696409	1	1	0	0
1	1	UID696415	1	1	0	0
1	1	UID696418	1	1	0	0
1	1	UID696419	1	1	0	0
1	1	UID696420	1	1	0	0
1	1	UID696421	1	1	0	0
1	1	UID696423	1	1	0	0
1	1	UID696428	1	1	0	0
1	1	UID696429	1	1	0	0
1	1	UID696431	1	1	0	0
1	1	UID696434	1	1	0	0
1	1	UID696439	1	1	0	0
1	1	UID696440	1	1	0	0
1	1	UID696442	1	1	0	0
1	1	UID696445	1	1	0	0
1	1	UID696446	1	1	0	0
1	1	UID696447	1	1	0	0
1	1	UID696448	1	1	0	0
1	1	UID696450	1	1	0	0
1	1	UID696454	1	1	0	0
1	1	UID696455	1	1	0	0
1	1	UID696456	1	1	0	0
1	1	UID696457	1	1	0	0
1	1	UID696458	1	1	0	0
1	1	UID696461	1	1	0	0
1	1	UID696463	1	1	0	0
1	1	UID696465	1	1	0	0
2	2	UID696466	1	2	1	1
1	1	UID696470	1	1	0	0
1	1	UID696479	1	1	0	0
1	1	UID696484	1	1	0	0
1	1	UID696494	1	1	0	0
1	1	UID696495	1	1	0	0
1	1	UID696496	1	1	0	0
1	1	UID696497	1	1	0	0
1	1	UID696501	1	1	0	0
1	1	UID696502	1	1	0	0
1	1	UID696503	1	1	0	0
1	1	UID696504	1	1	0	0
1	1	UID696505	1	1	0	0
1	1	UID696506	1	1	0	0
1	1	UID696507	1	1	0	0
1	1	UID696508	1	1	0	0
1	1	UID696509	1	1	0	0
1	1	UID696510	1	1	0	0
1	1	UID696511	1	1	0	0
1	1	UID696512	1	1	0	0
1	1	UID696514	1	1	0	0
1	1	UID696516	1	1	0	0
1	1	UID696517	1	1	0	0
1	1	UID696518	1	1	0	0
1	1	UID696519	1	1	0	0
1	1	UID696521	1	1	0	0
1	1	UID696524	1	1	0	0
1	1	UID696526	1	1	0	0
1	1	UID696527	1	1	0	0
1	1	UID696528	1	1	0	0
1	1	UID696530	1	1	0	0
1	1	UID696532	1	1	0	0
1	1	UID696545	1	1	0	0
1	1	UID696547	1	1	0	0
1	1	UID696556	1	1	0	0
1	1	UID696557	1	1	0	0
1	1	UID696566	1	1	0	0
1	1	UID696567	1	1	0	0
1	1	UID696569	1	1	0	0
1	1	UID696572	1	1	0	0
1	1	UID696573	1	1	0	0
1	1	UID696576	1	1	0	0
1	1	UID696578	1	1	0	0
1	1	UID696579	1	1	0	0
1	1	UID696585	1	1	0	0
1	1	UID696592	1	1	0	0
1	1	UID696595	1	1	0	0
1	1	UID696596	1	1	0	0
1	1	UID696597	1	1	0	0
1	1	UID696598	1	1	0	0
1	1	UID696599	1	1	0	0
1	1	UID696600	1	1	0	0
1	1	UID696601	1	1	0	0
1	1	UID696603	1	1	0	0
1	1	UID696608	1	1	0	0
1	1	UID696609	1	1	0	0
1	1	UID696610	1	1	0	0
1	1	UID696611	1	1	0	0
1	1	UID696612	1	1	0	0
1	1	UID696613	1	1	0	0
1	1	UID696615	1	1	0	0
1	1	UID696616	1	1	0	0
1	1	UID696617	1	1	0	0
1	1	UID696618	1	1	0	0
1	1	UID696621	1	1	0	0
1	1	UID696622	1	1	0	0
1	1	UID696623	1	1	0	0
1	1	UID696625	1	1	0	0
1	1	UID696632	1	1	0	0
1	1	UID696645	1	1	0	0
1	1	UID696647	1	1	0	0
1	1	UID696653	1	1	0	0
1	1	UID696657	1	1	0	0
1	1	UID696661	1	1	0	0
2	2	UID696662	1	2	1	1
1	1	UID696664	1	1	0	0
1	1	UID696672	1	1	0	0
1	1	UID696673	1	1	0	0
1	1	UID696676	1	1	0	0
1	1	UID696681	1	1	0	0
1	1	UID696685	1	1	0	0
1	1	UID696687	1	1	0	0
1	1	UID696690	1	1	0	0
1	1	UID696691	1	1	0	0
1	1	UID696693	1	1	0	0
1	1	UID696694	1	1	0	0
1	1	UID696695	1	1	0	0
1	1	UID696696	1	1	0	0
1	1	UID696697	1	1	0	0
1	1	UID696698	1	1	0	0
1	1	UID696699	1	1	0	0
1	1	UID696700	1	1	0	0
1	1	UID696701	1	1	0	0
1	1	UID696702	1	1	0	0
1	1	UID696709	1	1	0	0
1	1	UID696710	1	1	0	0
1	1	UID696711	1	1	0	0
1	1	UID696712	1	1	0	0
1	1	UID696713	1	1	0	0
1	1	UID696716	1	1	0	0
1	1	UID696718	1	1	0	0
1	1	UID696719	1	1	0	0
1	1	UID696724	1	1	0	0
1	1	UID696726	1	1	0	0
1	1	UID696750	1	1	0	0
1	1	UID696752	1	1	0	0
1	1	UID696757	1	1	0	0
1	1	UID696758	1	1	0	0
1	1	UID696759	1	1	0	0
1	1	UID696760	1	1	0	0
1	1	UID696761	1	1	0	0
1	1	UID696762	1	1	0	0
1	1	UID696763	1	1	0	0
1	1	UID696764	1	1	0	0
1	1	UID696765	1	1	0	0
1	1	UID696766	1	1	0	0
1	1	UID696767	1	1	0	0
1	1	UID696769	1	1	0	0
1	1	UID696770	1	1	0	0
1	1	UID696773	1	1	0	0
1	1	UID696776	1	1	0	0
1	1	UID696778	1	1	0	0
1	1	UID696779	1	1	0	0
1	1	UID696783	1	1	0	0
1	1	UID696784	1	1	0	0
1	1	UID696785	1	1	0	0
1	1	UID696786	1	1	0	0
1	1	UID696787	1	1	0	0
1	1	UID696808	1	1	0	0
1	1	UID696811	1	1	0	0
1	1	UID696812	1	1	0	0
1	1	UID696813	1	1	0	0
1	1	UID696814	1	1	0	0
1	1	UID696815	1	1	0	0
1	1	UID696817	1	1	0	0
1	1	UID696818	1	1	0	0
1	1	UID696819	1	1	0	0
1	1	UID696822	1	1	0	0
1	1	UID696823	1	1	0	0
1	1	UID696824	1	1	0	0
1	1	UID696825	1	1	0	0
1	1	UID696826	1	1	0	0
1	1	UID696827	1	1	0	0
1	1	UID696831	1	1	0	0
1	1	UID696835	1	1	0	0
1	1	UID696836	1	1	0	0
1	1	UID696844	1	1	0	0
1	1	UID696847	1	1	0	0
1	1	UID696848	1	1	0	0
1	1	UID696849	1	1	0	0
4	4	UID696850	1	4	2	2
1	1	UID696852	1	1	0	0
1	1	UID696857	1	1	0	0
1	1	UID696862	1	1	0	0
1	1	UID696863	1	1	0	0
1	1	UID696864	1	1	0	0
1	1	UID696866	1	1	0	0
1	1	UID696867	1	1	0	0
1	1	UID696869	1	1	0	0
1	1	UID696871	1	1	0	0
1	1	UID696872	1	1	0	0
1	1	UID696873	1	1	0	0
1	1	UID696874	1	1	0	0
1	1	UID696876	1	1	0	0
1	1	UID696877	1	1	0	0
1	1	UID696878	1	1	0	0
1	1	UID696879	1	1	0	0
1	1	UID696880	1	1	0	0
1	1	UID696882	1	1	0	0
1	1	UID696884	1	1	0	0
1	1	UID696891	1	1	0	0
1	1	UID696895	1	1	0	0
1	1	UID696901	1	1	0	0
1	1	UID696903	1	1	0	0
1	1	UID696905	1	1	0	0
1	1	UID696915	1	1	0	0
1	1	UID696916	1	1	0	0
1	1	UID696917	1	1	0	0
1	1	UID696918	1	1	0	0
1	1	UID696919	1	1	0	0
1	1	UID696923	1	1	0	0
1	1	UID696925	1	1	0	0
1	1	UID696927	1	1	0	0
1	1	UID696928	1	1	0	0
1	1	UID696929	1	1	0	0
1	1	UID696930	1	1	0	0
1	1	UID696934	1	1	0	0
1	1	UID696935	1	1	0	0
1	1	UID696952	1	1	0	0
1	1	UID696955	1	1	0	0
1	1	UID696963	1	1	0	0
1	1	UID696966	1	1	0	0
1	1	UID696967	1	1	0	0
1	1	UID696978	1	1	0	0
1	1	UID696979	1	1	0	0
1	1	UID696980	1	1	0	0
1	1	UID696981	1	1	0	0
1	1	UID696982	1	1	0	0
1	1	UID696984	1	1	0	0
1	1	UID696987	1	1	0	0
1	1	UID696988	1	1	0	0
1	1	UID696990	1	1	0	0
1	1	UID696991	1	1	0	0
1	1	UID697001	1	1	0	0
1	1	UID697007	1	1	0	0
1	1	UID697010	1	1	0	0
1	1	UID697012	1	1	0	0
1	1	UID697013	1	1	0	0
1	1	UID697014	1	1	0	0
1	1	UID697015	1	1	0	0
1	1	UID697020	1	1	0	0
1	1	UID697021	1	1	0	0
1	1	UID697023	1	1	0	0
1	1	UID697024	1	1	0	0
1	1	UID697026	1	1	0	0
1	1	UID697029	1	1	0	0
1	1	UID697030	1	1	0	0
1	1	UID697031	1	1	0	0
1	1	UID697032	1	1	0	0
1	1	UID697036	1	1	0	0
1	1	UID697039	1	1	0	0
2	2	UID697040	1	2	1	1
1	1	UID697042	1	1	0	0
1	1	UID697043	1	1	0	0
1	1	UID697044	1	1	0	0
1	1	UID697045	1	1	0	0
1	1	UID697059	1	1	0	0
1	1	UID697064	1	1	0	0
1	1	UID697069	1	1	0	0
1	1	UID697070	1	1	0	0
1	1	UID697072	1	1	0	0
1	1	UID697076	1	1	0	0
1	1	UID697079	1	1	0	0
1	1	UID697085	1	1	0	0
1	1	UID697091	1	1	0	0
1	1	UID697092	1	1	0	0
1	1	UID697105	1	1	0	0
1	1	UID697106	1	1	0	0
1	1	UID697107	1	1	0	0
5	5	UID697109	1	5	4	4
1	1	UID697111	1	1	0	0
1	1	UID697123	1	1	0	0
1	1	UID697136	1	1	0	0
1	1	UID697141	1	1	0	0
1	1	UID697160	1	1	0	0
1	1	UID697164	1	1	0	0
1	1	UID697166	1	1	0	0
1	1	UID697167	1	1	0	0
1	1	UID697168	1	1	0	0
1	1	UID697173	1	1	0	0
1	1	UID697181	1	1	0	0
1	1	UID697184	1	1	0	0
1	1	UID697185	1	1	0	0
1	1	UID697186	1	1	0	0
1	1	UID697187	1	1	0	0
1	1	UID697188	1	1	0	0
1	1	UID697189	1	1	0	0
1	1	UID697190	1	1	0	0
1	1	UID697191	1	1	0	0
1	1	UID697192	1	1	0	0
1	1	UID697193	1	1	0	0
1	1	UID697197	1	1	0	0
1	1	UID697198	1	1	0	0
1	1	UID697200	1	1	0	0
1	1	UID697209	1	1	0	0
1	1	UID697210	1	1	0	0
1	1	UID697223	1	1	0	0
1	1	UID697224	1	1	0	0
1	1	UID697231	1	1	0	0
1	1	UID697233	1	1	0	0
1	1	UID697236	1	1	0	0
1	1	UID697237	1	1	0	0
1	1	UID697238	1	1	0	0
1	1	UID697250	1	1	0	0
1	1	UID697257	1	1	0	0
1	1	UID697263	1	1	0	0
1	1	UID697266	1	1	0	0
1	1	UID697275	1	1	0	0
1	1	UID697277	1	1	0	0
1	1	UID697278	1	1	0	0
1	1	UID697279	1	1	0	0
1	1	UID697280	1	1	0	0
1	1	UID697281	1	1	0	0
1	1	UID697282	1	1	0	0
1	1	UID697283	1	1	0	0
1	1	UID697284	1	1	0	0
1	1	UID697285	1	1	0	0
1	1	UID697289	1	1	0	0
1	1	UID697290	1	1	0	0
1	1	UID697291	1	1	0	0
1	1	UID697292	1	1	0	0
1	1	UID697293	1	1	0	0
1	1	UID697295	1	1	0	0
1	1	UID697296	1	1	0	0
1	1	UID697301	1	1	0	0
1	1	UID697302	1	1	0	0
1	1	UID697317	1	1	0	0
1	1	UID697320	1	1	0	0
1	1	UID697324	1	1	0	0
1	1	UID697326	1	1	0	0
1	1	UID697331	1	1	0	0
1	1	UID697356	1	1	0	0
1	1	UID697358	1	1	0	0
1	1	UID697359	1	1	0	0
1	1	UID697366	1	1	0	0
1	1	UID697375	1	1	0	0
1	1	UID697376	1	1	0	0
1	1	UID697377	1	1	0	0
1	1	UID697396	1	1	0	0
1	1	UID697409	1	1	0	0
1	1	UID697412	1	1	0	0
1	1	UID697416	1	1	0	0
1	1	UID697420	1	1	0	0
1	1	UID697422	1	1	0	0
1	1	UID697423	1	1	0	0
1	1	UID697424	1	1	0	0
1	1	UID697426	1	1	0	0
1	1	UID697429	1	1	0	0
1	1	UID697431	1	1	0	0
1	1	UID697432	1	1	0	0
1	1	UID697433	1	1	0	0
1	1	UID697434	1	1	0	0
1	1	UID697436	1	1	0	0
1	1	UID697437	1	1	0	0
1	1	UID697442	1	1	0	0
1	1	UID697446	1	1	0	0
1	1	UID697447	1	1	0	0
1	1	UID697448	1	1	0	0
1	1	UID697452	1	1	0	0
1	1	UID697457	1	1	0	0
1	1	UID697458	1	1	0	0
1	1	UID697459	1	1	0	0
1	1	UID697460	1	1	0	0
1	1	UID697461	1	1	0	0
1	1	UID697465	1	1	0	0
1	1	UID697466	1	1	0	0
1	1	UID697468	1	1	0	0
1	1	UID697469	1	1	0	0
1	1	UID697471	1	1	0	0
1	1	UID697473	1	1	0	0
1	1	UID697478	1	1	0	0
1	1	UID697479	1	1	0	0
1	1	UID697487	1	1	0	0
1	1	UID697488	1	1	0	0
1	1	UID697489	1	1	0	0
1	1	UID697490	1	1	0	0
1	1	UID697492	1	1	0	0
1	1	UID697493	1	1	0	0
1	1	UID697494	1	1	0	0
1	1	UID697497	1	1	0	0
1	1	UID697501	1	1	0	0
1	1	UID697502	1	1	0	0
1	1	UID697503	1	1	0	0
1	1	UID697505	1	1	0	0
1	1	UID697506	1	1	0	0
1	1	UID697507	1	1	0	0
1	1	UID697508	1	1	0	0
1	1	UID697509	1	1	0	0
1	1	UID697522	1	1	0	0
1	1	UID697523	1	1	0	0
1	1	UID697524	1	1	0	0
1	1	UID697527	1	1	0	0
1	1	UID697529	1	1	0	0
2	2	UID697530	1	2	1	1
1	1	UID697532	1	1	0	0
1	1	UID697535	1	1	0	0
1	1	UID697537	1	1	0	0
1	1	UID697538	1	1	0	0
1	1	UID697540	1	1	0	0
1	1	UID697548	1	1	0	0
1	1	UID697549	1	1	0	0
1	1	UID697552	1	1	0	0
1	1	UID697555	1	1	0	0
1	1	UID697557	1	1	0	0
1	1	UID697559	1	1	0	0
1	1	UID697565	1	1	0	0
1	1	UID697566	1	1	0	0
1	1	UID697567	1	1	0	0
1	1	UID697569	1	1	0	0
1	1	UID697571	1	1	0	0
1	1	UID697575	1	1	0	0
1	1	UID697578	1	1	0	0
1	1	UID697580	1	1	0	0
1	1	UID697586	1	1	0	0
1	1	UID697596	1	1	0	0
1	1	UID697602	1	1	0	0
1	1	UID697603	1	1	0	0
1	1	UID697609	1	1	0	0
1	1	UID697610	1	1	0	0
1	1	UID697611	1	1	0	0
1	1	UID697613	1	1	0	0
1	1	UID697614	1	1	0	0
1	1	UID697617	1	1	0	0
1	1	UID697618	1	1	0	0
1	1	UID697623	1	1	0	0
1	1	UID697625	1	1	0	0
1	1	UID697648	1	1	0	0
1	1	UID697649	1	1	0	0
1	1	UID697650	1	1	0	0
1	1	UID697651	1	1	0	0
1	1	UID697652	1	1	0	0
1	1	UID697654	1	1	0	0
1	1	UID697657	1	1	0	0
1	1	UID697659	1	1	0	0
1	1	UID697666	1	1	0	0
1	1	UID697674	1	1	0	0
1	1	UID697677	1	1	0	0
1	1	UID697678	1	1	0	0
1	1	UID697679	1	1	0	0
1	1	UID697681	1	1	0	0
1	1	UID697682	1	1	0	0
1	1	UID697683	1	1	0	0
1	1	UID697684	1	1	0	0
1	1	UID697685	1	1	0	0
1	1	UID697686	1	1	0	0
1	1	UID697696	1	1	0	0
1	1	UID697697	1	1	0	0
1	1	UID697698	1	1	0	0
1	1	UID697709	1	1	0	0
1	1	UID697710	1	1	0	0
1	1	UID697711	1	1	0	0
1	1	UID697712	1	1	0	0
1	1	UID697713	1	1	0	0
1	1	UID697714	1	1	0	0
1	1	UID697715	1	1	0	0
1	1	UID697719	1	1	0	0
1	1	UID697720	1	1	0	0
1	1	UID697721	1	1	0	0
1	1	UID697722	1	1	0	0
1	1	UID697724	1	1	0	0
1	1	UID697726	1	1	0	0
1	1	UID697727	1	1	0	0
1	1	UID697729	1	1	0	0
1	1	UID697733	1	1	0	0
1	1	UID697734	1	1	0	0
1	1	UID697735	1	1	0	0
1	1	UID697736	1	1	0	0
1	1	UID697740	1	1	0	0
1	1	UID697741	1	1	0	0
1	1	UID697743	1	1	0	0
1	1	UID697745	1	1	0	0
1	1	UID697754	1	1	0	0
1	1	UID697756	1	1	0	0
1	1	UID697757	1	1	0	0
1	1	UID697763	1	1	0	0
1	1	UID697774	1	1	0	0
1	1	UID697775	1	1	0	0
1	1	UID697776	1	1	0	0
1	1	UID697778	1	1	0	0
1	1	UID697780	1	1	0	0
1	1	UID697789	1	1	0	0
1	1	UID697791	1	1	0	0
1	1	UID697794	1	1	0	0
1	1	UID697795	1	1	0	0
1	1	UID697797	1	1	0	0
1	1	UID697799	1	1	0	0
1	1	UID697800	1	1	0	0
1	1	UID697806	1	1	0	0
1	1	UID697813	1	1	0	0
1	1	UID697814	1	1	0	0
1	1	UID697818	1	1	0	0
1	1	UID697825	1	1	0	0
1	1	UID697826	1	1	0	0
1	1	UID697827	1	1	0	0
1	1	UID697828	1	1	0	0
1	1	UID697835	1	1	0	0
1	1	UID697839	1	1	0	0
1	1	UID697840	1	1	0	0
1	1	UID697841	1	1	0	0
1	1	UID697844	1	1	0	0
1	1	UID697845	1	1	0	0
1	1	UID697854	1	1	0	0
1	1	UID697866	1	1	0	0
1	1	UID697867	1	1	0	0
1	1	UID697868	1	1	0	0
1	1	UID697872	1	1	0	0
1	1	UID697874	1	1	0	0
1	1	UID697875	1	1	0	0
1	1	UID697878	1	1	0	0
1	1	UID697880	1	1	0	0
1	1	UID697881	1	1	0	0
1	1	UID697893	1	1	0	0
1	1	UID697894	1	1	0	0
1	1	UID697901	1	1	0	0
1	1	UID697902	1	1	0	0
1	1	UID697903	1	1	0	0
1	1	UID697904	1	1	0	0
1	1	UID697908	1	1	0	0
1	1	UID697912	1	1	0	0
1	1	UID697921	1	1	0	0
1	1	UID697923	1	1	0	0
1	1	UID697924	1	1	0	0
1	1	UID697932	1	1	0	0
1	1	UID697935	1	1	0	0
1	1	UID697937	1	1	0	0
1	1	UID697942	1	1	0	0
1	1	UID697946	1	1	0	0
1	1	UID697948	1	1	0	0
1	1	UID697949	1	1	0	0
1	1	UID697961	1	1	0	0
1	1	UID697963	1	1	0	0
1	1	UID697964	1	1	0	0
1	1	UID697966	1	1	0	0
1	1	UID697968	1	1	0	0
1	1	UID697971	1	1	0	0
1	1	UID697973	1	1	0	0
1	1	UID697978	1	1	0	0
1	1	UID698000	1	1	0	0
1	1	UID698004	1	1	0	0
1	1	UID698005	1	1	0	0
1	1	UID698006	1	1	0	0
1	1	UID698007	1	1	0	0
1	1	UID698008	1	1	0	0
1	1	UID698009	1	1	0	0
1	1	UID698011	1	1	0	0
1	1	UID698013	1	1	0	0
1	1	UID698017	1	1	0	0
1	1	UID698019	1	1	0	0
1	1	UID698020	1	1	0	0
1	1	UID698023	1	1	0	0
1	1	UID698024	1	1	0	0
1	1	UID698026	1	1	0	0
1	1	UID698027	1	1	0	0
1	1	UID698028	1	1	0	0
1	1	UID698031	1	1	0	0
1	1	UID698032	1	1	0	0
1	1	UID698034	1	1	0	0
1	1	UID698037	1	1	0	0
1	1	UID698038	1	1	0	0
1	1	UID698045	1	1	0	0
1	1	UID698046	1	1	0	0
1	1	UID698047	1	1	0	0
1	1	UID698048	1	1	0	0
1	1	UID698049	1	1	0	0
1	1	UID698050	1	1	0	0
1	1	UID698051	1	1	0	0
1	1	UID698052	1	1	0	0
1	1	UID698054	1	1	0	0
1	1	UID698055	1	1	0	0
1	1	UID698056	1	1	0	0
1	1	UID698061	1	1	0	0
1	1	UID698063	1	1	0	0
1	1	UID698072	1	1	0	0
1	1	UID698076	1	1	0	0
1	1	UID698077	1	1	0	0
1	1	UID698078	1	1	0	0
1	1	UID698079	1	1	0	0
1	1	UID698085	1	1	0	0
1	1	UID698088	1	1	0	0
1	1	UID698089	1	1	0	0
1	1	UID698090	1	1	0	0
1	1	UID698091	1	1	0	0
1	1	UID698092	1	1	0	0
1	1	UID698096	1	1	0	0
1	1	UID698097	1	1	0	0
1	1	UID698100	1	1	0	0
1	1	UID698102	1	1	0	0
1	1	UID698110	1	1	0	0
1	1	UID698112	1	1	0	0
1	1	UID698113	1	1	0	0
1	1	UID698115	1	1	0	0
1	1	UID698116	1	1	0	0
1	1	UID698117	1	1	0	0
1	1	UID698118	1	1	0	0
1	1	UID698140	1	1	0	0
1	1	UID698145	1	1	0	0
1	1	UID698147	1	1	0	0
1	1	UID698148	1	1	0	0
1	1	UID698150	1	1	0	0
1	1	UID698151	1	1	0	0
1	1	UID698153	1	1	0	0
1	1	UID698154	1	1	0	0
1	1	UID698155	1	1	0	0
1	1	UID698156	1	1	0	0
1	1	UID698157	1	1	0	0
1	1	UID698163	1	1	0	0
1	1	UID698164	1	1	0	0
1	1	UID698165	1	1	0	0
1	1	UID698177	1	1	0	0
1	1	UID698178	1	1	0	0
1	1	UID698185	1	1	0	0
1	1	UID698187	1	1	0	0
1	1	UID698189	1	1	0	0
1	1	UID698195	1	1	0	0
1	1	UID698205	1	1	0	0
1	1	UID698207	1	1	0	0
1	1	UID698208	1	1	0	0
1	1	UID698216	1	1	0	0
1	1	UID698217	1	1	0	0
1	1	UID698219	1	1	0	0
1	1	UID698221	1	1	0	0
1	1	UID698234	1	1	0	0
1	1	UID698235	1	1	0	0
1	1	UID698237	1	1	0	0
1	1	UID698241	1	1	0	0
1	1	UID698250	1	1	0	0
1	1	UID698252	1	1	0	0
1	1	UID698261	1	1	0	0
1	1	UID698265	1	1	0	0
1	1	UID698266	1	1	0	0
1	1	UID698270	1	1	0	0
1	1	UID698271	1	1	0	0
1	1	UID698273	1	1	0	0
1	1	UID698274	1	1	0	0
1	1	UID698277	1	1	0	0
1	1	UID698278	1	1	0	0
1	1	UID698291	1	1	0	0
1	1	UID698296	1	1	0	0
1	1	UID698310	1	1	0	0
1	1	UID698314	1	1	0	0
1	1	UID698323	1	1	0	0
1	1	UID698327	1	1	0	0
1	1	UID698328	1	1	0	0
1	1	UID698331	1	1	0	0
1	1	UID698333	1	1	0	0
1	1	UID698343	1	1	0	0
1	1	UID698344	1	1	0	0
1	1	UID698345	1	1	0	0
1	1	UID698347	1	1	0	0
1	1	UID698351	1	1	0	0
1	1	UID698353	1	1	0	0
1	1	UID698356	1	1	0	0
1	1	UID698360	1	1	0	0
1	1	UID698372	1	1	0	0
1	1	UID698373	1	1	0	0
1	1	UID698377	1	1	0	0
1	1	UID698382	1	1	0	0
1	1	UID698384	1	1	0	0
1	1	UID698386	1	1	0	0
1	1	UID698387	1	1	0	0
1	1	UID698396	1	1	0	0
1	1	UID698400	1	1	0	0
1	1	UID698403	1	1	0	0
1	1	UID698411	1	1	0	0
1	1	UID698419	1	1	0	0
1	1	UID698420	1	1	0	0
1	1	UID698422	1	1	0	0
1	1	UID698423	1	1	0	0
1	1	UID698424	1	1	0	0
1	1	UID698425	1	1	0	0
1	1	UID698427	1	1	0	0
1	1	UID698429	1	1	0	0
1	1	UID698430	1	1	0	0
1	1	UID698431	1	1	0	0
1	1	UID698439	1	1	0	0
1	1	UID698440	1	1	0	0
1	1	UID698447	1	1	0	0
1	1	UID698451	1	1	0	0
1	1	UID698453	1	1	0	0
1	1	UID698457	1	1	0	0
1	1	UID698460	1	1	0	0
1	1	UID698461	1	1	0	0
1	1	UID698475	1	1	0	0
1	1	UID698477	1	1	0	0
1	1	UID698478	1	1	0	0
1	1	UID698479	1	1	0	0
1	1	UID698480	1	1	0	0
1	1	UID698481	1	1	0	0
1	1	UID698484	1	1	0	0
1	1	UID698486	1	1	0	0
1	1	UID698500	1	1	0	0
1	1	UID698505	1	1	0	0
1	1	UID698507	1	1	0	0
1	1	UID698508	1	1	0	0
1	1	UID698509	1	1	0	0
1	1	UID698510	1	1	0	0
1	1	UID698511	1	1	0	0
1	1	UID698512	1	1	0	0
1	1	UID698513	1	1	0	0
1	1	UID698514	1	1	0	0
1	1	UID698515	1	1	0	0
1	1	UID698516	1	1	0	0
1	1	UID698520	1	1	0	0
1	1	UID698522	1	1	0	0
1	1	UID698523	1	1	0	0
1	1	UID698524	1	1	0	0
1	1	UID698525	1	1	0	0
1	1	UID698526	1	1	0	0
1	1	UID698527	1	1	0	0
1	1	UID698528	1	1	0	0
1	1	UID698529	1	1	0	0
1	1	UID698530	1	1	0	0
1	1	UID698531	1	1	0	0
1	1	UID698541	1	1	0	0
1	1	UID698545	1	1	0	0
1	1	UID698546	1	1	0	0
1	1	UID698549	1	1	0	0
1	1	UID698550	1	1	0	0
1	1	UID698551	1	1	0	0
1	1	UID698552	1	1	0	0
1	1	UID698553	1	1	0	0
1	1	UID698555	1	1	0	0
1	1	UID698564	1	1	0	0
1	1	UID698565	1	1	0	0
1	1	UID698566	1	1	0	0
1	1	UID698568	1	1	0	0
1	1	UID698580	1	1	0	0
1	1	UID698581	1	1	0	0
1	1	UID698582	1	1	0	0
1	1	UID698583	1	1	0	0
1	1	UID698585	1	1	0	0
1	1	UID698590	1	1	0	0
1	1	UID698592	1	1	0	0
1	1	UID698593	1	1	0	0
1	1	UID698599	1	1	0	0
1	1	UID698603	1	1	0	0
1	1	UID698605	1	1	0	0
1	1	UID698608	1	1	0	0
1	1	UID698609	1	1	0	0
1	1	UID698611	1	1	0	0
1	1	UID698619	1	1	0	0
1	1	UID698623	1	1	0	0
1	1	UID698626	1	1	0	0
1	1	UID698629	1	1	0	0
1	1	UID698631	1	1	0	0
1	1	UID698633	1	1	0	0
1	1	UID698636	1	1	0	0
1	1	UID698637	1	1	0	0
1	1	UID698638	1	1	0	0
1	1	UID698641	1	1	0	0
1	1	UID698642	1	1	0	0
1	1	UID698647	1	1	0	0
1	1	UID698650	1	1	0	0
1	1	UID698654	1	1	0	0
1	1	UID698660	1	1	0	0
1	1	UID698680	1	1	0	0
1	1	UID698681	1	1	0	0
1	1	UID698685	1	1	0	0
1	1	UID698709	1	1	0	0
1	1	UID698710	1	1	0	0
1	1	UID698717	1	1	0	0
1	1	UID698755	1	1	0	0
1	1	UID698758	1	1	0	0
1	1	UID698759	1	1	0	0
1	1	UID698774	1	1	0	0
1	1	UID698798	1	1	0	0
1	1	UID698802	1	1	0	0
1	1	UID698813	1	1	0	0
1	1	UID698814	1	1	0	0
1	1	UID698998	1	1	0	0
1	1	UID699028	1	1	0	0
1	1	UID699101	1	1	0	0
1	1	UID699120	1	1	0	0
1	1	UID699139	1	1	0	0
1	1	UID699141	1	1	0	0
1	1	UID699171	1	1	0	0
1	1	UID699175	1	1	0	0
1	1	UID699188	1	1	0	0
1	1	UID699191	1	1	0	0
1	1	UID699206	1	1	0	0
1	1	UID699214	1	1	0	0
1	1	UID699221	1	1	0	0
1	1	UID699222	1	1	0	0
1	1	UID699224	1	1	0	0
1	1	UID699233	1	1	0	0
1	1	UID699235	1	1	0	0
1	1	UID699236	1	1	0	0
1	1	UID699242	1	1	0	0
1	1	UID699246	1	1	0	0
1	1	UID699248	1	1	0	0
1	1	UID699256	1	1	0	0
1	1	UID699263	1	1	0	0
1	1	UID699275	1	1	0	0
1	1	UID699278	1	1	0	0
1	1	UID699280	1	1	0	0
1	1	UID699281	1	1	0	0
1	1	UID699286	1	1	0	0
1	1	UID699288	1	1	0	0
1	1	UID699289	1	1	0	0
1	1	UID699290	1	1	0	0
1	1	UID699297	1	1	0	0
1	1	UID699299	1	1	0	0
1	1	UID699315	1	1	0	0
1	1	UID699320	1	1	0	0
1	1	UID699321	1	1	0	0
1	1	UID699328	1	1	0	0
1	1	UID699329	1	1	0	0
1	1	UID699331	1	1	0	0
1	1	UID699333	1	1	0	0
1	1	UID699338	1	1	0	0
1	1	UID699341	1	1	0	0
1	1	UID699342	1	1	0	0
1	1	UID699343	1	1	0	0
1	1	UID699346	1	1	0	0
1	1	UID699347	1	1	0	0
1	1	UID699348	1	1	0	0
1	1	UID699350	1	1	0	0
1	1	UID699351	1	1	0	0
1	1	UID699352	1	1	0	0
1	1	UID699355	1	1	0	0
1	1	UID699357	1	1	0	0
1	1	UID699360	1	1	0	0
1	1	UID699364	1	1	0	0
1	1	UID699366	1	1	0	0
1	1	UID699367	1	1	0	0
1	1	UID699368	1	1	0	0
1	1	UID699370	1	1	0	0
1	1	UID699373	1	1	0	0
1	1	UID699376	1	1	0	0
1	1	UID699377	1	1	0	0
1	1	UID699378	1	1	0	0
1	1	UID699379	1	1	0	0
1	1	UID699380	1	1	0	0
1	1	UID699381	1	1	0	0
1	1	UID699383	1	1	0	0
1	1	UID699384	1	1	0	0
1	1	UID699387	1	1	0	0
1	1	UID699390	1	1	0	0
1	1	UID699391	1	1	0	0
1	1	UID699392	1	1	0	0
1	1	UID699393	1	1	0	0
1	1	UID699394	1	1	0	0
1	1	UID699395	1	1	0	0
1	1	UID699396	1	1	0	0
1	1	UID699397	1	1	0	0
1	1	UID699398	1	1	0	0
1	1	UID699402	1	1	0	0
1	1	UID699405	1	1	0	0
1	1	UID699406	1	1	0	0
1	1	UID699407	1	1	0	0
1	1	UID699414	1	1	0	0
1	1	UID699415	1	1	0	0
1	1	UID699416	1	1	0	0
1	1	UID699417	1	1	0	0
1	1	UID699418	1	1	0	0
1	1	UID699419	1	1	0	0
1	1	UID699420	1	1	0	0
1	1	UID699421	1	1	0	0
1	1	UID699422	1	1	0	0
1	1	UID699424	1	1	0	0
1	1	UID699426	1	1	0	0
1	1	UID699431	1	1	0	0
1	1	UID699433	1	1	0	0
1	1	UID699434	1	1	0	0
1	1	UID699436	1	1	0	0
1	1	UID699437	1	1	0	0
1	1	UID699438	1	1	0	0
1	1	UID699440	1	1	0	0
1	1	UID699441	1	1	0	0
1	1	UID699447	1	1	0	0
1	1	UID699457	1	1	0	0
1	1	UID699467	1	1	0	0
1	1	UID699477	1	1	0	0
1	1	UID699478	1	1	0	0
1	1	UID699490	1	1	0	0
1	1	UID699496	1	1	0	0
1	1	UID699509	1	1	0	0
1	1	UID699511	1	1	0	0
1	1	UID699515	1	1	0	0
1	1	UID699516	1	1	0	0
1	1	UID699517	1	1	0	0
1	1	UID699519	1	1	0	0
1	1	UID699528	1	1	0	0
1	1	UID699529	1	1	0	0
1	1	UID699540	1	1	0	0
1	1	UID699541	1	1	0	0
1	1	UID699551	1	1	0	0
1	1	UID699552	1	1	0	0
1	1	UID699553	1	1	0	0
1	1	UID699554	1	1	0	0
1	1	UID699567	1	1	0	0
1	1	UID699569	1	1	0	0
1	1	UID699571	1	1	0	0
1	1	UID699575	1	1	0	0
1	1	UID699576	1	1	0	0
1	1	UID699577	1	1	0	0
1	1	UID699591	1	1	0	0
1	1	UID699593	1	1	0	0
1	1	UID699594	1	1	0	0
1	1	UID699595	1	1	0	0
1	1	UID699597	1	1	0	0
1	1	UID699598	1	1	0	0
1	1	UID699599	1	1	0	0
1	1	UID699607	1	1	0	0
1	1	UID699609	1	1	0	0
1	1	UID699611	1	1	0	0
1	1	UID699614	1	1	0	0
1	1	UID699616	1	1	0	0
1	1	UID699617	1	1	0	0
1	1	UID699619	1	1	0	0
1	1	UID699620	1	1	0	0
1	1	UID699632	1	1	0	0
1	1	UID699633	1	1	0	0
1	1	UID699635	1	1	0	0
1	1	UID699636	1	1	0	0
1	1	UID699642	1	1	0	0
1	1	UID699644	1	1	0	0
1	1	UID699645	1	1	0	0
1	1	UID699646	1	1	0	0
1	1	UID699648	1	1	0	0
1	1	UID699649	1	1	0	0
1	1	UID699650	1	1	0	0
1	1	UID699655	1	1	0	0
1	1	UID699666	1	1	0	0
1	1	UID699667	1	1	0	0
1	1	UID699670	1	1	0	0
1	1	UID699676	1	1	0	0
1	1	UID699677	1	1	0	0
1	1	UID699678	1	1	0	0
1	1	UID699684	1	1	0	0
1	1	UID699687	1	1	0	0
1	1	UID699688	1	1	0	0
1	1	UID699689	1	1	0	0
1	1	UID699690	1	1	0	0
1	1	UID699693	1	1	0	0
1	1	UID699694	1	1	0	0
1	1	UID699695	1	1	0	0
1	1	UID699696	1	1	0	0
1	1	UID699708	1	1	0	0
1	1	UID699710	1	1	0	0
1	1	UID699724	1	1	0	0
1	1	UID699725	1	1	0	0
1	1	UID699733	1	1	0	0
1	1	UID699734	1	1	0	0
1	1	UID699736	1	1	0	0
1	1	UID699742	1	1	0	0
1	1	UID699757	1	1	0	0
1	1	UID699783	1	1	0	0
2	2	UID699792	1	2	1	1
1	1	UID699794	1	1	0	0
1	1	UID699798	1	1	0	0
1	1	UID699799	1	1	0	0
1	1	UID699805	1	1	0	0
1	1	UID699813	1	1	0	0
1	1	UID699814	1	1	0	0
1	1	UID699816	1	1	0	0
1	1	UID699817	1	1	0	0
1	1	UID699830	1	1	0	0
1	1	UID699832	1	1	0	0
1	1	UID699833	1	1	0	0
1	1	UID699837	1	1	0	0
1	1	UID699845	1	1	0	0
1	1	UID699846	1	1	0	0
1	1	UID699849	1	1	0	0
1	1	UID699861	1	1	0	0
1	1	UID699863	1	1	0	0
1	1	UID699868	1	1	0	0
1	1	UID699870	1	1	0	0
1	1	UID699871	1	1	0	0
1	1	UID699872	1	1	0	0
1	1	UID699876	1	1	0	0
1	1	UID699877	1	1	0	0
1	1	UID699878	1	1	0	0
1	1	UID699879	1	1	0	0
1	1	UID699880	1	1	0	0
1	1	UID699881	1	1	0	0
1	1	UID699886	1	1	0	0
1	1	UID699897	1	1	0	0
1	1	UID699903	1	1	0	0
1	1	UID699904	1	1	0	0
1	1	UID699905	1	1	0	0
1	1	UID699909	1	1	0	0
1	1	UID699911	1	1	0	0
1	1	UID699912	1	1	0	0
1	1	UID699913	1	1	0	0
1	1	UID699914	1	1	0	0
1	1	UID699919	1	1	0	0
1	1	UID699926	1	1	0	0
1	1	UID699929	1	1	0	0
1	1	UID699932	1	1	0	0
1	1	UID699934	1	1	0	0
1	1	UID699941	1	1	0	0
1	1	UID699944	1	1	0	0
1	1	UID699951	1	1	0	0
1	1	UID699954	1	1	0	0
1	1	UID699956	1	1	0	0
1	1	UID699958	1	1	0	0
1	1	UID699959	1	1	0	0
1	1	UID699960	1	1	0	0
1	1	UID699962	1	1	0	0
1	1	UID699967	1	1	0	0
1	1	UID699968	1	1	0	0
1	1	UID699971	1	1	0	0
1	1	UID699975	1	1	0	0
1	1	UID699976	1	1	0	0
1	1	UID699978	1	1	0	0
1	1	UID699979	1	1	0	0
1	1	UID699980	1	1	0	0
1	1	UID699985	1	1	0	0
1	1	UID699987	1	1	0	0
1	1	UID699989	1	1	0	0
1	1	UID699990	1	1	0	0
1	1	UID699997	1	1	0	0
1	1	UID700015	1	1	0	0
1	1	UID700016	1	1	0	0
1	1	UID700017	1	1	0	0
1	1	UID700018	1	1	0	0
1	1	UID700019	1	1	0	0
1	1	UID700020	1	1	0	0
1	1	UID700021	1	1	0	0
1	1	UID700022	1	1	0	0
1	1	UID700024	1	1	0	0
1	1	UID700033	1	1	0	0
1	1	UID700036	1	1	0	0
1	1	UID700040	1	1	0	0
1	1	UID700043	1	1	0	0
1	1	UID700052	1	1	0	0
1	1	UID700056	1	1	0	0
1	1	UID700059	1	1	0	0
1	1	UID700061	1	1	0	0
1	1	UID700065	1	1	0	0
1	1	UID700066	1	1	0	0
1	1	UID700073	1	1	0	0
1	1	UID700075	1	1	0	0
1	1	UID700085	1	1	0	0
1	1	UID700090	1	1	0	0
1	1	UID700091	1	1	0	0
1	1	UID700100	1	1	0	0
1	1	UID700101	1	1	0	0
1	1	UID700104	1	1	0	0
1	1	UID700110	1	1	0	0
1	1	UID700120	1	1	0	0
1	1	UID700126	1	1	0	0
1	1	UID700134	1	1	0	0
1	1	UID700135	1	1	0	0
1	1	UID700136	1	1	0	0
1	1	UID700138	1	1	0	0
1	1	UID700140	1	1	0	0
1	1	UID700141	1	1	0	0
1	1	UID700142	1	1	0	0
1	1	UID700143	1	1	0	0
1	1	UID700147	1	1	0	0
1	1	UID700150	1	1	0	0
1	1	UID700151	1	1	0	0
1	1	UID700152	1	1	0	0
1	1	UID700154	1	1	0	0
1	1	UID700155	1	1	0	0
1	1	UID700157	1	1	0	0
1	1	UID700158	1	1	0	0
1	1	UID700163	1	1	0	0
1	1	UID700168	1	1	0	0
1	1	UID700169	1	1	0	0
1	1	UID700170	1	1	0	0
1	1	UID700171	1	1	0	0
1	1	UID700174	1	1	0	0
1	1	UID700177	1	1	0	0
1	1	UID700180	1	1	0	0
1	1	UID700184	1	1	0	0
1	1	UID700187	1	1	0	0
1	1	UID700195	1	1	0	0
1	1	UID700200	1	1	0	0
1	1	UID700208	1	1	0	0
1	1	UID700212	1	1	0	0
1	1	UID700213	1	1	0	0
1	1	UID700214	1	1	0	0
1	1	UID700224	1	1	0	0
1	1	UID700229	1	1	0	0
1	1	UID700235	1	1	0	0
1	1	UID700245	1	1	0	0
1	1	UID700249	1	1	0	0
1	1	UID700251	1	1	0	0
1	1	UID700260	1	1	0	0
1	1	UID700262	1	1	0	0
1	1	UID700263	1	1	0	0
1	1	UID700267	1	1	0	0
1	1	UID700272	1	1	0	0
1	1	UID700274	1	1	0	0
1	1	UID700275	1	1	0	0
1	1	UID700277	1	1	0	0
1	1	UID700278	1	1	0	0
1	1	UID700279	1	1	0	0
1	1	UID700280	1	1	0	0
1	1	UID700283	1	1	0	0
1	1	UID700285	1	1	0	0
1	1	UID700286	1	1	0	0
1	1	UID700288	1	1	0	0
1	1	UID700292	1	1	0	0
1	1	UID700293	1	1	0	0
1	1	UID700294	1	1	0	0
1	1	UID700295	1	1	0	0
1	1	UID700297	1	1	0	0
1	1	UID700303	1	1	0	0
1	1	UID700315	1	1	0	0
1	1	UID700317	1	1	0	0
1	1	UID700320	1	1	0	0
1	1	UID700325	1	1	0	0
1	1	UID700327	1	1	0	0
1	1	UID700328	1	1	0	0
1	1	UID700339	1	1	0	0
1	1	UID700342	1	1	0	0
1	1	UID700348	1	1	0	0
1	1	UID700353	1	1	0	0
1	1	UID700357	1	1	0	0
1	1	UID700367	1	1	0	0
1	1	UID700376	1	1	0	0
1	1	UID700377	1	1	0	0
1	1	UID700379	1	1	0	0
1	1	UID700384	1	1	0	0
1	1	UID700407	1	1	0	0
1	1	UID700412	1	1	0	0
1	1	UID700415	1	1	0	0
1	1	UID700416	1	1	0	0
1	1	UID700424	1	1	0	0
1	1	UID700425	1	1	0	0
1	1	UID700428	1	1	0	0
1	1	UID700434	1	1	0	0
1	1	UID700444	1	1	0	0
1	1	UID700447	1	1	0	0
1	1	UID700449	1	1	0	0
1	1	UID700453	1	1	0	0
1	1	UID700454	1	1	0	0
1	1	UID700459	1	1	0	0
1	1	UID700460	1	1	0	0
1	1	UID700465	1	1	0	0
1	1	UID700466	1	1	0	0
1	1	UID700469	1	1	0	0
1	1	UID700485	1	1	0	0
1	1	UID700498	1	1	0	0
1	1	UID700503	1	1	0	0
1	1	UID700504	1	1	0	0
1	1	UID700505	1	1	0	0
1	1	UID700506	1	1	0	0
1	1	UID700507	1	1	0	0
1	1	UID700513	1	1	0	0
1	1	UID700515	1	1	0	0
1	1	UID700516	1	1	0	0
1	1	UID700517	1	1	0	0
1	1	UID700518	1	1	0	0
1	1	UID700520	1	1	0	0
1	1	UID700523	1	1	0	0
1	1	UID700529	1	1	0	0
1	1	UID700543	1	1	0	0
1	1	UID700544	1	1	0	0
1	1	UID700548	1	1	0	0
1	1	UID700549	1	1	0	0
1	1	UID700550	1	1	0	0
1	1	UID700553	1	1	0	0
1	1	UID700554	1	1	0	0
1	1	UID700556	1	1	0	0
1	1	UID700557	1	1	0	0
1	1	UID700558	1	1	0	0
1	1	UID700559	1	1	0	0
1	1	UID700567	1	1	0	0
1	1	UID700568	1	1	0	0
1	1	UID700569	1	1	0	0
1	1	UID700570	1	1	0	0
1	1	UID700571	1	1	0	0
1	1	UID700572	1	1	0	0
1	1	UID700573	1	1	0	0
1	1	UID700574	1	1	0	0
1	1	UID700575	1	1	0	0
1	1	UID700579	1	1	0	0
1	1	UID700580	1	1	0	0
1	1	UID700582	1	1	0	0
1	1	UID700586	1	1	0	0
1	1	UID700587	1	1	0	0
1	1	UID700589	1	1	0	0
1	1	UID700592	1	1	0	0
1	1	UID700593	1	1	0	0
1	1	UID700596	1	1	0	0
1	1	UID700602	1	1	0	0
1	1	UID700603	1	1	0	0
1	1	UID700607	1	1	0	0
1	1	UID700609	1	1	0	0
1	1	UID700612	1	1	0	0
1	1	UID700617	1	1	0	0
1	1	UID700618	1	1	0	0
1	1	UID700619	1	1	0	0
1	1	UID700621	1	1	0	0
1	1	UID700623	1	1	0	0
1	1	UID700624	1	1	0	0
1	1	UID700640	1	1	0	0
1	1	UID700644	1	1	0	0
1	1	UID700645	1	1	0	0
1	1	UID700647	1	1	0	0
1	1	UID700656	1	1	0	0
1	1	UID700658	1	1	0	0
1	1	UID700660	1	1	0	0
1	1	UID700661	1	1	0	0
1	1	UID700662	1	1	0	0
1	1	UID700664	1	1	0	0
1	1	UID700667	1	1	0	0
1	1	UID700690	1	1	0	0
1	1	UID700698	1	1	0	0
1	1	UID700738	1	1	0	0
1	1	UID700744	1	1	0	0
1	1	UID700745	1	1	0	0
1	1	UID700746	1	1	0	0
1	1	UID700749	1	1	0	0
1	1	UID700750	1	1	0	0
1	1	UID700751	1	1	0	0
1	1	UID700752	1	1	0	0
1	1	UID700755	1	1	0	0
1	1	UID700759	1	1	0	0
1	1	UID700760	1	1	0	0
1	1	UID700761	1	1	0	0
1	1	UID700773	1	1	0	0
1	1	UID700785	1	1	0	0
1	1	UID700787	1	1	0	0
1	1	UID700792	1	1	0	0
1	1	UID700795	1	1	0	0
1	1	UID700797	1	1	0	0
1	1	UID700798	1	1	0	0
1	1	UID700799	1	1	0	0
1	1	UID700801	1	1	0	0
1	1	UID700829	1	1	0	0
1	1	UID700928	1	1	0	0
1	1	UID700931	1	1	0	0
1	1	UID700938	1	1	0	0
1	1	UID700941	1	1	0	0
1	1	UID700942	1	1	0	0
1	1	UID700965	1	1	0	0
1	1	UID700971	1	1	0	0
1	1	UID700975	1	1	0	0
1	1	UID700976	1	1	0	0
1	1	UID700977	1	1	0	0
1	1	UID700978	1	1	0	0
1	1	UID700980	1	1	0	0
1	1	UID700982	1	1	0	0
1	1	UID700987	1	1	0	0
1	1	UID700988	1	1	0	0
1	1	UID700991	1	1	0	0
1	1	UID700992	1	1	0	0
1	1	UID700993	1	1	0	0
1	1	UID700996	1	1	0	0
1	1	UID700999	1	1	0	0
1	1	UID701006	1	1	0	0
1	1	UID701007	1	1	0	0
1	1	UID701009	1	1	0	0
1	1	UID701010	1	1	0	0
1	1	UID701025	1	1	0	0
1	1	UID701029	1	1	0	0
1	1	UID701041	1	1	0	0
1	1	UID701045	1	1	0	0
1	1	UID701048	1	1	0	0
1	1	UID701056	1	1	0	0
1	1	UID701059	1	1	0	0
1	1	UID701060	1	1	0	0
1	1	UID701061	1	1	0	0
1	1	UID701062	1	1	0	0
1	1	UID701065	1	1	0	0
1	1	UID701069	1	1	0	0
1	1	UID701075	1	1	0	0
1	1	UID701105	1	1	0	0
1	1	UID701135	1	1	0	0
1	1	UID701144	1	1	0	0
1	1	UID701154	1	1	0	0
1	1	UID701155	1	1	0	0
1	1	UID701162	1	1	0	0
1	1	UID701164	1	1	0	0
1	1	UID701166	1	1	0	0
1	1	UID701167	1	1	0	0
1	1	UID701170	1	1	0	0
1	1	UID701171	1	1	0	0
1	1	UID701172	1	1	0	0
1	1	UID701174	1	1	0	0
1	1	UID701175	1	1	0	0
1	1	UID701180	1	1	0	0
1	1	UID701183	1	1	0	0
1	1	UID701186	1	1	0	0
1	1	UID701193	1	1	0	0
1	1	UID701195	1	1	0	0
1	1	UID701202	1	1	0	0
1	1	UID701207	1	1	0	0
1	1	UID701208	1	1	0	0
1	1	UID701215	1	1	0	0
1	1	UID701220	1	1	0	0
1	1	UID701221	1	1	0	0
1	1	UID701223	1	1	0	0
1	1	UID701225	1	1	0	0
1	1	UID701226	1	1	0	0
1	1	UID701229	1	1	0	0
1	1	UID701237	1	1	0	0
1	1	UID701242	1	1	0	0
1	1	UID701243	1	1	0	0
1	1	UID701244	1	1	0	0
1	1	UID701245	1	1	0	0
1	1	UID701246	1	1	0	0
1	1	UID701247	1	1	0	0
1	1	UID701253	1	1	0	0
1	1	UID701259	1	1	0	0
1	1	UID701260	1	1	0	0
1	1	UID701262	1	1	0	0
1	1	UID701263	1	1	0	0
1	1	UID701266	1	1	0	0
1	1	UID701272	1	1	0	0
1	1	UID701281	1	1	0	0
1	1	UID701283	1	1	0	0
1	1	UID701284	1	1	0	0
1	1	UID701285	1	1	0	0
1	1	UID701286	1	1	0	0
1	1	UID701287	1	1	0	0
1	1	UID701288	1	1	0	0
1	1	UID701290	1	1	0	0
1	1	UID701296	1	1	0	0
1	1	UID701300	1	1	0	0
1	1	UID701305	1	1	0	0
1	1	UID701307	1	1	0	0
1	1	UID701310	1	1	0	0
1	1	UID701312	1	1	0	0
1	1	UID701313	1	1	0	0
1	1	UID701320	1	1	0	0
1	1	UID701322	1	1	0	0
2	2	UID701324	1	2	1	1
1	1	UID701327	1	1	0	0
1	1	UID701331	1	1	0	0
1	1	UID701338	1	1	0	0
1	1	UID701340	1	1	0	0
1	1	UID701343	1	1	0	0
1	1	UID701344	1	1	0	0
1	1	UID701345	1	1	0	0
1	1	UID701352	1	1	0	0
1	1	UID701353	1	1	0	0
1	1	UID701354	1	1	0	0
1	1	UID701355	1	1	0	0
1	1	UID701357	1	1	0	0
1	1	UID701362	1	1	0	0
1	1	UID701367	1	1	0	0
1	1	UID701374	1	1	0	0
1	1	UID701375	1	1	0	0
1	1	UID701377	1	1	0	0
1	1	UID701378	1	1	0	0
1	1	UID701380	1	1	0	0
1	1	UID701381	1	1	0	0
1	1	UID701383	1	1	0	0
1	1	UID701389	1	1	0	0
1	1	UID701398	1	1	0	0
1	1	UID701406	1	1	0	0
1	1	UID701409	1	1	0	0
1	1	UID701415	1	1	0	0
1	1	UID701416	1	1	0	0
1	1	UID701419	1	1	0	0
1	1	UID701422	1	1	0	0
1	1	UID701426	1	1	0	0
1	1	UID701429	1	1	0	0
1	1	UID701430	1	1	0	0
1	1	UID701433	1	1	0	0
1	1	UID701435	1	1	0	0
1	1	UID701437	1	1	0	0
1	1	UID701442	1	1	0	0
1	1	UID701445	1	1	0	0
1	1	UID701448	1	1	0	0
1	1	UID701452	1	1	0	0
1	1	UID701453	1	1	0	0
1	1	UID701454	1	1	0	0
1	1	UID701459	1	1	0	0
1	1	UID701460	1	1	0	0
1	1	UID701461	1	1	0	0
1	1	UID701464	1	1	0	0
1	1	UID701469	1	1	0	0
1	1	UID701475	1	1	0	0
1	1	UID701481	1	1	0	0
1	1	UID701482	1	1	0	0
1	1	UID701483	1	1	0	0
1	1	UID701485	1	1	0	0
1	1	UID701488	1	1	0	0
1	1	UID701490	1	1	0	0
1	1	UID701496	1	1	0	0
1	1	UID701497	1	1	0	0
1	1	UID701498	1	1	0	0
1	1	UID701500	1	1	0	0
1	1	UID701510	1	1	0	0
1	1	UID701511	1	1	0	0
1	1	UID701528	1	1	0	0
1	1	UID701529	1	1	0	0
1	1	UID701536	1	1	0	0
1	1	UID701542	1	1	0	0
1	1	UID701543	1	1	0	0
1	1	UID701559	1	1	0	0
1	1	UID701563	1	1	0	0
1	1	UID701571	1	1	0	0
1	1	UID701574	1	1	0	0
1	1	UID701586	1	1	0	0
1	1	UID701589	1	1	0	0
1	1	UID701590	1	1	0	0
1	1	UID701595	1	1	0	0
1	1	UID701598	1	1	0	0
1	1	UID701601	1	1	0	0
1	1	UID701678	1	1	0	0
1	1	UID701710	1	1	0	0
1	1	UID701712	1	1	0	0
1	1	UID701714	1	1	0	0
1	1	UID701717	1	1	0	0
1	1	UID701721	1	1	0	0
1	1	UID701722	1	1	0	0
1	1	UID701728	1	1	0	0
1	1	UID701729	1	1	0	0
1	1	UID701736	1	1	0	0
1	1	UID701737	1	1	0	0
1	1	UID701741	1	1	0	0
1	1	UID701742	1	1	0	0
1	1	UID701747	1	1	0	0
1	1	UID701753	1	1	0	0
1	1	UID701760	1	1	0	0
1	1	UID701762	1	1	0	0
1	1	UID701768	1	1	0	0
1	1	UID701771	1	1	0	0
1	1	UID701776	1	1	0	0
1	1	UID701780	1	1	0	0
1	1	UID701788	1	1	0	0
1	1	UID701790	1	1	0	0
1	1	UID701791	1	1	0	0
1	1	UID701792	1	1	0	0
1	1	UID701793	1	1	0	0
1	1	UID701794	1	1	0	0
1	1	UID701800	1	1	0	0
1	1	UID701812	1	1	0	0
1	1	UID701835	1	1	0	0
1	1	UID701836	1	1	0	0
1	1	UID701846	1	1	0	0
1	1	UID701847	1	1	0	0
1	1	UID701848	1	1	0	0
1	1	UID701856	1	1	0	0
1	1	UID701857	1	1	0	0
1	1	UID701862	1	1	0	0
1	1	UID701865	1	1	0	0
1	1	UID701880	1	1	0	0
1	1	UID701884	1	1	0	0
1	1	UID701886	1	1	0	0
1	1	UID701887	1	1	0	0
1	1	UID701888	1	1	0	0
1	1	UID701889	1	1	0	0
1	1	UID701891	1	1	0	0
1	1	UID701900	1	1	0	0
1	1	UID701902	1	1	0	0
1	1	UID701904	1	1	0	0
1	1	UID701905	1	1	0	0
1	1	UID701906	1	1	0	0
1	1	UID701909	1	1	0	0
1	1	UID701915	1	1	0	0
1	1	UID701916	1	1	0	0
1	1	UID701917	1	1	0	0
1	1	UID701918	1	1	0	0
1	1	UID701919	1	1	0	0
1	1	UID701920	1	1	0	0
1	1	UID701922	1	1	0	0
1	1	UID701923	1	1	0	0
1	1	UID701924	1	1	0	0
1	1	UID701936	1	1	0	0
1	1	UID701937	1	1	0	0
1	1	UID701942	1	1	0	0
1	1	UID701946	1	1	0	0
1	1	UID701947	1	1	0	0
1	1	UID701948	1	1	0	0
1	1	UID701953	1	1	0	0
1	1	UID701959	1	1	0	0
1	1	UID701964	1	1	0	0
1	1	UID701967	1	1	0	0
1	1	UID701970	1	1	0	0
1	1	UID701981	1	1	0	0
1	1	UID701982	1	1	0	0
1	1	UID701983	1	1	0	0
1	1	UID701989	1	1	0	0
1	1	UID701991	1	1	0	0
1	1	UID701994	1	1	0	0
1	1	UID701996	1	1	0	0
1	1	UID702000	1	1	0	0
1	1	UID702002	1	1	0	0
1	1	UID702007	1	1	0	0
1	1	UID702008	1	1	0	0
1	1	UID702010	1	1	0	0
1	1	UID702016	1	1	0	0
1	1	UID702017	1	1	0	0
1	1	UID702020	1	1	0	0
1	1	UID702036	1	1	0	0
1	1	UID702039	1	1	0	0
1	1	UID702040	1	1	0	0
1	1	UID702042	1	1	0	0
1	1	UID702043	1	1	0	0
1	1	UID702044	1	1	0	0
1	1	UID702050	1	1	0	0
1	1	UID702057	1	1	0	0
1	1	UID702061	1	1	0	0
1	1	UID702062	1	1	0	0
1	1	UID702066	1	1	0	0
1	1	UID702069	1	1	0	0
1	1	UID702070	1	1	0	0
1	1	UID702073	1	1	0	0
1	1	UID702074	1	1	0	0
1	1	UID702075	1	1	0	0
1	1	UID702077	1	1	0	0
1	1	UID702078	1	1	0	0
1	1	UID702081	1	1	0	0
1	1	UID702084	1	1	0	0
1	1	UID702086	1	1	0	0
1	1	UID702087	1	1	0	0
1	1	UID702088	1	1	0	0
1	1	UID702090	1	1	0	0
1	1	UID702091	1	1	0	0
1	1	UID702092	1	1	0	0
1	1	UID702093	1	1	0	0
1	1	UID702094	1	1	0	0
1	1	UID702095	1	1	0	0
1	1	UID702096	1	1	0	0
1	1	UID702100	1	1	0	0
1	1	UID702116	1	1	0	0
1	1	UID702118	1	1	0	0
1	1	UID702133	1	1	0	0
1	1	UID702143	1	1	0	0
1	1	UID702144	1	1	0	0
1	1	UID702147	1	1	0	0
1	1	UID702148	1	1	0	0
1	1	UID702152	1	1	0	0
1	1	UID702161	1	1	0	0
1	1	UID702162	1	1	0	0
1	1	UID702164	1	1	0	0
1	1	UID702166	1	1	0	0
1	1	UID702174	1	1	0	0
1	1	UID702179	1	1	0	0
1	1	UID702182	1	1	0	0
1	1	UID702183	1	1	0	0
1	1	UID702184	1	1	0	0
1	1	UID702185	1	1	0	0
1	1	UID702189	1	1	0	0
1	1	UID702190	1	1	0	0
1	1	UID702191	1	1	0	0
1	1	UID702200	1	1	0	0
1	1	UID702218	1	1	0	0
1	1	UID702220	1	1	0	0
1	1	UID702221	1	1	0	0
1	1	UID702231	1	1	0	0
1	1	UID702234	1	1	0	0
1	1	UID702235	1	1	0	0
1	1	UID702236	1	1	0	0
1	1	UID702237	1	1	0	0
1	1	UID702238	1	1	0	0
1	1	UID702243	1	1	0	0
1	1	UID702248	1	1	0	0
1	1	UID702251	1	1	0	0
1	1	UID702257	1	1	0	0
1	1	UID702258	1	1	0	0
1	1	UID702259	1	1	0	0
1	1	UID702265	1	1	0	0
1	1	UID702269	1	1	0	0
1	1	UID702277	1	1	0	0
1	1	UID702278	1	1	0	0
1	1	UID702280	1	1	0	0
1	1	UID702283	1	1	0	0
1	1	UID702290	1	1	0	0
1	1	UID702292	1	1	0	0
1	1	UID702293	1	1	0	0
1	1	UID702294	1	1	0	0
1	1	UID702303	1	1	0	0
1	1	UID702304	1	1	0	0
1	1	UID702313	1	1	0	0
1	1	UID702318	1	1	0	0
1	1	UID702319	1	1	0	0
1	1	UID702322	1	1	0	0
1	1	UID702323	1	1	0	0
1	1	UID702325	1	1	0	0
1	1	UID702327	1	1	0	0
1	1	UID702329	1	1	0	0
1	1	UID702332	1	1	0	0
1	1	UID702352	1	1	0	0
1	1	UID702369	1	1	0	0
1	1	UID702384	1	1	0	0
1	1	UID702390	1	1	0	0
1	1	UID702392	1	1	0	0
1	1	UID702395	1	1	0	0
1	1	UID702399	1	1	0	0
1	1	UID702400	1	1	0	0
1	1	UID702401	1	1	0	0
1	1	UID702402	1	1	0	0
1	1	UID702403	1	1	0	0
1	1	UID702404	1	1	0	0
1	1	UID702405	1	1	0	0
1	1	UID702406	1	1	0	0
1	1	UID702410	1	1	0	0
1	1	UID702412	1	1	0	0
1	1	UID702413	1	1	0	0
1	1	UID702414	1	1	0	0
1	1	UID702415	1	1	0	0
1	1	UID702416	1	1	0	0
1	1	UID702417	1	1	0	0
1	1	UID702419	1	1	0	0
1	1	UID702420	1	1	0	0
1	1	UID702421	1	1	0	0
1	1	UID702422	1	1	0	0
1	1	UID702424	1	1	0	0
1	1	UID702426	1	1	0	0
1	1	UID702427	1	1	0	0
1	1	UID702428	1	1	0	0
1	1	UID702429	1	1	0	0
1	1	UID702430	1	1	0	0
1	1	UID702433	1	1	0	0
1	1	UID702434	1	1	0	0
1	1	UID702435	1	1	0	0
1	1	UID702436	1	1	0	0
1	1	UID702437	1	1	0	0
1	1	UID702439	1	1	0	0
1	1	UID702440	1	1	0	0
1	1	UID702441	1	1	0	0
1	1	UID702442	1	1	0	0
1	1	UID702444	1	1	0	0
1	1	UID702445	1	1	0	0
1	1	UID702446	1	1	0	0
1	1	UID702448	1	1	0	0
1	1	UID702456	1	1	0	0
1	1	UID702471	1	1	0	0
1	1	UID702474	1	1	0	0
1	1	UID702482	1	1	0	0
1	1	UID702484	1	1	0	0
1	1	UID702487	1	1	0	0
1	1	UID702490	1	1	0	0
1	1	UID702497	1	1	0	0
1	1	UID702498	1	1	0	0
1	1	UID702506	1	1	0	0
1	1	UID702507	1	1	0	0
1	1	UID702508	1	1	0	0
1	1	UID702509	1	1	0	0
1	1	UID702512	1	1	0	0
1	1	UID702514	1	1	0	0
1	1	UID702523	1	1	0	0
1	1	UID702525	1	1	0	0
1	1	UID702534	1	1	0	0
1	1	UID702537	1	1	0	0
1	1	UID702542	1	1	0	0
1	1	UID702543	1	1	0	0
1	1	UID702549	1	1	0	0
1	1	UID702551	1	1	0	0
1	1	UID702570	1	1	0	0
1	1	UID702571	1	1	0	0
1	1	UID702575	1	1	0	0
1	1	UID702584	1	1	0	0
1	1	UID702585	1	1	0	0
1	1	UID702588	1	1	0	0
1	1	UID702589	1	1	0	0
1	1	UID702605	1	1	0	0
1	1	UID702606	1	1	0	0
1	1	UID702609	1	1	0	0
1	1	UID702612	1	1	0	0
1	1	UID702614	1	1	0	0
1	1	UID702616	1	1	0	0
1	1	UID702620	1	1	0	0
1	1	UID702621	1	1	0	0
1	1	UID702638	1	1	0	0
1	1	UID702639	1	1	0	0
1	1	UID702651	1	1	0	0
1	1	UID702657	1	1	0	0
1	1	UID702666	1	1	0	0
1	1	UID702671	1	1	0	0
1	1	UID702673	1	1	0	0
1	1	UID702677	1	1	0	0
1	1	UID702683	1	1	0	0
1	1	UID702690	1	1	0	0
1	1	UID702691	1	1	0	0
1	1	UID702692	1	1	0	0
1	1	UID702693	1	1	0	0
1	1	UID702694	1	1	0	0
1	1	UID702696	1	1	0	0
1	1	UID702698	1	1	0	0
1	1	UID702699	1	1	0	0
1	1	UID702712	1	1	0	0
1	1	UID702715	1	1	0	0
1	1	UID702717	1	1	0	0
1	1	UID702718	1	1	0	0
1	1	UID702720	1	1	0	0
1	1	UID702725	1	1	0	0
1	1	UID702729	1	1	0	0
1	1	UID702741	1	1	0	0
1	1	UID702745	1	1	0	0
1	1	UID702746	1	1	0	0
1	1	UID702753	1	1	0	0
1	1	UID702755	1	1	0	0
1	1	UID702756	1	1	0	0
1	1	UID702757	1	1	0	0
1	1	UID702758	1	1	0	0
1	1	UID702759	1	1	0	0
1	1	UID702760	1	1	0	0
1	1	UID702762	1	1	0	0
1	1	UID702765	1	1	0	0
1	1	UID702766	1	1	0	0
1	1	UID702767	1	1	0	0
1	1	UID702768	1	1	0	0
1	1	UID702769	1	1	0	0
1	1	UID702770	1	1	0	0
1	1	UID702774	1	1	0	0
1	1	UID702777	1	1	0	0
1	1	UID702781	1	1	0	0
1	1	UID702782	1	1	0	0
1	1	UID702784	1	1	0	0
1	1	UID702787	1	1	0	0
1	1	UID702789	1	1	0	0
1	1	UID702792	1	1	0	0
1	1	UID702793	1	1	0	0
1	1	UID702795	1	1	0	0
1	1	UID702796	1	1	0	0
1	1	UID702803	1	1	0	0
1	1	UID702804	1	1	0	0
1	1	UID702805	1	1	0	0
1	1	UID702811	1	1	0	0
1	1	UID702816	1	1	0	0
1	1	UID702819	1	1	0	0
1	1	UID702820	1	1	0	0
1	1	UID702828	1	1	0	0
1	1	UID702834	1	1	0	0
1	1	UID702835	1	1	0	0
1	1	UID702836	1	1	0	0
1	1	UID702843	1	1	0	0
1	1	UID702851	1	1	0	0
1	1	UID702856	1	1	0	0
1	1	UID702857	1	1	0	0
1	1	UID702881	1	1	0	0
1	1	UID702894	1	1	0	0
1	1	UID702903	1	1	0	0
1	1	UID702905	1	1	0	0
1	1	UID702908	1	1	0	0
1	1	UID702921	1	1	0	0
1	1	UID702923	1	1	0	0
1	1	UID702928	1	1	0	0
1	1	UID702934	1	1	0	0
1	1	UID702936	1	1	0	0
1	1	UID702942	1	1	0	0
1	1	UID702943	1	1	0	0
1	1	UID702947	1	1	0	0
1	1	UID702951	1	1	0	0
1	1	UID702954	1	1	0	0
1	1	UID702958	1	1	0	0
1	1	UID702971	1	1	0	0
1	1	UID702972	1	1	0	0
1	1	UID702981	1	1	0	0
5	5	UID702987	1	5	2	2
1	1	UID702991	1	1	0	0
1	1	UID702993	1	1	0	0
1	1	UID702995	1	1	0	0
1	1	UID702996	1	1	0	0
1	1	UID702997	1	1	0	0
1	1	UID702999	1	1	0	0
1	1	UID703003	1	1	0	0
1	1	UID703007	1	1	0	0
1	1	UID703017	1	1	0	0
1	1	UID703021	1	1	0	0
1	1	UID703024	1	1	0	0
1	1	UID703026	1	1	0	0
1	1	UID703030	1	1	0	0
1	1	UID703031	1	1	0	0
1	1	UID703034	1	1	0	0
1	1	UID703037	1	1	0	0
1	1	UID703039	1	1	0	0
1	1	UID703045	1	1	0	0
1	1	UID703046	1	1	0	0
1	1	UID703047	1	1	0	0
1	1	UID703048	1	1	0	0
1	1	UID703053	1	1	0	0
1	1	UID703054	1	1	0	0
1	1	UID703065	1	1	0	0
1	1	UID703069	1	1	0	0
1	1	UID703096	1	1	0	0
1	1	UID703106	1	1	0	0
1	1	UID703114	1	1	0	0
1	1	UID703115	1	1	0	0
1	1	UID703117	1	1	0	0
1	1	UID703123	1	1	0	0
1	1	UID703172	1	1	0	0
1	1	UID703174	1	1	0	0
1	1	UID703193	1	1	0	0
1	1	UID703194	1	1	0	0
1	1	UID703196	1	1	0	0
1	1	UID703198	1	1	0	0
1	1	UID703199	1	1	0	0
1	1	UID703204	1	1	0	0
1	1	UID703205	1	1	0	0
1	1	UID703224	1	1	0	0
1	1	UID703225	1	1	0	0
1	1	UID703229	1	1	0	0
1	1	UID703230	1	1	0	0
1	1	UID703244	1	1	0	0
1	1	UID703246	1	1	0	0
1	1	UID703259	1	1	0	0
1	1	UID703266	1	1	0	0
1	1	UID703280	1	1	0	0
1	1	UID703281	1	1	0	0
1	1	UID703282	1	1	0	0
1	1	UID703288	1	1	0	0
1	1	UID703296	1	1	0	0
1	1	UID703297	1	1	0	0
1	1	UID703298	1	1	0	0
1	1	UID703299	1	1	0	0
1	1	UID703300	1	1	0	0
1	1	UID703306	1	1	0	0
1	1	UID703308	1	1	0	0
1	1	UID703311	1	1	0	0
1	1	UID703320	1	1	0	0
1	1	UID703326	1	1	0	0
2	2	UID703327	1	2	1	1
1	1	UID703333	1	1	0	0
1	1	UID703334	1	1	0	0
1	1	UID703336	1	1	0	0
1	1	UID703346	1	1	0	0
1	1	UID703347	1	1	0	0
1	1	UID703349	1	1	0	0
1	1	UID703368	1	1	0	0
1	1	UID703369	1	1	0	0
1	1	UID703375	1	1	0	0
1	1	UID703377	1	1	0	0
1	1	UID703427	1	1	0	0
1	1	UID703428	1	1	0	0
1	1	UID703442	1	1	0	0
1	1	UID703444	1	1	0	0
1	1	UID703457	1	1	0	0
3	3	UID703458	1	3	1	1
1	1	UID703462	1	1	0	0
1	1	UID703465	1	1	0	0
1	1	UID703468	1	1	0	0
1	1	UID703479	1	1	0	0
1	1	UID703480	1	1	0	0
1	1	UID703492	1	1	0	0
1	1	UID703501	1	1	0	0
1	1	UID703503	1	1	0	0
2	2	UID703509	1	2	1	1
1	1	UID703511	1	1	0	0
1	1	UID703519	1	1	0	0
1	1	UID703520	1	1	0	0
1	1	UID703524	1	1	0	0
1	1	UID703525	1	1	0	0
1	1	UID703526	1	1	0	0
1	1	UID703528	1	1	0	0
1	1	UID703536	1	1	0	0
1	1	UID703537	1	1	0	0
1	1	UID703544	1	1	0	0
1	1	UID703548	1	1	0	0
1	1	UID703557	1	1	0	0
1	1	UID703561	1	1	0	0
1	1	UID703563	1	1	0	0
1	1	UID703564	1	1	0	0
1	1	UID703580	1	1	0	0
1	1	UID703581	1	1	0	0
1	1	UID703583	1	1	0	0
1	1	UID703586	1	1	0	0
1	1	UID703591	1	1	0	0
1	1	UID703599	1	1	0	0
1	1	UID703602	1	1	0	0
1	1	UID703603	1	1	0	0
1	1	UID703624	1	1	0	0
1	1	UID703625	1	1	0	0
1	1	UID703629	1	1	0	0
1	1	UID703636	1	1	0	0
1	1	UID703643	1	1	0	0
1	1	UID703652	1	1	0	0
1	1	UID703653	1	1	0	0
1	1	UID703655	1	1	0	0
1	1	UID703665	1	1	0	0
1	1	UID703666	1	1	0	0
1	1	UID703668	1	1	0	0
1	1	UID703672	1	1	0	0
1	1	UID703674	1	1	0	0
1	1	UID703675	1	1	0	0
2	2	UID703678	1	2	1	1
1	1	UID703681	1	1	0	0
1	1	UID703682	1	1	0	0
1	1	UID703685	1	1	0	0
1	1	UID703694	1	1	0	0
1	1	UID703695	1	1	0	0
1	1	UID703702	1	1	0	0
1	1	UID703703	1	1	0	0
1	1	UID703705	1	1	0	0
1	1	UID703706	1	1	0	0
1	1	UID703728	1	1	0	0
1	1	UID703730	1	1	0	0
1	1	UID703735	1	1	0	0
1	1	UID703739	1	1	0	0
1	1	UID703742	1	1	0	0
1	1	UID703745	1	1	0	0
1	1	UID703746	1	1	0	0
1	1	UID703749	1	1	0	0
1	1	UID703759	1	1	0	0
1	1	UID703762	1	1	0	0
1	1	UID703763	1	1	0	0
1	1	UID703771	1	1	0	0
1	1	UID703772	1	1	0	0
1	1	UID703777	1	1	0	0
1	1	UID703781	1	1	0	0
1	1	UID703783	1	1	0	0
1	1	UID703784	1	1	0	0
1	1	UID703791	1	1	0	0
1	1	UID703797	1	1	0	0
1	1	UID703800	1	1	0	0
1	1	UID703803	1	1	0	0
1	1	UID703805	1	1	0	0
1	1	UID703807	1	1	0	0
1	1	UID703808	1	1	0	0
1	1	UID703810	1	1	0	0
1	1	UID703819	1	1	0	0
1	1	UID703820	1	1	0	0
1	1	UID703824	1	1	0	0
1	1	UID703825	1	1	0	0
1	1	UID703826	1	1	0	0
1	1	UID703827	1	1	0	0
1	1	UID703831	1	1	0	0
1	1	UID703834	1	1	0	0
1	1	UID703837	1	1	0	0
1	1	UID703845	1	1	0	0
1	1	UID703846	1	1	0	0
1	1	UID703855	1	1	0	0
1	1	UID703861	1	1	0	0
1	1	UID703862	1	1	0	0
1	1	UID703863	1	1	0	0
1	1	UID703864	1	1	0	0
1	1	UID703866	1	1	0	0
1	1	UID703867	1	1	0	0
1	1	UID703869	1	1	0	0
1	1	UID703870	1	1	0	0
1	1	UID703871	1	1	0	0
1	1	UID703872	1	1	0	0
1	1	UID703873	1	1	0	0
1	1	UID703874	1	1	0	0
1	1	UID703876	1	1	0	0
1	1	UID703877	1	1	0	0
1	1	UID703878	1	1	0	0
1	1	UID703879	1	1	0	0
1	1	UID703880	1	1	0	0
1	1	UID703881	1	1	0	0
1	1	UID703882	1	1	0	0
1	1	UID703883	1	1	0	0
1	1	UID703886	1	1	0	0
1	1	UID703887	1	1	0	0
1	1	UID703889	1	1	0	0
1	1	UID703891	1	1	0	0
1	1	UID703892	1	1	0	0
1	1	UID703893	1	1	0	0
1	1	UID703894	1	1	0	0
1	1	UID703895	1	1	0	0
1	1	UID703901	1	1	0	0
1	1	UID703904	1	1	0	0
1	1	UID703905	1	1	0	0
1	1	UID703909	1	1	0	0
1	1	UID703910	1	1	0	0
1	1	UID703912	1	1	0	0
1	1	UID703913	1	1	0	0
1	1	UID703914	1	1	0	0
1	1	UID703916	1	1	0	0
1	1	UID703925	1	1	0	0
1	1	UID703926	1	1	0	0
1	1	UID703939	1	1	0	0
1	1	UID703940	1	1	0	0
1	1	UID703947	1	1	0	0
1	1	UID703951	1	1	0	0
1	1	UID703965	1	1	0	0
1	1	UID703966	1	1	0	0
1	1	UID703976	1	1	0	0
1	1	UID703977	1	1	0	0
1	1	UID703983	1	1	0	0
1	1	UID8139	1	1	0	0
