1610	32980	UID656070	28041	1226	5	5
1716	24370	UID274084	18482	1286	4	4
34	165	UID982147	123	26	1	1
34	156	UID695875	118	28	1	1
48	172	UID695627	117	40	2	2
49	171	UID982148	115	40	2	2
28	147	UID427315	113	20	1	1
39	159	UID982149	113	31	1	1
54	170	UID982150	109	45	1	1
30	139	UID982151	107	26	1	1
60	173	UID427461	104	50	2	2
34	140	UID662400	102	28	1	1
52	160	UID982153	101	43	2	2
36	138	UID982155	98	30	2	2
36	139	UID656951	97	29	1	1
33	137	UID695096	97	24	1	1
44	140	UID656819	96	42	1	1
42	141	UID982156	95	36	1	1
33	129	UID982158	93	28	1	1
44	144	UID982159	93	36	1	1
36	132	UID982160	93	31	1	1
39	134	UID982161	92	35	1	1
37	130	UID982162	91	33	1	1
29	120	UID883867	90	26	1	1
25	116	UID697017	89	21	1	1
33	127	UID982163	89	28	2	2
33	127	UID982164	89	27	2	2
32	124	UID982165	89	27	2	2
34	127	UID662402	88	27	1	1
33	127	UID982166	88	26	1	1
38	126	UID982167	88	36	1	1
38	125	UID982168	87	36	2	2
28	118	UID982169	87	23	1	1
26	113	UID658554	85	22	2	2
18	104	UID695901	85	15	1	1
29	118	UID694215	84	22	1	1
22	111	UID982171	84	15	1	1
23	108	UID658595	83	19	1	1
29	116	UID982172	83	23	1	1
30	114	UID982173	83	27	2	2
21	106	UID982174	82	16	1	1
19	103	UID982175	82	15	2	2
29	114	UID658645	81	23	1	1
38	129	UID662407	81	29	2	2
25	106	UID695125	81	23	1	1
24	105	UID982176	81	22	1	1
23	107	UID695108	80	17	1	1
32	120	UID698113	80	25	1	1
26	106	UID982177	80	24	1	1
31	112	UID982178	80	28	2	2
40	128	UID662396	79	32	1	1
36	119	UID695257	79	31	1	1
24	103	UID982179	79	22	1	1
22	103	UID961755	78	17	1	1
23	103	UID982180	78	19	1	1
22	103	UID982181	78	19	1	1
17	95	UID982183	76	13	1	1
29	107	UID982184	76	25	2	2
26	102	UID982186	75	23	2	2
35	111	UID662374	74	31	2	2
26	102	UID695648	74	22	1	1
41	118	UID699229	74	38	1	1
35	111	UID982187	74	31	2	2
17	90	UID982188	74	16	1	1
27	104	UID662399	73	21	1	1
24	100	UID982189	73	19	1	1
18	91	UID982191	72	15	1	1
29	105	UID982192	72	24	2	2
40	119	UID695642	71	30	2	2
16	89	UID982193	71	12	1	1
32	104	UID658590	70	28	2	2
19	90	UID982194	70	16	1	1
44	118	UID982195	70	38	2	2
12	83	UID982196	70	9	1	1
17	89	UID982197	69	12	1	1
22	90	UID982198	69	21	2	2
20	89	UID982199	69	18	2	2
31	102	UID982200	69	27	1	1
38	108	UID662373	68	34	2	2
29	104	UID695584	68	21	1	1
16	88	UID982201	68	12	1	1
18	86	UID982202	68	16	1	1
9	76	UID982203	68	8	1	1
17	85	UID982206	67	14	1	1
23	91	UID662519	66	19	2	2
19	87	UID982207	66	15	1	1
29	95	UID657520	65	26	1	1
23	89	UID982209	65	20	1	1
13	79	UID982210	65	10	1	1
30	94	UID657137	64	28	2	2
14	78	UID982211	64	12	1	1
26	96	UID658605	63	17	2	2
39	109	UID662513	63	31	1	1
21	88	UID694173	63	16	1	1
31	94	UID695075	63	29	2	2
12	76	UID968846	63	9	1	1
25	91	UID982212	63	20	1	1
19	82	UID982214	62	16	1	1
23	86	UID695335	61	21	1	1
15	75	UID982215	61	14	1	1
19	82	UID982216	61	15	1	1
13	76	UID982217	61	9	1	1
43	105	UID982218	61	40	1	1
33	98	UID656628	60	26	1	1
25	89	UID695538	60	19	1	1
21	82	UID932814	60	18	1	1
10	68	UID982221	59	9	1	1
15	75	UID982222	59	12	1	1
21	81	UID662524	58	17	1	1
15	74	UID982223	58	12	1	1
32	95	UID695091	57	26	2	2
28	85	UID695289	57	26	2	2
20	80	UID658604	56	15	2	2
11	66	UID982225	56	10	1	1
22	83	UID658628	55	14	1	1
18	75	UID694280	55	14	1	1
13	67	UID982226	55	12	1	1
27	85	UID694119	54	21	1	1
16	74	UID982227	54	12	1	1
13	67	UID982228	54	11	1	1
35	100	UID698115	53	27	3	3
18	70	UID982230	53	17	2	2
26	82	UID657142	52	22	1	1
22	75	UID662467	52	19	1	1
16	70	UID982231	52	12	1	1
17	69	UID982233	52	15	1	1
16	69	UID982234	52	13	1	1
20	74	UID982235	52	16	1	1
20	71	UID662464	51	18	1	1
21	73	UID695039	51	18	1	1
20	72	UID695225	51	17	1	1
25	78	UID662290	50	20	1	1
27	82	UID695532	50	20	1	1
13	63	UID982236	50	11	1	1
8	57	UID982237	50	7	1	1
24	76	UID982238	50	20	1	1
22	75	UID982239	50	17	2	2
16	66	UID982240	50	14	1	1
14	62	UID694243	49	13	1	1
15	64	UID695092	49	13	1	1
14	63	UID695552	48	11	1	1
10	58	UID982243	48	8	1	1
14	62	UID982244	48	12	1	1
10	59	UID982245	48	7	1	1
28	79	UID658634	47	22	2	2
13	62	UID982246	47	9	1	1
21	71	UID982247	47	16	2	2
15	61	UID982248	47	14	2	2
3	49	UID982250	47	2	1	1
20	70	UID662281	46	15	1	1
10	56	UID982252	46	8	2	2
25	75	UID695975	45	20	2	2
21	69	UID657549	44	15	1	1
20	65	UID427382	43	16	1	1
15	57	UID982253	43	14	1	1
9	52	UID982254	43	7	1	1
23	68	UID982255	43	19	1	1
26	72	UID982258	43	21	2	2
17	60	UID695054	42	15	1	1
18	59	UID704895	42	17	2	2
11	53	UID982259	42	9	1	1
19	61	UID982260	42	17	2	2
13	54	UID662417	41	11	2	2
16	60	UID695367	41	11	1	1
8	48	UID982262	41	7	1	1
7	47	UID982263	40	5	1	1
18	56	UID657140	39	17	1	1
18	58	UID657523	39	15	1	1
23	64	UID662509	39	19	1	1
20	61	UID982264	39	16	1	1
9	52	UID982265	39	4	1	1
10	48	UID659271	38	8	1	1
15	60	UID662377	38	9	2	2
14	52	UID982267	38	12	2	2
16	54	UID658578	37	13	1	1
21	58	UID662477	37	19	1	1
14	51	UID694226	37	12	1	1
7	43	UID982269	37	6	1	1
9	45	UID982270	37	8	1	1
6	42	UID982271	37	5	1	1
23	61	UID982272	37	20	1	1
19	57	UID695525	36	15	2	2
7	43	UID982273	36	5	1	1
21	61	UID982274	36	16	2	2
10	47	UID982275	36	7	2	2
9	44	UID982276	35	7	1	1
9	43	UID982277	35	8	1	1
18	55	UID982278	35	14	1	1
6	41	UID982279	35	4	1	1
15	51	UID695563	34	11	1	1
9	43	UID695605	34	7	1	1
9	43	UID982280	34	7	1	1
3	36	UID982282	33	1	0	0
22	59	UID982283	33	16	2	2
16	49	UID795926	32	13	1	1
5	36	UID982284	32	4	1	1
15	47	UID982285	32	13	1	1
8	40	UID982286	32	6	1	1
15	48	UID694282	30	10	1	1
12	41	UID695005	30	11	1	1
9	38	UID982288	30	8	1	1
17	53	UID982290	30	10	1	1
7	36	UID982292	29	5	1	1
7	35	UID982293	29	6	1	1
3	31	UID982295	29	2	1	1
11	40	UID662411	28	8	1	1
17	48	UID695607	28	12	1	1
12	40	UID695861	28	10	1	1
8	35	UID982296	28	7	1	1
5	31	UID427418	27	4	1	1
8	34	UID694158	27	7	1	1
4	31	UID749727	27	2	1	1
4	30	UID982297	27	3	1	1
3	29	UID982298	27	2	1	1
9	37	UID982300	27	6	1	1
10	37	UID662380	26	7	1	1
7	35	UID695234	26	3	1	1
10	36	UID695356	26	8	1	1
8	33	UID982301	26	7	1	1
8	35	UID982302	26	5	1	1
8	33	UID982303	26	7	1	1
7	31	UID982304	25	6	1	1
10	35	UID695043	24	7	1	1
10	33	UID982308	24	9	1	1
12	36	UID748748	23	9	1	1
19	46	UID982312	23	13	1	1
3	25	UID982314	23	2	1	1
5	29	UID982316	23	2	1	1
3	24	UID982318	22	2	1	1
6	29	UID982319	22	3	2	2
10	33	UID606	21	6	1	1
12	32	UID662475	21	11	1	1
7	29	UID695206	21	5	1	1
2	22	UID967672	21	1	1	1
10	30	UID982323	21	9	1	1
4	24	UID982324	21	3	1	1
5	24	UID658577	20	4	1	1
8	27	UID982325	20	7	1	1
4	23	UID982326	20	3	1	1
6	25	UID982327	20	5	1	1
4	23	UID982328	20	3	1	1
6	26	UID982329	20	4	1	1
3	22	UID982331	20	2	1	1
6	25	UID982332	20	5	1	1
6	27	UID982333	20	4	2	2
3	22	UID982334	20	2	0	0
3	23	UID694251	19	1	1	1
2	20	UID700649	19	1	0	0
4	22	UID982335	19	3	1	1
12	32	UID656627	18	8	1	1
6	23	UID656959	18	5	1	1
5	23	UID660322	18	3	1	1
3	20	UID982338	18	2	0	0
4	21	UID982339	18	3	1	1
3	20	UID982340	18	2	1	1
5	22	UID982341	18	4	1	1
4	22	UID982344	18	2	1	1
6	23	UID982345	18	5	1	1
17	33	UID1	17	16	1	1
2	18	UID662289	17	1	1	1
9	25	UID662463	17	8	1	1
5	21	UID695826	17	4	1	1
1	17	UID982348	17	0	0	0
2	18	UID982349	17	1	0	0
5	21	UID982353	17	4	1	1
1	17	UID982354	17	0	0	0
6	22	UID694999	16	4	1	1
4	20	UID932815	16	2	1	1
4	19	UID982355	16	3	1	1
5	21	UID982357	16	3	1	1
6	21	UID982358	16	5	1	1
8	24	UID982359	16	6	1	1
6	21	UID982360	16	5	1	1
3	17	UID389738	15	2	1	1
5	20	UID694149	15	3	1	1
7	21	UID695205	15	6	1	1
6	22	UID982362	15	3	1	1
4	19	UID982363	15	2	0	0
9	26	UID982364	15	7	1	1
7	24	UID982365	15	5	2	2
3	17	UID982366	15	2	0	0
3	17	UID982369	15	2	1	1
6	21	UID982370	15	4	1	1
10	24	UID982371	15	9	1	1
5	19	UID982374	15	4	1	1
6	20	UID982375	15	5	1	1
5	22	UID982376	15	3	1	1
5	19	UID982378	14	3	2	2
6	19	UID982379	14	5	1	1
6	19	UID982380	14	5	1	1
4	17	UID982381	14	3	1	1
4	17	UID982386	14	3	1	1
3	16	UID982387	14	2	1	1
3	16	UID982388	14	2	1	1
7	20	UID982389	14	6	1	1
5	18	UID982391	14	4	1	1
3	16	UID982392	14	2	1	1
6	19	UID659159	13	4	1	1
7	20	UID695280	13	5	1	1
9	23	UID695983	13	6	1	1
3	16	UID982394	13	1	1	1
2	14	UID982396	13	1	0	0
7	20	UID982397	13	5	1	1
1	13	UID982398	13	0	0	0
3	15	UID982402	13	2	1	1
3	17	UID982404	13	1	1	1
6	18	UID982405	13	5	1	1
4	16	UID982406	13	3	1	1
4	17	UID982407	13	2	1	1
3	14	UID425380	12	2	1	1
4	16	UID662507	12	2	1	1
6	17	UID750315	12	5	1	1
2	13	UID982410	12	1	1	1
4	16	UID982411	12	2	1	1
4	16	UID982412	12	2	1	1
7	18	UID982414	12	6	1	1
7	19	UID982417	12	5	1	1
7	18	UID982418	12	6	1	1
2	13	UID982420	12	1	1	1
3	14	UID982421	12	2	1	1
1	11	UID982424	11	0	0	0
7	17	UID982425	11	6	2	2
2	12	UID982426	11	1	1	1
2	12	UID982427	11	1	1	1
2	13	UID982433	11	0	1	1
5	15	UID982434	11	4	2	2
3	13	UID982440	11	2	1	1
2	12	UID982441	11	1	0	0
3	13	UID982442	11	2	2	2
5	16	UID982443	11	3	1	1
4	15	UID982444	11	2	0	0
13	24	UID695817	10	10	1	1
1	10	UID982449	10	0	0	0
4	13	UID982450	10	3	1	1
5	15	UID982451	10	3	1	1
8	17	UID982452	10	7	1	1
4	13	UID982453	10	3	1	1
4	13	UID982454	10	3	1	1
1	10	UID982455	10	0	0	0
8	18	UID982456	10	6	1	1
3	13	UID982466	10	1	1	1
4	13	UID982467	10	3	1	1
6	16	UID982468	10	4	1	1
2	11	UID982469	10	1	1	1
3	11	UID656204	9	2	1	1
7	16	UID695594	9	5	1	1
1	9	UID906286	9	0	0	0
2	11	UID982470	9	0	1	1
4	12	UID982471	9	3	1	1
2	10	UID982473	9	1	1	1
1	9	UID982474	9	0	0	0
1	9	UID982477	9	0	0	0
2	10	UID982478	9	1	1	1
2	10	UID982480	9	1	0	0
5	13	UID982481	9	4	1	1
2	10	UID982482	9	1	0	0
4	12	UID982483	9	3	1	1
2	10	UID982485	9	1	1	1
2	10	UID982486	9	1	1	1
2	10	UID982488	9	1	1	1
3	12	UID982489	9	1	1	1
3	10	UID658601	8	2	1	1
1	8	UID982492	8	0	0	0
3	10	UID982505	8	2	1	1
5	13	UID982507	8	3	1	1
2	9	UID982508	8	1	0	0
1	8	UID982510	8	0	0	0
1	8	UID982511	8	0	0	0
3	9	UID694239	7	2	1	1
2	8	UID695201	7	1	0	0
1	7	UID695246	7	0	0	0
1	7	UID982516	7	0	0	0
1	7	UID982517	7	0	0	0
4	10	UID982518	7	3	1	1
1	7	UID982520	7	0	0	0
1	7	UID982521	7	0	0	0
2	8	UID982523	7	1	0	0
2	8	UID982524	7	1	1	1
5	12	UID982525	7	3	1	1
6	12	UID982532	7	5	1	1
1	7	UID982533	7	0	0	0
4	10	UID982534	7	3	1	1
1	7	UID982535	7	0	0	0
2	7	UID662387	6	1	1	1
1	6	UID700349	6	0	0	0
4	9	UID982536	6	3	1	1
2	7	UID982537	6	1	1	1
2	8	UID982539	6	0	1	1
1	6	UID982540	6	0	0	0
2	7	UID982541	6	1	1	1
2	7	UID982542	6	1	1	1
3	8	UID982543	6	2	1	1
2	7	UID982544	6	1	1	1
4	9	UID982545	6	3	1	1
1	6	UID982546	6	0	0	0
1	6	UID982549	6	0	0	0
3	9	UID982560	6	1	1	1
5	10	UID982561	6	4	1	1
1	6	UID982562	6	0	0	0
1	6	UID982563	6	0	0	0
2	8	UID982564	6	0	1	1
1	6	UID982565	6	0	0	0
1	6	UID982566	6	0	0	0
2	7	UID982567	6	1	1	1
6	12	UID982568	6	4	1	1
4	9	UID982569	6	3	1	1
5	11	UID982570	6	3	1	1
1	6	UID982581	6	0	0	0
2	8	UID982583	6	0	0	0
2	7	UID982584	6	1	1	1
3	8	UID982585	6	2	1	1
1	6	UID982593	6	0	0	0
8	13	UID695220	5	6	1	1
3	7	UID696107	5	2	1	1
1	5	UID982598	5	0	0	0
7	12	UID982599	5	5	1	1
1	5	UID982600	5	0	0	0
1	5	UID982601	5	0	0	0
2	6	UID982605	5	1	1	1
2	6	UID982606	5	1	0	0
3	8	UID982611	5	1	1	1
3	7	UID982612	5	2	0	0
3	7	UID982627	5	2	1	1
3	7	UID982628	5	2	0	0
4	8	UID982629	5	3	1	1
2	6	UID982631	5	1	1	1
1	5	UID982633	5	0	0	0
3	7	UID982634	5	2	1	1
3	7	UID982644	5	2	1	1
1	5	UID982645	5	0	0	0
3	7	UID982647	5	2	1	1
1	5	UID982649	5	0	0	0
2	6	UID982650	5	1	1	1
1	5	UID982651	5	0	0	0
3	7	UID982652	5	2	0	0
1	5	UID982653	5	0	0	0
4	8	UID982654	5	3	1	1
1	5	UID982657	5	0	0	0
2	6	UID982658	5	1	0	0
2	6	UID982659	5	1	0	0
2	6	UID982662	5	1	0	0
1	5	UID982663	5	0	0	0
1	4	UID982676	4	0	0	0
1	4	UID982677	4	0	0	0
1	4	UID982678	4	0	0	0
1	4	UID982681	4	0	0	0
1	4	UID982682	4	0	0	0
3	6	UID982684	4	2	1	1
1	4	UID982687	4	0	0	0
2	5	UID982688	4	1	0	0
1	4	UID982690	4	0	0	0
1	4	UID982691	4	0	0	0
1	4	UID982694	4	0	0	0
1	4	UID982695	4	0	0	0
1	4	UID982696	4	0	0	0
3	6	UID982698	4	2	1	1
1	4	UID982700	4	0	0	0
1	4	UID982728	4	0	0	0
1	4	UID982729	4	0	0	0
1	4	UID982731	4	0	0	0
4	7	UID982732	4	3	1	1
2	6	UID982733	4	0	1	1
2	5	UID982734	4	1	1	1
2	5	UID982737	4	1	0	0
2	5	UID982738	4	1	1	1
1	4	UID982741	4	0	0	0
2	5	UID982757	4	1	1	1
1	4	UID982761	4	0	0	0
2	5	UID982762	4	1	1	1
3	7	UID982763	4	1	1	1
2	5	UID982764	4	1	0	0
1	4	UID982769	4	0	0	0
1	4	UID982771	4	0	0	0
1	4	UID982773	4	0	0	0
2	5	UID982774	4	1	0	0
1	4	UID982775	4	0	0	0
1	4	UID982776	4	0	0	0
4	7	UID982777	4	3	1	1
1	4	UID982779	4	0	0	0
1	4	UID982780	4	0	0	0
2	6	UID982781	4	0	1	1
2	5	UID982784	4	1	1	1
1	4	UID982785	4	0	0	0
2	5	UID982787	4	1	1	1
2	4	UID126312	3	1	1	1
2	4	UID133006	3	1	1	1
5	7	UID608	3	4	1	1
2	4	UID90	3	1	0	0
1	3	UID982792	3	0	0	0
1	3	UID982793	3	0	0	0
1	3	UID982795	3	0	0	0
1	3	UID982802	3	0	0	0
1	3	UID982803	3	0	0	0
1	3	UID982804	3	0	0	0
1	3	UID982805	3	0	0	0
1	3	UID982806	3	0	0	0
1	3	UID982807	3	0	0	0
1	3	UID982809	3	0	0	0
2	5	UID982815	3	0	0	0
1	3	UID982817	3	0	0	0
1	3	UID982818	3	0	0	0
1	3	UID982819	3	0	0	0
3	7	UID982820	3	1	1	1
1	3	UID982822	3	0	0	0
1	3	UID982823	3	0	0	0
1	3	UID982824	3	0	0	0
1	3	UID982825	3	0	0	0
2	4	UID982827	3	1	1	1
2	4	UID982828	3	1	1	1
1	3	UID982833	3	0	0	0
1	3	UID982834	3	0	0	0
1	3	UID982835	3	0	0	0
1	3	UID982836	3	0	0	0
1	3	UID982837	3	0	0	0
2	4	UID982840	3	1	0	0
1	3	UID982841	3	0	0	0
1	3	UID982842	3	0	0	0
1	3	UID982843	3	0	0	0
1	3	UID982844	3	0	0	0
1	3	UID982845	3	0	0	0
1	3	UID982846	3	0	0	0
1	3	UID982847	3	0	0	0
1	3	UID982848	3	0	0	0
1	3	UID982850	3	0	0	0
1	3	UID982852	3	0	0	0
1	3	UID982853	3	0	0	0
1	3	UID982855	3	0	0	0
1	3	UID982856	3	0	0	0
1	3	UID982857	3	0	0	0
1	3	UID982861	3	0	0	0
1	3	UID982864	3	0	0	0
1	3	UID982865	3	0	0	0
1	3	UID982867	3	0	0	0
1	3	UID982868	3	0	0	0
1	3	UID982870	3	0	0	0
1	3	UID982871	3	0	0	0
1	3	UID982873	3	0	0	0
1	3	UID982874	3	0	0	0
6	9	UID982875	3	4	1	1
1	3	UID982878	3	0	0	0
1	3	UID982917	3	0	0	0
1	3	UID982919	3	0	0	0
1	3	UID982921	3	0	0	0
2	4	UID982922	3	1	0	0
1	3	UID982925	3	0	0	0
1	3	UID982927	3	0	0	0
1	3	UID982928	3	0	0	0
1	3	UID982931	3	0	0	0
1	3	UID982932	3	0	0	0
1	3	UID982933	3	0	0	0
1	3	UID982934	3	0	0	0
2	4	UID982936	3	1	1	1
1	3	UID982937	3	0	0	0
1	3	UID982938	3	0	0	0
1	3	UID982939	3	0	0	0
1	3	UID982941	3	0	0	0
1	3	UID982943	3	0	0	0
1	3	UID982944	3	0	0	0
1	3	UID982946	3	0	0	0
2	4	UID982950	3	1	1	1
1	3	UID982970	3	0	0	0
2	4	UID982971	3	1	1	1
1	3	UID982976	3	0	0	0
1	3	UID982977	3	0	0	0
1	3	UID982979	3	0	0	0
1	3	UID982980	3	0	0	0
1	3	UID982981	3	0	0	0
2	5	UID982983	3	0	1	1
1	3	UID982984	3	0	0	0
3	5	UID982985	3	2	1	1
1	3	UID982986	3	0	0	0
1	3	UID982987	3	0	0	0
1	3	UID982988	3	0	0	0
1	3	UID982989	3	0	0	0
1	3	UID982991	3	0	0	0
1	3	UID982996	3	0	0	0
1	3	UID982997	3	0	0	0
3	5	UID982998	3	2	1	1
1	3	UID982999	3	0	0	0
1	3	UID983000	3	0	0	0
1	3	UID983001	3	0	0	0
1	3	UID983003	3	0	0	0
1	3	UID983005	3	0	0	0
1	3	UID983006	3	0	0	0
1	3	UID983007	3	0	0	0
1	3	UID983008	3	0	0	0
3	5	UID983010	3	2	2	2
1	3	UID983012	3	0	0	0
1	3	UID983013	3	0	0	0
1	3	UID983014	3	0	0	0
1	3	UID983015	3	0	0	0
1	3	UID983016	3	0	0	0
1	3	UID983017	3	0	0	0
1	3	UID983018	3	0	0	0
1	3	UID983020	3	0	0	0
1	3	UID983021	3	0	0	0
1	3	UID983025	3	0	0	0
1	3	UID983026	3	0	0	0
1	3	UID983028	3	0	0	0
1	3	UID983029	3	0	0	0
1	3	UID983030	3	0	0	0
2	4	UID983031	3	1	1	1
1	3	UID983033	3	0	0	0
1	3	UID983034	3	0	0	0
1	3	UID983036	3	0	0	0
1	3	UID983041	3	0	0	0
1	3	UID983042	3	0	0	0
1	3	UID983043	3	0	0	0
1	3	UID983044	3	0	0	0
1	3	UID983046	3	0	0	0
1	3	UID983048	3	0	0	0
1	3	UID983054	3	0	0	0
1	3	UID983055	3	0	0	0
1	3	UID983056	3	0	0	0
1	3	UID983059	3	0	0	0
1	3	UID983060	3	0	0	0
1	3	UID983062	3	0	0	0
1	3	UID983063	3	0	0	0
1	3	UID983068	3	0	0	0
1	3	UID983069	3	0	0	0
2	5	UID983071	3	0	0	0
4	5	UID174677	2	3	1	1
5	6	UID239336	2	4	1	1
1	2	UID2	2	0	0	0
3	4	UID660513	2	2	1	1
1	2	UID956629	2	0	0	0
1	2	UID983090	2	0	0	0
2	3	UID983097	2	1	1	1
3	4	UID983098	2	2	1	1
1	2	UID983105	2	0	0	0
2	3	UID983106	2	1	1	1
2	3	UID983117	2	1	1	1
2	3	UID983119	2	1	1	1
1	2	UID983123	2	0	0	0
2	3	UID983134	2	1	1	1
1	2	UID983136	2	0	0	0
3	4	UID983171	2	2	1	1
1	2	UID983172	2	0	0	0
1	2	UID983175	2	0	0	0
1	2	UID983192	2	0	0	0
1	2	UID983193	2	0	0	0
1	2	UID983197	2	0	0	0
1	2	UID983199	2	0	0	0
1	2	UID983204	2	0	0	0
1	2	UID983206	2	0	0	0
3	4	UID983214	2	2	1	1
1	2	UID983216	2	0	0	0
1	2	UID983225	2	0	0	0
2	3	UID983229	2	1	1	1
1	2	UID983241	2	0	0	0
1	2	UID983244	2	0	0	0
2	3	UID983249	2	1	1	1
2	3	UID983253	2	1	1	1
1	2	UID983261	2	0	0	0
1	2	UID983269	2	0	0	0
1	2	UID983272	2	0	0	0
1	2	UID983273	2	0	0	0
1	2	UID983286	2	0	0	0
2	3	UID983289	2	1	1	1
2	3	UID983291	2	1	1	1
1	2	UID983297	2	0	0	0
1	2	UID983301	2	0	0	0
1	2	UID983302	2	0	0	0
3	4	UID983303	2	2	1	1
1	2	UID983304	2	0	0	0
3	4	UID983305	2	2	1	1
1	2	UID983319	2	0	0	0
1	2	UID983320	2	0	0	0
1	2	UID983323	2	0	0	0
1	2	UID983331	2	0	0	0
1	2	UID983343	2	0	0	0
2	3	UID983344	2	1	1	1
5	7	UID983352	2	3	1	1
2	3	UID983357	2	1	1	1
1	2	UID983358	2	0	0	0
1	2	UID983361	2	0	0	0
2	3	UID983362	2	1	1	1
2	3	UID983371	2	1	1	1
3	5	UID983380	2	1	1	1
1	2	UID983401	2	0	0	0
1	2	UID983416	2	0	0	0
2	3	UID983419	2	1	1	1
1	2	UID983424	2	0	0	0
2	3	UID983428	2	1	1	1
2	3	UID983441	2	1	1	1
1	2	UID983444	2	0	0	0
1	2	UID983454	2	0	0	0
1	2	UID983469	2	0	0	0
1	2	UID983544	2	0	0	0
2	3	UID983582	2	1	1	1
2	3	UID983590	2	1	1	1
1	2	UID983593	2	0	0	0
1	2	UID983599	2	0	0	0
2	3	UID983611	2	1	1	1
1	2	UID983628	2	0	0	0
2	4	UID983642	2	0	1	1
4	5	UID983708	2	3	2	2
2	3	UID983735	2	1	1	1
1	2	UID983755	2	0	0	0
1	2	UID983760	2	0	0	0
1	2	UID983767	2	0	0	0
2	3	UID983771	2	1	1	1
2	3	UID983787	2	1	1	1
1	2	UID983814	2	0	0	0
1	2	UID983823	2	0	0	0
1	2	UID983830	2	0	0	0
2	3	UID983831	2	1	1	1
1	2	UID983832	2	0	0	0
1	2	UID983840	2	0	0	0
1	2	UID983841	2	0	0	0
2	3	UID983849	2	1	1	1
1	2	UID983853	2	0	0	0
4	5	UID983860	2	3	2	2
1	2	UID983867	2	0	0	0
1	2	UID983872	2	0	0	0
1	2	UID983873	2	0	0	0
1	2	UID983903	2	0	0	0
1	2	UID983912	2	0	0	0
1	2	UID983916	2	0	0	0
1	2	UID983920	2	0	0	0
1	2	UID983922	2	0	0	0
1	2	UID983952	2	0	0	0
1	2	UID983953	2	0	0	0
1	2	UID983976	2	0	0	0
1	2	UID983986	2	0	0	0
1	2	UID983994	2	0	0	0
1	2	UID984000	2	0	0	0
3	4	UID984005	2	2	1	1
1	2	UID984009	2	0	0	0
1	2	UID984012	2	0	0	0
1	2	UID984013	2	0	0	0
2	3	UID984016	2	1	1	1
2	3	UID984024	2	1	1	1
1	2	UID984026	2	0	0	0
1	2	UID984031	2	0	0	0
1	2	UID984037	2	0	0	0
2	3	UID984045	2	1	1	1
1	2	UID984050	2	0	0	0
1	2	UID984053	2	0	0	0
1	2	UID984054	2	0	0	0
1	2	UID984061	2	0	0	0
1	2	UID984062	2	0	0	0
1	2	UID984086	2	0	0	0
2	3	UID984114	2	1	1	1
1	2	UID984118	2	0	0	0
1	2	UID984120	2	0	0	0
1	2	UID984121	2	0	0	0
1	2	UID984122	2	0	0	0
1	1	UID1001	1	1	0	0
1	1	UID1009	1	1	0	0
2	2	UID10870	1	2	1	1
1	1	UID126737	1	1	0	0
1	1	UID13795	1	1	0	0
2	2	UID193540	1	2	1	1
1	1	UID199713	1	1	0	0
5	5	UID20596	1	5	1	1
1	1	UID23914	1	1	0	0
1	1	UID271887	1	1	0	0
1	1	UID284585	1	1	0	0
1	1	UID448	1	1	0	0
1	1	UID57473	1	1	0	0
2	2	UID656071	1	2	1	1
1	1	UID66430	1	1	0	0
4	4	UID67639	1	4	1	1
1	1	UID78681	1	1	0	0
1	1	UID857967	1	1	0	0
1	1	UID902798	1	1	0	0
1	1	UID919789	1	1	0	0
1	1	UID934755	1	1	0	0
1	1	UID955277	1	1	0	0
1	1	UID984123	1	1	0	0
1	1	UID984124	1	1	0	0
1	1	UID984125	1	1	0	0
1	1	UID984126	1	1	0	0
1	1	UID984127	1	1	0	0
1	1	UID984128	1	1	0	0
1	1	UID984130	1	1	0	0
1	1	UID984131	1	1	0	0
1	1	UID984133	1	1	0	0
1	1	UID984135	1	1	0	0
1	1	UID984137	1	1	0	0
1	1	UID984138	1	1	0	0
1	1	UID984140	1	1	0	0
1	1	UID984141	1	1	0	0
1	1	UID984144	1	1	0	0
1	1	UID984153	1	1	0	0
1	1	UID984160	1	1	0	0
1	1	UID984163	1	1	0	0
1	1	UID984164	1	1	0	0
1	1	UID984167	1	1	0	0
1	1	UID984171	1	1	0	0
1	1	UID984172	1	1	0	0
1	1	UID984173	1	1	0	0
1	1	UID984175	1	1	0	0
1	1	UID984176	1	1	0	0
1	1	UID984177	1	1	0	0
1	1	UID984187	1	1	0	0
1	1	UID984188	1	1	0	0
1	1	UID984189	1	1	0	0
1	1	UID984192	1	1	0	0
1	1	UID984194	1	1	0	0
1	1	UID984195	1	1	0	0
1	1	UID984196	1	1	0	0
1	1	UID984197	1	1	0	0
1	1	UID984198	1	1	0	0
1	1	UID984200	1	1	0	0
1	1	UID984201	1	1	0	0
1	1	UID984203	1	1	0	0
1	1	UID984204	1	1	0	0
1	1	UID984205	1	1	0	0
1	1	UID984206	1	1	0	0
1	1	UID984208	1	1	0	0
1	1	UID984215	1	1	0	0
1	1	UID984216	1	1	0	0
1	1	UID984217	1	1	0	0
1	1	UID984218	1	1	0	0
1	1	UID984219	1	1	0	0
1	1	UID984222	1	1	0	0
1	1	UID984225	1	1	0	0
1	1	UID984230	1	1	0	0
1	1	UID984236	1	1	0	0
1	1	UID984237	1	1	0	0
1	1	UID984238	1	1	0	0
1	1	UID984240	1	1	0	0
1	1	UID984255	1	1	0	0
1	1	UID984273	1	1	0	0
1	1	UID984278	1	1	0	0
1	1	UID984280	1	1	0	0
1	1	UID984281	1	1	0	0
1	1	UID984282	1	1	0	0
1	1	UID984283	1	1	0	0
1	1	UID984284	1	1	0	0
1	1	UID984285	1	1	0	0
1	1	UID984286	1	1	0	0
1	1	UID984287	1	1	0	0
1	1	UID984288	1	1	0	0
1	1	UID984289	1	1	0	0
1	1	UID984290	1	1	0	0
1	1	UID984291	1	1	0	0
1	1	UID984292	1	1	0	0
1	1	UID984293	1	1	0	0
1	1	UID984294	1	1	0	0
1	1	UID984295	1	1	0	0
1	1	UID984301	1	1	0	0
1	1	UID984304	1	1	0	0
1	1	UID984306	1	1	0	0
1	1	UID984307	1	1	0	0
1	1	UID984311	1	1	0	0
1	1	UID984312	1	1	0	0
1	1	UID984313	1	1	0	0
1	1	UID984315	1	1	0	0
1	1	UID984316	1	1	0	0
1	1	UID984318	1	1	0	0
1	1	UID984319	1	1	0	0
1	1	UID984320	1	1	0	0
1	1	UID984321	1	1	0	0
1	1	UID984323	1	1	0	0
1	1	UID984324	1	1	0	0
1	1	UID984325	1	1	0	0
1	1	UID984326	1	1	0	0
1	1	UID984327	1	1	0	0
1	1	UID984328	1	1	0	0
1	1	UID984329	1	1	0	0
1	1	UID984330	1	1	0	0
1	1	UID984331	1	1	0	0
1	1	UID984332	1	1	0	0
1	1	UID984333	1	1	0	0
1	1	UID984334	1	1	0	0
1	1	UID984336	1	1	0	0
1	1	UID984337	1	1	0	0
1	1	UID984338	1	1	0	0
1	1	UID984339	1	1	0	0
1	1	UID984340	1	1	0	0
1	1	UID984341	1	1	0	0
1	1	UID984342	1	1	0	0
1	1	UID984344	1	1	0	0
1	1	UID984345	1	1	0	0
1	1	UID984346	1	1	0	0
1	1	UID984349	1	1	0	0
1	1	UID984351	1	1	0	0
1	1	UID984353	1	1	0	0
1	1	UID984354	1	1	0	0
1	1	UID984355	1	1	0	0
1	1	UID984362	1	1	0	0
1	1	UID984381	1	1	0	0
1	1	UID984382	1	1	0	0
1	1	UID984385	1	1	0	0
1	1	UID984390	1	1	0	0
1	1	UID984395	1	1	0	0
1	1	UID984398	1	1	0	0
1	1	UID984401	1	1	0	0
1	1	UID984402	1	1	0	0
1	1	UID984403	1	1	0	0
1	1	UID984404	1	1	0	0
1	1	UID984405	1	1	0	0
1	1	UID984406	1	1	0	0
1	1	UID984407	1	1	0	0
1	1	UID984408	1	1	0	0
1	1	UID984409	1	1	0	0
1	1	UID984410	1	1	0	0
1	1	UID984411	1	1	0	0
1	1	UID984412	1	1	0	0
1	1	UID984413	1	1	0	0
1	1	UID984414	1	1	0	0
1	1	UID984415	1	1	0	0
1	1	UID984416	1	1	0	0
1	1	UID984418	1	1	0	0
1	1	UID984419	1	1	0	0
1	1	UID984421	1	1	0	0
1	1	UID984423	1	1	0	0
1	1	UID984425	1	1	0	0
1	1	UID984426	1	1	0	0
1	1	UID984427	1	1	0	0
1	1	UID984428	1	1	0	0
1	1	UID984430	1	1	0	0
1	1	UID984431	1	1	0	0
1	1	UID984436	1	1	0	0
1	1	UID984443	1	1	0	0
1	1	UID984459	1	1	0	0
1	1	UID984467	1	1	0	0
1	1	UID984474	1	1	0	0
1	1	UID984486	1	1	0	0
1	1	UID984488	1	1	0	0
1	1	UID984491	1	1	0	0
1	1	UID984496	1	1	0	0
1	1	UID984500	1	1	0	0
1	1	UID984501	1	1	0	0
1	1	UID984503	1	1	0	0
1	1	UID984505	1	1	0	0
1	1	UID984506	1	1	0	0
1	1	UID984507	1	1	0	0
1	1	UID984508	1	1	0	0
1	1	UID984509	1	1	0	0
1	1	UID984510	1	1	0	0
1	1	UID984511	1	1	0	0
1	1	UID984512	1	1	0	0
1	1	UID984513	1	1	0	0
1	1	UID984514	1	1	0	0
1	1	UID984515	1	1	0	0
1	1	UID984516	1	1	0	0
1	1	UID984517	1	1	0	0
1	1	UID984519	1	1	0	0
1	1	UID984520	1	1	0	0
1	1	UID984521	1	1	0	0
1	1	UID984522	1	1	0	0
1	1	UID984523	1	1	0	0
1	1	UID984524	1	1	0	0
1	1	UID984525	1	1	0	0
1	1	UID984526	1	1	0	0
1	1	UID984527	1	1	0	0
1	1	UID984532	1	1	0	0
1	1	UID984533	1	1	0	0
1	1	UID984535	1	1	0	0
1	1	UID984537	1	1	0	0
1	1	UID984538	1	1	0	0
1	1	UID984540	1	1	0	0
1	1	UID984542	1	1	0	0
1	1	UID984543	1	1	0	0
1	1	UID984544	1	1	0	0
1	1	UID984545	1	1	0	0
1	1	UID984546	1	1	0	0
1	1	UID984547	1	1	0	0
1	1	UID984550	1	1	0	0
1	1	UID984551	1	1	0	0
1	1	UID984552	1	1	0	0
1	1	UID984554	1	1	0	0
1	1	UID984557	1	1	0	0
1	1	UID984558	1	1	0	0
1	1	UID984559	1	1	0	0
1	1	UID984561	1	1	0	0
1	1	UID984568	1	1	0	0
1	1	UID984571	1	1	0	0
1	1	UID984573	1	1	0	0
1	1	UID984579	1	1	0	0
1	1	UID984600	1	1	0	0
1	1	UID984601	1	1	0	0
1	1	UID984606	1	1	0	0
1	1	UID984612	1	1	0	0
1	1	UID984614	1	1	0	0
1	1	UID984622	1	1	0	0
1	1	UID984623	1	1	0	0
1	1	UID984624	1	1	0	0
1	1	UID984625	1	1	0	0
1	1	UID984626	1	1	0	0
1	1	UID984631	1	1	0	0
1	1	UID984632	1	1	0	0
1	1	UID984636	1	1	0	0
1	1	UID984638	1	1	0	0
1	1	UID984639	1	1	0	0
1	1	UID984641	1	1	0	0
1	1	UID984642	1	1	0	0
1	1	UID984643	1	1	0	0
1	1	UID984644	1	1	0	0
1	1	UID984645	1	1	0	0
1	1	UID984646	1	1	0	0
1	1	UID984647	1	1	0	0
1	1	UID984649	1	1	0	0
1	1	UID984650	1	1	0	0
1	1	UID984651	1	1	0	0
1	1	UID984652	1	1	0	0
1	1	UID984653	1	1	0	0
1	1	UID984654	1	1	0	0
1	1	UID984656	1	1	0	0
1	1	UID984658	1	1	0	0
1	1	UID984660	1	1	0	0
1	1	UID984661	1	1	0	0
1	1	UID984662	1	1	0	0
1	1	UID984663	1	1	0	0
1	1	UID984672	1	1	0	0
1	1	UID984673	1	1	0	0
1	1	UID984674	1	1	0	0
1	1	UID984675	1	1	0	0
1	1	UID984676	1	1	0	0
1	1	UID984678	1	1	0	0
1	1	UID984682	1	1	0	0
1	1	UID984683	1	1	0	0
1	1	UID984685	1	1	0	0
1	1	UID984687	1	1	0	0
1	1	UID984688	1	1	0	0
1	1	UID984689	1	1	0	0
1	1	UID984690	1	1	0	0
1	1	UID984691	1	1	0	0
1	1	UID984692	1	1	0	0
1	1	UID984693	1	1	0	0
1	1	UID984695	1	1	0	0
1	1	UID984696	1	1	0	0
1	1	UID984701	1	1	0	0
1	1	UID984704	1	1	0	0
1	1	UID984705	1	1	0	0
1	1	UID984707	1	1	0	0
1	1	UID984712	1	1	0	0
1	1	UID984716	1	1	0	0
1	1	UID984720	1	1	0	0
1	1	UID984731	1	1	0	0
1	1	UID984740	1	1	0	0
1	1	UID984742	1	1	0	0
1	1	UID984747	1	1	0	0
1	1	UID984749	1	1	0	0
1	1	UID984750	1	1	0	0
1	1	UID984754	1	1	0	0
1	1	UID984755	1	1	0	0
1	1	UID984759	1	1	0	0
1	1	UID984763	1	1	0	0
1	1	UID984764	1	1	0	0
1	1	UID984765	1	1	0	0
1	1	UID984766	1	1	0	0
1	1	UID984767	1	1	0	0
1	1	UID984768	1	1	0	0
1	1	UID984770	1	1	0	0
1	1	UID984771	1	1	0	0
1	1	UID984772	1	1	0	0
1	1	UID984773	1	1	0	0
1	1	UID984774	1	1	0	0
1	1	UID984775	1	1	0	0
1	1	UID984777	1	1	0	0
1	1	UID984778	1	1	0	0
1	1	UID984779	1	1	0	0
1	1	UID984780	1	1	0	0
1	1	UID984781	1	1	0	0
1	1	UID984782	1	1	0	0
1	1	UID984783	1	1	0	0
1	1	UID984784	1	1	0	0
1	1	UID984785	1	1	0	0
1	1	UID984786	1	1	0	0
1	1	UID984788	1	1	0	0
1	1	UID984789	1	1	0	0
1	1	UID984790	1	1	0	0
1	1	UID984791	1	1	0	0
1	1	UID984792	1	1	0	0
1	1	UID984793	1	1	0	0
1	1	UID984794	1	1	0	0
1	1	UID984795	1	1	0	0
1	1	UID984796	1	1	0	0
1	1	UID984798	1	1	0	0
1	1	UID984799	1	1	0	0
1	1	UID984800	1	1	0	0
1	1	UID984803	1	1	0	0
1	1	UID984808	1	1	0	0
1	1	UID984809	1	1	0	0
1	1	UID984810	1	1	0	0
1	1	UID984811	1	1	0	0
1	1	UID984813	1	1	0	0
1	1	UID984820	1	1	0	0
1	1	UID984822	1	1	0	0
1	1	UID984828	1	1	0	0
1	1	UID984835	1	1	0	0
1	1	UID984844	1	1	0	0
1	1	UID984847	1	1	0	0
1	1	UID984848	1	1	0	0
1	1	UID984851	1	1	0	0
1	1	UID984852	1	1	0	0
1	1	UID984854	1	1	0	0
1	1	UID984855	1	1	0	0
1	1	UID984856	1	1	0	0
1	1	UID984857	1	1	0	0
1	1	UID984858	1	1	0	0
1	1	UID984861	1	1	0	0
1	1	UID984862	1	1	0	0
1	1	UID984863	1	1	0	0
1	1	UID984864	1	1	0	0
1	1	UID984865	1	1	0	0
1	1	UID984866	1	1	0	0
1	1	UID984867	1	1	0	0
1	1	UID984868	1	1	0	0
1	1	UID984872	1	1	0	0
1	1	UID984873	1	1	0	0
1	1	UID984874	1	1	0	0
1	1	UID984876	1	1	0	0
1	1	UID984878	1	1	0	0
1	1	UID984879	1	1	0	0
1	1	UID984880	1	1	0	0
1	1	UID984881	1	1	0	0
1	1	UID984883	1	1	0	0
1	1	UID984884	1	1	0	0
1	1	UID984885	1	1	0	0
1	1	UID984886	1	1	0	0
1	1	UID984890	1	1	0	0
1	1	UID984892	1	1	0	0
1	1	UID984894	1	1	0	0
1	1	UID984898	1	1	0	0
1	1	UID984921	1	1	0	0
1	1	UID984922	1	1	0	0
1	1	UID984924	1	1	0	0
1	1	UID984925	1	1	0	0
1	1	UID984926	1	1	0	0
1	1	UID984945	1	1	0	0
1	1	UID984948	1	1	0	0
1	1	UID984955	1	1	0	0
1	1	UID984958	1	1	0	0
1	1	UID984974	1	1	0	0
1	1	UID984983	1	1	0	0
1	1	UID984984	1	1	0	0
1	1	UID984985	1	1	0	0
1	1	UID984986	1	1	0	0
1	1	UID984989	1	1	0	0
1	1	UID984990	1	1	0	0
1	1	UID984993	1	1	0	0
1	1	UID984995	1	1	0	0
1	1	UID984996	1	1	0	0
1	1	UID984997	1	1	0	0
1	1	UID984998	1	1	0	0
1	1	UID984999	1	1	0	0
1	1	UID985000	1	1	0	0
1	1	UID985001	1	1	0	0
1	1	UID985005	1	1	0	0
1	1	UID985006	1	1	0	0
1	1	UID985011	1	1	0	0
1	1	UID985012	1	1	0	0
1	1	UID985013	1	1	0	0
1	1	UID985014	1	1	0	0
1	1	UID985017	1	1	0	0
1	1	UID985019	1	1	0	0
1	1	UID985032	1	1	0	0
1	1	UID985052	1	1	0	0
1	1	UID985056	1	1	0	0
1	1	UID985057	1	1	0	0
1	1	UID985060	1	1	0	0
1	1	UID985061	1	1	0	0
1	1	UID985065	1	1	0	0
1	1	UID985068	1	1	0	0
1	1	UID985069	1	1	0	0
1	1	UID985070	1	1	0	0
1	1	UID985072	1	1	0	0
1	1	UID985075	1	1	0	0
1	1	UID985076	1	1	0	0
1	1	UID985078	1	1	0	0
1	1	UID985081	1	1	0	0
1	1	UID985083	1	1	0	0
1	1	UID985085	1	1	0	0
1	1	UID985086	1	1	0	0
1	1	UID985087	1	1	0	0
1	1	UID985088	1	1	0	0
1	1	UID985089	1	1	0	0
1	1	UID985090	1	1	0	0
1	1	UID985092	1	1	0	0
1	1	UID985093	1	1	0	0
1	1	UID985094	1	1	0	0
1	1	UID985095	1	1	0	0
1	1	UID985096	1	1	0	0
1	1	UID985100	1	1	0	0
1	1	UID985103	1	1	0	0
1	1	UID985107	1	1	0	0
1	1	UID985108	1	1	0	0
1	1	UID985109	1	1	0	0
1	1	UID985111	1	1	0	0
1	1	UID985115	1	1	0	0
1	1	UID985116	1	1	0	0
1	1	UID985118	1	1	0	0
1	1	UID985119	1	1	0	0
1	1	UID985123	1	1	0	0
1	1	UID985124	1	1	0	0
1	1	UID985125	1	1	0	0
1	1	UID985129	1	1	0	0
1	1	UID985131	1	1	0	0
1	1	UID985154	1	1	0	0
1	1	UID985155	1	1	0	0
1	1	UID985157	1	1	0	0
1	1	UID985174	1	1	0	0
1	1	UID985175	1	1	0	0
1	1	UID985183	1	1	0	0
1	1	UID985185	1	1	0	0
1	1	UID985189	1	1	0	0
1	1	UID985191	1	1	0	0
1	1	UID985196	1	1	0	0
1	1	UID985197	1	1	0	0
1	1	UID985198	1	1	0	0
1	1	UID985199	1	1	0	0
1	1	UID985200	1	1	0	0
1	1	UID985201	1	1	0	0
1	1	UID985203	1	1	0	0
1	1	UID985204	1	1	0	0
1	1	UID985205	1	1	0	0
1	1	UID985206	1	1	0	0
1	1	UID985211	1	1	0	0
1	1	UID985212	1	1	0	0
1	1	UID985213	1	1	0	0
1	1	UID985214	1	1	0	0
1	1	UID985215	1	1	0	0
1	1	UID985216	1	1	0	0
1	1	UID985217	1	1	0	0
1	1	UID985218	1	1	0	0
1	1	UID985219	1	1	0	0
1	1	UID985223	1	1	0	0
1	1	UID985225	1	1	0	0
1	1	UID985229	1	1	0	0
1	1	UID985230	1	1	0	0
1	1	UID985231	1	1	0	0
1	1	UID985234	1	1	0	0
1	1	UID985236	1	1	0	0
1	1	UID985238	1	1	0	0
1	1	UID985241	1	1	0	0
1	1	UID985243	1	1	0	0
1	1	UID985244	1	1	0	0
1	1	UID985247	1	1	0	0
1	1	UID985249	1	1	0	0
1	1	UID985250	1	1	0	0
1	1	UID985251	1	1	0	0
1	1	UID985252	1	1	0	0
1	1	UID985253	1	1	0	0
1	1	UID985254	1	1	0	0
1	1	UID985258	1	1	0	0
1	1	UID985263	1	1	0	0
1	1	UID985264	1	1	0	0
1	1	UID985265	1	1	0	0
1	1	UID985267	1	1	0	0
1	1	UID985268	1	1	0	0
1	1	UID985269	1	1	0	0
1	1	UID985270	1	1	0	0
1	1	UID985271	1	1	0	0
1	1	UID985272	1	1	0	0
1	1	UID985273	1	1	0	0
1	1	UID985274	1	1	0	0
1	1	UID985277	1	1	0	0
1	1	UID985278	1	1	0	0
1	1	UID985279	1	1	0	0
1	1	UID985283	1	1	0	0
1	1	UID985287	1	1	0	0
1	1	UID985291	1	1	0	0
1	1	UID985292	1	1	0	0
1	1	UID985296	1	1	0	0
1	1	UID985297	1	1	0	0
1	1	UID985298	1	1	0	0
1	1	UID985299	1	1	0	0
1	1	UID985303	1	1	0	0
1	1	UID985318	1	1	0	0
1	1	UID985320	1	1	0	0
1	1	UID985327	1	1	0	0
3	3	UID985329	1	3	2	2
1	1	UID985333	1	1	0	0
1	1	UID985334	1	1	0	0
1	1	UID985335	1	1	0	0
1	1	UID985336	1	1	0	0
1	1	UID985339	1	1	0	0
1	1	UID985340	1	1	0	0
1	1	UID985341	1	1	0	0
1	1	UID985342	1	1	0	0
1	1	UID985343	1	1	0	0
1	1	UID985344	1	1	0	0
1	1	UID985346	1	1	0	0
1	1	UID985347	1	1	0	0
1	1	UID985358	1	1	0	0
1	1	UID985366	1	1	0	0
1	1	UID985377	1	1	0	0
1	1	UID985380	1	1	0	0
1	1	UID985381	1	1	0	0
1	1	UID985382	1	1	0	0
1	1	UID985385	1	1	0	0
1	1	UID985387	1	1	0	0
1	1	UID985388	1	1	0	0
1	1	UID985389	1	1	0	0
1	1	UID985397	1	1	0	0
1	1	UID985398	1	1	0	0
1	1	UID985399	1	1	0	0
1	1	UID985407	1	1	0	0
1	1	UID985409	1	1	0	0
1	1	UID985410	1	1	0	0
1	1	UID985412	1	1	0	0
1	1	UID985413	1	1	0	0
1	1	UID985414	1	1	0	0
1	1	UID985415	1	1	0	0
1	1	UID985419	1	1	0	0
1	1	UID985421	1	1	0	0
1	1	UID985425	1	1	0	0
1	1	UID985427	1	1	0	0
1	1	UID985428	1	1	0	0
1	1	UID985429	1	1	0	0
1	1	UID985430	1	1	0	0
1	1	UID985431	1	1	0	0
1	1	UID985432	1	1	0	0
1	1	UID985434	1	1	0	0
1	1	UID985438	1	1	0	0
1	1	UID985444	1	1	0	0
1	1	UID985447	1	1	0	0
1	1	UID985452	1	1	0	0
1	1	UID985456	1	1	0	0
1	1	UID985463	1	1	0	0
1	1	UID985464	1	1	0	0
1	1	UID985465	1	1	0	0
1	1	UID985466	1	1	0	0
1	1	UID985469	1	1	0	0
1	1	UID985470	1	1	0	0
1	1	UID985473	1	1	0	0
1	1	UID985476	1	1	0	0
1	1	UID985478	1	1	0	0
1	1	UID985479	1	1	0	0
1	1	UID985480	1	1	0	0
1	1	UID985481	1	1	0	0
1	1	UID985482	1	1	0	0
1	1	UID985483	1	1	0	0
1	1	UID985485	1	1	0	0
1	1	UID985487	1	1	0	0
1	1	UID985491	1	1	0	0
1	1	UID985492	1	1	0	0
1	1	UID985495	1	1	0	0
1	1	UID985497	1	1	0	0
1	1	UID985499	1	1	0	0
1	1	UID985500	1	1	0	0
1	1	UID985502	1	1	0	0
1	1	UID985504	1	1	0	0
1	1	UID985506	1	1	0	0
1	1	UID985507	1	1	0	0
1	1	UID985511	1	1	0	0
1	1	UID985517	1	1	0	0
1	1	UID985525	1	1	0	0
1	1	UID985530	1	1	0	0
1	1	UID985543	1	1	0	0
1	1	UID985545	1	1	0	0
2	2	UID985546	1	2	1	1
1	1	UID985548	1	1	0	0
1	1	UID985549	1	1	0	0
1	1	UID985550	1	1	0	0
1	1	UID985553	1	1	0	0
1	1	UID985556	1	1	0	0
1	1	UID985558	1	1	0	0
1	1	UID985564	1	1	0	0
1	1	UID985565	1	1	0	0
1	1	UID985566	1	1	0	0
1	1	UID985567	1	1	0	0
1	1	UID985568	1	1	0	0
1	1	UID985569	1	1	0	0
1	1	UID985570	1	1	0	0
1	1	UID985571	1	1	0	0
1	1	UID985573	1	1	0	0
1	1	UID985574	1	1	0	0
1	1	UID985579	1	1	0	0
1	1	UID985580	1	1	0	0
1	1	UID985581	1	1	0	0
1	1	UID985583	1	1	0	0
1	1	UID985584	1	1	0	0
1	1	UID985585	1	1	0	0
1	1	UID985586	1	1	0	0
1	1	UID985588	1	1	0	0
1	1	UID985589	1	1	0	0
1	1	UID985590	1	1	0	0
1	1	UID985592	1	1	0	0
1	1	UID985593	1	1	0	0
1	1	UID985607	1	1	0	0
1	1	UID985614	1	1	0	0
1	1	UID985615	1	1	0	0
1	1	UID985619	1	1	0	0
1	1	UID985620	1	1	0	0
1	1	UID985621	1	1	0	0
1	1	UID985622	1	1	0	0
1	1	UID985628	1	1	0	0
1	1	UID985633	1	1	0	0
1	1	UID985638	1	1	0	0
1	1	UID985639	1	1	0	0
1	1	UID985640	1	1	0	0
1	1	UID985642	1	1	0	0
1	1	UID985643	1	1	0	0
1	1	UID985647	1	1	0	0
1	1	UID985649	1	1	0	0
1	1	UID985650	1	1	0	0
1	1	UID985666	1	1	0	0
1	1	UID985667	1	1	0	0
1	1	UID985677	1	1	0	0
1	1	UID985679	1	1	0	0
1	1	UID985684	1	1	0	0
1	1	UID985688	1	1	0	0
1	1	UID985689	1	1	0	0
1	1	UID985690	1	1	0	0
1	1	UID985692	1	1	0	0
1	1	UID985693	1	1	0	0
1	1	UID985695	1	1	0	0
1	1	UID985696	1	1	0	0
1	1	UID985698	1	1	0	0
1	1	UID985702	1	1	0	0
1	1	UID985703	1	1	0	0
1	1	UID985704	1	1	0	0
1	1	UID985706	1	1	0	0
1	1	UID985707	1	1	0	0
1	1	UID985708	1	1	0	0
1	1	UID985709	1	1	0	0
1	1	UID985710	1	1	0	0
1	1	UID985711	1	1	0	0
1	1	UID985712	1	1	0	0
1	1	UID985713	1	1	0	0
1	1	UID985718	1	1	0	0
1	1	UID985719	1	1	0	0
1	1	UID985723	1	1	0	0
1	1	UID985724	1	1	0	0
2	2	UID985726	1	2	1	1
1	1	UID985735	1	1	0	0
1	1	UID985738	1	1	0	0
1	1	UID985741	1	1	0	0
1	1	UID985750	1	1	0	0
1	1	UID985751	1	1	0	0
1	1	UID985752	1	1	0	0
1	1	UID985753	1	1	0	0
1	1	UID985754	1	1	0	0
1	1	UID985755	1	1	0	0
1	1	UID985756	1	1	0	0
1	1	UID985757	1	1	0	0
1	1	UID985760	1	1	0	0
1	1	UID985761	1	1	0	0
1	1	UID985762	1	1	0	0
1	1	UID985764	1	1	0	0
1	1	UID985765	1	1	0	0
1	1	UID985766	1	1	0	0
1	1	UID985769	1	1	0	0
1	1	UID985774	1	1	0	0
1	1	UID985775	1	1	0	0
1	1	UID985779	1	1	0	0
1	1	UID985781	1	1	0	0
1	1	UID985782	1	1	0	0
1	1	UID985784	1	1	0	0
1	1	UID985785	1	1	0	0
1	1	UID985786	1	1	0	0
1	1	UID985787	1	1	0	0
1	1	UID985788	1	1	0	0
1	1	UID985790	1	1	0	0
1	1	UID985791	1	1	0	0
1	1	UID985792	1	1	0	0
1	1	UID985794	1	1	0	0
1	1	UID985795	1	1	0	0
1	1	UID985796	1	1	0	0
1	1	UID985797	1	1	0	0
1	1	UID985800	1	1	0	0
2	2	UID985801	1	2	1	1
1	1	UID985803	1	1	0	0
1	1	UID985804	1	1	0	0
1	1	UID985806	1	1	0	0
1	1	UID985808	1	1	0	0
1	1	UID985809	1	1	0	0
1	1	UID985811	1	1	0	0
1	1	UID985812	1	1	0	0
1	1	UID985816	1	1	0	0
1	1	UID985817	1	1	0	0
1	1	UID985818	1	1	0	0
1	1	UID985819	1	1	0	0
1	1	UID985820	1	1	0	0
1	1	UID985821	1	1	0	0
1	1	UID985822	1	1	0	0
1	1	UID985823	1	1	0	0
1	1	UID985824	1	1	0	0
1	1	UID985825	1	1	0	0
1	1	UID985826	1	1	0	0
1	1	UID985827	1	1	0	0
1	1	UID985829	1	1	0	0
1	1	UID985830	1	1	0	0
1	1	UID985831	1	1	0	0
1	1	UID985833	1	1	0	0
1	1	UID985837	1	1	0	0
1	1	UID985838	1	1	0	0
1	1	UID985843	1	1	0	0
1	1	UID985844	1	1	0	0
1	1	UID985845	1	1	0	0
1	1	UID985846	1	1	0	0
1	1	UID985847	1	1	0	0
1	1	UID985848	1	1	0	0
1	1	UID985851	1	1	0	0
1	1	UID985858	1	1	0	0
1	1	UID985859	1	1	0	0
1	1	UID985860	1	1	0	0
1	1	UID985861	1	1	0	0
1	1	UID985862	1	1	0	0
1	1	UID985864	1	1	0	0
1	1	UID985865	1	1	0	0
1	1	UID985867	1	1	0	0
1	1	UID985868	1	1	0	0
1	1	UID985869	1	1	0	0
1	1	UID985872	1	1	0	0
1	1	UID985873	1	1	0	0
1	1	UID985874	1	1	0	0
1	1	UID985876	1	1	0	0
1	1	UID985882	1	1	0	0
1	1	UID985892	1	1	0	0
1	1	UID985893	1	1	0	0
1	1	UID985897	1	1	0	0
1	1	UID985901	1	1	0	0
1	1	UID985902	1	1	0	0
1	1	UID985903	1	1	0	0
1	1	UID985904	1	1	0	0
1	1	UID985905	1	1	0	0
1	1	UID985906	1	1	0	0
1	1	UID985907	1	1	0	0
1	1	UID985908	1	1	0	0
1	1	UID985909	1	1	0	0
1	1	UID985910	1	1	0	0
1	1	UID985911	1	1	0	0
1	1	UID985912	1	1	0	0
1	1	UID985915	1	1	0	0
1	1	UID985934	1	1	0	0
1	1	UID985936	1	1	0	0
1	1	UID985938	1	1	0	0
1	1	UID985947	1	1	0	0
1	1	UID985948	1	1	0	0
1	1	UID985949	1	1	0	0
1	1	UID985950	1	1	0	0
1	1	UID985954	1	1	0	0
1	1	UID985958	1	1	0	0
1	1	UID985959	1	1	0	0
1	1	UID985961	1	1	0	0
1	1	UID985966	1	1	0	0
1	1	UID985968	1	1	0	0
1	1	UID985986	1	1	0	0
1	1	UID985987	1	1	0	0
1	1	UID985990	1	1	0	0
1	1	UID985991	1	1	0	0
1	1	UID985996	1	1	0	0
1	1	UID985998	1	1	0	0
1	1	UID986010	1	1	0	0
1	1	UID986011	1	1	0	0
1	1	UID986014	1	1	0	0
1	1	UID986015	1	1	0	0
1	1	UID986016	1	1	0	0
1	1	UID986017	1	1	0	0
1	1	UID986018	1	1	0	0
1	1	UID986019	1	1	0	0
1	1	UID986020	1	1	0	0
1	1	UID986021	1	1	0	0
1	1	UID986022	1	1	0	0
1	1	UID986024	1	1	0	0
1	1	UID986027	1	1	0	0
1	1	UID986029	1	1	0	0
1	1	UID986030	1	1	0	0
1	1	UID986031	1	1	0	0
1	1	UID986032	1	1	0	0
1	1	UID986034	1	1	0	0
1	1	UID986039	1	1	0	0
1	1	UID986051	1	1	0	0
1	1	UID986054	1	1	0	0
1	1	UID986057	1	1	0	0
1	1	UID986062	1	1	0	0
1	1	UID986063	1	1	0	0
1	1	UID986064	1	1	0	0
1	1	UID986065	1	1	0	0
1	1	UID986066	1	1	0	0
1	1	UID986067	1	1	0	0
1	1	UID986068	1	1	0	0
1	1	UID986070	1	1	0	0
1	1	UID986071	1	1	0	0
1	1	UID986072	1	1	0	0
1	1	UID986073	1	1	0	0
1	1	UID986074	1	1	0	0
1	1	UID986075	1	1	0	0
1	1	UID986076	1	1	0	0
1	1	UID986077	1	1	0	0
1	1	UID986078	1	1	0	0
1	1	UID986079	1	1	0	0
1	1	UID986080	1	1	0	0
1	1	UID986082	1	1	0	0
1	1	UID986083	1	1	0	0
1	1	UID986084	1	1	0	0
1	1	UID986085	1	1	0	0
1	1	UID986086	1	1	0	0
1	1	UID986087	1	1	0	0
1	1	UID986088	1	1	0	0
1	1	UID986089	1	1	0	0
1	1	UID986092	1	1	0	0
1	1	UID986093	1	1	0	0
1	1	UID986096	1	1	0	0
1	1	UID986098	1	1	0	0
1	1	UID986099	1	1	0	0
1	1	UID986100	1	1	0	0
1	1	UID986101	1	1	0	0
1	1	UID986102	1	1	0	0
1	1	UID986103	1	1	0	0
1	1	UID986104	1	1	0	0
1	1	UID986107	1	1	0	0
1	1	UID986109	1	1	0	0
1	1	UID986111	1	1	0	0
1	1	UID986112	1	1	0	0
1	1	UID986119	1	1	0	0
1	1	UID986120	1	1	0	0
1	1	UID986121	1	1	0	0
1	1	UID986122	1	1	0	0
1	1	UID986123	1	1	0	0
1	1	UID986124	1	1	0	0
1	1	UID986129	1	1	0	0
1	1	UID986131	1	1	0	0
1	1	UID986133	1	1	0	0
1	1	UID986135	1	1	0	0
1	1	UID986137	1	1	0	0
1	1	UID986146	1	1	0	0
1	1	UID986150	1	1	0	0
3	3	UID986151	1	3	2	2
1	1	UID986156	1	1	0	0
1	1	UID986158	1	1	0	0
1	1	UID986160	1	1	0	0
1	1	UID986161	1	1	0	0
1	1	UID986173	1	1	0	0
1	1	UID986180	1	1	0	0
1	1	UID986188	1	1	0	0
1	1	UID986196	1	1	0	0
1	1	UID986197	1	1	0	0
1	1	UID986198	1	1	0	0
1	1	UID986199	1	1	0	0
1	1	UID986200	1	1	0	0
1	1	UID986203	1	1	0	0
1	1	UID986204	1	1	0	0
1	1	UID986208	1	1	0	0
1	1	UID986209	1	1	0	0
1	1	UID986210	1	1	0	0
1	1	UID986211	1	1	0	0
1	1	UID986212	1	1	0	0
1	1	UID986215	1	1	0	0
1	1	UID986216	1	1	0	0
1	1	UID986217	1	1	0	0
1	1	UID986220	1	1	0	0
1	1	UID986224	1	1	0	0
1	1	UID986226	1	1	0	0
1	1	UID986228	1	1	0	0
1	1	UID986230	1	1	0	0
2	2	UID986232	1	2	1	1
1	1	UID986241	1	1	0	0
1	1	UID986245	1	1	0	0
1	1	UID986248	1	1	0	0
1	1	UID986252	1	1	0	0
1	1	UID986253	1	1	0	0
1	1	UID986255	1	1	0	0
1	1	UID986256	1	1	0	0
1	1	UID986259	1	1	0	0
1	1	UID986260	1	1	0	0
1	1	UID986271	1	1	0	0
1	1	UID986272	1	1	0	0
1	1	UID986273	1	1	0	0
1	1	UID986277	1	1	0	0
1	1	UID986278	1	1	0	0
1	1	UID986279	1	1	0	0
1	1	UID986281	1	1	0	0
1	1	UID986284	1	1	0	0
1	1	UID986285	1	1	0	0
1	1	UID986286	1	1	0	0
1	1	UID986287	1	1	0	0
1	1	UID986289	1	1	0	0
1	1	UID986290	1	1	0	0
1	1	UID986292	1	1	0	0
1	1	UID986293	1	1	0	0
1	1	UID986294	1	1	0	0
1	1	UID986295	1	1	0	0
1	1	UID986296	1	1	0	0
1	1	UID986302	1	1	0	0
1	1	UID986311	1	1	0	0
1	1	UID986312	1	1	0	0
1	1	UID986316	1	1	0	0
1	1	UID986326	1	1	0	0
1	1	UID986327	1	1	0	0
1	1	UID986328	1	1	0	0
1	1	UID986329	1	1	0	0
1	1	UID986330	1	1	0	0
1	1	UID986333	1	1	0	0
1	1	UID986337	1	1	0	0
1	1	UID986338	1	1	0	0
1	1	UID986339	1	1	0	0
1	1	UID986340	1	1	0	0
1	1	UID986341	1	1	0	0
1	1	UID986342	1	1	0	0
1	1	UID986343	1	1	0	0
1	1	UID986344	1	1	0	0
1	1	UID986345	1	1	0	0
1	1	UID986346	1	1	0	0
1	1	UID986347	1	1	0	0
1	1	UID986348	1	1	0	0
1	1	UID986350	1	1	0	0
1	1	UID986351	1	1	0	0
1	1	UID986357	1	1	0	0
1	1	UID986359	1	1	0	0
1	1	UID986360	1	1	0	0
1	1	UID986362	1	1	0	0
1	1	UID986363	1	1	0	0
1	1	UID986364	1	1	0	0
1	1	UID986365	1	1	0	0
1	1	UID986366	1	1	0	0
1	1	UID986368	1	1	0	0
1	1	UID986369	1	1	0	0
1	1	UID986370	1	1	0	0
1	1	UID986371	1	1	0	0
1	1	UID986372	1	1	0	0
1	1	UID986373	1	1	0	0
1	1	UID986374	1	1	0	0
1	1	UID986375	1	1	0	0
1	1	UID986376	1	1	0	0
1	1	UID986378	1	1	0	0
1	1	UID986379	1	1	0	0
1	1	UID986382	1	1	0	0
1	1	UID986383	1	1	0	0
1	1	UID986384	1	1	0	0
1	1	UID986385	1	1	0	0
1	1	UID986387	1	1	0	0
1	1	UID986390	1	1	0	0
1	1	UID986391	1	1	0	0
1	1	UID986393	1	1	0	0
1	1	UID986394	1	1	0	0
1	1	UID986397	1	1	0	0
1	1	UID986404	1	1	0	0
1	1	UID986407	1	1	0	0
1	1	UID986408	1	1	0	0
1	1	UID986409	1	1	0	0
1	1	UID986410	1	1	0	0
1	1	UID986418	1	1	0	0
1	1	UID986420	1	1	0	0
1	1	UID986430	1	1	0	0
1	1	UID986442	1	1	0	0
1	1	UID986443	1	1	0	0
1	1	UID986451	1	1	0	0
1	1	UID986455	1	1	0	0
1	1	UID986458	1	1	0	0
1	1	UID986459	1	1	0	0
1	1	UID986460	1	1	0	0
1	1	UID986462	1	1	0	0
1	1	UID986463	1	1	0	0
1	1	UID986464	1	1	0	0
1	1	UID986465	1	1	0	0
1	1	UID986466	1	1	0	0
1	1	UID986470	1	1	0	0
1	1	UID986471	1	1	0	0
1	1	UID986475	1	1	0	0
1	1	UID986476	1	1	0	0
1	1	UID986477	1	1	0	0
1	1	UID986480	1	1	0	0
1	1	UID986482	1	1	0	0
1	1	UID986486	1	1	0	0
1	1	UID986487	1	1	0	0
1	1	UID986496	1	1	0	0
1	1	UID986500	1	1	0	0
4	5	UID986501	1	3	1	1
1	1	UID986505	1	1	0	0
1	1	UID986506	1	1	0	0
1	1	UID986514	1	1	0	0
1	1	UID986516	1	1	0	0
1	1	UID986519	1	1	0	0
1	1	UID986521	1	1	0	0
1	1	UID986524	1	1	0	0
1	1	UID986525	1	1	0	0
1	1	UID986526	1	1	0	0
1	1	UID986527	1	1	0	0
1	1	UID986528	1	1	0	0
1	1	UID986530	1	1	0	0
1	1	UID986531	1	1	0	0
1	1	UID986535	1	1	0	0
1	1	UID986537	1	1	0	0
1	1	UID986538	1	1	0	0
1	1	UID986539	1	1	0	0
1	1	UID986541	1	1	0	0
1	1	UID986542	1	1	0	0
1	1	UID986543	1	1	0	0
1	1	UID986544	1	1	0	0
1	1	UID986545	1	1	0	0
1	1	UID986546	1	1	0	0
1	1	UID986550	1	1	0	0
1	1	UID986553	1	1	0	0
1	1	UID986557	1	1	0	0
1	1	UID986558	1	1	0	0
1	1	UID986559	1	1	0	0
1	1	UID986562	1	1	0	0
1	1	UID986564	1	1	0	0
1	1	UID986565	1	1	0	0
1	1	UID986566	1	1	0	0
1	1	UID986567	1	1	0	0
1	1	UID986569	1	1	0	0
1	1	UID986570	1	1	0	0
1	1	UID986574	1	1	0	0
1	1	UID986578	1	1	0	0
1	1	UID986579	1	1	0	0
1	1	UID986580	1	1	0	0
1	1	UID986581	1	1	0	0
1	1	UID986582	1	1	0	0
1	1	UID986583	1	1	0	0
1	1	UID986585	1	1	0	0
1	1	UID986586	1	1	0	0
1	1	UID986588	1	1	0	0
1	1	UID986590	1	1	0	0
1	1	UID986592	1	1	0	0
1	1	UID986593	1	1	0	0
1	1	UID986594	1	1	0	0
1	1	UID986595	1	1	0	0
1	1	UID986596	1	1	0	0
1	1	UID986603	1	1	0	0
1	1	UID986605	1	1	0	0
1	1	UID986607	1	1	0	0
1	1	UID986610	1	1	0	0
1	1	UID986616	1	1	0	0
1	1	UID986625	1	1	0	0
1	1	UID986628	1	1	0	0
1	1	UID986633	1	1	0	0
1	1	UID986636	1	1	0	0
1	1	UID986638	1	1	0	0
1	1	UID986639	1	1	0	0
1	1	UID986640	1	1	0	0
1	1	UID986648	1	1	0	0
1	1	UID986650	1	1	0	0
1	1	UID986657	1	1	0	0
1	1	UID986662	1	1	0	0
1	1	UID986663	1	1	0	0
1	1	UID986668	1	1	0	0
1	1	UID986672	1	1	0	0
1	1	UID986674	1	1	0	0
1	1	UID986677	1	1	0	0
3	3	UID986682	1	3	1	1
1	1	UID986686	1	1	0	0
1	1	UID986687	1	1	0	0
1	1	UID986688	1	1	0	0
1	1	UID986689	1	1	0	0
1	1	UID986690	1	1	0	0
1	1	UID986691	1	1	0	0
1	1	UID986693	1	1	0	0
1	1	UID986694	1	1	0	0
1	1	UID986697	1	1	0	0
1	1	UID986698	1	1	0	0
1	1	UID986699	1	1	0	0
1	1	UID986700	1	1	0	0
1	1	UID986702	1	1	0	0
1	1	UID986703	1	1	0	0
1	1	UID986710	1	1	0	0
1	1	UID986721	1	1	0	0
1	1	UID986722	1	1	0	0
1	1	UID986725	1	1	0	0
1	1	UID986733	1	1	0	0
1	1	UID986739	1	1	0	0
1	1	UID986740	1	1	0	0
1	1	UID986742	1	1	0	0
1	1	UID986745	1	1	0	0
1	1	UID986746	1	1	0	0
1	1	UID986748	1	1	0	0
1	1	UID986751	1	1	0	0
1	1	UID986752	1	1	0	0
1	1	UID986754	1	1	0	0
1	1	UID986756	1	1	0	0
1	1	UID986758	1	1	0	0
1	1	UID986765	1	1	0	0
1	1	UID986766	1	1	0	0
1	1	UID986769	1	1	0	0
1	1	UID986771	1	1	0	0
1	1	UID986772	1	1	0	0
1	1	UID986775	1	1	0	0
1	1	UID986780	1	1	0	0
1	1	UID986781	1	1	0	0
1	1	UID986784	1	1	0	0
1	1	UID986791	1	1	0	0
1	1	UID986801	1	1	0	0
1	1	UID986805	1	1	0	0
1	1	UID986819	1	1	0	0
1	1	UID986820	1	1	0	0
1	1	UID986821	1	1	0	0
1	1	UID986822	1	1	0	0
1	1	UID986826	1	1	0	0
1	1	UID986827	1	1	0	0
1	1	UID986831	1	1	0	0
1	1	UID986832	1	1	0	0
1	1	UID986833	1	1	0	0
1	1	UID986835	1	1	0	0
1	1	UID986842	1	1	0	0
1	1	UID986843	1	1	0	0
1	1	UID986848	1	1	0	0
1	1	UID986855	1	1	0	0
1	1	UID986861	1	1	0	0
1	1	UID986862	1	1	0	0
1	1	UID986863	1	1	0	0
1	1	UID986865	1	1	0	0
1	1	UID986866	1	1	0	0
1	1	UID986870	1	1	0	0
1	1	UID986872	1	1	0	0
1	1	UID986873	1	1	0	0
1	1	UID986879	1	1	0	0
1	1	UID986881	1	1	0	0
1	1	UID986882	1	1	0	0
1	1	UID986884	1	1	0	0
1	1	UID986892	1	1	0	0
1	1	UID986895	1	1	0	0
1	1	UID986898	1	1	0	0
1	1	UID986909	1	1	0	0
1	1	UID986927	1	1	0	0
1	1	UID986930	1	1	0	0
1	1	UID986932	1	1	0	0
1	1	UID986933	1	1	0	0
1	1	UID986934	1	1	0	0
1	1	UID986935	1	1	0	0
1	1	UID986940	1	1	0	0
1	1	UID986951	1	1	0	0
1	1	UID986952	1	1	0	0
1	1	UID986956	1	1	0	0
1	1	UID986958	1	1	0	0
1	1	UID986959	1	1	0	0
1	1	UID986960	1	1	0	0
1	1	UID986962	1	1	0	0
1	1	UID986966	1	1	0	0
1	1	UID986978	1	1	0	0
1	1	UID986979	1	1	0	0
1	1	UID986980	1	1	0	0
1	1	UID986987	1	1	0	0
1	1	UID986990	1	1	0	0
2	2	UID986996	1	2	1	1
1	1	UID986998	1	1	0	0
1	1	UID986999	1	1	0	0
1	1	UID987000	1	1	0	0
1	1	UID987013	1	1	0	0
1	1	UID987015	1	1	0	0
1	1	UID987016	1	1	0	0
1	1	UID987018	1	1	0	0
1	1	UID987019	1	1	0	0
1	1	UID987020	1	1	0	0
1	1	UID987024	1	1	0	0
1	1	UID987027	1	1	0	0
1	1	UID987033	1	1	0	0
1	1	UID987034	1	1	0	0
1	1	UID987035	1	1	0	0
1	1	UID987036	1	1	0	0
1	1	UID987037	1	1	0	0
1	1	UID987043	1	1	0	0
1	1	UID987046	1	1	0	0
1	1	UID987047	1	1	0	0
1	1	UID987048	1	1	0	0
1	1	UID987050	1	1	0	0
1	1	UID987056	1	1	0	0
1	1	UID987068	1	1	0	0
1	1	UID987071	1	1	0	0
1	1	UID987072	1	1	0	0
1	1	UID987073	1	1	0	0
3	3	UID987079	1	3	1	1
1	1	UID987080	1	1	0	0
1	1	UID987088	1	1	0	0
1	1	UID987089	1	1	0	0
1	1	UID987090	1	1	0	0
1	1	UID987091	1	1	0	0
1	1	UID987099	1	1	0	0
1	1	UID987100	1	1	0	0
1	1	UID987102	1	1	0	0
1	1	UID987103	1	1	0	0
1	1	UID987104	1	1	0	0
1	1	UID987105	1	1	0	0
1	1	UID987106	1	1	0	0
1	1	UID987107	1	1	0	0
1	1	UID987111	1	1	0	0
1	1	UID987112	1	1	0	0
1	1	UID987114	1	1	0	0
1	1	UID987116	1	1	0	0
1	1	UID987119	1	1	0	0
1	1	UID987129	1	1	0	0
1	1	UID987134	1	1	0	0
1	1	UID987140	1	1	0	0
1	1	UID987142	1	1	0	0
1	1	UID987147	1	1	0	0
1	1	UID987148	1	1	0	0
1	1	UID987150	1	1	0	0
1	1	UID987151	1	1	0	0
1	1	UID987153	1	1	0	0
1	1	UID987154	1	1	0	0
1	1	UID987155	1	1	0	0
1	1	UID987159	1	1	0	0
1	1	UID987162	1	1	0	0
1	1	UID987163	1	1	0	0
1	1	UID987165	1	1	0	0
1	1	UID987167	1	1	0	0
1	1	UID987168	1	1	0	0
1	1	UID987169	1	1	0	0
1	1	UID987170	1	1	0	0
1	1	UID987173	1	1	0	0
1	1	UID987174	1	1	0	0
1	1	UID987175	1	1	0	0
1	1	UID987191	1	1	0	0
1	1	UID987193	1	1	0	0
1	1	UID987200	1	1	0	0
1	1	UID987208	1	1	0	0
1	1	UID987211	1	1	0	0
1	1	UID987212	1	1	0	0
1	1	UID987226	1	1	0	0
1	1	UID987229	1	1	0	0
1	1	UID987230	1	1	0	0
1	1	UID987232	1	1	0	0
1	1	UID987233	1	1	0	0
1	1	UID987241	1	1	0	0
1	1	UID987242	1	1	0	0
1	1	UID987243	1	1	0	0
1	1	UID987244	1	1	0	0
1	1	UID987247	1	1	0	0
1	1	UID987248	1	1	0	0
1	1	UID987250	1	1	0	0
1	1	UID987254	1	1	0	0
1	1	UID987255	1	1	0	0
1	1	UID987256	1	1	0	0
1	1	UID987257	1	1	0	0
1	1	UID987258	1	1	0	0
1	1	UID987260	1	1	0	0
1	1	UID987262	1	1	0	0
1	1	UID987268	1	1	0	0
1	1	UID987272	1	1	0	0
1	1	UID987279	1	1	0	0
1	1	UID987286	1	1	0	0
1	1	UID987290	1	1	0	0
1	1	UID987292	1	1	0	0
1	1	UID987304	1	1	0	0
1	1	UID987305	1	1	0	0
1	1	UID987306	1	1	0	0
1	1	UID987308	1	1	0	0
1	1	UID987309	1	1	0	0
1	1	UID987310	1	1	0	0
1	1	UID987312	1	1	0	0
1	1	UID987315	1	1	0	0
1	1	UID987319	1	1	0	0
1	1	UID987320	1	1	0	0
1	1	UID987321	1	1	0	0
1	1	UID987326	1	1	0	0
1	1	UID987327	1	1	0	0
1	1	UID987328	1	1	0	0
1	1	UID987329	1	1	0	0
1	1	UID987330	1	1	0	0
1	1	UID987333	1	1	0	0
1	1	UID987338	1	1	0	0
1	1	UID987339	1	1	0	0
1	1	UID987340	1	1	0	0
1	1	UID987342	1	1	0	0
1	1	UID987343	1	1	0	0
1	1	UID987361	1	1	0	0
1	1	UID987363	1	1	0	0
1	1	UID987367	1	1	0	0
1	1	UID987369	1	1	0	0
1	1	UID987377	1	1	0	0
1	1	UID987382	1	1	0	0
1	1	UID987383	1	1	0	0
1	1	UID987386	1	1	0	0
1	1	UID987387	1	1	0	0
1	1	UID987390	1	1	0	0
1	1	UID987391	1	1	0	0
1	1	UID987392	1	1	0	0
1	1	UID987395	1	1	0	0
1	1	UID987401	1	1	0	0
1	1	UID987402	1	1	0	0
1	1	UID987403	1	1	0	0
1	1	UID987404	1	1	0	0
1	1	UID987405	1	1	0	0
1	1	UID987413	1	1	0	0
1	1	UID987414	1	1	0	0
1	1	UID987415	1	1	0	0
1	1	UID987419	1	1	0	0
1	1	UID987422	1	1	0	0
1	1	UID987429	1	1	0	0
1	1	UID987430	1	1	0	0
1	1	UID987433	1	1	0	0
1	1	UID987437	1	1	0	0
2	2	UID987438	1	2	1	1
1	1	UID987441	1	1	0	0
1	1	UID987442	1	1	0	0
1	1	UID987443	1	1	0	0
1	1	UID987445	1	1	0	0
1	1	UID987446	1	1	0	0
1	1	UID987448	1	1	0	0
1	1	UID987449	1	1	0	0
1	1	UID987455	1	1	0	0
1	1	UID987458	1	1	0	0
1	1	UID987459	1	1	0	0
1	1	UID987460	1	1	0	0
1	1	UID987462	1	1	0	0
1	1	UID987463	1	1	0	0
1	1	UID987464	1	1	0	0
1	1	UID987468	1	1	0	0
1	1	UID987472	1	1	0	0
1	1	UID987478	1	1	0	0
1	1	UID987480	1	1	0	0
1	1	UID987486	1	1	0	0
1	1	UID987491	1	1	0	0
1	1	UID987492	1	1	0	0
1	1	UID987495	1	1	0	0
1	1	UID987499	1	1	0	0
1	1	UID987503	1	1	0	0
1	1	UID987510	1	1	0	0
1	1	UID987511	1	1	0	0
1	1	UID987514	1	1	0	0
1	1	UID987516	1	1	0	0
1	1	UID987520	1	1	0	0
1	1	UID987521	1	1	0	0
1	1	UID987526	1	1	0	0
1	1	UID987527	1	1	0	0
1	1	UID987529	1	1	0	0
1	1	UID987530	1	1	0	0
1	1	UID987531	1	1	0	0
1	1	UID987532	1	1	0	0
1	1	UID987536	1	1	0	0
1	1	UID987546	1	1	0	0
1	1	UID987550	1	1	0	0
1	1	UID987557	1	1	0	0
1	1	UID987560	1	1	0	0
1	1	UID987561	1	1	0	0
1	1	UID987562	1	1	0	0
1	1	UID987563	1	1	0	0
1	1	UID987564	1	1	0	0
1	1	UID987565	1	1	0	0
1	1	UID987566	1	1	0	0
1	1	UID987567	1	1	0	0
1	1	UID987569	1	1	0	0
1	1	UID987571	1	1	0	0
1	1	UID987575	1	1	0	0
1	1	UID987580	1	1	0	0
1	1	UID987588	1	1	0	0
1	1	UID987591	1	1	0	0
1	1	UID987605	1	1	0	0
1	1	UID987606	1	1	0	0
1	1	UID987609	1	1	0	0
1	1	UID987610	1	1	0	0
1	1	UID987612	1	1	0	0
1	1	UID987613	1	1	0	0
1	1	UID987614	1	1	0	0
1	1	UID987615	1	1	0	0
1	1	UID987617	1	1	0	0
1	1	UID987618	1	1	0	0
1	1	UID987626	1	1	0	0
1	1	UID987627	1	1	0	0
1	1	UID987628	1	1	0	0
1	1	UID987629	1	1	0	0
1	1	UID987636	1	1	0	0
1	1	UID987641	1	1	0	0
1	1	UID987648	1	1	0	0
1	1	UID987655	1	1	0	0
1	1	UID987657	1	1	0	0
1	1	UID987663	1	1	0	0
1	1	UID987667	1	1	0	0
1	1	UID987669	1	1	0	0
1	1	UID987672	1	1	0	0
1	1	UID987678	1	1	0	0
1	1	UID987681	1	1	0	0
1	1	UID987683	1	1	0	0
1	1	UID987685	1	1	0	0
1	1	UID987689	1	1	0	0
1	1	UID987704	1	1	0	0
1	1	UID987705	1	1	0	0
1	1	UID987710	1	1	0	0
1	1	UID987713	1	1	0	0
1	1	UID987726	1	1	0	0
1	1	UID987729	1	1	0	0
1	1	UID987730	1	1	0	0
1	1	UID987733	1	1	0	0
1	1	UID987740	1	1	0	0
1	1	UID987745	1	1	0	0
1	1	UID987751	1	1	0	0
1	1	UID987757	1	1	0	0
1	1	UID987759	1	1	0	0
1	1	UID987762	1	1	0	0
1	1	UID987763	1	1	0	0
1	1	UID987766	1	1	0	0
1	1	UID987767	1	1	0	0
1	1	UID987768	1	1	0	0
1	1	UID987770	1	1	0	0
1	1	UID987772	1	1	0	0
1	1	UID987773	1	1	0	0
1	1	UID987775	1	1	0	0
1	1	UID987777	1	1	0	0
1	1	UID987778	1	1	0	0
1	1	UID987779	1	1	0	0
1	1	UID987780	1	1	0	0
1	1	UID987781	1	1	0	0
1	1	UID987783	1	1	0	0
1	1	UID987787	1	1	0	0
1	1	UID987788	1	1	0	0
1	1	UID987793	1	1	0	0
1	1	UID987796	1	1	0	0
1	1	UID987797	1	1	0	0
1	1	UID987813	1	1	0	0
1	1	UID987826	1	1	0	0
1	1	UID987829	1	1	0	0
1	1	UID987830	1	1	0	0
1	1	UID987844	1	1	0	0
1	1	UID987848	1	1	0	0
1	1	UID987851	1	1	0	0
1	1	UID987854	1	1	0	0
1	1	UID987855	1	1	0	0
1	1	UID987856	1	1	0	0
1	1	UID987861	1	1	0	0
1	1	UID987868	1	1	0	0
1	1	UID987869	1	1	0	0
1	1	UID987872	1	1	0	0
1	1	UID987874	1	1	0	0
1	1	UID987883	1	1	0	0
1	1	UID987886	1	1	0	0
1	1	UID987887	1	1	0	0
1	1	UID987892	1	1	0	0
1	1	UID987914	1	1	0	0
1	1	UID987915	1	1	0	0
1	1	UID987916	1	1	0	0
1	1	UID987917	1	1	0	0
1	1	UID987930	1	1	0	0
1	1	UID987933	1	1	0	0
1	1	UID987937	1	1	0	0
1	1	UID987946	1	1	0	0
1	1	UID987949	1	1	0	0
1	1	UID987950	1	1	0	0
1	1	UID987952	1	1	0	0
1	1	UID987958	1	1	0	0
1	1	UID987959	1	1	0	0
1	1	UID987972	1	1	0	0
1	1	UID987984	1	1	0	0
1	1	UID987985	1	1	0	0
1	1	UID987995	1	1	0	0
1	1	UID987996	1	1	0	0
1	1	UID988005	1	1	0	0
1	1	UID988007	1	1	0	0
1	1	UID988016	1	1	0	0
1	1	UID988018	1	1	0	0
1	1	UID988019	1	1	0	0
1	1	UID988020	1	1	0	0
1	1	UID988022	1	1	0	0
1	1	UID988035	1	1	0	0
1	1	UID988046	1	1	0	0
1	1	UID988056	1	1	0	0
1	1	UID988060	1	1	0	0
1	1	UID988061	1	1	0	0
1	1	UID988062	1	1	0	0
1	1	UID988066	1	1	0	0
1	1	UID988068	1	1	0	0
1	1	UID988071	1	1	0	0
1	1	UID988075	1	1	0	0
1	1	UID988077	1	1	0	0
1	1	UID988079	1	1	0	0
1	1	UID988080	1	1	0	0
1	1	UID988081	1	1	0	0
1	1	UID988083	1	1	0	0
1	1	UID988084	1	1	0	0
1	1	UID988093	1	1	0	0
1	1	UID988095	1	1	0	0
1	1	UID988103	1	1	0	0
1	1	UID988104	1	1	0	0
1	1	UID988106	1	1	0	0
1	1	UID988115	1	1	0	0
1	1	UID988116	1	1	0	0
1	1	UID988117	1	1	0	0
1	1	UID988120	1	1	0	0
1	1	UID988124	1	1	0	0
1	1	UID988133	1	1	0	0
1	1	UID988134	1	1	0	0
1	1	UID988135	1	1	0	0
1	1	UID988136	1	1	0	0
1	1	UID988139	1	1	0	0
1	1	UID988140	1	1	0	0
1	1	UID988141	1	1	0	0
1	1	UID988142	1	1	0	0
1	1	UID988144	1	1	0	0
1	1	UID988147	1	1	0	0
1	1	UID988156	1	1	0	0
1	1	UID988163	1	1	0	0
1	1	UID988165	1	1	0	0
1	1	UID988166	1	1	0	0
1	1	UID988168	1	1	0	0
1	1	UID988175	1	1	0	0
1	1	UID988176	1	1	0	0
1	1	UID988177	1	1	0	0
1	1	UID988188	1	1	0	0
1	1	UID988200	1	1	0	0
1	1	UID988201	1	1	0	0
1	1	UID988208	1	1	0	0
1	1	UID988216	1	1	0	0
1	1	UID988219	1	1	0	0
1	1	UID988220	1	1	0	0
1	1	UID988226	1	1	0	0
1	1	UID988228	1	1	0	0
1	1	UID988235	1	1	0	0
1	1	UID988237	1	1	0	0
1	1	UID988248	1	1	0	0
1	1	UID988258	1	1	0	0
1	1	UID988260	1	1	0	0
1	1	UID988262	1	1	0	0
1	1	UID988265	1	1	0	0
1	1	UID988276	1	1	0	0
1	1	UID988279	1	1	0	0
1	1	UID988280	1	1	0	0
1	1	UID988285	1	1	0	0
1	1	UID988288	1	1	0	0
1	1	UID988291	1	1	0	0
1	1	UID988292	1	1	0	0
1	1	UID988294	1	1	0	0
1	1	UID988302	1	1	0	0
1	1	UID988305	1	1	0	0
1	1	UID988306	1	1	0	0
1	1	UID988307	1	1	0	0
1	1	UID988310	1	1	0	0
1	1	UID988314	1	1	0	0
1	1	UID988325	1	1	0	0
1	1	UID988326	1	1	0	0
1	1	UID988328	1	1	0	0
1	1	UID988330	1	1	0	0
1	1	UID988331	1	1	0	0
1	1	UID988332	1	1	0	0
1	1	UID988337	1	1	0	0
1	1	UID988346	1	1	0	0
1	1	UID988359	1	1	0	0
1	1	UID988360	1	1	0	0
1	1	UID988364	1	1	0	0
1	1	UID988365	1	1	0	0
1	1	UID988367	1	1	0	0
1	1	UID988374	1	1	0	0
1	1	UID988378	1	1	0	0
1	1	UID988381	1	1	0	0
1	1	UID988396	1	1	0	0
1	1	UID988398	1	1	0	0
1	1	UID988401	1	1	0	0
1	1	UID988404	1	1	0	0
1	1	UID988405	1	1	0	0
1	1	UID988407	1	1	0	0
1	1	UID988409	1	1	0	0
1	1	UID988411	1	1	0	0
1	1	UID988413	1	1	0	0
1	1	UID988415	1	1	0	0
1	1	UID988416	1	1	0	0
1	1	UID988419	1	1	0	0
1	1	UID988429	1	1	0	0
1	1	UID988430	1	1	0	0
1	1	UID988434	1	1	0	0
1	1	UID988435	1	1	0	0
1	1	UID988437	1	1	0	0
1	1	UID988440	1	1	0	0
1	1	UID988441	1	1	0	0
1	1	UID988442	1	1	0	0
1	1	UID988446	1	1	0	0
1	1	UID988447	1	1	0	0
1	1	UID988448	1	1	0	0
1	1	UID988449	1	1	0	0
1	1	UID988450	1	1	0	0
1	1	UID988451	1	1	0	0
1	1	UID988454	1	1	0	0
1	1	UID988455	1	1	0	0
1	1	UID988456	1	1	0	0
1	1	UID988463	1	1	0	0
1	1	UID988480	1	1	0	0
1	1	UID988482	1	1	0	0
1	1	UID988535	1	1	0	0
1	1	UID988543	1	1	0	0
1	1	UID988549	1	1	0	0
1	1	UID988558	1	1	0	0
1	1	UID988564	1	1	0	0
1	1	UID988568	1	1	0	0
1	1	UID988578	1	1	0	0
1	1	UID988579	1	1	0	0
1	1	UID988582	1	1	0	0
1	1	UID988593	1	1	0	0
1	1	UID988594	1	1	0	0
1	1	UID988601	1	1	0	0
1	1	UID988604	1	1	0	0
1	1	UID988610	1	1	0	0
1	1	UID988613	1	1	0	0
1	1	UID988616	1	1	0	0
1	1	UID988621	1	1	0	0
1	1	UID988643	1	1	0	0
1	1	UID988656	1	1	0	0
1	1	UID988658	1	1	0	0
1	1	UID988660	1	1	0	0
1	1	UID988666	1	1	0	0
1	1	UID988667	1	1	0	0
1	1	UID988668	1	1	0	0
1	1	UID988672	1	1	0	0
1	1	UID988673	1	1	0	0
1	1	UID988675	1	1	0	0
1	1	UID988678	1	1	0	0
1	1	UID988689	1	1	0	0
1	1	UID988692	1	1	0	0
1	1	UID988694	1	1	0	0
1	1	UID988697	1	1	0	0
1	1	UID988698	1	1	0	0
1	1	UID988699	1	1	0	0
1	1	UID988701	1	1	0	0
1	1	UID988702	1	1	0	0
1	1	UID988703	1	1	0	0
1	1	UID988705	1	1	0	0
1	1	UID988706	1	1	0	0
1	1	UID988707	1	1	0	0
1	1	UID988722	1	1	0	0
1	1	UID988723	1	1	0	0
1	1	UID988731	1	1	0	0
1	1	UID988736	1	1	0	0
1	1	UID988737	1	1	0	0
1	1	UID988742	1	1	0	0
1	1	UID988743	1	1	0	0
1	1	UID988745	1	1	0	0
1	1	UID988748	1	1	0	0
1	1	UID988751	1	1	0	0
1	1	UID988753	1	1	0	0
1	1	UID988755	1	1	0	0
1	1	UID988757	1	1	0	0
1	1	UID988762	1	1	0	0
1	1	UID988765	1	1	0	0
1	1	UID988770	1	1	0	0
1	1	UID988773	1	1	0	0
1	1	UID988776	1	1	0	0
1	1	UID988779	1	1	0	0
1	1	UID988780	1	1	0	0
1	1	UID988782	1	1	0	0
1	1	UID988783	1	1	0	0
1	1	UID988784	1	1	0	0
1	1	UID988786	1	1	0	0
1	1	UID988790	1	1	0	0
1	1	UID988793	1	1	0	0
1	1	UID988795	1	1	0	0
1	1	UID988796	1	1	0	0
1	1	UID988798	1	1	0	0
1	1	UID988799	1	1	0	0
1	1	UID988800	1	1	0	0
1	1	UID988801	1	1	0	0
1	1	UID988803	1	1	0	0
1	1	UID988804	1	1	0	0
1	1	UID988806	1	1	0	0
1	1	UID988807	1	1	0	0
1	1	UID988808	1	1	0	0
1	1	UID988811	1	1	0	0
1	1	UID988820	1	1	0	0
1	1	UID988821	1	1	0	0
1	1	UID988824	1	1	0	0
1	1	UID988825	1	1	0	0
1	1	UID988826	1	1	0	0
1	1	UID988827	1	1	0	0
1	1	UID988828	1	1	0	0
1	1	UID988831	1	1	0	0
1	1	UID988832	1	1	0	0
1	1	UID988838	1	1	0	0
1	1	UID988840	1	1	0	0
1	1	UID988845	1	1	0	0
1	1	UID988858	1	1	0	0
1	1	UID988859	1	1	0	0
1	1	UID988861	1	1	0	0
1	1	UID988867	1	1	0	0
1	1	UID988868	1	1	0	0
1	1	UID988871	1	1	0	0
1	1	UID988877	1	1	0	0
1	1	UID988878	1	1	0	0
1	1	UID988880	1	1	0	0
1	1	UID988883	1	1	0	0
1	1	UID988886	1	1	0	0
1	1	UID988893	1	1	0	0
1	1	UID988895	1	1	0	0
1	1	UID988896	1	1	0	0
1	1	UID988901	1	1	0	0
1	1	UID988903	1	1	0	0
1	1	UID988908	1	1	0	0
1	1	UID988913	1	1	0	0
1	1	UID988915	1	1	0	0
1	1	UID988918	1	1	0	0
1	1	UID988923	1	1	0	0
1	1	UID988926	1	1	0	0
1	1	UID988933	1	1	0	0
1	1	UID988934	1	1	0	0
1	1	UID988935	1	1	0	0
1	1	UID988936	1	1	0	0
1	1	UID988941	1	1	0	0
1	1	UID988951	1	1	0	0
1	1	UID988958	1	1	0	0
1	1	UID988965	1	1	0	0
1	1	UID988976	1	1	0	0
1	1	UID988977	1	1	0	0
1	1	UID988987	1	1	0	0
1	1	UID988988	1	1	0	0
1	1	UID988989	1	1	0	0
1	1	UID988995	1	1	0	0
1	1	UID989017	1	1	0	0
1	1	UID989025	1	1	0	0
1	1	UID989031	1	1	0	0
1	1	UID989036	1	1	0	0
1	1	UID989050	1	1	0	0
1	1	UID989054	1	1	0	0
1	1	UID989059	1	1	0	0
1	1	UID989060	1	1	0	0
1	1	UID989062	1	1	0	0
1	1	UID989070	1	1	0	0
1	1	UID989073	1	1	0	0
1	1	UID989074	1	1	0	0
1	1	UID989075	1	1	0	0
1	1	UID989077	1	1	0	0
1	1	UID989084	1	1	0	0
1	1	UID989085	1	1	0	0
1	1	UID989086	1	1	0	0
1	1	UID989092	1	1	0	0
1	1	UID989093	1	1	0	0
1	1	UID989095	1	1	0	0
1	1	UID989098	1	1	0	0
1	1	UID989101	1	1	0	0
1	1	UID989102	1	1	0	0
1	1	UID989105	1	1	0	0
1	1	UID989111	1	1	0	0
1	1	UID989115	1	1	0	0
1	1	UID989116	1	1	0	0
1	1	UID989117	1	1	0	0
1	1	UID989121	1	1	0	0
1	1	UID989125	1	1	0	0
1	1	UID989126	1	1	0	0
1	1	UID989128	1	1	0	0
1	1	UID989129	1	1	0	0
1	1	UID989132	1	1	0	0
1	1	UID989134	1	1	0	0
1	1	UID989141	1	1	0	0
1	1	UID989147	1	1	0	0
1	1	UID989148	1	1	0	0
1	1	UID989155	1	1	0	0
1	1	UID989156	1	1	0	0
1	1	UID989164	1	1	0	0
1	1	UID989166	1	1	0	0
1	1	UID989169	1	1	0	0
1	1	UID989181	1	1	0	0
1	1	UID989182	1	1	0	0
1	1	UID989185	1	1	0	0
1	1	UID989187	1	1	0	0
1	1	UID989188	1	1	0	0
1	1	UID989199	1	1	0	0
1	1	UID989201	1	1	0	0
1	1	UID989202	1	1	0	0
1	1	UID989206	1	1	0	0
1	1	UID989213	1	1	0	0
1	1	UID989219	1	1	0	0
2	2	UID989223	1	2	1	1
1	1	UID989231	1	1	0	0
1	1	UID989232	1	1	0	0
1	1	UID989237	1	1	0	0
1	1	UID989238	1	1	0	0
1	1	UID989239	1	1	0	0
1	1	UID989240	1	1	0	0
1	1	UID989242	1	1	0	0
1	1	UID989244	1	1	0	0
1	1	UID989245	1	1	0	0
1	1	UID989248	1	1	0	0
1	1	UID989250	1	1	0	0
1	1	UID989251	1	1	0	0
1	1	UID989255	1	1	0	0
1	1	UID989262	1	1	0	0
1	1	UID989266	1	1	0	0
1	1	UID989267	1	1	0	0
1	1	UID989269	1	1	0	0
1	1	UID989270	1	1	0	0
1	1	UID989271	1	1	0	0
1	1	UID989272	1	1	0	0
1	1	UID989274	1	1	0	0
1	1	UID989275	1	1	0	0
1	1	UID989281	1	1	0	0
1	1	UID989282	1	1	0	0
1	1	UID989283	1	1	0	0
1	1	UID989287	1	1	0	0
1	1	UID989291	1	1	0	0
1	1	UID989292	1	1	0	0
1	1	UID989293	1	1	0	0
1	1	UID989297	1	1	0	0
1	1	UID989298	1	1	0	0
1	1	UID989299	1	1	0	0
1	1	UID989300	1	1	0	0
2	2	UID989306	1	2	1	1
1	1	UID989309	1	1	0	0
1	1	UID989317	1	1	0	0
1	1	UID989318	1	1	0	0
1	1	UID989320	1	1	0	0
1	1	UID989325	1	1	0	0
1	1	UID989326	1	1	0	0
1	1	UID989328	1	1	0	0
1	1	UID989329	1	1	0	0
1	1	UID989330	1	1	0	0
1	1	UID989331	1	1	0	0
1	1	UID989332	1	1	0	0
1	1	UID989333	1	1	0	0
1	1	UID989334	1	1	0	0
1	1	UID989335	1	1	0	0
1	1	UID989342	1	1	0	0
1	1	UID989345	1	1	0	0
1	1	UID989351	1	1	0	0
1	1	UID989352	1	1	0	0
1	1	UID989357	1	1	0	0
1	1	UID989360	1	1	0	0
1	1	UID989363	1	1	0	0
1	1	UID989364	1	1	0	0
1	1	UID989365	1	1	0	0
1	1	UID989375	1	1	0	0
1	1	UID989377	1	1	0	0
1	1	UID989394	1	1	0	0
1	1	UID989403	1	1	0	0
1	1	UID989406	1	1	0	0
1	1	UID989408	1	1	0	0
1	1	UID989412	1	1	0	0
1	1	UID989418	1	1	0	0
1	1	UID989426	1	1	0	0
1	1	UID989432	1	1	0	0
1	1	UID989433	1	1	0	0
1	1	UID989434	1	1	0	0
1	1	UID989435	1	1	0	0
1	1	UID989436	1	1	0	0
1	1	UID989437	1	1	0	0
1	1	UID989438	1	1	0	0
1	1	UID989440	1	1	0	0
1	1	UID989446	1	1	0	0
1	1	UID989448	1	1	0	0
1	1	UID989463	1	1	0	0
1	1	UID989466	1	1	0	0
1	1	UID989467	1	1	0	0
1	1	UID989468	1	1	0	0
1	1	UID989469	1	1	0	0
1	1	UID989470	1	1	0	0
1	1	UID989472	1	1	0	0
1	1	UID989473	1	1	0	0
1	1	UID989474	1	1	0	0
1	1	UID989475	1	1	0	0
1	1	UID989478	1	1	0	0
1	1	UID989479	1	1	0	0
1	1	UID989480	1	1	0	0
1	1	UID989481	1	1	0	0
1	1	UID989482	1	1	0	0
1	1	UID989483	1	1	0	0
1	1	UID989489	1	1	0	0
1	1	UID989491	1	1	0	0
1	1	UID989492	1	1	0	0
1	1	UID989493	1	1	0	0
1	1	UID989500	1	1	0	0
1	1	UID989503	1	1	0	0
1	1	UID989504	1	1	0	0
1	1	UID989506	1	1	0	0
1	1	UID989507	1	1	0	0
1	1	UID989509	1	1	0	0
1	1	UID989510	1	1	0	0
1	1	UID989513	1	1	0	0
1	1	UID989517	1	1	0	0
1	1	UID989533	1	1	0	0
1	1	UID989535	1	1	0	0
1	1	UID989536	1	1	0	0
1	1	UID989540	1	1	0	0
1	1	UID989541	1	1	0	0
1	1	UID989543	1	1	0	0
1	1	UID989545	1	1	0	0
1	1	UID989556	1	1	0	0
1	1	UID989557	1	1	0	0
1	1	UID989560	1	1	0	0
1	1	UID989561	1	1	0	0
1	1	UID989563	1	1	0	0
1	1	UID989566	1	1	0	0
1	1	UID989572	1	1	0	0
1	1	UID989573	1	1	0	0
1	1	UID989576	1	1	0	0
1	1	UID989578	1	1	0	0
1	1	UID989579	1	1	0	0
1	1	UID989581	1	1	0	0
1	1	UID989586	1	1	0	0
1	1	UID989594	1	1	0	0
1	1	UID989601	1	1	0	0
1	1	UID989602	1	1	0	0
1	1	UID989603	1	1	0	0
1	1	UID989604	1	1	0	0
1	1	UID989605	1	1	0	0
1	1	UID989606	1	1	0	0
1	1	UID989623	1	1	0	0
1	1	UID989626	1	1	0	0
1	1	UID989627	1	1	0	0
1	1	UID989633	1	1	0	0
1	1	UID989635	1	1	0	0
1	1	UID989637	1	1	0	0
1	1	UID989642	1	1	0	0
1	1	UID989643	1	1	0	0
1	1	UID989646	1	1	0	0
1	1	UID989651	1	1	0	0
1	1	UID989660	1	1	0	0
1	1	UID989664	1	1	0	0
1	1	UID989665	1	1	0	0
1	1	UID989666	1	1	0	0
1	1	UID989669	1	1	0	0
1	1	UID989670	1	1	0	0
1	1	UID989671	1	1	0	0
1	1	UID989684	1	1	0	0
1	1	UID989700	1	1	0	0
1	1	UID989701	1	1	0	0
1	1	UID989703	1	1	0	0
1	1	UID989705	1	1	0	0
1	1	UID989706	1	1	0	0
1	1	UID989707	1	1	0	0
1	1	UID989712	1	1	0	0
1	1	UID989726	1	1	0	0
1	1	UID989729	1	1	0	0
1	1	UID989733	1	1	0	0
1	1	UID989734	1	1	0	0
1	1	UID989736	1	1	0	0
1	1	UID989737	1	1	0	0
1	1	UID989739	1	1	0	0
1	1	UID989740	1	1	0	0
1	1	UID989749	1	1	0	0
1	1	UID989755	1	1	0	0
1	1	UID989756	1	1	0	0
1	1	UID989764	1	1	0	0
1	1	UID989766	1	1	0	0
1	1	UID989767	1	1	0	0
1	1	UID989770	1	1	0	0
1	1	UID989772	1	1	0	0
1	1	UID989779	1	1	0	0
1	1	UID989780	1	1	0	0
1	1	UID989783	1	1	0	0
1	1	UID989784	1	1	0	0
1	1	UID989785	1	1	0	0
1	1	UID989786	1	1	0	0
1	1	UID989801	1	1	0	0
1	1	UID989802	1	1	0	0
1	1	UID989803	1	1	0	0
1	1	UID989813	1	1	0	0
1	1	UID989814	1	1	0	0
1	1	UID989815	1	1	0	0
1	1	UID989818	1	1	0	0
1	1	UID989820	1	1	0	0
1	1	UID989821	1	1	0	0
1	1	UID989832	1	1	0	0
1	1	UID989833	1	1	0	0
1	1	UID989848	1	1	0	0
1	1	UID989849	1	1	0	0
1	1	UID989851	1	1	0	0
1	1	UID989858	1	1	0	0
1	1	UID989859	1	1	0	0
1	1	UID989864	1	1	0	0
1	1	UID989866	1	1	0	0
1	1	UID989869	1	1	0	0
1	1	UID989870	1	1	0	0
1	1	UID989879	1	1	0	0
1	1	UID989880	1	1	0	0
1	1	UID989881	1	1	0	0
1	1	UID989884	1	1	0	0
1	1	UID989887	1	1	0	0
1	1	UID989889	1	1	0	0
1	1	UID989900	1	1	0	0
1	1	UID989902	1	1	0	0
1	1	UID989903	1	1	0	0
1	1	UID989911	1	1	0	0
1	1	UID989914	1	1	0	0
1	1	UID989915	1	1	0	0
1	1	UID989918	1	1	0	0
1	1	UID989921	1	1	0	0
1	1	UID989931	1	1	0	0
1	1	UID989933	1	1	0	0
1	1	UID989938	1	1	0	0
1	1	UID989946	1	1	0	0
1	1	UID989948	1	1	0	0
1	1	UID989949	1	1	0	0
1	1	UID989951	1	1	0	0
1	1	UID989958	1	1	0	0
1	1	UID989959	1	1	0	0
1	1	UID989960	1	1	0	0
1	1	UID989969	1	1	0	0
1	1	UID989972	1	1	0	0
1	1	UID989975	1	1	0	0
1	1	UID989978	1	1	0	0
1	1	UID989979	1	1	0	0
1	1	UID989981	1	1	0	0
1	1	UID989982	1	1	0	0
1	1	UID989983	1	1	0	0
1	1	UID989990	1	1	0	0
1	1	UID989993	1	1	0	0
1	1	UID989994	1	1	0	0
1	1	UID989997	1	1	0	0
1	1	UID989998	1	1	0	0
1	1	UID990006	1	1	0	0
1	1	UID990007	1	1	0	0
1	1	UID990008	1	1	0	0
1	1	UID990017	1	1	0	0
1	1	UID990019	1	1	0	0
1	1	UID990020	1	1	0	0
1	1	UID990021	1	1	0	0
1	1	UID990024	1	1	0	0
1	1	UID990029	1	1	0	0
1	1	UID990033	1	1	0	0
1	1	UID990034	1	1	0	0
1	1	UID990050	1	1	0	0
1	1	UID990058	1	1	0	0
1	1	UID990062	1	1	0	0
1	1	UID990063	1	1	0	0
1	1	UID990064	1	1	0	0
2	2	UID990065	1	2	1	1
1	1	UID990067	1	1	0	0
1	1	UID990068	1	1	0	0
1	1	UID990072	1	1	0	0
1	1	UID990076	1	1	0	0
1	1	UID990079	1	1	0	0
1	1	UID990086	1	1	0	0
1	1	UID990087	1	1	0	0
1	1	UID990095	1	1	0	0
1	1	UID990099	1	1	0	0
1	1	UID990102	1	1	0	0
1	1	UID990106	1	1	0	0
1	1	UID990119	1	1	0	0
1	1	UID990131	1	1	0	0
1	1	UID990137	1	1	0	0
1	1	UID990231	1	1	0	0
1	1	UID990247	1	1	0	0
1	1	UID990266	1	1	0	0
1	1	UID990267	1	1	0	0
1	1	UID990268	1	1	0	0
1	1	UID990271	1	1	0	0
1	1	UID990274	1	1	0	0
1	1	UID990275	1	1	0	0
1	1	UID990278	1	1	0	0
1	1	UID990283	1	1	0	0
1	1	UID990286	1	1	0	0
1	1	UID990302	1	1	0	0
1	1	UID990303	1	1	0	0
1	1	UID990307	1	1	0	0
1	1	UID990310	1	1	0	0
1	1	UID990313	1	1	0	0
1	1	UID990314	1	1	0	0
1	1	UID990316	1	1	0	0
1	1	UID990317	1	1	0	0
1	1	UID990320	1	1	0	0
1	1	UID990322	1	1	0	0
1	1	UID990324	1	1	0	0
1	1	UID990334	1	1	0	0
1	1	UID990336	1	1	0	0
1	1	UID990337	1	1	0	0
1	1	UID990338	1	1	0	0
1	1	UID990345	1	1	0	0
1	1	UID990351	1	1	0	0
1	1	UID990353	1	1	0	0
1	1	UID990385	1	1	0	0
1	1	UID990392	1	1	0	0
1	1	UID990395	1	1	0	0
1	1	UID990396	1	1	0	0
1	1	UID990398	1	1	0	0
1	1	UID990401	1	1	0	0
1	1	UID990403	1	1	0	0
1	1	UID990404	1	1	0	0
1	1	UID990405	1	1	0	0
1	1	UID990410	1	1	0	0
1	1	UID990411	1	1	0	0
1	1	UID990412	1	1	0	0
1	1	UID990424	1	1	0	0
1	1	UID990427	1	1	0	0
1	1	UID990428	1	1	0	0
1	1	UID990429	1	1	0	0
1	1	UID990442	1	1	0	0
1	1	UID990447	1	1	0	0
1	1	UID990449	1	1	0	0
1	1	UID990451	1	1	0	0
1	1	UID990453	1	1	0	0
1	1	UID990457	1	1	0	0
1	1	UID990461	1	1	0	0
1	1	UID990466	1	1	0	0
1	1	UID990468	1	1	0	0
1	1	UID990470	1	1	0	0
1	1	UID990471	1	1	0	0
1	1	UID990473	1	1	0	0
1	1	UID990474	1	1	0	0
1	1	UID990475	1	1	0	0
1	1	UID990484	1	1	0	0
1	1	UID990485	1	1	0	0
1	1	UID990486	1	1	0	0
1	1	UID990489	1	1	0	0
1	1	UID990490	1	1	0	0
1	1	UID990492	1	1	0	0
1	1	UID990497	1	1	0	0
1	1	UID990498	1	1	0	0
1	1	UID990501	1	1	0	0
1	1	UID990503	1	1	0	0
1	1	UID990506	1	1	0	0
5	5	UID990507	1	5	2	2
1	1	UID990511	1	1	0	0
1	1	UID990518	1	1	0	0
1	1	UID990524	1	1	0	0
1	1	UID990526	1	1	0	0
1	1	UID990527	1	1	0	0
1	1	UID990529	1	1	0	0
1	1	UID990542	1	1	0	0
1	1	UID990550	1	1	0	0
1	1	UID990552	1	1	0	0
1	1	UID990553	1	1	0	0
1	1	UID990554	1	1	0	0
1	1	UID990555	1	1	0	0
1	1	UID990556	1	1	0	0
1	1	UID990560	1	1	0	0
1	1	UID990561	1	1	0	0
1	1	UID990570	1	1	0	0
1	1	UID990573	1	1	0	0
1	1	UID990587	1	1	0	0
1	1	UID990597	1	1	0	0
1	1	UID990598	1	1	0	0
1	1	UID990608	1	1	0	0
1	1	UID990609	1	1	0	0
1	1	UID990620	1	1	0	0
1	1	UID990626	1	1	0	0
1	1	UID990640	1	1	0	0
1	1	UID990641	1	1	0	0
1	1	UID990643	1	1	0	0
1	1	UID990644	1	1	0	0
1	1	UID990647	1	1	0	0
1	1	UID990651	1	1	0	0
1	1	UID990657	1	1	0	0
1	1	UID990660	1	1	0	0
1	1	UID990661	1	1	0	0
1	1	UID990662	1	1	0	0
1	1	UID990664	1	1	0	0
1	1	UID990676	1	1	0	0
1	1	UID990682	1	1	0	0
1	1	UID990684	1	1	0	0
1	1	UID990687	1	1	0	0
1	1	UID990692	1	1	0	0
1	1	UID990701	1	1	0	0
1	1	UID990704	1	1	0	0
1	1	UID990711	1	1	0	0
1	1	UID990731	1	1	0	0
1	1	UID990732	1	1	0	0
1	1	UID990733	1	1	0	0
1	1	UID990735	1	1	0	0
1	1	UID990738	1	1	0	0
1	1	UID990750	1	1	0	0
1	1	UID990761	1	1	0	0
1	1	UID990765	1	1	0	0
1	1	UID990778	1	1	0	0
1	1	UID990779	1	1	0	0
1	1	UID990788	1	1	0	0
1	1	UID990789	1	1	0	0
1	1	UID990790	1	1	0	0
1	1	UID990796	1	1	0	0
1	1	UID990799	1	1	0	0
1	1	UID990800	1	1	0	0
1	1	UID990814	1	1	0	0
1	1	UID990815	1	1	0	0
1	1	UID990816	1	1	0	0
1	1	UID990817	1	1	0	0
1	1	UID990819	1	1	0	0
1	1	UID990820	1	1	0	0
1	1	UID990821	1	1	0	0
1	1	UID990824	1	1	0	0
1	1	UID990838	1	1	0	0
1	1	UID990839	1	1	0	0
1	1	UID990845	1	1	0	0
1	1	UID990849	1	1	0	0
1	1	UID990850	1	1	0	0
1	1	UID990856	1	1	0	0
1	1	UID990857	1	1	0	0
1	1	UID990860	1	1	0	0
1	1	UID990862	1	1	0	0
1	1	UID990867	1	1	0	0
1	1	UID990869	1	1	0	0
1	1	UID990870	1	1	0	0
1	1	UID990871	1	1	0	0
1	1	UID990872	1	1	0	0
1	1	UID990873	1	1	0	0
1	1	UID990875	1	1	0	0
1	1	UID990876	1	1	0	0
1	1	UID990877	1	1	0	0
1	1	UID990878	1	1	0	0
1	1	UID990884	1	1	0	0
1	1	UID990897	1	1	0	0
1	1	UID990899	1	1	0	0
1	1	UID990901	1	1	0	0
1	1	UID990902	1	1	0	0
1	1	UID990903	1	1	0	0
1	1	UID990910	1	1	0	0
1	1	UID990912	1	1	0	0
1	1	UID990913	1	1	0	0
1	1	UID990914	1	1	0	0
1	1	UID990915	1	1	0	0
1	1	UID990916	1	1	0	0
1	1	UID990917	1	1	0	0
1	1	UID990918	1	1	0	0
1	1	UID990919	1	1	0	0
1	1	UID990926	1	1	0	0
1	1	UID990927	1	1	0	0
1	1	UID990929	1	1	0	0
1	1	UID990930	1	1	0	0
1	1	UID990940	1	1	0	0
1	1	UID990941	1	1	0	0
1	1	UID990942	1	1	0	0
1	1	UID990945	1	1	0	0
1	1	UID990946	1	1	0	0
1	1	UID990950	1	1	0	0
1	1	UID990952	1	1	0	0
1	1	UID990953	1	1	0	0
1	1	UID990960	1	1	0	0
1	1	UID990962	1	1	0	0
1	1	UID990963	1	1	0	0
1	1	UID990964	1	1	0	0
1	1	UID990965	1	1	0	0
1	1	UID990966	1	1	0	0
1	1	UID990969	1	1	0	0
1	1	UID990972	1	1	0	0
1	1	UID990973	1	1	0	0
1	1	UID990974	1	1	0	0
1	1	UID990976	1	1	0	0
1	1	UID990977	1	1	0	0
1	1	UID990978	1	1	0	0
1	1	UID990980	1	1	0	0
1	1	UID990981	1	1	0	0
1	1	UID990982	1	1	0	0
1	1	UID990983	1	1	0	0
1	1	UID990984	1	1	0	0
1	1	UID990986	1	1	0	0
1	1	UID990987	1	1	0	0
1	1	UID990989	1	1	0	0
1	1	UID990996	1	1	0	0
1	1	UID990998	1	1	0	0
1	1	UID991000	1	1	0	0
1	1	UID991003	1	1	0	0
1	1	UID991004	1	1	0	0
1	1	UID991005	1	1	0	0
1	1	UID991006	1	1	0	0
1	1	UID991010	1	1	0	0
1	1	UID991011	1	1	0	0
1	1	UID991012	1	1	0	0
1	1	UID991013	1	1	0	0
1	1	UID991014	1	1	0	0
1	1	UID991015	1	1	0	0
1	1	UID991016	1	1	0	0
1	1	UID991027	1	1	0	0
1	1	UID991028	1	1	0	0
1	1	UID991030	1	1	0	0
1	1	UID991045	1	1	0	0
1	1	UID991054	1	1	0	0
1	1	UID991058	1	1	0	0
1	1	UID991059	1	1	0	0
1	1	UID991068	1	1	0	0
1	1	UID991073	1	1	0	0
1	1	UID991074	1	1	0	0
1	1	UID991075	1	1	0	0
1	1	UID991076	1	1	0	0
1	1	UID991078	1	1	0	0
1	1	UID991079	1	1	0	0
1	1	UID991085	1	1	0	0
1	1	UID991086	1	1	0	0
1	1	UID991089	1	1	0	0
1	1	UID991091	1	1	0	0
1	1	UID991092	1	1	0	0
1	1	UID991093	1	1	0	0
1	1	UID991094	1	1	0	0
1	1	UID991095	1	1	0	0
1	1	UID991098	1	1	0	0
1	1	UID991099	1	1	0	0
1	1	UID991101	1	1	0	0
1	1	UID991117	1	1	0	0
1	1	UID991118	1	1	0	0
1	1	UID991119	1	1	0	0
1	1	UID991120	1	1	0	0
1	1	UID991123	1	1	0	0
1	1	UID991124	1	1	0	0
1	1	UID991127	1	1	0	0
1	1	UID991133	1	1	0	0
1	1	UID991135	1	1	0	0
1	1	UID991137	1	1	0	0
1	1	UID991140	1	1	0	0
1	1	UID991141	1	1	0	0
1	1	UID991142	1	1	0	0
1	1	UID991144	1	1	0	0
1	1	UID991145	1	1	0	0
1	1	UID991147	1	1	0	0
1	1	UID991149	1	1	0	0
1	1	UID991150	1	1	0	0
1	1	UID991151	1	1	0	0
1	1	UID991153	1	1	0	0
1	1	UID991157	1	1	0	0
1	1	UID991158	1	1	0	0
1	1	UID991162	1	1	0	0
1	1	UID991163	1	1	0	0
1	1	UID991166	1	1	0	0
1	1	UID991169	1	1	0	0
1	1	UID991171	1	1	0	0
1	1	UID991174	1	1	0	0
1	1	UID991175	1	1	0	0
1	1	UID991177	1	1	0	0
1	1	UID991178	1	1	0	0
1	1	UID991180	1	1	0	0
1	1	UID991183	1	1	0	0
1	1	UID991184	1	1	0	0
1	1	UID991186	1	1	0	0
1	1	UID991190	1	1	0	0
1	1	UID991191	1	1	0	0
1	1	UID991197	1	1	0	0
1	1	UID991212	1	1	0	0
1	1	UID991214	1	1	0	0
1	1	UID991217	1	1	0	0
1	1	UID991226	1	1	0	0
2	2	UID991234	1	2	1	1
1	1	UID991236	1	1	0	0
1	1	UID991245	1	1	0	0
1	1	UID991247	1	1	0	0
1	1	UID991258	1	1	0	0
1	1	UID991259	1	1	0	0
1	1	UID991262	1	1	0	0
1	1	UID991272	1	1	0	0
1	1	UID991277	1	1	0	0
1	1	UID991278	1	1	0	0
1	1	UID991279	1	1	0	0
1	1	UID991280	1	1	0	0
1	1	UID991285	1	1	0	0
1	1	UID991291	1	1	0	0
1	1	UID991292	1	1	0	0
1	1	UID991293	1	1	0	0
1	1	UID991295	1	1	0	0
1	1	UID991296	1	1	0	0
1	1	UID991297	1	1	0	0
1	1	UID991298	1	1	0	0
1	1	UID991299	1	1	0	0
1	1	UID991306	1	1	0	0
1	1	UID991307	1	1	0	0
1	1	UID991313	1	1	0	0
1	1	UID991320	1	1	0	0
1	1	UID991326	1	1	0	0
1	1	UID991336	1	1	0	0
1	1	UID991343	1	1	0	0
1	1	UID991346	1	1	0	0
1	1	UID991347	1	1	0	0
1	1	UID991348	1	1	0	0
1	1	UID991363	1	1	0	0
1	1	UID991368	1	1	0	0
1	1	UID991373	1	1	0	0
1	1	UID991374	1	1	0	0
1	1	UID991378	1	1	0	0
1	1	UID991379	1	1	0	0
1	1	UID991380	1	1	0	0
1	1	UID991382	1	1	0	0
1	1	UID991384	1	1	0	0
1	1	UID991394	1	1	0	0
1	1	UID991397	1	1	0	0
1	1	UID991398	1	1	0	0
1	1	UID991399	1	1	0	0
1	1	UID991400	1	1	0	0
1	1	UID991401	1	1	0	0
1	1	UID991405	1	1	0	0
1	1	UID991406	1	1	0	0
1	1	UID991408	1	1	0	0
1	1	UID991409	1	1	0	0
1	1	UID991410	1	1	0	0
1	1	UID991411	1	1	0	0
1	1	UID991412	1	1	0	0
1	1	UID991413	1	1	0	0
1	1	UID991414	1	1	0	0
1	1	UID991415	1	1	0	0
1	1	UID991417	1	1	0	0
1	1	UID991418	1	1	0	0
1	1	UID991420	1	1	0	0
1	1	UID991422	1	1	0	0
1	1	UID991429	1	1	0	0
1	1	UID991430	1	1	0	0
1	1	UID991432	1	1	0	0
1	1	UID991433	1	1	0	0
1	1	UID991434	1	1	0	0
1	1	UID991435	1	1	0	0
1	1	UID991436	1	1	0	0
1	1	UID991445	1	1	0	0
1	1	UID991446	1	1	0	0
1	1	UID991447	1	1	0	0
1	1	UID991448	1	1	0	0
1	1	UID991450	1	1	0	0
1	1	UID991454	1	1	0	0
1	1	UID991465	1	1	0	0
1	1	UID991472	1	1	0	0
1	1	UID991481	1	1	0	0
1	1	UID991485	1	1	0	0
1	1	UID991486	1	1	0	0
1	1	UID991491	1	1	0	0
1	1	UID991496	1	1	0	0
1	1	UID991503	1	1	0	0
1	1	UID991511	1	1	0	0
1	1	UID991513	1	1	0	0
1	1	UID991516	1	1	0	0
1	1	UID991518	1	1	0	0
1	1	UID991519	1	1	0	0
1	1	UID991521	1	1	0	0
1	1	UID991528	1	1	0	0
1	1	UID991530	1	1	0	0
1	1	UID991531	1	1	0	0
1	1	UID991532	1	1	0	0
1	1	UID991533	1	1	0	0
1	1	UID991534	1	1	0	0
1	1	UID991535	1	1	0	0
1	1	UID991536	1	1	0	0
1	1	UID991538	1	1	0	0
1	1	UID991539	1	1	0	0
1	1	UID991542	1	1	0	0
1	1	UID991544	1	1	0	0
1	1	UID991545	1	1	0	0
1	1	UID991546	1	1	0	0
1	1	UID991547	1	1	0	0
1	1	UID991548	1	1	0	0
1	1	UID991549	1	1	0	0
1	1	UID991562	1	1	0	0
1	1	UID991571	1	1	0	0
1	1	UID991575	1	1	0	0
1	1	UID991576	1	1	0	0
1	1	UID991577	1	1	0	0
1	1	UID991592	1	1	0	0
1	1	UID991593	1	1	0	0
1	1	UID991598	1	1	0	0
1	1	UID991618	1	1	0	0
1	1	UID991620	1	1	0	0
1	1	UID991624	1	1	0	0
1	1	UID991626	1	1	0	0
1	1	UID991627	1	1	0	0
1	1	UID991630	1	1	0	0
1	1	UID991633	1	1	0	0
1	1	UID991636	1	1	0	0
1	1	UID991637	1	1	0	0
1	1	UID991639	1	1	0	0
1	1	UID991642	1	1	0	0
1	1	UID991647	1	1	0	0
1	1	UID991649	1	1	0	0
1	1	UID991675	1	1	0	0
1	1	UID991678	1	1	0	0
1	1	UID991683	1	1	0	0
1	1	UID991684	1	1	0	0
1	1	UID991685	1	1	0	0
1	1	UID991686	1	1	0	0
1	1	UID991687	1	1	0	0
1	1	UID991688	1	1	0	0
1	1	UID991689	1	1	0	0
1	1	UID991697	1	1	0	0
1	1	UID991699	1	1	0	0
1	1	UID991700	1	1	0	0
1	1	UID991705	1	1	0	0
1	1	UID991706	1	1	0	0
1	1	UID991711	1	1	0	0
1	1	UID991712	1	1	0	0
1	1	UID991713	1	1	0	0
1	1	UID991714	1	1	0	0
1	1	UID991719	1	1	0	0
1	1	UID991725	1	1	0	0
1	1	UID991735	1	1	0	0
1	1	UID991736	1	1	0	0
1	1	UID991745	1	1	0	0
1	1	UID991748	1	1	0	0
1	1	UID991749	1	1	0	0
1	1	UID991751	1	1	0	0
1	1	UID991761	1	1	0	0
1	1	UID991771	1	1	0	0
1	1	UID991772	1	1	0	0
1	1	UID991774	1	1	0	0
1	1	UID991776	1	1	0	0
1	1	UID991778	1	1	0	0
1	1	UID991780	1	1	0	0
1	1	UID991792	1	1	0	0
1	1	UID991794	1	1	0	0
1	1	UID991796	1	1	0	0
1	1	UID991799	1	1	0	0
1	1	UID991811	1	1	0	0
1	1	UID991814	1	1	0	0
1	1	UID991821	1	1	0	0
1	1	UID991824	1	1	0	0
1	1	UID991828	1	1	0	0
1	1	UID991830	1	1	0	0
1	1	UID991833	1	1	0	0
1	1	UID991834	1	1	0	0
1	1	UID991835	1	1	0	0
1	1	UID991837	1	1	0	0
1	1	UID991840	1	1	0	0
1	1	UID991841	1	1	0	0
1	1	UID991843	1	1	0	0
1	1	UID991844	1	1	0	0
1	1	UID991845	1	1	0	0
1	1	UID991847	1	1	0	0
1	1	UID991852	1	1	0	0
1	1	UID991854	1	1	0	0
1	1	UID991857	1	1	0	0
1	1	UID991862	1	1	0	0
1	1	UID991863	1	1	0	0
1	1	UID991864	1	1	0	0
1	1	UID991865	1	1	0	0
1	1	UID991867	1	1	0	0
1	1	UID991889	1	1	0	0
1	1	UID991890	1	1	0	0
1	1	UID991903	1	1	0	0
1	1	UID991906	1	1	0	0
1	1	UID991910	1	1	0	0
1	1	UID991911	1	1	0	0
1	1	UID991917	1	1	0	0
1	1	UID991926	1	1	0	0
1	1	UID991929	1	1	0	0
1	1	UID991939	1	1	0	0
1	1	UID991941	1	1	0	0
1	1	UID991942	1	1	0	0
1	1	UID991945	1	1	0	0
1	1	UID991946	1	1	0	0
1	1	UID991952	1	1	0	0
1	1	UID991953	1	1	0	0
1	1	UID991956	1	1	0	0
1	1	UID991957	1	1	0	0
1	1	UID991958	1	1	0	0
1	1	UID991959	1	1	0	0
1	1	UID991962	1	1	0	0
1	1	UID991963	1	1	0	0
1	1	UID991971	1	1	0	0
1	1	UID991972	1	1	0	0
1	1	UID991973	1	1	0	0
1	1	UID991974	1	1	0	0
1	1	UID991975	1	1	0	0
1	1	UID991977	1	1	0	0
1	1	UID991978	1	1	0	0
1	1	UID991984	1	1	0	0
1	1	UID991985	1	1	0	0
1	1	UID991988	1	1	0	0
1	1	UID991991	1	1	0	0
1	1	UID991995	1	1	0	0
1	1	UID992003	1	1	0	0
1	1	UID992006	1	1	0	0
1	1	UID992007	1	1	0	0
1	1	UID992008	1	1	0	0
1	1	UID992012	1	1	0	0
1	1	UID992019	1	1	0	0
1	1	UID992026	1	1	0	0
1	1	UID992027	1	1	0	0
1	1	UID992030	1	1	0	0
1	1	UID992032	1	1	0	0
1	1	UID992033	1	1	0	0
1	1	UID992034	1	1	0	0
1	1	UID992035	1	1	0	0
1	1	UID992043	1	1	0	0
1	1	UID992046	1	1	0	0
1	1	UID992047	1	1	0	0
1	1	UID992052	1	1	0	0
1	1	UID992053	1	1	0	0
1	1	UID992057	1	1	0	0
1	1	UID992058	1	1	0	0
1	1	UID992064	1	1	0	0
1	1	UID992065	1	1	0	0
1	1	UID992069	1	1	0	0
1	1	UID992071	1	1	0	0
1	1	UID992074	1	1	0	0
1	1	UID992076	1	1	0	0
1	1	UID992077	1	1	0	0
1	1	UID992078	1	1	0	0
3	3	UID992081	1	3	2	2
1	1	UID992084	1	1	0	0
1	1	UID992086	1	1	0	0
2	2	UID992093	1	2	1	1
1	1	UID992098	1	1	0	0
1	1	UID992110	1	1	0	0
1	1	UID992116	1	1	0	0
1	1	UID992120	1	1	0	0
1	1	UID992123	1	1	0	0
1	1	UID992125	1	1	0	0
1	1	UID992128	1	1	0	0
1	1	UID992135	1	1	0	0
1	1	UID992140	1	1	0	0
1	1	UID992142	1	1	0	0
1	1	UID992143	1	1	0	0
1	1	UID992146	1	1	0	0
1	1	UID992150	1	1	0	0
1	1	UID992151	1	1	0	0
1	1	UID992154	1	1	0	0
1	1	UID992155	1	1	0	0
1	1	UID992159	1	1	0	0
1	1	UID992162	1	1	0	0
1	1	UID992163	1	1	0	0
1	1	UID992164	1	1	0	0
1	1	UID992168	1	1	0	0
1	1	UID992170	1	1	0	0
1	1	UID992173	1	1	0	0
1	1	UID992174	1	1	0	0
1	1	UID992176	1	1	0	0
1	1	UID992177	1	1	0	0
1	1	UID992180	1	1	0	0
1	1	UID992183	1	1	0	0
4	4	UID992184	1	4	2	2
1	1	UID992203	1	1	0	0
1	1	UID992205	1	1	0	0
1	1	UID992219	1	1	0	0
1	1	UID992224	1	1	0	0
1	1	UID992225	1	1	0	0
1	1	UID992227	1	1	0	0
1	1	UID992228	1	1	0	0
1	1	UID992231	1	1	0	0
1	1	UID992237	1	1	0	0
1	1	UID992238	1	1	0	0
1	1	UID992239	1	1	0	0
1	1	UID992240	1	1	0	0
1	1	UID992242	1	1	0	0
1	1	UID992243	1	1	0	0
1	1	UID992244	1	1	0	0
1	1	UID992246	1	1	0	0
1	1	UID992247	1	1	0	0
1	1	UID992249	1	1	0	0
1	1	UID992250	1	1	0	0
1	1	UID992251	1	1	0	0
1	1	UID992252	1	1	0	0
1	1	UID992253	1	1	0	0
1	1	UID992256	1	1	0	0
1	1	UID992259	1	1	0	0
1	1	UID992260	1	1	0	0
1	1	UID992262	1	1	0	0
1	1	UID992265	1	1	0	0
1	1	UID992266	1	1	0	0
1	1	UID992268	1	1	0	0
1	1	UID992269	1	1	0	0
1	1	UID992270	1	1	0	0
1	1	UID992271	1	1	0	0
1	1	UID992277	1	1	0	0
1	1	UID992278	1	1	0	0
1	1	UID992279	1	1	0	0
1	1	UID992282	1	1	0	0
1	1	UID992283	1	1	0	0
1	1	UID992284	1	1	0	0
1	1	UID992285	1	1	0	0
1	1	UID992286	1	1	0	0
1	1	UID992287	1	1	0	0
1	1	UID992288	1	1	0	0
1	1	UID992289	1	1	0	0
1	1	UID992290	1	1	0	0
1	1	UID992291	1	1	0	0
1	1	UID992292	1	1	0	0
1	1	UID992294	1	1	0	0
1	1	UID992295	1	1	0	0
1	1	UID992296	1	1	0	0
1	1	UID992297	1	1	0	0
1	1	UID992298	1	1	0	0
1	1	UID992299	1	1	0	0
1	1	UID992300	1	1	0	0
1	1	UID992302	1	1	0	0
1	1	UID992303	1	1	0	0
1	1	UID992304	1	1	0	0
1	1	UID992305	1	1	0	0
1	1	UID992306	1	1	0	0
1	1	UID992307	1	1	0	0
1	1	UID992308	1	1	0	0
1	1	UID992309	1	1	0	0
1	1	UID992320	1	1	0	0
1	1	UID992321	1	1	0	0
1	1	UID992327	1	1	0	0
1	1	UID992328	1	1	0	0
1	1	UID992329	1	1	0	0
1	1	UID992330	1	1	0	0
1	1	UID992331	1	1	0	0
1	1	UID992332	1	1	0	0
1	1	UID992333	1	1	0	0
1	1	UID992334	1	1	0	0
1	1	UID992335	1	1	0	0
1	1	UID992337	1	1	0	0
1	1	UID992342	1	1	0	0
1	1	UID992345	1	1	0	0
1	1	UID992346	1	1	0	0
1	1	UID992347	1	1	0	0
1	1	UID992348	1	1	0	0
1	1	UID992354	1	1	0	0
1	1	UID992361	1	1	0	0
1	1	UID992365	1	1	0	0
2	2	UID992370	1	2	1	1
1	1	UID992383	1	1	0	0
1	1	UID992389	1	1	0	0
1	1	UID992394	1	1	0	0
1	1	UID992395	1	1	0	0
1	1	UID992400	1	1	0	0
1	1	UID992401	1	1	0	0
1	1	UID992402	1	1	0	0
1	1	UID992409	1	1	0	0
1	1	UID992411	1	1	0	0
1	1	UID992414	1	1	0	0
1	1	UID992415	1	1	0	0
1	1	UID992417	1	1	0	0
1	1	UID992434	1	1	0	0
1	1	UID992448	1	1	0	0
1	1	UID992451	1	1	0	0
1	1	UID992452	1	1	0	0
1	1	UID992453	1	1	0	0
1	1	UID992456	1	1	0	0
1	1	UID992457	1	1	0	0
1	1	UID992463	1	1	0	0
1	1	UID992469	1	1	0	0
1	1	UID992471	1	1	0	0
1	1	UID992477	1	1	0	0
1	1	UID992480	1	1	0	0
1	1	UID992481	1	1	0	0
1	1	UID992482	1	1	0	0
1	1	UID992483	1	1	0	0
1	1	UID992488	1	1	0	0
1	1	UID992492	1	1	0	0
1	1	UID992493	1	1	0	0
1	1	UID992499	1	1	0	0
1	1	UID992501	1	1	0	0
1	1	UID992502	1	1	0	0
1	1	UID992504	1	1	0	0
1	1	UID992506	1	1	0	0
1	1	UID992507	1	1	0	0
1	1	UID992509	1	1	0	0
1	1	UID992512	1	1	0	0
1	1	UID992513	1	1	0	0
1	1	UID992514	1	1	0	0
1	1	UID992522	1	1	0	0
1	1	UID992524	1	1	0	0
1	1	UID992525	1	1	0	0
1	1	UID992526	1	1	0	0
1	1	UID992529	1	1	0	0
1	1	UID992531	1	1	0	0
1	1	UID992532	1	1	0	0
1	1	UID992533	1	1	0	0
1	1	UID992534	1	1	0	0
1	1	UID992536	1	1	0	0
1	1	UID992538	1	1	0	0
1	1	UID992539	1	1	0	0
1	1	UID992544	1	1	0	0
1	1	UID992547	1	1	0	0
1	1	UID992548	1	1	0	0
1	1	UID992552	1	1	0	0
1	1	UID992553	1	1	0	0
1	1	UID992564	1	1	0	0
1	1	UID992572	1	1	0	0
1	1	UID992575	1	1	0	0
1	1	UID992582	1	1	0	0
1	1	UID992586	1	1	0	0
1	1	UID992590	1	1	0	0
1	1	UID992608	1	1	0	0
1	1	UID992613	1	1	0	0
1	1	UID992619	1	1	0	0
1	1	UID992621	1	1	0	0
1	1	UID992622	1	1	0	0
1	1	UID992623	1	1	0	0
1	1	UID992626	1	1	0	0
1	1	UID992633	1	1	0	0
1	1	UID992634	1	1	0	0
1	1	UID992635	1	1	0	0
1	1	UID992639	1	1	0	0
1	1	UID992643	1	1	0	0
1	1	UID992647	1	1	0	0
1	1	UID992650	1	1	0	0
1	1	UID992664	1	1	0	0
1	1	UID992666	1	1	0	0
1	1	UID992673	1	1	0	0
1	1	UID992674	1	1	0	0
1	1	UID992675	1	1	0	0
1	1	UID992679	1	1	0	0
1	1	UID992680	1	1	0	0
1	1	UID992681	1	1	0	0
1	1	UID992683	1	1	0	0
1	1	UID992688	1	1	0	0
1	1	UID992690	1	1	0	0
1	1	UID992692	1	1	0	0
1	1	UID992693	1	1	0	0
1	1	UID992695	1	1	0	0
1	1	UID992696	1	1	0	0
1	1	UID992697	1	1	0	0
1	1	UID992698	1	1	0	0
1	1	UID992699	1	1	0	0
1	1	UID992700	1	1	0	0
1	1	UID992701	1	1	0	0
1	1	UID992702	1	1	0	0
1	1	UID992704	1	1	0	0
1	1	UID992709	1	1	0	0
1	1	UID992710	1	1	0	0
1	1	UID992711	1	1	0	0
1	1	UID992714	1	1	0	0
1	1	UID992715	1	1	0	0
1	1	UID992720	1	1	0	0
1	1	UID992721	1	1	0	0
1	1	UID992722	1	1	0	0
1	1	UID992723	1	1	0	0
1	1	UID992724	1	1	0	0
1	1	UID992725	1	1	0	0
1	1	UID992726	1	1	0	0
1	1	UID992727	1	1	0	0
1	1	UID992728	1	1	0	0
1	1	UID992729	1	1	0	0
1	1	UID992730	1	1	0	0
1	1	UID992732	1	1	0	0
1	1	UID992733	1	1	0	0
1	1	UID992734	1	1	0	0
1	1	UID992735	1	1	0	0
1	1	UID992736	1	1	0	0
1	1	UID992737	1	1	0	0
1	1	UID992738	1	1	0	0
1	1	UID992739	1	1	0	0
1	1	UID992740	1	1	0	0
1	1	UID992741	1	1	0	0
1	1	UID992742	1	1	0	0
1	1	UID992744	1	1	0	0
1	1	UID992745	1	1	0	0
1	1	UID992748	1	1	0	0
1	1	UID992753	1	1	0	0
1	1	UID992754	1	1	0	0
1	1	UID992755	1	1	0	0
1	1	UID992756	1	1	0	0
1	1	UID992757	1	1	0	0
1	1	UID992758	1	1	0	0
1	1	UID992759	1	1	0	0
1	1	UID992760	1	1	0	0
1	1	UID992761	1	1	0	0
1	1	UID992763	1	1	0	0
1	1	UID992765	1	1	0	0
1	1	UID992766	1	1	0	0
1	1	UID992768	1	1	0	0
1	1	UID992771	1	1	0	0
1	1	UID992775	1	1	0	0
1	1	UID992778	1	1	0	0
1	1	UID992779	1	1	0	0
1	1	UID992788	1	1	0	0
1	1	UID992802	1	1	0	0
1	1	UID992803	1	1	0	0
1	1	UID992804	1	1	0	0
1	1	UID992811	1	1	0	0
1	1	UID992822	1	1	0	0
1	1	UID992825	1	1	0	0
1	1	UID992827	1	1	0	0
1	1	UID992830	1	1	0	0
1	1	UID992836	1	1	0	0
1	1	UID992838	1	1	0	0
1	1	UID992841	1	1	0	0
1	1	UID992845	1	1	0	0
1	1	UID992851	1	1	0	0
1	1	UID992854	1	1	0	0
1	1	UID992857	1	1	0	0
1	1	UID992866	1	1	0	0
1	1	UID992877	1	1	0	0
1	1	UID992881	1	1	0	0
1	1	UID992882	1	1	0	0
1	1	UID992897	1	1	0	0
1	1	UID992898	1	1	0	0
1	1	UID992904	1	1	0	0
1	1	UID992905	1	1	0	0
1	1	UID992908	1	1	0	0
1	1	UID992911	1	1	0	0
1	1	UID992916	1	1	0	0
1	1	UID992919	1	1	0	0
1	1	UID992920	1	1	0	0
1	1	UID992921	1	1	0	0
1	1	UID992925	1	1	0	0
1	1	UID992926	1	1	0	0
1	1	UID992928	1	1	0	0
1	1	UID992937	1	1	0	0
1	1	UID992939	1	1	0	0
1	1	UID992944	1	1	0	0
1	1	UID992964	1	1	0	0
1	1	UID992969	1	1	0	0
1	1	UID992971	1	1	0	0
1	1	UID992972	1	1	0	0
1	1	UID992973	1	1	0	0
1	1	UID992974	1	1	0	0
1	1	UID992980	1	1	0	0
1	1	UID992982	1	1	0	0
1	1	UID992987	1	1	0	0
1	1	UID992989	1	1	0	0
1	1	UID992990	1	1	0	0
1	1	UID992992	1	1	0	0
1	1	UID992995	1	1	0	0
1	1	UID992996	1	1	0	0
1	1	UID993003	1	1	0	0
1	1	UID993006	1	1	0	0
1	1	UID993008	1	1	0	0
1	1	UID993009	1	1	0	0
1	1	UID993010	1	1	0	0
1	1	UID993011	1	1	0	0
1	1	UID993039	1	1	0	0
1	1	UID993041	1	1	0	0
1	1	UID993042	1	1	0	0
1	1	UID993046	1	1	0	0
1	1	UID993052	1	1	0	0
1	1	UID993053	1	1	0	0
1	1	UID993055	1	1	0	0
1	1	UID993058	1	1	0	0
1	1	UID993070	1	1	0	0
1	1	UID993077	1	1	0	0
1	1	UID993078	1	1	0	0
1	1	UID993080	1	1	0	0
1	1	UID993082	1	1	0	0
1	1	UID993087	1	1	0	0
1	1	UID993089	1	1	0	0
1	1	UID993092	1	1	0	0
1	1	UID993094	1	1	0	0
1	1	UID993098	1	1	0	0
1	1	UID993099	1	1	0	0
1	1	UID993101	1	1	0	0
1	1	UID993103	1	1	0	0
1	1	UID993115	1	1	0	0
1	1	UID993122	1	1	0	0
1	1	UID993132	1	1	0	0
1	1	UID993135	1	1	0	0
1	1	UID993137	1	1	0	0
1	1	UID993139	1	1	0	0
1	1	UID993144	1	1	0	0
1	1	UID993145	1	1	0	0
1	1	UID993146	1	1	0	0
1	1	UID993147	1	1	0	0
1	1	UID993148	1	1	0	0
1	1	UID993149	1	1	0	0
1	1	UID993150	1	1	0	0
1	1	UID993151	1	1	0	0
1	1	UID993153	1	1	0	0
1	1	UID993154	1	1	0	0
1	1	UID993155	1	1	0	0
1	1	UID993158	1	1	0	0
1	1	UID993162	1	1	0	0
1	1	UID993163	1	1	0	0
1	1	UID993164	1	1	0	0
1	1	UID993165	1	1	0	0
1	1	UID993166	1	1	0	0
1	1	UID993167	1	1	0	0
1	1	UID993168	1	1	0	0
1	1	UID993169	1	1	0	0
1	1	UID993170	1	1	0	0
1	1	UID993171	1	1	0	0
1	1	UID993172	1	1	0	0
1	1	UID993173	1	1	0	0
1	1	UID993174	1	1	0	0
1	1	UID993175	1	1	0	0
1	1	UID993176	1	1	0	0
1	1	UID993178	1	1	0	0
1	1	UID993179	1	1	0	0
1	1	UID993180	1	1	0	0
1	1	UID993183	1	1	0	0
1	1	UID993184	1	1	0	0
1	1	UID993185	1	1	0	0
1	1	UID993190	1	1	0	0
1	1	UID993191	1	1	0	0
1	1	UID993192	1	1	0	0
1	1	UID993193	1	1	0	0
1	1	UID993194	1	1	0	0
1	1	UID993196	1	1	0	0
1	1	UID993197	1	1	0	0
1	1	UID993198	1	1	0	0
1	1	UID993199	1	1	0	0
1	1	UID993200	1	1	0	0
1	1	UID993201	1	1	0	0
1	1	UID993207	1	1	0	0
1	1	UID993208	1	1	0	0
1	1	UID993209	1	1	0	0
1	1	UID993212	1	1	0	0
1	1	UID993217	1	1	0	0
1	1	UID993220	1	1	0	0
1	1	UID993221	1	1	0	0
1	1	UID993226	1	1	0	0
1	1	UID993230	1	1	0	0
1	1	UID993243	1	1	0	0
1	1	UID993259	1	1	0	0
1	1	UID993269	1	1	0	0
2	2	UID993272	1	2	1	1
1	1	UID993274	1	1	0	0
1	1	UID993276	1	1	0	0
1	1	UID993281	1	1	0	0
1	1	UID993285	1	1	0	0
1	1	UID993286	1	1	0	0
1	1	UID993290	1	1	0	0
1	1	UID993291	1	1	0	0
1	1	UID993293	1	1	0	0
1	1	UID993299	1	1	0	0
1	1	UID993303	1	1	0	0
1	1	UID993304	1	1	0	0
1	1	UID993310	1	1	0	0
1	1	UID993317	1	1	0	0
1	1	UID993328	1	1	0	0
1	1	UID993332	1	1	0	0
1	1	UID993333	1	1	0	0
1	1	UID993339	1	1	0	0
1	1	UID993342	1	1	0	0
1	1	UID993347	1	1	0	0
1	1	UID993350	1	1	0	0
1	1	UID993353	1	1	0	0
1	1	UID993354	1	1	0	0
1	1	UID993355	1	1	0	0
1	1	UID993356	1	1	0	0
1	1	UID993357	1	1	0	0
1	1	UID993366	1	1	0	0
1	1	UID993373	1	1	0	0
1	1	UID993377	1	1	0	0
1	1	UID993385	1	1	0	0
1	1	UID993388	1	1	0	0
1	1	UID993389	1	1	0	0
1	1	UID993390	1	1	0	0
1	1	UID993391	1	1	0	0
1	1	UID993395	1	1	0	0
1	1	UID993398	1	1	0	0
1	1	UID993407	1	1	0	0
1	1	UID993408	1	1	0	0
1	1	UID993409	1	1	0	0
1	1	UID993410	1	1	0	0
1	1	UID993414	1	1	0	0
1	1	UID993416	1	1	0	0
1	1	UID993420	1	1	0	0
1	1	UID993421	1	1	0	0
1	1	UID993423	1	1	0	0
1	1	UID993424	1	1	0	0
1	1	UID993425	1	1	0	0
1	1	UID993426	1	1	0	0
1	1	UID993431	1	1	0	0
1	1	UID993434	1	1	0	0
1	1	UID993448	1	1	0	0
1	1	UID993462	1	1	0	0
1	1	UID993464	1	1	0	0
1	1	UID993466	1	1	0	0
1	1	UID993467	1	1	0	0
1	1	UID993468	1	1	0	0
1	1	UID993469	1	1	0	0
1	1	UID993470	1	1	0	0
1	1	UID993472	1	1	0	0
1	1	UID993473	1	1	0	0
1	1	UID993474	1	1	0	0
1	1	UID993476	1	1	0	0
1	1	UID993479	1	1	0	0
1	1	UID993480	1	1	0	0
1	1	UID993490	1	1	0	0
1	1	UID993491	1	1	0	0
1	1	UID993493	1	1	0	0
1	1	UID993494	1	1	0	0
1	1	UID993497	1	1	0	0
1	1	UID993498	1	1	0	0
1	1	UID993503	1	1	0	0
1	1	UID993504	1	1	0	0
1	1	UID993511	1	1	0	0
1	1	UID993521	1	1	0	0
1	1	UID993532	1	1	0	0
1	1	UID993544	1	1	0	0
1	1	UID993547	1	1	0	0
1	1	UID993550	1	1	0	0
1	1	UID993552	1	1	0	0
1	1	UID993577	1	1	0	0
1	1	UID993581	1	1	0	0
1	1	UID993582	1	1	0	0
1	1	UID993584	1	1	0	0
1	1	UID993585	1	1	0	0
1	1	UID993586	1	1	0	0
1	1	UID993591	1	1	0	0
1	1	UID993592	1	1	0	0
1	1	UID993596	1	1	0	0
1	1	UID993598	1	1	0	0
1	1	UID993600	1	1	0	0
1	1	UID993604	1	1	0	0
1	1	UID993605	1	1	0	0
1	1	UID993606	1	1	0	0
1	1	UID993608	1	1	0	0
1	1	UID993609	1	1	0	0
3	3	UID993612	1	3	2	2
1	1	UID993613	1	1	0	0
1	1	UID993614	1	1	0	0
1	1	UID993617	1	1	0	0
1	1	UID993621	1	1	0	0
1	1	UID993623	1	1	0	0
1	1	UID993628	1	1	0	0
1	1	UID993630	1	1	0	0
1	1	UID993651	1	1	0	0
1	1	UID993658	1	1	0	0
1	1	UID993660	1	1	0	0
1	1	UID993666	1	1	0	0
1	1	UID993670	1	1	0	0
1	1	UID993676	1	1	0	0
1	1	UID993678	1	1	0	0
1	1	UID993679	1	1	0	0
1	1	UID993681	1	1	0	0
1	1	UID993682	1	1	0	0
1	1	UID993684	1	1	0	0
1	1	UID993685	1	1	0	0
1	1	UID993687	1	1	0	0
1	1	UID993689	1	1	0	0
1	1	UID993690	1	1	0	0
1	1	UID993691	1	1	0	0
1	1	UID993697	1	1	0	0
1	1	UID993705	1	1	0	0
1	1	UID993706	1	1	0	0
1	1	UID993707	1	1	0	0
1	1	UID993708	1	1	0	0
1	1	UID993709	1	1	0	0
1	1	UID993710	1	1	0	0
1	1	UID993711	1	1	0	0
1	1	UID993712	1	1	0	0
1	1	UID993717	1	1	0	0
1	1	UID993718	1	1	0	0
1	1	UID993719	1	1	0	0
1	1	UID993720	1	1	0	0
1	1	UID993722	1	1	0	0
1	1	UID993727	1	1	0	0
1	1	UID993734	1	1	0	0
1	1	UID993748	1	1	0	0
1	1	UID993763	1	1	0	0
1	1	UID993765	1	1	0	0
1	1	UID993767	1	1	0	0
1	1	UID993768	1	1	0	0
1	1	UID993770	1	1	0	0
1	1	UID993771	1	1	0	0
1	1	UID993775	1	1	0	0
1	1	UID993777	1	1	0	0
1	1	UID993779	1	1	0	0
1	1	UID993781	1	1	0	0
1	1	UID993782	1	1	0	0
1	1	UID993783	1	1	0	0
1	1	UID993786	1	1	0	0
1	1	UID993787	1	1	0	0
1	1	UID993789	1	1	0	0
1	1	UID993790	1	1	0	0
1	1	UID993791	1	1	0	0
1	1	UID993792	1	1	0	0
1	1	UID993795	1	1	0	0
1	1	UID993799	1	1	0	0
1	1	UID993800	1	1	0	0
1	1	UID993801	1	1	0	0
1	1	UID993802	1	1	0	0
1	1	UID993804	1	1	0	0
1	1	UID993805	1	1	0	0
1	1	UID993806	1	1	0	0
1	1	UID993807	1	1	0	0
1	1	UID993808	1	1	0	0
1	1	UID993809	1	1	0	0
1	1	UID993810	1	1	0	0
1	1	UID993811	1	1	0	0
1	1	UID993812	1	1	0	0
1	1	UID993815	1	1	0	0
1	1	UID993817	1	1	0	0
1	1	UID993818	1	1	0	0
1	1	UID993819	1	1	0	0
1	1	UID993820	1	1	0	0
1	1	UID993821	1	1	0	0
1	1	UID993822	1	1	0	0
1	1	UID993823	1	1	0	0
1	1	UID993824	1	1	0	0
1	1	UID993825	1	1	0	0
1	1	UID993826	1	1	0	0
1	1	UID993827	1	1	0	0
1	1	UID993828	1	1	0	0
1	1	UID993830	1	1	0	0
1	1	UID993832	1	1	0	0
1	1	UID993833	1	1	0	0
1	1	UID993835	1	1	0	0
1	1	UID993836	1	1	0	0
1	1	UID993837	1	1	0	0
1	1	UID993842	1	1	0	0
1	1	UID993843	1	1	0	0
1	1	UID993844	1	1	0	0
1	1	UID993845	1	1	0	0
1	1	UID993848	1	1	0	0
1	1	UID993850	1	1	0	0
1	1	UID993853	1	1	0	0
1	1	UID993856	1	1	0	0
1	1	UID993862	1	1	0	0
1	1	UID993865	1	1	0	0
1	1	UID993869	1	1	0	0
1	1	UID993874	1	1	0	0
1	1	UID993880	1	1	0	0
1	1	UID993884	1	1	0	0
1	1	UID993891	1	1	0	0
1	1	UID993892	1	1	0	0
1	1	UID993901	1	1	0	0
1	1	UID993908	1	1	0	0
1	1	UID993912	1	1	0	0
1	1	UID993916	1	1	0	0
1	1	UID993917	1	1	0	0
1	1	UID993919	1	1	0	0
1	1	UID993920	1	1	0	0
1	1	UID993921	1	1	0	0
1	1	UID993922	1	1	0	0
1	1	UID993925	1	1	0	0
1	1	UID993930	1	1	0	0
1	1	UID993935	1	1	0	0
1	1	UID993937	1	1	0	0
1	1	UID993938	1	1	0	0
1	1	UID993940	1	1	0	0
1	1	UID993944	1	1	0	0
1	1	UID993946	1	1	0	0
1	1	UID993948	1	1	0	0
1	1	UID993949	1	1	0	0
1	1	UID993954	1	1	0	0
1	1	UID993955	1	1	0	0
1	1	UID993956	1	1	0	0
1	1	UID993960	1	1	0	0
1	1	UID993961	1	1	0	0
1	1	UID993962	1	1	0	0
1	1	UID993964	1	1	0	0
1	1	UID993965	1	1	0	0
1	1	UID993967	1	1	0	0
1	1	UID993968	1	1	0	0
1	1	UID993970	1	1	0	0
1	1	UID993974	1	1	0	0
1	1	UID993976	1	1	0	0
1	1	UID993987	1	1	0	0
1	1	UID993993	1	1	0	0
1	1	UID993995	1	1	0	0
1	1	UID993996	1	1	0	0
1	1	UID994002	1	1	0	0
1	1	UID994012	1	1	0	0
1	1	UID994021	1	1	0	0
1	1	UID994022	1	1	0	0
1	1	UID994026	1	1	0	0
1	1	UID994028	1	1	0	0
1	1	UID994032	1	1	0	0
1	1	UID994038	1	1	0	0
1	1	UID994040	1	1	0	0
1	1	UID994045	1	1	0	0
1	1	UID994047	1	1	0	0
1	1	UID994048	1	1	0	0
1	1	UID994051	1	1	0	0
1	1	UID994053	1	1	0	0
1	1	UID994056	1	1	0	0
1	1	UID994057	1	1	0	0
1	1	UID994059	1	1	0	0
1	1	UID994060	1	1	0	0
1	1	UID994063	1	1	0	0
1	1	UID994064	1	1	0	0
1	1	UID994066	1	1	0	0
1	1	UID994067	1	1	0	0
1	1	UID994071	1	1	0	0
1	1	UID994072	1	1	0	0
1	1	UID994073	1	1	0	0
1	1	UID994084	1	1	0	0
1	1	UID994090	1	1	0	0
1	1	UID994092	1	1	0	0
1	1	UID994095	1	1	0	0
1	1	UID994102	1	1	0	0
1	1	UID994103	1	1	0	0
1	1	UID994106	1	1	0	0
1	1	UID994110	1	1	0	0
1	1	UID994111	1	1	0	0
1	1	UID994115	1	1	0	0
1	1	UID994118	1	1	0	0
1	1	UID994120	1	1	0	0
1	1	UID994121	1	1	0	0
1	1	UID994126	1	1	0	0
1	1	UID994131	1	1	0	0
1	1	UID994138	1	1	0	0
1	1	UID994141	1	1	0	0
1	1	UID994142	1	1	0	0
1	1	UID994143	1	1	0	0
1	1	UID994153	1	1	0	0
1	1	UID994157	1	1	0	0
1	1	UID994161	1	1	0	0
1	1	UID994166	1	1	0	0
1	1	UID994168	1	1	0	0
1	1	UID994169	1	1	0	0
2	2	UID994176	1	2	1	1
1	1	UID994180	1	1	0	0
1	1	UID994183	1	1	0	0
1	1	UID994189	1	1	0	0
1	1	UID994190	1	1	0	0
1	1	UID994197	1	1	0	0
1	1	UID994198	1	1	0	0
1	1	UID994199	1	1	0	0
1	1	UID994200	1	1	0	0
1	1	UID994201	1	1	0	0
1	1	UID994202	1	1	0	0
1	1	UID994205	1	1	0	0
1	1	UID994216	1	1	0	0
1	1	UID994221	1	1	0	0
1	1	UID994224	1	1	0	0
2	2	UID994229	1	2	1	1
1	1	UID994241	1	1	0	0
1	1	UID994242	1	1	0	0
1	1	UID994243	1	1	0	0
1	1	UID994244	1	1	0	0
1	1	UID994246	1	1	0	0
1	1	UID994247	1	1	0	0
1	1	UID994248	1	1	0	0
1	1	UID994249	1	1	0	0
1	1	UID994250	1	1	0	0
1	1	UID994252	1	1	0	0
1	1	UID994256	1	1	0	0
1	1	UID994257	1	1	0	0
1	1	UID994258	1	1	0	0
1	1	UID994259	1	1	0	0
1	1	UID994260	1	1	0	0
1	1	UID994261	1	1	0	0
1	1	UID994262	1	1	0	0
1	1	UID994263	1	1	0	0
1	1	UID994265	1	1	0	0
1	1	UID994267	1	1	0	0
1	1	UID994272	1	1	0	0
1	1	UID994273	1	1	0	0
1	1	UID994274	1	1	0	0
1	1	UID994282	1	1	0	0
1	1	UID994283	1	1	0	0
1	1	UID994294	1	1	0	0
1	1	UID994298	1	1	0	0
1	1	UID994304	1	1	0	0
1	1	UID994313	1	1	0	0
1	1	UID994315	1	1	0	0
1	1	UID994320	1	1	0	0
1	1	UID994321	1	1	0	0
1	1	UID994323	1	1	0	0
1	1	UID994348	1	1	0	0
1	1	UID994363	1	1	0	0
1	1	UID994367	1	1	0	0
1	1	UID994370	1	1	0	0
1	1	UID994371	1	1	0	0
1	1	UID994372	1	1	0	0
1	1	UID994373	1	1	0	0
1	1	UID994374	1	1	0	0
1	1	UID994376	1	1	0	0
1	1	UID994378	1	1	0	0
1	1	UID994379	1	1	0	0
1	1	UID994380	1	1	0	0
1	1	UID994382	1	1	0	0
1	1	UID994383	1	1	0	0
1	1	UID994385	1	1	0	0
1	1	UID994388	1	1	0	0
1	1	UID994389	1	1	0	0
1	1	UID994391	1	1	0	0
1	1	UID994392	1	1	0	0
1	1	UID994393	1	1	0	0
1	1	UID994394	1	1	0	0
1	1	UID994395	1	1	0	0
1	1	UID994396	1	1	0	0
1	1	UID994398	1	1	0	0
1	1	UID994399	1	1	0	0
1	1	UID994400	1	1	0	0
1	1	UID994401	1	1	0	0
1	1	UID994402	1	1	0	0
1	1	UID994404	1	1	0	0
1	1	UID994411	1	1	0	0
1	1	UID994412	1	1	0	0
1	1	UID994413	1	1	0	0
1	1	UID994414	1	1	0	0
1	1	UID994415	1	1	0	0
1	1	UID994423	1	1	0	0
1	1	UID994426	1	1	0	0
1	1	UID994428	1	1	0	0
1	1	UID994429	1	1	0	0
1	1	UID994430	1	1	0	0
1	1	UID994434	1	1	0	0
1	1	UID994435	1	1	0	0
1	1	UID994436	1	1	0	0
1	1	UID994449	1	1	0	0
1	1	UID994455	1	1	0	0
1	1	UID994458	1	1	0	0
1	1	UID994460	1	1	0	0
1	1	UID994471	1	1	0	0
1	1	UID994479	1	1	0	0
1	1	UID994480	1	1	0	0
1	1	UID994482	1	1	0	0
1	1	UID994484	1	1	0	0
1	1	UID994488	1	1	0	0
1	1	UID994489	1	1	0	0
1	1	UID994493	1	1	0	0
1	1	UID994494	1	1	0	0
1	1	UID994500	1	1	0	0
1	1	UID994505	1	1	0	0
1	1	UID994509	1	1	0	0
1	1	UID994510	1	1	0	0
1	1	UID994512	1	1	0	0
1	1	UID994514	1	1	0	0
1	1	UID994519	1	1	0	0
1	1	UID994526	1	1	0	0
1	1	UID994534	1	1	0	0
1	1	UID994538	1	1	0	0
