662	3399	UID1	1834	518	5	5
463	1956	UID2	997	354	4	4
823	2269	UID19998	991	648	4	4
227	598	UID240263	310	181	3	3
161	399	UID1026	198	135	3	3
268	510	UID1019219	185	240	3	3
156	365	UID193080	178	139	3	3
149	352	UID41748	169	128	3	3
126	289	UID52981	145	113	2	2
102	272	UID1199520	144	89	3	3
75	184	UID7	100	70	3	3
58	139	UID1225649	76	52	2	2
54	142	UID189	70	46	3	3
53	135	UID47	68	44	3	3
53	129	UID531	67	46	3	3
50	124	UID395	58	43	3	3
56	136	UID242910	54	49	3	3
50	102	UID1933837	51	47	4	4
37	89	UID30118	49	32	2	2
48	99	UID324	49	44	2	2
51	104	UID40	47	46	3	3
57	106	UID1453	45	55	2	2
284	365	UID41749	45	264	4	4
35	84	UID566	42	31	3	3
37	82	UID596	42	33	2	2
32	69	UID598	38	31	2	2
39	81	UID368	37	33	2	2
41	83	UID263	35	37	3	3
34	70	UID8207	35	32	2	2
46	83	UID877382	35	42	2	2
48	83	UID1797392	32	43	2	2
38	76	UID338	31	33	2	2
22	54	UID8124	31	19	1	1
19	48	UID1797390	30	18	2	2
34	71	UID436	30	28	2	2
26	56	UID82	30	24	1	1
18	50	UID2138429	28	12	2	2
22	56	UID293	28	19	2	2
17	45	UID440	28	15	1	1
35	65	UID85243	27	30	2	2
24	58	UID462	25	20	3	3
17	44	UID4951	25	14	1	1
24	51	UID54134	25	22	1	1
18	42	UID923	25	17	2	2
41	79	UID9	25	34	2	2
26	51	UID1787209	24	23	1	1
18	46	UID85	24	13	2	2
17	40	UID438	23	15	2	2
20	44	UID8116	23	17	1	1
10	32	UID1933697	22	8	1	1
7	27	UID68067	21	6	0	0
14	34	UID18	20	12	1	1
25	42	UID151441	18	24	3	3
37	57	UID2005924	18	35	1	1
11	28	UID2138430	18	10	1	1
13	30	UID173	17	11	2	2
18	34	UID2138431	17	17	1	1
30	48	UID22	17	28	2	2
18	34	UID477	17	17	1	1
19	34	UID2138432	16	18	4	4
13	28	UID12376	15	11	1	1
16	30	UID1217	14	14	2	2
16	29	UID177938	14	15	1	1
12	27	UID504	14	10	1	1
15	27	UID1019251	13	14	2	2
8	20	UID2138433	13	7	1	1
20	35	UID354	13	16	2	2
7	19	UID41333	13	6	1	1
12	25	UID53717	13	10	1	1
19	32	UID16	12	17	2	2
10	21	UID229234	12	9	1	1
8	19	UID23	12	7	1	1
16	33	UID76	12	11	3	3
16	36	UID100	11	14	3	3
13	23	UID1934001	11	12	1	1
10	20	UID67550	11	9	2	2
4	13	UID103	10	3	2	2
10	19	UID1371844	10	9	2	2
7	16	UID2011367	10	6	1	1
13	22	UID256161	10	12	1	1
9	18	UID673	10	8	2	2
5	14	UID130	9	3	2	2
4	12	UID2138434	9	3	0	0
8	16	UID2138435	9	7	1	1
9	21	UID2138436	9	7	2	2
4	12	UID215078	9	3	1	1
9	18	UID220	9	7	2	2
6	15	UID42	9	4	1	1
3	11	UID513	9	2	1	1
4	12	UID56	9	3	1	1
10	19	UID83	9	8	1	1
6	13	UID1009050	8	5	1	1
4	11	UID1028864	8	3	2	2
10	17	UID185136	8	9	2	2
6	13	UID188	8	5	1	1
6	13	UID24686	8	5	1	1
11	19	UID278287	8	9	1	1
5	12	UID646	8	4	1	1
9	16	UID68818	8	8	1	1
6	13	UID84	8	5	2	2
8	15	UID92	8	7	1	1
4	10	UID1029109	7	3	1	1
10	17	UID1032392	7	8	2	2
5	11	UID114	7	4	1	1
3	9	UID124	7	2	1	1
3	9	UID142	7	2	1	1
7	13	UID170	7	6	2	2
5	11	UID1965005	7	4	2	2
3	9	UID202	7	2	1	1
7	15	UID2138438	7	5	2	2
3	9	UID2138439	7	2	0	0
2	8	UID27	7	1	0	0
9	15	UID319	7	8	2	2
2	8	UID352	7	1	1	1
1	7	UID478	7	0	0	0
6	13	UID67490	7	4	0	0
12	18	UID67	7	11	2	2
10	17	UID97	7	8	2	2
7	13	UID98	7	6	1	1
3	8	UID10744	6	2	0	0
5	10	UID1108447	6	4	1	1
19	26	UID11283	6	16	2	2
12	17	UID133670	6	11	1	1
2	7	UID137	6	1	0	0
1	6	UID144	6	0	0	0
4	9	UID151	6	3	1	1
5	10	UID168	6	4	0	0
5	10	UID171	6	4	2	2
4	9	UID2138443	6	3	1	1
6	11	UID21	6	5	2	2
7	12	UID279200	6	6	2	2
6	11	UID30121	6	5	1	1
3	8	UID316	6	2	1	1
5	10	UID37096	6	4	1	1
7	13	UID41	6	5	2	2
6	11	UID55	6	5	2	2
2	7	UID637	6	1	0	0
5	10	UID644455	6	4	1	1
8	14	UID644464	6	6	1	1
9	14	UID73924	6	8	1	1
2	7	UID924	6	1	0	0
5	9	UID1019815	5	4	1	1
2	6	UID108	5	1	1	1
1	5	UID1135	5	0	0	0
2	6	UID1199521	5	1	1	1
6	10	UID1316469	5	5	1	1
5	9	UID1317617	5	4	1	1
1	5	UID1385	5	0	0	0
9	17	UID143	5	5	2	2
3	7	UID1464	5	2	0	0
2	6	UID1474829	5	1	0	0
5	9	UID183	5	4	1	1
1	5	UID2001856	5	0	0	0
12	16	UID2125308	5	11	1	1
3	7	UID2138449	5	2	0	0
5	9	UID292	5	4	1	1
7	11	UID37072	5	6	1	1
6	10	UID377	5	5	1	1
7	11	UID38	5	6	2	2
33	38	UID41734	5	31	2	2
6	10	UID440018	5	5	1	1
4	8	UID44	5	3	1	1
4	8	UID6013	5	3	1	1
1	5	UID669	5	0	0	0
9	13	UID66	5	8	2	2
3	7	UID72	5	2	1	1
4	8	UID77712	5	3	1	1
2	6	UID806	5	1	1	1
10	14	UID93	5	9	1	1
1	5	UID99	5	0	0	0
4	7	UID1001639	4	3	1	1
4	7	UID1009073	4	3	1	1
3	6	UID1019342	4	2	1	1
5	9	UID1019343	4	3	1	1
7	11	UID1019794	4	5	2	2
5	8	UID1019816	4	4	1	1
2	5	UID1028823	4	1	1	1
7	10	UID107	4	6	1	1
3	6	UID109	4	2	0	0
5	8	UID113	4	4	1	1
5	8	UID1201638	4	4	1	1
6	9	UID129	4	5	1	1
5	8	UID13068	4	4	1	1
3	6	UID1316471	4	2	1	1
2	5	UID133	4	1	0	0
4	8	UID134993	4	2	1	1
3	6	UID1417146	4	2	1	1
5	8	UID156756	4	4	0	0
6	9	UID168238	4	5	0	0
5	8	UID1807925	4	4	1	1
4	7	UID181106	4	3	1	1
2	5	UID186	4	1	0	0
3	6	UID1879247	4	2	1	1
2	5	UID1879845	4	1	1	1
3	6	UID190	4	2	1	1
2	5	UID1940948	4	1	0	0
7	10	UID2007398	4	6	1	1
5	8	UID204	4	4	1	1
19	23	UID2116813	4	17	2	2
1	4	UID2138455	4	0	0	0
2	5	UID2138459	4	1	1	1
2	5	UID2138461	4	1	0	0
2	5	UID227	4	1	0	0
6	9	UID229	4	5	1	1
2	5	UID231710	4	1	0	0
4	7	UID231	4	3	1	1
7	10	UID259802	4	6	1	1
3	6	UID260	4	2	1	1
4	7	UID270	4	3	1	1
5	8	UID271	4	4	1	1
1	4	UID273	4	0	0	0
5	8	UID279128	4	4	1	1
4	7	UID279173	4	3	1	1
2	5	UID30536	4	1	1	1
3	6	UID312	4	2	1	1
4	7	UID320	4	3	1	1
3	6	UID339	4	2	1	1
5	8	UID360	4	4	1	1
2	5	UID4058	4	1	1	1
6	9	UID420	4	5	2	2
2	5	UID458	4	1	0	0
4	7	UID461	4	3	1	1
5	8	UID485766	4	4	1	1
2	5	UID485767	4	1	0	0
5	8	UID489	4	4	3	3
2	5	UID520	4	1	1	1
1	4	UID537684	4	0	0	0
5	8	UID54824	4	4	1	1
2	5	UID553	4	1	1	1
4	7	UID560	4	3	1	1
2	5	UID5853	4	1	1	1
1	4	UID60	4	0	0	0
5	8	UID627	4	4	2	2
5	8	UID63	4	4	1	1
5	8	UID644425	4	4	1	1
2	5	UID644550	4	1	1	1
7	10	UID66240	4	6	3	3
2	5	UID677	4	1	0	0
6	9	UID699211	4	5	1	1
8	11	UID70	4	7	1	1
7	10	UID77705	4	6	1	1
3	6	UID790	4	2	1	1
7	10	UID81	4	6	2	2
4	7	UID8243	4	3	1	1
3	6	UID87	4	2	1	1
4	6	UID1001638	3	3	1	1
3	5	UID1019252	3	2	1	1
4	6	UID1019353	3	3	1	1
4	7	UID1020086	3	2	1	1
2	4	UID1029130	3	1	0	0
4	6	UID1137459	3	3	1	1
1	3	UID118	3	0	0	0
4	6	UID1199705	3	3	1	1
3	5	UID1355	3	2	1	1
3	5	UID1363900	3	2	1	1
3	5	UID1477812	3	2	0	0
5	7	UID147	3	4	1	1
2	4	UID1483889	3	1	0	0
5	7	UID150	3	4	1	1
10	13	UID151321	3	8	1	1
1	3	UID159	3	0	0	0
3	5	UID163	3	2	1	1
1	3	UID1758181	3	0	0	0
8	10	UID177484	3	7	1	1
1	3	UID181077	3	0	0	0
1	3	UID1877814	3	0	0	0
3	5	UID193248	3	2	0	0
1	3	UID1933533	3	0	0	0
1	3	UID1941082	3	0	0	0
1	3	UID19	3	0	0	0
2	4	UID2138463	3	1	1	1
1	3	UID2138465	3	0	0	0
8	10	UID2138466	3	7	1	1
2	4	UID2138475	3	1	1	1
3	5	UID2138476	3	2	0	0
2	4	UID2138477	3	1	0	0
2	4	UID2138479	3	1	1	1
1	3	UID2138480	3	0	0	0
4	6	UID2138483	3	3	1	1
2	4	UID2138484	3	1	1	1
1	3	UID2138485	3	0	0	0
2	4	UID2138486	3	1	0	0
1	3	UID2138488	3	0	0	0
1	3	UID2138492	3	0	0	0
5	7	UID2138497	3	4	1	1
4	6	UID2138498	3	3	1	1
4	6	UID213	3	3	1	1
2	4	UID214	3	1	0	0
6	8	UID223	3	5	1	1
3	5	UID235213	3	2	1	1
6	8	UID235229	3	5	1	1
2	4	UID235	3	1	1	1
2	4	UID242	3	1	0	0
5	7	UID247844	3	4	2	2
1	3	UID251	3	0	0	0
6	8	UID259922	3	5	1	1
6	8	UID25	3	5	1	1
7	10	UID275	3	5	1	1
4	6	UID280	3	3	1	1
2	4	UID295	3	1	1	1
11	13	UID307	3	10	2	2
7	9	UID30	3	6	2	2
2	4	UID317	3	1	1	1
4	6	UID331	3	3	0	0
4	6	UID332	3	3	1	1
3	5	UID333	3	2	1	1
3	5	UID337	3	2	1	1
2	4	UID341	3	1	1	1
4	7	UID349	3	2	1	1
3	5	UID374	3	2	0	0
3	5	UID375	3	2	1	1
3	5	UID378	3	2	1	1
3	5	UID380	3	2	1	1
4	6	UID392	3	3	1	1
3	5	UID412201	3	2	1	1
2	4	UID433	3	1	0	0
2	4	UID4483	3	1	1	1
4	6	UID485328	3	3	1	1
1	3	UID490	3	0	0	0
4	6	UID49	3	3	1	1
3	5	UID521	3	2	1	1
1	3	UID53027	3	0	0	0
3	6	UID53719	3	1	1	1
3	5	UID546	3	2	1	1
2	4	UID54	3	1	0	0
3	5	UID57322	3	2	1	1
8	10	UID576722	3	7	1	1
1	3	UID613990	3	0	0	0
2	4	UID6417	3	1	0	0
6	8	UID644439	3	5	1	1
4	6	UID644448	3	3	1	1
6	8	UID644553	3	5	1	1
6	8	UID644584	3	5	1	1
1	3	UID644616	3	0	0	0
1	3	UID67555	3	0	0	0
3	5	UID675	3	2	1	1
1	3	UID67632	3	0	0	0
3	5	UID67634	3	2	1	1
1	3	UID69373	3	0	0	0
6	9	UID742	3	4	1	1
3	5	UID85246	3	2	1	1
2	4	UID8787	3	1	0	0
8	9	UID1019798	2	7	1	1
9	10	UID1028643	2	8	1	1
4	5	UID1028883	2	3	1	1
4	5	UID1030754	2	3	1	1
3	4	UID1032854	2	2	1	1
3	4	UID1065536	2	2	1	1
2	3	UID1160158	2	1	1	1
2	3	UID1180	2	1	1	1
1	2	UID1226520	2	0	0	0
7	9	UID1316	2	5	2	2
3	4	UID1322193	2	2	1	1
2	3	UID1322228	2	1	1	1
3	4	UID134302	2	2	1	1
7	8	UID136	2	6	1	1
4	5	UID1371727	2	3	1	1
4	5	UID138950	2	3	1	1
5	6	UID141	2	4	1	1
4	5	UID146	2	3	1	1
5	6	UID1476084	2	4	1	1
5	6	UID1480	2	4	1	1
7	8	UID1483837	2	6	1	1
4	5	UID1497676	2	3	1	1
4	5	UID1559294	2	3	2	2
1	2	UID1587	2	0	0	0
4	5	UID158	2	3	1	1
4	5	UID161	2	3	1	1
5	6	UID162	2	4	2	2
3	4	UID167	2	2	1	1
5	6	UID169	2	4	1	1
1	2	UID1712	2	0	0	0
2	3	UID1727297	2	1	1	1
2	3	UID1738773	2	1	1	1
3	4	UID177939	2	2	1	1
3	4	UID177	2	2	1	1
3	4	UID1797205	2	2	1	1
2	3	UID192936	2	1	1	1
4	5	UID196	2	3	1	1
2	3	UID2006813	2	1	1	1
2	3	UID200	2	1	1	1
2	3	UID203	2	1	1	1
5	6	UID210664	2	4	1	1
13	15	UID2116867	2	11	2	2
2	3	UID2119118	2	1	1	1
3	4	UID2138522	2	2	1	1
4	5	UID2138523	2	3	1	1
1	2	UID2138524	2	0	0	0
2	3	UID2138526	2	1	1	1
5	6	UID2138527	2	4	2	2
3	4	UID2138528	2	2	1	1
2	3	UID2138572	2	1	1	1
2	3	UID2138584	2	1	1	1
3	4	UID2138587	2	2	1	1
3	4	UID2138595	2	2	1	1
3	4	UID2138599	2	2	1	1
2	3	UID2138601	2	1	1	1
5	6	UID2138613	2	4	1	1
4	5	UID2138626	2	3	1	1
2	3	UID2138635	2	1	1	1
2	3	UID2138639	2	1	1	1
3	4	UID2138640	2	2	1	1
4	6	UID2138644	2	2	1	1
1	2	UID2138645	2	0	0	0
4	5	UID2138646	2	3	1	1
3	4	UID2138658	2	2	1	1
3	4	UID2138659	2	2	1	1
3	4	UID2138662	2	2	1	1
1	2	UID2138663	2	0	0	0
4	5	UID2138672	2	3	1	1
2	3	UID2138681	2	1	1	1
2	3	UID2138682	2	1	1	1
6	7	UID215	2	5	1	1
6	7	UID222	2	5	2	2
3	4	UID227618	2	2	1	1
9	12	UID227937	2	6	1	1
2	3	UID230153	2	1	1	1
3	4	UID236	2	2	1	1
3	4	UID237	2	2	1	1
2	3	UID243	2	1	1	1
5	6	UID244	2	4	1	1
5	6	UID247786	2	4	1	1
5	6	UID258	2	4	1	1
4	5	UID272	2	3	1	1
3	4	UID294	2	2	1	1
5	7	UID30128	2	3	1	1
6	7	UID310	2	5	2	2
3	4	UID32665	2	2	1	1
7	8	UID329	2	6	2	2
4	5	UID34557	2	3	1	1
2	3	UID398409	2	1	1	1
2	3	UID398	2	1	1	1
3	4	UID4026	2	2	1	1
3	4	UID416	2	2	1	1
5	6	UID439506	2	4	1	1
2	3	UID4413	2	1	1	1
2	3	UID445090	2	1	1	1
2	3	UID4510	2	1	1	1
4	5	UID47762	2	3	1	1
3	4	UID50	2	2	1	1
2	3	UID515	2	1	1	1
3	4	UID523	2	2	2	2
1	2	UID53418	2	0	0	0
3	4	UID563	2	2	2	2
7	8	UID565	2	6	1	1
2	3	UID57190	2	1	1	1
2	3	UID58597	2	1	1	1
2	3	UID611450	2	1	1	1
5	6	UID622172	2	4	2	2
6	7	UID62	2	5	1	1
2	3	UID640	2	1	1	1
4	5	UID644567	2	3	1	1
4	5	UID644579	2	3	1	1
3	4	UID6491	2	2	1	1
4	5	UID653628	2	3	1	1
1	2	UID659165	2	0	0	0
7	8	UID67250	2	6	2	2
2	3	UID67557	2	1	1	1
2	3	UID6895	2	1	1	1
2	3	UID689	2	1	1	1
4	5	UID816	2	3	1	1
2	3	UID86	2	1	1	1
2	3	UID892	2	1	1	1
1	1	UID1001372	1	1	0	0
4	4	UID1001637	1	4	1	1
1	1	UID1009089	1	1	0	0
2	2	UID10314	1	2	1	1
3	3	UID1031754	1	3	2	2
1	1	UID10439	1	1	0	0
1	1	UID1055242	1	1	0	0
1	1	UID1060901	1	1	0	0
1	1	UID1075337	1	1	0	0
5	5	UID1091859	1	5	2	2
1	1	UID1116047	1	1	0	0
4	4	UID1128160	1	4	2	2
1	1	UID1158098	1	1	0	0
2	2	UID118684	1	2	1	1
2	2	UID119236	1	2	1	1
1	1	UID1196857	1	1	0	0
1	1	UID119707	1	1	0	0
1	1	UID1199700	1	1	0	0
4	4	UID126	1	4	1	1
5	5	UID128	1	5	2	2
1	1	UID130706	1	1	0	0
3	3	UID13083	1	3	1	1
1	1	UID133958	1	1	0	0
3	3	UID134	1	3	1	1
1	1	UID1358685	1	1	0	0
3	3	UID1371614	1	3	1	1
1	1	UID1372390	1	1	0	0
1	1	UID137837	1	1	0	0
1	1	UID1404043	1	1	0	0
1	1	UID1410921	1	1	0	0
1	1	UID1467917	1	1	0	0
1	1	UID1475237	1	1	0	0
1	1	UID1483611	1	1	0	0
1	1	UID1483823	1	1	0	0
1	1	UID1489606	1	1	0	0
5	5	UID1496170	1	5	2	2
1	1	UID1558836	1	1	0	0
6	6	UID156487	1	6	1	1
1	1	UID156777	1	1	0	0
1	1	UID1571902	1	1	0	0
1	1	UID158156	1	1	0	0
1	1	UID1627906	1	1	0	0
3	3	UID166461	1	3	2	2
9	9	UID168614	1	9	2	2
1	1	UID170307	1	1	0	0
1	1	UID1727352	1	1	0	0
1	1	UID1727384	1	1	0	0
1	1	UID1729182	1	1	0	0
1	1	UID1751984	1	1	0	0
5	5	UID1763217	1	5	1	1
1	1	UID1765430	1	1	0	0
1	1	UID177149	1	1	0	0
1	1	UID177872	1	1	0	0
2	2	UID1782663	1	2	1	1
1	1	UID1793220	1	1	0	0
1	1	UID1797393	1	1	0	0
1	1	UID1830313	1	1	0	0
1	1	UID1831882	1	1	0	0
1	1	UID183288	1	1	0	0
1	1	UID185123	1	1	0	0
1	1	UID185402	1	1	0	0
1	1	UID1879127	1	1	0	0
5	5	UID1879149	1	5	1	1
1	1	UID1881297	1	1	0	0
3	3	UID1926875	1	3	2	2
2	2	UID1933859	1	2	1	1
4	4	UID1996859	1	4	2	2
1	1	UID2002371	1	1	0	0
1	1	UID2004252	1	1	0	0
3	3	UID2007099	1	3	1	1
1	1	UID2008356	1	1	0	0
1	1	UID2009713	1	1	0	0
6	6	UID203842	1	6	2	2
2	2	UID205261	1	2	1	1
2	2	UID205285	1	2	1	1
1	1	UID2054321	1	1	0	0
1	1	UID205645	1	1	0	0
1	1	UID2059125	1	1	0	0
2	2	UID2116471	1	2	1	1
1	1	UID212212	1	1	0	0
1	1	UID2125330	1	1	0	0
2	2	UID2125358	1	2	1	1
5	5	UID2128306	1	5	2	2
1	1	UID2129202	1	1	0	0
1	1	UID213222	1	1	0	0
1	1	UID2135710	1	1	0	0
1	1	UID2138214	1	1	0	0
1	1	UID2138689	1	1	0	0
1	1	UID2138690	1	1	0	0
1	1	UID2138691	1	1	0	0
1	1	UID2138695	1	1	0	0
1	1	UID2138698	1	1	0	0
1	1	UID2138701	1	1	0	0
1	1	UID2138704	1	1	0	0
1	1	UID2138706	1	1	0	0
1	1	UID2138710	1	1	0	0
1	1	UID2138713	1	1	0	0
1	1	UID2138714	1	1	0	0
1	1	UID2138715	1	1	0	0
1	1	UID2138717	1	1	0	0
1	1	UID2138721	1	1	0	0
1	1	UID2138723	1	1	0	0
1	1	UID2138724	1	1	0	0
1	1	UID2138725	1	1	0	0
1	1	UID2138726	1	1	0	0
1	1	UID2138733	1	1	0	0
1	1	UID2138734	1	1	0	0
1	1	UID2138736	1	1	0	0
1	1	UID2138737	1	1	0	0
1	1	UID2138740	1	1	0	0
1	1	UID2138741	1	1	0	0
1	1	UID2138746	1	1	0	0
2	2	UID2138747	1	2	1	1
1	1	UID2138748	1	1	0	0
1	1	UID2138749	1	1	0	0
1	1	UID2138754	1	1	0	0
1	1	UID2138758	1	1	0	0
1	1	UID2138759	1	1	0	0
1	1	UID2138760	1	1	0	0
1	1	UID2138761	1	1	0	0
1	1	UID2138762	1	1	0	0
1	1	UID2138765	1	1	0	0
1	1	UID2138769	1	1	0	0
1	1	UID2138770	1	1	0	0
1	1	UID2138771	1	1	0	0
1	1	UID2138772	1	1	0	0
1	1	UID2138773	1	1	0	0
1	1	UID2138777	1	1	0	0
1	1	UID2138780	1	1	0	0
1	1	UID2138781	1	1	0	0
1	1	UID2138783	1	1	0	0
1	1	UID2138784	1	1	0	0
1	1	UID2138787	1	1	0	0
1	1	UID2138792	1	1	0	0
1	1	UID2138796	1	1	0	0
1	1	UID2138797	1	1	0	0
1	1	UID2138799	1	1	0	0
1	1	UID2138802	1	1	0	0
1	1	UID2138803	1	1	0	0
1	1	UID2138807	1	1	0	0
1	1	UID2138808	1	1	0	0
1	1	UID2138809	1	1	0	0
1	1	UID2138810	1	1	0	0
1	1	UID2138812	1	1	0	0
1	1	UID2138813	1	1	0	0
1	1	UID2138817	1	1	0	0
1	1	UID2138819	1	1	0	0
1	1	UID2138821	1	1	0	0
1	1	UID2138823	1	1	0	0
1	1	UID2138826	1	1	0	0
1	1	UID2138828	1	1	0	0
1	1	UID2138835	1	1	0	0
3	3	UID2138838	1	3	2	2
1	1	UID2138839	1	1	0	0
1	1	UID2138841	1	1	0	0
1	1	UID2138843	1	1	0	0
1	1	UID2138844	1	1	0	0
1	1	UID2138846	1	1	0	0
1	1	UID2138847	1	1	0	0
1	1	UID2138849	1	1	0	0
1	1	UID2138851	1	1	0	0
1	1	UID2138852	1	1	0	0
1	1	UID2138854	1	1	0	0
1	1	UID2138857	1	1	0	0
1	1	UID2138858	1	1	0	0
1	1	UID2138860	1	1	0	0
1	1	UID2138861	1	1	0	0
1	1	UID2138862	1	1	0	0
1	1	UID2138863	1	1	0	0
1	1	UID2138864	1	1	0	0
1	1	UID2138865	1	1	0	0
1	1	UID2138866	1	1	0	0
1	1	UID2138867	1	1	0	0
1	1	UID2138868	1	1	0	0
1	1	UID2138869	1	1	0	0
1	1	UID2138873	1	1	0	0
1	1	UID2138880	1	1	0	0
1	1	UID2138882	1	1	0	0
1	1	UID2138884	1	1	0	0
1	1	UID2138887	1	1	0	0
1	1	UID2138888	1	1	0	0
1	1	UID2138889	1	1	0	0
1	1	UID2138890	1	1	0	0
1	1	UID2138892	1	1	0	0
1	1	UID2138894	1	1	0	0
1	1	UID2138895	1	1	0	0
1	1	UID2138898	1	1	0	0
1	1	UID2138899	1	1	0	0
1	1	UID2138904	1	1	0	0
1	1	UID2138906	1	1	0	0
1	1	UID2138908	1	1	0	0
1	1	UID2138911	1	1	0	0
1	1	UID2138912	1	1	0	0
1	1	UID2138913	1	1	0	0
1	1	UID2138914	1	1	0	0
1	1	UID2138917	1	1	0	0
1	1	UID2138918	1	1	0	0
1	1	UID2138919	1	1	0	0
1	1	UID2138920	1	1	0	0
1	1	UID2138925	1	1	0	0
1	1	UID2138927	1	1	0	0
1	1	UID2138929	1	1	0	0
1	1	UID2138930	1	1	0	0
1	1	UID2138938	1	1	0	0
1	1	UID2138940	1	1	0	0
1	1	UID2138943	1	1	0	0
1	1	UID2138946	1	1	0	0
1	1	UID2138947	1	1	0	0
1	1	UID2138948	1	1	0	0
1	1	UID2138949	1	1	0	0
1	1	UID2138950	1	1	0	0
1	1	UID2138952	1	1	0	0
1	1	UID2138958	1	1	0	0
1	1	UID2138961	1	1	0	0
1	1	UID2138962	1	1	0	0
1	1	UID2138965	1	1	0	0
1	1	UID2138968	1	1	0	0
1	1	UID2138972	1	1	0	0
1	1	UID2138973	1	1	0	0
1	1	UID2138975	1	1	0	0
1	1	UID2138977	1	1	0	0
1	1	UID2138980	1	1	0	0
1	1	UID2138982	1	1	0	0
1	1	UID2138983	1	1	0	0
1	1	UID2138987	1	1	0	0
1	1	UID2138988	1	1	0	0
1	1	UID2138990	1	1	0	0
1	1	UID2138991	1	1	0	0
1	1	UID2138992	1	1	0	0
1	1	UID2138993	1	1	0	0
1	1	UID2138994	1	1	0	0
1	1	UID2138996	1	1	0	0
1	1	UID2138998	1	1	0	0
1	1	UID2138999	1	1	0	0
1	1	UID2139000	1	1	0	0
1	1	UID2139002	1	1	0	0
1	1	UID2139008	1	1	0	0
1	1	UID2139009	1	1	0	0
1	1	UID2139012	1	1	0	0
1	1	UID2139013	1	1	0	0
1	1	UID2139016	1	1	0	0
1	1	UID2139021	1	1	0	0
1	1	UID2139025	1	1	0	0
1	1	UID2139026	1	1	0	0
1	1	UID2139027	1	1	0	0
1	1	UID2139031	1	1	0	0
1	1	UID2139033	1	1	0	0
1	1	UID2139034	1	1	0	0
1	1	UID2139035	1	1	0	0
1	1	UID2139037	1	1	0	0
1	1	UID2139039	1	1	0	0
1	1	UID2139040	1	1	0	0
1	1	UID2139041	1	1	0	0
1	1	UID2139045	1	1	0	0
1	1	UID2139046	1	1	0	0
1	1	UID2139047	1	1	0	0
1	1	UID2139048	1	1	0	0
1	1	UID2139054	1	1	0	0
1	1	UID2139058	1	1	0	0
1	1	UID2139059	1	1	0	0
3	3	UID2139060	1	3	2	2
1	1	UID2139063	1	1	0	0
1	1	UID2139065	1	1	0	0
1	1	UID2139066	1	1	0	0
1	1	UID2139072	1	1	0	0
1	1	UID2139073	1	1	0	0
1	1	UID2139083	1	1	0	0
1	1	UID2139088	1	1	0	0
1	1	UID2139090	1	1	0	0
1	1	UID2139094	1	1	0	0
1	1	UID2139096	1	1	0	0
1	1	UID2139099	1	1	0	0
1	1	UID2139100	1	1	0	0
1	1	UID2139102	1	1	0	0
1	1	UID2139103	1	1	0	0
1	1	UID2139105	1	1	0	0
1	1	UID2139106	1	1	0	0
1	1	UID2139107	1	1	0	0
1	1	UID2139108	1	1	0	0
1	1	UID2139109	1	1	0	0
1	1	UID2139113	1	1	0	0
1	1	UID2139115	1	1	0	0
1	1	UID2139117	1	1	0	0
1	1	UID2139118	1	1	0	0
1	1	UID2139119	1	1	0	0
1	1	UID2139125	1	1	0	0
1	1	UID2139126	1	1	0	0
1	1	UID2139129	1	1	0	0
1	1	UID2139137	1	1	0	0
1	1	UID2139138	1	1	0	0
1	1	UID2139139	1	1	0	0
1	1	UID2139140	1	1	0	0
1	1	UID2139142	1	1	0	0
1	1	UID2139145	1	1	0	0
1	1	UID2139149	1	1	0	0
1	1	UID2139151	1	1	0	0
1	1	UID2139152	1	1	0	0
1	1	UID2139157	1	1	0	0
1	1	UID2139158	1	1	0	0
1	1	UID2139159	1	1	0	0
1	1	UID2139160	1	1	0	0
1	1	UID2139161	1	1	0	0
1	1	UID2139162	1	1	0	0
1	1	UID2139163	1	1	0	0
1	1	UID2139164	1	1	0	0
1	1	UID2139165	1	1	0	0
1	1	UID2139166	1	1	0	0
1	1	UID2139174	1	1	0	0
1	1	UID2139176	1	1	0	0
1	1	UID2139180	1	1	0	0
1	1	UID2139181	1	1	0	0
1	1	UID2139182	1	1	0	0
1	1	UID2139184	1	1	0	0
1	1	UID2139190	1	1	0	0
1	1	UID2139192	1	1	0	0
1	1	UID2139193	1	1	0	0
1	1	UID2139195	1	1	0	0
1	1	UID2139202	1	1	0	0
1	1	UID2139203	1	1	0	0
4	4	UID2139204	1	4	2	2
1	1	UID2139206	1	1	0	0
1	1	UID2139207	1	1	0	0
1	1	UID2139208	1	1	0	0
1	1	UID2139213	1	1	0	0
1	1	UID2139214	1	1	0	0
1	1	UID2139218	1	1	0	0
1	1	UID2139219	1	1	0	0
1	1	UID2139220	1	1	0	0
1	1	UID2139223	1	1	0	0
1	1	UID2139225	1	1	0	0
1	1	UID2139226	1	1	0	0
1	1	UID2139228	1	1	0	0
1	1	UID2139236	1	1	0	0
1	1	UID2139279	1	1	0	0
1	1	UID2139280	1	1	0	0
1	1	UID2139281	1	1	0	0
1	1	UID2139282	1	1	0	0
1	1	UID2139283	1	1	0	0
1	1	UID2139285	1	1	0	0
1	1	UID2139288	1	1	0	0
1	1	UID2139296	1	1	0	0
1	1	UID2139298	1	1	0	0
1	1	UID2139300	1	1	0	0
1	1	UID2139305	1	1	0	0
1	1	UID2139306	1	1	0	0
1	1	UID2139308	1	1	0	0
1	1	UID2139309	1	1	0	0
1	1	UID2139310	1	1	0	0
1	1	UID2139311	1	1	0	0
1	1	UID2139312	1	1	0	0
1	1	UID2139313	1	1	0	0
1	1	UID2139315	1	1	0	0
1	1	UID2139317	1	1	0	0
1	1	UID2139319	1	1	0	0
1	1	UID2139321	1	1	0	0
1	1	UID2139322	1	1	0	0
1	1	UID2139325	1	1	0	0
1	1	UID2139328	1	1	0	0
1	1	UID2139329	1	1	0	0
1	1	UID2139332	1	1	0	0
1	1	UID2139337	1	1	0	0
1	1	UID2139345	1	1	0	0
1	1	UID2139346	1	1	0	0
1	1	UID2139347	1	1	0	0
1	1	UID2139348	1	1	0	0
1	1	UID2139349	1	1	0	0
1	1	UID2139350	1	1	0	0
1	1	UID2139355	1	1	0	0
1	1	UID2139360	1	1	0	0
1	1	UID2139364	1	1	0	0
1	1	UID2139365	1	1	0	0
1	1	UID2139367	1	1	0	0
1	1	UID2139368	1	1	0	0
1	1	UID2139371	1	1	0	0
1	1	UID2139372	1	1	0	0
1	1	UID2139376	1	1	0	0
1	1	UID2139377	1	1	0	0
1	1	UID2139379	1	1	0	0
1	1	UID2139380	1	1	0	0
1	1	UID2139387	1	1	0	0
1	1	UID2139388	1	1	0	0
1	1	UID2139390	1	1	0	0
1	1	UID2139391	1	1	0	0
1	1	UID2139392	1	1	0	0
1	1	UID2139394	1	1	0	0
1	1	UID2139395	1	1	0	0
1	1	UID2139397	1	1	0	0
1	1	UID2139398	1	1	0	0
1	1	UID2139399	1	1	0	0
1	1	UID2139400	1	1	0	0
1	1	UID2139403	1	1	0	0
1	1	UID2139408	1	1	0	0
1	1	UID2139414	1	1	0	0
1	1	UID2139415	1	1	0	0
1	1	UID2139419	1	1	0	0
1	1	UID2139421	1	1	0	0
1	1	UID2139422	1	1	0	0
1	1	UID2139424	1	1	0	0
1	1	UID2139427	1	1	0	0
1	1	UID2139432	1	1	0	0
1	1	UID2139434	1	1	0	0
1	1	UID2139441	1	1	0	0
1	1	UID2139442	1	1	0	0
1	1	UID2139443	1	1	0	0
1	1	UID2139450	1	1	0	0
1	1	UID2139451	1	1	0	0
1	1	UID2139455	1	1	0	0
1	1	UID2139456	1	1	0	0
1	1	UID2139459	1	1	0	0
1	1	UID2139463	1	1	0	0
1	1	UID2139468	1	1	0	0
1	1	UID2139469	1	1	0	0
1	1	UID2139472	1	1	0	0
1	1	UID2139475	1	1	0	0
1	1	UID2139477	1	1	0	0
1	1	UID2139481	1	1	0	0
1	1	UID2139482	1	1	0	0
1	1	UID2139483	1	1	0	0
1	1	UID2139498	1	1	0	0
1	1	UID2139503	1	1	0	0
1	1	UID2139505	1	1	0	0
1	1	UID2139511	1	1	0	0
1	1	UID2139514	1	1	0	0
1	1	UID2139516	1	1	0	0
1	1	UID2139517	1	1	0	0
1	1	UID2139521	1	1	0	0
1	1	UID2139523	1	1	0	0
1	1	UID2139525	1	1	0	0
1	1	UID2139532	1	1	0	0
1	1	UID2139536	1	1	0	0
1	1	UID2139539	1	1	0	0
1	1	UID2139540	1	1	0	0
1	1	UID2139543	1	1	0	0
1	1	UID2139544	1	1	0	0
1	1	UID2139545	1	1	0	0
1	1	UID2139546	1	1	0	0
1	1	UID2139550	1	1	0	0
1	1	UID2139551	1	1	0	0
3	3	UID2139552	1	3	2	2
1	1	UID2139553	1	1	0	0
1	1	UID2139557	1	1	0	0
1	1	UID2139559	1	1	0	0
1	1	UID2139561	1	1	0	0
1	1	UID2139562	1	1	0	0
1	1	UID2139564	1	1	0	0
1	1	UID2139569	1	1	0	0
1	1	UID2139572	1	1	0	0
1	1	UID2139579	1	1	0	0
1	1	UID2139580	1	1	0	0
1	1	UID2139587	1	1	0	0
1	1	UID2139590	1	1	0	0
1	1	UID2139592	1	1	0	0
1	1	UID2139594	1	1	0	0
1	1	UID2139598	1	1	0	0
1	1	UID2139601	1	1	0	0
1	1	UID2139609	1	1	0	0
1	1	UID2139610	1	1	0	0
1	1	UID2139617	1	1	0	0
1	1	UID2139634	1	1	0	0
1	1	UID2139636	1	1	0	0
1	1	UID2139637	1	1	0	0
1	1	UID2139639	1	1	0	0
1	1	UID2139640	1	1	0	0
1	1	UID2139642	1	1	0	0
1	1	UID2139643	1	1	0	0
1	1	UID2139672	1	1	0	0
1	1	UID2139673	1	1	0	0
1	1	UID2139675	1	1	0	0
1	1	UID2139676	1	1	0	0
1	1	UID2139677	1	1	0	0
1	1	UID2139678	1	1	0	0
1	1	UID2139679	1	1	0	0
1	1	UID2139680	1	1	0	0
1	1	UID2139682	1	1	0	0
1	1	UID2139684	1	1	0	0
1	1	UID2139692	1	1	0	0
1	1	UID2139695	1	1	0	0
1	1	UID2139697	1	1	0	0
1	1	UID2139698	1	1	0	0
1	1	UID2139704	1	1	0	0
1	1	UID2139710	1	1	0	0
1	1	UID2139712	1	1	0	0
1	1	UID2139713	1	1	0	0
1	1	UID2139723	1	1	0	0
3	3	UID2139725	1	3	2	2
1	1	UID2139727	1	1	0	0
1	1	UID2139728	1	1	0	0
1	1	UID2139729	1	1	0	0
1	1	UID2139730	1	1	0	0
1	1	UID2139736	1	1	0	0
1	1	UID2139740	1	1	0	0
1	1	UID2139741	1	1	0	0
1	1	UID2139745	1	1	0	0
1	1	UID2139747	1	1	0	0
1	1	UID2139748	1	1	0	0
1	1	UID2139749	1	1	0	0
1	1	UID2139754	1	1	0	0
1	1	UID2139755	1	1	0	0
1	1	UID2139756	1	1	0	0
1	1	UID2139763	1	1	0	0
1	1	UID2139764	1	1	0	0
1	1	UID2139765	1	1	0	0
1	1	UID2139772	1	1	0	0
1	1	UID2139774	1	1	0	0
1	1	UID2139776	1	1	0	0
1	1	UID2139785	1	1	0	0
1	1	UID2139788	1	1	0	0
1	1	UID2139789	1	1	0	0
1	1	UID2139794	1	1	0	0
1	1	UID2139795	1	1	0	0
1	1	UID2139796	1	1	0	0
1	1	UID2139797	1	1	0	0
1	1	UID2139799	1	1	0	0
1	1	UID2139801	1	1	0	0
1	1	UID2139802	1	1	0	0
1	1	UID2139803	1	1	0	0
1	1	UID2139806	1	1	0	0
1	1	UID2139807	1	1	0	0
1	1	UID2139809	1	1	0	0
1	1	UID2139811	1	1	0	0
1	1	UID2139812	1	1	0	0
1	1	UID2139817	1	1	0	0
1	1	UID2139818	1	1	0	0
1	1	UID2139819	1	1	0	0
1	1	UID2139822	1	1	0	0
1	1	UID2139827	1	1	0	0
1	1	UID2139828	1	1	0	0
1	1	UID2139840	1	1	0	0
1	1	UID2139844	1	1	0	0
1	1	UID2139846	1	1	0	0
1	1	UID2139847	1	1	0	0
1	1	UID2139854	1	1	0	0
1	1	UID2139856	1	1	0	0
1	1	UID2139857	1	1	0	0
1	1	UID2139858	1	1	0	0
1	1	UID2139859	1	1	0	0
1	1	UID2139860	1	1	0	0
1	1	UID2139862	1	1	0	0
1	1	UID2139863	1	1	0	0
1	1	UID2139864	1	1	0	0
1	1	UID2139867	1	1	0	0
1	1	UID2139868	1	1	0	0
1	1	UID2139871	1	1	0	0
1	1	UID2139872	1	1	0	0
1	1	UID2139874	1	1	0	0
1	1	UID2139875	1	1	0	0
1	1	UID2139876	1	1	0	0
1	1	UID2139889	1	1	0	0
1	1	UID2139890	1	1	0	0
1	1	UID2139892	1	1	0	0
1	1	UID2139893	1	1	0	0
1	1	UID2139894	1	1	0	0
1	1	UID2139898	1	1	0	0
1	1	UID2139901	1	1	0	0
1	1	UID2139902	1	1	0	0
1	1	UID2139903	1	1	0	0
1	1	UID2139904	1	1	0	0
1	1	UID2139912	1	1	0	0
1	1	UID2139915	1	1	0	0
1	1	UID2139916	1	1	0	0
1	1	UID2139917	1	1	0	0
1	1	UID2139918	1	1	0	0
1	1	UID2139919	1	1	0	0
1	1	UID2139921	1	1	0	0
1	1	UID2139922	1	1	0	0
1	1	UID2139926	1	1	0	0
1	1	UID2139939	1	1	0	0
1	1	UID2139941	1	1	0	0
1	1	UID2139942	1	1	0	0
1	1	UID2139947	1	1	0	0
1	1	UID2139948	1	1	0	0
1	1	UID2139949	1	1	0	0
1	1	UID2139950	1	1	0	0
1	1	UID2139957	1	1	0	0
1	1	UID2139958	1	1	0	0
1	1	UID2139959	1	1	0	0
1	1	UID2139962	1	1	0	0
1	1	UID2139963	1	1	0	0
1	1	UID2139965	1	1	0	0
1	1	UID2139966	1	1	0	0
1	1	UID2139967	1	1	0	0
1	1	UID2139971	1	1	0	0
1	1	UID2139972	1	1	0	0
1	1	UID2139974	1	1	0	0
1	1	UID2139975	1	1	0	0
1	1	UID2139979	1	1	0	0
1	1	UID2139980	1	1	0	0
1	1	UID2139981	1	1	0	0
1	1	UID2139983	1	1	0	0
1	1	UID2139986	1	1	0	0
1	1	UID2139987	1	1	0	0
1	1	UID2139988	1	1	0	0
1	1	UID2139989	1	1	0	0
1	1	UID2139991	1	1	0	0
1	1	UID2139992	1	1	0	0
1	1	UID2139995	1	1	0	0
1	1	UID2139996	1	1	0	0
1	1	UID2139997	1	1	0	0
1	1	UID2140000	1	1	0	0
1	1	UID2140001	1	1	0	0
1	1	UID2140002	1	1	0	0
1	1	UID2140003	1	1	0	0
1	1	UID2140005	1	1	0	0
1	1	UID2140006	1	1	0	0
1	1	UID2140008	1	1	0	0
1	1	UID2140010	1	1	0	0
1	1	UID2140012	1	1	0	0
1	1	UID2140014	1	1	0	0
1	1	UID2140024	1	1	0	0
1	1	UID2140025	1	1	0	0
1	1	UID2140034	1	1	0	0
1	1	UID2140039	1	1	0	0
1	1	UID2140041	1	1	0	0
1	1	UID2140043	1	1	0	0
1	1	UID2140048	1	1	0	0
1	1	UID2140049	1	1	0	0
1	1	UID2140051	1	1	0	0
1	1	UID2140052	1	1	0	0
1	1	UID2140053	1	1	0	0
1	1	UID2140054	1	1	0	0
1	1	UID2140055	1	1	0	0
1	1	UID2140060	1	1	0	0
1	1	UID2140063	1	1	0	0
1	1	UID2140065	1	1	0	0
1	1	UID2140067	1	1	0	0
1	1	UID2140068	1	1	0	0
1	1	UID2140069	1	1	0	0
1	1	UID2140070	1	1	0	0
1	1	UID2140072	1	1	0	0
1	1	UID2140073	1	1	0	0
1	1	UID2140077	1	1	0	0
1	1	UID2140079	1	1	0	0
1	1	UID2140080	1	1	0	0
1	1	UID2140081	1	1	0	0
1	1	UID2140083	1	1	0	0
1	1	UID2140084	1	1	0	0
1	1	UID2140088	1	1	0	0
1	1	UID2140091	1	1	0	0
1	1	UID2140095	1	1	0	0
1	1	UID2140097	1	1	0	0
1	1	UID2140098	1	1	0	0
1	1	UID2140100	1	1	0	0
1	1	UID2140102	1	1	0	0
1	1	UID2140104	1	1	0	0
1	1	UID2140106	1	1	0	0
1	1	UID2140107	1	1	0	0
1	1	UID2140109	1	1	0	0
1	1	UID2140110	1	1	0	0
1	1	UID2140111	1	1	0	0
1	1	UID2140113	1	1	0	0
1	1	UID2140114	1	1	0	0
1	1	UID2140115	1	1	0	0
1	1	UID2140116	1	1	0	0
1	1	UID2140118	1	1	0	0
1	1	UID2140119	1	1	0	0
1	1	UID2140120	1	1	0	0
1	1	UID2140122	1	1	0	0
1	1	UID2140123	1	1	0	0
1	1	UID2140128	1	1	0	0
1	1	UID2140129	1	1	0	0
1	1	UID2140130	1	1	0	0
1	1	UID2140131	1	1	0	0
1	1	UID2140133	1	1	0	0
5	5	UID2140138	1	5	2	2
1	1	UID2140140	1	1	0	0
1	1	UID2140142	1	1	0	0
1	1	UID2140144	1	1	0	0
1	1	UID2140147	1	1	0	0
1	1	UID2140148	1	1	0	0
1	1	UID2140150	1	1	0	0
1	1	UID2140151	1	1	0	0
1	1	UID2140153	1	1	0	0
1	1	UID2140154	1	1	0	0
1	1	UID2140160	1	1	0	0
1	1	UID2140161	1	1	0	0
1	1	UID2140162	1	1	0	0
1	1	UID2140163	1	1	0	0
1	1	UID2140171	1	1	0	0
1	1	UID2140177	1	1	0	0
5	5	UID2140178	1	5	2	2
1	1	UID2140179	1	1	0	0
1	1	UID2140180	1	1	0	0
1	1	UID2140181	1	1	0	0
1	1	UID2140184	1	1	0	0
1	1	UID2140192	1	1	0	0
1	1	UID2140193	1	1	0	0
1	1	UID2140195	1	1	0	0
2	2	UID2140196	1	2	1	1
1	1	UID2140197	1	1	0	0
1	1	UID2140198	1	1	0	0
1	1	UID2140199	1	1	0	0
1	1	UID2140200	1	1	0	0
1	1	UID2140203	1	1	0	0
1	1	UID2140206	1	1	0	0
1	1	UID2140208	1	1	0	0
1	1	UID2140210	1	1	0	0
1	1	UID2140211	1	1	0	0
1	1	UID2140212	1	1	0	0
1	1	UID2140213	1	1	0	0
1	1	UID2140214	1	1	0	0
1	1	UID2140215	1	1	0	0
1	1	UID2140217	1	1	0	0
1	1	UID2140218	1	1	0	0
1	1	UID2140219	1	1	0	0
1	1	UID2140227	1	1	0	0
1	1	UID2140228	1	1	0	0
1	1	UID2140229	1	1	0	0
1	1	UID2140231	1	1	0	0
1	1	UID2140233	1	1	0	0
1	1	UID2140236	1	1	0	0
1	1	UID2140239	1	1	0	0
1	1	UID2140243	1	1	0	0
1	1	UID2140245	1	1	0	0
1	1	UID2140247	1	1	0	0
1	1	UID2140249	1	1	0	0
1	1	UID2140250	1	1	0	0
1	1	UID2140253	1	1	0	0
1	1	UID2140256	1	1	0	0
1	1	UID2140263	1	1	0	0
1	1	UID2140266	1	1	0	0
1	1	UID2140271	1	1	0	0
1	1	UID2140275	1	1	0	0
1	1	UID2140276	1	1	0	0
1	1	UID2140277	1	1	0	0
1	1	UID2140278	1	1	0	0
1	1	UID2140279	1	1	0	0
1	1	UID2140280	1	1	0	0
1	1	UID2140285	1	1	0	0
1	1	UID2140286	1	1	0	0
1	1	UID2140287	1	1	0	0
1	1	UID2140288	1	1	0	0
1	1	UID2140289	1	1	0	0
1	1	UID2140290	1	1	0	0
1	1	UID2140292	1	1	0	0
1	1	UID2140293	1	1	0	0
1	1	UID2140294	1	1	0	0
1	1	UID2140295	1	1	0	0
1	1	UID2140296	1	1	0	0
1	1	UID2140304	1	1	0	0
1	1	UID2140305	1	1	0	0
1	1	UID2140308	1	1	0	0
1	1	UID2140309	1	1	0	0
1	1	UID2140312	1	1	0	0
1	1	UID2140313	1	1	0	0
1	1	UID2140314	1	1	0	0
1	1	UID2140315	1	1	0	0
1	1	UID2140316	1	1	0	0
1	1	UID2140317	1	1	0	0
1	1	UID2140318	1	1	0	0
1	1	UID2140319	1	1	0	0
4	4	UID2140322	1	4	1	1
1	1	UID2140324	1	1	0	0
1	1	UID2140325	1	1	0	0
1	1	UID2140326	1	1	0	0
1	1	UID2140328	1	1	0	0
1	1	UID2140331	1	1	0	0
1	1	UID2140333	1	1	0	0
1	1	UID2140334	1	1	0	0
1	1	UID2140338	1	1	0	0
1	1	UID2140340	1	1	0	0
1	1	UID2140342	1	1	0	0
1	1	UID2140345	1	1	0	0
1	1	UID2140353	1	1	0	0
1	1	UID2140354	1	1	0	0
1	1	UID2140355	1	1	0	0
1	1	UID2140356	1	1	0	0
1	1	UID2140358	1	1	0	0
1	1	UID2140359	1	1	0	0
1	1	UID2140360	1	1	0	0
1	1	UID2140361	1	1	0	0
1	1	UID2140363	1	1	0	0
1	1	UID2140364	1	1	0	0
1	1	UID2140365	1	1	0	0
1	1	UID2140366	1	1	0	0
1	1	UID2140367	1	1	0	0
1	1	UID2140368	1	1	0	0
1	1	UID2140369	1	1	0	0
1	1	UID2140370	1	1	0	0
1	1	UID2140371	1	1	0	0
1	1	UID2140372	1	1	0	0
1	1	UID2140373	1	1	0	0
1	1	UID2140374	1	1	0	0
1	1	UID2140375	1	1	0	0
1	1	UID2140376	1	1	0	0
1	1	UID2140377	1	1	0	0
1	1	UID2140378	1	1	0	0
1	1	UID2140380	1	1	0	0
1	1	UID2140382	1	1	0	0
1	1	UID2140383	1	1	0	0
1	1	UID2140384	1	1	0	0
1	1	UID2140385	1	1	0	0
1	1	UID2140388	1	1	0	0
1	1	UID2140389	1	1	0	0
1	1	UID2140390	1	1	0	0
1	1	UID2140391	1	1	0	0
1	1	UID2140393	1	1	0	0
1	1	UID2140394	1	1	0	0
1	1	UID2140395	1	1	0	0
1	1	UID2140396	1	1	0	0
1	1	UID2140397	1	1	0	0
1	1	UID2140398	1	1	0	0
1	1	UID2140399	1	1	0	0
1	1	UID2140400	1	1	0	0
1	1	UID2140401	1	1	0	0
1	1	UID2140402	1	1	0	0
1	1	UID2140406	1	1	0	0
1	1	UID2140407	1	1	0	0
1	1	UID2140408	1	1	0	0
1	1	UID2140411	1	1	0	0
1	1	UID2140412	1	1	0	0
1	1	UID2140413	1	1	0	0
1	1	UID2140414	1	1	0	0
1	1	UID2140415	1	1	0	0
1	1	UID2140416	1	1	0	0
1	1	UID2140417	1	1	0	0
1	1	UID2140418	1	1	0	0
1	1	UID2140419	1	1	0	0
1	1	UID2140420	1	1	0	0
1	1	UID2140421	1	1	0	0
1	1	UID2140422	1	1	0	0
1	1	UID2140423	1	1	0	0
1	1	UID2140424	1	1	0	0
1	1	UID2140425	1	1	0	0
1	1	UID2140427	1	1	0	0
1	1	UID2140428	1	1	0	0
1	1	UID2140429	1	1	0	0
1	1	UID2140431	1	1	0	0
1	1	UID2140432	1	1	0	0
1	1	UID2140433	1	1	0	0
1	1	UID2140435	1	1	0	0
1	1	UID2140437	1	1	0	0
1	1	UID2140438	1	1	0	0
1	1	UID2140439	1	1	0	0
1	1	UID2140440	1	1	0	0
1	1	UID2140444	1	1	0	0
1	1	UID2140445	1	1	0	0
1	1	UID2140446	1	1	0	0
1	1	UID2140447	1	1	0	0
1	1	UID2140448	1	1	0	0
1	1	UID2140449	1	1	0	0
1	1	UID2140450	1	1	0	0
1	1	UID2140452	1	1	0	0
1	1	UID2140454	1	1	0	0
1	1	UID2140455	1	1	0	0
1	1	UID2140457	1	1	0	0
1	1	UID2140458	1	1	0	0
1	1	UID2140459	1	1	0	0
1	1	UID2140461	1	1	0	0
1	1	UID2140463	1	1	0	0
1	1	UID2140464	1	1	0	0
1	1	UID2140465	1	1	0	0
1	1	UID2140466	1	1	0	0
1	1	UID2140471	1	1	0	0
1	1	UID2140474	1	1	0	0
1	1	UID2140478	1	1	0	0
1	1	UID2140480	1	1	0	0
1	1	UID2140481	1	1	0	0
1	1	UID2140482	1	1	0	0
1	1	UID2140488	1	1	0	0
1	1	UID2140490	1	1	0	0
1	1	UID2140491	1	1	0	0
1	1	UID2140492	1	1	0	0
1	1	UID2140493	1	1	0	0
1	1	UID2140496	1	1	0	0
1	1	UID2140497	1	1	0	0
1	1	UID2140498	1	1	0	0
1	1	UID2140500	1	1	0	0
1	1	UID2140501	1	1	0	0
1	1	UID2140503	1	1	0	0
1	1	UID2140504	1	1	0	0
1	1	UID2140505	1	1	0	0
1	1	UID2140506	1	1	0	0
1	1	UID2140507	1	1	0	0
1	1	UID2140508	1	1	0	0
1	1	UID2140510	1	1	0	0
1	1	UID2140511	1	1	0	0
1	1	UID2140512	1	1	0	0
1	1	UID2140513	1	1	0	0
1	1	UID2140515	1	1	0	0
1	1	UID2140516	1	1	0	0
1	1	UID2140517	1	1	0	0
1	1	UID2140522	1	1	0	0
1	1	UID2140527	1	1	0	0
1	1	UID2140528	1	1	0	0
1	1	UID2140532	1	1	0	0
1	1	UID2140533	1	1	0	0
1	1	UID2140536	1	1	0	0
1	1	UID2140537	1	1	0	0
1	1	UID2140540	1	1	0	0
1	1	UID2140541	1	1	0	0
1	1	UID2140542	1	1	0	0
1	1	UID2140545	1	1	0	0
1	1	UID2140548	1	1	0	0
1	1	UID2140550	1	1	0	0
1	1	UID2140552	1	1	0	0
1	1	UID2140555	1	1	0	0
1	1	UID2140556	1	1	0	0
1	1	UID2140557	1	1	0	0
1	1	UID2140560	1	1	0	0
1	1	UID2140562	1	1	0	0
1	1	UID2140565	1	1	0	0
1	1	UID2140568	1	1	0	0
1	1	UID2140569	1	1	0	0
1	1	UID2140571	1	1	0	0
1	1	UID2140572	1	1	0	0
1	1	UID2140573	1	1	0	0
1	1	UID2140574	1	1	0	0
1	1	UID2140575	1	1	0	0
1	1	UID2140576	1	1	0	0
1	1	UID2140577	1	1	0	0
1	1	UID2140578	1	1	0	0
1	1	UID2140581	1	1	0	0
1	1	UID2140582	1	1	0	0
1	1	UID2140583	1	1	0	0
1	1	UID2140585	1	1	0	0
1	1	UID2140586	1	1	0	0
2	2	UID2140587	1	2	1	1
1	1	UID2140589	1	1	0	0
1	1	UID2140590	1	1	0	0
1	1	UID2140591	1	1	0	0
1	1	UID2140593	1	1	0	0
1	1	UID2140595	1	1	0	0
1	1	UID2140599	1	1	0	0
1	1	UID2140604	1	1	0	0
1	1	UID2140605	1	1	0	0
1	1	UID2140615	1	1	0	0
1	1	UID2140617	1	1	0	0
1	1	UID2140618	1	1	0	0
1	1	UID2140620	1	1	0	0
1	1	UID2140621	1	1	0	0
1	1	UID2140622	1	1	0	0
1	1	UID2140623	1	1	0	0
1	1	UID2140624	1	1	0	0
1	1	UID2140626	1	1	0	0
1	1	UID2140627	1	1	0	0
1	1	UID2140628	1	1	0	0
1	1	UID2140633	1	1	0	0
1	1	UID2140634	1	1	0	0
5	5	UID2140636	1	5	2	2
1	1	UID2140642	1	1	0	0
1	1	UID2140647	1	1	0	0
1	1	UID2140650	1	1	0	0
1	1	UID2140655	1	1	0	0
1	1	UID2140660	1	1	0	0
1	1	UID2140661	1	1	0	0
1	1	UID2140662	1	1	0	0
1	1	UID2140664	1	1	0	0
1	1	UID2140665	1	1	0	0
1	1	UID2140666	1	1	0	0
1	1	UID2140672	1	1	0	0
1	1	UID2140673	1	1	0	0
1	1	UID2140675	1	1	0	0
1	1	UID2140678	1	1	0	0
1	1	UID2140680	1	1	0	0
1	1	UID2140684	1	1	0	0
1	1	UID2140685	1	1	0	0
1	1	UID2140690	1	1	0	0
1	1	UID2140691	1	1	0	0
1	1	UID2140698	1	1	0	0
1	1	UID2140699	1	1	0	0
1	1	UID2140700	1	1	0	0
1	1	UID2140701	1	1	0	0
1	1	UID2140702	1	1	0	0
1	1	UID2140705	1	1	0	0
1	1	UID2140708	1	1	0	0
1	1	UID2140709	1	1	0	0
1	1	UID2140711	1	1	0	0
1	1	UID2140714	1	1	0	0
1	1	UID2140715	1	1	0	0
1	1	UID2140721	1	1	0	0
1	1	UID2140722	1	1	0	0
1	1	UID2140736	1	1	0	0
1	1	UID2140739	1	1	0	0
2	2	UID2140782	1	2	1	1
1	1	UID2140796	1	1	0	0
1	1	UID2140802	1	1	0	0
1	1	UID2140808	1	1	0	0
1	1	UID2140810	1	1	0	0
1	1	UID2140813	1	1	0	0
1	1	UID2140822	1	1	0	0
1	1	UID2140824	1	1	0	0
1	1	UID2140827	1	1	0	0
1	1	UID2140828	1	1	0	0
1	1	UID2140829	1	1	0	0
1	1	UID2140830	1	1	0	0
1	1	UID2140831	1	1	0	0
1	1	UID2140832	1	1	0	0
1	1	UID2140833	1	1	0	0
1	1	UID2140843	1	1	0	0
1	1	UID2140846	1	1	0	0
1	1	UID2140848	1	1	0	0
1	1	UID2140853	1	1	0	0
1	1	UID2140857	1	1	0	0
1	1	UID2140869	1	1	0	0
1	1	UID2140870	1	1	0	0
1	1	UID2140877	1	1	0	0
1	1	UID2140887	1	1	0	0
1	1	UID2140888	1	1	0	0
1	1	UID2140889	1	1	0	0
1	1	UID2140890	1	1	0	0
1	1	UID2140897	1	1	0	0
1	1	UID2140903	1	1	0	0
1	1	UID2140904	1	1	0	0
1	1	UID2140905	1	1	0	0
1	1	UID2140908	1	1	0	0
1	1	UID2140909	1	1	0	0
1	1	UID2140910	1	1	0	0
1	1	UID2140911	1	1	0	0
1	1	UID2140912	1	1	0	0
1	1	UID2140913	1	1	0	0
1	1	UID2140914	1	1	0	0
1	1	UID2140915	1	1	0	0
1	1	UID2140916	1	1	0	0
1	1	UID2140917	1	1	0	0
1	1	UID2140920	1	1	0	0
1	1	UID2140921	1	1	0	0
1	1	UID2140922	1	1	0	0
1	1	UID2140923	1	1	0	0
1	1	UID2140926	1	1	0	0
1	1	UID2140927	1	1	0	0
1	1	UID2140929	1	1	0	0
1	1	UID2140930	1	1	0	0
1	1	UID2140932	1	1	0	0
1	1	UID2140933	1	1	0	0
1	1	UID2140934	1	1	0	0
1	1	UID2140935	1	1	0	0
1	1	UID2140936	1	1	0	0
1	1	UID2140937	1	1	0	0
1	1	UID2140938	1	1	0	0
1	1	UID2140939	1	1	0	0
1	1	UID2140940	1	1	0	0
1	1	UID2140941	1	1	0	0
1	1	UID2140944	1	1	0	0
1	1	UID2140945	1	1	0	0
1	1	UID2140948	1	1	0	0
1	1	UID2140950	1	1	0	0
1	1	UID2140953	1	1	0	0
1	1	UID2140960	1	1	0	0
1	1	UID2140961	1	1	0	0
1	1	UID2140962	1	1	0	0
1	1	UID2140963	1	1	0	0
1	1	UID2140964	1	1	0	0
1	1	UID2140965	1	1	0	0
1	1	UID2140966	1	1	0	0
1	1	UID2140968	1	1	0	0
1	1	UID2140969	1	1	0	0
1	1	UID2140970	1	1	0	0
1	1	UID2140971	1	1	0	0
1	1	UID2140972	1	1	0	0
1	1	UID2140973	1	1	0	0
1	1	UID2140974	1	1	0	0
1	1	UID2140975	1	1	0	0
1	1	UID2140976	1	1	0	0
1	1	UID2140978	1	1	0	0
1	1	UID2140979	1	1	0	0
1	1	UID2140980	1	1	0	0
1	1	UID2140981	1	1	0	0
1	1	UID2140982	1	1	0	0
1	1	UID2140984	1	1	0	0
1	1	UID2140985	1	1	0	0
1	1	UID2140990	1	1	0	0
1	1	UID2140992	1	1	0	0
1	1	UID2140994	1	1	0	0
1	1	UID2140998	1	1	0	0
1	1	UID2140999	1	1	0	0
1	1	UID2141000	1	1	0	0
1	1	UID2141003	1	1	0	0
1	1	UID2141004	1	1	0	0
1	1	UID2141006	1	1	0	0
1	1	UID2141007	1	1	0	0
1	1	UID2141010	1	1	0	0
1	1	UID2141011	1	1	0	0
1	1	UID2141013	1	1	0	0
1	1	UID2141014	1	1	0	0
1	1	UID2141015	1	1	0	0
1	1	UID2141016	1	1	0	0
1	1	UID2141018	1	1	0	0
1	1	UID2141019	1	1	0	0
1	1	UID2141028	1	1	0	0
1	1	UID2141034	1	1	0	0
1	1	UID2141036	1	1	0	0
1	1	UID2141040	1	1	0	0
1	1	UID2141041	1	1	0	0
1	1	UID2141042	1	1	0	0
1	1	UID2141044	1	1	0	0
1	1	UID2141045	1	1	0	0
5	5	UID2141048	1	5	2	2
1	1	UID2141050	1	1	0	0
1	1	UID2141051	1	1	0	0
1	1	UID2141052	1	1	0	0
1	1	UID2141053	1	1	0	0
1	1	UID2141054	1	1	0	0
1	1	UID2141055	1	1	0	0
1	1	UID2141056	1	1	0	0
1	1	UID2141057	1	1	0	0
1	1	UID2141058	1	1	0	0
1	1	UID2141059	1	1	0	0
1	1	UID2141060	1	1	0	0
1	1	UID2141061	1	1	0	0
1	1	UID2141062	1	1	0	0
1	1	UID2141063	1	1	0	0
1	1	UID2141064	1	1	0	0
1	1	UID2141066	1	1	0	0
1	1	UID2141067	1	1	0	0
1	1	UID2141068	1	1	0	0
1	1	UID2141069	1	1	0	0
1	1	UID2141070	1	1	0	0
1	1	UID2141071	1	1	0	0
1	1	UID2141072	1	1	0	0
1	1	UID2141073	1	1	0	0
1	1	UID2141074	1	1	0	0
1	1	UID2141075	1	1	0	0
1	1	UID2141076	1	1	0	0
1	1	UID2141078	1	1	0	0
1	1	UID2141082	1	1	0	0
1	1	UID2141084	1	1	0	0
1	1	UID2141088	1	1	0	0
1	1	UID2141089	1	1	0	0
1	1	UID2141091	1	1	0	0
1	1	UID2141092	1	1	0	0
1	1	UID2141094	1	1	0	0
1	1	UID2141095	1	1	0	0
1	1	UID2141096	1	1	0	0
1	1	UID2141097	1	1	0	0
1	1	UID2141099	1	1	0	0
1	1	UID2141100	1	1	0	0
1	1	UID2141103	1	1	0	0
1	1	UID2141105	1	1	0	0
1	1	UID2141107	1	1	0	0
1	1	UID2141108	1	1	0	0
1	1	UID2141109	1	1	0	0
1	1	UID2141110	1	1	0	0
1	1	UID2141111	1	1	0	0
1	1	UID2141112	1	1	0	0
1	1	UID2141113	1	1	0	0
1	1	UID2141114	1	1	0	0
1	1	UID2141117	1	1	0	0
1	1	UID2141125	1	1	0	0
1	1	UID2141126	1	1	0	0
1	1	UID2141127	1	1	0	0
1	1	UID2141132	1	1	0	0
1	1	UID2141133	1	1	0	0
1	1	UID2141134	1	1	0	0
1	1	UID2141136	1	1	0	0
1	1	UID2141141	1	1	0	0
1	1	UID2141143	1	1	0	0
1	1	UID2141144	1	1	0	0
1	1	UID2141145	1	1	0	0
1	1	UID2141148	1	1	0	0
1	1	UID2141149	1	1	0	0
1	1	UID2141152	1	1	0	0
1	1	UID2141154	1	1	0	0
1	1	UID2141157	1	1	0	0
1	1	UID2141158	1	1	0	0
1	1	UID2141159	1	1	0	0
1	1	UID2141160	1	1	0	0
1	1	UID2141161	1	1	0	0
1	1	UID2141162	1	1	0	0
1	1	UID2141164	1	1	0	0
1	1	UID2141165	1	1	0	0
1	1	UID2141166	1	1	0	0
1	1	UID2141167	1	1	0	0
1	1	UID2141168	1	1	0	0
1	1	UID2141169	1	1	0	0
1	1	UID2141170	1	1	0	0
1	1	UID2141174	1	1	0	0
1	1	UID2141176	1	1	0	0
1	1	UID2141177	1	1	0	0
1	1	UID2141182	1	1	0	0
1	1	UID2141183	1	1	0	0
1	1	UID2141184	1	1	0	0
1	1	UID2141185	1	1	0	0
1	1	UID2141188	1	1	0	0
1	1	UID2141189	1	1	0	0
1	1	UID2141190	1	1	0	0
1	1	UID2141191	1	1	0	0
1	1	UID2141192	1	1	0	0
1	1	UID2141195	1	1	0	0
1	1	UID2141196	1	1	0	0
1	1	UID2141197	1	1	0	0
1	1	UID2141198	1	1	0	0
1	1	UID2141201	1	1	0	0
1	1	UID2141202	1	1	0	0
1	1	UID2141203	1	1	0	0
1	1	UID2141204	1	1	0	0
1	1	UID2141205	1	1	0	0
1	1	UID2141210	1	1	0	0
1	1	UID2141211	1	1	0	0
1	1	UID2141213	1	1	0	0
1	1	UID2141214	1	1	0	0
1	1	UID2141215	1	1	0	0
1	1	UID2141216	1	1	0	0
1	1	UID2141217	1	1	0	0
1	1	UID2141219	1	1	0	0
1	1	UID2141223	1	1	0	0
1	1	UID2141224	1	1	0	0
1	1	UID2141225	1	1	0	0
1	1	UID2141226	1	1	0	0
1	1	UID2141228	1	1	0	0
1	1	UID2141230	1	1	0	0
1	1	UID2141231	1	1	0	0
1	1	UID2141232	1	1	0	0
1	1	UID2141233	1	1	0	0
1	1	UID2141234	1	1	0	0
1	1	UID2141235	1	1	0	0
1	1	UID2141236	1	1	0	0
1	1	UID2141237	1	1	0	0
1	1	UID2141238	1	1	0	0
1	1	UID2141239	1	1	0	0
1	1	UID2141240	1	1	0	0
1	1	UID2141243	1	1	0	0
1	1	UID2141244	1	1	0	0
1	1	UID2141245	1	1	0	0
1	1	UID2141246	1	1	0	0
1	1	UID2141247	1	1	0	0
1	1	UID2141248	1	1	0	0
1	1	UID2141249	1	1	0	0
1	1	UID2141250	1	1	0	0
1	1	UID2141252	1	1	0	0
1	1	UID2141253	1	1	0	0
1	1	UID2141254	1	1	0	0
1	1	UID2141255	1	1	0	0
1	1	UID2141256	1	1	0	0
1	1	UID2141257	1	1	0	0
1	1	UID2141258	1	1	0	0
1	1	UID2141259	1	1	0	0
1	1	UID2141260	1	1	0	0
1	1	UID2141261	1	1	0	0
1	1	UID2141262	1	1	0	0
1	1	UID2141263	1	1	0	0
1	1	UID2141264	1	1	0	0
1	1	UID2141265	1	1	0	0
1	1	UID2141266	1	1	0	0
1	1	UID2141267	1	1	0	0
1	1	UID2141268	1	1	0	0
1	1	UID2141269	1	1	0	0
1	1	UID2141270	1	1	0	0
1	1	UID2141271	1	1	0	0
1	1	UID2141272	1	1	0	0
1	1	UID2141274	1	1	0	0
1	1	UID2141275	1	1	0	0
1	1	UID2141276	1	1	0	0
1	1	UID2141277	1	1	0	0
1	1	UID2141278	1	1	0	0
1	1	UID2141279	1	1	0	0
1	1	UID2141280	1	1	0	0
1	1	UID2141281	1	1	0	0
1	1	UID2141282	1	1	0	0
1	1	UID2141284	1	1	0	0
1	1	UID2141285	1	1	0	0
1	1	UID2141286	1	1	0	0
1	1	UID2141287	1	1	0	0
1	1	UID2141288	1	1	0	0
1	1	UID2141289	1	1	0	0
1	1	UID2141291	1	1	0	0
1	1	UID2141292	1	1	0	0
1	1	UID2141294	1	1	0	0
1	1	UID2141295	1	1	0	0
1	1	UID2141296	1	1	0	0
1	1	UID2141297	1	1	0	0
1	1	UID2141298	1	1	0	0
1	1	UID2141299	1	1	0	0
1	1	UID2141300	1	1	0	0
1	1	UID2141301	1	1	0	0
1	1	UID2141302	1	1	0	0
1	1	UID2141303	1	1	0	0
1	1	UID2141304	1	1	0	0
1	1	UID2141305	1	1	0	0
1	1	UID2141306	1	1	0	0
1	1	UID2141307	1	1	0	0
1	1	UID2141308	1	1	0	0
1	1	UID2141309	1	1	0	0
1	1	UID2141310	1	1	0	0
1	1	UID2141311	1	1	0	0
1	1	UID2141312	1	1	0	0
1	1	UID2141314	1	1	0	0
1	1	UID2141315	1	1	0	0
1	1	UID2141316	1	1	0	0
1	1	UID2141317	1	1	0	0
1	1	UID2141318	1	1	0	0
1	1	UID2141319	1	1	0	0
1	1	UID2141320	1	1	0	0
1	1	UID2141321	1	1	0	0
1	1	UID2141322	1	1	0	0
1	1	UID2141323	1	1	0	0
1	1	UID2141324	1	1	0	0
1	1	UID2141325	1	1	0	0
1	1	UID2141326	1	1	0	0
1	1	UID2141327	1	1	0	0
1	1	UID2141328	1	1	0	0
1	1	UID2141329	1	1	0	0
1	1	UID2141331	1	1	0	0
1	1	UID2141332	1	1	0	0
1	1	UID2141333	1	1	0	0
1	1	UID2141334	1	1	0	0
1	1	UID2141335	1	1	0	0
1	1	UID2141336	1	1	0	0
1	1	UID2141337	1	1	0	0
1	1	UID2141338	1	1	0	0
1	1	UID2141339	1	1	0	0
1	1	UID2141340	1	1	0	0
1	1	UID2141341	1	1	0	0
1	1	UID2141344	1	1	0	0
1	1	UID2141348	1	1	0	0
1	1	UID2141349	1	1	0	0
1	1	UID2141350	1	1	0	0
1	1	UID2141351	1	1	0	0
1	1	UID2141352	1	1	0	0
1	1	UID2141353	1	1	0	0
1	1	UID2141354	1	1	0	0
1	1	UID2141355	1	1	0	0
1	1	UID2141356	1	1	0	0
1	1	UID2141357	1	1	0	0
1	1	UID2141358	1	1	0	0
1	1	UID2141359	1	1	0	0
1	1	UID2141360	1	1	0	0
1	1	UID2141361	1	1	0	0
1	1	UID2141362	1	1	0	0
1	1	UID2141363	1	1	0	0
1	1	UID2141366	1	1	0	0
1	1	UID2141368	1	1	0	0
1	1	UID2141369	1	1	0	0
1	1	UID2141370	1	1	0	0
1	1	UID2141371	1	1	0	0
1	1	UID2141372	1	1	0	0
1	1	UID2141373	1	1	0	0
1	1	UID2141375	1	1	0	0
1	1	UID2141376	1	1	0	0
1	1	UID2141377	1	1	0	0
1	1	UID2141378	1	1	0	0
1	1	UID2141381	1	1	0	0
1	1	UID2141382	1	1	0	0
1	1	UID2141385	1	1	0	0
1	1	UID2141386	1	1	0	0
1	1	UID2141387	1	1	0	0
1	1	UID2141388	1	1	0	0
1	1	UID2141389	1	1	0	0
1	1	UID2141390	1	1	0	0
1	1	UID2141392	1	1	0	0
1	1	UID2141394	1	1	0	0
1	1	UID2141401	1	1	0	0
1	1	UID2141404	1	1	0	0
1	1	UID2141405	1	1	0	0
1	1	UID2141408	1	1	0	0
1	1	UID2141409	1	1	0	0
1	1	UID2141410	1	1	0	0
1	1	UID2141411	1	1	0	0
1	1	UID2141412	1	1	0	0
1	1	UID2141413	1	1	0	0
1	1	UID2141414	1	1	0	0
1	1	UID2141415	1	1	0	0
1	1	UID2141416	1	1	0	0
1	1	UID2141418	1	1	0	0
1	1	UID2141419	1	1	0	0
1	1	UID2141421	1	1	0	0
1	1	UID2141422	1	1	0	0
1	1	UID2141428	1	1	0	0
1	1	UID2141431	1	1	0	0
1	1	UID2141435	1	1	0	0
1	1	UID2141439	1	1	0	0
1	1	UID2141441	1	1	0	0
1	1	UID2141442	1	1	0	0
1	1	UID2141451	1	1	0	0
1	1	UID2141452	1	1	0	0
1	1	UID2141457	1	1	0	0
1	1	UID2141459	1	1	0	0
1	1	UID2141462	1	1	0	0
1	1	UID2141464	1	1	0	0
1	1	UID2141465	1	1	0	0
1	1	UID2141467	1	1	0	0
1	1	UID2141468	1	1	0	0
1	1	UID2141469	1	1	0	0
1	1	UID2141472	1	1	0	0
1	1	UID2141479	1	1	0	0
1	1	UID2141480	1	1	0	0
1	1	UID2141481	1	1	0	0
1	1	UID2141487	1	1	0	0
1	1	UID2141489	1	1	0	0
1	1	UID2141490	1	1	0	0
1	1	UID2141491	1	1	0	0
1	1	UID2141492	1	1	0	0
1	1	UID2141493	1	1	0	0
1	1	UID2141495	1	1	0	0
1	1	UID2141496	1	1	0	0
1	1	UID2141498	1	1	0	0
1	1	UID2141499	1	1	0	0
1	1	UID2141500	1	1	0	0
1	1	UID2141502	1	1	0	0
1	1	UID2141504	1	1	0	0
1	1	UID2141507	1	1	0	0
1	1	UID2141508	1	1	0	0
1	1	UID2141514	1	1	0	0
1	1	UID2141515	1	1	0	0
1	1	UID2141516	1	1	0	0
1	1	UID2141517	1	1	0	0
1	1	UID2141519	1	1	0	0
1	1	UID2141521	1	1	0	0
1	1	UID2141522	1	1	0	0
1	1	UID2141523	1	1	0	0
1	1	UID2141524	1	1	0	0
1	1	UID2141526	1	1	0	0
1	1	UID2141528	1	1	0	0
1	1	UID2141529	1	1	0	0
1	1	UID2141530	1	1	0	0
1	1	UID2141531	1	1	0	0
1	1	UID2141532	1	1	0	0
1	1	UID2141533	1	1	0	0
1	1	UID2141535	1	1	0	0
1	1	UID2141536	1	1	0	0
1	1	UID2141537	1	1	0	0
1	1	UID2141539	1	1	0	0
1	1	UID2141540	1	1	0	0
1	1	UID2141541	1	1	0	0
1	1	UID2141542	1	1	0	0
1	1	UID2141543	1	1	0	0
1	1	UID2141544	1	1	0	0
1	1	UID2141546	1	1	0	0
1	1	UID2141547	1	1	0	0
1	1	UID2141548	1	1	0	0
1	1	UID2141553	1	1	0	0
1	1	UID2141555	1	1	0	0
1	1	UID2141558	1	1	0	0
1	1	UID2141560	1	1	0	0
1	1	UID2141563	1	1	0	0
1	1	UID2141564	1	1	0	0
1	1	UID2141566	1	1	0	0
1	1	UID2141567	1	1	0	0
1	1	UID2141568	1	1	0	0
1	1	UID2141571	1	1	0	0
1	1	UID2141577	1	1	0	0
1	1	UID2141579	1	1	0	0
1	1	UID2141582	1	1	0	0
1	1	UID2141583	1	1	0	0
1	1	UID2141585	1	1	0	0
1	1	UID2141589	1	1	0	0
1	1	UID2141593	1	1	0	0
1	1	UID2141595	1	1	0	0
1	1	UID2141599	1	1	0	0
1	1	UID2141602	1	1	0	0
1	1	UID2141605	1	1	0	0
1	1	UID2141609	1	1	0	0
1	1	UID2141612	1	1	0	0
1	1	UID2141616	1	1	0	0
1	1	UID2141620	1	1	0	0
1	1	UID2141624	1	1	0	0
1	1	UID2141626	1	1	0	0
1	1	UID2141628	1	1	0	0
1	1	UID2141634	1	1	0	0
1	1	UID2141635	1	1	0	0
1	1	UID2141636	1	1	0	0
1	1	UID2141639	1	1	0	0
1	1	UID2141642	1	1	0	0
1	1	UID2141644	1	1	0	0
1	1	UID2141645	1	1	0	0
1	1	UID2141646	1	1	0	0
1	1	UID2141647	1	1	0	0
1	1	UID2141649	1	1	0	0
1	1	UID2141654	1	1	0	0
1	1	UID2141655	1	1	0	0
1	1	UID2141657	1	1	0	0
1	1	UID2141661	1	1	0	0
1	1	UID2141662	1	1	0	0
1	1	UID2141672	1	1	0	0
1	1	UID2141673	1	1	0	0
1	1	UID2141677	1	1	0	0
1	1	UID2141678	1	1	0	0
1	1	UID2141679	1	1	0	0
1	1	UID2141682	1	1	0	0
1	1	UID2141685	1	1	0	0
1	1	UID2141686	1	1	0	0
1	1	UID2141687	1	1	0	0
1	1	UID2141688	1	1	0	0
1	1	UID2141691	1	1	0	0
1	1	UID2141698	1	1	0	0
1	1	UID2141701	1	1	0	0
1	1	UID2141703	1	1	0	0
1	1	UID2141705	1	1	0	0
1	1	UID2141707	1	1	0	0
1	1	UID2141708	1	1	0	0
1	1	UID2141710	1	1	0	0
1	1	UID2141715	1	1	0	0
1	1	UID2141718	1	1	0	0
1	1	UID2141719	1	1	0	0
1	1	UID2141723	1	1	0	0
1	1	UID2141730	1	1	0	0
1	1	UID2141736	1	1	0	0
1	1	UID2141739	1	1	0	0
1	1	UID2141740	1	1	0	0
1	1	UID2141744	1	1	0	0
1	1	UID2141745	1	1	0	0
1	1	UID2141747	1	1	0	0
1	1	UID2141748	1	1	0	0
1	1	UID2141752	1	1	0	0
1	1	UID2141753	1	1	0	0
1	1	UID2141756	1	1	0	0
1	1	UID2141757	1	1	0	0
1	1	UID2141762	1	1	0	0
1	1	UID2141769	1	1	0	0
1	1	UID2141770	1	1	0	0
1	1	UID2141771	1	1	0	0
1	1	UID2141773	1	1	0	0
1	1	UID2141774	1	1	0	0
1	1	UID2141775	1	1	0	0
1	1	UID2141777	1	1	0	0
1	1	UID2141778	1	1	0	0
1	1	UID2141779	1	1	0	0
1	1	UID2141784	1	1	0	0
1	1	UID2141788	1	1	0	0
1	1	UID2141789	1	1	0	0
1	1	UID2141790	1	1	0	0
1	1	UID2141792	1	1	0	0
1	1	UID2141793	1	1	0	0
1	1	UID2141802	1	1	0	0
1	1	UID2141803	1	1	0	0
1	1	UID2141804	1	1	0	0
1	1	UID2141810	1	1	0	0
1	1	UID2141811	1	1	0	0
1	1	UID2141815	1	1	0	0
1	1	UID2141818	1	1	0	0
1	1	UID2141819	1	1	0	0
1	1	UID2141820	1	1	0	0
1	1	UID2141821	1	1	0	0
1	1	UID2141822	1	1	0	0
1	1	UID2141824	1	1	0	0
1	1	UID2141828	1	1	0	0
1	1	UID2141829	1	1	0	0
1	1	UID2141830	1	1	0	0
1	1	UID2141833	1	1	0	0
1	1	UID2141834	1	1	0	0
1	1	UID2141835	1	1	0	0
1	1	UID2141836	1	1	0	0
1	1	UID2141839	1	1	0	0
1	1	UID2141840	1	1	0	0
1	1	UID2141842	1	1	0	0
1	1	UID2141845	1	1	0	0
1	1	UID2141852	1	1	0	0
1	1	UID2141853	1	1	0	0
1	1	UID2141854	1	1	0	0
1	1	UID2141865	1	1	0	0
1	1	UID2141872	1	1	0	0
1	1	UID2141877	1	1	0	0
1	1	UID2141878	1	1	0	0
1	1	UID2141882	1	1	0	0
1	1	UID2141883	1	1	0	0
1	1	UID2141885	1	1	0	0
1	1	UID2141886	1	1	0	0
1	1	UID2141887	1	1	0	0
1	1	UID2141888	1	1	0	0
1	1	UID2141894	1	1	0	0
1	1	UID2141897	1	1	0	0
1	1	UID2141899	1	1	0	0
1	1	UID2141902	1	1	0	0
1	1	UID2141906	1	1	0	0
1	1	UID2141907	1	1	0	0
1	1	UID2141908	1	1	0	0
1	1	UID2141909	1	1	0	0
1	1	UID2141911	1	1	0	0
1	1	UID2141914	1	1	0	0
1	1	UID2141915	1	1	0	0
1	1	UID2141916	1	1	0	0
1	1	UID2141918	1	1	0	0
1	1	UID2141919	1	1	0	0
1	1	UID2141920	1	1	0	0
1	1	UID2141921	1	1	0	0
1	1	UID2141930	1	1	0	0
1	1	UID2141932	1	1	0	0
1	1	UID2141934	1	1	0	0
1	1	UID2141935	1	1	0	0
1	1	UID2141936	1	1	0	0
1	1	UID2141937	1	1	0	0
1	1	UID2141938	1	1	0	0
1	1	UID2141943	1	1	0	0
1	1	UID2141944	1	1	0	0
1	1	UID2141945	1	1	0	0
1	1	UID2141946	1	1	0	0
1	1	UID2141949	1	1	0	0
1	1	UID2141953	1	1	0	0
1	1	UID2141954	1	1	0	0
1	1	UID2141956	1	1	0	0
1	1	UID2141957	1	1	0	0
1	1	UID2141960	1	1	0	0
1	1	UID2141961	1	1	0	0
1	1	UID2141962	1	1	0	0
1	1	UID2141964	1	1	0	0
1	1	UID2141966	1	1	0	0
1	1	UID2141967	1	1	0	0
1	1	UID2141968	1	1	0	0
1	1	UID2141970	1	1	0	0
1	1	UID2141971	1	1	0	0
1	1	UID2141979	1	1	0	0
1	1	UID2141980	1	1	0	0
1	1	UID2141981	1	1	0	0
1	1	UID2141987	1	1	0	0
1	1	UID2141994	1	1	0	0
1	1	UID2141996	1	1	0	0
1	1	UID2141999	1	1	0	0
1	1	UID2142000	1	1	0	0
1	1	UID2142001	1	1	0	0
1	1	UID2142002	1	1	0	0
1	1	UID2142005	1	1	0	0
1	1	UID2142006	1	1	0	0
1	1	UID2142010	1	1	0	0
1	1	UID2142011	1	1	0	0
1	1	UID2142017	1	1	0	0
1	1	UID2142025	1	1	0	0
1	1	UID2142026	1	1	0	0
1	1	UID2142027	1	1	0	0
1	1	UID2142028	1	1	0	0
1	1	UID2142029	1	1	0	0
1	1	UID2142030	1	1	0	0
1	1	UID2142032	1	1	0	0
1	1	UID2142034	1	1	0	0
1	1	UID2142037	1	1	0	0
1	1	UID2142038	1	1	0	0
1	1	UID2142039	1	1	0	0
1	1	UID2142040	1	1	0	0
1	1	UID2142042	1	1	0	0
1	1	UID2142043	1	1	0	0
1	1	UID2142044	1	1	0	0
1	1	UID2142046	1	1	0	0
1	1	UID2142047	1	1	0	0
1	1	UID2142048	1	1	0	0
1	1	UID2142050	1	1	0	0
1	1	UID2142051	1	1	0	0
1	1	UID2142052	1	1	0	0
1	1	UID2142053	1	1	0	0
1	1	UID2142054	1	1	0	0
1	1	UID2142059	1	1	0	0
1	1	UID2142061	1	1	0	0
1	1	UID2142073	1	1	0	0
1	1	UID2142074	1	1	0	0
1	1	UID2142075	1	1	0	0
1	1	UID2142078	1	1	0	0
1	1	UID2142082	1	1	0	0
1	1	UID2142083	1	1	0	0
1	1	UID2142086	1	1	0	0
1	1	UID2142090	1	1	0	0
1	1	UID2142093	1	1	0	0
1	1	UID2142095	1	1	0	0
1	1	UID2142097	1	1	0	0
1	1	UID2142099	1	1	0	0
1	1	UID2142100	1	1	0	0
1	1	UID2142104	1	1	0	0
1	1	UID2142105	1	1	0	0
1	1	UID2142106	1	1	0	0
1	1	UID2142107	1	1	0	0
1	1	UID2142109	1	1	0	0
1	1	UID2142110	1	1	0	0
1	1	UID2142111	1	1	0	0
1	1	UID2142113	1	1	0	0
1	1	UID2142114	1	1	0	0
1	1	UID2142117	1	1	0	0
1	1	UID2142122	1	1	0	0
1	1	UID2142130	1	1	0	0
1	1	UID2142135	1	1	0	0
1	1	UID2142139	1	1	0	0
1	1	UID2142143	1	1	0	0
1	1	UID2142144	1	1	0	0
1	1	UID2142145	1	1	0	0
1	1	UID2142146	1	1	0	0
1	1	UID2142151	1	1	0	0
1	1	UID2142153	1	1	0	0
1	1	UID2142155	1	1	0	0
1	1	UID2142158	1	1	0	0
1	1	UID2142163	1	1	0	0
1	1	UID2142167	1	1	0	0
1	1	UID2142168	1	1	0	0
1	1	UID2142169	1	1	0	0
1	1	UID2142171	1	1	0	0
1	1	UID2142173	1	1	0	0
1	1	UID2142174	1	1	0	0
1	1	UID2142176	1	1	0	0
1	1	UID2142178	1	1	0	0
1	1	UID2142180	1	1	0	0
1	1	UID2142181	1	1	0	0
1	1	UID2142182	1	1	0	0
1	1	UID2142184	1	1	0	0
1	1	UID2142185	1	1	0	0
1	1	UID2142186	1	1	0	0
3	3	UID2142188	1	3	2	2
1	1	UID2142192	1	1	0	0
1	1	UID2142193	1	1	0	0
1	1	UID2142194	1	1	0	0
1	1	UID2142197	1	1	0	0
1	1	UID2142200	1	1	0	0
1	1	UID2142201	1	1	0	0
1	1	UID2142203	1	1	0	0
1	1	UID2142205	1	1	0	0
1	1	UID2142207	1	1	0	0
1	1	UID2142210	1	1	0	0
1	1	UID2142211	1	1	0	0
1	1	UID2142212	1	1	0	0
1	1	UID2142218	1	1	0	0
1	1	UID2142222	1	1	0	0
1	1	UID2142223	1	1	0	0
1	1	UID2142227	1	1	0	0
1	1	UID2142231	1	1	0	0
1	1	UID2142234	1	1	0	0
1	1	UID2142235	1	1	0	0
1	1	UID2142236	1	1	0	0
1	1	UID2142239	1	1	0	0
1	1	UID2142240	1	1	0	0
1	1	UID2142241	1	1	0	0
1	1	UID2142243	1	1	0	0
1	1	UID2142244	1	1	0	0
1	1	UID2142247	1	1	0	0
1	1	UID2142251	1	1	0	0
1	1	UID2142253	1	1	0	0
1	1	UID2142254	1	1	0	0
1	1	UID2142255	1	1	0	0
1	1	UID2142256	1	1	0	0
1	1	UID2142260	1	1	0	0
1	1	UID2142262	1	1	0	0
1	1	UID2142263	1	1	0	0
1	1	UID2142264	1	1	0	0
1	1	UID2142266	1	1	0	0
1	1	UID2142267	1	1	0	0
1	1	UID2142268	1	1	0	0
1	1	UID2142269	1	1	0	0
1	1	UID2142273	1	1	0	0
1	1	UID2142276	1	1	0	0
1	1	UID2142279	1	1	0	0
1	1	UID2142280	1	1	0	0
1	1	UID2142281	1	1	0	0
1	1	UID2142282	1	1	0	0
1	1	UID2142284	1	1	0	0
1	1	UID2142287	1	1	0	0
1	1	UID2142289	1	1	0	0
1	1	UID2142291	1	1	0	0
1	1	UID2142294	1	1	0	0
1	1	UID2142295	1	1	0	0
1	1	UID2142298	1	1	0	0
1	1	UID2142301	1	1	0	0
1	1	UID2142303	1	1	0	0
1	1	UID2142304	1	1	0	0
1	1	UID2142308	1	1	0	0
1	1	UID2142312	1	1	0	0
1	1	UID2142313	1	1	0	0
1	1	UID2142314	1	1	0	0
1	1	UID2142316	1	1	0	0
1	1	UID2142317	1	1	0	0
1	1	UID2142318	1	1	0	0
1	1	UID2142320	1	1	0	0
1	1	UID2142322	1	1	0	0
1	1	UID2142324	1	1	0	0
1	1	UID2142325	1	1	0	0
1	1	UID2142326	1	1	0	0
1	1	UID2142327	1	1	0	0
1	1	UID2142328	1	1	0	0
1	1	UID2142330	1	1	0	0
1	1	UID2142331	1	1	0	0
1	1	UID2142333	1	1	0	0
1	1	UID2142340	1	1	0	0
1	1	UID2142345	1	1	0	0
1	1	UID2142347	1	1	0	0
1	1	UID2142348	1	1	0	0
1	1	UID2142352	1	1	0	0
1	1	UID2142355	1	1	0	0
1	1	UID2142356	1	1	0	0
1	1	UID2142357	1	1	0	0
1	1	UID2142359	1	1	0	0
1	1	UID2142361	1	1	0	0
1	1	UID2142362	1	1	0	0
1	1	UID2142365	1	1	0	0
1	1	UID2142367	1	1	0	0
1	1	UID2142369	1	1	0	0
1	1	UID2142370	1	1	0	0
1	1	UID2142372	1	1	0	0
1	1	UID2142373	1	1	0	0
1	1	UID2142374	1	1	0	0
1	1	UID2142376	1	1	0	0
1	1	UID2142379	1	1	0	0
1	1	UID2142381	1	1	0	0
1	1	UID2142382	1	1	0	0
1	1	UID2142385	1	1	0	0
1	1	UID2142387	1	1	0	0
1	1	UID2142388	1	1	0	0
1	1	UID2142393	1	1	0	0
1	1	UID2142395	1	1	0	0
1	1	UID2142398	1	1	0	0
1	1	UID2142399	1	1	0	0
1	1	UID2142404	1	1	0	0
1	1	UID2142406	1	1	0	0
1	1	UID2142417	1	1	0	0
1	1	UID2142419	1	1	0	0
1	1	UID2142433	1	1	0	0
1	1	UID2142442	1	1	0	0
1	1	UID2142470	1	1	0	0
1	1	UID2142472	1	1	0	0
1	1	UID2142474	1	1	0	0
1	1	UID2142477	1	1	0	0
1	1	UID2142482	1	1	0	0
1	1	UID2142488	1	1	0	0
3	3	UID2142491	1	3	1	1
1	1	UID2142492	1	1	0	0
1	1	UID2142494	1	1	0	0
1	1	UID2142497	1	1	0	0
1	1	UID2142501	1	1	0	0
1	1	UID2142505	1	1	0	0
1	1	UID2142506	1	1	0	0
1	1	UID2142515	1	1	0	0
1	1	UID2142516	1	1	0	0
1	1	UID2142517	1	1	0	0
1	1	UID2142522	1	1	0	0
1	1	UID2142525	1	1	0	0
1	1	UID2142526	1	1	0	0
1	1	UID2142528	1	1	0	0
1	1	UID2142529	1	1	0	0
1	1	UID2142532	1	1	0	0
1	1	UID2142536	1	1	0	0
1	1	UID2142538	1	1	0	0
1	1	UID2142539	1	1	0	0
1	1	UID2142541	1	1	0	0
1	1	UID2142543	1	1	0	0
1	1	UID2142544	1	1	0	0
1	1	UID2142549	1	1	0	0
1	1	UID2142550	1	1	0	0
1	1	UID2142551	1	1	0	0
1	1	UID2142553	1	1	0	0
1	1	UID2142554	1	1	0	0
1	1	UID2142560	1	1	0	0
1	1	UID2142561	1	1	0	0
1	1	UID2142562	1	1	0	0
1	1	UID2142565	1	1	0	0
1	1	UID2142567	1	1	0	0
1	1	UID2142569	1	1	0	0
1	1	UID2142571	1	1	0	0
1	1	UID2142575	1	1	0	0
1	1	UID2142577	1	1	0	0
1	1	UID2142581	1	1	0	0
1	1	UID2142582	1	1	0	0
1	1	UID2142583	1	1	0	0
1	1	UID2142584	1	1	0	0
1	1	UID2142592	1	1	0	0
1	1	UID2142593	1	1	0	0
1	1	UID2142594	1	1	0	0
1	1	UID2142598	1	1	0	0
1	1	UID2142600	1	1	0	0
1	1	UID2142603	1	1	0	0
1	1	UID2142606	1	1	0	0
1	1	UID2142608	1	1	0	0
1	1	UID2142609	1	1	0	0
1	1	UID2142611	1	1	0	0
1	1	UID2142612	1	1	0	0
1	1	UID2142613	1	1	0	0
1	1	UID2142618	1	1	0	0
1	1	UID2142623	1	1	0	0
1	1	UID2142625	1	1	0	0
1	1	UID2142627	1	1	0	0
1	1	UID2142629	1	1	0	0
1	1	UID2142630	1	1	0	0
1	1	UID2142631	1	1	0	0
1	1	UID2142633	1	1	0	0
1	1	UID2142638	1	1	0	0
1	1	UID2142639	1	1	0	0
1	1	UID2142640	1	1	0	0
1	1	UID2142641	1	1	0	0
1	1	UID2142642	1	1	0	0
1	1	UID2142643	1	1	0	0
1	1	UID2142644	1	1	0	0
1	1	UID2142650	1	1	0	0
1	1	UID2142651	1	1	0	0
1	1	UID2142656	1	1	0	0
1	1	UID2142665	1	1	0	0
1	1	UID2142673	1	1	0	0
1	1	UID2142680	1	1	0	0
1	1	UID2142683	1	1	0	0
1	1	UID2142684	1	1	0	0
1	1	UID2142687	1	1	0	0
1	1	UID2142689	1	1	0	0
1	1	UID2142691	1	1	0	0
1	1	UID2142692	1	1	0	0
1	1	UID2142693	1	1	0	0
1	1	UID2142695	1	1	0	0
1	1	UID2142699	1	1	0	0
1	1	UID2142701	1	1	0	0
1	1	UID2142702	1	1	0	0
1	1	UID2142703	1	1	0	0
1	1	UID2142706	1	1	0	0
1	1	UID2142707	1	1	0	0
1	1	UID2142709	1	1	0	0
1	1	UID2142711	1	1	0	0
1	1	UID2142715	1	1	0	0
1	1	UID2142716	1	1	0	0
1	1	UID2142717	1	1	0	0
1	1	UID2142718	1	1	0	0
1	1	UID2142719	1	1	0	0
1	1	UID2142721	1	1	0	0
1	1	UID2142722	1	1	0	0
1	1	UID2142723	1	1	0	0
1	1	UID2142724	1	1	0	0
1	1	UID2142725	1	1	0	0
1	1	UID2142726	1	1	0	0
1	1	UID2142727	1	1	0	0
1	1	UID2142728	1	1	0	0
1	1	UID2142729	1	1	0	0
1	1	UID2142730	1	1	0	0
1	1	UID2142731	1	1	0	0
1	1	UID2142732	1	1	0	0
1	1	UID2142735	1	1	0	0
1	1	UID2142736	1	1	0	0
1	1	UID2142737	1	1	0	0
1	1	UID2142740	1	1	0	0
1	1	UID2142742	1	1	0	0
1	1	UID2142743	1	1	0	0
1	1	UID2142746	1	1	0	0
1	1	UID2142748	1	1	0	0
1	1	UID2142750	1	1	0	0
1	1	UID2142751	1	1	0	0
1	1	UID2142753	1	1	0	0
1	1	UID2142755	1	1	0	0
1	1	UID2142759	1	1	0	0
1	1	UID2142765	1	1	0	0
1	1	UID2142769	1	1	0	0
1	1	UID2142772	1	1	0	0
1	1	UID2142774	1	1	0	0
1	1	UID2142775	1	1	0	0
1	1	UID2142778	1	1	0	0
1	1	UID2142791	1	1	0	0
1	1	UID2142793	1	1	0	0
1	1	UID2142796	1	1	0	0
1	1	UID2142800	1	1	0	0
1	1	UID2142805	1	1	0	0
1	1	UID2142806	1	1	0	0
1	1	UID2142811	1	1	0	0
1	1	UID2142812	1	1	0	0
1	1	UID2142814	1	1	0	0
1	1	UID2142816	1	1	0	0
1	1	UID2142817	1	1	0	0
1	1	UID2142819	1	1	0	0
1	1	UID2142822	1	1	0	0
1	1	UID2142825	1	1	0	0
1	1	UID2142826	1	1	0	0
1	1	UID2142828	1	1	0	0
1	1	UID2142830	1	1	0	0
1	1	UID2142831	1	1	0	0
1	1	UID2142832	1	1	0	0
1	1	UID2142833	1	1	0	0
1	1	UID2142834	1	1	0	0
1	1	UID2142845	1	1	0	0
1	1	UID2142847	1	1	0	0
1	1	UID2142851	1	1	0	0
1	1	UID2142853	1	1	0	0
1	1	UID2142854	1	1	0	0
1	1	UID2142857	1	1	0	0
1	1	UID2142858	1	1	0	0
1	1	UID2142861	1	1	0	0
1	1	UID2142866	1	1	0	0
1	1	UID2142867	1	1	0	0
1	1	UID2142868	1	1	0	0
1	1	UID2142870	1	1	0	0
1	1	UID2142873	1	1	0	0
1	1	UID2142876	1	1	0	0
1	1	UID2142877	1	1	0	0
1	1	UID2142879	1	1	0	0
1	1	UID2142880	1	1	0	0
1	1	UID2142881	1	1	0	0
1	1	UID2142882	1	1	0	0
1	1	UID2142883	1	1	0	0
1	1	UID2142884	1	1	0	0
1	1	UID2142885	1	1	0	0
1	1	UID2142887	1	1	0	0
1	1	UID2142890	1	1	0	0
1	1	UID2142891	1	1	0	0
1	1	UID2142893	1	1	0	0
1	1	UID2142894	1	1	0	0
1	1	UID2142895	1	1	0	0
1	1	UID2142897	1	1	0	0
1	1	UID2142900	1	1	0	0
1	1	UID2142901	1	1	0	0
1	1	UID2142907	1	1	0	0
1	1	UID2142908	1	1	0	0
1	1	UID2142915	1	1	0	0
1	1	UID2142916	1	1	0	0
1	1	UID2142917	1	1	0	0
1	1	UID2142918	1	1	0	0
1	1	UID2142924	1	1	0	0
1	1	UID2142925	1	1	0	0
1	1	UID2142926	1	1	0	0
1	1	UID2142927	1	1	0	0
1	1	UID2142928	1	1	0	0
1	1	UID2142929	1	1	0	0
1	1	UID2142930	1	1	0	0
1	1	UID2142933	1	1	0	0
1	1	UID2142934	1	1	0	0
1	1	UID2142935	1	1	0	0
1	1	UID2142936	1	1	0	0
1	1	UID2142937	1	1	0	0
1	1	UID2142941	1	1	0	0
1	1	UID2142942	1	1	0	0
1	1	UID2142944	1	1	0	0
1	1	UID2142946	1	1	0	0
1	1	UID2142947	1	1	0	0
1	1	UID2142949	1	1	0	0
1	1	UID2142950	1	1	0	0
1	1	UID2142951	1	1	0	0
1	1	UID2142952	1	1	0	0
1	1	UID2142954	1	1	0	0
1	1	UID2142956	1	1	0	0
1	1	UID2142960	1	1	0	0
1	1	UID2142961	1	1	0	0
1	1	UID2142962	1	1	0	0
1	1	UID2142963	1	1	0	0
1	1	UID2142967	1	1	0	0
1	1	UID2142968	1	1	0	0
1	1	UID2142970	1	1	0	0
1	1	UID2142971	1	1	0	0
1	1	UID2142972	1	1	0	0
1	1	UID2142974	1	1	0	0
1	1	UID2142976	1	1	0	0
1	1	UID2142977	1	1	0	0
1	1	UID2142979	1	1	0	0
1	1	UID2142980	1	1	0	0
1	1	UID2142981	1	1	0	0
1	1	UID2142982	1	1	0	0
1	1	UID2142984	1	1	0	0
1	1	UID2142986	1	1	0	0
1	1	UID2142987	1	1	0	0
1	1	UID2142992	1	1	0	0
1	1	UID2142998	1	1	0	0
1	1	UID2142999	1	1	0	0
1	1	UID2143000	1	1	0	0
1	1	UID2143001	1	1	0	0
1	1	UID2143002	1	1	0	0
1	1	UID2143003	1	1	0	0
1	1	UID2143005	1	1	0	0
1	1	UID2143006	1	1	0	0
1	1	UID2143007	1	1	0	0
1	1	UID2143008	1	1	0	0
1	1	UID2143009	1	1	0	0
1	1	UID2143010	1	1	0	0
1	1	UID2143011	1	1	0	0
1	1	UID2143012	1	1	0	0
4	4	UID2143013	1	4	1	1
1	1	UID2143018	1	1	0	0
1	1	UID2143019	1	1	0	0
1	1	UID2143020	1	1	0	0
1	1	UID2143022	1	1	0	0
1	1	UID2143023	1	1	0	0
1	1	UID2143024	1	1	0	0
1	1	UID2143027	1	1	0	0
1	1	UID2143028	1	1	0	0
1	1	UID2143029	1	1	0	0
1	1	UID2143031	1	1	0	0
1	1	UID2143033	1	1	0	0
1	1	UID2143034	1	1	0	0
1	1	UID2143036	1	1	0	0
1	1	UID2143038	1	1	0	0
1	1	UID2143041	1	1	0	0
1	1	UID2143042	1	1	0	0
1	1	UID2143043	1	1	0	0
1	1	UID2143045	1	1	0	0
1	1	UID2143048	1	1	0	0
1	1	UID2143050	1	1	0	0
1	1	UID2143053	1	1	0	0
1	1	UID2143058	1	1	0	0
1	1	UID2143061	1	1	0	0
1	1	UID2143062	1	1	0	0
1	1	UID2143064	1	1	0	0
1	1	UID2143066	1	1	0	0
1	1	UID2143067	1	1	0	0
1	1	UID2143068	1	1	0	0
1	1	UID2143074	1	1	0	0
1	1	UID2143079	1	1	0	0
1	1	UID2143080	1	1	0	0
1	1	UID2143082	1	1	0	0
1	1	UID2143086	1	1	0	0
1	1	UID2143087	1	1	0	0
1	1	UID2143088	1	1	0	0
1	1	UID2143089	1	1	0	0
1	1	UID2143091	1	1	0	0
1	1	UID2143092	1	1	0	0
1	1	UID2143094	1	1	0	0
1	1	UID2143095	1	1	0	0
1	1	UID2143096	1	1	0	0
1	1	UID2143098	1	1	0	0
3	3	UID2143101	1	3	2	2
1	1	UID2143104	1	1	0	0
1	1	UID2143106	1	1	0	0
1	1	UID2143109	1	1	0	0
1	1	UID2143114	1	1	0	0
1	1	UID2143116	1	1	0	0
1	1	UID2143117	1	1	0	0
1	1	UID2143123	1	1	0	0
1	1	UID2143125	1	1	0	0
1	1	UID2143127	1	1	0	0
1	1	UID2143129	1	1	0	0
1	1	UID2143131	1	1	0	0
1	1	UID2143132	1	1	0	0
1	1	UID2143133	1	1	0	0
1	1	UID2143134	1	1	0	0
7	7	UID2143137	1	7	3	3
1	1	UID2143140	1	1	0	0
1	1	UID2143141	1	1	0	0
1	1	UID2143142	1	1	0	0
1	1	UID2143150	1	1	0	0
1	1	UID2143151	1	1	0	0
1	1	UID2143152	1	1	0	0
1	1	UID2143153	1	1	0	0
1	1	UID2143154	1	1	0	0
1	1	UID2143155	1	1	0	0
1	1	UID2143156	1	1	0	0
1	1	UID2143157	1	1	0	0
1	1	UID2143158	1	1	0	0
1	1	UID2143159	1	1	0	0
1	1	UID2143160	1	1	0	0
1	1	UID2143161	1	1	0	0
1	1	UID2143166	1	1	0	0
1	1	UID2143167	1	1	0	0
1	1	UID2143168	1	1	0	0
1	1	UID2143169	1	1	0	0
1	1	UID2143170	1	1	0	0
1	1	UID2143172	1	1	0	0
1	1	UID2143182	1	1	0	0
1	1	UID2143186	1	1	0	0
1	1	UID2143187	1	1	0	0
1	1	UID2143191	1	1	0	0
1	1	UID2143192	1	1	0	0
1	1	UID2143193	1	1	0	0
1	1	UID2143194	1	1	0	0
1	1	UID2143195	1	1	0	0
1	1	UID2143197	1	1	0	0
1	1	UID2143202	1	1	0	0
1	1	UID2143203	1	1	0	0
1	1	UID2143204	1	1	0	0
1	1	UID2143205	1	1	0	0
1	1	UID2143207	1	1	0	0
1	1	UID2143209	1	1	0	0
1	1	UID2143215	1	1	0	0
1	1	UID2143220	1	1	0	0
1	1	UID2143223	1	1	0	0
1	1	UID2143231	1	1	0	0
1	1	UID2143233	1	1	0	0
1	1	UID2143246	1	1	0	0
1	1	UID2143255	1	1	0	0
1	1	UID2143256	1	1	0	0
1	1	UID2143261	1	1	0	0
1	1	UID2143262	1	1	0	0
1	1	UID2143264	1	1	0	0
1	1	UID2143267	1	1	0	0
1	1	UID2143268	1	1	0	0
1	1	UID2143269	1	1	0	0
1	1	UID2143272	1	1	0	0
1	1	UID2143273	1	1	0	0
1	1	UID2143274	1	1	0	0
1	1	UID2143278	1	1	0	0
1	1	UID2143279	1	1	0	0
1	1	UID2143280	1	1	0	0
1	1	UID2143281	1	1	0	0
1	1	UID2143282	1	1	0	0
1	1	UID2143284	1	1	0	0
1	1	UID2143285	1	1	0	0
1	1	UID2143286	1	1	0	0
1	1	UID2143287	1	1	0	0
1	1	UID2143288	1	1	0	0
1	1	UID2143289	1	1	0	0
1	1	UID2143290	1	1	0	0
1	1	UID2143291	1	1	0	0
1	1	UID2143294	1	1	0	0
1	1	UID2143295	1	1	0	0
4	4	UID2143307	1	4	1	1
1	1	UID2143309	1	1	0	0
1	1	UID2143312	1	1	0	0
1	1	UID2143313	1	1	0	0
1	1	UID2143319	1	1	0	0
1	1	UID2143337	1	1	0	0
1	1	UID2143342	1	1	0	0
1	1	UID2143346	1	1	0	0
1	1	UID2143349	1	1	0	0
1	1	UID2143351	1	1	0	0
1	1	UID2143352	1	1	0	0
1	1	UID2143353	1	1	0	0
1	1	UID2143354	1	1	0	0
1	1	UID2143355	1	1	0	0
1	1	UID2143356	1	1	0	0
1	1	UID2143358	1	1	0	0
1	1	UID2143361	1	1	0	0
1	1	UID2143363	1	1	0	0
1	1	UID2143364	1	1	0	0
1	1	UID2143365	1	1	0	0
1	1	UID2143366	1	1	0	0
1	1	UID2143369	1	1	0	0
1	1	UID2143370	1	1	0	0
1	1	UID2143371	1	1	0	0
1	1	UID2143372	1	1	0	0
1	1	UID2143373	1	1	0	0
1	1	UID2143375	1	1	0	0
1	1	UID2143377	1	1	0	0
1	1	UID2143381	1	1	0	0
1	1	UID2143384	1	1	0	0
1	1	UID2143389	1	1	0	0
1	1	UID2143394	1	1	0	0
1	1	UID2143397	1	1	0	0
1	1	UID2143400	1	1	0	0
1	1	UID2143402	1	1	0	0
1	1	UID2143404	1	1	0	0
1	1	UID2143408	1	1	0	0
1	1	UID2143450	1	1	0	0
1	1	UID2143453	1	1	0	0
1	1	UID2143456	1	1	0	0
1	1	UID2143457	1	1	0	0
1	1	UID2143458	1	1	0	0
1	1	UID2143459	1	1	0	0
1	1	UID2143463	1	1	0	0
1	1	UID2143471	1	1	0	0
1	1	UID2143478	1	1	0	0
1	1	UID2143479	1	1	0	0
1	1	UID2143480	1	1	0	0
1	1	UID2143483	1	1	0	0
1	1	UID2143486	1	1	0	0
1	1	UID2143487	1	1	0	0
1	1	UID2143488	1	1	0	0
1	1	UID2143492	1	1	0	0
1	1	UID2143495	1	1	0	0
1	1	UID2143498	1	1	0	0
1	1	UID2143500	1	1	0	0
1	1	UID2143504	1	1	0	0
1	1	UID2143505	1	1	0	0
1	1	UID2143509	1	1	0	0
1	1	UID2143514	1	1	0	0
1	1	UID2143516	1	1	0	0
1	1	UID2143518	1	1	0	0
1	1	UID2143529	1	1	0	0
1	1	UID2143530	1	1	0	0
1	1	UID2143532	1	1	0	0
1	1	UID2143533	1	1	0	0
1	1	UID2143534	1	1	0	0
1	1	UID2143537	1	1	0	0
1	1	UID2143542	1	1	0	0
1	1	UID2143543	1	1	0	0
1	1	UID2143547	1	1	0	0
1	1	UID2143549	1	1	0	0
1	1	UID2143551	1	1	0	0
1	1	UID2143552	1	1	0	0
1	1	UID2143557	1	1	0	0
1	1	UID2143558	1	1	0	0
1	1	UID2143562	1	1	0	0
1	1	UID2143564	1	1	0	0
1	1	UID2143566	1	1	0	0
1	1	UID2143567	1	1	0	0
1	1	UID2143574	1	1	0	0
1	1	UID2143578	1	1	0	0
1	1	UID2143597	1	1	0	0
1	1	UID2143601	1	1	0	0
1	1	UID2143602	1	1	0	0
1	1	UID2143603	1	1	0	0
1	1	UID2143605	1	1	0	0
1	1	UID2143607	1	1	0	0
1	1	UID2143610	1	1	0	0
1	1	UID2143612	1	1	0	0
1	1	UID2143614	1	1	0	0
1	1	UID2143615	1	1	0	0
1	1	UID2143618	1	1	0	0
1	1	UID2143623	1	1	0	0
1	1	UID2143624	1	1	0	0
1	1	UID2143626	1	1	0	0
1	1	UID2143627	1	1	0	0
1	1	UID2143628	1	1	0	0
1	1	UID2143629	1	1	0	0
1	1	UID2143635	1	1	0	0
1	1	UID2143636	1	1	0	0
1	1	UID2143638	1	1	0	0
1	1	UID2143639	1	1	0	0
1	1	UID2143642	1	1	0	0
1	1	UID2143643	1	1	0	0
1	1	UID2143644	1	1	0	0
1	1	UID2143648	1	1	0	0
1	1	UID2143650	1	1	0	0
1	1	UID2143651	1	1	0	0
1	1	UID2143652	1	1	0	0
1	1	UID2143653	1	1	0	0
1	1	UID2143654	1	1	0	0
1	1	UID2143655	1	1	0	0
1	1	UID2143657	1	1	0	0
1	1	UID2143659	1	1	0	0
1	1	UID2143661	1	1	0	0
1	1	UID2143663	1	1	0	0
1	1	UID2143664	1	1	0	0
1	1	UID2143665	1	1	0	0
1	1	UID2143668	1	1	0	0
1	1	UID2143669	1	1	0	0
1	1	UID2143673	1	1	0	0
1	1	UID2143678	1	1	0	0
1	1	UID2143686	1	1	0	0
1	1	UID2143687	1	1	0	0
1	1	UID2143713	1	1	0	0
1	1	UID2143717	1	1	0	0
1	1	UID2143719	1	1	0	0
1	1	UID2143720	1	1	0	0
1	1	UID2143721	1	1	0	0
1	1	UID2143726	1	1	0	0
1	1	UID2143727	1	1	0	0
1	1	UID2143729	1	1	0	0
1	1	UID2143730	1	1	0	0
1	1	UID2143731	1	1	0	0
1	1	UID2143732	1	1	0	0
1	1	UID2143733	1	1	0	0
1	1	UID2143734	1	1	0	0
1	1	UID2143735	1	1	0	0
1	1	UID2143737	1	1	0	0
1	1	UID2143747	1	1	0	0
1	1	UID2143749	1	1	0	0
1	1	UID2143750	1	1	0	0
1	1	UID2143751	1	1	0	0
1	1	UID2143752	1	1	0	0
1	1	UID2143753	1	1	0	0
1	1	UID2143755	1	1	0	0
1	1	UID2143756	1	1	0	0
1	1	UID2143758	1	1	0	0
1	1	UID2143760	1	1	0	0
1	1	UID2143761	1	1	0	0
1	1	UID2143762	1	1	0	0
1	1	UID2143784	1	1	0	0
1	1	UID2143785	1	1	0	0
1	1	UID2143787	1	1	0	0
1	1	UID2143789	1	1	0	0
1	1	UID2143790	1	1	0	0
1	1	UID2143792	1	1	0	0
1	1	UID2143795	1	1	0	0
1	1	UID2143797	1	1	0	0
1	1	UID2143798	1	1	0	0
1	1	UID2143799	1	1	0	0
1	1	UID2143800	1	1	0	0
1	1	UID2143801	1	1	0	0
1	1	UID2143803	1	1	0	0
1	1	UID2143806	1	1	0	0
1	1	UID2143807	1	1	0	0
1	1	UID2143813	1	1	0	0
1	1	UID2143815	1	1	0	0
1	1	UID2143816	1	1	0	0
1	1	UID2143818	1	1	0	0
1	1	UID2143820	1	1	0	0
1	1	UID2143821	1	1	0	0
1	1	UID2143824	1	1	0	0
1	1	UID2143826	1	1	0	0
1	1	UID2143827	1	1	0	0
1	1	UID2143828	1	1	0	0
1	1	UID2143829	1	1	0	0
1	1	UID2143831	1	1	0	0
1	1	UID2143833	1	1	0	0
1	1	UID2143836	1	1	0	0
1	1	UID2143842	1	1	0	0
1	1	UID2143844	1	1	0	0
1	1	UID2143847	1	1	0	0
1	1	UID2143849	1	1	0	0
1	1	UID2143851	1	1	0	0
1	1	UID2143852	1	1	0	0
1	1	UID2143854	1	1	0	0
1	1	UID2143857	1	1	0	0
1	1	UID2143858	1	1	0	0
1	1	UID2143859	1	1	0	0
1	1	UID2143860	1	1	0	0
1	1	UID2143876	1	1	0	0
1	1	UID2143882	1	1	0	0
1	1	UID2143883	1	1	0	0
1	1	UID2143884	1	1	0	0
1	1	UID2143885	1	1	0	0
1	1	UID2143886	1	1	0	0
1	1	UID2143887	1	1	0	0
1	1	UID2143893	1	1	0	0
1	1	UID2143894	1	1	0	0
1	1	UID2143895	1	1	0	0
1	1	UID2143896	1	1	0	0
1	1	UID2143898	1	1	0	0
1	1	UID2143899	1	1	0	0
1	1	UID2143900	1	1	0	0
1	1	UID2143901	1	1	0	0
1	1	UID2143902	1	1	0	0
1	1	UID2143905	1	1	0	0
1	1	UID2143908	1	1	0	0
1	1	UID2143910	1	1	0	0
1	1	UID2143912	1	1	0	0
1	1	UID2143913	1	1	0	0
1	1	UID2143914	1	1	0	0
1	1	UID2143915	1	1	0	0
1	1	UID2143918	1	1	0	0
1	1	UID2143919	1	1	0	0
1	1	UID2143922	1	1	0	0
1	1	UID2143924	1	1	0	0
1	1	UID2143925	1	1	0	0
1	1	UID2143926	1	1	0	0
1	1	UID2143927	1	1	0	0
1	1	UID2143928	1	1	0	0
1	1	UID2143929	1	1	0	0
1	1	UID2143930	1	1	0	0
1	1	UID2143931	1	1	0	0
1	1	UID2143932	1	1	0	0
1	1	UID2143933	1	1	0	0
1	1	UID2143935	1	1	0	0
1	1	UID2143936	1	1	0	0
1	1	UID2143937	1	1	0	0
1	1	UID2143938	1	1	0	0
1	1	UID2143939	1	1	0	0
1	1	UID2143941	1	1	0	0
1	1	UID2143942	1	1	0	0
1	1	UID2143943	1	1	0	0
1	1	UID2143950	1	1	0	0
1	1	UID2143951	1	1	0	0
1	1	UID2143955	1	1	0	0
1	1	UID2143956	1	1	0	0
1	1	UID2143957	1	1	0	0
1	1	UID2143959	1	1	0	0
1	1	UID2143960	1	1	0	0
1	1	UID2143961	1	1	0	0
1	1	UID2143962	1	1	0	0
1	1	UID2143963	1	1	0	0
1	1	UID2143965	1	1	0	0
1	1	UID2143966	1	1	0	0
1	1	UID2143968	1	1	0	0
1	1	UID2143971	1	1	0	0
1	1	UID2143972	1	1	0	0
1	1	UID2143973	1	1	0	0
1	1	UID2143977	1	1	0	0
1	1	UID2143978	1	1	0	0
1	1	UID2143980	1	1	0	0
1	1	UID2143981	1	1	0	0
1	1	UID2143987	1	1	0	0
1	1	UID2143988	1	1	0	0
1	1	UID2143992	1	1	0	0
1	1	UID2143993	1	1	0	0
1	1	UID2143999	1	1	0	0
1	1	UID2144006	1	1	0	0
1	1	UID2144009	1	1	0	0
1	1	UID2144011	1	1	0	0
1	1	UID2144016	1	1	0	0
1	1	UID2144017	1	1	0	0
1	1	UID2144024	1	1	0	0
1	1	UID2144027	1	1	0	0
1	1	UID2144031	1	1	0	0
1	1	UID2144034	1	1	0	0
1	1	UID2144035	1	1	0	0
1	1	UID2144046	1	1	0	0
1	1	UID2144093	1	1	0	0
1	1	UID2144101	1	1	0	0
1	1	UID2144105	1	1	0	0
1	1	UID2144107	1	1	0	0
1	1	UID2144108	1	1	0	0
1	1	UID2144109	1	1	0	0
1	1	UID2144110	1	1	0	0
1	1	UID2144111	1	1	0	0
1	1	UID2144112	1	1	0	0
1	1	UID2144116	1	1	0	0
1	1	UID2144118	1	1	0	0
1	1	UID2144119	1	1	0	0
1	1	UID2144122	1	1	0	0
1	1	UID2144126	1	1	0	0
1	1	UID2144127	1	1	0	0
1	1	UID2144128	1	1	0	0
1	1	UID2144129	1	1	0	0
1	1	UID2144131	1	1	0	0
1	1	UID2144133	1	1	0	0
1	1	UID2144134	1	1	0	0
1	1	UID2144135	1	1	0	0
1	1	UID2144136	1	1	0	0
1	1	UID2144139	1	1	0	0
1	1	UID2144140	1	1	0	0
1	1	UID2144146	1	1	0	0
1	1	UID2144147	1	1	0	0
1	1	UID2144149	1	1	0	0
1	1	UID2144150	1	1	0	0
1	1	UID2144151	1	1	0	0
1	1	UID2144152	1	1	0	0
1	1	UID2144153	1	1	0	0
1	1	UID2144155	1	1	0	0
1	1	UID2144156	1	1	0	0
1	1	UID2144157	1	1	0	0
1	1	UID2144159	1	1	0	0
1	1	UID2144160	1	1	0	0
1	1	UID2144161	1	1	0	0
1	1	UID2144162	1	1	0	0
1	1	UID2144163	1	1	0	0
1	1	UID2144164	1	1	0	0
1	1	UID2144165	1	1	0	0
1	1	UID2144166	1	1	0	0
1	1	UID2144168	1	1	0	0
1	1	UID2144170	1	1	0	0
1	1	UID2144171	1	1	0	0
1	1	UID2144172	1	1	0	0
1	1	UID2144173	1	1	0	0
1	1	UID2144174	1	1	0	0
1	1	UID2144175	1	1	0	0
1	1	UID2144176	1	1	0	0
1	1	UID2144177	1	1	0	0
1	1	UID2144178	1	1	0	0
1	1	UID2144179	1	1	0	0
1	1	UID2144180	1	1	0	0
1	1	UID2144183	1	1	0	0
1	1	UID2144185	1	1	0	0
1	1	UID2144186	1	1	0	0
1	1	UID2144187	1	1	0	0
1	1	UID2144188	1	1	0	0
1	1	UID2144190	1	1	0	0
1	1	UID2144192	1	1	0	0
1	1	UID2144193	1	1	0	0
1	1	UID2144194	1	1	0	0
1	1	UID2144195	1	1	0	0
1	1	UID2144196	1	1	0	0
1	1	UID2144197	1	1	0	0
1	1	UID2144198	1	1	0	0
1	1	UID2144199	1	1	0	0
1	1	UID2144202	1	1	0	0
1	1	UID2144203	1	1	0	0
1	1	UID2144204	1	1	0	0
1	1	UID2144205	1	1	0	0
1	1	UID2144206	1	1	0	0
1	1	UID2144210	1	1	0	0
1	1	UID2144211	1	1	0	0
1	1	UID2144212	1	1	0	0
1	1	UID2144213	1	1	0	0
1	1	UID2144214	1	1	0	0
1	1	UID2144215	1	1	0	0
1	1	UID2144216	1	1	0	0
1	1	UID2144217	1	1	0	0
1	1	UID2144218	1	1	0	0
1	1	UID2144219	1	1	0	0
1	1	UID2144220	1	1	0	0
1	1	UID2144221	1	1	0	0
1	1	UID2144222	1	1	0	0
1	1	UID2144224	1	1	0	0
1	1	UID2144225	1	1	0	0
1	1	UID2144226	1	1	0	0
1	1	UID2144227	1	1	0	0
1	1	UID2144228	1	1	0	0
1	1	UID2144229	1	1	0	0
1	1	UID2144230	1	1	0	0
1	1	UID2144231	1	1	0	0
1	1	UID2144232	1	1	0	0
1	1	UID2144233	1	1	0	0
1	1	UID2144234	1	1	0	0
1	1	UID2144235	1	1	0	0
1	1	UID2144236	1	1	0	0
1	1	UID2144237	1	1	0	0
1	1	UID2144238	1	1	0	0
1	1	UID2144239	1	1	0	0
1	1	UID2144241	1	1	0	0
1	1	UID2144242	1	1	0	0
1	1	UID2144243	1	1	0	0
1	1	UID2144244	1	1	0	0
1	1	UID2144246	1	1	0	0
1	1	UID2144250	1	1	0	0
1	1	UID2144252	1	1	0	0
1	1	UID2144253	1	1	0	0
1	1	UID2144254	1	1	0	0
1	1	UID2144255	1	1	0	0
1	1	UID2144256	1	1	0	0
1	1	UID2144257	1	1	0	0
1	1	UID2144258	1	1	0	0
1	1	UID2144259	1	1	0	0
1	1	UID2144260	1	1	0	0
1	1	UID2144261	1	1	0	0
1	1	UID2144263	1	1	0	0
1	1	UID2144264	1	1	0	0
1	1	UID2144265	1	1	0	0
1	1	UID2144267	1	1	0	0
1	1	UID2144268	1	1	0	0
1	1	UID2144269	1	1	0	0
1	1	UID2144271	1	1	0	0
1	1	UID2144272	1	1	0	0
1	1	UID2144273	1	1	0	0
1	1	UID2144276	1	1	0	0
1	1	UID2144277	1	1	0	0
1	1	UID2144279	1	1	0	0
1	1	UID2144281	1	1	0	0
1	1	UID2144282	1	1	0	0
1	1	UID2144283	1	1	0	0
1	1	UID2144284	1	1	0	0
1	1	UID2144285	1	1	0	0
1	1	UID2144286	1	1	0	0
1	1	UID2144287	1	1	0	0
1	1	UID2144288	1	1	0	0
1	1	UID2144290	1	1	0	0
1	1	UID2144291	1	1	0	0
1	1	UID2144292	1	1	0	0
1	1	UID2144301	1	1	0	0
1	1	UID2144302	1	1	0	0
1	1	UID2144304	1	1	0	0
1	1	UID2144308	1	1	0	0
1	1	UID2144309	1	1	0	0
1	1	UID2144310	1	1	0	0
1	1	UID2144311	1	1	0	0
1	1	UID2144312	1	1	0	0
1	1	UID2144313	1	1	0	0
1	1	UID2144314	1	1	0	0
1	1	UID2144317	1	1	0	0
1	1	UID2144325	1	1	0	0
1	1	UID2144327	1	1	0	0
1	1	UID2144328	1	1	0	0
1	1	UID2144332	1	1	0	0
1	1	UID2144336	1	1	0	0
1	1	UID2144337	1	1	0	0
1	1	UID2144357	1	1	0	0
1	1	UID2144366	1	1	0	0
1	1	UID2144368	1	1	0	0
1	1	UID2144370	1	1	0	0
1	1	UID2144373	1	1	0	0
1	1	UID2144376	1	1	0	0
1	1	UID2144381	1	1	0	0
1	1	UID2144389	1	1	0	0
1	1	UID2144391	1	1	0	0
1	1	UID2144394	1	1	0	0
1	1	UID2144395	1	1	0	0
1	1	UID2144399	1	1	0	0
1	1	UID2144400	1	1	0	0
1	1	UID2144401	1	1	0	0
1	1	UID2144402	1	1	0	0
1	1	UID2144403	1	1	0	0
1	1	UID2144404	1	1	0	0
1	1	UID2144405	1	1	0	0
1	1	UID2144407	1	1	0	0
1	1	UID2144408	1	1	0	0
1	1	UID2144409	1	1	0	0
1	1	UID2144411	1	1	0	0
1	1	UID2144412	1	1	0	0
1	1	UID2144413	1	1	0	0
1	1	UID2144414	1	1	0	0
1	1	UID2144415	1	1	0	0
1	1	UID2144416	1	1	0	0
1	1	UID2144417	1	1	0	0
1	1	UID2144418	1	1	0	0
1	1	UID2144419	1	1	0	0
1	1	UID2144420	1	1	0	0
1	1	UID2144421	1	1	0	0
1	1	UID2144422	1	1	0	0
1	1	UID2144426	1	1	0	0
1	1	UID2144430	1	1	0	0
1	1	UID2144432	1	1	0	0
1	1	UID2144433	1	1	0	0
1	1	UID2144434	1	1	0	0
1	1	UID2144437	1	1	0	0
1	1	UID2144438	1	1	0	0
1	1	UID2144441	1	1	0	0
1	1	UID2144442	1	1	0	0
1	1	UID2144444	1	1	0	0
1	1	UID2144451	1	1	0	0
1	1	UID2144452	1	1	0	0
1	1	UID2144453	1	1	0	0
1	1	UID2144454	1	1	0	0
1	1	UID2144456	1	1	0	0
1	1	UID2144457	1	1	0	0
1	1	UID2144458	1	1	0	0
1	1	UID2144466	1	1	0	0
1	1	UID2144467	1	1	0	0
1	1	UID2144468	1	1	0	0
1	1	UID2144469	1	1	0	0
1	1	UID2144470	1	1	0	0
1	1	UID2144471	1	1	0	0
1	1	UID2144472	1	1	0	0
1	1	UID2144473	1	1	0	0
1	1	UID2144477	1	1	0	0
1	1	UID2144478	1	1	0	0
1	1	UID2144481	1	1	0	0
1	1	UID2144483	1	1	0	0
1	1	UID2144484	1	1	0	0
1	1	UID2144485	1	1	0	0
1	1	UID2144486	1	1	0	0
1	1	UID2144487	1	1	0	0
1	1	UID2144490	1	1	0	0
1	1	UID2144492	1	1	0	0
1	1	UID2144496	1	1	0	0
1	1	UID2144498	1	1	0	0
1	1	UID2144500	1	1	0	0
1	1	UID2144501	1	1	0	0
1	1	UID2144513	1	1	0	0
1	1	UID2144514	1	1	0	0
1	1	UID2144515	1	1	0	0
1	1	UID2144516	1	1	0	0
1	1	UID2144519	1	1	0	0
1	1	UID2144522	1	1	0	0
1	1	UID2144523	1	1	0	0
1	1	UID2144525	1	1	0	0
1	1	UID2144527	1	1	0	0
1	1	UID2144529	1	1	0	0
1	1	UID2144530	1	1	0	0
1	1	UID2144532	1	1	0	0
1	1	UID2144534	1	1	0	0
1	1	UID2144540	1	1	0	0
1	1	UID2144541	1	1	0	0
1	1	UID2144542	1	1	0	0
1	1	UID2144545	1	1	0	0
1	1	UID2144546	1	1	0	0
1	1	UID2144548	1	1	0	0
1	1	UID2144549	1	1	0	0
1	1	UID2144550	1	1	0	0
1	1	UID2144551	1	1	0	0
1	1	UID2144552	1	1	0	0
1	1	UID2144553	1	1	0	0
1	1	UID2144562	1	1	0	0
1	1	UID2144564	1	1	0	0
1	1	UID2144565	1	1	0	0
1	1	UID2144566	1	1	0	0
1	1	UID2144567	1	1	0	0
1	1	UID2144568	1	1	0	0
1	1	UID2144571	1	1	0	0
1	1	UID2144573	1	1	0	0
1	1	UID2144575	1	1	0	0
1	1	UID2144577	1	1	0	0
1	1	UID2144579	1	1	0	0
1	1	UID2144580	1	1	0	0
1	1	UID2144581	1	1	0	0
1	1	UID2144583	1	1	0	0
1	1	UID2144585	1	1	0	0
1	1	UID2144587	1	1	0	0
1	1	UID2144590	1	1	0	0
1	1	UID2144591	1	1	0	0
1	1	UID2144592	1	1	0	0
1	1	UID2144593	1	1	0	0
1	1	UID2144594	1	1	0	0
1	1	UID2144596	1	1	0	0
1	1	UID2144597	1	1	0	0
1	1	UID2144598	1	1	0	0
1	1	UID2144600	1	1	0	0
1	1	UID2144608	1	1	0	0
1	1	UID2144610	1	1	0	0
1	1	UID2144612	1	1	0	0
1	1	UID2144613	1	1	0	0
1	1	UID2144615	1	1	0	0
1	1	UID2144616	1	1	0	0
1	1	UID2144617	1	1	0	0
1	1	UID2144618	1	1	0	0
1	1	UID2144621	1	1	0	0
1	1	UID2144623	1	1	0	0
1	1	UID2144626	1	1	0	0
1	1	UID2144627	1	1	0	0
1	1	UID2144629	1	1	0	0
1	1	UID2144630	1	1	0	0
1	1	UID2144631	1	1	0	0
1	1	UID2144632	1	1	0	0
1	1	UID2144633	1	1	0	0
1	1	UID2144635	1	1	0	0
1	1	UID2144636	1	1	0	0
1	1	UID2144637	1	1	0	0
1	1	UID2144638	1	1	0	0
1	1	UID2144639	1	1	0	0
1	1	UID2144642	1	1	0	0
1	1	UID2144643	1	1	0	0
1	1	UID2144650	1	1	0	0
1	1	UID2144651	1	1	0	0
1	1	UID2144652	1	1	0	0
1	1	UID2144653	1	1	0	0
1	1	UID2144654	1	1	0	0
1	1	UID2144655	1	1	0	0
1	1	UID2144656	1	1	0	0
1	1	UID2144657	1	1	0	0
1	1	UID2144658	1	1	0	0
1	1	UID2144659	1	1	0	0
1	1	UID2144660	1	1	0	0
1	1	UID2144661	1	1	0	0
1	1	UID2144662	1	1	0	0
1	1	UID2144664	1	1	0	0
1	1	UID2144665	1	1	0	0
1	1	UID2144666	1	1	0	0
1	1	UID2144667	1	1	0	0
1	1	UID2144668	1	1	0	0
1	1	UID2144670	1	1	0	0
2	2	UID2144676	1	2	1	1
1	1	UID2144677	1	1	0	0
1	1	UID2144678	1	1	0	0
1	1	UID2144683	1	1	0	0
1	1	UID2144689	1	1	0	0
1	1	UID2144690	1	1	0	0
1	1	UID2144692	1	1	0	0
1	1	UID2144693	1	1	0	0
1	1	UID2144694	1	1	0	0
1	1	UID2144695	1	1	0	0
1	1	UID2144696	1	1	0	0
1	1	UID2144697	1	1	0	0
1	1	UID2144698	1	1	0	0
1	1	UID2144700	1	1	0	0
1	1	UID2144701	1	1	0	0
1	1	UID2144705	1	1	0	0
1	1	UID2144706	1	1	0	0
1	1	UID2144707	1	1	0	0
1	1	UID2144708	1	1	0	0
1	1	UID2144709	1	1	0	0
1	1	UID2144712	1	1	0	0
1	1	UID2144713	1	1	0	0
1	1	UID2144715	1	1	0	0
1	1	UID2144716	1	1	0	0
1	1	UID2144717	1	1	0	0
1	1	UID2144718	1	1	0	0
1	1	UID2144719	1	1	0	0
1	1	UID2144721	1	1	0	0
1	1	UID2144725	1	1	0	0
1	1	UID2144727	1	1	0	0
1	1	UID2144728	1	1	0	0
1	1	UID2144730	1	1	0	0
1	1	UID2144736	1	1	0	0
1	1	UID2144737	1	1	0	0
1	1	UID2144741	1	1	0	0
1	1	UID2144742	1	1	0	0
1	1	UID2144747	1	1	0	0
1	1	UID2144748	1	1	0	0
1	1	UID2144756	1	1	0	0
1	1	UID2144757	1	1	0	0
1	1	UID2144761	1	1	0	0
1	1	UID2144765	1	1	0	0
1	1	UID2144768	1	1	0	0
1	1	UID2144816	1	1	0	0
1	1	UID2144820	1	1	0	0
1	1	UID2144825	1	1	0	0
1	1	UID2144828	1	1	0	0
1	1	UID2144832	1	1	0	0
1	1	UID2144834	1	1	0	0
1	1	UID2144835	1	1	0	0
1	1	UID2144836	1	1	0	0
1	1	UID2144837	1	1	0	0
1	1	UID2144839	1	1	0	0
1	1	UID2144841	1	1	0	0
1	1	UID2144842	1	1	0	0
1	1	UID2144845	1	1	0	0
1	1	UID2144849	1	1	0	0
1	1	UID2144851	1	1	0	0
1	1	UID2144853	1	1	0	0
1	1	UID2144854	1	1	0	0
1	1	UID2144855	1	1	0	0
1	1	UID2144856	1	1	0	0
1	1	UID2144859	1	1	0	0
1	1	UID2144860	1	1	0	0
1	1	UID2144861	1	1	0	0
1	1	UID2144862	1	1	0	0
1	1	UID2144863	1	1	0	0
1	1	UID2144864	1	1	0	0
1	1	UID2144865	1	1	0	0
1	1	UID2144866	1	1	0	0
1	1	UID2144872	1	1	0	0
2	2	UID2144874	1	2	1	1
1	1	UID2144875	1	1	0	0
1	1	UID2144876	1	1	0	0
1	1	UID2144877	1	1	0	0
1	1	UID2144878	1	1	0	0
1	1	UID2144881	1	1	0	0
1	1	UID2144883	1	1	0	0
1	1	UID2144884	1	1	0	0
1	1	UID2144885	1	1	0	0
1	1	UID2144887	1	1	0	0
1	1	UID2144888	1	1	0	0
1	1	UID2144893	1	1	0	0
1	1	UID2144896	1	1	0	0
1	1	UID2144897	1	1	0	0
1	1	UID2144902	1	1	0	0
1	1	UID2144906	1	1	0	0
1	1	UID2144907	1	1	0	0
1	1	UID2144910	1	1	0	0
1	1	UID2144912	1	1	0	0
1	1	UID2144913	1	1	0	0
1	1	UID2144914	1	1	0	0
1	1	UID2144918	1	1	0	0
1	1	UID2144921	1	1	0	0
1	1	UID2144922	1	1	0	0
1	1	UID2144923	1	1	0	0
1	1	UID2144925	1	1	0	0
1	1	UID2144926	1	1	0	0
1	1	UID2144928	1	1	0	0
1	1	UID2144929	1	1	0	0
1	1	UID2144935	1	1	0	0
1	1	UID2144936	1	1	0	0
1	1	UID2144939	1	1	0	0
1	1	UID2144940	1	1	0	0
1	1	UID2144946	1	1	0	0
1	1	UID2144947	1	1	0	0
1	1	UID2144953	1	1	0	0
1	1	UID2144955	1	1	0	0
1	1	UID2144957	1	1	0	0
1	1	UID2144959	1	1	0	0
1	1	UID2144962	1	1	0	0
1	1	UID2144963	1	1	0	0
1	1	UID2144964	1	1	0	0
1	1	UID2144965	1	1	0	0
1	1	UID2144969	1	1	0	0
1	1	UID2144970	1	1	0	0
1	1	UID2144971	1	1	0	0
1	1	UID2144972	1	1	0	0
1	1	UID2144976	1	1	0	0
1	1	UID2144977	1	1	0	0
1	1	UID2144978	1	1	0	0
1	1	UID2144979	1	1	0	0
1	1	UID2144980	1	1	0	0
1	1	UID2144981	1	1	0	0
1	1	UID2144982	1	1	0	0
1	1	UID2144984	1	1	0	0
1	1	UID2144986	1	1	0	0
1	1	UID2144987	1	1	0	0
1	1	UID2144988	1	1	0	0
1	1	UID2144989	1	1	0	0
1	1	UID2144990	1	1	0	0
1	1	UID2144992	1	1	0	0
1	1	UID2144993	1	1	0	0
1	1	UID2144994	1	1	0	0
1	1	UID2144995	1	1	0	0
1	1	UID2144996	1	1	0	0
1	1	UID2144997	1	1	0	0
1	1	UID2144998	1	1	0	0
1	1	UID2144999	1	1	0	0
1	1	UID2145002	1	1	0	0
1	1	UID2145003	1	1	0	0
1	1	UID2145006	1	1	0	0
1	1	UID2145007	1	1	0	0
1	1	UID2145008	1	1	0	0
1	1	UID2145009	1	1	0	0
1	1	UID2145011	1	1	0	0
1	1	UID2145013	1	1	0	0
1	1	UID2145017	1	1	0	0
1	1	UID2145019	1	1	0	0
1	1	UID2145021	1	1	0	0
1	1	UID2145022	1	1	0	0
1	1	UID2145023	1	1	0	0
1	1	UID2145024	1	1	0	0
1	1	UID2145025	1	1	0	0
1	1	UID2145027	1	1	0	0
1	1	UID2145029	1	1	0	0
1	1	UID2145034	1	1	0	0
1	1	UID2145035	1	1	0	0
1	1	UID2145036	1	1	0	0
1	1	UID2145038	1	1	0	0
1	1	UID2145041	1	1	0	0
1	1	UID2145045	1	1	0	0
1	1	UID2145046	1	1	0	0
1	1	UID2145047	1	1	0	0
1	1	UID2145048	1	1	0	0
1	1	UID2145049	1	1	0	0
1	1	UID2145050	1	1	0	0
1	1	UID2145052	1	1	0	0
1	1	UID2145053	1	1	0	0
1	1	UID2145054	1	1	0	0
1	1	UID2145056	1	1	0	0
1	1	UID2145057	1	1	0	0
1	1	UID2145058	1	1	0	0
1	1	UID2145059	1	1	0	0
1	1	UID2145060	1	1	0	0
1	1	UID2145061	1	1	0	0
1	1	UID2145062	1	1	0	0
1	1	UID2145063	1	1	0	0
1	1	UID2145064	1	1	0	0
1	1	UID2145073	1	1	0	0
1	1	UID2145074	1	1	0	0
1	1	UID2145075	1	1	0	0
1	1	UID2145077	1	1	0	0
1	1	UID2145078	1	1	0	0
1	1	UID2145079	1	1	0	0
1	1	UID2145081	1	1	0	0
1	1	UID2145082	1	1	0	0
1	1	UID2145083	1	1	0	0
1	1	UID2145084	1	1	0	0
1	1	UID2145090	1	1	0	0
1	1	UID2145093	1	1	0	0
1	1	UID2145095	1	1	0	0
1	1	UID2145096	1	1	0	0
1	1	UID2145098	1	1	0	0
1	1	UID2145099	1	1	0	0
1	1	UID2145100	1	1	0	0
1	1	UID2145101	1	1	0	0
1	1	UID2145104	1	1	0	0
1	1	UID2145107	1	1	0	0
1	1	UID2145115	1	1	0	0
1	1	UID2145116	1	1	0	0
1	1	UID2145117	1	1	0	0
1	1	UID2145119	1	1	0	0
1	1	UID2145121	1	1	0	0
1	1	UID2145125	1	1	0	0
1	1	UID2145126	1	1	0	0
1	1	UID2145132	1	1	0	0
1	1	UID2145135	1	1	0	0
1	1	UID2145136	1	1	0	0
1	1	UID2145137	1	1	0	0
1	1	UID2145139	1	1	0	0
1	1	UID2145141	1	1	0	0
1	1	UID2145142	1	1	0	0
1	1	UID2145143	1	1	0	0
1	1	UID2145146	1	1	0	0
1	1	UID2145147	1	1	0	0
1	1	UID2145150	1	1	0	0
1	1	UID2145151	1	1	0	0
1	1	UID2145152	1	1	0	0
1	1	UID2145153	1	1	0	0
1	1	UID2145154	1	1	0	0
1	1	UID2145157	1	1	0	0
1	1	UID2145158	1	1	0	0
1	1	UID2145159	1	1	0	0
1	1	UID2145160	1	1	0	0
1	1	UID2145165	1	1	0	0
1	1	UID2145166	1	1	0	0
1	1	UID2145168	1	1	0	0
1	1	UID2145172	1	1	0	0
1	1	UID2145173	1	1	0	0
1	1	UID2145174	1	1	0	0
1	1	UID2145175	1	1	0	0
1	1	UID2145177	1	1	0	0
1	1	UID2145180	1	1	0	0
1	1	UID2145181	1	1	0	0
1	1	UID2145182	1	1	0	0
1	1	UID2145183	1	1	0	0
1	1	UID2145184	1	1	0	0
1	1	UID2145185	1	1	0	0
1	1	UID2145189	1	1	0	0
1	1	UID2145190	1	1	0	0
1	1	UID2145193	1	1	0	0
1	1	UID2145194	1	1	0	0
1	1	UID2145196	1	1	0	0
1	1	UID2145197	1	1	0	0
1	1	UID2145198	1	1	0	0
1	1	UID2145200	1	1	0	0
1	1	UID2145202	1	1	0	0
1	1	UID2145203	1	1	0	0
1	1	UID2145204	1	1	0	0
1	1	UID2145205	1	1	0	0
1	1	UID2145208	1	1	0	0
1	1	UID2145209	1	1	0	0
1	1	UID2145210	1	1	0	0
1	1	UID2145212	1	1	0	0
1	1	UID2145216	1	1	0	0
1	1	UID2145217	1	1	0	0
1	1	UID2145219	1	1	0	0
1	1	UID2145220	1	1	0	0
1	1	UID2145223	1	1	0	0
1	1	UID2145224	1	1	0	0
1	1	UID2145225	1	1	0	0
1	1	UID2145226	1	1	0	0
1	1	UID2145229	1	1	0	0
1	1	UID2145233	1	1	0	0
1	1	UID2145234	1	1	0	0
1	1	UID2145235	1	1	0	0
1	1	UID2145236	1	1	0	0
1	1	UID2145237	1	1	0	0
1	1	UID2145238	1	1	0	0
1	1	UID2145240	1	1	0	0
1	1	UID2145241	1	1	0	0
1	1	UID2145242	1	1	0	0
1	1	UID2145243	1	1	0	0
1	1	UID2145244	1	1	0	0
1	1	UID2145246	1	1	0	0
1	1	UID2145248	1	1	0	0
1	1	UID2145254	1	1	0	0
1	1	UID2145256	1	1	0	0
1	1	UID2145257	1	1	0	0
1	1	UID2145258	1	1	0	0
1	1	UID2145260	1	1	0	0
1	1	UID2145261	1	1	0	0
1	1	UID2145262	1	1	0	0
1	1	UID2145263	1	1	0	0
1	1	UID2145265	1	1	0	0
1	1	UID2145266	1	1	0	0
1	1	UID2145269	1	1	0	0
1	1	UID2145271	1	1	0	0
1	1	UID2145272	1	1	0	0
1	1	UID2145275	1	1	0	0
1	1	UID2145276	1	1	0	0
1	1	UID2145277	1	1	0	0
1	1	UID2145278	1	1	0	0
1	1	UID2145280	1	1	0	0
1	1	UID2145281	1	1	0	0
1	1	UID2145284	1	1	0	0
1	1	UID2145285	1	1	0	0
1	1	UID2145286	1	1	0	0
1	1	UID2145287	1	1	0	0
1	1	UID2145288	1	1	0	0
1	1	UID2145289	1	1	0	0
1	1	UID2145290	1	1	0	0
1	1	UID2145292	1	1	0	0
1	1	UID2145295	1	1	0	0
1	1	UID2145296	1	1	0	0
1	1	UID2145298	1	1	0	0
1	1	UID2145300	1	1	0	0
1	1	UID2145302	1	1	0	0
1	1	UID2145303	1	1	0	0
1	1	UID2145304	1	1	0	0
1	1	UID2145306	1	1	0	0
1	1	UID2145307	1	1	0	0
1	1	UID2145308	1	1	0	0
1	1	UID2145309	1	1	0	0
1	1	UID2145311	1	1	0	0
1	1	UID2145312	1	1	0	0
1	1	UID2145316	1	1	0	0
1	1	UID2145317	1	1	0	0
1	1	UID2145318	1	1	0	0
1	1	UID2145321	1	1	0	0
1	1	UID2145324	1	1	0	0
1	1	UID2145326	1	1	0	0
1	1	UID2145329	1	1	0	0
1	1	UID2145330	1	1	0	0
1	1	UID2145335	1	1	0	0
1	1	UID2145336	1	1	0	0
1	1	UID2145337	1	1	0	0
1	1	UID2145338	1	1	0	0
1	1	UID2145340	1	1	0	0
1	1	UID2145341	1	1	0	0
1	1	UID2145347	1	1	0	0
1	1	UID2145349	1	1	0	0
1	1	UID2145350	1	1	0	0
1	1	UID2145351	1	1	0	0
1	1	UID2145356	1	1	0	0
1	1	UID2145389	1	1	0	0
1	1	UID2145402	1	1	0	0
1	1	UID2145404	1	1	0	0
1	1	UID2145407	1	1	0	0
1	1	UID2145411	1	1	0	0
1	1	UID2145416	1	1	0	0
1	1	UID2145417	1	1	0	0
1	1	UID2145421	1	1	0	0
1	1	UID2145422	1	1	0	0
1	1	UID2145425	1	1	0	0
1	1	UID2145430	1	1	0	0
1	1	UID2145431	1	1	0	0
1	1	UID2145432	1	1	0	0
1	1	UID2145433	1	1	0	0
1	1	UID2145437	1	1	0	0
1	1	UID2145443	1	1	0	0
1	1	UID2145445	1	1	0	0
1	1	UID2145446	1	1	0	0
1	1	UID2145447	1	1	0	0
1	1	UID2145448	1	1	0	0
1	1	UID2145450	1	1	0	0
1	1	UID2145452	1	1	0	0
1	1	UID2145455	1	1	0	0
1	1	UID2145461	1	1	0	0
1	1	UID2145464	1	1	0	0
1	1	UID2145466	1	1	0	0
1	1	UID2145467	1	1	0	0
1	1	UID2145468	1	1	0	0
1	1	UID2145470	1	1	0	0
1	1	UID2145473	1	1	0	0
1	1	UID2145474	1	1	0	0
1	1	UID2145478	1	1	0	0
1	1	UID2145479	1	1	0	0
1	1	UID2145480	1	1	0	0
1	1	UID2145481	1	1	0	0
1	1	UID2145483	1	1	0	0
1	1	UID2145484	1	1	0	0
1	1	UID2145485	1	1	0	0
1	1	UID2145490	1	1	0	0
1	1	UID2145495	1	1	0	0
1	1	UID2145496	1	1	0	0
1	1	UID2145497	1	1	0	0
1	1	UID2145498	1	1	0	0
1	1	UID2145499	1	1	0	0
1	1	UID2145502	1	1	0	0
1	1	UID2145503	1	1	0	0
1	1	UID2145504	1	1	0	0
1	1	UID2145505	1	1	0	0
1	1	UID2145506	1	1	0	0
1	1	UID2145508	1	1	0	0
1	1	UID2145509	1	1	0	0
1	1	UID2145512	1	1	0	0
1	1	UID2145513	1	1	0	0
1	1	UID2145514	1	1	0	0
1	1	UID2145516	1	1	0	0
1	1	UID2145518	1	1	0	0
1	1	UID2145519	1	1	0	0
1	1	UID2145520	1	1	0	0
1	1	UID2145522	1	1	0	0
1	1	UID2145525	1	1	0	0
1	1	UID2145538	1	1	0	0
1	1	UID2145541	1	1	0	0
1	1	UID2145544	1	1	0	0
1	1	UID2145545	1	1	0	0
1	1	UID2145546	1	1	0	0
1	1	UID2145550	1	1	0	0
1	1	UID2145551	1	1	0	0
1	1	UID2145554	1	1	0	0
1	1	UID2145555	1	1	0	0
1	1	UID2145556	1	1	0	0
1	1	UID2145557	1	1	0	0
1	1	UID2145558	1	1	0	0
1	1	UID2145560	1	1	0	0
1	1	UID2145561	1	1	0	0
1	1	UID2145562	1	1	0	0
1	1	UID2145564	1	1	0	0
1	1	UID2145565	1	1	0	0
1	1	UID2145566	1	1	0	0
1	1	UID2145567	1	1	0	0
1	1	UID2145568	1	1	0	0
1	1	UID2145569	1	1	0	0
1	1	UID2145570	1	1	0	0
1	1	UID2145571	1	1	0	0
1	1	UID2145572	1	1	0	0
1	1	UID2145573	1	1	0	0
1	1	UID2145576	1	1	0	0
1	1	UID2145577	1	1	0	0
1	1	UID2145578	1	1	0	0
1	1	UID2145580	1	1	0	0
1	1	UID2145585	1	1	0	0
1	1	UID2145588	1	1	0	0
1	1	UID2145590	1	1	0	0
1	1	UID2145591	1	1	0	0
1	1	UID2145592	1	1	0	0
1	1	UID2145594	1	1	0	0
1	1	UID2145597	1	1	0	0
1	1	UID2145598	1	1	0	0
1	1	UID2145604	1	1	0	0
1	1	UID2145606	1	1	0	0
1	1	UID2145611	1	1	0	0
1	1	UID2145613	1	1	0	0
1	1	UID2145614	1	1	0	0
1	1	UID2145615	1	1	0	0
1	1	UID2145616	1	1	0	0
1	1	UID2145617	1	1	0	0
1	1	UID2145618	1	1	0	0
1	1	UID2145620	1	1	0	0
1	1	UID2145621	1	1	0	0
1	1	UID2145622	1	1	0	0
1	1	UID2145624	1	1	0	0
1	1	UID2145625	1	1	0	0
1	1	UID2145626	1	1	0	0
1	1	UID2145627	1	1	0	0
1	1	UID2145628	1	1	0	0
1	1	UID2145629	1	1	0	0
1	1	UID2145632	1	1	0	0
1	1	UID2145639	1	1	0	0
1	1	UID2145640	1	1	0	0
1	1	UID2145641	1	1	0	0
1	1	UID2145643	1	1	0	0
1	1	UID2145646	1	1	0	0
1	1	UID2145648	1	1	0	0
1	1	UID2145650	1	1	0	0
1	1	UID2145651	1	1	0	0
1	1	UID2145652	1	1	0	0
1	1	UID2145654	1	1	0	0
1	1	UID2145655	1	1	0	0
1	1	UID2145656	1	1	0	0
1	1	UID2145658	1	1	0	0
1	1	UID2145660	1	1	0	0
1	1	UID2145668	1	1	0	0
1	1	UID2145670	1	1	0	0
1	1	UID2145672	1	1	0	0
1	1	UID2145673	1	1	0	0
1	1	UID2145676	1	1	0	0
1	1	UID2145677	1	1	0	0
1	1	UID2145678	1	1	0	0
1	1	UID2145679	1	1	0	0
1	1	UID2145680	1	1	0	0
1	1	UID2145683	1	1	0	0
1	1	UID2145684	1	1	0	0
1	1	UID2145685	1	1	0	0
1	1	UID2145686	1	1	0	0
1	1	UID2145688	1	1	0	0
1	1	UID2145690	1	1	0	0
1	1	UID2145693	1	1	0	0
1	1	UID2145694	1	1	0	0
1	1	UID2145695	1	1	0	0
1	1	UID2145698	1	1	0	0
1	1	UID2145700	1	1	0	0
1	1	UID2145702	1	1	0	0
1	1	UID2145703	1	1	0	0
1	1	UID2145707	1	1	0	0
1	1	UID2145709	1	1	0	0
1	1	UID2145710	1	1	0	0
1	1	UID2145711	1	1	0	0
1	1	UID2145712	1	1	0	0
1	1	UID2145713	1	1	0	0
1	1	UID2145717	1	1	0	0
1	1	UID2145718	1	1	0	0
1	1	UID2145720	1	1	0	0
1	1	UID2145723	1	1	0	0
1	1	UID2145724	1	1	0	0
1	1	UID2145725	1	1	0	0
1	1	UID2145726	1	1	0	0
1	1	UID2145729	1	1	0	0
1	1	UID2145731	1	1	0	0
1	1	UID2145734	1	1	0	0
1	1	UID2145735	1	1	0	0
1	1	UID2145738	1	1	0	0
1	1	UID2145739	1	1	0	0
1	1	UID2145740	1	1	0	0
1	1	UID2145744	1	1	0	0
1	1	UID2145747	1	1	0	0
1	1	UID2145750	1	1	0	0
1	1	UID2145751	1	1	0	0
1	1	UID2145752	1	1	0	0
1	1	UID2145753	1	1	0	0
1	1	UID2145754	1	1	0	0
1	1	UID2145755	1	1	0	0
1	1	UID2145756	1	1	0	0
1	1	UID2145759	1	1	0	0
1	1	UID2145760	1	1	0	0
1	1	UID2145761	1	1	0	0
1	1	UID2145765	1	1	0	0
1	1	UID2145770	1	1	0	0
1	1	UID2145772	1	1	0	0
1	1	UID2145774	1	1	0	0
1	1	UID2145776	1	1	0	0
1	1	UID2145777	1	1	0	0
1	1	UID2145778	1	1	0	0
1	1	UID2145781	1	1	0	0
1	1	UID2145783	1	1	0	0
1	1	UID2145786	1	1	0	0
1	1	UID2145789	1	1	0	0
1	1	UID2145792	1	1	0	0
1	1	UID2145798	1	1	0	0
1	1	UID2145801	1	1	0	0
1	1	UID2145807	1	1	0	0
1	1	UID2145808	1	1	0	0
1	1	UID2145809	1	1	0	0
1	1	UID2145810	1	1	0	0
1	1	UID2145811	1	1	0	0
1	1	UID2145814	1	1	0	0
1	1	UID2145819	1	1	0	0
1	1	UID2145821	1	1	0	0
1	1	UID2145823	1	1	0	0
1	1	UID2145825	1	1	0	0
1	1	UID2145827	1	1	0	0
1	1	UID2145831	1	1	0	0
1	1	UID2145833	1	1	0	0
1	1	UID2145834	1	1	0	0
1	1	UID2145835	1	1	0	0
1	1	UID2145837	1	1	0	0
1	1	UID2145838	1	1	0	0
1	1	UID2145843	1	1	0	0
1	1	UID2145844	1	1	0	0
1	1	UID2145845	1	1	0	0
1	1	UID2145848	1	1	0	0
1	1	UID2145853	1	1	0	0
1	1	UID2145856	1	1	0	0
1	1	UID2145857	1	1	0	0
1	1	UID2145859	1	1	0	0
1	1	UID2145861	1	1	0	0
1	1	UID2145862	1	1	0	0
1	1	UID2145866	1	1	0	0
1	1	UID2145867	1	1	0	0
1	1	UID2145871	1	1	0	0
1	1	UID2145872	1	1	0	0
1	1	UID2145874	1	1	0	0
1	1	UID2145878	1	1	0	0
1	1	UID2145879	1	1	0	0
1	1	UID2145881	1	1	0	0
1	1	UID2145883	1	1	0	0
1	1	UID2145886	1	1	0	0
1	1	UID2145887	1	1	0	0
1	1	UID2145888	1	1	0	0
1	1	UID2145889	1	1	0	0
1	1	UID2145890	1	1	0	0
1	1	UID2145891	1	1	0	0
1	1	UID2145892	1	1	0	0
1	1	UID2145893	1	1	0	0
1	1	UID2145894	1	1	0	0
1	1	UID2145895	1	1	0	0
1	1	UID2145896	1	1	0	0
1	1	UID2145897	1	1	0	0
1	1	UID2145898	1	1	0	0
1	1	UID2145899	1	1	0	0
1	1	UID2145900	1	1	0	0
1	1	UID2145901	1	1	0	0
1	1	UID2145902	1	1	0	0
1	1	UID2145905	1	1	0	0
1	1	UID2145907	1	1	0	0
1	1	UID2145908	1	1	0	0
1	1	UID2145909	1	1	0	0
1	1	UID2145911	1	1	0	0
1	1	UID2145912	1	1	0	0
1	1	UID2145913	1	1	0	0
1	1	UID2145915	1	1	0	0
1	1	UID2145916	1	1	0	0
1	1	UID2145917	1	1	0	0
1	1	UID2145918	1	1	0	0
1	1	UID2145923	1	1	0	0
4	4	UID218	1	4	1	1
1	1	UID222912	1	1	0	0
2	2	UID238	1	2	1	1
1	1	UID239935	1	1	0	0
1	1	UID240196	1	1	0	0
1	1	UID240442	1	1	0	0
1	1	UID240575	1	1	0	0
1	1	UID254430	1	1	0	0
1	1	UID254723	1	1	0	0
1	1	UID279196	1	1	0	0
1	1	UID30162	1	1	0	0
1	1	UID30355	1	1	0	0
1	1	UID33137	1	1	0	0
1	1	UID33655	1	1	0	0
1	1	UID34460	1	1	0	0
1	1	UID37270	1	1	0	0
1	1	UID41672	1	1	0	0
1	1	UID41778	1	1	0	0
1	1	UID41824	1	1	0	0
1	1	UID42126	1	1	0	0
1	1	UID466324	1	1	0	0
1	1	UID508450	1	1	0	0
1	1	UID509462	1	1	0	0
1	1	UID526174	1	1	0	0
1	1	UID539768	1	1	0	0
1	1	UID54765	1	1	0	0
1	1	UID559095	1	1	0	0
1	1	UID56743	1	1	0	0
1	1	UID599100	1	1	0	0
1	1	UID621382	1	1	0	0
1	1	UID643392	1	1	0	0
1	1	UID646939	1	1	0	0
1	1	UID68186	1	1	0	0
1	1	UID68820	1	1	0	0
1	1	UID69621	1	1	0	0
1	1	UID69978	1	1	0	0
1	1	UID699	1	1	0	0
1	1	UID70461	1	1	0	0
1	1	UID70498	1	1	0	0
1	1	UID77417	1	1	0	0
1	1	UID77726	1	1	0	0
1	1	UID77968	1	1	0	0
1	1	UID810149	1	1	0	0
