2567	9222	UID554	3881	2128	4	4
1129	3758	UID2	1504	891	7	7
837	2978	UID1	1341	639	3	3
432	1278	UID62066	655	334	3	3
498	1147	UID37773	448	405	4	4
427	956	UID7646	284	353	4	4
392	774	UID1533	279	347	4	4
362	709	UID61275	208	305	5	5
350	618	UID553	177	316	5	5
282	508	UID61312	128	250	5	5
114	241	UID61290	100	105	3	3
120	230	UID17673	72	111	3	3
67	133	UID77	64	65	2	2
52	112	UID104696	59	49	2	2
51	108	UID18916	54	47	2	2
50	97	UID101310	41	46	3	3
48	88	UID18915	40	46	2	2
50	98	UID84211	40	43	2	2
51	99	UID310	39	45	2	2
101	160	UID61379	39	92	3	3
50	89	UID182	32	47	3	3
29	65	UID9771	31	24	2	2
32	59	UID105000	25	28	2	2
53	101	UID62971	25	49	3	3
41	65	UID18	23	38	3	3
22	43	UID22	21	20	1	1
24	43	UID61990	20	23	1	1
34	63	UID1366286	19	32	2	2
25	41	UID48688	16	23	5	5
33	59	UID1008	15	28	3	3
23	37	UID127	15	22	1	1
44	60	UID37603	15	41	3	3
18	34	UID167374	14	16	2	2
48	62	UID37617	14	46	2	2
6	19	UID309	13	4	1	1
16	28	UID8870	13	15	2	2
14	26	UID441	12	12	2	2
19	29	UID154589	11	18	1	1
9	20	UID580	11	7	2	2
13	23	UID61799	11	12	2	2
21	40	UID9296	11	19	2	2
29	43	UID117214	10	24	3	3
16	29	UID62406	10	13	2	2
20	30	UID184254	9	18	2	2
12	19	UID1151331	8	11	1	1
5	12	UID122	8	4	1	1
11	18	UID167247	8	10	1	1
10	16	UID103971	7	9	1	1
12	18	UID342762	7	11	1	1
4	10	UID383	7	3	1	1
20	27	UID61323	7	18	2	2
4	10	UID8021	7	3	1	1
3	9	UID84	7	2	1	1
8	13	UID108	6	7	1	1
3	8	UID131	6	2	1	1
6	11	UID154809	6	5	1	1
6	11	UID179	6	5	1	1
4	9	UID292	6	3	2	2
19	24	UID412	6	18	3	3
15	20	UID7613	6	14	1	1
4	9	UID99	6	3	1	1
6	12	UID103917	5	4	2	2
4	8	UID1366290	5	3	1	1
2	6	UID200	5	1	1	1
2	6	UID207	5	1	1	1
7	13	UID558	5	5	2	2
10	14	UID607	5	9	2	2
3	7	UID9015	5	2	0	0
3	6	UID104779	4	2	1	1
6	10	UID134034	4	4	2	2
5	8	UID154506	4	4	1	1
8	11	UID154607	4	7	1	1
4	7	UID160192	4	3	1	1
2	5	UID180	4	1	1	1
4	8	UID283	4	2	1	1
2	5	UID284	4	1	0	0
2	5	UID293	4	1	1	1
1	4	UID384576	4	0	0	0
7	11	UID460	4	5	1	1
10	13	UID775091	4	9	2	2
6	9	UID85	4	5	1	1
1	3	UID104266	3	0	0	0
1	3	UID114376	3	0	0	0
3	5	UID117216	3	2	1	1
3	5	UID134041	3	2	1	1
3	5	UID159467	3	2	1	1
8	10	UID161643	3	7	2	2
3	5	UID194	3	2	1	1
4	6	UID196	3	3	1	1
1	3	UID248	3	0	0	0
3	5	UID294	3	2	1	1
8	10	UID29	3	7	1	1
5	7	UID327	3	4	2	2
5	7	UID37701	3	4	1	1
2	4	UID401924	3	1	0	0
6	8	UID42708	3	5	2	2
3	5	UID450873	3	2	1	1
7	9	UID496	3	6	1	1
5	7	UID521	3	4	2	2
1	3	UID72416	3	0	0	0
5	7	UID72	3	4	1	1
5	7	UID736	3	4	1	1
3	5	UID74985	3	2	2	2
2	4	UID779	3	1	1	1
5	7	UID8012	3	4	1	1
2	3	UID104030	2	1	1	1
2	3	UID104121	2	1	1	1
2	3	UID104747	2	1	1	1
3	4	UID1139	2	2	1	1
3	4	UID115	2	2	1	1
2	3	UID130538	2	1	1	1
1	2	UID1366302	2	0	0	0
1	2	UID1366332	2	0	0	0
2	3	UID1366334	2	1	1	1
3	5	UID1454	2	1	1	1
5	6	UID154993	2	4	1	1
5	6	UID158	2	4	1	1
4	6	UID159465	2	2	2	2
2	3	UID160233	2	1	1	1
9	11	UID161477	2	7	2	2
3	4	UID173	2	2	1	1
1	2	UID174403	2	0	0	0
2	3	UID189	2	1	1	1
6	7	UID208	2	5	1	1
2	3	UID221	2	1	1	1
2	3	UID228	2	1	1	1
2	3	UID33730	2	1	1	1
2	3	UID381284	2	1	1	1
3	4	UID383525	2	2	1	1
4	5	UID42636	2	3	1	1
6	7	UID522	2	5	1	1
3	4	UID587066	2	2	1	1
4	5	UID608	2	3	1	1
3	4	UID609	2	2	1	1
7	8	UID61304	2	6	1	1
3	4	UID704	2	2	1	1
1	2	UID72417	2	0	0	0
5	6	UID737	2	4	1	1
2	3	UID75796	2	1	1	1
4	5	UID761749	2	3	1	1
3	4	UID783091	2	2	1	1
4	5	UID837	2	3	1	1
2	3	UID843	2	1	1	1
2	3	UID931	2	1	1	1
6	7	UID94	2	5	2	2
4	4	UID103933	1	4	2	2
5	5	UID103949	1	5	1	1
2	2	UID103956	1	2	1	1
2	2	UID103982	1	2	1	1
8	8	UID104321	1	8	1	1
3	3	UID104370	1	3	2	2
1	1	UID104436	1	1	0	0
1	1	UID104668	1	1	0	0
6	6	UID104670	1	6	2	2
1	1	UID1048692	1	1	0	0
1	1	UID105545	1	1	0	0
1	1	UID108603	1	1	0	0
1	1	UID1123035	1	1	0	0
1	1	UID112821	1	1	0	0
4	4	UID113313	1	4	1	1
1	1	UID113552	1	1	0	0
5	5	UID113563	1	5	2	2
3	3	UID1139072	1	3	2	2
6	6	UID1142	1	6	2	2
1	1	UID114369	1	1	0	0
1	1	UID117653	1	1	0	0
1	1	UID117707	1	1	0	0
1	1	UID117949	1	1	0	0
1	1	UID118963	1	1	0	0
1	1	UID1251480	1	1	0	0
4	4	UID1258323	1	4	1	1
1	1	UID126327	1	1	0	0
1	1	UID132558	1	1	0	0
4	4	UID135817	1	4	2	2
1	1	UID1362631	1	1	0	0
1	1	UID1366351	1	1	0	0
1	1	UID1366358	1	1	0	0
1	1	UID1366359	1	1	0	0
1	1	UID1366360	1	1	0	0
4	4	UID1366368	1	4	2	2
1	1	UID1366376	1	1	0	0
1	1	UID1366379	1	1	0	0
1	1	UID1366380	1	1	0	0
1	1	UID1366381	1	1	0	0
1	1	UID1366385	1	1	0	0
1	1	UID1366388	1	1	0	0
1	1	UID1366390	1	1	0	0
1	1	UID1366394	1	1	0	0
1	1	UID1366398	1	1	0	0
1	1	UID1366399	1	1	0	0
1	1	UID1366400	1	1	0	0
1	1	UID1366401	1	1	0	0
1	1	UID1366402	1	1	0	0
1	1	UID1366404	1	1	0	0
1	1	UID1366408	1	1	0	0
1	1	UID1366410	1	1	0	0
1	1	UID1366411	1	1	0	0
1	1	UID1366423	1	1	0	0
1	1	UID1366426	1	1	0	0
1	1	UID1366428	1	1	0	0
1	1	UID1366430	1	1	0	0
1	1	UID1366432	1	1	0	0
1	1	UID1366433	1	1	0	0
1	1	UID1366440	1	1	0	0
1	1	UID1366441	1	1	0	0
1	1	UID1366450	1	1	0	0
1	1	UID1366461	1	1	0	0
1	1	UID1366464	1	1	0	0
1	1	UID1366469	1	1	0	0
1	1	UID1366470	1	1	0	0
1	1	UID1366471	1	1	0	0
1	1	UID1366472	1	1	0	0
1	1	UID1366474	1	1	0	0
1	1	UID1366477	1	1	0	0
1	1	UID1366492	1	1	0	0
1	1	UID1366498	1	1	0	0
1	1	UID1366501	1	1	0	0
1	1	UID1366508	1	1	0	0
1	1	UID1366511	1	1	0	0
1	1	UID1366518	1	1	0	0
1	1	UID1366519	1	1	0	0
1	1	UID1366520	1	1	0	0
1	1	UID1366535	1	1	0	0
1	1	UID1366537	1	1	0	0
1	1	UID1366544	1	1	0	0
1	1	UID1366547	1	1	0	0
1	1	UID1366548	1	1	0	0
1	1	UID1366549	1	1	0	0
5	5	UID1366551	1	5	2	2
1	1	UID1366558	1	1	0	0
1	1	UID1366561	1	1	0	0
1	1	UID1366568	1	1	0	0
1	1	UID1366577	1	1	0	0
1	1	UID1366578	1	1	0	0
1	1	UID1366579	1	1	0	0
1	1	UID1366589	1	1	0	0
1	1	UID1366591	1	1	0	0
1	1	UID1366595	1	1	0	0
1	1	UID1366606	1	1	0	0
1	1	UID1366607	1	1	0	0
1	1	UID1366614	1	1	0	0
1	1	UID1366615	1	1	0	0
1	1	UID1366616	1	1	0	0
1	1	UID1366620	1	1	0	0
1	1	UID1366640	1	1	0	0
1	1	UID1366654	1	1	0	0
1	1	UID1366668	1	1	0	0
1	1	UID1366681	1	1	0	0
1	1	UID1366683	1	1	0	0
1	1	UID1366686	1	1	0	0
1	1	UID1366689	1	1	0	0
1	1	UID1366692	1	1	0	0
1	1	UID1366695	1	1	0	0
1	1	UID1366703	1	1	0	0
1	1	UID1366705	1	1	0	0
1	1	UID1366716	1	1	0	0
1	1	UID1366725	1	1	0	0
1	1	UID1366727	1	1	0	0
1	1	UID1366734	1	1	0	0
1	1	UID1366735	1	1	0	0
1	1	UID1366738	1	1	0	0
1	1	UID1366741	1	1	0	0
1	1	UID1366742	1	1	0	0
1	1	UID1366744	1	1	0	0
1	1	UID1366752	1	1	0	0
1	1	UID1366753	1	1	0	0
1	1	UID1366755	1	1	0	0
1	1	UID1366759	1	1	0	0
1	1	UID1366770	1	1	0	0
1	1	UID1366771	1	1	0	0
1	1	UID1366778	1	1	0	0
1	1	UID1366779	1	1	0	0
1	1	UID1366795	1	1	0	0
3	3	UID1366799	1	3	2	2
1	1	UID1366813	1	1	0	0
1	1	UID1366817	1	1	0	0
1	1	UID1366824	1	1	0	0
1	1	UID1366826	1	1	0	0
1	1	UID1366832	1	1	0	0
1	1	UID1366840	1	1	0	0
1	1	UID1366854	1	1	0	0
1	1	UID1366862	1	1	0	0
1	1	UID1366865	1	1	0	0
1	1	UID1366866	1	1	0	0
1	1	UID1366867	1	1	0	0
1	1	UID1366871	1	1	0	0
1	1	UID1366876	1	1	0	0
1	1	UID1366887	1	1	0	0
1	1	UID1366891	1	1	0	0
1	1	UID1366896	1	1	0	0
1	1	UID1366897	1	1	0	0
1	1	UID1366900	1	1	0	0
1	1	UID1366903	1	1	0	0
1	1	UID1366904	1	1	0	0
1	1	UID1366906	1	1	0	0
5	5	UID1366907	1	5	2	2
1	1	UID1366909	1	1	0	0
1	1	UID1366911	1	1	0	0
1	1	UID1366916	1	1	0	0
1	1	UID1366917	1	1	0	0
1	1	UID1366932	1	1	0	0
1	1	UID1366933	1	1	0	0
1	1	UID1366934	1	1	0	0
1	1	UID1366936	1	1	0	0
1	1	UID1366937	1	1	0	0
1	1	UID1366953	1	1	0	0
1	1	UID1366961	1	1	0	0
1	1	UID1366965	1	1	0	0
1	1	UID1366967	1	1	0	0
1	1	UID1366978	1	1	0	0
1	1	UID1366984	1	1	0	0
1	1	UID1366985	1	1	0	0
1	1	UID1366987	1	1	0	0
1	1	UID1366990	1	1	0	0
1	1	UID1366991	1	1	0	0
1	1	UID1366992	1	1	0	0
1	1	UID1366993	1	1	0	0
1	1	UID1367002	1	1	0	0
1	1	UID1367004	1	1	0	0
1	1	UID1367007	1	1	0	0
1	1	UID1367008	1	1	0	0
1	1	UID1367009	1	1	0	0
1	1	UID1367018	1	1	0	0
1	1	UID1367019	1	1	0	0
1	1	UID1367026	1	1	0	0
1	1	UID1367035	1	1	0	0
1	1	UID1367037	1	1	0	0
1	1	UID1367040	1	1	0	0
1	1	UID1367041	1	1	0	0
1	1	UID1367042	1	1	0	0
1	1	UID1367043	1	1	0	0
1	1	UID1367048	1	1	0	0
1	1	UID1367052	1	1	0	0
1	1	UID1367055	1	1	0	0
1	1	UID1367078	1	1	0	0
1	1	UID1367079	1	1	0	0
1	1	UID1367082	1	1	0	0
1	1	UID1367095	1	1	0	0
1	1	UID1367104	1	1	0	0
1	1	UID1367119	1	1	0	0
1	1	UID1367120	1	1	0	0
1	1	UID1367125	1	1	0	0
1	1	UID1367127	1	1	0	0
1	1	UID1367128	1	1	0	0
1	1	UID1367131	1	1	0	0
1	1	UID1367143	1	1	0	0
1	1	UID1367148	1	1	0	0
1	1	UID1367157	1	1	0	0
1	1	UID1367161	1	1	0	0
1	1	UID1367163	1	1	0	0
1	1	UID1367164	1	1	0	0
1	1	UID1367166	1	1	0	0
1	1	UID1367175	1	1	0	0
1	1	UID1367180	1	1	0	0
1	1	UID1367181	1	1	0	0
1	1	UID1367182	1	1	0	0
1	1	UID1367185	1	1	0	0
1	1	UID1367186	1	1	0	0
1	1	UID1367191	1	1	0	0
1	1	UID1367201	1	1	0	0
1	1	UID1367204	1	1	0	0
1	1	UID1367207	1	1	0	0
1	1	UID1367222	1	1	0	0
1	1	UID1367230	1	1	0	0
1	1	UID1367235	1	1	0	0
1	1	UID1367263	1	1	0	0
1	1	UID1367269	1	1	0	0
1	1	UID1367282	1	1	0	0
5	5	UID1367286	1	5	2	2
1	1	UID1367295	1	1	0	0
1	1	UID1367313	1	1	0	0
1	1	UID1367323	1	1	0	0
1	1	UID1367324	1	1	0	0
1	1	UID1367329	1	1	0	0
1	1	UID1367330	1	1	0	0
1	1	UID1367335	1	1	0	0
1	1	UID1367336	1	1	0	0
1	1	UID1367341	1	1	0	0
1	1	UID1367344	1	1	0	0
1	1	UID1367350	1	1	0	0
1	1	UID1367355	1	1	0	0
1	1	UID1367356	1	1	0	0
1	1	UID1367359	1	1	0	0
1	1	UID1367367	1	1	0	0
1	1	UID1367405	1	1	0	0
1	1	UID1367475	1	1	0	0
5	5	UID1367491	1	5	2	2
1	1	UID1367514	1	1	0	0
1	1	UID1367515	1	1	0	0
1	1	UID1367522	1	1	0	0
1	1	UID1367526	1	1	0	0
1	1	UID1367529	1	1	0	0
1	1	UID1367530	1	1	0	0
1	1	UID1367533	1	1	0	0
3	3	UID1367537	1	3	2	2
1	1	UID1367538	1	1	0	0
1	1	UID1367540	1	1	0	0
1	1	UID1367547	1	1	0	0
1	1	UID1367548	1	1	0	0
1	1	UID1367550	1	1	0	0
1	1	UID1367552	1	1	0	0
1	1	UID1367555	1	1	0	0
1	1	UID1367565	1	1	0	0
1	1	UID1367566	1	1	0	0
1	1	UID1367571	1	1	0	0
1	1	UID1367575	1	1	0	0
1	1	UID1367578	1	1	0	0
1	1	UID1367588	1	1	0	0
1	1	UID1367589	1	1	0	0
1	1	UID1367593	1	1	0	0
1	1	UID1367602	1	1	0	0
1	1	UID1367605	1	1	0	0
1	1	UID1367609	1	1	0	0
1	1	UID1367610	1	1	0	0
1	1	UID1367627	1	1	0	0
1	1	UID1367628	1	1	0	0
1	1	UID1367630	1	1	0	0
1	1	UID1367634	1	1	0	0
1	1	UID1367636	1	1	0	0
1	1	UID1367641	1	1	0	0
1	1	UID1367643	1	1	0	0
1	1	UID1367645	1	1	0	0
1	1	UID1367647	1	1	0	0
1	1	UID1367651	1	1	0	0
1	1	UID1367658	1	1	0	0
1	1	UID1367670	1	1	0	0
1	1	UID1367677	1	1	0	0
1	1	UID1367678	1	1	0	0
1	1	UID1367684	1	1	0	0
1	1	UID1367696	1	1	0	0
1	1	UID1367697	1	1	0	0
1	1	UID1367706	1	1	0	0
1	1	UID1367731	1	1	0	0
1	1	UID1367732	1	1	0	0
1	1	UID1367734	1	1	0	0
1	1	UID1367741	1	1	0	0
1	1	UID1367749	1	1	0	0
1	1	UID1367751	1	1	0	0
1	1	UID1367752	1	1	0	0
1	1	UID1367763	1	1	0	0
1	1	UID1367764	1	1	0	0
1	1	UID1367766	1	1	0	0
1	1	UID1367792	1	1	0	0
1	1	UID1367797	1	1	0	0
1	1	UID1367798	1	1	0	0
4	4	UID1367817	1	4	2	2
1	1	UID1367822	1	1	0	0
1	1	UID1367823	1	1	0	0
1	1	UID1367825	1	1	0	0
1	1	UID1367832	1	1	0	0
1	1	UID1367837	1	1	0	0
1	1	UID1367840	1	1	0	0
1	1	UID1367842	1	1	0	0
1	1	UID1367844	1	1	0	0
1	1	UID1367845	1	1	0	0
3	3	UID1367849	1	3	2	2
1	1	UID1367850	1	1	0	0
1	1	UID1367852	1	1	0	0
1	1	UID1367854	1	1	0	0
1	1	UID1367856	1	1	0	0
1	1	UID1367857	1	1	0	0
1	1	UID1367866	1	1	0	0
1	1	UID1367872	1	1	0	0
1	1	UID1367879	1	1	0	0
1	1	UID1367881	1	1	0	0
1	1	UID1367898	1	1	0	0
1	1	UID1367903	1	1	0	0
1	1	UID1367905	1	1	0	0
1	1	UID1367912	1	1	0	0
1	1	UID1367914	1	1	0	0
1	1	UID1367917	1	1	0	0
1	1	UID1367922	1	1	0	0
1	1	UID1367925	1	1	0	0
1	1	UID1367926	1	1	0	0
1	1	UID1367927	1	1	0	0
1	1	UID1367928	1	1	0	0
1	1	UID1367929	1	1	0	0
1	1	UID1367933	1	1	0	0
1	1	UID1367939	1	1	0	0
1	1	UID1367940	1	1	0	0
1	1	UID1367945	1	1	0	0
1	1	UID1367946	1	1	0	0
3	3	UID1367948	1	3	2	2
1	1	UID1367949	1	1	0	0
1	1	UID1367951	1	1	0	0
1	1	UID1367952	1	1	0	0
3	3	UID1367955	1	3	2	2
1	1	UID1367967	1	1	0	0
1	1	UID1367969	1	1	0	0
1	1	UID1367974	1	1	0	0
1	1	UID1367983	1	1	0	0
1	1	UID1367984	1	1	0	0
1	1	UID1367996	1	1	0	0
1	1	UID1368000	1	1	0	0
1	1	UID1368004	1	1	0	0
1	1	UID1368005	1	1	0	0
1	1	UID1368015	1	1	0	0
1	1	UID1368016	1	1	0	0
1	1	UID1368022	1	1	0	0
1	1	UID1368029	1	1	0	0
1	1	UID1368030	1	1	0	0
1	1	UID1368045	1	1	0	0
1	1	UID1368047	1	1	0	0
1	1	UID1368050	1	1	0	0
1	1	UID1368053	1	1	0	0
1	1	UID1368068	1	1	0	0
1	1	UID1368077	1	1	0	0
1	1	UID1368079	1	1	0	0
1	1	UID1368081	1	1	0	0
1	1	UID1368082	1	1	0	0
1	1	UID1368087	1	1	0	0
1	1	UID1368106	1	1	0	0
1	1	UID1368113	1	1	0	0
1	1	UID1368115	1	1	0	0
1	1	UID1368116	1	1	0	0
1	1	UID1368117	1	1	0	0
1	1	UID1368119	1	1	0	0
1	1	UID1368128	1	1	0	0
1	1	UID1368131	1	1	0	0
1	1	UID1368135	1	1	0	0
1	1	UID1368138	1	1	0	0
1	1	UID1368142	1	1	0	0
1	1	UID1368148	1	1	0	0
1	1	UID1368152	1	1	0	0
1	1	UID1368155	1	1	0	0
1	1	UID1368157	1	1	0	0
1	1	UID1368158	1	1	0	0
1	1	UID1368159	1	1	0	0
1	1	UID1368169	1	1	0	0
1	1	UID1368177	1	1	0	0
1	1	UID1368179	1	1	0	0
1	1	UID1368180	1	1	0	0
1	1	UID1368181	1	1	0	0
1	1	UID1368187	1	1	0	0
1	1	UID1368189	1	1	0	0
1	1	UID1368209	1	1	0	0
1	1	UID1368215	1	1	0	0
1	1	UID1368217	1	1	0	0
1	1	UID1368218	1	1	0	0
1	1	UID1368222	1	1	0	0
1	1	UID1368225	1	1	0	0
1	1	UID1368226	1	1	0	0
1	1	UID1368231	1	1	0	0
5	5	UID1368236	1	5	2	2
1	1	UID1368238	1	1	0	0
1	1	UID1368239	1	1	0	0
3	3	UID1368240	1	3	2	2
1	1	UID1368241	1	1	0	0
1	1	UID1368281	1	1	0	0
1	1	UID1368282	1	1	0	0
1	1	UID1368283	1	1	0	0
1	1	UID1368287	1	1	0	0
1	1	UID1368288	1	1	0	0
1	1	UID1368290	1	1	0	0
4	4	UID1368294	1	4	2	2
1	1	UID1368296	1	1	0	0
1	1	UID1368299	1	1	0	0
1	1	UID1368303	1	1	0	0
1	1	UID1368317	1	1	0	0
1	1	UID1368326	1	1	0	0
1	1	UID1368328	1	1	0	0
1	1	UID1368333	1	1	0	0
1	1	UID1368334	1	1	0	0
1	1	UID1368337	1	1	0	0
1	1	UID1368338	1	1	0	0
1	1	UID1368342	1	1	0	0
1	1	UID1368345	1	1	0	0
1	1	UID1368349	1	1	0	0
1	1	UID1368351	1	1	0	0
1	1	UID1368353	1	1	0	0
1	1	UID1368368	1	1	0	0
1	1	UID1368369	1	1	0	0
1	1	UID1368373	1	1	0	0
1	1	UID1368374	1	1	0	0
1	1	UID1368387	1	1	0	0
1	1	UID1368390	1	1	0	0
1	1	UID1368396	1	1	0	0
1	1	UID1368409	1	1	0	0
1	1	UID1368416	1	1	0	0
1	1	UID1368417	1	1	0	0
1	1	UID1368418	1	1	0	0
1	1	UID1368419	1	1	0	0
1	1	UID1368422	1	1	0	0
1	1	UID1368423	1	1	0	0
1	1	UID1368426	1	1	0	0
1	1	UID1368431	1	1	0	0
1	1	UID1368432	1	1	0	0
1	1	UID1368434	1	1	0	0
1	1	UID1368435	1	1	0	0
1	1	UID1368440	1	1	0	0
1	1	UID1368449	1	1	0	0
1	1	UID1368450	1	1	0	0
1	1	UID1368451	1	1	0	0
1	1	UID1368453	1	1	0	0
1	1	UID1368455	1	1	0	0
1	1	UID1368461	1	1	0	0
1	1	UID1368469	1	1	0	0
1	1	UID1368474	1	1	0	0
1	1	UID1368477	1	1	0	0
1	1	UID1368478	1	1	0	0
1	1	UID1368488	1	1	0	0
1	1	UID1368544	1	1	0	0
1	1	UID1368547	1	1	0	0
1	1	UID1368559	1	1	0	0
1	1	UID1368564	1	1	0	0
1	1	UID1368569	1	1	0	0
1	1	UID1368572	1	1	0	0
3	3	UID1368574	1	3	2	2
1	1	UID1368585	1	1	0	0
1	1	UID1368588	1	1	0	0
1	1	UID1368590	1	1	0	0
1	1	UID1368591	1	1	0	0
1	1	UID1368592	1	1	0	0
1	1	UID1368594	1	1	0	0
1	1	UID1368602	1	1	0	0
1	1	UID1368603	1	1	0	0
1	1	UID1368604	1	1	0	0
1	1	UID1368605	1	1	0	0
1	1	UID1368615	1	1	0	0
1	1	UID1368616	1	1	0	0
1	1	UID1368625	1	1	0	0
1	1	UID1368626	1	1	0	0
4	4	UID1368627	1	4	2	2
1	1	UID1368638	1	1	0	0
1	1	UID1368640	1	1	0	0
1	1	UID1368664	1	1	0	0
1	1	UID1368665	1	1	0	0
1	1	UID1368666	1	1	0	0
1	1	UID1368676	1	1	0	0
1	1	UID1368681	1	1	0	0
1	1	UID1368682	1	1	0	0
1	1	UID1368683	1	1	0	0
1	1	UID1368686	1	1	0	0
1	1	UID1368698	1	1	0	0
1	1	UID1368701	1	1	0	0
1	1	UID1368713	1	1	0	0
1	1	UID1368745	1	1	0	0
1	1	UID1368746	1	1	0	0
1	1	UID1368748	1	1	0	0
1	1	UID1368749	1	1	0	0
1	1	UID1368756	1	1	0	0
1	1	UID1368763	1	1	0	0
1	1	UID1368768	1	1	0	0
1	1	UID1368781	1	1	0	0
1	1	UID1368782	1	1	0	0
1	1	UID1368785	1	1	0	0
1	1	UID1368788	1	1	0	0
1	1	UID1368796	1	1	0	0
1	1	UID1368811	1	1	0	0
1	1	UID1368816	1	1	0	0
1	1	UID1368821	1	1	0	0
1	1	UID1368827	1	1	0	0
1	1	UID1368833	1	1	0	0
1	1	UID1368847	1	1	0	0
1	1	UID1368861	1	1	0	0
1	1	UID1368864	1	1	0	0
1	1	UID1368873	1	1	0	0
1	1	UID1368875	1	1	0	0
1	1	UID1368883	1	1	0	0
1	1	UID1368890	1	1	0	0
1	1	UID1368899	1	1	0	0
1	1	UID1368904	1	1	0	0
1	1	UID1368910	1	1	0	0
1	1	UID1368913	1	1	0	0
1	1	UID1368916	1	1	0	0
1	1	UID1368929	1	1	0	0
1	1	UID1368934	1	1	0	0
1	1	UID1368942	1	1	0	0
1	1	UID1368956	1	1	0	0
1	1	UID1368975	1	1	0	0
1	1	UID1369000	1	1	0	0
1	1	UID1369019	1	1	0	0
1	1	UID1369024	1	1	0	0
1	1	UID1369032	1	1	0	0
1	1	UID1369038	1	1	0	0
1	1	UID1369055	1	1	0	0
1	1	UID1369156	1	1	0	0
1	1	UID1369184	1	1	0	0
1	1	UID1369193	1	1	0	0
1	1	UID1369199	1	1	0	0
1	1	UID1369206	1	1	0	0
1	1	UID1369207	1	1	0	0
1	1	UID1369209	1	1	0	0
1	1	UID1369218	1	1	0	0
1	1	UID1369220	1	1	0	0
1	1	UID1369221	1	1	0	0
1	1	UID1369225	1	1	0	0
1	1	UID1369230	1	1	0	0
1	1	UID1369234	1	1	0	0
1	1	UID1369258	1	1	0	0
1	1	UID1369261	1	1	0	0
1	1	UID1369263	1	1	0	0
1	1	UID1369265	1	1	0	0
1	1	UID1369269	1	1	0	0
1	1	UID1369270	1	1	0	0
1	1	UID1369271	1	1	0	0
1	1	UID1369273	1	1	0	0
1	1	UID1369278	1	1	0	0
1	1	UID1369279	1	1	0	0
1	1	UID1369282	1	1	0	0
1	1	UID1369302	1	1	0	0
1	1	UID1369310	1	1	0	0
1	1	UID1369319	1	1	0	0
1	1	UID1369327	1	1	0	0
1	1	UID1369329	1	1	0	0
1	1	UID1369330	1	1	0	0
1	1	UID1369332	1	1	0	0
1	1	UID1369344	1	1	0	0
1	1	UID1369345	1	1	0	0
1	1	UID1369351	1	1	0	0
1	1	UID1369352	1	1	0	0
1	1	UID1369370	1	1	0	0
1	1	UID1369371	1	1	0	0
1	1	UID1369380	1	1	0	0
1	1	UID1369388	1	1	0	0
1	1	UID1369390	1	1	0	0
1	1	UID1369392	1	1	0	0
1	1	UID1369410	1	1	0	0
1	1	UID1369415	1	1	0	0
1	1	UID1369424	1	1	0	0
1	1	UID1369431	1	1	0	0
1	1	UID1369445	1	1	0	0
1	1	UID1369447	1	1	0	0
1	1	UID1369449	1	1	0	0
1	1	UID1369450	1	1	0	0
1	1	UID1369453	1	1	0	0
1	1	UID1369455	1	1	0	0
1	1	UID1369461	1	1	0	0
1	1	UID1369473	1	1	0	0
1	1	UID1369477	1	1	0	0
1	1	UID1369478	1	1	0	0
1	1	UID1369479	1	1	0	0
1	1	UID1369497	1	1	0	0
1	1	UID1369537	1	1	0	0
1	1	UID1369538	1	1	0	0
1	1	UID1369539	1	1	0	0
1	1	UID1369545	1	1	0	0
1	1	UID1369546	1	1	0	0
1	1	UID1369564	1	1	0	0
1	1	UID1369566	1	1	0	0
1	1	UID1369574	1	1	0	0
1	1	UID1369584	1	1	0	0
1	1	UID1369585	1	1	0	0
1	1	UID1369586	1	1	0	0
1	1	UID1369592	1	1	0	0
1	1	UID1369597	1	1	0	0
1	1	UID1369603	1	1	0	0
1	1	UID1369604	1	1	0	0
1	1	UID1369616	1	1	0	0
1	1	UID1369617	1	1	0	0
1	1	UID1369626	1	1	0	0
1	1	UID1369627	1	1	0	0
1	1	UID1369629	1	1	0	0
1	1	UID1369630	1	1	0	0
1	1	UID1369631	1	1	0	0
1	1	UID1369642	1	1	0	0
1	1	UID1369645	1	1	0	0
1	1	UID1369647	1	1	0	0
1	1	UID1369650	1	1	0	0
1	1	UID1369651	1	1	0	0
1	1	UID1369657	1	1	0	0
1	1	UID1369660	1	1	0	0
1	1	UID1369663	1	1	0	0
2	2	UID1369666	1	2	1	1
1	1	UID1369675	1	1	0	0
1	1	UID1369697	1	1	0	0
1	1	UID1369700	1	1	0	0
1	1	UID1369703	1	1	0	0
1	1	UID1369707	1	1	0	0
1	1	UID1369709	1	1	0	0
1	1	UID1369711	1	1	0	0
1	1	UID1369721	1	1	0	0
1	1	UID1369722	1	1	0	0
1	1	UID1369737	1	1	0	0
1	1	UID1369738	1	1	0	0
1	1	UID1369740	1	1	0	0
1	1	UID1369741	1	1	0	0
1	1	UID1369752	1	1	0	0
1	1	UID1369753	1	1	0	0
1	1	UID1369754	1	1	0	0
1	1	UID1369763	1	1	0	0
1	1	UID1369764	1	1	0	0
1	1	UID1369765	1	1	0	0
1	1	UID1369772	1	1	0	0
1	1	UID1369782	1	1	0	0
1	1	UID1369789	1	1	0	0
1	1	UID1369792	1	1	0	0
1	1	UID1369793	1	1	0	0
1	1	UID1369795	1	1	0	0
1	1	UID1369803	1	1	0	0
1	1	UID1369815	1	1	0	0
1	1	UID1369826	1	1	0	0
1	1	UID1369832	1	1	0	0
1	1	UID1369838	1	1	0	0
1	1	UID1369842	1	1	0	0
5	5	UID1369844	1	5	2	2
1	1	UID1369845	1	1	0	0
1	1	UID1369848	1	1	0	0
1	1	UID1369855	1	1	0	0
1	1	UID1369861	1	1	0	0
1	1	UID1369862	1	1	0	0
1	1	UID1369879	1	1	0	0
1	1	UID1369885	1	1	0	0
1	1	UID1369887	1	1	0	0
1	1	UID1369893	1	1	0	0
1	1	UID1369910	1	1	0	0
1	1	UID1369915	1	1	0	0
1	1	UID1369917	1	1	0	0
1	1	UID1369941	1	1	0	0
1	1	UID1369942	1	1	0	0
1	1	UID1369944	1	1	0	0
1	1	UID1369948	1	1	0	0
1	1	UID1369953	1	1	0	0
1	1	UID1369956	1	1	0	0
1	1	UID1369966	1	1	0	0
1	1	UID1369967	1	1	0	0
1	1	UID1369971	1	1	0	0
1	1	UID1369973	1	1	0	0
1	1	UID1369977	1	1	0	0
1	1	UID1369982	1	1	0	0
1	1	UID1369983	1	1	0	0
1	1	UID1369985	1	1	0	0
1	1	UID1370000	1	1	0	0
1	1	UID1370001	1	1	0	0
1	1	UID1370003	1	1	0	0
1	1	UID1370004	1	1	0	0
1	1	UID1370005	1	1	0	0
1	1	UID1370009	1	1	0	0
1	1	UID1370015	1	1	0	0
1	1	UID1370018	1	1	0	0
1	1	UID1370023	1	1	0	0
1	1	UID1370026	1	1	0	0
1	1	UID1370031	1	1	0	0
1	1	UID1370041	1	1	0	0
1	1	UID1370042	1	1	0	0
1	1	UID1370049	1	1	0	0
1	1	UID1370050	1	1	0	0
1	1	UID1370058	1	1	0	0
1	1	UID1370066	1	1	0	0
1	1	UID1370069	1	1	0	0
1	1	UID1370071	1	1	0	0
1	1	UID1370072	1	1	0	0
1	1	UID1370077	1	1	0	0
1	1	UID1370078	1	1	0	0
1	1	UID1370079	1	1	0	0
1	1	UID1370080	1	1	0	0
1	1	UID1370081	1	1	0	0
1	1	UID1370084	1	1	0	0
1	1	UID1370086	1	1	0	0
1	1	UID1370089	1	1	0	0
1	1	UID1370096	1	1	0	0
1	1	UID1370097	1	1	0	0
1	1	UID1370100	1	1	0	0
1	1	UID1370103	1	1	0	0
1	1	UID1370107	1	1	0	0
1	1	UID1370108	1	1	0	0
1	1	UID1370109	1	1	0	0
1	1	UID1370123	1	1	0	0
1	1	UID1370128	1	1	0	0
1	1	UID1370130	1	1	0	0
1	1	UID1370132	1	1	0	0
1	1	UID1370135	1	1	0	0
1	1	UID1370136	1	1	0	0
1	1	UID1370137	1	1	0	0
1	1	UID1370138	1	1	0	0
1	1	UID1370139	1	1	0	0
1	1	UID1370144	1	1	0	0
1	1	UID1370147	1	1	0	0
1	1	UID1370150	1	1	0	0
1	1	UID1370152	1	1	0	0
1	1	UID1370160	1	1	0	0
1	1	UID1370161	1	1	0	0
1	1	UID1370162	1	1	0	0
1	1	UID1370164	1	1	0	0
1	1	UID1370168	1	1	0	0
1	1	UID1370176	1	1	0	0
1	1	UID1370177	1	1	0	0
1	1	UID1370178	1	1	0	0
1	1	UID1370181	1	1	0	0
1	1	UID1370183	1	1	0	0
1	1	UID1370186	1	1	0	0
1	1	UID1370187	1	1	0	0
1	1	UID1370188	1	1	0	0
1	1	UID1370199	1	1	0	0
1	1	UID1370204	1	1	0	0
1	1	UID1370209	1	1	0	0
1	1	UID1370219	1	1	0	0
1	1	UID1370220	1	1	0	0
1	1	UID1370226	1	1	0	0
1	1	UID1370229	1	1	0	0
1	1	UID1370230	1	1	0	0
1	1	UID1370231	1	1	0	0
1	1	UID1370233	1	1	0	0
1	1	UID1370238	1	1	0	0
1	1	UID1370239	1	1	0	0
1	1	UID1370246	1	1	0	0
1	1	UID1370252	1	1	0	0
1	1	UID1370253	1	1	0	0
1	1	UID1370257	1	1	0	0
1	1	UID1370264	1	1	0	0
1	1	UID1370272	1	1	0	0
1	1	UID1370277	1	1	0	0
1	1	UID1370279	1	1	0	0
1	1	UID1370282	1	1	0	0
1	1	UID1370285	1	1	0	0
1	1	UID1370286	1	1	0	0
1	1	UID1370287	1	1	0	0
1	1	UID1370292	1	1	0	0
1	1	UID1370293	1	1	0	0
1	1	UID1370297	1	1	0	0
1	1	UID1370298	1	1	0	0
1	1	UID1370299	1	1	0	0
1	1	UID1370302	1	1	0	0
1	1	UID1370308	1	1	0	0
1	1	UID1370312	1	1	0	0
1	1	UID1370314	1	1	0	0
1	1	UID1370320	1	1	0	0
1	1	UID1370322	1	1	0	0
1	1	UID1370323	1	1	0	0
1	1	UID1370327	1	1	0	0
1	1	UID1370330	1	1	0	0
1	1	UID1370331	1	1	0	0
1	1	UID1370332	1	1	0	0
1	1	UID1370334	1	1	0	0
1	1	UID1370335	1	1	0	0
1	1	UID1370336	1	1	0	0
1	1	UID1370363	1	1	0	0
1	1	UID1370405	1	1	0	0
1	1	UID1370416	1	1	0	0
1	1	UID1370418	1	1	0	0
1	1	UID1370427	1	1	0	0
1	1	UID1370428	1	1	0	0
1	1	UID1370431	1	1	0	0
1	1	UID1370432	1	1	0	0
1	1	UID1370433	1	1	0	0
1	1	UID1370434	1	1	0	0
1	1	UID1370453	1	1	0	0
1	1	UID1370473	1	1	0	0
1	1	UID1370481	1	1	0	0
1	1	UID1370517	1	1	0	0
1	1	UID1370518	1	1	0	0
1	1	UID1370520	1	1	0	0
1	1	UID1370524	1	1	0	0
1	1	UID1370532	1	1	0	0
1	1	UID1370534	1	1	0	0
1	1	UID1370535	1	1	0	0
1	1	UID1370557	1	1	0	0
1	1	UID1370558	1	1	0	0
1	1	UID1370561	1	1	0	0
1	1	UID1370573	1	1	0	0
1	1	UID1370578	1	1	0	0
1	1	UID1370583	1	1	0	0
1	1	UID1370584	1	1	0	0
1	1	UID1370585	1	1	0	0
1	1	UID1370589	1	1	0	0
1	1	UID1370591	1	1	0	0
1	1	UID1370593	1	1	0	0
1	1	UID1370611	1	1	0	0
1	1	UID1370613	1	1	0	0
1	1	UID1370617	1	1	0	0
1	1	UID1370622	1	1	0	0
1	1	UID1370623	1	1	0	0
1	1	UID1370624	1	1	0	0
1	1	UID1370627	1	1	0	0
1	1	UID1370628	1	1	0	0
1	1	UID1370630	1	1	0	0
1	1	UID1370632	1	1	0	0
1	1	UID1370633	1	1	0	0
1	1	UID1370639	1	1	0	0
1	1	UID1370640	1	1	0	0
1	1	UID1370641	1	1	0	0
1	1	UID1370642	1	1	0	0
1	1	UID1370643	1	1	0	0
1	1	UID1370645	1	1	0	0
1	1	UID1370647	1	1	0	0
1	1	UID1370652	1	1	0	0
1	1	UID1370655	1	1	0	0
1	1	UID1370657	1	1	0	0
1	1	UID1370658	1	1	0	0
1	1	UID1370659	1	1	0	0
1	1	UID1370660	1	1	0	0
1	1	UID1370661	1	1	0	0
1	1	UID1370671	1	1	0	0
1	1	UID1370695	1	1	0	0
1	1	UID1370696	1	1	0	0
1	1	UID1370701	1	1	0	0
1	1	UID1370703	1	1	0	0
1	1	UID1370704	1	1	0	0
1	1	UID1370706	1	1	0	0
1	1	UID1370712	1	1	0	0
1	1	UID1370718	1	1	0	0
1	1	UID1370719	1	1	0	0
1	1	UID1370720	1	1	0	0
1	1	UID1370721	1	1	0	0
1	1	UID1370724	1	1	0	0
1	1	UID1370725	1	1	0	0
1	1	UID1370726	1	1	0	0
1	1	UID1370727	1	1	0	0
1	1	UID1370732	1	1	0	0
1	1	UID1370734	1	1	0	0
1	1	UID1370735	1	1	0	0
1	1	UID1370737	1	1	0	0
1	1	UID1370740	1	1	0	0
1	1	UID1370742	1	1	0	0
1	1	UID1370752	1	1	0	0
1	1	UID1370756	1	1	0	0
1	1	UID1370758	1	1	0	0
1	1	UID1370759	1	1	0	0
1	1	UID1370760	1	1	0	0
1	1	UID1370764	1	1	0	0
1	1	UID1370771	1	1	0	0
1	1	UID1370790	1	1	0	0
1	1	UID1370791	1	1	0	0
1	1	UID1370792	1	1	0	0
1	1	UID1370794	1	1	0	0
1	1	UID1370795	1	1	0	0
1	1	UID1370796	1	1	0	0
1	1	UID1370806	1	1	0	0
1	1	UID1370808	1	1	0	0
1	1	UID1370812	1	1	0	0
1	1	UID1370822	1	1	0	0
1	1	UID1370828	1	1	0	0
1	1	UID1370829	1	1	0	0
1	1	UID1370830	1	1	0	0
1	1	UID1370847	1	1	0	0
1	1	UID1370850	1	1	0	0
1	1	UID1370856	1	1	0	0
1	1	UID1370859	1	1	0	0
1	1	UID1370863	1	1	0	0
1	1	UID1370866	1	1	0	0
1	1	UID1370867	1	1	0	0
1	1	UID1370873	1	1	0	0
1	1	UID1370876	1	1	0	0
1	1	UID1370877	1	1	0	0
1	1	UID1370879	1	1	0	0
1	1	UID1370885	1	1	0	0
1	1	UID1370889	1	1	0	0
1	1	UID1370890	1	1	0	0
1	1	UID1370891	1	1	0	0
1	1	UID1370893	1	1	0	0
1	1	UID1370894	1	1	0	0
1	1	UID1370902	1	1	0	0
1	1	UID1370903	1	1	0	0
1	1	UID1370907	1	1	0	0
1	1	UID1370908	1	1	0	0
1	1	UID1370912	1	1	0	0
1	1	UID1370914	1	1	0	0
1	1	UID1370915	1	1	0	0
1	1	UID1370917	1	1	0	0
1	1	UID1370923	1	1	0	0
1	1	UID1370926	1	1	0	0
1	1	UID1370930	1	1	0	0
3	3	UID1370931	1	3	2	2
1	1	UID1370940	1	1	0	0
1	1	UID1370949	1	1	0	0
1	1	UID1370954	1	1	0	0
1	1	UID1370957	1	1	0	0
1	1	UID1370958	1	1	0	0
1	1	UID1370960	1	1	0	0
1	1	UID1370961	1	1	0	0
1	1	UID1370962	1	1	0	0
1	1	UID1370963	1	1	0	0
1	1	UID1370964	1	1	0	0
1	1	UID1370965	1	1	0	0
1	1	UID1370966	1	1	0	0
1	1	UID1370967	1	1	0	0
1	1	UID1370968	1	1	0	0
1	1	UID1370969	1	1	0	0
1	1	UID1370971	1	1	0	0
1	1	UID1370972	1	1	0	0
1	1	UID1370982	1	1	0	0
1	1	UID1370984	1	1	0	0
1	1	UID1370986	1	1	0	0
1	1	UID1370997	1	1	0	0
1	1	UID1370998	1	1	0	0
1	1	UID1370999	1	1	0	0
1	1	UID1371001	1	1	0	0
1	1	UID1371004	1	1	0	0
1	1	UID1371011	1	1	0	0
1	1	UID1371012	1	1	0	0
1	1	UID1371019	1	1	0	0
1	1	UID1371020	1	1	0	0
1	1	UID1371022	1	1	0	0
1	1	UID1371023	1	1	0	0
1	1	UID1371030	1	1	0	0
1	1	UID1371031	1	1	0	0
1	1	UID1371034	1	1	0	0
1	1	UID1371043	1	1	0	0
1	1	UID1371055	1	1	0	0
1	1	UID1371056	1	1	0	0
1	1	UID1371062	1	1	0	0
1	1	UID1371063	1	1	0	0
1	1	UID1371068	1	1	0	0
1	1	UID1371070	1	1	0	0
1	1	UID1371071	1	1	0	0
1	1	UID1371078	1	1	0	0
1	1	UID1371081	1	1	0	0
1	1	UID1371092	1	1	0	0
1	1	UID1371094	1	1	0	0
1	1	UID1371095	1	1	0	0
1	1	UID1371096	1	1	0	0
1	1	UID1371099	1	1	0	0
1	1	UID1371100	1	1	0	0
1	1	UID1371101	1	1	0	0
1	1	UID1371106	1	1	0	0
1	1	UID1371114	1	1	0	0
1	1	UID1371118	1	1	0	0
1	1	UID1371129	1	1	0	0
1	1	UID1371151	1	1	0	0
1	1	UID1371153	1	1	0	0
1	1	UID1371156	1	1	0	0
1	1	UID1371158	1	1	0	0
1	1	UID1371161	1	1	0	0
1	1	UID1371163	1	1	0	0
1	1	UID1371165	1	1	0	0
1	1	UID1371167	1	1	0	0
1	1	UID1371168	1	1	0	0
1	1	UID1371179	1	1	0	0
1	1	UID1371183	1	1	0	0
1	1	UID1371184	1	1	0	0
1	1	UID1371185	1	1	0	0
1	1	UID1371186	1	1	0	0
2	2	UID1371195	1	2	1	1
1	1	UID1371200	1	1	0	0
1	1	UID1371201	1	1	0	0
1	1	UID1371210	1	1	0	0
1	1	UID1371213	1	1	0	0
1	1	UID1371216	1	1	0	0
1	1	UID1371217	1	1	0	0
1	1	UID1371218	1	1	0	0
1	1	UID1371221	1	1	0	0
1	1	UID1371224	1	1	0	0
1	1	UID1371225	1	1	0	0
6	6	UID1371231	1	6	2	2
1	1	UID1371236	1	1	0	0
1	1	UID1371237	1	1	0	0
1	1	UID1371239	1	1	0	0
1	1	UID1371240	1	1	0	0
1	1	UID1371241	1	1	0	0
1	1	UID1371242	1	1	0	0
4	4	UID1371246	1	4	2	2
1	1	UID1371249	1	1	0	0
1	1	UID1371250	1	1	0	0
1	1	UID1371251	1	1	0	0
1	1	UID1371252	1	1	0	0
1	1	UID1371253	1	1	0	0
1	1	UID1371254	1	1	0	0
1	1	UID1371257	1	1	0	0
1	1	UID1371258	1	1	0	0
1	1	UID1371268	1	1	0	0
1	1	UID1371270	1	1	0	0
1	1	UID1371275	1	1	0	0
1	1	UID1371279	1	1	0	0
1	1	UID1371280	1	1	0	0
1	1	UID1371281	1	1	0	0
1	1	UID1371285	1	1	0	0
1	1	UID1371287	1	1	0	0
1	1	UID1371288	1	1	0	0
1	1	UID1371294	1	1	0	0
1	1	UID1371297	1	1	0	0
1	1	UID1371299	1	1	0	0
1	1	UID1371309	1	1	0	0
1	1	UID1371316	1	1	0	0
1	1	UID1371326	1	1	0	0
1	1	UID1371332	1	1	0	0
1	1	UID1371333	1	1	0	0
1	1	UID1371337	1	1	0	0
1	1	UID1371343	1	1	0	0
1	1	UID1371345	1	1	0	0
1	1	UID1371346	1	1	0	0
1	1	UID1371350	1	1	0	0
1	1	UID1371353	1	1	0	0
1	1	UID1371361	1	1	0	0
1	1	UID1371364	1	1	0	0
1	1	UID1371367	1	1	0	0
1	1	UID1371368	1	1	0	0
1	1	UID1371371	1	1	0	0
1	1	UID1371373	1	1	0	0
1	1	UID1371375	1	1	0	0
1	1	UID1371377	1	1	0	0
1	1	UID1371383	1	1	0	0
1	1	UID1371386	1	1	0	0
1	1	UID1371392	1	1	0	0
1	1	UID1371394	1	1	0	0
1	1	UID1371405	1	1	0	0
1	1	UID1371409	1	1	0	0
1	1	UID1371413	1	1	0	0
1	1	UID1371419	1	1	0	0
1	1	UID1371425	1	1	0	0
1	1	UID1371428	1	1	0	0
1	1	UID1371434	1	1	0	0
1	1	UID1371435	1	1	0	0
1	1	UID1371437	1	1	0	0
1	1	UID1371438	1	1	0	0
1	1	UID1371452	1	1	0	0
1	1	UID1371465	1	1	0	0
1	1	UID1371466	1	1	0	0
1	1	UID1371469	1	1	0	0
1	1	UID1371470	1	1	0	0
1	1	UID1371471	1	1	0	0
1	1	UID1371473	1	1	0	0
1	1	UID1371477	1	1	0	0
1	1	UID1371479	1	1	0	0
1	1	UID1371481	1	1	0	0
1	1	UID1371482	1	1	0	0
1	1	UID1371483	1	1	0	0
1	1	UID1371484	1	1	0	0
1	1	UID1371486	1	1	0	0
1	1	UID1371487	1	1	0	0
1	1	UID1371496	1	1	0	0
1	1	UID1371498	1	1	0	0
1	1	UID1371501	1	1	0	0
1	1	UID1371508	1	1	0	0
1	1	UID1371510	1	1	0	0
1	1	UID1371512	1	1	0	0
1	1	UID1371513	1	1	0	0
1	1	UID1371516	1	1	0	0
1	1	UID1371523	1	1	0	0
1	1	UID1371527	1	1	0	0
1	1	UID1371528	1	1	0	0
1	1	UID1371529	1	1	0	0
1	1	UID1371531	1	1	0	0
1	1	UID1371533	1	1	0	0
1	1	UID1371549	1	1	0	0
1	1	UID1371552	1	1	0	0
1	1	UID1371555	1	1	0	0
1	1	UID1371558	1	1	0	0
1	1	UID1371562	1	1	0	0
1	1	UID1371563	1	1	0	0
1	1	UID1371565	1	1	0	0
1	1	UID1371566	1	1	0	0
1	1	UID1371569	1	1	0	0
1	1	UID1371570	1	1	0	0
1	1	UID1371574	1	1	0	0
1	1	UID1371575	1	1	0	0
1	1	UID1371579	1	1	0	0
1	1	UID1371580	1	1	0	0
1	1	UID1371582	1	1	0	0
1	1	UID1371591	1	1	0	0
1	1	UID1371604	1	1	0	0
1	1	UID1371605	1	1	0	0
1	1	UID1371606	1	1	0	0
1	1	UID1371607	1	1	0	0
1	1	UID1371609	1	1	0	0
1	1	UID1371610	1	1	0	0
1	1	UID1371611	1	1	0	0
1	1	UID1371618	1	1	0	0
1	1	UID1371619	1	1	0	0
1	1	UID1371622	1	1	0	0
1	1	UID1371631	1	1	0	0
1	1	UID1371632	1	1	0	0
1	1	UID1371637	1	1	0	0
1	1	UID1371638	1	1	0	0
1	1	UID1371641	1	1	0	0
1	1	UID1371648	1	1	0	0
1	1	UID1371650	1	1	0	0
1	1	UID1371659	1	1	0	0
1	1	UID1371661	1	1	0	0
1	1	UID1371666	1	1	0	0
1	1	UID1371667	1	1	0	0
1	1	UID1371668	1	1	0	0
1	1	UID1371669	1	1	0	0
1	1	UID1371671	1	1	0	0
1	1	UID1371679	1	1	0	0
1	1	UID1371683	1	1	0	0
1	1	UID1371684	1	1	0	0
1	1	UID1371694	1	1	0	0
1	1	UID1371695	1	1	0	0
1	1	UID1371698	1	1	0	0
1	1	UID1371706	1	1	0	0
1	1	UID1371707	1	1	0	0
1	1	UID1371710	1	1	0	0
1	1	UID1371713	1	1	0	0
1	1	UID1371714	1	1	0	0
1	1	UID1371715	1	1	0	0
1	1	UID1371724	1	1	0	0
1	1	UID1371729	1	1	0	0
1	1	UID1371733	1	1	0	0
1	1	UID1371743	1	1	0	0
1	1	UID1371744	1	1	0	0
1	1	UID1371747	1	1	0	0
1	1	UID1371749	1	1	0	0
1	1	UID1371750	1	1	0	0
1	1	UID1371751	1	1	0	0
1	1	UID1371758	1	1	0	0
1	1	UID1371760	1	1	0	0
1	1	UID1371761	1	1	0	0
1	1	UID1371762	1	1	0	0
1	1	UID1371764	1	1	0	0
1	1	UID1371765	1	1	0	0
1	1	UID1371773	1	1	0	0
1	1	UID1371774	1	1	0	0
2	2	UID1371781	1	2	1	1
1	1	UID1371782	1	1	0	0
1	1	UID1371783	1	1	0	0
1	1	UID1371784	1	1	0	0
1	1	UID1371804	1	1	0	0
1	1	UID1371806	1	1	0	0
1	1	UID1371812	1	1	0	0
1	1	UID1371814	1	1	0	0
1	1	UID1371817	1	1	0	0
1	1	UID1371818	1	1	0	0
1	1	UID1371819	1	1	0	0
1	1	UID1371827	1	1	0	0
1	1	UID1371828	1	1	0	0
1	1	UID1371829	1	1	0	0
1	1	UID1371836	1	1	0	0
1	1	UID1371839	1	1	0	0
1	1	UID1371845	1	1	0	0
1	1	UID1371850	1	1	0	0
1	1	UID1371855	1	1	0	0
1	1	UID1371856	1	1	0	0
1	1	UID1371861	1	1	0	0
1	1	UID1371862	1	1	0	0
1	1	UID1371864	1	1	0	0
1	1	UID1371865	1	1	0	0
1	1	UID1371866	1	1	0	0
1	1	UID1371871	1	1	0	0
1	1	UID1371872	1	1	0	0
1	1	UID1371876	1	1	0	0
1	1	UID1371877	1	1	0	0
1	1	UID1371880	1	1	0	0
1	1	UID1371885	1	1	0	0
1	1	UID1371893	1	1	0	0
1	1	UID1371899	1	1	0	0
1	1	UID1371902	1	1	0	0
1	1	UID1371907	1	1	0	0
1	1	UID1371909	1	1	0	0
1	1	UID1371915	1	1	0	0
1	1	UID1371916	1	1	0	0
1	1	UID1371919	1	1	0	0
1	1	UID1371933	1	1	0	0
1	1	UID1371935	1	1	0	0
1	1	UID1371938	1	1	0	0
1	1	UID1371948	1	1	0	0
1	1	UID1371952	1	1	0	0
1	1	UID1371953	1	1	0	0
1	1	UID1371957	1	1	0	0
1	1	UID1371962	1	1	0	0
1	1	UID1371977	1	1	0	0
1	1	UID1371984	1	1	0	0
1	1	UID1371985	1	1	0	0
1	1	UID1371993	1	1	0	0
1	1	UID1371994	1	1	0	0
1	1	UID1371996	1	1	0	0
1	1	UID140943	1	1	0	0
1	1	UID142085	1	1	0	0
1	1	UID142135	1	1	0	0
1	1	UID143128	1	1	0	0
2	2	UID1460	1	2	1	1
1	1	UID152525	1	1	0	0
1	1	UID167170	1	1	0	0
1	1	UID171588	1	1	0	0
1	1	UID177278	1	1	0	0
2	2	UID188485	1	2	1	1
1	1	UID191230	1	1	0	0
1	1	UID192193	1	1	0	0
1	1	UID202242	1	1	0	0
1	1	UID202840	1	1	0	0
1	1	UID208014	1	1	0	0
1	1	UID211638	1	1	0	0
1	1	UID238540	1	1	0	0
1	1	UID269	1	1	0	0
1	1	UID292304	1	1	0	0
1	1	UID292336	1	1	0	0
1	1	UID32595	1	1	0	0
4	4	UID350941	1	4	2	2
1	1	UID48429	1	1	0	0
1	1	UID48519	1	1	0	0
1	1	UID48689	1	1	0	0
1	1	UID60626	1	1	0	0
1	1	UID687645	1	1	0	0
1	1	UID68	1	1	0	0
1	1	UID695027	1	1	0	0
1	1	UID75217	1	1	0	0
1	1	UID76059	1	1	0	0
1	1	UID804185	1	1	0	0
1	1	UID804371	1	1	0	0
1	1	UID835722	1	1	0	0
1	1	UID842799	1	1	0	0
1	1	UID90479	1	1	0	0
1	1	UID957154	1	1	0	0
