1525	5186	UID1	1872	1221	10	10
1118	3124	UID554	1284	875	4	4
1071	3142	UID2	1016	855	5	5
556	1145	UID37603	383	469	4	4
454	1016	UID202840	316	386	4	4
352	686	UID167374	233	312	4	4
193	465	UID1032	200	160	3	3
250	519	UID167247	185	221	4	4
206	437	UID37701	178	180	4	4
156	391	UID807171	151	136	3	3
78	170	UID823540	79	71	2	2
70	154	UID205302	56	62	3	3
56	112	UID1242255	55	53	4	4
53	107	UID27093	50	47	3	3
68	123	UID310	50	62	2	2
101	178	UID1422	46	96	3	3
70	127	UID653	43	62	3	3
103	161	UID37617	41	95	3	3
74	136	UID553	40	65	3	3
49	98	UID384	39	42	2	2
65	114	UID7613	36	59	4	4
74	114	UID1151331	33	68	2	2
37	80	UID7538	31	32	3	3
23	52	UID1151329	30	22	3	3
35	66	UID85	30	32	2	2
31	77	UID1380495	28	25	2	2
33	62	UID412	28	30	4	4
38	77	UID496	25	33	3	3
27	51	UID7531	23	24	2	2
13	35	UID1242203	22	11	2	2
20	40	UID18	20	18	1	1
41	58	UID132701	18	40	3	3
37	58	UID154417	18	34	3	3
49	72	UID61312	18	44	3	3
24	53	UID1380497	17	21	3	3
35	53	UID22	17	33	2	2
71	104	UID61275	16	63	3	3
15	32	UID1380498	14	13	2	2
10	26	UID37287	14	8	2	2
20	35	UID558	14	18	2	2
21	38	UID9771	14	18	2	2
16	28	UID154589	13	15	2	2
14	26	UID194955	13	13	1	1
13	25	UID703336	12	11	3	3
18	28	UID117214	11	17	2	2
13	22	UID607	10	12	2	2
16	24	UID1380501	9	15	3	3
11	20	UID228	9	9	2	2
11	18	UID189	8	10	1	1
15	22	UID61323	8	14	1	1
9	16	UID62669	8	8	1	1
11	18	UID99	8	10	1	1
8	14	UID115	7	7	1	1
3	9	UID122	7	2	1	1
7	13	UID1268981	7	6	2	2
1	7	UID1380504	7	0	0	0
8	14	UID196	7	7	1	1
8	16	UID214074	7	6	2	2
4	10	UID293	7	3	1	1
9	16	UID29	7	7	2	2
9	16	UID49009	7	7	1	1
8	13	UID146	6	7	2	2
10	16	UID182	6	8	2	2
3	8	UID327	6	2	1	1
4	8	UID1159984	5	3	1	1
3	7	UID1244532	5	2	1	1
5	9	UID180	5	4	1	1
8	12	UID303	5	7	1	1
2	6	UID807172	5	1	1	1
4	8	UID808929	5	3	1	1
2	6	UID928	5	1	0	0
2	6	UID964481	5	1	1	1
7	10	UID108	4	6	1	1
6	9	UID1207218	4	5	2	2
6	11	UID1250935	4	4	3	3
8	11	UID131	4	7	1	1
17	21	UID161477	4	15	4	4
4	7	UID27542	4	3	1	1
7	10	UID49650	4	6	2	2
5	8	UID522	4	4	1	1
4	7	UID609	4	3	1	1
20	24	UID72	4	18	3	3
5	8	UID837	4	4	1	1
3	6	UID933775	4	2	1	1
6	8	UID1252149	3	5	1	1
4	6	UID1328	3	3	1	1
2	4	UID1380540	3	1	1	1
3	5	UID1380541	3	2	1	1
3	5	UID1380542	3	2	1	1
7	9	UID1380544	3	6	3	3
2	4	UID1380549	3	1	1	1
5	7	UID1380568	3	4	1	1
10	15	UID1454	3	7	2	2
6	8	UID207	3	5	1	1
5	7	UID394	3	4	1	1
4	6	UID42708	3	3	0	0
11	14	UID695562	3	9	2	2
3	5	UID734	3	2	1	1
3	5	UID74690	3	2	1	1
5	7	UID8870	3	4	1	1
2	3	UID1015031	2	1	1	1
3	4	UID1142	2	2	1	1
5	7	UID1151187	2	3	1	1
5	6	UID1251538	2	4	2	2
6	8	UID1296853	2	4	1	1
2	3	UID135079	2	1	1	1
3	4	UID1366309	2	2	1	1
9	11	UID1380583	2	7	2	2
3	4	UID1380589	2	2	1	1
3	4	UID1380620	2	2	1	1
2	3	UID1380647	2	1	1	1
4	5	UID1380650	2	3	1	1
3	5	UID1380651	2	1	1	1
3	4	UID1380662	2	2	2	2
2	3	UID1380696	2	1	1	1
6	8	UID1380709	2	4	2	2
2	3	UID1380748	2	1	1	1
7	8	UID1455	2	6	2	2
11	12	UID1534	2	10	2	2
11	12	UID157	2	10	2	2
5	6	UID158	2	4	2	2
12	13	UID159415	2	11	2	2
10	11	UID184254	2	9	1	1
6	7	UID208	2	5	1	1
5	6	UID221	2	4	1	1
4	5	UID294	2	3	1	1
7	8	UID441	2	6	1	1
3	4	UID460	2	2	1	1
1	2	UID48428	2	0	0	0
3	4	UID48573	2	2	1	1
2	3	UID53121	2	1	1	1
1	2	UID567920	2	0	0	0
2	3	UID580	2	1	1	1
9	10	UID59958	2	8	2	2
7	8	UID60720	2	6	2	2
6	7	UID608	2	5	1	1
10	11	UID703506	2	9	1	1
2	3	UID703	2	1	1	1
6	7	UID77	2	5	1	1
2	3	UID823938	2	1	1	1
1	2	UID823953	2	0	0	0
3	4	UID965405	2	2	2	2
8	9	UID973292	2	7	1	1
1	1	UID1008989	1	1	0	0
1	1	UID1013050	1	1	0	0
1	1	UID1042646	1	1	0	0
4	4	UID1136012	1	4	2	2
4	4	UID1139	1	4	1	1
1	1	UID114370	1	1	0	0
1	1	UID114376	1	1	0	0
1	1	UID1151332	1	1	0	0
5	5	UID1206408	1	5	1	1
3	3	UID1207486	1	3	1	1
4	4	UID127	1	4	1	1
4	4	UID1294272	1	4	2	2
4	4	UID1297166	1	4	1	1
1	1	UID1367956	1	1	0	0
1	1	UID1380757	1	1	0	0
1	1	UID1380759	1	1	0	0
1	1	UID1380762	1	1	0	0
1	1	UID1380765	1	1	0	0
1	1	UID1380768	1	1	0	0
1	1	UID1380771	1	1	0	0
1	1	UID1380777	1	1	0	0
1	1	UID1380784	1	1	0	0
1	1	UID1380788	1	1	0	0
1	1	UID1380791	1	1	0	0
1	1	UID1380792	1	1	0	0
1	1	UID1380793	1	1	0	0
1	1	UID1380804	1	1	0	0
6	6	UID1380808	1	6	4	4
1	1	UID1380809	1	1	0	0
1	1	UID1380810	1	1	0	0
1	1	UID1380821	1	1	0	0
1	1	UID1380831	1	1	0	0
1	1	UID1380835	1	1	0	0
1	1	UID1380838	1	1	0	0
1	1	UID1380841	1	1	0	0
1	1	UID1380842	1	1	0	0
1	1	UID1380845	1	1	0	0
1	1	UID1380850	1	1	0	0
1	1	UID1380856	1	1	0	0
1	1	UID1380859	1	1	0	0
1	1	UID1380860	1	1	0	0
1	1	UID1380863	1	1	0	0
1	1	UID1380864	1	1	0	0
1	1	UID1380866	1	1	0	0
1	1	UID1380869	1	1	0	0
1	1	UID1380877	1	1	0	0
1	1	UID1380884	1	1	0	0
1	1	UID1380890	1	1	0	0
1	1	UID1380895	1	1	0	0
1	1	UID1380901	1	1	0	0
1	1	UID1380903	1	1	0	0
1	1	UID1380904	1	1	0	0
1	1	UID1380906	1	1	0	0
1	1	UID1380913	1	1	0	0
1	1	UID1380914	1	1	0	0
1	1	UID1380915	1	1	0	0
1	1	UID1380916	1	1	0	0
1	1	UID1380918	1	1	0	0
1	1	UID1380921	1	1	0	0
1	1	UID1380925	1	1	0	0
1	1	UID1380931	1	1	0	0
1	1	UID1380939	1	1	0	0
1	1	UID1380940	1	1	0	0
1	1	UID1380944	1	1	0	0
1	1	UID1380946	1	1	0	0
1	1	UID1380947	1	1	0	0
1	1	UID1380951	1	1	0	0
1	1	UID1380956	1	1	0	0
1	1	UID1380963	1	1	0	0
1	1	UID1380969	1	1	0	0
1	1	UID1380970	1	1	0	0
1	1	UID1380975	1	1	0	0
1	1	UID1380979	1	1	0	0
1	1	UID1380986	1	1	0	0
1	1	UID1380988	1	1	0	0
1	1	UID1380990	1	1	0	0
1	1	UID1380997	1	1	0	0
1	1	UID1381005	1	1	0	0
1	1	UID1381007	1	1	0	0
1	1	UID1381008	1	1	0	0
1	1	UID1381014	1	1	0	0
1	1	UID1381021	1	1	0	0
1	1	UID1381023	1	1	0	0
1	1	UID1381028	1	1	0	0
1	1	UID1381029	1	1	0	0
3	3	UID1381033	1	3	2	2
1	1	UID1381034	1	1	0	0
1	1	UID1381036	1	1	0	0
1	1	UID1381037	1	1	0	0
1	1	UID1381038	1	1	0	0
1	1	UID1381040	1	1	0	0
1	1	UID1381044	1	1	0	0
1	1	UID1381045	1	1	0	0
1	1	UID1381051	1	1	0	0
1	1	UID1381056	1	1	0	0
1	1	UID1381067	1	1	0	0
1	1	UID1381068	1	1	0	0
1	1	UID1381069	1	1	0	0
1	1	UID1381073	1	1	0	0
1	1	UID1381075	1	1	0	0
1	1	UID1381081	1	1	0	0
1	1	UID1381082	1	1	0	0
1	1	UID1381086	1	1	0	0
1	1	UID1381087	1	1	0	0
1	1	UID1381089	1	1	0	0
1	1	UID1381106	1	1	0	0
1	1	UID1381107	1	1	0	0
1	1	UID1381112	1	1	0	0
1	1	UID1381133	1	1	0	0
1	1	UID1381136	1	1	0	0
1	1	UID1381143	1	1	0	0
1	1	UID1381144	1	1	0	0
1	1	UID1381148	1	1	0	0
1	1	UID1381152	1	1	0	0
1	1	UID1381160	1	1	0	0
1	1	UID1381161	1	1	0	0
1	1	UID1381169	1	1	0	0
1	1	UID1381170	1	1	0	0
1	1	UID1381171	1	1	0	0
1	1	UID1381173	1	1	0	0
1	1	UID1381179	1	1	0	0
1	1	UID1381182	1	1	0	0
1	1	UID1381188	1	1	0	0
1	1	UID1381189	1	1	0	0
1	1	UID1381191	1	1	0	0
1	1	UID1381193	1	1	0	0
1	1	UID1381194	1	1	0	0
1	1	UID1381195	1	1	0	0
1	1	UID1381196	1	1	0	0
1	1	UID1381206	1	1	0	0
1	1	UID1381209	1	1	0	0
1	1	UID1381211	1	1	0	0
1	1	UID1381229	1	1	0	0
1	1	UID1381231	1	1	0	0
1	1	UID1381232	1	1	0	0
1	1	UID1381243	1	1	0	0
1	1	UID1381250	1	1	0	0
4	4	UID1381255	1	4	2	2
1	1	UID1381300	1	1	0	0
1	1	UID1381303	1	1	0	0
1	1	UID1381309	1	1	0	0
1	1	UID1381320	1	1	0	0
1	1	UID1381328	1	1	0	0
1	1	UID1381329	1	1	0	0
1	1	UID1381330	1	1	0	0
1	1	UID1381332	1	1	0	0
1	1	UID1381334	1	1	0	0
1	1	UID1381336	1	1	0	0
1	1	UID1381342	1	1	0	0
1	1	UID1381345	1	1	0	0
1	1	UID1381346	1	1	0	0
1	1	UID1381353	1	1	0	0
1	1	UID1381366	1	1	0	0
1	1	UID1381382	1	1	0	0
1	1	UID1381387	1	1	0	0
1	1	UID1381396	1	1	0	0
1	1	UID1381404	1	1	0	0
1	1	UID1381412	1	1	0	0
1	1	UID1381433	1	1	0	0
1	1	UID1381438	1	1	0	0
1	1	UID1381447	1	1	0	0
1	1	UID1381458	1	1	0	0
1	1	UID1381462	1	1	0	0
1	1	UID1381466	1	1	0	0
1	1	UID1381471	1	1	0	0
1	1	UID1381472	1	1	0	0
1	1	UID1381475	1	1	0	0
1	1	UID1381480	1	1	0	0
1	1	UID1381498	1	1	0	0
1	1	UID1381504	1	1	0	0
1	1	UID1381513	1	1	0	0
1	1	UID1381522	1	1	0	0
1	1	UID1381526	1	1	0	0
1	1	UID1381527	1	1	0	0
1	1	UID1381533	1	1	0	0
1	1	UID1381536	1	1	0	0
1	1	UID1381552	1	1	0	0
1	1	UID1381585	1	1	0	0
1	1	UID1381662	1	1	0	0
1	1	UID1381665	1	1	0	0
1	1	UID1381668	1	1	0	0
1	1	UID1381676	1	1	0	0
1	1	UID1381677	1	1	0	0
1	1	UID1381678	1	1	0	0
1	1	UID1381679	1	1	0	0
1	1	UID1381683	1	1	0	0
1	1	UID1381686	1	1	0	0
1	1	UID1381689	1	1	0	0
1	1	UID1381692	1	1	0	0
1	1	UID1381693	1	1	0	0
1	1	UID1381701	1	1	0	0
1	1	UID1381709	1	1	0	0
1	1	UID1381711	1	1	0	0
1	1	UID1381722	1	1	0	0
3	3	UID1381724	1	3	2	2
1	1	UID1381732	1	1	0	0
1	1	UID1381733	1	1	0	0
1	1	UID1381735	1	1	0	0
1	1	UID1381736	1	1	0	0
1	1	UID1381739	1	1	0	0
1	1	UID1381747	1	1	0	0
1	1	UID1381775	1	1	0	0
1	1	UID1381776	1	1	0	0
1	1	UID1381784	1	1	0	0
1	1	UID1381786	1	1	0	0
1	1	UID1381789	1	1	0	0
1	1	UID1381793	1	1	0	0
1	1	UID1381797	1	1	0	0
1	1	UID1381799	1	1	0	0
1	1	UID1381800	1	1	0	0
1	1	UID1381813	1	1	0	0
1	1	UID1381819	1	1	0	0
1	1	UID1381822	1	1	0	0
1	1	UID1381833	1	1	0	0
1	1	UID1381866	1	1	0	0
1	1	UID1381883	1	1	0	0
1	1	UID1381897	1	1	0	0
1	1	UID1381898	1	1	0	0
1	1	UID1381900	1	1	0	0
1	1	UID1381903	1	1	0	0
1	1	UID1381907	1	1	0	0
1	1	UID1381908	1	1	0	0
1	1	UID1381911	1	1	0	0
1	1	UID1381913	1	1	0	0
1	1	UID1381918	1	1	0	0
1	1	UID1381921	1	1	0	0
1	1	UID1381923	1	1	0	0
1	1	UID1381950	1	1	0	0
1	1	UID1381958	1	1	0	0
1	1	UID1381962	1	1	0	0
1	1	UID1381963	1	1	0	0
1	1	UID1381964	1	1	0	0
1	1	UID1381967	1	1	0	0
1	1	UID1381972	1	1	0	0
1	1	UID1381975	1	1	0	0
1	1	UID1381986	1	1	0	0
1	1	UID1381987	1	1	0	0
1	1	UID1381994	1	1	0	0
1	1	UID1382003	1	1	0	0
1	1	UID1382007	1	1	0	0
1	1	UID1382013	1	1	0	0
1	1	UID1382014	1	1	0	0
1	1	UID1382017	1	1	0	0
1	1	UID1382018	1	1	0	0
1	1	UID1382019	1	1	0	0
1	1	UID1382021	1	1	0	0
1	1	UID1382023	1	1	0	0
1	1	UID1382038	1	1	0	0
1	1	UID1382040	1	1	0	0
1	1	UID1382047	1	1	0	0
1	1	UID1382048	1	1	0	0
1	1	UID1382052	1	1	0	0
1	1	UID1382054	1	1	0	0
1	1	UID1382061	1	1	0	0
1	1	UID1382067	1	1	0	0
1	1	UID1382069	1	1	0	0
1	1	UID1382074	1	1	0	0
1	1	UID1382077	1	1	0	0
1	1	UID1382079	1	1	0	0
1	1	UID1382083	1	1	0	0
1	1	UID1382085	1	1	0	0
1	1	UID1382087	1	1	0	0
1	1	UID1382090	1	1	0	0
1	1	UID1382091	1	1	0	0
1	1	UID1382093	1	1	0	0
1	1	UID1382094	1	1	0	0
1	1	UID1382103	1	1	0	0
1	1	UID1382104	1	1	0	0
1	1	UID1382107	1	1	0	0
4	4	UID1382108	1	4	1	1
1	1	UID1382109	1	1	0	0
1	1	UID1382111	1	1	0	0
1	1	UID1382123	1	1	0	0
1	1	UID1382124	1	1	0	0
1	1	UID1382129	1	1	0	0
1	1	UID1382137	1	1	0	0
1	1	UID1382146	1	1	0	0
1	1	UID1382147	1	1	0	0
1	1	UID1382149	1	1	0	0
1	1	UID1382150	1	1	0	0
1	1	UID1382152	1	1	0	0
1	1	UID1382157	1	1	0	0
1	1	UID1382158	1	1	0	0
1	1	UID1382162	1	1	0	0
1	1	UID1382165	1	1	0	0
1	1	UID1382192	1	1	0	0
1	1	UID1382206	1	1	0	0
1	1	UID1382207	1	1	0	0
1	1	UID1382212	1	1	0	0
1	1	UID1382217	1	1	0	0
1	1	UID1382218	1	1	0	0
1	1	UID1382221	1	1	0	0
1	1	UID1382223	1	1	0	0
1	1	UID1382226	1	1	0	0
1	1	UID1382231	1	1	0	0
1	1	UID1382238	1	1	0	0
1	1	UID1382243	1	1	0	0
1	1	UID1382245	1	1	0	0
1	1	UID1382246	1	1	0	0
1	1	UID1382250	1	1	0	0
1	1	UID1382251	1	1	0	0
1	1	UID1382252	1	1	0	0
1	1	UID1382253	1	1	0	0
1	1	UID1382254	1	1	0	0
1	1	UID1382255	1	1	0	0
1	1	UID1382262	1	1	0	0
1	1	UID1382266	1	1	0	0
1	1	UID1382269	1	1	0	0
1	1	UID1382273	1	1	0	0
1	1	UID1382276	1	1	0	0
1	1	UID1382279	1	1	0	0
1	1	UID1382280	1	1	0	0
1	1	UID1382282	1	1	0	0
1	1	UID1382283	1	1	0	0
1	1	UID1382284	1	1	0	0
1	1	UID1382286	1	1	0	0
1	1	UID1382290	1	1	0	0
1	1	UID1382296	1	1	0	0
1	1	UID1382303	1	1	0	0
1	1	UID1382305	1	1	0	0
1	1	UID1382308	1	1	0	0
1	1	UID1382309	1	1	0	0
1	1	UID1382310	1	1	0	0
1	1	UID1382312	1	1	0	0
1	1	UID1382313	1	1	0	0
1	1	UID1382314	1	1	0	0
1	1	UID1382315	1	1	0	0
1	1	UID1382316	1	1	0	0
1	1	UID1382319	1	1	0	0
1	1	UID1382320	1	1	0	0
1	1	UID1382332	1	1	0	0
1	1	UID1382333	1	1	0	0
1	1	UID1382337	1	1	0	0
1	1	UID1382338	1	1	0	0
1	1	UID1382339	1	1	0	0
1	1	UID1382340	1	1	0	0
1	1	UID1382346	1	1	0	0
1	1	UID1382347	1	1	0	0
1	1	UID1382349	1	1	0	0
1	1	UID1382350	1	1	0	0
1	1	UID1382351	1	1	0	0
1	1	UID1382364	1	1	0	0
1	1	UID1382369	1	1	0	0
1	1	UID1382377	1	1	0	0
1	1	UID1382399	1	1	0	0
1	1	UID1382400	1	1	0	0
1	1	UID1382401	1	1	0	0
1	1	UID1382406	1	1	0	0
1	1	UID1382484	1	1	0	0
1	1	UID1382486	1	1	0	0
1	1	UID1382488	1	1	0	0
1	1	UID1382490	1	1	0	0
1	1	UID1382491	1	1	0	0
1	1	UID1382509	1	1	0	0
1	1	UID1382515	1	1	0	0
1	1	UID1382516	1	1	0	0
1	1	UID1382522	1	1	0	0
1	1	UID1382526	1	1	0	0
1	1	UID1382536	1	1	0	0
1	1	UID1382543	1	1	0	0
1	1	UID1382546	1	1	0	0
1	1	UID1382547	1	1	0	0
1	1	UID1382549	1	1	0	0
1	1	UID1382555	1	1	0	0
1	1	UID1382556	1	1	0	0
1	1	UID1382557	1	1	0	0
1	1	UID1382569	1	1	0	0
1	1	UID1382575	1	1	0	0
1	1	UID1382576	1	1	0	0
1	1	UID1382588	1	1	0	0
1	1	UID1382589	1	1	0	0
1	1	UID1382593	1	1	0	0
1	1	UID1382596	1	1	0	0
1	1	UID1382599	1	1	0	0
1	1	UID1382612	1	1	0	0
1	1	UID1382622	1	1	0	0
1	1	UID1382623	1	1	0	0
1	1	UID1382628	1	1	0	0
1	1	UID1382629	1	1	0	0
1	1	UID1382630	1	1	0	0
2	2	UID1382631	1	2	1	1
1	1	UID1382633	1	1	0	0
1	1	UID1382637	1	1	0	0
1	1	UID1382638	1	1	0	0
1	1	UID1382639	1	1	0	0
1	1	UID1382641	1	1	0	0
1	1	UID1382652	1	1	0	0
1	1	UID1382653	1	1	0	0
1	1	UID1382659	1	1	0	0
1	1	UID1382660	1	1	0	0
1	1	UID1382663	1	1	0	0
1	1	UID1382664	1	1	0	0
1	1	UID1382666	1	1	0	0
1	1	UID1382667	1	1	0	0
1	1	UID1382668	1	1	0	0
1	1	UID1382674	1	1	0	0
1	1	UID1382676	1	1	0	0
1	1	UID1382679	1	1	0	0
1	1	UID1382680	1	1	0	0
1	1	UID1382682	1	1	0	0
1	1	UID1382684	1	1	0	0
1	1	UID1382685	1	1	0	0
1	1	UID1382690	1	1	0	0
1	1	UID1382691	1	1	0	0
1	1	UID1382696	1	1	0	0
1	1	UID1382697	1	1	0	0
1	1	UID1382698	1	1	0	0
1	1	UID1382699	1	1	0	0
1	1	UID1382703	1	1	0	0
1	1	UID1382704	1	1	0	0
1	1	UID1382706	1	1	0	0
1	1	UID1382707	1	1	0	0
1	1	UID1382714	1	1	0	0
1	1	UID1382718	1	1	0	0
1	1	UID1382722	1	1	0	0
1	1	UID1382726	1	1	0	0
1	1	UID1382728	1	1	0	0
1	1	UID1382738	1	1	0	0
1	1	UID1382744	1	1	0	0
1	1	UID1382747	1	1	0	0
1	1	UID1382748	1	1	0	0
1	1	UID1382753	1	1	0	0
1	1	UID1382757	1	1	0	0
1	1	UID1382758	1	1	0	0
1	1	UID1382759	1	1	0	0
1	1	UID1382760	1	1	0	0
1	1	UID1382762	1	1	0	0
1	1	UID1382764	1	1	0	0
1	1	UID1382766	1	1	0	0
1	1	UID1382767	1	1	0	0
1	1	UID1382777	1	1	0	0
1	1	UID1382778	1	1	0	0
1	1	UID1382779	1	1	0	0
1	1	UID1382792	1	1	0	0
1	1	UID1382793	1	1	0	0
1	1	UID1382797	1	1	0	0
1	1	UID1382798	1	1	0	0
1	1	UID1382799	1	1	0	0
1	1	UID1382802	1	1	0	0
1	1	UID1382804	1	1	0	0
1	1	UID1382806	1	1	0	0
1	1	UID1382808	1	1	0	0
1	1	UID1382819	1	1	0	0
1	1	UID1382824	1	1	0	0
1	1	UID1382838	1	1	0	0
1	1	UID1382840	1	1	0	0
1	1	UID1382843	1	1	0	0
1	1	UID1382846	1	1	0	0
1	1	UID1382853	1	1	0	0
1	1	UID1382860	1	1	0	0
1	1	UID1382861	1	1	0	0
1	1	UID1382862	1	1	0	0
1	1	UID1382866	1	1	0	0
1	1	UID1382868	1	1	0	0
1	1	UID1382872	1	1	0	0
1	1	UID1382874	1	1	0	0
1	1	UID1382878	1	1	0	0
1	1	UID1382881	1	1	0	0
1	1	UID1382885	1	1	0	0
1	1	UID1382886	1	1	0	0
1	1	UID1382892	1	1	0	0
1	1	UID1382893	1	1	0	0
1	1	UID1382898	1	1	0	0
1	1	UID1382900	1	1	0	0
1	1	UID1382903	1	1	0	0
1	1	UID1382906	1	1	0	0
1	1	UID1382909	1	1	0	0
1	1	UID1382910	1	1	0	0
1	1	UID1382912	1	1	0	0
1	1	UID1382916	1	1	0	0
1	1	UID1382917	1	1	0	0
1	1	UID1382919	1	1	0	0
1	1	UID1382920	1	1	0	0
1	1	UID1382921	1	1	0	0
1	1	UID1382923	1	1	0	0
1	1	UID1382924	1	1	0	0
1	1	UID1382925	1	1	0	0
1	1	UID1382932	1	1	0	0
1	1	UID1382935	1	1	0	0
1	1	UID1382937	1	1	0	0
1	1	UID1382948	1	1	0	0
1	1	UID1382956	1	1	0	0
1	1	UID1382962	1	1	0	0
1	1	UID1382966	1	1	0	0
1	1	UID1382970	1	1	0	0
1	1	UID1382975	1	1	0	0
1	1	UID1382997	1	1	0	0
1	1	UID1382998	1	1	0	0
1	1	UID1382999	1	1	0	0
1	1	UID1383001	1	1	0	0
1	1	UID1383010	1	1	0	0
1	1	UID1383013	1	1	0	0
1	1	UID1383020	1	1	0	0
1	1	UID1383032	1	1	0	0
1	1	UID1383033	1	1	0	0
1	1	UID1383065	1	1	0	0
1	1	UID1383082	1	1	0	0
1	1	UID1383091	1	1	0	0
1	1	UID1383095	1	1	0	0
1	1	UID1383105	1	1	0	0
1	1	UID1383111	1	1	0	0
1	1	UID1383114	1	1	0	0
1	1	UID1383119	1	1	0	0
1	1	UID1383121	1	1	0	0
1	1	UID1383127	1	1	0	0
1	1	UID1383132	1	1	0	0
1	1	UID1383135	1	1	0	0
1	1	UID1383136	1	1	0	0
1	1	UID1383146	1	1	0	0
1	1	UID1383147	1	1	0	0
1	1	UID1383148	1	1	0	0
1	1	UID1383150	1	1	0	0
1	1	UID1383158	1	1	0	0
1	1	UID1383159	1	1	0	0
1	1	UID1383165	1	1	0	0
1	1	UID1383167	1	1	0	0
1	1	UID1383170	1	1	0	0
1	1	UID1383174	1	1	0	0
1	1	UID1383176	1	1	0	0
1	1	UID1383181	1	1	0	0
1	1	UID1383190	1	1	0	0
1	1	UID1383192	1	1	0	0
1	1	UID1383195	1	1	0	0
1	1	UID1383214	1	1	0	0
1	1	UID1383228	1	1	0	0
1	1	UID1383229	1	1	0	0
1	1	UID1383233	1	1	0	0
1	1	UID1383234	1	1	0	0
1	1	UID1383238	1	1	0	0
1	1	UID1383241	1	1	0	0
1	1	UID1383251	1	1	0	0
1	1	UID1383253	1	1	0	0
1	1	UID1383255	1	1	0	0
1	1	UID1383258	1	1	0	0
1	1	UID1383259	1	1	0	0
1	1	UID1383263	1	1	0	0
1	1	UID1383264	1	1	0	0
1	1	UID1383265	1	1	0	0
1	1	UID1383278	1	1	0	0
1	1	UID1383279	1	1	0	0
1	1	UID1383280	1	1	0	0
1	1	UID1383282	1	1	0	0
1	1	UID1383293	1	1	0	0
1	1	UID1383301	1	1	0	0
1	1	UID1383304	1	1	0	0
1	1	UID1383312	1	1	0	0
1	1	UID1383329	1	1	0	0
1	1	UID1383331	1	1	0	0
1	1	UID1383336	1	1	0	0
1	1	UID1383353	1	1	0	0
1	1	UID1383354	1	1	0	0
1	1	UID1383363	1	1	0	0
1	1	UID1383366	1	1	0	0
1	1	UID1383368	1	1	0	0
1	1	UID1383370	1	1	0	0
1	1	UID1383372	1	1	0	0
1	1	UID1383373	1	1	0	0
1	1	UID1383376	1	1	0	0
1	1	UID1383378	1	1	0	0
1	1	UID1383380	1	1	0	0
1	1	UID1383399	1	1	0	0
1	1	UID1383402	1	1	0	0
1	1	UID1383407	1	1	0	0
1	1	UID1383410	1	1	0	0
1	1	UID1383416	1	1	0	0
1	1	UID1383420	1	1	0	0
1	1	UID1383422	1	1	0	0
1	1	UID1383428	1	1	0	0
1	1	UID1383429	1	1	0	0
1	1	UID1383433	1	1	0	0
1	1	UID1383436	1	1	0	0
1	1	UID1383451	1	1	0	0
1	1	UID1383465	1	1	0	0
1	1	UID1383471	1	1	0	0
1	1	UID1383475	1	1	0	0
1	1	UID1383486	1	1	0	0
1	1	UID1383487	1	1	0	0
1	1	UID1383491	1	1	0	0
1	1	UID1383493	1	1	0	0
1	1	UID1383498	1	1	0	0
1	1	UID1383501	1	1	0	0
1	1	UID1383502	1	1	0	0
1	1	UID1383509	1	1	0	0
1	1	UID1383511	1	1	0	0
1	1	UID1383514	1	1	0	0
1	1	UID1383523	1	1	0	0
1	1	UID1383524	1	1	0	0
1	1	UID1383525	1	1	0	0
1	1	UID1383534	1	1	0	0
1	1	UID1383535	1	1	0	0
1	1	UID1383542	1	1	0	0
1	1	UID1383545	1	1	0	0
1	1	UID1383551	1	1	0	0
1	1	UID1383553	1	1	0	0
4	4	UID1383559	1	4	2	2
3	3	UID1383562	1	3	2	2
1	1	UID1383567	1	1	0	0
1	1	UID1383571	1	1	0	0
1	1	UID1383573	1	1	0	0
1	1	UID1383580	1	1	0	0
1	1	UID1383586	1	1	0	0
1	1	UID1383587	1	1	0	0
1	1	UID1383591	1	1	0	0
1	1	UID1383600	1	1	0	0
1	1	UID1383601	1	1	0	0
1	1	UID1383604	1	1	0	0
1	1	UID1383607	1	1	0	0
1	1	UID1383614	1	1	0	0
1	1	UID1383617	1	1	0	0
1	1	UID1383621	1	1	0	0
1	1	UID1383622	1	1	0	0
1	1	UID1383623	1	1	0	0
1	1	UID1383627	1	1	0	0
1	1	UID1383632	1	1	0	0
1	1	UID1383633	1	1	0	0
1	1	UID1383645	1	1	0	0
1	1	UID1383650	1	1	0	0
1	1	UID1383653	1	1	0	0
1	1	UID1383654	1	1	0	0
1	1	UID1383660	1	1	0	0
1	1	UID1383663	1	1	0	0
1	1	UID1383665	1	1	0	0
1	1	UID1383666	1	1	0	0
1	1	UID1383671	1	1	0	0
1	1	UID1383685	1	1	0	0
1	1	UID1383692	1	1	0	0
1	1	UID1383697	1	1	0	0
1	1	UID1383699	1	1	0	0
1	1	UID1383702	1	1	0	0
1	1	UID1383710	1	1	0	0
5	5	UID1383713	1	5	2	2
3	3	UID1383715	1	3	1	1
1	1	UID1383736	1	1	0	0
1	1	UID1383774	1	1	0	0
1	1	UID1383780	1	1	0	0
1	1	UID1383788	1	1	0	0
1	1	UID1383792	1	1	0	0
1	1	UID1383803	1	1	0	0
1	1	UID1383804	1	1	0	0
1	1	UID1383821	1	1	0	0
1	1	UID1383834	1	1	0	0
1	1	UID1383835	1	1	0	0
1	1	UID1383836	1	1	0	0
1	1	UID1383839	1	1	0	0
1	1	UID1383847	1	1	0	0
1	1	UID1383850	1	1	0	0
1	1	UID1383859	1	1	0	0
1	1	UID1383861	1	1	0	0
1	1	UID1383865	1	1	0	0
1	1	UID1383875	1	1	0	0
1	1	UID1383877	1	1	0	0
1	1	UID1383881	1	1	0	0
1	1	UID1383888	1	1	0	0
1	1	UID1383889	1	1	0	0
1	1	UID1383891	1	1	0	0
1	1	UID1383893	1	1	0	0
1	1	UID1383906	1	1	0	0
1	1	UID1383907	1	1	0	0
1	1	UID1383919	1	1	0	0
1	1	UID1383930	1	1	0	0
1	1	UID1383939	1	1	0	0
1	1	UID1383948	1	1	0	0
1	1	UID1383949	1	1	0	0
1	1	UID1383950	1	1	0	0
1	1	UID1383953	1	1	0	0
1	1	UID1383956	1	1	0	0
1	1	UID1383958	1	1	0	0
1	1	UID1383959	1	1	0	0
1	1	UID1383972	1	1	0	0
1	1	UID1383973	1	1	0	0
1	1	UID1383976	1	1	0	0
1	1	UID1383978	1	1	0	0
1	1	UID1383980	1	1	0	0
1	1	UID1383987	1	1	0	0
1	1	UID1383988	1	1	0	0
1	1	UID1383991	1	1	0	0
1	1	UID1383993	1	1	0	0
1	1	UID1383995	1	1	0	0
1	1	UID1383996	1	1	0	0
1	1	UID1383998	1	1	0	0
1	1	UID1384013	1	1	0	0
1	1	UID1384018	1	1	0	0
1	1	UID1384022	1	1	0	0
1	1	UID1384046	1	1	0	0
1	1	UID1384047	1	1	0	0
1	1	UID1384050	1	1	0	0
1	1	UID1384051	1	1	0	0
1	1	UID1384052	1	1	0	0
1	1	UID1384054	1	1	0	0
1	1	UID1384059	1	1	0	0
1	1	UID1384062	1	1	0	0
1	1	UID1384069	1	1	0	0
1	1	UID1384071	1	1	0	0
1	1	UID1384083	1	1	0	0
1	1	UID1384099	1	1	0	0
1	1	UID1384101	1	1	0	0
1	1	UID1384103	1	1	0	0
1	1	UID1384117	1	1	0	0
1	1	UID1384118	1	1	0	0
1	1	UID1384124	1	1	0	0
1	1	UID1384126	1	1	0	0
1	1	UID1384127	1	1	0	0
1	1	UID1384130	1	1	0	0
1	1	UID1384133	1	1	0	0
1	1	UID1384134	1	1	0	0
1	1	UID1384141	1	1	0	0
1	1	UID1384148	1	1	0	0
1	1	UID1384156	1	1	0	0
1	1	UID1384157	1	1	0	0
1	1	UID1384159	1	1	0	0
1	1	UID1384164	1	1	0	0
1	1	UID1384166	1	1	0	0
1	1	UID1384167	1	1	0	0
1	1	UID1384180	1	1	0	0
1	1	UID1384181	1	1	0	0
1	1	UID1384184	1	1	0	0
1	1	UID1384193	1	1	0	0
1	1	UID1384196	1	1	0	0
1	1	UID1384205	1	1	0	0
1	1	UID1384206	1	1	0	0
1	1	UID1384208	1	1	0	0
1	1	UID1384210	1	1	0	0
1	1	UID1384211	1	1	0	0
1	1	UID1384215	1	1	0	0
1	1	UID1384216	1	1	0	0
1	1	UID1384221	1	1	0	0
1	1	UID1384229	1	1	0	0
1	1	UID1384230	1	1	0	0
1	1	UID1384232	1	1	0	0
1	1	UID1384238	1	1	0	0
1	1	UID1384240	1	1	0	0
1	1	UID1384241	1	1	0	0
1	1	UID1384245	1	1	0	0
1	1	UID1384250	1	1	0	0
1	1	UID1384255	1	1	0	0
1	1	UID1384257	1	1	0	0
1	1	UID1384283	1	1	0	0
1	1	UID1384284	1	1	0	0
1	1	UID1384285	1	1	0	0
1	1	UID1384288	1	1	0	0
1	1	UID1384304	1	1	0	0
1	1	UID1384305	1	1	0	0
1	1	UID1384306	1	1	0	0
1	1	UID1384311	1	1	0	0
1	1	UID1384312	1	1	0	0
1	1	UID1384326	1	1	0	0
1	1	UID1384337	1	1	0	0
1	1	UID1384341	1	1	0	0
1	1	UID1384347	1	1	0	0
1	1	UID1384357	1	1	0	0
1	1	UID1384358	1	1	0	0
1	1	UID1384360	1	1	0	0
1	1	UID1384361	1	1	0	0
1	1	UID1384370	1	1	0	0
1	1	UID1384383	1	1	0	0
1	1	UID1384388	1	1	0	0
1	1	UID1384390	1	1	0	0
1	1	UID1384391	1	1	0	0
1	1	UID1384392	1	1	0	0
1	1	UID1384394	1	1	0	0
1	1	UID1384400	1	1	0	0
1	1	UID1384401	1	1	0	0
1	1	UID1384410	1	1	0	0
1	1	UID1384435	1	1	0	0
1	1	UID1384445	1	1	0	0
1	1	UID1384446	1	1	0	0
1	1	UID1384449	1	1	0	0
1	1	UID1384450	1	1	0	0
1	1	UID1384456	1	1	0	0
1	1	UID1384457	1	1	0	0
1	1	UID1384461	1	1	0	0
1	1	UID1384464	1	1	0	0
1	1	UID1384465	1	1	0	0
1	1	UID1384468	1	1	0	0
1	1	UID1384474	1	1	0	0
1	1	UID1384475	1	1	0	0
1	1	UID1384479	1	1	0	0
3	3	UID1384487	1	3	2	2
5	5	UID1384490	1	5	2	2
1	1	UID1384493	1	1	0	0
1	1	UID1384495	1	1	0	0
1	1	UID1384525	1	1	0	0
1	1	UID1384530	1	1	0	0
1	1	UID1384531	1	1	0	0
1	1	UID1384532	1	1	0	0
1	1	UID1384533	1	1	0	0
1	1	UID1384535	1	1	0	0
4	4	UID1384536	1	4	1	1
1	1	UID1384537	1	1	0	0
1	1	UID1384540	1	1	0	0
1	1	UID1384542	1	1	0	0
1	1	UID1384545	1	1	0	0
1	1	UID1384546	1	1	0	0
1	1	UID1384548	1	1	0	0
1	1	UID1384553	1	1	0	0
1	1	UID1384555	1	1	0	0
1	1	UID1384558	1	1	0	0
1	1	UID1384563	1	1	0	0
1	1	UID1384581	1	1	0	0
1	1	UID1384642	1	1	0	0
1	1	UID1384656	1	1	0	0
1	1	UID1384659	1	1	0	0
1	1	UID1384683	1	1	0	0
1	1	UID1384685	1	1	0	0
1	1	UID1384691	1	1	0	0
1	1	UID1384692	1	1	0	0
1	1	UID1384696	1	1	0	0
1	1	UID1384697	1	1	0	0
1	1	UID1384698	1	1	0	0
1	1	UID1384701	1	1	0	0
1	1	UID1384711	1	1	0	0
1	1	UID1384712	1	1	0	0
1	1	UID1384741	1	1	0	0
1	1	UID1384754	1	1	0	0
1	1	UID1384768	1	1	0	0
1	1	UID1384771	1	1	0	0
1	1	UID1384773	1	1	0	0
1	1	UID1384779	1	1	0	0
1	1	UID1384781	1	1	0	0
1	1	UID1384784	1	1	0	0
1	1	UID1384788	1	1	0	0
1	1	UID1384790	1	1	0	0
1	1	UID1384838	1	1	0	0
1	1	UID1384841	1	1	0	0
1	1	UID1384843	1	1	0	0
1	1	UID1384845	1	1	0	0
1	1	UID1384850	1	1	0	0
1	1	UID1384860	1	1	0	0
1	1	UID1384863	1	1	0	0
1	1	UID1384868	1	1	0	0
1	1	UID1384869	1	1	0	0
1	1	UID1384898	1	1	0	0
1	1	UID1384899	1	1	0	0
1	1	UID1384909	1	1	0	0
1	1	UID1384915	1	1	0	0
1	1	UID1384922	1	1	0	0
1	1	UID1385024	1	1	0	0
1	1	UID1385028	1	1	0	0
1	1	UID1385043	1	1	0	0
1	1	UID1385044	1	1	0	0
1	1	UID1385053	1	1	0	0
1	1	UID1385059	1	1	0	0
1	1	UID1385068	1	1	0	0
1	1	UID1385070	1	1	0	0
1	1	UID1385072	1	1	0	0
1	1	UID1385074	1	1	0	0
1	1	UID1385092	1	1	0	0
1	1	UID1385095	1	1	0	0
1	1	UID1385106	1	1	0	0
4	4	UID1385107	1	4	2	2
1	1	UID1385108	1	1	0	0
1	1	UID1385156	1	1	0	0
1	1	UID1385173	1	1	0	0
1	1	UID1385177	1	1	0	0
1	1	UID1385187	1	1	0	0
1	1	UID1385198	1	1	0	0
1	1	UID1385200	1	1	0	0
1	1	UID1385207	1	1	0	0
1	1	UID1385208	1	1	0	0
1	1	UID1385223	1	1	0	0
1	1	UID1385230	1	1	0	0
1	1	UID1385231	1	1	0	0
1	1	UID1385234	1	1	0	0
1	1	UID1385235	1	1	0	0
1	1	UID1385240	1	1	0	0
1	1	UID1385241	1	1	0	0
1	1	UID1385242	1	1	0	0
1	1	UID1385243	1	1	0	0
1	1	UID1385247	1	1	0	0
1	1	UID1385250	1	1	0	0
1	1	UID1385251	1	1	0	0
1	1	UID1385252	1	1	0	0
1	1	UID1385284	1	1	0	0
1	1	UID1385293	1	1	0	0
1	1	UID1385294	1	1	0	0
1	1	UID1385295	1	1	0	0
1	1	UID1385301	1	1	0	0
1	1	UID1385308	1	1	0	0
1	1	UID1385317	1	1	0	0
1	1	UID1385321	1	1	0	0
1	1	UID1385327	1	1	0	0
1	1	UID1385337	1	1	0	0
1	1	UID1385339	1	1	0	0
1	1	UID1385342	1	1	0	0
1	1	UID1385343	1	1	0	0
1	1	UID1385353	1	1	0	0
1	1	UID1385358	1	1	0	0
1	1	UID1385370	1	1	0	0
1	1	UID1385371	1	1	0	0
1	1	UID1385373	1	1	0	0
1	1	UID1385387	1	1	0	0
1	1	UID1385388	1	1	0	0
1	1	UID1385392	1	1	0	0
1	1	UID1385393	1	1	0	0
1	1	UID1385394	1	1	0	0
1	1	UID1385398	1	1	0	0
1	1	UID1385399	1	1	0	0
1	1	UID1385400	1	1	0	0
1	1	UID1385401	1	1	0	0
1	1	UID1385409	1	1	0	0
1	1	UID1385440	1	1	0	0
1	1	UID1385462	1	1	0	0
1	1	UID1385496	1	1	0	0
1	1	UID1385510	1	1	0	0
1	1	UID1385511	1	1	0	0
1	1	UID1385517	1	1	0	0
1	1	UID1385528	1	1	0	0
1	1	UID1385533	1	1	0	0
1	1	UID1385534	1	1	0	0
1	1	UID1385536	1	1	0	0
1	1	UID1385539	1	1	0	0
1	1	UID1385541	1	1	0	0
1	1	UID1385543	1	1	0	0
1	1	UID1385549	1	1	0	0
1	1	UID1385550	1	1	0	0
1	1	UID1385553	1	1	0	0
1	1	UID1385554	1	1	0	0
1	1	UID1385567	1	1	0	0
1	1	UID1385569	1	1	0	0
1	1	UID1385575	1	1	0	0
1	1	UID1385577	1	1	0	0
1	1	UID1385584	1	1	0	0
1	1	UID1385594	1	1	0	0
1	1	UID1385600	1	1	0	0
1	1	UID1385604	1	1	0	0
4	4	UID1385606	1	4	2	2
1	1	UID1385609	1	1	0	0
1	1	UID1385610	1	1	0	0
1	1	UID1385611	1	1	0	0
1	1	UID1385615	1	1	0	0
1	1	UID1385618	1	1	0	0
1	1	UID1385620	1	1	0	0
1	1	UID1385628	1	1	0	0
1	1	UID1385631	1	1	0	0
1	1	UID1385640	1	1	0	0
1	1	UID1385642	1	1	0	0
1	1	UID1385651	1	1	0	0
1	1	UID1385659	1	1	0	0
1	1	UID1385661	1	1	0	0
1	1	UID1385664	1	1	0	0
1	1	UID1385674	1	1	0	0
1	1	UID1385675	1	1	0	0
1	1	UID1385677	1	1	0	0
1	1	UID1385679	1	1	0	0
1	1	UID1385681	1	1	0	0
1	1	UID1385691	1	1	0	0
1	1	UID1385693	1	1	0	0
1	1	UID1385712	1	1	0	0
1	1	UID1385722	1	1	0	0
1	1	UID1385733	1	1	0	0
1	1	UID1385736	1	1	0	0
1	1	UID1385738	1	1	0	0
1	1	UID1385739	1	1	0	0
1	1	UID1385740	1	1	0	0
1	1	UID1385748	1	1	0	0
1	1	UID1385749	1	1	0	0
1	1	UID1385754	1	1	0	0
1	1	UID1385755	1	1	0	0
1	1	UID1385762	1	1	0	0
1	1	UID1385766	1	1	0	0
1	1	UID1385767	1	1	0	0
1	1	UID1385768	1	1	0	0
1	1	UID1385769	1	1	0	0
1	1	UID1385771	1	1	0	0
1	1	UID1385775	1	1	0	0
1	1	UID1385777	1	1	0	0
1	1	UID1385778	1	1	0	0
1	1	UID1385779	1	1	0	0
1	1	UID1385791	1	1	0	0
1	1	UID1385792	1	1	0	0
1	1	UID1385795	1	1	0	0
1	1	UID1385798	1	1	0	0
1	1	UID1385801	1	1	0	0
1	1	UID1385802	1	1	0	0
1	1	UID1385805	1	1	0	0
1	1	UID1385809	1	1	0	0
1	1	UID1385810	1	1	0	0
1	1	UID1385813	1	1	0	0
1	1	UID1385816	1	1	0	0
1	1	UID1385823	1	1	0	0
1	1	UID1385825	1	1	0	0
1	1	UID1385830	1	1	0	0
1	1	UID1385831	1	1	0	0
1	1	UID1385832	1	1	0	0
1	1	UID1385844	1	1	0	0
1	1	UID1385848	1	1	0	0
1	1	UID1385849	1	1	0	0
1	1	UID1385850	1	1	0	0
1	1	UID1385862	1	1	0	0
1	1	UID1385863	1	1	0	0
1	1	UID1385866	1	1	0	0
1	1	UID1385871	1	1	0	0
1	1	UID1385872	1	1	0	0
1	1	UID1385874	1	1	0	0
1	1	UID1385879	1	1	0	0
1	1	UID1385882	1	1	0	0
1	1	UID1385884	1	1	0	0
1	1	UID1385886	1	1	0	0
1	1	UID1385887	1	1	0	0
1	1	UID1385888	1	1	0	0
1	1	UID1385890	1	1	0	0
1	1	UID1385891	1	1	0	0
1	1	UID1385895	1	1	0	0
1	1	UID1385902	1	1	0	0
1	1	UID1385905	1	1	0	0
1	1	UID1385910	1	1	0	0
1	1	UID1385919	1	1	0	0
1	1	UID1385921	1	1	0	0
1	1	UID1385924	1	1	0	0
1	1	UID1385925	1	1	0	0
1	1	UID1385933	1	1	0	0
1	1	UID1385934	1	1	0	0
1	1	UID1385982	1	1	0	0
1	1	UID1385990	1	1	0	0
1	1	UID1385992	1	1	0	0
1	1	UID1385993	1	1	0	0
1	1	UID1385997	1	1	0	0
1	1	UID1385998	1	1	0	0
1	1	UID1386001	1	1	0	0
1	1	UID1386023	1	1	0	0
1	1	UID1386027	1	1	0	0
1	1	UID1386039	1	1	0	0
1	1	UID1386041	1	1	0	0
1	1	UID1386043	1	1	0	0
1	1	UID1386045	1	1	0	0
1	1	UID1386048	1	1	0	0
1	1	UID1386055	1	1	0	0
1	1	UID1386058	1	1	0	0
1	1	UID1386064	1	1	0	0
1	1	UID1386069	1	1	0	0
1	1	UID1386070	1	1	0	0
1	1	UID1386073	1	1	0	0
1	1	UID1386074	1	1	0	0
1	1	UID1386075	1	1	0	0
1	1	UID1386077	1	1	0	0
1	1	UID1386079	1	1	0	0
1	1	UID1386080	1	1	0	0
1	1	UID1386084	1	1	0	0
1	1	UID1386089	1	1	0	0
1	1	UID1386105	1	1	0	0
1	1	UID1386110	1	1	0	0
1	1	UID1386114	1	1	0	0
1	1	UID1386118	1	1	0	0
1	1	UID1386120	1	1	0	0
1	1	UID1386125	1	1	0	0
1	1	UID1386129	1	1	0	0
1	1	UID1386131	1	1	0	0
1	1	UID1386133	1	1	0	0
1	1	UID1386137	1	1	0	0
1	1	UID1386139	1	1	0	0
1	1	UID1386140	1	1	0	0
1	1	UID1386141	1	1	0	0
1	1	UID1386144	1	1	0	0
1	1	UID1386147	1	1	0	0
1	1	UID1386156	1	1	0	0
1	1	UID1386159	1	1	0	0
1	1	UID1386162	1	1	0	0
1	1	UID1386163	1	1	0	0
1	1	UID1386166	1	1	0	0
1	1	UID1386167	1	1	0	0
1	1	UID1386170	1	1	0	0
1	1	UID1386171	1	1	0	0
1	1	UID1386172	1	1	0	0
1	1	UID1386173	1	1	0	0
1	1	UID1386174	1	1	0	0
1	1	UID1386189	1	1	0	0
1	1	UID1386192	1	1	0	0
1	1	UID1386194	1	1	0	0
1	1	UID1386196	1	1	0	0
1	1	UID1386198	1	1	0	0
1	1	UID1386199	1	1	0	0
1	1	UID1386204	1	1	0	0
1	1	UID1386209	1	1	0	0
1	1	UID1386214	1	1	0	0
1	1	UID1386217	1	1	0	0
1	1	UID1386225	1	1	0	0
1	1	UID1386235	1	1	0	0
1	1	UID1386240	1	1	0	0
1	1	UID1386243	1	1	0	0
1	1	UID1386247	1	1	0	0
1	1	UID1386250	1	1	0	0
1	1	UID1386251	1	1	0	0
1	1	UID1386252	1	1	0	0
1	1	UID1386253	1	1	0	0
1	1	UID1386257	1	1	0	0
1	1	UID1386264	1	1	0	0
1	1	UID1386266	1	1	0	0
1	1	UID1386269	1	1	0	0
1	1	UID1386275	1	1	0	0
1	1	UID1386279	1	1	0	0
1	1	UID1386287	1	1	0	0
1	1	UID1386291	1	1	0	0
1	1	UID1386292	1	1	0	0
1	1	UID1386294	1	1	0	0
1	1	UID1386295	1	1	0	0
1	1	UID1386299	1	1	0	0
1	1	UID1386300	1	1	0	0
1	1	UID1386305	1	1	0	0
1	1	UID1386310	1	1	0	0
1	1	UID1386311	1	1	0	0
1	1	UID1386315	1	1	0	0
1	1	UID1386322	1	1	0	0
1	1	UID1386325	1	1	0	0
1	1	UID1386338	1	1	0	0
1	1	UID1386344	1	1	0	0
1	1	UID1386345	1	1	0	0
1	1	UID1386346	1	1	0	0
1	1	UID1386350	1	1	0	0
1	1	UID1386355	1	1	0	0
1	1	UID1386361	1	1	0	0
1	1	UID1386363	1	1	0	0
1	1	UID1386368	1	1	0	0
1	1	UID1386370	1	1	0	0
1	1	UID1386375	1	1	0	0
1	1	UID1386389	1	1	0	0
1	1	UID1386391	1	1	0	0
1	1	UID1386396	1	1	0	0
1	1	UID1386397	1	1	0	0
1	1	UID1386402	1	1	0	0
1	1	UID1386408	1	1	0	0
1	1	UID1386417	1	1	0	0
1	1	UID1386425	1	1	0	0
1	1	UID1386430	1	1	0	0
1	1	UID1386432	1	1	0	0
1	1	UID1386433	1	1	0	0
1	1	UID1386434	1	1	0	0
1	1	UID1386437	1	1	0	0
1	1	UID1386439	1	1	0	0
1	1	UID1386444	1	1	0	0
2	2	UID154421	1	2	1	1
1	1	UID154599	1	1	0	0
1	1	UID159849	1	1	0	0
1	1	UID161609	1	1	0	0
1	1	UID203152	1	1	0	0
1	1	UID213753	1	1	0	0
1	1	UID37618	1	1	0	0
1	1	UID381960	1	1	0	0
1	1	UID395409	1	1	0	0
1	1	UID415664	1	1	0	0
1	1	UID42067	1	1	0	0
1	1	UID439848	1	1	0	0
1	1	UID61326	1	1	0	0
1	1	UID72620	1	1	0	0
1	1	UID804318	1	1	0	0
1	1	UID964920	1	1	0	0
