2468	7560	UID35911	2950	2057	4	4
683	2976	UID1	1475	511	4	4
797	3216	UID2	1445	610	6	6
354	911	UID40402	394	277	4	4
330	807	UID8097	256	283	3	3
277	588	UID35892	232	241	3	3
266	506	UID67632	192	241	3	3
204	364	UID29157	131	187	2	2
204	339	UID78548	103	192	3	3
239	351	UID65815	63	221	6	6
162	255	UID65826	63	148	5	5
74	139	UID46159	61	71	3	3
39	92	UID131	49	36	2	2
60	109	UID19317	48	57	2	2
47	92	UID357	41	41	4	4
87	138	UID66163	32	77	3	3
25	54	UID22	29	23	2	2
36	62	UID329	27	35	1	1
160	208	UID66305	27	149	4	4
36	61	UID18	26	35	2	2
21	44	UID193	24	20	1	1
27	49	UID1499	22	25	2	2
44	66	UID174677	21	41	2	2
75	104	UID434779	20	73	3	3
24	44	UID67387	20	22	2	2
18	34	UID8611	17	17	2	2
13	28	UID129	16	12	1	1
25	40	UID221234	16	24	1	1
13	27	UID438791	15	12	1	1
19	34	UID66430	15	17	1	1
7	20	UID1009	14	6	1	1
6	19	UID404	14	5	1	1
14	26	UID1000	13	13	2	2
12	24	UID328	13	11	1	1
18	29	UID457871	12	17	2	2
7	19	UID65816	12	5	1	1
5	16	UID96	12	4	1	1
16	26	UID317094	11	15	2	2
37	48	UID40264	11	35	3	3
11	21	UID438790	11	10	1	1
7	17	UID8061	11	6	1	1
5	15	UID82	11	4	1	1
6	16	UID87	11	5	1	1
12	21	UID116857	10	11	2	2
18	27	UID1661565	10	17	1	1
14	23	UID1661579	10	13	1	1
32	41	UID167220	10	31	1	1
6	15	UID26	10	5	1	1
2	12	UID32	10	0	1	1
17	27	UID844568	10	15	2	2
4	12	UID238	9	3	1	1
10	18	UID321	9	9	2	2
29	37	UID40236	9	28	3	3
14	26	UID51681	9	12	2	2
20	30	UID51992	9	17	3	3
12	19	UID1661704	8	11	1	1
10	17	UID388482	8	9	1	1
7	14	UID448	8	6	1	1
15	22	UID51662	8	14	3	3
7	14	UID606	8	6	1	1
8	15	UID67634	8	7	1	1
4	11	UID74269	8	3	1	1
8	14	UID1230936	7	7	1	1
13	19	UID1661578	7	12	1	1
17	23	UID1661635	7	16	1	1
4	10	UID1661669	7	3	1	1
11	17	UID181920	7	10	3	3
3	9	UID221	7	2	1	1
11	18	UID236	7	9	1	1
3	9	UID28	7	2	1	1
7	13	UID434742	7	6	1	1
12	18	UID66251	7	11	1	1
11	16	UID116	6	10	1	1
7	12	UID1411108	6	6	1	1
4	9	UID161	6	3	1	1
20	25	UID1661602	6	19	2	2
6	11	UID1661607	6	5	1	1
12	17	UID1661690	6	11	1	1
5	10	UID1661743	6	4	2	2
7	12	UID1661746	6	6	1	1
6	11	UID277	6	5	2	2
14	20	UID67636	6	12	3	3
10	15	UID687	6	9	1	1
5	11	UID83	6	3	2	2
1	5	UID134	5	0	0	0
6	10	UID142670	5	5	1	1
10	14	UID188	5	9	1	1
3	7	UID205	5	2	1	1
3	7	UID260	5	2	1	1
5	9	UID313	5	4	1	1
6	10	UID339	5	5	2	2
6	11	UID374	5	4	1	1
3	7	UID492	5	2	1	1
5	9	UID57	5	4	1	1
3	7	UID58	5	2	1	1
7	11	UID66005	5	6	1	1
7	11	UID682	5	6	2	2
6	10	UID710	5	5	1	1
5	9	UID76	5	4	1	1
3	7	UID128	4	1	1	1
3	6	UID1484	4	2	0	0
5	8	UID152	4	4	1	1
1	4	UID1665248	4	0	0	0
11	16	UID167241	4	9	2	2
9	14	UID1687698	4	7	1	1
4	7	UID173260	4	3	1	1
4	7	UID174689	4	3	1	1
7	10	UID190	4	6	1	1
6	9	UID193543	4	5	1	1
19	23	UID213980	4	17	2	2
3	6	UID214163	4	2	0	0
1	4	UID215	4	0	0	0
4	8	UID219	4	2	2	2
6	9	UID221248	4	5	2	2
4	7	UID233	4	3	1	1
3	6	UID23914	4	2	0	0
8	11	UID302	4	7	1	1
2	5	UID31551	4	1	0	0
3	6	UID32479	4	2	1	1
3	6	UID338	4	2	1	1
6	9	UID348	4	5	1	1
4	7	UID361636	4	3	1	1
9	12	UID384	4	8	1	1
4	8	UID420	4	2	2	2
5	8	UID421	4	4	2	2
2	5	UID487	4	1	0	0
6	9	UID52142	4	5	0	0
3	6	UID630	4	2	1	1
6	9	UID67631	4	5	1	1
5	8	UID68	4	4	1	1
3	6	UID690	4	2	1	1
2	5	UID78463	4	1	1	1
2	5	UID800	4	1	0	0
6	9	UID86	4	5	1	1
4	7	UID891	4	3	1	1
3	7	UID934	4	1	1	1
9	11	UID111605	3	8	1	1
4	6	UID1153	3	3	1	1
4	6	UID132	3	3	1	1
5	7	UID13466	3	4	1	1
4	6	UID153181	3	3	0	0
2	4	UID154	3	1	0	0
7	9	UID163	3	6	2	2
14	16	UID1661750	3	13	1	1
7	9	UID1661751	3	6	1	1
7	9	UID1661776	3	6	1	1
6	8	UID1661843	3	5	1	1
5	7	UID1662601	3	4	1	1
6	8	UID167413	3	5	1	1
2	4	UID167453	3	1	0	0
7	9	UID1687704	3	6	2	2
1	3	UID1687705	3	0	0	0
5	7	UID173182	3	4	1	1
7	9	UID174678	3	6	1	1
3	5	UID174690	3	2	1	1
1	3	UID184	3	0	0	0
5	7	UID191	3	4	1	1
2	4	UID199	3	1	1	1
4	6	UID200	3	3	1	1
3	5	UID204	3	2	1	1
3	5	UID213942	3	2	0	0
2	4	UID217	3	1	1	1
2	4	UID240	3	1	1	1
1	3	UID280	3	0	0	0
10	12	UID317080	3	9	1	1
4	6	UID322	3	3	1	1
1	3	UID33550	3	0	0	0
8	10	UID347	3	7	1	1
3	5	UID35563	3	2	1	1
4	6	UID356	3	3	1	1
3	5	UID367	3	2	1	1
2	4	UID426	3	1	1	1
3	5	UID427	3	2	1	1
3	5	UID434796	3	2	0	0
1	3	UID434899	3	0	0	0
1	3	UID435217	3	0	0	0
4	6	UID442	3	3	1	1
4	6	UID444	3	3	0	0
2	4	UID4460	3	1	0	0
4	6	UID489	3	3	1	1
9	11	UID517	3	8	2	2
2	4	UID535	3	1	1	1
6	8	UID571	3	5	1	1
7	10	UID59	3	5	1	1
1	3	UID6081	3	0	0	0
6	8	UID608	3	5	1	1
8	10	UID651	3	7	1	1
5	7	UID657	3	4	1	1
5	8	UID67311	3	3	1	1
14	16	UID67633	3	13	2	2
4	6	UID688	3	3	1	1
4	6	UID693	3	3	0	0
1	3	UID69491	3	0	0	0
4	6	UID73365	3	3	1	1
3	5	UID753	3	2	1	1
11	13	UID78621	3	10	2	2
4	6	UID78757	3	3	1	1
13	16	UID78786	3	11	2	2
2	4	UID887	3	1	0	0
5	7	UID899	3	4	2	2
2	4	UID94	3	1	0	0
1	2	UID10041	2	0	0	0
5	6	UID10341	2	4	2	2
3	4	UID1084	2	2	1	1
1	2	UID111536	2	0	0	0
3	4	UID112104	2	2	1	1
8	9	UID112666	2	7	2	2
6	7	UID113124	2	5	1	1
2	3	UID1163	2	1	1	1
2	3	UID117	2	1	1	1
1	2	UID121393	2	0	0	0
1	2	UID122428	2	0	0	0
3	4	UID1355	2	2	1	1
4	5	UID1366	2	3	1	1
3	4	UID1371	2	2	1	1
3	4	UID1399	2	2	1	1
2	3	UID139	2	1	1	1
4	5	UID143	2	3	1	1
2	3	UID153	2	1	1	1
2	3	UID158	2	1	1	1
2	3	UID160	2	1	1	1
5	6	UID164	2	4	1	1
5	6	UID1661668	2	4	1	1
10	11	UID1661670	2	9	2	2
6	7	UID1661689	2	5	1	1
7	8	UID1661725	2	6	1	1
3	4	UID1661749	2	2	1	1
1	2	UID166832	2	0	0	0
3	4	UID1668586	2	2	1	1
6	7	UID166978	2	5	2	2
2	3	UID167181	2	1	1	1
2	3	UID167659	2	1	1	1
5	6	UID1687726	2	4	2	2
2	3	UID1687734	2	1	1	1
1	2	UID1687770	2	0	0	0
3	4	UID168952	2	2	1	1
2	3	UID172959	2	1	1	1
3	4	UID172974	2	2	1	1
4	5	UID173259	2	3	1	1
5	7	UID175113	2	3	1	1
7	8	UID194	2	6	1	1
5	6	UID19	2	4	1	1
2	3	UID218	2	1	1	1
6	7	UID223	2	5	1	1
9	10	UID239336	2	8	1	1
1	2	UID246	2	0	0	0
7	8	UID24	2	6	1	1
5	6	UID258138	2	4	1	1
4	5	UID29230	2	3	1	1
6	7	UID312	2	5	1	1
6	7	UID33885	2	5	1	1
2	3	UID369	2	1	1	1
3	4	UID398	2	2	1	1
2	3	UID40265	2	1	1	1
5	6	UID425	2	4	1	1
3	4	UID4308	2	2	1	1
2	3	UID434844	2	1	1	1
3	4	UID434937	2	2	1	1
4	5	UID434938	2	3	1	1
4	5	UID435008	2	3	1	1
2	3	UID435044	2	1	1	1
6	8	UID435046	2	4	2	2
5	6	UID435134	2	4	2	2
3	4	UID435195	2	2	1	1
3	4	UID435203	2	2	1	1
3	4	UID435593	2	2	1	1
3	4	UID436072	2	2	1	1
3	4	UID438002	2	2	1	1
3	4	UID439224	2	2	1	1
5	6	UID441	2	4	1	1
4	5	UID445	2	3	1	1
4	5	UID458003	2	3	1	1
4	5	UID469	2	3	1	1
1	2	UID51666	2	0	0	0
1	2	UID51816	2	0	0	0
6	7	UID51887	2	5	1	1
1	2	UID52897	2	0	0	0
2	3	UID55894	2	1	1	1
2	3	UID568	2	1	1	1
4	5	UID573	2	3	1	1
4	5	UID58215	2	3	1	1
4	5	UID61	2	3	1	1
2	3	UID660	2	1	1	1
6	7	UID66835	2	5	1	1
4	5	UID67644	2	3	1	1
2	3	UID69952	2	1	1	1
5	6	UID73378	2	4	2	2
2	3	UID73865	2	1	1	1
5	6	UID78505	2	4	1	1
3	4	UID78611	2	2	1	1
2	3	UID7981	2	1	1	1
5	6	UID80921	2	4	2	2
4	5	UID813	2	3	1	1
1	2	UID959318	2	0	0	0
1	1	UID10001	1	1	0	0
5	5	UID10019	1	5	1	1
1	1	UID1042	1	1	0	0
6	6	UID110	1	6	1	1
1	1	UID1114008	1	1	0	0
1	1	UID111502	1	1	0	0
3	3	UID112034	1	3	1	1
1	1	UID1121842	1	1	0	0
7	7	UID112272	1	7	1	1
1	1	UID112422	1	1	0	0
1	1	UID113116	1	1	0	0
1	1	UID113146	1	1	0	0
5	6	UID115501	1	4	2	2
1	1	UID1160885	1	1	0	0
1	1	UID118223	1	1	0	0
2	2	UID118598	1	2	1	1
1	1	UID118662	1	1	0	0
1	1	UID1191536	1	1	0	0
1	1	UID120708	1	1	0	0
1	1	UID121191	1	1	0	0
1	1	UID1212482	1	1	0	0
1	1	UID121590	1	1	0	0
3	3	UID122819	1	3	1	1
1	1	UID127169	1	1	0	0
1	1	UID127688	1	1	0	0
4	4	UID129379	1	4	2	2
1	1	UID13128	1	1	0	0
2	2	UID133016	1	2	1	1
2	2	UID133165	1	2	1	1
1	1	UID1355487	1	1	0	0
1	1	UID1370106	1	1	0	0
1	1	UID1376135	1	1	0	0
2	2	UID1399257	1	2	1	1
2	2	UID1401	1	2	1	1
3	3	UID1402022	1	3	2	2
1	1	UID1402159	1	1	0	0
1	1	UID1411109	1	1	0	0
1	1	UID14160	1	1	0	0
3	3	UID1424074	1	3	2	2
1	1	UID142568	1	1	0	0
1	1	UID142585	1	1	0	0
1	1	UID142658	1	1	0	0
4	4	UID1472	1	4	1	1
1	1	UID1483	1	1	0	0
1	1	UID1490	1	1	0	0
1	1	UID149225	1	1	0	0
2	2	UID1501	1	2	1	1
1	1	UID152676	1	1	0	0
1	1	UID152729	1	1	0	0
1	1	UID153972	1	1	0	0
1	1	UID1598	1	1	0	0
2	2	UID1661830	1	2	1	1
3	3	UID1664464	1	3	1	1
8	8	UID1665269	1	8	1	1
1	1	UID1665854	1	1	0	0
2	2	UID1665885	1	2	1	1
4	4	UID1666914	1	4	1	1
2	2	UID166839	1	2	1	1
4	4	UID166	1	4	1	1
1	1	UID1670066	1	1	0	0
1	1	UID1673250	1	1	0	0
5	5	UID167440	1	5	1	1
2	2	UID1675279	1	2	1	1
5	5	UID1686868	1	5	2	2
1	1	UID1687782	1	1	0	0
1	1	UID1687783	1	1	0	0
1	1	UID1687800	1	1	0	0
1	1	UID1687806	1	1	0	0
1	1	UID1687810	1	1	0	0
1	1	UID1687812	1	1	0	0
1	1	UID1687815	1	1	0	0
1	1	UID1687817	1	1	0	0
1	1	UID1687818	1	1	0	0
1	1	UID1687821	1	1	0	0
1	1	UID1687823	1	1	0	0
1	1	UID1687827	1	1	0	0
1	1	UID1687830	1	1	0	0
1	1	UID1687831	1	1	0	0
1	1	UID1687833	1	1	0	0
1	1	UID1687837	1	1	0	0
1	1	UID1687845	1	1	0	0
1	1	UID1687850	1	1	0	0
1	1	UID1687853	1	1	0	0
1	1	UID1687854	1	1	0	0
1	1	UID1687858	1	1	0	0
1	1	UID1687859	1	1	0	0
1	1	UID1687861	1	1	0	0
1	1	UID1687863	1	1	0	0
1	1	UID1687864	1	1	0	0
1	1	UID1687865	1	1	0	0
1	1	UID1687866	1	1	0	0
1	1	UID1687868	1	1	0	0
1	1	UID1687869	1	1	0	0
1	1	UID1687871	1	1	0	0
1	1	UID1687873	1	1	0	0
1	1	UID1687875	1	1	0	0
1	1	UID1687876	1	1	0	0
1	1	UID1687877	1	1	0	0
1	1	UID1687880	1	1	0	0
2	2	UID1687881	1	2	1	1
1	1	UID1687887	1	1	0	0
1	1	UID1687889	1	1	0	0
3	3	UID1687894	1	3	2	2
1	1	UID1687901	1	1	0	0
1	1	UID1687903	1	1	0	0
1	1	UID1687904	1	1	0	0
1	1	UID1687915	1	1	0	0
1	1	UID1687917	1	1	0	0
2	2	UID1687918	1	2	1	1
1	1	UID1687919	1	1	0	0
1	1	UID1687920	1	1	0	0
1	1	UID1687921	1	1	0	0
1	1	UID1687923	1	1	0	0
1	1	UID1687924	1	1	0	0
1	1	UID1687930	1	1	0	0
1	1	UID1687932	1	1	0	0
1	1	UID1687933	1	1	0	0
1	1	UID1687937	1	1	0	0
1	1	UID1687944	1	1	0	0
1	1	UID1687945	1	1	0	0
1	1	UID1687949	1	1	0	0
1	1	UID1687952	1	1	0	0
1	1	UID1687965	1	1	0	0
1	1	UID1687972	1	1	0	0
1	1	UID1687977	1	1	0	0
1	1	UID1687980	1	1	0	0
1	1	UID1687981	1	1	0	0
1	1	UID1687982	1	1	0	0
1	1	UID1687984	1	1	0	0
1	1	UID1687985	1	1	0	0
1	1	UID1687991	1	1	0	0
1	1	UID1687992	1	1	0	0
1	1	UID1687996	1	1	0	0
4	4	UID1687997	1	4	2	2
1	1	UID1687999	1	1	0	0
1	1	UID1688000	1	1	0	0
1	1	UID1688011	1	1	0	0
1	1	UID1688019	1	1	0	0
1	1	UID1688023	1	1	0	0
1	1	UID1688025	1	1	0	0
1	1	UID1688028	1	1	0	0
1	1	UID1688029	1	1	0	0
1	1	UID1688038	1	1	0	0
1	1	UID1688039	1	1	0	0
1	1	UID1688043	1	1	0	0
1	1	UID1688045	1	1	0	0
1	1	UID1688051	1	1	0	0
1	1	UID1688053	1	1	0	0
1	1	UID1688059	1	1	0	0
9	9	UID1688066	1	9	3	3
1	1	UID1688067	1	1	0	0
3	3	UID1688068	1	3	2	2
1	1	UID1688069	1	1	0	0
1	1	UID1688070	1	1	0	0
1	1	UID1688071	1	1	0	0
1	1	UID1688073	1	1	0	0
1	1	UID1688074	1	1	0	0
1	1	UID1688078	1	1	0	0
1	1	UID1688082	1	1	0	0
1	1	UID1688089	1	1	0	0
1	1	UID1688091	1	1	0	0
1	1	UID1688094	1	1	0	0
1	1	UID1688098	1	1	0	0
1	1	UID1688100	1	1	0	0
2	2	UID1688103	1	2	1	1
1	1	UID1688104	1	1	0	0
1	1	UID1688109	1	1	0	0
1	1	UID1688110	1	1	0	0
1	1	UID1688113	1	1	0	0
1	1	UID1688114	1	1	0	0
1	1	UID1688117	1	1	0	0
1	1	UID1688118	1	1	0	0
1	1	UID1688124	1	1	0	0
1	1	UID1688125	1	1	0	0
1	1	UID1688126	1	1	0	0
1	1	UID1688133	1	1	0	0
1	1	UID1688147	1	1	0	0
1	1	UID1688150	1	1	0	0
1	1	UID1688152	1	1	0	0
1	1	UID1688156	1	1	0	0
1	1	UID1688157	1	1	0	0
1	1	UID1688163	1	1	0	0
1	1	UID1688167	1	1	0	0
1	1	UID1688170	1	1	0	0
1	1	UID1688171	1	1	0	0
1	1	UID1688179	1	1	0	0
1	1	UID1688181	1	1	0	0
1	1	UID1688183	1	1	0	0
1	1	UID1688184	1	1	0	0
1	1	UID1688186	1	1	0	0
1	1	UID1688189	1	1	0	0
1	1	UID1688200	1	1	0	0
1	1	UID1688202	1	1	0	0
1	1	UID1688205	1	1	0	0
1	1	UID1688206	1	1	0	0
1	1	UID1688207	1	1	0	0
1	1	UID1688208	1	1	0	0
1	1	UID1688211	1	1	0	0
1	1	UID1688212	1	1	0	0
1	1	UID1688220	1	1	0	0
1	1	UID1688221	1	1	0	0
1	1	UID1688226	1	1	0	0
1	1	UID1688232	1	1	0	0
1	1	UID1688236	1	1	0	0
1	1	UID1688243	1	1	0	0
1	1	UID1688248	1	1	0	0
1	1	UID1688249	1	1	0	0
1	1	UID1688252	1	1	0	0
1	1	UID1688254	1	1	0	0
1	1	UID1688259	1	1	0	0
1	1	UID1688260	1	1	0	0
1	1	UID1688263	1	1	0	0
1	1	UID1688266	1	1	0	0
1	1	UID1688268	1	1	0	0
1	1	UID1688269	1	1	0	0
1	1	UID1688270	1	1	0	0
1	1	UID1688272	1	1	0	0
1	1	UID1688275	1	1	0	0
1	1	UID1688284	1	1	0	0
1	1	UID1688285	1	1	0	0
1	1	UID1688292	1	1	0	0
1	1	UID1688301	1	1	0	0
1	1	UID1688302	1	1	0	0
1	1	UID1688303	1	1	0	0
1	1	UID1688312	1	1	0	0
1	1	UID1688314	1	1	0	0
1	1	UID1688317	1	1	0	0
1	1	UID1688325	1	1	0	0
1	1	UID1688328	1	1	0	0
1	1	UID1688329	1	1	0	0
1	1	UID1688330	1	1	0	0
1	1	UID1688339	1	1	0	0
1	1	UID1688343	1	1	0	0
1	1	UID1688347	1	1	0	0
1	1	UID1688352	1	1	0	0
1	1	UID1688356	1	1	0	0
1	1	UID1688358	1	1	0	0
1	1	UID1688359	1	1	0	0
1	1	UID1688360	1	1	0	0
1	1	UID1688364	1	1	0	0
1	1	UID1688366	1	1	0	0
1	1	UID1688368	1	1	0	0
1	1	UID1688373	1	1	0	0
1	1	UID1688375	1	1	0	0
1	1	UID1688376	1	1	0	0
1	1	UID1688379	1	1	0	0
1	1	UID1688382	1	1	0	0
1	1	UID1688385	1	1	0	0
1	1	UID1688390	1	1	0	0
1	1	UID1688392	1	1	0	0
1	1	UID1688393	1	1	0	0
1	1	UID1688398	1	1	0	0
1	1	UID1688399	1	1	0	0
1	1	UID1688400	1	1	0	0
1	1	UID1688402	1	1	0	0
1	1	UID1688409	1	1	0	0
1	1	UID1688411	1	1	0	0
1	1	UID1688415	1	1	0	0
1	1	UID1688418	1	1	0	0
1	1	UID1688426	1	1	0	0
1	1	UID1688428	1	1	0	0
1	1	UID1688429	1	1	0	0
1	1	UID1688430	1	1	0	0
1	1	UID1688431	1	1	0	0
1	1	UID1688432	1	1	0	0
1	1	UID1688433	1	1	0	0
1	1	UID1688437	1	1	0	0
1	1	UID1688439	1	1	0	0
1	1	UID1688440	1	1	0	0
1	1	UID1688441	1	1	0	0
1	1	UID1688448	1	1	0	0
1	1	UID1688449	1	1	0	0
1	1	UID1688454	1	1	0	0
1	1	UID1688456	1	1	0	0
1	1	UID1688463	1	1	0	0
1	1	UID1688466	1	1	0	0
1	1	UID1688468	1	1	0	0
1	1	UID1688469	1	1	0	0
1	1	UID1688470	1	1	0	0
1	1	UID1688471	1	1	0	0
1	1	UID1688473	1	1	0	0
1	1	UID1688475	1	1	0	0
1	1	UID1688477	1	1	0	0
1	1	UID1688483	1	1	0	0
1	1	UID1688484	1	1	0	0
1	1	UID1688493	1	1	0	0
1	1	UID1688499	1	1	0	0
1	1	UID1688506	1	1	0	0
1	1	UID1688511	1	1	0	0
1	1	UID1688512	1	1	0	0
1	1	UID1688514	1	1	0	0
1	1	UID1688515	1	1	0	0
1	1	UID1688519	1	1	0	0
1	1	UID1688520	1	1	0	0
1	1	UID1688523	1	1	0	0
1	1	UID1688524	1	1	0	0
1	1	UID1688525	1	1	0	0
1	1	UID1688527	1	1	0	0
1	1	UID1688534	1	1	0	0
1	1	UID1688535	1	1	0	0
1	1	UID1688536	1	1	0	0
1	1	UID1688537	1	1	0	0
1	1	UID1688539	1	1	0	0
1	1	UID1688540	1	1	0	0
1	1	UID1688546	1	1	0	0
1	1	UID1688548	1	1	0	0
1	1	UID1688552	1	1	0	0
1	1	UID1688553	1	1	0	0
1	1	UID1688554	1	1	0	0
1	1	UID1688559	1	1	0	0
1	1	UID1688560	1	1	0	0
1	1	UID1688563	1	1	0	0
1	1	UID1688564	1	1	0	0
1	1	UID1688565	1	1	0	0
1	1	UID1688566	1	1	0	0
1	1	UID1688568	1	1	0	0
1	1	UID1688570	1	1	0	0
1	1	UID1688571	1	1	0	0
1	1	UID1688572	1	1	0	0
1	1	UID1688579	1	1	0	0
1	1	UID1688581	1	1	0	0
1	1	UID1688582	1	1	0	0
3	3	UID1688583	1	3	2	2
1	1	UID1688584	1	1	0	0
1	1	UID1688603	1	1	0	0
1	1	UID1688605	1	1	0	0
1	1	UID1688608	1	1	0	0
1	1	UID1688611	1	1	0	0
1	1	UID1688613	1	1	0	0
1	1	UID1688614	1	1	0	0
1	1	UID1688629	1	1	0	0
1	1	UID1688635	1	1	0	0
1	1	UID1688638	1	1	0	0
1	1	UID1688644	1	1	0	0
1	1	UID1688645	1	1	0	0
1	1	UID1688650	1	1	0	0
1	1	UID1688654	1	1	0	0
1	1	UID1688660	1	1	0	0
1	1	UID1688661	1	1	0	0
4	4	UID1688664	1	4	2	2
1	1	UID1688668	1	1	0	0
1	1	UID1688673	1	1	0	0
1	1	UID1688675	1	1	0	0
1	1	UID1688676	1	1	0	0
1	1	UID1688682	1	1	0	0
4	4	UID1688685	1	4	2	2
1	1	UID1688686	1	1	0	0
1	1	UID1688687	1	1	0	0
1	1	UID1688691	1	1	0	0
1	1	UID1688697	1	1	0	0
1	1	UID1688703	1	1	0	0
1	1	UID1688705	1	1	0	0
1	1	UID1688709	1	1	0	0
1	1	UID1688713	1	1	0	0
1	1	UID1688715	1	1	0	0
4	4	UID1688716	1	4	2	2
1	1	UID1688718	1	1	0	0
3	3	UID1688720	1	3	2	2
1	1	UID1688721	1	1	0	0
1	1	UID1688722	1	1	0	0
1	1	UID1688724	1	1	0	0
1	1	UID1688727	1	1	0	0
1	1	UID1688730	1	1	0	0
1	1	UID1688731	1	1	0	0
1	1	UID1688732	1	1	0	0
1	1	UID1688734	1	1	0	0
1	1	UID1688735	1	1	0	0
1	1	UID1688736	1	1	0	0
1	1	UID1688742	1	1	0	0
1	1	UID1688743	1	1	0	0
1	1	UID1688745	1	1	0	0
1	1	UID1688746	1	1	0	0
1	1	UID1688751	1	1	0	0
1	1	UID1688754	1	1	0	0
1	1	UID1688755	1	1	0	0
1	1	UID1688757	1	1	0	0
1	1	UID1688759	1	1	0	0
1	1	UID1688760	1	1	0	0
1	1	UID1688771	1	1	0	0
1	1	UID1688787	1	1	0	0
1	1	UID1688788	1	1	0	0
1	1	UID1688789	1	1	0	0
1	1	UID1688797	1	1	0	0
1	1	UID1688800	1	1	0	0
1	1	UID1688802	1	1	0	0
3	3	UID1688814	1	3	2	2
1	1	UID1688817	1	1	0	0
1	1	UID1688819	1	1	0	0
1	1	UID1688820	1	1	0	0
1	1	UID1688823	1	1	0	0
1	1	UID1688844	1	1	0	0
1	1	UID1688847	1	1	0	0
1	1	UID1688848	1	1	0	0
1	1	UID1688849	1	1	0	0
1	1	UID1688851	1	1	0	0
1	1	UID1688852	1	1	0	0
1	1	UID1688854	1	1	0	0
1	1	UID1688856	1	1	0	0
1	1	UID1688901	1	1	0	0
1	1	UID1688960	1	1	0	0
1	1	UID1688962	1	1	0	0
1	1	UID1688970	1	1	0	0
1	1	UID1688974	1	1	0	0
1	1	UID1688980	1	1	0	0
2	2	UID1688981	1	2	1	1
1	1	UID1688982	1	1	0	0
1	1	UID1688992	1	1	0	0
1	1	UID1689003	1	1	0	0
1	1	UID1689004	1	1	0	0
1	1	UID1689005	1	1	0	0
1	1	UID1689006	1	1	0	0
1	1	UID1689008	1	1	0	0
1	1	UID1689013	1	1	0	0
1	1	UID1689014	1	1	0	0
1	1	UID1689015	1	1	0	0
1	1	UID1689019	1	1	0	0
3	3	UID1689022	1	3	2	2
1	1	UID1689026	1	1	0	0
1	1	UID1689032	1	1	0	0
1	1	UID1689034	1	1	0	0
1	1	UID1689035	1	1	0	0
1	1	UID1689047	1	1	0	0
1	1	UID1689050	1	1	0	0
1	1	UID1689055	1	1	0	0
1	1	UID1689058	1	1	0	0
1	1	UID1689062	1	1	0	0
1	1	UID1689063	1	1	0	0
1	1	UID1689067	1	1	0	0
1	1	UID1689068	1	1	0	0
1	1	UID1689071	1	1	0	0
1	1	UID1689082	1	1	0	0
1	1	UID1689083	1	1	0	0
1	1	UID1689088	1	1	0	0
1	1	UID1689091	1	1	0	0
1	1	UID1689093	1	1	0	0
1	1	UID1689094	1	1	0	0
1	1	UID1689095	1	1	0	0
1	1	UID1689096	1	1	0	0
1	1	UID1689098	1	1	0	0
1	1	UID1689100	1	1	0	0
1	1	UID1689104	1	1	0	0
1	1	UID1689108	1	1	0	0
1	1	UID1689132	1	1	0	0
1	1	UID1689134	1	1	0	0
1	1	UID1689137	1	1	0	0
1	1	UID1689143	1	1	0	0
1	1	UID1689145	1	1	0	0
1	1	UID1689147	1	1	0	0
1	1	UID1689149	1	1	0	0
1	1	UID1689151	1	1	0	0
5	5	UID1689153	1	5	2	2
1	1	UID1689154	1	1	0	0
1	1	UID1689160	1	1	0	0
1	1	UID1689161	1	1	0	0
1	1	UID1689175	1	1	0	0
1	1	UID1689181	1	1	0	0
1	1	UID1689183	1	1	0	0
1	1	UID1689185	1	1	0	0
1	1	UID1689186	1	1	0	0
1	1	UID1689188	1	1	0	0
1	1	UID1689194	1	1	0	0
1	1	UID1689200	1	1	0	0
1	1	UID1689209	1	1	0	0
1	1	UID1689211	1	1	0	0
1	1	UID1689216	1	1	0	0
1	1	UID1689217	1	1	0	0
1	1	UID1689221	1	1	0	0
1	1	UID1689230	1	1	0	0
1	1	UID1689236	1	1	0	0
1	1	UID1689238	1	1	0	0
1	1	UID1689241	1	1	0	0
1	1	UID1689244	1	1	0	0
1	1	UID1689245	1	1	0	0
1	1	UID1689246	1	1	0	0
1	1	UID1689247	1	1	0	0
1	1	UID1689249	1	1	0	0
1	1	UID1689250	1	1	0	0
1	1	UID1689252	1	1	0	0
1	1	UID1689261	1	1	0	0
1	1	UID1689267	1	1	0	0
1	1	UID1689268	1	1	0	0
1	1	UID1689276	1	1	0	0
1	1	UID1689278	1	1	0	0
1	1	UID1689279	1	1	0	0
1	1	UID1689280	1	1	0	0
1	1	UID1689284	1	1	0	0
1	1	UID1689285	1	1	0	0
1	1	UID1689293	1	1	0	0
1	1	UID1689294	1	1	0	0
1	1	UID1689299	1	1	0	0
1	1	UID1689307	1	1	0	0
1	1	UID1689318	1	1	0	0
1	1	UID1689322	1	1	0	0
1	1	UID1689344	1	1	0	0
1	1	UID1689346	1	1	0	0
1	1	UID1689347	1	1	0	0
1	1	UID1689350	1	1	0	0
1	1	UID1689351	1	1	0	0
1	1	UID1689352	1	1	0	0
1	1	UID1689354	1	1	0	0
1	1	UID1689361	1	1	0	0
1	1	UID1689362	1	1	0	0
1	1	UID1689364	1	1	0	0
1	1	UID1689369	1	1	0	0
1	1	UID1689373	1	1	0	0
1	1	UID1689374	1	1	0	0
1	1	UID1689378	1	1	0	0
1	1	UID1689379	1	1	0	0
1	1	UID1689380	1	1	0	0
1	1	UID1689381	1	1	0	0
1	1	UID1689386	1	1	0	0
1	1	UID1689391	1	1	0	0
1	1	UID1689392	1	1	0	0
1	1	UID1689393	1	1	0	0
1	1	UID1689395	1	1	0	0
1	1	UID1689396	1	1	0	0
1	1	UID1689397	1	1	0	0
1	1	UID1689401	1	1	0	0
1	1	UID1689402	1	1	0	0
1	1	UID1689408	1	1	0	0
1	1	UID1689409	1	1	0	0
1	1	UID1689421	1	1	0	0
1	1	UID1689423	1	1	0	0
1	1	UID1689426	1	1	0	0
1	1	UID1689434	1	1	0	0
1	1	UID1689435	1	1	0	0
1	1	UID1689437	1	1	0	0
1	1	UID1689440	1	1	0	0
1	1	UID1689444	1	1	0	0
1	1	UID1689445	1	1	0	0
1	1	UID1689449	1	1	0	0
1	1	UID1689458	1	1	0	0
1	1	UID1689461	1	1	0	0
1	1	UID1689462	1	1	0	0
1	1	UID1689463	1	1	0	0
1	1	UID1689466	1	1	0	0
1	1	UID1689469	1	1	0	0
1	1	UID1689472	1	1	0	0
1	1	UID1689474	1	1	0	0
1	1	UID1689475	1	1	0	0
1	1	UID1689484	1	1	0	0
1	1	UID1689485	1	1	0	0
1	1	UID1689488	1	1	0	0
1	1	UID1689489	1	1	0	0
1	1	UID1689490	1	1	0	0
1	1	UID1689491	1	1	0	0
1	1	UID1689495	1	1	0	0
1	1	UID1689496	1	1	0	0
1	1	UID1689497	1	1	0	0
1	1	UID1689499	1	1	0	0
1	1	UID1689503	1	1	0	0
1	1	UID1689505	1	1	0	0
1	1	UID1689506	1	1	0	0
1	1	UID1689507	1	1	0	0
1	1	UID1689508	1	1	0	0
1	1	UID1689521	1	1	0	0
1	1	UID1689530	1	1	0	0
1	1	UID1689532	1	1	0	0
1	1	UID1689533	1	1	0	0
1	1	UID1689534	1	1	0	0
1	1	UID1689550	1	1	0	0
1	1	UID1689552	1	1	0	0
1	1	UID1689554	1	1	0	0
1	1	UID1689555	1	1	0	0
1	1	UID1689557	1	1	0	0
1	1	UID1689561	1	1	0	0
1	1	UID1689562	1	1	0	0
1	1	UID1689563	1	1	0	0
1	1	UID1689565	1	1	0	0
1	1	UID1689567	1	1	0	0
1	1	UID1689569	1	1	0	0
1	1	UID1689570	1	1	0	0
1	1	UID1689573	1	1	0	0
1	1	UID1689586	1	1	0	0
1	1	UID1689589	1	1	0	0
1	1	UID1689590	1	1	0	0
1	1	UID1689591	1	1	0	0
1	1	UID1689593	1	1	0	0
1	1	UID1689599	1	1	0	0
1	1	UID1689603	1	1	0	0
1	1	UID1689604	1	1	0	0
1	1	UID1689618	1	1	0	0
1	1	UID1689620	1	1	0	0
1	1	UID1689622	1	1	0	0
1	1	UID1689623	1	1	0	0
1	1	UID1689624	1	1	0	0
1	1	UID1689625	1	1	0	0
1	1	UID1689626	1	1	0	0
1	1	UID1689627	1	1	0	0
1	1	UID1689630	1	1	0	0
1	1	UID1689631	1	1	0	0
1	1	UID1689633	1	1	0	0
1	1	UID1689635	1	1	0	0
1	1	UID1689636	1	1	0	0
1	1	UID1689637	1	1	0	0
1	1	UID1689641	1	1	0	0
1	1	UID1689644	1	1	0	0
1	1	UID1689645	1	1	0	0
1	1	UID1689646	1	1	0	0
1	1	UID1689647	1	1	0	0
3	3	UID1689649	1	3	2	2
1	1	UID1689652	1	1	0	0
1	1	UID1689655	1	1	0	0
1	1	UID1689658	1	1	0	0
1	1	UID1689681	1	1	0	0
1	1	UID1689682	1	1	0	0
1	1	UID1689688	1	1	0	0
1	1	UID1689690	1	1	0	0
1	1	UID1689691	1	1	0	0
1	1	UID1689692	1	1	0	0
1	1	UID1689696	1	1	0	0
1	1	UID1689697	1	1	0	0
1	1	UID1689698	1	1	0	0
1	1	UID1689706	1	1	0	0
1	1	UID1689707	1	1	0	0
1	1	UID1689708	1	1	0	0
1	1	UID1689710	1	1	0	0
1	1	UID1689711	1	1	0	0
1	1	UID1689712	1	1	0	0
1	1	UID1689713	1	1	0	0
1	1	UID1689714	1	1	0	0
1	1	UID1689715	1	1	0	0
1	1	UID1689717	1	1	0	0
1	1	UID1689722	1	1	0	0
1	1	UID1689728	1	1	0	0
1	1	UID1689735	1	1	0	0
1	1	UID1689736	1	1	0	0
1	1	UID1689739	1	1	0	0
1	1	UID1689740	1	1	0	0
1	1	UID1689741	1	1	0	0
1	1	UID1689745	1	1	0	0
1	1	UID1689747	1	1	0	0
1	1	UID1689753	1	1	0	0
1	1	UID1689755	1	1	0	0
1	1	UID1689757	1	1	0	0
1	1	UID1689759	1	1	0	0
1	1	UID1689772	1	1	0	0
1	1	UID1689775	1	1	0	0
1	1	UID1689776	1	1	0	0
1	1	UID1689779	1	1	0	0
1	1	UID1689781	1	1	0	0
1	1	UID1689782	1	1	0	0
1	1	UID1689783	1	1	0	0
1	1	UID1689784	1	1	0	0
1	1	UID1689786	1	1	0	0
1	1	UID1689787	1	1	0	0
1	1	UID1689788	1	1	0	0
1	1	UID1689789	1	1	0	0
1	1	UID1689791	1	1	0	0
1	1	UID1689804	1	1	0	0
1	1	UID1689814	1	1	0	0
1	1	UID1689821	1	1	0	0
1	1	UID1689822	1	1	0	0
1	1	UID1689823	1	1	0	0
1	1	UID1689824	1	1	0	0
1	1	UID1689830	1	1	0	0
1	1	UID1689831	1	1	0	0
1	1	UID1689832	1	1	0	0
1	1	UID1689833	1	1	0	0
1	1	UID1689835	1	1	0	0
1	1	UID1689843	1	1	0	0
1	1	UID1689844	1	1	0	0
1	1	UID1689846	1	1	0	0
1	1	UID1689847	1	1	0	0
1	1	UID1689853	1	1	0	0
1	1	UID1689854	1	1	0	0
1	1	UID1689855	1	1	0	0
4	4	UID1689857	1	4	2	2
1	1	UID1689858	1	1	0	0
1	1	UID1689859	1	1	0	0
1	1	UID1689860	1	1	0	0
1	1	UID1689862	1	1	0	0
1	1	UID1689867	1	1	0	0
1	1	UID1689869	1	1	0	0
1	1	UID1689872	1	1	0	0
1	1	UID1689873	1	1	0	0
1	1	UID1689876	1	1	0	0
1	1	UID1689878	1	1	0	0
1	1	UID1689881	1	1	0	0
2	2	UID1689882	1	2	1	1
1	1	UID1689885	1	1	0	0
6	6	UID1689889	1	6	2	2
1	1	UID1689891	1	1	0	0
1	1	UID1689893	1	1	0	0
1	1	UID1689897	1	1	0	0
1	1	UID1689912	1	1	0	0
1	1	UID1689915	1	1	0	0
1	1	UID1689919	1	1	0	0
1	1	UID1689920	1	1	0	0
1	1	UID1689921	1	1	0	0
1	1	UID1689926	1	1	0	0
1	1	UID1689927	1	1	0	0
1	1	UID1689928	1	1	0	0
1	1	UID1689930	1	1	0	0
1	1	UID1689931	1	1	0	0
1	1	UID1689933	1	1	0	0
1	1	UID1689935	1	1	0	0
1	1	UID1689936	1	1	0	0
1	1	UID1689937	1	1	0	0
1	1	UID1689944	1	1	0	0
1	1	UID1689945	1	1	0	0
1	1	UID1689948	1	1	0	0
4	4	UID1689949	1	4	2	2
1	1	UID1689951	1	1	0	0
1	1	UID1689954	1	1	0	0
1	1	UID1689956	1	1	0	0
1	1	UID1689962	1	1	0	0
1	1	UID1689965	1	1	0	0
1	1	UID1689966	1	1	0	0
1	1	UID1689968	1	1	0	0
1	1	UID1689981	1	1	0	0
1	1	UID1689990	1	1	0	0
1	1	UID1689996	1	1	0	0
1	1	UID1689998	1	1	0	0
1	1	UID1689999	1	1	0	0
5	5	UID1690005	1	5	3	3
1	1	UID1690006	1	1	0	0
1	1	UID1690009	1	1	0	0
1	1	UID1690010	1	1	0	0
1	1	UID1690013	1	1	0	0
1	1	UID1690015	1	1	0	0
1	1	UID1690017	1	1	0	0
1	1	UID1690019	1	1	0	0
1	1	UID1690020	1	1	0	0
1	1	UID1690023	1	1	0	0
1	1	UID1690024	1	1	0	0
1	1	UID1690026	1	1	0	0
1	1	UID1690029	1	1	0	0
1	1	UID1690030	1	1	0	0
1	1	UID1690037	1	1	0	0
1	1	UID1690038	1	1	0	0
1	1	UID1690043	1	1	0	0
1	1	UID1690044	1	1	0	0
1	1	UID1690049	1	1	0	0
1	1	UID1690051	1	1	0	0
1	1	UID1690054	1	1	0	0
1	1	UID1690055	1	1	0	0
1	1	UID1690057	1	1	0	0
1	1	UID1690058	1	1	0	0
1	1	UID1690060	1	1	0	0
1	1	UID1690070	1	1	0	0
1	1	UID1690073	1	1	0	0
1	1	UID1690074	1	1	0	0
1	1	UID1690075	1	1	0	0
1	1	UID1690076	1	1	0	0
1	1	UID1690087	1	1	0	0
1	1	UID1690090	1	1	0	0
1	1	UID1690092	1	1	0	0
1	1	UID1690093	1	1	0	0
1	1	UID1690095	1	1	0	0
1	1	UID1690098	1	1	0	0
1	1	UID1690116	1	1	0	0
1	1	UID1690117	1	1	0	0
1	1	UID1690119	1	1	0	0
1	1	UID1690133	1	1	0	0
1	1	UID1690135	1	1	0	0
1	1	UID1690144	1	1	0	0
1	1	UID1690148	1	1	0	0
1	1	UID1690150	1	1	0	0
1	1	UID1690161	1	1	0	0
1	1	UID1690162	1	1	0	0
1	1	UID1690166	1	1	0	0
1	1	UID1690167	1	1	0	0
1	1	UID1690168	1	1	0	0
1	1	UID1690171	1	1	0	0
1	1	UID1690172	1	1	0	0
1	1	UID1690173	1	1	0	0
1	1	UID1690179	1	1	0	0
1	1	UID1690184	1	1	0	0
1	1	UID1690187	1	1	0	0
1	1	UID1690190	1	1	0	0
1	1	UID1690202	1	1	0	0
1	1	UID1690204	1	1	0	0
1	1	UID1690205	1	1	0	0
1	1	UID1690206	1	1	0	0
1	1	UID1690208	1	1	0	0
1	1	UID1690210	1	1	0	0
1	1	UID1690211	1	1	0	0
1	1	UID1690212	1	1	0	0
1	1	UID1690214	1	1	0	0
1	1	UID1690215	1	1	0	0
1	1	UID1690218	1	1	0	0
1	1	UID1690219	1	1	0	0
1	1	UID1690220	1	1	0	0
1	1	UID1690223	1	1	0	0
1	1	UID1690224	1	1	0	0
1	1	UID1690225	1	1	0	0
1	1	UID1690243	1	1	0	0
1	1	UID1690248	1	1	0	0
1	1	UID1690255	1	1	0	0
1	1	UID1690256	1	1	0	0
1	1	UID1690263	1	1	0	0
1	1	UID1690267	1	1	0	0
1	1	UID1690268	1	1	0	0
1	1	UID1690272	1	1	0	0
1	1	UID1690275	1	1	0	0
1	1	UID1690281	1	1	0	0
1	1	UID1690282	1	1	0	0
1	1	UID1690285	1	1	0	0
1	1	UID1690288	1	1	0	0
1	1	UID1690319	1	1	0	0
1	1	UID1690320	1	1	0	0
1	1	UID1690322	1	1	0	0
1	1	UID1690331	1	1	0	0
1	1	UID1690333	1	1	0	0
1	1	UID1690335	1	1	0	0
1	1	UID1690337	1	1	0	0
1	1	UID1690338	1	1	0	0
1	1	UID1690339	1	1	0	0
1	1	UID1690340	1	1	0	0
1	1	UID1690341	1	1	0	0
1	1	UID1690350	1	1	0	0
1	1	UID1690353	1	1	0	0
1	1	UID1690368	1	1	0	0
1	1	UID1690369	1	1	0	0
1	1	UID1690375	1	1	0	0
1	1	UID1690385	1	1	0	0
1	1	UID1690389	1	1	0	0
1	1	UID1690390	1	1	0	0
1	1	UID1690404	1	1	0	0
1	1	UID1690405	1	1	0	0
1	1	UID1690409	1	1	0	0
1	1	UID1690411	1	1	0	0
1	1	UID1690412	1	1	0	0
1	1	UID1690414	1	1	0	0
1	1	UID1690415	1	1	0	0
1	1	UID1690417	1	1	0	0
1	1	UID1690418	1	1	0	0
1	1	UID1690419	1	1	0	0
1	1	UID1690420	1	1	0	0
1	1	UID1690421	1	1	0	0
1	1	UID1690433	1	1	0	0
1	1	UID1690434	1	1	0	0
1	1	UID1690435	1	1	0	0
1	1	UID1690436	1	1	0	0
1	1	UID1690437	1	1	0	0
1	1	UID1690439	1	1	0	0
1	1	UID1690441	1	1	0	0
1	1	UID1690442	1	1	0	0
1	1	UID1690443	1	1	0	0
1	1	UID1690444	1	1	0	0
1	1	UID1690446	1	1	0	0
1	1	UID1690447	1	1	0	0
1	1	UID1690452	1	1	0	0
1	1	UID1690456	1	1	0	0
1	1	UID1690464	1	1	0	0
1	1	UID1690466	1	1	0	0
1	1	UID1690467	1	1	0	0
1	1	UID1690469	1	1	0	0
1	1	UID1690471	1	1	0	0
1	1	UID1690482	1	1	0	0
1	1	UID1690492	1	1	0	0
1	1	UID1690496	1	1	0	0
1	1	UID1690497	1	1	0	0
1	1	UID1690503	1	1	0	0
1	1	UID1690512	1	1	0	0
1	1	UID1690515	1	1	0	0
1	1	UID1690520	1	1	0	0
1	1	UID1690532	1	1	0	0
1	1	UID1690537	1	1	0	0
1	1	UID1690540	1	1	0	0
1	1	UID1690550	1	1	0	0
1	1	UID1690555	1	1	0	0
1	1	UID1690572	1	1	0	0
1	1	UID1690574	1	1	0	0
1	1	UID1690584	1	1	0	0
1	1	UID1690597	1	1	0	0
1	1	UID1690610	1	1	0	0
1	1	UID1690612	1	1	0	0
1	1	UID1690637	1	1	0	0
1	1	UID1690639	1	1	0	0
1	1	UID1690644	1	1	0	0
1	1	UID1690650	1	1	0	0
1	1	UID1690658	1	1	0	0
1	1	UID1690659	1	1	0	0
1	1	UID1690661	1	1	0	0
1	1	UID1690662	1	1	0	0
1	1	UID1690663	1	1	0	0
1	1	UID1690665	1	1	0	0
1	1	UID1690666	1	1	0	0
1	1	UID1690667	1	1	0	0
1	1	UID1690668	1	1	0	0
1	1	UID1690669	1	1	0	0
1	1	UID1690671	1	1	0	0
1	1	UID1690676	1	1	0	0
1	1	UID1690678	1	1	0	0
1	1	UID1690680	1	1	0	0
1	1	UID1690701	1	1	0	0
1	1	UID1690717	1	1	0	0
1	1	UID1690813	1	1	0	0
1	1	UID1690821	1	1	0	0
1	1	UID1690955	1	1	0	0
1	1	UID1690996	1	1	0	0
1	1	UID1691042	1	1	0	0
1	1	UID1691043	1	1	0	0
1	1	UID1691044	1	1	0	0
1	1	UID1691058	1	1	0	0
1	1	UID1691060	1	1	0	0
1	1	UID1691063	1	1	0	0
1	1	UID1691065	1	1	0	0
1	1	UID1691066	1	1	0	0
1	1	UID1691069	1	1	0	0
1	1	UID1691070	1	1	0	0
1	1	UID1691071	1	1	0	0
4	4	UID1691075	1	4	2	2
1	1	UID1691082	1	1	0	0
1	1	UID1691087	1	1	0	0
4	4	UID1691095	1	4	2	2
1	1	UID1691107	1	1	0	0
1	1	UID1691114	1	1	0	0
1	1	UID1691127	1	1	0	0
1	1	UID1691129	1	1	0	0
1	1	UID1691135	1	1	0	0
1	1	UID1691150	1	1	0	0
1	1	UID1691152	1	1	0	0
1	1	UID1691160	1	1	0	0
1	1	UID1691164	1	1	0	0
1	1	UID1691166	1	1	0	0
1	1	UID1691167	1	1	0	0
1	1	UID1691169	1	1	0	0
1	1	UID1691172	1	1	0	0
1	1	UID1691196	1	1	0	0
1	1	UID1691198	1	1	0	0
1	1	UID1691201	1	1	0	0
1	1	UID1691234	1	1	0	0
1	1	UID1691236	1	1	0	0
1	1	UID1691242	1	1	0	0
1	1	UID1691254	1	1	0	0
1	1	UID1691259	1	1	0	0
1	1	UID1691265	1	1	0	0
1	1	UID1691266	1	1	0	0
1	1	UID1691268	1	1	0	0
1	1	UID1691269	1	1	0	0
1	1	UID1691270	1	1	0	0
1	1	UID1691281	1	1	0	0
1	1	UID1691298	1	1	0	0
1	1	UID1691300	1	1	0	0
1	1	UID1691302	1	1	0	0
1	1	UID1691305	1	1	0	0
1	1	UID1691315	1	1	0	0
1	1	UID1691318	1	1	0	0
1	1	UID1691321	1	1	0	0
1	1	UID1691322	1	1	0	0
1	1	UID1691323	1	1	0	0
1	1	UID1691341	1	1	0	0
1	1	UID1691346	1	1	0	0
1	1	UID1691349	1	1	0	0
1	1	UID1691353	1	1	0	0
1	1	UID1691361	1	1	0	0
1	1	UID1691362	1	1	0	0
1	1	UID1691367	1	1	0	0
1	1	UID1691368	1	1	0	0
1	1	UID1691369	1	1	0	0
1	1	UID1691370	1	1	0	0
1	1	UID1691373	1	1	0	0
1	1	UID1691378	1	1	0	0
1	1	UID1691379	1	1	0	0
1	1	UID1691380	1	1	0	0
1	1	UID1691392	1	1	0	0
1	1	UID1691399	1	1	0	0
1	1	UID1691402	1	1	0	0
1	1	UID1691403	1	1	0	0
1	1	UID1691412	1	1	0	0
1	1	UID1691427	1	1	0	0
1	1	UID1691432	1	1	0	0
1	1	UID1691440	1	1	0	0
1	1	UID1691444	1	1	0	0
1	1	UID1691448	1	1	0	0
1	1	UID1691449	1	1	0	0
1	1	UID1691452	1	1	0	0
1	1	UID1691453	1	1	0	0
1	1	UID1691456	1	1	0	0
1	1	UID1691458	1	1	0	0
1	1	UID1691462	1	1	0	0
1	1	UID1691467	1	1	0	0
1	1	UID1691471	1	1	0	0
1	1	UID1691472	1	1	0	0
1	1	UID1691480	1	1	0	0
1	1	UID1691483	1	1	0	0
1	1	UID1691484	1	1	0	0
1	1	UID1691490	1	1	0	0
1	1	UID1691492	1	1	0	0
1	1	UID1691499	1	1	0	0
1	1	UID1691501	1	1	0	0
1	1	UID1691505	1	1	0	0
1	1	UID1691507	1	1	0	0
1	1	UID1691509	1	1	0	0
1	1	UID1691512	1	1	0	0
1	1	UID1691513	1	1	0	0
1	1	UID1691514	1	1	0	0
1	1	UID1691515	1	1	0	0
1	1	UID1691516	1	1	0	0
1	1	UID1691519	1	1	0	0
1	1	UID1691521	1	1	0	0
1	1	UID1691533	1	1	0	0
1	1	UID1691534	1	1	0	0
1	1	UID1691537	1	1	0	0
1	1	UID1691540	1	1	0	0
1	1	UID1691542	1	1	0	0
1	1	UID1691543	1	1	0	0
1	1	UID1691548	1	1	0	0
1	1	UID1691549	1	1	0	0
1	1	UID1691550	1	1	0	0
1	1	UID1691551	1	1	0	0
1	1	UID1691553	1	1	0	0
1	1	UID1691561	1	1	0	0
1	1	UID1691562	1	1	0	0
1	1	UID1691565	1	1	0	0
1	1	UID1691578	1	1	0	0
1	1	UID1691598	1	1	0	0
1	1	UID1691601	1	1	0	0
1	1	UID1691608	1	1	0	0
1	1	UID1691613	1	1	0	0
1	1	UID1691614	1	1	0	0
1	1	UID1691618	1	1	0	0
1	1	UID1691621	1	1	0	0
1	1	UID1691622	1	1	0	0
1	1	UID1691639	1	1	0	0
1	1	UID1691641	1	1	0	0
1	1	UID1691642	1	1	0	0
1	1	UID1691643	1	1	0	0
1	1	UID1691644	1	1	0	0
1	1	UID1691646	1	1	0	0
1	1	UID1691647	1	1	0	0
1	1	UID1691648	1	1	0	0
1	1	UID1691649	1	1	0	0
1	1	UID1691650	1	1	0	0
1	1	UID1691652	1	1	0	0
1	1	UID1691654	1	1	0	0
1	1	UID1691655	1	1	0	0
1	1	UID1691663	1	1	0	0
1	1	UID1691664	1	1	0	0
1	1	UID1691665	1	1	0	0
1	1	UID1691671	1	1	0	0
1	1	UID1691677	1	1	0	0
1	1	UID1691678	1	1	0	0
1	1	UID1691679	1	1	0	0
1	1	UID1691688	1	1	0	0
1	1	UID1691689	1	1	0	0
1	1	UID1691690	1	1	0	0
1	1	UID1691692	1	1	0	0
1	1	UID1691693	1	1	0	0
1	1	UID1691694	1	1	0	0
1	1	UID1691697	1	1	0	0
1	1	UID1691698	1	1	0	0
1	1	UID1691700	1	1	0	0
1	1	UID1691701	1	1	0	0
1	1	UID1691703	1	1	0	0
1	1	UID1691706	1	1	0	0
1	1	UID1691709	1	1	0	0
1	1	UID1691710	1	1	0	0
1	1	UID1691712	1	1	0	0
1	1	UID1691713	1	1	0	0
1	1	UID1691725	1	1	0	0
1	1	UID1691727	1	1	0	0
1	1	UID1691733	1	1	0	0
1	1	UID1691734	1	1	0	0
1	1	UID1691737	1	1	0	0
1	1	UID1691738	1	1	0	0
1	1	UID1691739	1	1	0	0
1	1	UID1691740	1	1	0	0
1	1	UID1691742	1	1	0	0
1	1	UID1691748	1	1	0	0
1	1	UID1691749	1	1	0	0
1	1	UID1691750	1	1	0	0
1	1	UID1691751	1	1	0	0
1	1	UID1691754	1	1	0	0
1	1	UID1691759	1	1	0	0
1	1	UID1691766	1	1	0	0
1	1	UID1691768	1	1	0	0
1	1	UID1691772	1	1	0	0
1	1	UID1691775	1	1	0	0
1	1	UID1691778	1	1	0	0
1	1	UID1691782	1	1	0	0
1	1	UID1691794	1	1	0	0
1	1	UID1691800	1	1	0	0
1	1	UID1691802	1	1	0	0
1	1	UID1691806	1	1	0	0
1	1	UID1691812	1	1	0	0
1	1	UID1691816	1	1	0	0
1	1	UID1691818	1	1	0	0
1	1	UID1691826	1	1	0	0
1	1	UID1691827	1	1	0	0
1	1	UID1691828	1	1	0	0
1	1	UID1691829	1	1	0	0
1	1	UID1691830	1	1	0	0
1	1	UID1691831	1	1	0	0
1	1	UID1691832	1	1	0	0
1	1	UID1691841	1	1	0	0
1	1	UID1691842	1	1	0	0
1	1	UID1691847	1	1	0	0
1	1	UID1691853	1	1	0	0
1	1	UID1691862	1	1	0	0
3	3	UID1691864	1	3	2	2
1	1	UID1691866	1	1	0	0
1	1	UID1691867	1	1	0	0
1	1	UID1691868	1	1	0	0
1	1	UID1691870	1	1	0	0
1	1	UID1691871	1	1	0	0
1	1	UID1691873	1	1	0	0
1	1	UID1691874	1	1	0	0
1	1	UID1691892	1	1	0	0
1	1	UID1691894	1	1	0	0
1	1	UID1691895	1	1	0	0
1	1	UID1691907	1	1	0	0
1	1	UID1691912	1	1	0	0
1	1	UID1691917	1	1	0	0
1	1	UID1691928	1	1	0	0
1	1	UID1691936	1	1	0	0
3	3	UID1691938	1	3	2	2
1	1	UID1691940	1	1	0	0
1	1	UID1691945	1	1	0	0
1	1	UID1691950	1	1	0	0
1	1	UID1691952	1	1	0	0
1	1	UID1691955	1	1	0	0
1	1	UID1691974	1	1	0	0
1	1	UID1691977	1	1	0	0
1	1	UID1691981	1	1	0	0
1	1	UID1691986	1	1	0	0
1	1	UID1691989	1	1	0	0
1	1	UID1691994	1	1	0	0
1	1	UID1691999	1	1	0	0
1	1	UID1692000	1	1	0	0
1	1	UID1692002	1	1	0	0
1	1	UID1692004	1	1	0	0
1	1	UID1692006	1	1	0	0
1	1	UID1692008	1	1	0	0
1	1	UID1692010	1	1	0	0
1	1	UID1692013	1	1	0	0
1	1	UID1692015	1	1	0	0
1	1	UID1692016	1	1	0	0
1	1	UID1692024	1	1	0	0
1	1	UID1692026	1	1	0	0
1	1	UID1692027	1	1	0	0
1	1	UID1692031	1	1	0	0
1	1	UID1692032	1	1	0	0
1	1	UID1692033	1	1	0	0
1	1	UID1692037	1	1	0	0
1	1	UID1692038	1	1	0	0
1	1	UID1692041	1	1	0	0
1	1	UID1692045	1	1	0	0
1	1	UID1692056	1	1	0	0
1	1	UID1692059	1	1	0	0
1	1	UID1692060	1	1	0	0
1	1	UID1692063	1	1	0	0
1	1	UID1692064	1	1	0	0
1	1	UID1692081	1	1	0	0
1	1	UID1692082	1	1	0	0
1	1	UID1692087	1	1	0	0
1	1	UID1692088	1	1	0	0
1	1	UID1692092	1	1	0	0
1	1	UID1692093	1	1	0	0
1	1	UID1692094	1	1	0	0
1	1	UID1692111	1	1	0	0
1	1	UID1692112	1	1	0	0
1	1	UID1692116	1	1	0	0
1	1	UID1692117	1	1	0	0
1	1	UID1692118	1	1	0	0
1	1	UID1692122	1	1	0	0
1	1	UID1692123	1	1	0	0
1	1	UID1692124	1	1	0	0
1	1	UID1692125	1	1	0	0
1	1	UID1692140	1	1	0	0
1	1	UID1692142	1	1	0	0
1	1	UID1692157	1	1	0	0
1	1	UID1692158	1	1	0	0
1	1	UID1692161	1	1	0	0
1	1	UID1692163	1	1	0	0
1	1	UID1692164	1	1	0	0
1	1	UID1692180	1	1	0	0
1	1	UID1692186	1	1	0	0
1	1	UID1692187	1	1	0	0
1	1	UID1692197	1	1	0	0
1	1	UID1692201	1	1	0	0
1	1	UID1692202	1	1	0	0
1	1	UID1692205	1	1	0	0
1	1	UID1692210	1	1	0	0
1	1	UID1692211	1	1	0	0
1	1	UID1692212	1	1	0	0
1	1	UID1692213	1	1	0	0
1	1	UID1692214	1	1	0	0
1	1	UID1692217	1	1	0	0
1	1	UID1692219	1	1	0	0
1	1	UID1692230	1	1	0	0
1	1	UID1692232	1	1	0	0
1	1	UID1692235	1	1	0	0
1	1	UID1692236	1	1	0	0
1	1	UID1692238	1	1	0	0
1	1	UID1692239	1	1	0	0
1	1	UID1692244	1	1	0	0
1	1	UID1692257	1	1	0	0
1	1	UID1692263	1	1	0	0
1	1	UID1692272	1	1	0	0
1	1	UID1692283	1	1	0	0
1	1	UID1692285	1	1	0	0
1	1	UID1692288	1	1	0	0
1	1	UID1692289	1	1	0	0
1	1	UID1692291	1	1	0	0
1	1	UID1692293	1	1	0	0
1	1	UID1692297	1	1	0	0
1	1	UID1692298	1	1	0	0
1	1	UID1692299	1	1	0	0
1	1	UID1692300	1	1	0	0
1	1	UID1692301	1	1	0	0
1	1	UID1692302	1	1	0	0
1	1	UID1692303	1	1	0	0
1	1	UID1692306	1	1	0	0
1	1	UID1692308	1	1	0	0
1	1	UID1692312	1	1	0	0
1	1	UID1692316	1	1	0	0
1	1	UID1692320	1	1	0	0
1	1	UID1692326	1	1	0	0
1	1	UID1692327	1	1	0	0
1	1	UID1692328	1	1	0	0
1	1	UID1692330	1	1	0	0
1	1	UID1692331	1	1	0	0
1	1	UID1692333	1	1	0	0
1	1	UID1692334	1	1	0	0
1	1	UID1692339	1	1	0	0
1	1	UID1692343	1	1	0	0
1	1	UID1692344	1	1	0	0
1	1	UID1692345	1	1	0	0
1	1	UID1692346	1	1	0	0
1	1	UID1692347	1	1	0	0
1	1	UID1692348	1	1	0	0
1	1	UID1692349	1	1	0	0
1	1	UID1692350	1	1	0	0
1	1	UID1692356	1	1	0	0
1	1	UID1692357	1	1	0	0
1	1	UID1692358	1	1	0	0
1	1	UID1692359	1	1	0	0
1	1	UID1692362	1	1	0	0
1	1	UID1692363	1	1	0	0
1	1	UID1692365	1	1	0	0
1	1	UID1692366	1	1	0	0
1	1	UID1692367	1	1	0	0
1	1	UID1692368	1	1	0	0
1	1	UID1692370	1	1	0	0
1	1	UID1692372	1	1	0	0
1	1	UID1692374	1	1	0	0
1	1	UID1692375	1	1	0	0
1	1	UID1692376	1	1	0	0
3	3	UID1692377	1	3	2	2
1	1	UID1692378	1	1	0	0
1	1	UID1692379	1	1	0	0
1	1	UID1692381	1	1	0	0
1	1	UID1692382	1	1	0	0
1	1	UID1692386	1	1	0	0
1	1	UID1692387	1	1	0	0
1	1	UID1692388	1	1	0	0
1	1	UID1692390	1	1	0	0
1	1	UID1692391	1	1	0	0
1	1	UID1692393	1	1	0	0
1	1	UID1692395	1	1	0	0
1	1	UID1692398	1	1	0	0
1	1	UID1692399	1	1	0	0
1	1	UID1692400	1	1	0	0
1	1	UID1692402	1	1	0	0
3	3	UID1692403	1	3	2	2
1	1	UID1692404	1	1	0	0
1	1	UID1692405	1	1	0	0
1	1	UID1692406	1	1	0	0
1	1	UID1692408	1	1	0	0
1	1	UID1692411	1	1	0	0
1	1	UID1692413	1	1	0	0
1	1	UID1692414	1	1	0	0
1	1	UID1692415	1	1	0	0
1	1	UID1692416	1	1	0	0
1	1	UID1692417	1	1	0	0
1	1	UID1692418	1	1	0	0
1	1	UID1692420	1	1	0	0
2	2	UID1692421	1	2	1	1
1	1	UID1692423	1	1	0	0
1	1	UID1692424	1	1	0	0
1	1	UID1692425	1	1	0	0
1	1	UID1692426	1	1	0	0
1	1	UID1692429	1	1	0	0
1	1	UID1692430	1	1	0	0
1	1	UID1692431	1	1	0	0
1	1	UID1692434	1	1	0	0
1	1	UID1692435	1	1	0	0
1	1	UID1692437	1	1	0	0
1	1	UID1692439	1	1	0	0
1	1	UID1692441	1	1	0	0
1	1	UID1692443	1	1	0	0
1	1	UID1692444	1	1	0	0
1	1	UID1692445	1	1	0	0
1	1	UID1692449	1	1	0	0
1	1	UID1692450	1	1	0	0
1	1	UID1692451	1	1	0	0
1	1	UID1692452	1	1	0	0
1	1	UID1692458	1	1	0	0
1	1	UID1692459	1	1	0	0
1	1	UID1692460	1	1	0	0
1	1	UID1692461	1	1	0	0
1	1	UID1692462	1	1	0	0
1	1	UID1692463	1	1	0	0
1	1	UID1692464	1	1	0	0
1	1	UID1692467	1	1	0	0
1	1	UID1692468	1	1	0	0
1	1	UID1692469	1	1	0	0
1	1	UID1692470	1	1	0	0
1	1	UID1692474	1	1	0	0
1	1	UID1692475	1	1	0	0
1	1	UID1692476	1	1	0	0
1	1	UID1692477	1	1	0	0
1	1	UID1692478	1	1	0	0
1	1	UID1692479	1	1	0	0
1	1	UID1692480	1	1	0	0
1	1	UID1692482	1	1	0	0
1	1	UID1692484	1	1	0	0
1	1	UID1692485	1	1	0	0
1	1	UID1692486	1	1	0	0
1	1	UID1692487	1	1	0	0
1	1	UID1692488	1	1	0	0
6	6	UID1692489	1	6	2	2
1	1	UID1692491	1	1	0	0
1	1	UID1692492	1	1	0	0
1	1	UID1692494	1	1	0	0
1	1	UID1692496	1	1	0	0
1	1	UID1692497	1	1	0	0
1	1	UID1692499	1	1	0	0
1	1	UID1692501	1	1	0	0
1	1	UID1692506	1	1	0	0
1	1	UID1692507	1	1	0	0
1	1	UID1692508	1	1	0	0
1	1	UID1692509	1	1	0	0
1	1	UID1692510	1	1	0	0
1	1	UID1692513	1	1	0	0
1	1	UID1692514	1	1	0	0
1	1	UID1692515	1	1	0	0
1	1	UID1692516	1	1	0	0
1	1	UID1692517	1	1	0	0
1	1	UID1692518	1	1	0	0
1	1	UID1692524	1	1	0	0
1	1	UID1692530	1	1	0	0
1	1	UID1692536	1	1	0	0
1	1	UID1692539	1	1	0	0
1	1	UID1692546	1	1	0	0
1	1	UID1692547	1	1	0	0
2	2	UID1692548	1	2	1	1
1	1	UID1692555	1	1	0	0
1	1	UID1692556	1	1	0	0
1	1	UID1692557	1	1	0	0
1	1	UID1692558	1	1	0	0
1	1	UID1692562	1	1	0	0
1	1	UID1692565	1	1	0	0
1	1	UID1692566	1	1	0	0
1	1	UID1692568	1	1	0	0
1	1	UID1692570	1	1	0	0
1	1	UID1692571	1	1	0	0
1	1	UID1692572	1	1	0	0
1	1	UID1692573	1	1	0	0
1	1	UID1692575	1	1	0	0
1	1	UID1692576	1	1	0	0
1	1	UID1692577	1	1	0	0
1	1	UID1692578	1	1	0	0
1	1	UID1692580	1	1	0	0
1	1	UID1692584	1	1	0	0
1	1	UID1692586	1	1	0	0
1	1	UID1692589	1	1	0	0
1	1	UID1692590	1	1	0	0
1	1	UID1692591	1	1	0	0
1	1	UID1692593	1	1	0	0
1	1	UID1692596	1	1	0	0
1	1	UID1692600	1	1	0	0
1	1	UID1692603	1	1	0	0
1	1	UID1692604	1	1	0	0
1	1	UID1692606	1	1	0	0
1	1	UID1692608	1	1	0	0
1	1	UID1692611	1	1	0	0
1	1	UID1692616	1	1	0	0
1	1	UID1692617	1	1	0	0
1	1	UID1692622	1	1	0	0
1	1	UID1692623	1	1	0	0
1	1	UID1692625	1	1	0	0
1	1	UID1692626	1	1	0	0
1	1	UID1692627	1	1	0	0
1	1	UID1692629	1	1	0	0
1	1	UID1692635	1	1	0	0
1	1	UID1692639	1	1	0	0
1	1	UID1692641	1	1	0	0
1	1	UID1692647	1	1	0	0
1	1	UID1692650	1	1	0	0
1	1	UID1692651	1	1	0	0
1	1	UID1692652	1	1	0	0
1	1	UID1692653	1	1	0	0
1	1	UID1692657	1	1	0	0
1	1	UID1692659	1	1	0	0
1	1	UID1692673	1	1	0	0
1	1	UID1692674	1	1	0	0
1	1	UID1692686	1	1	0	0
1	1	UID1692688	1	1	0	0
1	1	UID1692691	1	1	0	0
1	1	UID1692693	1	1	0	0
1	1	UID1692698	1	1	0	0
1	1	UID1692732	1	1	0	0
1	1	UID1692757	1	1	0	0
1	1	UID1692758	1	1	0	0
1	1	UID1692759	1	1	0	0
1	1	UID1692761	1	1	0	0
1	1	UID1692762	1	1	0	0
1	1	UID1692767	1	1	0	0
1	1	UID1692768	1	1	0	0
1	1	UID1692776	1	1	0	0
1	1	UID1692779	1	1	0	0
1	1	UID1692833	1	1	0	0
1	1	UID1692841	1	1	0	0
1	1	UID1692851	1	1	0	0
1	1	UID1692854	1	1	0	0
1	1	UID1692860	1	1	0	0
1	1	UID1692862	1	1	0	0
1	1	UID1692908	1	1	0	0
1	1	UID1692910	1	1	0	0
1	1	UID1692919	1	1	0	0
1	1	UID1692922	1	1	0	0
1	1	UID1692924	1	1	0	0
1	1	UID1692927	1	1	0	0
1	1	UID1692928	1	1	0	0
1	1	UID1692930	1	1	0	0
1	1	UID1692931	1	1	0	0
1	1	UID1692933	1	1	0	0
1	1	UID1692934	1	1	0	0
1	1	UID1692937	1	1	0	0
1	1	UID1692941	1	1	0	0
1	1	UID1692943	1	1	0	0
1	1	UID1692944	1	1	0	0
1	1	UID1692946	1	1	0	0
1	1	UID1692947	1	1	0	0
1	1	UID1692950	1	1	0	0
1	1	UID1692953	1	1	0	0
1	1	UID1692955	1	1	0	0
1	1	UID1692956	1	1	0	0
1	1	UID1692957	1	1	0	0
1	1	UID1692958	1	1	0	0
1	1	UID1692959	1	1	0	0
1	1	UID1692960	1	1	0	0
1	1	UID1692961	1	1	0	0
1	1	UID1692962	1	1	0	0
1	1	UID1692963	1	1	0	0
1	1	UID1692964	1	1	0	0
1	1	UID1692965	1	1	0	0
1	1	UID1692966	1	1	0	0
1	1	UID1692968	1	1	0	0
1	1	UID1692970	1	1	0	0
1	1	UID1692971	1	1	0	0
1	1	UID1692972	1	1	0	0
1	1	UID1692973	1	1	0	0
1	1	UID1692974	1	1	0	0
1	1	UID1692975	1	1	0	0
1	1	UID1692976	1	1	0	0
1	1	UID1692978	1	1	0	0
1	1	UID1692979	1	1	0	0
1	1	UID1692982	1	1	0	0
1	1	UID1692984	1	1	0	0
1	1	UID1692985	1	1	0	0
1	1	UID1692997	1	1	0	0
1	1	UID1692998	1	1	0	0
1	1	UID1692999	1	1	0	0
1	1	UID1693000	1	1	0	0
1	1	UID1693001	1	1	0	0
1	1	UID1693002	1	1	0	0
1	1	UID1693003	1	1	0	0
1	1	UID1693005	1	1	0	0
1	1	UID1693006	1	1	0	0
1	1	UID1693008	1	1	0	0
1	1	UID1693010	1	1	0	0
1	1	UID1693012	1	1	0	0
1	1	UID1693015	1	1	0	0
1	1	UID1693016	1	1	0	0
1	1	UID1693019	1	1	0	0
1	1	UID1693022	1	1	0	0
1	1	UID1693024	1	1	0	0
1	1	UID1693025	1	1	0	0
1	1	UID1693026	1	1	0	0
1	1	UID1693028	1	1	0	0
1	1	UID1693029	1	1	0	0
1	1	UID1693034	1	1	0	0
1	1	UID1693038	1	1	0	0
1	1	UID1693039	1	1	0	0
1	1	UID1693040	1	1	0	0
1	1	UID1693042	1	1	0	0
1	1	UID1693044	1	1	0	0
1	1	UID1693050	1	1	0	0
1	1	UID1693051	1	1	0	0
1	1	UID1693052	1	1	0	0
1	1	UID1693053	1	1	0	0
1	1	UID1693054	1	1	0	0
1	1	UID1693055	1	1	0	0
1	1	UID1693056	1	1	0	0
1	1	UID1693059	1	1	0	0
1	1	UID1693064	1	1	0	0
1	1	UID1693065	1	1	0	0
1	1	UID1693066	1	1	0	0
1	1	UID1693068	1	1	0	0
1	1	UID1693069	1	1	0	0
1	1	UID1693070	1	1	0	0
1	1	UID1693076	1	1	0	0
1	1	UID1693077	1	1	0	0
1	1	UID1693079	1	1	0	0
1	1	UID1693082	1	1	0	0
1	1	UID1693087	1	1	0	0
1	1	UID1693089	1	1	0	0
1	1	UID1693090	1	1	0	0
1	1	UID1693091	1	1	0	0
1	1	UID1693092	1	1	0	0
1	1	UID1693093	1	1	0	0
1	1	UID1693094	1	1	0	0
1	1	UID1693096	1	1	0	0
1	1	UID1693099	1	1	0	0
1	1	UID1693100	1	1	0	0
1	1	UID1693101	1	1	0	0
1	1	UID1693102	1	1	0	0
1	1	UID1693103	1	1	0	0
1	1	UID1693105	1	1	0	0
1	1	UID1693106	1	1	0	0
1	1	UID1693111	1	1	0	0
1	1	UID1693112	1	1	0	0
1	1	UID1693113	1	1	0	0
1	1	UID1693114	1	1	0	0
1	1	UID1693115	1	1	0	0
1	1	UID1693116	1	1	0	0
1	1	UID1693121	1	1	0	0
1	1	UID1693126	1	1	0	0
1	1	UID1693129	1	1	0	0
1	1	UID1693130	1	1	0	0
1	1	UID1693131	1	1	0	0
1	1	UID1693133	1	1	0	0
1	1	UID1693134	1	1	0	0
1	1	UID1693135	1	1	0	0
1	1	UID1693136	1	1	0	0
1	1	UID1693137	1	1	0	0
1	1	UID1693138	1	1	0	0
1	1	UID1693139	1	1	0	0
1	1	UID1693145	1	1	0	0
1	1	UID1693147	1	1	0	0
1	1	UID1693148	1	1	0	0
1	1	UID1693150	1	1	0	0
1	1	UID1693151	1	1	0	0
1	1	UID1693153	1	1	0	0
1	1	UID1693159	1	1	0	0
1	1	UID1693161	1	1	0	0
1	1	UID1693162	1	1	0	0
1	1	UID1693163	1	1	0	0
1	1	UID1693172	1	1	0	0
1	1	UID1693173	1	1	0	0
1	1	UID1693176	1	1	0	0
1	1	UID1693177	1	1	0	0
1	1	UID1693178	1	1	0	0
1	1	UID1693179	1	1	0	0
1	1	UID1693181	1	1	0	0
1	1	UID1693182	1	1	0	0
1	1	UID1693183	1	1	0	0
1	1	UID1693187	1	1	0	0
1	1	UID1693188	1	1	0	0
1	1	UID1693189	1	1	0	0
1	1	UID1693192	1	1	0	0
1	1	UID1693193	1	1	0	0
1	1	UID1693207	1	1	0	0
1	1	UID1693234	1	1	0	0
1	1	UID1693235	1	1	0	0
1	1	UID1693243	1	1	0	0
1	1	UID1693245	1	1	0	0
1	1	UID1693246	1	1	0	0
1	1	UID1693254	1	1	0	0
1	1	UID1693257	1	1	0	0
1	1	UID1693263	1	1	0	0
1	1	UID1693264	1	1	0	0
1	1	UID1693265	1	1	0	0
1	1	UID1693267	1	1	0	0
1	1	UID1693268	1	1	0	0
1	1	UID1693271	1	1	0	0
1	1	UID1693272	1	1	0	0
1	1	UID1693273	1	1	0	0
1	1	UID1693274	1	1	0	0
1	1	UID1693277	1	1	0	0
1	1	UID1693278	1	1	0	0
1	1	UID1693279	1	1	0	0
1	1	UID1693280	1	1	0	0
1	1	UID1693281	1	1	0	0
1	1	UID1693283	1	1	0	0
1	1	UID1693284	1	1	0	0
1	1	UID1693285	1	1	0	0
1	1	UID1693288	1	1	0	0
1	1	UID1693290	1	1	0	0
1	1	UID1693292	1	1	0	0
1	1	UID1693302	1	1	0	0
1	1	UID1693303	1	1	0	0
1	1	UID1693305	1	1	0	0
1	1	UID1693306	1	1	0	0
1	1	UID1693307	1	1	0	0
1	1	UID1693308	1	1	0	0
1	1	UID1693311	1	1	0	0
1	1	UID1693313	1	1	0	0
1	1	UID1693318	1	1	0	0
1	1	UID1693319	1	1	0	0
1	1	UID1693320	1	1	0	0
1	1	UID1693321	1	1	0	0
1	1	UID1693326	1	1	0	0
1	1	UID1693327	1	1	0	0
1	1	UID1693328	1	1	0	0
1	1	UID1693335	1	1	0	0
1	1	UID1693336	1	1	0	0
1	1	UID1693337	1	1	0	0
1	1	UID1693339	1	1	0	0
1	1	UID1693341	1	1	0	0
1	1	UID1693343	1	1	0	0
1	1	UID1693346	1	1	0	0
1	1	UID1693349	1	1	0	0
1	1	UID1693354	1	1	0	0
1	1	UID1693356	1	1	0	0
1	1	UID1693364	1	1	0	0
1	1	UID1693369	1	1	0	0
1	1	UID1693371	1	1	0	0
1	1	UID1693372	1	1	0	0
1	1	UID1693373	1	1	0	0
1	1	UID1693374	1	1	0	0
1	1	UID1693377	1	1	0	0
1	1	UID1693380	1	1	0	0
1	1	UID1693382	1	1	0	0
1	1	UID1693384	1	1	0	0
1	1	UID1693385	1	1	0	0
1	1	UID1693386	1	1	0	0
1	1	UID1693387	1	1	0	0
1	1	UID1693388	1	1	0	0
1	1	UID1693391	1	1	0	0
1	1	UID1693392	1	1	0	0
1	1	UID1693393	1	1	0	0
1	1	UID1693394	1	1	0	0
1	1	UID1693396	1	1	0	0
1	1	UID1693397	1	1	0	0
1	1	UID1693399	1	1	0	0
1	1	UID1693400	1	1	0	0
1	1	UID1693401	1	1	0	0
1	1	UID1693402	1	1	0	0
1	1	UID1693403	1	1	0	0
1	1	UID1693405	1	1	0	0
1	1	UID1693407	1	1	0	0
1	1	UID1693410	1	1	0	0
1	1	UID1693411	1	1	0	0
1	1	UID1693432	1	1	0	0
1	1	UID1693433	1	1	0	0
1	1	UID1693434	1	1	0	0
1	1	UID1693435	1	1	0	0
1	1	UID1693436	1	1	0	0
1	1	UID1693437	1	1	0	0
1	1	UID1693439	1	1	0	0
1	1	UID1693443	1	1	0	0
1	1	UID1693448	1	1	0	0
1	1	UID1693450	1	1	0	0
1	1	UID1693453	1	1	0	0
1	1	UID1693459	1	1	0	0
1	1	UID1693465	1	1	0	0
1	1	UID1693467	1	1	0	0
1	1	UID1693468	1	1	0	0
1	1	UID1693470	1	1	0	0
1	1	UID1693482	1	1	0	0
1	1	UID1693484	1	1	0	0
1	1	UID1693488	1	1	0	0
1	1	UID1693490	1	1	0	0
1	1	UID1693491	1	1	0	0
1	1	UID1693495	1	1	0	0
1	1	UID1693496	1	1	0	0
1	1	UID1693497	1	1	0	0
1	1	UID1693500	1	1	0	0
1	1	UID1693502	1	1	0	0
1	1	UID1693504	1	1	0	0
1	1	UID1693506	1	1	0	0
1	1	UID1693507	1	1	0	0
1	1	UID1693509	1	1	0	0
1	1	UID1693510	1	1	0	0
1	1	UID1693511	1	1	0	0
1	1	UID1693512	1	1	0	0
1	1	UID1693513	1	1	0	0
1	1	UID1693522	1	1	0	0
1	1	UID1693523	1	1	0	0
1	1	UID1693525	1	1	0	0
1	1	UID1693530	1	1	0	0
1	1	UID1693531	1	1	0	0
1	1	UID1693542	1	1	0	0
1	1	UID1693544	1	1	0	0
1	1	UID1693545	1	1	0	0
1	1	UID1693546	1	1	0	0
1	1	UID1693551	1	1	0	0
1	1	UID1693554	1	1	0	0
1	1	UID1693555	1	1	0	0
1	1	UID1693556	1	1	0	0
1	1	UID1693557	1	1	0	0
1	1	UID1693561	1	1	0	0
1	1	UID1693562	1	1	0	0
1	1	UID1693563	1	1	0	0
1	1	UID1693564	1	1	0	0
1	1	UID1693565	1	1	0	0
1	1	UID1693567	1	1	0	0
1	1	UID1693568	1	1	0	0
1	1	UID1693570	1	1	0	0
1	1	UID1693574	1	1	0	0
1	1	UID1693575	1	1	0	0
3	3	UID1693576	1	3	2	2
1	1	UID1693581	1	1	0	0
1	1	UID1693583	1	1	0	0
1	1	UID1693587	1	1	0	0
1	1	UID1693589	1	1	0	0
1	1	UID1693590	1	1	0	0
1	1	UID1693591	1	1	0	0
1	1	UID1693598	1	1	0	0
1	1	UID1693600	1	1	0	0
1	1	UID1693602	1	1	0	0
1	1	UID1693606	1	1	0	0
1	1	UID1693607	1	1	0	0
1	1	UID1693608	1	1	0	0
1	1	UID1693609	1	1	0	0
1	1	UID1693613	1	1	0	0
2	2	UID1693617	1	2	1	1
1	1	UID1693618	1	1	0	0
1	1	UID1693621	1	1	0	0
1	1	UID1693639	1	1	0	0
1	1	UID1693641	1	1	0	0
1	1	UID1693642	1	1	0	0
1	1	UID1693643	1	1	0	0
1	1	UID1693646	1	1	0	0
1	1	UID1693650	1	1	0	0
1	1	UID1693655	1	1	0	0
1	1	UID1693656	1	1	0	0
1	1	UID1693658	1	1	0	0
1	1	UID1693659	1	1	0	0
1	1	UID1693660	1	1	0	0
1	1	UID1693662	1	1	0	0
1	1	UID1693671	1	1	0	0
1	1	UID1693673	1	1	0	0
1	1	UID1693674	1	1	0	0
1	1	UID1693678	1	1	0	0
1	1	UID1693680	1	1	0	0
1	1	UID1693681	1	1	0	0
1	1	UID1693700	1	1	0	0
1	1	UID1693705	1	1	0	0
1	1	UID1693708	1	1	0	0
1	1	UID1693710	1	1	0	0
1	1	UID1693714	1	1	0	0
1	1	UID1693719	1	1	0	0
1	1	UID1693725	1	1	0	0
1	1	UID1693726	1	1	0	0
1	1	UID1693732	1	1	0	0
1	1	UID1693744	1	1	0	0
1	1	UID1693745	1	1	0	0
1	1	UID1693747	1	1	0	0
1	1	UID1693748	1	1	0	0
1	1	UID1693750	1	1	0	0
1	1	UID1693751	1	1	0	0
1	1	UID1693752	1	1	0	0
1	1	UID1693755	1	1	0	0
1	1	UID1693756	1	1	0	0
1	1	UID1693758	1	1	0	0
1	1	UID1693760	1	1	0	0
1	1	UID1693767	1	1	0	0
1	1	UID1693768	1	1	0	0
1	1	UID1693776	1	1	0	0
1	1	UID1693777	1	1	0	0
1	1	UID1693785	1	1	0	0
1	1	UID1693787	1	1	0	0
1	1	UID1693790	1	1	0	0
1	1	UID1693792	1	1	0	0
1	1	UID1693793	1	1	0	0
1	1	UID1693795	1	1	0	0
1	1	UID1693796	1	1	0	0
1	1	UID1693797	1	1	0	0
1	1	UID1693800	1	1	0	0
1	1	UID1693801	1	1	0	0
1	1	UID1693807	1	1	0	0
1	1	UID1693810	1	1	0	0
1	1	UID1693815	1	1	0	0
1	1	UID1693816	1	1	0	0
1	1	UID1693818	1	1	0	0
1	1	UID1693819	1	1	0	0
1	1	UID1693824	1	1	0	0
1	1	UID1693825	1	1	0	0
1	1	UID1693826	1	1	0	0
1	1	UID1693829	1	1	0	0
1	1	UID1693830	1	1	0	0
1	1	UID1693831	1	1	0	0
1	1	UID1693833	1	1	0	0
1	1	UID1693834	1	1	0	0
1	1	UID1693836	1	1	0	0
1	1	UID1693842	1	1	0	0
1	1	UID1693844	1	1	0	0
1	1	UID1693845	1	1	0	0
1	1	UID1693847	1	1	0	0
1	1	UID1693850	1	1	0	0
1	1	UID1693851	1	1	0	0
1	1	UID1693853	1	1	0	0
1	1	UID1693854	1	1	0	0
1	1	UID1693856	1	1	0	0
1	1	UID1693857	1	1	0	0
1	1	UID1693859	1	1	0	0
1	1	UID1693861	1	1	0	0
1	1	UID1693864	1	1	0	0
1	1	UID1693874	1	1	0	0
1	1	UID1693878	1	1	0	0
1	1	UID1693879	1	1	0	0
1	1	UID1693894	1	1	0	0
1	1	UID1693896	1	1	0	0
1	1	UID1693899	1	1	0	0
1	1	UID1693900	1	1	0	0
1	1	UID1693902	1	1	0	0
1	1	UID1693906	1	1	0	0
1	1	UID1693907	1	1	0	0
1	1	UID1693908	1	1	0	0
1	1	UID1693910	1	1	0	0
1	1	UID1693912	1	1	0	0
1	1	UID1693916	1	1	0	0
1	1	UID1693918	1	1	0	0
1	1	UID1693920	1	1	0	0
1	1	UID1693929	1	1	0	0
1	1	UID1693932	1	1	0	0
1	1	UID1693944	1	1	0	0
1	1	UID1693946	1	1	0	0
1	1	UID1693948	1	1	0	0
1	1	UID1693949	1	1	0	0
1	1	UID1693950	1	1	0	0
1	1	UID1693952	1	1	0	0
1	1	UID1693954	1	1	0	0
1	1	UID1693956	1	1	0	0
1	1	UID1693962	1	1	0	0
1	1	UID1693963	1	1	0	0
1	1	UID1693968	1	1	0	0
1	1	UID1693972	1	1	0	0
1	1	UID1693973	1	1	0	0
1	1	UID1693980	1	1	0	0
1	1	UID1693984	1	1	0	0
1	1	UID1693987	1	1	0	0
1	1	UID1693993	1	1	0	0
1	1	UID1693998	1	1	0	0
1	1	UID1694000	1	1	0	0
1	1	UID1694002	1	1	0	0
1	1	UID1694003	1	1	0	0
1	1	UID1694004	1	1	0	0
1	1	UID1694005	1	1	0	0
1	1	UID1694016	1	1	0	0
1	1	UID1694018	1	1	0	0
1	1	UID1694019	1	1	0	0
1	1	UID1694021	1	1	0	0
1	1	UID1694022	1	1	0	0
1	1	UID1694027	1	1	0	0
1	1	UID1694032	1	1	0	0
1	1	UID1694033	1	1	0	0
1	1	UID1694034	1	1	0	0
1	1	UID1694037	1	1	0	0
1	1	UID1694038	1	1	0	0
1	1	UID1694042	1	1	0	0
1	1	UID1694045	1	1	0	0
1	1	UID1694058	1	1	0	0
1	1	UID1694060	1	1	0	0
1	1	UID1694061	1	1	0	0
1	1	UID1694062	1	1	0	0
1	1	UID1694066	1	1	0	0
1	1	UID1694068	1	1	0	0
1	1	UID1694070	1	1	0	0
1	1	UID1694071	1	1	0	0
1	1	UID1694074	1	1	0	0
1	1	UID1694078	1	1	0	0
1	1	UID1694080	1	1	0	0
1	1	UID1694082	1	1	0	0
1	1	UID1694083	1	1	0	0
1	1	UID1694084	1	1	0	0
1	1	UID1694099	1	1	0	0
1	1	UID1694100	1	1	0	0
1	1	UID1694101	1	1	0	0
1	1	UID1694106	1	1	0	0
1	1	UID1694110	1	1	0	0
1	1	UID1694111	1	1	0	0
1	1	UID1694113	1	1	0	0
1	1	UID1694116	1	1	0	0
1	1	UID1694117	1	1	0	0
1	1	UID1694118	1	1	0	0
1	1	UID1694119	1	1	0	0
1	1	UID1694122	1	1	0	0
1	1	UID1694127	1	1	0	0
1	1	UID1694128	1	1	0	0
1	1	UID1694129	1	1	0	0
1	1	UID1694131	1	1	0	0
1	1	UID1694134	1	1	0	0
1	1	UID1694139	1	1	0	0
1	1	UID1694140	1	1	0	0
1	1	UID1694142	1	1	0	0
1	1	UID1694146	1	1	0	0
1	1	UID1694151	1	1	0	0
1	1	UID1694155	1	1	0	0
1	1	UID1694157	1	1	0	0
1	1	UID1694158	1	1	0	0
1	1	UID1694159	1	1	0	0
1	1	UID1694171	1	1	0	0
1	1	UID1694174	1	1	0	0
1	1	UID1694175	1	1	0	0
1	1	UID1694176	1	1	0	0
1	1	UID1694178	1	1	0	0
1	1	UID1694180	1	1	0	0
1	1	UID1694182	1	1	0	0
1	1	UID1694186	1	1	0	0
1	1	UID1694189	1	1	0	0
1	1	UID1694192	1	1	0	0
1	1	UID1694193	1	1	0	0
1	1	UID1694195	1	1	0	0
1	1	UID1694196	1	1	0	0
1	1	UID1694200	1	1	0	0
1	1	UID1694201	1	1	0	0
1	1	UID1694204	1	1	0	0
1	1	UID1694205	1	1	0	0
1	1	UID1694206	1	1	0	0
1	1	UID1694207	1	1	0	0
1	1	UID1694209	1	1	0	0
1	1	UID1694210	1	1	0	0
1	1	UID1694211	1	1	0	0
1	1	UID1694212	1	1	0	0
1	1	UID1694215	1	1	0	0
1	1	UID1694222	1	1	0	0
2	2	UID1694223	1	2	1	1
1	1	UID1694225	1	1	0	0
1	1	UID1694227	1	1	0	0
1	1	UID1694237	1	1	0	0
1	1	UID1694239	1	1	0	0
1	1	UID1694240	1	1	0	0
1	1	UID1694241	1	1	0	0
1	1	UID1694243	1	1	0	0
1	1	UID1694244	1	1	0	0
1	1	UID1694246	1	1	0	0
1	1	UID1694249	1	1	0	0
1	1	UID1694250	1	1	0	0
1	1	UID1694253	1	1	0	0
1	1	UID1694255	1	1	0	0
1	1	UID1694256	1	1	0	0
1	1	UID1694259	1	1	0	0
1	1	UID1694261	1	1	0	0
1	1	UID1694262	1	1	0	0
1	1	UID1694264	1	1	0	0
1	1	UID1694265	1	1	0	0
1	1	UID1694266	1	1	0	0
1	1	UID1694269	1	1	0	0
1	1	UID1694271	1	1	0	0
1	1	UID1694272	1	1	0	0
1	1	UID1694274	1	1	0	0
1	1	UID1694278	1	1	0	0
1	1	UID1694281	1	1	0	0
1	1	UID1694283	1	1	0	0
1	1	UID1694284	1	1	0	0
1	1	UID1694287	1	1	0	0
1	1	UID1694288	1	1	0	0
1	1	UID1694289	1	1	0	0
1	1	UID1694290	1	1	0	0
1	1	UID1694291	1	1	0	0
1	1	UID1694293	1	1	0	0
1	1	UID1694294	1	1	0	0
1	1	UID1694299	1	1	0	0
1	1	UID1694302	1	1	0	0
1	1	UID1694305	1	1	0	0
1	1	UID1694308	1	1	0	0
1	1	UID1694311	1	1	0	0
1	1	UID1694312	1	1	0	0
1	1	UID1694313	1	1	0	0
1	1	UID1694315	1	1	0	0
1	1	UID1694319	1	1	0	0
1	1	UID1694327	1	1	0	0
1	1	UID1694329	1	1	0	0
1	1	UID1694330	1	1	0	0
1	1	UID1694333	1	1	0	0
1	1	UID1694335	1	1	0	0
1	1	UID1694337	1	1	0	0
1	1	UID1694345	1	1	0	0
1	1	UID1694346	1	1	0	0
1	1	UID1694347	1	1	0	0
1	1	UID1694353	1	1	0	0
1	1	UID1694354	1	1	0	0
1	1	UID1694355	1	1	0	0
1	1	UID1694356	1	1	0	0
1	1	UID1694358	1	1	0	0
1	1	UID1694359	1	1	0	0
1	1	UID1694360	1	1	0	0
1	1	UID1694362	1	1	0	0
1	1	UID1694363	1	1	0	0
1	1	UID1694366	1	1	0	0
1	1	UID1694367	1	1	0	0
1	1	UID1694371	1	1	0	0
1	1	UID1694378	1	1	0	0
1	1	UID1694379	1	1	0	0
1	1	UID1694380	1	1	0	0
1	1	UID1694382	1	1	0	0
1	1	UID1694385	1	1	0	0
1	1	UID1694390	1	1	0	0
1	1	UID1694397	1	1	0	0
1	1	UID1694403	1	1	0	0
1	1	UID1694413	1	1	0	0
1	1	UID1694422	1	1	0	0
1	1	UID1694423	1	1	0	0
1	1	UID1694425	1	1	0	0
1	1	UID1694426	1	1	0	0
1	1	UID1694428	1	1	0	0
1	1	UID1694429	1	1	0	0
1	1	UID1694430	1	1	0	0
1	1	UID1694432	1	1	0	0
1	1	UID1694433	1	1	0	0
1	1	UID1694437	1	1	0	0
1	1	UID1694438	1	1	0	0
1	1	UID1694443	1	1	0	0
1	1	UID1694444	1	1	0	0
1	1	UID1694446	1	1	0	0
1	1	UID1694447	1	1	0	0
1	1	UID1694448	1	1	0	0
1	1	UID1694449	1	1	0	0
1	1	UID1694452	1	1	0	0
1	1	UID1694453	1	1	0	0
1	1	UID1694454	1	1	0	0
1	1	UID1694455	1	1	0	0
1	1	UID1694456	1	1	0	0
1	1	UID1694457	1	1	0	0
1	1	UID1694468	1	1	0	0
1	1	UID1694469	1	1	0	0
1	1	UID1694471	1	1	0	0
1	1	UID1694472	1	1	0	0
1	1	UID1694475	1	1	0	0
1	1	UID1694481	1	1	0	0
1	1	UID1694484	1	1	0	0
1	1	UID1694490	1	1	0	0
1	1	UID1694491	1	1	0	0
1	1	UID1694493	1	1	0	0
1	1	UID1694495	1	1	0	0
1	1	UID1694498	1	1	0	0
1	1	UID1694505	1	1	0	0
1	1	UID1694507	1	1	0	0
1	1	UID1694509	1	1	0	0
1	1	UID1694510	1	1	0	0
1	1	UID1694511	1	1	0	0
1	1	UID1694513	1	1	0	0
1	1	UID1694515	1	1	0	0
1	1	UID1694518	1	1	0	0
1	1	UID1694519	1	1	0	0
1	1	UID1694520	1	1	0	0
1	1	UID1694521	1	1	0	0
1	1	UID1694522	1	1	0	0
1	1	UID1694524	1	1	0	0
1	1	UID1694527	1	1	0	0
1	1	UID1694529	1	1	0	0
1	1	UID1694530	1	1	0	0
1	1	UID1694534	1	1	0	0
1	1	UID1694535	1	1	0	0
1	1	UID1694537	1	1	0	0
1	1	UID1694538	1	1	0	0
1	1	UID1694539	1	1	0	0
1	1	UID1694540	1	1	0	0
1	1	UID1694541	1	1	0	0
1	1	UID1694542	1	1	0	0
1	1	UID1694543	1	1	0	0
1	1	UID1694545	1	1	0	0
1	1	UID1694549	1	1	0	0
1	1	UID1694569	1	1	0	0
1	1	UID1694574	1	1	0	0
1	1	UID1694582	1	1	0	0
1	1	UID1694586	1	1	0	0
1	1	UID1694587	1	1	0	0
1	1	UID1694598	1	1	0	0
1	1	UID1694606	1	1	0	0
1	1	UID1694617	1	1	0	0
1	1	UID1694619	1	1	0	0
1	1	UID1694621	1	1	0	0
1	1	UID1694629	1	1	0	0
1	1	UID1694633	1	1	0	0
1	1	UID1694636	1	1	0	0
1	1	UID1694638	1	1	0	0
1	1	UID1694643	1	1	0	0
1	1	UID1694644	1	1	0	0
1	1	UID1694645	1	1	0	0
1	1	UID1694653	1	1	0	0
1	1	UID173305	1	1	0	0
1	1	UID173749	1	1	0	0
1	1	UID177154	1	1	0	0
1	1	UID181959	1	1	0	0
1	1	UID187495	1	1	0	0
1	1	UID190269	1	1	0	0
1	1	UID195352	1	1	0	0
1	1	UID197526	1	1	0	0
1	1	UID198739	1	1	0	0
1	1	UID200093	1	1	0	0
1	1	UID207572	1	1	0	0
1	1	UID209998	1	1	0	0
4	4	UID217816	1	4	2	2
3	3	UID219214	1	3	2	2
1	1	UID22021	1	1	0	0
1	1	UID235904	1	1	0	0
2	2	UID239776	1	2	1	1
1	1	UID240292	1	1	0	0
1	1	UID262708	1	1	0	0
1	1	UID268	1	1	0	0
1	1	UID285	1	1	0	0
1	1	UID3024	1	1	0	0
1	1	UID388362	1	1	0	0
1	1	UID40280	1	1	0	0
1	1	UID456461	1	1	0	0
1	1	UID459464	1	1	0	0
5	5	UID501698	1	5	2	2
1	1	UID512120	1	1	0	0
1	1	UID51663	1	1	0	0
1	1	UID51805	1	1	0	0
1	1	UID51832	1	1	0	0
1	1	UID52162	1	1	0	0
1	1	UID52639	1	1	0	0
1	1	UID52746	1	1	0	0
1	1	UID52894	1	1	0	0
4	4	UID55666	1	4	2	2
1	1	UID60228	1	1	0	0
1	1	UID60838	1	1	0	0
1	1	UID6447	1	1	0	0
1	1	UID64716	1	1	0	0
1	1	UID656516	1	1	0	0
1	1	UID694802	1	1	0	0
1	1	UID745	1	1	0	0
1	1	UID74681	1	1	0	0
1	1	UID78436	1	1	0	0
1	1	UID78445	1	1	0	0
1	1	UID78458	1	1	0	0
1	1	UID78464	1	1	0	0
1	1	UID81456	1	1	0	0
1	1	UID819268	1	1	0	0
1	1	UID8617	1	1	0	0
1	1	UID8679	1	1	0	0
1	1	UID868931	1	1	0	0
1	1	UID878048	1	1	0	0
1	1	UID882	1	1	0	0
1	1	UID887123	1	1	0	0
1	1	UID90758	1	1	0	0
1	1	UID91082	1	1	0	0
1	1	UID92178	1	1	0	0
1	1	UID941	1	1	0	0
1	1	UID943764	1	1	0	0
