2004	17107	UID205	11217	1585	3	3
159	384	UID28265	209	142	3	3
67	153	UID68902	80	59	2	2
36	103	UID69695	68	35	1	1
34	95	UID37792	60	31	1	1
29	77	UID2153971	48	27	1	1
58	107	UID42149	48	55	1	1
39	86	UID2153973	46	36	1	1
29	74	UID2153974	45	27	1	1
26	72	UID37859	44	22	1	1
45	89	UID2153976	42	41	1	1
38	80	UID2153977	42	36	1	1
24	65	UID2153979	41	22	1	1
37	79	UID2153980	41	34	2	2
38	78	UID37791	41	37	2	2
41	82	UID37825	41	39	2	2
34	75	UID62163	41	32	1	1
27	66	UID158753	40	26	1	1
36	76	UID158770	40	34	1	1
32	72	UID2153983	40	30	1	1
16	55	UID2153984	40	15	1	1
31	74	UID37832	40	26	1	1
33	72	UID37823	39	31	2	2
40	79	UID1617	38	37	1	1
26	63	UID37866	38	25	1	1
20	57	UID2153988	37	18	2	2
26	63	UID2153989	37	24	1	1
21	58	UID37870	37	19	2	2
30	68	UID50532	37	27	1	1
22	58	UID2153991	36	20	1	1
28	65	UID2153992	36	25	2	2
23	61	UID2153993	36	19	1	1
27	62	UID37865	36	26	1	1
37	73	UID37892	36	35	2	2
29	63	UID2153994	35	28	1	1
30	64	UID2153997	35	29	2	2
27	61	UID37826	35	26	1	1
33	68	UID11072	34	31	2	2
24	58	UID158781	34	22	2	2
28	62	UID2153999	34	26	1	1
38	71	UID2154000	34	37	1	1
32	68	UID37868	34	29	2	2
26	59	UID186127	33	24	2	2
22	54	UID2154001	33	21	1	1
29	63	UID2154002	33	26	2	2
22	54	UID37812	33	21	2	2
31	64	UID37824	33	29	1	1
28	60	UID2154003	32	26	1	1
9	39	UID2154006	31	8	1	1
27	61	UID2154007	31	24	3	3
30	60	UID2154009	30	28	2	2
21	49	UID248301	29	20	1	1
34	63	UID30133	29	32	2	2
21	48	UID2154013	28	20	2	2
28	55	UID30444	28	27	2	2
25	52	UID11058	27	23	2	2
31	57	UID11080	27	30	1	1
25	51	UID158755	27	24	1	1
25	52	UID2154015	27	23	1	1
19	45	UID2154020	27	18	1	1
15	42	UID2154021	27	13	1	1
16	42	UID50503	27	15	2	2
20	46	UID2154025	26	18	2	2
22	47	UID2154026	26	21	1	1
17	42	UID158798	25	15	1	1
20	44	UID2154028	25	19	2	2
22	46	UID2154029	25	21	1	1
19	43	UID2154031	25	18	1	1
27	51	UID30446	25	26	1	1
21	47	UID50497	25	18	2	2
18	41	UID2154034	24	17	1	1
11	34	UID2154035	24	10	1	1
15	38	UID37813	24	14	1	1
16	39	UID37857	24	15	2	2
11	34	UID50531	24	10	1	1
19	42	UID2154038	23	17	1	1
18	41	UID2154039	23	16	1	1
12	34	UID2154040	23	11	1	1
11	32	UID186181	22	10	1	1
19	40	UID2154043	22	18	1	1
10	31	UID2154044	22	9	1	1
22	44	UID2154045	22	20	1	1
15	35	UID2154049	21	14	1	1
10	31	UID37864	21	8	1	1
17	37	UID37883	21	16	1	1
14	33	UID2154050	20	13	1	1
22	41	UID2154053	20	21	1	1
21	40	UID2154054	20	20	1	1
14	32	UID2154058	19	13	1	1
7	25	UID37785	19	6	1	1
14	31	UID2154066	18	13	1	1
14	31	UID2154067	18	13	2	2
12	29	UID2154068	18	11	1	1
11	28	UID2154069	18	10	1	1
16	33	UID2154072	18	15	1	1
8	25	UID2154073	18	7	1	1
10	27	UID2154078	17	8	1	1
18	34	UID2154079	17	17	1	1
12	28	UID37885	17	11	1	1
7	22	UID186120	16	6	1	1
8	23	UID2154082	16	7	1	1
11	27	UID2154083	16	9	2	2
8	23	UID2154084	16	7	1	1
9	23	UID2154087	15	8	2	2
8	22	UID2154088	15	7	1	1
10	25	UID2154089	15	8	1	1
8	22	UID2154090	15	7	1	1
12	27	UID2154091	15	10	1	1
15	29	UID2154092	15	14	1	1
12	26	UID79366	15	11	2	2
5	18	UID2154095	14	4	0	0
14	28	UID2154096	14	12	1	1
7	20	UID2154099	14	6	1	1
11	24	UID2154101	13	9	2	2
5	17	UID2154102	13	4	1	1
4	16	UID2154103	13	3	1	1
6	17	UID2154105	12	5	1	1
3	14	UID2154107	12	2	1	1
6	17	UID2154108	12	5	0	0
7	17	UID2154111	11	6	1	1
8	18	UID2154113	11	7	1	1
8	18	UID2154114	11	7	1	1
11	21	UID2154115	11	10	2	2
13	23	UID2154116	11	12	1	1
5	14	UID2154119	10	4	1	1
6	15	UID2154120	10	5	1	1
8	17	UID2154121	10	7	1	1
3	12	UID2154122	10	2	0	0
7	16	UID2154126	10	6	2	2
5	14	UID2154127	10	4	1	1
6	15	UID2154128	10	5	0	0
6	15	UID2154129	10	5	1	1
5	14	UID37862	10	4	1	1
2	10	UID2154130	9	1	1	1
9	17	UID2154137	9	8	1	1
9	17	UID2154139	9	8	1	1
10	18	UID2154140	9	9	1	1
8	16	UID37858	9	7	1	1
7	15	UID37860	9	6	1	1
8	15	UID2154142	8	7	2	2
5	12	UID2154143	8	4	1	1
6	13	UID2154145	8	5	1	1
2	9	UID2154146	8	1	1	1
2	9	UID2154147	8	1	1	1
9	16	UID2154148	8	8	1	1
11	18	UID2154149	8	10	1	1
5	12	UID2154157	8	4	1	1
5	12	UID2154158	8	4	1	1
8	15	UID2154159	8	7	1	1
4	11	UID2154160	8	3	1	1
11	18	UID37815	8	10	1	1
10	16	UID103792	7	9	1	1
4	10	UID112845	7	3	0	0
5	11	UID1	7	4	1	1
6	12	UID2154166	7	5	1	1
1	7	UID2154167	7	0	0	0
6	12	UID2154168	7	5	1	1
7	13	UID2154169	7	6	1	1
11	17	UID2154170	7	10	1	1
3	9	UID2154171	7	2	1	1
3	9	UID2154172	7	2	1	1
1	7	UID2154173	7	0	0	0
1	7	UID2154174	7	0	0	0
4	10	UID2154175	7	3	1	1
6	12	UID2154176	7	5	1	1
3	9	UID2154181	7	2	1	1
6	12	UID2154182	7	5	1	1
2	8	UID2154183	7	1	0	0
7	13	UID2154184	7	6	1	1
4	10	UID2	7	3	1	1
8	14	UID37834	7	7	1	1
7	13	UID152692	6	5	1	1
3	8	UID2154186	6	2	1	1
5	10	UID2154187	6	4	1	1
2	7	UID2154189	6	1	1	1
3	8	UID2154190	6	2	1	1
6	11	UID2154191	6	5	1	1
7	12	UID2154199	6	6	1	1
1	6	UID2154201	6	0	0	0
7	12	UID2154202	6	6	1	1
8	13	UID50518	6	7	1	1
3	7	UID158763	5	2	1	1
7	11	UID158766	5	6	1	1
8	12	UID2154209	5	7	1	1
3	7	UID2154210	5	2	1	1
3	7	UID2154211	5	2	0	0
3	7	UID2154212	5	2	1	1
2	6	UID2154213	5	1	0	0
1	5	UID2154214	5	0	0	0
15	19	UID2154215	5	14	1	1
5	9	UID2154216	5	4	1	1
6	10	UID2154217	5	5	1	1
7	11	UID2154218	5	6	1	1
2	6	UID2154219	5	1	1	1
6	10	UID2154220	5	5	2	2
2	6	UID2154230	5	1	1	1
2	6	UID2154231	5	1	0	0
3	7	UID2154232	5	2	1	1
10	14	UID2154233	5	9	1	1
4	8	UID2154234	5	3	1	1
3	7	UID2154235	5	2	1	1
2	6	UID2154236	5	1	1	1
3	7	UID2154237	5	2	1	1
1	5	UID2154238	5	0	0	0
4	8	UID37893	5	3	1	1
2	5	UID158746	4	1	1	1
1	4	UID2154249	4	0	0	0
5	8	UID2154250	4	4	1	1
3	6	UID2154255	4	2	1	1
5	8	UID2154257	4	4	1	1
2	5	UID2154258	4	1	0	0
1	4	UID2154287	4	0	0	0
4	7	UID2154288	4	3	1	1
2	5	UID2154289	4	1	1	1
3	6	UID2154290	4	2	1	1
4	7	UID2154291	4	3	1	1
1	4	UID2154293	4	0	0	0
4	7	UID2154294	4	3	1	1
5	8	UID2154295	4	4	1	1
2	5	UID248302	4	1	1	1
2	4	UID112191	3	1	0	0
2	4	UID112199	3	1	0	0
1	3	UID2154313	3	0	0	0
1	3	UID2154316	3	0	0	0
3	5	UID2154319	3	2	1	1
3	5	UID2154320	3	2	1	1
1	3	UID2154322	3	0	0	0
2	4	UID2154324	3	1	1	1
2	4	UID2154327	3	1	1	1
1	3	UID2154329	3	0	0	0
1	3	UID2154333	3	0	0	0
9	11	UID2154334	3	8	1	1
1	3	UID2154335	3	0	0	0
3	5	UID2154336	3	2	1	1
4	6	UID2154337	3	3	1	1
2	4	UID2154362	3	1	1	1
1	3	UID2154363	3	0	0	0
2	4	UID2154366	3	1	1	1
4	6	UID2154367	3	3	1	1
3	5	UID2154368	3	2	1	1
2	4	UID2154369	3	1	0	0
6	8	UID2154370	3	5	1	1
1	3	UID2154371	3	0	0	0
1	3	UID2154372	3	0	0	0
1	3	UID2154373	3	0	0	0
5	7	UID2154374	3	4	1	1
2	4	UID2154375	3	1	0	0
4	6	UID2154376	3	3	1	1
2	3	UID112197	2	1	1	1
3	4	UID2154395	2	2	1	1
2	3	UID2154403	2	1	1	1
2	3	UID2154450	2	1	1	1
2	3	UID2154451	2	1	1	1
2	3	UID2154462	2	1	1	1
2	3	UID2154474	2	1	1	1
4	5	UID2154525	2	3	1	1
3	4	UID2154530	2	2	1	1
2	3	UID2154531	2	1	1	1
2	3	UID2154534	2	1	1	1
3	4	UID2154535	2	2	1	1
3	5	UID2154539	2	1	2	2
3	4	UID2154541	2	2	1	1
5	6	UID2154544	2	4	1	1
1	2	UID2154545	2	0	0	0
2	3	UID2154546	2	1	1	1
2	3	UID2154547	2	1	1	1
2	3	UID2154557	2	1	1	1
1	2	UID2154558	2	0	0	0
5	6	UID2154590	2	4	1	1
1	2	UID69124	2	0	0	0
3	3	UID103064	1	3	1	1
2	2	UID11059	1	2	1	1
1	1	UID186137	1	1	0	0
1	1	UID2116781	1	1	0	0
1	1	UID2154614	1	1	0	0
1	1	UID2154615	1	1	0	0
1	1	UID2154620	1	1	0	0
1	1	UID2154628	1	1	0	0
1	1	UID2154632	1	1	0	0
1	1	UID2154649	1	1	0	0
1	1	UID2154656	1	1	0	0
1	1	UID2154658	1	1	0	0
1	1	UID2154659	1	1	0	0
1	1	UID2154665	1	1	0	0
1	1	UID2154671	1	1	0	0
1	1	UID2154682	1	1	0	0
1	1	UID2154689	1	1	0	0
1	1	UID2154691	1	1	0	0
1	1	UID2154692	1	1	0	0
1	1	UID2154694	1	1	0	0
1	1	UID2154696	1	1	0	0
1	1	UID2154697	1	1	0	0
1	1	UID2154699	1	1	0	0
1	1	UID2154701	1	1	0	0
1	1	UID2154702	1	1	0	0
1	1	UID2154713	1	1	0	0
1	1	UID2154714	1	1	0	0
1	1	UID2154717	1	1	0	0
1	1	UID2154724	1	1	0	0
1	1	UID2154730	1	1	0	0
1	1	UID2154731	1	1	0	0
1	1	UID2154732	1	1	0	0
1	1	UID2154736	1	1	0	0
1	1	UID2154739	1	1	0	0
1	1	UID2154740	1	1	0	0
1	1	UID2154742	1	1	0	0
1	1	UID2154747	1	1	0	0
1	1	UID2154766	1	1	0	0
1	1	UID2154767	1	1	0	0
1	1	UID2154777	1	1	0	0
1	1	UID2154781	1	1	0	0
1	1	UID2154787	1	1	0	0
1	1	UID2154788	1	1	0	0
1	1	UID2154792	1	1	0	0
1	1	UID2154794	1	1	0	0
1	1	UID2154796	1	1	0	0
2	2	UID2154798	1	2	1	1
1	1	UID2154801	1	1	0	0
1	1	UID2154802	1	1	0	0
1	1	UID2154803	1	1	0	0
1	1	UID2154806	1	1	0	0
1	1	UID2154811	1	1	0	0
1	1	UID2154826	1	1	0	0
1	1	UID2154831	1	1	0	0
1	1	UID2154842	1	1	0	0
1	1	UID2154850	1	1	0	0
1	1	UID2154856	1	1	0	0
1	1	UID2154858	1	1	0	0
1	1	UID2154859	1	1	0	0
1	1	UID2154861	1	1	0	0
1	1	UID2154869	1	1	0	0
1	1	UID2154896	1	1	0	0
1	1	UID2154903	1	1	0	0
1	1	UID2154907	1	1	0	0
1	1	UID2154916	1	1	0	0
1	1	UID2154920	1	1	0	0
1	1	UID2154922	1	1	0	0
1	1	UID2154929	1	1	0	0
1	1	UID2154931	1	1	0	0
1	1	UID2154936	1	1	0	0
1	1	UID2154939	1	1	0	0
1	1	UID2154940	1	1	0	0
1	1	UID2154943	1	1	0	0
1	1	UID2154944	1	1	0	0
1	1	UID2154947	1	1	0	0
1	1	UID2154953	1	1	0	0
1	1	UID2154969	1	1	0	0
1	1	UID2154979	1	1	0	0
1	1	UID2154982	1	1	0	0
1	1	UID2154986	1	1	0	0
1	1	UID2154987	1	1	0	0
1	1	UID2154993	1	1	0	0
1	1	UID2154995	1	1	0	0
1	1	UID2154998	1	1	0	0
1	1	UID2155003	1	1	0	0
1	1	UID2155004	1	1	0	0
1	1	UID2155005	1	1	0	0
1	1	UID2155016	1	1	0	0
1	1	UID2155020	1	1	0	0
1	1	UID2155021	1	1	0	0
1	1	UID2155028	1	1	0	0
1	1	UID2155033	1	1	0	0
1	1	UID2155046	1	1	0	0
1	1	UID2155056	1	1	0	0
1	1	UID2155060	1	1	0	0
1	1	UID2155064	1	1	0	0
1	1	UID2155065	1	1	0	0
1	1	UID2155078	1	1	0	0
1	1	UID2155080	1	1	0	0
1	1	UID2155083	1	1	0	0
1	1	UID2155084	1	1	0	0
1	1	UID2155089	1	1	0	0
1	1	UID2155110	1	1	0	0
1	1	UID2155111	1	1	0	0
1	1	UID2155112	1	1	0	0
1	1	UID2155120	1	1	0	0
1	1	UID2155121	1	1	0	0
1	1	UID2155137	1	1	0	0
1	1	UID2155140	1	1	0	0
1	1	UID2155143	1	1	0	0
1	1	UID2155147	1	1	0	0
1	1	UID2155162	1	1	0	0
1	1	UID2155172	1	1	0	0
1	1	UID2155177	1	1	0	0
1	1	UID2155179	1	1	0	0
1	1	UID2155180	1	1	0	0
1	1	UID2155182	1	1	0	0
1	1	UID2155183	1	1	0	0
1	1	UID2155184	1	1	0	0
1	1	UID2155185	1	1	0	0
1	1	UID2155186	1	1	0	0
1	1	UID2155187	1	1	0	0
1	1	UID2155188	1	1	0	0
1	1	UID2155189	1	1	0	0
1	1	UID2155193	1	1	0	0
1	1	UID2155197	1	1	0	0
1	1	UID2155199	1	1	0	0
1	1	UID2155201	1	1	0	0
1	1	UID2155211	1	1	0	0
1	1	UID2155224	1	1	0	0
1	1	UID2155227	1	1	0	0
1	1	UID2155229	1	1	0	0
1	1	UID2155230	1	1	0	0
1	1	UID2155235	1	1	0	0
1	1	UID2155236	1	1	0	0
1	1	UID2155238	1	1	0	0
1	1	UID2155253	1	1	0	0
1	1	UID2155257	1	1	0	0
1	1	UID2155258	1	1	0	0
1	1	UID2155262	1	1	0	0
1	1	UID2155265	1	1	0	0
1	1	UID2155273	1	1	0	0
1	1	UID2155291	1	1	0	0
1	1	UID2155299	1	1	0	0
1	1	UID2155300	1	1	0	0
1	1	UID2155315	1	1	0	0
1	1	UID2155320	1	1	0	0
1	1	UID2155321	1	1	0	0
1	1	UID2155322	1	1	0	0
1	1	UID2155323	1	1	0	0
1	1	UID2155325	1	1	0	0
1	1	UID2155326	1	1	0	0
1	1	UID2155327	1	1	0	0
1	1	UID2155328	1	1	0	0
1	1	UID2155329	1	1	0	0
1	1	UID2155330	1	1	0	0
1	1	UID2155331	1	1	0	0
1	1	UID2155332	1	1	0	0
1	1	UID2155335	1	1	0	0
1	1	UID2155341	1	1	0	0
1	1	UID2155357	1	1	0	0
1	1	UID2155358	1	1	0	0
1	1	UID2155360	1	1	0	0
1	1	UID2155361	1	1	0	0
1	1	UID2155363	1	1	0	0
1	1	UID2155365	1	1	0	0
1	1	UID2155367	1	1	0	0
1	1	UID2155369	1	1	0	0
1	1	UID2155373	1	1	0	0
1	1	UID2155374	1	1	0	0
1	1	UID2155375	1	1	0	0
1	1	UID2155377	1	1	0	0
1	1	UID2155378	1	1	0	0
1	1	UID2155379	1	1	0	0
1	1	UID2155380	1	1	0	0
1	1	UID2155381	1	1	0	0
1	1	UID2155382	1	1	0	0
1	1	UID2155385	1	1	0	0
1	1	UID2155387	1	1	0	0
1	1	UID2155391	1	1	0	0
1	1	UID2155395	1	1	0	0
1	1	UID2155401	1	1	0	0
1	1	UID2155405	1	1	0	0
1	1	UID2155415	1	1	0	0
1	1	UID2155416	1	1	0	0
1	1	UID2155418	1	1	0	0
1	1	UID2155430	1	1	0	0
1	1	UID2155432	1	1	0	0
1	1	UID2155434	1	1	0	0
1	1	UID2155449	1	1	0	0
1	1	UID2155450	1	1	0	0
1	1	UID2155456	1	1	0	0
1	1	UID2155460	1	1	0	0
1	1	UID2155468	1	1	0	0
1	1	UID2155474	1	1	0	0
1	1	UID2155478	1	1	0	0
1	1	UID2155480	1	1	0	0
1	1	UID2155481	1	1	0	0
1	1	UID2155486	1	1	0	0
1	1	UID2155488	1	1	0	0
1	1	UID2155494	1	1	0	0
1	1	UID2155495	1	1	0	0
1	1	UID2155498	1	1	0	0
1	1	UID2155500	1	1	0	0
1	1	UID2155501	1	1	0	0
1	1	UID2155518	1	1	0	0
1	1	UID2155521	1	1	0	0
1	1	UID2155523	1	1	0	0
1	1	UID2155524	1	1	0	0
1	1	UID2155526	1	1	0	0
1	1	UID2155531	1	1	0	0
1	1	UID2155533	1	1	0	0
1	1	UID2155534	1	1	0	0
1	1	UID2155536	1	1	0	0
1	1	UID2155539	1	1	0	0
1	1	UID2155541	1	1	0	0
1	1	UID2155544	1	1	0	0
1	1	UID2155546	1	1	0	0
1	1	UID2155547	1	1	0	0
1	1	UID2155561	1	1	0	0
1	1	UID2155563	1	1	0	0
1	1	UID2155565	1	1	0	0
1	1	UID2155568	1	1	0	0
1	1	UID2155570	1	1	0	0
1	1	UID2155580	1	1	0	0
1	1	UID2155581	1	1	0	0
1	1	UID2155582	1	1	0	0
1	1	UID2155593	1	1	0	0
1	1	UID2155598	1	1	0	0
1	1	UID2155600	1	1	0	0
1	1	UID2155604	1	1	0	0
1	1	UID2155605	1	1	0	0
1	1	UID2155609	1	1	0	0
1	1	UID2155610	1	1	0	0
1	1	UID2155619	1	1	0	0
1	1	UID2155620	1	1	0	0
1	1	UID2155623	1	1	0	0
1	1	UID2155640	1	1	0	0
1	1	UID2155641	1	1	0	0
1	1	UID2155643	1	1	0	0
1	1	UID2155644	1	1	0	0
1	1	UID2155645	1	1	0	0
1	1	UID2155646	1	1	0	0
1	1	UID2155647	1	1	0	0
1	1	UID2155648	1	1	0	0
1	1	UID2155650	1	1	0	0
1	1	UID2155651	1	1	0	0
1	1	UID2155662	1	1	0	0
1	1	UID2155665	1	1	0	0
1	1	UID2155669	1	1	0	0
1	1	UID2155671	1	1	0	0
1	1	UID2155674	1	1	0	0
1	1	UID2155675	1	1	0	0
1	1	UID2155677	1	1	0	0
1	1	UID2155680	1	1	0	0
1	1	UID2155682	1	1	0	0
1	1	UID2155683	1	1	0	0
1	1	UID2155697	1	1	0	0
1	1	UID2155699	1	1	0	0
1	1	UID2155701	1	1	0	0
1	1	UID2155703	1	1	0	0
1	1	UID2155705	1	1	0	0
1	1	UID2155706	1	1	0	0
1	1	UID2155707	1	1	0	0
1	1	UID2155712	1	1	0	0
1	1	UID2155713	1	1	0	0
1	1	UID2155715	1	1	0	0
1	1	UID2155719	1	1	0	0
1	1	UID2155721	1	1	0	0
1	1	UID2155723	1	1	0	0
1	1	UID2155728	1	1	0	0
1	1	UID2155729	1	1	0	0
1	1	UID2155733	1	1	0	0
1	1	UID2155737	1	1	0	0
2	2	UID2155761	1	2	1	1
1	1	UID2155768	1	1	0	0
1	1	UID2155775	1	1	0	0
1	1	UID2155776	1	1	0	0
1	1	UID2155781	1	1	0	0
1	1	UID2155785	1	1	0	0
1	1	UID2155786	1	1	0	0
1	1	UID2155788	1	1	0	0
1	1	UID2155789	1	1	0	0
1	1	UID2155792	1	1	0	0
1	1	UID2155796	1	1	0	0
1	1	UID2155816	1	1	0	0
1	1	UID2155817	1	1	0	0
1	1	UID2155818	1	1	0	0
1	1	UID2155820	1	1	0	0
1	1	UID2155824	1	1	0	0
1	1	UID2155828	1	1	0	0
1	1	UID2155829	1	1	0	0
1	1	UID2155835	1	1	0	0
1	1	UID2155838	1	1	0	0
1	1	UID2155839	1	1	0	0
1	1	UID2155841	1	1	0	0
1	1	UID2155844	1	1	0	0
1	1	UID2155845	1	1	0	0
1	1	UID2155857	1	1	0	0
1	1	UID2155860	1	1	0	0
1	1	UID2155863	1	1	0	0
1	1	UID2155864	1	1	0	0
1	1	UID2155865	1	1	0	0
1	1	UID2155869	1	1	0	0
1	1	UID2155870	1	1	0	0
1	1	UID2155873	1	1	0	0
1	1	UID2155875	1	1	0	0
1	1	UID2155876	1	1	0	0
1	1	UID2155877	1	1	0	0
1	1	UID2155878	1	1	0	0
1	1	UID2155879	1	1	0	0
1	1	UID2155881	1	1	0	0
1	1	UID2155891	1	1	0	0
1	1	UID2155897	1	1	0	0
1	1	UID2155902	1	1	0	0
1	1	UID2155903	1	1	0	0
1	1	UID2155904	1	1	0	0
1	1	UID2155906	1	1	0	0
1	1	UID2155907	1	1	0	0
1	1	UID2155908	1	1	0	0
1	1	UID2155910	1	1	0	0
1	1	UID2155911	1	1	0	0
1	1	UID2155915	1	1	0	0
1	1	UID2155938	1	1	0	0
1	1	UID2155939	1	1	0	0
1	1	UID2155945	1	1	0	0
1	1	UID2155947	1	1	0	0
1	1	UID2155948	1	1	0	0
1	1	UID2155949	1	1	0	0
1	1	UID2155955	1	1	0	0
1	1	UID2155964	1	1	0	0
1	1	UID2155965	1	1	0	0
1	1	UID2155966	1	1	0	0
1	1	UID2155968	1	1	0	0
1	1	UID2155973	1	1	0	0
1	1	UID2155981	1	1	0	0
1	1	UID2155984	1	1	0	0
1	1	UID2155987	1	1	0	0
1	1	UID2155989	1	1	0	0
1	1	UID2155990	1	1	0	0
1	1	UID2155991	1	1	0	0
1	1	UID2155992	1	1	0	0
1	1	UID2155993	1	1	0	0
1	1	UID2155997	1	1	0	0
1	1	UID2155999	1	1	0	0
1	1	UID2156000	1	1	0	0
1	1	UID2156001	1	1	0	0
1	1	UID2156003	1	1	0	0
1	1	UID2156010	1	1	0	0
1	1	UID2156011	1	1	0	0
1	1	UID2156015	1	1	0	0
1	1	UID2156018	1	1	0	0
1	1	UID2156021	1	1	0	0
1	1	UID2156025	1	1	0	0
1	1	UID2156027	1	1	0	0
1	1	UID2156028	1	1	0	0
1	1	UID2156036	1	1	0	0
1	1	UID2156050	1	1	0	0
1	1	UID2156051	1	1	0	0
1	1	UID2156054	1	1	0	0
1	1	UID2156056	1	1	0	0
1	1	UID2156058	1	1	0	0
1	1	UID2156064	1	1	0	0
1	1	UID2156065	1	1	0	0
1	1	UID2156066	1	1	0	0
1	1	UID2156070	1	1	0	0
1	1	UID2156079	1	1	0	0
1	1	UID2156084	1	1	0	0
1	1	UID2156085	1	1	0	0
1	1	UID2156086	1	1	0	0
1	1	UID2156096	1	1	0	0
1	1	UID2156102	1	1	0	0
1	1	UID2156103	1	1	0	0
1	1	UID2156106	1	1	0	0
1	1	UID2156107	1	1	0	0
1	1	UID2156110	1	1	0	0
1	1	UID2156112	1	1	0	0
1	1	UID2156115	1	1	0	0
1	1	UID2156124	1	1	0	0
1	1	UID2156125	1	1	0	0
1	1	UID2156126	1	1	0	0
1	1	UID2156127	1	1	0	0
1	1	UID2156138	1	1	0	0
1	1	UID2156140	1	1	0	0
1	1	UID2156142	1	1	0	0
1	1	UID2156143	1	1	0	0
1	1	UID2156146	1	1	0	0
1	1	UID2156154	1	1	0	0
1	1	UID2156155	1	1	0	0
1	1	UID2156162	1	1	0	0
1	1	UID2156176	1	1	0	0
1	1	UID2156177	1	1	0	0
1	1	UID2156180	1	1	0	0
1	1	UID2156182	1	1	0	0
1	1	UID2156183	1	1	0	0
1	1	UID2156184	1	1	0	0
1	1	UID2156186	1	1	0	0
1	1	UID2156190	1	1	0	0
1	1	UID2156191	1	1	0	0
1	1	UID2156192	1	1	0	0
1	1	UID2156193	1	1	0	0
1	1	UID2156195	1	1	0	0
1	1	UID2156196	1	1	0	0
1	1	UID2156197	1	1	0	0
1	1	UID2156200	1	1	0	0
1	1	UID2156201	1	1	0	0
1	1	UID2156217	1	1	0	0
1	1	UID2156219	1	1	0	0
1	1	UID2156221	1	1	0	0
1	1	UID2156223	1	1	0	0
1	1	UID2156228	1	1	0	0
1	1	UID2156229	1	1	0	0
1	1	UID2156232	1	1	0	0
1	1	UID2156240	1	1	0	0
1	1	UID2156241	1	1	0	0
1	1	UID2156242	1	1	0	0
1	1	UID2156256	1	1	0	0
1	1	UID2156282	1	1	0	0
4	4	UID2156286	1	4	2	2
1	1	UID2156292	1	1	0	0
1	1	UID2156297	1	1	0	0
1	1	UID2156303	1	1	0	0
1	1	UID2156305	1	1	0	0
1	1	UID2156308	1	1	0	0
1	1	UID2156310	1	1	0	0
1	1	UID2156312	1	1	0	0
1	1	UID2156313	1	1	0	0
1	1	UID2156315	1	1	0	0
1	1	UID2156318	1	1	0	0
1	1	UID2156325	1	1	0	0
1	1	UID2156329	1	1	0	0
1	1	UID2156331	1	1	0	0
1	1	UID2156333	1	1	0	0
1	1	UID2156335	1	1	0	0
1	1	UID2156346	1	1	0	0
1	1	UID2156348	1	1	0	0
1	1	UID2156349	1	1	0	0
1	1	UID2156350	1	1	0	0
1	1	UID2156352	1	1	0	0
1	1	UID2156353	1	1	0	0
1	1	UID2156355	1	1	0	0
1	1	UID2156356	1	1	0	0
1	1	UID2156365	1	1	0	0
1	1	UID2156368	1	1	0	0
1	1	UID2156370	1	1	0	0
1	1	UID2156373	1	1	0	0
1	1	UID2156392	1	1	0	0
1	1	UID2156401	1	1	0	0
1	1	UID2156403	1	1	0	0
1	1	UID2156404	1	1	0	0
1	1	UID2156405	1	1	0	0
1	1	UID2156407	1	1	0	0
1	1	UID2156408	1	1	0	0
1	1	UID2156411	1	1	0	0
1	1	UID2156413	1	1	0	0
1	1	UID2156415	1	1	0	0
1	1	UID2156419	1	1	0	0
1	1	UID2156420	1	1	0	0
1	1	UID2156424	1	1	0	0
1	1	UID2156434	1	1	0	0
1	1	UID2156435	1	1	0	0
1	1	UID2156438	1	1	0	0
1	1	UID2156440	1	1	0	0
1	1	UID2156441	1	1	0	0
1	1	UID2156442	1	1	0	0
1	1	UID2156443	1	1	0	0
1	1	UID2156458	1	1	0	0
1	1	UID2156460	1	1	0	0
1	1	UID2156462	1	1	0	0
1	1	UID2156464	1	1	0	0
1	1	UID2156465	1	1	0	0
1	1	UID2156468	1	1	0	0
1	1	UID2156470	1	1	0	0
1	1	UID2156471	1	1	0	0
1	1	UID2156482	1	1	0	0
1	1	UID2156483	1	1	0	0
1	1	UID2156484	1	1	0	0
1	1	UID2156489	1	1	0	0
1	1	UID2156490	1	1	0	0
1	1	UID2156492	1	1	0	0
1	1	UID2156499	1	1	0	0
1	1	UID2156501	1	1	0	0
1	1	UID2156502	1	1	0	0
1	1	UID2156503	1	1	0	0
1	1	UID2156504	1	1	0	0
1	1	UID2156506	1	1	0	0
1	1	UID2156507	1	1	0	0
1	1	UID2156511	1	1	0	0
1	1	UID2156512	1	1	0	0
1	1	UID2156513	1	1	0	0
1	1	UID2156515	1	1	0	0
1	1	UID2156516	1	1	0	0
1	1	UID2156521	1	1	0	0
1	1	UID2156532	1	1	0	0
1	1	UID2156534	1	1	0	0
1	1	UID2156540	1	1	0	0
1	1	UID2156541	1	1	0	0
1	1	UID2156545	1	1	0	0
1	1	UID2156551	1	1	0	0
1	1	UID2156555	1	1	0	0
1	1	UID2156556	1	1	0	0
1	1	UID2156571	1	1	0	0
1	1	UID2156576	1	1	0	0
1	1	UID2156577	1	1	0	0
1	1	UID2156580	1	1	0	0
1	1	UID2156586	1	1	0	0
1	1	UID2156587	1	1	0	0
1	1	UID2156588	1	1	0	0
1	1	UID2156589	1	1	0	0
1	1	UID2156590	1	1	0	0
1	1	UID2156603	1	1	0	0
1	1	UID2156606	1	1	0	0
1	1	UID2156608	1	1	0	0
1	1	UID2156614	1	1	0	0
1	1	UID2156615	1	1	0	0
1	1	UID2156616	1	1	0	0
1	1	UID2156624	1	1	0	0
1	1	UID2156625	1	1	0	0
1	1	UID2156628	1	1	0	0
1	1	UID2156629	1	1	0	0
1	1	UID2156654	1	1	0	0
1	1	UID2156668	1	1	0	0
1	1	UID2156670	1	1	0	0
1	1	UID2156673	1	1	0	0
1	1	UID2156680	1	1	0	0
1	1	UID2156687	1	1	0	0
1	1	UID2156689	1	1	0	0
1	1	UID2156690	1	1	0	0
1	1	UID2156697	1	1	0	0
1	1	UID2156714	1	1	0	0
1	1	UID2156718	1	1	0	0
1	1	UID2156728	1	1	0	0
1	1	UID2156729	1	1	0	0
1	1	UID2156733	1	1	0	0
1	1	UID2156734	1	1	0	0
1	1	UID2156735	1	1	0	0
1	1	UID2156739	1	1	0	0
1	1	UID2156741	1	1	0	0
1	1	UID2156742	1	1	0	0
1	1	UID2156744	1	1	0	0
1	1	UID2156773	1	1	0	0
1	1	UID2156774	1	1	0	0
1	1	UID2156775	1	1	0	0
1	1	UID2156779	1	1	0	0
1	1	UID2156783	1	1	0	0
1	1	UID2156784	1	1	0	0
1	1	UID2156785	1	1	0	0
1	1	UID2156786	1	1	0	0
1	1	UID2156787	1	1	0	0
1	1	UID2156788	1	1	0	0
1	1	UID2156794	1	1	0	0
1	1	UID2156795	1	1	0	0
1	1	UID2156799	1	1	0	0
1	1	UID2156810	1	1	0	0
1	1	UID2156812	1	1	0	0
1	1	UID2156821	1	1	0	0
1	1	UID2156833	1	1	0	0
1	1	UID2156836	1	1	0	0
1	1	UID2156839	1	1	0	0
4	4	UID2156841	1	4	1	1
1	1	UID2156845	1	1	0	0
1	1	UID2156860	1	1	0	0
1	1	UID2156861	1	1	0	0
1	1	UID2156867	1	1	0	0
1	1	UID2156869	1	1	0	0
1	1	UID2156883	1	1	0	0
4	4	UID2156890	1	4	1	1
1	1	UID2156894	1	1	0	0
1	1	UID2156895	1	1	0	0
1	1	UID2156897	1	1	0	0
1	1	UID2156907	1	1	0	0
1	1	UID2156919	1	1	0	0
3	3	UID2156931	1	3	2	2
1	1	UID2156933	1	1	0	0
1	1	UID2156952	1	1	0	0
1	1	UID2156954	1	1	0	0
1	1	UID2156955	1	1	0	0
1	1	UID2156957	1	1	0	0
1	1	UID2156959	1	1	0	0
1	1	UID2156978	1	1	0	0
1	1	UID2156992	1	1	0	0
1	1	UID2156993	1	1	0	0
1	1	UID2157001	1	1	0	0
1	1	UID2157002	1	1	0	0
1	1	UID2157009	1	1	0	0
1	1	UID2157010	1	1	0	0
1	1	UID2157027	1	1	0	0
1	1	UID2157035	1	1	0	0
1	1	UID2157036	1	1	0	0
1	1	UID2157038	1	1	0	0
1	1	UID2157055	1	1	0	0
1	1	UID2157064	1	1	0	0
1	1	UID2157087	1	1	0	0
1	1	UID2157090	1	1	0	0
1	1	UID2157108	1	1	0	0
1	1	UID2157109	1	1	0	0
1	1	UID2157138	1	1	0	0
1	1	UID2157152	1	1	0	0
1	1	UID2157153	1	1	0	0
1	1	UID2157154	1	1	0	0
1	1	UID2157158	1	1	0	0
1	1	UID2157170	1	1	0	0
1	1	UID2157180	1	1	0	0
1	1	UID2157191	1	1	0	0
1	1	UID2157194	1	1	0	0
1	1	UID2157195	1	1	0	0
1	1	UID2157196	1	1	0	0
1	1	UID2157198	1	1	0	0
1	1	UID2157200	1	1	0	0
1	1	UID2157212	1	1	0	0
1	1	UID2157214	1	1	0	0
1	1	UID2157220	1	1	0	0
1	1	UID2157229	1	1	0	0
1	1	UID2157260	1	1	0	0
1	1	UID2157270	1	1	0	0
1	1	UID2157271	1	1	0	0
1	1	UID2157272	1	1	0	0
1	1	UID2157277	1	1	0	0
1	1	UID2157279	1	1	0	0
1	1	UID2157281	1	1	0	0
1	1	UID2157283	1	1	0	0
1	1	UID2157284	1	1	0	0
1	1	UID2157291	1	1	0	0
1	1	UID2157299	1	1	0	0
1	1	UID2157300	1	1	0	0
1	1	UID2157304	1	1	0	0
1	1	UID2157305	1	1	0	0
1	1	UID2157307	1	1	0	0
1	1	UID2157318	1	1	0	0
1	1	UID2157320	1	1	0	0
1	1	UID2157331	1	1	0	0
1	1	UID2157333	1	1	0	0
1	1	UID2157339	1	1	0	0
1	1	UID2157341	1	1	0	0
1	1	UID2157347	1	1	0	0
1	1	UID2157348	1	1	0	0
1	1	UID2157349	1	1	0	0
1	1	UID2157382	1	1	0	0
1	1	UID2157395	1	1	0	0
1	1	UID2157549	1	1	0	0
1	1	UID2157635	1	1	0	0
1	1	UID2157636	1	1	0	0
1	1	UID2157644	1	1	0	0
1	1	UID2157650	1	1	0	0
1	1	UID2157653	1	1	0	0
1	1	UID2157654	1	1	0	0
1	1	UID2157656	1	1	0	0
1	1	UID2157663	1	1	0	0
1	1	UID2157673	1	1	0	0
1	1	UID2157679	1	1	0	0
1	1	UID2157682	1	1	0	0
1	1	UID2157691	1	1	0	0
1	1	UID2157696	1	1	0	0
1	1	UID2157697	1	1	0	0
1	1	UID2157699	1	1	0	0
1	1	UID2157702	1	1	0	0
1	1	UID2157707	1	1	0	0
1	1	UID2157709	1	1	0	0
1	1	UID2157717	1	1	0	0
1	1	UID2157718	1	1	0	0
1	1	UID2157721	1	1	0	0
1	1	UID2157723	1	1	0	0
1	1	UID2157725	1	1	0	0
1	1	UID2157742	1	1	0	0
1	1	UID2157744	1	1	0	0
1	1	UID2157748	1	1	0	0
1	1	UID2157763	1	1	0	0
1	1	UID2157781	1	1	0	0
1	1	UID2157782	1	1	0	0
1	1	UID2157787	1	1	0	0
1	1	UID2157802	1	1	0	0
1	1	UID2157807	1	1	0	0
1	1	UID2157814	1	1	0	0
1	1	UID2157822	1	1	0	0
1	1	UID2157825	1	1	0	0
1	1	UID2157838	1	1	0	0
1	1	UID2157847	1	1	0	0
1	1	UID2157854	1	1	0	0
1	1	UID2157857	1	1	0	0
1	1	UID2157859	1	1	0	0
1	1	UID2157883	1	1	0	0
1	1	UID2157884	1	1	0	0
1	1	UID2157886	1	1	0	0
1	1	UID2157896	1	1	0	0
1	1	UID2157898	1	1	0	0
1	1	UID2157915	1	1	0	0
1	1	UID2157921	1	1	0	0
1	1	UID2157930	1	1	0	0
1	1	UID2157957	1	1	0	0
1	1	UID2157966	1	1	0	0
1	1	UID2157967	1	1	0	0
1	1	UID2157968	1	1	0	0
1	1	UID2157992	1	1	0	0
1	1	UID2157995	1	1	0	0
1	1	UID2158012	1	1	0	0
1	1	UID2158013	1	1	0	0
1	1	UID2158020	1	1	0	0
1	1	UID2158022	1	1	0	0
1	1	UID2158029	1	1	0	0
1	1	UID2158032	1	1	0	0
1	1	UID2158034	1	1	0	0
1	1	UID2158043	1	1	0	0
1	1	UID2158048	1	1	0	0
1	1	UID2158050	1	1	0	0
1	1	UID2158054	1	1	0	0
1	1	UID2158067	1	1	0	0
1	1	UID2158068	1	1	0	0
1	1	UID2158076	1	1	0	0
1	1	UID2158082	1	1	0	0
1	1	UID2158086	1	1	0	0
1	1	UID2158095	1	1	0	0
1	1	UID2158097	1	1	0	0
1	1	UID2158099	1	1	0	0
1	1	UID2158100	1	1	0	0
1	1	UID2158121	1	1	0	0
1	1	UID2158130	1	1	0	0
1	1	UID2158131	1	1	0	0
1	1	UID2158135	1	1	0	0
1	1	UID2158149	1	1	0	0
1	1	UID2158151	1	1	0	0
1	1	UID2158153	1	1	0	0
2	2	UID2158156	1	2	1	1
1	1	UID2158158	1	1	0	0
1	1	UID2158160	1	1	0	0
1	1	UID2158163	1	1	0	0
1	1	UID2158166	1	1	0	0
1	1	UID2158170	1	1	0	0
1	1	UID2158177	1	1	0	0
1	1	UID2158181	1	1	0	0
1	1	UID2158184	1	1	0	0
3	3	UID2158187	1	3	1	1
1	1	UID2158191	1	1	0	0
1	1	UID2158197	1	1	0	0
1	1	UID2158203	1	1	0	0
1	1	UID2158205	1	1	0	0
1	1	UID2158214	1	1	0	0
1	1	UID2158219	1	1	0	0
1	1	UID2158230	1	1	0	0
1	1	UID2158243	1	1	0	0
1	1	UID2158245	1	1	0	0
1	1	UID2158249	1	1	0	0
1	1	UID2158250	1	1	0	0
1	1	UID2158251	1	1	0	0
1	1	UID2158253	1	1	0	0
1	1	UID2158256	1	1	0	0
1	1	UID2158270	1	1	0	0
1	1	UID2158272	1	1	0	0
1	1	UID2158275	1	1	0	0
1	1	UID2158276	1	1	0	0
1	1	UID2158277	1	1	0	0
1	1	UID2158282	1	1	0	0
1	1	UID2158287	1	1	0	0
1	1	UID2158288	1	1	0	0
1	1	UID2158294	1	1	0	0
1	1	UID2158295	1	1	0	0
1	1	UID2158298	1	1	0	0
1	1	UID2158300	1	1	0	0
1	1	UID2158308	1	1	0	0
1	1	UID2158311	1	1	0	0
1	1	UID2158313	1	1	0	0
1	1	UID2158314	1	1	0	0
1	1	UID2158316	1	1	0	0
1	1	UID2158317	1	1	0	0
1	1	UID2158328	1	1	0	0
1	1	UID2158332	1	1	0	0
1	1	UID2158337	1	1	0	0
1	1	UID2158339	1	1	0	0
1	1	UID2158340	1	1	0	0
1	1	UID2158341	1	1	0	0
1	1	UID2158342	1	1	0	0
1	1	UID2158344	1	1	0	0
1	1	UID2158357	1	1	0	0
1	1	UID2158360	1	1	0	0
1	1	UID2158361	1	1	0	0
1	1	UID2158364	1	1	0	0
1	1	UID2158370	1	1	0	0
1	1	UID2158371	1	1	0	0
1	1	UID2158372	1	1	0	0
1	1	UID2158373	1	1	0	0
1	1	UID2158374	1	1	0	0
1	1	UID2158375	1	1	0	0
1	1	UID2158378	1	1	0	0
1	1	UID2158381	1	1	0	0
7	7	UID2158383	1	7	2	2
1	1	UID2158386	1	1	0	0
1	1	UID2158393	1	1	0	0
1	1	UID2158394	1	1	0	0
1	1	UID2158398	1	1	0	0
1	1	UID2158399	1	1	0	0
1	1	UID2158411	1	1	0	0
1	1	UID2158423	1	1	0	0
1	1	UID2158428	1	1	0	0
1	1	UID2158430	1	1	0	0
1	1	UID2158433	1	1	0	0
1	1	UID2158459	1	1	0	0
1	1	UID2158463	1	1	0	0
1	1	UID2158469	1	1	0	0
1	1	UID2158473	1	1	0	0
1	1	UID2158476	1	1	0	0
1	1	UID2158477	1	1	0	0
1	1	UID2158487	1	1	0	0
1	1	UID2158492	1	1	0	0
1	1	UID2158495	1	1	0	0
1	1	UID2158497	1	1	0	0
1	1	UID2158503	1	1	0	0
1	1	UID2158510	1	1	0	0
1	1	UID2158511	1	1	0	0
1	1	UID2158512	1	1	0	0
1	1	UID2158513	1	1	0	0
1	1	UID2158514	1	1	0	0
1	1	UID2158527	1	1	0	0
1	1	UID2158529	1	1	0	0
1	1	UID2158531	1	1	0	0
1	1	UID2158532	1	1	0	0
1	1	UID2158533	1	1	0	0
1	1	UID2158534	1	1	0	0
1	1	UID2158535	1	1	0	0
1	1	UID2158554	1	1	0	0
1	1	UID2158559	1	1	0	0
1	1	UID2158561	1	1	0	0
1	1	UID2158565	1	1	0	0
1	1	UID2158567	1	1	0	0
1	1	UID2158575	1	1	0	0
1	1	UID2158577	1	1	0	0
1	1	UID2158580	1	1	0	0
1	1	UID2158581	1	1	0	0
1	1	UID2158601	1	1	0	0
1	1	UID2158605	1	1	0	0
1	1	UID2158608	1	1	0	0
1	1	UID2158609	1	1	0	0
1	1	UID2158622	1	1	0	0
1	1	UID2158625	1	1	0	0
1	1	UID2158629	1	1	0	0
1	1	UID2158630	1	1	0	0
1	1	UID2158632	1	1	0	0
1	1	UID2158633	1	1	0	0
1	1	UID2158637	1	1	0	0
1	1	UID2158638	1	1	0	0
1	1	UID2158644	1	1	0	0
1	1	UID2158647	1	1	0	0
1	1	UID2158649	1	1	0	0
2	2	UID2158650	1	2	1	1
1	1	UID2158652	1	1	0	0
1	1	UID2158656	1	1	0	0
1	1	UID2158657	1	1	0	0
1	1	UID2158660	1	1	0	0
1	1	UID2158671	1	1	0	0
1	1	UID2158677	1	1	0	0
1	1	UID2158679	1	1	0	0
1	1	UID2158680	1	1	0	0
1	1	UID2158690	1	1	0	0
1	1	UID2158691	1	1	0	0
1	1	UID2158692	1	1	0	0
1	1	UID2158693	1	1	0	0
1	1	UID2158703	1	1	0	0
1	1	UID2158704	1	1	0	0
1	1	UID2158707	1	1	0	0
1	1	UID2158708	1	1	0	0
1	1	UID2158710	1	1	0	0
1	1	UID2158716	1	1	0	0
1	1	UID2158719	1	1	0	0
1	1	UID2158730	1	1	0	0
1	1	UID2158733	1	1	0	0
1	1	UID2158735	1	1	0	0
1	1	UID2158736	1	1	0	0
1	1	UID2158740	1	1	0	0
1	1	UID2158743	1	1	0	0
1	1	UID2158744	1	1	0	0
1	1	UID2158745	1	1	0	0
1	1	UID2158746	1	1	0	0
1	1	UID2158748	1	1	0	0
1	1	UID2158751	1	1	0	0
1	1	UID2158752	1	1	0	0
1	1	UID2158753	1	1	0	0
1	1	UID2158754	1	1	0	0
1	1	UID2158759	1	1	0	0
1	1	UID2158762	1	1	0	0
1	1	UID2158767	1	1	0	0
1	1	UID2158770	1	1	0	0
1	1	UID2158773	1	1	0	0
1	1	UID2158775	1	1	0	0
1	1	UID2158776	1	1	0	0
1	1	UID2158778	1	1	0	0
1	1	UID2158779	1	1	0	0
1	1	UID2158780	1	1	0	0
1	1	UID2158783	1	1	0	0
1	1	UID2158798	1	1	0	0
1	1	UID2158801	1	1	0	0
1	1	UID2158802	1	1	0	0
1	1	UID2158803	1	1	0	0
1	1	UID2158804	1	1	0	0
1	1	UID2158806	1	1	0	0
1	1	UID2158807	1	1	0	0
1	1	UID2158814	1	1	0	0
1	1	UID2158815	1	1	0	0
1	1	UID2158817	1	1	0	0
1	1	UID2158818	1	1	0	0
1	1	UID2158821	1	1	0	0
1	1	UID2158822	1	1	0	0
1	1	UID2158824	1	1	0	0
1	1	UID2158827	1	1	0	0
1	1	UID2158838	1	1	0	0
1	1	UID2158839	1	1	0	0
1	1	UID2158841	1	1	0	0
1	1	UID2158842	1	1	0	0
1	1	UID2158844	1	1	0	0
1	1	UID2158850	1	1	0	0
1	1	UID2158853	1	1	0	0
1	1	UID2158854	1	1	0	0
1	1	UID2158862	1	1	0	0
1	1	UID2158863	1	1	0	0
1	1	UID2158867	1	1	0	0
1	1	UID2158870	1	1	0	0
1	1	UID2158876	1	1	0	0
1	1	UID2158877	1	1	0	0
1	1	UID2158886	1	1	0	0
1	1	UID2158890	1	1	0	0
1	1	UID2158891	1	1	0	0
1	1	UID2158895	1	1	0	0
1	1	UID2158896	1	1	0	0
1	1	UID2158897	1	1	0	0
1	1	UID2158898	1	1	0	0
1	1	UID2158899	1	1	0	0
1	1	UID2158904	1	1	0	0
1	1	UID2158905	1	1	0	0
1	1	UID2158908	1	1	0	0
1	1	UID2158921	1	1	0	0
1	1	UID2158928	1	1	0	0
1	1	UID2158932	1	1	0	0
1	1	UID2158933	1	1	0	0
1	1	UID2158934	1	1	0	0
1	1	UID2158937	1	1	0	0
1	1	UID2158939	1	1	0	0
1	1	UID2158940	1	1	0	0
1	1	UID2158946	1	1	0	0
1	1	UID2158947	1	1	0	0
1	1	UID2158948	1	1	0	0
1	1	UID2158949	1	1	0	0
1	1	UID2158952	1	1	0	0
1	1	UID2158963	1	1	0	0
1	1	UID2158964	1	1	0	0
1	1	UID2158968	1	1	0	0
1	1	UID2158969	1	1	0	0
1	1	UID2158970	1	1	0	0
1	1	UID2158973	1	1	0	0
1	1	UID2158974	1	1	0	0
1	1	UID2158976	1	1	0	0
1	1	UID2158977	1	1	0	0
1	1	UID2158979	1	1	0	0
1	1	UID2158987	1	1	0	0
1	1	UID2158989	1	1	0	0
1	1	UID2159002	1	1	0	0
1	1	UID2159004	1	1	0	0
1	1	UID2159018	1	1	0	0
1	1	UID2159020	1	1	0	0
1	1	UID2159026	1	1	0	0
1	1	UID2159027	1	1	0	0
1	1	UID2159029	1	1	0	0
1	1	UID2159033	1	1	0	0
1	1	UID2159034	1	1	0	0
1	1	UID2159035	1	1	0	0
1	1	UID2159038	1	1	0	0
1	1	UID2159059	1	1	0	0
1	1	UID2159062	1	1	0	0
1	1	UID2159068	1	1	0	0
1	1	UID2159070	1	1	0	0
1	1	UID2159076	1	1	0	0
1	1	UID2159077	1	1	0	0
1	1	UID2159079	1	1	0	0
1	1	UID2159081	1	1	0	0
1	1	UID2159083	1	1	0	0
1	1	UID2159084	1	1	0	0
1	1	UID2159100	1	1	0	0
1	1	UID2159110	1	1	0	0
1	1	UID2159111	1	1	0	0
1	1	UID2159112	1	1	0	0
1	1	UID2159117	1	1	0	0
1	1	UID2159118	1	1	0	0
1	1	UID2159125	1	1	0	0
1	1	UID2159135	1	1	0	0
1	1	UID2159138	1	1	0	0
1	1	UID2159140	1	1	0	0
1	1	UID2159141	1	1	0	0
1	1	UID2159143	1	1	0	0
1	1	UID2159146	1	1	0	0
1	1	UID2159173	1	1	0	0
1	1	UID2159176	1	1	0	0
1	1	UID2159179	1	1	0	0
1	1	UID2159188	1	1	0	0
1	1	UID2159189	1	1	0	0
1	1	UID2159202	1	1	0	0
1	1	UID2159203	1	1	0	0
1	1	UID2159205	1	1	0	0
1	1	UID2159211	1	1	0	0
1	1	UID2159213	1	1	0	0
1	1	UID2159214	1	1	0	0
1	1	UID2159218	1	1	0	0
1	1	UID2159220	1	1	0	0
1	1	UID2159221	1	1	0	0
1	1	UID2159225	1	1	0	0
1	1	UID2159226	1	1	0	0
1	1	UID2159256	1	1	0	0
1	1	UID2159258	1	1	0	0
1	1	UID2159264	1	1	0	0
1	1	UID2159267	1	1	0	0
1	1	UID2159269	1	1	0	0
1	1	UID2159270	1	1	0	0
1	1	UID2159272	1	1	0	0
1	1	UID2159277	1	1	0	0
1	1	UID2159278	1	1	0	0
1	1	UID2159280	1	1	0	0
1	1	UID2159294	1	1	0	0
1	1	UID2159300	1	1	0	0
1	1	UID2159305	1	1	0	0
1	1	UID2159306	1	1	0	0
1	1	UID2159307	1	1	0	0
1	1	UID2159312	1	1	0	0
1	1	UID2159328	1	1	0	0
1	1	UID2159331	1	1	0	0
1	1	UID2159333	1	1	0	0
1	1	UID2159334	1	1	0	0
1	1	UID2159335	1	1	0	0
1	1	UID2159342	1	1	0	0
1	1	UID2159344	1	1	0	0
1	1	UID2159345	1	1	0	0
1	1	UID2159346	1	1	0	0
1	1	UID2159348	1	1	0	0
1	1	UID2159371	1	1	0	0
1	1	UID2159375	1	1	0	0
1	1	UID2159376	1	1	0	0
1	1	UID2159378	1	1	0	0
1	1	UID2159379	1	1	0	0
1	1	UID2159380	1	1	0	0
1	1	UID2159381	1	1	0	0
1	1	UID2159400	1	1	0	0
1	1	UID2159405	1	1	0	0
1	1	UID2159407	1	1	0	0
1	1	UID2159412	1	1	0	0
1	1	UID2159413	1	1	0	0
1	1	UID2159414	1	1	0	0
1	1	UID2159415	1	1	0	0
1	1	UID2159416	1	1	0	0
1	1	UID2159417	1	1	0	0
1	1	UID2159418	1	1	0	0
1	1	UID2159419	1	1	0	0
1	1	UID2159421	1	1	0	0
1	1	UID2159422	1	1	0	0
1	1	UID2159423	1	1	0	0
1	1	UID2159424	1	1	0	0
1	1	UID2159425	1	1	0	0
1	1	UID2159426	1	1	0	0
1	1	UID2159427	1	1	0	0
1	1	UID2159428	1	1	0	0
1	1	UID2159429	1	1	0	0
1	1	UID2159430	1	1	0	0
1	1	UID2159431	1	1	0	0
1	1	UID2159432	1	1	0	0
1	1	UID2159433	1	1	0	0
1	1	UID2159434	1	1	0	0
1	1	UID2159436	1	1	0	0
1	1	UID2159437	1	1	0	0
1	1	UID2159448	1	1	0	0
1	1	UID2159454	1	1	0	0
1	1	UID2159462	1	1	0	0
1	1	UID2159469	1	1	0	0
1	1	UID2159473	1	1	0	0
1	1	UID2159475	1	1	0	0
1	1	UID2159479	1	1	0	0
1	1	UID2159480	1	1	0	0
1	1	UID2159481	1	1	0	0
1	1	UID2159482	1	1	0	0
1	1	UID2159483	1	1	0	0
1	1	UID2159492	1	1	0	0
1	1	UID2159508	1	1	0	0
1	1	UID2159509	1	1	0	0
1	1	UID2159514	1	1	0	0
1	1	UID2159517	1	1	0	0
1	1	UID2159520	1	1	0	0
1	1	UID2159522	1	1	0	0
1	1	UID2159523	1	1	0	0
1	1	UID2159524	1	1	0	0
1	1	UID2159525	1	1	0	0
1	1	UID2159526	1	1	0	0
1	1	UID2159527	1	1	0	0
1	1	UID2159528	1	1	0	0
1	1	UID2159529	1	1	0	0
1	1	UID2159530	1	1	0	0
1	1	UID2159531	1	1	0	0
1	1	UID2159534	1	1	0	0
1	1	UID2159536	1	1	0	0
1	1	UID2159537	1	1	0	0
1	1	UID2159541	1	1	0	0
1	1	UID2159561	1	1	0	0
1	1	UID2159562	1	1	0	0
1	1	UID2159563	1	1	0	0
1	1	UID2159564	1	1	0	0
1	1	UID2159567	1	1	0	0
1	1	UID2159572	1	1	0	0
1	1	UID2159574	1	1	0	0
1	1	UID2159576	1	1	0	0
1	1	UID2159577	1	1	0	0
1	1	UID2159582	1	1	0	0
1	1	UID2159593	1	1	0	0
1	1	UID2159600	1	1	0	0
1	1	UID2159601	1	1	0	0
1	1	UID2159605	1	1	0	0
1	1	UID2159607	1	1	0	0
1	1	UID2159608	1	1	0	0
1	1	UID2159609	1	1	0	0
1	1	UID2159610	1	1	0	0
1	1	UID2159611	1	1	0	0
1	1	UID2159612	1	1	0	0
1	1	UID2159613	1	1	0	0
1	1	UID2159616	1	1	0	0
1	1	UID2159617	1	1	0	0
1	1	UID2159618	1	1	0	0
1	1	UID2159619	1	1	0	0
1	1	UID2159620	1	1	0	0
1	1	UID2159621	1	1	0	0
1	1	UID2159622	1	1	0	0
1	1	UID2159624	1	1	0	0
1	1	UID2159625	1	1	0	0
1	1	UID2159626	1	1	0	0
1	1	UID2159627	1	1	0	0
1	1	UID2159628	1	1	0	0
1	1	UID2159629	1	1	0	0
1	1	UID2159634	1	1	0	0
1	1	UID2159654	1	1	0	0
1	1	UID2159655	1	1	0	0
1	1	UID2159657	1	1	0	0
1	1	UID2159659	1	1	0	0
1	1	UID2159666	1	1	0	0
1	1	UID2159671	1	1	0	0
1	1	UID2159672	1	1	0	0
1	1	UID2159674	1	1	0	0
1	1	UID2159675	1	1	0	0
1	1	UID2159679	1	1	0	0
1	1	UID2159681	1	1	0	0
1	1	UID2159703	1	1	0	0
1	1	UID2159706	1	1	0	0
1	1	UID2159708	1	1	0	0
1	1	UID2159709	1	1	0	0
1	1	UID2159718	1	1	0	0
1	1	UID2159724	1	1	0	0
1	1	UID2159734	1	1	0	0
1	1	UID2159735	1	1	0	0
1	1	UID2159736	1	1	0	0
1	1	UID2159738	1	1	0	0
1	1	UID2159744	1	1	0	0
1	1	UID2159747	1	1	0	0
1	1	UID2159751	1	1	0	0
1	1	UID2159754	1	1	0	0
1	1	UID2159755	1	1	0	0
1	1	UID2159757	1	1	0	0
1	1	UID2159758	1	1	0	0
1	1	UID2159761	1	1	0	0
1	1	UID2159774	1	1	0	0
1	1	UID2159775	1	1	0	0
1	1	UID2159783	1	1	0	0
1	1	UID2159785	1	1	0	0
1	1	UID2159791	1	1	0	0
1	1	UID2159813	1	1	0	0
1	1	UID2159817	1	1	0	0
1	1	UID2159818	1	1	0	0
1	1	UID2159819	1	1	0	0
1	1	UID2159820	1	1	0	0
1	1	UID2159822	1	1	0	0
1	1	UID2159824	1	1	0	0
1	1	UID2159826	1	1	0	0
1	1	UID2159827	1	1	0	0
1	1	UID2159838	1	1	0	0
1	1	UID2159839	1	1	0	0
1	1	UID2159841	1	1	0	0
1	1	UID2159843	1	1	0	0
1	1	UID2159846	1	1	0	0
1	1	UID2159847	1	1	0	0
1	1	UID2159848	1	1	0	0
1	1	UID2159849	1	1	0	0
1	1	UID2159852	1	1	0	0
1	1	UID2159854	1	1	0	0
1	1	UID2159858	1	1	0	0
1	1	UID2159869	1	1	0	0
1	1	UID2159870	1	1	0	0
1	1	UID2159882	1	1	0	0
1	1	UID2159883	1	1	0	0
1	1	UID2159888	1	1	0	0
1	1	UID2159891	1	1	0	0
1	1	UID2159897	1	1	0	0
1	1	UID2159900	1	1	0	0
1	1	UID2159901	1	1	0	0
1	1	UID2159903	1	1	0	0
1	1	UID2159911	1	1	0	0
1	1	UID2159932	1	1	0	0
1	1	UID2159938	1	1	0	0
1	1	UID2159944	1	1	0	0
1	1	UID2159955	1	1	0	0
1	1	UID2159979	1	1	0	0
1	1	UID2159983	1	1	0	0
1	1	UID2159986	1	1	0	0
1	1	UID2159987	1	1	0	0
1	1	UID2159991	1	1	0	0
1	1	UID2159994	1	1	0	0
1	1	UID2160002	1	1	0	0
1	1	UID2160004	1	1	0	0
1	1	UID2160008	1	1	0	0
1	1	UID2160025	1	1	0	0
1	1	UID2160027	1	1	0	0
1	1	UID2160028	1	1	0	0
1	1	UID2160031	1	1	0	0
1	1	UID2160032	1	1	0	0
1	1	UID2160037	1	1	0	0
1	1	UID2160041	1	1	0	0
1	1	UID2160049	1	1	0	0
1	1	UID2160051	1	1	0	0
1	1	UID2160054	1	1	0	0
1	1	UID2160057	1	1	0	0
1	1	UID2160064	1	1	0	0
1	1	UID2160069	1	1	0	0
1	1	UID2160079	1	1	0	0
1	1	UID2160083	1	1	0	0
1	1	UID2160084	1	1	0	0
1	1	UID2160086	1	1	0	0
1	1	UID2160103	1	1	0	0
1	1	UID2160107	1	1	0	0
1	1	UID2160108	1	1	0	0
1	1	UID2160110	1	1	0	0
1	1	UID2160111	1	1	0	0
1	1	UID2160125	1	1	0	0
1	1	UID2160126	1	1	0	0
1	1	UID2160127	1	1	0	0
1	1	UID2160128	1	1	0	0
1	1	UID2160129	1	1	0	0
1	1	UID2160132	1	1	0	0
1	1	UID2160138	1	1	0	0
1	1	UID2160147	1	1	0	0
1	1	UID2160153	1	1	0	0
1	1	UID2160154	1	1	0	0
1	1	UID2160165	1	1	0	0
1	1	UID2160181	1	1	0	0
1	1	UID2160182	1	1	0	0
1	1	UID2160186	1	1	0	0
1	1	UID2160188	1	1	0	0
1	1	UID2160190	1	1	0	0
1	1	UID2160192	1	1	0	0
1	1	UID2160193	1	1	0	0
1	1	UID2160200	1	1	0	0
1	1	UID2160212	1	1	0	0
1	1	UID2160217	1	1	0	0
1	1	UID2160222	1	1	0	0
1	1	UID2160223	1	1	0	0
1	1	UID2160225	1	1	0	0
1	1	UID2160227	1	1	0	0
1	1	UID2160228	1	1	0	0
1	1	UID2160232	1	1	0	0
1	1	UID2160233	1	1	0	0
1	1	UID2160236	1	1	0	0
1	1	UID2160240	1	1	0	0
1	1	UID2160248	1	1	0	0
1	1	UID2160250	1	1	0	0
1	1	UID2160251	1	1	0	0
1	1	UID2160254	1	1	0	0
1	1	UID2160255	1	1	0	0
1	1	UID2160262	1	1	0	0
1	1	UID2160263	1	1	0	0
1	1	UID2160264	1	1	0	0
1	1	UID2160265	1	1	0	0
1	1	UID2160275	1	1	0	0
1	1	UID2160278	1	1	0	0
1	1	UID2160280	1	1	0	0
1	1	UID2160282	1	1	0	0
1	1	UID2160284	1	1	0	0
1	1	UID2160300	1	1	0	0
1	1	UID2160302	1	1	0	0
1	1	UID2160306	1	1	0	0
1	1	UID2160307	1	1	0	0
1	1	UID2160310	1	1	0	0
1	1	UID2160311	1	1	0	0
1	1	UID2160313	1	1	0	0
1	1	UID2160324	1	1	0	0
1	1	UID2160331	1	1	0	0
1	1	UID2160334	1	1	0	0
1	1	UID2160335	1	1	0	0
1	1	UID2160337	1	1	0	0
1	1	UID2160338	1	1	0	0
1	1	UID2160340	1	1	0	0
1	1	UID2160354	1	1	0	0
1	1	UID2160355	1	1	0	0
1	1	UID2160363	1	1	0	0
1	1	UID2160365	1	1	0	0
1	1	UID2160367	1	1	0	0
1	1	UID2160378	1	1	0	0
1	1	UID2160382	1	1	0	0
1	1	UID2160403	1	1	0	0
1	1	UID2160412	1	1	0	0
1	1	UID2160414	1	1	0	0
1	1	UID2160417	1	1	0	0
1	1	UID2160420	1	1	0	0
1	1	UID2160431	1	1	0	0
1	1	UID2160432	1	1	0	0
1	1	UID2160433	1	1	0	0
1	1	UID485767	1	1	0	0
1	1	UID68830	1	1	0	0
1	1	UID78526	1	1	0	0
1	1	UID79376	1	1	0	0
