4731	23719	UID191	11468	4059	4	4
235	518	UID25298	211	205	3	3
125	286	UID61420	87	116	3	3
51	93	UID139475	42	49	2	2
31	69	UID34298	38	29	2	2
43	78	UID1391404	31	39	3	3
41	72	UID27110	31	39	2	2
32	62	UID209378	30	30	2	2
34	50	UID1391476	17	33	2	2
14	31	UID34313	17	12	1	1
22	36	UID1391486	15	21	1	1
16	31	UID1391489	15	14	1	1
12	25	UID1391493	14	11	1	1
18	29	UID70559	12	17	2	2
10	19	UID1391527	10	9	1	1
4	11	UID1	8	3	1	1
12	19	UID34244	8	11	1	1
14	27	UID90425	8	12	2	2
9	16	UID133909	7	7	2	2
8	14	UID1391580	7	7	1	1
3	9	UID1391581	7	2	1	1
6	12	UID2	7	5	1	1
8	12	UID1391634	5	7	2	2
3	7	UID1391635	5	2	1	1
2	6	UID1391636	5	1	1	1
1	5	UID1391641	5	0	0	0
7	10	UID1391685	4	6	3	3
5	8	UID1391690	4	4	1	1
1	3	UID1391704	3	0	0	0
1	3	UID1391708	3	0	0	0
4	6	UID1391711	3	3	2	2
10	12	UID1391738	3	9	1	1
2	4	UID1391741	3	1	1	1
3	5	UID1391747	3	2	1	1
2	4	UID98309	3	1	0	0
5	6	UID1391764	2	4	1	1
3	4	UID1391825	2	2	1	1
3	4	UID1391896	2	2	1	1
6	7	UID1391897	2	5	1	1
5	6	UID1391948	2	4	1	1
2	3	UID61679	2	1	1	1
1	1	UID1391976	1	1	0	0
1	1	UID1391977	1	1	0	0
1	1	UID1391982	1	1	0	0
1	1	UID1392010	1	1	0	0
1	1	UID1392017	1	1	0	0
1	1	UID1392019	1	1	0	0
1	1	UID1392042	1	1	0	0
1	1	UID1392048	1	1	0	0
1	1	UID1392049	1	1	0	0
1	1	UID1392051	1	1	0	0
1	1	UID1392053	1	1	0	0
1	1	UID1392056	1	1	0	0
1	1	UID1392058	1	1	0	0
1	1	UID1392059	1	1	0	0
1	1	UID1392070	1	1	0	0
1	1	UID1392074	1	1	0	0
1	1	UID1392093	1	1	0	0
1	1	UID1392096	1	1	0	0
1	1	UID1392097	1	1	0	0
1	1	UID1392115	1	1	0	0
1	1	UID1392133	1	1	0	0
1	1	UID1392137	1	1	0	0
1	1	UID1392143	1	1	0	0
1	1	UID1392144	1	1	0	0
1	1	UID1392148	1	1	0	0
1	1	UID1392150	1	1	0	0
1	1	UID1392157	1	1	0	0
1	1	UID1392158	1	1	0	0
1	1	UID1392159	1	1	0	0
1	1	UID1392162	1	1	0	0
1	1	UID1392167	1	1	0	0
1	1	UID1392198	1	1	0	0
1	1	UID1392251	1	1	0	0
1	1	UID1392258	1	1	0	0
1	1	UID1392262	1	1	0	0
1	1	UID1392270	1	1	0	0
1	1	UID1392276	1	1	0	0
1	1	UID1392283	1	1	0	0
1	1	UID1392293	1	1	0	0
1	1	UID1392332	1	1	0	0
1	1	UID1392340	1	1	0	0
1	1	UID1392356	1	1	0	0
1	1	UID1392357	1	1	0	0
1	1	UID1392358	1	1	0	0
1	1	UID1392381	1	1	0	0
1	1	UID1392386	1	1	0	0
1	1	UID1392430	1	1	0	0
1	1	UID1392435	1	1	0	0
1	1	UID1392441	1	1	0	0
1	1	UID1392460	1	1	0	0
1	1	UID1392461	1	1	0	0
1	1	UID1392468	1	1	0	0
1	1	UID1392491	1	1	0	0
3	3	UID1392496	1	3	2	2
1	1	UID1392509	1	1	0	0
1	1	UID1392519	1	1	0	0
1	1	UID1392524	1	1	0	0
1	1	UID1392529	1	1	0	0
1	1	UID1392530	1	1	0	0
1	1	UID1392531	1	1	0	0
1	1	UID1392533	1	1	0	0
1	1	UID1392534	1	1	0	0
1	1	UID1392535	1	1	0	0
1	1	UID1392536	1	1	0	0
1	1	UID1392540	1	1	0	0
1	1	UID1392548	1	1	0	0
1	1	UID1392562	1	1	0	0
1	1	UID1392570	1	1	0	0
1	1	UID1392575	1	1	0	0
1	1	UID1392576	1	1	0	0
1	1	UID1392581	1	1	0	0
1	1	UID1392582	1	1	0	0
1	1	UID1392597	1	1	0	0
1	1	UID1392602	1	1	0	0
1	1	UID1392609	1	1	0	0
1	1	UID1392633	1	1	0	0
1	1	UID1392660	1	1	0	0
1	1	UID1392661	1	1	0	0
1	1	UID1392662	1	1	0	0
1	1	UID1392663	1	1	0	0
1	1	UID1392665	1	1	0	0
1	1	UID1392666	1	1	0	0
1	1	UID1392667	1	1	0	0
1	1	UID1392669	1	1	0	0
1	1	UID1392670	1	1	0	0
1	1	UID1392671	1	1	0	0
1	1	UID1392677	1	1	0	0
1	1	UID1392693	1	1	0	0
1	1	UID1392696	1	1	0	0
1	1	UID1392698	1	1	0	0
1	1	UID1392700	1	1	0	0
1	1	UID1392702	1	1	0	0
1	1	UID1392704	1	1	0	0
1	1	UID1392708	1	1	0	0
1	1	UID1392709	1	1	0	0
1	1	UID1392710	1	1	0	0
1	1	UID1392713	1	1	0	0
1	1	UID1392714	1	1	0	0
1	1	UID1392715	1	1	0	0
1	1	UID1392716	1	1	0	0
1	1	UID1392722	1	1	0	0
1	1	UID1392726	1	1	0	0
1	1	UID1392736	1	1	0	0
1	1	UID1392745	1	1	0	0
1	1	UID1392750	1	1	0	0
1	1	UID1392751	1	1	0	0
1	1	UID1392784	1	1	0	0
1	1	UID1392813	1	1	0	0
1	1	UID1392819	1	1	0	0
1	1	UID1392822	1	1	0	0
1	1	UID1392823	1	1	0	0
1	1	UID1392832	1	1	0	0
1	1	UID1392834	1	1	0	0
1	1	UID1392835	1	1	0	0
1	1	UID1392852	1	1	0	0
1	1	UID1392857	1	1	0	0
1	1	UID1392858	1	1	0	0
1	1	UID1392865	1	1	0	0
1	1	UID1392868	1	1	0	0
1	1	UID1392870	1	1	0	0
1	1	UID1392873	1	1	0	0
1	1	UID1392878	1	1	0	0
1	1	UID1392880	1	1	0	0
1	1	UID1392893	1	1	0	0
1	1	UID1392898	1	1	0	0
1	1	UID1392901	1	1	0	0
1	1	UID1392930	1	1	0	0
1	1	UID1392933	1	1	0	0
1	1	UID1392937	1	1	0	0
1	1	UID1392941	1	1	0	0
1	1	UID1392942	1	1	0	0
1	1	UID1392953	1	1	0	0
6	6	UID1392972	1	6	2	2
1	1	UID1392974	1	1	0	0
1	1	UID1392975	1	1	0	0
1	1	UID1392977	1	1	0	0
1	1	UID1392979	1	1	0	0
1	1	UID1392982	1	1	0	0
1	1	UID1392996	1	1	0	0
1	1	UID1393000	1	1	0	0
1	1	UID1393002	1	1	0	0
1	1	UID1393011	1	1	0	0
1	1	UID1393014	1	1	0	0
1	1	UID1393037	1	1	0	0
1	1	UID1393042	1	1	0	0
1	1	UID1393051	1	1	0	0
1	1	UID1393053	1	1	0	0
1	1	UID1393103	1	1	0	0
1	1	UID1393108	1	1	0	0
1	1	UID1393110	1	1	0	0
1	1	UID1393157	1	1	0	0
1	1	UID1393160	1	1	0	0
1	1	UID1393163	1	1	0	0
1	1	UID1393169	1	1	0	0
1	1	UID1393183	1	1	0	0
1	1	UID1393188	1	1	0	0
1	1	UID1393191	1	1	0	0
1	1	UID1393194	1	1	0	0
1	1	UID1393195	1	1	0	0
1	1	UID1393209	1	1	0	0
1	1	UID1393219	1	1	0	0
1	1	UID1393220	1	1	0	0
1	1	UID1393223	1	1	0	0
1	1	UID1393224	1	1	0	0
1	1	UID1393250	1	1	0	0
3	3	UID1393255	1	3	2	2
1	1	UID1393258	1	1	0	0
1	1	UID1393259	1	1	0	0
1	1	UID1393265	1	1	0	0
1	1	UID1393291	1	1	0	0
1	1	UID1393299	1	1	0	0
1	1	UID1393303	1	1	0	0
1	1	UID1393305	1	1	0	0
1	1	UID1393307	1	1	0	0
1	1	UID1393324	1	1	0	0
1	1	UID1393357	1	1	0	0
1	1	UID1393383	1	1	0	0
1	1	UID1393403	1	1	0	0
1	1	UID1393404	1	1	0	0
1	1	UID1393407	1	1	0	0
1	1	UID1393409	1	1	0	0
1	1	UID1393437	1	1	0	0
1	1	UID1393439	1	1	0	0
1	1	UID1393442	1	1	0	0
1	1	UID1393445	1	1	0	0
1	1	UID1393451	1	1	0	0
1	1	UID1393458	1	1	0	0
1	1	UID1393460	1	1	0	0
1	1	UID1393478	1	1	0	0
1	1	UID1393481	1	1	0	0
1	1	UID1393482	1	1	0	0
3	3	UID1393487	1	3	2	2
1	1	UID1393488	1	1	0	0
1	1	UID1393522	1	1	0	0
1	1	UID1393583	1	1	0	0
3	3	UID1393585	1	3	2	2
1	1	UID1393590	1	1	0	0
1	1	UID1393599	1	1	0	0
1	1	UID1393605	1	1	0	0
1	1	UID1393617	1	1	0	0
1	1	UID1393627	1	1	0	0
1	1	UID1393633	1	1	0	0
1	1	UID1393634	1	1	0	0
1	1	UID1393643	1	1	0	0
1	1	UID1393647	1	1	0	0
1	1	UID1393649	1	1	0	0
1	1	UID1393682	1	1	0	0
1	1	UID1393685	1	1	0	0
1	1	UID1393687	1	1	0	0
1	1	UID1393689	1	1	0	0
1	1	UID1393696	1	1	0	0
1	1	UID1393735	1	1	0	0
1	1	UID1393739	1	1	0	0
1	1	UID1393754	1	1	0	0
1	1	UID1393760	1	1	0	0
1	1	UID1393772	1	1	0	0
1	1	UID1393773	1	1	0	0
1	1	UID1393778	1	1	0	0
1	1	UID1393779	1	1	0	0
1	1	UID1393781	1	1	0	0
1	1	UID1393783	1	1	0	0
1	1	UID1393806	1	1	0	0
1	1	UID1393812	1	1	0	0
1	1	UID1393835	1	1	0	0
1	1	UID1393840	1	1	0	0
1	1	UID1393844	1	1	0	0
1	1	UID1393848	1	1	0	0
1	1	UID1393850	1	1	0	0
1	1	UID1393851	1	1	0	0
1	1	UID1393865	1	1	0	0
1	1	UID1393867	1	1	0	0
1	1	UID1393870	1	1	0	0
1	1	UID1393871	1	1	0	0
1	1	UID1393872	1	1	0	0
1	1	UID1393878	1	1	0	0
1	1	UID1393879	1	1	0	0
1	1	UID1393905	1	1	0	0
1	1	UID1393913	1	1	0	0
1	1	UID1393929	1	1	0	0
1	1	UID1393970	1	1	0	0
1	1	UID1394013	1	1	0	0
1	1	UID1394021	1	1	0	0
1	1	UID1394022	1	1	0	0
1	1	UID1394048	1	1	0	0
1	1	UID1394056	1	1	0	0
1	1	UID1394060	1	1	0	0
1	1	UID1394063	1	1	0	0
1	1	UID1394064	1	1	0	0
1	1	UID1394066	1	1	0	0
1	1	UID1394067	1	1	0	0
1	1	UID1394068	1	1	0	0
1	1	UID1394069	1	1	0	0
1	1	UID1394070	1	1	0	0
1	1	UID1394073	1	1	0	0
1	1	UID1394075	1	1	0	0
1	1	UID1394135	1	1	0	0
1	1	UID1394144	1	1	0	0
1	1	UID1394173	1	1	0	0
1	1	UID1394183	1	1	0	0
1	1	UID1394184	1	1	0	0
1	1	UID1394205	1	1	0	0
1	1	UID1394284	1	1	0	0
1	1	UID1394295	1	1	0	0
1	1	UID1394316	1	1	0	0
1	1	UID1394327	1	1	0	0
1	1	UID1394417	1	1	0	0
1	1	UID1394435	1	1	0	0
1	1	UID1394618	1	1	0	0
1	1	UID1394713	1	1	0	0
1	1	UID1394731	1	1	0	0
1	1	UID1394750	1	1	0	0
1	1	UID1394779	1	1	0	0
1	1	UID1394818	1	1	0	0
1	1	UID1394828	1	1	0	0
1	1	UID1394898	1	1	0	0
1	1	UID1394966	1	1	0	0
1	1	UID1394969	1	1	0	0
1	1	UID1394973	1	1	0	0
1	1	UID1394975	1	1	0	0
1	1	UID1394976	1	1	0	0
1	1	UID1394977	1	1	0	0
1	1	UID1394982	1	1	0	0
4	4	UID1394983	1	4	1	1
1	1	UID1394986	1	1	0	0
1	1	UID1394987	1	1	0	0
1	1	UID1394991	1	1	0	0
1	1	UID1395012	1	1	0	0
1	1	UID1395013	1	1	0	0
1	1	UID1395015	1	1	0	0
1	1	UID1395016	1	1	0	0
1	1	UID1395017	1	1	0	0
1	1	UID1395018	1	1	0	0
1	1	UID1395022	1	1	0	0
1	1	UID1395023	1	1	0	0
1	1	UID1395024	1	1	0	0
1	1	UID1395025	1	1	0	0
1	1	UID1395026	1	1	0	0
1	1	UID1395027	1	1	0	0
1	1	UID1395028	1	1	0	0
1	1	UID1395029	1	1	0	0
1	1	UID1395040	1	1	0	0
1	1	UID1395062	1	1	0	0
1	1	UID1395091	1	1	0	0
1	1	UID1395131	1	1	0	0
1	1	UID1395150	1	1	0	0
1	1	UID1395175	1	1	0	0
1	1	UID1395176	1	1	0	0
1	1	UID1395203	1	1	0	0
1	1	UID1395206	1	1	0	0
1	1	UID1395212	1	1	0	0
1	1	UID1395216	1	1	0	0
1	1	UID1395237	1	1	0	0
1	1	UID1395239	1	1	0	0
1	1	UID1395240	1	1	0	0
1	1	UID1395253	1	1	0	0
1	1	UID1395266	1	1	0	0
1	1	UID1395296	1	1	0	0
1	1	UID1395324	1	1	0	0
1	1	UID1395355	1	1	0	0
1	1	UID1395378	1	1	0	0
1	1	UID1395405	1	1	0	0
1	1	UID1395412	1	1	0	0
1	1	UID1395420	1	1	0	0
1	1	UID1395421	1	1	0	0
1	1	UID1395423	1	1	0	0
1	1	UID1395439	1	1	0	0
1	1	UID1395440	1	1	0	0
1	1	UID1395466	1	1	0	0
1	1	UID1395482	1	1	0	0
1	1	UID1395486	1	1	0	0
1	1	UID1395513	1	1	0	0
1	1	UID1395524	1	1	0	0
1	1	UID1395527	1	1	0	0
1	1	UID1395547	1	1	0	0
1	1	UID1395554	1	1	0	0
1	1	UID1395555	1	1	0	0
1	1	UID1395568	1	1	0	0
1	1	UID1395573	1	1	0	0
1	1	UID1395577	1	1	0	0
1	1	UID1395606	1	1	0	0
1	1	UID1395638	1	1	0	0
1	1	UID1395639	1	1	0	0
1	1	UID1395647	1	1	0	0
1	1	UID1395696	1	1	0	0
1	1	UID1395701	1	1	0	0
1	1	UID1395720	1	1	0	0
1	1	UID1395736	1	1	0	0
1	1	UID1395754	1	1	0	0
1	1	UID1395756	1	1	0	0
1	1	UID1395786	1	1	0	0
1	1	UID1395790	1	1	0	0
1	1	UID1395791	1	1	0	0
1	1	UID1395792	1	1	0	0
1	1	UID1395825	1	1	0	0
1	1	UID1395829	1	1	0	0
1	1	UID1395839	1	1	0	0
1	1	UID1395840	1	1	0	0
1	1	UID1395856	1	1	0	0
1	1	UID1395860	1	1	0	0
1	1	UID1395861	1	1	0	0
1	1	UID1395865	1	1	0	0
1	1	UID1395893	1	1	0	0
1	1	UID1395895	1	1	0	0
1	1	UID1395910	1	1	0	0
1	1	UID1395922	1	1	0	0
1	1	UID1395923	1	1	0	0
1	1	UID1395953	1	1	0	0
1	1	UID1395959	1	1	0	0
1	1	UID1395966	1	1	0	0
1	1	UID1395970	1	1	0	0
1	1	UID1395988	1	1	0	0
1	1	UID1395998	1	1	0	0
1	1	UID1396009	1	1	0	0
1	1	UID1396026	1	1	0	0
1	1	UID1396029	1	1	0	0
1	1	UID1396031	1	1	0	0
1	1	UID1396034	1	1	0	0
1	1	UID1396061	1	1	0	0
1	1	UID1396064	1	1	0	0
1	1	UID1396067	1	1	0	0
1	1	UID1396068	1	1	0	0
1	1	UID1396090	1	1	0	0
1	1	UID1396092	1	1	0	0
1	1	UID1396094	1	1	0	0
1	1	UID1396099	1	1	0	0
1	1	UID1396102	1	1	0	0
1	1	UID1396106	1	1	0	0
1	1	UID1396109	1	1	0	0
1	1	UID1396152	1	1	0	0
1	1	UID1396155	1	1	0	0
1	1	UID1396157	1	1	0	0
1	1	UID1396158	1	1	0	0
1	1	UID1396165	1	1	0	0
1	1	UID1396193	1	1	0	0
1	1	UID1396194	1	1	0	0
1	1	UID1396195	1	1	0	0
1	1	UID1396215	1	1	0	0
1	1	UID1396218	1	1	0	0
1	1	UID1396221	1	1	0	0
1	1	UID1396222	1	1	0	0
1	1	UID1396235	1	1	0	0
1	1	UID1396258	1	1	0	0
1	1	UID1396263	1	1	0	0
1	1	UID1396265	1	1	0	0
1	1	UID1396266	1	1	0	0
1	1	UID1396294	1	1	0	0
1	1	UID1396300	1	1	0	0
1	1	UID1396301	1	1	0	0
1	1	UID1396302	1	1	0	0
1	1	UID1396303	1	1	0	0
1	1	UID1396304	1	1	0	0
1	1	UID1396305	1	1	0	0
1	1	UID1396306	1	1	0	0
1	1	UID1396309	1	1	0	0
1	1	UID1396312	1	1	0	0
1	1	UID1396313	1	1	0	0
1	1	UID1396314	1	1	0	0
1	1	UID1396315	1	1	0	0
1	1	UID1396316	1	1	0	0
1	1	UID1396317	1	1	0	0
1	1	UID1396318	1	1	0	0
1	1	UID1396319	1	1	0	0
1	1	UID1396320	1	1	0	0
1	1	UID1396321	1	1	0	0
1	1	UID1396323	1	1	0	0
1	1	UID1396324	1	1	0	0
1	1	UID1396333	1	1	0	0
1	1	UID1396337	1	1	0	0
1	1	UID1396352	1	1	0	0
1	1	UID1396365	1	1	0	0
1	1	UID1396366	1	1	0	0
1	1	UID1396399	1	1	0	0
1	1	UID1396401	1	1	0	0
1	1	UID1396404	1	1	0	0
1	1	UID1396405	1	1	0	0
1	1	UID1396406	1	1	0	0
1	1	UID1396407	1	1	0	0
1	1	UID1396412	1	1	0	0
1	1	UID1396413	1	1	0	0
1	1	UID1396417	1	1	0	0
1	1	UID1396436	1	1	0	0
1	1	UID1396437	1	1	0	0
1	1	UID1396438	1	1	0	0
1	1	UID1396439	1	1	0	0
1	1	UID1396442	1	1	0	0
1	1	UID1396451	1	1	0	0
1	1	UID1396471	1	1	0	0
1	1	UID1396474	1	1	0	0
1	1	UID1396480	1	1	0	0
1	1	UID1396481	1	1	0	0
1	1	UID1396482	1	1	0	0
1	1	UID1396483	1	1	0	0
1	1	UID1396485	1	1	0	0
1	1	UID1396486	1	1	0	0
1	1	UID1396489	1	1	0	0
1	1	UID1396490	1	1	0	0
1	1	UID1396491	1	1	0	0
1	1	UID1396492	1	1	0	0
1	1	UID1396493	1	1	0	0
1	1	UID1396494	1	1	0	0
1	1	UID1396495	1	1	0	0
1	1	UID1396497	1	1	0	0
1	1	UID1396498	1	1	0	0
1	1	UID1396499	1	1	0	0
1	1	UID1396500	1	1	0	0
1	1	UID1396501	1	1	0	0
1	1	UID1396507	1	1	0	0
1	1	UID1396530	1	1	0	0
1	1	UID1396544	1	1	0	0
1	1	UID1396547	1	1	0	0
1	1	UID1396555	1	1	0	0
1	1	UID1396576	1	1	0	0
1	1	UID1396579	1	1	0	0
1	1	UID1396581	1	1	0	0
1	1	UID1396582	1	1	0	0
1	1	UID1396607	1	1	0	0
1	1	UID1396608	1	1	0	0
1	1	UID1396617	1	1	0	0
1	1	UID1396622	1	1	0	0
1	1	UID1396625	1	1	0	0
1	1	UID1396626	1	1	0	0
1	1	UID1396629	1	1	0	0
1	1	UID1396632	1	1	0	0
1	1	UID1396644	1	1	0	0
1	1	UID1396645	1	1	0	0
1	1	UID1396655	1	1	0	0
1	1	UID1396681	1	1	0	0
1	1	UID1396685	1	1	0	0
1	1	UID1396686	1	1	0	0
1	1	UID1396687	1	1	0	0
1	1	UID1396688	1	1	0	0
1	1	UID1396690	1	1	0	0
1	1	UID1396707	1	1	0	0
1	1	UID1396711	1	1	0	0
1	1	UID1396714	1	1	0	0
1	1	UID1396717	1	1	0	0
1	1	UID1396720	1	1	0	0
1	1	UID1396726	1	1	0	0
1	1	UID1396737	1	1	0	0
1	1	UID1396751	1	1	0	0
1	1	UID1396758	1	1	0	0
1	1	UID1396764	1	1	0	0
1	1	UID1396767	1	1	0	0
1	1	UID1396770	1	1	0	0
1	1	UID1396803	1	1	0	0
1	1	UID1396809	1	1	0	0
1	1	UID1396820	1	1	0	0
1	1	UID1396844	1	1	0	0
1	1	UID1396848	1	1	0	0
1	1	UID1396851	1	1	0	0
1	1	UID1396852	1	1	0	0
1	1	UID1396859	1	1	0	0
1	1	UID1396867	1	1	0	0
1	1	UID1396889	1	1	0	0
1	1	UID1396901	1	1	0	0
1	1	UID1396918	1	1	0	0
1	1	UID1396931	1	1	0	0
1	1	UID1396946	1	1	0	0
1	1	UID1396961	1	1	0	0
1	1	UID1396965	1	1	0	0
1	1	UID1396966	1	1	0	0
1	1	UID1396968	1	1	0	0
1	1	UID1396984	1	1	0	0
1	1	UID1396985	1	1	0	0
1	1	UID1396990	1	1	0	0
1	1	UID1396996	1	1	0	0
1	1	UID1397011	1	1	0	0
1	1	UID1397012	1	1	0	0
1	1	UID1397044	1	1	0	0
1	1	UID1397048	1	1	0	0
1	1	UID1397051	1	1	0	0
1	1	UID1397058	1	1	0	0
1	1	UID1397079	1	1	0	0
1	1	UID1397080	1	1	0	0
1	1	UID1397082	1	1	0	0
1	1	UID1397084	1	1	0	0
1	1	UID1397085	1	1	0	0
1	1	UID1397089	1	1	0	0
1	1	UID1397107	1	1	0	0
1	1	UID1397111	1	1	0	0
1	1	UID1397112	1	1	0	0
1	1	UID1397121	1	1	0	0
1	1	UID1397122	1	1	0	0
1	1	UID1397132	1	1	0	0
1	1	UID1397135	1	1	0	0
1	1	UID1397137	1	1	0	0
1	1	UID1397139	1	1	0	0
1	1	UID1397141	1	1	0	0
1	1	UID1397158	1	1	0	0
1	1	UID1397166	1	1	0	0
1	1	UID1397187	1	1	0	0
1	1	UID1397190	1	1	0	0
1	1	UID1397191	1	1	0	0
1	1	UID1397196	1	1	0	0
1	1	UID1397211	1	1	0	0
1	1	UID1397219	1	1	0	0
1	1	UID1397221	1	1	0	0
1	1	UID1397223	1	1	0	0
1	1	UID1397238	1	1	0	0
1	1	UID1397259	1	1	0	0
1	1	UID1397268	1	1	0	0
1	1	UID1397286	1	1	0	0
1	1	UID1397287	1	1	0	0
1	1	UID1397288	1	1	0	0
1	1	UID161262	1	1	0	0
1	1	UID162158	1	1	0	0
2	2	UID27087	1	2	1	1
4	4	UID27090	1	4	1	1
1	1	UID61337	1	1	0	0
1	1	UID63022	1	1	0	0
1	1	UID781970	1	1	0	0
