3242	20526	UID195	11383	2678	4	4
171	401	UID27308	210	152	2	2
73	163	UID65908	84	65	2	2
45	113	UID66795	69	44	1	1
64	113	UID40734	48	61	2	2
28	70	UID149937	43	27	1	1
44	85	UID149953	42	43	2	2
43	85	UID1694662	42	41	2	2
39	82	UID1694663	42	36	2	2
44	85	UID36648	41	42	2	2
36	77	UID36646	40	33	1	1
29	67	UID36688	39	28	1	1
35	75	UID48819	39	32	1	1
41	80	UID1628	38	38	1	1
25	63	UID36692	38	23	2	2
30	67	UID1694674	37	28	2	2
29	65	UID36687	37	28	1	1
31	66	UID36649	36	30	1	1
32	67	UID149964	35	30	2	2
45	79	UID1694681	35	44	2	2
35	72	UID36690	35	32	2	2
38	73	UID10661	34	36	2	2
36	71	UID1694683	34	33	2	2
26	59	UID36635	34	25	2	2
37	71	UID36647	34	35	2	2
27	59	UID1694685	33	26	1	1
33	66	UID1694687	32	30	2	2
33	67	UID1694692	31	30	3	3
31	62	UID1694693	30	28	2	2
26	55	UID1694694	30	25	1	1
24	53	UID233154	30	23	1	1
33	63	UID29158	30	31	2	2
35	63	UID10668	29	34	1	1
16	43	UID48792	28	15	2	2
27	53	UID1694707	27	26	2	2
14	38	UID48818	25	13	1	1
22	45	UID36636	24	21	1	1
26	48	UID1694722	23	25	1	1
28	52	UID1694723	23	25	2	2
28	50	UID1694730	22	26	1	1
10	31	UID36686	21	8	1	1
23	42	UID1694735	20	22	1	1
31	50	UID1694740	20	30	2	2
16	34	UID1694753	18	14	1	1
13	30	UID1694754	18	12	1	1
14	31	UID1694763	17	12	1	1
26	42	UID1694764	17	25	2	2
13	30	UID36707	17	11	1	1
16	32	UID1694766	16	14	2	2
13	28	UID1694767	16	12	1	1
8	23	UID1694770	16	7	1	1
12	27	UID175644	16	11	1	1
12	26	UID1694772	15	11	2	2
12	26	UID1694773	15	11	1	1
17	32	UID1694774	15	15	1	1
14	29	UID1694775	15	12	1	1
13	28	UID1694776	15	11	1	1
17	31	UID75879	15	16	2	2
7	20	UID1694780	14	6	1	1
6	18	UID1694784	13	5	1	1
4	16	UID1694785	13	3	1	1
12	23	UID1694789	12	11	1	1
8	18	UID1694797	11	7	1	1
18	28	UID1694802	11	17	1	1
12	22	UID1694803	11	11	1	1
12	22	UID1694804	11	11	2	2
13	23	UID1694805	11	12	1	1
4	13	UID1694808	10	3	1	1
10	19	UID1694815	10	9	1	1
8	17	UID1694816	10	7	1	1
14	23	UID1694817	10	13	1	1
4	12	UID1694823	9	3	1	1
11	19	UID1694825	9	10	1	1
6	13	UID1694830	8	5	1	1
3	10	UID1694831	8	2	1	1
4	11	UID1	8	3	1	1
11	18	UID36638	8	10	1	1
10	17	UID97680	8	9	1	1
4	10	UID106437	7	3	1	1
7	14	UID144040	7	5	2	2
6	12	UID1694849	7	5	1	1
9	15	UID1694850	7	8	1	1
14	20	UID1694851	7	13	1	1
5	11	UID1694852	7	4	1	1
6	12	UID1694853	7	5	1	1
2	8	UID1694854	7	1	1	1
1	7	UID1694855	7	0	0	0
8	14	UID1694863	7	7	1	1
3	9	UID1694864	7	2	1	1
12	18	UID1694865	7	11	1	1
6	12	UID2	7	5	1	1
7	12	UID1694871	6	6	1	1
4	9	UID1694873	6	3	1	1
5	10	UID1694874	6	4	1	1
7	12	UID1694875	6	6	1	1
2	7	UID1694888	6	1	1	1
7	12	UID1694889	6	6	1	1
10	14	UID149949	5	9	2	2
4	8	UID1694903	5	3	1	1
4	8	UID1694904	5	3	1	1
3	7	UID1694905	5	2	1	1
15	19	UID1694906	5	14	1	1
6	10	UID1694907	5	5	2	2
2	6	UID1694908	5	1	1	1
6	10	UID1694922	5	5	1	1
3	7	UID1694923	5	2	1	1
4	8	UID1694924	5	3	1	1
4	8	UID1694925	5	3	1	1
1	5	UID1694927	5	0	0	0
5	8	UID1694941	4	4	1	1
6	9	UID1694943	4	5	1	1
6	9	UID1694945	4	5	3	3
4	7	UID1694946	4	3	1	1
3	6	UID1694974	4	2	1	1
4	7	UID1694975	4	3	1	1
5	8	UID1694976	4	4	1	1
3	6	UID1694978	4	2	1	1
4	7	UID1694980	4	3	1	1
2	5	UID233155	4	1	1	1
2	4	UID105792	3	1	0	0
2	4	UID105800	3	1	1	1
1	3	UID1694992	3	0	0	0
1	3	UID1694996	3	0	0	0
3	5	UID1694999	3	2	1	1
1	3	UID1695003	3	0	0	0
2	4	UID1695005	3	1	1	1
2	4	UID1695008	3	1	1	1
3	5	UID1695010	3	2	0	0
6	8	UID1695036	3	5	1	1
3	5	UID1695037	3	2	1	1
1	3	UID1695038	3	0	0	0
1	3	UID1695039	3	0	0	0
2	4	UID1695045	3	1	1	1
2	3	UID105795	2	1	1	1
2	3	UID105798	2	1	1	1
4	5	UID1695065	2	3	1	1
3	4	UID1695114	2	2	1	1
2	3	UID1695121	2	1	1	1
2	3	UID1695122	2	1	1	1
2	3	UID1695133	2	1	1	1
2	3	UID1695145	2	1	1	1
2	3	UID1695203	2	1	1	1
3	4	UID1695204	2	2	1	1
3	4	UID1695208	2	2	1	1
2	3	UID1695209	2	1	1	1
5	6	UID1695211	2	4	1	1
1	2	UID1695213	2	0	0	0
2	3	UID1695214	2	1	1	1
3	4	UID1695216	2	2	1	1
5	6	UID1695260	2	4	1	1
2	3	UID66147	2	1	1	1
2	2	UID10648	1	2	1	1
1	1	UID1661858	1	1	0	0
1	1	UID1695288	1	1	0	0
1	1	UID1695289	1	1	0	0
1	1	UID1695294	1	1	0	0
1	1	UID1695322	1	1	0	0
1	1	UID1695329	1	1	0	0
1	1	UID1695331	1	1	0	0
1	1	UID1695332	1	1	0	0
1	1	UID1695342	1	1	0	0
1	1	UID1695361	1	1	0	0
1	1	UID1695362	1	1	0	0
1	1	UID1695364	1	1	0	0
1	1	UID1695366	1	1	0	0
1	1	UID1695369	1	1	0	0
1	1	UID1695371	1	1	0	0
1	1	UID1695372	1	1	0	0
1	1	UID1695383	1	1	0	0
1	1	UID1695387	1	1	0	0
1	1	UID1695400	1	1	0	0
1	1	UID1695401	1	1	0	0
1	1	UID1695402	1	1	0	0
1	1	UID1695406	1	1	0	0
1	1	UID1695409	1	1	0	0
1	1	UID1695410	1	1	0	0
1	1	UID1695412	1	1	0	0
1	1	UID1695430	1	1	0	0
1	1	UID1695447	1	1	0	0
1	1	UID1695451	1	1	0	0
1	1	UID1695457	1	1	0	0
1	1	UID1695458	1	1	0	0
1	1	UID1695462	1	1	0	0
1	1	UID1695464	1	1	0	0
1	1	UID1695471	1	1	0	0
1	1	UID1695472	1	1	0	0
1	1	UID1695473	1	1	0	0
1	1	UID1695476	1	1	0	0
1	1	UID1695481	1	1	0	0
1	1	UID1695512	1	1	0	0
1	1	UID1695529	1	1	0	0
1	1	UID1695566	1	1	0	0
1	1	UID1695573	1	1	0	0
1	1	UID1695577	1	1	0	0
1	1	UID1695586	1	1	0	0
1	1	UID1695592	1	1	0	0
1	1	UID1695599	1	1	0	0
1	1	UID1695601	1	1	0	0
1	1	UID1695606	1	1	0	0
1	1	UID1695609	1	1	0	0
1	1	UID1695622	1	1	0	0
1	1	UID1695641	1	1	0	0
1	1	UID1695648	1	1	0	0
1	1	UID1695655	1	1	0	0
1	1	UID1695656	1	1	0	0
1	1	UID1695667	1	1	0	0
1	1	UID1695672	1	1	0	0
1	1	UID1695673	1	1	0	0
1	1	UID1695674	1	1	0	0
1	1	UID1695685	1	1	0	0
1	1	UID1695697	1	1	0	0
1	1	UID1695702	1	1	0	0
1	1	UID1695728	1	1	0	0
1	1	UID1695732	1	1	0	0
1	1	UID1695733	1	1	0	0
1	1	UID1695746	1	1	0	0
1	1	UID1695748	1	1	0	0
1	1	UID1695751	1	1	0	0
1	1	UID1695757	1	1	0	0
1	1	UID1695776	1	1	0	0
1	1	UID1695777	1	1	0	0
1	1	UID1695784	1	1	0	0
1	1	UID1695807	1	1	0	0
3	3	UID1695812	1	3	2	2
1	1	UID1695825	1	1	0	0
1	1	UID1695835	1	1	0	0
1	1	UID1695840	1	1	0	0
1	1	UID1695843	1	1	0	0
1	1	UID1695845	1	1	0	0
1	1	UID1695846	1	1	0	0
1	1	UID1695847	1	1	0	0
1	1	UID1695848	1	1	0	0
1	1	UID1695849	1	1	0	0
1	1	UID1695850	1	1	0	0
1	1	UID1695851	1	1	0	0
1	1	UID1695852	1	1	0	0
1	1	UID1695856	1	1	0	0
1	1	UID1695864	1	1	0	0
1	1	UID1695876	1	1	0	0
1	1	UID1695886	1	1	0	0
1	1	UID1695889	1	1	0	0
1	1	UID1695891	1	1	0	0
1	1	UID1695892	1	1	0	0
1	1	UID1695897	1	1	0	0
1	1	UID1695898	1	1	0	0
1	1	UID1695916	1	1	0	0
1	1	UID1695919	1	1	0	0
1	1	UID1695920	1	1	0	0
1	1	UID1695924	1	1	0	0
1	1	UID1695927	1	1	0	0
1	1	UID1695951	1	1	0	0
1	1	UID1695973	1	1	0	0
1	1	UID1695978	1	1	0	0
1	1	UID1695979	1	1	0	0
1	1	UID1695980	1	1	0	0
1	1	UID1695981	1	1	0	0
1	1	UID1695983	1	1	0	0
1	1	UID1695984	1	1	0	0
1	1	UID1695985	1	1	0	0
1	1	UID1695988	1	1	0	0
1	1	UID1695989	1	1	0	0
1	1	UID1695990	1	1	0	0
1	1	UID1695997	1	1	0	0
1	1	UID1696011	1	1	0	0
1	1	UID1696012	1	1	0	0
1	1	UID1696014	1	1	0	0
1	1	UID1696015	1	1	0	0
1	1	UID1696017	1	1	0	0
1	1	UID1696019	1	1	0	0
1	1	UID1696021	1	1	0	0
1	1	UID1696023	1	1	0	0
1	1	UID1696027	1	1	0	0
1	1	UID1696028	1	1	0	0
1	1	UID1696029	1	1	0	0
1	1	UID1696032	1	1	0	0
1	1	UID1696033	1	1	0	0
1	1	UID1696034	1	1	0	0
1	1	UID1696035	1	1	0	0
1	1	UID1696036	1	1	0	0
1	1	UID1696041	1	1	0	0
1	1	UID1696045	1	1	0	0
1	1	UID1696055	1	1	0	0
1	1	UID1696064	1	1	0	0
1	1	UID1696069	1	1	0	0
1	1	UID1696070	1	1	0	0
1	1	UID1696072	1	1	0	0
1	1	UID1696084	1	1	0	0
1	1	UID1696086	1	1	0	0
1	1	UID1696104	1	1	0	0
1	1	UID1696110	1	1	0	0
1	1	UID1696128	1	1	0	0
1	1	UID1696132	1	1	0	0
1	1	UID1696134	1	1	0	0
1	1	UID1696140	1	1	0	0
1	1	UID1696142	1	1	0	0
1	1	UID1696152	1	1	0	0
1	1	UID1696154	1	1	0	0
1	1	UID1696155	1	1	0	0
1	1	UID1696172	1	1	0	0
1	1	UID1696177	1	1	0	0
1	1	UID1696178	1	1	0	0
1	1	UID1696185	1	1	0	0
1	1	UID1696187	1	1	0	0
1	1	UID1696188	1	1	0	0
1	1	UID1696190	1	1	0	0
1	1	UID1696193	1	1	0	0
1	1	UID1696198	1	1	0	0
1	1	UID1696200	1	1	0	0
1	1	UID1696201	1	1	0	0
1	1	UID1696215	1	1	0	0
1	1	UID1696219	1	1	0	0
1	1	UID1696222	1	1	0	0
1	1	UID1696235	1	1	0	0
1	1	UID1696236	1	1	0	0
1	1	UID1696251	1	1	0	0
1	1	UID1696254	1	1	0	0
1	1	UID1696258	1	1	0	0
1	1	UID1696262	1	1	0	0
1	1	UID1696263	1	1	0	0
1	1	UID1696273	1	1	0	0
1	1	UID1696292	1	1	0	0
5	5	UID1696293	1	5	2	2
1	1	UID1696295	1	1	0	0
1	1	UID1696296	1	1	0	0
1	1	UID1696298	1	1	0	0
1	1	UID1696300	1	1	0	0
1	1	UID1696303	1	1	0	0
1	1	UID1696317	1	1	0	0
1	1	UID1696321	1	1	0	0
1	1	UID1696323	1	1	0	0
1	1	UID1696329	1	1	0	0
1	1	UID1696332	1	1	0	0
1	1	UID1696337	1	1	0	0
1	1	UID1696352	1	1	0	0
1	1	UID1696357	1	1	0	0
1	1	UID1696358	1	1	0	0
1	1	UID1696363	1	1	0	0
1	1	UID1696364	1	1	0	0
1	1	UID1696372	1	1	0	0
1	1	UID1696374	1	1	0	0
1	1	UID1696424	1	1	0	0
1	1	UID1696429	1	1	0	0
1	1	UID1696433	1	1	0	0
1	1	UID1696437	1	1	0	0
1	1	UID1696460	1	1	0	0
1	1	UID1696464	1	1	0	0
1	1	UID1696482	1	1	0	0
1	1	UID1696485	1	1	0	0
1	1	UID1696488	1	1	0	0
1	1	UID1696489	1	1	0	0
1	1	UID1696494	1	1	0	0
1	1	UID1696506	1	1	0	0
1	1	UID1696508	1	1	0	0
4	4	UID1696509	1	4	2	2
1	1	UID1696513	1	1	0	0
1	1	UID1696516	1	1	0	0
1	1	UID1696518	1	1	0	0
1	1	UID1696519	1	1	0	0
1	1	UID1696520	1	1	0	0
1	1	UID1696522	1	1	0	0
1	1	UID1696534	1	1	0	0
1	1	UID1696539	1	1	0	0
1	1	UID1696544	1	1	0	0
1	1	UID1696545	1	1	0	0
1	1	UID1696546	1	1	0	0
1	1	UID1696548	1	1	0	0
1	1	UID1696549	1	1	0	0
1	1	UID1696550	1	1	0	0
1	1	UID1696572	1	1	0	0
1	1	UID1696576	1	1	0	0
1	1	UID1696577	1	1	0	0
1	1	UID1696585	1	1	0	0
1	1	UID1696586	1	1	0	0
1	1	UID1696587	1	1	0	0
1	1	UID1696593	1	1	0	0
1	1	UID1696602	1	1	0	0
1	1	UID1696618	1	1	0	0
1	1	UID1696627	1	1	0	0
1	1	UID1696629	1	1	0	0
1	1	UID1696631	1	1	0	0
1	1	UID1696633	1	1	0	0
1	1	UID1696635	1	1	0	0
1	1	UID1696637	1	1	0	0
1	1	UID1696652	1	1	0	0
1	1	UID1696657	1	1	0	0
1	1	UID1696660	1	1	0	0
1	1	UID1696681	1	1	0	0
1	1	UID1696685	1	1	0	0
1	1	UID1696694	1	1	0	0
1	1	UID1696715	1	1	0	0
1	1	UID1696731	1	1	0	0
1	1	UID1696732	1	1	0	0
1	1	UID1696735	1	1	0	0
1	1	UID1696738	1	1	0	0
1	1	UID1696754	1	1	0	0
1	1	UID1696766	1	1	0	0
1	1	UID1696768	1	1	0	0
1	1	UID1696771	1	1	0	0
1	1	UID1696775	1	1	0	0
1	1	UID1696781	1	1	0	0
1	1	UID1696789	1	1	0	0
1	1	UID1696801	1	1	0	0
1	1	UID1696805	1	1	0	0
1	1	UID1696808	1	1	0	0
1	1	UID1696809	1	1	0	0
1	1	UID1696812	1	1	0	0
1	1	UID1696813	1	1	0	0
1	1	UID1696814	1	1	0	0
1	1	UID1696818	1	1	0	0
1	1	UID1696819	1	1	0	0
1	1	UID1696851	1	1	0	0
1	1	UID1696855	1	1	0	0
1	1	UID1696863	1	1	0	0
1	1	UID1696864	1	1	0	0
1	1	UID1696871	1	1	0	0
1	1	UID1696872	1	1	0	0
3	3	UID1696920	1	3	2	2
1	1	UID1696923	1	1	0	0
1	1	UID1696925	1	1	0	0
1	1	UID1696928	1	1	0	0
1	1	UID1696930	1	1	0	0
1	1	UID1696932	1	1	0	0
1	1	UID1696934	1	1	0	0
1	1	UID1696940	1	1	0	0
1	1	UID1696945	1	1	0	0
1	1	UID1696949	1	1	0	0
1	1	UID1696953	1	1	0	0
1	1	UID1696962	1	1	0	0
1	1	UID1696968	1	1	0	0
1	1	UID1696969	1	1	0	0
1	1	UID1696971	1	1	0	0
1	1	UID1696979	1	1	0	0
1	1	UID1696982	1	1	0	0
1	1	UID1696984	1	1	0	0
1	1	UID1696987	1	1	0	0
1	1	UID1697016	1	1	0	0
1	1	UID1697017	1	1	0	0
1	1	UID1697019	1	1	0	0
1	1	UID1697020	1	1	0	0
1	1	UID1697023	1	1	0	0
1	1	UID1697024	1	1	0	0
1	1	UID1697026	1	1	0	0
1	1	UID1697032	1	1	0	0
1	1	UID1697047	1	1	0	0
1	1	UID1697049	1	1	0	0
1	1	UID1697051	1	1	0	0
1	1	UID1697053	1	1	0	0
1	1	UID1697054	1	1	0	0
1	1	UID1697069	1	1	0	0
1	1	UID1697071	1	1	0	0
1	1	UID1697073	1	1	0	0
1	1	UID1697077	1	1	0	0
1	1	UID1697091	1	1	0	0
1	1	UID1697092	1	1	0	0
1	1	UID1697093	1	1	0	0
1	1	UID1697098	1	1	0	0
1	1	UID1697099	1	1	0	0
1	1	UID1697110	1	1	0	0
1	1	UID1697111	1	1	0	0
1	1	UID1697112	1	1	0	0
1	1	UID1697117	1	1	0	0
1	1	UID1697118	1	1	0	0
1	1	UID1697121	1	1	0	0
1	1	UID1697122	1	1	0	0
1	1	UID1697124	1	1	0	0
1	1	UID1697125	1	1	0	0
1	1	UID1697148	1	1	0	0
1	1	UID1697149	1	1	0	0
1	1	UID1697156	1	1	0	0
1	1	UID1697162	1	1	0	0
1	1	UID1697177	1	1	0	0
1	1	UID1697182	1	1	0	0
1	1	UID1697183	1	1	0	0
1	1	UID1697186	1	1	0	0
1	1	UID1697192	1	1	0	0
1	1	UID1697193	1	1	0	0
1	1	UID1697194	1	1	0	0
1	1	UID1697195	1	1	0	0
1	1	UID1697196	1	1	0	0
1	1	UID1697208	1	1	0	0
1	1	UID1697212	1	1	0	0
1	1	UID1697213	1	1	0	0
1	1	UID1697218	1	1	0	0
1	1	UID1697219	1	1	0	0
1	1	UID1697220	1	1	0	0
1	1	UID1697228	1	1	0	0
1	1	UID1697229	1	1	0	0
1	1	UID1697232	1	1	0	0
1	1	UID1697233	1	1	0	0
1	1	UID1697262	1	1	0	0
1	1	UID1697272	1	1	0	0
1	1	UID1697273	1	1	0	0
1	1	UID1697282	1	1	0	0
1	1	UID1697290	1	1	0	0
1	1	UID1697292	1	1	0	0
1	1	UID1697296	1	1	0	0
1	1	UID1697317	1	1	0	0
1	1	UID1697327	1	1	0	0
1	1	UID1697328	1	1	0	0
1	1	UID1697331	1	1	0	0
1	1	UID1697332	1	1	0	0
1	1	UID1697333	1	1	0	0
1	1	UID1697336	1	1	0	0
1	1	UID1697339	1	1	0	0
1	1	UID1697340	1	1	0	0
1	1	UID1697370	1	1	0	0
1	1	UID1697371	1	1	0	0
1	1	UID1697378	1	1	0	0
1	1	UID1697379	1	1	0	0
1	1	UID1697380	1	1	0	0
1	1	UID1697381	1	1	0	0
1	1	UID1697382	1	1	0	0
1	1	UID1697386	1	1	0	0
1	1	UID1697391	1	1	0	0
1	1	UID1697393	1	1	0	0
1	1	UID1697405	1	1	0	0
1	1	UID1697407	1	1	0	0
1	1	UID1697425	1	1	0	0
1	1	UID1697431	1	1	0	0
4	4	UID1697433	1	4	1	1
1	1	UID1697437	1	1	0	0
1	1	UID1697451	1	1	0	0
1	1	UID1697452	1	1	0	0
1	1	UID1697458	1	1	0	0
1	1	UID1697474	1	1	0	0
4	4	UID1697480	1	4	1	1
1	1	UID1697485	1	1	0	0
1	1	UID1697486	1	1	0	0
1	1	UID1697497	1	1	0	0
1	1	UID1697498	1	1	0	0
1	1	UID1697510	1	1	0	0
3	3	UID1697521	1	3	2	2
1	1	UID1697523	1	1	0	0
1	1	UID1697524	1	1	0	0
1	1	UID1697548	1	1	0	0
1	1	UID1697581	1	1	0	0
1	1	UID1697583	1	1	0	0
1	1	UID1697619	1	1	0	0
1	1	UID1697620	1	1	0	0
1	1	UID1697623	1	1	0	0
1	1	UID1697624	1	1	0	0
1	1	UID1697640	1	1	0	0
1	1	UID1697641	1	1	0	0
1	1	UID1697642	1	1	0	0
1	1	UID1697643	1	1	0	0
1	1	UID1697644	1	1	0	0
1	1	UID1697646	1	1	0	0
1	1	UID1697647	1	1	0	0
1	1	UID1697649	1	1	0	0
1	1	UID1697650	1	1	0	0
1	1	UID1697652	1	1	0	0
1	1	UID1697653	1	1	0	0
1	1	UID1697655	1	1	0	0
1	1	UID1697658	1	1	0	0
1	1	UID1697661	1	1	0	0
1	1	UID1697663	1	1	0	0
1	1	UID1697665	1	1	0	0
1	1	UID1697670	1	1	0	0
1	1	UID1697674	1	1	0	0
1	1	UID1697675	1	1	0	0
1	1	UID1697676	1	1	0	0
1	1	UID1697677	1	1	0	0
1	1	UID1697683	1	1	0	0
1	1	UID1697754	1	1	0	0
1	1	UID1697765	1	1	0	0
1	1	UID1697855	1	1	0	0
1	1	UID1697873	1	1	0	0
1	1	UID1698054	1	1	0	0
1	1	UID1698147	1	1	0	0
1	1	UID1698276	1	1	0	0
1	1	UID1698279	1	1	0	0
1	1	UID1698280	1	1	0	0
1	1	UID1698285	1	1	0	0
1	1	UID1698291	1	1	0	0
1	1	UID1698294	1	1	0	0
1	1	UID1698297	1	1	0	0
1	1	UID1698300	1	1	0	0
1	1	UID1698303	1	1	0	0
1	1	UID1698306	1	1	0	0
1	1	UID1698307	1	1	0	0
1	1	UID1698308	1	1	0	0
1	1	UID1698309	1	1	0	0
1	1	UID1698311	1	1	0	0
1	1	UID1698313	1	1	0	0
1	1	UID1698317	1	1	0	0
1	1	UID1698318	1	1	0	0
1	1	UID1698319	1	1	0	0
1	1	UID1698320	1	1	0	0
1	1	UID1698321	1	1	0	0
1	1	UID1698322	1	1	0	0
1	1	UID1698323	1	1	0	0
1	1	UID1698325	1	1	0	0
1	1	UID1698327	1	1	0	0
1	1	UID1698328	1	1	0	0
1	1	UID1698329	1	1	0	0
1	1	UID1698330	1	1	0	0
1	1	UID1698331	1	1	0	0
1	1	UID1698333	1	1	0	0
1	1	UID1698335	1	1	0	0
1	1	UID1698339	1	1	0	0
1	1	UID1698362	1	1	0	0
1	1	UID1698381	1	1	0	0
1	1	UID1698382	1	1	0	0
1	1	UID1698383	1	1	0	0
1	1	UID1698409	1	1	0	0
1	1	UID1698426	1	1	0	0
1	1	UID1698445	1	1	0	0
1	1	UID1698463	1	1	0	0
1	1	UID1698483	1	1	0	0
1	1	UID1698493	1	1	0	0
1	1	UID1698497	1	1	0	0
1	1	UID1698505	1	1	0	0
1	1	UID1698507	1	1	0	0
1	1	UID1698510	1	1	0	0
1	1	UID1698529	1	1	0	0
1	1	UID1698538	1	1	0	0
1	1	UID1698539	1	1	0	0
1	1	UID1698557	1	1	0	0
1	1	UID1698559	1	1	0	0
2	2	UID1698564	1	2	1	1
1	1	UID1698574	1	1	0	0
1	1	UID1698578	1	1	0	0
1	1	UID1698587	1	1	0	0
1	1	UID1698590	1	1	0	0
4	4	UID1698592	1	4	2	2
1	1	UID1698597	1	1	0	0
1	1	UID1698608	1	1	0	0
1	1	UID1698617	1	1	0	0
1	1	UID1698634	1	1	0	0
1	1	UID1698645	1	1	0	0
1	1	UID1698651	1	1	0	0
1	1	UID1698652	1	1	0	0
1	1	UID1698653	1	1	0	0
1	1	UID1698655	1	1	0	0
1	1	UID1698669	1	1	0	0
1	1	UID1698671	1	1	0	0
1	1	UID1698673	1	1	0	0
1	1	UID1698675	1	1	0	0
1	1	UID1698676	1	1	0	0
1	1	UID1698677	1	1	0	0
1	1	UID1698682	1	1	0	0
1	1	UID1698686	1	1	0	0
1	1	UID1698687	1	1	0	0
1	1	UID1698694	1	1	0	0
1	1	UID1698697	1	1	0	0
1	1	UID1698699	1	1	0	0
1	1	UID1698707	1	1	0	0
1	1	UID1698710	1	1	0	0
1	1	UID1698712	1	1	0	0
1	1	UID1698713	1	1	0	0
1	1	UID1698715	1	1	0	0
1	1	UID1698716	1	1	0	0
1	1	UID1698727	1	1	0	0
1	1	UID1698731	1	1	0	0
1	1	UID1698734	1	1	0	0
1	1	UID1698736	1	1	0	0
1	1	UID1698737	1	1	0	0
1	1	UID1698738	1	1	0	0
1	1	UID1698739	1	1	0	0
1	1	UID1698752	1	1	0	0
1	1	UID1698755	1	1	0	0
1	1	UID1698756	1	1	0	0
1	1	UID1698759	1	1	0	0
5	5	UID1698766	1	5	2	2
1	1	UID1698770	1	1	0	0
7	7	UID1698777	1	7	2	2
1	1	UID1698781	1	1	0	0
1	1	UID1698788	1	1	0	0
1	1	UID1698791	1	1	0	0
1	1	UID1698803	1	1	0	0
1	1	UID1698820	1	1	0	0
1	1	UID1698822	1	1	0	0
1	1	UID1698833	1	1	0	0
1	1	UID1698854	1	1	0	0
1	1	UID1698859	1	1	0	0
1	1	UID1698882	1	1	0	0
1	1	UID1698887	1	1	0	0
1	1	UID1698893	1	1	0	0
1	1	UID1698901	1	1	0	0
1	1	UID1698902	1	1	0	0
1	1	UID1698904	1	1	0	0
1	1	UID1698918	1	1	0	0
1	1	UID1698920	1	1	0	0
1	1	UID1698921	1	1	0	0
1	1	UID1698922	1	1	0	0
1	1	UID1698923	1	1	0	0
1	1	UID1698924	1	1	0	0
1	1	UID1698948	1	1	0	0
1	1	UID1698961	1	1	0	0
1	1	UID1698968	1	1	0	0
1	1	UID1698992	1	1	0	0
1	1	UID1698996	1	1	0	0
1	1	UID1699008	1	1	0	0
1	1	UID1699011	1	1	0	0
1	1	UID1699017	1	1	0	0
1	1	UID1699031	1	1	0	0
1	1	UID1699038	1	1	0	0
1	1	UID1699039	1	1	0	0
1	1	UID1699053	1	1	0	0
1	1	UID1699059	1	1	0	0
1	1	UID1699061	1	1	0	0
1	1	UID1699062	1	1	0	0
1	1	UID1699088	1	1	0	0
1	1	UID1699091	1	1	0	0
1	1	UID1699097	1	1	0	0
1	1	UID1699116	1	1	0	0
1	1	UID1699123	1	1	0	0
1	1	UID1699124	1	1	0	0
1	1	UID1699125	1	1	0	0
1	1	UID1699126	1	1	0	0
1	1	UID1699128	1	1	0	0
1	1	UID1699131	1	1	0	0
1	1	UID1699132	1	1	0	0
1	1	UID1699143	1	1	0	0
1	1	UID1699181	1	1	0	0
1	1	UID1699186	1	1	0	0
1	1	UID1699205	1	1	0	0
1	1	UID1699220	1	1	0	0
1	1	UID1699221	1	1	0	0
1	1	UID1699238	1	1	0	0
1	1	UID1699241	1	1	0	0
1	1	UID1699242	1	1	0	0
1	1	UID1699249	1	1	0	0
1	1	UID1699273	1	1	0	0
1	1	UID1699274	1	1	0	0
1	1	UID1699275	1	1	0	0
1	1	UID1699276	1	1	0	0
1	1	UID1699277	1	1	0	0
1	1	UID1699282	1	1	0	0
1	1	UID1699298	1	1	0	0
1	1	UID1699310	1	1	0	0
1	1	UID1699314	1	1	0	0
1	1	UID1699324	1	1	0	0
1	1	UID1699325	1	1	0	0
1	1	UID1699326	1	1	0	0
1	1	UID1699341	1	1	0	0
1	1	UID1699345	1	1	0	0
1	1	UID1699346	1	1	0	0
1	1	UID1699350	1	1	0	0
1	1	UID1699364	1	1	0	0
1	1	UID1699379	1	1	0	0
1	1	UID1699381	1	1	0	0
1	1	UID1699394	1	1	0	0
1	1	UID1699396	1	1	0	0
1	1	UID1699409	1	1	0	0
1	1	UID1699410	1	1	0	0
1	1	UID1699411	1	1	0	0
1	1	UID1699414	1	1	0	0
1	1	UID1699444	1	1	0	0
1	1	UID1699446	1	1	0	0
1	1	UID1699453	1	1	0	0
1	1	UID1699457	1	1	0	0
1	1	UID1699460	1	1	0	0
1	1	UID1699475	1	1	0	0
1	1	UID1699486	1	1	0	0
1	1	UID1699499	1	1	0	0
1	1	UID1699514	1	1	0	0
1	1	UID1699517	1	1	0	0
1	1	UID1699519	1	1	0	0
1	1	UID1699522	1	1	0	0
1	1	UID1699549	1	1	0	0
1	1	UID1699552	1	1	0	0
1	1	UID1699555	1	1	0	0
1	1	UID1699560	1	1	0	0
1	1	UID1699577	1	1	0	0
1	1	UID1699579	1	1	0	0
1	1	UID1699581	1	1	0	0
1	1	UID1699587	1	1	0	0
1	1	UID1699590	1	1	0	0
1	1	UID1699594	1	1	0	0
1	1	UID1699597	1	1	0	0
1	1	UID1699632	1	1	0	0
1	1	UID1699634	1	1	0	0
1	1	UID1699640	1	1	0	0
1	1	UID1699643	1	1	0	0
1	1	UID1699645	1	1	0	0
1	1	UID1699646	1	1	0	0
1	1	UID1699653	1	1	0	0
1	1	UID1699656	1	1	0	0
1	1	UID1699681	1	1	0	0
1	1	UID1699682	1	1	0	0
1	1	UID1699683	1	1	0	0
1	1	UID1699703	1	1	0	0
1	1	UID1699706	1	1	0	0
1	1	UID1699709	1	1	0	0
1	1	UID1699710	1	1	0	0
1	1	UID1699723	1	1	0	0
1	1	UID1699746	1	1	0	0
1	1	UID1699751	1	1	0	0
1	1	UID1699753	1	1	0	0
1	1	UID1699754	1	1	0	0
1	1	UID1699756	1	1	0	0
1	1	UID1699775	1	1	0	0
1	1	UID1699782	1	1	0	0
1	1	UID1699788	1	1	0	0
1	1	UID1699789	1	1	0	0
1	1	UID1699790	1	1	0	0
1	1	UID1699791	1	1	0	0
1	1	UID1699792	1	1	0	0
1	1	UID1699793	1	1	0	0
1	1	UID1699794	1	1	0	0
1	1	UID1699797	1	1	0	0
1	1	UID1699798	1	1	0	0
1	1	UID1699800	1	1	0	0
1	1	UID1699801	1	1	0	0
1	1	UID1699802	1	1	0	0
1	1	UID1699803	1	1	0	0
1	1	UID1699804	1	1	0	0
1	1	UID1699805	1	1	0	0
1	1	UID1699806	1	1	0	0
1	1	UID1699807	1	1	0	0
1	1	UID1699808	1	1	0	0
1	1	UID1699809	1	1	0	0
1	1	UID1699811	1	1	0	0
1	1	UID1699812	1	1	0	0
1	1	UID1699821	1	1	0	0
1	1	UID1699825	1	1	0	0
1	1	UID1699840	1	1	0	0
1	1	UID1699844	1	1	0	0
1	1	UID1699846	1	1	0	0
1	1	UID1699853	1	1	0	0
1	1	UID1699854	1	1	0	0
1	1	UID1699861	1	1	0	0
1	1	UID1699878	1	1	0	0
1	1	UID1699887	1	1	0	0
1	1	UID1699890	1	1	0	0
1	1	UID1699892	1	1	0	0
1	1	UID1699893	1	1	0	0
1	1	UID1699894	1	1	0	0
1	1	UID1699895	1	1	0	0
1	1	UID1699896	1	1	0	0
3	3	UID1699897	1	3	2	2
1	1	UID1699898	1	1	0	0
1	1	UID1699901	1	1	0	0
1	1	UID1699903	1	1	0	0
1	1	UID1699904	1	1	0	0
1	1	UID1699908	1	1	0	0
1	1	UID1699927	1	1	0	0
1	1	UID1699928	1	1	0	0
1	1	UID1699929	1	1	0	0
1	1	UID1699930	1	1	0	0
1	1	UID1699933	1	1	0	0
1	1	UID1699938	1	1	0	0
1	1	UID1699942	1	1	0	0
1	1	UID1699948	1	1	0	0
1	1	UID1699959	1	1	0	0
1	1	UID1699966	1	1	0	0
1	1	UID1699972	1	1	0	0
1	1	UID1699973	1	1	0	0
1	1	UID1699974	1	1	0	0
1	1	UID1699975	1	1	0	0
1	1	UID1699977	1	1	0	0
1	1	UID1699978	1	1	0	0
1	1	UID1699981	1	1	0	0
1	1	UID1699982	1	1	0	0
1	1	UID1699983	1	1	0	0
1	1	UID1699984	1	1	0	0
1	1	UID1699985	1	1	0	0
1	1	UID1699986	1	1	0	0
1	1	UID1699987	1	1	0	0
1	1	UID1699989	1	1	0	0
1	1	UID1699990	1	1	0	0
1	1	UID1699991	1	1	0	0
1	1	UID1699992	1	1	0	0
1	1	UID1699993	1	1	0	0
1	1	UID1699999	1	1	0	0
1	1	UID1700020	1	1	0	0
1	1	UID1700022	1	1	0	0
1	1	UID1700024	1	1	0	0
1	1	UID1700031	1	1	0	0
1	1	UID1700036	1	1	0	0
1	1	UID1700040	1	1	0	0
1	1	UID1700047	1	1	0	0
1	1	UID1700068	1	1	0	0
1	1	UID1700071	1	1	0	0
1	1	UID1700073	1	1	0	0
1	1	UID1700074	1	1	0	0
1	1	UID1700099	1	1	0	0
1	1	UID1700100	1	1	0	0
1	1	UID1700109	1	1	0	0
1	1	UID1700114	1	1	0	0
1	1	UID1700117	1	1	0	0
1	1	UID1700118	1	1	0	0
1	1	UID1700120	1	1	0	0
1	1	UID1700121	1	1	0	0
1	1	UID1700124	1	1	0	0
1	1	UID1700136	1	1	0	0
1	1	UID1700137	1	1	0	0
1	1	UID1700145	1	1	0	0
1	1	UID1700147	1	1	0	0
1	1	UID1700174	1	1	0	0
1	1	UID1700178	1	1	0	0
1	1	UID1700179	1	1	0	0
1	1	UID1700180	1	1	0	0
1	1	UID1700181	1	1	0	0
1	1	UID1700183	1	1	0	0
1	1	UID1700185	1	1	0	0
1	1	UID1700200	1	1	0	0
1	1	UID1700202	1	1	0	0
1	1	UID1700204	1	1	0	0
1	1	UID1700207	1	1	0	0
1	1	UID1700208	1	1	0	0
1	1	UID1700209	1	1	0	0
1	1	UID1700210	1	1	0	0
1	1	UID1700213	1	1	0	0
1	1	UID1700219	1	1	0	0
1	1	UID1700230	1	1	0	0
1	1	UID1700231	1	1	0	0
1	1	UID1700236	1	1	0	0
1	1	UID1700251	1	1	0	0
1	1	UID1700257	1	1	0	0
1	1	UID1700260	1	1	0	0
1	1	UID1700263	1	1	0	0
1	1	UID1700296	1	1	0	0
1	1	UID1700302	1	1	0	0
1	1	UID1700313	1	1	0	0
1	1	UID1700337	1	1	0	0
1	1	UID1700341	1	1	0	0
1	1	UID1700344	1	1	0	0
1	1	UID1700345	1	1	0	0
1	1	UID1700352	1	1	0	0
1	1	UID1700360	1	1	0	0
1	1	UID1700362	1	1	0	0
1	1	UID1700382	1	1	0	0
1	1	UID1700388	1	1	0	0
1	1	UID1700394	1	1	0	0
1	1	UID1700398	1	1	0	0
1	1	UID1700408	1	1	0	0
1	1	UID1700411	1	1	0	0
1	1	UID1700414	1	1	0	0
1	1	UID1700424	1	1	0	0
1	1	UID1700436	1	1	0	0
1	1	UID1700439	1	1	0	0
1	1	UID1700456	1	1	0	0
1	1	UID1700460	1	1	0	0
1	1	UID1700461	1	1	0	0
1	1	UID1700463	1	1	0	0
1	1	UID1700478	1	1	0	0
1	1	UID1700479	1	1	0	0
1	1	UID1700480	1	1	0	0
1	1	UID1700485	1	1	0	0
1	1	UID1700491	1	1	0	0
1	1	UID1700506	1	1	0	0
1	1	UID1700507	1	1	0	0
1	1	UID1700517	1	1	0	0
1	1	UID1700534	1	1	0	0
1	1	UID1700539	1	1	0	0
1	1	UID1700543	1	1	0	0
1	1	UID1700546	1	1	0	0
1	1	UID1700553	1	1	0	0
1	1	UID1700574	1	1	0	0
1	1	UID1700575	1	1	0	0
1	1	UID1700577	1	1	0	0
1	1	UID1700579	1	1	0	0
1	1	UID1700580	1	1	0	0
1	1	UID1700584	1	1	0	0
1	1	UID1700602	1	1	0	0
1	1	UID1700606	1	1	0	0
1	1	UID1700607	1	1	0	0
1	1	UID1700614	1	1	0	0
1	1	UID1700616	1	1	0	0
1	1	UID1700617	1	1	0	0
1	1	UID1700627	1	1	0	0
1	1	UID1700630	1	1	0	0
1	1	UID1700632	1	1	0	0
1	1	UID1700634	1	1	0	0
1	1	UID1700636	1	1	0	0
1	1	UID1700654	1	1	0	0
1	1	UID1700662	1	1	0	0
1	1	UID1700663	1	1	0	0
1	1	UID1700665	1	1	0	0
1	1	UID1700683	1	1	0	0
1	1	UID1700686	1	1	0	0
1	1	UID1700687	1	1	0	0
1	1	UID1700689	1	1	0	0
1	1	UID1700692	1	1	0	0
1	1	UID1700707	1	1	0	0
1	1	UID1700715	1	1	0	0
1	1	UID1700717	1	1	0	0
1	1	UID1700719	1	1	0	0
1	1	UID1700734	1	1	0	0
1	1	UID1700755	1	1	0	0
1	1	UID1700764	1	1	0	0
1	1	UID1700782	1	1	0	0
1	1	UID1700783	1	1	0	0
1	1	UID1700784	1	1	0	0
1	1	UID175661	1	1	0	0
1	1	UID29134	1	1	0	0
1	1	UID417775	1	1	0	0
1	1	UID65830	1	1	0	0
1	1	UID75081	1	1	0	0
1	1	UID75888	1	1	0	0
