1974	8533	UID1	3781	1650	5	5
1146	2767	UID458003	1067	912	3	3
727	2147	UID2	868	579	4	4
157	332	UID1499	158	140	2	2
98	231	UID76	121	87	2	2
125	232	UID1000	95	112	2	2
63	141	UID1484	76	59	2	2
100	175	UID74269	73	97	2	2
68	154	UID96	68	60	2	2
60	128	UID57	65	55	2	2
86	159	UID329	64	76	2	2
50	115	UID174689	62	46	2	2
61	127	UID83	61	54	4	4
47	109	UID163	60	45	2	2
27	79	UID1009	53	26	1	1
44	103	UID222	53	39	2	2
59	114	UID164	47	51	2	2
74	139	UID117	45	68	3	3
42	85	UID134	38	38	2	2
25	63	UID131	35	20	2	2
71	130	UID217	34	66	2	2
45	78	UID1704830	32	43	2	2
25	58	UID77	32	22	2	2
23	49	UID193889	27	22	1	1
21	48	UID439	26	18	1	1
28	53	UID26	25	26	2	2
32	58	UID28	25	29	2	2
42	67	UID61	25	40	2	2
21	43	UID153	23	20	1	1
20	42	UID217462	23	19	2	2
30	52	UID263	23	29	2	2
22	44	UID368	23	21	2	2
27	50	UID533	23	25	2	2
28	58	UID280	22	25	2	2
41	64	UID149	21	38	2	2
23	44	UID276	21	21	1	1
25	47	UID339	21	22	2	2
30	61	UID154	20	25	2	2
22	43	UID20596	20	20	2	2
32	54	UID386	20	29	2	2
22	40	UID19317	19	21	1	1
52	90	UID52265	19	48	3	3
27	46	UID22	18	24	2	2
15	33	UID686	18	13	2	2
35	54	UID116	17	31	2	2
21	48	UID1704832	17	18	2	2
21	37	UID193	17	20	2	2
26	52	UID370	17	24	2	2
92	121	UID65815	17	87	4	4
17	33	UID132	16	15	2	2
15	30	UID173	16	14	2	2
20	36	UID800	16	18	2	2
19	34	UID1704833	15	17	2	2
16	31	UID19	15	14	1	1
10	24	UID6586	15	9	1	1
11	24	UID1192	14	10	1	1
9	22	UID338	14	8	1	1
10	27	UID65	14	8	1	1
12	24	UID52558	13	11	1	1
10	23	UID630	13	8	1	1
12	24	UID94	13	11	1	1
40	53	UID112673	12	37	3	3
7	18	UID1701460	12	6	1	1
7	18	UID1704834	12	6	1	1
10	21	UID1704835	12	9	1	1
12	23	UID191	12	11	1	1
39	52	UID29134	12	36	3	3
20	35	UID445	12	18	3	3
35	53	UID817953	12	33	3	3
16	26	UID143	11	15	2	2
7	17	UID229	11	6	1	1
18	28	UID384	11	17	2	2
7	17	UID3943	11	6	1	1
18	28	UID54	11	17	2	2
20	31	UID67632	11	18	1	1
14	25	UID68	11	12	2	2
23	40	UID817738	11	21	2	2
15	25	UID87	11	14	2	2
22	31	UID40236	10	21	1	1
7	16	UID471	10	6	1	1
13	24	UID517	10	10	1	1
16	25	UID58	10	15	1	1
15	25	UID59	10	13	2	2
8	16	UID158	9	7	1	1
10	18	UID1704838	9	9	1	1
15	23	UID184	9	14	2	2
27	35	UID18	9	26	2	2
16	24	UID190	9	15	1	1
9	17	UID320	9	8	1	1
14	23	UID32	9	12	1	1
7	15	UID347	9	6	1	1
9	17	UID357	9	8	1	1
12	21	UID398	9	10	2	2
20	34	UID1401	8	17	3	3
16	35	UID1704844	8	13	2	2
13	23	UID195	8	10	1	1
9	16	UID203	8	8	1	1
7	15	UID20595	8	5	1	1
23	32	UID216	8	20	2	2
7	14	UID302	8	6	0	0
15	22	UID51662	8	14	1	1
6	13	UID52499	8	5	1	1
26	39	UID571	8	22	2	2
15	27	UID1704847	7	13	2	2
6	12	UID174	7	5	1	1
16	24	UID206	7	14	2	2
17	26	UID221	7	15	1	1
12	18	UID40264	7	11	1	1
3	9	UID440	7	2	1	1
6	12	UID51869	7	5	1	1
6	12	UID529	7	5	1	1
6	12	UID691	7	5	1	1
6	12	UID877387	7	5	1	1
11	16	UID135	6	10	2	2
7	12	UID139	6	6	1	1
11	16	UID161	6	10	1	1
5	10	UID1704863	6	4	1	1
2	7	UID1704868	6	1	1	1
7	12	UID183044	6	6	1	1
11	21	UID197368	6	8	2	2
8	13	UID200	6	7	1	1
10	20	UID219	6	7	1	1
8	13	UID312	6	7	1	1
8	13	UID313	6	7	1	1
9	14	UID317094	6	8	1	1
5	10	UID4458	6	4	1	1
14	20	UID46159	6	12	1	1
3	8	UID466	6	2	1	1
13	19	UID688	6	11	1	1
11	16	UID8129	6	10	1	1
1	5	UID1084	5	0	0	0
10	14	UID152	5	9	1	1
7	11	UID1704870	5	6	1	1
2	6	UID1704878	5	1	0	0
5	9	UID1704879	5	4	1	1
4	8	UID1704888	5	3	1	1
4	8	UID1704891	5	3	1	1
8	12	UID239	5	7	1	1
14	18	UID240	5	13	1	1
7	11	UID281	5	6	1	1
9	13	UID35571	5	8	1	1
7	11	UID43521	5	6	1	1
7	12	UID488	5	5	1	1
6	11	UID6365	5	4	2	2
13	17	UID66305	5	12	2	2
5	9	UID710	5	4	1	1
4	8	UID753	5	3	1	1
7	11	UID82888	5	6	2	2
2	6	UID8617	5	1	0	0
12	16	UID86	5	11	2	2
5	9	UID892	5	4	1	1
6	9	UID144	4	5	1	1
9	13	UID160	4	7	1	1
1	4	UID1704895	4	0	0	0
7	10	UID1704896	4	6	1	1
8	11	UID1704924	4	7	1	1
1	4	UID1704925	4	0	0	0
9	12	UID173305	4	8	2	2
5	8	UID218	4	4	1	1
6	9	UID233	4	5	2	2
9	13	UID260	4	7	1	1
3	6	UID31427	4	2	1	1
4	7	UID356	4	3	1	1
6	9	UID366	4	5	1	1
3	6	UID367	4	2	1	1
3	6	UID4009	4	2	0	0
3	6	UID423	4	2	1	1
7	11	UID424	4	5	2	2
11	14	UID427	4	10	1	1
6	9	UID470	4	5	1	1
2	5	UID6017	4	1	1	1
2	5	UID7981	4	1	0	0
5	8	UID893	4	4	1	1
3	6	UID999481	4	2	0	0
3	5	UID10041	3	2	1	1
9	11	UID1153	3	8	2	2
3	5	UID129	3	2	0	0
3	5	UID1381667	3	2	1	1
2	4	UID1700792	3	1	0	0
6	8	UID1704940	3	5	2	2
3	5	UID1704941	3	2	1	1
2	4	UID1704943	3	1	0	0
3	5	UID1704958	3	2	1	1
1	3	UID1704959	3	0	0	0
8	10	UID1705003	3	7	1	1
2	4	UID1705007	3	1	0	0
2	4	UID1705008	3	1	0	0
5	7	UID1705009	3	4	1	1
4	6	UID201	3	3	1	1
7	9	UID228	3	6	1	1
5	7	UID277	3	4	1	1
3	5	UID290	3	2	1	1
5	7	UID291	3	4	1	1
1	3	UID323	3	0	0	0
4	6	UID328	3	3	1	1
1	3	UID348	3	0	0	0
1	3	UID361636	3	0	0	0
4	7	UID388482	3	2	1	1
3	5	UID3887	3	2	1	1
7	9	UID434742	3	6	1	1
1	3	UID435082	3	0	0	0
5	7	UID442	3	4	1	1
6	8	UID444	3	5	1	1
5	7	UID4688	3	4	2	2
3	5	UID468	3	2	1	1
4	7	UID469	3	2	1	1
10	13	UID490	3	8	1	1
1	3	UID512936	3	0	0	0
2	4	UID534	3	1	0	0
3	5	UID55794	3	2	1	1
6	8	UID568	3	5	1	1
2	4	UID569	3	1	1	1
1	3	UID65075	3	0	0	0
3	5	UID657	3	2	1	1
8	10	UID67387	3	7	1	1
9	11	UID67634	3	8	3	3
8	10	UID682	3	7	1	1
1	3	UID687	3	0	0	0
2	4	UID813	3	1	1	1
3	5	UID891	3	2	1	1
5	7	UID899	3	4	1	1
3	5	UID902	3	2	1	1
1	2	UID113124	2	0	0	0
3	4	UID1160	2	2	1	1
3	4	UID1210	2	2	1	1
5	6	UID128	2	4	1	1
6	7	UID1330347	2	5	1	1
9	11	UID1355	2	7	1	1
6	7	UID1372	2	5	1	1
2	3	UID145228	2	1	1	1
2	3	UID1661658	2	1	1	1
2	3	UID166	2	1	1	1
2	3	UID1705018	2	1	1	1
1	2	UID1705026	2	0	0	0
1	2	UID1705038	2	0	0	0
8	11	UID1705041	2	5	1	1
4	5	UID1705073	2	3	1	1
4	5	UID1705075	2	3	1	1
2	3	UID1705076	2	1	1	1
6	7	UID1705150	2	5	1	1
3	4	UID1705156	2	2	1	1
4	5	UID174660	2	3	1	1
4	5	UID188	2	3	1	1
4	6	UID193543	2	2	1	1
8	9	UID199	2	7	2	2
6	7	UID204	2	5	1	1
3	4	UID205	2	2	1	1
9	11	UID238	2	7	1	1
1	2	UID259	2	0	0	0
6	7	UID261	2	5	1	1
13	14	UID29139	2	12	2	2
1	2	UID303	2	0	0	0
5	6	UID322	2	4	1	1
2	3	UID326	2	1	1	1
4	5	UID369	2	3	1	1
1	2	UID37330	2	0	0	0
2	3	UID3971	2	1	1	1
2	3	UID4032	2	1	1	1
3	4	UID4184	2	2	1	1
4	5	UID420	2	3	1	1
2	3	UID4216	2	1	1	1
8	9	UID421	2	7	1	1
2	3	UID43828	2	1	1	1
5	6	UID4457	2	4	1	1
4	5	UID449495	2	3	1	1
5	6	UID4544	2	4	1	1
4	5	UID489	2	3	1	1
4	5	UID51887	2	3	1	1
3	4	UID52245	2	2	2	2
4	5	UID535	2	3	1	1
4	5	UID6359	2	3	1	1
7	8	UID653	2	6	1	1
2	3	UID6549	2	1	1	1
2	3	UID654	2	1	1	1
1	2	UID65810	2	0	0	0
21	22	UID65826	2	20	2	2
5	6	UID659	2	4	1	1
6	7	UID66430	2	5	1	1
2	3	UID6647	2	1	1	1
1	2	UID67583	2	0	0	0
1	2	UID78500	2	0	0	0
1	2	UID78548	2	0	0	0
5	6	UID809	2	4	1	1
1	2	UID959318	2	0	0	0
5	5	UID1039877	1	5	2	2
1	1	UID1082856	1	1	0	0
1	1	UID1090729	1	1	0	0
1	1	UID1097416	1	1	0	0
1	1	UID1102786	1	1	0	0
1	1	UID1114220	1	1	0	0
1	1	UID111684	1	1	0	0
1	1	UID111708	1	1	0	0
1	1	UID111857	1	1	0	0
1	1	UID112034	1	1	0	0
1	1	UID112274	1	1	0	0
1	1	UID112281	1	1	0	0
4	5	UID113133	1	3	2	2
1	1	UID113146	1	1	0	0
1	1	UID1170712	1	1	0	0
1	1	UID121196	1	1	0	0
1	1	UID1230777	1	1	0	0
1	1	UID126616	1	1	0	0
1	1	UID1267346	1	1	0	0
1	1	UID1284965	1	1	0	0
1	1	UID1286978	1	1	0	0
2	2	UID1308896	1	2	1	1
1	1	UID13224	1	1	0	0
1	1	UID1322657	1	1	0	0
1	1	UID133165	1	1	0	0
1	1	UID135075	1	1	0	0
1	1	UID135638	1	1	0	0
1	1	UID1357685	1	1	0	0
4	4	UID1363	1	4	1	1
6	6	UID1399	1	6	2	2
1	1	UID142673	1	1	0	0
1	1	UID1487717	1	1	0	0
3	3	UID1512733	1	3	2	2
1	1	UID1575968	1	1	0	0
1	1	UID1588913	1	1	0	0
1	1	UID163936	1	1	0	0
4	4	UID1646474	1	4	2	2
1	1	UID1661830	1	1	0	0
1	1	UID1680904	1	1	0	0
1	1	UID1681001	1	1	0	0
1	1	UID1685418	1	1	0	0
1	1	UID1705160	1	1	0	0
1	1	UID1705163	1	1	0	0
1	1	UID1705165	1	1	0	0
1	1	UID1705168	1	1	0	0
1	1	UID1705169	1	1	0	0
1	1	UID1705172	1	1	0	0
1	1	UID1705180	1	1	0	0
1	1	UID1705185	1	1	0	0
1	1	UID1705187	1	1	0	0
1	1	UID1705188	1	1	0	0
1	1	UID1705197	1	1	0	0
1	1	UID1705199	1	1	0	0
1	1	UID1705201	1	1	0	0
1	1	UID1705202	1	1	0	0
1	1	UID1705203	1	1	0	0
1	1	UID1705205	1	1	0	0
1	1	UID1705207	1	1	0	0
1	1	UID1705208	1	1	0	0
1	1	UID1705209	1	1	0	0
1	1	UID1705210	1	1	0	0
1	1	UID1705216	1	1	0	0
1	1	UID1705217	1	1	0	0
1	1	UID1705219	1	1	0	0
1	1	UID1705223	1	1	0	0
1	1	UID1705228	1	1	0	0
1	1	UID1705230	1	1	0	0
1	1	UID1705233	1	1	0	0
1	1	UID1705234	1	1	0	0
1	1	UID1705235	1	1	0	0
1	1	UID1705236	1	1	0	0
1	1	UID1705237	1	1	0	0
1	1	UID1705238	1	1	0	0
1	1	UID1705239	1	1	0	0
1	1	UID1705243	1	1	0	0
1	1	UID1705249	1	1	0	0
1	1	UID1705250	1	1	0	0
1	1	UID1705251	1	1	0	0
1	1	UID1705252	1	1	0	0
1	1	UID1705265	1	1	0	0
1	1	UID1705267	1	1	0	0
1	1	UID1705273	1	1	0	0
1	1	UID1705274	1	1	0	0
1	1	UID1705276	1	1	0	0
1	1	UID1705279	1	1	0	0
1	1	UID1705286	1	1	0	0
1	1	UID1705289	1	1	0	0
1	1	UID1705291	1	1	0	0
1	1	UID1705293	1	1	0	0
1	1	UID1705294	1	1	0	0
1	1	UID1705296	1	1	0	0
1	1	UID1705298	1	1	0	0
1	1	UID1705302	1	1	0	0
1	1	UID1705305	1	1	0	0
1	1	UID1705307	1	1	0	0
1	1	UID1705311	1	1	0	0
1	1	UID1705314	1	1	0	0
1	1	UID1705317	1	1	0	0
1	1	UID1705318	1	1	0	0
1	1	UID1705324	1	1	0	0
1	1	UID1705337	1	1	0	0
1	1	UID1705341	1	1	0	0
1	1	UID1705342	1	1	0	0
1	1	UID1705344	1	1	0	0
1	1	UID1705348	1	1	0	0
1	1	UID1705350	1	1	0	0
1	1	UID1705351	1	1	0	0
1	1	UID1705352	1	1	0	0
1	1	UID1705357	1	1	0	0
1	1	UID1705358	1	1	0	0
1	1	UID1705367	1	1	0	0
1	1	UID1705369	1	1	0	0
1	1	UID1705370	1	1	0	0
1	1	UID1705371	1	1	0	0
1	1	UID1705373	1	1	0	0
1	1	UID1705377	1	1	0	0
1	1	UID1705386	1	1	0	0
1	1	UID1705389	1	1	0	0
1	1	UID1705391	1	1	0	0
1	1	UID1705393	1	1	0	0
1	1	UID1705394	1	1	0	0
1	1	UID1705396	1	1	0	0
1	1	UID1705397	1	1	0	0
1	1	UID1705401	1	1	0	0
1	1	UID1705412	1	1	0	0
1	1	UID1705416	1	1	0	0
1	1	UID1705421	1	1	0	0
1	1	UID1705427	1	1	0	0
1	1	UID1705428	1	1	0	0
1	1	UID1705432	1	1	0	0
1	1	UID1705433	1	1	0	0
1	1	UID1705436	1	1	0	0
1	1	UID1705437	1	1	0	0
1	1	UID1705438	1	1	0	0
1	1	UID1705440	1	1	0	0
1	1	UID1705442	1	1	0	0
1	1	UID1705443	1	1	0	0
1	1	UID1705444	1	1	0	0
1	1	UID1705445	1	1	0	0
1	1	UID1705450	1	1	0	0
1	1	UID1705459	1	1	0	0
1	1	UID1705465	1	1	0	0
1	1	UID1705468	1	1	0	0
1	1	UID1705473	1	1	0	0
1	1	UID1705475	1	1	0	0
1	1	UID1705476	1	1	0	0
1	1	UID1705477	1	1	0	0
1	1	UID1705479	1	1	0	0
1	1	UID1705480	1	1	0	0
1	1	UID1705481	1	1	0	0
1	1	UID1705482	1	1	0	0
1	1	UID1705491	1	1	0	0
1	1	UID1705492	1	1	0	0
1	1	UID1705493	1	1	0	0
1	1	UID1705496	1	1	0	0
1	1	UID1705501	1	1	0	0
1	1	UID1705504	1	1	0	0
1	1	UID1705509	1	1	0	0
1	1	UID1705515	1	1	0	0
1	1	UID1705517	1	1	0	0
1	1	UID1705518	1	1	0	0
1	1	UID1705524	1	1	0	0
1	1	UID1705528	1	1	0	0
1	1	UID1705535	1	1	0	0
1	1	UID1705540	1	1	0	0
1	1	UID1705542	1	1	0	0
1	1	UID1705544	1	1	0	0
1	1	UID1705550	1	1	0	0
1	1	UID1705551	1	1	0	0
1	1	UID1705552	1	1	0	0
1	1	UID1705553	1	1	0	0
1	1	UID1705555	1	1	0	0
1	1	UID1705557	1	1	0	0
1	1	UID1705558	1	1	0	0
1	1	UID1705560	1	1	0	0
1	1	UID1705564	1	1	0	0
1	1	UID1705569	1	1	0	0
1	1	UID1705572	1	1	0	0
1	1	UID1705604	1	1	0	0
1	1	UID1705605	1	1	0	0
1	1	UID1705606	1	1	0	0
1	1	UID1705619	1	1	0	0
1	1	UID1705624	1	1	0	0
1	1	UID1705626	1	1	0	0
1	1	UID1705627	1	1	0	0
1	1	UID1705634	1	1	0	0
1	1	UID1705637	1	1	0	0
1	1	UID1705639	1	1	0	0
1	1	UID1705641	1	1	0	0
1	1	UID1705642	1	1	0	0
1	1	UID1705644	1	1	0	0
1	1	UID1705648	1	1	0	0
1	1	UID1705649	1	1	0	0
1	1	UID1705654	1	1	0	0
1	1	UID1705657	1	1	0	0
1	1	UID1705658	1	1	0	0
1	1	UID1705659	1	1	0	0
1	1	UID1705661	1	1	0	0
1	1	UID1705666	1	1	0	0
1	1	UID1705672	1	1	0	0
1	1	UID1705673	1	1	0	0
1	1	UID1705676	1	1	0	0
1	1	UID1705679	1	1	0	0
1	1	UID1705680	1	1	0	0
1	1	UID1705683	1	1	0	0
1	1	UID1705685	1	1	0	0
1	1	UID1705686	1	1	0	0
1	1	UID1705687	1	1	0	0
1	1	UID1705697	1	1	0	0
1	1	UID1705700	1	1	0	0
1	1	UID1705704	1	1	0	0
1	1	UID1705722	1	1	0	0
1	1	UID1705724	1	1	0	0
1	1	UID1705725	1	1	0	0
1	1	UID1705726	1	1	0	0
1	1	UID1705727	1	1	0	0
1	1	UID1705728	1	1	0	0
1	1	UID1705730	1	1	0	0
1	1	UID1705734	1	1	0	0
1	1	UID1705739	1	1	0	0
1	1	UID1705740	1	1	0	0
1	1	UID1705741	1	1	0	0
1	1	UID1705742	1	1	0	0
1	1	UID1705743	1	1	0	0
1	1	UID1705747	1	1	0	0
1	1	UID1705760	1	1	0	0
1	1	UID1705763	1	1	0	0
1	1	UID1705767	1	1	0	0
1	1	UID1705771	1	1	0	0
1	1	UID1705773	1	1	0	0
1	1	UID1705774	1	1	0	0
1	1	UID1705775	1	1	0	0
1	1	UID1705777	1	1	0	0
1	1	UID1705782	1	1	0	0
1	1	UID1705783	1	1	0	0
1	1	UID1705785	1	1	0	0
1	1	UID1705786	1	1	0	0
1	1	UID1705789	1	1	0	0
1	1	UID1705790	1	1	0	0
1	1	UID1705796	1	1	0	0
1	1	UID1705800	1	1	0	0
1	1	UID1705802	1	1	0	0
1	1	UID1705804	1	1	0	0
1	1	UID1705808	1	1	0	0
1	1	UID1705809	1	1	0	0
1	1	UID1705811	1	1	0	0
1	1	UID1705814	1	1	0	0
1	1	UID1705822	1	1	0	0
1	1	UID1705824	1	1	0	0
1	1	UID1705828	1	1	0	0
1	1	UID1705829	1	1	0	0
1	1	UID1705834	1	1	0	0
1	1	UID1705843	1	1	0	0
1	1	UID1705846	1	1	0	0
1	1	UID1705848	1	1	0	0
1	1	UID1705850	1	1	0	0
1	1	UID1705856	1	1	0	0
1	1	UID1705857	1	1	0	0
1	1	UID1705859	1	1	0	0
1	1	UID1705860	1	1	0	0
1	1	UID1705862	1	1	0	0
1	1	UID1705865	1	1	0	0
1	1	UID1705872	1	1	0	0
1	1	UID1705874	1	1	0	0
1	1	UID1705875	1	1	0	0
1	1	UID1705876	1	1	0	0
1	1	UID1705877	1	1	0	0
1	1	UID1705878	1	1	0	0
1	1	UID1705880	1	1	0	0
1	1	UID1705885	1	1	0	0
1	1	UID1705888	1	1	0	0
1	1	UID1705890	1	1	0	0
1	1	UID1705891	1	1	0	0
1	1	UID1705892	1	1	0	0
1	1	UID1705893	1	1	0	0
1	1	UID1705894	1	1	0	0
1	1	UID1705895	1	1	0	0
1	1	UID1705898	1	1	0	0
1	1	UID1705909	1	1	0	0
1	1	UID1705910	1	1	0	0
1	1	UID1705914	1	1	0	0
1	1	UID1705915	1	1	0	0
1	1	UID1705920	1	1	0	0
1	1	UID1705928	1	1	0	0
1	1	UID1705939	1	1	0	0
1	1	UID1705940	1	1	0	0
1	1	UID1705945	1	1	0	0
1	1	UID1705954	1	1	0	0
1	1	UID1705960	1	1	0	0
4	4	UID1705961	1	4	2	2
1	1	UID1705964	1	1	0	0
1	1	UID1705969	1	1	0	0
1	1	UID1705977	1	1	0	0
1	1	UID1705978	1	1	0	0
1	1	UID1705979	1	1	0	0
3	3	UID1705980	1	3	2	2
1	1	UID1705984	1	1	0	0
1	1	UID1705987	1	1	0	0
1	1	UID1705989	1	1	0	0
1	1	UID1705990	1	1	0	0
1	1	UID1706002	1	1	0	0
1	1	UID1706005	1	1	0	0
1	1	UID1706013	1	1	0	0
1	1	UID1706047	1	1	0	0
1	1	UID1706048	1	1	0	0
1	1	UID1706050	1	1	0	0
1	1	UID1706052	1	1	0	0
1	1	UID1706055	1	1	0	0
1	1	UID1706058	1	1	0	0
1	1	UID1706059	1	1	0	0
1	1	UID1706063	1	1	0	0
1	1	UID1706067	1	1	0	0
1	1	UID1706069	1	1	0	0
1	1	UID1706071	1	1	0	0
1	1	UID1706074	1	1	0	0
1	1	UID1706075	1	1	0	0
1	1	UID1706076	1	1	0	0
1	1	UID1706077	1	1	0	0
1	1	UID1706078	1	1	0	0
1	1	UID1706080	1	1	0	0
1	1	UID1706082	1	1	0	0
1	1	UID1706092	1	1	0	0
1	1	UID1706105	1	1	0	0
1	1	UID1706106	1	1	0	0
1	1	UID1706107	1	1	0	0
1	1	UID1706110	1	1	0	0
1	1	UID1706115	1	1	0	0
1	1	UID1706117	1	1	0	0
1	1	UID1706124	1	1	0	0
1	1	UID1706131	1	1	0	0
1	1	UID1706133	1	1	0	0
1	1	UID1706134	1	1	0	0
1	1	UID1706136	1	1	0	0
1	1	UID1706137	1	1	0	0
1	1	UID1706139	1	1	0	0
1	1	UID1706140	1	1	0	0
1	1	UID1706141	1	1	0	0
1	1	UID1706144	1	1	0	0
1	1	UID1706147	1	1	0	0
1	1	UID1706148	1	1	0	0
1	1	UID1706149	1	1	0	0
1	1	UID1706151	1	1	0	0
1	1	UID1706154	1	1	0	0
1	1	UID1706159	1	1	0	0
1	1	UID1706162	1	1	0	0
1	1	UID1706165	1	1	0	0
1	1	UID1706168	1	1	0	0
1	1	UID1706177	1	1	0	0
1	1	UID1706178	1	1	0	0
1	1	UID1706181	1	1	0	0
1	1	UID1706184	1	1	0	0
1	1	UID1706188	1	1	0	0
1	1	UID1706191	1	1	0	0
1	1	UID1706195	1	1	0	0
1	1	UID1706204	1	1	0	0
1	1	UID1706206	1	1	0	0
1	1	UID1706208	1	1	0	0
1	1	UID1706212	1	1	0	0
1	1	UID1706213	1	1	0	0
1	1	UID1706217	1	1	0	0
1	1	UID1706218	1	1	0	0
1	1	UID1706219	1	1	0	0
1	1	UID1706224	1	1	0	0
1	1	UID1706238	1	1	0	0
1	1	UID1706239	1	1	0	0
1	1	UID1706242	1	1	0	0
1	1	UID1706250	1	1	0	0
1	1	UID1706258	1	1	0	0
1	1	UID1706260	1	1	0	0
1	1	UID1706263	1	1	0	0
1	1	UID1706276	1	1	0	0
1	1	UID1706282	1	1	0	0
1	1	UID1706293	1	1	0	0
1	1	UID1706294	1	1	0	0
1	1	UID1706304	1	1	0	0
1	1	UID1706311	1	1	0	0
1	1	UID1706325	1	1	0	0
1	1	UID1706330	1	1	0	0
1	1	UID1706336	1	1	0	0
1	1	UID1706337	1	1	0	0
1	1	UID1706339	1	1	0	0
1	1	UID1706356	1	1	0	0
1	1	UID1706357	1	1	0	0
1	1	UID1706359	1	1	0	0
1	1	UID1706363	1	1	0	0
1	1	UID1706364	1	1	0	0
1	1	UID1706373	1	1	0	0
1	1	UID1706376	1	1	0	0
1	1	UID1706377	1	1	0	0
1	1	UID1706384	1	1	0	0
1	1	UID1706388	1	1	0	0
1	1	UID1706390	1	1	0	0
1	1	UID1706391	1	1	0	0
1	1	UID1706393	1	1	0	0
1	1	UID1706397	1	1	0	0
1	1	UID1706401	1	1	0	0
1	1	UID1706404	1	1	0	0
1	1	UID1706406	1	1	0	0
3	3	UID1706408	1	3	2	2
1	1	UID1706409	1	1	0	0
1	1	UID1706411	1	1	0	0
1	1	UID1706412	1	1	0	0
1	1	UID1706413	1	1	0	0
1	1	UID1706414	1	1	0	0
1	1	UID1706415	1	1	0	0
1	1	UID1706416	1	1	0	0
1	1	UID1706421	1	1	0	0
1	1	UID1706424	1	1	0	0
1	1	UID1706425	1	1	0	0
1	1	UID1706430	1	1	0	0
1	1	UID1706434	1	1	0	0
1	1	UID1706435	1	1	0	0
1	1	UID1706437	1	1	0	0
1	1	UID1706451	1	1	0	0
1	1	UID1706453	1	1	0	0
1	1	UID1706454	1	1	0	0
1	1	UID1706457	1	1	0	0
1	1	UID1706458	1	1	0	0
1	1	UID1706460	1	1	0	0
1	1	UID1706462	1	1	0	0
1	1	UID1706470	1	1	0	0
1	1	UID1706473	1	1	0	0
1	1	UID1706474	1	1	0	0
1	1	UID1706475	1	1	0	0
1	1	UID1706476	1	1	0	0
1	1	UID1706480	1	1	0	0
1	1	UID1706493	1	1	0	0
1	1	UID1706495	1	1	0	0
1	1	UID1706497	1	1	0	0
1	1	UID1706498	1	1	0	0
1	1	UID1706508	1	1	0	0
1	1	UID1706515	1	1	0	0
1	1	UID1706517	1	1	0	0
1	1	UID1706524	1	1	0	0
1	1	UID1706528	1	1	0	0
1	1	UID1706529	1	1	0	0
1	1	UID1706530	1	1	0	0
1	1	UID1706533	1	1	0	0
1	1	UID1706535	1	1	0	0
1	1	UID1706539	1	1	0	0
1	1	UID1706544	1	1	0	0
1	1	UID1706545	1	1	0	0
1	1	UID1706546	1	1	0	0
1	1	UID1706548	1	1	0	0
1	1	UID1706555	1	1	0	0
1	1	UID1706557	1	1	0	0
1	1	UID1706561	1	1	0	0
1	1	UID1706564	1	1	0	0
4	4	UID1706565	1	4	2	2
1	1	UID1706572	1	1	0	0
1	1	UID1706575	1	1	0	0
1	1	UID1706588	1	1	0	0
1	1	UID1706589	1	1	0	0
1	1	UID1706590	1	1	0	0
1	1	UID1706591	1	1	0	0
1	1	UID1706594	1	1	0	0
1	1	UID1706595	1	1	0	0
1	1	UID1706598	1	1	0	0
1	1	UID1706602	1	1	0	0
1	1	UID1706604	1	1	0	0
1	1	UID1706606	1	1	0	0
1	1	UID1706607	1	1	0	0
1	1	UID1706609	1	1	0	0
1	1	UID1706610	1	1	0	0
1	1	UID1706613	1	1	0	0
1	1	UID1706628	1	1	0	0
1	1	UID1706629	1	1	0	0
3	3	UID1706637	1	3	2	2
1	1	UID1706642	1	1	0	0
1	1	UID1706647	1	1	0	0
1	1	UID1706664	1	1	0	0
1	1	UID1706668	1	1	0	0
1	1	UID1706674	1	1	0	0
1	1	UID1706675	1	1	0	0
1	1	UID1706677	1	1	0	0
1	1	UID1706686	1	1	0	0
1	1	UID1706688	1	1	0	0
1	1	UID1706698	1	1	0	0
1	1	UID1706708	1	1	0	0
1	1	UID1706709	1	1	0	0
4	4	UID1706715	1	4	2	2
1	1	UID1706723	1	1	0	0
1	1	UID1706730	1	1	0	0
1	1	UID1706731	1	1	0	0
1	1	UID1706733	1	1	0	0
1	1	UID1706734	1	1	0	0
1	1	UID1706746	1	1	0	0
1	1	UID1706747	1	1	0	0
1	1	UID1706748	1	1	0	0
1	1	UID1706749	1	1	0	0
1	1	UID1706750	1	1	0	0
1	1	UID1706751	1	1	0	0
1	1	UID1706766	1	1	0	0
3	3	UID1706768	1	3	2	2
1	1	UID1706770	1	1	0	0
9	9	UID1706779	1	9	3	3
1	1	UID1706780	1	1	0	0
1	1	UID1706788	1	1	0	0
1	1	UID1706789	1	1	0	0
1	1	UID1706790	1	1	0	0
1	1	UID1706791	1	1	0	0
1	1	UID1706793	1	1	0	0
1	1	UID1706794	1	1	0	0
1	1	UID1706795	1	1	0	0
1	1	UID1706800	1	1	0	0
1	1	UID1706804	1	1	0	0
1	1	UID1706813	1	1	0	0
1	1	UID1706833	1	1	0	0
1	1	UID1706959	1	1	0	0
1	1	UID1706982	1	1	0	0
1	1	UID1706999	1	1	0	0
1	1	UID1707010	1	1	0	0
1	1	UID1707011	1	1	0	0
1	1	UID1707016	1	1	0	0
1	1	UID1707018	1	1	0	0
1	1	UID1707021	1	1	0	0
1	1	UID1707022	1	1	0	0
1	1	UID1707023	1	1	0	0
1	1	UID1707024	1	1	0	0
1	1	UID1707025	1	1	0	0
1	1	UID1707032	1	1	0	0
1	1	UID1707033	1	1	0	0
1	1	UID1707040	1	1	0	0
1	1	UID1707041	1	1	0	0
1	1	UID1707054	1	1	0	0
1	1	UID1707055	1	1	0	0
1	1	UID1707069	1	1	0	0
3	3	UID1707070	1	3	2	2
2	2	UID1707071	1	2	1	1
1	1	UID1707072	1	1	0	0
1	1	UID1707073	1	1	0	0
1	1	UID1707083	1	1	0	0
1	1	UID1707085	1	1	0	0
1	1	UID1707092	1	1	0	0
1	1	UID1707095	1	1	0	0
1	1	UID1707096	1	1	0	0
1	1	UID1707097	1	1	0	0
1	1	UID1707098	1	1	0	0
1	1	UID1707099	1	1	0	0
1	1	UID1707115	1	1	0	0
1	1	UID1707118	1	1	0	0
1	1	UID1707130	1	1	0	0
1	1	UID1707131	1	1	0	0
1	1	UID1707132	1	1	0	0
1	1	UID1707133	1	1	0	0
1	1	UID1707134	1	1	0	0
1	1	UID1707136	1	1	0	0
1	1	UID1707137	1	1	0	0
1	1	UID1707141	1	1	0	0
1	1	UID1707142	1	1	0	0
1	1	UID1707145	1	1	0	0
1	1	UID1707155	1	1	0	0
1	1	UID1707161	1	1	0	0
1	1	UID1707162	1	1	0	0
1	1	UID1707164	1	1	0	0
1	1	UID1707166	1	1	0	0
1	1	UID1707168	1	1	0	0
1	1	UID1707184	1	1	0	0
1	1	UID1707203	1	1	0	0
1	1	UID1707204	1	1	0	0
1	1	UID1707210	1	1	0	0
1	1	UID1707211	1	1	0	0
1	1	UID1707213	1	1	0	0
1	1	UID1707215	1	1	0	0
1	1	UID1707216	1	1	0	0
1	1	UID1707218	1	1	0	0
1	1	UID1707223	1	1	0	0
1	1	UID1707224	1	1	0	0
1	1	UID1707225	1	1	0	0
1	1	UID1707226	1	1	0	0
1	1	UID1707232	1	1	0	0
1	1	UID1707234	1	1	0	0
1	1	UID1707243	1	1	0	0
1	1	UID1707244	1	1	0	0
1	1	UID1707251	1	1	0	0
1	1	UID1707252	1	1	0	0
1	1	UID1707253	1	1	0	0
1	1	UID1707257	1	1	0	0
1	1	UID1707258	1	1	0	0
1	1	UID1707259	1	1	0	0
4	4	UID1707261	1	4	2	2
1	1	UID1707265	1	1	0	0
1	1	UID1707266	1	1	0	0
1	1	UID1707268	1	1	0	0
1	1	UID1707270	1	1	0	0
1	1	UID1707272	1	1	0	0
1	1	UID1707286	1	1	0	0
1	1	UID1707290	1	1	0	0
1	1	UID1707291	1	1	0	0
1	1	UID1707292	1	1	0	0
1	1	UID1707296	1	1	0	0
1	1	UID1707297	1	1	0	0
1	1	UID1707306	1	1	0	0
1	1	UID1707307	1	1	0	0
1	1	UID1707308	1	1	0	0
1	1	UID1707309	1	1	0	0
1	1	UID1707311	1	1	0	0
1	1	UID1707315	1	1	0	0
1	1	UID1707320	1	1	0	0
1	1	UID1707322	1	1	0	0
1	1	UID1707323	1	1	0	0
1	1	UID1707325	1	1	0	0
1	1	UID1707326	1	1	0	0
1	1	UID1707331	1	1	0	0
1	1	UID1707332	1	1	0	0
1	1	UID1707335	1	1	0	0
1	1	UID1707337	1	1	0	0
1	1	UID1707338	1	1	0	0
1	1	UID1707340	1	1	0	0
1	1	UID1707342	1	1	0	0
1	1	UID1707346	1	1	0	0
1	1	UID1707347	1	1	0	0
1	1	UID1707349	1	1	0	0
1	1	UID1707350	1	1	0	0
1	1	UID1707351	1	1	0	0
1	1	UID1707353	1	1	0	0
1	1	UID1707356	1	1	0	0
1	1	UID1707357	1	1	0	0
1	1	UID1707358	1	1	0	0
1	1	UID1707361	1	1	0	0
1	1	UID1707370	1	1	0	0
1	1	UID1707371	1	1	0	0
1	1	UID1707373	1	1	0	0
1	1	UID1707374	1	1	0	0
1	1	UID1707375	1	1	0	0
1	1	UID1707376	1	1	0	0
1	1	UID1707378	1	1	0	0
1	1	UID1707379	1	1	0	0
1	1	UID1707382	1	1	0	0
1	1	UID1707392	1	1	0	0
1	1	UID1707396	1	1	0	0
1	1	UID1707398	1	1	0	0
5	5	UID1707399	1	5	1	1
1	1	UID1707403	1	1	0	0
1	1	UID1707404	1	1	0	0
1	1	UID1707410	1	1	0	0
1	1	UID1707411	1	1	0	0
1	1	UID1707433	1	1	0	0
1	1	UID1707436	1	1	0	0
1	1	UID1707438	1	1	0	0
1	1	UID1707446	1	1	0	0
1	1	UID1707447	1	1	0	0
1	1	UID1707448	1	1	0	0
1	1	UID1707460	1	1	0	0
1	1	UID1707462	1	1	0	0
1	1	UID1707466	1	1	0	0
1	1	UID1707469	1	1	0	0
1	1	UID1707470	1	1	0	0
1	1	UID1707471	1	1	0	0
1	1	UID1707474	1	1	0	0
1	1	UID1707481	1	1	0	0
1	1	UID1707484	1	1	0	0
1	1	UID1707485	1	1	0	0
1	1	UID1707491	1	1	0	0
1	1	UID1707493	1	1	0	0
1	1	UID1707507	1	1	0	0
1	1	UID1707509	1	1	0	0
1	1	UID1707514	1	1	0	0
1	1	UID1707515	1	1	0	0
1	1	UID1707517	1	1	0	0
1	1	UID1707518	1	1	0	0
1	1	UID1707520	1	1	0	0
1	1	UID1707521	1	1	0	0
1	1	UID1707532	1	1	0	0
1	1	UID1707534	1	1	0	0
1	1	UID1707535	1	1	0	0
1	1	UID1707538	1	1	0	0
1	1	UID1707539	1	1	0	0
1	1	UID1707540	1	1	0	0
1	1	UID1707542	1	1	0	0
1	1	UID1707544	1	1	0	0
1	1	UID1707546	1	1	0	0
1	1	UID1707549	1	1	0	0
1	1	UID1707552	1	1	0	0
1	1	UID1707553	1	1	0	0
1	1	UID1707554	1	1	0	0
1	1	UID1707556	1	1	0	0
1	1	UID1707558	1	1	0	0
1	1	UID1707559	1	1	0	0
1	1	UID1707561	1	1	0	0
1	1	UID1707562	1	1	0	0
1	1	UID1707563	1	1	0	0
1	1	UID1707564	1	1	0	0
1	1	UID1707570	1	1	0	0
1	1	UID1707571	1	1	0	0
1	1	UID1707572	1	1	0	0
1	1	UID1707574	1	1	0	0
1	1	UID1707577	1	1	0	0
1	1	UID1707584	1	1	0	0
1	1	UID1707585	1	1	0	0
1	1	UID1707586	1	1	0	0
1	1	UID1707588	1	1	0	0
1	1	UID1707601	1	1	0	0
1	1	UID1707603	1	1	0	0
1	1	UID1707604	1	1	0	0
1	1	UID1707605	1	1	0	0
1	1	UID1707606	1	1	0	0
1	1	UID1707623	1	1	0	0
1	1	UID1707625	1	1	0	0
1	1	UID1707626	1	1	0	0
1	1	UID1707628	1	1	0	0
1	1	UID1707637	1	1	0	0
1	1	UID1707642	1	1	0	0
1	1	UID1707644	1	1	0	0
1	1	UID1707647	1	1	0	0
1	1	UID1707649	1	1	0	0
1	1	UID1707650	1	1	0	0
1	1	UID1707651	1	1	0	0
1	1	UID1707654	1	1	0	0
1	1	UID1707666	1	1	0	0
1	1	UID1707681	1	1	0	0
1	1	UID1707682	1	1	0	0
1	1	UID1707694	1	1	0	0
1	1	UID1707703	1	1	0	0
1	1	UID1707705	1	1	0	0
1	1	UID1707709	1	1	0	0
1	1	UID1707710	1	1	0	0
1	1	UID1707715	1	1	0	0
1	1	UID1707727	1	1	0	0
1	1	UID1707728	1	1	0	0
1	1	UID1707730	1	1	0	0
1	1	UID1707732	1	1	0	0
1	1	UID1707734	1	1	0	0
1	1	UID1707741	1	1	0	0
1	1	UID1707742	1	1	0	0
5	5	UID1707751	1	5	2	2
1	1	UID1707760	1	1	0	0
1	1	UID1707766	1	1	0	0
1	1	UID1707768	1	1	0	0
1	1	UID1707771	1	1	0	0
1	1	UID1707778	1	1	0	0
1	1	UID1707783	1	1	0	0
1	1	UID1707786	1	1	0	0
1	1	UID1707787	1	1	0	0
1	1	UID1707789	1	1	0	0
1	1	UID1707793	1	1	0	0
1	1	UID1707794	1	1	0	0
1	1	UID1707796	1	1	0	0
1	1	UID1707797	1	1	0	0
1	1	UID1707807	1	1	0	0
1	1	UID1707812	1	1	0	0
1	1	UID1707822	1	1	0	0
1	1	UID1707825	1	1	0	0
1	1	UID1707831	1	1	0	0
1	1	UID1707845	1	1	0	0
1	1	UID1707846	1	1	0	0
1	1	UID1707847	1	1	0	0
1	1	UID1707850	1	1	0	0
1	1	UID1707856	1	1	0	0
1	1	UID1707861	1	1	0	0
1	1	UID1707865	1	1	0	0
1	1	UID1707868	1	1	0	0
1	1	UID1707874	1	1	0	0
1	1	UID1707879	1	1	0	0
1	1	UID1707885	1	1	0	0
1	1	UID1707891	1	1	0	0
1	1	UID1707893	1	1	0	0
1	1	UID1707894	1	1	0	0
1	1	UID1707898	1	1	0	0
1	1	UID1707899	1	1	0	0
1	1	UID1707922	1	1	0	0
1	1	UID1707923	1	1	0	0
1	1	UID1707924	1	1	0	0
1	1	UID1707926	1	1	0	0
1	1	UID1707928	1	1	0	0
1	1	UID1707931	1	1	0	0
1	1	UID1707932	1	1	0	0
1	1	UID1707933	1	1	0	0
1	1	UID1707939	1	1	0	0
1	1	UID1707941	1	1	0	0
1	1	UID1707942	1	1	0	0
1	1	UID1707956	1	1	0	0
1	1	UID1707962	1	1	0	0
1	1	UID1707966	1	1	0	0
1	1	UID1707967	1	1	0	0
1	1	UID1707971	1	1	0	0
1	1	UID1707973	1	1	0	0
1	1	UID1707974	1	1	0	0
1	1	UID1707978	1	1	0	0
1	1	UID1707979	1	1	0	0
1	1	UID1707986	1	1	0	0
1	1	UID1707987	1	1	0	0
1	1	UID1707988	1	1	0	0
1	1	UID1707992	1	1	0	0
1	1	UID1707995	1	1	0	0
1	1	UID1707997	1	1	0	0
1	1	UID1708001	1	1	0	0
1	1	UID1708003	1	1	0	0
1	1	UID1708009	1	1	0	0
1	1	UID1708011	1	1	0	0
1	1	UID1708012	1	1	0	0
1	1	UID1708014	1	1	0	0
1	1	UID1708019	1	1	0	0
1	1	UID1708022	1	1	0	0
1	1	UID1708026	1	1	0	0
1	1	UID1708028	1	1	0	0
1	1	UID1708035	1	1	0	0
1	1	UID1708036	1	1	0	0
1	1	UID1708037	1	1	0	0
1	1	UID1708041	1	1	0	0
1	1	UID1708042	1	1	0	0
1	1	UID1708048	1	1	0	0
1	1	UID1708049	1	1	0	0
1	1	UID1708058	1	1	0	0
1	1	UID1708063	1	1	0	0
1	1	UID1708076	1	1	0	0
1	1	UID1708078	1	1	0	0
1	1	UID1708079	1	1	0	0
1	1	UID1708081	1	1	0	0
1	1	UID1708082	1	1	0	0
1	1	UID1708083	1	1	0	0
1	1	UID1708085	1	1	0	0
1	1	UID1708086	1	1	0	0
1	1	UID1708093	1	1	0	0
1	1	UID1708095	1	1	0	0
1	1	UID1708098	1	1	0	0
1	1	UID1708100	1	1	0	0
1	1	UID1708101	1	1	0	0
1	1	UID1708105	1	1	0	0
1	1	UID1708110	1	1	0	0
1	1	UID1708124	1	1	0	0
1	1	UID1708134	1	1	0	0
1	1	UID1708135	1	1	0	0
1	1	UID1708137	1	1	0	0
1	1	UID1708138	1	1	0	0
1	1	UID1708140	1	1	0	0
1	1	UID1708141	1	1	0	0
1	1	UID1708142	1	1	0	0
1	1	UID1708152	1	1	0	0
1	1	UID1708155	1	1	0	0
1	1	UID1708156	1	1	0	0
1	1	UID1708171	1	1	0	0
1	1	UID1708173	1	1	0	0
1	1	UID1708174	1	1	0	0
1	1	UID1708175	1	1	0	0
1	1	UID1708177	1	1	0	0
1	1	UID1708182	1	1	0	0
1	1	UID1708188	1	1	0	0
1	1	UID1708190	1	1	0	0
1	1	UID1708196	1	1	0	0
1	1	UID1708198	1	1	0	0
1	1	UID1708205	1	1	0	0
1	1	UID1708206	1	1	0	0
1	1	UID1708207	1	1	0	0
1	1	UID1708215	1	1	0	0
1	1	UID1708216	1	1	0	0
1	1	UID1708218	1	1	0	0
1	1	UID1708220	1	1	0	0
1	1	UID1708221	1	1	0	0
1	1	UID1708223	1	1	0	0
1	1	UID1708224	1	1	0	0
1	1	UID1708229	1	1	0	0
1	1	UID1708230	1	1	0	0
1	1	UID1708232	1	1	0	0
1	1	UID1708239	1	1	0	0
1	1	UID1708253	1	1	0	0
1	1	UID1708257	1	1	0	0
1	1	UID1708260	1	1	0	0
1	1	UID1708263	1	1	0	0
1	1	UID1708264	1	1	0	0
1	1	UID1708265	1	1	0	0
1	1	UID1708275	1	1	0	0
1	1	UID1708283	1	1	0	0
1	1	UID1708289	1	1	0	0
1	1	UID1708295	1	1	0	0
1	1	UID1708297	1	1	0	0
1	1	UID1708299	1	1	0	0
1	1	UID1708305	1	1	0	0
1	1	UID1708316	1	1	0	0
1	1	UID1708318	1	1	0	0
1	1	UID1708319	1	1	0	0
1	1	UID1708323	1	1	0	0
1	1	UID1708324	1	1	0	0
1	1	UID1708325	1	1	0	0
1	1	UID1708327	1	1	0	0
1	1	UID1708328	1	1	0	0
1	1	UID1708329	1	1	0	0
1	1	UID1708333	1	1	0	0
1	1	UID1708334	1	1	0	0
1	1	UID1708335	1	1	0	0
1	1	UID1708337	1	1	0	0
1	1	UID1708338	1	1	0	0
1	1	UID1708339	1	1	0	0
1	1	UID1708343	1	1	0	0
1	1	UID1708345	1	1	0	0
1	1	UID1708346	1	1	0	0
1	1	UID1708349	1	1	0	0
1	1	UID1708351	1	1	0	0
1	1	UID1708364	1	1	0	0
1	1	UID1708368	1	1	0	0
1	1	UID1708369	1	1	0	0
1	1	UID1708370	1	1	0	0
1	1	UID1708371	1	1	0	0
1	1	UID1708372	1	1	0	0
1	1	UID1708373	1	1	0	0
1	1	UID1708378	1	1	0	0
1	1	UID1708382	1	1	0	0
1	1	UID1708384	1	1	0	0
1	1	UID1708391	1	1	0	0
1	1	UID1708395	1	1	0	0
1	1	UID1708399	1	1	0	0
1	1	UID1708405	1	1	0	0
1	1	UID1708407	1	1	0	0
1	1	UID1708409	1	1	0	0
1	1	UID1708412	1	1	0	0
1	1	UID1708413	1	1	0	0
1	1	UID1708414	1	1	0	0
1	1	UID1708420	1	1	0	0
1	1	UID1708425	1	1	0	0
1	1	UID1708426	1	1	0	0
1	1	UID1708434	1	1	0	0
1	1	UID1708438	1	1	0	0
1	1	UID1708441	1	1	0	0
1	1	UID1708444	1	1	0	0
1	1	UID1708449	1	1	0	0
1	1	UID1708450	1	1	0	0
3	3	UID1708451	1	3	2	2
1	1	UID1708453	1	1	0	0
1	1	UID1708456	1	1	0	0
1	1	UID1708457	1	1	0	0
1	1	UID1708458	1	1	0	0
1	1	UID1708459	1	1	0	0
1	1	UID1708460	1	1	0	0
1	1	UID1708465	1	1	0	0
1	1	UID1708467	1	1	0	0
1	1	UID1708468	1	1	0	0
1	1	UID1708469	1	1	0	0
1	1	UID1708471	1	1	0	0
1	1	UID1708472	1	1	0	0
1	1	UID1708473	1	1	0	0
1	1	UID1708474	1	1	0	0
1	1	UID1708476	1	1	0	0
1	1	UID1708479	1	1	0	0
1	1	UID1708480	1	1	0	0
1	1	UID1708482	1	1	0	0
1	1	UID1708483	1	1	0	0
1	1	UID1708484	1	1	0	0
1	1	UID1708485	1	1	0	0
1	1	UID1708490	1	1	0	0
1	1	UID1708491	1	1	0	0
1	1	UID1708497	1	1	0	0
1	1	UID1708504	1	1	0	0
1	1	UID1708536	1	1	0	0
3	3	UID1708537	1	3	2	2
1	1	UID1708542	1	1	0	0
1	1	UID1708544	1	1	0	0
1	1	UID1708545	1	1	0	0
1	1	UID1708546	1	1	0	0
1	1	UID1708549	1	1	0	0
1	1	UID1708550	1	1	0	0
1	1	UID1708552	1	1	0	0
1	1	UID1708558	1	1	0	0
1	1	UID1708559	1	1	0	0
1	1	UID1708560	1	1	0	0
1	1	UID1708563	1	1	0	0
1	1	UID1708566	1	1	0	0
1	1	UID1708568	1	1	0	0
1	1	UID1708572	1	1	0	0
1	1	UID1708573	1	1	0	0
1	1	UID1708576	1	1	0	0
1	1	UID1708578	1	1	0	0
1	1	UID1708579	1	1	0	0
1	1	UID1708580	1	1	0	0
1	1	UID1708581	1	1	0	0
1	1	UID1708583	1	1	0	0
1	1	UID1708586	1	1	0	0
1	1	UID1708594	1	1	0	0
1	1	UID1708595	1	1	0	0
1	1	UID1708607	1	1	0	0
1	1	UID1708610	1	1	0	0
1	1	UID1708613	1	1	0	0
1	1	UID1708615	1	1	0	0
1	1	UID1708617	1	1	0	0
1	1	UID1708620	1	1	0	0
1	1	UID1708622	1	1	0	0
1	1	UID1708626	1	1	0	0
1	1	UID1708627	1	1	0	0
1	1	UID1708629	1	1	0	0
1	1	UID1708630	1	1	0	0
1	1	UID1708631	1	1	0	0
1	1	UID1708632	1	1	0	0
1	1	UID1708634	1	1	0	0
1	1	UID1708660	1	1	0	0
1	1	UID1708669	1	1	0	0
1	1	UID1708670	1	1	0	0
1	1	UID1708672	1	1	0	0
1	1	UID1708673	1	1	0	0
1	1	UID1708677	1	1	0	0
1	1	UID1708680	1	1	0	0
1	1	UID1708682	1	1	0	0
1	1	UID1708683	1	1	0	0
1	1	UID1708684	1	1	0	0
1	1	UID1708693	1	1	0	0
1	1	UID1708695	1	1	0	0
1	1	UID1708696	1	1	0	0
1	1	UID1708697	1	1	0	0
1	1	UID1708700	1	1	0	0
1	1	UID1708701	1	1	0	0
1	1	UID1708706	1	1	0	0
1	1	UID1708708	1	1	0	0
1	1	UID1708710	1	1	0	0
1	1	UID1708714	1	1	0	0
1	1	UID1708715	1	1	0	0
1	1	UID1708716	1	1	0	0
1	1	UID1708717	1	1	0	0
1	1	UID1708722	1	1	0	0
1	1	UID1708723	1	1	0	0
1	1	UID1708727	1	1	0	0
1	1	UID1708728	1	1	0	0
1	1	UID1708729	1	1	0	0
1	1	UID1708730	1	1	0	0
1	1	UID1708734	1	1	0	0
1	1	UID1708739	1	1	0	0
1	1	UID1708745	1	1	0	0
1	1	UID1708756	1	1	0	0
1	1	UID1708775	1	1	0	0
1	1	UID1708780	1	1	0	0
2	2	UID1708781	1	2	1	1
1	1	UID1708786	1	1	0	0
1	1	UID1708788	1	1	0	0
1	1	UID1708792	1	1	0	0
1	1	UID1708795	1	1	0	0
1	1	UID1708798	1	1	0	0
1	1	UID1708799	1	1	0	0
1	1	UID1708802	1	1	0	0
1	1	UID1708809	1	1	0	0
1	1	UID1708822	1	1	0	0
1	1	UID1708823	1	1	0	0
1	1	UID1708825	1	1	0	0
1	1	UID1708827	1	1	0	0
6	6	UID1708847	1	6	2	2
1	1	UID1708860	1	1	0	0
1	1	UID1708863	1	1	0	0
4	4	UID1708866	1	4	2	2
1	1	UID1708867	1	1	0	0
3	3	UID1708872	1	3	2	2
1	1	UID1708874	1	1	0	0
1	1	UID1708875	1	1	0	0
1	1	UID1708884	1	1	0	0
1	1	UID1708888	1	1	0	0
1	1	UID1708909	1	1	0	0
1	1	UID1708910	1	1	0	0
1	1	UID1708911	1	1	0	0
1	1	UID1708912	1	1	0	0
1	1	UID1708916	1	1	0	0
1	1	UID1708918	1	1	0	0
1	1	UID1708928	1	1	0	0
1	1	UID1708981	1	1	0	0
1	1	UID1709127	1	1	0	0
2	2	UID1709130	1	2	1	1
2	2	UID1709133	1	2	1	1
1	1	UID1709141	1	1	0	0
11	11	UID1709162	1	11	3	3
1	1	UID1709173	1	1	0	0
1	1	UID1709176	1	1	0	0
1	1	UID1709178	1	1	0	0
1	1	UID1709189	1	1	0	0
1	1	UID1709195	1	1	0	0
1	1	UID1709197	1	1	0	0
1	1	UID1709203	1	1	0	0
1	1	UID1709208	1	1	0	0
1	1	UID1709209	1	1	0	0
1	1	UID1709213	1	1	0	0
1	1	UID1709227	1	1	0	0
1	1	UID1709231	1	1	0	0
1	1	UID1709243	1	1	0	0
1	1	UID1709245	1	1	0	0
1	1	UID1709247	1	1	0	0
1	1	UID1709253	1	1	0	0
1	1	UID1709262	1	1	0	0
1	1	UID1709263	1	1	0	0
1	1	UID1709271	1	1	0	0
1	1	UID1709282	1	1	0	0
1	1	UID1709283	1	1	0	0
1	1	UID1709284	1	1	0	0
1	1	UID1709285	1	1	0	0
1	1	UID1709288	1	1	0	0
1	1	UID1709289	1	1	0	0
1	1	UID1709290	1	1	0	0
1	1	UID1709291	1	1	0	0
1	1	UID1709301	1	1	0	0
1	1	UID1709305	1	1	0	0
1	1	UID1709307	1	1	0	0
1	1	UID1709310	1	1	0	0
1	1	UID1709314	1	1	0	0
1	1	UID1709315	1	1	0	0
1	1	UID1709317	1	1	0	0
1	1	UID1709318	1	1	0	0
1	1	UID1709333	1	1	0	0
1	1	UID1709335	1	1	0	0
1	1	UID1709341	1	1	0	0
1	1	UID1709346	1	1	0	0
1	1	UID1709347	1	1	0	0
1	1	UID1709348	1	1	0	0
1	1	UID1709354	1	1	0	0
1	1	UID1709355	1	1	0	0
1	1	UID1709356	1	1	0	0
1	1	UID1709362	1	1	0	0
1	1	UID1709365	1	1	0	0
1	1	UID1709378	1	1	0	0
1	1	UID1709381	1	1	0	0
1	1	UID1709384	1	1	0	0
1	1	UID1709388	1	1	0	0
1	1	UID1709389	1	1	0	0
1	1	UID1709391	1	1	0	0
1	1	UID1709398	1	1	0	0
1	1	UID1709403	1	1	0	0
1	1	UID1709412	1	1	0	0
1	1	UID1709413	1	1	0	0
1	1	UID1709414	1	1	0	0
1	1	UID1709417	1	1	0	0
1	1	UID1709418	1	1	0	0
1	1	UID1709420	1	1	0	0
1	1	UID1709421	1	1	0	0
1	1	UID1709423	1	1	0	0
1	1	UID1709427	1	1	0	0
1	1	UID1709429	1	1	0	0
1	1	UID1709430	1	1	0	0
1	1	UID1709432	1	1	0	0
1	1	UID1709433	1	1	0	0
1	1	UID1709434	1	1	0	0
1	1	UID1709435	1	1	0	0
1	1	UID1709437	1	1	0	0
1	1	UID1709438	1	1	0	0
1	1	UID1709439	1	1	0	0
1	1	UID1709440	1	1	0	0
1	1	UID1709441	1	1	0	0
1	1	UID1709442	1	1	0	0
1	1	UID1709443	1	1	0	0
1	1	UID1709449	1	1	0	0
1	1	UID1709451	1	1	0	0
1	1	UID1709452	1	1	0	0
1	1	UID1709457	1	1	0	0
1	1	UID1709459	1	1	0	0
1	1	UID1709460	1	1	0	0
1	1	UID1709466	1	1	0	0
1	1	UID1709467	1	1	0	0
1	1	UID1709468	1	1	0	0
1	1	UID1709469	1	1	0	0
1	1	UID1709470	1	1	0	0
1	1	UID1709475	1	1	0	0
1	1	UID1709476	1	1	0	0
1	1	UID1709481	1	1	0	0
1	1	UID1709485	1	1	0	0
1	1	UID1709489	1	1	0	0
1	1	UID1709490	1	1	0	0
1	1	UID1709491	1	1	0	0
1	1	UID1709495	1	1	0	0
1	1	UID1709496	1	1	0	0
1	1	UID1709498	1	1	0	0
1	1	UID1709507	1	1	0	0
1	1	UID1709510	1	1	0	0
1	1	UID1709513	1	1	0	0
1	1	UID1709514	1	1	0	0
1	1	UID1709515	1	1	0	0
1	1	UID1709518	1	1	0	0
1	1	UID1709521	1	1	0	0
1	1	UID1709526	1	1	0	0
1	1	UID1709530	1	1	0	0
1	1	UID1709531	1	1	0	0
1	1	UID1709534	1	1	0	0
1	1	UID1709542	1	1	0	0
1	1	UID1709545	1	1	0	0
1	1	UID1709546	1	1	0	0
1	1	UID1709549	1	1	0	0
1	1	UID1709550	1	1	0	0
1	1	UID1709553	1	1	0	0
1	1	UID1709559	1	1	0	0
1	1	UID1709562	1	1	0	0
1	1	UID1709565	1	1	0	0
1	1	UID1709567	1	1	0	0
1	1	UID1709568	1	1	0	0
1	1	UID1709575	1	1	0	0
1	1	UID1709576	1	1	0	0
1	1	UID1709580	1	1	0	0
1	1	UID1709582	1	1	0	0
1	1	UID1709586	1	1	0	0
1	1	UID1709587	1	1	0	0
1	1	UID1709593	1	1	0	0
1	1	UID1709597	1	1	0	0
1	1	UID1709598	1	1	0	0
1	1	UID1709599	1	1	0	0
1	1	UID1709609	1	1	0	0
1	1	UID1709612	1	1	0	0
1	1	UID1709614	1	1	0	0
1	1	UID1709630	1	1	0	0
1	1	UID1709633	1	1	0	0
1	1	UID1709634	1	1	0	0
1	1	UID1709636	1	1	0	0
1	1	UID1709637	1	1	0	0
1	1	UID1709638	1	1	0	0
1	1	UID1709644	1	1	0	0
1	1	UID1709646	1	1	0	0
1	1	UID1709647	1	1	0	0
1	1	UID1709648	1	1	0	0
1	1	UID1709649	1	1	0	0
1	1	UID1709655	1	1	0	0
1	1	UID1709657	1	1	0	0
1	1	UID1709661	1	1	0	0
1	1	UID1709662	1	1	0	0
1	1	UID1709663	1	1	0	0
1	1	UID1709664	1	1	0	0
1	1	UID1709665	1	1	0	0
1	1	UID1709666	1	1	0	0
1	1	UID1709668	1	1	0	0
1	1	UID1709673	1	1	0	0
1	1	UID1709675	1	1	0	0
1	1	UID1709678	1	1	0	0
1	1	UID1709679	1	1	0	0
1	1	UID1709680	1	1	0	0
1	1	UID1709681	1	1	0	0
1	1	UID1709682	1	1	0	0
1	1	UID1709683	1	1	0	0
1	1	UID1709684	1	1	0	0
1	1	UID1709685	1	1	0	0
1	1	UID1709686	1	1	0	0
1	1	UID1709688	1	1	0	0
1	1	UID1709689	1	1	0	0
1	1	UID1709692	1	1	0	0
1	1	UID1709693	1	1	0	0
1	1	UID1709694	1	1	0	0
1	1	UID1709695	1	1	0	0
1	1	UID1709697	1	1	0	0
1	1	UID1709698	1	1	0	0
1	1	UID1709699	1	1	0	0
1	1	UID1709701	1	1	0	0
1	1	UID1709703	1	1	0	0
1	1	UID1709704	1	1	0	0
1	1	UID1709705	1	1	0	0
1	1	UID1709706	1	1	0	0
1	1	UID1709707	1	1	0	0
1	1	UID1709708	1	1	0	0
1	1	UID1709709	1	1	0	0
1	1	UID1709710	1	1	0	0
1	1	UID1709711	1	1	0	0
1	1	UID1709713	1	1	0	0
1	1	UID1709714	1	1	0	0
1	1	UID1709716	1	1	0	0
1	1	UID1709717	1	1	0	0
1	1	UID1709718	1	1	0	0
1	1	UID1709721	1	1	0	0
1	1	UID1709722	1	1	0	0
1	1	UID1709725	1	1	0	0
1	1	UID1709730	1	1	0	0
1	1	UID1709731	1	1	0	0
1	1	UID1709740	1	1	0	0
1	1	UID1709741	1	1	0	0
1	1	UID1709742	1	1	0	0
1	1	UID1709743	1	1	0	0
1	1	UID1709744	1	1	0	0
1	1	UID1709745	1	1	0	0
1	1	UID1709748	1	1	0	0
1	1	UID1709749	1	1	0	0
1	1	UID1709756	1	1	0	0
1	1	UID1709757	1	1	0	0
1	1	UID1709758	1	1	0	0
1	1	UID1709759	1	1	0	0
1	1	UID1709760	1	1	0	0
1	1	UID1709761	1	1	0	0
1	1	UID1709762	1	1	0	0
1	1	UID1709763	1	1	0	0
1	1	UID1709764	1	1	0	0
1	1	UID1709765	1	1	0	0
1	1	UID1709766	1	1	0	0
1	1	UID1709767	1	1	0	0
1	1	UID1709768	1	1	0	0
1	1	UID1709769	1	1	0	0
1	1	UID1709771	1	1	0	0
1	1	UID1709772	1	1	0	0
1	1	UID1709773	1	1	0	0
1	1	UID1709774	1	1	0	0
1	1	UID1709777	1	1	0	0
1	1	UID1709779	1	1	0	0
1	1	UID1709781	1	1	0	0
1	1	UID1709782	1	1	0	0
1	1	UID1709784	1	1	0	0
1	1	UID1709785	1	1	0	0
1	1	UID1709786	1	1	0	0
1	1	UID1709787	1	1	0	0
1	1	UID1709788	1	1	0	0
1	1	UID1709789	1	1	0	0
1	1	UID1709791	1	1	0	0
1	1	UID1709792	1	1	0	0
1	1	UID1709795	1	1	0	0
1	1	UID1709796	1	1	0	0
1	1	UID1709797	1	1	0	0
1	1	UID1709800	1	1	0	0
1	1	UID1709804	1	1	0	0
1	1	UID1709805	1	1	0	0
1	1	UID1709813	1	1	0	0
1	1	UID1709814	1	1	0	0
1	1	UID1709815	1	1	0	0
1	1	UID1709816	1	1	0	0
1	1	UID1709830	1	1	0	0
1	1	UID1709832	1	1	0	0
1	1	UID1709837	1	1	0	0
1	1	UID1709838	1	1	0	0
1	1	UID1709839	1	1	0	0
1	1	UID1709840	1	1	0	0
1	1	UID1709841	1	1	0	0
1	1	UID1709842	1	1	0	0
1	1	UID1709843	1	1	0	0
1	1	UID1709844	1	1	0	0
1	1	UID1709846	1	1	0	0
1	1	UID1709847	1	1	0	0
1	1	UID1709848	1	1	0	0
1	1	UID1709851	1	1	0	0
1	1	UID1709852	1	1	0	0
1	1	UID1709853	1	1	0	0
1	1	UID1709854	1	1	0	0
1	1	UID1709855	1	1	0	0
1	1	UID1709856	1	1	0	0
1	1	UID1709857	1	1	0	0
1	1	UID1709858	1	1	0	0
1	1	UID1709859	1	1	0	0
1	1	UID1709860	1	1	0	0
1	1	UID1709864	1	1	0	0
1	1	UID1709865	1	1	0	0
1	1	UID1709866	1	1	0	0
1	1	UID1709867	1	1	0	0
1	1	UID1709868	1	1	0	0
1	1	UID1709870	1	1	0	0
1	1	UID1709871	1	1	0	0
1	1	UID1709872	1	1	0	0
1	1	UID1709873	1	1	0	0
1	1	UID1709874	1	1	0	0
1	1	UID1709875	1	1	0	0
1	1	UID1709876	1	1	0	0
1	1	UID1709878	1	1	0	0
1	1	UID1709879	1	1	0	0
1	1	UID1709880	1	1	0	0
1	1	UID1709884	1	1	0	0
1	1	UID1709885	1	1	0	0
1	1	UID1709886	1	1	0	0
1	1	UID1709887	1	1	0	0
1	1	UID1709888	1	1	0	0
1	1	UID1709889	1	1	0	0
1	1	UID1709890	1	1	0	0
1	1	UID1709891	1	1	0	0
1	1	UID1709893	1	1	0	0
1	1	UID1709894	1	1	0	0
1	1	UID1709895	1	1	0	0
1	1	UID1709897	1	1	0	0
1	1	UID1709898	1	1	0	0
1	1	UID1709899	1	1	0	0
1	1	UID1709900	1	1	0	0
1	1	UID1709902	1	1	0	0
1	1	UID1709903	1	1	0	0
1	1	UID1709910	1	1	0	0
1	1	UID1709911	1	1	0	0
1	1	UID1709912	1	1	0	0
1	1	UID1709913	1	1	0	0
1	1	UID1709914	1	1	0	0
1	1	UID1709928	1	1	0	0
1	1	UID1709929	1	1	0	0
1	1	UID1709930	1	1	0	0
1	1	UID1709932	1	1	0	0
1	1	UID1709934	1	1	0	0
1	1	UID1709940	1	1	0	0
1	1	UID1709942	1	1	0	0
1	1	UID1709943	1	1	0	0
1	1	UID1709945	1	1	0	0
1	1	UID1709946	1	1	0	0
1	1	UID1709949	1	1	0	0
1	1	UID1709950	1	1	0	0
1	1	UID1709951	1	1	0	0
1	1	UID1709952	1	1	0	0
1	1	UID1709953	1	1	0	0
1	1	UID1709954	1	1	0	0
1	1	UID1709956	1	1	0	0
1	1	UID1709958	1	1	0	0
1	1	UID1709960	1	1	0	0
1	1	UID1709961	1	1	0	0
1	1	UID1709964	1	1	0	0
1	1	UID1709967	1	1	0	0
1	1	UID1709968	1	1	0	0
1	1	UID1709969	1	1	0	0
1	1	UID1709970	1	1	0	0
1	1	UID1709971	1	1	0	0
3	3	UID1709972	1	3	2	2
1	1	UID1709973	1	1	0	0
1	1	UID1709975	1	1	0	0
1	1	UID1709976	1	1	0	0
1	1	UID1709977	1	1	0	0
1	1	UID1709978	1	1	0	0
1	1	UID1709982	1	1	0	0
1	1	UID1709984	1	1	0	0
1	1	UID1709987	1	1	0	0
1	1	UID1709988	1	1	0	0
1	1	UID1709999	1	1	0	0
1	1	UID1710000	1	1	0	0
1	1	UID1710009	1	1	0	0
1	1	UID1710011	1	1	0	0
1	1	UID1710012	1	1	0	0
1	1	UID1710013	1	1	0	0
1	1	UID1710029	1	1	0	0
1	1	UID1710034	1	1	0	0
1	1	UID1710036	1	1	0	0
1	1	UID1710039	1	1	0	0
1	1	UID1710040	1	1	0	0
1	1	UID1710042	1	1	0	0
1	1	UID1710043	1	1	0	0
1	1	UID1710048	1	1	0	0
1	1	UID1710050	1	1	0	0
1	1	UID1710052	1	1	0	0
1	1	UID1710056	1	1	0	0
1	1	UID1710059	1	1	0	0
1	1	UID1710062	1	1	0	0
1	1	UID1710069	1	1	0	0
1	1	UID1710072	1	1	0	0
1	1	UID1710073	1	1	0	0
1	1	UID1710075	1	1	0	0
1	1	UID1710078	1	1	0	0
1	1	UID1710080	1	1	0	0
1	1	UID1710083	1	1	0	0
1	1	UID1710087	1	1	0	0
1	1	UID1710096	1	1	0	0
1	1	UID1710101	1	1	0	0
1	1	UID1710113	1	1	0	0
1	1	UID1710120	1	1	0	0
1	1	UID1710137	1	1	0	0
1	1	UID1710140	1	1	0	0
1	1	UID1710142	1	1	0	0
1	1	UID1710148	1	1	0	0
1	1	UID1710158	1	1	0	0
1	1	UID1710159	1	1	0	0
1	1	UID1710167	1	1	0	0
1	1	UID1710168	1	1	0	0
1	1	UID1710170	1	1	0	0
1	1	UID1710177	1	1	0	0
1	1	UID1710178	1	1	0	0
1	1	UID1710179	1	1	0	0
1	1	UID1710180	1	1	0	0
1	1	UID1710183	1	1	0	0
1	1	UID1710187	1	1	0	0
1	1	UID1710188	1	1	0	0
1	1	UID1710190	1	1	0	0
1	1	UID1710191	1	1	0	0
1	1	UID1710192	1	1	0	0
1	1	UID1710193	1	1	0	0
1	1	UID1710196	1	1	0	0
1	1	UID1710198	1	1	0	0
1	1	UID1710199	1	1	0	0
1	1	UID1710201	1	1	0	0
1	1	UID1710206	1	1	0	0
1	1	UID1710208	1	1	0	0
1	1	UID1710212	1	1	0	0
1	1	UID1710215	1	1	0	0
1	1	UID1710218	1	1	0	0
1	1	UID1710220	1	1	0	0
1	1	UID1710221	1	1	0	0
1	1	UID1710222	1	1	0	0
1	1	UID1710223	1	1	0	0
1	1	UID1710225	1	1	0	0
1	1	UID1710227	1	1	0	0
1	1	UID1710235	1	1	0	0
1	1	UID1710237	1	1	0	0
1	1	UID1710238	1	1	0	0
1	1	UID1710240	1	1	0	0
1	1	UID1710248	1	1	0	0
1	1	UID1710249	1	1	0	0
1	1	UID1710254	1	1	0	0
1	1	UID1710255	1	1	0	0
1	1	UID1710256	1	1	0	0
1	1	UID1710261	1	1	0	0
1	1	UID1710265	1	1	0	0
1	1	UID1710266	1	1	0	0
1	1	UID1710267	1	1	0	0
1	1	UID1710268	1	1	0	0
1	1	UID1710270	1	1	0	0
1	1	UID1710272	1	1	0	0
1	1	UID1710273	1	1	0	0
1	1	UID1710274	1	1	0	0
1	1	UID1710276	1	1	0	0
1	1	UID1710280	1	1	0	0
1	1	UID1710281	1	1	0	0
1	1	UID1710282	1	1	0	0
1	1	UID1710287	1	1	0	0
1	1	UID1710290	1	1	0	0
1	1	UID1710291	1	1	0	0
1	1	UID1710294	1	1	0	0
1	1	UID1710295	1	1	0	0
1	1	UID1710296	1	1	0	0
1	1	UID1710298	1	1	0	0
1	1	UID1710300	1	1	0	0
1	1	UID1710301	1	1	0	0
1	1	UID1710303	1	1	0	0
1	1	UID1710304	1	1	0	0
1	1	UID1710319	1	1	0	0
1	1	UID1710320	1	1	0	0
1	1	UID1710322	1	1	0	0
1	1	UID1710323	1	1	0	0
1	1	UID1710326	1	1	0	0
1	1	UID1710328	1	1	0	0
1	1	UID1710329	1	1	0	0
1	1	UID1710330	1	1	0	0
1	1	UID1710332	1	1	0	0
1	1	UID1710333	1	1	0	0
1	1	UID1710334	1	1	0	0
1	1	UID1710337	1	1	0	0
1	1	UID1710340	1	1	0	0
1	1	UID1710343	1	1	0	0
1	1	UID1710344	1	1	0	0
1	1	UID1710346	1	1	0	0
1	1	UID1710347	1	1	0	0
1	1	UID1710349	1	1	0	0
1	1	UID1710350	1	1	0	0
1	1	UID1710352	1	1	0	0
1	1	UID1710354	1	1	0	0
1	1	UID1710357	1	1	0	0
1	1	UID1710360	1	1	0	0
1	1	UID1710363	1	1	0	0
1	1	UID1710373	1	1	0	0
1	1	UID1710377	1	1	0	0
1	1	UID1710381	1	1	0	0
1	1	UID1710394	1	1	0	0
1	1	UID1710403	1	1	0	0
1	1	UID1710410	1	1	0	0
1	1	UID1710414	1	1	0	0
1	1	UID1710415	1	1	0	0
1	1	UID1710420	1	1	0	0
1	1	UID1710423	1	1	0	0
1	1	UID1710426	1	1	0	0
1	1	UID1710428	1	1	0	0
1	1	UID1710429	1	1	0	0
1	1	UID1710430	1	1	0	0
1	1	UID1710431	1	1	0	0
1	1	UID1710435	1	1	0	0
1	1	UID1710438	1	1	0	0
1	1	UID1710442	1	1	0	0
1	1	UID1710443	1	1	0	0
1	1	UID1710445	1	1	0	0
1	1	UID1710447	1	1	0	0
1	1	UID1710449	1	1	0	0
1	1	UID1710452	1	1	0	0
1	1	UID1710455	1	1	0	0
1	1	UID1710456	1	1	0	0
1	1	UID1710458	1	1	0	0
1	1	UID1710459	1	1	0	0
1	1	UID1710461	1	1	0	0
1	1	UID1710462	1	1	0	0
1	1	UID1710464	1	1	0	0
1	1	UID1710469	1	1	0	0
1	1	UID1710471	1	1	0	0
1	1	UID1710475	1	1	0	0
1	1	UID1710476	1	1	0	0
1	1	UID1710477	1	1	0	0
1	1	UID1710478	1	1	0	0
1	1	UID1710479	1	1	0	0
1	1	UID1710480	1	1	0	0
1	1	UID1710490	1	1	0	0
1	1	UID1710493	1	1	0	0
1	1	UID1710499	1	1	0	0
7	7	UID1710500	1	7	2	2
1	1	UID1710511	1	1	0	0
1	1	UID1710512	1	1	0	0
1	1	UID1710515	1	1	0	0
1	1	UID1710518	1	1	0	0
1	1	UID1710525	1	1	0	0
1	1	UID1710533	1	1	0	0
1	1	UID1710535	1	1	0	0
1	1	UID1710536	1	1	0	0
1	1	UID1710542	1	1	0	0
1	1	UID1710544	1	1	0	0
1	1	UID1710546	1	1	0	0
1	1	UID1710553	1	1	0	0
1	1	UID1710554	1	1	0	0
1	1	UID1710555	1	1	0	0
1	1	UID1710560	1	1	0	0
1	1	UID1710562	1	1	0	0
1	1	UID1710563	1	1	0	0
1	1	UID1710565	1	1	0	0
1	1	UID1710570	1	1	0	0
1	1	UID1710572	1	1	0	0
1	1	UID1710577	1	1	0	0
1	1	UID1710580	1	1	0	0
1	1	UID1710581	1	1	0	0
1	1	UID1710582	1	1	0	0
1	1	UID1710583	1	1	0	0
1	1	UID1710584	1	1	0	0
1	1	UID1710587	1	1	0	0
1	1	UID1710592	1	1	0	0
1	1	UID1710593	1	1	0	0
1	1	UID1710597	1	1	0	0
1	1	UID1710598	1	1	0	0
1	1	UID1710599	1	1	0	0
1	1	UID1710602	1	1	0	0
1	1	UID1710603	1	1	0	0
1	1	UID1710605	1	1	0	0
1	1	UID1710617	1	1	0	0
1	1	UID1710618	1	1	0	0
1	1	UID1710619	1	1	0	0
1	1	UID1710623	1	1	0	0
1	1	UID1710638	1	1	0	0
1	1	UID1710643	1	1	0	0
1	1	UID1710648	1	1	0	0
1	1	UID1710649	1	1	0	0
1	1	UID1710657	1	1	0	0
1	1	UID1710660	1	1	0	0
1	1	UID1710662	1	1	0	0
1	1	UID1710664	1	1	0	0
1	1	UID1710666	1	1	0	0
1	1	UID1710669	1	1	0	0
1	1	UID1710672	1	1	0	0
1	1	UID1710676	1	1	0	0
1	1	UID1710680	1	1	0	0
1	1	UID1710682	1	1	0	0
1	1	UID1710684	1	1	0	0
1	1	UID1710685	1	1	0	0
1	1	UID1710687	1	1	0	0
1	1	UID1710696	1	1	0	0
1	1	UID1710698	1	1	0	0
1	1	UID1710699	1	1	0	0
1	1	UID1710701	1	1	0	0
1	1	UID1710703	1	1	0	0
1	1	UID1710704	1	1	0	0
1	1	UID1710707	1	1	0	0
1	1	UID1710709	1	1	0	0
1	1	UID1710716	1	1	0	0
1	1	UID1710718	1	1	0	0
1	1	UID1710723	1	1	0	0
1	1	UID1710724	1	1	0	0
1	1	UID1710727	1	1	0	0
1	1	UID1710733	1	1	0	0
1	1	UID1710735	1	1	0	0
1	1	UID1710736	1	1	0	0
1	1	UID1710740	1	1	0	0
1	1	UID1710741	1	1	0	0
1	1	UID1710744	1	1	0	0
1	1	UID1710745	1	1	0	0
1	1	UID1710752	1	1	0	0
1	1	UID1710753	1	1	0	0
1	1	UID1710755	1	1	0	0
1	1	UID1710756	1	1	0	0
1	1	UID1710759	1	1	0	0
1	1	UID1710761	1	1	0	0
1	1	UID1710768	1	1	0	0
1	1	UID1710769	1	1	0	0
1	1	UID1710776	1	1	0	0
1	1	UID1710778	1	1	0	0
1	1	UID1710780	1	1	0	0
1	1	UID1710788	1	1	0	0
1	1	UID1710789	1	1	0	0
1	1	UID1710790	1	1	0	0
1	1	UID1710796	1	1	0	0
1	1	UID1710797	1	1	0	0
1	1	UID1710803	1	1	0	0
1	1	UID1710804	1	1	0	0
1	1	UID1710810	1	1	0	0
1	1	UID1710811	1	1	0	0
1	1	UID1710814	1	1	0	0
1	1	UID1710815	1	1	0	0
1	1	UID1710816	1	1	0	0
1	1	UID1710817	1	1	0	0
1	1	UID1710822	1	1	0	0
1	1	UID1710826	1	1	0	0
1	1	UID1710829	1	1	0	0
1	1	UID1710843	1	1	0	0
1	1	UID1710845	1	1	0	0
1	1	UID1710846	1	1	0	0
1	1	UID1710852	1	1	0	0
1	1	UID1710853	1	1	0	0
1	1	UID1710855	1	1	0	0
1	1	UID1710856	1	1	0	0
1	1	UID1710858	1	1	0	0
1	1	UID1710860	1	1	0	0
1	1	UID1710863	1	1	0	0
1	1	UID1710867	1	1	0	0
1	1	UID1710868	1	1	0	0
1	1	UID1710871	1	1	0	0
1	1	UID1710875	1	1	0	0
1	1	UID1710876	1	1	0	0
1	1	UID1710877	1	1	0	0
1	1	UID1710878	1	1	0	0
1	1	UID1710879	1	1	0	0
1	1	UID1710880	1	1	0	0
1	1	UID1710882	1	1	0	0
1	1	UID1710885	1	1	0	0
1	1	UID1710886	1	1	0	0
1	1	UID1710889	1	1	0	0
1	1	UID1710892	1	1	0	0
1	1	UID1710899	1	1	0	0
1	1	UID1710907	1	1	0	0
1	1	UID1710908	1	1	0	0
1	1	UID1710913	1	1	0	0
1	1	UID1710914	1	1	0	0
1	1	UID1710917	1	1	0	0
1	1	UID1710919	1	1	0	0
1	1	UID1710920	1	1	0	0
1	1	UID1710922	1	1	0	0
1	1	UID1710923	1	1	0	0
1	1	UID1710924	1	1	0	0
1	1	UID1710926	1	1	0	0
1	1	UID1710927	1	1	0	0
1	1	UID1710929	1	1	0	0
1	1	UID1710930	1	1	0	0
1	1	UID1710931	1	1	0	0
1	1	UID1710933	1	1	0	0
1	1	UID1710934	1	1	0	0
1	1	UID1710935	1	1	0	0
1	1	UID1710936	1	1	0	0
1	1	UID1710938	1	1	0	0
1	1	UID1710940	1	1	0	0
1	1	UID1710947	1	1	0	0
1	1	UID1710950	1	1	0	0
1	1	UID1710951	1	1	0	0
1	1	UID1710952	1	1	0	0
1	1	UID1710953	1	1	0	0
1	1	UID1710957	1	1	0	0
1	1	UID1710959	1	1	0	0
1	1	UID1710961	1	1	0	0
1	1	UID1710962	1	1	0	0
1	1	UID1710963	1	1	0	0
1	1	UID1710964	1	1	0	0
1	1	UID1710966	1	1	0	0
1	1	UID1710967	1	1	0	0
1	1	UID1710968	1	1	0	0
1	1	UID1710970	1	1	0	0
1	1	UID1710971	1	1	0	0
1	1	UID1710972	1	1	0	0
1	1	UID1710973	1	1	0	0
1	1	UID1710974	1	1	0	0
1	1	UID1710975	1	1	0	0
1	1	UID1710976	1	1	0	0
1	1	UID1710978	1	1	0	0
1	1	UID1710979	1	1	0	0
1	1	UID1710981	1	1	0	0
1	1	UID1710982	1	1	0	0
1	1	UID1710985	1	1	0	0
1	1	UID1710986	1	1	0	0
1	1	UID1710992	1	1	0	0
1	1	UID1710993	1	1	0	0
1	1	UID1710995	1	1	0	0
1	1	UID1710996	1	1	0	0
1	1	UID1710997	1	1	0	0
1	1	UID1711001	1	1	0	0
1	1	UID1711005	1	1	0	0
1	1	UID1711007	1	1	0	0
1	1	UID1711013	1	1	0	0
1	1	UID1711015	1	1	0	0
1	1	UID1711023	1	1	0	0
1	1	UID1711029	1	1	0	0
1	1	UID1711034	1	1	0	0
1	1	UID1711035	1	1	0	0
1	1	UID1711036	1	1	0	0
1	1	UID1711038	1	1	0	0
1	1	UID1711040	1	1	0	0
1	1	UID1711047	1	1	0	0
1	1	UID1711050	1	1	0	0
1	1	UID1711051	1	1	0	0
1	1	UID1711052	1	1	0	0
1	1	UID1711053	1	1	0	0
1	1	UID1711064	1	1	0	0
1	1	UID1711065	1	1	0	0
1	1	UID1711067	1	1	0	0
1	1	UID1711069	1	1	0	0
1	1	UID1711071	1	1	0	0
1	1	UID1711078	1	1	0	0
1	1	UID1711081	1	1	0	0
1	1	UID1711086	1	1	0	0
1	1	UID1711087	1	1	0	0
1	1	UID1711092	1	1	0	0
1	1	UID1711105	1	1	0	0
1	1	UID1711109	1	1	0	0
1	1	UID1711110	1	1	0	0
1	1	UID1711112	1	1	0	0
1	1	UID1711114	1	1	0	0
1	1	UID1711116	1	1	0	0
1	1	UID1711120	1	1	0	0
1	1	UID1711122	1	1	0	0
1	1	UID1711123	1	1	0	0
1	1	UID1711125	1	1	0	0
1	1	UID1711126	1	1	0	0
1	1	UID1711127	1	1	0	0
1	1	UID1711128	1	1	0	0
1	1	UID1711129	1	1	0	0
1	1	UID1711136	1	1	0	0
1	1	UID1711138	1	1	0	0
1	1	UID1711146	1	1	0	0
1	1	UID1711150	1	1	0	0
1	1	UID1711153	1	1	0	0
1	1	UID1711155	1	1	0	0
1	1	UID1711156	1	1	0	0
1	1	UID1711157	1	1	0	0
1	1	UID1711161	1	1	0	0
1	1	UID17138	1	1	0	0
1	1	UID182663	1	1	0	0
1	1	UID185	1	1	0	0
1	1	UID191612	1	1	0	0
1	1	UID197161	1	1	0	0
1	1	UID200833	1	1	0	0
1	1	UID205784	1	1	0	0
1	1	UID20	1	1	0	0
1	1	UID213970	1	1	0	0
1	1	UID214065	1	1	0	0
1	1	UID214293	1	1	0	0
1	1	UID214354	1	1	0	0
3	3	UID217989	1	3	2	2
1	1	UID222385	1	1	0	0
1	1	UID234906	1	1	0	0
1	1	UID24478	1	1	0	0
1	1	UID258138	1	1	0	0
1	1	UID267701	1	1	0	0
1	1	UID268099	1	1	0	0
1	1	UID28840	1	1	0	0
1	1	UID29230	1	1	0	0
1	1	UID317078	1	1	0	0
1	1	UID33881	1	1	0	0
1	1	UID36105	1	1	0	0
1	1	UID374	1	1	0	0
2	2	UID40329	1	2	1	1
1	1	UID422327	1	1	0	0
1	1	UID433841	1	1	0	0
1	1	UID435326	1	1	0	0
1	1	UID43988	1	1	0	0
1	1	UID447	1	1	0	0
1	1	UID4549	1	1	0	0
1	1	UID465696	1	1	0	0
1	1	UID471357	1	1	0	0
1	1	UID474568	1	1	0	0
1	1	UID496204	1	1	0	0
1	1	UID51663	1	1	0	0
1	1	UID52746	1	1	0	0
1	1	UID576996	1	1	0	0
1	1	UID58429	1	1	0	0
1	1	UID59206	1	1	0	0
1	1	UID65951	1	1	0	0
1	1	UID66163	1	1	0	0
1	1	UID662484	1	1	0	0
1	1	UID66297	1	1	0	0
1	1	UID67626	1	1	0	0
1	1	UID694384	1	1	0	0
1	1	UID69486	1	1	0	0
1	1	UID70358	1	1	0	0
1	1	UID72	1	1	0	0
1	1	UID78458	1	1	0	0
1	1	UID78800	1	1	0	0
1	1	UID8061	1	1	0	0
1	1	UID8133	1	1	0	0
1	1	UID8420	1	1	0	0
1	1	UID844618	1	1	0	0
1	1	UID8570	1	1	0	0
1	1	UID8628	1	1	0	0
1	1	UID882	1	1	0	0
1	1	UID885913	1	1	0	0
1	1	UID927501	1	1	0	0
1	1	UID929964	1	1	0	0
1	1	UID930	1	1	0	0
1	1	UID933	1	1	0	0
1	1	UID93428	1	1	0	0
1	1	UID934	1	1	0	0
1	1	UID938	1	1	0	0
1	1	UID959319	1	1	0	0
1	1	UID995	1	1	0	0
1	1	UID999	1	1	0	0
