1480	5001	UID653	2138	1150	7	7
1653	4369	UID27087	1366	1380	8	8
782	1850	UID27098	695	645	7	7
307	1061	UID61291	586	232	3	3
497	1395	UID48005	546	412	6	6
579	1358	UID132701	526	473	4	4
413	868	UID27090	271	368	4	4
317	666	UID554	239	260	3	3
329	687	UID27092	237	290	5	5
158	405	UID27453	190	141	4	4
193	377	UID8924	134	170	3	3
237	529	UID955	131	213	5	5
115	255	UID34854	123	107	3	3
137	283	UID34910	109	123	3	3
182	323	UID27120	98	165	3	3
83	174	UID1139188	87	78	2	2
93	168	UID167374	65	85	2	2
61	130	UID1	57	53	3	3
42	106	UID823540	57	37	2	2
119	250	UID74687	56	104	4	4
43	104	UID807171	52	37	3	3
74	145	UID49604	49	65	4	4
61	105	UID964120	39	56	2	2
36	74	UID2	36	33	2	2
38	72	UID61524	35	37	3	3
104	171	UID213853	34	95	3	3
56	103	UID803996	34	52	4	4
47	84	UID34909	32	42	3	3
38	69	UID310	29	36	3	3
64	97	UID202550	27	59	5	5
31	56	UID18916	23	28	2	2
56	98	UID23	23	51	4	4
35	62	UID27093	23	31	3	3
37	62	UID55838	23	34	2	2
19	39	UID7531	21	18	2	2
29	62	UID123800	17	22	2	2
35	59	UID1425	16	30	2	2
27	44	UID553	16	24	2	2
34	49	UID154589	15	32	2	2
61	101	UID1423	14	52	5	5
23	43	UID61336	14	18	3	3
17	32	UID7538	14	14	2	2
21	34	UID823992	14	20	3	3
13	25	UID117264	13	12	1	1
26	43	UID61298	13	22	2	2
7	19	UID965116	13	6	1	1
13	24	UID1407856	12	12	3	3
24	38	UID214768	12	22	2	2
29	49	UID190831	11	23	3	3
22	31	UID239	10	21	2	2
11	20	UID217	8	9	4	4
7	14	UID27129	8	6	1	1
5	12	UID544897	8	4	1	1
6	13	UID60626	8	5	1	1
11	18	UID127	7	9	1	1
2	8	UID204324	7	1	0	0
22	28	UID35132	7	21	1	1
3	8	UID1407863	6	2	1	1
3	8	UID1432	6	2	1	1
11	16	UID18915	6	10	2	2
5	10	UID63150	6	4	1	1
6	11	UID63210	6	5	2	2
5	10	UID808929	6	4	1	1
11	15	UID117272	5	10	1	1
7	15	UID117356	5	4	2	2
7	12	UID117358	5	5	1	1
15	20	UID154417	5	13	1	1
9	13	UID35015	5	8	1	1
3	7	UID508570	5	2	2	2
6	10	UID61270	5	5	1	1
5	9	UID696215	5	4	1	1
13	19	UID696257	5	11	2	2
10	18	UID823983	5	7	2	2
5	9	UID964081	5	4	1	1
10	13	UID1207483	4	9	2	2
5	8	UID1391225	4	4	1	1
8	13	UID1407879	4	6	1	1
10	13	UID1407896	4	9	2	2
15	24	UID1534	4	11	2	2
8	11	UID213871	4	7	1	1
12	15	UID60245	4	11	2	2
10	13	UID61451	4	9	1	1
3	6	UID62066	4	2	1	1
6	10	UID68652	4	4	2	2
11	14	UID695390	4	10	1	1
2	5	UID71735	4	1	0	0
2	4	UID1014477	3	1	1	1
3	5	UID1081110	3	2	1	1
1	3	UID117278	3	0	0	0
4	6	UID117762	3	3	1	1
5	7	UID1251486	3	4	1	1
8	10	UID137608	3	7	2	2
3	5	UID1385100	3	2	1	1
3	5	UID1385103	3	2	1	1
9	11	UID1407903	3	8	1	1
1	3	UID1407914	3	0	0	0
1	3	UID1407938	3	0	0	0
2	4	UID230769	3	1	0	0
5	8	UID373759	3	3	2	2
2	4	UID48506	3	1	1	1
2	4	UID508886	3	1	1	1
1	3	UID558592	3	0	0	0
7	10	UID61772	3	5	2	2
1	3	UID63146	3	0	0	0
3	5	UID71499	3	2	1	1
3	5	UID766628	3	2	1	1
14	16	UID805540	3	13	1	1
4	6	UID8087	3	3	0	0
3	5	UID824500	3	2	1	1
3	5	UID967526	3	2	1	1
3	5	UID1012222	2	1	2	2
6	7	UID117453	2	5	1	1
3	4	UID1252149	2	2	1	1
4	5	UID132406	2	3	1	1
5	6	UID1380709	2	4	1	1
3	5	UID1407971	2	1	1	1
3	4	UID1407981	2	2	1	1
3	4	UID1407989	2	2	1	1
3	4	UID1407996	2	2	1	1
5	6	UID1408017	2	4	2	2
2	3	UID1408043	2	1	1	1
4	5	UID1408045	2	3	1	1
4	5	UID1408046	2	3	1	1
4	5	UID1408056	2	3	1	1
13	14	UID1408064	2	12	4	4
12	13	UID1408097	2	11	2	2
2	3	UID1408102	2	1	1	1
2	3	UID1408119	2	1	1	1
4	5	UID1408120	2	3	1	1
1	2	UID1408122	2	0	0	0
4	5	UID147355	2	3	1	1
3	4	UID177410	2	2	2	2
4	5	UID234682	2	3	1	1
7	9	UID35042	2	5	1	1
8	9	UID373275	2	7	1	1
3	4	UID509116	2	2	1	1
5	6	UID509385	2	4	1	1
4	5	UID509388	2	3	1	1
4	5	UID510178	2	3	1	1
3	4	UID61633	2	2	1	1
3	4	UID64469	2	2	1	1
2	3	UID71621	2	1	1	1
2	3	UID71730	2	1	1	1
3	4	UID71773	2	2	1	1
2	3	UID75269	2	1	1	1
3	4	UID7532	2	2	1	1
2	3	UID804186	2	1	1	1
8	9	UID807172	2	7	1	1
3	4	UID965405	2	2	1	1
5	6	UID973216	2	4	1	1
2	3	UID973292	2	1	1	1
1	1	UID1004	1	1	0	0
3	3	UID1012174	1	3	1	1
1	1	UID1012700	1	1	0	0
1	1	UID10367	1	1	0	0
1	1	UID104231	1	1	0	0
1	1	UID1098271	1	1	0	0
1	1	UID113309	1	1	0	0
4	4	UID130508	1	4	1	1
1	1	UID132518	1	1	0	0
1	1	UID137746	1	1	0	0
4	4	UID1385408	1	4	1	1
1	1	UID1408153	1	1	0	0
1	1	UID1408154	1	1	0	0
1	1	UID1408173	1	1	0	0
1	1	UID1408180	1	1	0	0
1	1	UID1408188	1	1	0	0
1	1	UID1408192	1	1	0	0
1	1	UID1408194	1	1	0	0
1	1	UID1408203	1	1	0	0
1	1	UID1408204	1	1	0	0
1	1	UID1408205	1	1	0	0
1	1	UID1408210	1	1	0	0
1	1	UID1408217	1	1	0	0
1	1	UID1408222	1	1	0	0
1	1	UID1408224	1	1	0	0
1	1	UID1408228	1	1	0	0
1	1	UID1408230	1	1	0	0
1	1	UID1408231	1	1	0	0
1	1	UID1408233	1	1	0	0
1	1	UID1408241	1	1	0	0
1	1	UID1408243	1	1	0	0
1	1	UID1408249	1	1	0	0
1	1	UID1408250	1	1	0	0
1	1	UID1408256	1	1	0	0
1	1	UID1408260	1	1	0	0
1	1	UID1408262	1	1	0	0
1	1	UID1408263	1	1	0	0
1	1	UID1408264	1	1	0	0
1	1	UID1408266	1	1	0	0
1	1	UID1408267	1	1	0	0
1	1	UID1408271	1	1	0	0
1	1	UID1408274	1	1	0	0
1	1	UID1408278	1	1	0	0
1	1	UID1408284	1	1	0	0
1	1	UID1408288	1	1	0	0
1	1	UID1408289	1	1	0	0
1	1	UID1408293	1	1	0	0
1	1	UID1408295	1	1	0	0
1	1	UID1408317	1	1	0	0
1	1	UID1408320	1	1	0	0
1	1	UID1408327	1	1	0	0
1	1	UID1408332	1	1	0	0
1	1	UID1408333	1	1	0	0
1	1	UID1408334	1	1	0	0
1	1	UID1408337	1	1	0	0
1	1	UID1408338	1	1	0	0
1	1	UID1408339	1	1	0	0
1	1	UID1408344	1	1	0	0
1	1	UID1408348	1	1	0	0
1	1	UID1408349	1	1	0	0
1	1	UID1408350	1	1	0	0
1	1	UID1408351	1	1	0	0
1	1	UID1408360	1	1	0	0
1	1	UID1408363	1	1	0	0
1	1	UID1408367	1	1	0	0
1	1	UID1408369	1	1	0	0
1	1	UID1408371	1	1	0	0
1	1	UID1408373	1	1	0	0
1	1	UID1408374	1	1	0	0
1	1	UID1408375	1	1	0	0
1	1	UID1408378	1	1	0	0
1	1	UID1408380	1	1	0	0
1	1	UID1408381	1	1	0	0
1	1	UID1408383	1	1	0	0
1	1	UID1408385	1	1	0	0
1	1	UID1408392	1	1	0	0
1	1	UID1408393	1	1	0	0
1	1	UID1408404	1	1	0	0
1	1	UID1408406	1	1	0	0
1	1	UID1408409	1	1	0	0
1	1	UID1408428	1	1	0	0
1	1	UID1408431	1	1	0	0
1	1	UID1408449	1	1	0	0
1	1	UID1408453	1	1	0	0
1	1	UID1408458	1	1	0	0
1	1	UID1408460	1	1	0	0
1	1	UID1408463	1	1	0	0
1	1	UID1408478	1	1	0	0
1	1	UID1408479	1	1	0	0
1	1	UID1408480	1	1	0	0
1	1	UID1408481	1	1	0	0
1	1	UID1408484	1	1	0	0
1	1	UID1408485	1	1	0	0
1	1	UID1408488	1	1	0	0
1	1	UID1408490	1	1	0	0
1	1	UID1408492	1	1	0	0
1	1	UID1408500	1	1	0	0
1	1	UID1408501	1	1	0	0
1	1	UID1408503	1	1	0	0
1	1	UID1408509	1	1	0	0
1	1	UID1408525	1	1	0	0
1	1	UID1408531	1	1	0	0
1	1	UID1408532	1	1	0	0
1	1	UID1408541	1	1	0	0
1	1	UID1408549	1	1	0	0
1	1	UID1408550	1	1	0	0
1	1	UID1408556	1	1	0	0
1	1	UID1408562	1	1	0	0
1	1	UID1408563	1	1	0	0
1	1	UID1408565	1	1	0	0
1	1	UID1408567	1	1	0	0
1	1	UID1408576	1	1	0	0
1	1	UID1408578	1	1	0	0
1	1	UID1408580	1	1	0	0
1	1	UID1408588	1	1	0	0
1	1	UID1408593	1	1	0	0
1	1	UID1408608	1	1	0	0
1	1	UID1408615	1	1	0	0
1	1	UID1408624	1	1	0	0
1	1	UID1408625	1	1	0	0
1	1	UID1408626	1	1	0	0
1	1	UID1408627	1	1	0	0
1	1	UID1408628	1	1	0	0
1	1	UID1408629	1	1	0	0
1	1	UID1408632	1	1	0	0
1	1	UID1408637	1	1	0	0
5	5	UID1408659	1	5	2	2
1	1	UID1408664	1	1	0	0
1	1	UID1408665	1	1	0	0
1	1	UID1408669	1	1	0	0
1	1	UID1408671	1	1	0	0
1	1	UID1408687	1	1	0	0
1	1	UID1408688	1	1	0	0
1	1	UID1408689	1	1	0	0
1	1	UID1408690	1	1	0	0
1	1	UID1408692	1	1	0	0
1	1	UID1408693	1	1	0	0
1	1	UID1408699	1	1	0	0
1	1	UID1408700	1	1	0	0
1	1	UID1408701	1	1	0	0
1	1	UID1408702	1	1	0	0
1	1	UID1408703	1	1	0	0
1	1	UID1408710	1	1	0	0
1	1	UID1408714	1	1	0	0
1	1	UID1408721	1	1	0	0
1	1	UID1408723	1	1	0	0
1	1	UID1408724	1	1	0	0
1	1	UID1408735	1	1	0	0
1	1	UID1408736	1	1	0	0
1	1	UID1408758	1	1	0	0
1	1	UID1408761	1	1	0	0
1	1	UID1408762	1	1	0	0
1	1	UID1408770	1	1	0	0
1	1	UID1408772	1	1	0	0
1	1	UID1408773	1	1	0	0
1	1	UID1408774	1	1	0	0
1	1	UID1408776	1	1	0	0
1	1	UID1408777	1	1	0	0
1	1	UID1408778	1	1	0	0
1	1	UID1408779	1	1	0	0
1	1	UID1408782	1	1	0	0
1	1	UID1408784	1	1	0	0
1	1	UID1408785	1	1	0	0
1	1	UID1408786	1	1	0	0
1	1	UID1408787	1	1	0	0
1	1	UID1408788	1	1	0	0
1	1	UID1408789	1	1	0	0
1	1	UID1408791	1	1	0	0
1	1	UID1408806	1	1	0	0
1	1	UID1408812	1	1	0	0
1	1	UID1408815	1	1	0	0
1	1	UID1408817	1	1	0	0
1	1	UID1408822	1	1	0	0
1	1	UID1408826	1	1	0	0
1	1	UID1408829	1	1	0	0
1	1	UID1408833	1	1	0	0
1	1	UID1408835	1	1	0	0
1	1	UID1408842	1	1	0	0
1	1	UID1408844	1	1	0	0
1	1	UID1408856	1	1	0	0
1	1	UID1408857	1	1	0	0
1	1	UID1408861	1	1	0	0
1	1	UID1408862	1	1	0	0
3	3	UID1408863	1	3	2	2
1	1	UID1408864	1	1	0	0
1	1	UID1408865	1	1	0	0
1	1	UID1408867	1	1	0	0
1	1	UID1408870	1	1	0	0
1	1	UID1408871	1	1	0	0
1	1	UID1408878	1	1	0	0
1	1	UID1408880	1	1	0	0
1	1	UID1408887	1	1	0	0
1	1	UID1408892	1	1	0	0
1	1	UID1408895	1	1	0	0
1	1	UID1408896	1	1	0	0
1	1	UID1408898	1	1	0	0
1	1	UID1408902	1	1	0	0
1	1	UID1408904	1	1	0	0
1	1	UID1408905	1	1	0	0
1	1	UID1408912	1	1	0	0
1	1	UID1408913	1	1	0	0
1	1	UID1408914	1	1	0	0
1	1	UID1408916	1	1	0	0
1	1	UID1408925	1	1	0	0
1	1	UID1408926	1	1	0	0
1	1	UID1408928	1	1	0	0
1	1	UID1408939	1	1	0	0
1	1	UID1408948	1	1	0	0
1	1	UID1408960	1	1	0	0
1	1	UID1408962	1	1	0	0
1	1	UID1408963	1	1	0	0
1	1	UID1408966	1	1	0	0
1	1	UID1408967	1	1	0	0
1	1	UID1408974	1	1	0	0
1	1	UID1408979	1	1	0	0
1	1	UID1408983	1	1	0	0
1	1	UID1408984	1	1	0	0
1	1	UID1408986	1	1	0	0
1	1	UID1408991	1	1	0	0
1	1	UID1408998	1	1	0	0
1	1	UID1408999	1	1	0	0
1	1	UID1409001	1	1	0	0
1	1	UID1409002	1	1	0	0
1	1	UID1409007	1	1	0	0
1	1	UID1409008	1	1	0	0
1	1	UID1409011	1	1	0	0
1	1	UID1409013	1	1	0	0
1	1	UID1409014	1	1	0	0
1	1	UID1409016	1	1	0	0
1	1	UID1409022	1	1	0	0
1	1	UID1409029	1	1	0	0
1	1	UID1409031	1	1	0	0
1	1	UID1409043	1	1	0	0
1	1	UID1409044	1	1	0	0
1	1	UID1409048	1	1	0	0
1	1	UID1409049	1	1	0	0
1	1	UID1409053	1	1	0	0
1	1	UID1409056	1	1	0	0
1	1	UID1409065	1	1	0	0
1	1	UID1409087	1	1	0	0
1	1	UID1409094	1	1	0	0
1	1	UID1409095	1	1	0	0
1	1	UID1409114	1	1	0	0
1	1	UID1409137	1	1	0	0
1	1	UID1409153	1	1	0	0
1	1	UID1409154	1	1	0	0
1	1	UID1409160	1	1	0	0
1	1	UID1409161	1	1	0	0
1	1	UID1409170	1	1	0	0
1	1	UID1409173	1	1	0	0
1	1	UID1409174	1	1	0	0
1	1	UID1409175	1	1	0	0
1	1	UID1409186	1	1	0	0
1	1	UID1409187	1	1	0	0
1	1	UID1409188	1	1	0	0
1	1	UID1409190	1	1	0	0
1	1	UID1409196	1	1	0	0
3	3	UID1409197	1	3	1	1
1	1	UID1409201	1	1	0	0
1	1	UID1409218	1	1	0	0
1	1	UID1409225	1	1	0	0
1	1	UID1409226	1	1	0	0
1	1	UID1409227	1	1	0	0
1	1	UID1409230	1	1	0	0
1	1	UID1409232	1	1	0	0
1	1	UID1409240	1	1	0	0
1	1	UID1409241	1	1	0	0
1	1	UID1409245	1	1	0	0
1	1	UID1409246	1	1	0	0
1	1	UID1409259	1	1	0	0
1	1	UID1409271	1	1	0	0
1	1	UID1409278	1	1	0	0
1	1	UID1409285	1	1	0	0
1	1	UID1409286	1	1	0	0
1	1	UID1409290	1	1	0	0
1	1	UID1409293	1	1	0	0
1	1	UID1409294	1	1	0	0
1	1	UID1409296	1	1	0	0
1	1	UID1409299	1	1	0	0
1	1	UID1409303	1	1	0	0
1	1	UID1409309	1	1	0	0
1	1	UID1409311	1	1	0	0
1	1	UID1409319	1	1	0	0
1	1	UID1409320	1	1	0	0
1	1	UID1409322	1	1	0	0
1	1	UID1409327	1	1	0	0
1	1	UID1409328	1	1	0	0
1	1	UID1409329	1	1	0	0
1	1	UID1409331	1	1	0	0
1	1	UID1409332	1	1	0	0
1	1	UID1409333	1	1	0	0
1	1	UID1409334	1	1	0	0
1	1	UID1409336	1	1	0	0
1	1	UID1409337	1	1	0	0
1	1	UID1409344	1	1	0	0
1	1	UID1409345	1	1	0	0
1	1	UID1409347	1	1	0	0
1	1	UID1409348	1	1	0	0
1	1	UID1409356	1	1	0	0
1	1	UID1409359	1	1	0	0
1	1	UID1409378	1	1	0	0
1	1	UID1409379	1	1	0	0
1	1	UID1409382	1	1	0	0
1	1	UID1409383	1	1	0	0
1	1	UID1409386	1	1	0	0
1	1	UID1409391	1	1	0	0
1	1	UID1409397	1	1	0	0
1	1	UID1409403	1	1	0	0
1	1	UID1409404	1	1	0	0
1	1	UID1409407	1	1	0	0
1	1	UID1409408	1	1	0	0
4	4	UID1409410	1	4	2	2
1	1	UID1409412	1	1	0	0
1	1	UID1409418	1	1	0	0
1	1	UID1409420	1	1	0	0
1	1	UID1409421	1	1	0	0
1	1	UID1409423	1	1	0	0
1	1	UID1409424	1	1	0	0
1	1	UID1409428	1	1	0	0
1	1	UID1409433	1	1	0	0
1	1	UID1409439	1	1	0	0
1	1	UID1409449	1	1	0	0
1	1	UID1409450	1	1	0	0
1	1	UID1409454	1	1	0	0
1	1	UID1409459	1	1	0	0
1	1	UID1409460	1	1	0	0
1	1	UID1409461	1	1	0	0
1	1	UID1409476	1	1	0	0
1	1	UID1409482	1	1	0	0
1	1	UID1409483	1	1	0	0
1	1	UID1409492	1	1	0	0
1	1	UID1409498	1	1	0	0
1	1	UID1409505	1	1	0	0
4	4	UID1409508	1	4	2	2
1	1	UID1409511	1	1	0	0
1	1	UID1409513	1	1	0	0
1	1	UID1409514	1	1	0	0
1	1	UID1409539	1	1	0	0
1	1	UID1409543	1	1	0	0
1	1	UID1409544	1	1	0	0
1	1	UID1409545	1	1	0	0
1	1	UID1409546	1	1	0	0
1	1	UID1409547	1	1	0	0
1	1	UID1409549	1	1	0	0
1	1	UID1409554	1	1	0	0
1	1	UID1409561	1	1	0	0
1	1	UID1409568	1	1	0	0
1	1	UID1409657	1	1	0	0
1	1	UID1409670	1	1	0	0
1	1	UID1409675	1	1	0	0
1	1	UID1409676	1	1	0	0
1	1	UID1409680	1	1	0	0
1	1	UID1409683	1	1	0	0
1	1	UID1409692	1	1	0	0
1	1	UID1409700	1	1	0	0
1	1	UID1409705	1	1	0	0
1	1	UID1409706	1	1	0	0
1	1	UID1409712	1	1	0	0
1	1	UID1409719	1	1	0	0
1	1	UID1409722	1	1	0	0
1	1	UID1409724	1	1	0	0
1	1	UID1409726	1	1	0	0
1	1	UID1409753	1	1	0	0
1	1	UID1409755	1	1	0	0
1	1	UID1409759	1	1	0	0
1	1	UID1409767	1	1	0	0
1	1	UID1409768	1	1	0	0
1	1	UID1409779	1	1	0	0
1	1	UID1409780	1	1	0	0
1	1	UID1409788	1	1	0	0
1	1	UID1409795	1	1	0	0
1	1	UID1409797	1	1	0	0
1	1	UID1409800	1	1	0	0
1	1	UID1409802	1	1	0	0
1	1	UID1409805	1	1	0	0
1	1	UID1409806	1	1	0	0
1	1	UID1409810	1	1	0	0
1	1	UID1409817	1	1	0	0
1	1	UID1409818	1	1	0	0
1	1	UID1409821	1	1	0	0
1	1	UID1409825	1	1	0	0
1	1	UID1409827	1	1	0	0
1	1	UID1409833	1	1	0	0
1	1	UID1409838	1	1	0	0
1	1	UID1409844	1	1	0	0
1	1	UID1409847	1	1	0	0
1	1	UID1409861	1	1	0	0
1	1	UID1409870	1	1	0	0
1	1	UID1409872	1	1	0	0
1	1	UID1409873	1	1	0	0
1	1	UID1409874	1	1	0	0
1	1	UID1409879	1	1	0	0
1	1	UID1409880	1	1	0	0
1	1	UID1409881	1	1	0	0
1	1	UID1409884	1	1	0	0
1	1	UID1409896	1	1	0	0
1	1	UID1409900	1	1	0	0
1	1	UID1409904	1	1	0	0
1	1	UID1409908	1	1	0	0
1	1	UID1409910	1	1	0	0
1	1	UID1409911	1	1	0	0
1	1	UID1409914	1	1	0	0
1	1	UID1409920	1	1	0	0
1	1	UID1409930	1	1	0	0
1	1	UID1409938	1	1	0	0
1	1	UID1409942	1	1	0	0
1	1	UID1409944	1	1	0	0
1	1	UID1409948	1	1	0	0
1	1	UID1409949	1	1	0	0
1	1	UID1409951	1	1	0	0
1	1	UID1409957	1	1	0	0
1	1	UID1409958	1	1	0	0
1	1	UID1409963	1	1	0	0
1	1	UID1409969	1	1	0	0
1	1	UID1409971	1	1	0	0
1	1	UID1409972	1	1	0	0
1	1	UID1409974	1	1	0	0
1	1	UID1409976	1	1	0	0
1	1	UID1409978	1	1	0	0
1	1	UID1409980	1	1	0	0
1	1	UID1409982	1	1	0	0
1	1	UID1409985	1	1	0	0
1	1	UID1409997	1	1	0	0
1	1	UID1410005	1	1	0	0
1	1	UID1410006	1	1	0	0
1	1	UID1410008	1	1	0	0
1	1	UID1410009	1	1	0	0
1	1	UID1410010	1	1	0	0
1	1	UID1410014	1	1	0	0
1	1	UID1410016	1	1	0	0
1	1	UID1410017	1	1	0	0
1	1	UID1410022	1	1	0	0
1	1	UID1410023	1	1	0	0
1	1	UID1410025	1	1	0	0
1	1	UID1410038	1	1	0	0
1	1	UID1410039	1	1	0	0
1	1	UID1410041	1	1	0	0
1	1	UID1410042	1	1	0	0
1	1	UID1410046	1	1	0	0
1	1	UID1410050	1	1	0	0
1	1	UID1410053	1	1	0	0
1	1	UID1410058	1	1	0	0
1	1	UID1410059	1	1	0	0
1	1	UID1410060	1	1	0	0
1	1	UID1410062	1	1	0	0
1	1	UID1410063	1	1	0	0
1	1	UID1410064	1	1	0	0
1	1	UID1410068	1	1	0	0
1	1	UID1410071	1	1	0	0
1	1	UID1410079	1	1	0	0
1	1	UID1410086	1	1	0	0
1	1	UID1410090	1	1	0	0
1	1	UID1410096	1	1	0	0
1	1	UID1410097	1	1	0	0
1	1	UID1410100	1	1	0	0
1	1	UID1410105	1	1	0	0
1	1	UID1410107	1	1	0	0
1	1	UID1410113	1	1	0	0
1	1	UID1410117	1	1	0	0
1	1	UID1410118	1	1	0	0
1	1	UID1410120	1	1	0	0
1	1	UID1410138	1	1	0	0
1	1	UID1410155	1	1	0	0
1	1	UID1410156	1	1	0	0
1	1	UID1410157	1	1	0	0
1	1	UID1410164	1	1	0	0
1	1	UID1410165	1	1	0	0
4	4	UID1410168	1	4	3	3
1	1	UID1410174	1	1	0	0
1	1	UID1410176	1	1	0	0
1	1	UID1410177	1	1	0	0
1	1	UID1410181	1	1	0	0
1	1	UID1410189	1	1	0	0
1	1	UID1410198	1	1	0	0
1	1	UID1410201	1	1	0	0
1	1	UID1410203	1	1	0	0
1	1	UID1410204	1	1	0	0
1	1	UID1410205	1	1	0	0
1	1	UID1410206	1	1	0	0
1	1	UID1410211	1	1	0	0
1	1	UID1410213	1	1	0	0
1	1	UID1410214	1	1	0	0
1	1	UID1410223	1	1	0	0
1	1	UID1410224	1	1	0	0
1	1	UID1410226	1	1	0	0
1	1	UID1410228	1	1	0	0
1	1	UID1410229	1	1	0	0
1	1	UID1410237	1	1	0	0
1	1	UID1410243	1	1	0	0
1	1	UID1410244	1	1	0	0
1	1	UID1410248	1	1	0	0
1	1	UID1410252	1	1	0	0
1	1	UID1410253	1	1	0	0
1	1	UID1410255	1	1	0	0
1	1	UID1410257	1	1	0	0
1	1	UID1410261	1	1	0	0
1	1	UID1410262	1	1	0	0
1	1	UID1410264	1	1	0	0
1	1	UID1410273	1	1	0	0
1	1	UID1410278	1	1	0	0
1	1	UID1410279	1	1	0	0
1	1	UID1410280	1	1	0	0
1	1	UID1410285	1	1	0	0
1	1	UID1410289	1	1	0	0
1	1	UID1410296	1	1	0	0
1	1	UID1410297	1	1	0	0
3	3	UID1410298	1	3	2	2
1	1	UID1410307	1	1	0	0
3	3	UID1410311	1	3	2	2
1	1	UID1410315	1	1	0	0
2	2	UID1410319	1	2	1	1
1	1	UID1410321	1	1	0	0
1	1	UID1410325	1	1	0	0
1	1	UID1410327	1	1	0	0
1	1	UID1410328	1	1	0	0
1	1	UID1410334	1	1	0	0
1	1	UID1410336	1	1	0	0
1	1	UID1410337	1	1	0	0
1	1	UID1410342	1	1	0	0
1	1	UID1410343	1	1	0	0
1	1	UID1410350	1	1	0	0
1	1	UID1410352	1	1	0	0
1	1	UID1410358	1	1	0	0
1	1	UID1410375	1	1	0	0
1	1	UID1410376	1	1	0	0
1	1	UID1410377	1	1	0	0
1	1	UID1410379	1	1	0	0
1	1	UID1410382	1	1	0	0
1	1	UID1410388	1	1	0	0
1	1	UID1410390	1	1	0	0
1	1	UID1410404	1	1	0	0
1	1	UID1410406	1	1	0	0
1	1	UID1410407	1	1	0	0
1	1	UID1410416	1	1	0	0
1	1	UID1410422	1	1	0	0
1	1	UID1410423	1	1	0	0
1	1	UID1410424	1	1	0	0
1	1	UID1410425	1	1	0	0
1	1	UID1410451	1	1	0	0
1	1	UID1410454	1	1	0	0
1	1	UID1410455	1	1	0	0
1	1	UID1410461	1	1	0	0
1	1	UID1410466	1	1	0	0
1	1	UID1410469	1	1	0	0
1	1	UID1410470	1	1	0	0
1	1	UID1410472	1	1	0	0
1	1	UID1410477	1	1	0	0
1	1	UID1410478	1	1	0	0
1	1	UID1410479	1	1	0	0
1	1	UID1410480	1	1	0	0
1	1	UID1410482	1	1	0	0
1	1	UID1410483	1	1	0	0
1	1	UID1410484	1	1	0	0
1	1	UID1410489	1	1	0	0
2	2	UID1410491	1	2	1	1
1	1	UID1410493	1	1	0	0
1	1	UID1410494	1	1	0	0
1	1	UID1410496	1	1	0	0
1	1	UID1410497	1	1	0	0
1	1	UID1410498	1	1	0	0
1	1	UID1410499	1	1	0	0
1	1	UID1410503	1	1	0	0
1	1	UID1410506	1	1	0	0
1	1	UID1410508	1	1	0	0
1	1	UID1410509	1	1	0	0
1	1	UID1410512	1	1	0	0
1	1	UID1410516	1	1	0	0
1	1	UID1410517	1	1	0	0
1	1	UID1410518	1	1	0	0
1	1	UID1410522	1	1	0	0
1	1	UID1410524	1	1	0	0
1	1	UID1410532	1	1	0	0
1	1	UID1410533	1	1	0	0
1	1	UID1410540	1	1	0	0
1	1	UID1410541	1	1	0	0
1	1	UID1410549	1	1	0	0
1	1	UID1410550	1	1	0	0
1	1	UID1410551	1	1	0	0
1	1	UID1410554	1	1	0	0
1	1	UID1410556	1	1	0	0
1	1	UID1410570	1	1	0	0
1	1	UID1410571	1	1	0	0
1	1	UID1410579	1	1	0	0
1	1	UID1410582	1	1	0	0
1	1	UID1410586	1	1	0	0
1	1	UID1410588	1	1	0	0
1	1	UID1410589	1	1	0	0
1	1	UID1410592	1	1	0	0
1	1	UID1410594	1	1	0	0
1	1	UID1410622	1	1	0	0
1	1	UID1410646	1	1	0	0
1	1	UID1410676	1	1	0	0
1	1	UID1410698	1	1	0	0
1	1	UID1410835	1	1	0	0
1	1	UID1410837	1	1	0	0
1	1	UID1410844	1	1	0	0
1	1	UID1410851	1	1	0	0
1	1	UID1410856	1	1	0	0
1	1	UID1410914	1	1	0	0
1	1	UID1410957	1	1	0	0
1	1	UID1410958	1	1	0	0
1	1	UID1410966	1	1	0	0
1	1	UID1410972	1	1	0	0
1	1	UID1410979	1	1	0	0
1	1	UID1410980	1	1	0	0
1	1	UID1410981	1	1	0	0
1	1	UID1410985	1	1	0	0
1	1	UID1410986	1	1	0	0
1	1	UID1410987	1	1	0	0
1	1	UID1410993	1	1	0	0
1	1	UID1410994	1	1	0	0
1	1	UID1411006	1	1	0	0
1	1	UID1411012	1	1	0	0
1	1	UID1411016	1	1	0	0
1	1	UID1411017	1	1	0	0
1	1	UID1411018	1	1	0	0
1	1	UID1411025	1	1	0	0
1	1	UID1411030	1	1	0	0
1	1	UID1411031	1	1	0	0
1	1	UID1411037	1	1	0	0
1	1	UID1411038	1	1	0	0
1	1	UID1411042	1	1	0	0
1	1	UID1411056	1	1	0	0
1	1	UID1411057	1	1	0	0
1	1	UID1411067	1	1	0	0
1	1	UID1411078	1	1	0	0
1	1	UID1411079	1	1	0	0
1	1	UID1411080	1	1	0	0
1	1	UID1411081	1	1	0	0
1	1	UID1411091	1	1	0	0
1	1	UID1411096	1	1	0	0
1	1	UID1411101	1	1	0	0
1	1	UID1411104	1	1	0	0
1	1	UID1411105	1	1	0	0
1	1	UID1411106	1	1	0	0
1	1	UID1411108	1	1	0	0
1	1	UID1411114	1	1	0	0
1	1	UID1411116	1	1	0	0
1	1	UID1411119	1	1	0	0
1	1	UID1411120	1	1	0	0
1	1	UID1411121	1	1	0	0
1	1	UID1411122	1	1	0	0
1	1	UID1411129	1	1	0	0
1	1	UID1411130	1	1	0	0
1	1	UID1411131	1	1	0	0
1	1	UID1411134	1	1	0	0
1	1	UID1411143	1	1	0	0
1	1	UID1411151	1	1	0	0
1	1	UID1411155	1	1	0	0
1	1	UID1411158	1	1	0	0
1	1	UID1411167	1	1	0	0
1	1	UID1411169	1	1	0	0
1	1	UID1411170	1	1	0	0
1	1	UID1411176	1	1	0	0
1	1	UID1411178	1	1	0	0
1	1	UID1411190	1	1	0	0
1	1	UID1411194	1	1	0	0
1	1	UID1411201	1	1	0	0
1	1	UID1411202	1	1	0	0
1	1	UID1411205	1	1	0	0
1	1	UID1411210	1	1	0	0
1	1	UID1411220	1	1	0	0
1	1	UID1411223	1	1	0	0
1	1	UID1411224	1	1	0	0
1	1	UID1411227	1	1	0	0
1	1	UID1411228	1	1	0	0
1	1	UID1411234	1	1	0	0
1	1	UID1411238	1	1	0	0
1	1	UID1411239	1	1	0	0
1	1	UID1411241	1	1	0	0
1	1	UID1411244	1	1	0	0
1	1	UID1411252	1	1	0	0
1	1	UID1411262	1	1	0	0
1	1	UID1411264	1	1	0	0
1	1	UID1411265	1	1	0	0
1	1	UID1411268	1	1	0	0
1	1	UID1411269	1	1	0	0
1	1	UID1411281	1	1	0	0
1	1	UID1411285	1	1	0	0
1	1	UID1411294	1	1	0	0
1	1	UID1411295	1	1	0	0
1	1	UID1411296	1	1	0	0
1	1	UID1411297	1	1	0	0
1	1	UID1411302	1	1	0	0
1	1	UID1411304	1	1	0	0
1	1	UID1411307	1	1	0	0
1	1	UID1411319	1	1	0	0
1	1	UID1411322	1	1	0	0
1	1	UID1411324	1	1	0	0
1	1	UID1411333	1	1	0	0
1	1	UID1411335	1	1	0	0
1	1	UID1411336	1	1	0	0
1	1	UID1411343	1	1	0	0
1	1	UID1411348	1	1	0	0
1	1	UID1411352	1	1	0	0
1	1	UID1411355	1	1	0	0
1	1	UID1411361	1	1	0	0
1	1	UID1411363	1	1	0	0
1	1	UID1411364	1	1	0	0
1	1	UID1411366	1	1	0	0
1	1	UID1411367	1	1	0	0
1	1	UID1411369	1	1	0	0
1	1	UID1411370	1	1	0	0
1	1	UID1411371	1	1	0	0
1	1	UID1411373	1	1	0	0
1	1	UID1411374	1	1	0	0
4	4	UID1411390	1	4	2	2
1	1	UID1411391	1	1	0	0
1	1	UID1411393	1	1	0	0
1	1	UID1411399	1	1	0	0
1	1	UID1411400	1	1	0	0
1	1	UID1411408	1	1	0	0
4	4	UID1411410	1	4	2	2
1	1	UID1411413	1	1	0	0
1	1	UID1411420	1	1	0	0
1	1	UID1411421	1	1	0	0
1	1	UID1411422	1	1	0	0
1	1	UID1411423	1	1	0	0
1	1	UID1411424	1	1	0	0
1	1	UID1411427	1	1	0	0
1	1	UID1411431	1	1	0	0
1	1	UID1411439	1	1	0	0
1	1	UID1411441	1	1	0	0
1	1	UID1411442	1	1	0	0
1	1	UID1411444	1	1	0	0
1	1	UID1411446	1	1	0	0
1	1	UID1411453	1	1	0	0
1	1	UID1411455	1	1	0	0
1	1	UID1411456	1	1	0	0
1	1	UID1411470	1	1	0	0
1	1	UID1411471	1	1	0	0
1	1	UID1411473	1	1	0	0
1	1	UID1411478	1	1	0	0
1	1	UID1411482	1	1	0	0
1	1	UID1411488	1	1	0	0
1	1	UID1411489	1	1	0	0
1	1	UID1411490	1	1	0	0
1	1	UID1411492	1	1	0	0
1	1	UID1411493	1	1	0	0
1	1	UID1411494	1	1	0	0
1	1	UID1411495	1	1	0	0
1	1	UID1411497	1	1	0	0
1	1	UID1411499	1	1	0	0
10	10	UID1411500	1	10	4	4
1	1	UID1411504	1	1	0	0
1	1	UID1411507	1	1	0	0
1	1	UID1411509	1	1	0	0
1	1	UID1411510	1	1	0	0
1	1	UID1411511	1	1	0	0
1	1	UID1411512	1	1	0	0
1	1	UID1411513	1	1	0	0
1	1	UID1411517	1	1	0	0
1	1	UID1411518	1	1	0	0
1	1	UID1411519	1	1	0	0
1	1	UID1411520	1	1	0	0
1	1	UID1411522	1	1	0	0
1	1	UID1411523	1	1	0	0
1	1	UID1411524	1	1	0	0
1	1	UID1411526	1	1	0	0
1	1	UID1411539	1	1	0	0
1	1	UID1411541	1	1	0	0
1	1	UID1411542	1	1	0	0
1	1	UID1411546	1	1	0	0
1	1	UID1411555	1	1	0	0
1	1	UID1411565	1	1	0	0
1	1	UID1411568	1	1	0	0
1	1	UID1411569	1	1	0	0
1	1	UID1411571	1	1	0	0
1	1	UID1411574	1	1	0	0
1	1	UID1411576	1	1	0	0
1	1	UID1411579	1	1	0	0
1	1	UID1411585	1	1	0	0
1	1	UID1411588	1	1	0	0
1	1	UID1411589	1	1	0	0
1	1	UID1411591	1	1	0	0
1	1	UID1411592	1	1	0	0
1	1	UID1411594	1	1	0	0
1	1	UID1411601	1	1	0	0
1	1	UID1411606	1	1	0	0
1	1	UID1411610	1	1	0	0
1	1	UID1411611	1	1	0	0
1	1	UID1411612	1	1	0	0
1	1	UID1411614	1	1	0	0
1	1	UID1411615	1	1	0	0
1	1	UID1411617	1	1	0	0
1	1	UID1411630	1	1	0	0
1	1	UID1411631	1	1	0	0
1	1	UID1411642	1	1	0	0
1	1	UID1411643	1	1	0	0
1	1	UID1411648	1	1	0	0
1	1	UID1411650	1	1	0	0
1	1	UID1411651	1	1	0	0
1	1	UID1411655	1	1	0	0
1	1	UID1411657	1	1	0	0
1	1	UID1411665	1	1	0	0
1	1	UID1411667	1	1	0	0
1	1	UID1411669	1	1	0	0
1	1	UID1411679	1	1	0	0
1	1	UID1411684	1	1	0	0
1	1	UID1411693	1	1	0	0
1	1	UID1411694	1	1	0	0
1	1	UID1411695	1	1	0	0
1	1	UID1411697	1	1	0	0
1	1	UID1411700	1	1	0	0
1	1	UID1411702	1	1	0	0
1	1	UID1411704	1	1	0	0
1	1	UID1411705	1	1	0	0
1	1	UID1411708	1	1	0	0
1	1	UID1411719	1	1	0	0
1	1	UID1411721	1	1	0	0
1	1	UID1411724	1	1	0	0
1	1	UID1411726	1	1	0	0
1	1	UID1411732	1	1	0	0
1	1	UID1411733	1	1	0	0
1	1	UID1411736	1	1	0	0
1	1	UID1411739	1	1	0	0
1	1	UID1411750	1	1	0	0
1	1	UID1411751	1	1	0	0
1	1	UID1411755	1	1	0	0
1	1	UID1411758	1	1	0	0
4	4	UID1411759	1	4	2	2
1	1	UID1411776	1	1	0	0
1	1	UID1411779	1	1	0	0
1	1	UID1411799	1	1	0	0
1	1	UID1411820	1	1	0	0
4	4	UID1411822	1	4	2	2
1	1	UID1411823	1	1	0	0
1	1	UID1411824	1	1	0	0
1	1	UID1411828	1	1	0	0
1	1	UID1411830	1	1	0	0
1	1	UID1411837	1	1	0	0
1	1	UID1411843	1	1	0	0
1	1	UID1411847	1	1	0	0
1	1	UID1411851	1	1	0	0
1	1	UID1411856	1	1	0	0
1	1	UID1411857	1	1	0	0
1	1	UID1411858	1	1	0	0
1	1	UID1411890	1	1	0	0
1	1	UID1411893	1	1	0	0
1	1	UID1411904	1	1	0	0
1	1	UID1411906	1	1	0	0
1	1	UID1411907	1	1	0	0
1	1	UID1411909	1	1	0	0
1	1	UID1411912	1	1	0	0
1	1	UID1411913	1	1	0	0
1	1	UID1411920	1	1	0	0
1	1	UID1411921	1	1	0	0
1	1	UID1411922	1	1	0	0
1	1	UID1411930	1	1	0	0
1	1	UID1411931	1	1	0	0
1	1	UID1411932	1	1	0	0
1	1	UID1411933	1	1	0	0
1	1	UID1411951	1	1	0	0
1	1	UID1411952	1	1	0	0
1	1	UID1411954	1	1	0	0
1	1	UID1411956	1	1	0	0
1	1	UID1411958	1	1	0	0
1	1	UID1411959	1	1	0	0
1	1	UID1411978	1	1	0	0
1	1	UID1411982	1	1	0	0
1	1	UID1411988	1	1	0	0
1	1	UID1411989	1	1	0	0
1	1	UID1411992	1	1	0	0
1	1	UID1411994	1	1	0	0
1	1	UID1411997	1	1	0	0
1	1	UID1411998	1	1	0	0
1	1	UID1411999	1	1	0	0
1	1	UID1412012	1	1	0	0
1	1	UID1412013	1	1	0	0
1	1	UID1412014	1	1	0	0
1	1	UID1412015	1	1	0	0
1	1	UID1412021	1	1	0	0
1	1	UID1412022	1	1	0	0
1	1	UID1412023	1	1	0	0
1	1	UID1412024	1	1	0	0
1	1	UID1412026	1	1	0	0
1	1	UID1412029	1	1	0	0
1	1	UID1412035	1	1	0	0
1	1	UID1412039	1	1	0	0
1	1	UID1412043	1	1	0	0
1	1	UID1412044	1	1	0	0
1	1	UID1412054	1	1	0	0
1	1	UID1412057	1	1	0	0
1	1	UID1412064	1	1	0	0
1	1	UID1412073	1	1	0	0
1	1	UID1412075	1	1	0	0
1	1	UID1412077	1	1	0	0
1	1	UID1412079	1	1	0	0
1	1	UID1412080	1	1	0	0
1	1	UID1412085	1	1	0	0
1	1	UID1412089	1	1	0	0
1	1	UID1412096	1	1	0	0
1	1	UID1412098	1	1	0	0
1	1	UID1412102	1	1	0	0
1	1	UID1412107	1	1	0	0
1	1	UID1412108	1	1	0	0
1	1	UID1412110	1	1	0	0
1	1	UID1412120	1	1	0	0
1	1	UID1412127	1	1	0	0
1	1	UID1412133	1	1	0	0
1	1	UID1412134	1	1	0	0
1	1	UID1412137	1	1	0	0
1	1	UID1412148	1	1	0	0
1	1	UID1412151	1	1	0	0
1	1	UID1412153	1	1	0	0
1	1	UID1412158	1	1	0	0
1	1	UID1412161	1	1	0	0
1	1	UID1412164	1	1	0	0
1	1	UID1412188	1	1	0	0
1	1	UID1412191	1	1	0	0
1	1	UID1412193	1	1	0	0
1	1	UID1412194	1	1	0	0
1	1	UID1412195	1	1	0	0
1	1	UID1412198	1	1	0	0
1	1	UID1412199	1	1	0	0
1	1	UID1412201	1	1	0	0
1	1	UID1412211	1	1	0	0
1	1	UID1412221	1	1	0	0
1	1	UID1412224	1	1	0	0
1	1	UID1412225	1	1	0	0
1	1	UID1412230	1	1	0	0
1	1	UID1412231	1	1	0	0
1	1	UID1412232	1	1	0	0
1	1	UID1412238	1	1	0	0
1	1	UID1412254	1	1	0	0
1	1	UID1412255	1	1	0	0
1	1	UID1412256	1	1	0	0
1	1	UID1412257	1	1	0	0
1	1	UID1412267	1	1	0	0
1	1	UID1412274	1	1	0	0
1	1	UID1412286	1	1	0	0
1	1	UID1412305	1	1	0	0
1	1	UID1412307	1	1	0	0
1	1	UID1412309	1	1	0	0
1	1	UID1412310	1	1	0	0
1	1	UID1412312	1	1	0	0
1	1	UID1412321	1	1	0	0
1	1	UID1412357	1	1	0	0
1	1	UID1412361	1	1	0	0
1	1	UID1412365	1	1	0	0
1	1	UID1412382	1	1	0	0
1	1	UID1412383	1	1	0	0
1	1	UID1412384	1	1	0	0
1	1	UID1412386	1	1	0	0
1	1	UID1412390	1	1	0	0
1	1	UID1412396	1	1	0	0
1	1	UID1412405	1	1	0	0
1	1	UID1412412	1	1	0	0
1	1	UID1412414	1	1	0	0
1	1	UID1412415	1	1	0	0
1	1	UID1412427	1	1	0	0
1	1	UID1412428	1	1	0	0
1	1	UID1412436	1	1	0	0
1	1	UID1412443	1	1	0	0
1	1	UID1412445	1	1	0	0
1	1	UID1412447	1	1	0	0
1	1	UID1412449	1	1	0	0
1	1	UID1412450	1	1	0	0
1	1	UID1412459	1	1	0	0
1	1	UID1412473	1	1	0	0
1	1	UID1412474	1	1	0	0
1	1	UID1412484	1	1	0	0
1	1	UID1412485	1	1	0	0
1	1	UID1412486	1	1	0	0
1	1	UID1412489	1	1	0	0
1	1	UID1412491	1	1	0	0
1	1	UID1412499	1	1	0	0
1	1	UID1412500	1	1	0	0
1	1	UID1412501	1	1	0	0
1	1	UID1412502	1	1	0	0
1	1	UID1412573	1	1	0	0
1	1	UID1412574	1	1	0	0
1	1	UID1412575	1	1	0	0
1	1	UID1412576	1	1	0	0
1	1	UID1412584	1	1	0	0
1	1	UID1412590	1	1	0	0
1	1	UID1412592	1	1	0	0
1	1	UID1412593	1	1	0	0
1	1	UID1412614	1	1	0	0
1	1	UID1412616	1	1	0	0
1	1	UID1412622	1	1	0	0
1	1	UID1412624	1	1	0	0
1	1	UID1412626	1	1	0	0
1	1	UID1412629	1	1	0	0
1	1	UID1412633	1	1	0	0
1	1	UID1412636	1	1	0	0
1	1	UID1412639	1	1	0	0
1	1	UID1412645	1	1	0	0
1	1	UID1412647	1	1	0	0
1	1	UID1412648	1	1	0	0
1	1	UID1412649	1	1	0	0
1	1	UID1412656	1	1	0	0
1	1	UID1412658	1	1	0	0
1	1	UID1412659	1	1	0	0
1	1	UID1412661	1	1	0	0
1	1	UID1412667	1	1	0	0
1	1	UID1412672	1	1	0	0
1	1	UID1412673	1	1	0	0
1	1	UID1412678	1	1	0	0
1	1	UID1412682	1	1	0	0
1	1	UID1412683	1	1	0	0
1	1	UID1412684	1	1	0	0
1	1	UID1412689	1	1	0	0
1	1	UID1412691	1	1	0	0
1	1	UID1412698	1	1	0	0
1	1	UID1412699	1	1	0	0
1	1	UID1412702	1	1	0	0
1	1	UID1412705	1	1	0	0
1	1	UID1412706	1	1	0	0
1	1	UID1412708	1	1	0	0
1	1	UID1412723	1	1	0	0
1	1	UID1412724	1	1	0	0
1	1	UID1412728	1	1	0	0
1	1	UID1412731	1	1	0	0
1	1	UID1412734	1	1	0	0
1	1	UID1412736	1	1	0	0
1	1	UID1412738	1	1	0	0
1	1	UID1412743	1	1	0	0
1	1	UID1412747	1	1	0	0
1	1	UID1412749	1	1	0	0
1	1	UID1412752	1	1	0	0
1	1	UID1412766	1	1	0	0
1	1	UID1412790	1	1	0	0
1	1	UID1412794	1	1	0	0
1	1	UID1412806	1	1	0	0
1	1	UID1412812	1	1	0	0
1	1	UID1412817	1	1	0	0
1	1	UID1412820	1	1	0	0
1	1	UID1412821	1	1	0	0
1	1	UID1412822	1	1	0	0
1	1	UID1412826	1	1	0	0
1	1	UID1412827	1	1	0	0
2	2	UID1412828	1	2	1	1
1	1	UID1412830	1	1	0	0
1	1	UID1412831	1	1	0	0
1	1	UID1412832	1	1	0	0
1	1	UID1412836	1	1	0	0
1	1	UID1412840	1	1	0	0
1	1	UID1412844	1	1	0	0
1	1	UID1412855	1	1	0	0
1	1	UID1412860	1	1	0	0
1	1	UID1412862	1	1	0	0
1	1	UID1412863	1	1	0	0
1	1	UID1412870	1	1	0	0
1	1	UID1412874	1	1	0	0
1	1	UID1412879	1	1	0	0
1	1	UID1412893	1	1	0	0
1	1	UID1412897	1	1	0	0
1	1	UID1412898	1	1	0	0
1	1	UID1412904	1	1	0	0
1	1	UID1412909	1	1	0	0
1	1	UID1412910	1	1	0	0
1	1	UID1412911	1	1	0	0
1	1	UID1412913	1	1	0	0
1	1	UID1412916	1	1	0	0
1	1	UID1412922	1	1	0	0
1	1	UID1412934	1	1	0	0
1	1	UID1412939	1	1	0	0
1	1	UID1412941	1	1	0	0
1	1	UID1412942	1	1	0	0
1	1	UID1412944	1	1	0	0
1	1	UID1412945	1	1	0	0
1	1	UID1412946	1	1	0	0
1	1	UID1412948	1	1	0	0
1	1	UID1412954	1	1	0	0
1	1	UID1412958	1	1	0	0
1	1	UID1412984	1	1	0	0
1	1	UID1412993	1	1	0	0
1	1	UID1413010	1	1	0	0
1	1	UID1413011	1	1	0	0
1	1	UID1413013	1	1	0	0
1	1	UID1413018	1	1	0	0
1	1	UID1413020	1	1	0	0
1	1	UID1413032	1	1	0	0
1	1	UID1413035	1	1	0	0
1	1	UID1413036	1	1	0	0
1	1	UID1413040	1	1	0	0
1	1	UID1413041	1	1	0	0
1	1	UID1413042	1	1	0	0
1	1	UID1413046	1	1	0	0
1	1	UID1413047	1	1	0	0
1	1	UID1413048	1	1	0	0
1	1	UID1413050	1	1	0	0
1	1	UID1413051	1	1	0	0
1	1	UID1413059	1	1	0	0
1	1	UID1413068	1	1	0	0
1	1	UID1413070	1	1	0	0
1	1	UID1413079	1	1	0	0
1	1	UID1413087	1	1	0	0
1	1	UID1413102	1	1	0	0
1	1	UID1413104	1	1	0	0
1	1	UID1413105	1	1	0	0
1	1	UID1413106	1	1	0	0
1	1	UID1413113	1	1	0	0
1	1	UID1413115	1	1	0	0
1	1	UID1413144	1	1	0	0
1	1	UID1413147	1	1	0	0
1	1	UID1413151	1	1	0	0
1	1	UID1413154	1	1	0	0
1	1	UID1413157	1	1	0	0
1	1	UID1413159	1	1	0	0
1	1	UID1413160	1	1	0	0
1	1	UID1413162	1	1	0	0
1	1	UID1413163	1	1	0	0
1	1	UID1413172	1	1	0	0
1	1	UID1413175	1	1	0	0
1	1	UID1413177	1	1	0	0
1	1	UID1413180	1	1	0	0
1	1	UID1413183	1	1	0	0
1	1	UID1413184	1	1	0	0
1	1	UID1413186	1	1	0	0
1	1	UID1413193	1	1	0	0
1	1	UID1413202	1	1	0	0
1	1	UID1413203	1	1	0	0
1	1	UID1413204	1	1	0	0
1	1	UID1413208	1	1	0	0
1	1	UID1413210	1	1	0	0
1	1	UID1413213	1	1	0	0
1	1	UID1413215	1	1	0	0
1	1	UID1413221	1	1	0	0
1	1	UID1413228	1	1	0	0
1	1	UID1413278	1	1	0	0
1	1	UID1413288	1	1	0	0
1	1	UID1413293	1	1	0	0
1	1	UID1413295	1	1	0	0
1	1	UID1413299	1	1	0	0
1	1	UID1413300	1	1	0	0
1	1	UID1413301	1	1	0	0
1	1	UID1413308	1	1	0	0
1	1	UID1413309	1	1	0	0
1	1	UID1413310	1	1	0	0
1	1	UID1413312	1	1	0	0
1	1	UID1413315	1	1	0	0
1	1	UID1413316	1	1	0	0
1	1	UID1413317	1	1	0	0
1	1	UID1413318	1	1	0	0
1	1	UID1413319	1	1	0	0
1	1	UID1413322	1	1	0	0
1	1	UID1413324	1	1	0	0
1	1	UID1413328	1	1	0	0
1	1	UID1413345	1	1	0	0
1	1	UID1413352	1	1	0	0
1	1	UID1413353	1	1	0	0
1	1	UID1413358	1	1	0	0
1	1	UID1413360	1	1	0	0
1	1	UID1413372	1	1	0	0
1	1	UID1413378	1	1	0	0
1	1	UID1413379	1	1	0	0
1	1	UID1413381	1	1	0	0
1	1	UID1413392	1	1	0	0
1	1	UID1413393	1	1	0	0
1	1	UID1413405	1	1	0	0
1	1	UID1413418	1	1	0	0
1	1	UID1413433	1	1	0	0
1	1	UID1413443	1	1	0	0
1	1	UID1413461	1	1	0	0
1	1	UID1413465	1	1	0	0
1	1	UID1413467	1	1	0	0
1	1	UID1413555	1	1	0	0
1	1	UID1413575	1	1	0	0
1	1	UID1413593	1	1	0	0
1	1	UID1413597	1	1	0	0
1	1	UID1413603	1	1	0	0
1	1	UID1413625	1	1	0	0
1	1	UID1413630	1	1	0	0
1	1	UID1413647	1	1	0	0
1	1	UID1413649	1	1	0	0
1	1	UID1413654	1	1	0	0
1	1	UID1413658	1	1	0	0
1	1	UID1413661	1	1	0	0
1	1	UID1413681	1	1	0	0
1	1	UID1413683	1	1	0	0
1	1	UID1413687	1	1	0	0
1	1	UID1413710	1	1	0	0
1	1	UID1413717	1	1	0	0
1	1	UID1413718	1	1	0	0
1	1	UID1413720	1	1	0	0
1	1	UID1413725	1	1	0	0
5	5	UID1413730	1	5	1	1
1	1	UID1413764	1	1	0	0
1	1	UID1413772	1	1	0	0
1	1	UID1413775	1	1	0	0
1	1	UID1413792	1	1	0	0
1	1	UID1413796	1	1	0	0
1	1	UID1413810	1	1	0	0
1	1	UID1413814	1	1	0	0
1	1	UID1413821	1	1	0	0
1	1	UID1413822	1	1	0	0
1	1	UID1413825	1	1	0	0
1	1	UID1413827	1	1	0	0
1	1	UID1413829	1	1	0	0
1	1	UID1413830	1	1	0	0
1	1	UID1413833	1	1	0	0
1	1	UID1413835	1	1	0	0
1	1	UID1413836	1	1	0	0
1	1	UID1413837	1	1	0	0
1	1	UID1413838	1	1	0	0
1	1	UID1413839	1	1	0	0
1	1	UID1413840	1	1	0	0
1	1	UID1413846	1	1	0	0
1	1	UID1413850	1	1	0	0
1	1	UID1413851	1	1	0	0
1	1	UID1413854	1	1	0	0
1	1	UID1413860	1	1	0	0
1	1	UID1413861	1	1	0	0
1	1	UID1413866	1	1	0	0
1	1	UID1413871	1	1	0	0
1	1	UID1413873	1	1	0	0
1	1	UID1413886	1	1	0	0
1	1	UID1413889	1	1	0	0
1	1	UID1413890	1	1	0	0
1	1	UID1413893	1	1	0	0
1	1	UID1413906	1	1	0	0
1	1	UID1413907	1	1	0	0
1	1	UID1413909	1	1	0	0
1	1	UID1413928	1	1	0	0
1	1	UID1413932	1	1	0	0
1	1	UID1413936	1	1	0	0
1	1	UID1413937	1	1	0	0
1	1	UID1413938	1	1	0	0
1	1	UID1413940	1	1	0	0
1	1	UID1413942	1	1	0	0
1	1	UID1413944	1	1	0	0
1	1	UID1413947	1	1	0	0
1	1	UID1413948	1	1	0	0
1	1	UID1413954	1	1	0	0
1	1	UID1413960	1	1	0	0
1	1	UID1413962	1	1	0	0
1	1	UID1413966	1	1	0	0
1	1	UID1413971	1	1	0	0
1	1	UID1413973	1	1	0	0
2	2	UID1413974	1	2	1	1
1	1	UID1413975	1	1	0	0
1	1	UID1413981	1	1	0	0
1	1	UID1413987	1	1	0	0
1	1	UID1413992	1	1	0	0
1	1	UID1414000	1	1	0	0
1	1	UID1414011	1	1	0	0
1	1	UID1414012	1	1	0	0
1	1	UID1414024	1	1	0	0
1	1	UID1414025	1	1	0	0
1	1	UID1414036	1	1	0	0
1	1	UID1414047	1	1	0	0
1	1	UID1414134	1	1	0	0
1	1	UID1414136	1	1	0	0
1	1	UID1414137	1	1	0	0
1	1	UID1414138	1	1	0	0
1	1	UID1414140	1	1	0	0
1	1	UID1414142	1	1	0	0
1	1	UID1414143	1	1	0	0
1	1	UID1414152	1	1	0	0
1	1	UID1414153	1	1	0	0
1	1	UID1414170	1	1	0	0
1	1	UID1414177	1	1	0	0
1	1	UID1414182	1	1	0	0
1	1	UID1414192	1	1	0	0
1	1	UID1414194	1	1	0	0
1	1	UID1414196	1	1	0	0
1	1	UID1414203	1	1	0	0
1	1	UID1414216	1	1	0	0
1	1	UID1414225	1	1	0	0
1	1	UID1414226	1	1	0	0
1	1	UID1414227	1	1	0	0
1	1	UID1414239	1	1	0	0
1	1	UID1414240	1	1	0	0
1	1	UID1414248	1	1	0	0
1	1	UID1414250	1	1	0	0
1	1	UID1414252	1	1	0	0
1	1	UID1414253	1	1	0	0
1	1	UID1414262	1	1	0	0
1	1	UID1414263	1	1	0	0
4	4	UID1414266	1	4	2	2
1	1	UID1414269	1	1	0	0
1	1	UID1414275	1	1	0	0
1	1	UID1414276	1	1	0	0
1	1	UID1414285	1	1	0	0
1	1	UID1414294	1	1	0	0
1	1	UID1414296	1	1	0	0
1	1	UID1414298	1	1	0	0
1	1	UID1414312	1	1	0	0
1	1	UID1414313	1	1	0	0
1	1	UID1414321	1	1	0	0
1	1	UID1414326	1	1	0	0
2	2	UID1414328	1	2	1	1
1	1	UID1414333	1	1	0	0
1	1	UID1414334	1	1	0	0
1	1	UID1414337	1	1	0	0
1	1	UID1414343	1	1	0	0
1	1	UID1414345	1	1	0	0
1	1	UID1414353	1	1	0	0
1	1	UID1414354	1	1	0	0
1	1	UID1414370	1	1	0	0
1	1	UID1414372	1	1	0	0
1	1	UID1414382	1	1	0	0
1	1	UID1414386	1	1	0	0
1	1	UID1414388	1	1	0	0
1	1	UID1414396	1	1	0	0
1	1	UID1414400	1	1	0	0
1	1	UID1414401	1	1	0	0
1	1	UID1414403	1	1	0	0
1	1	UID1414414	1	1	0	0
1	1	UID1414421	1	1	0	0
1	1	UID1414431	1	1	0	0
1	1	UID1414433	1	1	0	0
1	1	UID1414434	1	1	0	0
1	1	UID1414435	1	1	0	0
1	1	UID1414439	1	1	0	0
1	1	UID1414445	1	1	0	0
1	1	UID1414446	1	1	0	0
1	1	UID1414452	1	1	0	0
1	1	UID1414456	1	1	0	0
1	1	UID1414465	1	1	0	0
1	1	UID1414469	1	1	0	0
4	4	UID1414478	1	4	2	2
1	1	UID1414480	1	1	0	0
1	1	UID1414481	1	1	0	0
1	1	UID1414497	1	1	0	0
1	1	UID1414503	1	1	0	0
1	1	UID1414508	1	1	0	0
1	1	UID1414511	1	1	0	0
1	1	UID1414516	1	1	0	0
1	1	UID1414517	1	1	0	0
1	1	UID1414520	1	1	0	0
1	1	UID1414521	1	1	0	0
1	1	UID1414532	1	1	0	0
1	1	UID1414535	1	1	0	0
1	1	UID1414536	1	1	0	0
1	1	UID1414538	1	1	0	0
1	1	UID1414548	1	1	0	0
1	1	UID1414550	1	1	0	0
1	1	UID1414573	1	1	0	0
1	1	UID1414577	1	1	0	0
1	1	UID1414581	1	1	0	0
1	1	UID1414584	1	1	0	0
1	1	UID1414589	1	1	0	0
1	1	UID1414595	1	1	0	0
1	1	UID1414596	1	1	0	0
1	1	UID1414597	1	1	0	0
1	1	UID1414599	1	1	0	0
1	1	UID1414611	1	1	0	0
1	1	UID1414612	1	1	0	0
1	1	UID1414622	1	1	0	0
1	1	UID1414625	1	1	0	0
1	1	UID1414627	1	1	0	0
1	1	UID1414628	1	1	0	0
1	1	UID1414630	1	1	0	0
1	1	UID1414633	1	1	0	0
1	1	UID1414638	1	1	0	0
1	1	UID1414642	1	1	0	0
1	1	UID1414647	1	1	0	0
1	1	UID1414652	1	1	0	0
1	1	UID1414657	1	1	0	0
1	1	UID1414708	1	1	0	0
1	1	UID1414715	1	1	0	0
1	1	UID1414729	1	1	0	0
1	1	UID1414735	1	1	0	0
1	1	UID1414740	1	1	0	0
1	1	UID1414743	1	1	0	0
1	1	UID1414754	1	1	0	0
1	1	UID1414759	1	1	0	0
1	1	UID1414761	1	1	0	0
1	1	UID1414763	1	1	0	0
1	1	UID1414764	1	1	0	0
1	1	UID1414767	1	1	0	0
1	1	UID1414769	1	1	0	0
1	1	UID1414770	1	1	0	0
1	1	UID1414778	1	1	0	0
1	1	UID1414779	1	1	0	0
1	1	UID1414801	1	1	0	0
1	1	UID1414802	1	1	0	0
1	1	UID1414811	1	1	0	0
1	1	UID1414816	1	1	0	0
1	1	UID1414861	1	1	0	0
1	1	UID1414862	1	1	0	0
1	1	UID1414865	1	1	0	0
1	1	UID1414866	1	1	0	0
1	1	UID1414867	1	1	0	0
1	1	UID1414886	1	1	0	0
1	1	UID1414890	1	1	0	0
1	1	UID1414891	1	1	0	0
1	1	UID1414892	1	1	0	0
1	1	UID1414893	1	1	0	0
1	1	UID1414899	1	1	0	0
1	1	UID1414902	1	1	0	0
1	1	UID1414905	1	1	0	0
1	1	UID1414906	1	1	0	0
1	1	UID1414907	1	1	0	0
1	1	UID1414909	1	1	0	0
4	4	UID1414911	1	4	2	2
1	1	UID1414913	1	1	0	0
1	1	UID1414914	1	1	0	0
1	1	UID1414915	1	1	0	0
1	1	UID1414916	1	1	0	0
1	1	UID1414917	1	1	0	0
1	1	UID1414918	1	1	0	0
1	1	UID1414919	1	1	0	0
1	1	UID1414930	1	1	0	0
1	1	UID1414931	1	1	0	0
1	1	UID1414935	1	1	0	0
1	1	UID1414937	1	1	0	0
1	1	UID1414948	1	1	0	0
1	1	UID1414952	1	1	0	0
1	1	UID1414953	1	1	0	0
1	1	UID1414956	1	1	0	0
1	1	UID1414958	1	1	0	0
1	1	UID1414959	1	1	0	0
1	1	UID1414962	1	1	0	0
1	1	UID1414968	1	1	0	0
1	1	UID1414971	1	1	0	0
1	1	UID1414972	1	1	0	0
1	1	UID1414979	1	1	0	0
1	1	UID1414988	1	1	0	0
1	1	UID1414999	1	1	0	0
1	1	UID1415007	1	1	0	0
1	1	UID1415012	1	1	0	0
1	1	UID1415026	1	1	0	0
1	1	UID1415031	1	1	0	0
1	1	UID1415033	1	1	0	0
1	1	UID1415034	1	1	0	0
1	1	UID1415035	1	1	0	0
1	1	UID1415036	1	1	0	0
1	1	UID1415037	1	1	0	0
1	1	UID1415038	1	1	0	0
1	1	UID1415043	1	1	0	0
1	1	UID1415044	1	1	0	0
1	1	UID1415052	1	1	0	0
1	1	UID1415057	1	1	0	0
1	1	UID1415060	1	1	0	0
1	1	UID1415061	1	1	0	0
1	1	UID1415067	1	1	0	0
1	1	UID1415071	1	1	0	0
1	1	UID1415077	1	1	0	0
1	1	UID1415079	1	1	0	0
1	1	UID1415080	1	1	0	0
1	1	UID1415090	1	1	0	0
1	1	UID1415091	1	1	0	0
1	1	UID1415093	1	1	0	0
1	1	UID1415095	1	1	0	0
1	1	UID1415096	1	1	0	0
1	1	UID1415098	1	1	0	0
1	1	UID1415099	1	1	0	0
1	1	UID1415107	1	1	0	0
1	1	UID1415122	1	1	0	0
1	1	UID1415131	1	1	0	0
1	1	UID1415136	1	1	0	0
1	1	UID1415139	1	1	0	0
1	1	UID1415141	1	1	0	0
1	1	UID1415146	1	1	0	0
1	1	UID1415147	1	1	0	0
1	1	UID1415154	1	1	0	0
1	1	UID1455	1	1	0	0
2	2	UID154447	1	2	1	1
1	1	UID174602	1	1	0	0
2	2	UID18	1	2	1	1
1	1	UID283	1	1	0	0
1	1	UID309	1	1	0	0
1	1	UID337850	1	1	0	0
1	1	UID341529	1	1	0	0
1	1	UID35198	1	1	0	0
1	1	UID383683	1	1	0	0
1	1	UID383	1	1	0	0
1	1	UID39191	1	1	0	0
1	1	UID391976	1	1	0	0
1	1	UID409131	1	1	0	0
1	1	UID466773	1	1	0	0
1	1	UID478952	1	1	0	0
1	1	UID48430	1	1	0	0
1	1	UID49009	1	1	0	0
1	1	UID532878	1	1	0	0
1	1	UID559927	1	1	0	0
1	1	UID600115	1	1	0	0
1	1	UID621411	1	1	0	0
1	1	UID637513	1	1	0	0
1	1	UID684314	1	1	0	0
1	1	UID72276	1	1	0	0
1	1	UID757057	1	1	0	0
1	1	UID762297	1	1	0	0
1	1	UID787205	1	1	0	0
1	1	UID803982	1	1	0	0
1	1	UID811381	1	1	0	0
1	1	UID822469	1	1	0	0
1	1	UID84211	1	1	0	0
1	1	UID924337	1	1	0	0
1	1	UID965002	1	1	0	0
