3112	27326	UID1	16696	2553	4	4
34	100	UID99	66	32	1	1
16	73	UID94	57	14	1	1
29	80	UID189	50	26	2	2
34	79	UID72	46	33	2	2
14	56	UID228	43	13	1	1
37	82	UID29	43	34	1	1
39	84	UID85	43	36	3	3
19	60	UID115	42	18	2	2
26	61	UID149	35	24	1	1
23	58	UID131	34	20	2	2
16	48	UID122	33	15	1	1
14	46	UID84	33	13	2	2
21	52	UID138	32	20	1	1
17	48	UID207	32	16	2	2
14	38	UID221	25	13	1	1
26	50	UID146	24	24	2	2
22	48	UID208	24	18	2	2
14	37	UID303	24	13	2	2
21	43	UID157	23	20	2	2
7	29	UID206	23	6	1	1
12	33	UID194	22	11	1	1
14	33	UID294	20	13	1	1
17	35	UID108	19	16	1	1
20	36	UID180	17	19	1	1
12	27	UID173	16	11	1	1
9	23	UID374	15	8	1	1
15	28	UID158	14	14	1	1
4	17	UID375	14	3	1	1
10	22	UID248	13	9	1	1
11	23	UID703	13	10	1	1
11	22	UID1328	12	10	1	1
7	18	UID497	12	6	1	1
10	21	UID610	12	9	1	1
6	14	UID376	9	5	1	1
4	12	UID440	9	3	1	1
5	13	UID843	9	4	1	1
8	15	UID352	8	7	1	1
4	10	UID49121	7	3	1	1
1	6	UID1350	6	0	0	0
2	7	UID4054	6	1	1	1
4	9	UID685	6	3	1	1
2	7	UID744	6	1	1	1
7	11	UID1338	5	6	1	1
8	12	UID4023	5	7	1	1
5	9	UID5540	5	4	1	1
3	7	UID606	5	2	1	1
3	7	UID611	5	2	1	1
2	5	UID3886	4	1	1	1
1	4	UID3961	4	0	0	0
5	8	UID525	4	4	1	1
1	4	UID5567	4	0	0	0
4	7	UID5493	3	2	1	1
4	7	UID5497	3	2	2	2
1	3	UID5543	3	0	0	0
1	3	UID5549	3	0	0	0
1	3	UID5686	3	0	0	0
2	4	UID912	3	1	0	0
4	6	UID915	3	3	1	1
3	5	UID10066	2	1	1	1
2	3	UID1147	2	1	1	1
2	3	UID135079	2	1	1	1
2	3	UID1419517	2	1	1	1
3	4	UID179	2	2	1	1
2	3	UID196574	2	1	1	1
2	3	UID27098	2	1	1	1
2	3	UID3843	2	1	1	1
2	3	UID3973	2	1	1	1
3	4	UID53404	2	2	1	1
6	7	UID5486	2	5	2	2
4	5	UID5704	2	3	1	1
3	3	UID1057	1	3	2	2
3	3	UID1398767	1	3	2	2
1	1	UID1419518	1	1	0	0
1	1	UID1419520	1	1	0	0
1	1	UID1419521	1	1	0	0
1	1	UID1419531	1	1	0	0
1	1	UID1419540	1	1	0	0
1	1	UID1419544	1	1	0	0
1	1	UID1419547	1	1	0	0
1	1	UID1419548	1	1	0	0
1	1	UID1419563	1	1	0	0
1	1	UID1419564	1	1	0	0
1	1	UID1419567	1	1	0	0
1	1	UID1419568	1	1	0	0
1	1	UID1419569	1	1	0	0
1	1	UID1419570	1	1	0	0
1	1	UID1419588	1	1	0	0
1	1	UID1419598	1	1	0	0
1	1	UID1419600	1	1	0	0
1	1	UID1419606	1	1	0	0
1	1	UID1419613	1	1	0	0
1	1	UID1419616	1	1	0	0
1	1	UID1419622	1	1	0	0
1	1	UID1419625	1	1	0	0
1	1	UID1419629	1	1	0	0
1	1	UID1419630	1	1	0	0
1	1	UID1419642	1	1	0	0
1	1	UID1419644	1	1	0	0
1	1	UID1419645	1	1	0	0
1	1	UID1419647	1	1	0	0
1	1	UID1419652	1	1	0	0
1	1	UID1419656	1	1	0	0
1	1	UID1419658	1	1	0	0
1	1	UID1419671	1	1	0	0
1	1	UID1419681	1	1	0	0
1	1	UID1419684	1	1	0	0
1	1	UID1419688	1	1	0	0
1	1	UID1419694	1	1	0	0
1	1	UID1419703	1	1	0	0
1	1	UID1419716	1	1	0	0
1	1	UID1419729	1	1	0	0
1	1	UID1419731	1	1	0	0
1	1	UID1419732	1	1	0	0
1	1	UID1419740	1	1	0	0
1	1	UID1419742	1	1	0	0
1	1	UID1419749	1	1	0	0
1	1	UID1419750	1	1	0	0
1	1	UID1419751	1	1	0	0
1	1	UID1419752	1	1	0	0
1	1	UID1419757	1	1	0	0
1	1	UID1419759	1	1	0	0
1	1	UID1419760	1	1	0	0
1	1	UID1419761	1	1	0	0
1	1	UID1419763	1	1	0	0
1	1	UID1419773	1	1	0	0
1	1	UID1419780	1	1	0	0
1	1	UID1419785	1	1	0	0
1	1	UID1419795	1	1	0	0
1	1	UID1419801	1	1	0	0
1	1	UID1419820	1	1	0	0
1	1	UID1419828	1	1	0	0
1	1	UID1419835	1	1	0	0
1	1	UID1419837	1	1	0	0
1	1	UID1419838	1	1	0	0
1	1	UID1419839	1	1	0	0
1	1	UID1419842	1	1	0	0
1	1	UID1419844	1	1	0	0
1	1	UID1419862	1	1	0	0
1	1	UID1419864	1	1	0	0
1	1	UID1419866	1	1	0	0
1	1	UID1419873	1	1	0	0
1	1	UID1419874	1	1	0	0
1	1	UID1419875	1	1	0	0
1	1	UID1419876	1	1	0	0
1	1	UID1419878	1	1	0	0
1	1	UID1419880	1	1	0	0
1	1	UID1419881	1	1	0	0
1	1	UID1419890	1	1	0	0
1	1	UID1419891	1	1	0	0
1	1	UID1419893	1	1	0	0
1	1	UID1419894	1	1	0	0
1	1	UID1419895	1	1	0	0
1	1	UID1419897	1	1	0	0
1	1	UID1419908	1	1	0	0
1	1	UID1419924	1	1	0	0
1	1	UID1419927	1	1	0	0
1	1	UID1419930	1	1	0	0
1	1	UID1419940	1	1	0	0
1	1	UID1419942	1	1	0	0
1	1	UID1419945	1	1	0	0
1	1	UID1419946	1	1	0	0
1	1	UID1419951	1	1	0	0
1	1	UID1419953	1	1	0	0
1	1	UID1419954	1	1	0	0
1	1	UID1419955	1	1	0	0
1	1	UID1419967	1	1	0	0
1	1	UID1419969	1	1	0	0
1	1	UID1419973	1	1	0	0
1	1	UID1419974	1	1	0	0
1	1	UID1419979	1	1	0	0
1	1	UID1419984	1	1	0	0
1	1	UID1420011	1	1	0	0
1	1	UID1420016	1	1	0	0
1	1	UID1420023	1	1	0	0
1	1	UID1420024	1	1	0	0
1	1	UID1420028	1	1	0	0
1	1	UID1420029	1	1	0	0
1	1	UID1420045	1	1	0	0
1	1	UID1420056	1	1	0	0
1	1	UID1420059	1	1	0	0
1	1	UID1420076	1	1	0	0
1	1	UID1420086	1	1	0	0
1	1	UID1420087	1	1	0	0
1	1	UID1420088	1	1	0	0
1	1	UID1420090	1	1	0	0
1	1	UID1420102	1	1	0	0
1	1	UID1420108	1	1	0	0
1	1	UID1420109	1	1	0	0
1	1	UID1420114	1	1	0	0
1	1	UID1420119	1	1	0	0
1	1	UID1420120	1	1	0	0
1	1	UID1420122	1	1	0	0
1	1	UID1420139	1	1	0	0
1	1	UID1420141	1	1	0	0
1	1	UID1420143	1	1	0	0
1	1	UID1420148	1	1	0	0
1	1	UID1420160	1	1	0	0
1	1	UID1420164	1	1	0	0
1	1	UID1420166	1	1	0	0
1	1	UID1420171	1	1	0	0
1	1	UID1420176	1	1	0	0
1	1	UID1420178	1	1	0	0
1	1	UID1420186	1	1	0	0
1	1	UID1420187	1	1	0	0
1	1	UID1420188	1	1	0	0
1	1	UID1420190	1	1	0	0
1	1	UID1420192	1	1	0	0
1	1	UID1420193	1	1	0	0
1	1	UID1420194	1	1	0	0
1	1	UID1420197	1	1	0	0
1	1	UID1420198	1	1	0	0
1	1	UID1420199	1	1	0	0
1	1	UID1420200	1	1	0	0
1	1	UID1420203	1	1	0	0
1	1	UID1420206	1	1	0	0
1	1	UID1420207	1	1	0	0
1	1	UID1420209	1	1	0	0
1	1	UID1420214	1	1	0	0
1	1	UID1420215	1	1	0	0
1	1	UID1420218	1	1	0	0
1	1	UID1420229	1	1	0	0
1	1	UID1420231	1	1	0	0
1	1	UID1420233	1	1	0	0
1	1	UID1420236	1	1	0	0
1	1	UID1420272	1	1	0	0
1	1	UID1420280	1	1	0	0
1	1	UID1420290	1	1	0	0
1	1	UID1420404	1	1	0	0
1	1	UID1420440	1	1	0	0
1	1	UID1420452	1	1	0	0
1	1	UID1420453	1	1	0	0
1	1	UID1420466	1	1	0	0
1	1	UID1420469	1	1	0	0
1	1	UID1420472	1	1	0	0
1	1	UID1420476	1	1	0	0
1	1	UID1420480	1	1	0	0
1	1	UID1420482	1	1	0	0
1	1	UID1420483	1	1	0	0
1	1	UID1420485	1	1	0	0
1	1	UID1420486	1	1	0	0
1	1	UID1420487	1	1	0	0
1	1	UID1420488	1	1	0	0
1	1	UID1420489	1	1	0	0
1	1	UID1420490	1	1	0	0
1	1	UID1420491	1	1	0	0
1	1	UID1420493	1	1	0	0
1	1	UID1420494	1	1	0	0
1	1	UID1420495	1	1	0	0
1	1	UID1420497	1	1	0	0
1	1	UID1420498	1	1	0	0
1	1	UID1420501	1	1	0	0
1	1	UID1420502	1	1	0	0
1	1	UID1420503	1	1	0	0
1	1	UID1420509	1	1	0	0
1	1	UID1420517	1	1	0	0
1	1	UID1420518	1	1	0	0
1	1	UID1420519	1	1	0	0
1	1	UID1420520	1	1	0	0
1	1	UID1420528	1	1	0	0
1	1	UID1420549	1	1	0	0
1	1	UID1420550	1	1	0	0
1	1	UID1420553	1	1	0	0
1	1	UID1420566	1	1	0	0
1	1	UID1420583	1	1	0	0
1	1	UID1420596	1	1	0	0
1	1	UID1420606	1	1	0	0
1	1	UID1420609	1	1	0	0
1	1	UID1420622	1	1	0	0
1	1	UID1420625	1	1	0	0
1	1	UID1420636	1	1	0	0
1	1	UID1420638	1	1	0	0
1	1	UID1420644	1	1	0	0
1	1	UID1420648	1	1	0	0
1	1	UID1420649	1	1	0	0
1	1	UID1420656	1	1	0	0
1	1	UID1420657	1	1	0	0
1	1	UID1420661	1	1	0	0
1	1	UID1420662	1	1	0	0
1	1	UID1420663	1	1	0	0
1	1	UID1420674	1	1	0	0
1	1	UID1420675	1	1	0	0
1	1	UID1420694	1	1	0	0
1	1	UID1420697	1	1	0	0
1	1	UID1420704	1	1	0	0
1	1	UID1420709	1	1	0	0
1	1	UID1420734	1	1	0	0
1	1	UID1420737	1	1	0	0
1	1	UID1420748	1	1	0	0
1	1	UID1420755	1	1	0	0
1	1	UID1420758	1	1	0	0
1	1	UID1420778	1	1	0	0
1	1	UID1420802	1	1	0	0
1	1	UID1420817	1	1	0	0
1	1	UID1420822	1	1	0	0
1	1	UID1420827	1	1	0	0
1	1	UID1420831	1	1	0	0
1	1	UID1420832	1	1	0	0
1	1	UID1420834	1	1	0	0
1	1	UID1420848	1	1	0	0
1	1	UID1420853	1	1	0	0
1	1	UID1420862	1	1	0	0
1	1	UID1420867	1	1	0	0
1	1	UID1420879	1	1	0	0
1	1	UID1420886	1	1	0	0
1	1	UID1420893	1	1	0	0
1	1	UID1420894	1	1	0	0
1	1	UID1420895	1	1	0	0
1	1	UID1420896	1	1	0	0
1	1	UID1420897	1	1	0	0
1	1	UID1420898	1	1	0	0
1	1	UID1420904	1	1	0	0
1	1	UID1420905	1	1	0	0
1	1	UID1420907	1	1	0	0
1	1	UID1420908	1	1	0	0
1	1	UID1420924	1	1	0	0
1	1	UID1420925	1	1	0	0
1	1	UID1420928	1	1	0	0
1	1	UID1420929	1	1	0	0
1	1	UID1420931	1	1	0	0
1	1	UID1420949	1	1	0	0
1	1	UID1420951	1	1	0	0
1	1	UID1420955	1	1	0	0
1	1	UID1420956	1	1	0	0
1	1	UID1420957	1	1	0	0
1	1	UID1420958	1	1	0	0
1	1	UID1420959	1	1	0	0
1	1	UID1420962	1	1	0	0
1	1	UID1420963	1	1	0	0
1	1	UID1420964	1	1	0	0
1	1	UID1420965	1	1	0	0
1	1	UID1420967	1	1	0	0
1	1	UID1420968	1	1	0	0
1	1	UID1420969	1	1	0	0
1	1	UID1420976	1	1	0	0
1	1	UID1420980	1	1	0	0
1	1	UID1420987	1	1	0	0
1	1	UID1420997	1	1	0	0
1	1	UID1420998	1	1	0	0
1	1	UID1421017	1	1	0	0
1	1	UID1421018	1	1	0	0
1	1	UID1421022	1	1	0	0
1	1	UID1421026	1	1	0	0
1	1	UID1421028	1	1	0	0
1	1	UID1421029	1	1	0	0
1	1	UID1421030	1	1	0	0
1	1	UID1421031	1	1	0	0
1	1	UID1421032	1	1	0	0
1	1	UID1421033	1	1	0	0
1	1	UID1421034	1	1	0	0
1	1	UID1421035	1	1	0	0
1	1	UID1421039	1	1	0	0
1	1	UID1421040	1	1	0	0
1	1	UID1421041	1	1	0	0
1	1	UID1421042	1	1	0	0
1	1	UID1421043	1	1	0	0
1	1	UID1421044	1	1	0	0
1	1	UID1421045	1	1	0	0
1	1	UID1421047	1	1	0	0
1	1	UID1421048	1	1	0	0
1	1	UID1421049	1	1	0	0
1	1	UID1421059	1	1	0	0
1	1	UID1421061	1	1	0	0
1	1	UID1421064	1	1	0	0
1	1	UID1421065	1	1	0	0
1	1	UID1421067	1	1	0	0
1	1	UID1421081	1	1	0	0
1	1	UID1421084	1	1	0	0
1	1	UID1421085	1	1	0	0
1	1	UID1421089	1	1	0	0
1	1	UID1421096	1	1	0	0
1	1	UID1421099	1	1	0	0
1	1	UID1421100	1	1	0	0
1	1	UID1421102	1	1	0	0
1	1	UID1421110	1	1	0	0
1	1	UID1421120	1	1	0	0
1	1	UID1421123	1	1	0	0
1	1	UID1421124	1	1	0	0
1	1	UID1421125	1	1	0	0
1	1	UID1421127	1	1	0	0
1	1	UID1421144	1	1	0	0
1	1	UID1421167	1	1	0	0
1	1	UID1421173	1	1	0	0
1	1	UID1421188	1	1	0	0
1	1	UID1421191	1	1	0	0
1	1	UID1421195	1	1	0	0
1	1	UID1421198	1	1	0	0
1	1	UID1421211	1	1	0	0
1	1	UID1421212	1	1	0	0
1	1	UID1421214	1	1	0	0
1	1	UID1421218	1	1	0	0
1	1	UID1421229	1	1	0	0
1	1	UID1421238	1	1	0	0
1	1	UID1421240	1	1	0	0
1	1	UID1421246	1	1	0	0
1	1	UID1421255	1	1	0	0
1	1	UID1421256	1	1	0	0
1	1	UID1421258	1	1	0	0
1	1	UID1421259	1	1	0	0
1	1	UID1421260	1	1	0	0
1	1	UID1421261	1	1	0	0
1	1	UID1421266	1	1	0	0
1	1	UID1421275	1	1	0	0
1	1	UID1421277	1	1	0	0
1	1	UID1421278	1	1	0	0
1	1	UID1421279	1	1	0	0
1	1	UID1421280	1	1	0	0
1	1	UID1421302	1	1	0	0
1	1	UID1421303	1	1	0	0
1	1	UID1421312	1	1	0	0
1	1	UID1421314	1	1	0	0
1	1	UID1421321	1	1	0	0
1	1	UID1421322	1	1	0	0
1	1	UID1421323	1	1	0	0
1	1	UID1421324	1	1	0	0
1	1	UID1421327	1	1	0	0
1	1	UID1421338	1	1	0	0
1	1	UID180940	1	1	0	0
1	1	UID18916	1	1	0	0
1	1	UID193956	1	1	0	0
1	1	UID27094	1	1	0	0
1	1	UID27100	1	1	0	0
1	1	UID383732	1	1	0	0
1	1	UID4057	1	1	0	0
1	1	UID48723	1	1	0	0
1	1	UID53299	1	1	0	0
1	1	UID5821	1	1	0	0
