1453	17384	UID1	12459	1114	3	3
205	523	UID21315	275	170	3	3
46	116	UID2	68	42	2	2
42	108	UID23	64	38	2	2
31	87	UID118	54	27	1	1
42	96	UID25	53	39	2	2
43	96	UID56	53	41	2	2
38	91	UID93	53	36	2	2
31	84	UID92	52	28	1	1
21	71	UID27	49	18	1	1
18	66	UID30	49	17	1	1
34	84	UID70	49	31	1	1
28	78	UID150	48	24	1	1
72	124	UID36721	48	66	2	2
39	87	UID49	48	37	2	2
29	76	UID76	48	28	1	1
39	89	UID83	48	36	1	1
37	84	UID67	46	34	1	1
39	88	UID72	46	34	2	2
35	83	UID82	46	32	2	2
25	70	UID173	45	23	2	2
32	79	UID81	45	28	1	1
34	78	UID84	45	33	1	1
25	70	UID88	45	23	1	1
28	73	UID97	45	26	1	1
29	73	UID156	44	27	1	1
30	74	UID44	43	27	2	2
30	73	UID50	43	28	2	2
26	69	UID54	43	24	1	1
29	70	UID103	42	28	1	1
30	74	UID128	42	26	2	2
34	76	UID130	42	32	1	1
24	65	UID133	42	23	1	1
25	67	UID38	42	23	1	1
25	69	UID40	42	21	1	1
25	66	UID147	40	22	2	2
28	68	UID66	40	26	1	1
28	67	UID113	39	26	1	1
29	68	UID188	39	27	1	1
19	56	UID21	38	18	1	1
23	61	UID229	38	21	2	2
19	56	UID63	38	18	1	1
23	60	UID86	38	22	1	1
24	61	UID114	37	22	1	1
17	53	UID124	37	16	1	1
29	65	UID55	37	28	1	1
30	68	UID85	37	28	1	1
26	61	UID16	36	25	1	1
24	61	UID90	36	21	1	1
20	54	UID108	35	19	1	1
22	57	UID129	34	19	1	1
28	61	UID98	34	27	1	1
21	53	UID136	33	20	1	1
14	46	UID159	33	13	1	1
19	52	UID168	33	17	1	1
22	56	UID169	33	19	1	1
23	56	UID190	33	21	1	1
22	55	UID220	33	20	2	2
21	54	UID253	33	19	1	1
16	49	UID87	33	14	2	2
24	57	UID134	32	21	1	1
19	50	UID141	32	18	2	2
14	45	UID144	32	13	1	1
17	48	UID151	32	16	1	1
15	46	UID161	32	14	1	1
46	77	UID19998	32	45	2	2
20	51	UID214	32	19	1	1
23	54	UID60	32	22	1	1
28	62	UID62	32	24	2	2
18	48	UID167	31	17	1	1
17	46	UID19	30	16	1	1
17	47	UID200	30	15	1	1
17	46	UID232	30	16	1	1
24	53	UID47	30	23	1	1
13	41	UID109	29	12	1	1
17	45	UID142	29	16	1	1
20	48	UID189	29	19	1	1
27	56	UID30489	29	25	2	2
25	54	UID42	29	23	1	1
28	55	UID162	28	27	2	2
14	41	UID170	28	13	1	1
22	49	UID171	28	21	1	1
14	41	UID216	28	13	1	1
19	46	UID41	28	18	1	1
12	39	UID102	27	10	1	1
17	44	UID143	27	15	1	1
20	47	UID146	27	18	2	2
18	44	UID203	27	17	1	1
13	38	UID183	26	12	1	1
14	39	UID260	26	13	1	1
15	40	UID77	26	14	1	1
17	42	UID107	25	15	2	2
18	41	UID140	24	17	1	1
20	43	UID199	24	19	1	1
12	36	UID222	24	10	1	1
15	38	UID231	24	14	1	1
14	37	UID331	24	13	1	1
15	38	UID380	24	14	1	1
5	27	UID158	23	4	1	1
19	41	UID215	23	18	1	1
8	30	UID262	23	7	1	1
15	35	UID137	21	14	1	1
9	29	UID218	21	8	1	1
15	36	UID221	21	13	1	1
11	31	UID341	21	10	1	1
9	29	UID531	21	8	1	1
15	34	UID100	20	14	2	2
14	33	UID196	20	13	1	1
9	28	UID263	20	8	1	1
10	28	UID181	19	9	1	1
7	25	UID309	19	6	1	1
13	31	UID596	19	12	1	1
9	26	UID178	18	8	1	1
20	37	UID197	18	19	1	1
7	24	UID278	18	6	1	1
11	27	UID176	17	10	1	1
6	22	UID240	17	5	1	1
11	27	UID285	17	10	1	1
63	85	UID30533	17	60	3	3
11	27	UID349	17	10	1	1
12	27	UID227	16	11	1	1
8	24	UID237	16	6	1	1
15	30	UID239	16	14	2	2
13	29	UID272	16	11	1	1
4	19	UID367	16	3	1	1
6	21	UID521	16	5	1	1
7	21	UID1355	15	6	1	1
20	36	UID1831372	15	18	1	1
8	22	UID201	15	7	1	1
12	26	UID292	15	11	1	1
8	22	UID361	15	7	2	2
3	17	UID410	15	2	0	0
9	23	UID476	15	8	1	1
6	19	UID2194863	14	5	2	2
15	29	UID228	14	13	1	1
8	21	UID235	14	7	1	1
20	33	UID256161	14	19	2	2
25	38	UID324	14	24	1	1
8	21	UID394	14	7	1	1
6	19	UID466	14	5	1	1
3	16	UID515	14	2	1	1
5	18	UID559	14	4	1	1
3	16	UID799	14	2	1	1
3	15	UID892	13	2	1	1
1	12	UID207	12	0	0	0
8	19	UID242	12	7	1	1
7	18	UID276	12	6	1	1
5	16	UID277	12	4	1	1
8	18	UID212	11	7	1	1
9	19	UID236	11	8	1	1
4	14	UID286	11	3	1	1
14	24	UID30116	11	13	1	1
2	12	UID318	11	1	1	1
9	19	UID365	11	8	1	1
8	17	UID163	10	7	1	1
7	16	UID172	10	6	1	1
6	15	UID177	10	5	1	1
3	12	UID259	10	2	1	1
6	15	UID337	10	5	1	1
5	15	UID362	10	3	1	1
9	18	UID363	10	8	1	1
7	16	UID432	10	6	1	1
3	12	UID53588	10	2	1	1
3	12	UID548	10	2	1	1
9	18	UID555	10	8	1	1
6	14	UID17	9	5	1	1
7	15	UID234	9	6	1	1
6	14	UID396	9	5	1	1
9	17	UID415	9	8	1	1
16	24	UID41824	9	15	1	1
2	10	UID459	9	1	1	1
5	13	UID479	9	4	1	1
9	17	UID484	9	8	2	2
5	13	UID485	9	4	1	1
5	13	UID800	9	4	1	1
2	10	UID809	9	1	0	0
5	12	UID1092	8	4	1	1
6	14	UID1321	8	4	1	1
5	12	UID198	8	4	1	1
3	10	UID251	8	2	1	1
2	9	UID391	8	1	1	1
5	12	UID4236	8	4	1	1
4	11	UID431	8	3	1	1
4	11	UID464	8	3	1	1
1	8	UID532	8	0	0	0
4	11	UID558	8	3	1	1
2	9	UID640	8	1	1	1
3	10	UID665	8	2	1	1
6	12	UID393	7	5	1	1
5	11	UID395	7	4	1	1
5	11	UID398	7	4	1	1
2	8	UID41960	7	1	0	0
4	10	UID4572	7	3	1	1
2	8	UID519	7	1	0	0
2	8	UID547	7	1	1	1
4	10	UID645	7	3	1	1
4	10	UID10312	6	2	1	1
4	9	UID182	6	3	1	1
2	7	UID308	6	1	0	0
5	10	UID32390	6	4	2	2
5	10	UID338	6	4	1	1
5	10	UID364	6	4	1	1
6	11	UID411	6	5	1	1
6	11	UID486	6	5	0	0
7	12	UID5023	6	6	1	1
4	9	UID903	6	3	1	1
2	6	UID1367	5	1	1	1
4	8	UID1421	5	3	1	1
1	5	UID154599	5	0	0	0
3	7	UID4027	5	2	1	1
4	8	UID43941	5	3	1	1
7	11	UID463	5	6	1	1
2	6	UID467	5	1	1	1
2	6	UID4991	5	1	1	1
1	5	UID57639	5	0	0	0
5	9	UID7	5	4	1	1
6	10	UID861	5	5	1	1
2	6	UID875	5	1	1	1
5	10	UID8776	5	3	1	1
3	7	UID890	5	2	1	1
2	5	UID1019219	4	1	1	1
4	7	UID1091	4	3	1	1
4	7	UID1194	4	3	1	1
21	25	UID1226622	4	19	2	2
2	5	UID1340	4	1	1	1
3	6	UID1379	4	2	1	1
2	5	UID1388	4	1	1	1
1	4	UID1399	4	0	0	0
7	10	UID243	4	6	2	2
3	6	UID252	4	2	1	1
2	5	UID28722	4	1	0	0
1	4	UID30152	4	0	0	0
1	4	UID30248	4	0	0	0
1	4	UID30487	4	0	0	0
3	6	UID3506	4	2	1	1
2	5	UID44584	4	1	1	1
1	4	UID54344	4	0	0	0
3	6	UID556	4	2	1	1
1	4	UID57352	4	0	0	0
3	6	UID58473	4	2	1	1
1	4	UID58597	4	0	0	0
7	10	UID5986	4	6	1	1
4	7	UID6776	4	3	1	1
1	4	UID6819	4	0	0	0
3	6	UID780	4	2	1	1
1	4	UID784	4	0	0	0
1	4	UID886	4	0	0	0
1	3	UID1107	3	0	0	0
4	6	UID1135	3	3	1	1
1	3	UID1190	3	0	0	0
3	5	UID1193	3	2	1	1
2	4	UID1314	3	1	1	1
1	3	UID2136519	3	0	0	0
2	4	UID2153743	3	1	1	1
1	3	UID2172191	3	0	0	0
3	5	UID2175375	3	2	0	0
1	3	UID227992	3	0	0	0
1	3	UID230404	3	0	0	0
3	5	UID230561	3	2	1	1
2	4	UID23991	3	1	0	0
2	4	UID249540	3	1	0	0
3	5	UID254575	3	2	0	0
13	15	UID30190	3	12	1	1
1	3	UID33113	3	0	0	0
1	3	UID33492	3	0	0	0
2	4	UID33655	3	1	1	1
2	4	UID4204	3	1	1	1
1	3	UID44589	3	0	0	0
1	3	UID45242	3	0	0	0
4	6	UID4575	3	3	1	1
3	5	UID465	3	2	1	1
2	4	UID487	3	1	1	1
1	3	UID4988	3	0	0	0
1	3	UID5020	3	0	0	0
9	11	UID53605	3	8	1	1
3	5	UID53958	3	2	1	1
1	3	UID5534	3	0	0	0
1	3	UID5579	3	0	0	0
1	3	UID57322	3	0	0	0
1	3	UID57874	3	0	0	0
3	5	UID586681	3	2	1	1
1	3	UID5885	3	0	0	0
3	5	UID58887	3	2	1	1
1	3	UID594464	3	0	0	0
5	7	UID620	3	4	1	1
1	3	UID6464	3	0	0	0
1	3	UID6577	3	0	0	0
2	4	UID663	3	1	1	1
5	7	UID666	3	4	1	1
3	5	UID794	3	2	0	0
2	4	UID868	3	1	0	0
4	6	UID880	3	3	1	1
1	3	UID89238	3	0	0	0
1	3	UID893	3	0	0	0
6	7	UID11594	2	5	2	2
2	3	UID1169	2	1	1	1
3	4	UID1189	2	2	1	1
3	4	UID1393	2	2	1	1
1	2	UID151441	2	0	0	0
7	8	UID177476	2	6	1	1
2	3	UID181087	2	1	1	1
1	2	UID18	2	0	0	0
4	5	UID204	2	3	1	1
3	4	UID21314	2	2	1	1
2	3	UID2153803	2	1	1	1
3	4	UID2172194	2	2	1	1
3	5	UID2194865	2	1	2	2
1	2	UID2194886	2	0	0	0
1	2	UID30121	2	0	0	0
2	3	UID30492	2	1	1	1
3	4	UID32513	2	2	1	1
3	4	UID33093	2	2	1	1
3	4	UID33241	2	2	1	1
2	3	UID33606	2	1	1	1
4	5	UID3905	2	3	1	1
2	3	UID39147	2	1	1	1
3	4	UID39310	2	2	1	1
3	4	UID409889	2	2	1	1
2	3	UID44216	2	1	1	1
3	4	UID4731	2	2	1	1
3	4	UID4775	2	2	1	1
3	4	UID488	2	2	1	1
2	3	UID53553	2	1	1	1
2	3	UID536074	2	1	1	1
2	3	UID54243	2	1	1	1
5	6	UID5431	2	4	2	2
3	4	UID5521	2	2	1	1
2	3	UID5522	2	1	1	1
2	3	UID56624	2	1	1	1
3	4	UID57106	2	2	1	1
3	4	UID5988	2	2	1	1
2	3	UID6013	2	1	1	1
2	3	UID613400	2	1	1	1
2	3	UID6678	2	1	1	1
2	3	UID679	2	1	1	1
3	4	UID72280	2	2	1	1
2	2	UID1019224	1	2	1	1
1	1	UID1028828	1	1	0	0
1	1	UID1032907	1	1	0	0
1	1	UID119116	1	1	0	0
1	1	UID1195861	1	1	0	0
1	1	UID1201758	1	1	0	0
2	2	UID1206513	1	2	1	1
1	1	UID1206596	1	1	0	0
1	1	UID128128	1	1	0	0
4	4	UID136068	1	4	2	2
1	1	UID1367337	1	1	0	0
1	1	UID1379784	1	1	0	0
1	1	UID1385	1	1	0	0
1	1	UID1474698	1	1	0	0
1	1	UID1475222	1	1	0	0
1	1	UID1476185	1	1	0	0
1	1	UID1476474	1	1	0	0
1	1	UID1518097	1	1	0	0
3	3	UID153896	1	3	1	1
1	1	UID154727	1	1	0	0
1	1	UID1561961	1	1	0	0
1	1	UID1572938	1	1	0	0
1	1	UID158159	1	1	0	0
1	1	UID169419	1	1	0	0
1	1	UID1760002	1	1	0	0
1	1	UID177536	1	1	0	0
1	1	UID1785996	1	1	0	0
3	3	UID178654	1	3	2	2
1	1	UID180742	1	1	0	0
1	1	UID180	1	1	0	0
1	1	UID2005924	1	1	0	0
1	1	UID2007679	1	1	0	0
1	1	UID209346	1	1	0	0
1	1	UID20	1	1	0	0
3	3	UID212231	1	3	1	1
1	1	UID2127825	1	1	0	0
1	1	UID2132209	1	1	0	0
1	1	UID2147974	1	1	0	0
1	1	UID2175126	1	1	0	0
1	1	UID2175155	1	1	0	0
1	1	UID2179803	1	1	0	0
1	1	UID2185718	1	1	0	0
1	1	UID218799	1	1	0	0
1	1	UID2188288	1	1	0	0
1	1	UID2194888	1	1	0	0
1	1	UID2194898	1	1	0	0
1	1	UID2194900	1	1	0	0
1	1	UID2194902	1	1	0	0
1	1	UID2194904	1	1	0	0
1	1	UID2194905	1	1	0	0
1	1	UID2194908	1	1	0	0
1	1	UID2194910	1	1	0	0
1	1	UID2194913	1	1	0	0
1	1	UID2194916	1	1	0	0
1	1	UID2194918	1	1	0	0
1	1	UID2194920	1	1	0	0
1	1	UID2194922	1	1	0	0
1	1	UID2194923	1	1	0	0
1	1	UID2194929	1	1	0	0
3	3	UID2194934	1	3	2	2
1	1	UID2194935	1	1	0	0
1	1	UID2194937	1	1	0	0
1	1	UID2194938	1	1	0	0
1	1	UID2194939	1	1	0	0
1	1	UID2194941	1	1	0	0
1	1	UID2194942	1	1	0	0
1	1	UID2194946	1	1	0	0
1	1	UID2194949	1	1	0	0
1	1	UID2194952	1	1	0	0
1	1	UID2194953	1	1	0	0
1	1	UID2194956	1	1	0	0
1	1	UID2194957	1	1	0	0
1	1	UID2194958	1	1	0	0
1	1	UID2194964	1	1	0	0
1	1	UID2194965	1	1	0	0
1	1	UID2194966	1	1	0	0
1	1	UID2194967	1	1	0	0
1	1	UID2194973	1	1	0	0
1	1	UID2194978	1	1	0	0
1	1	UID2194979	1	1	0	0
1	1	UID2194982	1	1	0	0
1	1	UID2194984	1	1	0	0
1	1	UID2194985	1	1	0	0
2	2	UID2194990	1	2	1	1
1	1	UID2194991	1	1	0	0
1	1	UID2194993	1	1	0	0
1	1	UID2194994	1	1	0	0
1	1	UID2195000	1	1	0	0
1	1	UID2195001	1	1	0	0
1	1	UID2195002	1	1	0	0
1	1	UID2195008	1	1	0	0
1	1	UID2195010	1	1	0	0
1	1	UID2195011	1	1	0	0
1	1	UID2195032	1	1	0	0
1	1	UID2195034	1	1	0	0
1	1	UID2195045	1	1	0	0
1	1	UID2195048	1	1	0	0
1	1	UID2195052	1	1	0	0
1	1	UID2195054	1	1	0	0
1	1	UID2195064	1	1	0	0
1	1	UID2195065	1	1	0	0
1	1	UID2195067	1	1	0	0
1	1	UID2195072	1	1	0	0
1	1	UID2195083	1	1	0	0
1	1	UID2195085	1	1	0	0
1	1	UID2195089	1	1	0	0
1	1	UID2195091	1	1	0	0
1	1	UID2195094	1	1	0	0
1	1	UID2195095	1	1	0	0
1	1	UID2195096	1	1	0	0
1	1	UID2195104	1	1	0	0
1	1	UID2195107	1	1	0	0
1	1	UID2195111	1	1	0	0
1	1	UID2195113	1	1	0	0
1	1	UID2195114	1	1	0	0
1	1	UID2195115	1	1	0	0
1	1	UID2195123	1	1	0	0
1	1	UID2195124	1	1	0	0
1	1	UID2195127	1	1	0	0
1	1	UID2195129	1	1	0	0
1	1	UID2195131	1	1	0	0
1	1	UID2195134	1	1	0	0
1	1	UID2195136	1	1	0	0
1	1	UID2195143	1	1	0	0
1	1	UID2195145	1	1	0	0
1	1	UID2195147	1	1	0	0
1	1	UID2195149	1	1	0	0
1	1	UID2195151	1	1	0	0
1	1	UID2195152	1	1	0	0
1	1	UID2195154	1	1	0	0
1	1	UID2195160	1	1	0	0
1	1	UID2195168	1	1	0	0
1	1	UID2195170	1	1	0	0
1	1	UID2195171	1	1	0	0
1	1	UID2195172	1	1	0	0
1	1	UID2195173	1	1	0	0
1	1	UID2195175	1	1	0	0
1	1	UID2195178	1	1	0	0
1	1	UID2195179	1	1	0	0
1	1	UID2195180	1	1	0	0
1	1	UID2195181	1	1	0	0
1	1	UID2195183	1	1	0	0
1	1	UID2195185	1	1	0	0
1	1	UID2195187	1	1	0	0
1	1	UID2195189	1	1	0	0
1	1	UID2195192	1	1	0	0
1	1	UID2195193	1	1	0	0
1	1	UID2195196	1	1	0	0
1	1	UID2195198	1	1	0	0
1	1	UID2195199	1	1	0	0
1	1	UID2195204	1	1	0	0
1	1	UID2195206	1	1	0	0
1	1	UID2195208	1	1	0	0
1	1	UID2195213	1	1	0	0
1	1	UID2195218	1	1	0	0
1	1	UID2195220	1	1	0	0
1	1	UID2195227	1	1	0	0
1	1	UID2195228	1	1	0	0
1	1	UID2195229	1	1	0	0
1	1	UID2195230	1	1	0	0
1	1	UID2195231	1	1	0	0
1	1	UID2195233	1	1	0	0
1	1	UID2195234	1	1	0	0
1	1	UID2195235	1	1	0	0
1	1	UID2195238	1	1	0	0
1	1	UID2195239	1	1	0	0
1	1	UID2195240	1	1	0	0
1	1	UID2195241	1	1	0	0
1	1	UID2195243	1	1	0	0
1	1	UID2195244	1	1	0	0
1	1	UID2195245	1	1	0	0
1	1	UID2195246	1	1	0	0
1	1	UID2195247	1	1	0	0
1	1	UID2195248	1	1	0	0
1	1	UID2195249	1	1	0	0
1	1	UID2195255	1	1	0	0
1	1	UID2195256	1	1	0	0
1	1	UID2195257	1	1	0	0
1	1	UID2195258	1	1	0	0
1	1	UID2195259	1	1	0	0
1	1	UID2195263	1	1	0	0
1	1	UID2195283	1	1	0	0
1	1	UID2195284	1	1	0	0
1	1	UID2195286	1	1	0	0
1	1	UID2195287	1	1	0	0
1	1	UID2195291	1	1	0	0
1	1	UID2195303	1	1	0	0
1	1	UID2195307	1	1	0	0
1	1	UID2195308	1	1	0	0
1	1	UID2195316	1	1	0	0
1	1	UID2195318	1	1	0	0
1	1	UID2195319	1	1	0	0
1	1	UID2195321	1	1	0	0
1	1	UID2195323	1	1	0	0
1	1	UID2195327	1	1	0	0
1	1	UID2195329	1	1	0	0
1	1	UID2195330	1	1	0	0
1	1	UID2195332	1	1	0	0
1	1	UID2195333	1	1	0	0
1	1	UID2195337	1	1	0	0
1	1	UID2195338	1	1	0	0
1	1	UID2195342	1	1	0	0
1	1	UID2195347	1	1	0	0
1	1	UID2195348	1	1	0	0
1	1	UID2195350	1	1	0	0
1	1	UID2195356	1	1	0	0
1	1	UID2195358	1	1	0	0
1	1	UID2195361	1	1	0	0
1	1	UID2195362	1	1	0	0
1	1	UID2195363	1	1	0	0
1	1	UID2195368	1	1	0	0
1	1	UID2195369	1	1	0	0
1	1	UID2195374	1	1	0	0
1	1	UID2195376	1	1	0	0
1	1	UID2195377	1	1	0	0
1	1	UID2195378	1	1	0	0
1	1	UID2195379	1	1	0	0
1	1	UID2195380	1	1	0	0
1	1	UID2195383	1	1	0	0
1	1	UID2195387	1	1	0	0
1	1	UID2195388	1	1	0	0
1	1	UID2195389	1	1	0	0
1	1	UID2195394	1	1	0	0
1	1	UID2195397	1	1	0	0
1	1	UID2195398	1	1	0	0
1	1	UID2195401	1	1	0	0
1	1	UID2195402	1	1	0	0
1	1	UID2195407	1	1	0	0
1	1	UID2195408	1	1	0	0
1	1	UID2195409	1	1	0	0
1	1	UID2195410	1	1	0	0
1	1	UID2195417	1	1	0	0
1	1	UID2195418	1	1	0	0
1	1	UID2195419	1	1	0	0
1	1	UID2195420	1	1	0	0
1	1	UID2195421	1	1	0	0
1	1	UID2195422	1	1	0	0
1	1	UID2195423	1	1	0	0
1	1	UID2195424	1	1	0	0
1	1	UID2195426	1	1	0	0
1	1	UID2195429	1	1	0	0
1	1	UID2195436	1	1	0	0
1	1	UID2195437	1	1	0	0
1	1	UID2195439	1	1	0	0
1	1	UID2195440	1	1	0	0
1	1	UID2195441	1	1	0	0
1	1	UID2195442	1	1	0	0
1	1	UID2195443	1	1	0	0
1	1	UID2195445	1	1	0	0
1	1	UID2195448	1	1	0	0
1	1	UID2195451	1	1	0	0
1	1	UID2195452	1	1	0	0
1	1	UID2195453	1	1	0	0
1	1	UID2195455	1	1	0	0
1	1	UID2195460	1	1	0	0
1	1	UID2195461	1	1	0	0
1	1	UID2195462	1	1	0	0
1	1	UID2195464	1	1	0	0
1	1	UID2195465	1	1	0	0
1	1	UID2195466	1	1	0	0
1	1	UID2195467	1	1	0	0
3	3	UID2195468	1	3	2	2
1	1	UID2195471	1	1	0	0
1	1	UID2195472	1	1	0	0
1	1	UID2195478	1	1	0	0
1	1	UID2195479	1	1	0	0
1	1	UID2195480	1	1	0	0
1	1	UID2195483	1	1	0	0
1	1	UID2195485	1	1	0	0
1	1	UID2195486	1	1	0	0
1	1	UID2195487	1	1	0	0
1	1	UID2195496	1	1	0	0
1	1	UID2195501	1	1	0	0
1	1	UID2195502	1	1	0	0
1	1	UID2195512	1	1	0	0
1	1	UID2195513	1	1	0	0
1	1	UID2195514	1	1	0	0
1	1	UID2195516	1	1	0	0
1	1	UID2195520	1	1	0	0
1	1	UID2195523	1	1	0	0
1	1	UID2195524	1	1	0	0
1	1	UID2195525	1	1	0	0
1	1	UID2195527	1	1	0	0
1	1	UID2195528	1	1	0	0
1	1	UID2195529	1	1	0	0
1	1	UID2195530	1	1	0	0
1	1	UID2195531	1	1	0	0
1	1	UID2195532	1	1	0	0
1	1	UID2195538	1	1	0	0
1	1	UID2195539	1	1	0	0
1	1	UID2195540	1	1	0	0
1	1	UID2195543	1	1	0	0
1	1	UID2195544	1	1	0	0
1	1	UID2195545	1	1	0	0
1	1	UID2195546	1	1	0	0
1	1	UID2195547	1	1	0	0
1	1	UID2195548	1	1	0	0
1	1	UID2195557	1	1	0	0
1	1	UID2195558	1	1	0	0
1	1	UID2195560	1	1	0	0
1	1	UID2195563	1	1	0	0
1	1	UID2195565	1	1	0	0
1	1	UID2195567	1	1	0	0
1	1	UID2195570	1	1	0	0
1	1	UID2195575	1	1	0	0
1	1	UID2195576	1	1	0	0
1	1	UID2195577	1	1	0	0
1	1	UID2195579	1	1	0	0
1	1	UID2195580	1	1	0	0
1	1	UID2195587	1	1	0	0
1	1	UID2195588	1	1	0	0
1	1	UID2195590	1	1	0	0
1	1	UID2195592	1	1	0	0
1	1	UID2195601	1	1	0	0
1	1	UID2195602	1	1	0	0
1	1	UID2195603	1	1	0	0
1	1	UID2195604	1	1	0	0
1	1	UID2195606	1	1	0	0
1	1	UID2195607	1	1	0	0
1	1	UID2195609	1	1	0	0
1	1	UID2195617	1	1	0	0
1	1	UID2195618	1	1	0	0
1	1	UID2195623	1	1	0	0
1	1	UID2195625	1	1	0	0
1	1	UID2195626	1	1	0	0
1	1	UID2195628	1	1	0	0
1	1	UID2195633	1	1	0	0
1	1	UID2195634	1	1	0	0
1	1	UID2195646	1	1	0	0
1	1	UID2195649	1	1	0	0
1	1	UID2195654	1	1	0	0
1	1	UID2195655	1	1	0	0
1	1	UID2195656	1	1	0	0
1	1	UID2195657	1	1	0	0
1	1	UID2195659	1	1	0	0
1	1	UID2195662	1	1	0	0
1	1	UID2195663	1	1	0	0
1	1	UID2195664	1	1	0	0
1	1	UID2195665	1	1	0	0
1	1	UID2195667	1	1	0	0
1	1	UID2195673	1	1	0	0
1	1	UID2195675	1	1	0	0
1	1	UID2195676	1	1	0	0
1	1	UID2195678	1	1	0	0
1	1	UID2195679	1	1	0	0
1	1	UID2195680	1	1	0	0
1	1	UID2195681	1	1	0	0
1	1	UID2195693	1	1	0	0
1	1	UID2195697	1	1	0	0
1	1	UID2195698	1	1	0	0
3	3	UID2195699	1	3	2	2
1	1	UID2195701	1	1	0	0
1	1	UID2195705	1	1	0	0
1	1	UID2195707	1	1	0	0
1	1	UID2195708	1	1	0	0
1	1	UID2195709	1	1	0	0
1	1	UID2195711	1	1	0	0
1	1	UID2195712	1	1	0	0
1	1	UID2195715	1	1	0	0
1	1	UID2195720	1	1	0	0
1	1	UID2195721	1	1	0	0
1	1	UID2195722	1	1	0	0
1	1	UID2195723	1	1	0	0
1	1	UID2195724	1	1	0	0
1	1	UID2195725	1	1	0	0
1	1	UID2195728	1	1	0	0
1	1	UID2195734	1	1	0	0
1	1	UID2195736	1	1	0	0
1	1	UID2195740	1	1	0	0
1	1	UID2195741	1	1	0	0
1	1	UID2195742	1	1	0	0
1	1	UID2195745	1	1	0	0
1	1	UID2195746	1	1	0	0
1	1	UID2195748	1	1	0	0
1	1	UID2195749	1	1	0	0
1	1	UID2195751	1	1	0	0
1	1	UID2195752	1	1	0	0
1	1	UID2195754	1	1	0	0
1	1	UID2195759	1	1	0	0
1	1	UID2195762	1	1	0	0
1	1	UID2195764	1	1	0	0
1	1	UID2195765	1	1	0	0
1	1	UID2195767	1	1	0	0
1	1	UID2195768	1	1	0	0
1	1	UID2195769	1	1	0	0
1	1	UID2195770	1	1	0	0
1	1	UID2195771	1	1	0	0
1	1	UID2195775	1	1	0	0
1	1	UID2195776	1	1	0	0
1	1	UID2195777	1	1	0	0
1	1	UID2195778	1	1	0	0
1	1	UID2195781	1	1	0	0
1	1	UID2195787	1	1	0	0
1	1	UID2195789	1	1	0	0
1	1	UID2195791	1	1	0	0
1	1	UID2195795	1	1	0	0
1	1	UID2195799	1	1	0	0
1	1	UID2195802	1	1	0	0
1	1	UID2195803	1	1	0	0
1	1	UID2195809	1	1	0	0
1	1	UID2195810	1	1	0	0
2	2	UID2195811	1	2	1	1
1	1	UID2195812	1	1	0	0
1	1	UID2195813	1	1	0	0
1	1	UID2195816	1	1	0	0
1	1	UID2195821	1	1	0	0
1	1	UID2195831	1	1	0	0
1	1	UID2195834	1	1	0	0
1	1	UID2195835	1	1	0	0
1	1	UID2195836	1	1	0	0
1	1	UID2195837	1	1	0	0
1	1	UID2195842	1	1	0	0
1	1	UID2195843	1	1	0	0
1	1	UID2195844	1	1	0	0
1	1	UID2195847	1	1	0	0
1	1	UID2195848	1	1	0	0
1	1	UID2195849	1	1	0	0
1	1	UID2195850	1	1	0	0
1	1	UID2195852	1	1	0	0
1	1	UID2195853	1	1	0	0
1	1	UID2195854	1	1	0	0
1	1	UID2195861	1	1	0	0
1	1	UID2195862	1	1	0	0
1	1	UID2195865	1	1	0	0
1	1	UID2195867	1	1	0	0
1	1	UID2195873	1	1	0	0
1	1	UID2195875	1	1	0	0
1	1	UID2195879	1	1	0	0
1	1	UID2195881	1	1	0	0
1	1	UID2195882	1	1	0	0
1	1	UID2195889	1	1	0	0
1	1	UID2195891	1	1	0	0
1	1	UID2195893	1	1	0	0
1	1	UID2195896	1	1	0	0
1	1	UID2195898	1	1	0	0
1	1	UID2195899	1	1	0	0
1	1	UID2195900	1	1	0	0
1	1	UID2195902	1	1	0	0
1	1	UID2195903	1	1	0	0
1	1	UID2195904	1	1	0	0
1	1	UID2195907	1	1	0	0
1	1	UID2195908	1	1	0	0
1	1	UID2195909	1	1	0	0
1	1	UID2195910	1	1	0	0
1	1	UID2195914	1	1	0	0
1	1	UID2195915	1	1	0	0
1	1	UID2195921	1	1	0	0
1	1	UID2195922	1	1	0	0
1	1	UID2195930	1	1	0	0
1	1	UID2195931	1	1	0	0
1	1	UID2195933	1	1	0	0
1	1	UID2195935	1	1	0	0
1	1	UID2195937	1	1	0	0
1	1	UID2195939	1	1	0	0
4	4	UID2195944	1	4	2	2
1	1	UID2195946	1	1	0	0
1	1	UID2195950	1	1	0	0
1	1	UID2195951	1	1	0	0
1	1	UID2195952	1	1	0	0
1	1	UID2195953	1	1	0	0
1	1	UID2195955	1	1	0	0
1	1	UID2195958	1	1	0	0
1	1	UID2195959	1	1	0	0
1	1	UID2195965	1	1	0	0
1	1	UID2195967	1	1	0	0
1	1	UID2195969	1	1	0	0
1	1	UID2195973	1	1	0	0
1	1	UID2195982	1	1	0	0
1	1	UID2195985	1	1	0	0
1	1	UID2195986	1	1	0	0
1	1	UID2195988	1	1	0	0
1	1	UID2195989	1	1	0	0
1	1	UID2196002	1	1	0	0
1	1	UID2196003	1	1	0	0
1	1	UID2196004	1	1	0	0
1	1	UID2196009	1	1	0	0
1	1	UID2196015	1	1	0	0
1	1	UID2196025	1	1	0	0
1	1	UID2196026	1	1	0	0
1	1	UID2196027	1	1	0	0
1	1	UID2196028	1	1	0	0
1	1	UID2196029	1	1	0	0
1	1	UID2196035	1	1	0	0
1	1	UID2196037	1	1	0	0
1	1	UID2196040	1	1	0	0
1	1	UID2196048	1	1	0	0
1	1	UID2196051	1	1	0	0
1	1	UID2196054	1	1	0	0
1	1	UID2196057	1	1	0	0
1	1	UID2196060	1	1	0	0
1	1	UID2196066	1	1	0	0
1	1	UID2196075	1	1	0	0
1	1	UID2196076	1	1	0	0
1	1	UID2196079	1	1	0	0
1	1	UID2196089	1	1	0	0
1	1	UID2196092	1	1	0	0
1	1	UID2196098	1	1	0	0
1	1	UID2196101	1	1	0	0
1	1	UID2196111	1	1	0	0
1	1	UID2196112	1	1	0	0
1	1	UID2196116	1	1	0	0
1	1	UID2196118	1	1	0	0
1	1	UID2196125	1	1	0	0
1	1	UID2196127	1	1	0	0
3	3	UID2196128	1	3	2	2
1	1	UID2196131	1	1	0	0
1	1	UID2196132	1	1	0	0
1	1	UID2196143	1	1	0	0
1	1	UID2196146	1	1	0	0
1	1	UID2196151	1	1	0	0
1	1	UID2196157	1	1	0	0
1	1	UID2196158	1	1	0	0
1	1	UID2196162	1	1	0	0
1	1	UID2196164	1	1	0	0
1	1	UID2196169	1	1	0	0
1	1	UID2196176	1	1	0	0
1	1	UID2196178	1	1	0	0
1	1	UID2196179	1	1	0	0
1	1	UID2196197	1	1	0	0
1	1	UID2196200	1	1	0	0
1	1	UID2196202	1	1	0	0
1	1	UID2196203	1	1	0	0
1	1	UID2196209	1	1	0	0
1	1	UID2196210	1	1	0	0
1	1	UID2196211	1	1	0	0
1	1	UID2196212	1	1	0	0
1	1	UID2196213	1	1	0	0
1	1	UID2196215	1	1	0	0
1	1	UID2196216	1	1	0	0
1	1	UID2196218	1	1	0	0
1	1	UID2196219	1	1	0	0
1	1	UID2196220	1	1	0	0
1	1	UID2196225	1	1	0	0
1	1	UID2196229	1	1	0	0
1	1	UID2196231	1	1	0	0
1	1	UID2196232	1	1	0	0
1	1	UID2196235	1	1	0	0
1	1	UID2196237	1	1	0	0
1	1	UID2196242	1	1	0	0
1	1	UID2196245	1	1	0	0
1	1	UID2196247	1	1	0	0
1	1	UID2196252	1	1	0	0
1	1	UID2196268	1	1	0	0
1	1	UID2196272	1	1	0	0
1	1	UID2196279	1	1	0	0
1	1	UID2196281	1	1	0	0
1	1	UID2196295	1	1	0	0
1	1	UID2196356	1	1	0	0
1	1	UID2196373	1	1	0	0
1	1	UID2196389	1	1	0	0
1	1	UID2196392	1	1	0	0
1	1	UID2196398	1	1	0	0
1	1	UID2196399	1	1	0	0
1	1	UID2196400	1	1	0	0
1	1	UID2196405	1	1	0	0
1	1	UID2196406	1	1	0	0
1	1	UID2196407	1	1	0	0
1	1	UID2196410	1	1	0	0
1	1	UID2196411	1	1	0	0
1	1	UID2196412	1	1	0	0
1	1	UID2196414	1	1	0	0
1	1	UID2196416	1	1	0	0
1	1	UID2196417	1	1	0	0
1	1	UID2196419	1	1	0	0
1	1	UID2196422	1	1	0	0
1	1	UID2196423	1	1	0	0
1	1	UID2196425	1	1	0	0
1	1	UID2196426	1	1	0	0
1	1	UID2196427	1	1	0	0
1	1	UID2196430	1	1	0	0
1	1	UID2196438	1	1	0	0
1	1	UID2196442	1	1	0	0
1	1	UID2196446	1	1	0	0
1	1	UID2196447	1	1	0	0
1	1	UID2196448	1	1	0	0
1	1	UID2196455	1	1	0	0
1	1	UID2196459	1	1	0	0
1	1	UID2196463	1	1	0	0
1	1	UID2196464	1	1	0	0
1	1	UID2196466	1	1	0	0
1	1	UID2196472	1	1	0	0
1	1	UID2196474	1	1	0	0
1	1	UID2196478	1	1	0	0
1	1	UID2196482	1	1	0	0
1	1	UID2196488	1	1	0	0
1	1	UID2196489	1	1	0	0
1	1	UID2196490	1	1	0	0
1	1	UID2196491	1	1	0	0
1	1	UID2196495	1	1	0	0
1	1	UID2196501	1	1	0	0
1	1	UID2196504	1	1	0	0
1	1	UID2196506	1	1	0	0
1	1	UID2196509	1	1	0	0
1	1	UID2196513	1	1	0	0
1	1	UID2196517	1	1	0	0
1	1	UID2196520	1	1	0	0
1	1	UID2196522	1	1	0	0
1	1	UID2196531	1	1	0	0
1	1	UID2196532	1	1	0	0
1	1	UID2196533	1	1	0	0
1	1	UID2196537	1	1	0	0
1	1	UID2196538	1	1	0	0
1	1	UID2196541	1	1	0	0
1	1	UID2196545	1	1	0	0
1	1	UID2196553	1	1	0	0
1	1	UID2196554	1	1	0	0
1	1	UID2196557	1	1	0	0
1	1	UID2196562	1	1	0	0
1	1	UID2196563	1	1	0	0
1	1	UID2196565	1	1	0	0
1	1	UID2196569	1	1	0	0
1	1	UID2196574	1	1	0	0
1	1	UID2196577	1	1	0	0
1	1	UID2196579	1	1	0	0
1	1	UID2196580	1	1	0	0
1	1	UID2196582	1	1	0	0
1	1	UID2196585	1	1	0	0
1	1	UID2196589	1	1	0	0
1	1	UID2196590	1	1	0	0
1	1	UID2196593	1	1	0	0
1	1	UID2196594	1	1	0	0
1	1	UID2196597	1	1	0	0
1	1	UID2196598	1	1	0	0
1	1	UID2196601	1	1	0	0
1	1	UID2196602	1	1	0	0
1	1	UID2196603	1	1	0	0
1	1	UID2196610	1	1	0	0
1	1	UID2196611	1	1	0	0
2	2	UID2196612	1	2	1	1
1	1	UID2196613	1	1	0	0
1	1	UID2196616	1	1	0	0
1	1	UID2196622	1	1	0	0
1	1	UID2196629	1	1	0	0
1	1	UID2196631	1	1	0	0
1	1	UID2196636	1	1	0	0
1	1	UID2196639	1	1	0	0
1	1	UID2196643	1	1	0	0
1	1	UID2196644	1	1	0	0
1	1	UID2196651	1	1	0	0
1	1	UID2196652	1	1	0	0
1	1	UID2196653	1	1	0	0
1	1	UID2196654	1	1	0	0
1	1	UID2196656	1	1	0	0
1	1	UID2196658	1	1	0	0
1	1	UID2196659	1	1	0	0
1	1	UID2196661	1	1	0	0
1	1	UID2196663	1	1	0	0
1	1	UID2196664	1	1	0	0
1	1	UID2196665	1	1	0	0
1	1	UID2196667	1	1	0	0
1	1	UID2196668	1	1	0	0
1	1	UID2196671	1	1	0	0
1	1	UID2196681	1	1	0	0
1	1	UID2196683	1	1	0	0
1	1	UID2196685	1	1	0	0
1	1	UID2196688	1	1	0	0
1	1	UID2196689	1	1	0	0
1	1	UID2196691	1	1	0	0
1	1	UID2196695	1	1	0	0
1	1	UID2196699	1	1	0	0
1	1	UID2196704	1	1	0	0
1	1	UID2196708	1	1	0	0
1	1	UID2196711	1	1	0	0
1	1	UID2196713	1	1	0	0
1	1	UID2196719	1	1	0	0
1	1	UID2196721	1	1	0	0
1	1	UID2196724	1	1	0	0
1	1	UID2196725	1	1	0	0
1	1	UID2196726	1	1	0	0
1	1	UID2196734	1	1	0	0
1	1	UID2196741	1	1	0	0
1	1	UID2196744	1	1	0	0
1	1	UID2196745	1	1	0	0
1	1	UID2196750	1	1	0	0
1	1	UID2196752	1	1	0	0
1	1	UID2196753	1	1	0	0
1	1	UID2196755	1	1	0	0
1	1	UID2196757	1	1	0	0
1	1	UID2196758	1	1	0	0
1	1	UID2196766	1	1	0	0
1	1	UID2196767	1	1	0	0
1	1	UID2196773	1	1	0	0
1	1	UID2196774	1	1	0	0
1	1	UID2196776	1	1	0	0
1	1	UID2196777	1	1	0	0
1	1	UID2196781	1	1	0	0
1	1	UID2196792	1	1	0	0
1	1	UID2196797	1	1	0	0
1	1	UID2196798	1	1	0	0
1	1	UID2196801	1	1	0	0
1	1	UID2196806	1	1	0	0
1	1	UID2196807	1	1	0	0
1	1	UID2196809	1	1	0	0
1	1	UID2196810	1	1	0	0
1	1	UID2196814	1	1	0	0
1	1	UID2196823	1	1	0	0
1	1	UID2196824	1	1	0	0
1	1	UID2196832	1	1	0	0
1	1	UID2196833	1	1	0	0
1	1	UID2196834	1	1	0	0
1	1	UID2196838	1	1	0	0
1	1	UID2196841	1	1	0	0
1	1	UID2196843	1	1	0	0
1	1	UID2196845	1	1	0	0
1	1	UID2196847	1	1	0	0
1	1	UID2196848	1	1	0	0
1	1	UID2196849	1	1	0	0
1	1	UID2196850	1	1	0	0
1	1	UID2196851	1	1	0	0
1	1	UID2196852	1	1	0	0
1	1	UID2196855	1	1	0	0
1	1	UID2196856	1	1	0	0
1	1	UID2196858	1	1	0	0
1	1	UID2196862	1	1	0	0
1	1	UID2196863	1	1	0	0
1	1	UID2196866	1	1	0	0
1	1	UID2196867	1	1	0	0
1	1	UID2196869	1	1	0	0
1	1	UID2196872	1	1	0	0
1	1	UID2196873	1	1	0	0
1	1	UID2196875	1	1	0	0
1	1	UID2196880	1	1	0	0
1	1	UID2196882	1	1	0	0
1	1	UID2196883	1	1	0	0
1	1	UID2196885	1	1	0	0
1	1	UID2196890	1	1	0	0
1	1	UID2196895	1	1	0	0
1	1	UID2196900	1	1	0	0
1	1	UID2196901	1	1	0	0
1	1	UID2196902	1	1	0	0
1	1	UID2196903	1	1	0	0
1	1	UID2196904	1	1	0	0
1	1	UID2196905	1	1	0	0
1	1	UID2196906	1	1	0	0
1	1	UID2196908	1	1	0	0
1	1	UID2196910	1	1	0	0
1	1	UID2196911	1	1	0	0
2	2	UID2196915	1	2	1	1
1	1	UID2196918	1	1	0	0
1	1	UID2196920	1	1	0	0
1	1	UID2196921	1	1	0	0
1	1	UID2196922	1	1	0	0
1	1	UID2196927	1	1	0	0
1	1	UID2196928	1	1	0	0
1	1	UID2196930	1	1	0	0
1	1	UID2196931	1	1	0	0
1	1	UID2196939	1	1	0	0
1	1	UID2196941	1	1	0	0
1	1	UID2196942	1	1	0	0
1	1	UID2196945	1	1	0	0
1	1	UID2196946	1	1	0	0
1	1	UID2196947	1	1	0	0
1	1	UID2196950	1	1	0	0
1	1	UID2196955	1	1	0	0
1	1	UID2196956	1	1	0	0
1	1	UID2196958	1	1	0	0
1	1	UID2196960	1	1	0	0
1	1	UID2196961	1	1	0	0
1	1	UID2196969	1	1	0	0
1	1	UID2196974	1	1	0	0
1	1	UID2196978	1	1	0	0
1	1	UID2196981	1	1	0	0
1	1	UID2196983	1	1	0	0
1	1	UID2196985	1	1	0	0
1	1	UID2196986	1	1	0	0
1	1	UID2196987	1	1	0	0
3	3	UID2196993	1	3	2	2
1	1	UID2196996	1	1	0	0
1	1	UID2197008	1	1	0	0
1	1	UID2197010	1	1	0	0
1	1	UID2197011	1	1	0	0
1	1	UID2197014	1	1	0	0
1	1	UID2197021	1	1	0	0
1	1	UID2197022	1	1	0	0
1	1	UID2197024	1	1	0	0
1	1	UID2197026	1	1	0	0
1	1	UID2197027	1	1	0	0
1	1	UID2197028	1	1	0	0
1	1	UID2197030	1	1	0	0
1	1	UID2197033	1	1	0	0
1	1	UID2197034	1	1	0	0
1	1	UID2197042	1	1	0	0
1	1	UID2197043	1	1	0	0
1	1	UID2197044	1	1	0	0
1	1	UID2197046	1	1	0	0
1	1	UID2197048	1	1	0	0
1	1	UID2197050	1	1	0	0
1	1	UID2197053	1	1	0	0
1	1	UID2197054	1	1	0	0
1	1	UID2197055	1	1	0	0
1	1	UID2197056	1	1	0	0
1	1	UID2197059	1	1	0	0
1	1	UID2197060	1	1	0	0
1	1	UID2197063	1	1	0	0
1	1	UID2197064	1	1	0	0
1	1	UID2197066	1	1	0	0
1	1	UID2197067	1	1	0	0
1	1	UID2197068	1	1	0	0
1	1	UID2197070	1	1	0	0
1	1	UID2197071	1	1	0	0
1	1	UID2197076	1	1	0	0
1	1	UID2197077	1	1	0	0
1	1	UID2197078	1	1	0	0
1	1	UID2197080	1	1	0	0
1	1	UID2197083	1	1	0	0
1	1	UID2197085	1	1	0	0
1	1	UID2197089	1	1	0	0
1	1	UID2197092	1	1	0	0
1	1	UID2197093	1	1	0	0
1	1	UID2197096	1	1	0	0
1	1	UID2197097	1	1	0	0
1	1	UID2197098	1	1	0	0
1	1	UID2197099	1	1	0	0
1	1	UID2197102	1	1	0	0
1	1	UID2197106	1	1	0	0
1	1	UID2197107	1	1	0	0
1	1	UID2197109	1	1	0	0
1	1	UID2197110	1	1	0	0
1	1	UID2197111	1	1	0	0
1	1	UID2197112	1	1	0	0
1	1	UID2197113	1	1	0	0
1	1	UID2197118	1	1	0	0
1	1	UID2197121	1	1	0	0
1	1	UID2197122	1	1	0	0
1	1	UID2197123	1	1	0	0
1	1	UID2197126	1	1	0	0
1	1	UID2197127	1	1	0	0
1	1	UID2197132	1	1	0	0
1	1	UID2197134	1	1	0	0
1	1	UID2197137	1	1	0	0
1	1	UID2197138	1	1	0	0
1	1	UID2197139	1	1	0	0
1	1	UID2197143	1	1	0	0
1	1	UID2197145	1	1	0	0
1	1	UID2197147	1	1	0	0
1	1	UID2197148	1	1	0	0
1	1	UID2197149	1	1	0	0
1	1	UID2197150	1	1	0	0
1	1	UID2197152	1	1	0	0
1	1	UID2197153	1	1	0	0
1	1	UID2197154	1	1	0	0
1	1	UID2197155	1	1	0	0
1	1	UID2197157	1	1	0	0
1	1	UID2197159	1	1	0	0
1	1	UID2197160	1	1	0	0
1	1	UID2197162	1	1	0	0
1	1	UID2197167	1	1	0	0
1	1	UID2197170	1	1	0	0
1	1	UID2197171	1	1	0	0
1	1	UID2197176	1	1	0	0
1	1	UID2197177	1	1	0	0
1	1	UID2197178	1	1	0	0
1	1	UID2197179	1	1	0	0
1	1	UID2197181	1	1	0	0
1	1	UID2197182	1	1	0	0
1	1	UID2197188	1	1	0	0
1	1	UID2197192	1	1	0	0
1	1	UID2197193	1	1	0	0
1	1	UID2197197	1	1	0	0
1	1	UID2197198	1	1	0	0
1	1	UID2197199	1	1	0	0
1	1	UID2197201	1	1	0	0
1	1	UID2197203	1	1	0	0
1	1	UID2197205	1	1	0	0
1	1	UID2197208	1	1	0	0
1	1	UID2197209	1	1	0	0
1	1	UID2197210	1	1	0	0
1	1	UID2197211	1	1	0	0
1	1	UID2197212	1	1	0	0
1	1	UID2197213	1	1	0	0
1	1	UID2197214	1	1	0	0
1	1	UID2197216	1	1	0	0
1	1	UID2197220	1	1	0	0
1	1	UID2197221	1	1	0	0
1	1	UID2197224	1	1	0	0
1	1	UID2197226	1	1	0	0
1	1	UID2197227	1	1	0	0
1	1	UID2197228	1	1	0	0
1	1	UID2197229	1	1	0	0
1	1	UID2197230	1	1	0	0
1	1	UID2197232	1	1	0	0
1	1	UID2197233	1	1	0	0
1	1	UID2197235	1	1	0	0
1	1	UID2197239	1	1	0	0
1	1	UID2197243	1	1	0	0
1	1	UID2197244	1	1	0	0
1	1	UID2197246	1	1	0	0
1	1	UID2197247	1	1	0	0
1	1	UID2197248	1	1	0	0
1	1	UID2197249	1	1	0	0
1	1	UID2197254	1	1	0	0
1	1	UID2197256	1	1	0	0
1	1	UID2197258	1	1	0	0
1	1	UID2197259	1	1	0	0
1	1	UID2197260	1	1	0	0
1	1	UID2197261	1	1	0	0
1	1	UID2197263	1	1	0	0
1	1	UID2197266	1	1	0	0
1	1	UID2197270	1	1	0	0
1	1	UID2197271	1	1	0	0
1	1	UID2197272	1	1	0	0
1	1	UID2197273	1	1	0	0
1	1	UID2197274	1	1	0	0
1	1	UID2197275	1	1	0	0
1	1	UID2197276	1	1	0	0
1	1	UID2197277	1	1	0	0
1	1	UID2197278	1	1	0	0
1	1	UID2197282	1	1	0	0
1	1	UID2197283	1	1	0	0
1	1	UID2197284	1	1	0	0
1	1	UID2197285	1	1	0	0
1	1	UID2197288	1	1	0	0
1	1	UID2197289	1	1	0	0
1	1	UID2197291	1	1	0	0
1	1	UID2197292	1	1	0	0
1	1	UID2197293	1	1	0	0
1	1	UID2197294	1	1	0	0
1	1	UID2197296	1	1	0	0
1	1	UID2197297	1	1	0	0
1	1	UID2197301	1	1	0	0
1	1	UID2197302	1	1	0	0
1	1	UID2197304	1	1	0	0
1	1	UID2197305	1	1	0	0
1	1	UID2197307	1	1	0	0
1	1	UID2197309	1	1	0	0
1	1	UID2197310	1	1	0	0
1	1	UID2197311	1	1	0	0
1	1	UID2197320	1	1	0	0
1	1	UID2197321	1	1	0	0
1	1	UID2197322	1	1	0	0
1	1	UID2197323	1	1	0	0
1	1	UID2197325	1	1	0	0
1	1	UID2197326	1	1	0	0
1	1	UID2197328	1	1	0	0
1	1	UID2197330	1	1	0	0
1	1	UID2197331	1	1	0	0
1	1	UID2197332	1	1	0	0
1	1	UID2197333	1	1	0	0
1	1	UID2197334	1	1	0	0
1	1	UID2197338	1	1	0	0
1	1	UID2197339	1	1	0	0
1	1	UID2197340	1	1	0	0
1	1	UID2197341	1	1	0	0
1	1	UID2197346	1	1	0	0
1	1	UID2197347	1	1	0	0
1	1	UID2197348	1	1	0	0
1	1	UID2197349	1	1	0	0
1	1	UID2197350	1	1	0	0
1	1	UID2197351	1	1	0	0
1	1	UID2197357	1	1	0	0
1	1	UID2197364	1	1	0	0
1	1	UID2197368	1	1	0	0
1	1	UID2197370	1	1	0	0
1	1	UID2197371	1	1	0	0
1	1	UID2197372	1	1	0	0
1	1	UID2197373	1	1	0	0
1	1	UID2197381	1	1	0	0
1	1	UID2197382	1	1	0	0
1	1	UID2197384	1	1	0	0
1	1	UID2197385	1	1	0	0
1	1	UID2197386	1	1	0	0
1	1	UID2197387	1	1	0	0
1	1	UID2197389	1	1	0	0
1	1	UID2197390	1	1	0	0
1	1	UID2197392	1	1	0	0
1	1	UID2197394	1	1	0	0
1	1	UID2197395	1	1	0	0
1	1	UID2197397	1	1	0	0
1	1	UID2197399	1	1	0	0
1	1	UID2197402	1	1	0	0
1	1	UID2197407	1	1	0	0
1	1	UID2197408	1	1	0	0
1	1	UID2197409	1	1	0	0
1	1	UID2197411	1	1	0	0
1	1	UID2197412	1	1	0	0
1	1	UID2197413	1	1	0	0
1	1	UID2197414	1	1	0	0
1	1	UID2197415	1	1	0	0
1	1	UID2197417	1	1	0	0
1	1	UID2197418	1	1	0	0
1	1	UID2197419	1	1	0	0
1	1	UID2197420	1	1	0	0
1	1	UID2197421	1	1	0	0
1	1	UID2197423	1	1	0	0
1	1	UID2197424	1	1	0	0
1	1	UID2197425	1	1	0	0
1	1	UID2197426	1	1	0	0
1	1	UID2197427	1	1	0	0
1	1	UID2197430	1	1	0	0
1	1	UID2197432	1	1	0	0
1	1	UID2197433	1	1	0	0
1	1	UID2197434	1	1	0	0
1	1	UID2197435	1	1	0	0
1	1	UID2197436	1	1	0	0
1	1	UID2197437	1	1	0	0
1	1	UID2197438	1	1	0	0
1	1	UID2197439	1	1	0	0
1	1	UID2197440	1	1	0	0
1	1	UID2197441	1	1	0	0
1	1	UID2197442	1	1	0	0
1	1	UID2197444	1	1	0	0
1	1	UID2197445	1	1	0	0
1	1	UID2197446	1	1	0	0
1	1	UID2197447	1	1	0	0
1	1	UID2197448	1	1	0	0
1	1	UID2197449	1	1	0	0
1	1	UID2197450	1	1	0	0
1	1	UID2197456	1	1	0	0
1	1	UID2197457	1	1	0	0
1	1	UID2197458	1	1	0	0
1	1	UID2197459	1	1	0	0
1	1	UID2197460	1	1	0	0
1	1	UID2197462	1	1	0	0
1	1	UID2197463	1	1	0	0
1	1	UID2197464	1	1	0	0
1	1	UID2197470	1	1	0	0
1	1	UID2197471	1	1	0	0
1	1	UID2197472	1	1	0	0
1	1	UID2197473	1	1	0	0
1	1	UID2197474	1	1	0	0
1	1	UID2197475	1	1	0	0
1	1	UID2197476	1	1	0	0
1	1	UID2197477	1	1	0	0
1	1	UID2197479	1	1	0	0
1	1	UID2197480	1	1	0	0
1	1	UID2197481	1	1	0	0
1	1	UID2197483	1	1	0	0
1	1	UID2197485	1	1	0	0
1	1	UID2197492	1	1	0	0
1	1	UID2197499	1	1	0	0
1	1	UID2197500	1	1	0	0
1	1	UID2197502	1	1	0	0
1	1	UID2197503	1	1	0	0
1	1	UID2197505	1	1	0	0
1	1	UID2197506	1	1	0	0
1	1	UID2197507	1	1	0	0
1	1	UID2197508	1	1	0	0
1	1	UID2197509	1	1	0	0
1	1	UID2197510	1	1	0	0
1	1	UID2197513	1	1	0	0
1	1	UID2197514	1	1	0	0
1	1	UID2197515	1	1	0	0
1	1	UID2197516	1	1	0	0
1	1	UID2197518	1	1	0	0
1	1	UID2197519	1	1	0	0
1	1	UID2197520	1	1	0	0
1	1	UID2197524	1	1	0	0
1	1	UID2197525	1	1	0	0
1	1	UID2197526	1	1	0	0
1	1	UID2197533	1	1	0	0
1	1	UID2197534	1	1	0	0
1	1	UID2197535	1	1	0	0
1	1	UID2197537	1	1	0	0
1	1	UID2197538	1	1	0	0
1	1	UID2197539	1	1	0	0
1	1	UID2197540	1	1	0	0
1	1	UID2197541	1	1	0	0
1	1	UID2197542	1	1	0	0
1	1	UID2197543	1	1	0	0
1	1	UID2197544	1	1	0	0
1	1	UID2197545	1	1	0	0
1	1	UID2197546	1	1	0	0
1	1	UID2197547	1	1	0	0
1	1	UID2197548	1	1	0	0
1	1	UID2197549	1	1	0	0
1	1	UID2197551	1	1	0	0
1	1	UID2197552	1	1	0	0
1	1	UID2197553	1	1	0	0
1	1	UID2197554	1	1	0	0
1	1	UID2197555	1	1	0	0
1	1	UID2197556	1	1	0	0
1	1	UID2197557	1	1	0	0
1	1	UID2197558	1	1	0	0
1	1	UID2197559	1	1	0	0
1	1	UID2197560	1	1	0	0
1	1	UID2197561	1	1	0	0
1	1	UID2197563	1	1	0	0
1	1	UID2197565	1	1	0	0
1	1	UID2197566	1	1	0	0
1	1	UID2197567	1	1	0	0
1	1	UID2197568	1	1	0	0
1	1	UID2197569	1	1	0	0
1	1	UID2197571	1	1	0	0
1	1	UID2197572	1	1	0	0
1	1	UID2197573	1	1	0	0
1	1	UID2197574	1	1	0	0
1	1	UID2197575	1	1	0	0
1	1	UID2197577	1	1	0	0
1	1	UID2197578	1	1	0	0
1	1	UID2197580	1	1	0	0
1	1	UID2197581	1	1	0	0
1	1	UID2197583	1	1	0	0
4	4	UID2197585	1	4	2	2
1	1	UID2197587	1	1	0	0
1	1	UID2197589	1	1	0	0
1	1	UID2197590	1	1	0	0
1	1	UID2197592	1	1	0	0
1	1	UID2197593	1	1	0	0
1	1	UID2197595	1	1	0	0
1	1	UID2197596	1	1	0	0
1	1	UID2197597	1	1	0	0
1	1	UID2197598	1	1	0	0
1	1	UID2197599	1	1	0	0
1	1	UID2197600	1	1	0	0
1	1	UID2197601	1	1	0	0
1	1	UID2197602	1	1	0	0
1	1	UID2197603	1	1	0	0
1	1	UID2197604	1	1	0	0
1	1	UID2197605	1	1	0	0
1	1	UID2197606	1	1	0	0
1	1	UID2197607	1	1	0	0
2	2	UID2197608	1	2	1	1
1	1	UID2197609	1	1	0	0
1	1	UID2197610	1	1	0	0
1	1	UID2197611	1	1	0	0
1	1	UID2197612	1	1	0	0
1	1	UID2197613	1	1	0	0
1	1	UID2197614	1	1	0	0
1	1	UID2197615	1	1	0	0
1	1	UID2197616	1	1	0	0
1	1	UID2197617	1	1	0	0
1	1	UID2197618	1	1	0	0
1	1	UID2197619	1	1	0	0
1	1	UID2197620	1	1	0	0
1	1	UID2197621	1	1	0	0
1	1	UID2197622	1	1	0	0
1	1	UID2197623	1	1	0	0
1	1	UID2197624	1	1	0	0
1	1	UID2197625	1	1	0	0
1	1	UID2197626	1	1	0	0
1	1	UID2197627	1	1	0	0
1	1	UID2197628	1	1	0	0
1	1	UID2197629	1	1	0	0
1	1	UID2197630	1	1	0	0
1	1	UID2197631	1	1	0	0
1	1	UID2197632	1	1	0	0
1	1	UID2197633	1	1	0	0
1	1	UID2197634	1	1	0	0
1	1	UID2197635	1	1	0	0
1	1	UID2197636	1	1	0	0
1	1	UID2197637	1	1	0	0
1	1	UID2197638	1	1	0	0
1	1	UID2197639	1	1	0	0
1	1	UID2197640	1	1	0	0
1	1	UID2197641	1	1	0	0
1	1	UID2197642	1	1	0	0
1	1	UID2197643	1	1	0	0
1	1	UID2197644	1	1	0	0
1	1	UID2197645	1	1	0	0
1	1	UID2197646	1	1	0	0
1	1	UID2197647	1	1	0	0
1	1	UID2197648	1	1	0	0
1	1	UID2197649	1	1	0	0
1	1	UID2197650	1	1	0	0
1	1	UID2197651	1	1	0	0
1	1	UID2197652	1	1	0	0
1	1	UID2197653	1	1	0	0
1	1	UID2197654	1	1	0	0
1	1	UID2197655	1	1	0	0
1	1	UID2197656	1	1	0	0
1	1	UID2197657	1	1	0	0
1	1	UID2197658	1	1	0	0
1	1	UID2197659	1	1	0	0
1	1	UID2197660	1	1	0	0
1	1	UID2197661	1	1	0	0
1	1	UID2197662	1	1	0	0
1	1	UID2197663	1	1	0	0
1	1	UID2197664	1	1	0	0
1	1	UID2197665	1	1	0	0
1	1	UID2197666	1	1	0	0
1	1	UID2197667	1	1	0	0
1	1	UID2197668	1	1	0	0
1	1	UID2197669	1	1	0	0
1	1	UID2197671	1	1	0	0
1	1	UID2197672	1	1	0	0
1	1	UID2197675	1	1	0	0
1	1	UID2197676	1	1	0	0
1	1	UID2197677	1	1	0	0
1	1	UID2197678	1	1	0	0
1	1	UID2197681	1	1	0	0
1	1	UID2197683	1	1	0	0
1	1	UID2197684	1	1	0	0
1	1	UID2197685	1	1	0	0
1	1	UID2197687	1	1	0	0
1	1	UID2197688	1	1	0	0
1	1	UID2197689	1	1	0	0
1	1	UID2197691	1	1	0	0
1	1	UID2197692	1	1	0	0
1	1	UID2197694	1	1	0	0
1	1	UID2197696	1	1	0	0
1	1	UID2197698	1	1	0	0
1	1	UID2197699	1	1	0	0
1	1	UID2197701	1	1	0	0
1	1	UID2197702	1	1	0	0
1	1	UID2197707	1	1	0	0
1	1	UID2197708	1	1	0	0
1	1	UID2197709	1	1	0	0
1	1	UID2197710	1	1	0	0
1	1	UID2197711	1	1	0	0
1	1	UID2197713	1	1	0	0
1	1	UID2197715	1	1	0	0
1	1	UID2197716	1	1	0	0
1	1	UID2197719	1	1	0	0
1	1	UID2197738	1	1	0	0
1	1	UID2197739	1	1	0	0
1	1	UID2197740	1	1	0	0
1	1	UID2197746	1	1	0	0
1	1	UID2197758	1	1	0	0
1	1	UID2197760	1	1	0	0
1	1	UID2197761	1	1	0	0
1	1	UID2197763	1	1	0	0
1	1	UID2197767	1	1	0	0
1	1	UID2197768	1	1	0	0
1	1	UID2197769	1	1	0	0
1	1	UID2197770	1	1	0	0
1	1	UID2197771	1	1	0	0
1	1	UID2197772	1	1	0	0
1	1	UID2197775	1	1	0	0
1	1	UID2197777	1	1	0	0
1	1	UID2197778	1	1	0	0
1	1	UID2197780	1	1	0	0
1	1	UID2197781	1	1	0	0
1	1	UID2197782	1	1	0	0
1	1	UID2197783	1	1	0	0
1	1	UID2197784	1	1	0	0
1	1	UID2197785	1	1	0	0
1	1	UID2197786	1	1	0	0
1	1	UID2197787	1	1	0	0
1	1	UID2197789	1	1	0	0
1	1	UID2197791	1	1	0	0
1	1	UID2197792	1	1	0	0
1	1	UID2197793	1	1	0	0
1	1	UID2197797	1	1	0	0
1	1	UID2197798	1	1	0	0
1	1	UID2197799	1	1	0	0
1	1	UID2197800	1	1	0	0
1	1	UID2197802	1	1	0	0
1	1	UID2197803	1	1	0	0
1	1	UID2197804	1	1	0	0
1	1	UID2197805	1	1	0	0
1	1	UID2197808	1	1	0	0
1	1	UID2197809	1	1	0	0
1	1	UID2197810	1	1	0	0
1	1	UID2197811	1	1	0	0
1	1	UID2197813	1	1	0	0
1	1	UID2197817	1	1	0	0
1	1	UID2197818	1	1	0	0
1	1	UID2197819	1	1	0	0
1	1	UID2197822	1	1	0	0
1	1	UID2197823	1	1	0	0
1	1	UID2197824	1	1	0	0
1	1	UID2197828	1	1	0	0
1	1	UID2197830	1	1	0	0
1	1	UID2197832	1	1	0	0
1	1	UID2197833	1	1	0	0
1	1	UID2197834	1	1	0	0
1	1	UID2197838	1	1	0	0
1	1	UID2197839	1	1	0	0
1	1	UID2197841	1	1	0	0
1	1	UID2197846	1	1	0	0
1	1	UID2197850	1	1	0	0
1	1	UID2197853	1	1	0	0
1	1	UID2197857	1	1	0	0
1	1	UID2197882	1	1	0	0
1	1	UID2197884	1	1	0	0
1	1	UID2197886	1	1	0	0
1	1	UID2197892	1	1	0	0
1	1	UID2197895	1	1	0	0
1	1	UID2197896	1	1	0	0
1	1	UID2197899	1	1	0	0
1	1	UID2197900	1	1	0	0
1	1	UID2197903	1	1	0	0
1	1	UID2197904	1	1	0	0
1	1	UID2197907	1	1	0	0
1	1	UID2197908	1	1	0	0
1	1	UID2197913	1	1	0	0
1	1	UID2197914	1	1	0	0
1	1	UID2197915	1	1	0	0
1	1	UID2197916	1	1	0	0
1	1	UID2197917	1	1	0	0
1	1	UID2197918	1	1	0	0
1	1	UID2197919	1	1	0	0
1	1	UID2197920	1	1	0	0
1	1	UID2197921	1	1	0	0
1	1	UID2197922	1	1	0	0
1	1	UID2197923	1	1	0	0
1	1	UID2197924	1	1	0	0
1	1	UID2197926	1	1	0	0
1	1	UID2197927	1	1	0	0
1	1	UID2197930	1	1	0	0
1	1	UID2197933	1	1	0	0
1	1	UID2197937	1	1	0	0
1	1	UID2197938	1	1	0	0
1	1	UID2197940	1	1	0	0
1	1	UID2197942	1	1	0	0
1	1	UID2197949	1	1	0	0
1	1	UID2197953	1	1	0	0
1	1	UID2197956	1	1	0	0
1	1	UID2197957	1	1	0	0
1	1	UID2197959	1	1	0	0
1	1	UID2197962	1	1	0	0
1	1	UID2197963	1	1	0	0
1	1	UID2197964	1	1	0	0
1	1	UID2197972	1	1	0	0
1	1	UID2197973	1	1	0	0
1	1	UID2197974	1	1	0	0
3	3	UID2197975	1	3	2	2
1	1	UID2197976	1	1	0	0
1	1	UID2197977	1	1	0	0
1	1	UID2197978	1	1	0	0
1	1	UID2197984	1	1	0	0
1	1	UID2197985	1	1	0	0
1	1	UID2197988	1	1	0	0
1	1	UID2197990	1	1	0	0
1	1	UID2197991	1	1	0	0
1	1	UID2197995	1	1	0	0
1	1	UID2198010	1	1	0	0
1	1	UID2198014	1	1	0	0
1	1	UID2198016	1	1	0	0
1	1	UID2198018	1	1	0	0
1	1	UID2198021	1	1	0	0
1	1	UID2198023	1	1	0	0
1	1	UID2198025	1	1	0	0
1	1	UID2198029	1	1	0	0
2	2	UID2198030	1	2	1	1
1	1	UID2198031	1	1	0	0
1	1	UID2198032	1	1	0	0
1	1	UID2198033	1	1	0	0
1	1	UID2198043	1	1	0	0
1	1	UID2198044	1	1	0	0
1	1	UID2198045	1	1	0	0
1	1	UID2198046	1	1	0	0
1	1	UID2198052	1	1	0	0
1	1	UID2198055	1	1	0	0
1	1	UID2198058	1	1	0	0
1	1	UID2198059	1	1	0	0
1	1	UID2198071	1	1	0	0
1	1	UID2198072	1	1	0	0
1	1	UID2198074	1	1	0	0
1	1	UID2198079	1	1	0	0
1	1	UID2198084	1	1	0	0
1	1	UID2198087	1	1	0	0
1	1	UID2198093	1	1	0	0
1	1	UID2198096	1	1	0	0
1	1	UID2198097	1	1	0	0
1	1	UID2198099	1	1	0	0
1	1	UID2198102	1	1	0	0
1	1	UID2198103	1	1	0	0
1	1	UID2198104	1	1	0	0
1	1	UID2198107	1	1	0	0
1	1	UID2198108	1	1	0	0
1	1	UID2198113	1	1	0	0
1	1	UID2198122	1	1	0	0
1	1	UID2198126	1	1	0	0
1	1	UID2198127	1	1	0	0
1	1	UID2198134	1	1	0	0
1	1	UID2198138	1	1	0	0
1	1	UID2198140	1	1	0	0
1	1	UID2198143	1	1	0	0
1	1	UID2198144	1	1	0	0
1	1	UID2198146	1	1	0	0
1	1	UID2198147	1	1	0	0
1	1	UID2198148	1	1	0	0
1	1	UID2198150	1	1	0	0
1	1	UID2198153	1	1	0	0
1	1	UID2198154	1	1	0	0
1	1	UID2198155	1	1	0	0
1	1	UID2198157	1	1	0	0
1	1	UID2198158	1	1	0	0
1	1	UID2198159	1	1	0	0
1	1	UID2198160	1	1	0	0
1	1	UID2198161	1	1	0	0
1	1	UID2198162	1	1	0	0
1	1	UID2198164	1	1	0	0
1	1	UID2198166	1	1	0	0
1	1	UID2198167	1	1	0	0
1	1	UID2198168	1	1	0	0
1	1	UID2198169	1	1	0	0
1	1	UID2198170	1	1	0	0
1	1	UID2198171	1	1	0	0
1	1	UID2198172	1	1	0	0
1	1	UID2198173	1	1	0	0
1	1	UID2198174	1	1	0	0
1	1	UID2198176	1	1	0	0
1	1	UID2198180	1	1	0	0
1	1	UID2198182	1	1	0	0
1	1	UID2198183	1	1	0	0
1	1	UID2198184	1	1	0	0
1	1	UID2198186	1	1	0	0
1	1	UID2198187	1	1	0	0
1	1	UID2198188	1	1	0	0
1	1	UID2198189	1	1	0	0
1	1	UID2198201	1	1	0	0
1	1	UID2198203	1	1	0	0
1	1	UID2198204	1	1	0	0
1	1	UID2198205	1	1	0	0
1	1	UID2198211	1	1	0	0
1	1	UID2198212	1	1	0	0
1	1	UID2198214	1	1	0	0
1	1	UID2198219	1	1	0	0
1	1	UID2198220	1	1	0	0
1	1	UID2198221	1	1	0	0
1	1	UID2198222	1	1	0	0
1	1	UID2198223	1	1	0	0
1	1	UID2198226	1	1	0	0
1	1	UID2198237	1	1	0	0
1	1	UID2198240	1	1	0	0
1	1	UID2198241	1	1	0	0
1	1	UID2198242	1	1	0	0
1	1	UID2198245	1	1	0	0
1	1	UID2198246	1	1	0	0
1	1	UID2198252	1	1	0	0
1	1	UID2198257	1	1	0	0
1	1	UID2198261	1	1	0	0
1	1	UID2198262	1	1	0	0
1	1	UID2198263	1	1	0	0
1	1	UID2198266	1	1	0	0
1	1	UID2198267	1	1	0	0
1	1	UID2198268	1	1	0	0
1	1	UID2198273	1	1	0	0
1	1	UID2198274	1	1	0	0
1	1	UID2198275	1	1	0	0
1	1	UID2198276	1	1	0	0
1	1	UID2198277	1	1	0	0
1	1	UID2198278	1	1	0	0
1	1	UID2198279	1	1	0	0
1	1	UID2198281	1	1	0	0
1	1	UID2198282	1	1	0	0
1	1	UID2198286	1	1	0	0
1	1	UID2198288	1	1	0	0
1	1	UID2198289	1	1	0	0
1	1	UID2198290	1	1	0	0
1	1	UID2198291	1	1	0	0
1	1	UID2198292	1	1	0	0
1	1	UID2198293	1	1	0	0
1	1	UID2198294	1	1	0	0
1	1	UID2198295	1	1	0	0
1	1	UID2198297	1	1	0	0
1	1	UID2198298	1	1	0	0
1	1	UID2198299	1	1	0	0
1	1	UID2198300	1	1	0	0
1	1	UID2198302	1	1	0	0
1	1	UID2198303	1	1	0	0
1	1	UID2198304	1	1	0	0
1	1	UID2198305	1	1	0	0
1	1	UID2198306	1	1	0	0
1	1	UID2198307	1	1	0	0
1	1	UID2198308	1	1	0	0
1	1	UID2198310	1	1	0	0
1	1	UID2198311	1	1	0	0
1	1	UID2198312	1	1	0	0
1	1	UID2198313	1	1	0	0
1	1	UID2198314	1	1	0	0
1	1	UID2198315	1	1	0	0
1	1	UID2198316	1	1	0	0
1	1	UID2198317	1	1	0	0
1	1	UID2198318	1	1	0	0
1	1	UID2198320	1	1	0	0
1	1	UID2198322	1	1	0	0
1	1	UID2198323	1	1	0	0
1	1	UID2198325	1	1	0	0
1	1	UID2198326	1	1	0	0
1	1	UID2198327	1	1	0	0
1	1	UID2198328	1	1	0	0
1	1	UID2198329	1	1	0	0
1	1	UID2198332	1	1	0	0
1	1	UID2198333	1	1	0	0
1	1	UID2198335	1	1	0	0
1	1	UID2198336	1	1	0	0
1	1	UID2198337	1	1	0	0
1	1	UID2198340	1	1	0	0
1	1	UID2198352	1	1	0	0
1	1	UID2198364	1	1	0	0
1	1	UID2198369	1	1	0	0
1	1	UID2198370	1	1	0	0
1	1	UID2198372	1	1	0	0
1	1	UID2198373	1	1	0	0
1	1	UID2198375	1	1	0	0
1	1	UID2198376	1	1	0	0
1	1	UID2198378	1	1	0	0
1	1	UID2198379	1	1	0	0
1	1	UID2198380	1	1	0	0
1	1	UID2198381	1	1	0	0
1	1	UID2198383	1	1	0	0
1	1	UID2198384	1	1	0	0
1	1	UID2198385	1	1	0	0
1	1	UID2198386	1	1	0	0
1	1	UID2198387	1	1	0	0
1	1	UID2198388	1	1	0	0
1	1	UID2198389	1	1	0	0
1	1	UID2198390	1	1	0	0
1	1	UID2198392	1	1	0	0
1	1	UID2198394	1	1	0	0
1	1	UID2198395	1	1	0	0
1	1	UID2198396	1	1	0	0
1	1	UID2198398	1	1	0	0
1	1	UID2198399	1	1	0	0
1	1	UID2198403	1	1	0	0
1	1	UID2198406	1	1	0	0
1	1	UID2198407	1	1	0	0
1	1	UID2198408	1	1	0	0
1	1	UID2198410	1	1	0	0
1	1	UID2198413	1	1	0	0
1	1	UID2198414	1	1	0	0
1	1	UID2198415	1	1	0	0
1	1	UID2198416	1	1	0	0
4	4	UID2198418	1	4	2	2
1	1	UID2198420	1	1	0	0
1	1	UID2198422	1	1	0	0
1	1	UID2198424	1	1	0	0
1	1	UID2198425	1	1	0	0
1	1	UID2198426	1	1	0	0
1	1	UID2198427	1	1	0	0
1	1	UID2198430	1	1	0	0
1	1	UID2198431	1	1	0	0
1	1	UID2198432	1	1	0	0
1	1	UID2198433	1	1	0	0
1	1	UID2198434	1	1	0	0
1	1	UID2198435	1	1	0	0
1	1	UID2198436	1	1	0	0
1	1	UID2198437	1	1	0	0
1	1	UID2198438	1	1	0	0
1	1	UID2198439	1	1	0	0
1	1	UID2198440	1	1	0	0
1	1	UID2198441	1	1	0	0
1	1	UID2198442	1	1	0	0
1	1	UID2198444	1	1	0	0
1	1	UID2198445	1	1	0	0
1	1	UID2198446	1	1	0	0
1	1	UID2198447	1	1	0	0
1	1	UID2198448	1	1	0	0
1	1	UID2198449	1	1	0	0
1	1	UID2198451	1	1	0	0
1	1	UID2198452	1	1	0	0
1	1	UID2198454	1	1	0	0
1	1	UID2198455	1	1	0	0
1	1	UID2198461	1	1	0	0
1	1	UID2198462	1	1	0	0
1	1	UID2198463	1	1	0	0
1	1	UID2198464	1	1	0	0
1	1	UID2198466	1	1	0	0
1	1	UID2198467	1	1	0	0
1	1	UID2198468	1	1	0	0
1	1	UID2198470	1	1	0	0
1	1	UID2198471	1	1	0	0
1	1	UID2198472	1	1	0	0
1	1	UID2198473	1	1	0	0
1	1	UID2198476	1	1	0	0
1	1	UID2198477	1	1	0	0
1	1	UID2198479	1	1	0	0
1	1	UID2198481	1	1	0	0
1	1	UID2198482	1	1	0	0
1	1	UID2198483	1	1	0	0
1	1	UID2198484	1	1	0	0
1	1	UID2198494	1	1	0	0
1	1	UID2198495	1	1	0	0
1	1	UID2198498	1	1	0	0
1	1	UID2198500	1	1	0	0
1	1	UID2198501	1	1	0	0
1	1	UID2198504	1	1	0	0
1	1	UID2198509	1	1	0	0
1	1	UID2198510	1	1	0	0
1	1	UID2198512	1	1	0	0
1	1	UID2198513	1	1	0	0
1	1	UID2198514	1	1	0	0
1	1	UID2198515	1	1	0	0
1	1	UID2198520	1	1	0	0
1	1	UID2198521	1	1	0	0
1	1	UID2198525	1	1	0	0
1	1	UID2198529	1	1	0	0
1	1	UID2198531	1	1	0	0
1	1	UID2198532	1	1	0	0
1	1	UID2198537	1	1	0	0
1	1	UID2198539	1	1	0	0
1	1	UID2198541	1	1	0	0
1	1	UID2198543	1	1	0	0
1	1	UID2198546	1	1	0	0
1	1	UID2198551	1	1	0	0
1	1	UID2198552	1	1	0	0
1	1	UID2198557	1	1	0	0
1	1	UID235236	1	1	0	0
1	1	UID239960	1	1	0	0
1	1	UID240333	1	1	0	0
1	1	UID254596	1	1	0	0
1	1	UID279104	1	1	0	0
1	1	UID300359	1	1	0	0
1	1	UID30118	1	1	0	0
1	1	UID30162	1	1	0	0
1	1	UID30532	1	1	0	0
1	1	UID37053	1	1	0	0
1	1	UID37593	1	1	0	0
1	1	UID38447	1	1	0	0
1	1	UID38595	1	1	0	0
1	1	UID4010	1	1	0	0
1	1	UID41321	1	1	0	0
1	1	UID41366	1	1	0	0
1	1	UID41749	1	1	0	0
1	1	UID439734	1	1	0	0
1	1	UID4459	1	1	0	0
1	1	UID52981	1	1	0	0
2	2	UID53417	1	2	1	1
1	1	UID53717	1	1	0	0
1	1	UID54563	1	1	0	0
1	1	UID57602	1	1	0	0
1	1	UID586754	1	1	0	0
1	1	UID598	1	1	0	0
1	1	UID60266	1	1	0	0
1	1	UID607736	1	1	0	0
1	1	UID713211	1	1	0	0
1	1	UID75088	1	1	0	0
1	1	UID751070	1	1	0	0
1	1	UID77726	1	1	0	0
1	1	UID80902	1	1	0	0
1	1	UID85243	1	1	0	0
1	1	UID923	1	1	0	0
1	1	UID928	1	1	0	0
1	1	UID987	1	1	0	0
1	1	UID989831	1	1	0	0
