4046	22447	UID1	11201	3421	6	6
354	1004	UID2	475	270	4	4
615	1313	UID1424281	398	513	6	6
274	552	UID27100	209	229	4	4
321	618	UID27098	194	276	4	4
229	443	UID653	174	198	4	4
160	351	UID310	173	144	4	4
180	408	UID18916	166	154	3	3
227	392	UID61260	103	210	3	3
97	170	UID554	63	87	2	2
180	285	UID27087	62	165	5	5
45	103	UID85	52	41	2	2
67	121	UID27092	50	62	2	2
51	97	UID99	45	48	2	2
46	94	UID189	44	43	2	2
47	87	UID29	40	45	2	2
36	74	UID131	39	35	2	2
37	76	UID208	38	34	2	2
27	65	UID207	37	24	1	1
43	82	UID182	36	38	2	2
50	87	UID77	36	47	3	3
35	74	UID72	35	30	2	2
44	78	UID94	35	43	2	2
44	77	UID138	33	42	2	2
41	75	UID60720	33	39	2	2
24	57	UID115	32	21	2	2
22	52	UID146	31	21	1	1
26	56	UID228	31	25	1	1
33	63	UID132701	29	30	3	3
31	60	UID8087	28	29	3	3
26	53	UID294	27	24	2	2
27	54	UID27093	26	24	2	2
19	43	UID157	25	18	2	2
22	46	UID194	25	21	2	2
26	50	UID180	24	24	2	2
33	60	UID84	24	30	2	2
39	64	UID8924	24	36	4	4
28	51	UID206	23	26	2	2
25	48	UID122	22	22	2	2
12	32	UID149	21	11	1	1
21	43	UID158	19	17	2	2
24	41	UID108	17	22	2	2
16	33	UID440	17	14	1	1
9	24	UID221	16	8	2	2
5	21	UID337067	16	3	1	1
41	58	UID48723	16	39	2	2
21	35	UID248	15	20	2	2
15	30	UID375	15	13	2	2
7	21	UID843	15	6	1	1
27	41	UID1424284	14	25	2	2
35	52	UID202550	14	33	2	2
29	47	UID48005	13	27	2	2
8	19	UID191	12	7	1	1
10	22	UID62066	12	8	1	1
10	20	UID113028	11	9	1	1
15	25	UID303	11	14	1	1
40	59	UID37603	11	37	3	3
13	25	UID4054	11	11	1	1
12	21	UID18	10	11	1	1
9	18	UID606	10	8	1	1
8	17	UID703	10	7	2	2
24	32	UID103917	9	23	5	5
12	21	UID1328	9	10	2	2
12	20	UID167374	9	11	2	2
11	19	UID27129	9	10	1	1
8	16	UID3886	9	7	2	2
12	20	UID610	9	11	2	2
30	44	UID67502	9	27	3	3
15	29	UID1088239	8	13	2	2
10	17	UID1322	8	9	1	1
4	11	UID1424287	8	3	1	1
5	12	UID1443	8	4	1	1
14	21	UID374	8	13	2	2
7	15	UID376	8	5	1	1
16	23	UID553	8	15	2	2
18	25	UID625	8	17	1	1
9	15	UID104581	7	8	1	1
1	7	UID1424288	7	0	0	0
8	14	UID154589	7	7	1	1
13	20	UID173	7	11	2	2
6	13	UID18915	7	4	1	1
9	15	UID22	7	8	2	2
9	16	UID48573	7	7	2	2
12	18	UID964120	7	11	2	2
8	16	UID105000	6	5	1	1
24	34	UID1424290	6	20	2	2
5	10	UID1424293	6	4	1	1
12	18	UID37773	6	10	3	3
7	12	UID48650	6	6	1	1
8	13	UID5500	6	7	1	1
8	13	UID5540	6	7	1	1
3	8	UID5567	6	2	1	1
2	7	UID5704	6	1	1	1
6	11	UID634325	6	5	1	1
10	16	UID74687	6	8	2	2
6	10	UID203152	5	5	1	1
5	9	UID242	5	4	1	1
4	8	UID327	5	3	1	1
4	8	UID49604	5	3	1	1
4	8	UID5493	5	3	1	1
8	12	UID755	5	7	1	1
2	5	UID103974	4	1	0	0
11	17	UID1422	4	9	3	3
6	9	UID179	4	5	1	1
20	24	UID213853	4	18	2	2
35	39	UID241448	4	33	3	3
11	14	UID352	4	10	1	1
4	7	UID48623	4	3	1	1
8	11	UID521	4	7	2	2
8	12	UID525	4	6	1	1
3	7	UID611	4	1	1	1
7	11	UID84211	4	5	1	1
3	5	UID104093	3	2	1	1
8	11	UID113309	3	6	1	1
1	3	UID1139	3	0	0	0
2	4	UID1424312	3	1	1	1
4	6	UID1424314	3	3	1	1
9	12	UID161254	3	7	3	3
1	3	UID192410	3	0	0	0
7	9	UID214768	3	6	1	1
16	19	UID23	3	14	2	2
3	5	UID293	3	2	0	0
4	6	UID335	3	3	1	1
5	7	UID47968	3	4	1	1
2	4	UID54707	3	1	0	0
1	3	UID5543	3	0	0	0
4	6	UID61291	3	3	1	1
6	8	UID61304	3	5	1	1
10	12	UID61382	3	9	2	2
3	5	UID64999	3	2	1	1
2	4	UID695390	3	1	1	1
6	8	UID803996	3	5	2	2
6	9	UID8082	3	4	2	2
2	3	UID1057	2	1	1	1
3	4	UID11464	2	2	1	1
2	3	UID11792	2	1	1	1
1	2	UID132031	2	0	0	0
3	4	UID1329	2	2	1	1
2	3	UID1350	2	1	1	1
2	3	UID1385039	2	1	1	1
1	2	UID1407863	2	0	0	0
4	5	UID1424353	2	3	2	2
3	4	UID1424370	2	2	1	1
5	6	UID1424374	2	4	1	1
6	7	UID1424378	2	5	2	2
3	4	UID1424420	2	2	1	1
4	5	UID1424425	2	3	1	1
5	6	UID154417	2	4	1	1
1	2	UID193956	2	0	0	0
7	8	UID196	2	6	1	1
3	4	UID203150	2	2	1	1
2	3	UID211662	2	1	1	1
4	5	UID247	2	3	1	1
7	8	UID27090	2	6	2	2
10	11	UID34854	2	9	2	2
6	7	UID3973	2	5	1	1
2	3	UID5549	2	1	1	1
12	13	UID60721	2	11	2	2
9	10	UID61275	2	8	1	1
9	12	UID61290	2	6	1	1
3	4	UID61298	2	2	1	1
5	6	UID685	2	4	1	1
6	7	UID744	2	5	1	1
3	4	UID7538	2	2	1	1
7	8	UID928	2	6	2	2
1	1	UID1001	1	1	0	0
6	6	UID10066	1	6	1	1
1	1	UID1088003	1	1	0	0
4	4	UID1140165	1	4	2	2
1	1	UID1175412	1	1	0	0
1	1	UID117717	1	1	0	0
1	1	UID1207703	1	1	0	0
1	1	UID123659	1	1	0	0
1	1	UID1249851	1	1	0	0
1	1	UID1271960	1	1	0	0
1	1	UID1273873	1	1	0	0
1	1	UID127	1	1	0	0
3	3	UID135075	1	3	2	2
1	1	UID1369823	1	1	0	0
1	1	UID1371500	1	1	0	0
1	1	UID1400421	1	1	0	0
1	1	UID1409294	1	1	0	0
1	1	UID1424452	1	1	0	0
1	1	UID1424453	1	1	0	0
1	1	UID1424458	1	1	0	0
1	1	UID1424471	1	1	0	0
1	1	UID1424473	1	1	0	0
1	1	UID1424474	1	1	0	0
1	1	UID1424475	1	1	0	0
1	1	UID1424478	1	1	0	0
1	1	UID1424490	1	1	0	0
1	1	UID1424495	1	1	0	0
1	1	UID1424496	1	1	0	0
1	1	UID1424499	1	1	0	0
1	1	UID1424516	1	1	0	0
1	1	UID1424517	1	1	0	0
1	1	UID1424518	1	1	0	0
1	1	UID1424523	1	1	0	0
1	1	UID1424528	1	1	0	0
1	1	UID1424532	1	1	0	0
1	1	UID1424533	1	1	0	0
1	1	UID1424534	1	1	0	0
1	1	UID1424535	1	1	0	0
1	1	UID1424536	1	1	0	0
1	1	UID1424542	1	1	0	0
1	1	UID1424544	1	1	0	0
3	3	UID1424547	1	3	2	2
1	1	UID1424550	1	1	0	0
1	1	UID1424551	1	1	0	0
1	1	UID1424552	1	1	0	0
1	1	UID1424572	1	1	0	0
1	1	UID1424586	1	1	0	0
1	1	UID1424594	1	1	0	0
1	1	UID1424597	1	1	0	0
1	1	UID1424600	1	1	0	0
1	1	UID1424601	1	1	0	0
1	1	UID1424612	1	1	0	0
1	1	UID1424614	1	1	0	0
1	1	UID1424615	1	1	0	0
1	1	UID1424622	1	1	0	0
1	1	UID1424625	1	1	0	0
1	1	UID1424630	1	1	0	0
1	1	UID1424631	1	1	0	0
1	1	UID1424638	1	1	0	0
1	1	UID1424641	1	1	0	0
1	1	UID1424647	1	1	0	0
1	1	UID1424657	1	1	0	0
1	1	UID1424659	1	1	0	0
1	1	UID1424660	1	1	0	0
1	1	UID1424664	1	1	0	0
1	1	UID1424675	1	1	0	0
1	1	UID1424687	1	1	0	0
1	1	UID1424688	1	1	0	0
1	1	UID1424691	1	1	0	0
1	1	UID1424697	1	1	0	0
1	1	UID1424703	1	1	0	0
1	1	UID1424704	1	1	0	0
1	1	UID1424714	1	1	0	0
1	1	UID1424715	1	1	0	0
1	1	UID1424724	1	1	0	0
1	1	UID1424728	1	1	0	0
1	1	UID1424730	1	1	0	0
1	1	UID1424731	1	1	0	0
1	1	UID1424750	1	1	0	0
1	1	UID1424765	1	1	0	0
1	1	UID1424766	1	1	0	0
1	1	UID1424767	1	1	0	0
1	1	UID1424768	1	1	0	0
1	1	UID1424769	1	1	0	0
1	1	UID1424774	1	1	0	0
1	1	UID1424778	1	1	0	0
1	1	UID1424779	1	1	0	0
1	1	UID1424783	1	1	0	0
1	1	UID1424784	1	1	0	0
1	1	UID1424788	1	1	0	0
1	1	UID1424789	1	1	0	0
1	1	UID1424790	1	1	0	0
1	1	UID1424810	1	1	0	0
1	1	UID1424811	1	1	0	0
1	1	UID1424812	1	1	0	0
1	1	UID1424815	1	1	0	0
1	1	UID1424816	1	1	0	0
1	1	UID1424821	1	1	0	0
1	1	UID1424824	1	1	0	0
1	1	UID1424825	1	1	0	0
1	1	UID1424827	1	1	0	0
1	1	UID1424837	1	1	0	0
1	1	UID1424839	1	1	0	0
1	1	UID1424842	1	1	0	0
1	1	UID1424845	1	1	0	0
1	1	UID1424849	1	1	0	0
1	1	UID1424860	1	1	0	0
1	1	UID1424862	1	1	0	0
1	1	UID1424863	1	1	0	0
1	1	UID1424868	1	1	0	0
1	1	UID1424869	1	1	0	0
1	1	UID1424878	1	1	0	0
1	1	UID1424880	1	1	0	0
1	1	UID1424885	1	1	0	0
1	1	UID1424891	1	1	0	0
1	1	UID1424895	1	1	0	0
1	1	UID1424900	1	1	0	0
1	1	UID1424901	1	1	0	0
1	1	UID1424902	1	1	0	0
1	1	UID1424903	1	1	0	0
1	1	UID1424909	1	1	0	0
1	1	UID1424910	1	1	0	0
1	1	UID1424918	1	1	0	0
1	1	UID1424919	1	1	0	0
1	1	UID1424923	1	1	0	0
1	1	UID1424924	1	1	0	0
1	1	UID1424928	1	1	0	0
1	1	UID1424929	1	1	0	0
1	1	UID1424934	1	1	0	0
1	1	UID1424948	1	1	0	0
1	1	UID1424949	1	1	0	0
1	1	UID1424951	1	1	0	0
1	1	UID1424955	1	1	0	0
1	1	UID1424965	1	1	0	0
1	1	UID1424973	1	1	0	0
1	1	UID1424974	1	1	0	0
1	1	UID1424978	1	1	0	0
1	1	UID1424979	1	1	0	0
1	1	UID1424980	1	1	0	0
1	1	UID1424984	1	1	0	0
1	1	UID1424985	1	1	0	0
1	1	UID1424990	1	1	0	0
1	1	UID1424999	1	1	0	0
1	1	UID1425003	1	1	0	0
1	1	UID1425007	1	1	0	0
1	1	UID1425008	1	1	0	0
1	1	UID1425011	1	1	0	0
1	1	UID1425013	1	1	0	0
1	1	UID1425017	1	1	0	0
1	1	UID1425019	1	1	0	0
1	1	UID1425023	1	1	0	0
1	1	UID1425030	1	1	0	0
1	1	UID1425032	1	1	0	0
1	1	UID1425035	1	1	0	0
1	1	UID1425037	1	1	0	0
1	1	UID1425038	1	1	0	0
1	1	UID1425041	1	1	0	0
1	1	UID1425049	1	1	0	0
1	1	UID1425050	1	1	0	0
3	3	UID1425051	1	3	2	2
1	1	UID1425052	1	1	0	0
1	1	UID1425053	1	1	0	0
1	1	UID1425054	1	1	0	0
1	1	UID1425058	1	1	0	0
1	1	UID1425059	1	1	0	0
1	1	UID1425061	1	1	0	0
1	1	UID1425062	1	1	0	0
1	1	UID1425065	1	1	0	0
1	1	UID1425066	1	1	0	0
1	1	UID1425081	1	1	0	0
1	1	UID1425102	1	1	0	0
1	1	UID1425117	1	1	0	0
1	1	UID1425121	1	1	0	0
1	1	UID1425122	1	1	0	0
1	1	UID1425129	1	1	0	0
1	1	UID1425140	1	1	0	0
1	1	UID1425143	1	1	0	0
1	1	UID1425162	1	1	0	0
1	1	UID1425168	1	1	0	0
1	1	UID1425171	1	1	0	0
1	1	UID1425172	1	1	0	0
1	1	UID1425174	1	1	0	0
1	1	UID1425178	1	1	0	0
1	1	UID1425179	1	1	0	0
1	1	UID1425189	1	1	0	0
1	1	UID1425191	1	1	0	0
1	1	UID1425192	1	1	0	0
1	1	UID1425193	1	1	0	0
1	1	UID1425194	1	1	0	0
1	1	UID1425195	1	1	0	0
1	1	UID1425196	1	1	0	0
1	1	UID1425209	1	1	0	0
1	1	UID1425214	1	1	0	0
1	1	UID1425217	1	1	0	0
1	1	UID1425225	1	1	0	0
1	1	UID1425226	1	1	0	0
1	1	UID1425229	1	1	0	0
1	1	UID1425231	1	1	0	0
1	1	UID1425232	1	1	0	0
1	1	UID1425233	1	1	0	0
1	1	UID1425235	1	1	0	0
1	1	UID1425237	1	1	0	0
1	1	UID1425243	1	1	0	0
1	1	UID1425244	1	1	0	0
1	1	UID1425250	1	1	0	0
1	1	UID1425251	1	1	0	0
1	1	UID1425252	1	1	0	0
1	1	UID1425256	1	1	0	0
1	1	UID1425267	1	1	0	0
1	1	UID1425270	1	1	0	0
1	1	UID1425282	1	1	0	0
1	1	UID1425286	1	1	0	0
1	1	UID1425292	1	1	0	0
1	1	UID1425298	1	1	0	0
1	1	UID1425318	1	1	0	0
1	1	UID1425320	1	1	0	0
1	1	UID1425332	1	1	0	0
1	1	UID1425357	1	1	0	0
1	1	UID1425372	1	1	0	0
1	1	UID1425381	1	1	0	0
1	1	UID1425386	1	1	0	0
1	1	UID1425396	1	1	0	0
1	1	UID1425398	1	1	0	0
1	1	UID1425400	1	1	0	0
1	1	UID1425401	1	1	0	0
1	1	UID1425424	1	1	0	0
1	1	UID1425426	1	1	0	0
1	1	UID1425441	1	1	0	0
1	1	UID1425447	1	1	0	0
1	1	UID1425453	1	1	0	0
1	1	UID1425469	1	1	0	0
1	1	UID1425475	1	1	0	0
1	1	UID1425481	1	1	0	0
1	1	UID1425482	1	1	0	0
1	1	UID1425484	1	1	0	0
1	1	UID1425485	1	1	0	0
1	1	UID1425486	1	1	0	0
1	1	UID1425487	1	1	0	0
1	1	UID1425491	1	1	0	0
1	1	UID1425492	1	1	0	0
1	1	UID1425494	1	1	0	0
1	1	UID1425495	1	1	0	0
7	7	UID1425514	1	7	2	2
1	1	UID1425518	1	1	0	0
1	1	UID1425519	1	1	0	0
1	1	UID1425523	1	1	0	0
1	1	UID1425524	1	1	0	0
1	1	UID1425526	1	1	0	0
1	1	UID1425534	1	1	0	0
1	1	UID1425546	1	1	0	0
1	1	UID1425554	1	1	0	0
1	1	UID1425562	1	1	0	0
1	1	UID1425565	1	1	0	0
1	1	UID1425575	1	1	0	0
1	1	UID1425576	1	1	0	0
1	1	UID1425577	1	1	0	0
1	1	UID1425580	1	1	0	0
3	3	UID1425590	1	3	2	2
1	1	UID1425592	1	1	0	0
1	1	UID1425600	1	1	0	0
1	1	UID1425601	1	1	0	0
1	1	UID1425602	1	1	0	0
1	1	UID1425607	1	1	0	0
1	1	UID1425613	1	1	0	0
1	1	UID1425615	1	1	0	0
1	1	UID1425619	1	1	0	0
3	3	UID1425620	1	3	2	2
1	1	UID1425622	1	1	0	0
1	1	UID1425625	1	1	0	0
1	1	UID1425629	1	1	0	0
1	1	UID1425630	1	1	0	0
1	1	UID1425639	1	1	0	0
1	1	UID1425644	1	1	0	0
1	1	UID1425651	1	1	0	0
1	1	UID1425652	1	1	0	0
1	1	UID1425660	1	1	0	0
1	1	UID1425663	1	1	0	0
1	1	UID1425664	1	1	0	0
1	1	UID1425666	1	1	0	0
1	1	UID1425667	1	1	0	0
1	1	UID1425670	1	1	0	0
1	1	UID1425683	1	1	0	0
1	1	UID1425695	1	1	0	0
1	1	UID1425701	1	1	0	0
1	1	UID1425715	1	1	0	0
1	1	UID1425716	1	1	0	0
1	1	UID1425717	1	1	0	0
1	1	UID1425718	1	1	0	0
1	1	UID1425719	1	1	0	0
1	1	UID1425721	1	1	0	0
1	1	UID1425725	1	1	0	0
1	1	UID1425726	1	1	0	0
1	1	UID1425732	1	1	0	0
1	1	UID1425734	1	1	0	0
1	1	UID1425736	1	1	0	0
1	1	UID1425742	1	1	0	0
1	1	UID1425752	1	1	0	0
1	1	UID1425753	1	1	0	0
1	1	UID1425793	1	1	0	0
1	1	UID1425835	1	1	0	0
1	1	UID1425969	1	1	0	0
1	1	UID1425984	1	1	0	0
1	1	UID1425988	1	1	0	0
1	1	UID1425989	1	1	0	0
1	1	UID1425990	1	1	0	0
1	1	UID1425997	1	1	0	0
1	1	UID1426010	1	1	0	0
1	1	UID1426020	1	1	0	0
1	1	UID1426055	1	1	0	0
1	1	UID1426076	1	1	0	0
1	1	UID1426080	1	1	0	0
1	1	UID1426081	1	1	0	0
1	1	UID1426082	1	1	0	0
1	1	UID1426083	1	1	0	0
1	1	UID1426086	1	1	0	0
1	1	UID1426087	1	1	0	0
1	1	UID1426088	1	1	0	0
1	1	UID1426089	1	1	0	0
1	1	UID1426090	1	1	0	0
1	1	UID1426091	1	1	0	0
1	1	UID1426094	1	1	0	0
1	1	UID1426097	1	1	0	0
1	1	UID1426100	1	1	0	0
1	1	UID1426102	1	1	0	0
4	4	UID1426114	1	4	2	2
1	1	UID1426124	1	1	0	0
1	1	UID1426126	1	1	0	0
1	1	UID1426127	1	1	0	0
1	1	UID1426128	1	1	0	0
1	1	UID1426129	1	1	0	0
1	1	UID1426130	1	1	0	0
1	1	UID1426131	1	1	0	0
1	1	UID1426134	1	1	0	0
1	1	UID1426137	1	1	0	0
1	1	UID1426138	1	1	0	0
1	1	UID1426148	1	1	0	0
1	1	UID1426151	1	1	0	0
4	4	UID1426154	1	4	2	2
1	1	UID1426157	1	1	0	0
1	1	UID1426158	1	1	0	0
1	1	UID1426166	1	1	0	0
1	1	UID1426168	1	1	0	0
1	1	UID1426177	1	1	0	0
1	1	UID1426178	1	1	0	0
1	1	UID1426183	1	1	0	0
1	1	UID1426184	1	1	0	0
1	1	UID1426195	1	1	0	0
1	1	UID1426199	1	1	0	0
1	1	UID1426210	1	1	0	0
1	1	UID1426211	1	1	0	0
1	1	UID1426213	1	1	0	0
1	1	UID1426214	1	1	0	0
1	1	UID1426233	1	1	0	0
1	1	UID1426234	1	1	0	0
1	1	UID1426236	1	1	0	0
1	1	UID1426243	1	1	0	0
1	1	UID1426252	1	1	0	0
1	1	UID1426253	1	1	0	0
1	1	UID1426254	1	1	0	0
1	1	UID1426256	1	1	0	0
1	1	UID1426260	1	1	0	0
1	1	UID1426261	1	1	0	0
1	1	UID1426263	1	1	0	0
1	1	UID1426264	1	1	0	0
1	1	UID1426265	1	1	0	0
1	1	UID1426268	1	1	0	0
1	1	UID1426273	1	1	0	0
1	1	UID1426275	1	1	0	0
1	1	UID1426278	1	1	0	0
1	1	UID1426280	1	1	0	0
1	1	UID1426281	1	1	0	0
1	1	UID1426282	1	1	0	0
1	1	UID1426299	1	1	0	0
1	1	UID1426303	1	1	0	0
1	1	UID1426304	1	1	0	0
1	1	UID1426305	1	1	0	0
1	1	UID1426320	1	1	0	0
1	1	UID1426321	1	1	0	0
1	1	UID1426326	1	1	0	0
1	1	UID1426327	1	1	0	0
1	1	UID1426334	1	1	0	0
1	1	UID1426344	1	1	0	0
1	1	UID1426349	1	1	0	0
1	1	UID1426380	1	1	0	0
1	1	UID1426382	1	1	0	0
1	1	UID1426395	1	1	0	0
1	1	UID1426403	1	1	0	0
1	1	UID1426405	1	1	0	0
1	1	UID1426424	1	1	0	0
1	1	UID1426435	1	1	0	0
1	1	UID1426440	1	1	0	0
1	1	UID1426450	1	1	0	0
1	1	UID1426455	1	1	0	0
1	1	UID1426458	1	1	0	0
1	1	UID1426459	1	1	0	0
1	1	UID1426468	1	1	0	0
1	1	UID1426470	1	1	0	0
1	1	UID1426476	1	1	0	0
1	1	UID1426485	1	1	0	0
1	1	UID1426489	1	1	0	0
1	1	UID1426496	1	1	0	0
1	1	UID1426499	1	1	0	0
1	1	UID1426502	1	1	0	0
1	1	UID1426503	1	1	0	0
1	1	UID1426506	1	1	0	0
1	1	UID1426512	1	1	0	0
1	1	UID1426517	1	1	0	0
1	1	UID1426538	1	1	0	0
1	1	UID1426540	1	1	0	0
1	1	UID1426543	1	1	0	0
1	1	UID1426548	1	1	0	0
1	1	UID1426549	1	1	0	0
1	1	UID1426553	1	1	0	0
1	1	UID1426563	1	1	0	0
1	1	UID1426566	1	1	0	0
1	1	UID1426574	1	1	0	0
1	1	UID1426583	1	1	0	0
1	1	UID1426592	1	1	0	0
1	1	UID1426603	1	1	0	0
1	1	UID1426604	1	1	0	0
1	1	UID1426614	1	1	0	0
1	1	UID1426619	1	1	0	0
1	1	UID1426633	1	1	0	0
1	1	UID1426634	1	1	0	0
1	1	UID1426635	1	1	0	0
1	1	UID1426636	1	1	0	0
1	1	UID1426641	1	1	0	0
1	1	UID1426644	1	1	0	0
1	1	UID1426645	1	1	0	0
1	1	UID1426646	1	1	0	0
1	1	UID1426654	1	1	0	0
1	1	UID1426656	1	1	0	0
1	1	UID1426669	1	1	0	0
1	1	UID1426683	1	1	0	0
1	1	UID1426684	1	1	0	0
1	1	UID1426688	1	1	0	0
1	1	UID1426698	1	1	0	0
1	1	UID1426720	1	1	0	0
1	1	UID1426723	1	1	0	0
1	1	UID1426724	1	1	0	0
1	1	UID1426728	1	1	0	0
1	1	UID1426730	1	1	0	0
1	1	UID1426733	1	1	0	0
1	1	UID1426734	1	1	0	0
1	1	UID1426749	1	1	0	0
1	1	UID1426752	1	1	0	0
1	1	UID1426764	1	1	0	0
1	1	UID1426765	1	1	0	0
1	1	UID1426774	1	1	0	0
1	1	UID1426776	1	1	0	0
1	1	UID1426777	1	1	0	0
1	1	UID1426779	1	1	0	0
1	1	UID1426789	1	1	0	0
1	1	UID1426791	1	1	0	0
1	1	UID1426793	1	1	0	0
1	1	UID1426802	1	1	0	0
1	1	UID1426805	1	1	0	0
1	1	UID1426811	1	1	0	0
1	1	UID1426813	1	1	0	0
1	1	UID1426818	1	1	0	0
1	1	UID1426819	1	1	0	0
1	1	UID1426821	1	1	0	0
1	1	UID1426823	1	1	0	0
1	1	UID1426827	1	1	0	0
1	1	UID1426832	1	1	0	0
1	1	UID1426833	1	1	0	0
1	1	UID1426835	1	1	0	0
1	1	UID1426843	1	1	0	0
1	1	UID1426845	1	1	0	0
1	1	UID1426848	1	1	0	0
1	1	UID1426850	1	1	0	0
1	1	UID1426851	1	1	0	0
1	1	UID1426855	1	1	0	0
1	1	UID1426856	1	1	0	0
1	1	UID1426858	1	1	0	0
1	1	UID1426859	1	1	0	0
1	1	UID1426861	1	1	0	0
1	1	UID1426862	1	1	0	0
1	1	UID1426863	1	1	0	0
1	1	UID1426866	1	1	0	0
1	1	UID1426871	1	1	0	0
1	1	UID1426873	1	1	0	0
1	1	UID1426878	1	1	0	0
1	1	UID1426880	1	1	0	0
4	4	UID1426881	1	4	2	2
1	1	UID1426885	1	1	0	0
1	1	UID1426890	1	1	0	0
1	1	UID1426891	1	1	0	0
1	1	UID1426893	1	1	0	0
1	1	UID1426894	1	1	0	0
1	1	UID1426895	1	1	0	0
1	1	UID1426898	1	1	0	0
1	1	UID1426899	1	1	0	0
1	1	UID1426902	1	1	0	0
1	1	UID1426909	1	1	0	0
1	1	UID1426918	1	1	0	0
1	1	UID1426919	1	1	0	0
1	1	UID1426920	1	1	0	0
1	1	UID1426928	1	1	0	0
1	1	UID1426931	1	1	0	0
1	1	UID1426932	1	1	0	0
1	1	UID1426934	1	1	0	0
1	1	UID1426935	1	1	0	0
1	1	UID1426953	1	1	0	0
1	1	UID1426955	1	1	0	0
1	1	UID1426956	1	1	0	0
1	1	UID1426957	1	1	0	0
1	1	UID1426960	1	1	0	0
1	1	UID1426962	1	1	0	0
1	1	UID1426966	1	1	0	0
1	1	UID1426967	1	1	0	0
1	1	UID1426969	1	1	0	0
1	1	UID1426970	1	1	0	0
1	1	UID1426998	1	1	0	0
1	1	UID1427017	1	1	0	0
1	1	UID1427024	1	1	0	0
1	1	UID1427026	1	1	0	0
1	1	UID1427031	1	1	0	0
1	1	UID1427033	1	1	0	0
1	1	UID1427035	1	1	0	0
1	1	UID1427039	1	1	0	0
1	1	UID1427040	1	1	0	0
1	1	UID1427043	1	1	0	0
1	1	UID1427045	1	1	0	0
1	1	UID1427052	1	1	0	0
1	1	UID1427054	1	1	0	0
1	1	UID1427057	1	1	0	0
1	1	UID1427058	1	1	0	0
1	1	UID1427060	1	1	0	0
1	1	UID1427069	1	1	0	0
1	1	UID1427077	1	1	0	0
1	1	UID1427087	1	1	0	0
1	1	UID1427089	1	1	0	0
1	1	UID1427090	1	1	0	0
1	1	UID1427095	1	1	0	0
1	1	UID1427096	1	1	0	0
1	1	UID1427097	1	1	0	0
1	1	UID1427102	1	1	0	0
1	1	UID1427111	1	1	0	0
2	2	UID1427113	1	2	1	1
1	1	UID1427126	1	1	0	0
1	1	UID1427135	1	1	0	0
1	1	UID1427140	1	1	0	0
1	1	UID1427141	1	1	0	0
1	1	UID1427179	1	1	0	0
1	1	UID1427184	1	1	0	0
1	1	UID1427185	1	1	0	0
1	1	UID1427186	1	1	0	0
1	1	UID1427187	1	1	0	0
1	1	UID1427188	1	1	0	0
1	1	UID1427189	1	1	0	0
1	1	UID1427195	1	1	0	0
1	1	UID1427198	1	1	0	0
1	1	UID1427202	1	1	0	0
1	1	UID1427205	1	1	0	0
1	1	UID1427206	1	1	0	0
1	1	UID1427207	1	1	0	0
1	1	UID1427213	1	1	0	0
1	1	UID1427215	1	1	0	0
1	1	UID1427216	1	1	0	0
1	1	UID1427217	1	1	0	0
1	1	UID1427219	1	1	0	0
1	1	UID1427226	1	1	0	0
1	1	UID1427238	1	1	0	0
1	1	UID1427239	1	1	0	0
1	1	UID1427240	1	1	0	0
1	1	UID1427241	1	1	0	0
1	1	UID1427242	1	1	0	0
1	1	UID1427244	1	1	0	0
1	1	UID1427248	1	1	0	0
1	1	UID1427251	1	1	0	0
1	1	UID1427252	1	1	0	0
1	1	UID1427253	1	1	0	0
1	1	UID1427260	1	1	0	0
1	1	UID1427261	1	1	0	0
1	1	UID1427265	1	1	0	0
1	1	UID1427266	1	1	0	0
1	1	UID1427269	1	1	0	0
1	1	UID1427274	1	1	0	0
1	1	UID1427279	1	1	0	0
1	1	UID1427282	1	1	0	0
1	1	UID1427283	1	1	0	0
1	1	UID1427284	1	1	0	0
1	1	UID1427287	1	1	0	0
1	1	UID1427293	1	1	0	0
1	1	UID1427294	1	1	0	0
1	1	UID1427295	1	1	0	0
1	1	UID1427297	1	1	0	0
1	1	UID1427299	1	1	0	0
1	1	UID1427300	1	1	0	0
1	1	UID1427302	1	1	0	0
1	1	UID1427307	1	1	0	0
1	1	UID1427309	1	1	0	0
1	1	UID1427312	1	1	0	0
1	1	UID1427313	1	1	0	0
1	1	UID1427319	1	1	0	0
1	1	UID1427320	1	1	0	0
1	1	UID1427321	1	1	0	0
1	1	UID1427326	1	1	0	0
1	1	UID1427329	1	1	0	0
1	1	UID1427333	1	1	0	0
1	1	UID1427334	1	1	0	0
1	1	UID1427335	1	1	0	0
1	1	UID1427336	1	1	0	0
1	1	UID1427337	1	1	0	0
1	1	UID1427340	1	1	0	0
3	3	UID1427342	1	3	2	2
1	1	UID1427344	1	1	0	0
1	1	UID1427346	1	1	0	0
1	1	UID1427347	1	1	0	0
1	1	UID1427348	1	1	0	0
1	1	UID1427351	1	1	0	0
1	1	UID1427353	1	1	0	0
1	1	UID1427355	1	1	0	0
1	1	UID1427358	1	1	0	0
1	1	UID1427360	1	1	0	0
1	1	UID1427362	1	1	0	0
1	1	UID1427364	1	1	0	0
1	1	UID1427367	1	1	0	0
1	1	UID1427368	1	1	0	0
1	1	UID1427369	1	1	0	0
1	1	UID1427370	1	1	0	0
1	1	UID1427371	1	1	0	0
1	1	UID1427372	1	1	0	0
1	1	UID1427375	1	1	0	0
1	1	UID1427376	1	1	0	0
1	1	UID1427378	1	1	0	0
1	1	UID1427382	1	1	0	0
1	1	UID1427384	1	1	0	0
1	1	UID1427385	1	1	0	0
1	1	UID1427387	1	1	0	0
1	1	UID1427388	1	1	0	0
1	1	UID1427390	1	1	0	0
1	1	UID1427391	1	1	0	0
1	1	UID1427393	1	1	0	0
1	1	UID1427396	1	1	0	0
1	1	UID1427398	1	1	0	0
1	1	UID1427407	1	1	0	0
1	1	UID1427410	1	1	0	0
1	1	UID1427416	1	1	0	0
1	1	UID1427424	1	1	0	0
1	1	UID1427428	1	1	0	0
1	1	UID1427430	1	1	0	0
1	1	UID1427432	1	1	0	0
2	2	UID1427433	1	2	1	1
1	1	UID1427438	1	1	0	0
1	1	UID1427439	1	1	0	0
1	1	UID1427445	1	1	0	0
1	1	UID1427446	1	1	0	0
1	1	UID1427447	1	1	0	0
1	1	UID1427460	1	1	0	0
1	1	UID1427462	1	1	0	0
1	1	UID1427466	1	1	0	0
1	1	UID1427467	1	1	0	0
1	1	UID1427469	1	1	0	0
1	1	UID1427480	1	1	0	0
1	1	UID1427485	1	1	0	0
1	1	UID1427490	1	1	0	0
1	1	UID1427491	1	1	0	0
1	1	UID1427492	1	1	0	0
1	1	UID1427493	1	1	0	0
1	1	UID1427494	1	1	0	0
1	1	UID1427495	1	1	0	0
1	1	UID1427497	1	1	0	0
1	1	UID1427502	1	1	0	0
1	1	UID1427503	1	1	0	0
1	1	UID1427538	1	1	0	0
1	1	UID1427540	1	1	0	0
1	1	UID1427543	1	1	0	0
1	1	UID1427544	1	1	0	0
1	1	UID1427549	1	1	0	0
1	1	UID1427562	1	1	0	0
1	1	UID1427563	1	1	0	0
1	1	UID1427564	1	1	0	0
1	1	UID1427566	1	1	0	0
1	1	UID1427567	1	1	0	0
1	1	UID1427569	1	1	0	0
1	1	UID1427574	1	1	0	0
1	1	UID1427575	1	1	0	0
1	1	UID1427580	1	1	0	0
1	1	UID1427586	1	1	0	0
1	1	UID1427588	1	1	0	0
1	1	UID1427590	1	1	0	0
1	1	UID1427592	1	1	0	0
1	1	UID1427618	1	1	0	0
1	1	UID1427624	1	1	0	0
1	1	UID1427625	1	1	0	0
1	1	UID1427626	1	1	0	0
1	1	UID1427627	1	1	0	0
2	2	UID1427633	1	2	1	1
1	1	UID1427635	1	1	0	0
1	1	UID1427644	1	1	0	0
1	1	UID1427647	1	1	0	0
1	1	UID1427649	1	1	0	0
1	1	UID1427653	1	1	0	0
1	1	UID1427655	1	1	0	0
1	1	UID1427657	1	1	0	0
1	1	UID1427660	1	1	0	0
1	1	UID1427661	1	1	0	0
1	1	UID1427663	1	1	0	0
1	1	UID1427672	1	1	0	0
1	1	UID1427673	1	1	0	0
1	1	UID1427687	1	1	0	0
1	1	UID1427699	1	1	0	0
1	1	UID1427702	1	1	0	0
1	1	UID1427712	1	1	0	0
1	1	UID1427715	1	1	0	0
1	1	UID1427716	1	1	0	0
1	1	UID1427726	1	1	0	0
1	1	UID1427733	1	1	0	0
1	1	UID1427743	1	1	0	0
1	1	UID1427760	1	1	0	0
1	1	UID1427761	1	1	0	0
1	1	UID1427762	1	1	0	0
1	1	UID1427763	1	1	0	0
1	1	UID1427772	1	1	0	0
1	1	UID1427774	1	1	0	0
1	1	UID1427901	1	1	0	0
1	1	UID1427911	1	1	0	0
1	1	UID1427969	1	1	0	0
1	1	UID1427977	1	1	0	0
1	1	UID1427982	1	1	0	0
1	1	UID1427986	1	1	0	0
1	1	UID1427991	1	1	0	0
1	1	UID1427996	1	1	0	0
1	1	UID1428003	1	1	0	0
1	1	UID1428005	1	1	0	0
1	1	UID1428007	1	1	0	0
1	1	UID1428011	1	1	0	0
1	1	UID1428013	1	1	0	0
1	1	UID1428020	1	1	0	0
1	1	UID1428021	1	1	0	0
1	1	UID1428022	1	1	0	0
1	1	UID1428023	1	1	0	0
1	1	UID1428024	1	1	0	0
1	1	UID1428025	1	1	0	0
1	1	UID1428031	1	1	0	0
1	1	UID1428034	1	1	0	0
1	1	UID1428039	1	1	0	0
1	1	UID1428041	1	1	0	0
1	1	UID1428044	1	1	0	0
1	1	UID1428045	1	1	0	0
1	1	UID1428048	1	1	0	0
1	1	UID1428049	1	1	0	0
1	1	UID1428050	1	1	0	0
1	1	UID1428053	1	1	0	0
1	1	UID1428060	1	1	0	0
1	1	UID1428061	1	1	0	0
1	1	UID1428063	1	1	0	0
1	1	UID1428065	1	1	0	0
1	1	UID1428073	1	1	0	0
1	1	UID1428092	1	1	0	0
1	1	UID1428093	1	1	0	0
1	1	UID1428095	1	1	0	0
1	1	UID1428096	1	1	0	0
1	1	UID1428097	1	1	0	0
1	1	UID1428105	1	1	0	0
1	1	UID1428106	1	1	0	0
1	1	UID1428107	1	1	0	0
1	1	UID1428111	1	1	0	0
1	1	UID1428112	1	1	0	0
1	1	UID1428113	1	1	0	0
1	1	UID1428118	1	1	0	0
1	1	UID1428123	1	1	0	0
1	1	UID1428126	1	1	0	0
1	1	UID1428127	1	1	0	0
1	1	UID1428133	1	1	0	0
1	1	UID1428137	1	1	0	0
1	1	UID1428140	1	1	0	0
1	1	UID1428141	1	1	0	0
1	1	UID1428147	1	1	0	0
1	1	UID1428158	1	1	0	0
1	1	UID1428160	1	1	0	0
1	1	UID1428161	1	1	0	0
1	1	UID1428162	1	1	0	0
1	1	UID1428165	1	1	0	0
1	1	UID1428169	1	1	0	0
1	1	UID1428170	1	1	0	0
1	1	UID1428179	1	1	0	0
1	1	UID1428191	1	1	0	0
1	1	UID1428195	1	1	0	0
1	1	UID1428196	1	1	0	0
1	1	UID1428197	1	1	0	0
1	1	UID1428205	1	1	0	0
1	1	UID1428206	1	1	0	0
1	1	UID1428208	1	1	0	0
1	1	UID1428210	1	1	0	0
1	1	UID1428217	1	1	0	0
1	1	UID1428218	1	1	0	0
1	1	UID1428219	1	1	0	0
1	1	UID1428220	1	1	0	0
1	1	UID1428221	1	1	0	0
1	1	UID1428222	1	1	0	0
1	1	UID1428223	1	1	0	0
1	1	UID1428226	1	1	0	0
1	1	UID1428236	1	1	0	0
1	1	UID1428237	1	1	0	0
1	1	UID1428238	1	1	0	0
1	1	UID1428239	1	1	0	0
1	1	UID1428240	1	1	0	0
1	1	UID1428241	1	1	0	0
1	1	UID1428243	1	1	0	0
1	1	UID1428245	1	1	0	0
1	1	UID1428248	1	1	0	0
1	1	UID1428250	1	1	0	0
1	1	UID1428252	1	1	0	0
1	1	UID1428253	1	1	0	0
1	1	UID1428260	1	1	0	0
1	1	UID1428262	1	1	0	0
1	1	UID1428265	1	1	0	0
1	1	UID1428276	1	1	0	0
1	1	UID1428278	1	1	0	0
1	1	UID1428282	1	1	0	0
1	1	UID1428284	1	1	0	0
1	1	UID1428285	1	1	0	0
1	1	UID1428287	1	1	0	0
1	1	UID1428289	1	1	0	0
1	1	UID1428290	1	1	0	0
1	1	UID1428292	1	1	0	0
1	1	UID1428294	1	1	0	0
1	1	UID1428311	1	1	0	0
1	1	UID1428315	1	1	0	0
1	1	UID1428320	1	1	0	0
1	1	UID1428327	1	1	0	0
1	1	UID1428333	1	1	0	0
1	1	UID1428337	1	1	0	0
1	1	UID1428343	1	1	0	0
1	1	UID1428344	1	1	0	0
1	1	UID1428346	1	1	0	0
1	1	UID1428347	1	1	0	0
1	1	UID1428349	1	1	0	0
1	1	UID1428353	1	1	0	0
1	1	UID1428354	1	1	0	0
1	1	UID1428361	1	1	0	0
1	1	UID1428363	1	1	0	0
1	1	UID1428369	1	1	0	0
1	1	UID1428371	1	1	0	0
1	1	UID1428378	1	1	0	0
1	1	UID1428380	1	1	0	0
1	1	UID1428389	1	1	0	0
1	1	UID1428392	1	1	0	0
1	1	UID1428394	1	1	0	0
1	1	UID1428395	1	1	0	0
1	1	UID1428397	1	1	0	0
1	1	UID1428402	1	1	0	0
1	1	UID1428403	1	1	0	0
1	1	UID1428407	1	1	0	0
1	1	UID1428408	1	1	0	0
1	1	UID1428410	1	1	0	0
1	1	UID1428411	1	1	0	0
1	1	UID1428413	1	1	0	0
1	1	UID1428414	1	1	0	0
1	1	UID1428415	1	1	0	0
1	1	UID1428416	1	1	0	0
1	1	UID1428423	1	1	0	0
1	1	UID1428445	1	1	0	0
1	1	UID1428448	1	1	0	0
1	1	UID1428451	1	1	0	0
1	1	UID1428455	1	1	0	0
1	1	UID1428456	1	1	0	0
1	1	UID1428475	1	1	0	0
1	1	UID1428481	1	1	0	0
1	1	UID1428482	1	1	0	0
1	1	UID1428486	1	1	0	0
1	1	UID1428492	1	1	0	0
1	1	UID1428495	1	1	0	0
1	1	UID1428496	1	1	0	0
1	1	UID1428497	1	1	0	0
1	1	UID1428509	1	1	0	0
1	1	UID1428519	1	1	0	0
1	1	UID1428523	1	1	0	0
1	1	UID1428526	1	1	0	0
1	1	UID1428530	1	1	0	0
1	1	UID1428537	1	1	0	0
1	1	UID1428539	1	1	0	0
1	1	UID1428548	1	1	0	0
1	1	UID1428549	1	1	0	0
1	1	UID1428554	1	1	0	0
1	1	UID1428558	1	1	0	0
1	1	UID1428560	1	1	0	0
1	1	UID1428567	1	1	0	0
1	1	UID1428569	1	1	0	0
1	1	UID1428572	1	1	0	0
1	1	UID1428575	1	1	0	0
1	1	UID1428576	1	1	0	0
1	1	UID1428586	1	1	0	0
1	1	UID1428589	1	1	0	0
1	1	UID1428591	1	1	0	0
1	1	UID1428597	1	1	0	0
1	1	UID1428601	1	1	0	0
1	1	UID1428603	1	1	0	0
1	1	UID1428604	1	1	0	0
1	1	UID1428621	1	1	0	0
1	1	UID1428626	1	1	0	0
1	1	UID1428630	1	1	0	0
1	1	UID1428631	1	1	0	0
1	1	UID1428634	1	1	0	0
1	1	UID1428639	1	1	0	0
1	1	UID1428641	1	1	0	0
1	1	UID1428643	1	1	0	0
1	1	UID1428645	1	1	0	0
1	1	UID1428649	1	1	0	0
1	1	UID1428650	1	1	0	0
1	1	UID1428652	1	1	0	0
1	1	UID1428658	1	1	0	0
1	1	UID1428660	1	1	0	0
1	1	UID1428666	1	1	0	0
1	1	UID1428675	1	1	0	0
1	1	UID1428676	1	1	0	0
1	1	UID1428677	1	1	0	0
1	1	UID1428681	1	1	0	0
1	1	UID1428682	1	1	0	0
1	1	UID1428685	1	1	0	0
1	1	UID1428689	1	1	0	0
1	1	UID1428690	1	1	0	0
1	1	UID1428701	1	1	0	0
1	1	UID1428702	1	1	0	0
1	1	UID1428707	1	1	0	0
1	1	UID1428713	1	1	0	0
1	1	UID1428714	1	1	0	0
1	1	UID1428716	1	1	0	0
1	1	UID1428717	1	1	0	0
1	1	UID1428718	1	1	0	0
1	1	UID1428719	1	1	0	0
1	1	UID1428721	1	1	0	0
1	1	UID1428722	1	1	0	0
1	1	UID1428723	1	1	0	0
1	1	UID1428732	1	1	0	0
1	1	UID1428734	1	1	0	0
1	1	UID1428739	1	1	0	0
1	1	UID1428742	1	1	0	0
1	1	UID1428744	1	1	0	0
1	1	UID1428745	1	1	0	0
1	1	UID1428748	1	1	0	0
1	1	UID1428750	1	1	0	0
1	1	UID1428754	1	1	0	0
1	1	UID1428786	1	1	0	0
1	1	UID1428791	1	1	0	0
1	1	UID1428793	1	1	0	0
1	1	UID1428795	1	1	0	0
1	1	UID1428800	1	1	0	0
1	1	UID1428805	1	1	0	0
1	1	UID1428819	1	1	0	0
1	1	UID1428822	1	1	0	0
1	1	UID1428823	1	1	0	0
1	1	UID1428826	1	1	0	0
1	1	UID1428829	1	1	0	0
1	1	UID1428830	1	1	0	0
1	1	UID1428833	1	1	0	0
1	1	UID1428834	1	1	0	0
1	1	UID1428835	1	1	0	0
1	1	UID1428845	1	1	0	0
1	1	UID1428849	1	1	0	0
1	1	UID1428858	1	1	0	0
1	1	UID1428861	1	1	0	0
1	1	UID1428863	1	1	0	0
1	1	UID1428864	1	1	0	0
1	1	UID1428865	1	1	0	0
1	1	UID1428868	1	1	0	0
1	1	UID1428869	1	1	0	0
1	1	UID1428874	1	1	0	0
1	1	UID1428876	1	1	0	0
1	1	UID1428883	1	1	0	0
1	1	UID1428884	1	1	0	0
1	1	UID1428885	1	1	0	0
1	1	UID1428888	1	1	0	0
1	1	UID1428890	1	1	0	0
1	1	UID1428891	1	1	0	0
1	1	UID1428892	1	1	0	0
1	1	UID1428894	1	1	0	0
1	1	UID1428896	1	1	0	0
1	1	UID1428897	1	1	0	0
1	1	UID1428899	1	1	0	0
1	1	UID1428900	1	1	0	0
1	1	UID1428902	1	1	0	0
1	1	UID1428907	1	1	0	0
1	1	UID1428911	1	1	0	0
1	1	UID1428912	1	1	0	0
1	1	UID1428914	1	1	0	0
1	1	UID1428918	1	1	0	0
1	1	UID1428930	1	1	0	0
1	1	UID1428931	1	1	0	0
1	1	UID1428946	1	1	0	0
1	1	UID1428963	1	1	0	0
1	1	UID1428969	1	1	0	0
1	1	UID1428973	1	1	0	0
1	1	UID1428975	1	1	0	0
1	1	UID1428976	1	1	0	0
1	1	UID1428982	1	1	0	0
1	1	UID1428983	1	1	0	0
1	1	UID1428985	1	1	0	0
1	1	UID1428988	1	1	0	0
1	1	UID1428989	1	1	0	0
1	1	UID1428992	1	1	0	0
1	1	UID1428995	1	1	0	0
1	1	UID1428998	1	1	0	0
1	1	UID1429000	1	1	0	0
1	1	UID1429001	1	1	0	0
1	1	UID1429002	1	1	0	0
1	1	UID1429010	1	1	0	0
1	1	UID1429014	1	1	0	0
2	2	UID1429016	1	2	1	1
1	1	UID1429020	1	1	0	0
1	1	UID1429021	1	1	0	0
1	1	UID1429022	1	1	0	0
1	1	UID1429033	1	1	0	0
1	1	UID1429035	1	1	0	0
1	1	UID1429040	1	1	0	0
1	1	UID1429041	1	1	0	0
1	1	UID1429049	1	1	0	0
1	1	UID1429050	1	1	0	0
1	1	UID1429054	1	1	0	0
1	1	UID1429056	1	1	0	0
1	1	UID1429057	1	1	0	0
1	1	UID1429062	1	1	0	0
1	1	UID1429063	1	1	0	0
1	1	UID1429066	1	1	0	0
1	1	UID1429068	1	1	0	0
1	1	UID1429070	1	1	0	0
1	1	UID1429074	1	1	0	0
1	1	UID1429076	1	1	0	0
1	1	UID1429077	1	1	0	0
1	1	UID1429078	1	1	0	0
1	1	UID1429079	1	1	0	0
1	1	UID1429081	1	1	0	0
5	5	UID1429082	1	5	2	2
1	1	UID1429084	1	1	0	0
1	1	UID1429085	1	1	0	0
1	1	UID1429087	1	1	0	0
1	1	UID1429090	1	1	0	0
1	1	UID1429092	1	1	0	0
1	1	UID1429107	1	1	0	0
1	1	UID1429108	1	1	0	0
1	1	UID1429111	1	1	0	0
1	1	UID1429117	1	1	0	0
1	1	UID1429118	1	1	0	0
1	1	UID1429119	1	1	0	0
1	1	UID1429123	1	1	0	0
1	1	UID1429124	1	1	0	0
1	1	UID1429127	1	1	0	0
1	1	UID1429128	1	1	0	0
1	1	UID1429130	1	1	0	0
1	1	UID1429131	1	1	0	0
1	1	UID1429132	1	1	0	0
1	1	UID1429134	1	1	0	0
1	1	UID1429136	1	1	0	0
1	1	UID1429138	1	1	0	0
1	1	UID1429140	1	1	0	0
1	1	UID1429144	1	1	0	0
1	1	UID1429145	1	1	0	0
1	1	UID1429146	1	1	0	0
1	1	UID1429156	1	1	0	0
1	1	UID1429157	1	1	0	0
1	1	UID1429159	1	1	0	0
1	1	UID1429163	1	1	0	0
1	1	UID1429171	1	1	0	0
1	1	UID1429195	1	1	0	0
1	1	UID1429200	1	1	0	0
1	1	UID1429217	1	1	0	0
1	1	UID1429224	1	1	0	0
1	1	UID1429229	1	1	0	0
1	1	UID1429232	1	1	0	0
1	1	UID1429245	1	1	0	0
1	1	UID1429250	1	1	0	0
1	1	UID1429255	1	1	0	0
1	1	UID1429260	1	1	0	0
1	1	UID1429261	1	1	0	0
1	1	UID1429262	1	1	0	0
1	1	UID1429263	1	1	0	0
1	1	UID1429265	1	1	0	0
1	1	UID1429266	1	1	0	0
1	1	UID1429269	1	1	0	0
1	1	UID1429271	1	1	0	0
1	1	UID1429272	1	1	0	0
1	1	UID1429273	1	1	0	0
1	1	UID1429274	1	1	0	0
1	1	UID1429277	1	1	0	0
1	1	UID1429280	1	1	0	0
1	1	UID1429281	1	1	0	0
1	1	UID1429284	1	1	0	0
1	1	UID1429285	1	1	0	0
1	1	UID1429298	1	1	0	0
1	1	UID1429300	1	1	0	0
1	1	UID1429302	1	1	0	0
1	1	UID1429305	1	1	0	0
1	1	UID1429306	1	1	0	0
1	1	UID1429309	1	1	0	0
1	1	UID1429325	1	1	0	0
1	1	UID1429326	1	1	0	0
1	1	UID1429329	1	1	0	0
1	1	UID1429342	1	1	0	0
1	1	UID1429343	1	1	0	0
1	1	UID1429344	1	1	0	0
1	1	UID1429345	1	1	0	0
1	1	UID1429347	1	1	0	0
1	1	UID1429358	1	1	0	0
1	1	UID1429359	1	1	0	0
1	1	UID1429360	1	1	0	0
1	1	UID1429362	1	1	0	0
1	1	UID1429365	1	1	0	0
1	1	UID1429369	1	1	0	0
1	1	UID1429370	1	1	0	0
1	1	UID1429371	1	1	0	0
1	1	UID1429372	1	1	0	0
1	1	UID1429375	1	1	0	0
1	1	UID1429377	1	1	0	0
1	1	UID1429378	1	1	0	0
1	1	UID1429382	1	1	0	0
1	1	UID1429383	1	1	0	0
1	1	UID1429384	1	1	0	0
1	1	UID1429385	1	1	0	0
1	1	UID1429388	1	1	0	0
1	1	UID1429389	1	1	0	0
1	1	UID1429393	1	1	0	0
1	1	UID1429394	1	1	0	0
1	1	UID1429395	1	1	0	0
1	1	UID1429411	1	1	0	0
1	1	UID1429416	1	1	0	0
1	1	UID1429419	1	1	0	0
1	1	UID1429421	1	1	0	0
1	1	UID1429424	1	1	0	0
1	1	UID1429426	1	1	0	0
1	1	UID1429427	1	1	0	0
1	1	UID1429432	1	1	0	0
1	1	UID1429436	1	1	0	0
1	1	UID1429438	1	1	0	0
1	1	UID1429441	1	1	0	0
1	1	UID1429442	1	1	0	0
1	1	UID1429444	1	1	0	0
1	1	UID1429453	1	1	0	0
1	1	UID1429454	1	1	0	0
1	1	UID1429456	1	1	0	0
1	1	UID1429466	1	1	0	0
1	1	UID1429467	1	1	0	0
1	1	UID1429469	1	1	0	0
1	1	UID1429471	1	1	0	0
1	1	UID1429472	1	1	0	0
1	1	UID1429473	1	1	0	0
1	1	UID1429486	1	1	0	0
1	1	UID1429489	1	1	0	0
1	1	UID1429491	1	1	0	0
1	1	UID1429493	1	1	0	0
1	1	UID1429495	1	1	0	0
1	1	UID1429496	1	1	0	0
1	1	UID1429497	1	1	0	0
1	1	UID1429498	1	1	0	0
1	1	UID1429500	1	1	0	0
1	1	UID1429501	1	1	0	0
1	1	UID1429505	1	1	0	0
1	1	UID1429506	1	1	0	0
1	1	UID1429508	1	1	0	0
1	1	UID1429511	1	1	0	0
1	1	UID1429512	1	1	0	0
1	1	UID1429513	1	1	0	0
1	1	UID1429516	1	1	0	0
1	1	UID1429520	1	1	0	0
1	1	UID1429523	1	1	0	0
1	1	UID1429529	1	1	0	0
1	1	UID1429530	1	1	0	0
1	1	UID1429531	1	1	0	0
1	1	UID1429533	1	1	0	0
1	1	UID1429537	1	1	0	0
1	1	UID1429539	1	1	0	0
1	1	UID1429555	1	1	0	0
1	1	UID1429556	1	1	0	0
1	1	UID1429563	1	1	0	0
1	1	UID1429570	1	1	0	0
1	1	UID1429572	1	1	0	0
1	1	UID1429573	1	1	0	0
1	1	UID1429574	1	1	0	0
1	1	UID1429576	1	1	0	0
1	1	UID1429577	1	1	0	0
1	1	UID1429580	1	1	0	0
1	1	UID1429584	1	1	0	0
1	1	UID1429593	1	1	0	0
1	1	UID1429602	1	1	0	0
1	1	UID1429604	1	1	0	0
1	1	UID1429608	1	1	0	0
1	1	UID1429615	1	1	0	0
1	1	UID1429620	1	1	0	0
1	1	UID1429625	1	1	0	0
1	1	UID1429634	1	1	0	0
1	1	UID1429640	1	1	0	0
1	1	UID1429644	1	1	0	0
1	1	UID1429649	1	1	0	0
1	1	UID1429652	1	1	0	0
1	1	UID1429654	1	1	0	0
1	1	UID1429661	1	1	0	0
1	1	UID1429664	1	1	0	0
1	1	UID1429665	1	1	0	0
1	1	UID1429670	1	1	0	0
1	1	UID1429671	1	1	0	0
1	1	UID1429673	1	1	0	0
1	1	UID1429678	1	1	0	0
1	1	UID1429681	1	1	0	0
1	1	UID1429682	1	1	0	0
1	1	UID1429689	1	1	0	0
1	1	UID1429690	1	1	0	0
1	1	UID1429692	1	1	0	0
1	1	UID1429695	1	1	0	0
4	4	UID147355	1	4	1	1
1	1	UID152766	1	1	0	0
1	1	UID160233	1	1	0	0
1	1	UID170459	1	1	0	0
1	1	UID17336	1	1	0	0
1	1	UID180876	1	1	0	0
1	1	UID197760	1	1	0	0
1	1	UID27188	1	1	0	0
1	1	UID27208	1	1	0	0
1	1	UID284	1	1	0	0
3	3	UID286	1	3	1	1
1	1	UID29953	1	1	0	0
1	1	UID344036	1	1	0	0
1	1	UID35198	1	1	0	0
1	1	UID373879	1	1	0	0
1	1	UID48429	1	1	0	0
1	1	UID499782	1	1	0	0
1	1	UID532012	1	1	0	0
1	1	UID54655	1	1	0	0
1	1	UID5539	1	1	0	0
1	1	UID62629	1	1	0	0
2	2	UID626	1	2	1	1
1	1	UID65082	1	1	0	0
1	1	UID66434	1	1	0	0
1	1	UID66935	1	1	0	0
1	1	UID7550	1	1	0	0
1	1	UID7616	1	1	0	0
1	1	UID76406	1	1	0	0
1	1	UID775187	1	1	0	0
1	1	UID807171	1	1	0	0
1	1	UID814910	1	1	0	0
1	1	UID820672	1	1	0	0
