2314	10296	UID61353	5003	1880	4	4
1608	8604	UID1	4575	1266	5	5
707	2652	UID2	1237	529	4	4
309	900	UID5543	446	237	2	2
275	595	UID553	262	242	3	3
149	350	UID18916	155	124	3	3
126	290	UID53154	131	109	3	3
133	246	UID132406	93	123	4	4
107	209	UID955	80	101	2	2
50	94	UID18915	40	46	2	2
20	49	UID1436169	30	19	1	1
19	48	UID1436170	30	18	1	1
51	91	UID37773	30	44	3	3
29	58	UID310	29	27	2	2
30	57	UID1436172	27	28	2	2
27	51	UID1436174	25	26	1	1
19	39	UID99	20	17	1	1
17	35	UID22	19	16	2	2
25	43	UID72	19	24	2	2
16	32	UID1427023	17	15	2	2
16	33	UID1436215	17	14	1	1
13	30	UID29	17	11	1	1
15	31	UID7531	17	14	1	1
21	40	UID85	17	18	2	2
21	37	UID1436228	16	19	2	2
25	40	UID18	15	23	2	2
16	30	UID293708	15	15	1	1
9	23	UID62806	15	8	1	1
6	20	UID94	15	5	1	1
21	34	UID1436247	14	20	1	1
27	53	UID61254	14	25	2	2
9	22	UID146	13	7	1	1
12	24	UID180	13	11	1	1
13	24	UID122	12	12	2	2
8	19	UID206	12	7	1	1
13	27	UID77	12	10	2	2
14	24	UID131	11	13	2	2
19	29	UID189	11	18	1	1
12	22	UID207	11	11	2	2
6	17	UID221	11	4	1	1
7	16	UID228	10	6	1	1
17	26	UID115	9	15	1	1
14	22	UID138	9	13	1	1
17	30	UID430965	9	15	3	3
13	22	UID61799	9	11	1	1
7	16	UID779	9	5	1	1
8	15	UID108	8	7	1	1
10	17	UID1436311	8	9	1	1
2	9	UID248	8	1	1	1
15	22	UID554	8	14	1	1
10	17	UID84	8	9	1	1
6	12	UID1436320	7	5	1	1
5	11	UID1436328	7	4	1	1
6	12	UID1436329	7	5	1	1
15	21	UID157	7	14	1	1
7	13	UID303	7	6	1	1
9	14	UID1436353	6	8	1	1
5	10	UID194	6	4	1	1
5	10	UID609	6	4	2	2
4	8	UID1436377	5	3	1	1
4	8	UID1436381	5	3	1	1
15	23	UID159	5	13	2	2
3	7	UID173	5	2	1	1
12	17	UID31310	5	10	2	2
4	8	UID375	5	3	1	1
6	10	UID376	5	5	1	1
2	6	UID3973	5	1	1	1
6	10	UID521	5	5	1	1
10	14	UID5540	5	9	1	1
21	26	UID8072	5	19	5	5
1	4	UID1142	4	0	0	0
4	7	UID1246378	4	3	1	1
1	4	UID1436403	4	0	0	0
2	5	UID1436404	4	1	1	1
3	6	UID1436411	4	2	0	0
8	11	UID149	4	7	1	1
6	9	UID158	4	5	1	1
11	14	UID182	4	10	2	2
8	11	UID213853	4	7	1	1
4	7	UID27351	4	3	1	1
7	10	UID292	4	6	1	1
3	6	UID293	4	2	1	1
3	6	UID460	4	2	1	1
3	6	UID520	4	2	1	1
2	5	UID5500	4	1	1	1
2	5	UID580	4	1	0	0
7	11	UID607	4	5	1	1
2	5	UID611	4	1	1	1
8	11	UID61270	4	7	2	2
2	5	UID703	4	1	0	0
12	17	UID8870	4	10	2	2
1	3	UID1089820	3	0	0	0
6	8	UID1105090	3	5	1	1
3	5	UID1164461	3	2	1	1
3	5	UID1328	3	2	1	1
4	7	UID13946	3	2	1	1
1	3	UID1436415	3	0	0	0
3	5	UID1436423	3	2	1	1
1	3	UID1436424	3	0	0	0
5	7	UID1436457	3	4	1	1
10	12	UID208	3	9	1	1
4	7	UID242	3	2	1	1
6	8	UID327	3	5	1	1
5	7	UID522	3	4	1	1
3	5	UID525	3	2	1	1
1	3	UID5517	3	0	0	0
6	8	UID55529	3	5	0	0
10	12	UID558	3	9	2	2
3	5	UID736	3	2	1	1
2	4	UID744	3	1	1	1
7	9	UID837	3	6	1	1
6	7	UID1089478	2	5	1	1
2	3	UID1140732	2	1	1	1
2	3	UID1243369	2	1	1	1
1	2	UID1244532	2	0	0	0
2	3	UID135079	2	1	1	1
3	4	UID1436479	2	2	2	2
3	4	UID1436572	2	2	1	1
3	4	UID1436573	2	2	1	1
1	2	UID1436577	2	0	0	0
1	2	UID27090	2	0	0	0
8	9	UID27092	2	7	3	3
7	8	UID294	2	6	1	1
1	2	UID335	2	0	0	0
3	4	UID352	2	2	1	1
2	3	UID36551	2	1	1	1
3	4	UID374	2	2	1	1
1	2	UID383	2	0	0	0
3	4	UID440	2	2	1	1
2	3	UID497	2	1	1	1
3	4	UID52064	2	2	1	1
5	6	UID610	2	4	1	1
4	5	UID734	2	3	1	1
2	3	UID73563	2	1	1	1
5	6	UID7538	2	4	2	2
1	1	UID1039245	1	1	0	0
5	5	UID1074	1	5	1	1
2	2	UID1244606	1	2	1	1
1	1	UID1366290	1	1	0	0
2	2	UID1371803	1	2	1	1
1	1	UID1426087	1	1	0	0
1	1	UID1436621	1	1	0	0
1	1	UID1436630	1	1	0	0
1	1	UID1436635	1	1	0	0
1	1	UID1436636	1	1	0	0
1	1	UID1436647	1	1	0	0
1	1	UID1436655	1	1	0	0
1	1	UID1436662	1	1	0	0
1	1	UID1436665	1	1	0	0
1	1	UID1436669	1	1	0	0
1	1	UID1436671	1	1	0	0
1	1	UID1436675	1	1	0	0
1	1	UID1436686	1	1	0	0
1	1	UID1436689	1	1	0	0
1	1	UID1436690	1	1	0	0
1	1	UID1436693	1	1	0	0
1	1	UID1436695	1	1	0	0
1	1	UID1436701	1	1	0	0
1	1	UID1436702	1	1	0	0
1	1	UID1436705	1	1	0	0
1	1	UID1436707	1	1	0	0
1	1	UID1436708	1	1	0	0
1	1	UID1436721	1	1	0	0
1	1	UID1436731	1	1	0	0
1	1	UID1436733	1	1	0	0
1	1	UID1436757	1	1	0	0
1	1	UID1436759	1	1	0	0
1	1	UID1436760	1	1	0	0
1	1	UID1436762	1	1	0	0
1	1	UID1436766	1	1	0	0
1	1	UID1436779	1	1	0	0
1	1	UID1436786	1	1	0	0
1	1	UID1436789	1	1	0	0
1	1	UID1436793	1	1	0	0
1	1	UID1436830	1	1	0	0
1	1	UID1436831	1	1	0	0
1	1	UID1436834	1	1	0	0
1	1	UID1436838	1	1	0	0
1	1	UID1436843	1	1	0	0
1	1	UID1436859	1	1	0	0
1	1	UID1436861	1	1	0	0
1	1	UID1436864	1	1	0	0
1	1	UID1436867	1	1	0	0
1	1	UID1436875	1	1	0	0
3	3	UID1436877	1	3	2	2
1	1	UID1436886	1	1	0	0
1	1	UID1436890	1	1	0	0
1	1	UID1436892	1	1	0	0
1	1	UID1436893	1	1	0	0
1	1	UID1436894	1	1	0	0
1	1	UID1436907	1	1	0	0
1	1	UID1436923	1	1	0	0
1	1	UID1436930	1	1	0	0
1	1	UID1436932	1	1	0	0
1	1	UID1436934	1	1	0	0
1	1	UID1436947	1	1	0	0
1	1	UID1436958	1	1	0	0
1	1	UID1436969	1	1	0	0
1	1	UID1437010	1	1	0	0
1	1	UID1437012	1	1	0	0
1	1	UID1437021	1	1	0	0
1	1	UID1437027	1	1	0	0
1	1	UID1437029	1	1	0	0
1	1	UID1437037	1	1	0	0
1	1	UID1437042	1	1	0	0
1	1	UID1437049	1	1	0	0
1	1	UID1437050	1	1	0	0
1	1	UID1437051	1	1	0	0
1	1	UID1437057	1	1	0	0
1	1	UID1437058	1	1	0	0
1	1	UID1437062	1	1	0	0
1	1	UID1437075	1	1	0	0
1	1	UID1437076	1	1	0	0
1	1	UID1437078	1	1	0	0
1	1	UID1437082	1	1	0	0
1	1	UID1437083	1	1	0	0
1	1	UID1437084	1	1	0	0
1	1	UID1437086	1	1	0	0
1	1	UID1437087	1	1	0	0
1	1	UID1437088	1	1	0	0
1	1	UID1437089	1	1	0	0
1	1	UID1437091	1	1	0	0
1	1	UID1437093	1	1	0	0
1	1	UID1437104	1	1	0	0
1	1	UID1437121	1	1	0	0
1	1	UID1437127	1	1	0	0
1	1	UID1437128	1	1	0	0
1	1	UID1437132	1	1	0	0
1	1	UID1437133	1	1	0	0
1	1	UID1437134	1	1	0	0
1	1	UID1437138	1	1	0	0
1	1	UID1437139	1	1	0	0
1	1	UID1437144	1	1	0	0
1	1	UID1437151	1	1	0	0
1	1	UID1437155	1	1	0	0
1	1	UID1437160	1	1	0	0
1	1	UID1437164	1	1	0	0
1	1	UID1437168	1	1	0	0
1	1	UID1437170	1	1	0	0
1	1	UID1437181	1	1	0	0
1	1	UID1437188	1	1	0	0
1	1	UID1437192	1	1	0	0
1	1	UID1437205	1	1	0	0
1	1	UID1437210	1	1	0	0
1	1	UID1437223	1	1	0	0
1	1	UID1437224	1	1	0	0
1	1	UID1437226	1	1	0	0
1	1	UID1437228	1	1	0	0
1	1	UID1437234	1	1	0	0
1	1	UID1437235	1	1	0	0
1	1	UID1437245	1	1	0	0
1	1	UID1437249	1	1	0	0
1	1	UID1437259	1	1	0	0
1	1	UID1437262	1	1	0	0
1	1	UID1437266	1	1	0	0
1	1	UID1437270	1	1	0	0
1	1	UID1437271	1	1	0	0
1	1	UID1437272	1	1	0	0
1	1	UID1437274	1	1	0	0
1	1	UID1437275	1	1	0	0
1	1	UID1437276	1	1	0	0
1	1	UID1437277	1	1	0	0
1	1	UID1437278	1	1	0	0
1	1	UID1437280	1	1	0	0
1	1	UID1437294	1	1	0	0
1	1	UID1437311	1	1	0	0
1	1	UID1437329	1	1	0	0
1	1	UID1437331	1	1	0	0
1	1	UID1437344	1	1	0	0
1	1	UID1437347	1	1	0	0
1	1	UID1437359	1	1	0	0
1	1	UID1437371	1	1	0	0
1	1	UID1437376	1	1	0	0
1	1	UID1437378	1	1	0	0
1	1	UID1437384	1	1	0	0
1	1	UID1437396	1	1	0	0
1	1	UID1437398	1	1	0	0
1	1	UID1437409	1	1	0	0
1	1	UID1437412	1	1	0	0
1	1	UID1437414	1	1	0	0
1	1	UID1437434	1	1	0	0
1	1	UID1437439	1	1	0	0
1	1	UID1437441	1	1	0	0
1	1	UID1437447	1	1	0	0
1	1	UID1437457	1	1	0	0
1	1	UID1437461	1	1	0	0
1	1	UID1437478	1	1	0	0
1	1	UID1437486	1	1	0	0
1	1	UID1437487	1	1	0	0
1	1	UID1437495	1	1	0	0
1	1	UID1437496	1	1	0	0
1	1	UID1437504	1	1	0	0
1	1	UID1437512	1	1	0	0
1	1	UID1437513	1	1	0	0
1	1	UID1437514	1	1	0	0
1	1	UID1437515	1	1	0	0
1	1	UID1437516	1	1	0	0
1	1	UID1437517	1	1	0	0
1	1	UID1437518	1	1	0	0
1	1	UID1437519	1	1	0	0
1	1	UID1437521	1	1	0	0
1	1	UID1437523	1	1	0	0
1	1	UID1437524	1	1	0	0
1	1	UID1437528	1	1	0	0
1	1	UID1437529	1	1	0	0
1	1	UID1437530	1	1	0	0
1	1	UID1437548	1	1	0	0
1	1	UID1437678	1	1	0	0
1	1	UID1437686	1	1	0	0
1	1	UID1437693	1	1	0	0
1	1	UID1437698	1	1	0	0
1	1	UID1437705	1	1	0	0
1	1	UID1437707	1	1	0	0
3	3	UID1437708	1	3	2	2
1	1	UID1437711	1	1	0	0
1	1	UID1437713	1	1	0	0
1	1	UID1437714	1	1	0	0
1	1	UID1437715	1	1	0	0
1	1	UID1437716	1	1	0	0
1	1	UID1437717	1	1	0	0
1	1	UID1437722	1	1	0	0
1	1	UID1437806	1	1	0	0
1	1	UID1437813	1	1	0	0
1	1	UID1437818	1	1	0	0
1	1	UID1437820	1	1	0	0
1	1	UID1437821	1	1	0	0
1	1	UID1437823	1	1	0	0
1	1	UID1437828	1	1	0	0
1	1	UID1437839	1	1	0	0
1	1	UID1437842	1	1	0	0
1	1	UID1437849	1	1	0	0
1	1	UID1437854	1	1	0	0
1	1	UID1437861	1	1	0	0
1	1	UID1437862	1	1	0	0
1	1	UID1437863	1	1	0	0
1	1	UID1437868	1	1	0	0
1	1	UID1437869	1	1	0	0
1	1	UID1437870	1	1	0	0
1	1	UID1437874	1	1	0	0
1	1	UID1437880	1	1	0	0
1	1	UID1437887	1	1	0	0
1	1	UID1437888	1	1	0	0
1	1	UID1437897	1	1	0	0
1	1	UID1437905	1	1	0	0
1	1	UID1437911	1	1	0	0
1	1	UID1437919	1	1	0	0
1	1	UID1437933	1	1	0	0
1	1	UID1437935	1	1	0	0
1	1	UID1437938	1	1	0	0
1	1	UID1437940	1	1	0	0
1	1	UID1437945	1	1	0	0
1	1	UID1437956	1	1	0	0
1	1	UID1437961	1	1	0	0
1	1	UID1437963	1	1	0	0
1	1	UID1437964	1	1	0	0
1	1	UID1437969	1	1	0	0
1	1	UID1437977	1	1	0	0
1	1	UID1437982	1	1	0	0
1	1	UID1437997	1	1	0	0
1	1	UID1438012	1	1	0	0
1	1	UID1438014	1	1	0	0
1	1	UID1438027	1	1	0	0
1	1	UID1438032	1	1	0	0
1	1	UID1438046	1	1	0	0
1	1	UID1438047	1	1	0	0
1	1	UID1438064	1	1	0	0
1	1	UID1438074	1	1	0	0
1	1	UID1438075	1	1	0	0
1	1	UID1438079	1	1	0	0
1	1	UID1438090	1	1	0	0
1	1	UID1438093	1	1	0	0
1	1	UID1438094	1	1	0	0
1	1	UID1438095	1	1	0	0
1	1	UID1438096	1	1	0	0
1	1	UID1438097	1	1	0	0
1	1	UID1438098	1	1	0	0
1	1	UID1438104	1	1	0	0
1	1	UID1438108	1	1	0	0
1	1	UID1438111	1	1	0	0
1	1	UID1438114	1	1	0	0
1	1	UID1438115	1	1	0	0
1	1	UID1438119	1	1	0	0
1	1	UID1438120	1	1	0	0
1	1	UID1438125	1	1	0	0
1	1	UID1438129	1	1	0	0
1	1	UID1438133	1	1	0	0
1	1	UID1438152	1	1	0	0
1	1	UID1438155	1	1	0	0
1	1	UID1438156	1	1	0	0
1	1	UID1438168	1	1	0	0
1	1	UID1438182	1	1	0	0
1	1	UID1438190	1	1	0	0
1	1	UID1438206	1	1	0	0
1	1	UID1438207	1	1	0	0
1	1	UID1438212	1	1	0	0
1	1	UID1438217	1	1	0	0
1	1	UID1438219	1	1	0	0
1	1	UID1438227	1	1	0	0
1	1	UID1438230	1	1	0	0
1	1	UID1438236	1	1	0	0
1	1	UID1438237	1	1	0	0
1	1	UID1438256	1	1	0	0
1	1	UID1438257	1	1	0	0
1	1	UID1438258	1	1	0	0
1	1	UID1438270	1	1	0	0
1	1	UID1438271	1	1	0	0
1	1	UID1438273	1	1	0	0
1	1	UID1438279	1	1	0	0
1	1	UID1438287	1	1	0	0
1	1	UID1438291	1	1	0	0
1	1	UID1438295	1	1	0	0
1	1	UID1438307	1	1	0	0
1	1	UID1438339	1	1	0	0
1	1	UID1438344	1	1	0	0
1	1	UID1438346	1	1	0	0
1	1	UID1438358	1	1	0	0
1	1	UID1438374	1	1	0	0
1	1	UID1438386	1	1	0	0
1	1	UID1438392	1	1	0	0
1	1	UID1438395	1	1	0	0
1	1	UID1438397	1	1	0	0
1	1	UID1438400	1	1	0	0
1	1	UID1438403	1	1	0	0
1	1	UID1438404	1	1	0	0
1	1	UID1438407	1	1	0	0
1	1	UID1438428	1	1	0	0
1	1	UID1438429	1	1	0	0
1	1	UID1438442	1	1	0	0
1	1	UID1438450	1	1	0	0
1	1	UID1438451	1	1	0	0
1	1	UID1438455	1	1	0	0
1	1	UID1438456	1	1	0	0
1	1	UID1438461	1	1	0	0
1	1	UID1438464	1	1	0	0
1	1	UID1438465	1	1	0	0
1	1	UID1438470	1	1	0	0
3	3	UID1438489	1	3	2	2
1	1	UID1438504	1	1	0	0
1	1	UID1438506	1	1	0	0
1	1	UID1438507	1	1	0	0
1	1	UID1438508	1	1	0	0
1	1	UID1438522	1	1	0	0
1	1	UID1438528	1	1	0	0
1	1	UID1438529	1	1	0	0
1	1	UID1438531	1	1	0	0
1	1	UID1438532	1	1	0	0
1	1	UID1438535	1	1	0	0
1	1	UID1438541	1	1	0	0
1	1	UID1438546	1	1	0	0
1	1	UID1438547	1	1	0	0
1	1	UID1438549	1	1	0	0
1	1	UID1438560	1	1	0	0
1	1	UID1438569	1	1	0	0
1	1	UID1438579	1	1	0	0
1	1	UID1438605	1	1	0	0
1	1	UID1438608	1	1	0	0
1	1	UID1438620	1	1	0	0
1	1	UID1438621	1	1	0	0
1	1	UID1438623	1	1	0	0
1	1	UID1438642	1	1	0	0
1	1	UID1438645	1	1	0	0
1	1	UID1438647	1	1	0	0
1	1	UID1438651	1	1	0	0
1	1	UID1438655	1	1	0	0
1	1	UID1438666	1	1	0	0
1	1	UID1438671	1	1	0	0
1	1	UID1438673	1	1	0	0
1	1	UID1438699	1	1	0	0
1	1	UID1438718	1	1	0	0
1	1	UID1438721	1	1	0	0
1	1	UID1438740	1	1	0	0
1	1	UID1438746	1	1	0	0
1	1	UID1438758	1	1	0	0
1	1	UID1438763	1	1	0	0
1	1	UID1438764	1	1	0	0
1	1	UID1438772	1	1	0	0
1	1	UID1438773	1	1	0	0
1	1	UID1438788	1	1	0	0
1	1	UID1438794	1	1	0	0
1	1	UID1438795	1	1	0	0
1	1	UID1438796	1	1	0	0
1	1	UID1438798	1	1	0	0
1	1	UID1438799	1	1	0	0
1	1	UID1438800	1	1	0	0
1	1	UID1438801	1	1	0	0
1	1	UID1438804	1	1	0	0
1	1	UID1438807	1	1	0	0
1	1	UID1438808	1	1	0	0
1	1	UID1438816	1	1	0	0
1	1	UID1438817	1	1	0	0
1	1	UID1438819	1	1	0	0
1	1	UID1438820	1	1	0	0
1	1	UID1438854	1	1	0	0
1	1	UID1438886	1	1	0	0
1	1	UID1438911	1	1	0	0
1	1	UID1438913	1	1	0	0
4	4	UID1438944	1	4	2	2
1	1	UID1438992	1	1	0	0
1	1	UID1439010	1	1	0	0
1	1	UID1439023	1	1	0	0
1	1	UID1439204	1	1	0	0
1	1	UID1439216	1	1	0	0
1	1	UID1439219	1	1	0	0
1	1	UID1439256	1	1	0	0
1	1	UID1439263	1	1	0	0
1	1	UID1439270	1	1	0	0
1	1	UID1439274	1	1	0	0
1	1	UID1439277	1	1	0	0
1	1	UID1439312	1	1	0	0
1	1	UID1439318	1	1	0	0
1	1	UID1439319	1	1	0	0
1	1	UID1439320	1	1	0	0
1	1	UID1439321	1	1	0	0
1	1	UID1439322	1	1	0	0
1	1	UID1439324	1	1	0	0
1	1	UID1439341	1	1	0	0
1	1	UID1439344	1	1	0	0
1	1	UID1439345	1	1	0	0
1	1	UID1439346	1	1	0	0
1	1	UID1439355	1	1	0	0
1	1	UID1439356	1	1	0	0
1	1	UID1439357	1	1	0	0
1	1	UID1439358	1	1	0	0
1	1	UID1439361	1	1	0	0
1	1	UID1439369	1	1	0	0
1	1	UID1439389	1	1	0	0
1	1	UID1439390	1	1	0	0
1	1	UID1439417	1	1	0	0
1	1	UID1439444	1	1	0	0
1	1	UID1439498	1	1	0	0
1	1	UID1439513	1	1	0	0
1	1	UID1439516	1	1	0	0
1	1	UID1439521	1	1	0	0
1	1	UID1439524	1	1	0	0
1	1	UID1439535	1	1	0	0
1	1	UID1439536	1	1	0	0
1	1	UID1439555	1	1	0	0
1	1	UID1439562	1	1	0	0
1	1	UID1439569	1	1	0	0
1	1	UID1439570	1	1	0	0
2	2	UID1439571	1	2	1	1
1	1	UID1439572	1	1	0	0
1	1	UID1439578	1	1	0	0
1	1	UID1439597	1	1	0	0
1	1	UID1439607	1	1	0	0
1	1	UID1439619	1	1	0	0
1	1	UID1439624	1	1	0	0
1	1	UID1439625	1	1	0	0
1	1	UID1439626	1	1	0	0
1	1	UID1439630	1	1	0	0
1	1	UID1439631	1	1	0	0
1	1	UID1439644	1	1	0	0
1	1	UID1439646	1	1	0	0
1	1	UID1439658	1	1	0	0
1	1	UID1439670	1	1	0	0
1	1	UID1439673	1	1	0	0
1	1	UID1439677	1	1	0	0
1	1	UID1439690	1	1	0	0
1	1	UID1439691	1	1	0	0
1	1	UID1439699	1	1	0	0
1	1	UID1439702	1	1	0	0
1	1	UID1439703	1	1	0	0
1	1	UID1439704	1	1	0	0
1	1	UID1439708	1	1	0	0
1	1	UID1439709	1	1	0	0
1	1	UID1439710	1	1	0	0
1	1	UID1439711	1	1	0	0
1	1	UID1439717	1	1	0	0
1	1	UID1439718	1	1	0	0
1	1	UID1439719	1	1	0	0
1	1	UID1439725	1	1	0	0
1	1	UID1439726	1	1	0	0
1	1	UID1439731	1	1	0	0
1	1	UID1439733	1	1	0	0
1	1	UID1439734	1	1	0	0
1	1	UID1439736	1	1	0	0
1	1	UID1439737	1	1	0	0
1	1	UID1439741	1	1	0	0
1	1	UID1439743	1	1	0	0
1	1	UID1439748	1	1	0	0
1	1	UID1439752	1	1	0	0
1	1	UID1439756	1	1	0	0
1	1	UID1439760	1	1	0	0
1	1	UID1439764	1	1	0	0
2	2	UID1439767	1	2	1	1
1	1	UID1439768	1	1	0	0
1	1	UID1439771	1	1	0	0
1	1	UID1439774	1	1	0	0
1	1	UID1439776	1	1	0	0
1	1	UID1439778	1	1	0	0
1	1	UID1439779	1	1	0	0
1	1	UID1439780	1	1	0	0
1	1	UID1439792	1	1	0	0
1	1	UID1439793	1	1	0	0
1	1	UID1439794	1	1	0	0
1	1	UID1439796	1	1	0	0
1	1	UID1439797	1	1	0	0
1	1	UID1439798	1	1	0	0
1	1	UID1439799	1	1	0	0
1	1	UID1439800	1	1	0	0
1	1	UID1439801	1	1	0	0
1	1	UID1439802	1	1	0	0
1	1	UID1439812	1	1	0	0
1	1	UID1439814	1	1	0	0
1	1	UID1439815	1	1	0	0
1	1	UID1439819	1	1	0	0
1	1	UID1439832	1	1	0	0
1	1	UID1439840	1	1	0	0
1	1	UID1439844	1	1	0	0
1	1	UID1439854	1	1	0	0
1	1	UID1439855	1	1	0	0
1	1	UID1439862	1	1	0	0
1	1	UID1439867	1	1	0	0
1	1	UID1439879	1	1	0	0
1	1	UID1439880	1	1	0	0
1	1	UID1439886	1	1	0	0
1	1	UID1439891	1	1	0	0
1	1	UID1439903	1	1	0	0
1	1	UID1439904	1	1	0	0
1	1	UID1439905	1	1	0	0
1	1	UID1439908	1	1	0	0
1	1	UID1439910	1	1	0	0
1	1	UID1439925	1	1	0	0
1	1	UID1439949	1	1	0	0
1	1	UID1439950	1	1	0	0
1	1	UID1439957	1	1	0	0
1	1	UID1439959	1	1	0	0
1	1	UID1439960	1	1	0	0
1	1	UID1439966	1	1	0	0
1	1	UID1439968	1	1	0	0
1	1	UID1439971	1	1	0	0
1	1	UID1439975	1	1	0	0
1	1	UID1439978	1	1	0	0
1	1	UID1439993	1	1	0	0
1	1	UID1440001	1	1	0	0
1	1	UID1440004	1	1	0	0
1	1	UID1440005	1	1	0	0
1	1	UID1440006	1	1	0	0
1	1	UID1440015	1	1	0	0
1	1	UID1440016	1	1	0	0
1	1	UID1440020	1	1	0	0
1	1	UID1440022	1	1	0	0
1	1	UID1440023	1	1	0	0
1	1	UID1440027	1	1	0	0
1	1	UID1440040	1	1	0	0
1	1	UID1440045	1	1	0	0
1	1	UID1440049	1	1	0	0
1	1	UID1440053	1	1	0	0
1	1	UID1440059	1	1	0	0
1	1	UID1440062	1	1	0	0
1	1	UID1440071	1	1	0	0
1	1	UID1440078	1	1	0	0
1	1	UID1440112	1	1	0	0
1	1	UID1440114	1	1	0	0
1	1	UID1440117	1	1	0	0
1	1	UID1440126	1	1	0	0
1	1	UID1440130	1	1	0	0
1	1	UID1440131	1	1	0	0
1	1	UID1440136	1	1	0	0
1	1	UID1440137	1	1	0	0
1	1	UID1440140	1	1	0	0
1	1	UID1440141	1	1	0	0
1	1	UID1440142	1	1	0	0
1	1	UID1440143	1	1	0	0
1	1	UID1440145	1	1	0	0
1	1	UID1440146	1	1	0	0
1	1	UID1440147	1	1	0	0
1	1	UID1440148	1	1	0	0
1	1	UID1440149	1	1	0	0
1	1	UID1440150	1	1	0	0
1	1	UID1440162	1	1	0	0
1	1	UID1440163	1	1	0	0
1	1	UID1440164	1	1	0	0
1	1	UID1440168	1	1	0	0
1	1	UID1440169	1	1	0	0
1	1	UID1440172	1	1	0	0
1	1	UID1440173	1	1	0	0
1	1	UID1440174	1	1	0	0
1	1	UID1440177	1	1	0	0
1	1	UID1440187	1	1	0	0
1	1	UID1440191	1	1	0	0
1	1	UID1440193	1	1	0	0
1	1	UID1440195	1	1	0	0
1	1	UID1440197	1	1	0	0
1	1	UID1440198	1	1	0	0
1	1	UID1440201	1	1	0	0
1	1	UID1440202	1	1	0	0
1	1	UID1440203	1	1	0	0
1	1	UID1440213	1	1	0	0
1	1	UID1440220	1	1	0	0
1	1	UID1440221	1	1	0	0
1	1	UID1440222	1	1	0	0
1	1	UID1440223	1	1	0	0
1	1	UID1440252	1	1	0	0
1	1	UID1440253	1	1	0	0
1	1	UID1440254	1	1	0	0
1	1	UID1440255	1	1	0	0
1	1	UID1440256	1	1	0	0
1	1	UID1440257	1	1	0	0
1	1	UID1440274	1	1	0	0
1	1	UID1440275	1	1	0	0
1	1	UID1440298	1	1	0	0
1	1	UID1440300	1	1	0	0
1	1	UID1440301	1	1	0	0
1	1	UID1440304	1	1	0	0
1	1	UID1440315	1	1	0	0
1	1	UID1440319	1	1	0	0
1	1	UID1440322	1	1	0	0
1	1	UID1440323	1	1	0	0
1	1	UID1440325	1	1	0	0
1	1	UID1440326	1	1	0	0
1	1	UID1440327	1	1	0	0
1	1	UID1440328	1	1	0	0
1	1	UID1440329	1	1	0	0
1	1	UID1440333	1	1	0	0
1	1	UID1440337	1	1	0	0
1	1	UID1440338	1	1	0	0
1	1	UID1440345	1	1	0	0
1	1	UID1440352	1	1	0	0
1	1	UID1440357	1	1	0	0
1	1	UID1440363	1	1	0	0
1	1	UID1440365	1	1	0	0
1	1	UID1440366	1	1	0	0
1	1	UID1440374	1	1	0	0
1	1	UID1440387	1	1	0	0
1	1	UID1440388	1	1	0	0
1	1	UID1440397	1	1	0	0
1	1	UID1440399	1	1	0	0
1	1	UID1440402	1	1	0	0
1	1	UID1440404	1	1	0	0
1	1	UID1440406	1	1	0	0
1	1	UID1440417	1	1	0	0
1	1	UID1440418	1	1	0	0
1	1	UID1440419	1	1	0	0
1	1	UID1440421	1	1	0	0
1	1	UID1440422	1	1	0	0
1	1	UID1440429	1	1	0	0
1	1	UID1440436	1	1	0	0
1	1	UID1440452	1	1	0	0
1	1	UID1440455	1	1	0	0
1	1	UID1440468	1	1	0	0
1	1	UID1440471	1	1	0	0
1	1	UID1440502	1	1	0	0
1	1	UID1440503	1	1	0	0
1	1	UID1440505	1	1	0	0
1	1	UID1440506	1	1	0	0
1	1	UID1440510	1	1	0	0
1	1	UID1440516	1	1	0	0
1	1	UID1440518	1	1	0	0
1	1	UID1440528	1	1	0	0
1	1	UID1440536	1	1	0	0
1	1	UID1440537	1	1	0	0
1	1	UID1440539	1	1	0	0
1	1	UID1440546	1	1	0	0
1	1	UID1440557	1	1	0	0
1	1	UID1440567	1	1	0	0
1	1	UID1440574	1	1	0	0
1	1	UID1440577	1	1	0	0
1	1	UID1440578	1	1	0	0
1	1	UID1440582	1	1	0	0
1	1	UID1440595	1	1	0	0
1	1	UID1440602	1	1	0	0
1	1	UID1440614	1	1	0	0
1	1	UID1440620	1	1	0	0
1	1	UID1440622	1	1	0	0
1	1	UID1440629	1	1	0	0
1	1	UID1440639	1	1	0	0
1	1	UID1440647	1	1	0	0
1	1	UID1440648	1	1	0	0
1	1	UID1440667	1	1	0	0
1	1	UID1440670	1	1	0	0
1	1	UID1440671	1	1	0	0
1	1	UID1440673	1	1	0	0
1	1	UID1440706	1	1	0	0
1	1	UID1440710	1	1	0	0
1	1	UID1440712	1	1	0	0
1	1	UID1440722	1	1	0	0
1	1	UID1440723	1	1	0	0
1	1	UID1440729	1	1	0	0
1	1	UID1440741	1	1	0	0
1	1	UID1440742	1	1	0	0
1	1	UID1440752	1	1	0	0
1	1	UID1440759	1	1	0	0
1	1	UID1440760	1	1	0	0
1	1	UID1440764	1	1	0	0
1	1	UID1440766	1	1	0	0
1	1	UID1440769	1	1	0	0
1	1	UID1440771	1	1	0	0
1	1	UID1440779	1	1	0	0
1	1	UID1440780	1	1	0	0
1	1	UID1440783	1	1	0	0
1	1	UID1440806	1	1	0	0
1	1	UID1440809	1	1	0	0
1	1	UID1440811	1	1	0	0
1	1	UID1440816	1	1	0	0
1	1	UID1440817	1	1	0	0
1	1	UID1440825	1	1	0	0
1	1	UID1440837	1	1	0	0
1	1	UID1440838	1	1	0	0
1	1	UID1440847	1	1	0	0
1	1	UID1440852	1	1	0	0
1	1	UID1440857	1	1	0	0
1	1	UID1440859	1	1	0	0
1	1	UID1440860	1	1	0	0
1	1	UID1440862	1	1	0	0
1	1	UID1440864	1	1	0	0
1	1	UID1440868	1	1	0	0
1	1	UID1440870	1	1	0	0
1	1	UID1440871	1	1	0	0
1	1	UID1440875	1	1	0	0
1	1	UID1440885	1	1	0	0
1	1	UID1440895	1	1	0	0
1	1	UID1440901	1	1	0	0
1	1	UID1440906	1	1	0	0
1	1	UID1440908	1	1	0	0
1	1	UID1440909	1	1	0	0
1	1	UID1440910	1	1	0	0
1	1	UID1440913	1	1	0	0
1	1	UID1440936	1	1	0	0
1	1	UID1440938	1	1	0	0
1	1	UID1440939	1	1	0	0
1	1	UID1440942	1	1	0	0
1	1	UID1440948	1	1	0	0
1	1	UID1440949	1	1	0	0
1	1	UID1440950	1	1	0	0
1	1	UID1440951	1	1	0	0
1	1	UID1440954	1	1	0	0
1	1	UID1440955	1	1	0	0
1	1	UID1440960	1	1	0	0
1	1	UID1440967	1	1	0	0
1	1	UID1440977	1	1	0	0
1	1	UID1440980	1	1	0	0
1	1	UID1440984	1	1	0	0
1	1	UID1441001	1	1	0	0
1	1	UID1441009	1	1	0	0
1	1	UID1441011	1	1	0	0
1	1	UID1441012	1	1	0	0
1	1	UID1441014	1	1	0	0
1	1	UID1441022	1	1	0	0
1	1	UID1441029	1	1	0	0
1	1	UID1441033	1	1	0	0
1	1	UID1441034	1	1	0	0
1	1	UID1441035	1	1	0	0
1	1	UID1441042	1	1	0	0
1	1	UID1441043	1	1	0	0
1	1	UID1441044	1	1	0	0
1	1	UID1441045	1	1	0	0
1	1	UID1441051	1	1	0	0
1	1	UID1441053	1	1	0	0
1	1	UID1441056	1	1	0	0
1	1	UID1441062	1	1	0	0
1	1	UID1441063	1	1	0	0
1	1	UID1441070	1	1	0	0
1	1	UID1441071	1	1	0	0
1	1	UID1441072	1	1	0	0
1	1	UID1441073	1	1	0	0
1	1	UID1441077	1	1	0	0
1	1	UID1441078	1	1	0	0
1	1	UID1441080	1	1	0	0
1	1	UID1441082	1	1	0	0
1	1	UID1441083	1	1	0	0
1	1	UID1441087	1	1	0	0
1	1	UID1441089	1	1	0	0
1	1	UID1441091	1	1	0	0
1	1	UID1441094	1	1	0	0
1	1	UID1441095	1	1	0	0
1	1	UID1441096	1	1	0	0
1	1	UID1441097	1	1	0	0
1	1	UID1441098	1	1	0	0
1	1	UID1441106	1	1	0	0
1	1	UID1441113	1	1	0	0
1	1	UID1441125	1	1	0	0
1	1	UID1441132	1	1	0	0
1	1	UID1441134	1	1	0	0
1	1	UID1441136	1	1	0	0
1	1	UID1441140	1	1	0	0
1	1	UID1441148	1	1	0	0
1	1	UID154506	1	1	0	0
1	1	UID161675	1	1	0	0
1	1	UID27087	1	1	0	0
2	2	UID30014	1	2	1	1
1	1	UID355215	1	1	0	0
1	1	UID456729	1	1	0	0
1	1	UID48431	1	1	0	0
3	3	UID61298	1	3	2	2
1	1	UID62284	1	1	0	0
1	1	UID62629	1	1	0	0
1	1	UID753	1	1	0	0
1	1	UID775098	1	1	0	0
1	1	UID775596	1	1	0	0
1	1	UID7991	1	1	0	0
1	1	UID8082	1	1	0	0
1	1	UID924164	1	1	0	0
1	1	UID964420	1	1	0	0
