2963	11300	UID182	4922	2499	4	4
1831	9213	UID1	4633	1466	5	5
1204	4465	UID2	1920	942	6	6
99	231	UID18916	113	90	2	2
158	281	UID1441151	101	147	4	4
119	247	UID48449	93	107	4	4
50	121	UID5543	66	44	2	2
85	145	UID755	54	78	3	3
117	183	UID39	50	112	3	3
78	132	UID1441153	42	70	2	2
35	73	UID22	39	34	2	2
79	132	UID49496	36	73	3	3
61	114	UID18915	33	53	2	2
34	66	UID310	31	31	2	2
19	48	UID53914	30	18	2	2
43	74	UID18	29	39	2	2
34	59	UID53154	23	30	2	2
14	35	UID99	22	13	2	2
23	45	UID189	21	20	3	3
18	36	UID167787	19	17	2	2
11	28	UID207	18	10	1	1
12	26	UID115	15	11	2	2
15	29	UID149	15	14	1	1
25	46	UID536	15	23	2	2
4	17	UID194	13	2	1	1
25	37	UID37639	13	24	2	2
24	37	UID55529	13	22	2	2
4	15	UID1444095	12	3	1	1
7	18	UID496	12	6	1	1
16	27	UID72	12	15	1	1
15	26	UID85	12	14	3	3
12	22	UID131	11	11	2	2
12	22	UID138	11	11	1	1
10	20	UID196	11	9	2	2
18	32	UID84	11	15	2	2
10	19	UID108	10	9	1	1
10	19	UID157	10	9	1	1
13	22	UID208	10	12	1	1
5	14	UID228	10	4	1	1
17	33	UID40121	10	15	2	2
9	18	UID29	9	7	1	1
7	15	UID521	9	6	1	1
5	13	UID753	9	4	1	1
16	25	UID94	9	14	2	2
4	11	UID1444097	8	3	1	1
27	37	UID23	8	25	2	2
4	11	UID837	8	3	1	1
9	18	UID734	7	7	2	2
6	12	UID122	6	4	1	1
13	18	UID146	6	12	2	2
8	13	UID168370	6	7	1	1
4	9	UID248	6	3	1	1
2	7	UID441	6	1	1	1
3	8	UID609	6	2	1	1
4	9	UID77	6	3	1	1
8	13	UID958	6	7	1	1
8	12	UID158	5	7	1	1
5	9	UID167889	5	4	1	1
6	10	UID168037	5	5	1	1
3	7	UID29452	5	2	1	1
4	8	UID374	5	3	1	1
10	14	UID558	5	9	1	1
6	10	UID606	5	5	1	1
12	17	UID607	5	10	1	1
17	22	UID736	5	15	3	3
5	9	UID8021	5	4	1	1
4	7	UID1082084	4	3	1	1
4	7	UID1139	4	3	1	1
4	7	UID1327	4	3	1	1
5	8	UID1328	4	4	1	1
1	4	UID1441158	4	0	0	0
2	5	UID167923	4	1	1	1
6	9	UID180	4	5	1	1
7	10	UID292	4	6	1	1
5	8	UID293	4	4	1	1
3	6	UID294	4	2	1	1
8	11	UID303	4	7	1	1
7	10	UID327	4	6	1	1
3	6	UID375	4	2	1	1
1	4	UID3886	4	0	0	0
6	9	UID394	4	5	1	1
8	11	UID440	4	7	1	1
5	9	UID460	4	3	1	1
3	6	UID48426	4	2	1	1
4	7	UID580	4	3	1	1
6	8	UID107467	3	5	1	1
2	4	UID1142	3	1	0	0
2	4	UID1329	3	1	1	1
8	10	UID1444103	3	7	2	2
2	4	UID164790	3	1	0	0
8	10	UID173	3	7	1	1
1	3	UID208366	3	0	0	0
6	8	UID242	3	5	2	2
8	12	UID30019	3	6	2	2
1	3	UID376	3	0	0	0
12	14	UID522	3	11	1	1
1	3	UID5500	3	0	0	0
2	4	UID5540	3	1	1	1
4	6	UID581	3	3	1	1
3	5	UID703	3	2	1	1
1	3	UID843	3	0	0	0
3	5	UID922	3	2	1	1
3	6	UID961	3	1	1	1
1	2	UID128917	2	0	0	0
3	4	UID1441161	2	2	1	1
2	3	UID1442840	2	1	1	1
1	2	UID1444143	2	0	0	0
2	3	UID1444148	2	1	1	1
1	2	UID1444149	2	0	0	0
1	2	UID1444153	2	0	0	0
1	2	UID1455	2	0	0	0
4	5	UID168371	2	3	1	1
4	5	UID173487	2	3	2	2
3	4	UID174731	2	2	1	1
2	3	UID176717	2	1	1	1
3	4	UID21473	2	2	1	1
9	10	UID221	2	8	2	2
4	5	UID247	2	3	1	1
7	8	UID37672	2	6	1	1
4	5	UID4054	2	3	1	1
5	6	UID497	2	4	1	1
4	5	UID608	2	3	1	1
4	5	UID626	2	3	1	1
5	6	UID704	2	4	1	1
9	10	UID752	2	8	1	1
2	3	UID921	2	1	1	1
3	3	UID1074	1	3	1	1
3	3	UID1081115	1	3	1	1
1	1	UID1147860	1	1	0	0
1	1	UID117222	1	1	0	0
1	1	UID118174	1	1	0	0
1	1	UID121662	1	1	0	0
3	3	UID1282539	1	3	2	2
1	1	UID134042	1	1	0	0
4	4	UID1426232	1	4	2	2
3	3	UID1441160	1	3	1	1
8	8	UID1441542	1	8	3	3
1	1	UID1443326	1	1	0	0
1	1	UID1444155	1	1	0	0
1	1	UID1444159	1	1	0	0
1	1	UID1444163	1	1	0	0
1	1	UID1444166	1	1	0	0
1	1	UID1444168	1	1	0	0
1	1	UID1444169	1	1	0	0
1	1	UID1444171	1	1	0	0
1	1	UID1444172	1	1	0	0
1	1	UID1444177	1	1	0	0
1	1	UID1444178	1	1	0	0
1	1	UID1444189	1	1	0	0
1	1	UID1444201	1	1	0	0
1	1	UID1444202	1	1	0	0
1	1	UID1444204	1	1	0	0
1	1	UID1444205	1	1	0	0
1	1	UID1444226	1	1	0	0
1	1	UID1444228	1	1	0	0
1	1	UID1444229	1	1	0	0
1	1	UID1444234	1	1	0	0
1	1	UID1444243	1	1	0	0
1	1	UID1444244	1	1	0	0
1	1	UID1444245	1	1	0	0
1	1	UID1444247	1	1	0	0
1	1	UID1444248	1	1	0	0
1	1	UID1444249	1	1	0	0
1	1	UID1444254	1	1	0	0
1	1	UID1444261	1	1	0	0
1	1	UID1444262	1	1	0	0
1	1	UID1444263	1	1	0	0
1	1	UID1444267	1	1	0	0
1	1	UID1444272	1	1	0	0
1	1	UID1444283	1	1	0	0
1	1	UID1444305	1	1	0	0
1	1	UID1444308	1	1	0	0
1	1	UID1444314	1	1	0	0
1	1	UID1444315	1	1	0	0
1	1	UID1444316	1	1	0	0
1	1	UID1444318	1	1	0	0
1	1	UID1444325	1	1	0	0
1	1	UID1444343	1	1	0	0
1	1	UID1444347	1	1	0	0
1	1	UID1444348	1	1	0	0
1	1	UID1444351	1	1	0	0
1	1	UID1444354	1	1	0	0
1	1	UID1444356	1	1	0	0
1	1	UID1444360	1	1	0	0
1	1	UID1444361	1	1	0	0
1	1	UID1444365	1	1	0	0
1	1	UID1444366	1	1	0	0
1	1	UID1444367	1	1	0	0
2	2	UID1444382	1	2	1	1
1	1	UID1444397	1	1	0	0
1	1	UID1444399	1	1	0	0
1	1	UID1444400	1	1	0	0
1	1	UID1444412	1	1	0	0
1	1	UID1444417	1	1	0	0
1	1	UID1444421	1	1	0	0
1	1	UID1444422	1	1	0	0
1	1	UID1444434	1	1	0	0
1	1	UID1444441	1	1	0	0
1	1	UID1444442	1	1	0	0
1	1	UID1444444	1	1	0	0
1	1	UID1444449	1	1	0	0
1	1	UID1444458	1	1	0	0
1	1	UID1444459	1	1	0	0
1	1	UID1444460	1	1	0	0
1	1	UID1444462	1	1	0	0
1	1	UID1444463	1	1	0	0
1	1	UID1444464	1	1	0	0
5	5	UID1444471	1	5	2	2
1	1	UID1444476	1	1	0	0
1	1	UID1444478	1	1	0	0
1	1	UID1444483	1	1	0	0
1	1	UID1444484	1	1	0	0
1	1	UID1444487	1	1	0	0
1	1	UID1444493	1	1	0	0
1	1	UID1444496	1	1	0	0
1	1	UID1444500	1	1	0	0
1	1	UID1444506	1	1	0	0
1	1	UID1444508	1	1	0	0
1	1	UID1444531	1	1	0	0
1	1	UID1444534	1	1	0	0
1	1	UID1444538	1	1	0	0
1	1	UID1444540	1	1	0	0
1	1	UID1444545	1	1	0	0
1	1	UID1444549	1	1	0	0
1	1	UID1444551	1	1	0	0
1	1	UID1444566	1	1	0	0
1	1	UID1444567	1	1	0	0
1	1	UID1444569	1	1	0	0
1	1	UID1444571	1	1	0	0
1	1	UID1444583	1	1	0	0
1	1	UID1444585	1	1	0	0
1	1	UID1444590	1	1	0	0
1	1	UID1444593	1	1	0	0
1	1	UID1444594	1	1	0	0
1	1	UID1444597	1	1	0	0
1	1	UID1444602	1	1	0	0
1	1	UID1444604	1	1	0	0
1	1	UID1444627	1	1	0	0
1	1	UID1444629	1	1	0	0
1	1	UID1444632	1	1	0	0
1	1	UID1444636	1	1	0	0
1	1	UID1444637	1	1	0	0
1	1	UID1444639	1	1	0	0
1	1	UID1444645	1	1	0	0
1	1	UID1444652	1	1	0	0
1	1	UID1444670	1	1	0	0
1	1	UID1444671	1	1	0	0
1	1	UID1444673	1	1	0	0
1	1	UID1444676	1	1	0	0
1	1	UID1444677	1	1	0	0
1	1	UID1444679	1	1	0	0
1	1	UID1444680	1	1	0	0
1	1	UID1444683	1	1	0	0
1	1	UID1444685	1	1	0	0
1	1	UID1444686	1	1	0	0
1	1	UID1444688	1	1	0	0
1	1	UID1444694	1	1	0	0
1	1	UID1444696	1	1	0	0
1	1	UID1444709	1	1	0	0
1	1	UID1444710	1	1	0	0
1	1	UID1444714	1	1	0	0
1	1	UID1444727	1	1	0	0
1	1	UID1444730	1	1	0	0
1	1	UID1444731	1	1	0	0
1	1	UID1444744	1	1	0	0
5	5	UID1444749	1	5	2	2
1	1	UID1444753	1	1	0	0
1	1	UID1444756	1	1	0	0
1	1	UID1444757	1	1	0	0
1	1	UID1444758	1	1	0	0
1	1	UID1444759	1	1	0	0
1	1	UID1444772	1	1	0	0
1	1	UID1444777	1	1	0	0
1	1	UID1444780	1	1	0	0
1	1	UID1444794	1	1	0	0
1	1	UID1444795	1	1	0	0
1	1	UID1444796	1	1	0	0
1	1	UID1444797	1	1	0	0
1	1	UID1444800	1	1	0	0
1	1	UID1444803	1	1	0	0
1	1	UID1444811	1	1	0	0
1	1	UID1444812	1	1	0	0
1	1	UID1444816	1	1	0	0
1	1	UID1444820	1	1	0	0
1	1	UID1444825	1	1	0	0
1	1	UID1444827	1	1	0	0
1	1	UID1444840	1	1	0	0
1	1	UID1444842	1	1	0	0
1	1	UID1444843	1	1	0	0
1	1	UID1444846	1	1	0	0
1	1	UID1444847	1	1	0	0
1	1	UID1444848	1	1	0	0
1	1	UID1444849	1	1	0	0
1	1	UID1444851	1	1	0	0
1	1	UID1444859	1	1	0	0
1	1	UID1444860	1	1	0	0
1	1	UID1444873	1	1	0	0
1	1	UID1444885	1	1	0	0
1	1	UID1444886	1	1	0	0
1	1	UID1444906	1	1	0	0
1	1	UID1444908	1	1	0	0
1	1	UID1444912	1	1	0	0
1	1	UID1444915	1	1	0	0
1	1	UID1444917	1	1	0	0
1	1	UID1444921	1	1	0	0
1	1	UID1444923	1	1	0	0
1	1	UID1444954	1	1	0	0
1	1	UID1444957	1	1	0	0
1	1	UID1444969	1	1	0	0
1	1	UID1445013	1	1	0	0
1	1	UID1445025	1	1	0	0
1	1	UID1445036	1	1	0	0
1	1	UID1445050	1	1	0	0
1	1	UID1445060	1	1	0	0
1	1	UID1445061	1	1	0	0
1	1	UID1445077	1	1	0	0
1	1	UID1445079	1	1	0	0
1	1	UID1445091	1	1	0	0
1	1	UID1445096	1	1	0	0
1	1	UID1445099	1	1	0	0
1	1	UID1445105	1	1	0	0
1	1	UID1445117	1	1	0	0
5	5	UID1445119	1	5	2	2
1	1	UID1445123	1	1	0	0
1	1	UID1445132	1	1	0	0
1	1	UID1445140	1	1	0	0
1	1	UID1445142	1	1	0	0
1	1	UID1445144	1	1	0	0
1	1	UID1445145	1	1	0	0
1	1	UID1445147	1	1	0	0
1	1	UID1445152	1	1	0	0
1	1	UID1445153	1	1	0	0
1	1	UID1445154	1	1	0	0
1	1	UID1445156	1	1	0	0
1	1	UID1445163	1	1	0	0
1	1	UID1445206	1	1	0	0
1	1	UID1445335	1	1	0	0
1	1	UID1445340	1	1	0	0
1	1	UID1445357	1	1	0	0
1	1	UID1445373	1	1	0	0
1	1	UID1445408	1	1	0	0
1	1	UID1445411	1	1	0	0
1	1	UID1445412	1	1	0	0
1	1	UID1445413	1	1	0	0
1	1	UID1445414	1	1	0	0
1	1	UID1445416	1	1	0	0
1	1	UID1445417	1	1	0	0
1	1	UID1445418	1	1	0	0
1	1	UID1445419	1	1	0	0
1	1	UID1445430	1	1	0	0
1	1	UID1445431	1	1	0	0
1	1	UID1445432	1	1	0	0
1	1	UID1445433	1	1	0	0
1	1	UID1445438	1	1	0	0
1	1	UID1445446	1	1	0	0
1	1	UID1445450	1	1	0	0
1	1	UID1445473	1	1	0	0
1	1	UID1445477	1	1	0	0
6	6	UID1445484	1	6	2	2
1	1	UID1445492	1	1	0	0
1	1	UID1445493	1	1	0	0
1	1	UID1445494	1	1	0	0
1	1	UID1445495	1	1	0	0
1	1	UID1445499	1	1	0	0
1	1	UID1445500	1	1	0	0
1	1	UID1445510	1	1	0	0
1	1	UID1445511	1	1	0	0
1	1	UID1445512	1	1	0	0
1	1	UID1445515	1	1	0	0
1	1	UID1445524	1	1	0	0
1	1	UID1445526	1	1	0	0
1	1	UID1445528	1	1	0	0
1	1	UID1445536	1	1	0	0
1	1	UID1445542	1	1	0	0
1	1	UID1445545	1	1	0	0
1	1	UID1445552	1	1	0	0
1	1	UID1445555	1	1	0	0
1	1	UID1445556	1	1	0	0
1	1	UID1445563	1	1	0	0
1	1	UID1445565	1	1	0	0
1	1	UID1445570	1	1	0	0
1	1	UID1445572	1	1	0	0
1	1	UID1445573	1	1	0	0
1	1	UID1445590	1	1	0	0
1	1	UID1445593	1	1	0	0
1	1	UID1445619	1	1	0	0
1	1	UID1445622	1	1	0	0
1	1	UID1445629	1	1	0	0
1	1	UID1445630	1	1	0	0
1	1	UID1445637	1	1	0	0
1	1	UID1445642	1	1	0	0
1	1	UID1445647	1	1	0	0
1	1	UID1445649	1	1	0	0
1	1	UID1445654	1	1	0	0
1	1	UID1445660	1	1	0	0
1	1	UID1445661	1	1	0	0
1	1	UID1445665	1	1	0	0
1	1	UID1445668	1	1	0	0
1	1	UID1445675	1	1	0	0
1	1	UID1445676	1	1	0	0
1	1	UID1445685	1	1	0	0
1	1	UID1445697	1	1	0	0
1	1	UID1445698	1	1	0	0
1	1	UID1445733	1	1	0	0
1	1	UID1445736	1	1	0	0
1	1	UID1445745	1	1	0	0
1	1	UID1445752	1	1	0	0
1	1	UID1445754	1	1	0	0
1	1	UID1445755	1	1	0	0
1	1	UID1445759	1	1	0	0
1	1	UID1445770	1	1	0	0
1	1	UID1445771	1	1	0	0
1	1	UID1445772	1	1	0	0
1	1	UID1445773	1	1	0	0
1	1	UID1445774	1	1	0	0
1	1	UID1445777	1	1	0	0
1	1	UID1445778	1	1	0	0
1	1	UID1445779	1	1	0	0
1	1	UID1445784	1	1	0	0
1	1	UID1445792	1	1	0	0
1	1	UID1445796	1	1	0	0
1	1	UID1445807	1	1	0	0
1	1	UID1445824	1	1	0	0
1	1	UID1445833	1	1	0	0
1	1	UID1445835	1	1	0	0
1	1	UID1445836	1	1	0	0
1	1	UID1445841	1	1	0	0
1	1	UID1445847	1	1	0	0
1	1	UID1445855	1	1	0	0
1	1	UID1445856	1	1	0	0
1	1	UID1445862	1	1	0	0
1	1	UID1445865	1	1	0	0
1	1	UID1445869	1	1	0	0
1	1	UID1445870	1	1	0	0
1	1	UID1445871	1	1	0	0
1	1	UID1445880	1	1	0	0
1	1	UID1445884	1	1	0	0
1	1	UID1445887	1	1	0	0
1	1	UID1445896	1	1	0	0
1	1	UID1445902	1	1	0	0
1	1	UID1445912	1	1	0	0
1	1	UID1445913	1	1	0	0
1	1	UID1445914	1	1	0	0
1	1	UID1445915	1	1	0	0
1	1	UID1445916	1	1	0	0
1	1	UID1445927	1	1	0	0
1	1	UID1445931	1	1	0	0
1	1	UID1445932	1	1	0	0
1	1	UID1445933	1	1	0	0
1	1	UID1445934	1	1	0	0
1	1	UID1445937	1	1	0	0
1	1	UID1445947	1	1	0	0
1	1	UID1445949	1	1	0	0
1	1	UID1445950	1	1	0	0
1	1	UID1445952	1	1	0	0
1	1	UID1445953	1	1	0	0
1	1	UID1445959	1	1	0	0
1	1	UID1445960	1	1	0	0
1	1	UID1445966	1	1	0	0
1	1	UID1445971	1	1	0	0
1	1	UID1445974	1	1	0	0
1	1	UID1445983	1	1	0	0
1	1	UID1446011	1	1	0	0
1	1	UID1446012	1	1	0	0
1	1	UID1446016	1	1	0	0
1	1	UID1446024	1	1	0	0
1	1	UID1446035	1	1	0	0
1	1	UID1446038	1	1	0	0
1	1	UID1446039	1	1	0	0
1	1	UID1446047	1	1	0	0
1	1	UID1446048	1	1	0	0
1	1	UID1446062	1	1	0	0
1	1	UID1446063	1	1	0	0
1	1	UID1446076	1	1	0	0
1	1	UID1446089	1	1	0	0
1	1	UID1446093	1	1	0	0
1	1	UID1446094	1	1	0	0
1	1	UID1446097	1	1	0	0
1	1	UID1446100	1	1	0	0
1	1	UID1446102	1	1	0	0
1	1	UID1446104	1	1	0	0
1	1	UID1446105	1	1	0	0
1	1	UID1446116	1	1	0	0
1	1	UID1446126	1	1	0	0
1	1	UID1446142	1	1	0	0
1	1	UID1446143	1	1	0	0
1	1	UID1446147	1	1	0	0
1	1	UID1446160	1	1	0	0
1	1	UID1446161	1	1	0	0
1	1	UID1446167	1	1	0	0
1	1	UID1446170	1	1	0	0
1	1	UID1446182	1	1	0	0
1	1	UID1446199	1	1	0	0
1	1	UID1446207	1	1	0	0
1	1	UID1446209	1	1	0	0
1	1	UID1446226	1	1	0	0
1	1	UID1446242	1	1	0	0
1	1	UID1446243	1	1	0	0
1	1	UID1446244	1	1	0	0
1	1	UID1446247	1	1	0	0
1	1	UID1446258	1	1	0	0
1	1	UID1446260	1	1	0	0
1	1	UID1446261	1	1	0	0
1	1	UID1446264	1	1	0	0
1	1	UID1446266	1	1	0	0
1	1	UID1446272	1	1	0	0
1	1	UID1446288	1	1	0	0
1	1	UID1446293	1	1	0	0
1	1	UID1446330	1	1	0	0
1	1	UID1446333	1	1	0	0
1	1	UID1446334	1	1	0	0
1	1	UID1446347	1	1	0	0
1	1	UID1446348	1	1	0	0
1	1	UID1446359	1	1	0	0
1	1	UID1446361	1	1	0	0
1	1	UID1446364	1	1	0	0
1	1	UID1446365	1	1	0	0
1	1	UID1446366	1	1	0	0
1	1	UID1446367	1	1	0	0
1	1	UID1446376	1	1	0	0
1	1	UID1446378	1	1	0	0
1	1	UID1446381	1	1	0	0
1	1	UID1446389	1	1	0	0
1	1	UID1446400	1	1	0	0
1	1	UID1446408	1	1	0	0
1	1	UID1446414	1	1	0	0
1	1	UID1446416	1	1	0	0
1	1	UID1446429	1	1	0	0
1	1	UID1446430	1	1	0	0
1	1	UID1446435	1	1	0	0
1	1	UID1446437	1	1	0	0
1	1	UID1446449	1	1	0	0
1	1	UID1446460	1	1	0	0
1	1	UID1446463	1	1	0	0
1	1	UID1446467	1	1	0	0
1	1	UID1446475	1	1	0	0
1	1	UID1446496	1	1	0	0
1	1	UID1446502	1	1	0	0
1	1	UID1446507	1	1	0	0
1	1	UID1446508	1	1	0	0
1	1	UID1446510	1	1	0	0
1	1	UID1446515	1	1	0	0
1	1	UID1446536	1	1	0	0
1	1	UID1446537	1	1	0	0
1	1	UID1446547	1	1	0	0
1	1	UID1446549	1	1	0	0
1	1	UID1446550	1	1	0	0
1	1	UID1446553	1	1	0	0
1	1	UID1446570	1	1	0	0
1	1	UID1446577	1	1	0	0
1	1	UID1446578	1	1	0	0
1	1	UID1446579	1	1	0	0
1	1	UID1446585	1	1	0	0
1	1	UID1446629	1	1	0	0
1	1	UID1446643	1	1	0	0
1	1	UID1446659	1	1	0	0
1	1	UID1446681	1	1	0	0
1	1	UID1446864	1	1	0	0
1	1	UID1446896	1	1	0	0
1	1	UID1446901	1	1	0	0
1	1	UID1446902	1	1	0	0
1	1	UID1446905	1	1	0	0
1	1	UID1446924	1	1	0	0
1	1	UID1446933	1	1	0	0
1	1	UID1446940	1	1	0	0
1	1	UID1446941	1	1	0	0
1	1	UID1446953	1	1	0	0
1	1	UID1446955	1	1	0	0
1	1	UID1446963	1	1	0	0
1	1	UID1446967	1	1	0	0
1	1	UID1446988	1	1	0	0
1	1	UID1446998	1	1	0	0
1	1	UID1447008	1	1	0	0
1	1	UID1447011	1	1	0	0
1	1	UID1447013	1	1	0	0
1	1	UID1447025	1	1	0	0
1	1	UID1447038	1	1	0	0
1	1	UID1447044	1	1	0	0
1	1	UID1447058	1	1	0	0
1	1	UID1447059	1	1	0	0
1	1	UID1447069	1	1	0	0
1	1	UID1447070	1	1	0	0
1	1	UID1447071	1	1	0	0
1	1	UID1447072	1	1	0	0
1	1	UID1447073	1	1	0	0
1	1	UID1447074	1	1	0	0
1	1	UID1447075	1	1	0	0
1	1	UID1447076	1	1	0	0
1	1	UID1447102	1	1	0	0
1	1	UID1447109	1	1	0	0
1	1	UID1447112	1	1	0	0
1	1	UID1447118	1	1	0	0
1	1	UID1447124	1	1	0	0
1	1	UID1447138	1	1	0	0
1	1	UID1447154	1	1	0	0
1	1	UID1447155	1	1	0	0
1	1	UID1447157	1	1	0	0
1	1	UID1447163	1	1	0	0
1	1	UID1447180	1	1	0	0
1	1	UID1447181	1	1	0	0
1	1	UID1447182	1	1	0	0
1	1	UID1447187	1	1	0	0
1	1	UID1447191	1	1	0	0
1	1	UID1447192	1	1	0	0
1	1	UID1447200	1	1	0	0
1	1	UID1447201	1	1	0	0
1	1	UID1447219	1	1	0	0
1	1	UID1447220	1	1	0	0
1	1	UID1447225	1	1	0	0
1	1	UID1447235	1	1	0	0
1	1	UID1447238	1	1	0	0
1	1	UID1447251	1	1	0	0
1	1	UID1447257	1	1	0	0
1	1	UID1447269	1	1	0	0
1	1	UID1447272	1	1	0	0
1	1	UID1447273	1	1	0	0
6	6	UID1447274	1	6	2	2
1	1	UID1447279	1	1	0	0
1	1	UID1447280	1	1	0	0
1	1	UID1447284	1	1	0	0
1	1	UID1447286	1	1	0	0
1	1	UID1447290	1	1	0	0
1	1	UID1447294	1	1	0	0
1	1	UID1447295	1	1	0	0
1	1	UID1447307	1	1	0	0
1	1	UID1447316	1	1	0	0
1	1	UID1447325	1	1	0	0
1	1	UID1447328	1	1	0	0
1	1	UID1447334	1	1	0	0
1	1	UID1447349	1	1	0	0
1	1	UID1447350	1	1	0	0
1	1	UID1447360	1	1	0	0
1	1	UID1447372	1	1	0	0
1	1	UID1447373	1	1	0	0
1	1	UID1447375	1	1	0	0
1	1	UID1447379	1	1	0	0
1	1	UID1447387	1	1	0	0
1	1	UID1447393	1	1	0	0
1	1	UID1447398	1	1	0	0
1	1	UID1447400	1	1	0	0
1	1	UID1447457	1	1	0	0
1	1	UID1447459	1	1	0	0
1	1	UID1447462	1	1	0	0
1	1	UID1447464	1	1	0	0
1	1	UID1447476	1	1	0	0
1	1	UID1447488	1	1	0	0
1	1	UID1447491	1	1	0	0
1	1	UID1447492	1	1	0	0
1	1	UID1447495	1	1	0	0
2	2	UID1447496	1	2	1	1
1	1	UID1447499	1	1	0	0
1	1	UID1447500	1	1	0	0
1	1	UID1447505	1	1	0	0
1	1	UID1447508	1	1	0	0
1	1	UID1447510	1	1	0	0
1	1	UID1447521	1	1	0	0
1	1	UID1447524	1	1	0	0
1	1	UID1447530	1	1	0	0
6	6	UID1447544	1	6	2	2
1	1	UID1447548	1	1	0	0
1	1	UID1447552	1	1	0	0
1	1	UID1447554	1	1	0	0
1	1	UID1447560	1	1	0	0
1	1	UID1447570	1	1	0	0
1	1	UID1447572	1	1	0	0
1	1	UID1447582	1	1	0	0
1	1	UID1447583	1	1	0	0
1	1	UID1447587	1	1	0	0
1	1	UID1447606	1	1	0	0
1	1	UID1447607	1	1	0	0
1	1	UID1447608	1	1	0	0
1	1	UID1447609	1	1	0	0
1	1	UID1447613	1	1	0	0
1	1	UID1447630	1	1	0	0
1	1	UID1447653	1	1	0	0
1	1	UID1447655	1	1	0	0
1	1	UID1447663	1	1	0	0
1	1	UID1447666	1	1	0	0
1	1	UID1447681	1	1	0	0
1	1	UID1447683	1	1	0	0
1	1	UID1447685	1	1	0	0
1	1	UID1447688	1	1	0	0
1	1	UID1447689	1	1	0	0
1	1	UID1447690	1	1	0	0
1	1	UID1447692	1	1	0	0
1	1	UID1447703	1	1	0	0
1	1	UID1447711	1	1	0	0
1	1	UID1447714	1	1	0	0
1	1	UID1447725	1	1	0	0
1	1	UID1447726	1	1	0	0
1	1	UID1447730	1	1	0	0
1	1	UID1447732	1	1	0	0
1	1	UID1447733	1	1	0	0
1	1	UID1447735	1	1	0	0
1	1	UID1447736	1	1	0	0
1	1	UID1447738	1	1	0	0
1	1	UID1447740	1	1	0	0
1	1	UID1447744	1	1	0	0
1	1	UID1447746	1	1	0	0
1	1	UID1447747	1	1	0	0
1	1	UID1447750	1	1	0	0
1	1	UID1447753	1	1	0	0
1	1	UID1447770	1	1	0	0
1	1	UID1447776	1	1	0	0
1	1	UID1447779	1	1	0	0
1	1	UID1447782	1	1	0	0
1	1	UID1447784	1	1	0	0
1	1	UID1447791	1	1	0	0
1	1	UID1447793	1	1	0	0
1	1	UID1447794	1	1	0	0
1	1	UID1447796	1	1	0	0
1	1	UID1447797	1	1	0	0
1	1	UID1447798	1	1	0	0
1	1	UID1447799	1	1	0	0
1	1	UID1447800	1	1	0	0
1	1	UID1447801	1	1	0	0
1	1	UID1447807	1	1	0	0
1	1	UID1447811	1	1	0	0
1	1	UID1447812	1	1	0	0
1	1	UID1447813	1	1	0	0
1	1	UID1447816	1	1	0	0
1	1	UID1447817	1	1	0	0
1	1	UID1447820	1	1	0	0
1	1	UID1447821	1	1	0	0
1	1	UID1447822	1	1	0	0
1	1	UID1447824	1	1	0	0
1	1	UID1447825	1	1	0	0
1	1	UID1447829	1	1	0	0
1	1	UID1447849	1	1	0	0
1	1	UID1447861	1	1	0	0
1	1	UID1447870	1	1	0	0
1	1	UID1447871	1	1	0	0
1	1	UID1447893	1	1	0	0
1	1	UID1447895	1	1	0	0
1	1	UID1447899	1	1	0	0
2	2	UID1447901	1	2	1	1
1	1	UID1447904	1	1	0	0
1	1	UID1447916	1	1	0	0
1	1	UID1447922	1	1	0	0
1	1	UID1447936	1	1	0	0
1	1	UID1447939	1	1	0	0
1	1	UID1447944	1	1	0	0
1	1	UID1447945	1	1	0	0
1	1	UID1447951	1	1	0	0
1	1	UID1448000	1	1	0	0
1	1	UID1448002	1	1	0	0
1	1	UID1448018	1	1	0	0
1	1	UID1448020	1	1	0	0
1	1	UID1448023	1	1	0	0
1	1	UID1448025	1	1	0	0
1	1	UID1448026	1	1	0	0
1	1	UID1448028	1	1	0	0
1	1	UID1448029	1	1	0	0
1	1	UID1448032	1	1	0	0
1	1	UID1448051	1	1	0	0
1	1	UID1448052	1	1	0	0
1	1	UID1448055	1	1	0	0
1	1	UID1448056	1	1	0	0
1	1	UID1448057	1	1	0	0
1	1	UID1448063	1	1	0	0
1	1	UID1448064	1	1	0	0
1	1	UID1448073	1	1	0	0
1	1	UID1448080	1	1	0	0
1	1	UID1448082	1	1	0	0
1	1	UID1448083	1	1	0	0
1	1	UID1448088	1	1	0	0
1	1	UID1448095	1	1	0	0
1	1	UID1448098	1	1	0	0
1	1	UID1448099	1	1	0	0
1	1	UID1448102	1	1	0	0
1	1	UID1448105	1	1	0	0
1	1	UID1448106	1	1	0	0
1	1	UID1448107	1	1	0	0
1	1	UID1448108	1	1	0	0
1	1	UID1448119	1	1	0	0
1	1	UID1448123	1	1	0	0
1	1	UID1448124	1	1	0	0
1	1	UID1448125	1	1	0	0
1	1	UID1448126	1	1	0	0
1	1	UID1448127	1	1	0	0
1	1	UID1448131	1	1	0	0
1	1	UID1448132	1	1	0	0
1	1	UID1448133	1	1	0	0
1	1	UID1448134	1	1	0	0
1	1	UID1448137	1	1	0	0
1	1	UID1448138	1	1	0	0
1	1	UID1448140	1	1	0	0
1	1	UID1448146	1	1	0	0
1	1	UID1448156	1	1	0	0
1	1	UID1448162	1	1	0	0
1	1	UID1448163	1	1	0	0
1	1	UID1448164	1	1	0	0
1	1	UID1448165	1	1	0	0
1	1	UID1448167	1	1	0	0
1	1	UID1448171	1	1	0	0
1	1	UID1448172	1	1	0	0
1	1	UID1448173	1	1	0	0
1	1	UID1448174	1	1	0	0
1	1	UID1448175	1	1	0	0
1	1	UID1448176	1	1	0	0
1	1	UID1448177	1	1	0	0
1	1	UID1448179	1	1	0	0
1	1	UID1448181	1	1	0	0
1	1	UID1448207	1	1	0	0
1	1	UID1448209	1	1	0	0
1	1	UID1448215	1	1	0	0
1	1	UID1448216	1	1	0	0
1	1	UID1448221	1	1	0	0
1	1	UID1448222	1	1	0	0
1	1	UID1448225	1	1	0	0
1	1	UID1448227	1	1	0	0
1	1	UID1448229	1	1	0	0
1	1	UID1448230	1	1	0	0
1	1	UID1448231	1	1	0	0
1	1	UID1448232	1	1	0	0
1	1	UID1448239	1	1	0	0
1	1	UID1448249	1	1	0	0
1	1	UID1448252	1	1	0	0
1	1	UID1448273	1	1	0	0
1	1	UID1448274	1	1	0	0
1	1	UID1448293	1	1	0	0
1	1	UID1448297	1	1	0	0
1	1	UID1448298	1	1	0	0
1	1	UID1448321	1	1	0	0
1	1	UID1448337	1	1	0	0
1	1	UID1448344	1	1	0	0
1	1	UID1448345	1	1	0	0
1	1	UID1448361	1	1	0	0
1	1	UID1448362	1	1	0	0
1	1	UID1448365	1	1	0	0
1	1	UID1448366	1	1	0	0
1	1	UID1448374	1	1	0	0
1	1	UID1448382	1	1	0	0
1	1	UID1448383	1	1	0	0
1	1	UID1448384	1	1	0	0
1	1	UID1448386	1	1	0	0
1	1	UID1448398	1	1	0	0
1	1	UID1448399	1	1	0	0
1	1	UID1448404	1	1	0	0
1	1	UID1448405	1	1	0	0
1	1	UID1448406	1	1	0	0
1	1	UID1448413	1	1	0	0
1	1	UID1448415	1	1	0	0
1	1	UID1448418	1	1	0	0
1	1	UID1448420	1	1	0	0
1	1	UID1448427	1	1	0	0
1	1	UID1448428	1	1	0	0
1	1	UID1448431	1	1	0	0
1	1	UID1448435	1	1	0	0
1	1	UID1448436	1	1	0	0
1	1	UID1448437	1	1	0	0
1	1	UID1448438	1	1	0	0
1	1	UID1448443	1	1	0	0
1	1	UID1448451	1	1	0	0
1	1	UID1448463	1	1	0	0
1	1	UID1448464	1	1	0	0
1	1	UID1448477	1	1	0	0
1	1	UID1448480	1	1	0	0
1	1	UID1448482	1	1	0	0
1	1	UID1448488	1	1	0	0
1	1	UID1448493	1	1	0	0
1	1	UID1448499	1	1	0	0
1	1	UID1448508	1	1	0	0
1	1	UID1448515	1	1	0	0
1	1	UID1448516	1	1	0	0
1	1	UID1448517	1	1	0	0
1	1	UID1448521	1	1	0	0
1	1	UID1448522	1	1	0	0
1	1	UID1448523	1	1	0	0
1	1	UID1448524	1	1	0	0
1	1	UID1448526	1	1	0	0
1	1	UID1448539	1	1	0	0
1	1	UID1448542	1	1	0	0
1	1	UID1448558	1	1	0	0
1	1	UID1448560	1	1	0	0
1	1	UID1448564	1	1	0	0
1	1	UID1448573	1	1	0	0
1	1	UID1448580	1	1	0	0
1	1	UID1448586	1	1	0	0
1	1	UID1448604	1	1	0	0
1	1	UID1448605	1	1	0	0
1	1	UID1448606	1	1	0	0
1	1	UID1448607	1	1	0	0
1	1	UID1448609	1	1	0	0
1	1	UID1448613	1	1	0	0
1	1	UID1448621	1	1	0	0
1	1	UID1448622	1	1	0	0
1	1	UID1448623	1	1	0	0
1	1	UID1448640	1	1	0	0
1	1	UID1448643	1	1	0	0
1	1	UID1448651	1	1	0	0
1	1	UID1448654	1	1	0	0
1	1	UID1448657	1	1	0	0
1	1	UID1448659	1	1	0	0
1	1	UID1448660	1	1	0	0
1	1	UID1448661	1	1	0	0
1	1	UID1448664	1	1	0	0
1	1	UID1448665	1	1	0	0
1	1	UID1448666	1	1	0	0
1	1	UID1448667	1	1	0	0
1	1	UID1448679	1	1	0	0
1	1	UID1448683	1	1	0	0
1	1	UID1448684	1	1	0	0
1	1	UID1448685	1	1	0	0
1	1	UID1448696	1	1	0	0
1	1	UID1448708	1	1	0	0
1	1	UID1448712	1	1	0	0
1	1	UID1448716	1	1	0	0
1	1	UID1448722	1	1	0	0
1	1	UID1448742	1	1	0	0
1	1	UID1448743	1	1	0	0
1	1	UID1448747	1	1	0	0
1	1	UID1448764	1	1	0	0
1	1	UID1448771	1	1	0	0
1	1	UID1448773	1	1	0	0
1	1	UID1448787	1	1	0	0
1	1	UID1448790	1	1	0	0
1	1	UID1448800	1	1	0	0
1	1	UID1448807	1	1	0	0
1	1	UID1448814	1	1	0	0
1	1	UID1448816	1	1	0	0
1	1	UID1448818	1	1	0	0
1	1	UID1448824	1	1	0	0
1	1	UID1448825	1	1	0	0
1	1	UID1448826	1	1	0	0
1	1	UID1448831	1	1	0	0
1	1	UID1448840	1	1	0	0
1	1	UID1448847	1	1	0	0
1	1	UID1448849	1	1	0	0
1	1	UID1448854	1	1	0	0
1	1	UID1448856	1	1	0	0
1	1	UID1448866	1	1	0	0
1	1	UID1448868	1	1	0	0
1	1	UID1448870	1	1	0	0
1	1	UID1448873	1	1	0	0
1	1	UID1448878	1	1	0	0
1	1	UID1448881	1	1	0	0
1	1	UID1448882	1	1	0	0
1	1	UID1448884	1	1	0	0
1	1	UID1448890	1	1	0	0
1	1	UID1448896	1	1	0	0
1	1	UID1448899	1	1	0	0
1	1	UID1448904	1	1	0	0
1	1	UID1448911	1	1	0	0
1	1	UID1448913	1	1	0	0
1	1	UID1448914	1	1	0	0
1	1	UID1448915	1	1	0	0
1	1	UID1448916	1	1	0	0
1	1	UID1448917	1	1	0	0
1	1	UID1448918	1	1	0	0
1	1	UID1448919	1	1	0	0
1	1	UID1448922	1	1	0	0
1	1	UID1448925	1	1	0	0
1	1	UID1448927	1	1	0	0
1	1	UID1448932	1	1	0	0
1	1	UID1448944	1	1	0	0
1	1	UID1448945	1	1	0	0
1	1	UID1448948	1	1	0	0
1	1	UID1448949	1	1	0	0
1	1	UID1448951	1	1	0	0
1	1	UID1448960	1	1	0	0
1	1	UID1448965	1	1	0	0
1	1	UID1448966	1	1	0	0
1	1	UID1448968	1	1	0	0
1	1	UID1448984	1	1	0	0
1	1	UID1448994	1	1	0	0
1	1	UID1448999	1	1	0	0
1	1	UID1449004	1	1	0	0
1	1	UID1449005	1	1	0	0
1	1	UID1449006	1	1	0	0
1	1	UID1449008	1	1	0	0
1	1	UID1449010	1	1	0	0
1	1	UID1449015	1	1	0	0
1	1	UID1449020	1	1	0	0
1	1	UID1449025	1	1	0	0
1	1	UID1449027	1	1	0	0
1	1	UID1449029	1	1	0	0
1	1	UID154506	1	1	0	0
1	1	UID203118	1	1	0	0
1	1	UID218782	1	1	0	0
4	4	UID22549	1	4	2	2
1	1	UID29953	1	1	0	0
1	1	UID37603	1	1	0	0
2	2	UID412	1	2	1	1
1	1	UID469	1	1	0	0
1	1	UID48431	1	1	0	0
1	1	UID48573	1	1	0	0
1	1	UID495704	1	1	0	0
1	1	UID53299	1	1	0	0
1	1	UID68239	1	1	0	0
1	1	UID75178	1	1	0	0
1	1	UID757633	1	1	0	0
1	1	UID7587	1	1	0	0
1	1	UID76540	1	1	0	0
1	1	UID7679	1	1	0	0
1	1	UID805560	1	1	0	0
1	1	UID837270	1	1	0	0
1	1	UID9283	1	1	0	0
1	1	UID956	1	1	0	0
