779	6517	UID1	4505	592	3	3
1759	8207	UID204	4392	1418	3	3
489	2882	UID2	1868	363	3	3
105	307	UID163	184	90	3	3
109	270	UID7	144	91	2	2
75	183	UID21315	103	68	2	2
42	112	UID5988	65	36	1	1
48	111	UID9	61	44	2	2
71	127	UID928	51	65	3	3
23	72	UID286	49	21	1	1
38	88	UID1175	48	34	2	2
73	122	UID39	47	69	2	2
29	73	UID83	45	28	1	1
34	75	UID55	39	30	2	2
30	66	UID22	37	29	1	1
40	76	UID21314	32	34	2	2
119	160	UID2219818	31	115	3	3
22	53	UID324	30	19	2	2
16	45	UID59414	30	15	1	1
26	56	UID16	29	23	1	1
25	54	UID8611	29	23	1	1
35	65	UID18	28	31	1	1
30	60	UID929	28	27	2	2
22	51	UID23	27	19	1	1
20	46	UID113	26	18	1	1
15	41	UID193639	26	13	1	1
17	41	UID128	25	16	1	1
25	49	UID133	25	24	1	1
31	55	UID193645	25	30	2	2
16	41	UID307	25	14	2	2
24	50	UID193699	24	20	2	2
18	41	UID93	24	17	1	1
19	42	UID186	23	17	1	1
19	41	UID193672	23	18	1	1
26	50	UID58630	23	23	1	1
10	31	UID92	22	9	2	2
15	37	UID188	21	12	2	2
10	30	UID25	21	9	1	1
17	37	UID74	21	16	1	1
16	35	UID143	20	15	1	1
23	42	UID193638	20	22	2	2
15	35	UID49	20	13	1	1
10	29	UID50	20	9	1	1
14	34	UID193641	19	11	1	1
14	32	UID193715	19	13	1	1
17	36	UID193721	19	15	1	1
16	34	UID193741	19	15	1	1
13	31	UID193785	19	12	1	1
11	29	UID319	19	10	1	1
11	29	UID380	19	10	1	1
11	30	UID41	19	9	1	1
12	31	UID478	19	10	1	1
14	32	UID558	19	13	1	1
16	34	UID62	19	15	2	2
22	40	UID193644	18	20	1	1
28	45	UID193648	18	27	1	1
21	38	UID193659	18	20	2	2
18	34	UID193654	17	17	2	2
12	28	UID193669	17	11	2	2
11	27	UID193730	17	10	2	2
17	33	UID193816	17	16	1	1
10	26	UID214	17	9	1	1
14	30	UID647	17	13	1	1
9	26	UID85	17	7	1	1
7	25	UID109	16	4	1	1
13	29	UID130	16	11	1	1
23	39	UID193650	16	21	2	2
19	34	UID193651	16	18	2	2
21	36	UID193655	16	20	1	1
13	28	UID193675	16	12	1	1
18	33	UID193687	16	17	1	1
17	32	UID193712	16	16	1	1
9	24	UID193831	16	8	1	1
7	22	UID30128	16	6	1	1
11	26	UID38	16	10	1	1
19	34	UID8612	16	18	1	1
10	24	UID114	15	9	1	1
11	25	UID134	15	10	1	1
9	23	UID156	15	8	1	1
11	27	UID161	15	8	1	1
19	35	UID170	15	16	2	2
9	23	UID193783	15	8	1	1
12	26	UID222	15	11	1	1
12	26	UID492	15	11	1	1
25	39	UID73	15	24	1	1
7	21	UID76	15	6	1	1
14	29	UID8604	15	12	2	2
15	29	UID8632	15	14	1	1
12	25	UID100	14	11	1	1
13	26	UID193673	14	12	1	1
18	31	UID193697	14	17	1	1
10	23	UID193726	14	9	1	1
17	31	UID19	14	15	2	2
8	21	UID253	14	7	1	1
11	24	UID54	14	10	1	1
18	32	UID72	14	16	3	3
8	21	UID87	14	7	1	1
6	18	UID118	13	5	1	1
13	25	UID173	13	12	1	1
16	29	UID193670	13	14	1	1
10	22	UID193674	13	9	1	1
16	28	UID193700	13	15	2	2
13	25	UID193711	13	12	1	1
13	25	UID193720	13	12	2	2
15	27	UID193727	13	14	1	1
8	20	UID193798	13	7	1	1
3	16	UID197	13	1	1	1
7	19	UID199	13	6	1	1
6	18	UID203	13	5	1	1
59	75	UID2219821	13	55	3	3
9	21	UID260	13	8	1	1
19	31	UID41702	13	18	1	1
18	30	UID61462	13	17	1	1
9	21	UID98	13	8	2	2
9	20	UID155354	12	8	1	1
12	24	UID169	12	10	1	1
11	22	UID193649	12	10	1	1
23	35	UID193676	12	21	2	2
9	20	UID193693	12	8	1	1
10	21	UID193713	12	9	1	1
9	20	UID193762	12	8	1	1
4	15	UID193777	12	3	1	1
13	24	UID34936	12	12	1	1
5	16	UID462	12	4	1	1
12	23	UID63	12	11	1	1
5	16	UID82	12	4	3	3
8	18	UID124	11	7	1	1
6	16	UID129	11	5	2	2
7	17	UID136	11	6	1	1
7	17	UID144	11	6	1	1
4	14	UID150	11	3	1	1
10	20	UID193642	11	9	1	1
17	27	UID193652	11	16	1	1
10	20	UID193668	11	9	1	1
10	21	UID193728	11	8	1	1
17	27	UID193758	11	16	1	1
11	22	UID21	11	9	2	2
6	16	UID2224424	11	5	1	1
7	17	UID28778	11	6	1	1
7	18	UID341	11	5	1	1
7	17	UID47	11	6	1	1
10	20	UID524	11	9	1	1
15	26	UID70	11	13	2	2
6	16	UID77	11	5	1	1
9	19	UID81	11	8	1	1
10	20	UID8603	11	9	1	1
6	16	UID86	11	5	1	1
6	15	UID107	10	5	1	1
3	12	UID140	10	2	1	1
9	18	UID171	10	8	1	1
14	24	UID193742	10	12	1	1
8	17	UID193784	10	7	1	1
6	15	UID193805	10	5	1	1
1	10	UID212	10	0	0	0
3	12	UID220	10	2	1	1
8	17	UID375	10	7	1	1
12	21	UID41703	10	11	1	1
10	19	UID42	10	9	1	1
6	15	UID44216	10	5	1	1
4	13	UID44	10	3	0	0
12	21	UID54489	10	11	1	1
5	14	UID66	10	4	2	2
5	13	UID103	9	4	1	1
5	13	UID1217	9	4	1	1
5	14	UID141	9	3	1	1
5	13	UID147	9	4	1	1
7	15	UID162	9	6	1	1
13	21	UID193658	9	12	1	1
15	23	UID193707	9	14	1	1
13	22	UID193732	9	11	1	1
6	14	UID193795	9	5	1	1
3	11	UID193803	9	2	1	1
8	16	UID193811	9	7	1	1
4	12	UID193853	9	3	1	1
11	19	UID202	9	10	1	1
9	17	UID215	9	8	1	1
3	11	UID263	9	2	1	1
4	12	UID27	9	3	1	1
13	21	UID30	9	12	1	1
8	16	UID320	9	7	1	1
14	22	UID339	9	13	1	1
6	14	UID354	9	5	1	1
12	20	UID360	9	11	2	2
6	14	UID377	9	5	2	2
4	12	UID394	9	3	1	1
3	11	UID412	9	2	1	1
6	14	UID420	9	5	1	1
6	14	UID482	9	5	1	1
5	13	UID53561	9	4	1	1
4	12	UID59747	9	3	1	1
5	13	UID700	9	4	1	1
6	14	UID8442	9	5	1	1
9	17	UID84	9	8	1	1
8	17	UID90	9	6	1	1
5	12	UID151	8	4	1	1
4	11	UID178	8	3	1	1
1	8	UID189	8	0	0	0
11	18	UID193692	8	10	1	1
13	20	UID193696	8	12	1	1
20	27	UID193763	8	19	2	2
9	16	UID193776	8	8	1	1
7	14	UID193797	8	6	1	1
6	13	UID193813	8	5	1	1
9	16	UID193814	8	8	1	1
11	18	UID193815	8	10	1	1
6	13	UID193824	8	5	1	1
4	11	UID193927	8	3	1	1
9	16	UID20	8	8	1	1
5	12	UID218	8	4	1	1
9	16	UID2224426	8	8	1	1
3	10	UID2224427	8	2	1	1
6	13	UID22603	8	5	1	1
8	15	UID232	8	7	1	1
7	14	UID235	8	6	1	1
3	10	UID239	8	2	1	1
3	10	UID242	8	2	0	0
3	10	UID349	8	2	1	1
7	14	UID53562	8	6	1	1
4	11	UID56	8	3	1	1
7	14	UID5853	8	6	1	1
9	16	UID67	8	8	2	2
3	10	UID790	8	2	1	1
9	16	UID8403	8	8	1	1
7	13	UID108	7	6	1	1
8	14	UID119	7	7	1	1
4	10	UID146	7	3	1	1
5	11	UID185	7	4	1	1
2	8	UID190	7	1	0	0
17	23	UID193710	7	16	1	1
13	19	UID193748	7	12	2	2
11	17	UID193757	7	10	1	1
5	11	UID193791	7	4	1	1
3	9	UID193804	7	2	1	1
9	15	UID193810	7	8	2	2
3	9	UID193830	7	2	1	1
1	7	UID193941	7	0	0	0
3	9	UID193962	7	2	1	1
2	8	UID213	7	1	1	1
3	9	UID2224428	7	2	1	1
2	8	UID262	7	1	1	1
8	14	UID271	7	7	1	1
6	12	UID273	7	5	1	1
6	12	UID287	7	5	1	1
7	13	UID310	7	6	1	1
6	12	UID40	7	5	1	1
9	15	UID41824	7	8	1	1
3	9	UID430	7	2	1	1
4	10	UID437	7	3	1	1
3	9	UID461	7	2	1	1
2	8	UID565	7	1	0	0
4	10	UID60	7	3	2	2
3	9	UID627	7	2	0	0
3	9	UID675	7	2	0	0
6	12	UID800	7	5	1	1
4	9	UID102	6	3	1	1
5	11	UID123	6	3	2	2
2	7	UID142	6	1	1	1
5	10	UID1474	6	4	1	1
4	9	UID167	6	3	1	1
4	9	UID17	6	3	1	1
4	9	UID193725	6	3	1	1
4	9	UID193819	6	3	1	1
8	13	UID193828	6	7	1	1
4	9	UID193846	6	3	1	1
8	13	UID193887	6	7	1	1
5	10	UID193944	6	4	1	1
5	10	UID194065	6	4	1	1
5	10	UID194360	6	4	1	1
5	10	UID194443	6	4	1	1
7	12	UID229	6	6	1	1
7	12	UID231	6	6	1	1
1	6	UID234	6	0	0	0
6	11	UID240	6	5	1	1
5	10	UID244	6	4	1	1
10	16	UID258	6	8	1	1
2	7	UID276	6	1	1	1
3	8	UID294	6	2	1	1
3	9	UID311	6	1	1	1
3	8	UID312	6	2	1	1
3	8	UID318	6	2	1	1
7	12	UID340	6	6	1	1
6	11	UID351	6	5	1	1
5	10	UID374	6	4	1	1
5	10	UID379	6	4	0	0
1	6	UID438	6	0	0	0
7	12	UID489	6	6	1	1
2	7	UID521	6	1	1	1
6	11	UID553	6	5	1	1
6	12	UID564	6	4	1	1
1	6	UID677	6	0	0	0
7	12	UID97	6	6	1	1
1	5	UID1348	5	0	0	0
10	14	UID137	5	9	2	2
6	10	UID158	5	5	1	1
6	10	UID193829	5	5	1	1
3	7	UID193851	5	2	0	0
7	11	UID193885	5	6	1	1
4	8	UID193889	5	3	1	1
4	8	UID193901	5	3	1	1
3	7	UID193914	5	2	1	1
7	11	UID193915	5	6	1	1
6	10	UID193946	5	5	1	1
2	6	UID194077	5	1	1	1
2	6	UID194156	5	1	1	1
5	9	UID196	5	4	1	1
3	7	UID200	5	2	1	1
4	8	UID216	5	3	1	1
3	7	UID2224429	5	2	1	1
4	8	UID280	5	3	1	1
2	6	UID32513	5	1	1	1
2	6	UID331	5	1	1	1
4	8	UID332	5	3	0	0
3	7	UID333	5	2	0	0
1	5	UID363	5	0	0	0
1	5	UID391	5	0	0	0
7	12	UID413	5	5	1	1
3	7	UID416	5	2	1	1
1	5	UID436	5	0	0	0
5	9	UID4586	5	4	1	1
5	9	UID516	5	4	1	1
6	10	UID555	5	5	1	1
1	5	UID563	5	0	0	0
2	6	UID665	5	1	0	0
1	5	UID666	5	0	0	0
1	5	UID668	5	0	0	0
7	11	UID673	5	6	1	1
10	14	UID8596	5	9	2	2
4	8	UID877	5	3	1	1
9	13	UID881	5	8	1	1
6	10	UID88	5	5	1	1
3	7	UID99	5	2	1	1
2	5	UID1033495	4	1	0	0
2	5	UID1092	4	1	1	1
2	5	UID1142	4	1	1	1
39	43	UID1245915	4	37	3	3
3	6	UID1354	4	2	1	1
2	5	UID1355	4	1	0	0
1	4	UID1380	4	0	0	0
4	7	UID165	4	3	0	0
4	7	UID1681127	4	3	1	1
1	4	UID168	4	0	0	0
4	7	UID172	4	3	1	1
5	8	UID176	4	4	1	1
5	8	UID177	4	4	1	1
2	5	UID180	4	1	0	0
4	7	UID181	4	3	1	1
2	5	UID183	4	1	1	1
9	12	UID193767	4	8	1	1
2	5	UID193849	4	1	0	0
2	5	UID193873	4	1	1	1
2	5	UID193888	4	1	1	1
9	12	UID193902	4	8	1	1
6	9	UID193926	4	5	1	1
7	10	UID193963	4	6	1	1
3	6	UID193990	4	2	1	1
5	8	UID194084	4	4	1	1
4	7	UID194187	4	3	1	1
3	6	UID194318	4	2	1	1
2	5	UID200389	4	1	0	0
3	6	UID200675	4	2	1	1
4	7	UID201	4	3	1	1
1	4	UID2219835	4	0	0	0
4	7	UID227	4	3	1	1
1	4	UID236	4	0	0	0
6	10	UID272	4	4	1	1
8	11	UID275	4	7	1	1
1	4	UID278	4	0	0	0
9	12	UID292	4	8	1	1
1	4	UID30146	4	0	0	0
3	6	UID309	4	2	1	1
5	8	UID316	4	4	1	1
5	8	UID330	4	4	1	1
4	7	UID352	4	3	1	1
3	6	UID359	4	2	1	1
2	5	UID364	4	1	1	1
3	6	UID366	4	2	1	1
3	6	UID378	4	2	1	1
6	9	UID395	4	5	1	1
4	7	UID396	4	3	1	1
3	6	UID398	4	2	1	1
2	5	UID415	4	1	1	1
3	6	UID434	4	2	1	1
2	5	UID458	4	1	1	1
10	13	UID46	4	9	1	1
6	9	UID504	4	5	1	1
1	4	UID518	4	0	0	0
2	5	UID531	4	1	0	0
4	7	UID532	4	3	1	1
3	6	UID53414	4	2	1	1
3	6	UID53542	4	2	0	0
2	5	UID53604	4	1	0	0
4	7	UID549	4	3	1	1
1	4	UID5555	4	0	0	0
1	4	UID561	4	0	0	0
2	5	UID567	4	1	0	0
8	12	UID613348	4	6	1	1
3	6	UID663	4	2	1	1
1	4	UID782	4	0	0	0
1	4	UID811	4	0	0	0
1	3	UID1033430	3	0	0	0
1	3	UID1033499	3	0	0	0
1	3	UID1033569	3	0	0	0
1	3	UID1034586	3	0	0	0
2	4	UID1045222	3	1	1	1
1	3	UID1145	3	0	0	0
2	4	UID129586	3	1	0	0
1	3	UID1356	3	0	0	0
2	4	UID155	3	1	1	1
8	10	UID159	3	7	1	1
5	7	UID193792	3	4	1	1
2	4	UID193862	3	1	1	1
6	8	UID193925	3	5	1	1
2	4	UID194071	3	1	0	0
2	4	UID194080	3	1	1	1
1	3	UID194494	3	0	0	0
7	9	UID198	3	6	1	1
1	3	UID200522	3	0	0	0
1	3	UID201116	3	0	0	0
2	4	UID207	3	1	0	0
3	5	UID2136519	3	2	1	1
3	5	UID2224431	3	2	1	1
1	3	UID2224432	3	0	0	0
17	19	UID2224435	3	16	2	2
1	3	UID2224436	3	0	0	0
3	5	UID228	3	2	1	1
5	7	UID238	3	4	1	1
1	3	UID246939	3	0	0	0
2	4	UID251	3	1	1	1
3	5	UID270	3	2	1	1
4	6	UID293	3	3	1	1
3	5	UID295	3	2	0	0
4	6	UID306	3	3	1	1
3	5	UID317	3	2	1	1
1	3	UID32645	3	0	0	0
1	3	UID32707	3	0	0	0
5	7	UID32978	3	4	1	1
5	7	UID329	3	4	1	1
1	3	UID361	3	0	0	0
3	5	UID362	3	2	1	1
3	5	UID381	3	2	1	1
4	6	UID397	3	3	1	1
2	4	UID4060	3	1	1	1
1	3	UID417	3	0	0	0
1	3	UID418	3	0	0	0
3	5	UID431	3	2	1	1
3	5	UID4413	3	2	1	1
2	4	UID459	3	1	0	0
1	3	UID464	3	0	0	0
2	4	UID465	3	1	1	1
3	5	UID490	3	2	1	1
3	5	UID5034	3	2	1	1
2	4	UID520	3	1	0	0
2	4	UID522	3	1	1	1
1	3	UID54304	3	0	0	0
1	3	UID5431	3	0	0	0
1	3	UID546	3	0	0	0
2	4	UID557	3	1	0	0
10	12	UID560	3	9	1	1
3	5	UID57668	3	2	1	1
1	3	UID594476	3	0	0	0
2	4	UID5986	3	1	1	1
5	7	UID632	3	4	1	1
3	5	UID640	3	2	1	1
4	6	UID644	3	3	1	1
3	5	UID646	3	2	1	1
2	4	UID6776	3	1	0	0
1	3	UID7305	3	0	0	0
1	3	UID799	3	0	0	0
3	5	UID808614	3	2	0	0
2	4	UID809	3	1	1	1
3	5	UID889	3	2	0	0
2	3	UID1107	2	1	1	1
2	3	UID1208	2	1	1	1
2	3	UID1238	2	1	1	1
2	3	UID1316	2	1	1	1
3	4	UID1338	2	2	1	1
3	4	UID1415	2	2	1	1
1	2	UID1421	2	0	0	0
1	2	UID1480	2	0	0	0
4	6	UID153953	2	2	2	2
2	3	UID156892	2	1	1	1
6	7	UID193708	2	5	1	1
5	6	UID193749	2	4	1	1
10	11	UID193796	2	9	1	1
5	6	UID193823	2	4	1	1
2	3	UID193840	2	1	1	1
3	4	UID193841	2	2	1	1
7	8	UID193850	2	6	1	1
3	4	UID194002	2	2	1	1
3	4	UID194127	2	2	1	1
3	4	UID194133	2	2	1	1
3	4	UID194349	2	2	1	1
4	5	UID194351	2	3	1	1
4	5	UID194368	2	3	1	1
2	3	UID194458	2	1	1	1
4	5	UID199736	2	3	2	2
3	4	UID201024	2	2	1	1
2	3	UID202073	2	1	1	1
2	3	UID204654	2	1	1	1
1	2	UID2219931	2	0	0	0
3	4	UID2224446	2	2	1	1
2	3	UID2224451	2	1	1	1
2	3	UID2224460	2	1	1	1
2	3	UID2224467	2	1	1	1
2	3	UID2224477	2	1	1	1
1	2	UID2224479	2	0	0	0
1	2	UID2224483	2	0	0	0
5	6	UID237	2	4	1	1
3	4	UID23964	2	2	1	1
3	4	UID257	2	2	1	1
3	4	UID277	2	2	1	1
2	3	UID33057	2	1	1	1
2	3	UID337	2	1	1	1
2	3	UID365	2	1	1	1
4	5	UID382	2	3	1	1
4	5	UID392	2	3	1	1
6	7	UID41778	2	5	1	1
6	7	UID433	2	5	1	1
2	3	UID44166	2	1	1	1
2	3	UID45007	2	1	1	1
4	5	UID463	2	3	1	1
3	4	UID476	2	2	1	1
3	4	UID483	2	2	1	1
3	4	UID4940	2	2	1	1
2	3	UID5885	2	1	1	1
1	2	UID5985	2	0	0	0
1	2	UID607736	2	0	0	0
2	3	UID6491	2	1	1	1
2	3	UID674	2	1	1	1
2	3	UID685	2	1	1	1
3	4	UID689	2	2	1	1
6	7	UID699	2	5	1	1
1	2	UID857	2	0	0	0
7	8	UID8629	2	6	1	1
2	3	UID888	2	1	1	1
4	6	UID931	2	2	1	1
1	1	UID1038917	1	1	0	0
1	1	UID10731	1	1	0	0
1	1	UID1092714	1	1	0	0
1	1	UID1119345	1	1	0	0
1	1	UID1195897	1	1	0	0
1	1	UID1206805	1	1	0	0
3	3	UID125	1	3	1	1
1	1	UID133678	1	1	0	0
1	1	UID134058	1	1	0	0
2	2	UID138216	1	2	1	1
1	1	UID138217	1	1	0	0
1	1	UID1385	1	1	0	0
1	1	UID1478	1	1	0	0
1	1	UID151092	1	1	0	0
1	1	UID151161	1	1	0	0
1	1	UID152831	1	1	0	0
1	1	UID1565023	1	1	0	0
1	1	UID156931	1	1	0	0
3	3	UID15784	1	3	1	1
1	1	UID16201	1	1	0	0
1	1	UID1659619	1	1	0	0
3	3	UID1679960	1	3	1	1
1	1	UID170080	1	1	0	0
1	1	UID1702834	1	1	0	0
1	1	UID1703812	1	1	0	0
1	1	UID177476	1	1	0	0
1	1	UID17840	1	1	0	0
1	1	UID181117	1	1	0	0
1	1	UID182754	1	1	0	0
1	1	UID1846869	1	1	0	0
1	1	UID1900369	1	1	0	0
1	1	UID1903290	1	1	0	0
4	4	UID193861	1	4	1	1
4	4	UID194085	1	4	1	1
3	3	UID194132	1	3	1	1
5	5	UID194135	1	5	1	1
2	2	UID194435	1	2	1	1
4	4	UID194569	1	4	1	1
1	1	UID1962670	1	1	0	0
2	2	UID1987792	1	2	1	1
1	1	UID200638	1	1	0	0
2	2	UID201300	1	2	1	1
1	1	UID201651	1	1	0	0
1	1	UID2025830	1	1	0	0
1	1	UID2026535	1	1	0	0
1	1	UID2033334	1	1	0	0
1	1	UID2052808	1	1	0	0
3	3	UID207236	1	3	1	1
1	1	UID21142	1	1	0	0
1	1	UID2124382	1	1	0	0
1	1	UID2136589	1	1	0	0
4	4	UID2219826	1	4	1	1
2	2	UID2219832	1	2	1	1
4	4	UID2219839	1	4	2	2
3	3	UID221	1	3	1	1
1	1	UID2223625	1	1	0	0
1	1	UID2224488	1	1	0	0
1	1	UID2224491	1	1	0	0
1	1	UID2224493	1	1	0	0
1	1	UID2224494	1	1	0	0
1	1	UID2224495	1	1	0	0
1	1	UID2224498	1	1	0	0
1	1	UID2224501	1	1	0	0
1	1	UID2224502	1	1	0	0
1	1	UID2224504	1	1	0	0
1	1	UID2224505	1	1	0	0
1	1	UID2224506	1	1	0	0
1	1	UID2224507	1	1	0	0
1	1	UID2224508	1	1	0	0
1	1	UID2224513	1	1	0	0
1	1	UID2224514	1	1	0	0
1	1	UID2224525	1	1	0	0
1	1	UID2224538	1	1	0	0
1	1	UID2224539	1	1	0	0
1	1	UID2224540	1	1	0	0
1	1	UID2224541	1	1	0	0
1	1	UID2224542	1	1	0	0
1	1	UID2224543	1	1	0	0
1	1	UID2224544	1	1	0	0
1	1	UID2224555	1	1	0	0
1	1	UID2224563	1	1	0	0
1	1	UID2224564	1	1	0	0
1	1	UID2224566	1	1	0	0
1	1	UID2224567	1	1	0	0
1	1	UID2224568	1	1	0	0
1	1	UID2224572	1	1	0	0
1	1	UID2224573	1	1	0	0
1	1	UID2224579	1	1	0	0
1	1	UID2224581	1	1	0	0
1	1	UID2224582	1	1	0	0
1	1	UID2224583	1	1	0	0
1	1	UID2224585	1	1	0	0
1	1	UID2224586	1	1	0	0
1	1	UID2224587	1	1	0	0
1	1	UID2224590	1	1	0	0
1	1	UID2224595	1	1	0	0
1	1	UID2224601	1	1	0	0
1	1	UID2224603	1	1	0	0
1	1	UID2224604	1	1	0	0
1	1	UID2224605	1	1	0	0
1	1	UID2224607	1	1	0	0
1	1	UID2224610	1	1	0	0
1	1	UID2224615	1	1	0	0
1	1	UID2224619	1	1	0	0
1	1	UID2224626	1	1	0	0
1	1	UID2224634	1	1	0	0
1	1	UID2224651	1	1	0	0
1	1	UID2224654	1	1	0	0
1	1	UID2224658	1	1	0	0
1	1	UID2224660	1	1	0	0
1	1	UID2224665	1	1	0	0
1	1	UID2224666	1	1	0	0
1	1	UID2224667	1	1	0	0
1	1	UID2224668	1	1	0	0
1	1	UID2224669	1	1	0	0
1	1	UID2224673	1	1	0	0
1	1	UID2224674	1	1	0	0
1	1	UID2224676	1	1	0	0
1	1	UID2224685	1	1	0	0
1	1	UID2224690	1	1	0	0
1	1	UID2224695	1	1	0	0
1	1	UID2224698	1	1	0	0
1	1	UID2224699	1	1	0	0
1	1	UID2224700	1	1	0	0
1	1	UID2224703	1	1	0	0
1	1	UID2224704	1	1	0	0
1	1	UID2224706	1	1	0	0
1	1	UID2224707	1	1	0	0
1	1	UID2224708	1	1	0	0
1	1	UID2224713	1	1	0	0
1	1	UID2224714	1	1	0	0
1	1	UID2224717	1	1	0	0
1	1	UID2224718	1	1	0	0
1	1	UID2224719	1	1	0	0
1	1	UID2224720	1	1	0	0
1	1	UID2224721	1	1	0	0
1	1	UID2224722	1	1	0	0
1	1	UID2224723	1	1	0	0
1	1	UID2224724	1	1	0	0
1	1	UID2224736	1	1	0	0
1	1	UID2224737	1	1	0	0
1	1	UID2224738	1	1	0	0
1	1	UID2224752	1	1	0	0
1	1	UID2224753	1	1	0	0
1	1	UID2224755	1	1	0	0
1	1	UID2224756	1	1	0	0
1	1	UID2224757	1	1	0	0
1	1	UID2224758	1	1	0	0
1	1	UID2224759	1	1	0	0
1	1	UID2224765	1	1	0	0
1	1	UID2224766	1	1	0	0
1	1	UID2224767	1	1	0	0
1	1	UID2224768	1	1	0	0
1	1	UID2224773	1	1	0	0
1	1	UID2224774	1	1	0	0
1	1	UID2224775	1	1	0	0
1	1	UID2224777	1	1	0	0
1	1	UID2224778	1	1	0	0
1	1	UID2224784	1	1	0	0
1	1	UID2224791	1	1	0	0
1	1	UID2224792	1	1	0	0
1	1	UID2224798	1	1	0	0
1	1	UID2224799	1	1	0	0
1	1	UID2224800	1	1	0	0
1	1	UID2224802	1	1	0	0
1	1	UID2224805	1	1	0	0
1	1	UID2224806	1	1	0	0
1	1	UID2224808	1	1	0	0
1	1	UID2224812	1	1	0	0
1	1	UID2224817	1	1	0	0
1	1	UID2224818	1	1	0	0
1	1	UID2224819	1	1	0	0
1	1	UID2224820	1	1	0	0
1	1	UID2224822	1	1	0	0
1	1	UID2224823	1	1	0	0
1	1	UID2224830	1	1	0	0
1	1	UID2224832	1	1	0	0
1	1	UID2224835	1	1	0	0
1	1	UID2224837	1	1	0	0
1	1	UID2224839	1	1	0	0
1	1	UID2224841	1	1	0	0
1	1	UID2224842	1	1	0	0
1	1	UID2224845	1	1	0	0
1	1	UID2224847	1	1	0	0
1	1	UID2224848	1	1	0	0
1	1	UID2224849	1	1	0	0
1	1	UID2224850	1	1	0	0
1	1	UID2224851	1	1	0	0
1	1	UID2224854	1	1	0	0
1	1	UID2224856	1	1	0	0
1	1	UID2224857	1	1	0	0
1	1	UID2224860	1	1	0	0
1	1	UID2224861	1	1	0	0
1	1	UID2224862	1	1	0	0
1	1	UID2224864	1	1	0	0
1	1	UID2224870	1	1	0	0
1	1	UID2224873	1	1	0	0
1	1	UID2224874	1	1	0	0
1	1	UID2224889	1	1	0	0
1	1	UID2224890	1	1	0	0
1	1	UID2224892	1	1	0	0
1	1	UID2224897	1	1	0	0
1	1	UID2224899	1	1	0	0
1	1	UID2224904	1	1	0	0
1	1	UID2224907	1	1	0	0
1	1	UID2224911	1	1	0	0
1	1	UID2224913	1	1	0	0
1	1	UID2224917	1	1	0	0
1	1	UID2224918	1	1	0	0
1	1	UID2224922	1	1	0	0
1	1	UID2224924	1	1	0	0
1	1	UID2224925	1	1	0	0
1	1	UID2224941	1	1	0	0
1	1	UID2224942	1	1	0	0
1	1	UID2224944	1	1	0	0
1	1	UID2224946	1	1	0	0
1	1	UID2224950	1	1	0	0
1	1	UID2224953	1	1	0	0
1	1	UID2224959	1	1	0	0
1	1	UID2224961	1	1	0	0
1	1	UID2224968	1	1	0	0
1	1	UID2224969	1	1	0	0
1	1	UID2224972	1	1	0	0
1	1	UID2224973	1	1	0	0
1	1	UID2224974	1	1	0	0
1	1	UID2224976	1	1	0	0
1	1	UID2224977	1	1	0	0
1	1	UID2224979	1	1	0	0
1	1	UID2224981	1	1	0	0
1	1	UID2224982	1	1	0	0
1	1	UID2224984	1	1	0	0
1	1	UID2224985	1	1	0	0
1	1	UID2224986	1	1	0	0
1	1	UID2224990	1	1	0	0
1	1	UID2224994	1	1	0	0
1	1	UID2224995	1	1	0	0
1	1	UID2225008	1	1	0	0
1	1	UID2225010	1	1	0	0
1	1	UID2225011	1	1	0	0
1	1	UID2225012	1	1	0	0
1	1	UID2225013	1	1	0	0
1	1	UID2225014	1	1	0	0
1	1	UID2225015	1	1	0	0
1	1	UID2225016	1	1	0	0
1	1	UID2225021	1	1	0	0
1	1	UID2225022	1	1	0	0
1	1	UID2225025	1	1	0	0
1	1	UID2225028	1	1	0	0
1	1	UID2225029	1	1	0	0
1	1	UID2225031	1	1	0	0
1	1	UID2225032	1	1	0	0
1	1	UID2225033	1	1	0	0
1	1	UID2225034	1	1	0	0
1	1	UID2225038	1	1	0	0
1	1	UID2225039	1	1	0	0
1	1	UID2225045	1	1	0	0
1	1	UID2225048	1	1	0	0
1	1	UID2225052	1	1	0	0
1	1	UID2225057	1	1	0	0
1	1	UID2225058	1	1	0	0
1	1	UID2225059	1	1	0	0
1	1	UID2225062	1	1	0	0
1	1	UID2225063	1	1	0	0
1	1	UID2225065	1	1	0	0
1	1	UID2225067	1	1	0	0
1	1	UID2225068	1	1	0	0
1	1	UID2225069	1	1	0	0
1	1	UID2225071	1	1	0	0
1	1	UID2225072	1	1	0	0
1	1	UID2225073	1	1	0	0
1	1	UID2225074	1	1	0	0
1	1	UID2225075	1	1	0	0
1	1	UID2225076	1	1	0	0
1	1	UID2225084	1	1	0	0
1	1	UID2225086	1	1	0	0
1	1	UID2225088	1	1	0	0
1	1	UID2225093	1	1	0	0
1	1	UID2225094	1	1	0	0
1	1	UID2225097	1	1	0	0
1	1	UID2225100	1	1	0	0
1	1	UID2225101	1	1	0	0
1	1	UID2225102	1	1	0	0
1	1	UID2225103	1	1	0	0
1	1	UID2225106	1	1	0	0
1	1	UID2225107	1	1	0	0
1	1	UID2225119	1	1	0	0
1	1	UID2225120	1	1	0	0
1	1	UID2225123	1	1	0	0
1	1	UID2225124	1	1	0	0
1	1	UID2225125	1	1	0	0
1	1	UID2225129	1	1	0	0
1	1	UID2225143	1	1	0	0
1	1	UID2225144	1	1	0	0
1	1	UID2225145	1	1	0	0
1	1	UID2225149	1	1	0	0
1	1	UID2225151	1	1	0	0
1	1	UID2225152	1	1	0	0
1	1	UID2225153	1	1	0	0
1	1	UID2225155	1	1	0	0
1	1	UID2225156	1	1	0	0
1	1	UID2225157	1	1	0	0
1	1	UID2225158	1	1	0	0
1	1	UID2225160	1	1	0	0
1	1	UID2225170	1	1	0	0
1	1	UID2225174	1	1	0	0
1	1	UID2225175	1	1	0	0
1	1	UID2225176	1	1	0	0
1	1	UID2225177	1	1	0	0
1	1	UID2225180	1	1	0	0
1	1	UID2225184	1	1	0	0
1	1	UID2225185	1	1	0	0
1	1	UID2225192	1	1	0	0
1	1	UID2225199	1	1	0	0
1	1	UID2225200	1	1	0	0
1	1	UID2225201	1	1	0	0
1	1	UID2225202	1	1	0	0
1	1	UID2225203	1	1	0	0
1	1	UID2225207	1	1	0	0
1	1	UID2225208	1	1	0	0
1	1	UID2225210	1	1	0	0
1	1	UID2225212	1	1	0	0
1	1	UID2225213	1	1	0	0
1	1	UID2225218	1	1	0	0
1	1	UID2225219	1	1	0	0
1	1	UID2225221	1	1	0	0
1	1	UID2225223	1	1	0	0
1	1	UID2225225	1	1	0	0
1	1	UID2225227	1	1	0	0
1	1	UID2225232	1	1	0	0
1	1	UID2225234	1	1	0	0
1	1	UID2225236	1	1	0	0
1	1	UID2225238	1	1	0	0
1	1	UID2225239	1	1	0	0
1	1	UID2225240	1	1	0	0
1	1	UID2225242	1	1	0	0
1	1	UID2225247	1	1	0	0
1	1	UID2225248	1	1	0	0
1	1	UID2225249	1	1	0	0
1	1	UID2225250	1	1	0	0
1	1	UID2225251	1	1	0	0
1	1	UID2225252	1	1	0	0
1	1	UID2225253	1	1	0	0
1	1	UID2225256	1	1	0	0
1	1	UID2225257	1	1	0	0
1	1	UID2225258	1	1	0	0
1	1	UID2225259	1	1	0	0
1	1	UID2225260	1	1	0	0
1	1	UID2225261	1	1	0	0
1	1	UID2225262	1	1	0	0
1	1	UID2225264	1	1	0	0
1	1	UID2225266	1	1	0	0
1	1	UID2225267	1	1	0	0
1	1	UID2225268	1	1	0	0
1	1	UID2225270	1	1	0	0
1	1	UID2225272	1	1	0	0
1	1	UID2225273	1	1	0	0
1	1	UID2225278	1	1	0	0
1	1	UID2225285	1	1	0	0
1	1	UID2225287	1	1	0	0
1	1	UID2225293	1	1	0	0
1	1	UID2225295	1	1	0	0
1	1	UID2225296	1	1	0	0
1	1	UID2225297	1	1	0	0
1	1	UID2225298	1	1	0	0
1	1	UID2225299	1	1	0	0
1	1	UID2225300	1	1	0	0
1	1	UID2225301	1	1	0	0
1	1	UID2225303	1	1	0	0
1	1	UID2225304	1	1	0	0
1	1	UID2225305	1	1	0	0
1	1	UID2225306	1	1	0	0
1	1	UID2225309	1	1	0	0
1	1	UID2225313	1	1	0	0
1	1	UID2225314	1	1	0	0
1	1	UID2225316	1	1	0	0
1	1	UID2225317	1	1	0	0
1	1	UID2225318	1	1	0	0
1	1	UID2225319	1	1	0	0
1	1	UID2225320	1	1	0	0
1	1	UID2225322	1	1	0	0
1	1	UID2225323	1	1	0	0
1	1	UID2225324	1	1	0	0
1	1	UID2225327	1	1	0	0
1	1	UID2225328	1	1	0	0
1	1	UID2225330	1	1	0	0
1	1	UID2225333	1	1	0	0
1	1	UID2225334	1	1	0	0
1	1	UID2225337	1	1	0	0
1	1	UID2225338	1	1	0	0
1	1	UID2225339	1	1	0	0
1	1	UID2225341	1	1	0	0
1	1	UID2225343	1	1	0	0
1	1	UID2225345	1	1	0	0
1	1	UID2225346	1	1	0	0
1	1	UID2225351	1	1	0	0
1	1	UID2225352	1	1	0	0
1	1	UID2225353	1	1	0	0
1	1	UID2225355	1	1	0	0
1	1	UID2225357	1	1	0	0
1	1	UID2225359	1	1	0	0
1	1	UID2225361	1	1	0	0
1	1	UID2225364	1	1	0	0
1	1	UID2225365	1	1	0	0
1	1	UID2225368	1	1	0	0
1	1	UID2225369	1	1	0	0
1	1	UID2225370	1	1	0	0
1	1	UID2225374	1	1	0	0
1	1	UID2225375	1	1	0	0
1	1	UID2225377	1	1	0	0
1	1	UID2225380	1	1	0	0
1	1	UID2225382	1	1	0	0
1	1	UID2225383	1	1	0	0
1	1	UID2225385	1	1	0	0
1	1	UID2225386	1	1	0	0
1	1	UID2225387	1	1	0	0
1	1	UID2225388	1	1	0	0
3	3	UID2225389	1	3	2	2
1	1	UID2225390	1	1	0	0
1	1	UID2225391	1	1	0	0
1	1	UID2225400	1	1	0	0
1	1	UID2225411	1	1	0	0
1	1	UID2225416	1	1	0	0
1	1	UID2225418	1	1	0	0
1	1	UID2225419	1	1	0	0
1	1	UID2225421	1	1	0	0
1	1	UID2225425	1	1	0	0
1	1	UID2225426	1	1	0	0
1	1	UID2225428	1	1	0	0
1	1	UID2225429	1	1	0	0
1	1	UID2225431	1	1	0	0
1	1	UID2225432	1	1	0	0
1	1	UID2225433	1	1	0	0
1	1	UID2225438	1	1	0	0
1	1	UID2225439	1	1	0	0
1	1	UID2225442	1	1	0	0
1	1	UID2225443	1	1	0	0
1	1	UID2225444	1	1	0	0
1	1	UID2225449	1	1	0	0
1	1	UID2225452	1	1	0	0
1	1	UID2225454	1	1	0	0
1	1	UID2225456	1	1	0	0
1	1	UID2225457	1	1	0	0
1	1	UID2225458	1	1	0	0
1	1	UID2225461	1	1	0	0
1	1	UID2225462	1	1	0	0
1	1	UID2225465	1	1	0	0
1	1	UID2225466	1	1	0	0
1	1	UID2225467	1	1	0	0
1	1	UID2225474	1	1	0	0
1	1	UID2225475	1	1	0	0
1	1	UID2225479	1	1	0	0
1	1	UID2225480	1	1	0	0
1	1	UID2225482	1	1	0	0
1	1	UID2225483	1	1	0	0
1	1	UID2225484	1	1	0	0
1	1	UID2225485	1	1	0	0
1	1	UID2225486	1	1	0	0
1	1	UID2225492	1	1	0	0
1	1	UID2225495	1	1	0	0
1	1	UID2225497	1	1	0	0
1	1	UID2225498	1	1	0	0
1	1	UID2225499	1	1	0	0
1	1	UID2225501	1	1	0	0
1	1	UID2225505	1	1	0	0
1	1	UID2225508	1	1	0	0
1	1	UID2225511	1	1	0	0
1	1	UID2225512	1	1	0	0
1	1	UID2225513	1	1	0	0
1	1	UID2225515	1	1	0	0
1	1	UID2225517	1	1	0	0
1	1	UID2225519	1	1	0	0
1	1	UID2225526	1	1	0	0
1	1	UID2225529	1	1	0	0
1	1	UID2225530	1	1	0	0
1	1	UID2225532	1	1	0	0
1	1	UID2225535	1	1	0	0
1	1	UID2225537	1	1	0	0
1	1	UID2225539	1	1	0	0
1	1	UID2225541	1	1	0	0
1	1	UID2225542	1	1	0	0
1	1	UID2225545	1	1	0	0
1	1	UID2225546	1	1	0	0
1	1	UID2225547	1	1	0	0
1	1	UID2225550	1	1	0	0
1	1	UID2225555	1	1	0	0
1	1	UID2225561	1	1	0	0
1	1	UID2225563	1	1	0	0
1	1	UID2225564	1	1	0	0
1	1	UID2225568	1	1	0	0
1	1	UID2225570	1	1	0	0
1	1	UID2225571	1	1	0	0
1	1	UID2225573	1	1	0	0
1	1	UID2225577	1	1	0	0
1	1	UID2225578	1	1	0	0
1	1	UID2225581	1	1	0	0
1	1	UID2225582	1	1	0	0
1	1	UID2225588	1	1	0	0
1	1	UID2225593	1	1	0	0
1	1	UID2225596	1	1	0	0
1	1	UID2225597	1	1	0	0
1	1	UID2225605	1	1	0	0
1	1	UID2225606	1	1	0	0
1	1	UID2225609	1	1	0	0
1	1	UID2225612	1	1	0	0
1	1	UID2225613	1	1	0	0
1	1	UID2225616	1	1	0	0
1	1	UID2225617	1	1	0	0
1	1	UID2225619	1	1	0	0
1	1	UID2225620	1	1	0	0
1	1	UID2225630	1	1	0	0
1	1	UID2225632	1	1	0	0
1	1	UID2225633	1	1	0	0
1	1	UID2225635	1	1	0	0
1	1	UID2225636	1	1	0	0
1	1	UID2225637	1	1	0	0
1	1	UID2225639	1	1	0	0
1	1	UID2225644	1	1	0	0
1	1	UID2225645	1	1	0	0
1	1	UID2225646	1	1	0	0
1	1	UID2225647	1	1	0	0
1	1	UID2225648	1	1	0	0
1	1	UID2225649	1	1	0	0
1	1	UID2225650	1	1	0	0
1	1	UID2225651	1	1	0	0
3	3	UID2225661	1	3	2	2
1	1	UID2225667	1	1	0	0
1	1	UID2225668	1	1	0	0
1	1	UID2225674	1	1	0	0
1	1	UID2225675	1	1	0	0
1	1	UID2225676	1	1	0	0
1	1	UID2225681	1	1	0	0
1	1	UID2225682	1	1	0	0
1	1	UID2225690	1	1	0	0
1	1	UID2225695	1	1	0	0
1	1	UID2225696	1	1	0	0
1	1	UID2225697	1	1	0	0
1	1	UID2225710	1	1	0	0
1	1	UID2225715	1	1	0	0
1	1	UID2225723	1	1	0	0
1	1	UID2225724	1	1	0	0
1	1	UID2225729	1	1	0	0
1	1	UID2225738	1	1	0	0
1	1	UID2225739	1	1	0	0
1	1	UID2225742	1	1	0	0
1	1	UID2225743	1	1	0	0
1	1	UID2225746	1	1	0	0
1	1	UID2225747	1	1	0	0
1	1	UID2225748	1	1	0	0
1	1	UID2225749	1	1	0	0
1	1	UID2225761	1	1	0	0
1	1	UID2225807	1	1	0	0
1	1	UID2225809	1	1	0	0
1	1	UID2225821	1	1	0	0
1	1	UID2225838	1	1	0	0
1	1	UID2225839	1	1	0	0
1	1	UID2225841	1	1	0	0
1	1	UID2225842	1	1	0	0
1	1	UID2225843	1	1	0	0
1	1	UID2225852	1	1	0	0
1	1	UID2225854	1	1	0	0
1	1	UID2225857	1	1	0	0
1	1	UID2225859	1	1	0	0
1	1	UID2225860	1	1	0	0
1	1	UID2225866	1	1	0	0
1	1	UID2225870	1	1	0	0
1	1	UID2225882	1	1	0	0
1	1	UID2225885	1	1	0	0
1	1	UID2225889	1	1	0	0
1	1	UID2225892	1	1	0	0
1	1	UID2225894	1	1	0	0
1	1	UID2225901	1	1	0	0
1	1	UID2225908	1	1	0	0
1	1	UID2225917	1	1	0	0
1	1	UID2225918	1	1	0	0
1	1	UID2225926	1	1	0	0
1	1	UID2225932	1	1	0	0
1	1	UID2225938	1	1	0	0
1	1	UID2225944	1	1	0	0
1	1	UID2225950	1	1	0	0
1	1	UID2225951	1	1	0	0
1	1	UID2225955	1	1	0	0
1	1	UID2225956	1	1	0	0
1	1	UID2225964	1	1	0	0
1	1	UID2225966	1	1	0	0
1	1	UID2225970	1	1	0	0
1	1	UID2225971	1	1	0	0
1	1	UID2225976	1	1	0	0
1	1	UID2225977	1	1	0	0
1	1	UID2225981	1	1	0	0
1	1	UID2225984	1	1	0	0
1	1	UID2225985	1	1	0	0
1	1	UID2225988	1	1	0	0
1	1	UID2225992	1	1	0	0
1	1	UID2225996	1	1	0	0
1	1	UID2225997	1	1	0	0
1	1	UID2225998	1	1	0	0
1	1	UID2226001	1	1	0	0
1	1	UID2226009	1	1	0	0
1	1	UID2226012	1	1	0	0
1	1	UID2226014	1	1	0	0
1	1	UID2226015	1	1	0	0
1	1	UID2226016	1	1	0	0
1	1	UID2226017	1	1	0	0
1	1	UID2226018	1	1	0	0
1	1	UID2226022	1	1	0	0
1	1	UID2226023	1	1	0	0
1	1	UID2226026	1	1	0	0
1	1	UID2226030	1	1	0	0
1	1	UID2226033	1	1	0	0
1	1	UID2226041	1	1	0	0
1	1	UID2226042	1	1	0	0
1	1	UID2226043	1	1	0	0
1	1	UID2226045	1	1	0	0
1	1	UID2226046	1	1	0	0
1	1	UID2226047	1	1	0	0
1	1	UID2226049	1	1	0	0
1	1	UID2226053	1	1	0	0
1	1	UID2226056	1	1	0	0
1	1	UID2226058	1	1	0	0
1	1	UID2226060	1	1	0	0
1	1	UID2226062	1	1	0	0
1	1	UID2226063	1	1	0	0
1	1	UID2226064	1	1	0	0
1	1	UID2226065	1	1	0	0
1	1	UID2226066	1	1	0	0
1	1	UID2226067	1	1	0	0
1	1	UID2226069	1	1	0	0
1	1	UID2226072	1	1	0	0
1	1	UID2226073	1	1	0	0
1	1	UID2226074	1	1	0	0
1	1	UID2226082	1	1	0	0
1	1	UID2226085	1	1	0	0
1	1	UID2226086	1	1	0	0
1	1	UID2226087	1	1	0	0
1	1	UID2226091	1	1	0	0
1	1	UID2226101	1	1	0	0
1	1	UID2226102	1	1	0	0
1	1	UID2226104	1	1	0	0
1	1	UID2226105	1	1	0	0
1	1	UID2226106	1	1	0	0
1	1	UID2226107	1	1	0	0
1	1	UID2226108	1	1	0	0
1	1	UID2226109	1	1	0	0
1	1	UID2226110	1	1	0	0
1	1	UID2226111	1	1	0	0
1	1	UID2226115	1	1	0	0
1	1	UID2226116	1	1	0	0
1	1	UID2226117	1	1	0	0
1	1	UID2226120	1	1	0	0
1	1	UID2226121	1	1	0	0
1	1	UID2226123	1	1	0	0
1	1	UID2226124	1	1	0	0
3	3	UID2226126	1	3	2	2
1	1	UID2226130	1	1	0	0
1	1	UID2226131	1	1	0	0
1	1	UID2226132	1	1	0	0
1	1	UID2226133	1	1	0	0
1	1	UID2226136	1	1	0	0
1	1	UID2226137	1	1	0	0
1	1	UID2226138	1	1	0	0
1	1	UID2226141	1	1	0	0
1	1	UID2226142	1	1	0	0
1	1	UID2226143	1	1	0	0
1	1	UID2226145	1	1	0	0
1	1	UID2226148	1	1	0	0
1	1	UID2226151	1	1	0	0
1	1	UID2226153	1	1	0	0
1	1	UID2226155	1	1	0	0
3	3	UID2226158	1	3	2	2
1	1	UID2226160	1	1	0	0
1	1	UID2226161	1	1	0	0
1	1	UID2226162	1	1	0	0
1	1	UID2226163	1	1	0	0
3	3	UID2226165	1	3	2	2
1	1	UID2226167	1	1	0	0
1	1	UID2226169	1	1	0	0
1	1	UID2226173	1	1	0	0
1	1	UID2226175	1	1	0	0
1	1	UID2226177	1	1	0	0
1	1	UID2226179	1	1	0	0
1	1	UID2226181	1	1	0	0
1	1	UID2226182	1	1	0	0
1	1	UID2226183	1	1	0	0
1	1	UID2226184	1	1	0	0
1	1	UID2226185	1	1	0	0
1	1	UID2226189	1	1	0	0
1	1	UID2226195	1	1	0	0
1	1	UID2226196	1	1	0	0
1	1	UID2226202	1	1	0	0
1	1	UID2226206	1	1	0	0
1	1	UID2226210	1	1	0	0
1	1	UID2226214	1	1	0	0
1	1	UID2226216	1	1	0	0
1	1	UID2226217	1	1	0	0
1	1	UID2226221	1	1	0	0
1	1	UID2226223	1	1	0	0
1	1	UID2226225	1	1	0	0
1	1	UID2226227	1	1	0	0
1	1	UID2226234	1	1	0	0
1	1	UID2226237	1	1	0	0
1	1	UID2226240	1	1	0	0
1	1	UID2226241	1	1	0	0
1	1	UID2226245	1	1	0	0
1	1	UID2226247	1	1	0	0
1	1	UID2226249	1	1	0	0
1	1	UID2226251	1	1	0	0
1	1	UID2226253	1	1	0	0
1	1	UID2226257	1	1	0	0
1	1	UID2226258	1	1	0	0
1	1	UID2226261	1	1	0	0
1	1	UID2226262	1	1	0	0
1	1	UID2226263	1	1	0	0
1	1	UID2226264	1	1	0	0
1	1	UID2226269	1	1	0	0
1	1	UID2226270	1	1	0	0
1	1	UID2226272	1	1	0	0
1	1	UID2226273	1	1	0	0
1	1	UID2226276	1	1	0	0
1	1	UID2226277	1	1	0	0
1	1	UID2226279	1	1	0	0
1	1	UID2226281	1	1	0	0
1	1	UID2226291	1	1	0	0
1	1	UID2226292	1	1	0	0
1	1	UID2226293	1	1	0	0
1	1	UID2226296	1	1	0	0
1	1	UID2226299	1	1	0	0
1	1	UID2226300	1	1	0	0
1	1	UID2226301	1	1	0	0
1	1	UID2226303	1	1	0	0
1	1	UID2226304	1	1	0	0
1	1	UID2226305	1	1	0	0
1	1	UID2226306	1	1	0	0
1	1	UID2226307	1	1	0	0
1	1	UID2226308	1	1	0	0
1	1	UID2226309	1	1	0	0
1	1	UID2226317	1	1	0	0
1	1	UID2226328	1	1	0	0
1	1	UID2226329	1	1	0	0
1	1	UID2226330	1	1	0	0
1	1	UID2226332	1	1	0	0
1	1	UID2226333	1	1	0	0
1	1	UID2226334	1	1	0	0
1	1	UID2226336	1	1	0	0
1	1	UID2226337	1	1	0	0
1	1	UID2226340	1	1	0	0
1	1	UID2226342	1	1	0	0
1	1	UID2226343	1	1	0	0
1	1	UID2226344	1	1	0	0
1	1	UID2226345	1	1	0	0
3	3	UID2226346	1	3	2	2
1	1	UID2226347	1	1	0	0
1	1	UID2226348	1	1	0	0
1	1	UID2226349	1	1	0	0
1	1	UID2226350	1	1	0	0
1	1	UID2226352	1	1	0	0
1	1	UID2226355	1	1	0	0
1	1	UID2226356	1	1	0	0
1	1	UID2226357	1	1	0	0
1	1	UID2226358	1	1	0	0
1	1	UID2226363	1	1	0	0
1	1	UID2226366	1	1	0	0
1	1	UID2226367	1	1	0	0
1	1	UID2226368	1	1	0	0
1	1	UID2226369	1	1	0	0
1	1	UID2226370	1	1	0	0
1	1	UID2226371	1	1	0	0
1	1	UID2226372	1	1	0	0
1	1	UID2226373	1	1	0	0
1	1	UID2226374	1	1	0	0
1	1	UID2226379	1	1	0	0
1	1	UID2226380	1	1	0	0
1	1	UID2226385	1	1	0	0
1	1	UID2226387	1	1	0	0
1	1	UID2226388	1	1	0	0
1	1	UID2226390	1	1	0	0
1	1	UID2226391	1	1	0	0
1	1	UID2226392	1	1	0	0
1	1	UID2226393	1	1	0	0
1	1	UID2226394	1	1	0	0
1	1	UID2226396	1	1	0	0
1	1	UID2226398	1	1	0	0
1	1	UID2226399	1	1	0	0
1	1	UID2226400	1	1	0	0
1	1	UID2226405	1	1	0	0
1	1	UID2226406	1	1	0	0
1	1	UID2226408	1	1	0	0
1	1	UID2226411	1	1	0	0
1	1	UID2226412	1	1	0	0
1	1	UID2226413	1	1	0	0
1	1	UID2226415	1	1	0	0
1	1	UID2226416	1	1	0	0
1	1	UID2226417	1	1	0	0
1	1	UID2226418	1	1	0	0
1	1	UID2226419	1	1	0	0
1	1	UID2226421	1	1	0	0
1	1	UID2226422	1	1	0	0
1	1	UID2226425	1	1	0	0
1	1	UID2226426	1	1	0	0
1	1	UID2226427	1	1	0	0
1	1	UID2226428	1	1	0	0
1	1	UID2226429	1	1	0	0
1	1	UID2226431	1	1	0	0
1	1	UID2226432	1	1	0	0
1	1	UID2226435	1	1	0	0
1	1	UID2226436	1	1	0	0
1	1	UID2226438	1	1	0	0
1	1	UID2226440	1	1	0	0
1	1	UID2226441	1	1	0	0
1	1	UID2226446	1	1	0	0
1	1	UID2226447	1	1	0	0
1	1	UID2226449	1	1	0	0
1	1	UID2226450	1	1	0	0
1	1	UID2226451	1	1	0	0
1	1	UID2226453	1	1	0	0
1	1	UID2226454	1	1	0	0
1	1	UID2226455	1	1	0	0
1	1	UID2226456	1	1	0	0
1	1	UID2226457	1	1	0	0
1	1	UID2226459	1	1	0	0
1	1	UID2226460	1	1	0	0
1	1	UID2226461	1	1	0	0
1	1	UID2226462	1	1	0	0
1	1	UID2226467	1	1	0	0
1	1	UID2226470	1	1	0	0
1	1	UID2226474	1	1	0	0
1	1	UID2226476	1	1	0	0
1	1	UID2226482	1	1	0	0
1	1	UID2226483	1	1	0	0
1	1	UID2226484	1	1	0	0
1	1	UID2226488	1	1	0	0
1	1	UID2226492	1	1	0	0
1	1	UID2226493	1	1	0	0
1	1	UID2226494	1	1	0	0
1	1	UID2226495	1	1	0	0
1	1	UID2226498	1	1	0	0
1	1	UID2226499	1	1	0	0
1	1	UID2226500	1	1	0	0
1	1	UID2226501	1	1	0	0
1	1	UID2226504	1	1	0	0
1	1	UID2226509	1	1	0	0
1	1	UID2226510	1	1	0	0
1	1	UID2226514	1	1	0	0
1	1	UID2226517	1	1	0	0
1	1	UID2226527	1	1	0	0
1	1	UID2226528	1	1	0	0
1	1	UID2226534	1	1	0	0
1	1	UID2226544	1	1	0	0
1	1	UID2226545	1	1	0	0
1	1	UID2226546	1	1	0	0
1	1	UID2226547	1	1	0	0
1	1	UID2226548	1	1	0	0
1	1	UID2226549	1	1	0	0
1	1	UID2226552	1	1	0	0
1	1	UID2226560	1	1	0	0
1	1	UID2226563	1	1	0	0
1	1	UID2226564	1	1	0	0
1	1	UID2226565	1	1	0	0
1	1	UID2226566	1	1	0	0
1	1	UID2226567	1	1	0	0
1	1	UID2226570	1	1	0	0
1	1	UID2226572	1	1	0	0
1	1	UID2226573	1	1	0	0
1	1	UID2226579	1	1	0	0
1	1	UID2226584	1	1	0	0
1	1	UID2226586	1	1	0	0
1	1	UID2226587	1	1	0	0
1	1	UID2226593	1	1	0	0
1	1	UID2226594	1	1	0	0
1	1	UID2226595	1	1	0	0
1	1	UID2226596	1	1	0	0
1	1	UID2226598	1	1	0	0
1	1	UID2226600	1	1	0	0
1	1	UID2226601	1	1	0	0
1	1	UID2226602	1	1	0	0
1	1	UID2226603	1	1	0	0
1	1	UID2226608	1	1	0	0
1	1	UID2226613	1	1	0	0
1	1	UID2226615	1	1	0	0
1	1	UID2226619	1	1	0	0
1	1	UID2226620	1	1	0	0
1	1	UID2226622	1	1	0	0
1	1	UID2226627	1	1	0	0
1	1	UID2226628	1	1	0	0
1	1	UID2226631	1	1	0	0
1	1	UID2226632	1	1	0	0
1	1	UID2226638	1	1	0	0
1	1	UID2226644	1	1	0	0
1	1	UID2226649	1	1	0	0
1	1	UID2226653	1	1	0	0
1	1	UID2226654	1	1	0	0
1	1	UID2226658	1	1	0	0
1	1	UID2226663	1	1	0	0
1	1	UID2226665	1	1	0	0
1	1	UID2226669	1	1	0	0
1	1	UID2226679	1	1	0	0
1	1	UID2226680	1	1	0	0
1	1	UID2226683	1	1	0	0
1	1	UID2226684	1	1	0	0
1	1	UID2226686	1	1	0	0
1	1	UID2226687	1	1	0	0
1	1	UID2226689	1	1	0	0
1	1	UID2226692	1	1	0	0
1	1	UID2226693	1	1	0	0
1	1	UID2226694	1	1	0	0
1	1	UID2226695	1	1	0	0
1	1	UID2226707	1	1	0	0
1	1	UID2226709	1	1	0	0
1	1	UID2226710	1	1	0	0
1	1	UID2226712	1	1	0	0
1	1	UID2226713	1	1	0	0
1	1	UID2226723	1	1	0	0
1	1	UID2226724	1	1	0	0
1	1	UID2226726	1	1	0	0
1	1	UID2226742	1	1	0	0
1	1	UID2226746	1	1	0	0
1	1	UID2226747	1	1	0	0
1	1	UID2226750	1	1	0	0
1	1	UID2226751	1	1	0	0
1	1	UID2226753	1	1	0	0
1	1	UID2226754	1	1	0	0
1	1	UID2226755	1	1	0	0
1	1	UID2226757	1	1	0	0
1	1	UID2226758	1	1	0	0
1	1	UID2226759	1	1	0	0
1	1	UID2226760	1	1	0	0
1	1	UID2226773	1	1	0	0
1	1	UID2226774	1	1	0	0
1	1	UID2226776	1	1	0	0
1	1	UID2226777	1	1	0	0
1	1	UID2226782	1	1	0	0
1	1	UID2226793	1	1	0	0
1	1	UID2226800	1	1	0	0
1	1	UID2226803	1	1	0	0
1	1	UID2226804	1	1	0	0
1	1	UID2226805	1	1	0	0
1	1	UID2226806	1	1	0	0
1	1	UID2226807	1	1	0	0
1	1	UID2226808	1	1	0	0
1	1	UID2226820	1	1	0	0
1	1	UID2226821	1	1	0	0
1	1	UID2226827	1	1	0	0
1	1	UID2226828	1	1	0	0
1	1	UID2226829	1	1	0	0
1	1	UID2226831	1	1	0	0
1	1	UID2226832	1	1	0	0
1	1	UID2226833	1	1	0	0
1	1	UID2226834	1	1	0	0
1	1	UID2226835	1	1	0	0
1	1	UID2226836	1	1	0	0
1	1	UID2226839	1	1	0	0
1	1	UID2226840	1	1	0	0
1	1	UID2226844	1	1	0	0
1	1	UID2226853	1	1	0	0
1	1	UID2226854	1	1	0	0
1	1	UID2226855	1	1	0	0
1	1	UID2226870	1	1	0	0
1	1	UID2226872	1	1	0	0
1	1	UID2226873	1	1	0	0
1	1	UID2226874	1	1	0	0
1	1	UID2226878	1	1	0	0
1	1	UID2226881	1	1	0	0
1	1	UID2226882	1	1	0	0
1	1	UID2226883	1	1	0	0
1	1	UID2226890	1	1	0	0
1	1	UID2226891	1	1	0	0
1	1	UID2226893	1	1	0	0
1	1	UID2226894	1	1	0	0
1	1	UID2226895	1	1	0	0
1	1	UID2226896	1	1	0	0
1	1	UID2226897	1	1	0	0
1	1	UID2226902	1	1	0	0
1	1	UID2226903	1	1	0	0
1	1	UID2226904	1	1	0	0
1	1	UID2226921	1	1	0	0
1	1	UID2226924	1	1	0	0
1	1	UID2226925	1	1	0	0
1	1	UID2226926	1	1	0	0
1	1	UID2226927	1	1	0	0
1	1	UID2226929	1	1	0	0
1	1	UID2226930	1	1	0	0
1	1	UID2226932	1	1	0	0
1	1	UID2226936	1	1	0	0
1	1	UID2226940	1	1	0	0
1	1	UID2226942	1	1	0	0
1	1	UID2226943	1	1	0	0
1	1	UID2226945	1	1	0	0
1	1	UID2226948	1	1	0	0
1	1	UID2226949	1	1	0	0
1	1	UID2226950	1	1	0	0
1	1	UID2226956	1	1	0	0
1	1	UID2226958	1	1	0	0
1	1	UID2226961	1	1	0	0
1	1	UID2226965	1	1	0	0
1	1	UID2226966	1	1	0	0
1	1	UID2226968	1	1	0	0
1	1	UID2226973	1	1	0	0
1	1	UID2226976	1	1	0	0
1	1	UID2226978	1	1	0	0
1	1	UID2226979	1	1	0	0
1	1	UID2226980	1	1	0	0
1	1	UID2226982	1	1	0	0
1	1	UID2226983	1	1	0	0
1	1	UID2226984	1	1	0	0
1	1	UID2226989	1	1	0	0
1	1	UID2226990	1	1	0	0
1	1	UID2227001	1	1	0	0
1	1	UID2227002	1	1	0	0
1	1	UID2227003	1	1	0	0
1	1	UID2227004	1	1	0	0
1	1	UID2227005	1	1	0	0
1	1	UID2227015	1	1	0	0
1	1	UID2227017	1	1	0	0
1	1	UID2227020	1	1	0	0
1	1	UID2227022	1	1	0	0
1	1	UID2227026	1	1	0	0
1	1	UID2227031	1	1	0	0
1	1	UID2227032	1	1	0	0
1	1	UID2227033	1	1	0	0
1	1	UID2227039	1	1	0	0
1	1	UID2227040	1	1	0	0
1	1	UID2227041	1	1	0	0
1	1	UID2227043	1	1	0	0
1	1	UID2227046	1	1	0	0
1	1	UID2227047	1	1	0	0
1	1	UID2227049	1	1	0	0
1	1	UID2227050	1	1	0	0
1	1	UID2227060	1	1	0	0
1	1	UID2227061	1	1	0	0
1	1	UID2227062	1	1	0	0
1	1	UID2227063	1	1	0	0
1	1	UID2227064	1	1	0	0
1	1	UID2227065	1	1	0	0
1	1	UID2227068	1	1	0	0
1	1	UID2227070	1	1	0	0
1	1	UID2227071	1	1	0	0
1	1	UID2227072	1	1	0	0
1	1	UID2227073	1	1	0	0
1	1	UID2227076	1	1	0	0
1	1	UID2227082	1	1	0	0
1	1	UID2227083	1	1	0	0
1	1	UID2227086	1	1	0	0
1	1	UID2227090	1	1	0	0
1	1	UID2227091	1	1	0	0
1	1	UID2227094	1	1	0	0
1	1	UID2227101	1	1	0	0
1	1	UID2227103	1	1	0	0
1	1	UID2227111	1	1	0	0
1	1	UID2227114	1	1	0	0
1	1	UID2227119	1	1	0	0
1	1	UID2227120	1	1	0	0
1	1	UID2227121	1	1	0	0
1	1	UID2227122	1	1	0	0
1	1	UID2227123	1	1	0	0
1	1	UID2227128	1	1	0	0
1	1	UID2227131	1	1	0	0
1	1	UID2227132	1	1	0	0
1	1	UID2227133	1	1	0	0
1	1	UID2227140	1	1	0	0
1	1	UID2227141	1	1	0	0
1	1	UID2227146	1	1	0	0
1	1	UID2227147	1	1	0	0
1	1	UID2227148	1	1	0	0
1	1	UID2227152	1	1	0	0
1	1	UID2227153	1	1	0	0
1	1	UID2227155	1	1	0	0
1	1	UID2227158	1	1	0	0
1	1	UID2227159	1	1	0	0
1	1	UID2227174	1	1	0	0
1	1	UID2227175	1	1	0	0
1	1	UID2227187	1	1	0	0
1	1	UID2227191	1	1	0	0
1	1	UID2227192	1	1	0	0
1	1	UID2227194	1	1	0	0
1	1	UID2227197	1	1	0	0
1	1	UID2227201	1	1	0	0
1	1	UID2227202	1	1	0	0
1	1	UID2227203	1	1	0	0
1	1	UID2227206	1	1	0	0
1	1	UID2227208	1	1	0	0
1	1	UID2227219	1	1	0	0
1	1	UID2227223	1	1	0	0
1	1	UID2227224	1	1	0	0
1	1	UID2227228	1	1	0	0
1	1	UID2227231	1	1	0	0
1	1	UID2227234	1	1	0	0
1	1	UID2227235	1	1	0	0
1	1	UID2227236	1	1	0	0
1	1	UID2227237	1	1	0	0
1	1	UID2227238	1	1	0	0
1	1	UID2227239	1	1	0	0
1	1	UID2227240	1	1	0	0
1	1	UID2227241	1	1	0	0
1	1	UID2227242	1	1	0	0
1	1	UID2227244	1	1	0	0
1	1	UID2227248	1	1	0	0
1	1	UID2227251	1	1	0	0
1	1	UID2227253	1	1	0	0
1	1	UID2227254	1	1	0	0
1	1	UID2227256	1	1	0	0
1	1	UID2227257	1	1	0	0
1	1	UID2227258	1	1	0	0
1	1	UID2227259	1	1	0	0
1	1	UID2227260	1	1	0	0
1	1	UID2227261	1	1	0	0
1	1	UID2227263	1	1	0	0
1	1	UID2227264	1	1	0	0
1	1	UID2227265	1	1	0	0
1	1	UID2227267	1	1	0	0
1	1	UID2227270	1	1	0	0
1	1	UID2227275	1	1	0	0
1	1	UID2227277	1	1	0	0
1	1	UID2227285	1	1	0	0
1	1	UID2227287	1	1	0	0
1	1	UID2227288	1	1	0	0
1	1	UID2227289	1	1	0	0
1	1	UID2227295	1	1	0	0
1	1	UID2227296	1	1	0	0
1	1	UID2227305	1	1	0	0
1	1	UID2227306	1	1	0	0
1	1	UID2227308	1	1	0	0
1	1	UID2227309	1	1	0	0
1	1	UID2227310	1	1	0	0
1	1	UID2227318	1	1	0	0
1	1	UID2227319	1	1	0	0
1	1	UID2227320	1	1	0	0
1	1	UID2227322	1	1	0	0
1	1	UID2227327	1	1	0	0
1	1	UID2227330	1	1	0	0
1	1	UID2227334	1	1	0	0
1	1	UID2227336	1	1	0	0
1	1	UID2227337	1	1	0	0
1	1	UID2227353	1	1	0	0
1	1	UID2227373	1	1	0	0
1	1	UID2227394	1	1	0	0
1	1	UID2227405	1	1	0	0
1	1	UID2227406	1	1	0	0
1	1	UID2227407	1	1	0	0
1	1	UID2227409	1	1	0	0
1	1	UID2227410	1	1	0	0
1	1	UID2227413	1	1	0	0
1	1	UID2227414	1	1	0	0
1	1	UID2227417	1	1	0	0
1	1	UID2227423	1	1	0	0
1	1	UID2227425	1	1	0	0
1	1	UID2227427	1	1	0	0
1	1	UID2227428	1	1	0	0
1	1	UID2227432	1	1	0	0
1	1	UID2227433	1	1	0	0
1	1	UID2227434	1	1	0	0
1	1	UID2227442	1	1	0	0
1	1	UID2227448	1	1	0	0
1	1	UID2227449	1	1	0	0
1	1	UID2227465	1	1	0	0
1	1	UID2227469	1	1	0	0
1	1	UID2227470	1	1	0	0
1	1	UID2227482	1	1	0	0
1	1	UID2227491	1	1	0	0
1	1	UID2227494	1	1	0	0
1	1	UID2227496	1	1	0	0
1	1	UID2227497	1	1	0	0
1	1	UID2227508	1	1	0	0
1	1	UID2227509	1	1	0	0
1	1	UID2227510	1	1	0	0
1	1	UID2227512	1	1	0	0
1	1	UID2227513	1	1	0	0
1	1	UID2227515	1	1	0	0
1	1	UID2227522	1	1	0	0
1	1	UID2227524	1	1	0	0
1	1	UID2227525	1	1	0	0
1	1	UID2227528	1	1	0	0
1	1	UID2227533	1	1	0	0
1	1	UID2227545	1	1	0	0
1	1	UID2227551	1	1	0	0
1	1	UID2227565	1	1	0	0
1	1	UID2227571	1	1	0	0
1	1	UID2227572	1	1	0	0
1	1	UID2227573	1	1	0	0
1	1	UID2227580	1	1	0	0
1	1	UID2227610	1	1	0	0
1	1	UID2227612	1	1	0	0
1	1	UID2227780	1	1	0	0
1	1	UID2227794	1	1	0	0
1	1	UID2227816	1	1	0	0
1	1	UID2227822	1	1	0	0
1	1	UID2227824	1	1	0	0
1	1	UID2227828	1	1	0	0
1	1	UID2227829	1	1	0	0
1	1	UID2227837	1	1	0	0
1	1	UID2227842	1	1	0	0
1	1	UID2227843	1	1	0	0
1	1	UID2227844	1	1	0	0
1	1	UID2227849	1	1	0	0
1	1	UID2227853	1	1	0	0
1	1	UID2227857	1	1	0	0
1	1	UID2227858	1	1	0	0
1	1	UID2227861	1	1	0	0
1	1	UID2227862	1	1	0	0
2	2	UID2227864	1	2	1	1
1	1	UID2227867	1	1	0	0
1	1	UID2227877	1	1	0	0
1	1	UID2227878	1	1	0	0
1	1	UID2227880	1	1	0	0
1	1	UID2227883	1	1	0	0
1	1	UID2227885	1	1	0	0
1	1	UID2227888	1	1	0	0
1	1	UID2227889	1	1	0	0
1	1	UID2227894	1	1	0	0
1	1	UID2227896	1	1	0	0
1	1	UID2227897	1	1	0	0
1	1	UID2227898	1	1	0	0
1	1	UID2227901	1	1	0	0
1	1	UID2227902	1	1	0	0
1	1	UID2227907	1	1	0	0
1	1	UID2227910	1	1	0	0
1	1	UID2227913	1	1	0	0
1	1	UID2227922	1	1	0	0
1	1	UID2227927	1	1	0	0
1	1	UID2227937	1	1	0	0
1	1	UID2227938	1	1	0	0
1	1	UID2227942	1	1	0	0
1	1	UID2227949	1	1	0	0
1	1	UID2227950	1	1	0	0
1	1	UID2227951	1	1	0	0
1	1	UID2227959	1	1	0	0
1	1	UID2227961	1	1	0	0
1	1	UID2227969	1	1	0	0
1	1	UID2227984	1	1	0	0
1	1	UID2227987	1	1	0	0
1	1	UID2227988	1	1	0	0
1	1	UID2227991	1	1	0	0
1	1	UID2227994	1	1	0	0
1	1	UID2227995	1	1	0	0
1	1	UID2228000	1	1	0	0
1	1	UID2228005	1	1	0	0
1	1	UID2228011	1	1	0	0
1	1	UID2228018	1	1	0	0
1	1	UID2228020	1	1	0	0
1	1	UID2228022	1	1	0	0
1	1	UID2228024	1	1	0	0
1	1	UID2228030	1	1	0	0
1	1	UID2228031	1	1	0	0
1	1	UID2228035	1	1	0	0
1	1	UID2228036	1	1	0	0
1	1	UID2228039	1	1	0	0
1	1	UID2228045	1	1	0	0
1	1	UID2228047	1	1	0	0
1	1	UID2228052	1	1	0	0
1	1	UID2228061	1	1	0	0
1	1	UID2228077	1	1	0	0
1	1	UID2228080	1	1	0	0
1	1	UID2228083	1	1	0	0
1	1	UID2228092	1	1	0	0
1	1	UID2228093	1	1	0	0
1	1	UID2228094	1	1	0	0
1	1	UID2228095	1	1	0	0
1	1	UID2228096	1	1	0	0
1	1	UID2228098	1	1	0	0
1	1	UID2228102	1	1	0	0
1	1	UID2228110	1	1	0	0
1	1	UID2228111	1	1	0	0
1	1	UID2228113	1	1	0	0
1	1	UID2228119	1	1	0	0
1	1	UID2228121	1	1	0	0
1	1	UID2228123	1	1	0	0
1	1	UID2228125	1	1	0	0
1	1	UID2228126	1	1	0	0
1	1	UID2228135	1	1	0	0
1	1	UID2228141	1	1	0	0
1	1	UID2228143	1	1	0	0
1	1	UID2228144	1	1	0	0
1	1	UID2228148	1	1	0	0
1	1	UID2228149	1	1	0	0
1	1	UID2228155	1	1	0	0
1	1	UID2228160	1	1	0	0
1	1	UID2228161	1	1	0	0
1	1	UID2228162	1	1	0	0
1	1	UID2228165	1	1	0	0
1	1	UID2228166	1	1	0	0
1	1	UID2228167	1	1	0	0
1	1	UID2228171	1	1	0	0
1	1	UID2228176	1	1	0	0
1	1	UID2228178	1	1	0	0
1	1	UID2228180	1	1	0	0
1	1	UID2228181	1	1	0	0
1	1	UID2228182	1	1	0	0
1	1	UID2228183	1	1	0	0
1	1	UID2228189	1	1	0	0
1	1	UID2228190	1	1	0	0
1	1	UID2228193	1	1	0	0
1	1	UID2228203	1	1	0	0
1	1	UID2228207	1	1	0	0
1	1	UID2228212	1	1	0	0
1	1	UID2228213	1	1	0	0
1	1	UID2228215	1	1	0	0
1	1	UID2228226	1	1	0	0
1	1	UID2228233	1	1	0	0
1	1	UID2228234	1	1	0	0
1	1	UID2228236	1	1	0	0
1	1	UID2228237	1	1	0	0
1	1	UID2228246	1	1	0	0
1	1	UID2228248	1	1	0	0
1	1	UID2228249	1	1	0	0
1	1	UID2228261	1	1	0	0
1	1	UID2228262	1	1	0	0
1	1	UID2228263	1	1	0	0
1	1	UID2228264	1	1	0	0
1	1	UID2228265	1	1	0	0
1	1	UID2228270	1	1	0	0
1	1	UID2228271	1	1	0	0
1	1	UID2228272	1	1	0	0
1	1	UID2228275	1	1	0	0
1	1	UID2228276	1	1	0	0
1	1	UID2228277	1	1	0	0
1	1	UID2228279	1	1	0	0
1	1	UID2228280	1	1	0	0
1	1	UID2228284	1	1	0	0
1	1	UID2228285	1	1	0	0
1	1	UID2228286	1	1	0	0
1	1	UID2228288	1	1	0	0
1	1	UID2228289	1	1	0	0
1	1	UID2228290	1	1	0	0
1	1	UID2228291	1	1	0	0
1	1	UID2228292	1	1	0	0
1	1	UID2228297	1	1	0	0
1	1	UID2228302	1	1	0	0
1	1	UID2228305	1	1	0	0
1	1	UID2228307	1	1	0	0
1	1	UID2228308	1	1	0	0
1	1	UID2228309	1	1	0	0
1	1	UID2228314	1	1	0	0
1	1	UID2228316	1	1	0	0
1	1	UID2228319	1	1	0	0
1	1	UID2228320	1	1	0	0
1	1	UID2228321	1	1	0	0
1	1	UID2228322	1	1	0	0
1	1	UID2228325	1	1	0	0
1	1	UID2228326	1	1	0	0
1	1	UID2228328	1	1	0	0
1	1	UID2228329	1	1	0	0
1	1	UID2228330	1	1	0	0
1	1	UID2228339	1	1	0	0
1	1	UID2228340	1	1	0	0
1	1	UID2228341	1	1	0	0
1	1	UID2228342	1	1	0	0
1	1	UID2228345	1	1	0	0
1	1	UID2228346	1	1	0	0
1	1	UID2228348	1	1	0	0
1	1	UID2228349	1	1	0	0
1	1	UID2228350	1	1	0	0
1	1	UID2228352	1	1	0	0
1	1	UID2228357	1	1	0	0
1	1	UID2228358	1	1	0	0
1	1	UID2228359	1	1	0	0
1	1	UID2228364	1	1	0	0
1	1	UID2228366	1	1	0	0
1	1	UID2228369	1	1	0	0
1	1	UID2228370	1	1	0	0
1	1	UID2228371	1	1	0	0
1	1	UID2228377	1	1	0	0
1	1	UID2228378	1	1	0	0
1	1	UID2228381	1	1	0	0
1	1	UID2228382	1	1	0	0
1	1	UID2228383	1	1	0	0
1	1	UID2228384	1	1	0	0
1	1	UID2228385	1	1	0	0
1	1	UID2228391	1	1	0	0
1	1	UID2228392	1	1	0	0
1	1	UID2228393	1	1	0	0
1	1	UID2228395	1	1	0	0
1	1	UID2228396	1	1	0	0
1	1	UID2228397	1	1	0	0
1	1	UID2228400	1	1	0	0
1	1	UID2228401	1	1	0	0
1	1	UID2228402	1	1	0	0
1	1	UID2228403	1	1	0	0
1	1	UID2228404	1	1	0	0
1	1	UID2228405	1	1	0	0
1	1	UID2228406	1	1	0	0
1	1	UID2228407	1	1	0	0
1	1	UID2228408	1	1	0	0
1	1	UID2228409	1	1	0	0
1	1	UID2228411	1	1	0	0
1	1	UID2228412	1	1	0	0
1	1	UID2228414	1	1	0	0
1	1	UID2228416	1	1	0	0
1	1	UID2228417	1	1	0	0
1	1	UID2228423	1	1	0	0
1	1	UID2228424	1	1	0	0
1	1	UID2228431	1	1	0	0
1	1	UID2228432	1	1	0	0
1	1	UID2228439	1	1	0	0
1	1	UID2228443	1	1	0	0
1	1	UID2228449	1	1	0	0
1	1	UID2228451	1	1	0	0
1	1	UID2228452	1	1	0	0
1	1	UID2228453	1	1	0	0
1	1	UID2228454	1	1	0	0
1	1	UID2228455	1	1	0	0
1	1	UID2228459	1	1	0	0
1	1	UID2228460	1	1	0	0
1	1	UID2228461	1	1	0	0
1	1	UID2228463	1	1	0	0
1	1	UID2228464	1	1	0	0
1	1	UID2228465	1	1	0	0
1	1	UID2228469	1	1	0	0
1	1	UID2228472	1	1	0	0
1	1	UID2228484	1	1	0	0
1	1	UID2228485	1	1	0	0
1	1	UID2228486	1	1	0	0
1	1	UID2228487	1	1	0	0
1	1	UID2228495	1	1	0	0
1	1	UID2228497	1	1	0	0
1	1	UID2228501	1	1	0	0
1	1	UID2228507	1	1	0	0
1	1	UID2228510	1	1	0	0
1	1	UID2228515	1	1	0	0
1	1	UID2228516	1	1	0	0
1	1	UID2228517	1	1	0	0
1	1	UID2228518	1	1	0	0
1	1	UID2228519	1	1	0	0
1	1	UID2228521	1	1	0	0
1	1	UID2228523	1	1	0	0
1	1	UID2228529	1	1	0	0
1	1	UID2228530	1	1	0	0
1	1	UID2228531	1	1	0	0
1	1	UID2228537	1	1	0	0
1	1	UID2228542	1	1	0	0
1	1	UID2228544	1	1	0	0
1	1	UID2228545	1	1	0	0
1	1	UID2228546	1	1	0	0
1	1	UID2228547	1	1	0	0
1	1	UID2228548	1	1	0	0
1	1	UID2228554	1	1	0	0
1	1	UID2228555	1	1	0	0
1	1	UID2228572	1	1	0	0
1	1	UID2228576	1	1	0	0
1	1	UID2228582	1	1	0	0
1	1	UID2228585	1	1	0	0
1	1	UID2228588	1	1	0	0
1	1	UID2228597	1	1	0	0
1	1	UID2228607	1	1	0	0
1	1	UID2228609	1	1	0	0
1	1	UID2228611	1	1	0	0
1	1	UID2228613	1	1	0	0
1	1	UID2228614	1	1	0	0
1	1	UID2228616	1	1	0	0
1	1	UID2228618	1	1	0	0
1	1	UID2228628	1	1	0	0
1	1	UID2228631	1	1	0	0
1	1	UID2228641	1	1	0	0
1	1	UID2228643	1	1	0	0
1	1	UID2228645	1	1	0	0
1	1	UID2228646	1	1	0	0
1	1	UID2228649	1	1	0	0
1	1	UID2228650	1	1	0	0
1	1	UID2228653	1	1	0	0
1	1	UID2228654	1	1	0	0
1	1	UID2228659	1	1	0	0
1	1	UID2228662	1	1	0	0
1	1	UID2228664	1	1	0	0
1	1	UID2228667	1	1	0	0
1	1	UID2228672	1	1	0	0
1	1	UID2228678	1	1	0	0
1	1	UID2228680	1	1	0	0
1	1	UID2228682	1	1	0	0
1	1	UID2228683	1	1	0	0
1	1	UID2228691	1	1	0	0
1	1	UID2228692	1	1	0	0
1	1	UID2228699	1	1	0	0
1	1	UID2228700	1	1	0	0
1	1	UID2228705	1	1	0	0
1	1	UID2228706	1	1	0	0
1	1	UID2228707	1	1	0	0
1	1	UID2228708	1	1	0	0
1	1	UID2228709	1	1	0	0
1	1	UID2228710	1	1	0	0
1	1	UID2228712	1	1	0	0
1	1	UID2228714	1	1	0	0
1	1	UID2228717	1	1	0	0
1	1	UID2228727	1	1	0	0
1	1	UID2228729	1	1	0	0
1	1	UID2228735	1	1	0	0
1	1	UID2228737	1	1	0	0
1	1	UID2228739	1	1	0	0
1	1	UID2228745	1	1	0	0
1	1	UID2228753	1	1	0	0
1	1	UID2228754	1	1	0	0
1	1	UID2228755	1	1	0	0
1	1	UID2228759	1	1	0	0
1	1	UID2228760	1	1	0	0
1	1	UID2228771	1	1	0	0
1	1	UID2228773	1	1	0	0
1	1	UID2228775	1	1	0	0
1	1	UID2228781	1	1	0	0
1	1	UID2228782	1	1	0	0
1	1	UID2228783	1	1	0	0
1	1	UID2228784	1	1	0	0
1	1	UID2228788	1	1	0	0
1	1	UID2228805	1	1	0	0
1	1	UID2228808	1	1	0	0
1	1	UID2228831	1	1	0	0
1	1	UID2228833	1	1	0	0
1	1	UID2228836	1	1	0	0
1	1	UID2228844	1	1	0	0
1	1	UID2228845	1	1	0	0
1	1	UID2228848	1	1	0	0
1	1	UID2228863	1	1	0	0
1	1	UID2228867	1	1	0	0
1	1	UID2228869	1	1	0	0
1	1	UID2228870	1	1	0	0
1	1	UID2228872	1	1	0	0
1	1	UID2228874	1	1	0	0
1	1	UID2228875	1	1	0	0
1	1	UID2228876	1	1	0	0
1	1	UID2228877	1	1	0	0
1	1	UID2228878	1	1	0	0
1	1	UID2228879	1	1	0	0
1	1	UID2228883	1	1	0	0
1	1	UID2228884	1	1	0	0
1	1	UID2228886	1	1	0	0
1	1	UID2228889	1	1	0	0
1	1	UID2228891	1	1	0	0
1	1	UID2228892	1	1	0	0
1	1	UID2228896	1	1	0	0
1	1	UID2228900	1	1	0	0
1	1	UID2228902	1	1	0	0
1	1	UID2228903	1	1	0	0
1	1	UID2228912	1	1	0	0
1	1	UID2228913	1	1	0	0
1	1	UID2228914	1	1	0	0
1	1	UID2228915	1	1	0	0
1	1	UID2228919	1	1	0	0
1	1	UID2228921	1	1	0	0
1	1	UID2228922	1	1	0	0
1	1	UID2228924	1	1	0	0
1	1	UID2228925	1	1	0	0
1	1	UID2228926	1	1	0	0
1	1	UID2228927	1	1	0	0
1	1	UID2228928	1	1	0	0
1	1	UID2228929	1	1	0	0
1	1	UID2228930	1	1	0	0
1	1	UID2228932	1	1	0	0
1	1	UID2228933	1	1	0	0
1	1	UID2228934	1	1	0	0
1	1	UID2228935	1	1	0	0
1	1	UID2228936	1	1	0	0
1	1	UID2228937	1	1	0	0
1	1	UID2228938	1	1	0	0
1	1	UID2228939	1	1	0	0
1	1	UID2228940	1	1	0	0
1	1	UID2228942	1	1	0	0
1	1	UID2228943	1	1	0	0
1	1	UID2228944	1	1	0	0
1	1	UID2228947	1	1	0	0
1	1	UID2228949	1	1	0	0
1	1	UID2228950	1	1	0	0
1	1	UID2228951	1	1	0	0
1	1	UID2228952	1	1	0	0
1	1	UID2228954	1	1	0	0
1	1	UID2228955	1	1	0	0
1	1	UID2228958	1	1	0	0
1	1	UID2228959	1	1	0	0
1	1	UID2228960	1	1	0	0
1	1	UID2228963	1	1	0	0
1	1	UID2228964	1	1	0	0
1	1	UID2228965	1	1	0	0
1	1	UID2228966	1	1	0	0
1	1	UID2228967	1	1	0	0
1	1	UID2228968	1	1	0	0
1	1	UID2228969	1	1	0	0
1	1	UID2228971	1	1	0	0
1	1	UID2228972	1	1	0	0
1	1	UID2228973	1	1	0	0
1	1	UID2228974	1	1	0	0
1	1	UID2228975	1	1	0	0
1	1	UID2228976	1	1	0	0
1	1	UID2228977	1	1	0	0
1	1	UID2228978	1	1	0	0
1	1	UID2228979	1	1	0	0
1	1	UID2228980	1	1	0	0
1	1	UID2228981	1	1	0	0
1	1	UID2228982	1	1	0	0
1	1	UID2228983	1	1	0	0
1	1	UID2228986	1	1	0	0
1	1	UID2228987	1	1	0	0
1	1	UID2228989	1	1	0	0
1	1	UID2228990	1	1	0	0
1	1	UID2228991	1	1	0	0
1	1	UID2228992	1	1	0	0
1	1	UID2228993	1	1	0	0
1	1	UID2228994	1	1	0	0
1	1	UID2228995	1	1	0	0
1	1	UID2228996	1	1	0	0
1	1	UID2228997	1	1	0	0
1	1	UID2228998	1	1	0	0
1	1	UID2228999	1	1	0	0
1	1	UID2229000	1	1	0	0
1	1	UID2229001	1	1	0	0
1	1	UID2229002	1	1	0	0
1	1	UID2229003	1	1	0	0
1	1	UID2229004	1	1	0	0
1	1	UID2229005	1	1	0	0
1	1	UID2229006	1	1	0	0
1	1	UID2229007	1	1	0	0
1	1	UID2229008	1	1	0	0
1	1	UID2229009	1	1	0	0
1	1	UID2229010	1	1	0	0
1	1	UID2229011	1	1	0	0
1	1	UID2229012	1	1	0	0
1	1	UID2229013	1	1	0	0
1	1	UID2229014	1	1	0	0
1	1	UID2229015	1	1	0	0
1	1	UID2229016	1	1	0	0
1	1	UID2229017	1	1	0	0
1	1	UID2229018	1	1	0	0
1	1	UID2229019	1	1	0	0
1	1	UID2229020	1	1	0	0
1	1	UID2229021	1	1	0	0
1	1	UID2229022	1	1	0	0
1	1	UID2229024	1	1	0	0
1	1	UID2229025	1	1	0	0
1	1	UID2229026	1	1	0	0
1	1	UID2229027	1	1	0	0
1	1	UID2229028	1	1	0	0
1	1	UID2229029	1	1	0	0
1	1	UID2229030	1	1	0	0
1	1	UID2229031	1	1	0	0
1	1	UID2229032	1	1	0	0
1	1	UID2229033	1	1	0	0
1	1	UID2229034	1	1	0	0
1	1	UID2229035	1	1	0	0
1	1	UID2229036	1	1	0	0
1	1	UID2229037	1	1	0	0
1	1	UID2229038	1	1	0	0
1	1	UID2229039	1	1	0	0
1	1	UID2229040	1	1	0	0
1	1	UID2229042	1	1	0	0
1	1	UID2229043	1	1	0	0
1	1	UID2229044	1	1	0	0
1	1	UID2229045	1	1	0	0
1	1	UID2229046	1	1	0	0
1	1	UID2229047	1	1	0	0
1	1	UID2229048	1	1	0	0
1	1	UID2229049	1	1	0	0
1	1	UID2229050	1	1	0	0
1	1	UID2229051	1	1	0	0
1	1	UID2229052	1	1	0	0
1	1	UID2229053	1	1	0	0
1	1	UID2229054	1	1	0	0
1	1	UID2229055	1	1	0	0
1	1	UID2229056	1	1	0	0
1	1	UID2229057	1	1	0	0
1	1	UID2229058	1	1	0	0
1	1	UID2229059	1	1	0	0
1	1	UID2229060	1	1	0	0
1	1	UID2229061	1	1	0	0
1	1	UID2229062	1	1	0	0
1	1	UID2229063	1	1	0	0
1	1	UID2229064	1	1	0	0
1	1	UID2229065	1	1	0	0
1	1	UID2229066	1	1	0	0
1	1	UID2229067	1	1	0	0
1	1	UID2229068	1	1	0	0
1	1	UID2229069	1	1	0	0
1	1	UID2229070	1	1	0	0
1	1	UID2229071	1	1	0	0
1	1	UID2229072	1	1	0	0
1	1	UID2229073	1	1	0	0
1	1	UID2229074	1	1	0	0
1	1	UID2229075	1	1	0	0
1	1	UID2229076	1	1	0	0
1	1	UID2229077	1	1	0	0
1	1	UID2229078	1	1	0	0
1	1	UID2229079	1	1	0	0
1	1	UID2229080	1	1	0	0
1	1	UID2229081	1	1	0	0
1	1	UID2229082	1	1	0	0
1	1	UID2229083	1	1	0	0
1	1	UID2229084	1	1	0	0
1	1	UID2229085	1	1	0	0
1	1	UID2229086	1	1	0	0
1	1	UID2229087	1	1	0	0
1	1	UID2229088	1	1	0	0
1	1	UID2229089	1	1	0	0
1	1	UID2229090	1	1	0	0
1	1	UID2229091	1	1	0	0
1	1	UID2229092	1	1	0	0
1	1	UID2229093	1	1	0	0
1	1	UID2229094	1	1	0	0
1	1	UID2229096	1	1	0	0
1	1	UID2229097	1	1	0	0
1	1	UID2229098	1	1	0	0
1	1	UID2229100	1	1	0	0
1	1	UID2229101	1	1	0	0
1	1	UID2229102	1	1	0	0
1	1	UID2229103	1	1	0	0
1	1	UID2229104	1	1	0	0
1	1	UID2229105	1	1	0	0
1	1	UID2229106	1	1	0	0
1	1	UID2229107	1	1	0	0
1	1	UID2229108	1	1	0	0
1	1	UID2229109	1	1	0	0
1	1	UID2229110	1	1	0	0
1	1	UID2229111	1	1	0	0
1	1	UID2229112	1	1	0	0
1	1	UID2229113	1	1	0	0
1	1	UID2229114	1	1	0	0
1	1	UID2229115	1	1	0	0
1	1	UID2229116	1	1	0	0
1	1	UID2229117	1	1	0	0
1	1	UID2229118	1	1	0	0
1	1	UID2229119	1	1	0	0
1	1	UID2229120	1	1	0	0
1	1	UID2229121	1	1	0	0
1	1	UID2229122	1	1	0	0
1	1	UID2229123	1	1	0	0
1	1	UID2229124	1	1	0	0
1	1	UID2229125	1	1	0	0
1	1	UID2229126	1	1	0	0
1	1	UID2229127	1	1	0	0
1	1	UID2229128	1	1	0	0
1	1	UID2229129	1	1	0	0
1	1	UID2229130	1	1	0	0
1	1	UID2229131	1	1	0	0
1	1	UID2229133	1	1	0	0
1	1	UID2229134	1	1	0	0
1	1	UID2229135	1	1	0	0
1	1	UID2229136	1	1	0	0
1	1	UID2229137	1	1	0	0
1	1	UID2229138	1	1	0	0
1	1	UID2229139	1	1	0	0
1	1	UID2229140	1	1	0	0
1	1	UID2229141	1	1	0	0
1	1	UID2229142	1	1	0	0
1	1	UID2229143	1	1	0	0
1	1	UID2229144	1	1	0	0
1	1	UID2229145	1	1	0	0
1	1	UID2229146	1	1	0	0
1	1	UID2229148	1	1	0	0
1	1	UID2229150	1	1	0	0
1	1	UID2229155	1	1	0	0
1	1	UID2229156	1	1	0	0
1	1	UID2229157	1	1	0	0
1	1	UID2229158	1	1	0	0
1	1	UID2229159	1	1	0	0
1	1	UID2229160	1	1	0	0
1	1	UID2229161	1	1	0	0
1	1	UID2229162	1	1	0	0
1	1	UID2229163	1	1	0	0
1	1	UID2229164	1	1	0	0
1	1	UID2229165	1	1	0	0
1	1	UID2229166	1	1	0	0
1	1	UID2229167	1	1	0	0
1	1	UID2229168	1	1	0	0
1	1	UID2229169	1	1	0	0
1	1	UID2229170	1	1	0	0
1	1	UID2229171	1	1	0	0
1	1	UID2229172	1	1	0	0
1	1	UID2229173	1	1	0	0
1	1	UID2229175	1	1	0	0
1	1	UID2229176	1	1	0	0
1	1	UID2229177	1	1	0	0
1	1	UID2229178	1	1	0	0
1	1	UID2229179	1	1	0	0
1	1	UID2229180	1	1	0	0
1	1	UID2229189	1	1	0	0
1	1	UID2229191	1	1	0	0
1	1	UID2229192	1	1	0	0
1	1	UID2229198	1	1	0	0
1	1	UID2229207	1	1	0	0
1	1	UID2229208	1	1	0	0
1	1	UID2229209	1	1	0	0
1	1	UID2229210	1	1	0	0
1	1	UID2229211	1	1	0	0
1	1	UID2229213	1	1	0	0
1	1	UID2229214	1	1	0	0
1	1	UID2229216	1	1	0	0
1	1	UID2229217	1	1	0	0
1	1	UID2229218	1	1	0	0
1	1	UID2229219	1	1	0	0
1	1	UID2229220	1	1	0	0
9	9	UID2229221	1	9	2	2
1	1	UID2229224	1	1	0	0
1	1	UID2229229	1	1	0	0
1	1	UID2229231	1	1	0	0
1	1	UID2229232	1	1	0	0
1	1	UID2229233	1	1	0	0
1	1	UID2229234	1	1	0	0
1	1	UID2229235	1	1	0	0
1	1	UID2229236	1	1	0	0
1	1	UID2229237	1	1	0	0
1	1	UID2229238	1	1	0	0
1	1	UID2229239	1	1	0	0
1	1	UID2229240	1	1	0	0
1	1	UID2229241	1	1	0	0
1	1	UID2229242	1	1	0	0
1	1	UID2229243	1	1	0	0
1	1	UID2229244	1	1	0	0
1	1	UID2229245	1	1	0	0
1	1	UID2229246	1	1	0	0
1	1	UID2229248	1	1	0	0
1	1	UID2229249	1	1	0	0
1	1	UID2229250	1	1	0	0
1	1	UID2229251	1	1	0	0
1	1	UID2229252	1	1	0	0
1	1	UID2229253	1	1	0	0
1	1	UID2229254	1	1	0	0
1	1	UID2229255	1	1	0	0
1	1	UID2229256	1	1	0	0
1	1	UID2229257	1	1	0	0
1	1	UID2229258	1	1	0	0
1	1	UID2229259	1	1	0	0
1	1	UID2229260	1	1	0	0
1	1	UID2229261	1	1	0	0
1	1	UID2229262	1	1	0	0
1	1	UID2229263	1	1	0	0
1	1	UID2229264	1	1	0	0
1	1	UID2229267	1	1	0	0
1	1	UID2229268	1	1	0	0
1	1	UID2229269	1	1	0	0
1	1	UID2229270	1	1	0	0
1	1	UID2229271	1	1	0	0
1	1	UID2229272	1	1	0	0
1	1	UID2229273	1	1	0	0
1	1	UID2229274	1	1	0	0
1	1	UID2229275	1	1	0	0
1	1	UID2229276	1	1	0	0
1	1	UID2229277	1	1	0	0
1	1	UID2229278	1	1	0	0
1	1	UID2229279	1	1	0	0
1	1	UID2229280	1	1	0	0
1	1	UID2229281	1	1	0	0
1	1	UID2229282	1	1	0	0
1	1	UID2229283	1	1	0	0
1	1	UID2229284	1	1	0	0
1	1	UID2229285	1	1	0	0
1	1	UID2229286	1	1	0	0
1	1	UID2229287	1	1	0	0
1	1	UID2229288	1	1	0	0
1	1	UID2229289	1	1	0	0
1	1	UID2229290	1	1	0	0
1	1	UID2229291	1	1	0	0
1	1	UID2229292	1	1	0	0
1	1	UID2229293	1	1	0	0
1	1	UID2229294	1	1	0	0
1	1	UID2229295	1	1	0	0
1	1	UID2229296	1	1	0	0
1	1	UID2229297	1	1	0	0
1	1	UID2229298	1	1	0	0
1	1	UID2229299	1	1	0	0
1	1	UID2229300	1	1	0	0
1	1	UID2229301	1	1	0	0
1	1	UID2229302	1	1	0	0
1	1	UID2229303	1	1	0	0
1	1	UID2229304	1	1	0	0
1	1	UID2229305	1	1	0	0
1	1	UID2229306	1	1	0	0
1	1	UID2229307	1	1	0	0
1	1	UID2229308	1	1	0	0
1	1	UID2229309	1	1	0	0
1	1	UID2229311	1	1	0	0
1	1	UID2229313	1	1	0	0
1	1	UID2229315	1	1	0	0
1	1	UID2229316	1	1	0	0
1	1	UID2229317	1	1	0	0
1	1	UID2229318	1	1	0	0
1	1	UID2229320	1	1	0	0
1	1	UID2229322	1	1	0	0
1	1	UID2229323	1	1	0	0
1	1	UID2229324	1	1	0	0
1	1	UID2229325	1	1	0	0
1	1	UID2229329	1	1	0	0
1	1	UID2229330	1	1	0	0
1	1	UID2229332	1	1	0	0
1	1	UID2229333	1	1	0	0
1	1	UID2229334	1	1	0	0
1	1	UID2229335	1	1	0	0
1	1	UID2229336	1	1	0	0
1	1	UID2229337	1	1	0	0
1	1	UID2229338	1	1	0	0
1	1	UID2229340	1	1	0	0
1	1	UID2229342	1	1	0	0
1	1	UID2229343	1	1	0	0
1	1	UID2229345	1	1	0	0
1	1	UID2229348	1	1	0	0
1	1	UID2229350	1	1	0	0
1	1	UID2229351	1	1	0	0
2	2	UID2229352	1	2	1	1
1	1	UID2229354	1	1	0	0
1	1	UID2229355	1	1	0	0
1	1	UID2229356	1	1	0	0
1	1	UID2229357	1	1	0	0
1	1	UID2229358	1	1	0	0
1	1	UID2229359	1	1	0	0
1	1	UID2229361	1	1	0	0
1	1	UID2229366	1	1	0	0
1	1	UID2229367	1	1	0	0
1	1	UID2229368	1	1	0	0
1	1	UID2229370	1	1	0	0
1	1	UID2229371	1	1	0	0
1	1	UID2229372	1	1	0	0
1	1	UID2229374	1	1	0	0
1	1	UID2229376	1	1	0	0
1	1	UID2229377	1	1	0	0
1	1	UID2229378	1	1	0	0
1	1	UID2229381	1	1	0	0
1	1	UID2229383	1	1	0	0
1	1	UID2229384	1	1	0	0
1	1	UID2229386	1	1	0	0
1	1	UID2229387	1	1	0	0
1	1	UID2229388	1	1	0	0
1	1	UID2229389	1	1	0	0
1	1	UID2229390	1	1	0	0
1	1	UID2229392	1	1	0	0
1	1	UID2229393	1	1	0	0
1	1	UID2229394	1	1	0	0
1	1	UID2229395	1	1	0	0
1	1	UID2229396	1	1	0	0
1	1	UID2229397	1	1	0	0
1	1	UID2229398	1	1	0	0
1	1	UID2229399	1	1	0	0
1	1	UID2229400	1	1	0	0
1	1	UID2229402	1	1	0	0
1	1	UID2229403	1	1	0	0
1	1	UID2229405	1	1	0	0
1	1	UID2229406	1	1	0	0
1	1	UID2229407	1	1	0	0
1	1	UID2229409	1	1	0	0
1	1	UID2229411	1	1	0	0
1	1	UID2229412	1	1	0	0
1	1	UID2229413	1	1	0	0
1	1	UID2229417	1	1	0	0
1	1	UID2229420	1	1	0	0
1	1	UID2229423	1	1	0	0
1	1	UID2229424	1	1	0	0
1	1	UID2229428	1	1	0	0
1	1	UID2229439	1	1	0	0
1	1	UID2229441	1	1	0	0
1	1	UID2229442	1	1	0	0
1	1	UID2229443	1	1	0	0
1	1	UID2229444	1	1	0	0
1	1	UID2229445	1	1	0	0
1	1	UID2229446	1	1	0	0
1	1	UID2229448	1	1	0	0
1	1	UID2229452	1	1	0	0
1	1	UID2229453	1	1	0	0
1	1	UID2229458	1	1	0	0
1	1	UID2229459	1	1	0	0
1	1	UID2229462	1	1	0	0
1	1	UID2229464	1	1	0	0
1	1	UID2229468	1	1	0	0
1	1	UID2229482	1	1	0	0
1	1	UID2229497	1	1	0	0
1	1	UID2229500	1	1	0	0
1	1	UID2229501	1	1	0	0
1	1	UID2229502	1	1	0	0
1	1	UID2229503	1	1	0	0
1	1	UID2229509	1	1	0	0
1	1	UID2229510	1	1	0	0
1	1	UID2229511	1	1	0	0
1	1	UID2229513	1	1	0	0
1	1	UID2229515	1	1	0	0
1	1	UID2229516	1	1	0	0
1	1	UID2229517	1	1	0	0
1	1	UID2229518	1	1	0	0
1	1	UID2229519	1	1	0	0
1	1	UID2229520	1	1	0	0
1	1	UID2229521	1	1	0	0
1	1	UID2229524	1	1	0	0
1	1	UID2229525	1	1	0	0
1	1	UID2229528	1	1	0	0
1	1	UID2229529	1	1	0	0
1	1	UID2229530	1	1	0	0
1	1	UID2229531	1	1	0	0
1	1	UID2229532	1	1	0	0
1	1	UID2229533	1	1	0	0
1	1	UID2229534	1	1	0	0
1	1	UID2229535	1	1	0	0
1	1	UID2229536	1	1	0	0
1	1	UID2229538	1	1	0	0
1	1	UID2229540	1	1	0	0
1	1	UID2229542	1	1	0	0
1	1	UID2229543	1	1	0	0
1	1	UID2229544	1	1	0	0
1	1	UID2229545	1	1	0	0
1	1	UID2229547	1	1	0	0
1	1	UID2229549	1	1	0	0
1	1	UID2229550	1	1	0	0
1	1	UID2229551	1	1	0	0
1	1	UID2229552	1	1	0	0
1	1	UID2229553	1	1	0	0
1	1	UID2229554	1	1	0	0
1	1	UID2229555	1	1	0	0
1	1	UID2229556	1	1	0	0
1	1	UID2229557	1	1	0	0
1	1	UID2229558	1	1	0	0
1	1	UID2229559	1	1	0	0
1	1	UID2229560	1	1	0	0
1	1	UID2229561	1	1	0	0
1	1	UID2229562	1	1	0	0
1	1	UID2229563	1	1	0	0
1	1	UID2229564	1	1	0	0
1	1	UID2229565	1	1	0	0
1	1	UID2229566	1	1	0	0
1	1	UID2229568	1	1	0	0
1	1	UID2229569	1	1	0	0
1	1	UID2229570	1	1	0	0
1	1	UID2229571	1	1	0	0
1	1	UID2229573	1	1	0	0
1	1	UID2229574	1	1	0	0
1	1	UID2229575	1	1	0	0
1	1	UID2229577	1	1	0	0
1	1	UID2229578	1	1	0	0
1	1	UID2229581	1	1	0	0
1	1	UID2229584	1	1	0	0
1	1	UID2229594	1	1	0	0
1	1	UID2229599	1	1	0	0
1	1	UID2229600	1	1	0	0
1	1	UID2229602	1	1	0	0
1	1	UID2229603	1	1	0	0
1	1	UID2229604	1	1	0	0
1	1	UID2229605	1	1	0	0
1	1	UID2229606	1	1	0	0
1	1	UID2229607	1	1	0	0
1	1	UID2229608	1	1	0	0
1	1	UID2229609	1	1	0	0
1	1	UID2229610	1	1	0	0
1	1	UID2229611	1	1	0	0
1	1	UID2229612	1	1	0	0
1	1	UID2229613	1	1	0	0
1	1	UID2229614	1	1	0	0
1	1	UID2229615	1	1	0	0
1	1	UID2229616	1	1	0	0
1	1	UID2229617	1	1	0	0
1	1	UID2229618	1	1	0	0
1	1	UID2229621	1	1	0	0
1	1	UID2229623	1	1	0	0
1	1	UID2229625	1	1	0	0
1	1	UID2229626	1	1	0	0
1	1	UID2229628	1	1	0	0
1	1	UID2229629	1	1	0	0
1	1	UID2229630	1	1	0	0
1	1	UID2229633	1	1	0	0
1	1	UID2229634	1	1	0	0
1	1	UID2229635	1	1	0	0
1	1	UID2229637	1	1	0	0
1	1	UID2229644	1	1	0	0
1	1	UID2229645	1	1	0	0
1	1	UID2229646	1	1	0	0
1	1	UID2229647	1	1	0	0
1	1	UID2229649	1	1	0	0
1	1	UID2229650	1	1	0	0
1	1	UID2229651	1	1	0	0
1	1	UID2229652	1	1	0	0
1	1	UID2229653	1	1	0	0
1	1	UID2229654	1	1	0	0
1	1	UID2229655	1	1	0	0
1	1	UID2229658	1	1	0	0
1	1	UID2229659	1	1	0	0
1	1	UID2229660	1	1	0	0
1	1	UID2229662	1	1	0	0
1	1	UID2229663	1	1	0	0
1	1	UID2229664	1	1	0	0
1	1	UID2229665	1	1	0	0
1	1	UID2229667	1	1	0	0
1	1	UID2229668	1	1	0	0
1	1	UID2229669	1	1	0	0
1	1	UID2229672	1	1	0	0
1	1	UID2229674	1	1	0	0
1	1	UID2229675	1	1	0	0
1	1	UID2229676	1	1	0	0
1	1	UID2229677	1	1	0	0
1	1	UID2229678	1	1	0	0
1	1	UID2229679	1	1	0	0
1	1	UID2229680	1	1	0	0
1	1	UID2229686	1	1	0	0
1	1	UID2229689	1	1	0	0
1	1	UID2229693	1	1	0	0
1	1	UID2229694	1	1	0	0
1	1	UID2229695	1	1	0	0
1	1	UID2229696	1	1	0	0
1	1	UID2229697	1	1	0	0
1	1	UID2229698	1	1	0	0
1	1	UID2229699	1	1	0	0
1	1	UID2229700	1	1	0	0
1	1	UID2229701	1	1	0	0
1	1	UID2229702	1	1	0	0
1	1	UID2229703	1	1	0	0
1	1	UID2229704	1	1	0	0
1	1	UID2229706	1	1	0	0
1	1	UID2229707	1	1	0	0
1	1	UID2229708	1	1	0	0
1	1	UID2229709	1	1	0	0
1	1	UID2229711	1	1	0	0
1	1	UID2229717	1	1	0	0
1	1	UID2229718	1	1	0	0
1	1	UID2229719	1	1	0	0
1	1	UID2229730	1	1	0	0
1	1	UID2229731	1	1	0	0
1	1	UID2229732	1	1	0	0
1	1	UID2229735	1	1	0	0
1	1	UID2229736	1	1	0	0
1	1	UID2229737	1	1	0	0
1	1	UID2229738	1	1	0	0
1	1	UID2229739	1	1	0	0
1	1	UID2229740	1	1	0	0
1	1	UID2229741	1	1	0	0
1	1	UID2229742	1	1	0	0
1	1	UID2229743	1	1	0	0
1	1	UID2229744	1	1	0	0
1	1	UID2229745	1	1	0	0
1	1	UID2229746	1	1	0	0
1	1	UID2229747	1	1	0	0
1	1	UID2229748	1	1	0	0
1	1	UID2229749	1	1	0	0
1	1	UID2229750	1	1	0	0
1	1	UID2229751	1	1	0	0
1	1	UID2229752	1	1	0	0
2	2	UID2229754	1	2	1	1
1	1	UID2229756	1	1	0	0
1	1	UID2229758	1	1	0	0
1	1	UID2229763	1	1	0	0
1	1	UID2229764	1	1	0	0
1	1	UID2229768	1	1	0	0
1	1	UID2229769	1	1	0	0
1	1	UID2229772	1	1	0	0
1	1	UID2229773	1	1	0	0
1	1	UID2229783	1	1	0	0
1	1	UID2229788	1	1	0	0
1	1	UID2229789	1	1	0	0
1	1	UID2229791	1	1	0	0
1	1	UID2229793	1	1	0	0
1	1	UID2229797	1	1	0	0
1	1	UID2229798	1	1	0	0
1	1	UID2229801	1	1	0	0
1	1	UID2229803	1	1	0	0
1	1	UID2229804	1	1	0	0
1	1	UID2229805	1	1	0	0
1	1	UID2229807	1	1	0	0
1	1	UID2229809	1	1	0	0
1	1	UID2229810	1	1	0	0
1	1	UID2229811	1	1	0	0
1	1	UID2229812	1	1	0	0
1	1	UID2229813	1	1	0	0
1	1	UID2229814	1	1	0	0
1	1	UID2229816	1	1	0	0
1	1	UID2229818	1	1	0	0
1	1	UID2229819	1	1	0	0
1	1	UID2229820	1	1	0	0
1	1	UID2229821	1	1	0	0
1	1	UID2229830	1	1	0	0
1	1	UID2229832	1	1	0	0
1	1	UID2229835	1	1	0	0
1	1	UID2229846	1	1	0	0
1	1	UID2229856	1	1	0	0
1	1	UID2229857	1	1	0	0
1	1	UID2229858	1	1	0	0
1	1	UID2229859	1	1	0	0
1	1	UID2229868	1	1	0	0
1	1	UID2229877	1	1	0	0
1	1	UID2229878	1	1	0	0
1	1	UID2229882	1	1	0	0
1	1	UID2229883	1	1	0	0
1	1	UID2229894	1	1	0	0
1	1	UID2229903	1	1	0	0
1	1	UID2229904	1	1	0	0
1	1	UID2229906	1	1	0	0
1	1	UID2229907	1	1	0	0
1	1	UID2229908	1	1	0	0
1	1	UID2229909	1	1	0	0
1	1	UID2229910	1	1	0	0
1	1	UID2229914	1	1	0	0
1	1	UID2229916	1	1	0	0
1	1	UID2229928	1	1	0	0
1	1	UID2229929	1	1	0	0
1	1	UID2229934	1	1	0	0
1	1	UID2229936	1	1	0	0
1	1	UID2229937	1	1	0	0
1	1	UID2229940	1	1	0	0
1	1	UID2229943	1	1	0	0
1	1	UID2229946	1	1	0	0
1	1	UID2229957	1	1	0	0
1	1	UID2229959	1	1	0	0
1	1	UID2229960	1	1	0	0
1	1	UID2229963	1	1	0	0
1	1	UID2229964	1	1	0	0
1	1	UID2229970	1	1	0	0
1	1	UID2229971	1	1	0	0
1	1	UID2229972	1	1	0	0
1	1	UID2229973	1	1	0	0
1	1	UID2229974	1	1	0	0
1	1	UID2229975	1	1	0	0
1	1	UID2229977	1	1	0	0
1	1	UID2229980	1	1	0	0
1	1	UID2229982	1	1	0	0
1	1	UID2229983	1	1	0	0
1	1	UID2229984	1	1	0	0
1	1	UID2229985	1	1	0	0
1	1	UID2229996	1	1	0	0
1	1	UID2229998	1	1	0	0
1	1	UID2230001	1	1	0	0
1	1	UID2230002	1	1	0	0
1	1	UID2230003	1	1	0	0
1	1	UID2230005	1	1	0	0
1	1	UID2230007	1	1	0	0
1	1	UID2230008	1	1	0	0
1	1	UID2230009	1	1	0	0
1	1	UID2230010	1	1	0	0
1	1	UID2230014	1	1	0	0
1	1	UID2230016	1	1	0	0
1	1	UID2230018	1	1	0	0
1	1	UID2230019	1	1	0	0
1	1	UID2230020	1	1	0	0
1	1	UID2230023	1	1	0	0
1	1	UID2230024	1	1	0	0
1	1	UID2230025	1	1	0	0
1	1	UID2230030	1	1	0	0
1	1	UID2230032	1	1	0	0
1	1	UID2230034	1	1	0	0
1	1	UID2230035	1	1	0	0
1	1	UID2230038	1	1	0	0
1	1	UID2230039	1	1	0	0
1	1	UID2230042	1	1	0	0
1	1	UID2230043	1	1	0	0
1	1	UID2230044	1	1	0	0
1	1	UID2230045	1	1	0	0
1	1	UID2230047	1	1	0	0
1	1	UID2230048	1	1	0	0
1	1	UID2230050	1	1	0	0
1	1	UID2230057	1	1	0	0
1	1	UID2230058	1	1	0	0
1	1	UID2230059	1	1	0	0
1	1	UID2230066	1	1	0	0
1	1	UID2230067	1	1	0	0
1	1	UID2230068	1	1	0	0
1	1	UID2230069	1	1	0	0
1	1	UID2230070	1	1	0	0
1	1	UID2230071	1	1	0	0
1	1	UID2230072	1	1	0	0
1	1	UID2230073	1	1	0	0
1	1	UID2230074	1	1	0	0
1	1	UID2230075	1	1	0	0
1	1	UID2230077	1	1	0	0
1	1	UID2230081	1	1	0	0
1	1	UID2230088	1	1	0	0
1	1	UID2230089	1	1	0	0
1	1	UID2230090	1	1	0	0
1	1	UID2230091	1	1	0	0
1	1	UID2230093	1	1	0	0
1	1	UID2230096	1	1	0	0
1	1	UID2230100	1	1	0	0
1	1	UID2230101	1	1	0	0
1	1	UID2230107	1	1	0	0
1	1	UID2230111	1	1	0	0
1	1	UID2230112	1	1	0	0
1	1	UID2230120	1	1	0	0
1	1	UID2230125	1	1	0	0
1	1	UID2230126	1	1	0	0
1	1	UID2230127	1	1	0	0
1	1	UID2230131	1	1	0	0
1	1	UID2230132	1	1	0	0
1	1	UID2230133	1	1	0	0
1	1	UID2230134	1	1	0	0
1	1	UID2230135	1	1	0	0
1	1	UID2230136	1	1	0	0
1	1	UID2230137	1	1	0	0
1	1	UID2230145	1	1	0	0
1	1	UID2230147	1	1	0	0
1	1	UID2230148	1	1	0	0
1	1	UID2230150	1	1	0	0
1	1	UID2230152	1	1	0	0
1	1	UID2230153	1	1	0	0
1	1	UID2230161	1	1	0	0
1	1	UID2230172	1	1	0	0
1	1	UID2230173	1	1	0	0
1	1	UID2230174	1	1	0	0
1	1	UID2230177	1	1	0	0
1	1	UID2230178	1	1	0	0
1	1	UID2230180	1	1	0	0
1	1	UID2230181	1	1	0	0
1	1	UID2230187	1	1	0	0
1	1	UID2230188	1	1	0	0
1	1	UID2230195	1	1	0	0
1	1	UID2230198	1	1	0	0
1	1	UID2230200	1	1	0	0
1	1	UID2230201	1	1	0	0
1	1	UID2230205	1	1	0	0
1	1	UID2230215	1	1	0	0
1	1	UID2230216	1	1	0	0
1	1	UID2230225	1	1	0	0
1	1	UID2230226	1	1	0	0
1	1	UID2230227	1	1	0	0
1	1	UID2230228	1	1	0	0
1	1	UID2230229	1	1	0	0
1	1	UID2230231	1	1	0	0
1	1	UID2230233	1	1	0	0
1	1	UID2230236	1	1	0	0
1	1	UID2230242	1	1	0	0
1	1	UID2230243	1	1	0	0
1	1	UID2230244	1	1	0	0
1	1	UID2230245	1	1	0	0
1	1	UID2230246	1	1	0	0
1	1	UID2230247	1	1	0	0
1	1	UID2230250	1	1	0	0
1	1	UID2230263	1	1	0	0
1	1	UID2230265	1	1	0	0
1	1	UID2230268	1	1	0	0
1	1	UID2230269	1	1	0	0
1	1	UID2230271	1	1	0	0
1	1	UID2230272	1	1	0	0
1	1	UID2230276	1	1	0	0
1	1	UID2230279	1	1	0	0
1	1	UID2230282	1	1	0	0
1	1	UID2230285	1	1	0	0
1	1	UID2230286	1	1	0	0
1	1	UID2230287	1	1	0	0
1	1	UID2230290	1	1	0	0
1	1	UID2230291	1	1	0	0
1	1	UID2230292	1	1	0	0
1	1	UID2230293	1	1	0	0
1	1	UID2230296	1	1	0	0
1	1	UID2230304	1	1	0	0
1	1	UID2230307	1	1	0	0
1	1	UID2230310	1	1	0	0
1	1	UID2230311	1	1	0	0
1	1	UID2230312	1	1	0	0
1	1	UID2230314	1	1	0	0
1	1	UID2230315	1	1	0	0
1	1	UID2230316	1	1	0	0
1	1	UID2230325	1	1	0	0
1	1	UID2230326	1	1	0	0
1	1	UID2230329	1	1	0	0
1	1	UID2230330	1	1	0	0
1	1	UID2230331	1	1	0	0
1	1	UID2230343	1	1	0	0
1	1	UID2230345	1	1	0	0
1	1	UID2230347	1	1	0	0
1	1	UID2230348	1	1	0	0
1	1	UID2230351	1	1	0	0
1	1	UID2230353	1	1	0	0
1	1	UID2230354	1	1	0	0
1	1	UID2230356	1	1	0	0
1	1	UID2230357	1	1	0	0
1	1	UID2230358	1	1	0	0
1	1	UID2230359	1	1	0	0
1	1	UID2230363	1	1	0	0
1	1	UID2230367	1	1	0	0
1	1	UID2230368	1	1	0	0
1	1	UID2230372	1	1	0	0
1	1	UID2230380	1	1	0	0
1	1	UID2230381	1	1	0	0
1	1	UID2230382	1	1	0	0
1	1	UID2230383	1	1	0	0
1	1	UID2230386	1	1	0	0
1	1	UID2230388	1	1	0	0
1	1	UID2230390	1	1	0	0
1	1	UID2230392	1	1	0	0
1	1	UID2230399	1	1	0	0
1	1	UID2230400	1	1	0	0
1	1	UID2230401	1	1	0	0
1	1	UID2230402	1	1	0	0
1	1	UID2230403	1	1	0	0
1	1	UID2230404	1	1	0	0
1	1	UID2230407	1	1	0	0
1	1	UID2230409	1	1	0	0
1	1	UID2230411	1	1	0	0
1	1	UID2230412	1	1	0	0
1	1	UID2230413	1	1	0	0
1	1	UID2230414	1	1	0	0
1	1	UID2230424	1	1	0	0
1	1	UID2230427	1	1	0	0
1	1	UID2230429	1	1	0	0
1	1	UID2230430	1	1	0	0
1	1	UID2230436	1	1	0	0
1	1	UID2230438	1	1	0	0
1	1	UID2230439	1	1	0	0
1	1	UID2230440	1	1	0	0
1	1	UID2230444	1	1	0	0
1	1	UID2230447	1	1	0	0
1	1	UID2230451	1	1	0	0
1	1	UID2230453	1	1	0	0
1	1	UID2230459	1	1	0	0
1	1	UID2230461	1	1	0	0
1	1	UID2230463	1	1	0	0
1	1	UID2230465	1	1	0	0
1	1	UID2230467	1	1	0	0
1	1	UID2230468	1	1	0	0
1	1	UID2230469	1	1	0	0
1	1	UID2230472	1	1	0	0
1	1	UID2230473	1	1	0	0
1	1	UID2230474	1	1	0	0
1	1	UID2230481	1	1	0	0
1	1	UID2230490	1	1	0	0
1	1	UID2230491	1	1	0	0
1	1	UID2230495	1	1	0	0
1	1	UID2230497	1	1	0	0
1	1	UID2230499	1	1	0	0
1	1	UID2230501	1	1	0	0
1	1	UID2230502	1	1	0	0
1	1	UID2230504	1	1	0	0
1	1	UID2230507	1	1	0	0
1	1	UID2230514	1	1	0	0
1	1	UID2230516	1	1	0	0
1	1	UID2230518	1	1	0	0
1	1	UID2230521	1	1	0	0
1	1	UID2230524	1	1	0	0
1	1	UID2230527	1	1	0	0
1	1	UID2230529	1	1	0	0
1	1	UID2230530	1	1	0	0
1	1	UID2230531	1	1	0	0
1	1	UID2230533	1	1	0	0
1	1	UID2230534	1	1	0	0
1	1	UID2230535	1	1	0	0
1	1	UID2230540	1	1	0	0
1	1	UID2230541	1	1	0	0
1	1	UID2230543	1	1	0	0
1	1	UID2230545	1	1	0	0
1	1	UID2230548	1	1	0	0
1	1	UID2230551	1	1	0	0
1	1	UID2230557	1	1	0	0
1	1	UID2230564	1	1	0	0
1	1	UID2230566	1	1	0	0
1	1	UID2230567	1	1	0	0
1	1	UID2230568	1	1	0	0
1	1	UID2230569	1	1	0	0
1	1	UID2230570	1	1	0	0
1	1	UID2230571	1	1	0	0
1	1	UID2230572	1	1	0	0
1	1	UID2230573	1	1	0	0
1	1	UID2230574	1	1	0	0
1	1	UID2230577	1	1	0	0
1	1	UID2230580	1	1	0	0
1	1	UID2230582	1	1	0	0
1	1	UID2230587	1	1	0	0
1	1	UID2230590	1	1	0	0
1	1	UID2230601	1	1	0	0
1	1	UID2230604	1	1	0	0
1	1	UID2230605	1	1	0	0
1	1	UID2230606	1	1	0	0
1	1	UID2230608	1	1	0	0
1	1	UID2230609	1	1	0	0
1	1	UID2230611	1	1	0	0
1	1	UID2230613	1	1	0	0
1	1	UID2230620	1	1	0	0
1	1	UID2230625	1	1	0	0
1	1	UID2230626	1	1	0	0
1	1	UID2230627	1	1	0	0
1	1	UID2230628	1	1	0	0
1	1	UID2230639	1	1	0	0
1	1	UID2230643	1	1	0	0
1	1	UID2230647	1	1	0	0
1	1	UID2230651	1	1	0	0
1	1	UID2230652	1	1	0	0
1	1	UID2230655	1	1	0	0
1	1	UID2230660	1	1	0	0
1	1	UID2230661	1	1	0	0
1	1	UID2230662	1	1	0	0
1	1	UID2230665	1	1	0	0
1	1	UID2230667	1	1	0	0
1	1	UID2230668	1	1	0	0
1	1	UID2230669	1	1	0	0
1	1	UID2230671	1	1	0	0
1	1	UID2230672	1	1	0	0
1	1	UID2230673	1	1	0	0
1	1	UID2230676	1	1	0	0
1	1	UID2230678	1	1	0	0
1	1	UID2230681	1	1	0	0
1	1	UID2230683	1	1	0	0
1	1	UID2230685	1	1	0	0
1	1	UID2230689	1	1	0	0
1	1	UID2230692	1	1	0	0
1	1	UID2230694	1	1	0	0
1	1	UID234392	1	1	0	0
1	1	UID246966	1	1	0	0
1	1	UID25123	1	1	0	0
1	1	UID252104	1	1	0	0
1	1	UID259722	1	1	0	0
2	2	UID335330	1	2	1	1
1	1	UID439	1	1	0	0
1	1	UID440	1	1	0	0
1	1	UID442	1	1	0	0
1	1	UID45483	1	1	0	0
1	1	UID456133	1	1	0	0
1	1	UID5023	1	1	0	0
1	1	UID53416	1	1	0	0
1	1	UID53422	1	1	0	0
1	1	UID53763	1	1	0	0
1	1	UID58779	1	1	0	0
1	1	UID600	1	1	0	0
1	1	UID691448	1	1	0	0
1	1	UID76714	1	1	0	0
1	1	UID808017	1	1	0	0
1	1	UID814484	1	1	0	0
1	1	UID8147	1	1	0	0
1	1	UID8181	1	1	0	0
1	1	UID822	1	1	0	0
1	1	UID8282	1	1	0	0
1	1	UID843031	1	1	0	0
1	1	UID8669	1	1	0	0
1	1	UID898	1	1	0	0
1	1	UID924	1	1	0	0
1	1	UID925	1	1	0	0
1	1	UID952275	1	1	0	0
1	1	UID988979	1	1	0	0
1	1	UID989909	1	1	0	0
