3707	24090	UID1	13090	3092	7	7
843	2333	UID779	986	635	5	5
653	1560	UID77	658	537	6	6
366	1092	UID2	505	270	4	4
427	926	UID553	351	354	3	3
360	816	UID1443	344	301	3	3
57	115	UID8087	57	54	2	2
43	101	UID99	56	40	2	2
37	84	UID72	46	34	2	2
25	71	UID138	45	22	2	2
38	83	UID94	45	36	2	2
110	231	UID37650	44	102	3	3
49	104	UID85	41	45	3	3
39	79	UID29	40	37	2	2
19	57	UID149	38	17	2	2
37	75	UID189	36	33	2	2
43	84	UID202764	36	39	3	3
45	79	UID310	35	44	1	1
28	62	UID207	32	24	1	1
33	63	UID157	30	31	2	2
24	53	UID115	29	22	1	1
23	50	UID146	28	22	1	1
17	47	UID208	28	13	1	1
23	49	UID108	26	21	1	1
24	51	UID228	26	21	1	1
20	45	UID84	26	19	1	1
38	66	UID8924	25	34	3	3
35	58	UID131	24	34	2	2
23	44	UID122	22	22	2	2
10	30	UID221	21	9	1	1
19	38	UID180	20	18	1	1
12	28	UID18916	17	11	2	2
20	37	UID194	17	18	1	1
16	32	UID206	17	15	2	2
23	39	UID242	16	21	1	1
9	24	UID248	16	8	1	1
15	31	UID303	16	13	1	1
7	21	UID247	15	6	1	1
15	30	UID294	15	13	1	1
13	27	UID440	15	12	1	1
10	23	UID158	14	9	1	1
71	116	UID160375	13	64	4	4
12	24	UID173	13	11	2	2
15	27	UID18	13	14	1	1
10	22	UID352	13	9	1	1
23	38	UID1441151	12	20	2	2
9	20	UID375	12	8	1	1
4	16	UID685	12	2	1	1
12	22	UID22	11	11	1	1
7	17	UID376	11	6	1	1
7	17	UID610	11	6	1	1
23	33	UID653	11	22	2	2
9	19	UID843	11	8	1	1
24	33	UID299029	9	22	2	2
5	12	UID179	8	4	1	1
13	20	UID374	8	12	1	1
6	13	UID606	8	5	1	1
6	12	UID4054	7	5	1	1
6	11	UID1328	6	5	1	1
4	9	UID29452	6	3	1	1
5	10	UID525	6	4	1	1
4	9	UID5493	6	3	1	1
9	14	UID5540	6	8	1	1
7	12	UID5543	6	6	1	1
6	11	UID611	6	5	1	1
3	7	UID165947	5	2	1	1
4	8	UID37773	5	3	1	1
4	8	UID441	5	3	1	1
5	11	UID5500	5	3	1	1
9	13	UID703	5	8	1	1
38	46	UID17	4	34	4	4
2	5	UID4023	4	1	1	1
9	12	UID497	4	8	1	1
5	7	UID10066	3	4	1	1
3	5	UID10408	3	2	1	1
6	8	UID1350	3	5	1	1
1	3	UID154506	3	0	0	0
5	7	UID202759	3	4	3	3
3	5	UID27249	3	2	1	1
1	3	UID293	3	0	0	0
4	6	UID327	3	3	1	1
3	5	UID430965	3	2	1	1
1	3	UID521	3	0	0	0
2	4	UID522	3	1	0	0
17	21	UID554	3	14	3	3
3	5	UID5704	3	2	1	1
1	3	UID744	3	0	0	0
9	11	UID8021	3	8	2	2
4	6	UID808	3	3	1	1
5	7	UID915	3	4	1	1
12	14	UID961	3	11	2	2
3	4	UID161015	2	2	1	1
6	7	UID18474	2	5	2	2
3	4	UID185924	2	2	2	2
4	5	UID196	2	3	1	1
5	7	UID30035	2	3	2	2
7	8	UID33723	2	6	2	2
2	3	UID366353	2	1	1	1
2	3	UID394	2	1	1	1
4	5	UID412	2	3	1	1
4	6	UID580	2	2	1	1
4	5	UID609	2	3	1	1
2	3	UID701	2	1	1	1
2	3	UID705	2	1	1	1
3	4	UID7616	2	2	1	1
4	5	UID912	2	3	1	1
4	5	UID928	2	3	1	1
2	2	UID1004	1	2	1	1
6	6	UID104350	1	6	1	1
1	1	UID104670	1	1	0	0
1	1	UID1107791	1	1	0	0
1	1	UID112551	1	1	0	0
1	1	UID112812	1	1	0	0
5	5	UID1167135	1	5	2	2
2	2	UID118038	1	2	1	1
2	2	UID120724	1	2	1	1
1	1	UID121662	1	1	0	0
1	1	UID1225445	1	1	0	0
3	3	UID135079	1	3	1	1
1	1	UID1364525	1	1	0	0
2	2	UID1441153	1	2	1	1
1	1	UID1443081	1	1	0	0
4	4	UID1445	1	4	1	1
1	1	UID1449062	1	1	0	0
1	1	UID1449064	1	1	0	0
1	1	UID1449075	1	1	0	0
1	1	UID1449077	1	1	0	0
1	1	UID1449080	1	1	0	0
1	1	UID1449086	1	1	0	0
1	1	UID1449087	1	1	0	0
1	1	UID1449088	1	1	0	0
1	1	UID1449094	1	1	0	0
1	1	UID1449116	1	1	0	0
1	1	UID1449117	1	1	0	0
1	1	UID1449118	1	1	0	0
1	1	UID1449123	1	1	0	0
1	1	UID1449124	1	1	0	0
1	1	UID1449125	1	1	0	0
1	1	UID1449131	1	1	0	0
1	1	UID1449151	1	1	0	0
1	1	UID1449155	1	1	0	0
1	1	UID1449157	1	1	0	0
1	1	UID1449159	1	1	0	0
1	1	UID1449169	1	1	0	0
1	1	UID1449174	1	1	0	0
1	1	UID1449183	1	1	0	0
1	1	UID1449184	1	1	0	0
1	1	UID1449185	1	1	0	0
1	1	UID1449186	1	1	0	0
1	1	UID1449187	1	1	0	0
1	1	UID1449194	1	1	0	0
1	1	UID1449196	1	1	0	0
1	1	UID1449197	1	1	0	0
1	1	UID1449201	1	1	0	0
1	1	UID1449206	1	1	0	0
1	1	UID1449210	1	1	0	0
1	1	UID1449213	1	1	0	0
1	1	UID1449215	1	1	0	0
1	1	UID1449218	1	1	0	0
1	1	UID1449223	1	1	0	0
1	1	UID1449233	1	1	0	0
1	1	UID1449239	1	1	0	0
1	1	UID1449241	1	1	0	0
1	1	UID1449250	1	1	0	0
1	1	UID1449256	1	1	0	0
1	1	UID1449257	1	1	0	0
1	1	UID1449266	1	1	0	0
1	1	UID1449272	1	1	0	0
1	1	UID1449280	1	1	0	0
1	1	UID1449288	1	1	0	0
1	1	UID1449312	1	1	0	0
1	1	UID1449321	1	1	0	0
1	1	UID1449323	1	1	0	0
1	1	UID1449330	1	1	0	0
1	1	UID1449331	1	1	0	0
1	1	UID1449335	1	1	0	0
1	1	UID1449336	1	1	0	0
1	1	UID1449341	1	1	0	0
1	1	UID1449342	1	1	0	0
1	1	UID1449344	1	1	0	0
1	1	UID1449345	1	1	0	0
1	1	UID1449347	1	1	0	0
1	1	UID1449351	1	1	0	0
1	1	UID1449354	1	1	0	0
1	1	UID1449362	1	1	0	0
1	1	UID1449368	1	1	0	0
1	1	UID1449369	1	1	0	0
1	1	UID1449371	1	1	0	0
1	1	UID1449383	1	1	0	0
1	1	UID1449388	1	1	0	0
1	1	UID1449389	1	1	0	0
1	1	UID1449391	1	1	0	0
1	1	UID1449424	1	1	0	0
1	1	UID1449426	1	1	0	0
1	1	UID1449429	1	1	0	0
1	1	UID1449430	1	1	0	0
1	1	UID1449431	1	1	0	0
1	1	UID1449433	1	1	0	0
1	1	UID1449459	1	1	0	0
1	1	UID1449463	1	1	0	0
1	1	UID1449464	1	1	0	0
1	1	UID1449465	1	1	0	0
1	1	UID1449466	1	1	0	0
1	1	UID1449468	1	1	0	0
1	1	UID1449478	1	1	0	0
1	1	UID1449483	1	1	0	0
1	1	UID1449484	1	1	0	0
1	1	UID1449493	1	1	0	0
1	1	UID1449494	1	1	0	0
1	1	UID1449496	1	1	0	0
1	1	UID1449497	1	1	0	0
1	1	UID1449498	1	1	0	0
1	1	UID1449500	1	1	0	0
1	1	UID1449501	1	1	0	0
1	1	UID1449502	1	1	0	0
1	1	UID1449522	1	1	0	0
1	1	UID1449523	1	1	0	0
1	1	UID1449525	1	1	0	0
1	1	UID1449534	1	1	0	0
1	1	UID1449537	1	1	0	0
1	1	UID1449538	1	1	0	0
1	1	UID1449539	1	1	0	0
1	1	UID1449540	1	1	0	0
1	1	UID1449544	1	1	0	0
1	1	UID1449545	1	1	0	0
1	1	UID1449550	1	1	0	0
1	1	UID1449551	1	1	0	0
1	1	UID1449563	1	1	0	0
1	1	UID1449567	1	1	0	0
1	1	UID1449570	1	1	0	0
1	1	UID1449574	1	1	0	0
1	1	UID1449576	1	1	0	0
1	1	UID1449577	1	1	0	0
1	1	UID1449599	1	1	0	0
1	1	UID1449605	1	1	0	0
1	1	UID1449615	1	1	0	0
1	1	UID1449617	1	1	0	0
1	1	UID1449628	1	1	0	0
1	1	UID1449630	1	1	0	0
1	1	UID1449631	1	1	0	0
1	1	UID1449635	1	1	0	0
1	1	UID1449645	1	1	0	0
1	1	UID1449648	1	1	0	0
1	1	UID1449650	1	1	0	0
1	1	UID1449652	1	1	0	0
1	1	UID1449654	1	1	0	0
1	1	UID1449659	1	1	0	0
1	1	UID1449662	1	1	0	0
1	1	UID1449663	1	1	0	0
1	1	UID1449668	1	1	0	0
1	1	UID1449671	1	1	0	0
1	1	UID1449673	1	1	0	0
1	1	UID1449689	1	1	0	0
1	1	UID1449694	1	1	0	0
1	1	UID1449699	1	1	0	0
1	1	UID1449700	1	1	0	0
1	1	UID1449702	1	1	0	0
1	1	UID1449703	1	1	0	0
1	1	UID1449704	1	1	0	0
1	1	UID1449706	1	1	0	0
1	1	UID1449708	1	1	0	0
1	1	UID1449711	1	1	0	0
1	1	UID1449712	1	1	0	0
1	1	UID1449720	1	1	0	0
1	1	UID1449727	1	1	0	0
1	1	UID1449734	1	1	0	0
1	1	UID1449740	1	1	0	0
1	1	UID1449758	1	1	0	0
1	1	UID1449759	1	1	0	0
1	1	UID1449764	1	1	0	0
1	1	UID1449765	1	1	0	0
1	1	UID1449768	1	1	0	0
1	1	UID1449773	1	1	0	0
1	1	UID1449782	1	1	0	0
1	1	UID1449783	1	1	0	0
1	1	UID1449788	1	1	0	0
1	1	UID1449809	1	1	0	0
1	1	UID1449828	1	1	0	0
1	1	UID1449834	1	1	0	0
1	1	UID1449837	1	1	0	0
1	1	UID1449848	1	1	0	0
1	1	UID1449853	1	1	0	0
1	1	UID1449863	1	1	0	0
1	1	UID1449865	1	1	0	0
1	1	UID1449868	1	1	0	0
1	1	UID1449871	1	1	0	0
1	1	UID1449891	1	1	0	0
1	1	UID1449892	1	1	0	0
1	1	UID1449904	1	1	0	0
1	1	UID1449906	1	1	0	0
1	1	UID1449910	1	1	0	0
1	1	UID1449921	1	1	0	0
1	1	UID1449922	1	1	0	0
1	1	UID1449926	1	1	0	0
1	1	UID1449932	1	1	0	0
1	1	UID1449944	1	1	0	0
1	1	UID1449962	1	1	0	0
1	1	UID1449963	1	1	0	0
1	1	UID1449964	1	1	0	0
1	1	UID1449971	1	1	0	0
1	1	UID1449977	1	1	0	0
1	1	UID1449979	1	1	0	0
1	1	UID1449981	1	1	0	0
1	1	UID1449992	1	1	0	0
1	1	UID1449995	1	1	0	0
1	1	UID1450003	1	1	0	0
1	1	UID1450004	1	1	0	0
1	1	UID1450007	1	1	0	0
1	1	UID1450008	1	1	0	0
1	1	UID1450014	1	1	0	0
1	1	UID1450015	1	1	0	0
1	1	UID1450018	1	1	0	0
1	1	UID1450022	1	1	0	0
1	1	UID1450024	1	1	0	0
1	1	UID1450038	1	1	0	0
1	1	UID1450039	1	1	0	0
1	1	UID1450054	1	1	0	0
1	1	UID1450063	1	1	0	0
1	1	UID1450065	1	1	0	0
1	1	UID1450076	1	1	0	0
1	1	UID1450082	1	1	0	0
1	1	UID1450096	1	1	0	0
1	1	UID1450099	1	1	0	0
1	1	UID1450100	1	1	0	0
1	1	UID1450101	1	1	0	0
1	1	UID1450104	1	1	0	0
1	1	UID1450105	1	1	0	0
1	1	UID1450106	1	1	0	0
1	1	UID1450109	1	1	0	0
1	1	UID1450116	1	1	0	0
1	1	UID1450118	1	1	0	0
1	1	UID1450120	1	1	0	0
1	1	UID1450123	1	1	0	0
1	1	UID1450125	1	1	0	0
1	1	UID1450132	1	1	0	0
1	1	UID1450153	1	1	0	0
1	1	UID1450156	1	1	0	0
1	1	UID1450158	1	1	0	0
1	1	UID1450201	1	1	0	0
1	1	UID1450358	1	1	0	0
1	1	UID1450371	1	1	0	0
1	1	UID1450417	1	1	0	0
1	1	UID1450420	1	1	0	0
1	1	UID1450449	1	1	0	0
1	1	UID1450452	1	1	0	0
1	1	UID1450453	1	1	0	0
1	1	UID1450455	1	1	0	0
1	1	UID1450457	1	1	0	0
1	1	UID1450459	1	1	0	0
1	1	UID1450466	1	1	0	0
1	1	UID1450467	1	1	0	0
1	1	UID1450469	1	1	0	0
1	1	UID1450473	1	1	0	0
1	1	UID1450480	1	1	0	0
1	1	UID1450481	1	1	0	0
1	1	UID1450482	1	1	0	0
1	1	UID1450483	1	1	0	0
1	1	UID1450484	1	1	0	0
1	1	UID1450485	1	1	0	0
1	1	UID1450486	1	1	0	0
1	1	UID1450487	1	1	0	0
1	1	UID1450488	1	1	0	0
1	1	UID1450489	1	1	0	0
1	1	UID1450490	1	1	0	0
1	1	UID1450492	1	1	0	0
1	1	UID1450494	1	1	0	0
1	1	UID1450495	1	1	0	0
1	1	UID1450496	1	1	0	0
1	1	UID1450497	1	1	0	0
1	1	UID1450498	1	1	0	0
1	1	UID1450499	1	1	0	0
1	1	UID1450517	1	1	0	0
1	1	UID1450518	1	1	0	0
1	1	UID1450519	1	1	0	0
1	1	UID1450520	1	1	0	0
1	1	UID1450521	1	1	0	0
1	1	UID1450522	1	1	0	0
1	1	UID1450523	1	1	0	0
1	1	UID1450524	1	1	0	0
1	1	UID1450528	1	1	0	0
1	1	UID1450535	1	1	0	0
1	1	UID1450536	1	1	0	0
1	1	UID1450542	1	1	0	0
1	1	UID1450543	1	1	0	0
1	1	UID1450553	1	1	0	0
1	1	UID1450558	1	1	0	0
1	1	UID1450566	1	1	0	0
1	1	UID1450567	1	1	0	0
1	1	UID1450571	1	1	0	0
1	1	UID1450577	1	1	0	0
1	1	UID1450597	1	1	0	0
1	1	UID1450598	1	1	0	0
1	1	UID1450614	1	1	0	0
1	1	UID1450616	1	1	0	0
1	1	UID1450622	1	1	0	0
1	1	UID1450624	1	1	0	0
1	1	UID1450625	1	1	0	0
1	1	UID1450626	1	1	0	0
1	1	UID1450635	1	1	0	0
1	1	UID1450638	1	1	0	0
1	1	UID1450639	1	1	0	0
1	1	UID1450651	1	1	0	0
1	1	UID1450680	1	1	0	0
1	1	UID1450682	1	1	0	0
1	1	UID1450687	1	1	0	0
1	1	UID1450688	1	1	0	0
1	1	UID1450703	1	1	0	0
1	1	UID1450704	1	1	0	0
1	1	UID1450713	1	1	0	0
1	1	UID1450714	1	1	0	0
1	1	UID1450718	1	1	0	0
1	1	UID1450721	1	1	0	0
1	1	UID1450734	1	1	0	0
1	1	UID1450735	1	1	0	0
1	1	UID1450756	1	1	0	0
1	1	UID1450763	1	1	0	0
1	1	UID1450770	1	1	0	0
1	1	UID1450773	1	1	0	0
1	1	UID1450775	1	1	0	0
1	1	UID1450777	1	1	0	0
1	1	UID1450788	1	1	0	0
1	1	UID1450802	1	1	0	0
1	1	UID1450819	1	1	0	0
1	1	UID1450832	1	1	0	0
1	1	UID1450835	1	1	0	0
1	1	UID1450856	1	1	0	0
1	1	UID1450870	1	1	0	0
1	1	UID1450887	1	1	0	0
1	1	UID1450906	1	1	0	0
1	1	UID1450907	1	1	0	0
1	1	UID1450920	1	1	0	0
1	1	UID1450924	1	1	0	0
1	1	UID1450925	1	1	0	0
1	1	UID1450930	1	1	0	0
1	1	UID1450945	1	1	0	0
1	1	UID1450951	1	1	0	0
1	1	UID1450953	1	1	0	0
1	1	UID1450955	1	1	0	0
1	1	UID1450956	1	1	0	0
1	1	UID1450957	1	1	0	0
1	1	UID1450958	1	1	0	0
1	1	UID1450959	1	1	0	0
1	1	UID1450960	1	1	0	0
1	1	UID1450962	1	1	0	0
1	1	UID1450963	1	1	0	0
1	1	UID1450967	1	1	0	0
1	1	UID1450971	1	1	0	0
1	1	UID1450985	1	1	0	0
1	1	UID1450986	1	1	0	0
1	1	UID1450991	1	1	0	0
1	1	UID1450994	1	1	0	0
1	1	UID1451007	1	1	0	0
1	1	UID1451008	1	1	0	0
1	1	UID1451021	1	1	0	0
1	1	UID1451023	1	1	0	0
1	1	UID1451024	1	1	0	0
1	1	UID1451025	1	1	0	0
1	1	UID1451029	1	1	0	0
1	1	UID1451030	1	1	0	0
1	1	UID1451031	1	1	0	0
1	1	UID1451038	1	1	0	0
5	5	UID1451042	1	5	2	2
1	1	UID1451048	1	1	0	0
1	1	UID1451050	1	1	0	0
1	1	UID1451074	1	1	0	0
1	1	UID1451079	1	1	0	0
1	1	UID1451089	1	1	0	0
1	1	UID1451091	1	1	0	0
1	1	UID1451095	1	1	0	0
1	1	UID1451097	1	1	0	0
1	1	UID1451108	1	1	0	0
1	1	UID1451110	1	1	0	0
1	1	UID1451111	1	1	0	0
1	1	UID1451112	1	1	0	0
1	1	UID1451117	1	1	0	0
1	1	UID1451119	1	1	0	0
1	1	UID1451125	1	1	0	0
1	1	UID1451130	1	1	0	0
1	1	UID1451133	1	1	0	0
1	1	UID1451138	1	1	0	0
1	1	UID1451140	1	1	0	0
1	1	UID1451143	1	1	0	0
1	1	UID1451151	1	1	0	0
1	1	UID1451156	1	1	0	0
1	1	UID1451157	1	1	0	0
1	1	UID1451162	1	1	0	0
1	1	UID1451170	1	1	0	0
1	1	UID1451172	1	1	0	0
1	1	UID1451175	1	1	0	0
1	1	UID1451176	1	1	0	0
1	1	UID1451178	1	1	0	0
1	1	UID1451183	1	1	0	0
1	1	UID1451184	1	1	0	0
1	1	UID1451188	1	1	0	0
1	1	UID1451190	1	1	0	0
1	1	UID1451195	1	1	0	0
1	1	UID1451199	1	1	0	0
1	1	UID1451200	1	1	0	0
1	1	UID1451202	1	1	0	0
1	1	UID1451207	1	1	0	0
1	1	UID1451209	1	1	0	0
1	1	UID1451214	1	1	0	0
1	1	UID1451216	1	1	0	0
1	1	UID1451221	1	1	0	0
1	1	UID1451230	1	1	0	0
1	1	UID1451231	1	1	0	0
1	1	UID1451237	1	1	0	0
1	1	UID1451241	1	1	0	0
1	1	UID1451243	1	1	0	0
1	1	UID1451245	1	1	0	0
1	1	UID1451248	1	1	0	0
1	1	UID1451253	1	1	0	0
1	1	UID1451255	1	1	0	0
1	1	UID1451260	1	1	0	0
1	1	UID1451274	1	1	0	0
1	1	UID1451275	1	1	0	0
1	1	UID1451276	1	1	0	0
1	1	UID1451277	1	1	0	0
1	1	UID1451285	1	1	0	0
1	1	UID1451291	1	1	0	0
1	1	UID1451292	1	1	0	0
1	1	UID1451312	1	1	0	0
1	1	UID1451314	1	1	0	0
1	1	UID1451320	1	1	0	0
1	1	UID1451323	1	1	0	0
1	1	UID1451335	1	1	0	0
1	1	UID1451340	1	1	0	0
1	1	UID1451346	1	1	0	0
1	1	UID1451347	1	1	0	0
1	1	UID1451357	1	1	0	0
1	1	UID1451371	1	1	0	0
1	1	UID1451372	1	1	0	0
1	1	UID1451381	1	1	0	0
1	1	UID1451383	1	1	0	0
1	1	UID1451389	1	1	0	0
1	1	UID1451390	1	1	0	0
1	1	UID1451391	1	1	0	0
1	1	UID1451392	1	1	0	0
1	1	UID1451395	1	1	0	0
1	1	UID1451399	1	1	0	0
1	1	UID1451403	1	1	0	0
1	1	UID1451407	1	1	0	0
1	1	UID1451409	1	1	0	0
1	1	UID1451412	1	1	0	0
1	1	UID1451415	1	1	0	0
1	1	UID1451419	1	1	0	0
1	1	UID1451421	1	1	0	0
1	1	UID1451432	1	1	0	0
1	1	UID1451441	1	1	0	0
1	1	UID1451444	1	1	0	0
1	1	UID1451448	1	1	0	0
1	1	UID1451449	1	1	0	0
1	1	UID1451450	1	1	0	0
1	1	UID1451455	1	1	0	0
1	1	UID1451457	1	1	0	0
1	1	UID1451458	1	1	0	0
1	1	UID1451459	1	1	0	0
1	1	UID1451460	1	1	0	0
1	1	UID1451462	1	1	0	0
1	1	UID1451467	1	1	0	0
1	1	UID1451473	1	1	0	0
1	1	UID1451486	1	1	0	0
1	1	UID1451545	1	1	0	0
1	1	UID1451554	1	1	0	0
1	1	UID1451562	1	1	0	0
1	1	UID1451571	1	1	0	0
4	4	UID1451572	1	4	2	2
1	1	UID1451575	1	1	0	0
1	1	UID1451577	1	1	0	0
1	1	UID1451605	1	1	0	0
1	1	UID1451610	1	1	0	0
1	1	UID1451615	1	1	0	0
1	1	UID1451616	1	1	0	0
1	1	UID1451629	1	1	0	0
1	1	UID1451661	1	1	0	0
1	1	UID1451667	1	1	0	0
1	1	UID1451668	1	1	0	0
1	1	UID1451669	1	1	0	0
1	1	UID1451673	1	1	0	0
1	1	UID1451674	1	1	0	0
1	1	UID1451676	1	1	0	0
1	1	UID1451677	1	1	0	0
1	1	UID1451679	1	1	0	0
1	1	UID1451681	1	1	0	0
1	1	UID1451683	1	1	0	0
1	1	UID1451684	1	1	0	0
1	1	UID1451686	1	1	0	0
1	1	UID1451696	1	1	0	0
1	1	UID1451697	1	1	0	0
1	1	UID1451699	1	1	0	0
1	1	UID1451701	1	1	0	0
1	1	UID1451708	1	1	0	0
1	1	UID1451709	1	1	0	0
1	1	UID1451711	1	1	0	0
1	1	UID1451717	1	1	0	0
1	1	UID1451722	1	1	0	0
1	1	UID1451726	1	1	0	0
1	1	UID1451747	1	1	0	0
1	1	UID1451757	1	1	0	0
1	1	UID1451759	1	1	0	0
1	1	UID1451760	1	1	0	0
1	1	UID1451762	1	1	0	0
1	1	UID1451763	1	1	0	0
1	1	UID1451764	1	1	0	0
1	1	UID1451768	1	1	0	0
1	1	UID1451769	1	1	0	0
1	1	UID1451773	1	1	0	0
1	1	UID1451777	1	1	0	0
1	1	UID1451792	1	1	0	0
1	1	UID1451795	1	1	0	0
1	1	UID1451798	1	1	0	0
1	1	UID1451820	1	1	0	0
1	1	UID1451830	1	1	0	0
1	1	UID1451840	1	1	0	0
1	1	UID1451903	1	1	0	0
1	1	UID1451911	1	1	0	0
1	1	UID1451917	1	1	0	0
5	5	UID1451920	1	5	2	2
1	1	UID1451925	1	1	0	0
1	1	UID1451929	1	1	0	0
1	1	UID1451930	1	1	0	0
1	1	UID1451931	1	1	0	0
1	1	UID1451957	1	1	0	0
1	1	UID1451961	1	1	0	0
1	1	UID1451963	1	1	0	0
1	1	UID1451971	1	1	0	0
1	1	UID1451982	1	1	0	0
1	1	UID1451988	1	1	0	0
1	1	UID1451989	1	1	0	0
1	1	UID1451990	1	1	0	0
1	1	UID1451993	1	1	0	0
1	1	UID1451994	1	1	0	0
1	1	UID1451996	1	1	0	0
1	1	UID1451999	1	1	0	0
1	1	UID1452001	1	1	0	0
1	1	UID1452004	1	1	0	0
1	1	UID1452012	1	1	0	0
1	1	UID1452021	1	1	0	0
1	1	UID1452022	1	1	0	0
1	1	UID1452023	1	1	0	0
1	1	UID1452025	1	1	0	0
1	1	UID1452026	1	1	0	0
1	1	UID1452027	1	1	0	0
1	1	UID1452029	1	1	0	0
1	1	UID1452037	1	1	0	0
1	1	UID1452038	1	1	0	0
1	1	UID1452048	1	1	0	0
1	1	UID1452054	1	1	0	0
1	1	UID1452060	1	1	0	0
1	1	UID1452065	1	1	0	0
1	1	UID1452066	1	1	0	0
1	1	UID1452072	1	1	0	0
1	1	UID1452075	1	1	0	0
1	1	UID1452088	1	1	0	0
1	1	UID1452092	1	1	0	0
1	1	UID1452106	1	1	0	0
1	1	UID1452115	1	1	0	0
2	2	UID1452116	1	2	1	1
1	1	UID1452119	1	1	0	0
1	1	UID1452121	1	1	0	0
1	1	UID1452129	1	1	0	0
1	1	UID1452132	1	1	0	0
1	1	UID1452135	1	1	0	0
1	1	UID1452137	1	1	0	0
1	1	UID1452138	1	1	0	0
1	1	UID1452142	1	1	0	0
1	1	UID1452148	1	1	0	0
1	1	UID1452149	1	1	0	0
1	1	UID1452150	1	1	0	0
1	1	UID1452152	1	1	0	0
1	1	UID1452154	1	1	0	0
1	1	UID1452157	1	1	0	0
1	1	UID1452158	1	1	0	0
1	1	UID1452160	1	1	0	0
1	1	UID1452163	1	1	0	0
1	1	UID1452165	1	1	0	0
1	1	UID1452182	1	1	0	0
1	1	UID1452185	1	1	0	0
1	1	UID1452186	1	1	0	0
1	1	UID1452187	1	1	0	0
1	1	UID1452188	1	1	0	0
1	1	UID1452189	1	1	0	0
1	1	UID1452193	1	1	0	0
1	1	UID1452196	1	1	0	0
1	1	UID1452204	1	1	0	0
1	1	UID1452205	1	1	0	0
1	1	UID1452206	1	1	0	0
1	1	UID1452208	1	1	0	0
1	1	UID1452209	1	1	0	0
1	1	UID1452221	1	1	0	0
1	1	UID1452222	1	1	0	0
1	1	UID1452224	1	1	0	0
1	1	UID1452225	1	1	0	0
1	1	UID1452226	1	1	0	0
1	1	UID1452232	1	1	0	0
1	1	UID1452235	1	1	0	0
1	1	UID1452236	1	1	0	0
1	1	UID1452238	1	1	0	0
1	1	UID1452242	1	1	0	0
1	1	UID1452249	1	1	0	0
1	1	UID1452254	1	1	0	0
1	1	UID1452255	1	1	0	0
1	1	UID1452258	1	1	0	0
1	1	UID1452262	1	1	0	0
1	1	UID1452268	1	1	0	0
1	1	UID1452269	1	1	0	0
1	1	UID1452275	1	1	0	0
1	1	UID1452283	1	1	0	0
1	1	UID1452285	1	1	0	0
1	1	UID1452286	1	1	0	0
1	1	UID1452287	1	1	0	0
1	1	UID1452290	1	1	0	0
1	1	UID1452293	1	1	0	0
1	1	UID1452297	1	1	0	0
1	1	UID1452302	1	1	0	0
1	1	UID1452305	1	1	0	0
1	1	UID1452315	1	1	0	0
1	1	UID1452316	1	1	0	0
1	1	UID1452317	1	1	0	0
1	1	UID1452320	1	1	0	0
1	1	UID1452321	1	1	0	0
1	1	UID1452332	1	1	0	0
1	1	UID1452335	1	1	0	0
1	1	UID1452336	1	1	0	0
1	1	UID1452337	1	1	0	0
1	1	UID1452339	1	1	0	0
1	1	UID1452340	1	1	0	0
1	1	UID1452342	1	1	0	0
1	1	UID1452343	1	1	0	0
1	1	UID1452346	1	1	0	0
1	1	UID1452347	1	1	0	0
1	1	UID1452349	1	1	0	0
1	1	UID1452350	1	1	0	0
1	1	UID1452363	1	1	0	0
1	1	UID1452365	1	1	0	0
1	1	UID1452366	1	1	0	0
1	1	UID1452367	1	1	0	0
1	1	UID1452372	1	1	0	0
1	1	UID1452377	1	1	0	0
1	1	UID1452379	1	1	0	0
1	1	UID1452383	1	1	0	0
1	1	UID1452384	1	1	0	0
1	1	UID1452396	1	1	0	0
1	1	UID1452403	1	1	0	0
1	1	UID1452405	1	1	0	0
1	1	UID1452412	1	1	0	0
1	1	UID1452413	1	1	0	0
1	1	UID1452414	1	1	0	0
1	1	UID1452431	1	1	0	0
1	1	UID1452436	1	1	0	0
1	1	UID1452437	1	1	0	0
1	1	UID1452444	1	1	0	0
1	1	UID1452451	1	1	0	0
1	1	UID1452452	1	1	0	0
1	1	UID1452453	1	1	0	0
1	1	UID1452458	1	1	0	0
1	1	UID1452462	1	1	0	0
1	1	UID1452465	1	1	0	0
1	1	UID1452467	1	1	0	0
1	1	UID1452477	1	1	0	0
1	1	UID1452480	1	1	0	0
1	1	UID1452494	1	1	0	0
1	1	UID1452495	1	1	0	0
1	1	UID1452498	1	1	0	0
1	1	UID1452499	1	1	0	0
1	1	UID1452500	1	1	0	0
1	1	UID1452508	1	1	0	0
1	1	UID1452517	1	1	0	0
1	1	UID1452519	1	1	0	0
1	1	UID1452520	1	1	0	0
1	1	UID1452521	1	1	0	0
1	1	UID1452523	1	1	0	0
1	1	UID1452534	1	1	0	0
1	1	UID1452535	1	1	0	0
1	1	UID1452538	1	1	0	0
1	1	UID1452540	1	1	0	0
1	1	UID1452541	1	1	0	0
1	1	UID1452547	1	1	0	0
1	1	UID1452548	1	1	0	0
1	1	UID1452549	1	1	0	0
1	1	UID1452550	1	1	0	0
1	1	UID1452552	1	1	0	0
1	1	UID1452557	1	1	0	0
1	1	UID1452562	1	1	0	0
1	1	UID1452563	1	1	0	0
1	1	UID1452572	1	1	0	0
1	1	UID1452573	1	1	0	0
1	1	UID1452575	1	1	0	0
1	1	UID1452579	1	1	0	0
1	1	UID1452580	1	1	0	0
1	1	UID1452581	1	1	0	0
1	1	UID1452583	1	1	0	0
1	1	UID1452587	1	1	0	0
1	1	UID1452601	1	1	0	0
1	1	UID1452613	1	1	0	0
1	1	UID1452614	1	1	0	0
1	1	UID1452618	1	1	0	0
1	1	UID1452621	1	1	0	0
1	1	UID1452625	1	1	0	0
1	1	UID1452629	1	1	0	0
1	1	UID1452637	1	1	0	0
1	1	UID1452645	1	1	0	0
1	1	UID1452646	1	1	0	0
1	1	UID1452649	1	1	0	0
1	1	UID1452654	1	1	0	0
1	1	UID1452655	1	1	0	0
1	1	UID1452656	1	1	0	0
1	1	UID1452657	1	1	0	0
1	1	UID1452662	1	1	0	0
1	1	UID1452672	1	1	0	0
1	1	UID1452673	1	1	0	0
1	1	UID1452681	1	1	0	0
1	1	UID1452682	1	1	0	0
1	1	UID1452684	1	1	0	0
1	1	UID1452687	1	1	0	0
1	1	UID1452695	1	1	0	0
1	1	UID1452697	1	1	0	0
1	1	UID1452698	1	1	0	0
1	1	UID1452702	1	1	0	0
1	1	UID1452703	1	1	0	0
1	1	UID1452720	1	1	0	0
1	1	UID1452724	1	1	0	0
1	1	UID1452725	1	1	0	0
1	1	UID1452729	1	1	0	0
1	1	UID1452731	1	1	0	0
1	1	UID1452735	1	1	0	0
1	1	UID1452737	1	1	0	0
1	1	UID1452745	1	1	0	0
1	1	UID1452755	1	1	0	0
1	1	UID1452772	1	1	0	0
1	1	UID1452775	1	1	0	0
1	1	UID1452781	1	1	0	0
1	1	UID1452783	1	1	0	0
1	1	UID1452784	1	1	0	0
1	1	UID1452787	1	1	0	0
1	1	UID1452791	1	1	0	0
1	1	UID1452792	1	1	0	0
1	1	UID1452799	1	1	0	0
1	1	UID1452804	1	1	0	0
1	1	UID1452820	1	1	0	0
1	1	UID1452824	1	1	0	0
1	1	UID1452833	1	1	0	0
1	1	UID1452834	1	1	0	0
1	1	UID1452835	1	1	0	0
1	1	UID1452838	1	1	0	0
1	1	UID1452839	1	1	0	0
1	1	UID1452840	1	1	0	0
1	1	UID1452852	1	1	0	0
1	1	UID1452853	1	1	0	0
1	1	UID1452856	1	1	0	0
1	1	UID1452858	1	1	0	0
1	1	UID1452880	1	1	0	0
1	1	UID1452891	1	1	0	0
1	1	UID1452899	1	1	0	0
1	1	UID1452904	1	1	0	0
1	1	UID1452910	1	1	0	0
1	1	UID1452911	1	1	0	0
1	1	UID1452912	1	1	0	0
1	1	UID1452917	1	1	0	0
1	1	UID1452922	1	1	0	0
1	1	UID1452927	1	1	0	0
1	1	UID1452930	1	1	0	0
1	1	UID1452934	1	1	0	0
1	1	UID1452935	1	1	0	0
1	1	UID1452937	1	1	0	0
1	1	UID1452939	1	1	0	0
1	1	UID1452941	1	1	0	0
1	1	UID1452942	1	1	0	0
1	1	UID1452947	1	1	0	0
1	1	UID1452960	1	1	0	0
1	1	UID1452963	1	1	0	0
1	1	UID1452970	1	1	0	0
1	1	UID1452985	1	1	0	0
1	1	UID1452991	1	1	0	0
1	1	UID1452992	1	1	0	0
1	1	UID1453000	1	1	0	0
1	1	UID1453004	1	1	0	0
1	1	UID1453019	1	1	0	0
1	1	UID1453030	1	1	0	0
1	1	UID1453031	1	1	0	0
1	1	UID1453032	1	1	0	0
1	1	UID1453048	1	1	0	0
1	1	UID1453049	1	1	0	0
1	1	UID1453050	1	1	0	0
1	1	UID1453051	1	1	0	0
1	1	UID1453052	1	1	0	0
1	1	UID1454	1	1	0	0
2	2	UID1534	1	2	1	1
1	1	UID1547	1	1	0	0
1	1	UID159849	1	1	0	0
1	1	UID174129	1	1	0	0
1	1	UID180876	1	1	0	0
1	1	UID186067	1	1	0	0
1	1	UID18915	1	1	0	0
1	1	UID202883	1	1	0	0
1	1	UID203076	1	1	0	0
1	1	UID209743	1	1	0	0
1	1	UID209789	1	1	0	0
1	1	UID209959	1	1	0	0
6	6	UID27087	1	6	1	1
2	2	UID284	1	2	1	1
1	1	UID61308	1	1	0	0
1	1	UID716884	1	1	0	0
1	1	UID752	1	1	0	0
1	1	UID76860	1	1	0	0
