1252	7810	UID1	4576	978	4	4
2548	9965	UID193	4539	2116	4	4
858	3821	UID2	1896	653	4	4
112	315	UID164	185	96	2	2
88	217	UID20596	111	79	2	2
46	117	UID5868	66	40	2	2
129	220	UID1752605	64	119	3	3
77	133	UID938	51	71	3	3
55	115	UID1192	49	48	3	3
30	79	UID291	49	28	2	2
104	168	UID42	48	99	3	3
31	69	UID22	39	30	2	2
46	88	UID58	39	41	2	2
118	167	UID122430	33	109	5	5
55	107	UID20595	33	47	2	2
28	59	UID329	31	26	2	2
33	66	UID939	31	30	2	2
40	95	UID57494	30	37	2	2
41	71	UID18	28	37	1	1
61	101	UID1752609	27	52	3	3
29	56	UID134	26	27	2	2
19	45	UID182459	26	17	1	1
23	51	UID182514	26	19	2	2
25	48	UID188	23	23	2	2
30	55	UID56718	23	26	1	1
12	33	UID96	22	11	2	2
25	46	UID182457	21	23	1	1
19	41	UID190	21	16	2	2
13	33	UID26	21	12	1	1
12	31	UID54	20	11	1	1
20	40	UID182462	19	17	1	1
29	47	UID182469	19	28	1	1
17	39	UID569	19	15	2	2
27	45	UID182467	18	25	1	1
19	36	UID182478	18	18	2	2
16	33	UID182552	18	15	2	2
27	44	UID182470	17	25	2	2
14	30	UID182492	17	13	2	2
12	28	UID216	17	11	1	1
21	38	UID660	17	19	2	2
15	31	UID8473	17	14	1	1
15	31	UID132	16	13	1	1
15	32	UID153	16	12	1	1
51	75	UID1755208	16	45	3	3
12	26	UID117	15	11	2	2
13	27	UID158	15	12	1	1
14	28	UID182496	15	13	1	1
13	27	UID222	15	12	1	1
12	26	UID498	15	11	1	1
11	25	UID76	15	10	1	1
13	28	UID8446	15	11	2	2
18	32	UID19	14	16	2	2
16	29	UID57	14	15	1	1
10	23	UID87	14	9	1	1
16	28	UID182474	13	15	2	2
18	30	UID182532	13	17	1	1
20	32	UID182533	13	19	1	1
16	28	UID182545	13	15	2	2
3	16	UID200	13	1	1	1
8	20	UID206	13	7	1	1
12	24	UID33894	13	11	1	1
22	34	UID40280	13	21	1	1
19	31	UID59432	13	18	1	1
11	22	UID182515	12	10	2	2
7	18	UID469	12	6	1	1
13	24	UID65	12	12	1	1
27	48	UID6878	12	23	3	3
13	24	UID82	12	12	1	1
12	23	UID83	12	11	3	3
12	23	UID86	12	11	1	1
9	19	UID131	11	8	2	2
8	18	UID135	11	7	1	1
8	18	UID152	11	7	1	1
7	17	UID1756515	11	6	1	1
13	23	UID182463	11	12	1	1
10	21	UID320	11	8	2	2
7	17	UID77	11	6	1	1
13	23	UID8445	11	12	1	1
9	18	UID110	10	8	1	1
9	18	UID163	10	8	1	1
10	19	UID173	10	9	1	1
4	13	UID221	10	3	1	1
17	26	UID32	10	16	1	1
13	22	UID40281	10	12	1	1
17	33	UID42788	10	15	2	2
14	23	UID52746	10	13	1	1
6	15	UID68	10	5	2	2
7	16	UID143	9	5	1	1
11	19	UID205	9	10	2	2
10	18	UID217	9	9	1	1
6	14	UID28	9	5	1	1
8	16	UID384	9	7	2	2
4	12	UID420	9	3	1	1
6	14	UID488	9	5	1	1
6	14	UID51832	9	5	1	1
5	13	UID711	9	4	1	1
8	17	UID94	9	6	1	1
5	12	UID154	8	4	1	1
4	11	UID1756517	8	3	1	1
9	16	UID182636	8	8	1	1
8	15	UID182646	8	7	1	1
7	14	UID182748	8	6	1	1
3	10	UID191	8	2	1	1
22	32	UID20	8	20	2	2
6	15	UID219	8	4	1	1
7	14	UID233	8	6	1	1
8	15	UID238	8	7	1	1
8	15	UID40402	8	7	1	1
13	20	UID51833	8	12	1	1
12	20	UID5734	8	10	2	2
7	14	UID59	8	6	1	1
3	10	UID800	8	2	1	1
5	11	UID149	7	4	1	1
24	30	UID182531	7	23	1	1
7	13	UID182616	7	6	1	1
5	11	UID182626	7	4	1	1
12	18	UID182631	7	11	2	2
3	9	UID182763	7	2	1	1
4	10	UID182783	7	3	1	1
8	14	UID277	7	7	1	1
10	16	UID313	7	9	1	1
3	9	UID323	7	2	1	1
10	16	UID348	7	9	2	2
9	15	UID356	7	8	1	1
9	15	UID421	7	8	1	1
5	11	UID445	7	4	1	1
5	11	UID468	7	4	2	2
5	11	UID52897	7	4	1	1
9	15	UID61	7	8	2	2
5	11	UID688	7	4	1	1
7	13	UID810	7	6	1	1
8	14	UID128	6	6	2	2
10	15	UID139	6	9	2	2
3	9	UID144	6	1	1	1
6	11	UID1493	6	5	1	1
10	15	UID182652	6	9	1	1
11	16	UID182708	6	10	1	1
5	10	UID182765	6	4	1	1
6	11	UID183159	6	5	1	1
10	15	UID229	6	9	1	1
13	19	UID260	6	11	2	2
3	8	UID280	6	2	1	1
6	11	UID386	6	5	1	1
2	7	UID424	6	1	1	1
5	10	UID529	6	4	1	1
3	8	UID533	6	2	1	1
3	8	UID690	6	2	1	1
10	15	UID8438	6	9	2	2
4	8	UID1365	5	3	2	2
7	11	UID160	5	6	1	1
6	10	UID182653	5	5	1	1
9	13	UID182674	5	8	1	1
8	12	UID182706	5	7	1	1
4	8	UID182710	5	3	1	1
4	8	UID182722	5	3	1	1
4	8	UID182736	5	3	1	1
6	10	UID182767	5	5	1	1
3	7	UID182894	5	2	1	1
4	8	UID183000	5	3	1	1
5	9	UID199	5	4	1	1
3	7	UID203	5	2	1	1
5	9	UID218	5	4	1	1
2	6	UID31551	5	1	1	1
3	7	UID339	5	2	1	1
2	6	UID368	5	1	0	0
1	5	UID444	5	0	0	0
6	10	UID566	5	5	1	1
10	14	UID686	5	9	1	1
5	9	UID887	5	4	1	1
15	20	UID891	5	13	3	3
4	7	UID1160	4	3	1	1
4	7	UID1321125	4	3	1	1
3	6	UID1371	4	2	1	1
4	7	UID1372	4	3	1	1
1	4	UID1397	4	0	0	0
11	14	UID161	4	10	1	1
5	8	UID166	4	4	0	0
7	10	UID174	4	6	1	1
1	4	UID1752618	4	0	0	0
3	6	UID1756520	4	2	0	0
2	5	UID182709	4	1	1	1
9	12	UID182723	4	8	2	2
6	9	UID182901	4	5	1	1
8	11	UID182	4	7	1	1
4	7	UID184	4	3	1	1
4	7	UID189247	4	3	1	1
7	10	UID204	4	6	1	1
3	6	UID239	4	2	1	1
3	6	UID263	4	2	1	1
10	14	UID276	4	8	1	1
1	4	UID29167	4	0	0	0
6	9	UID292	4	5	1	1
3	6	UID312	4	2	1	1
5	8	UID321	4	4	1	1
7	10	UID338	4	6	1	1
4	7	UID357	4	3	1	1
3	6	UID369	4	2	1	1
5	8	UID372	4	4	1	1
5	8	UID385	4	4	1	1
1	4	UID4040	4	0	0	0
6	9	UID423	4	5	1	1
5	9	UID442	4	3	1	1
8	12	UID513219	4	6	1	1
3	6	UID51663	4	2	1	1
9	12	UID517	4	8	1	1
3	6	UID51816	4	2	0	0
2	5	UID51887	4	1	1	1
1	4	UID531	4	0	0	0
1	4	UID572	4	0	0	0
1	3	UID1163	3	0	0	0
5	7	UID122428	3	4	1	1
1	3	UID1373	3	0	0	0
8	10	UID1756523	3	7	2	2
5	7	UID1756526	3	4	0	0
5	7	UID182575	3	4	1	1
3	5	UID182888	3	2	1	1
2	4	UID182897	3	1	1	1
8	10	UID201	3	7	1	1
5	8	UID228	3	3	1	1
1	3	UID231858	3	0	0	0
6	8	UID241	3	5	2	2
5	7	UID31704	3	4	1	1
4	6	UID322	3	3	1	1
1	3	UID366	3	0	0	0
4	6	UID367	3	3	1	1
1	3	UID425	3	0	0	0
3	5	UID426	3	2	1	1
4	6	UID4392	3	3	1	1
3	5	UID439	3	2	1	1
3	5	UID466	3	2	1	1
1	3	UID4688	3	0	0	0
3	5	UID471	3	2	0	0
6	8	UID489	3	5	1	1
1	3	UID52559	3	0	0	0
5	7	UID534	3	4	1	1
4	6	UID568	3	3	1	1
10	12	UID571	3	9	1	1
2	4	UID5866	3	1	1	1
3	5	UID653	3	2	1	1
3	5	UID657208	3	2	0	0
4	6	UID657	3	3	1	1
4	6	UID659	3	3	1	1
2	4	UID6647	3	1	0	0
1	3	UID809	3	0	0	0
5	9	UID813	3	2	1	1
2	4	UID821	3	1	1	1
3	5	UID899	3	2	1	1
3	6	UID941	3	1	1	1
4	5	UID119	2	3	1	1
3	4	UID1355	2	2	1	1
2	3	UID148140	2	1	1	1
1	2	UID1499	2	0	0	0
1	2	UID1752615	2	0	0	0
1	2	UID1752658	2	0	0	0
2	3	UID1756555	2	1	1	1
4	5	UID1756568	2	3	1	1
1	2	UID1756569	2	0	0	0
2	3	UID1756574	2	1	1	1
1	2	UID1756575	2	0	0	0
6	7	UID1756576	2	5	2	2
1	2	UID1756577	2	0	0	0
8	9	UID182528	2	7	1	1
3	4	UID182663	2	2	1	1
4	5	UID183160	2	3	1	1
3	4	UID183263	2	2	1	1
4	5	UID188209	2	3	2	2
2	3	UID190615	2	1	1	1
2	3	UID192940	2	1	1	1
3	4	UID23220	2	2	1	1
6	7	UID240	2	5	2	2
4	5	UID259	2	3	1	1
3	4	UID261	2	2	1	1
4	5	UID33895	2	3	1	1
2	3	UID371	2	1	1	1
2	3	UID3805	2	1	1	1
5	6	UID398	2	4	1	1
7	8	UID40301	2	6	1	1
2	3	UID43521	2	1	1	1
8	9	UID441	2	7	1	1
5	6	UID470	2	4	1	1
2	3	UID573	2	1	1	1
3	4	UID5767	2	2	1	1
1	2	UID5865	2	0	0	0
2	3	UID6365	2	1	1	1
5	6	UID654	2	4	1	1
2	3	UID687	2	1	1	1
7	8	UID710	2	6	1	1
2	3	UID8599	2	1	1	1
2	3	UID878	2	1	1	1
2	3	UID898	2	1	1	1
3	4	UID934	2	2	1	1
1	1	UID10328	1	1	0	0
3	3	UID1084	1	3	1	1
4	4	UID1209	1	4	2	2
1	1	UID126276	1	1	0	0
1	1	UID126701	1	1	0	0
1	1	UID1302945	1	1	0	0
2	2	UID130777	1	2	1	1
1	1	UID130778	1	1	0	0
3	3	UID1319805	1	3	1	1
1	1	UID1321887	1	1	0	0
1	1	UID1338225	1	1	0	0
1	1	UID1401	1	1	0	0
1	1	UID1407646	1	1	0	0
1	1	UID142242	1	1	0	0
1	1	UID142439	1	1	0	0
1	1	UID144177	1	1	0	0
1	1	UID1473	1	1	0	0
2	2	UID147784	1	2	1	1
1	1	UID148178	1	1	0	0
1	1	UID1491812	1	1	0	0
1	1	UID1493960	1	1	0	0
5	5	UID1497	1	5	1	1
3	3	UID1536329	1	3	2	2
3	3	UID1562651	1	3	2	2
1	1	UID1595173	1	1	0	0
1	1	UID167182	1	1	0	0
1	1	UID1679100	1	1	0	0
1	1	UID170769	1	1	0	0
1	1	UID1709897	1	1	0	0
1	1	UID17322	1	1	0	0
1	1	UID1741191	1	1	0	0
5	5	UID1752611	1	5	1	1
6	6	UID1752614	1	6	1	1
4	4	UID1752625	1	4	2	2
1	1	UID1752659	1	1	0	0
7	7	UID1753071	1	7	2	2
1	1	UID1755278	1	1	0	0
1	1	UID1755785	1	1	0	0
1	1	UID1756583	1	1	0	0
1	1	UID1756585	1	1	0	0
1	1	UID1756587	1	1	0	0
1	1	UID1756589	1	1	0	0
1	1	UID1756592	1	1	0	0
1	1	UID1756596	1	1	0	0
1	1	UID1756598	1	1	0	0
1	1	UID1756599	1	1	0	0
1	1	UID1756600	1	1	0	0
1	1	UID1756601	1	1	0	0
1	1	UID1756602	1	1	0	0
1	1	UID1756607	1	1	0	0
1	1	UID1756608	1	1	0	0
1	1	UID1756619	1	1	0	0
1	1	UID1756631	1	1	0	0
1	1	UID1756632	1	1	0	0
1	1	UID1756634	1	1	0	0
1	1	UID1756635	1	1	0	0
1	1	UID1756636	1	1	0	0
1	1	UID1756648	1	1	0	0
1	1	UID1756657	1	1	0	0
1	1	UID1756659	1	1	0	0
1	1	UID1756660	1	1	0	0
1	1	UID1756661	1	1	0	0
1	1	UID1756665	1	1	0	0
1	1	UID1756666	1	1	0	0
1	1	UID1756672	1	1	0	0
1	1	UID1756674	1	1	0	0
1	1	UID1756675	1	1	0	0
1	1	UID1756676	1	1	0	0
1	1	UID1756678	1	1	0	0
1	1	UID1756679	1	1	0	0
1	1	UID1756680	1	1	0	0
1	1	UID1756688	1	1	0	0
4	4	UID1756690	1	4	2	2
1	1	UID1756695	1	1	0	0
1	1	UID1756696	1	1	0	0
1	1	UID1756697	1	1	0	0
1	1	UID1756702	1	1	0	0
1	1	UID1756707	1	1	0	0
1	1	UID1756718	1	1	0	0
1	1	UID1756726	1	1	0	0
1	1	UID1756742	1	1	0	0
1	1	UID1756745	1	1	0	0
1	1	UID1756755	1	1	0	0
1	1	UID1756756	1	1	0	0
1	1	UID1756757	1	1	0	0
1	1	UID1756758	1	1	0	0
1	1	UID1756759	1	1	0	0
1	1	UID1756766	1	1	0	0
1	1	UID1756780	1	1	0	0
1	1	UID1756785	1	1	0	0
1	1	UID1756788	1	1	0	0
1	1	UID1756789	1	1	0	0
1	1	UID1756790	1	1	0	0
1	1	UID1756793	1	1	0	0
1	1	UID1756796	1	1	0	0
1	1	UID1756797	1	1	0	0
1	1	UID1756798	1	1	0	0
1	1	UID1756802	1	1	0	0
1	1	UID1756803	1	1	0	0
1	1	UID1756807	1	1	0	0
1	1	UID1756808	1	1	0	0
1	1	UID1756809	1	1	0	0
2	2	UID1756824	1	2	1	1
1	1	UID1756826	1	1	0	0
1	1	UID1756839	1	1	0	0
1	1	UID1756840	1	1	0	0
1	1	UID1756842	1	1	0	0
1	1	UID1756843	1	1	0	0
1	1	UID1756844	1	1	0	0
1	1	UID1756845	1	1	0	0
1	1	UID1756854	1	1	0	0
1	1	UID1756855	1	1	0	0
1	1	UID1756860	1	1	0	0
1	1	UID1756864	1	1	0	0
1	1	UID1756865	1	1	0	0
1	1	UID1756877	1	1	0	0
1	1	UID1756878	1	1	0	0
1	1	UID1756884	1	1	0	0
1	1	UID1756885	1	1	0	0
1	1	UID1756886	1	1	0	0
1	1	UID1756888	1	1	0	0
1	1	UID1756892	1	1	0	0
1	1	UID1756894	1	1	0	0
1	1	UID1756897	1	1	0	0
1	1	UID1756903	1	1	0	0
1	1	UID1756904	1	1	0	0
1	1	UID1756905	1	1	0	0
1	1	UID1756906	1	1	0	0
1	1	UID1756908	1	1	0	0
1	1	UID1756909	1	1	0	0
4	4	UID1756910	1	4	2	2
1	1	UID1756911	1	1	0	0
1	1	UID1756921	1	1	0	0
1	1	UID1756925	1	1	0	0
1	1	UID1756927	1	1	0	0
1	1	UID1756930	1	1	0	0
1	1	UID1756932	1	1	0	0
1	1	UID1756933	1	1	0	0
1	1	UID1756936	1	1	0	0
1	1	UID1756939	1	1	0	0
1	1	UID1756942	1	1	0	0
1	1	UID1756945	1	1	0	0
1	1	UID1756949	1	1	0	0
1	1	UID1756955	1	1	0	0
1	1	UID1756958	1	1	0	0
1	1	UID1756971	1	1	0	0
1	1	UID1756979	1	1	0	0
1	1	UID1756985	1	1	0	0
1	1	UID1756988	1	1	0	0
1	1	UID1756992	1	1	0	0
1	1	UID1756994	1	1	0	0
1	1	UID1756999	1	1	0	0
1	1	UID1757003	1	1	0	0
1	1	UID1757005	1	1	0	0
1	1	UID1757022	1	1	0	0
1	1	UID1757023	1	1	0	0
1	1	UID1757025	1	1	0	0
1	1	UID1757027	1	1	0	0
1	1	UID1757031	1	1	0	0
1	1	UID1757034	1	1	0	0
1	1	UID1757040	1	1	0	0
1	1	UID1757042	1	1	0	0
1	1	UID1757048	1	1	0	0
1	1	UID1757051	1	1	0	0
1	1	UID1757052	1	1	0	0
1	1	UID1757055	1	1	0	0
1	1	UID1757056	1	1	0	0
1	1	UID1757059	1	1	0	0
1	1	UID1757060	1	1	0	0
1	1	UID1757062	1	1	0	0
1	1	UID1757068	1	1	0	0
3	3	UID1757070	1	3	2	2
1	1	UID1757072	1	1	0	0
1	1	UID1757087	1	1	0	0
1	1	UID1757089	1	1	0	0
1	1	UID1757091	1	1	0	0
1	1	UID1757096	1	1	0	0
1	1	UID1757097	1	1	0	0
1	1	UID1757099	1	1	0	0
1	1	UID1757103	1	1	0	0
1	1	UID1757105	1	1	0	0
1	1	UID1757108	1	1	0	0
1	1	UID1757112	1	1	0	0
1	1	UID1757113	1	1	0	0
1	1	UID1757119	1	1	0	0
1	1	UID1757126	1	1	0	0
1	1	UID1757130	1	1	0	0
1	1	UID1757131	1	1	0	0
1	1	UID1757132	1	1	0	0
1	1	UID1757135	1	1	0	0
1	1	UID1757136	1	1	0	0
1	1	UID1757138	1	1	0	0
1	1	UID1757140	1	1	0	0
1	1	UID1757141	1	1	0	0
1	1	UID1757142	1	1	0	0
1	1	UID1757144	1	1	0	0
1	1	UID1757145	1	1	0	0
1	1	UID1757146	1	1	0	0
1	1	UID1757147	1	1	0	0
1	1	UID1757149	1	1	0	0
1	1	UID1757157	1	1	0	0
1	1	UID1757159	1	1	0	0
1	1	UID1757161	1	1	0	0
1	1	UID1757166	1	1	0	0
1	1	UID1757174	1	1	0	0
1	1	UID1757175	1	1	0	0
1	1	UID1757176	1	1	0	0
1	1	UID1757179	1	1	0	0
1	1	UID1757180	1	1	0	0
1	1	UID1757193	1	1	0	0
1	1	UID1757196	1	1	0	0
1	1	UID1757197	1	1	0	0
1	1	UID1757201	1	1	0	0
1	1	UID1757212	1	1	0	0
1	1	UID1757213	1	1	0	0
2	2	UID1757214	1	2	1	1
5	5	UID1757217	1	5	2	2
1	1	UID1757220	1	1	0	0
1	1	UID1757221	1	1	0	0
1	1	UID1757224	1	1	0	0
1	1	UID1757225	1	1	0	0
1	1	UID1757226	1	1	0	0
1	1	UID1757227	1	1	0	0
1	1	UID1757237	1	1	0	0
1	1	UID1757241	1	1	0	0
1	1	UID1757242	1	1	0	0
1	1	UID1757243	1	1	0	0
1	1	UID1757247	1	1	0	0
1	1	UID1757251	1	1	0	0
1	1	UID1757266	1	1	0	0
1	1	UID1757267	1	1	0	0
1	1	UID1757268	1	1	0	0
1	1	UID1757269	1	1	0	0
1	1	UID1757270	1	1	0	0
1	1	UID1757273	1	1	0	0
1	1	UID1757276	1	1	0	0
1	1	UID1757278	1	1	0	0
1	1	UID1757284	1	1	0	0
1	1	UID1757285	1	1	0	0
1	1	UID1757287	1	1	0	0
1	1	UID1757289	1	1	0	0
1	1	UID1757293	1	1	0	0
1	1	UID1757298	1	1	0	0
1	1	UID1757300	1	1	0	0
1	1	UID1757308	1	1	0	0
1	1	UID1757313	1	1	0	0
1	1	UID1757314	1	1	0	0
1	1	UID1757315	1	1	0	0
1	1	UID1757316	1	1	0	0
1	1	UID1757317	1	1	0	0
1	1	UID1757320	1	1	0	0
1	1	UID1757321	1	1	0	0
1	1	UID1757322	1	1	0	0
1	1	UID1757324	1	1	0	0
1	1	UID1757332	1	1	0	0
1	1	UID1757334	1	1	0	0
1	1	UID1757336	1	1	0	0
1	1	UID1757337	1	1	0	0
1	1	UID1757342	1	1	0	0
1	1	UID1757351	1	1	0	0
1	1	UID1757360	1	1	0	0
1	1	UID1757362	1	1	0	0
1	1	UID1757363	1	1	0	0
1	1	UID1757365	1	1	0	0
1	1	UID1757369	1	1	0	0
1	1	UID1757370	1	1	0	0
4	4	UID1757385	1	4	2	2
1	1	UID1757386	1	1	0	0
1	1	UID1757388	1	1	0	0
1	1	UID1757391	1	1	0	0
1	1	UID1757393	1	1	0	0
1	1	UID1757396	1	1	0	0
1	1	UID1757400	1	1	0	0
1	1	UID1757402	1	1	0	0
1	1	UID1757404	1	1	0	0
1	1	UID1757420	1	1	0	0
1	1	UID1757431	1	1	0	0
1	1	UID1757436	1	1	0	0
1	1	UID1757439	1	1	0	0
1	1	UID1757444	1	1	0	0
1	1	UID1757450	1	1	0	0
1	1	UID1757452	1	1	0	0
1	1	UID1757474	1	1	0	0
1	1	UID1757477	1	1	0	0
1	1	UID1757488	1	1	0	0
1	1	UID1757491	1	1	0	0
1	1	UID1757495	1	1	0	0
1	1	UID1757499	1	1	0	0
3	3	UID1757506	1	3	2	2
1	1	UID1757511	1	1	0	0
1	1	UID1757513	1	1	0	0
1	1	UID1757514	1	1	0	0
1	1	UID1757515	1	1	0	0
1	1	UID1757518	1	1	0	0
1	1	UID1757519	1	1	0	0
1	1	UID1757522	1	1	0	0
1	1	UID1757523	1	1	0	0
1	1	UID1757524	1	1	0	0
1	1	UID1757530	1	1	0	0
1	1	UID1757531	1	1	0	0
1	1	UID1757535	1	1	0	0
1	1	UID1757537	1	1	0	0
1	1	UID1757538	1	1	0	0
1	1	UID1757539	1	1	0	0
1	1	UID1757540	1	1	0	0
1	1	UID1757546	1	1	0	0
1	1	UID1757550	1	1	0	0
1	1	UID1757551	1	1	0	0
1	1	UID1757553	1	1	0	0
1	1	UID1757564	1	1	0	0
1	1	UID1757570	1	1	0	0
1	1	UID1757576	1	1	0	0
1	1	UID1757582	1	1	0	0
1	1	UID1757585	1	1	0	0
1	1	UID1757587	1	1	0	0
1	1	UID1757589	1	1	0	0
1	1	UID1757595	1	1	0	0
1	1	UID1757596	1	1	0	0
1	1	UID1757597	1	1	0	0
1	1	UID1757610	1	1	0	0
4	4	UID1757612	1	4	2	2
1	1	UID1757616	1	1	0	0
1	1	UID1757618	1	1	0	0
1	1	UID1757621	1	1	0	0
1	1	UID1757625	1	1	0	0
1	1	UID1757626	1	1	0	0
1	1	UID1757629	1	1	0	0
1	1	UID1757630	1	1	0	0
1	1	UID1757635	1	1	0	0
1	1	UID1757640	1	1	0	0
1	1	UID1757643	1	1	0	0
1	1	UID1757644	1	1	0	0
1	1	UID1757651	1	1	0	0
1	1	UID1757652	1	1	0	0
1	1	UID1757653	1	1	0	0
1	1	UID1757658	1	1	0	0
1	1	UID1757659	1	1	0	0
1	1	UID1757662	1	1	0	0
1	1	UID1757663	1	1	0	0
1	1	UID1757675	1	1	0	0
1	1	UID1757690	1	1	0	0
1	1	UID1757691	1	1	0	0
1	1	UID1757692	1	1	0	0
1	1	UID1757693	1	1	0	0
4	4	UID1757704	1	4	2	2
1	1	UID1757711	1	1	0	0
1	1	UID1757723	1	1	0	0
1	1	UID1757726	1	1	0	0
1	1	UID1757727	1	1	0	0
1	1	UID1757728	1	1	0	0
1	1	UID1757729	1	1	0	0
1	1	UID1757743	1	1	0	0
1	1	UID1757746	1	1	0	0
1	1	UID1757747	1	1	0	0
1	1	UID1757750	1	1	0	0
1	1	UID1757751	1	1	0	0
1	1	UID1757868	1	1	0	0
1	1	UID1757871	1	1	0	0
1	1	UID1757872	1	1	0	0
1	1	UID1757889	1	1	0	0
1	1	UID1757891	1	1	0	0
1	1	UID1757896	1	1	0	0
1	1	UID1757897	1	1	0	0
1	1	UID1757898	1	1	0	0
1	1	UID1757900	1	1	0	0
1	1	UID1757903	1	1	0	0
1	1	UID1757905	1	1	0	0
1	1	UID1757909	1	1	0	0
1	1	UID1757918	1	1	0	0
1	1	UID1757943	1	1	0	0
1	1	UID1757954	1	1	0	0
1	1	UID1757960	1	1	0	0
1	1	UID1757966	1	1	0	0
1	1	UID1757967	1	1	0	0
4	4	UID1757972	1	4	2	2
1	1	UID1757973	1	1	0	0
1	1	UID1757974	1	1	0	0
1	1	UID1757981	1	1	0	0
1	1	UID1757983	1	1	0	0
1	1	UID1757984	1	1	0	0
1	1	UID1757985	1	1	0	0
1	1	UID1757988	1	1	0	0
1	1	UID1757996	1	1	0	0
1	1	UID1757998	1	1	0	0
1	1	UID1757999	1	1	0	0
1	1	UID1758000	1	1	0	0
1	1	UID1758001	1	1	0	0
1	1	UID1758002	1	1	0	0
1	1	UID1758007	1	1	0	0
1	1	UID1758010	1	1	0	0
1	1	UID1758016	1	1	0	0
1	1	UID1758026	1	1	0	0
1	1	UID1758028	1	1	0	0
1	1	UID1758031	1	1	0	0
1	1	UID1758036	1	1	0	0
6	6	UID1758038	1	6	2	2
1	1	UID1758043	1	1	0	0
1	1	UID1758046	1	1	0	0
1	1	UID1758047	1	1	0	0
1	1	UID1758048	1	1	0	0
1	1	UID1758049	1	1	0	0
1	1	UID1758050	1	1	0	0
1	1	UID1758054	1	1	0	0
1	1	UID1758055	1	1	0	0
1	1	UID1758056	1	1	0	0
1	1	UID1758066	1	1	0	0
1	1	UID1758067	1	1	0	0
1	1	UID1758068	1	1	0	0
1	1	UID1758071	1	1	0	0
1	1	UID1758081	1	1	0	0
1	1	UID1758082	1	1	0	0
1	1	UID1758084	1	1	0	0
1	1	UID1758085	1	1	0	0
1	1	UID1758086	1	1	0	0
1	1	UID1758087	1	1	0	0
1	1	UID1758088	1	1	0	0
1	1	UID1758089	1	1	0	0
1	1	UID1758090	1	1	0	0
1	1	UID1758093	1	1	0	0
1	1	UID1758094	1	1	0	0
1	1	UID1758098	1	1	0	0
1	1	UID1758099	1	1	0	0
1	1	UID1758102	1	1	0	0
3	3	UID1758104	1	3	2	2
1	1	UID1758108	1	1	0	0
1	1	UID1758109	1	1	0	0
1	1	UID1758110	1	1	0	0
1	1	UID1758111	1	1	0	0
1	1	UID1758114	1	1	0	0
1	1	UID1758115	1	1	0	0
1	1	UID1758116	1	1	0	0
1	1	UID1758119	1	1	0	0
1	1	UID1758123	1	1	0	0
1	1	UID1758126	1	1	0	0
1	1	UID1758128	1	1	0	0
1	1	UID1758132	1	1	0	0
1	1	UID1758135	1	1	0	0
1	1	UID1758136	1	1	0	0
1	1	UID1758137	1	1	0	0
1	1	UID1758138	1	1	0	0
1	1	UID1758142	1	1	0	0
1	1	UID1758150	1	1	0	0
1	1	UID1758154	1	1	0	0
1	1	UID1758156	1	1	0	0
1	1	UID1758157	1	1	0	0
1	1	UID1758158	1	1	0	0
1	1	UID1758159	1	1	0	0
1	1	UID1758162	1	1	0	0
1	1	UID1758168	1	1	0	0
1	1	UID1758169	1	1	0	0
1	1	UID1758179	1	1	0	0
1	1	UID1758186	1	1	0	0
1	1	UID1758188	1	1	0	0
1	1	UID1758189	1	1	0	0
1	1	UID1758196	1	1	0	0
1	1	UID1758197	1	1	0	0
1	1	UID1758204	1	1	0	0
1	1	UID1758209	1	1	0	0
1	1	UID1758214	1	1	0	0
1	1	UID1758216	1	1	0	0
1	1	UID1758220	1	1	0	0
1	1	UID1758226	1	1	0	0
1	1	UID1758228	1	1	0	0
1	1	UID1758229	1	1	0	0
1	1	UID1758234	1	1	0	0
1	1	UID1758235	1	1	0	0
1	1	UID1758238	1	1	0	0
1	1	UID1758244	1	1	0	0
1	1	UID1758255	1	1	0	0
1	1	UID1758263	1	1	0	0
1	1	UID1758267	1	1	0	0
1	1	UID1758268	1	1	0	0
1	1	UID1758269	1	1	0	0
1	1	UID1758270	1	1	0	0
1	1	UID1758271	1	1	0	0
1	1	UID1758272	1	1	0	0
1	1	UID1758293	1	1	0	0
1	1	UID1758298	1	1	0	0
1	1	UID1758305	1	1	0	0
1	1	UID1758310	1	1	0	0
1	1	UID1758317	1	1	0	0
1	1	UID1758323	1	1	0	0
1	1	UID1758326	1	1	0	0
1	1	UID1758327	1	1	0	0
1	1	UID1758328	1	1	0	0
1	1	UID1758329	1	1	0	0
1	1	UID1758333	1	1	0	0
1	1	UID1758341	1	1	0	0
1	1	UID1758346	1	1	0	0
1	1	UID1758347	1	1	0	0
1	1	UID1758348	1	1	0	0
1	1	UID1758349	1	1	0	0
1	1	UID1758351	1	1	0	0
1	1	UID1758354	1	1	0	0
1	1	UID1758355	1	1	0	0
1	1	UID1758356	1	1	0	0
1	1	UID1758361	1	1	0	0
1	1	UID1758369	1	1	0	0
1	1	UID1758373	1	1	0	0
1	1	UID1758381	1	1	0	0
1	1	UID1758382	1	1	0	0
1	1	UID1758384	1	1	0	0
1	1	UID1758391	1	1	0	0
1	1	UID1758396	1	1	0	0
1	1	UID1758402	1	1	0	0
1	1	UID1758406	1	1	0	0
1	1	UID1758411	1	1	0	0
1	1	UID1758412	1	1	0	0
1	1	UID1758414	1	1	0	0
1	1	UID1758420	1	1	0	0
1	1	UID1758427	1	1	0	0
1	1	UID1758436	1	1	0	0
1	1	UID1758437	1	1	0	0
1	1	UID1758441	1	1	0	0
1	1	UID1758445	1	1	0	0
1	1	UID1758447	1	1	0	0
1	1	UID1758448	1	1	0	0
1	1	UID1758451	1	1	0	0
1	1	UID1758452	1	1	0	0
1	1	UID1758453	1	1	0	0
1	1	UID1758454	1	1	0	0
1	1	UID1758463	1	1	0	0
1	1	UID1758467	1	1	0	0
1	1	UID1758470	1	1	0	0
1	1	UID1758479	1	1	0	0
1	1	UID1758480	1	1	0	0
1	1	UID1758486	1	1	0	0
1	1	UID1758496	1	1	0	0
1	1	UID1758497	1	1	0	0
1	1	UID1758498	1	1	0	0
1	1	UID1758499	1	1	0	0
1	1	UID1758500	1	1	0	0
1	1	UID1758511	1	1	0	0
1	1	UID1758515	1	1	0	0
1	1	UID1758516	1	1	0	0
1	1	UID1758517	1	1	0	0
1	1	UID1758518	1	1	0	0
1	1	UID1758521	1	1	0	0
1	1	UID1758523	1	1	0	0
1	1	UID1758524	1	1	0	0
1	1	UID1758533	1	1	0	0
1	1	UID1758535	1	1	0	0
1	1	UID1758537	1	1	0	0
1	1	UID1758538	1	1	0	0
1	1	UID1758544	1	1	0	0
1	1	UID1758545	1	1	0	0
1	1	UID1758546	1	1	0	0
1	1	UID1758552	1	1	0	0
1	1	UID1758553	1	1	0	0
1	1	UID1758557	1	1	0	0
1	1	UID1758564	1	1	0	0
1	1	UID1758566	1	1	0	0
1	1	UID1758571	1	1	0	0
1	1	UID1758573	1	1	0	0
1	1	UID1758578	1	1	0	0
1	1	UID1758596	1	1	0	0
1	1	UID1758599	1	1	0	0
1	1	UID1758603	1	1	0	0
1	1	UID1758604	1	1	0	0
1	1	UID1758608	1	1	0	0
1	1	UID1758616	1	1	0	0
1	1	UID1758629	1	1	0	0
1	1	UID1758632	1	1	0	0
1	1	UID1758633	1	1	0	0
1	1	UID1758636	1	1	0	0
1	1	UID1758641	1	1	0	0
1	1	UID1758642	1	1	0	0
1	1	UID1758643	1	1	0	0
1	1	UID1758654	1	1	0	0
1	1	UID1758659	1	1	0	0
1	1	UID1758660	1	1	0	0
1	1	UID1758670	1	1	0	0
1	1	UID1758673	1	1	0	0
1	1	UID1758687	1	1	0	0
1	1	UID1758691	1	1	0	0
1	1	UID1758692	1	1	0	0
1	1	UID1758695	1	1	0	0
1	1	UID1758698	1	1	0	0
1	1	UID1758700	1	1	0	0
1	1	UID1758702	1	1	0	0
1	1	UID1758703	1	1	0	0
1	1	UID1758705	1	1	0	0
1	1	UID1758708	1	1	0	0
1	1	UID1758722	1	1	0	0
1	1	UID1758727	1	1	0	0
1	1	UID1758744	1	1	0	0
1	1	UID1758747	1	1	0	0
1	1	UID1758748	1	1	0	0
1	1	UID1758751	1	1	0	0
1	1	UID1758752	1	1	0	0
1	1	UID1758764	1	1	0	0
1	1	UID1758770	1	1	0	0
1	1	UID1758771	1	1	0	0
1	1	UID1758772	1	1	0	0
1	1	UID1758774	1	1	0	0
1	1	UID1758775	1	1	0	0
1	1	UID1758776	1	1	0	0
1	1	UID1758778	1	1	0	0
1	1	UID1758781	1	1	0	0
1	1	UID1758793	1	1	0	0
1	1	UID1758794	1	1	0	0
1	1	UID1758809	1	1	0	0
1	1	UID1758811	1	1	0	0
1	1	UID1758812	1	1	0	0
1	1	UID1758817	1	1	0	0
1	1	UID1758820	1	1	0	0
1	1	UID1758822	1	1	0	0
1	1	UID1758832	1	1	0	0
1	1	UID1758833	1	1	0	0
1	1	UID1758834	1	1	0	0
1	1	UID1758835	1	1	0	0
1	1	UID1758839	1	1	0	0
1	1	UID1758840	1	1	0	0
1	1	UID1758841	1	1	0	0
1	1	UID1758857	1	1	0	0
1	1	UID1758859	1	1	0	0
1	1	UID1758860	1	1	0	0
1	1	UID1758862	1	1	0	0
1	1	UID1758864	1	1	0	0
1	1	UID1758875	1	1	0	0
1	1	UID1758877	1	1	0	0
1	1	UID1758878	1	1	0	0
1	1	UID1758881	1	1	0	0
1	1	UID1758883	1	1	0	0
1	1	UID1758890	1	1	0	0
1	1	UID1758892	1	1	0	0
1	1	UID1758896	1	1	0	0
1	1	UID1758908	1	1	0	0
1	1	UID1758912	1	1	0	0
1	1	UID1758913	1	1	0	0
1	1	UID1758954	1	1	0	0
1	1	UID1758958	1	1	0	0
1	1	UID1758959	1	1	0	0
1	1	UID1758960	1	1	0	0
1	1	UID1758970	1	1	0	0
1	1	UID1758973	1	1	0	0
1	1	UID1758976	1	1	0	0
1	1	UID1758977	1	1	0	0
1	1	UID1758987	1	1	0	0
1	1	UID1758988	1	1	0	0
1	1	UID1758990	1	1	0	0
1	1	UID1758991	1	1	0	0
1	1	UID1758992	1	1	0	0
1	1	UID1758995	1	1	0	0
1	1	UID1758996	1	1	0	0
1	1	UID1759007	1	1	0	0
1	1	UID1759008	1	1	0	0
1	1	UID1759014	1	1	0	0
1	1	UID1759015	1	1	0	0
1	1	UID1759025	1	1	0	0
1	1	UID1759037	1	1	0	0
1	1	UID1759045	1	1	0	0
1	1	UID1759051	1	1	0	0
1	1	UID1759054	1	1	0	0
1	1	UID1759062	1	1	0	0
1	1	UID1759063	1	1	0	0
1	1	UID1759068	1	1	0	0
1	1	UID1759069	1	1	0	0
1	1	UID1759074	1	1	0	0
1	1	UID1759076	1	1	0	0
1	1	UID1759079	1	1	0	0
1	1	UID1759093	1	1	0	0
1	1	UID1759105	1	1	0	0
1	1	UID1759108	1	1	0	0
1	1	UID1759109	1	1	0	0
1	1	UID1759110	1	1	0	0
1	1	UID1759114	1	1	0	0
1	1	UID1759118	1	1	0	0
1	1	UID1759120	1	1	0	0
1	1	UID1759123	1	1	0	0
1	1	UID1759124	1	1	0	0
1	1	UID1759140	1	1	0	0
1	1	UID1759141	1	1	0	0
1	1	UID1759145	1	1	0	0
1	1	UID1759148	1	1	0	0
1	1	UID1759151	1	1	0	0
1	1	UID1759152	1	1	0	0
1	1	UID1759153	1	1	0	0
1	1	UID1759154	1	1	0	0
1	1	UID1759156	1	1	0	0
1	1	UID1759157	1	1	0	0
1	1	UID1759158	1	1	0	0
1	1	UID1759161	1	1	0	0
1	1	UID1759165	1	1	0	0
1	1	UID1759166	1	1	0	0
1	1	UID1759170	1	1	0	0
1	1	UID1759171	1	1	0	0
1	1	UID1759173	1	1	0	0
1	1	UID1759174	1	1	0	0
1	1	UID1759176	1	1	0	0
1	1	UID1759178	1	1	0	0
1	1	UID1759180	1	1	0	0
1	1	UID1759181	1	1	0	0
1	1	UID1759184	1	1	0	0
1	1	UID1759186	1	1	0	0
1	1	UID1759191	1	1	0	0
1	1	UID1759193	1	1	0	0
1	1	UID1759202	1	1	0	0
1	1	UID1759203	1	1	0	0
1	1	UID1759204	1	1	0	0
1	1	UID1759211	1	1	0	0
1	1	UID1759224	1	1	0	0
1	1	UID1759232	1	1	0	0
1	1	UID1759234	1	1	0	0
1	1	UID1759239	1	1	0	0
1	1	UID1759240	1	1	0	0
1	1	UID1759243	1	1	0	0
6	6	UID1759244	1	6	2	2
1	1	UID1759248	1	1	0	0
1	1	UID1759255	1	1	0	0
1	1	UID1759263	1	1	0	0
1	1	UID1759280	1	1	0	0
1	1	UID1759291	1	1	0	0
1	1	UID1759293	1	1	0	0
1	1	UID1759294	1	1	0	0
1	1	UID1759296	1	1	0	0
1	1	UID1759309	1	1	0	0
1	1	UID1759311	1	1	0	0
1	1	UID1759312	1	1	0	0
1	1	UID1759313	1	1	0	0
1	1	UID1759315	1	1	0	0
1	1	UID1759316	1	1	0	0
1	1	UID1759319	1	1	0	0
1	1	UID1759322	1	1	0	0
1	1	UID1759323	1	1	0	0
1	1	UID1759325	1	1	0	0
1	1	UID1759326	1	1	0	0
1	1	UID1759331	1	1	0	0
1	1	UID1759333	1	1	0	0
1	1	UID1759336	1	1	0	0
1	1	UID1759341	1	1	0	0
1	1	UID1759342	1	1	0	0
1	1	UID1759343	1	1	0	0
1	1	UID1759347	1	1	0	0
1	1	UID1759360	1	1	0	0
1	1	UID1759362	1	1	0	0
1	1	UID1759386	1	1	0	0
1	1	UID1759387	1	1	0	0
1	1	UID1759388	1	1	0	0
1	1	UID1759428	1	1	0	0
1	1	UID1759469	1	1	0	0
1	1	UID1759471	1	1	0	0
1	1	UID1759662	1	1	0	0
1	1	UID1759667	1	1	0	0
1	1	UID1759670	1	1	0	0
1	1	UID1759694	1	1	0	0
1	1	UID1759701	1	1	0	0
1	1	UID1759713	1	1	0	0
1	1	UID1759722	1	1	0	0
1	1	UID1759748	1	1	0	0
1	1	UID1759759	1	1	0	0
1	1	UID1759762	1	1	0	0
1	1	UID1759766	1	1	0	0
1	1	UID1759772	1	1	0	0
2	2	UID1759777	1	2	1	1
1	1	UID1759783	1	1	0	0
1	1	UID1759784	1	1	0	0
1	1	UID1759792	1	1	0	0
1	1	UID1759793	1	1	0	0
1	1	UID1759796	1	1	0	0
1	1	UID1759798	1	1	0	0
1	1	UID1759803	1	1	0	0
1	1	UID1759804	1	1	0	0
1	1	UID1759811	1	1	0	0
1	1	UID1759819	1	1	0	0
1	1	UID1759820	1	1	0	0
1	1	UID1759822	1	1	0	0
1	1	UID1759823	1	1	0	0
1	1	UID1759828	1	1	0	0
1	1	UID1759832	1	1	0	0
1	1	UID1759833	1	1	0	0
1	1	UID1759847	1	1	0	0
1	1	UID1759864	1	1	0	0
1	1	UID1759867	1	1	0	0
1	1	UID1759869	1	1	0	0
1	1	UID1759877	1	1	0	0
1	1	UID1759878	1	1	0	0
1	1	UID1759879	1	1	0	0
1	1	UID1759881	1	1	0	0
1	1	UID1759884	1	1	0	0
1	1	UID1759889	1	1	0	0
1	1	UID1759890	1	1	0	0
1	1	UID1759901	1	1	0	0
1	1	UID1759903	1	1	0	0
1	1	UID1759904	1	1	0	0
1	1	UID1759908	1	1	0	0
1	1	UID1759915	1	1	0	0
1	1	UID1759924	1	1	0	0
1	1	UID1759928	1	1	0	0
1	1	UID1759935	1	1	0	0
1	1	UID1759940	1	1	0	0
1	1	UID1759941	1	1	0	0
1	1	UID1759944	1	1	0	0
1	1	UID1759950	1	1	0	0
1	1	UID1759955	1	1	0	0
1	1	UID1759957	1	1	0	0
1	1	UID1759959	1	1	0	0
1	1	UID1759960	1	1	0	0
1	1	UID1759967	1	1	0	0
1	1	UID1759968	1	1	0	0
1	1	UID1759981	1	1	0	0
1	1	UID1759984	1	1	0	0
1	1	UID1760003	1	1	0	0
1	1	UID1760004	1	1	0	0
1	1	UID1760007	1	1	0	0
1	1	UID1760014	1	1	0	0
1	1	UID1760016	1	1	0	0
1	1	UID1760028	1	1	0	0
1	1	UID1760036	1	1	0	0
1	1	UID1760037	1	1	0	0
1	1	UID1760038	1	1	0	0
1	1	UID1760041	1	1	0	0
1	1	UID1760042	1	1	0	0
1	1	UID1760043	1	1	0	0
1	1	UID1760049	1	1	0	0
1	1	UID1760050	1	1	0	0
1	1	UID1760055	1	1	0	0
1	1	UID1760057	1	1	0	0
1	1	UID1760058	1	1	0	0
1	1	UID1760060	1	1	0	0
1	1	UID1760073	1	1	0	0
1	1	UID1760074	1	1	0	0
1	1	UID1760081	1	1	0	0
1	1	UID1760084	1	1	0	0
1	1	UID1760085	1	1	0	0
1	1	UID1760089	1	1	0	0
1	1	UID1760090	1	1	0	0
1	1	UID1760103	1	1	0	0
1	1	UID1760104	1	1	0	0
1	1	UID1760106	1	1	0	0
1	1	UID1760109	1	1	0	0
1	1	UID1760122	1	1	0	0
1	1	UID1760123	1	1	0	0
1	1	UID1760128	1	1	0	0
1	1	UID1760130	1	1	0	0
1	1	UID1760133	1	1	0	0
1	1	UID1760140	1	1	0	0
1	1	UID1760141	1	1	0	0
1	1	UID1760144	1	1	0	0
1	1	UID1760145	1	1	0	0
1	1	UID1760146	1	1	0	0
1	1	UID1760152	1	1	0	0
1	1	UID1760153	1	1	0	0
1	1	UID1760154	1	1	0	0
1	1	UID1760155	1	1	0	0
1	1	UID1760156	1	1	0	0
1	1	UID1760160	1	1	0	0
1	1	UID1760161	1	1	0	0
1	1	UID1760162	1	1	0	0
1	1	UID1760163	1	1	0	0
1	1	UID1760164	1	1	0	0
1	1	UID1760167	1	1	0	0
1	1	UID1760169	1	1	0	0
1	1	UID1760171	1	1	0	0
1	1	UID1760172	1	1	0	0
1	1	UID1760174	1	1	0	0
1	1	UID1760175	1	1	0	0
1	1	UID1760182	1	1	0	0
1	1	UID1760189	1	1	0	0
1	1	UID1760190	1	1	0	0
1	1	UID1760199	1	1	0	0
1	1	UID1760208	1	1	0	0
1	1	UID1760214	1	1	0	0
1	1	UID1760223	1	1	0	0
1	1	UID1760240	1	1	0	0
1	1	UID1760241	1	1	0	0
1	1	UID1760247	1	1	0	0
1	1	UID1760249	1	1	0	0
1	1	UID1760253	1	1	0	0
1	1	UID1760265	1	1	0	0
1	1	UID1760266	1	1	0	0
1	1	UID1760267	1	1	0	0
1	1	UID1760269	1	1	0	0
1	1	UID1760273	1	1	0	0
1	1	UID1760280	1	1	0	0
1	1	UID1760281	1	1	0	0
1	1	UID1760287	1	1	0	0
1	1	UID1760292	1	1	0	0
1	1	UID1760294	1	1	0	0
1	1	UID1760297	1	1	0	0
1	1	UID1760298	1	1	0	0
1	1	UID1760304	1	1	0	0
1	1	UID1760321	1	1	0	0
1	1	UID1760325	1	1	0	0
1	1	UID1760354	1	1	0	0
1	1	UID1760356	1	1	0	0
1	1	UID1760358	1	1	0	0
1	1	UID1760361	1	1	0	0
1	1	UID1760363	1	1	0	0
1	1	UID1760365	1	1	0	0
1	1	UID1760375	1	1	0	0
1	1	UID1760378	1	1	0	0
1	1	UID1760388	1	1	0	0
1	1	UID1760392	1	1	0	0
1	1	UID1760393	1	1	0	0
1	1	UID1760396	1	1	0	0
2	2	UID1760397	1	2	1	1
1	1	UID1760400	1	1	0	0
1	1	UID1760401	1	1	0	0
1	1	UID1760407	1	1	0	0
1	1	UID1760411	1	1	0	0
1	1	UID1760413	1	1	0	0
1	1	UID1760426	1	1	0	0
1	1	UID1760428	1	1	0	0
1	1	UID1760429	1	1	0	0
1	1	UID1760436	1	1	0	0
1	1	UID1760438	1	1	0	0
1	1	UID1760445	1	1	0	0
1	1	UID1760451	1	1	0	0
1	1	UID1760453	1	1	0	0
1	1	UID1760454	1	1	0	0
1	1	UID1760455	1	1	0	0
1	1	UID1760456	1	1	0	0
1	1	UID1760458	1	1	0	0
1	1	UID1760460	1	1	0	0
1	1	UID1760468	1	1	0	0
1	1	UID1760471	1	1	0	0
1	1	UID1760481	1	1	0	0
1	1	UID1760483	1	1	0	0
1	1	UID1760498	1	1	0	0
1	1	UID1760499	1	1	0	0
1	1	UID1760503	1	1	0	0
1	1	UID1760517	1	1	0	0
1	1	UID1760525	1	1	0	0
1	1	UID1760526	1	1	0	0
1	1	UID1760527	1	1	0	0
1	1	UID1760528	1	1	0	0
1	1	UID1760532	1	1	0	0
1	1	UID1760549	1	1	0	0
1	1	UID1760552	1	1	0	0
1	1	UID1760573	1	1	0	0
1	1	UID1760575	1	1	0	0
1	1	UID1760578	1	1	0	0
1	1	UID1760587	1	1	0	0
1	1	UID1760590	1	1	0	0
1	1	UID1760603	1	1	0	0
1	1	UID1760607	1	1	0	0
1	1	UID1760609	1	1	0	0
1	1	UID1760612	1	1	0	0
1	1	UID1760614	1	1	0	0
1	1	UID1760615	1	1	0	0
1	1	UID1760617	1	1	0	0
1	1	UID1760619	1	1	0	0
1	1	UID1760629	1	1	0	0
1	1	UID1760631	1	1	0	0
1	1	UID1760632	1	1	0	0
1	1	UID1760636	1	1	0	0
1	1	UID1760640	1	1	0	0
1	1	UID1760643	1	1	0	0
1	1	UID1760654	1	1	0	0
1	1	UID1760655	1	1	0	0
1	1	UID1760659	1	1	0	0
1	1	UID1760661	1	1	0	0
1	1	UID1760662	1	1	0	0
1	1	UID1760664	1	1	0	0
1	1	UID1760665	1	1	0	0
1	1	UID1760667	1	1	0	0
1	1	UID1760668	1	1	0	0
1	1	UID1760669	1	1	0	0
1	1	UID1760673	1	1	0	0
1	1	UID1760674	1	1	0	0
1	1	UID1760675	1	1	0	0
1	1	UID1760676	1	1	0	0
1	1	UID1760680	1	1	0	0
1	1	UID1760682	1	1	0	0
1	1	UID1760683	1	1	0	0
1	1	UID1760684	1	1	0	0
1	1	UID1760687	1	1	0	0
1	1	UID1760690	1	1	0	0
1	1	UID1760695	1	1	0	0
1	1	UID1760698	1	1	0	0
1	1	UID1760699	1	1	0	0
1	1	UID1760703	1	1	0	0
1	1	UID1760706	1	1	0	0
1	1	UID1760708	1	1	0	0
1	1	UID1760711	1	1	0	0
1	1	UID1760712	1	1	0	0
1	1	UID1760713	1	1	0	0
1	1	UID1760716	1	1	0	0
1	1	UID1760717	1	1	0	0
1	1	UID1760719	1	1	0	0
1	1	UID1760721	1	1	0	0
1	1	UID1760726	1	1	0	0
1	1	UID1760728	1	1	0	0
1	1	UID1760730	1	1	0	0
1	1	UID1760731	1	1	0	0
1	1	UID1760732	1	1	0	0
1	1	UID1760733	1	1	0	0
1	1	UID1760734	1	1	0	0
1	1	UID1760735	1	1	0	0
1	1	UID1760736	1	1	0	0
1	1	UID1760737	1	1	0	0
1	1	UID1760738	1	1	0	0
1	1	UID1760739	1	1	0	0
7	7	UID1760740	1	7	2	2
1	1	UID1760741	1	1	0	0
1	1	UID1760742	1	1	0	0
1	1	UID1760744	1	1	0	0
1	1	UID1760747	1	1	0	0
1	1	UID1760749	1	1	0	0
1	1	UID1760750	1	1	0	0
1	1	UID1760751	1	1	0	0
1	1	UID1760752	1	1	0	0
1	1	UID1760753	1	1	0	0
1	1	UID1760754	1	1	0	0
1	1	UID1760758	1	1	0	0
1	1	UID1760759	1	1	0	0
1	1	UID1760761	1	1	0	0
1	1	UID1760762	1	1	0	0
1	1	UID1760763	1	1	0	0
1	1	UID1760765	1	1	0	0
1	1	UID1760767	1	1	0	0
1	1	UID1760768	1	1	0	0
1	1	UID1760769	1	1	0	0
1	1	UID1760772	1	1	0	0
1	1	UID1760774	1	1	0	0
1	1	UID1760775	1	1	0	0
1	1	UID1760779	1	1	0	0
1	1	UID1760780	1	1	0	0
1	1	UID1760781	1	1	0	0
1	1	UID1760782	1	1	0	0
1	1	UID1760783	1	1	0	0
1	1	UID1760784	1	1	0	0
1	1	UID1760785	1	1	0	0
1	1	UID1760786	1	1	0	0
1	1	UID1760787	1	1	0	0
1	1	UID1760788	1	1	0	0
1	1	UID1760789	1	1	0	0
1	1	UID1760790	1	1	0	0
1	1	UID1760791	1	1	0	0
1	1	UID1760792	1	1	0	0
1	1	UID1760794	1	1	0	0
1	1	UID1760797	1	1	0	0
1	1	UID1760798	1	1	0	0
1	1	UID1760800	1	1	0	0
1	1	UID1760802	1	1	0	0
1	1	UID1760803	1	1	0	0
1	1	UID1760805	1	1	0	0
1	1	UID1760808	1	1	0	0
1	1	UID1760809	1	1	0	0
1	1	UID1760810	1	1	0	0
1	1	UID1760812	1	1	0	0
1	1	UID1760813	1	1	0	0
1	1	UID1760815	1	1	0	0
1	1	UID1760818	1	1	0	0
1	1	UID1760820	1	1	0	0
1	1	UID1760822	1	1	0	0
1	1	UID1760825	1	1	0	0
1	1	UID1760828	1	1	0	0
1	1	UID1760835	1	1	0	0
1	1	UID1760836	1	1	0	0
1	1	UID1760839	1	1	0	0
1	1	UID1760841	1	1	0	0
1	1	UID1760842	1	1	0	0
1	1	UID1760843	1	1	0	0
1	1	UID1760844	1	1	0	0
1	1	UID1760847	1	1	0	0
1	1	UID1760853	1	1	0	0
1	1	UID1760858	1	1	0	0
1	1	UID1760867	1	1	0	0
1	1	UID1760886	1	1	0	0
1	1	UID1760903	1	1	0	0
1	1	UID1760905	1	1	0	0
1	1	UID1760912	1	1	0	0
1	1	UID1760913	1	1	0	0
1	1	UID1760914	1	1	0	0
1	1	UID1760915	1	1	0	0
1	1	UID1760917	1	1	0	0
1	1	UID1760918	1	1	0	0
1	1	UID1760919	1	1	0	0
1	1	UID1760920	1	1	0	0
1	1	UID1760922	1	1	0	0
1	1	UID1760923	1	1	0	0
1	1	UID1760925	1	1	0	0
1	1	UID1760928	1	1	0	0
1	1	UID1760933	1	1	0	0
1	1	UID1760934	1	1	0	0
1	1	UID1760937	1	1	0	0
1	1	UID1760938	1	1	0	0
1	1	UID1760939	1	1	0	0
1	1	UID1760941	1	1	0	0
1	1	UID1760942	1	1	0	0
1	1	UID1760943	1	1	0	0
1	1	UID1760945	1	1	0	0
1	1	UID1760946	1	1	0	0
1	1	UID1760949	1	1	0	0
1	1	UID1760950	1	1	0	0
1	1	UID1760955	1	1	0	0
1	1	UID1760958	1	1	0	0
1	1	UID1760963	1	1	0	0
1	1	UID1760964	1	1	0	0
1	1	UID1760965	1	1	0	0
1	1	UID1760971	1	1	0	0
1	1	UID1760972	1	1	0	0
1	1	UID1760974	1	1	0	0
1	1	UID1760975	1	1	0	0
1	1	UID1760976	1	1	0	0
1	1	UID1760979	1	1	0	0
1	1	UID1760980	1	1	0	0
1	1	UID1760982	1	1	0	0
1	1	UID1760988	1	1	0	0
1	1	UID1760990	1	1	0	0
1	1	UID1760991	1	1	0	0
2	2	UID1760992	1	2	1	1
1	1	UID1760994	1	1	0	0
1	1	UID1760996	1	1	0	0
1	1	UID1760997	1	1	0	0
1	1	UID1760998	1	1	0	0
1	1	UID1761002	1	1	0	0
1	1	UID1761003	1	1	0	0
1	1	UID1761005	1	1	0	0
1	1	UID1761006	1	1	0	0
1	1	UID1761008	1	1	0	0
1	1	UID1761010	1	1	0	0
1	1	UID1761014	1	1	0	0
1	1	UID1761016	1	1	0	0
1	1	UID1761017	1	1	0	0
1	1	UID1761018	1	1	0	0
1	1	UID1761027	1	1	0	0
1	1	UID1761071	1	1	0	0
1	1	UID1761074	1	1	0	0
1	1	UID1761075	1	1	0	0
1	1	UID1761077	1	1	0	0
1	1	UID1761078	1	1	0	0
1	1	UID1761080	1	1	0	0
1	1	UID1761081	1	1	0	0
1	1	UID1761082	1	1	0	0
1	1	UID1761083	1	1	0	0
1	1	UID1761084	1	1	0	0
1	1	UID1761085	1	1	0	0
1	1	UID1761086	1	1	0	0
1	1	UID1761101	1	1	0	0
1	1	UID1761102	1	1	0	0
1	1	UID1761103	1	1	0	0
1	1	UID1761104	1	1	0	0
1	1	UID1761105	1	1	0	0
1	1	UID1761106	1	1	0	0
1	1	UID1761108	1	1	0	0
1	1	UID1761111	1	1	0	0
1	1	UID1761112	1	1	0	0
1	1	UID1761116	1	1	0	0
1	1	UID1761117	1	1	0	0
1	1	UID1761118	1	1	0	0
1	1	UID1761119	1	1	0	0
1	1	UID1761120	1	1	0	0
1	1	UID1761121	1	1	0	0
1	1	UID1761122	1	1	0	0
1	1	UID1761124	1	1	0	0
1	1	UID1761127	1	1	0	0
1	1	UID1761128	1	1	0	0
1	1	UID1761129	1	1	0	0
1	1	UID1761130	1	1	0	0
1	1	UID1761132	1	1	0	0
1	1	UID1761133	1	1	0	0
1	1	UID1761134	1	1	0	0
1	1	UID1761137	1	1	0	0
1	1	UID1761152	1	1	0	0
1	1	UID1761154	1	1	0	0
1	1	UID1761155	1	1	0	0
1	1	UID1761156	1	1	0	0
1	1	UID1761158	1	1	0	0
1	1	UID1761159	1	1	0	0
1	1	UID1761160	1	1	0	0
1	1	UID1761161	1	1	0	0
1	1	UID1761162	1	1	0	0
1	1	UID1761163	1	1	0	0
1	1	UID1761165	1	1	0	0
1	1	UID1761170	1	1	0	0
1	1	UID1761172	1	1	0	0
1	1	UID1761173	1	1	0	0
1	1	UID1761175	1	1	0	0
1	1	UID1761176	1	1	0	0
1	1	UID1761182	1	1	0	0
1	1	UID1761189	1	1	0	0
1	1	UID1761191	1	1	0	0
1	1	UID1761192	1	1	0	0
1	1	UID1761194	1	1	0	0
1	1	UID1761195	1	1	0	0
1	1	UID1761197	1	1	0	0
1	1	UID1761199	1	1	0	0
1	1	UID1761202	1	1	0	0
1	1	UID1761209	1	1	0	0
1	1	UID1761211	1	1	0	0
1	1	UID1761212	1	1	0	0
1	1	UID1761213	1	1	0	0
1	1	UID1761216	1	1	0	0
1	1	UID1761219	1	1	0	0
1	1	UID1761220	1	1	0	0
1	1	UID1761221	1	1	0	0
1	1	UID1761222	1	1	0	0
1	1	UID1761223	1	1	0	0
1	1	UID1761224	1	1	0	0
1	1	UID1761233	1	1	0	0
1	1	UID1761237	1	1	0	0
1	1	UID1761238	1	1	0	0
1	1	UID1761239	1	1	0	0
1	1	UID1761240	1	1	0	0
1	1	UID1761241	1	1	0	0
1	1	UID1761242	1	1	0	0
1	1	UID1761243	1	1	0	0
1	1	UID1761245	1	1	0	0
1	1	UID1761246	1	1	0	0
1	1	UID1761247	1	1	0	0
1	1	UID1761248	1	1	0	0
1	1	UID1761250	1	1	0	0
1	1	UID1761251	1	1	0	0
1	1	UID1761252	1	1	0	0
1	1	UID1761253	1	1	0	0
1	1	UID1761255	1	1	0	0
1	1	UID1761261	1	1	0	0
1	1	UID1761262	1	1	0	0
1	1	UID1761263	1	1	0	0
1	1	UID1761273	1	1	0	0
1	1	UID1761274	1	1	0	0
1	1	UID1761279	1	1	0	0
1	1	UID1761280	1	1	0	0
1	1	UID1761281	1	1	0	0
1	1	UID1761282	1	1	0	0
1	1	UID1761283	1	1	0	0
1	1	UID1761285	1	1	0	0
1	1	UID1761287	1	1	0	0
1	1	UID1761288	1	1	0	0
1	1	UID1761289	1	1	0	0
1	1	UID1761290	1	1	0	0
1	1	UID1761291	1	1	0	0
1	1	UID1761292	1	1	0	0
1	1	UID1761293	1	1	0	0
1	1	UID1761294	1	1	0	0
1	1	UID1761295	1	1	0	0
2	2	UID1761297	1	2	1	1
1	1	UID1761299	1	1	0	0
1	1	UID1761301	1	1	0	0
1	1	UID1761311	1	1	0	0
1	1	UID1761330	1	1	0	0
1	1	UID1761332	1	1	0	0
1	1	UID1761338	1	1	0	0
1	1	UID1761339	1	1	0	0
1	1	UID1761344	1	1	0	0
1	1	UID1761345	1	1	0	0
1	1	UID1761346	1	1	0	0
1	1	UID1761348	1	1	0	0
1	1	UID1761350	1	1	0	0
1	1	UID1761352	1	1	0	0
1	1	UID1761353	1	1	0	0
1	1	UID1761354	1	1	0	0
1	1	UID1761355	1	1	0	0
1	1	UID1761360	1	1	0	0
1	1	UID1761366	1	1	0	0
1	1	UID1761372	1	1	0	0
1	1	UID1761375	1	1	0	0
1	1	UID1761397	1	1	0	0
1	1	UID1761398	1	1	0	0
1	1	UID1761418	1	1	0	0
1	1	UID1761422	1	1	0	0
1	1	UID1761423	1	1	0	0
1	1	UID1761443	1	1	0	0
1	1	UID1761446	1	1	0	0
1	1	UID1761448	1	1	0	0
1	1	UID1761454	1	1	0	0
1	1	UID1761464	1	1	0	0
1	1	UID1761472	1	1	0	0
1	1	UID1761473	1	1	0	0
1	1	UID1761476	1	1	0	0
1	1	UID1761481	1	1	0	0
1	1	UID1761493	1	1	0	0
1	1	UID1761494	1	1	0	0
1	1	UID1761497	1	1	0	0
1	1	UID1761498	1	1	0	0
1	1	UID1761505	1	1	0	0
1	1	UID1761507	1	1	0	0
1	1	UID1761514	1	1	0	0
1	1	UID1761515	1	1	0	0
1	1	UID1761516	1	1	0	0
1	1	UID1761517	1	1	0	0
1	1	UID1761518	1	1	0	0
1	1	UID1761528	1	1	0	0
1	1	UID1761530	1	1	0	0
1	1	UID1761533	1	1	0	0
1	1	UID1761534	1	1	0	0
1	1	UID1761539	1	1	0	0
1	1	UID1761540	1	1	0	0
1	1	UID1761541	1	1	0	0
1	1	UID1761547	1	1	0	0
1	1	UID1761549	1	1	0	0
1	1	UID1761551	1	1	0	0
1	1	UID1761554	1	1	0	0
1	1	UID1761556	1	1	0	0
1	1	UID1761564	1	1	0	0
1	1	UID1761565	1	1	0	0
1	1	UID1761568	1	1	0	0
1	1	UID1761569	1	1	0	0
1	1	UID1761572	1	1	0	0
1	1	UID1761573	1	1	0	0
1	1	UID1761574	1	1	0	0
1	1	UID1761575	1	1	0	0
1	1	UID1761577	1	1	0	0
1	1	UID1761580	1	1	0	0
1	1	UID1761588	1	1	0	0
1	1	UID1761600	1	1	0	0
1	1	UID1761601	1	1	0	0
1	1	UID1761603	1	1	0	0
1	1	UID1761604	1	1	0	0
1	1	UID1761605	1	1	0	0
1	1	UID1761612	1	1	0	0
1	1	UID1761617	1	1	0	0
1	1	UID1761618	1	1	0	0
1	1	UID1761619	1	1	0	0
1	1	UID1761620	1	1	0	0
1	1	UID1761622	1	1	0	0
1	1	UID1761625	1	1	0	0
1	1	UID1761630	1	1	0	0
1	1	UID1761636	1	1	0	0
1	1	UID1761640	1	1	0	0
1	1	UID1761641	1	1	0	0
1	1	UID1761653	1	1	0	0
1	1	UID1761654	1	1	0	0
1	1	UID1761655	1	1	0	0
1	1	UID1761659	1	1	0	0
1	1	UID1761660	1	1	0	0
1	1	UID1761661	1	1	0	0
1	1	UID1761662	1	1	0	0
1	1	UID1761663	1	1	0	0
1	1	UID1761664	1	1	0	0
1	1	UID1761678	1	1	0	0
1	1	UID1761681	1	1	0	0
1	1	UID1761698	1	1	0	0
1	1	UID1761699	1	1	0	0
1	1	UID1761700	1	1	0	0
1	1	UID1761704	1	1	0	0
1	1	UID1761707	1	1	0	0
1	1	UID1761713	1	1	0	0
1	1	UID1761716	1	1	0	0
1	1	UID1761722	1	1	0	0
1	1	UID1761724	1	1	0	0
1	1	UID1761726	1	1	0	0
1	1	UID1761739	1	1	0	0
1	1	UID1761740	1	1	0	0
1	1	UID1761748	1	1	0	0
1	1	UID1761749	1	1	0	0
1	1	UID1761750	1	1	0	0
1	1	UID1761751	1	1	0	0
1	1	UID1761753	1	1	0	0
1	1	UID1761758	1	1	0	0
1	1	UID1761764	1	1	0	0
1	1	UID1761765	1	1	0	0
1	1	UID1761766	1	1	0	0
1	1	UID1761767	1	1	0	0
1	1	UID1761768	1	1	0	0
1	1	UID1761771	1	1	0	0
1	1	UID1761786	1	1	0	0
1	1	UID1761789	1	1	0	0
1	1	UID1761793	1	1	0	0
1	1	UID1761797	1	1	0	0
1	1	UID1761800	1	1	0	0
1	1	UID1761803	1	1	0	0
1	1	UID1761806	1	1	0	0
1	1	UID1761807	1	1	0	0
1	1	UID1761808	1	1	0	0
1	1	UID1761811	1	1	0	0
1	1	UID1761812	1	1	0	0
1	1	UID1761813	1	1	0	0
1	1	UID1761814	1	1	0	0
1	1	UID1761827	1	1	0	0
1	1	UID1761831	1	1	0	0
1	1	UID1761832	1	1	0	0
1	1	UID1761834	1	1	0	0
1	1	UID1761836	1	1	0	0
1	1	UID1761845	1	1	0	0
1	1	UID1761846	1	1	0	0
1	1	UID1761850	1	1	0	0
1	1	UID1761866	1	1	0	0
1	1	UID1761867	1	1	0	0
1	1	UID1761870	1	1	0	0
1	1	UID1761872	1	1	0	0
1	1	UID1761873	1	1	0	0
1	1	UID1761877	1	1	0	0
1	1	UID1761878	1	1	0	0
1	1	UID1761886	1	1	0	0
1	1	UID1761900	1	1	0	0
1	1	UID1761901	1	1	0	0
1	1	UID1761902	1	1	0	0
1	1	UID1761905	1	1	0	0
1	1	UID1761918	1	1	0	0
1	1	UID1761920	1	1	0	0
1	1	UID1761921	1	1	0	0
1	1	UID1761923	1	1	0	0
1	1	UID1761930	1	1	0	0
1	1	UID1761931	1	1	0	0
1	1	UID1761932	1	1	0	0
1	1	UID1761946	1	1	0	0
1	1	UID1761949	1	1	0	0
1	1	UID1761959	1	1	0	0
1	1	UID1761966	1	1	0	0
1	1	UID1761970	1	1	0	0
1	1	UID1761971	1	1	0	0
1	1	UID1761977	1	1	0	0
1	1	UID1761979	1	1	0	0
1	1	UID1761981	1	1	0	0
1	1	UID1761983	1	1	0	0
1	1	UID1761985	1	1	0	0
1	1	UID1761986	1	1	0	0
1	1	UID1761987	1	1	0	0
1	1	UID1761990	1	1	0	0
1	1	UID1761991	1	1	0	0
1	1	UID1761992	1	1	0	0
1	1	UID1762005	1	1	0	0
1	1	UID1762011	1	1	0	0
1	1	UID1762013	1	1	0	0
1	1	UID1762015	1	1	0	0
1	1	UID1762018	1	1	0	0
1	1	UID1762020	1	1	0	0
1	1	UID1762030	1	1	0	0
1	1	UID1762032	1	1	0	0
1	1	UID1762034	1	1	0	0
1	1	UID1762037	1	1	0	0
1	1	UID1762040	1	1	0	0
1	1	UID1762042	1	1	0	0
1	1	UID1762045	1	1	0	0
1	1	UID1762046	1	1	0	0
1	1	UID1762048	1	1	0	0
1	1	UID1762049	1	1	0	0
1	1	UID1762050	1	1	0	0
1	1	UID1762055	1	1	0	0
1	1	UID1762056	1	1	0	0
1	1	UID1762062	1	1	0	0
1	1	UID1762065	1	1	0	0
1	1	UID1762070	1	1	0	0
1	1	UID1762077	1	1	0	0
1	1	UID1762079	1	1	0	0
1	1	UID1762080	1	1	0	0
1	1	UID1762081	1	1	0	0
1	1	UID1762082	1	1	0	0
1	1	UID1762083	1	1	0	0
1	1	UID1762084	1	1	0	0
1	1	UID1762085	1	1	0	0
1	1	UID1762086	1	1	0	0
1	1	UID1762087	1	1	0	0
1	1	UID1762090	1	1	0	0
1	1	UID1762093	1	1	0	0
1	1	UID1762095	1	1	0	0
1	1	UID1762100	1	1	0	0
1	1	UID1762112	1	1	0	0
1	1	UID1762115	1	1	0	0
1	1	UID1762116	1	1	0	0
1	1	UID1762119	1	1	0	0
1	1	UID1762120	1	1	0	0
1	1	UID1762122	1	1	0	0
1	1	UID1762131	1	1	0	0
1	1	UID1762136	1	1	0	0
1	1	UID1762137	1	1	0	0
1	1	UID1762139	1	1	0	0
1	1	UID1762148	1	1	0	0
1	1	UID1762156	1	1	0	0
1	1	UID1762160	1	1	0	0
1	1	UID1762167	1	1	0	0
1	1	UID1762170	1	1	0	0
1	1	UID1762171	1	1	0	0
1	1	UID1762174	1	1	0	0
1	1	UID1762176	1	1	0	0
1	1	UID1762177	1	1	0	0
1	1	UID1762178	1	1	0	0
1	1	UID1762180	1	1	0	0
1	1	UID1762181	1	1	0	0
1	1	UID1762182	1	1	0	0
1	1	UID1762185	1	1	0	0
1	1	UID1762187	1	1	0	0
1	1	UID1762190	1	1	0	0
1	1	UID1762192	1	1	0	0
1	1	UID1762194	1	1	0	0
1	1	UID1762197	1	1	0	0
1	1	UID1762200	1	1	0	0
1	1	UID1762202	1	1	0	0
1	1	UID189212	1	1	0	0
1	1	UID220453	1	1	0	0
1	1	UID236271	1	1	0	0
1	1	UID24338	1	1	0	0
1	1	UID243867	1	1	0	0
2	2	UID303157	1	2	1	1
1	1	UID32133	1	1	0	0
1	1	UID397753	1	1	0	0
1	1	UID43988	1	1	0	0
1	1	UID448	1	1	0	0
1	1	UID450	1	1	0	0
1	1	UID51670	1	1	0	0
1	1	UID56864	1	1	0	0
1	1	UID572647	1	1	0	0
1	1	UID656502	1	1	0	0
1	1	UID658105	1	1	0	0
1	1	UID663587	1	1	0	0
1	1	UID683902	1	1	0	0
1	1	UID73328	1	1	0	0
1	1	UID769227	1	1	0	0
1	1	UID792636	1	1	0	0
1	1	UID8037	1	1	0	0
1	1	UID8133	1	1	0	0
1	1	UID82809	1	1	0	0
1	1	UID831513	1	1	0	0
1	1	UID8510	1	1	0	0
1	1	UID894878	1	1	0	0
1	1	UID935	1	1	0	0
1	1	UID955509	1	1	0	0
1	1	UID965332	1	1	0	0
