2278	14434	UID1	8014	1814	7	7
1489	5005	UID39	2295	1155	4	4
569	1937	UID2	937	422	4	4
248	494	UID960	204	224	4	4
181	429	UID536	202	147	3	3
11	38	UID138	28	10	2	2
22	48	UID29	27	21	1	1
25	51	UID99	25	22	1	1
10	33	UID149	24	9	1	1
22	46	UID85	22	19	3	3
15	36	UID115	21	13	1	1
11	31	UID18	21	10	1	1
21	43	UID72	21	18	1	1
14	33	UID228	20	13	1	1
18	36	UID189	19	17	2	2
18	36	UID207	19	17	1	1
12	29	UID146	18	11	1	1
10	26	UID131	17	9	1	1
10	24	UID22	15	9	1	1
7	21	UID303	15	6	1	1
12	25	UID157	14	11	1	1
25	38	UID94	13	23	2	2
18	30	UID105242	12	16	1	1
10	21	UID108	12	9	1	1
13	24	UID122	12	12	1	1
8	19	UID180	12	7	1	1
10	21	UID194	11	8	1	1
13	23	UID208	11	12	1	1
12	22	UID84	11	11	1	1
5	13	UID173	9	4	1	1
11	19	UID206	9	10	2	2
8	15	UID221	8	7	1	1
18	25	UID23	8	17	2	2
4	11	UID610	8	3	1	1
5	11	UID158	7	4	1	1
4	10	UID440	7	3	1	1
5	10	UID1461048	6	4	0	0
13	19	UID168480	6	11	2	2
3	8	UID5540	6	2	1	1
9	13	UID248	5	8	1	1
8	12	UID294	5	7	1	1
6	10	UID376	5	5	1	1
2	6	UID580	5	1	1	1
5	9	UID8025	5	4	1	1
2	5	UID292	4	1	1	1
1	4	UID520	4	0	0	0
5	8	UID685	4	4	1	1
4	7	UID843	4	3	1	1
2	4	UID107819	3	1	0	0
3	5	UID1322	3	2	2	2
3	5	UID1328	3	2	1	1
4	6	UID242	3	3	1	1
2	4	UID250543	3	1	1	1
1	3	UID250900	3	0	0	0
4	6	UID293	3	3	1	1
3	5	UID374	3	2	1	1
2	4	UID375	3	1	0	0
3	5	UID4054	3	2	1	1
5	7	UID441	3	4	1	1
4	7	UID496	3	2	1	1
3	5	UID497	3	2	1	1
1	3	UID525	3	0	0	0
1	3	UID5567	3	0	0	0
3	5	UID608	3	2	1	1
3	5	UID611	3	2	1	1
2	4	UID703	3	1	1	1
2	4	UID744	3	1	0	0
2	4	UID808	3	1	1	1
3	5	UID912	3	2	1	1
1	3	UID922	3	0	0	0
3	4	UID247	2	2	1	1
4	5	UID250585	2	3	1	1
2	3	UID250712	2	1	1	1
5	6	UID310	2	4	2	2
6	7	UID312	2	5	2	2
3	4	UID352	2	2	1	1
7	8	UID394	2	6	1	1
4	5	UID521	2	3	1	1
4	5	UID5500	2	3	1	1
2	3	UID5543	2	1	1	1
5	6	UID558	2	4	1	1
5	6	UID606	2	4	1	1
6	7	UID607	2	5	1	1
4	5	UID736	2	3	1	1
2	3	UID738	2	1	1	1
1	2	UID752	2	0	0	0
1	2	UID7991	2	0	0	0
4	5	UID928	2	3	1	1
7	7	UID10066	1	7	2	2
1	1	UID1067867	1	1	0	0
1	1	UID1345147	1	1	0	0
4	4	UID135075	1	4	2	2
1	1	UID1420171	1	1	0	0
3	3	UID1421527	1	3	2	2
1	1	UID1461078	1	1	0	0
1	1	UID1461079	1	1	0	0
1	1	UID1461088	1	1	0	0
1	1	UID1461092	1	1	0	0
1	1	UID1461096	1	1	0	0
1	1	UID1461097	1	1	0	0
1	1	UID1461101	1	1	0	0
1	1	UID1461105	1	1	0	0
1	1	UID1461106	1	1	0	0
1	1	UID1461107	1	1	0	0
1	1	UID1461112	1	1	0	0
1	1	UID1461114	1	1	0	0
1	1	UID1461118	1	1	0	0
1	1	UID1461119	1	1	0	0
1	1	UID1461121	1	1	0	0
1	1	UID1461123	1	1	0	0
1	1	UID1461124	1	1	0	0
1	1	UID1461125	1	1	0	0
1	1	UID1461127	1	1	0	0
1	1	UID1461128	1	1	0	0
1	1	UID1461130	1	1	0	0
1	1	UID1461131	1	1	0	0
1	1	UID1461133	1	1	0	0
1	1	UID1461136	1	1	0	0
1	1	UID1461140	1	1	0	0
1	1	UID1461147	1	1	0	0
1	1	UID1461152	1	1	0	0
1	1	UID1461164	1	1	0	0
1	1	UID1461165	1	1	0	0
1	1	UID1461174	1	1	0	0
1	1	UID1461186	1	1	0	0
1	1	UID1461193	1	1	0	0
1	1	UID1461197	1	1	0	0
1	1	UID1461199	1	1	0	0
1	1	UID1461201	1	1	0	0
1	1	UID1461202	1	1	0	0
1	1	UID1461210	1	1	0	0
1	1	UID1461213	1	1	0	0
1	1	UID1461215	1	1	0	0
1	1	UID1461218	1	1	0	0
1	1	UID1461219	1	1	0	0
1	1	UID1461221	1	1	0	0
1	1	UID1461223	1	1	0	0
1	1	UID1461224	1	1	0	0
1	1	UID1461225	1	1	0	0
1	1	UID1461229	1	1	0	0
1	1	UID1461235	1	1	0	0
1	1	UID1461241	1	1	0	0
1	1	UID1461242	1	1	0	0
1	1	UID1461243	1	1	0	0
1	1	UID1461244	1	1	0	0
1	1	UID1461248	1	1	0	0
1	1	UID1461249	1	1	0	0
1	1	UID1461256	1	1	0	0
1	1	UID1461263	1	1	0	0
1	1	UID1461266	1	1	0	0
1	1	UID1461274	1	1	0	0
1	1	UID1461276	1	1	0	0
1	1	UID1461279	1	1	0	0
1	1	UID1461285	1	1	0	0
1	1	UID1461295	1	1	0	0
1	1	UID1461299	1	1	0	0
1	1	UID1461302	1	1	0	0
1	1	UID1461303	1	1	0	0
1	1	UID1461309	1	1	0	0
1	1	UID1461310	1	1	0	0
1	1	UID1461314	1	1	0	0
1	1	UID1461317	1	1	0	0
1	1	UID1461323	1	1	0	0
1	1	UID1461324	1	1	0	0
1	1	UID1461325	1	1	0	0
1	1	UID1461330	1	1	0	0
1	1	UID1461342	1	1	0	0
1	1	UID1461343	1	1	0	0
1	1	UID1461349	1	1	0	0
1	1	UID1461352	1	1	0	0
1	1	UID1461353	1	1	0	0
1	1	UID1461354	1	1	0	0
1	1	UID1461360	1	1	0	0
1	1	UID1461367	1	1	0	0
1	1	UID1461368	1	1	0	0
1	1	UID1461369	1	1	0	0
1	1	UID1461372	1	1	0	0
1	1	UID1461373	1	1	0	0
1	1	UID1461374	1	1	0	0
1	1	UID1461375	1	1	0	0
1	1	UID1461376	1	1	0	0
1	1	UID1461378	1	1	0	0
1	1	UID1461379	1	1	0	0
1	1	UID1461380	1	1	0	0
1	1	UID1461386	1	1	0	0
1	1	UID1461393	1	1	0	0
1	1	UID1461396	1	1	0	0
1	1	UID1461397	1	1	0	0
1	1	UID1461407	1	1	0	0
1	1	UID1461418	1	1	0	0
1	1	UID1461426	1	1	0	0
1	1	UID1461428	1	1	0	0
1	1	UID1461435	1	1	0	0
1	1	UID1461436	1	1	0	0
1	1	UID1461437	1	1	0	0
1	1	UID1461441	1	1	0	0
1	1	UID1461442	1	1	0	0
1	1	UID1461447	1	1	0	0
1	1	UID1461448	1	1	0	0
1	1	UID1461452	1	1	0	0
1	1	UID1461455	1	1	0	0
1	1	UID1461461	1	1	0	0
1	1	UID1461466	1	1	0	0
1	1	UID1461467	1	1	0	0
1	1	UID1461469	1	1	0	0
1	1	UID1461480	1	1	0	0
1	1	UID1461481	1	1	0	0
1	1	UID1461483	1	1	0	0
1	1	UID1461484	1	1	0	0
1	1	UID1461485	1	1	0	0
1	1	UID1461486	1	1	0	0
1	1	UID1461488	1	1	0	0
1	1	UID1461489	1	1	0	0
1	1	UID1461490	1	1	0	0
1	1	UID1461491	1	1	0	0
1	1	UID1461503	1	1	0	0
1	1	UID1461510	1	1	0	0
1	1	UID1461511	1	1	0	0
1	1	UID1461517	1	1	0	0
1	1	UID1461520	1	1	0	0
1	1	UID1461521	1	1	0	0
1	1	UID1461528	1	1	0	0
1	1	UID1461531	1	1	0	0
1	1	UID1461532	1	1	0	0
1	1	UID1461533	1	1	0	0
1	1	UID1461535	1	1	0	0
1	1	UID1461536	1	1	0	0
1	1	UID1461539	1	1	0	0
1	1	UID1461541	1	1	0	0
1	1	UID1461556	1	1	0	0
1	1	UID1461560	1	1	0	0
1	1	UID1461561	1	1	0	0
1	1	UID1461562	1	1	0	0
1	1	UID1461564	1	1	0	0
1	1	UID1461565	1	1	0	0
1	1	UID1461566	1	1	0	0
1	1	UID1461567	1	1	0	0
1	1	UID1461570	1	1	0	0
1	1	UID1461573	1	1	0	0
1	1	UID1461579	1	1	0	0
1	1	UID1461580	1	1	0	0
1	1	UID1461587	1	1	0	0
1	1	UID1461588	1	1	0	0
1	1	UID1461590	1	1	0	0
1	1	UID1461598	1	1	0	0
1	1	UID1461600	1	1	0	0
1	1	UID1461608	1	1	0	0
1	1	UID1461615	1	1	0	0
1	1	UID1461626	1	1	0	0
1	1	UID1461628	1	1	0	0
1	1	UID1461635	1	1	0	0
1	1	UID1461637	1	1	0	0
1	1	UID1461638	1	1	0	0
1	1	UID1461642	1	1	0	0
1	1	UID1461645	1	1	0	0
1	1	UID1461648	1	1	0	0
1	1	UID1461653	1	1	0	0
1	1	UID1461654	1	1	0	0
1	1	UID1461659	1	1	0	0
1	1	UID1461668	1	1	0	0
1	1	UID1461669	1	1	0	0
1	1	UID1461675	1	1	0	0
1	1	UID1461682	1	1	0	0
1	1	UID1461686	1	1	0	0
1	1	UID1461688	1	1	0	0
1	1	UID1461690	1	1	0	0
1	1	UID1461691	1	1	0	0
1	1	UID1461698	1	1	0	0
1	1	UID1461699	1	1	0	0
1	1	UID1461707	1	1	0	0
1	1	UID1461708	1	1	0	0
1	1	UID1461710	1	1	0	0
1	1	UID1461714	1	1	0	0
1	1	UID1461719	1	1	0	0
1	1	UID1461723	1	1	0	0
1	1	UID1461725	1	1	0	0
1	1	UID1461744	1	1	0	0
1	1	UID1461748	1	1	0	0
1	1	UID1461752	1	1	0	0
1	1	UID1461753	1	1	0	0
1	1	UID1461754	1	1	0	0
1	1	UID1461755	1	1	0	0
1	1	UID1461756	1	1	0	0
1	1	UID1461757	1	1	0	0
1	1	UID1461758	1	1	0	0
1	1	UID1461759	1	1	0	0
1	1	UID1461768	1	1	0	0
1	1	UID1461769	1	1	0	0
1	1	UID1461770	1	1	0	0
1	1	UID1461771	1	1	0	0
1	1	UID1461772	1	1	0	0
1	1	UID1461774	1	1	0	0
1	1	UID1461775	1	1	0	0
1	1	UID1461783	1	1	0	0
1	1	UID1461785	1	1	0	0
1	1	UID1461786	1	1	0	0
1	1	UID1461787	1	1	0	0
1	1	UID1461788	1	1	0	0
1	1	UID1461789	1	1	0	0
1	1	UID1461790	1	1	0	0
1	1	UID1461792	1	1	0	0
1	1	UID1461795	1	1	0	0
1	1	UID1461799	1	1	0	0
1	1	UID1461800	1	1	0	0
1	1	UID1461801	1	1	0	0
1	1	UID1461810	1	1	0	0
1	1	UID1461811	1	1	0	0
1	1	UID1461813	1	1	0	0
1	1	UID1461828	1	1	0	0
1	1	UID1461830	1	1	0	0
1	1	UID1461831	1	1	0	0
1	1	UID1461832	1	1	0	0
1	1	UID1461834	1	1	0	0
1	1	UID1461838	1	1	0	0
1	1	UID1461839	1	1	0	0
1	1	UID1461843	1	1	0	0
1	1	UID1461844	1	1	0	0
1	1	UID1461846	1	1	0	0
1	1	UID1461847	1	1	0	0
1	1	UID1461851	1	1	0	0
1	1	UID1461853	1	1	0	0
1	1	UID1461854	1	1	0	0
1	1	UID1461855	1	1	0	0
1	1	UID1461860	1	1	0	0
1	1	UID1461867	1	1	0	0
1	1	UID1461879	1	1	0	0
1	1	UID1461891	1	1	0	0
1	1	UID1461893	1	1	0	0
1	1	UID1461899	1	1	0	0
1	1	UID1461909	1	1	0	0
1	1	UID1461911	1	1	0	0
1	1	UID1461918	1	1	0	0
1	1	UID1461973	1	1	0	0
1	1	UID1461974	1	1	0	0
1	1	UID1461975	1	1	0	0
1	1	UID1461996	1	1	0	0
1	1	UID1462024	1	1	0	0
1	1	UID1462028	1	1	0	0
1	1	UID1462075	1	1	0	0
1	1	UID1462090	1	1	0	0
1	1	UID1462117	1	1	0	0
1	1	UID1462118	1	1	0	0
1	1	UID1462119	1	1	0	0
1	1	UID1462120	1	1	0	0
1	1	UID1462125	1	1	0	0
1	1	UID1462155	1	1	0	0
1	1	UID1462168	1	1	0	0
1	1	UID1462169	1	1	0	0
1	1	UID1462176	1	1	0	0
1	1	UID1462178	1	1	0	0
1	1	UID1462184	1	1	0	0
1	1	UID1462187	1	1	0	0
1	1	UID1462192	1	1	0	0
1	1	UID1462193	1	1	0	0
1	1	UID1462195	1	1	0	0
1	1	UID1462196	1	1	0	0
1	1	UID1462200	1	1	0	0
1	1	UID1462208	1	1	0	0
1	1	UID1462212	1	1	0	0
1	1	UID1462214	1	1	0	0
1	1	UID1462215	1	1	0	0
1	1	UID1462216	1	1	0	0
1	1	UID1462217	1	1	0	0
1	1	UID1462218	1	1	0	0
1	1	UID1462219	1	1	0	0
1	1	UID1462220	1	1	0	0
1	1	UID1462221	1	1	0	0
1	1	UID1462223	1	1	0	0
1	1	UID1462228	1	1	0	0
1	1	UID1462229	1	1	0	0
1	1	UID1462234	1	1	0	0
1	1	UID1462239	1	1	0	0
1	1	UID1462243	1	1	0	0
1	1	UID1462246	1	1	0	0
1	1	UID1462251	1	1	0	0
1	1	UID1462252	1	1	0	0
1	1	UID1462253	1	1	0	0
1	1	UID1462254	1	1	0	0
1	1	UID1462255	1	1	0	0
1	1	UID1462256	1	1	0	0
1	1	UID1462259	1	1	0	0
1	1	UID1462263	1	1	0	0
1	1	UID1462265	1	1	0	0
1	1	UID1462268	1	1	0	0
1	1	UID1462270	1	1	0	0
1	1	UID1462271	1	1	0	0
1	1	UID1462272	1	1	0	0
1	1	UID1462275	1	1	0	0
1	1	UID1462276	1	1	0	0
1	1	UID1462280	1	1	0	0
1	1	UID1462281	1	1	0	0
1	1	UID1462282	1	1	0	0
1	1	UID1462284	1	1	0	0
1	1	UID1462287	1	1	0	0
1	1	UID1462288	1	1	0	0
1	1	UID1462289	1	1	0	0
1	1	UID1462290	1	1	0	0
1	1	UID1462291	1	1	0	0
1	1	UID1462295	1	1	0	0
1	1	UID1462296	1	1	0	0
1	1	UID1462297	1	1	0	0
1	1	UID1462298	1	1	0	0
1	1	UID1462299	1	1	0	0
1	1	UID1462301	1	1	0	0
1	1	UID1462304	1	1	0	0
1	1	UID1462305	1	1	0	0
1	1	UID1462306	1	1	0	0
1	1	UID1462309	1	1	0	0
1	1	UID1462310	1	1	0	0
1	1	UID1462313	1	1	0	0
1	1	UID1462315	1	1	0	0
1	1	UID1462317	1	1	0	0
1	1	UID1462323	1	1	0	0
1	1	UID1462324	1	1	0	0
1	1	UID1462325	1	1	0	0
4	4	UID1462329	1	4	2	2
1	1	UID1462331	1	1	0	0
1	1	UID1462332	1	1	0	0
1	1	UID1462339	1	1	0	0
1	1	UID1462340	1	1	0	0
1	1	UID1462341	1	1	0	0
1	1	UID1462342	1	1	0	0
1	1	UID1462343	1	1	0	0
1	1	UID1462345	1	1	0	0
1	1	UID1462346	1	1	0	0
1	1	UID1462347	1	1	0	0
1	1	UID1462348	1	1	0	0
1	1	UID1462359	1	1	0	0
1	1	UID1462365	1	1	0	0
1	1	UID1462373	1	1	0	0
1	1	UID1462377	1	1	0	0
1	1	UID1462382	1	1	0	0
1	1	UID1462383	1	1	0	0
1	1	UID1462389	1	1	0	0
1	1	UID1462391	1	1	0	0
1	1	UID1462397	1	1	0	0
1	1	UID1462398	1	1	0	0
1	1	UID1462405	1	1	0	0
1	1	UID1462407	1	1	0	0
1	1	UID1462411	1	1	0	0
1	1	UID1462413	1	1	0	0
1	1	UID1462416	1	1	0	0
1	1	UID1462436	1	1	0	0
1	1	UID1462437	1	1	0	0
1	1	UID1462438	1	1	0	0
1	1	UID1462456	1	1	0	0
1	1	UID1462457	1	1	0	0
1	1	UID1462476	1	1	0	0
1	1	UID1462477	1	1	0	0
1	1	UID1462480	1	1	0	0
1	1	UID1462486	1	1	0	0
1	1	UID1462487	1	1	0	0
1	1	UID1462495	1	1	0	0
1	1	UID1462504	1	1	0	0
1	1	UID1462505	1	1	0	0
1	1	UID1462510	1	1	0	0
1	1	UID1462511	1	1	0	0
1	1	UID1462514	1	1	0	0
1	1	UID1462520	1	1	0	0
1	1	UID1462521	1	1	0	0
1	1	UID1462523	1	1	0	0
1	1	UID1462524	1	1	0	0
1	1	UID1462525	1	1	0	0
1	1	UID1462526	1	1	0	0
1	1	UID1462528	1	1	0	0
1	1	UID1462529	1	1	0	0
1	1	UID1462532	1	1	0	0
1	1	UID1462538	1	1	0	0
1	1	UID1462539	1	1	0	0
1	1	UID1462540	1	1	0	0
1	1	UID1462554	1	1	0	0
1	1	UID1462556	1	1	0	0
1	1	UID1462557	1	1	0	0
1	1	UID1462559	1	1	0	0
1	1	UID1462562	1	1	0	0
1	1	UID1462565	1	1	0	0
1	1	UID1462566	1	1	0	0
1	1	UID1462571	1	1	0	0
1	1	UID1462576	1	1	0	0
1	1	UID1462587	1	1	0	0
1	1	UID1462588	1	1	0	0
1	1	UID1462597	1	1	0	0
1	1	UID1462598	1	1	0	0
1	1	UID1462599	1	1	0	0
1	1	UID1462608	1	1	0	0
1	1	UID1462609	1	1	0	0
1	1	UID1462611	1	1	0	0
1	1	UID1462614	1	1	0	0
1	1	UID1462616	1	1	0	0
1	1	UID1462618	1	1	0	0
1	1	UID1462623	1	1	0	0
1	1	UID1462624	1	1	0	0
1	1	UID1462629	1	1	0	0
1	1	UID1462632	1	1	0	0
1	1	UID1462634	1	1	0	0
1	1	UID1462642	1	1	0	0
1	1	UID1462643	1	1	0	0
1	1	UID1462644	1	1	0	0
1	1	UID1462645	1	1	0	0
1	1	UID1462646	1	1	0	0
1	1	UID1462647	1	1	0	0
1	1	UID1462650	1	1	0	0
1	1	UID1462651	1	1	0	0
1	1	UID1462652	1	1	0	0
1	1	UID1462653	1	1	0	0
1	1	UID1462656	1	1	0	0
1	1	UID1462664	1	1	0	0
1	1	UID1462665	1	1	0	0
1	1	UID1462675	1	1	0	0
1	1	UID1462676	1	1	0	0
1	1	UID1462678	1	1	0	0
1	1	UID1462686	1	1	0	0
1	1	UID1462696	1	1	0	0
1	1	UID1462697	1	1	0	0
1	1	UID1462702	1	1	0	0
1	1	UID1462705	1	1	0	0
1	1	UID1462713	1	1	0	0
1	1	UID1462717	1	1	0	0
1	1	UID1462718	1	1	0	0
1	1	UID1462724	1	1	0	0
1	1	UID1462737	1	1	0	0
1	1	UID1462741	1	1	0	0
1	1	UID1462746	1	1	0	0
1	1	UID1462758	1	1	0	0
1	1	UID1462760	1	1	0	0
1	1	UID1462761	1	1	0	0
1	1	UID1462766	1	1	0	0
1	1	UID1462767	1	1	0	0
3	3	UID1462768	1	3	2	2
1	1	UID1462772	1	1	0	0
1	1	UID1462779	1	1	0	0
1	1	UID1462780	1	1	0	0
1	1	UID1462785	1	1	0	0
1	1	UID1462789	1	1	0	0
1	1	UID1462792	1	1	0	0
1	1	UID1462793	1	1	0	0
1	1	UID1462809	1	1	0	0
1	1	UID1462823	1	1	0	0
1	1	UID1462824	1	1	0	0
1	1	UID1462826	1	1	0	0
1	1	UID1462840	1	1	0	0
1	1	UID1462842	1	1	0	0
1	1	UID1462843	1	1	0	0
1	1	UID1462847	1	1	0	0
1	1	UID1462851	1	1	0	0
1	1	UID1462854	1	1	0	0
1	1	UID1462858	1	1	0	0
1	1	UID1462862	1	1	0	0
1	1	UID1462866	1	1	0	0
1	1	UID1462869	1	1	0	0
1	1	UID1462872	1	1	0	0
1	1	UID1462883	1	1	0	0
1	1	UID1462889	1	1	0	0
1	1	UID1462895	1	1	0	0
1	1	UID1462898	1	1	0	0
1	1	UID1462901	1	1	0	0
1	1	UID1462906	1	1	0	0
1	1	UID1462908	1	1	0	0
1	1	UID1462910	1	1	0	0
1	1	UID1462912	1	1	0	0
1	1	UID1462916	1	1	0	0
1	1	UID1462920	1	1	0	0
1	1	UID1462924	1	1	0	0
1	1	UID1462927	1	1	0	0
1	1	UID1462929	1	1	0	0
1	1	UID1462930	1	1	0	0
1	1	UID1462933	1	1	0	0
1	1	UID1462941	1	1	0	0
1	1	UID1462942	1	1	0	0
1	1	UID1462944	1	1	0	0
1	1	UID1462945	1	1	0	0
1	1	UID1462948	1	1	0	0
1	1	UID1462952	1	1	0	0
1	1	UID1462957	1	1	0	0
1	1	UID1462963	1	1	0	0
1	1	UID1462966	1	1	0	0
1	1	UID1462969	1	1	0	0
1	1	UID1462970	1	1	0	0
1	1	UID1462972	1	1	0	0
1	1	UID1462973	1	1	0	0
1	1	UID1463003	1	1	0	0
1	1	UID1463008	1	1	0	0
1	1	UID1463009	1	1	0	0
1	1	UID1463012	1	1	0	0
1	1	UID1463013	1	1	0	0
1	1	UID1463014	1	1	0	0
1	1	UID1463021	1	1	0	0
1	1	UID1463023	1	1	0	0
1	1	UID1463024	1	1	0	0
1	1	UID1463026	1	1	0	0
1	1	UID1463027	1	1	0	0
1	1	UID1463028	1	1	0	0
1	1	UID1463029	1	1	0	0
1	1	UID1463030	1	1	0	0
1	1	UID1463031	1	1	0	0
1	1	UID1463032	1	1	0	0
1	1	UID1463037	1	1	0	0
1	1	UID1463038	1	1	0	0
1	1	UID1463041	1	1	0	0
1	1	UID1463042	1	1	0	0
1	1	UID1463043	1	1	0	0
1	1	UID1463044	1	1	0	0
1	1	UID1463045	1	1	0	0
1	1	UID1463053	1	1	0	0
1	1	UID1463055	1	1	0	0
1	1	UID1463056	1	1	0	0
1	1	UID1463070	1	1	0	0
1	1	UID1463075	1	1	0	0
1	1	UID1463076	1	1	0	0
1	1	UID1463077	1	1	0	0
1	1	UID1463080	1	1	0	0
1	1	UID1463084	1	1	0	0
1	1	UID1463092	1	1	0	0
1	1	UID1463093	1	1	0	0
1	1	UID1463094	1	1	0	0
1	1	UID1463095	1	1	0	0
1	1	UID1463101	1	1	0	0
1	1	UID1463102	1	1	0	0
1	1	UID1463103	1	1	0	0
1	1	UID1463108	1	1	0	0
1	1	UID1463111	1	1	0	0
1	1	UID1463114	1	1	0	0
1	1	UID1463116	1	1	0	0
1	1	UID1463121	1	1	0	0
1	1	UID1463123	1	1	0	0
1	1	UID1463124	1	1	0	0
1	1	UID1463126	1	1	0	0
1	1	UID1463127	1	1	0	0
1	1	UID1463131	1	1	0	0
1	1	UID1463136	1	1	0	0
1	1	UID1463139	1	1	0	0
1	1	UID1463142	1	1	0	0
1	1	UID1463145	1	1	0	0
1	1	UID1463153	1	1	0	0
1	1	UID1463154	1	1	0	0
1	1	UID1463160	1	1	0	0
1	1	UID1463181	1	1	0	0
1	1	UID1463189	1	1	0	0
1	1	UID1463195	1	1	0	0
1	1	UID1463220	1	1	0	0
1	1	UID1463298	1	1	0	0
1	1	UID1463347	1	1	0	0
1	1	UID1463376	1	1	0	0
1	1	UID1463384	1	1	0	0
1	1	UID1463385	1	1	0	0
1	1	UID1463386	1	1	0	0
1	1	UID1463391	1	1	0	0
1	1	UID1463392	1	1	0	0
1	1	UID1463394	1	1	0	0
1	1	UID1463412	1	1	0	0
1	1	UID1463414	1	1	0	0
1	1	UID1463416	1	1	0	0
1	1	UID1463421	1	1	0	0
1	1	UID1463428	1	1	0	0
1	1	UID1463430	1	1	0	0
1	1	UID1463431	1	1	0	0
1	1	UID1463432	1	1	0	0
1	1	UID1463433	1	1	0	0
1	1	UID1463435	1	1	0	0
1	1	UID1463437	1	1	0	0
1	1	UID1463447	1	1	0	0
1	1	UID1463448	1	1	0	0
1	1	UID1463452	1	1	0	0
1	1	UID1463453	1	1	0	0
1	1	UID1463454	1	1	0	0
1	1	UID1463457	1	1	0	0
1	1	UID1463459	1	1	0	0
1	1	UID1463460	1	1	0	0
1	1	UID1463461	1	1	0	0
3	3	UID1463462	1	3	2	2
1	1	UID1463464	1	1	0	0
1	1	UID1463465	1	1	0	0
1	1	UID1463466	1	1	0	0
1	1	UID1463470	1	1	0	0
1	1	UID1463473	1	1	0	0
1	1	UID1463487	1	1	0	0
1	1	UID1463488	1	1	0	0
1	1	UID1463489	1	1	0	0
1	1	UID1463490	1	1	0	0
1	1	UID1463493	1	1	0	0
1	1	UID1463498	1	1	0	0
1	1	UID1463511	1	1	0	0
1	1	UID1463520	1	1	0	0
1	1	UID1463521	1	1	0	0
1	1	UID1463527	1	1	0	0
1	1	UID1463528	1	1	0	0
1	1	UID1463529	1	1	0	0
1	1	UID1463532	1	1	0	0
1	1	UID1463545	1	1	0	0
1	1	UID1463549	1	1	0	0
1	1	UID1463554	1	1	0	0
1	1	UID1463562	1	1	0	0
1	1	UID1463564	1	1	0	0
1	1	UID1463567	1	1	0	0
1	1	UID1463570	1	1	0	0
1	1	UID1463573	1	1	0	0
1	1	UID1463574	1	1	0	0
1	1	UID1463576	1	1	0	0
1	1	UID1463578	1	1	0	0
1	1	UID1463580	1	1	0	0
1	1	UID1463584	1	1	0	0
1	1	UID1463611	1	1	0	0
1	1	UID1463613	1	1	0	0
1	1	UID1463614	1	1	0	0
1	1	UID1463615	1	1	0	0
1	1	UID1463624	1	1	0	0
1	1	UID1463626	1	1	0	0
1	1	UID1463628	1	1	0	0
1	1	UID1463629	1	1	0	0
1	1	UID1463630	1	1	0	0
1	1	UID1463631	1	1	0	0
1	1	UID1463633	1	1	0	0
1	1	UID1463650	1	1	0	0
1	1	UID1463654	1	1	0	0
1	1	UID1463655	1	1	0	0
1	1	UID1463657	1	1	0	0
1	1	UID1463658	1	1	0	0
1	1	UID1463660	1	1	0	0
1	1	UID1463663	1	1	0	0
1	1	UID1463666	1	1	0	0
1	1	UID1463668	1	1	0	0
1	1	UID1463669	1	1	0	0
1	1	UID1463686	1	1	0	0
1	1	UID1463687	1	1	0	0
1	1	UID1463688	1	1	0	0
1	1	UID1463691	1	1	0	0
1	1	UID1463692	1	1	0	0
1	1	UID1463694	1	1	0	0
1	1	UID1463697	1	1	0	0
1	1	UID1463703	1	1	0	0
1	1	UID1463713	1	1	0	0
1	1	UID1463716	1	1	0	0
1	1	UID1463718	1	1	0	0
1	1	UID1463719	1	1	0	0
1	1	UID1463724	1	1	0	0
1	1	UID1463726	1	1	0	0
1	1	UID1463743	1	1	0	0
1	1	UID1463756	1	1	0	0
1	1	UID1463759	1	1	0	0
1	1	UID1463765	1	1	0	0
1	1	UID1463770	1	1	0	0
1	1	UID1463775	1	1	0	0
1	1	UID1463780	1	1	0	0
1	1	UID1463783	1	1	0	0
1	1	UID1463787	1	1	0	0
1	1	UID1463790	1	1	0	0
1	1	UID1463791	1	1	0	0
1	1	UID1463797	1	1	0	0
1	1	UID1463802	1	1	0	0
1	1	UID1463809	1	1	0	0
1	1	UID1463812	1	1	0	0
1	1	UID1463813	1	1	0	0
1	1	UID1463817	1	1	0	0
1	1	UID1463821	1	1	0	0
1	1	UID1463829	1	1	0	0
1	1	UID1463830	1	1	0	0
1	1	UID1463835	1	1	0	0
1	1	UID1463836	1	1	0	0
1	1	UID1463841	1	1	0	0
1	1	UID1463846	1	1	0	0
1	1	UID1463850	1	1	0	0
1	1	UID1463851	1	1	0	0
1	1	UID1463854	1	1	0	0
1	1	UID1463861	1	1	0	0
1	1	UID1463862	1	1	0	0
1	1	UID1463869	1	1	0	0
1	1	UID1463873	1	1	0	0
1	1	UID1463877	1	1	0	0
1	1	UID1463880	1	1	0	0
1	1	UID1463881	1	1	0	0
1	1	UID1463884	1	1	0	0
1	1	UID1463886	1	1	0	0
1	1	UID1463889	1	1	0	0
1	1	UID1463891	1	1	0	0
1	1	UID1463892	1	1	0	0
1	1	UID1463893	1	1	0	0
1	1	UID1463894	1	1	0	0
1	1	UID1463895	1	1	0	0
1	1	UID1463896	1	1	0	0
1	1	UID1463901	1	1	0	0
1	1	UID1463914	1	1	0	0
1	1	UID1463917	1	1	0	0
1	1	UID1463918	1	1	0	0
1	1	UID1463919	1	1	0	0
1	1	UID1463922	1	1	0	0
1	1	UID1463923	1	1	0	0
1	1	UID1463935	1	1	0	0
1	1	UID1463940	1	1	0	0
1	1	UID1463948	1	1	0	0
1	1	UID1463949	1	1	0	0
1	1	UID1463952	1	1	0	0
1	1	UID1463957	1	1	0	0
1	1	UID1463958	1	1	0	0
1	1	UID1463966	1	1	0	0
1	1	UID1463972	1	1	0	0
1	1	UID1463982	1	1	0	0
1	1	UID1463987	1	1	0	0
1	1	UID1463995	1	1	0	0
1	1	UID1463996	1	1	0	0
1	1	UID1463999	1	1	0	0
1	1	UID1464002	1	1	0	0
1	1	UID1464008	1	1	0	0
1	1	UID1464013	1	1	0	0
1	1	UID1464014	1	1	0	0
1	1	UID1464017	1	1	0	0
1	1	UID1464018	1	1	0	0
1	1	UID1464020	1	1	0	0
1	1	UID1464022	1	1	0	0
1	1	UID1464024	1	1	0	0
1	1	UID1464028	1	1	0	0
1	1	UID1464029	1	1	0	0
1	1	UID1464033	1	1	0	0
1	1	UID1464036	1	1	0	0
1	1	UID1464040	1	1	0	0
1	1	UID1464042	1	1	0	0
1	1	UID1464043	1	1	0	0
1	1	UID1464046	1	1	0	0
1	1	UID1464058	1	1	0	0
1	1	UID1464073	1	1	0	0
1	1	UID1464083	1	1	0	0
1	1	UID1464088	1	1	0	0
1	1	UID1464092	1	1	0	0
1	1	UID1464099	1	1	0	0
1	1	UID1464100	1	1	0	0
1	1	UID1464101	1	1	0	0
1	1	UID1464103	1	1	0	0
1	1	UID1464109	1	1	0	0
1	1	UID1464117	1	1	0	0
1	1	UID1464121	1	1	0	0
1	1	UID1464122	1	1	0	0
1	1	UID1464132	1	1	0	0
1	1	UID1464135	1	1	0	0
1	1	UID1464136	1	1	0	0
1	1	UID1464138	1	1	0	0
1	1	UID1464142	1	1	0	0
1	1	UID1464145	1	1	0	0
1	1	UID1464147	1	1	0	0
1	1	UID1464148	1	1	0	0
1	1	UID1464150	1	1	0	0
1	1	UID1464151	1	1	0	0
1	1	UID1464152	1	1	0	0
1	1	UID1464161	1	1	0	0
1	1	UID1464164	1	1	0	0
1	1	UID1464165	1	1	0	0
1	1	UID1464166	1	1	0	0
1	1	UID1464170	1	1	0	0
1	1	UID1464173	1	1	0	0
1	1	UID1464181	1	1	0	0
1	1	UID1464186	1	1	0	0
1	1	UID1464197	1	1	0	0
1	1	UID1464199	1	1	0	0
1	1	UID1464200	1	1	0	0
1	1	UID1464202	1	1	0	0
1	1	UID1464206	1	1	0	0
1	1	UID1464207	1	1	0	0
1	1	UID1464212	1	1	0	0
1	1	UID1464214	1	1	0	0
1	1	UID1464220	1	1	0	0
1	1	UID1464221	1	1	0	0
1	1	UID1464222	1	1	0	0
1	1	UID1464230	1	1	0	0
1	1	UID1464231	1	1	0	0
1	1	UID1464235	1	1	0	0
1	1	UID1464236	1	1	0	0
1	1	UID1464238	1	1	0	0
1	1	UID1464245	1	1	0	0
1	1	UID1464246	1	1	0	0
1	1	UID1464247	1	1	0	0
1	1	UID1464248	1	1	0	0
1	1	UID1464249	1	1	0	0
1	1	UID1464250	1	1	0	0
1	1	UID1464257	1	1	0	0
1	1	UID1464261	1	1	0	0
1	1	UID1464263	1	1	0	0
1	1	UID1464267	1	1	0	0
1	1	UID1464268	1	1	0	0
1	1	UID1464269	1	1	0	0
1	1	UID1464270	1	1	0	0
1	1	UID1464274	1	1	0	0
1	1	UID1464278	1	1	0	0
1	1	UID1464282	1	1	0	0
1	1	UID1464289	1	1	0	0
1	1	UID1464291	1	1	0	0
1	1	UID1464292	1	1	0	0
1	1	UID1464300	1	1	0	0
1	1	UID1464303	1	1	0	0
1	1	UID1464304	1	1	0	0
1	1	UID1464305	1	1	0	0
1	1	UID1464306	1	1	0	0
1	1	UID1464310	1	1	0	0
1	1	UID1464311	1	1	0	0
1	1	UID1464315	1	1	0	0
1	1	UID1464322	1	1	0	0
1	1	UID1464327	1	1	0	0
1	1	UID1464331	1	1	0	0
1	1	UID1464337	1	1	0	0
1	1	UID1464344	1	1	0	0
1	1	UID1464347	1	1	0	0
1	1	UID208480	1	1	0	0
1	1	UID255369	1	1	0	0
1	1	UID626	1	1	0	0
1	1	UID65082	1	1	0	0
1	1	UID704357	1	1	0	0
1	1	UID730664	1	1	0	0
1	1	UID7532	1	1	0	0
