1224	5370	UID1	2667	951	5	5
2034	5684	UID695881	1941	1617	6	6
1719	4449	UID160442	1204	1360	8	8
837	2731	UID2	1189	652	5	5
620	1862	UID715534	880	464	3	3
349	829	UID1274162	334	285	3	3
272	521	UID1425	88	251	5	5
86	190	UID48609	87	72	4	4
142	275	UID69635	73	128	3	3
84	132	UID1453054	48	82	2	2
29	77	UID104696	45	24	2	2
58	105	UID715535	43	55	6	6
71	130	UID1453055	39	65	3	3
90	150	UID8917	38	86	3	3
56	108	UID7538	31	51	3	3
55	121	UID757219	28	49	4	4
58	106	UID7613	28	53	3	3
31	65	UID8870	25	28	2	2
97	156	UID266696	22	88	4	4
49	85	UID1441151	21	45	2	2
24	44	UID18916	21	23	2	2
18	40	UID298176	21	16	1	1
19	38	UID7563	19	17	1	1
27	65	UID7531	18	23	3	3
30	47	UID1441153	16	27	2	2
14	30	UID207	16	12	1	1
18	34	UID99	16	16	2	2
21	35	UID695882	15	20	1	1
51	76	UID948868	15	47	3	3
8	21	UID736	14	7	1	1
44	61	UID239	13	41	2	2
26	46	UID18	12	23	2	2
27	47	UID55844	10	23	2	2
28	41	UID1453104	9	23	3	3
17	28	UID1666	9	15	2	2
12	21	UID18915	9	10	2	2
7	15	UID29	9	6	1	1
23	36	UID3	9	21	2	2
14	22	UID72	9	13	2	2
16	26	UID104625	8	14	2	2
9	16	UID189	8	8	1	1
21	27	UID1453150	7	20	2	2
3	9	UID303	7	2	1	1
30	41	UID8027	7	28	2	2
7	12	UID115	6	6	1	1
6	11	UID131	6	5	1	1
5	10	UID146	6	4	1	1
7	12	UID206	6	6	2	2
2	7	UID228	6	1	1	1
21	32	UID22	6	18	2	2
15	22	UID37773	6	12	2	2
8	13	UID520	6	7	1	1
6	10	UID117672	5	5	1	1
9	13	UID122	5	8	2	2
10	16	UID127	5	8	2	2
11	19	UID1453281	5	8	2	2
9	13	UID221	5	8	1	1
3	7	UID383	5	2	1	1
9	14	UID607	5	7	1	1
2	6	UID609	5	1	0	0
7	11	UID105480	4	5	1	1
7	10	UID138	4	6	1	1
6	9	UID1453387	4	5	1	1
14	17	UID1453390	4	13	2	2
4	8	UID158	4	2	1	1
1	4	UID218782	4	0	0	0
1	4	UID440	4	0	0	0
3	6	UID521	4	2	1	1
5	8	UID558	4	4	1	1
19	22	UID75109	4	18	3	3
5	8	UID84	4	4	1	1
6	9	UID94	4	5	1	1
2	4	UID1294082	3	1	0	0
4	6	UID137608	3	3	2	2
5	8	UID1453466	3	3	3	3
3	5	UID1453565	3	2	1	1
9	11	UID1453572	3	8	1	1
4	6	UID1453573	3	3	1	1
6	8	UID157	3	5	1	1
6	8	UID208	3	5	1	1
6	8	UID496	3	5	1	1
1	3	UID5539	3	0	0	0
3	5	UID554	3	2	1	1
8	10	UID61564	3	7	1	1
1	3	UID744	3	0	0	0
9	11	UID76008	3	8	2	2
2	4	UID837	3	1	1	1
10	12	UID85	3	9	2	2
9	10	UID108	2	8	2	2
1	2	UID110611	2	0	0	0
7	9	UID1121715	2	5	2	2
1	2	UID113309	2	0	0	0
8	9	UID118138	2	7	1	1
3	5	UID1440772	2	1	1	1
6	7	UID1441161	2	5	2	2
3	4	UID1453597	2	2	2	2
4	5	UID1453839	2	3	2	2
4	5	UID1453852	2	3	1	1
2	3	UID1453934	2	1	1	1
1	2	UID1453940	2	0	0	0
3	4	UID149	2	2	1	1
7	8	UID17693	2	6	1	1
4	5	UID248	2	3	1	1
2	3	UID327	2	1	1	1
3	4	UID375	2	2	1	1
9	10	UID48434	2	8	2	2
12	13	UID553	2	11	3	3
5	6	UID580	2	4	1	1
8	9	UID67890	2	7	2	2
2	3	UID703	2	1	1	1
4	5	UID734	2	3	1	1
2	3	UID738	2	1	1	1
1	2	UID811171	2	0	0	0
3	4	UID922	2	2	1	1
1	1	UID1091799	1	1	0	0
6	6	UID11480	1	6	2	2
5	5	UID1151	1	5	2	2
1	1	UID117338	1	1	0	0
5	5	UID118289	1	5	2	2
1	1	UID11866	1	1	0	0
1	1	UID1242568	1	1	0	0
1	1	UID1382230	1	1	0	0
3	3	UID1420152	1	3	2	2
4	4	UID1422807	1	4	2	2
1	1	UID1442761	1	1	0	0
3	3	UID1450094	1	3	2	2
1	1	UID1453978	1	1	0	0
1	1	UID1453979	1	1	0	0
1	1	UID1453984	1	1	0	0
1	1	UID1453988	1	1	0	0
1	1	UID1453989	1	1	0	0
1	1	UID1453992	1	1	0	0
1	1	UID1453993	1	1	0	0
1	1	UID1454000	1	1	0	0
1	1	UID1454001	1	1	0	0
1	1	UID1454016	1	1	0	0
1	1	UID1454023	1	1	0	0
1	1	UID1454024	1	1	0	0
1	1	UID1454028	1	1	0	0
1	1	UID1454030	1	1	0	0
1	1	UID1454032	1	1	0	0
1	1	UID1454033	1	1	0	0
1	1	UID1454035	1	1	0	0
1	1	UID1454048	1	1	0	0
1	1	UID1454049	1	1	0	0
1	1	UID1454057	1	1	0	0
1	1	UID1454058	1	1	0	0
1	1	UID1454061	1	1	0	0
1	1	UID1454063	1	1	0	0
1	1	UID1454066	1	1	0	0
1	1	UID1454069	1	1	0	0
1	1	UID1454074	1	1	0	0
1	1	UID1454076	1	1	0	0
1	1	UID1454077	1	1	0	0
1	1	UID1454078	1	1	0	0
1	1	UID1454087	1	1	0	0
1	1	UID1454089	1	1	0	0
1	1	UID1454091	1	1	0	0
1	1	UID1454093	1	1	0	0
1	1	UID1454094	1	1	0	0
1	1	UID1454098	1	1	0	0
1	1	UID1454109	1	1	0	0
1	1	UID1454110	1	1	0	0
1	1	UID1454115	1	1	0	0
1	1	UID1454116	1	1	0	0
1	1	UID1454118	1	1	0	0
1	1	UID1454122	1	1	0	0
1	1	UID1454143	1	1	0	0
9	9	UID1454148	1	9	2	2
1	1	UID1454159	1	1	0	0
1	1	UID1454162	1	1	0	0
1	1	UID1454168	1	1	0	0
1	1	UID1454172	1	1	0	0
1	1	UID1454175	1	1	0	0
1	1	UID1454177	1	1	0	0
1	1	UID1454185	1	1	0	0
1	1	UID1454187	1	1	0	0
1	1	UID1454195	1	1	0	0
1	1	UID1454196	1	1	0	0
1	1	UID1454203	1	1	0	0
1	1	UID1454209	1	1	0	0
1	1	UID1454218	1	1	0	0
1	1	UID1454222	1	1	0	0
1	1	UID1454223	1	1	0	0
1	1	UID1454232	1	1	0	0
1	1	UID1454234	1	1	0	0
1	1	UID1454242	1	1	0	0
1	1	UID1454243	1	1	0	0
1	1	UID1454252	1	1	0	0
1	1	UID1454255	1	1	0	0
1	1	UID1454259	1	1	0	0
1	1	UID1454262	1	1	0	0
1	1	UID1454263	1	1	0	0
1	1	UID1454267	1	1	0	0
1	1	UID1454268	1	1	0	0
1	1	UID1454271	1	1	0	0
1	1	UID1454274	1	1	0	0
1	1	UID1454276	1	1	0	0
1	1	UID1454285	1	1	0	0
1	1	UID1454290	1	1	0	0
1	1	UID1454292	1	1	0	0
1	1	UID1454294	1	1	0	0
1	1	UID1454295	1	1	0	0
1	1	UID1454296	1	1	0	0
1	1	UID1454301	1	1	0	0
1	1	UID1454305	1	1	0	0
1	1	UID1454308	1	1	0	0
1	1	UID1454314	1	1	0	0
1	1	UID1454324	1	1	0	0
1	1	UID1454325	1	1	0	0
1	1	UID1454326	1	1	0	0
1	1	UID1454345	1	1	0	0
1	1	UID1454356	1	1	0	0
1	1	UID1454360	1	1	0	0
1	1	UID1454362	1	1	0	0
1	1	UID1454363	1	1	0	0
1	1	UID1454366	1	1	0	0
1	1	UID1454370	1	1	0	0
1	1	UID1454378	1	1	0	0
1	1	UID1454379	1	1	0	0
1	1	UID1454387	1	1	0	0
1	1	UID1454391	1	1	0	0
1	1	UID1454396	1	1	0	0
1	1	UID1454399	1	1	0	0
1	1	UID1454405	1	1	0	0
1	1	UID1454410	1	1	0	0
1	1	UID1454421	1	1	0	0
1	1	UID1454424	1	1	0	0
1	1	UID1454438	1	1	0	0
1	1	UID1454447	1	1	0	0
1	1	UID1454449	1	1	0	0
1	1	UID1454457	1	1	0	0
1	1	UID1454463	1	1	0	0
1	1	UID1454464	1	1	0	0
1	1	UID1454465	1	1	0	0
1	1	UID1454467	1	1	0	0
1	1	UID1454469	1	1	0	0
1	1	UID1454471	1	1	0	0
1	1	UID1454477	1	1	0	0
1	1	UID1454480	1	1	0	0
1	1	UID1454484	1	1	0	0
1	1	UID1454486	1	1	0	0
1	1	UID1454487	1	1	0	0
1	1	UID1454489	1	1	0	0
1	1	UID1454493	1	1	0	0
1	1	UID1454510	1	1	0	0
1	1	UID1454512	1	1	0	0
1	1	UID1454514	1	1	0	0
1	1	UID1454515	1	1	0	0
1	1	UID1454525	1	1	0	0
1	1	UID1454526	1	1	0	0
1	1	UID1454527	1	1	0	0
1	1	UID1454531	1	1	0	0
1	1	UID1454532	1	1	0	0
1	1	UID1454533	1	1	0	0
1	1	UID1454537	1	1	0	0
7	7	UID1454539	1	7	3	3
1	1	UID1454550	1	1	0	0
1	1	UID1454553	1	1	0	0
1	1	UID1454555	1	1	0	0
1	1	UID1454557	1	1	0	0
1	1	UID1454558	1	1	0	0
1	1	UID1454565	1	1	0	0
1	1	UID1454587	1	1	0	0
1	1	UID1454597	1	1	0	0
1	1	UID1454617	1	1	0	0
1	1	UID1454618	1	1	0	0
1	1	UID1454636	1	1	0	0
1	1	UID1454650	1	1	0	0
1	1	UID1454656	1	1	0	0
1	1	UID1454657	1	1	0	0
1	1	UID1454658	1	1	0	0
1	1	UID1454659	1	1	0	0
1	1	UID1454662	1	1	0	0
1	1	UID1454663	1	1	0	0
1	1	UID1454664	1	1	0	0
1	1	UID1454665	1	1	0	0
1	1	UID1454666	1	1	0	0
1	1	UID1454667	1	1	0	0
1	1	UID1454673	1	1	0	0
1	1	UID1454680	1	1	0	0
1	1	UID1454681	1	1	0	0
1	1	UID1454683	1	1	0	0
1	1	UID1454685	1	1	0	0
1	1	UID1454689	1	1	0	0
1	1	UID1454690	1	1	0	0
1	1	UID1454692	1	1	0	0
1	1	UID1454694	1	1	0	0
1	1	UID1454696	1	1	0	0
1	1	UID1454698	1	1	0	0
1	1	UID1454699	1	1	0	0
1	1	UID1454704	1	1	0	0
1	1	UID1454707	1	1	0	0
1	1	UID1454720	1	1	0	0
1	1	UID1454721	1	1	0	0
1	1	UID1454722	1	1	0	0
1	1	UID1454723	1	1	0	0
1	1	UID1454728	1	1	0	0
1	1	UID1454737	1	1	0	0
1	1	UID1454747	1	1	0	0
1	1	UID1454753	1	1	0	0
1	1	UID1454761	1	1	0	0
1	1	UID1454764	1	1	0	0
1	1	UID1454767	1	1	0	0
1	1	UID1454769	1	1	0	0
1	1	UID1454770	1	1	0	0
1	1	UID1454771	1	1	0	0
1	1	UID1454774	1	1	0	0
1	1	UID1454775	1	1	0	0
1	1	UID1454784	1	1	0	0
1	1	UID1454785	1	1	0	0
1	1	UID1454790	1	1	0	0
1	1	UID1454792	1	1	0	0
1	1	UID1454797	1	1	0	0
1	1	UID1454798	1	1	0	0
1	1	UID1454800	1	1	0	0
1	1	UID1454802	1	1	0	0
1	1	UID1454803	1	1	0	0
1	1	UID1454806	1	1	0	0
1	1	UID1454807	1	1	0	0
1	1	UID1454812	1	1	0	0
1	1	UID1454816	1	1	0	0
1	1	UID1454817	1	1	0	0
1	1	UID1454818	1	1	0	0
1	1	UID1454819	1	1	0	0
1	1	UID1454823	1	1	0	0
1	1	UID1454824	1	1	0	0
1	1	UID1454825	1	1	0	0
1	1	UID1454826	1	1	0	0
1	1	UID1454827	1	1	0	0
1	1	UID1454833	1	1	0	0
1	1	UID1454836	1	1	0	0
1	1	UID1454846	1	1	0	0
1	1	UID1454853	1	1	0	0
1	1	UID1454857	1	1	0	0
1	1	UID1454858	1	1	0	0
1	1	UID1454861	1	1	0	0
1	1	UID1454867	1	1	0	0
1	1	UID1454868	1	1	0	0
1	1	UID1454870	1	1	0	0
1	1	UID1454871	1	1	0	0
1	1	UID1454875	1	1	0	0
1	1	UID1454879	1	1	0	0
1	1	UID1454891	1	1	0	0
1	1	UID1454892	1	1	0	0
1	1	UID1454896	1	1	0	0
1	1	UID1454900	1	1	0	0
1	1	UID1454905	1	1	0	0
1	1	UID1454907	1	1	0	0
1	1	UID1454909	1	1	0	0
1	1	UID1454912	1	1	0	0
1	1	UID1454923	1	1	0	0
1	1	UID1454925	1	1	0	0
1	1	UID1454926	1	1	0	0
1	1	UID1454927	1	1	0	0
1	1	UID1454928	1	1	0	0
1	1	UID1454930	1	1	0	0
1	1	UID1454932	1	1	0	0
1	1	UID1454935	1	1	0	0
1	1	UID1454940	1	1	0	0
1	1	UID1454943	1	1	0	0
1	1	UID1454946	1	1	0	0
1	1	UID1454956	1	1	0	0
1	1	UID1454964	1	1	0	0
1	1	UID1454976	1	1	0	0
1	1	UID1454978	1	1	0	0
1	1	UID1454980	1	1	0	0
1	1	UID1454982	1	1	0	0
1	1	UID1454990	1	1	0	0
1	1	UID1454994	1	1	0	0
1	1	UID1454995	1	1	0	0
1	1	UID1454997	1	1	0	0
3	3	UID1454998	1	3	2	2
1	1	UID1455001	1	1	0	0
1	1	UID1455002	1	1	0	0
1	1	UID1455003	1	1	0	0
1	1	UID1455004	1	1	0	0
1	1	UID1455005	1	1	0	0
1	1	UID1455012	1	1	0	0
1	1	UID1455013	1	1	0	0
1	1	UID1455014	1	1	0	0
1	1	UID1455018	1	1	0	0
3	3	UID1455022	1	3	2	2
1	1	UID1455024	1	1	0	0
1	1	UID1455031	1	1	0	0
1	1	UID1455032	1	1	0	0
1	1	UID1455036	1	1	0	0
1	1	UID1455037	1	1	0	0
1	1	UID1455038	1	1	0	0
1	1	UID1455039	1	1	0	0
1	1	UID1455040	1	1	0	0
1	1	UID1455041	1	1	0	0
1	1	UID1455042	1	1	0	0
1	1	UID1455045	1	1	0	0
1	1	UID1455046	1	1	0	0
1	1	UID1455050	1	1	0	0
1	1	UID1455053	1	1	0	0
1	1	UID1455054	1	1	0	0
1	1	UID1455055	1	1	0	0
1	1	UID1455060	1	1	0	0
1	1	UID1455061	1	1	0	0
1	1	UID1455064	1	1	0	0
1	1	UID1455066	1	1	0	0
1	1	UID1455068	1	1	0	0
1	1	UID1455075	1	1	0	0
1	1	UID1455081	1	1	0	0
1	1	UID1455090	1	1	0	0
1	1	UID1455094	1	1	0	0
1	1	UID1455098	1	1	0	0
1	1	UID1455100	1	1	0	0
1	1	UID1455105	1	1	0	0
1	1	UID1455113	1	1	0	0
1	1	UID1455118	1	1	0	0
1	1	UID1455136	1	1	0	0
1	1	UID1455148	1	1	0	0
1	1	UID1455157	1	1	0	0
1	1	UID1455178	1	1	0	0
1	1	UID1455180	1	1	0	0
1	1	UID1455207	1	1	0	0
1	1	UID1455219	1	1	0	0
1	1	UID1455223	1	1	0	0
1	1	UID1455228	1	1	0	0
1	1	UID1455229	1	1	0	0
1	1	UID1455239	1	1	0	0
1	1	UID1455248	1	1	0	0
1	1	UID1455257	1	1	0	0
1	1	UID1455260	1	1	0	0
1	1	UID1455261	1	1	0	0
1	1	UID1455262	1	1	0	0
1	1	UID1455264	1	1	0	0
1	1	UID1455271	1	1	0	0
1	1	UID1455276	1	1	0	0
1	1	UID1455277	1	1	0	0
1	1	UID1455280	1	1	0	0
1	1	UID1455281	1	1	0	0
1	1	UID1455282	1	1	0	0
1	1	UID1455286	1	1	0	0
1	1	UID1455287	1	1	0	0
1	1	UID1455288	1	1	0	0
1	1	UID1455289	1	1	0	0
1	1	UID1455290	1	1	0	0
1	1	UID1455291	1	1	0	0
1	1	UID1455292	1	1	0	0
1	1	UID1455293	1	1	0	0
1	1	UID1455295	1	1	0	0
1	1	UID1455296	1	1	0	0
1	1	UID1455297	1	1	0	0
1	1	UID1455298	1	1	0	0
1	1	UID1455299	1	1	0	0
1	1	UID1455305	1	1	0	0
1	1	UID1455308	1	1	0	0
1	1	UID1455309	1	1	0	0
1	1	UID1455310	1	1	0	0
1	1	UID1455312	1	1	0	0
1	1	UID1455313	1	1	0	0
1	1	UID1455314	1	1	0	0
1	1	UID1455320	1	1	0	0
1	1	UID1455322	1	1	0	0
1	1	UID1455329	1	1	0	0
1	1	UID1455330	1	1	0	0
1	1	UID1455335	1	1	0	0
1	1	UID1455345	1	1	0	0
1	1	UID1455346	1	1	0	0
1	1	UID1455352	1	1	0	0
4	4	UID1455354	1	4	2	2
1	1	UID1455360	1	1	0	0
1	1	UID1455361	1	1	0	0
1	1	UID1455363	1	1	0	0
1	1	UID1455365	1	1	0	0
1	1	UID1455379	1	1	0	0
1	1	UID1455382	1	1	0	0
1	1	UID1455385	1	1	0	0
1	1	UID1455389	1	1	0	0
1	1	UID1455390	1	1	0	0
1	1	UID1455391	1	1	0	0
1	1	UID1455399	1	1	0	0
1	1	UID1455400	1	1	0	0
1	1	UID1455402	1	1	0	0
1	1	UID1455404	1	1	0	0
1	1	UID1455410	1	1	0	0
1	1	UID1455416	1	1	0	0
1	1	UID1455426	1	1	0	0
1	1	UID1455440	1	1	0	0
1	1	UID1455448	1	1	0	0
1	1	UID1455451	1	1	0	0
1	1	UID1455456	1	1	0	0
1	1	UID1455476	1	1	0	0
1	1	UID1455482	1	1	0	0
1	1	UID1455483	1	1	0	0
1	1	UID1455486	1	1	0	0
1	1	UID1455493	1	1	0	0
1	1	UID1455498	1	1	0	0
1	1	UID1455499	1	1	0	0
1	1	UID1455500	1	1	0	0
1	1	UID1455504	1	1	0	0
1	1	UID1455505	1	1	0	0
1	1	UID1455507	1	1	0	0
1	1	UID1455508	1	1	0	0
1	1	UID1455513	1	1	0	0
1	1	UID1455515	1	1	0	0
1	1	UID1455517	1	1	0	0
1	1	UID1455525	1	1	0	0
1	1	UID1455526	1	1	0	0
1	1	UID1455527	1	1	0	0
1	1	UID1455529	1	1	0	0
1	1	UID1455534	1	1	0	0
1	1	UID1455536	1	1	0	0
1	1	UID1455537	1	1	0	0
1	1	UID1455542	1	1	0	0
1	1	UID1455546	1	1	0	0
1	1	UID1455548	1	1	0	0
1	1	UID1455549	1	1	0	0
1	1	UID1455550	1	1	0	0
1	1	UID1455553	1	1	0	0
1	1	UID1455561	1	1	0	0
1	1	UID1455587	1	1	0	0
1	1	UID1455590	1	1	0	0
1	1	UID1455593	1	1	0	0
1	1	UID1455596	1	1	0	0
1	1	UID1455597	1	1	0	0
1	1	UID1455603	1	1	0	0
1	1	UID1455604	1	1	0	0
1	1	UID1455605	1	1	0	0
1	1	UID1455610	1	1	0	0
1	1	UID1455611	1	1	0	0
1	1	UID1455613	1	1	0	0
1	1	UID1455616	1	1	0	0
1	1	UID1455619	1	1	0	0
1	1	UID1455624	1	1	0	0
1	1	UID1455642	1	1	0	0
1	1	UID1455644	1	1	0	0
1	1	UID1455645	1	1	0	0
1	1	UID1455667	1	1	0	0
1	1	UID1455669	1	1	0	0
1	1	UID1455671	1	1	0	0
1	1	UID1455683	1	1	0	0
1	1	UID1455684	1	1	0	0
1	1	UID1455689	1	1	0	0
1	1	UID1455691	1	1	0	0
1	1	UID1455695	1	1	0	0
1	1	UID1455702	1	1	0	0
1	1	UID1455707	1	1	0	0
1	1	UID1455708	1	1	0	0
1	1	UID1455710	1	1	0	0
1	1	UID1455714	1	1	0	0
1	1	UID1455717	1	1	0	0
1	1	UID1455718	1	1	0	0
1	1	UID1455724	1	1	0	0
1	1	UID1455741	1	1	0	0
1	1	UID1455742	1	1	0	0
1	1	UID1455743	1	1	0	0
1	1	UID1455750	1	1	0	0
1	1	UID1455753	1	1	0	0
1	1	UID1455754	1	1	0	0
1	1	UID1455755	1	1	0	0
1	1	UID1455764	1	1	0	0
1	1	UID1455767	1	1	0	0
1	1	UID1455769	1	1	0	0
1	1	UID1455777	1	1	0	0
1	1	UID1455792	1	1	0	0
1	1	UID1455794	1	1	0	0
1	1	UID1455795	1	1	0	0
1	1	UID1455796	1	1	0	0
1	1	UID1455806	1	1	0	0
1	1	UID1455812	1	1	0	0
1	1	UID1455818	1	1	0	0
1	1	UID1455819	1	1	0	0
1	1	UID1455820	1	1	0	0
1	1	UID1455822	1	1	0	0
1	1	UID1455827	1	1	0	0
1	1	UID1455838	1	1	0	0
1	1	UID1455842	1	1	0	0
1	1	UID1455847	1	1	0	0
1	1	UID1455854	1	1	0	0
1	1	UID1455855	1	1	0	0
1	1	UID1455857	1	1	0	0
1	1	UID1455859	1	1	0	0
1	1	UID1455861	1	1	0	0
1	1	UID1455862	1	1	0	0
1	1	UID1455877	1	1	0	0
1	1	UID1455880	1	1	0	0
1	1	UID1455883	1	1	0	0
1	1	UID1455892	1	1	0	0
3	3	UID1455896	1	3	2	2
1	1	UID1455908	1	1	0	0
1	1	UID1455910	1	1	0	0
1	1	UID1455911	1	1	0	0
1	1	UID1455913	1	1	0	0
1	1	UID1455917	1	1	0	0
1	1	UID1455919	1	1	0	0
1	1	UID1455920	1	1	0	0
1	1	UID1455926	1	1	0	0
1	1	UID1455928	1	1	0	0
1	1	UID1455942	1	1	0	0
1	1	UID1455945	1	1	0	0
1	1	UID1455951	1	1	0	0
1	1	UID1455952	1	1	0	0
1	1	UID1455954	1	1	0	0
1	1	UID1455972	1	1	0	0
4	4	UID1455974	1	4	2	2
1	1	UID1455975	1	1	0	0
1	1	UID1455980	1	1	0	0
1	1	UID1455985	1	1	0	0
1	1	UID1455988	1	1	0	0
1	1	UID1455989	1	1	0	0
1	1	UID1455991	1	1	0	0
1	1	UID1455998	1	1	0	0
1	1	UID1456012	1	1	0	0
1	1	UID1456014	1	1	0	0
1	1	UID1456020	1	1	0	0
1	1	UID1456025	1	1	0	0
2	2	UID1456026	1	2	1	1
1	1	UID1456028	1	1	0	0
1	1	UID1456030	1	1	0	0
1	1	UID1456039	1	1	0	0
1	1	UID1456040	1	1	0	0
1	1	UID1456041	1	1	0	0
1	1	UID1456042	1	1	0	0
1	1	UID1456048	1	1	0	0
1	1	UID1456063	1	1	0	0
1	1	UID1456064	1	1	0	0
1	1	UID1456066	1	1	0	0
2	2	UID1456077	1	2	1	1
1	1	UID1456080	1	1	0	0
1	1	UID1456084	1	1	0	0
1	1	UID1456087	1	1	0	0
1	1	UID1456091	1	1	0	0
1	1	UID1456093	1	1	0	0
1	1	UID1456094	1	1	0	0
1	1	UID1456110	1	1	0	0
1	1	UID1456119	1	1	0	0
1	1	UID1456129	1	1	0	0
1	1	UID1456130	1	1	0	0
1	1	UID1456132	1	1	0	0
1	1	UID1456137	1	1	0	0
1	1	UID1456138	1	1	0	0
1	1	UID1456152	1	1	0	0
1	1	UID1456153	1	1	0	0
1	1	UID1456155	1	1	0	0
1	1	UID1456165	1	1	0	0
1	1	UID1456167	1	1	0	0
1	1	UID1456176	1	1	0	0
1	1	UID1456177	1	1	0	0
1	1	UID1456191	1	1	0	0
1	1	UID1456192	1	1	0	0
1	1	UID1456194	1	1	0	0
1	1	UID1456201	1	1	0	0
1	1	UID1456206	1	1	0	0
1	1	UID1456209	1	1	0	0
1	1	UID1456214	1	1	0	0
1	1	UID1456215	1	1	0	0
1	1	UID1456216	1	1	0	0
1	1	UID1456222	1	1	0	0
1	1	UID1456230	1	1	0	0
1	1	UID1456233	1	1	0	0
1	1	UID1456244	1	1	0	0
4	4	UID1456245	1	4	2	2
1	1	UID1456247	1	1	0	0
1	1	UID1456248	1	1	0	0
1	1	UID1456249	1	1	0	0
1	1	UID1456259	1	1	0	0
1	1	UID1456261	1	1	0	0
1	1	UID1456262	1	1	0	0
1	1	UID1456309	1	1	0	0
1	1	UID1456310	1	1	0	0
1	1	UID1456311	1	1	0	0
1	1	UID1456314	1	1	0	0
1	1	UID1456330	1	1	0	0
1	1	UID1456334	1	1	0	0
1	1	UID1456345	1	1	0	0
1	1	UID1456348	1	1	0	0
1	1	UID1456363	1	1	0	0
1	1	UID1456367	1	1	0	0
1	1	UID1456368	1	1	0	0
1	1	UID1456371	1	1	0	0
1	1	UID1456384	1	1	0	0
1	1	UID1456385	1	1	0	0
1	1	UID1456391	1	1	0	0
1	1	UID1456394	1	1	0	0
1	1	UID1456398	1	1	0	0
1	1	UID1456427	1	1	0	0
1	1	UID1456428	1	1	0	0
1	1	UID1456429	1	1	0	0
1	1	UID1456438	1	1	0	0
1	1	UID1456440	1	1	0	0
1	1	UID1456442	1	1	0	0
1	1	UID1456444	1	1	0	0
1	1	UID1456454	1	1	0	0
1	1	UID1456456	1	1	0	0
1	1	UID1456466	1	1	0	0
1	1	UID1456473	1	1	0	0
1	1	UID1456476	1	1	0	0
1	1	UID1456482	1	1	0	0
1	1	UID1456492	1	1	0	0
1	1	UID1456493	1	1	0	0
1	1	UID1456501	1	1	0	0
1	1	UID1456523	1	1	0	0
1	1	UID1456534	1	1	0	0
1	1	UID1456562	1	1	0	0
1	1	UID1456574	1	1	0	0
1	1	UID1456581	1	1	0	0
1	1	UID1456614	1	1	0	0
1	1	UID1456657	1	1	0	0
1	1	UID1456698	1	1	0	0
1	1	UID1456735	1	1	0	0
1	1	UID1456772	1	1	0	0
1	1	UID1456804	1	1	0	0
1	1	UID1456807	1	1	0	0
1	1	UID1456816	1	1	0	0
1	1	UID1456822	1	1	0	0
1	1	UID1456827	1	1	0	0
1	1	UID1456828	1	1	0	0
1	1	UID1456832	1	1	0	0
1	1	UID1456834	1	1	0	0
1	1	UID1456843	1	1	0	0
1	1	UID1456864	1	1	0	0
1	1	UID1456865	1	1	0	0
1	1	UID1456876	1	1	0	0
1	1	UID1456880	1	1	0	0
1	1	UID1456894	1	1	0	0
1	1	UID1456895	1	1	0	0
1	1	UID1456898	1	1	0	0
1	1	UID1456901	1	1	0	0
1	1	UID1456904	1	1	0	0
1	1	UID1456905	1	1	0	0
1	1	UID1456906	1	1	0	0
1	1	UID1456915	1	1	0	0
1	1	UID1456920	1	1	0	0
1	1	UID1456921	1	1	0	0
1	1	UID1456937	1	1	0	0
1	1	UID1456944	1	1	0	0
1	1	UID1456947	1	1	0	0
1	1	UID1456957	1	1	0	0
1	1	UID1456959	1	1	0	0
1	1	UID1456965	1	1	0	0
1	1	UID1456970	1	1	0	0
1	1	UID1456971	1	1	0	0
1	1	UID1456975	1	1	0	0
1	1	UID1456977	1	1	0	0
1	1	UID1456979	1	1	0	0
1	1	UID1456993	1	1	0	0
1	1	UID1456995	1	1	0	0
1	1	UID1457006	1	1	0	0
1	1	UID1457014	1	1	0	0
1	1	UID1457018	1	1	0	0
1	1	UID1457025	1	1	0	0
1	1	UID1457029	1	1	0	0
1	1	UID1457030	1	1	0	0
1	1	UID1457037	1	1	0	0
1	1	UID1457045	1	1	0	0
1	1	UID1457048	1	1	0	0
1	1	UID1457049	1	1	0	0
1	1	UID1457050	1	1	0	0
1	1	UID1457052	1	1	0	0
1	1	UID1457071	1	1	0	0
1	1	UID1457072	1	1	0	0
1	1	UID1457075	1	1	0	0
1	1	UID1457077	1	1	0	0
1	1	UID1457078	1	1	0	0
1	1	UID1457089	1	1	0	0
1	1	UID1457090	1	1	0	0
1	1	UID1457094	1	1	0	0
1	1	UID1457095	1	1	0	0
1	1	UID1457102	1	1	0	0
1	1	UID1457103	1	1	0	0
1	1	UID1457109	1	1	0	0
1	1	UID1457136	1	1	0	0
1	1	UID1457148	1	1	0	0
1	1	UID1457155	1	1	0	0
1	1	UID1457161	1	1	0	0
1	1	UID1457178	1	1	0	0
1	1	UID1457188	1	1	0	0
1	1	UID1457189	1	1	0	0
1	1	UID1457191	1	1	0	0
1	1	UID1457198	1	1	0	0
1	1	UID1457199	1	1	0	0
1	1	UID1457206	1	1	0	0
1	1	UID1457207	1	1	0	0
1	1	UID1457215	1	1	0	0
1	1	UID1457216	1	1	0	0
1	1	UID1457218	1	1	0	0
1	1	UID1457232	1	1	0	0
1	1	UID1457233	1	1	0	0
1	1	UID1457235	1	1	0	0
1	1	UID1457237	1	1	0	0
1	1	UID1457247	1	1	0	0
1	1	UID1457248	1	1	0	0
1	1	UID1457251	1	1	0	0
1	1	UID1457257	1	1	0	0
1	1	UID1457261	1	1	0	0
1	1	UID1457269	1	1	0	0
1	1	UID1457278	1	1	0	0
1	1	UID1457287	1	1	0	0
1	1	UID1457292	1	1	0	0
1	1	UID1457294	1	1	0	0
1	1	UID1457295	1	1	0	0
1	1	UID1457296	1	1	0	0
1	1	UID1457299	1	1	0	0
1	1	UID1457302	1	1	0	0
1	1	UID1457321	1	1	0	0
1	1	UID1457327	1	1	0	0
1	1	UID1457333	1	1	0	0
1	1	UID1457335	1	1	0	0
1	1	UID1457336	1	1	0	0
1	1	UID1457353	1	1	0	0
1	1	UID1457360	1	1	0	0
1	1	UID1457363	1	1	0	0
1	1	UID1457369	1	1	0	0
1	1	UID1457377	1	1	0	0
1	1	UID1457378	1	1	0	0
1	1	UID1457379	1	1	0	0
1	1	UID1457381	1	1	0	0
1	1	UID1457382	1	1	0	0
1	1	UID1457383	1	1	0	0
1	1	UID1457384	1	1	0	0
1	1	UID1457387	1	1	0	0
1	1	UID1457392	1	1	0	0
1	1	UID1457393	1	1	0	0
1	1	UID1457399	1	1	0	0
1	1	UID1457424	1	1	0	0
1	1	UID1457428	1	1	0	0
1	1	UID1457430	1	1	0	0
1	1	UID1457431	1	1	0	0
1	1	UID1457434	1	1	0	0
1	1	UID1457444	1	1	0	0
1	1	UID1457446	1	1	0	0
1	1	UID1457447	1	1	0	0
1	1	UID1457455	1	1	0	0
1	1	UID1457465	1	1	0	0
1	1	UID1457466	1	1	0	0
1	1	UID1457472	1	1	0	0
1	1	UID1457477	1	1	0	0
1	1	UID1457479	1	1	0	0
1	1	UID1457481	1	1	0	0
1	1	UID1457487	1	1	0	0
1	1	UID1457488	1	1	0	0
1	1	UID1457494	1	1	0	0
1	1	UID1457495	1	1	0	0
1	1	UID1457499	1	1	0	0
1	1	UID1457502	1	1	0	0
1	1	UID1457505	1	1	0	0
1	1	UID1457511	1	1	0	0
1	1	UID1457517	1	1	0	0
1	1	UID1457523	1	1	0	0
1	1	UID1457524	1	1	0	0
1	1	UID1457532	1	1	0	0
1	1	UID1457534	1	1	0	0
1	1	UID1457536	1	1	0	0
1	1	UID1457542	1	1	0	0
1	1	UID1457545	1	1	0	0
1	1	UID1457546	1	1	0	0
1	1	UID1457551	1	1	0	0
1	1	UID1457553	1	1	0	0
1	1	UID1457555	1	1	0	0
1	1	UID1457556	1	1	0	0
1	1	UID1457557	1	1	0	0
1	1	UID1457562	1	1	0	0
1	1	UID1457564	1	1	0	0
1	1	UID1457566	1	1	0	0
1	1	UID1457568	1	1	0	0
1	1	UID1457580	1	1	0	0
1	1	UID1457581	1	1	0	0
1	1	UID1457586	1	1	0	0
1	1	UID1457596	1	1	0	0
1	1	UID1457599	1	1	0	0
1	1	UID1457604	1	1	0	0
1	1	UID1457619	1	1	0	0
1	1	UID1457631	1	1	0	0
1	1	UID1457633	1	1	0	0
1	1	UID1457636	1	1	0	0
1	1	UID1457637	1	1	0	0
1	1	UID1457639	1	1	0	0
1	1	UID1457643	1	1	0	0
1	1	UID1457645	1	1	0	0
1	1	UID1457648	1	1	0	0
1	1	UID1457650	1	1	0	0
1	1	UID1457651	1	1	0	0
1	1	UID1457668	1	1	0	0
1	1	UID1457669	1	1	0	0
1	1	UID1457672	1	1	0	0
1	1	UID1457675	1	1	0	0
1	1	UID1457679	1	1	0	0
1	1	UID1457681	1	1	0	0
1	1	UID1457682	1	1	0	0
1	1	UID1457688	1	1	0	0
1	1	UID1457689	1	1	0	0
1	1	UID1457697	1	1	0	0
1	1	UID1457702	1	1	0	0
1	1	UID1457716	1	1	0	0
1	1	UID1457717	1	1	0	0
1	1	UID1457742	1	1	0	0
1	1	UID1457757	1	1	0	0
1	1	UID1457764	1	1	0	0
1	1	UID1457770	1	1	0	0
1	1	UID1457771	1	1	0	0
1	1	UID1457775	1	1	0	0
1	1	UID1457783	1	1	0	0
1	1	UID1457790	1	1	0	0
1	1	UID1457804	1	1	0	0
1	1	UID1457812	1	1	0	0
1	1	UID1457813	1	1	0	0
1	1	UID1457821	1	1	0	0
1	1	UID1457823	1	1	0	0
1	1	UID1457824	1	1	0	0
1	1	UID1457826	1	1	0	0
1	1	UID1457829	1	1	0	0
1	1	UID1457833	1	1	0	0
1	1	UID1457839	1	1	0	0
1	1	UID1457840	1	1	0	0
1	1	UID1457851	1	1	0	0
1	1	UID1457852	1	1	0	0
1	1	UID1457855	1	1	0	0
1	1	UID1457856	1	1	0	0
1	1	UID1457863	1	1	0	0
1	1	UID1457865	1	1	0	0
1	1	UID1457875	1	1	0	0
1	1	UID1457883	1	1	0	0
1	1	UID1457895	1	1	0	0
1	1	UID1457907	1	1	0	0
1	1	UID1457917	1	1	0	0
1	1	UID1457920	1	1	0	0
1	1	UID1457922	1	1	0	0
1	1	UID1457934	1	1	0	0
1	1	UID1457940	1	1	0	0
1	1	UID1457947	1	1	0	0
1	1	UID1457948	1	1	0	0
1	1	UID1457951	1	1	0	0
1	1	UID1457968	1	1	0	0
1	1	UID1457989	1	1	0	0
1	1	UID1457993	1	1	0	0
1	1	UID1457995	1	1	0	0
1	1	UID1458000	1	1	0	0
1	1	UID1458043	1	1	0	0
1	1	UID1458094	1	1	0	0
1	1	UID1458116	1	1	0	0
1	1	UID1458130	1	1	0	0
1	1	UID1458153	1	1	0	0
1	1	UID1458162	1	1	0	0
1	1	UID1458171	1	1	0	0
1	1	UID1458191	1	1	0	0
1	1	UID1458192	1	1	0	0
1	1	UID1458195	1	1	0	0
1	1	UID1458202	1	1	0	0
1	1	UID1458203	1	1	0	0
1	1	UID1458208	1	1	0	0
1	1	UID1458212	1	1	0	0
1	1	UID1458216	1	1	0	0
1	1	UID1458233	1	1	0	0
1	1	UID1458234	1	1	0	0
1	1	UID1458238	1	1	0	0
1	1	UID1458239	1	1	0	0
1	1	UID1458247	1	1	0	0
1	1	UID1458256	1	1	0	0
1	1	UID1458257	1	1	0	0
1	1	UID1458259	1	1	0	0
1	1	UID1458260	1	1	0	0
1	1	UID1458261	1	1	0	0
1	1	UID1458262	1	1	0	0
1	1	UID1458265	1	1	0	0
1	1	UID1458281	1	1	0	0
1	1	UID1458283	1	1	0	0
1	1	UID1458313	1	1	0	0
1	1	UID1458334	1	1	0	0
1	1	UID1458336	1	1	0	0
1	1	UID1458337	1	1	0	0
1	1	UID1458340	1	1	0	0
1	1	UID1458344	1	1	0	0
1	1	UID1458348	1	1	0	0
1	1	UID1458356	1	1	0	0
1	1	UID1458357	1	1	0	0
1	1	UID1458359	1	1	0	0
1	1	UID1458360	1	1	0	0
1	1	UID1458362	1	1	0	0
1	1	UID1458363	1	1	0	0
1	1	UID1458366	1	1	0	0
1	1	UID1458367	1	1	0	0
1	1	UID1458372	1	1	0	0
1	1	UID1458375	1	1	0	0
1	1	UID1458384	1	1	0	0
1	1	UID1458406	1	1	0	0
1	1	UID1458409	1	1	0	0
1	1	UID1458412	1	1	0	0
1	1	UID1458414	1	1	0	0
1	1	UID1458422	1	1	0	0
1	1	UID1458433	1	1	0	0
1	1	UID1458440	1	1	0	0
1	1	UID1458441	1	1	0	0
1	1	UID1458442	1	1	0	0
1	1	UID1458445	1	1	0	0
1	1	UID1458452	1	1	0	0
1	1	UID1458459	1	1	0	0
1	1	UID1458464	1	1	0	0
1	1	UID1458465	1	1	0	0
1	1	UID1458485	1	1	0	0
1	1	UID1458489	1	1	0	0
1	1	UID1458504	1	1	0	0
1	1	UID1458508	1	1	0	0
1	1	UID1458510	1	1	0	0
1	1	UID1458512	1	1	0	0
1	1	UID1458513	1	1	0	0
1	1	UID1458520	1	1	0	0
1	1	UID1458521	1	1	0	0
1	1	UID1458533	1	1	0	0
1	1	UID1458534	1	1	0	0
1	1	UID1458539	1	1	0	0
1	1	UID1458541	1	1	0	0
1	1	UID1458542	1	1	0	0
1	1	UID1458543	1	1	0	0
1	1	UID1458554	1	1	0	0
1	1	UID1458556	1	1	0	0
1	1	UID1458562	1	1	0	0
1	1	UID1458568	1	1	0	0
1	1	UID1458569	1	1	0	0
1	1	UID1458571	1	1	0	0
1	1	UID1458576	1	1	0	0
1	1	UID1458578	1	1	0	0
1	1	UID1458579	1	1	0	0
1	1	UID1458583	1	1	0	0
1	1	UID1458589	1	1	0	0
1	1	UID1458593	1	1	0	0
1	1	UID1458600	1	1	0	0
1	1	UID1458602	1	1	0	0
1	1	UID1458605	1	1	0	0
1	1	UID1458610	1	1	0	0
1	1	UID1458620	1	1	0	0
1	1	UID1458621	1	1	0	0
1	1	UID1458622	1	1	0	0
1	1	UID1458633	1	1	0	0
1	1	UID1458635	1	1	0	0
1	1	UID1458640	1	1	0	0
1	1	UID1458658	1	1	0	0
1	1	UID1458660	1	1	0	0
1	1	UID1458675	1	1	0	0
1	1	UID1458677	1	1	0	0
1	1	UID1458687	1	1	0	0
1	1	UID1458688	1	1	0	0
1	1	UID1458694	1	1	0	0
1	1	UID1458697	1	1	0	0
1	1	UID1458699	1	1	0	0
1	1	UID1458701	1	1	0	0
1	1	UID1458703	1	1	0	0
1	1	UID1458705	1	1	0	0
1	1	UID1458707	1	1	0	0
1	1	UID1458709	1	1	0	0
1	1	UID1458715	1	1	0	0
1	1	UID1458721	1	1	0	0
1	1	UID1458722	1	1	0	0
1	1	UID1458723	1	1	0	0
1	1	UID1458727	1	1	0	0
1	1	UID1458729	1	1	0	0
1	1	UID1458731	1	1	0	0
5	5	UID1458752	1	5	2	2
1	1	UID1458783	1	1	0	0
1	1	UID1458784	1	1	0	0
1	1	UID1458787	1	1	0	0
1	1	UID1458803	1	1	0	0
1	1	UID1458804	1	1	0	0
1	1	UID1458808	1	1	0	0
1	1	UID1458809	1	1	0	0
1	1	UID1458810	1	1	0	0
1	1	UID1458816	1	1	0	0
1	1	UID1458825	1	1	0	0
1	1	UID1458839	1	1	0	0
1	1	UID1458848	1	1	0	0
1	1	UID1458849	1	1	0	0
1	1	UID1458854	1	1	0	0
1	1	UID1458856	1	1	0	0
1	1	UID1458862	1	1	0	0
1	1	UID1458868	1	1	0	0
1	1	UID1458879	1	1	0	0
1	1	UID1458884	1	1	0	0
1	1	UID1458887	1	1	0	0
1	1	UID1458889	1	1	0	0
1	1	UID1458893	1	1	0	0
1	1	UID1458898	1	1	0	0
1	1	UID1458900	1	1	0	0
1	1	UID1458903	1	1	0	0
1	1	UID1458905	1	1	0	0
1	1	UID1458910	1	1	0	0
1	1	UID1458914	1	1	0	0
1	1	UID1458920	1	1	0	0
1	1	UID1458921	1	1	0	0
1	1	UID1458927	1	1	0	0
1	1	UID1458949	1	1	0	0
1	1	UID1458964	1	1	0	0
1	1	UID1458973	1	1	0	0
1	1	UID1458982	1	1	0	0
1	1	UID1458983	1	1	0	0
1	1	UID1458984	1	1	0	0
1	1	UID1458985	1	1	0	0
1	1	UID1458986	1	1	0	0
1	1	UID1458987	1	1	0	0
1	1	UID1458988	1	1	0	0
1	1	UID1458989	1	1	0	0
1	1	UID1458990	1	1	0	0
1	1	UID1458991	1	1	0	0
1	1	UID1458992	1	1	0	0
1	1	UID1458993	1	1	0	0
1	1	UID1458994	1	1	0	0
1	1	UID1458996	1	1	0	0
1	1	UID1459011	1	1	0	0
1	1	UID1459014	1	1	0	0
1	1	UID1459017	1	1	0	0
1	1	UID1459022	1	1	0	0
1	1	UID1459028	1	1	0	0
1	1	UID1459029	1	1	0	0
1	1	UID1459034	1	1	0	0
1	1	UID1459035	1	1	0	0
1	1	UID1459046	1	1	0	0
1	1	UID1459048	1	1	0	0
1	1	UID1459049	1	1	0	0
1	1	UID1459053	1	1	0	0
1	1	UID1459054	1	1	0	0
1	1	UID1459055	1	1	0	0
1	1	UID1459071	1	1	0	0
1	1	UID1459074	1	1	0	0
1	1	UID1459088	1	1	0	0
1	1	UID1459092	1	1	0	0
1	1	UID1459094	1	1	0	0
1	1	UID1459096	1	1	0	0
1	1	UID1459100	1	1	0	0
1	1	UID1459102	1	1	0	0
1	1	UID1459116	1	1	0	0
1	1	UID1459118	1	1	0	0
1	1	UID1459126	1	1	0	0
1	1	UID1459128	1	1	0	0
1	1	UID1459133	1	1	0	0
1	1	UID1459134	1	1	0	0
1	1	UID1459145	1	1	0	0
1	1	UID1459146	1	1	0	0
1	1	UID1459147	1	1	0	0
1	1	UID1459156	1	1	0	0
1	1	UID1459170	1	1	0	0
1	1	UID1459171	1	1	0	0
1	1	UID1459175	1	1	0	0
1	1	UID1459179	1	1	0	0
1	1	UID1459191	1	1	0	0
1	1	UID1459192	1	1	0	0
1	1	UID1459197	1	1	0	0
1	1	UID1459198	1	1	0	0
1	1	UID1459202	1	1	0	0
1	1	UID1459216	1	1	0	0
1	1	UID1459232	1	1	0	0
1	1	UID1459238	1	1	0	0
1	1	UID1459239	1	1	0	0
1	1	UID1459250	1	1	0	0
1	1	UID1459252	1	1	0	0
1	1	UID1459261	1	1	0	0
1	1	UID1459267	1	1	0	0
1	1	UID1459284	1	1	0	0
1	1	UID1459290	1	1	0	0
1	1	UID1459291	1	1	0	0
1	1	UID1459294	1	1	0	0
1	1	UID1459296	1	1	0	0
1	1	UID1459299	1	1	0	0
1	1	UID1459302	1	1	0	0
1	1	UID1459303	1	1	0	0
1	1	UID1459304	1	1	0	0
1	1	UID1459308	1	1	0	0
1	1	UID1459317	1	1	0	0
1	1	UID1459327	1	1	0	0
1	1	UID1459328	1	1	0	0
1	1	UID1459336	1	1	0	0
1	1	UID1459341	1	1	0	0
1	1	UID1459353	1	1	0	0
1	1	UID1459354	1	1	0	0
1	1	UID1459357	1	1	0	0
1	1	UID1459370	1	1	0	0
1	1	UID1459378	1	1	0	0
1	1	UID1459389	1	1	0	0
1	1	UID1459417	1	1	0	0
1	1	UID1459581	1	1	0	0
1	1	UID1459585	1	1	0	0
1	1	UID1459622	1	1	0	0
1	1	UID1459631	1	1	0	0
1	1	UID1459635	1	1	0	0
1	1	UID1459637	1	1	0	0
1	1	UID1459638	1	1	0	0
1	1	UID1459646	1	1	0	0
1	1	UID1459647	1	1	0	0
1	1	UID1459659	1	1	0	0
1	1	UID1459660	1	1	0	0
1	1	UID1459666	1	1	0	0
1	1	UID1459667	1	1	0	0
1	1	UID1459669	1	1	0	0
1	1	UID1459671	1	1	0	0
1	1	UID1459672	1	1	0	0
1	1	UID1459674	1	1	0	0
1	1	UID1459675	1	1	0	0
1	1	UID1459676	1	1	0	0
1	1	UID1459681	1	1	0	0
1	1	UID1459682	1	1	0	0
1	1	UID1459687	1	1	0	0
1	1	UID1459688	1	1	0	0
3	3	UID1459689	1	3	1	1
1	1	UID1459703	1	1	0	0
1	1	UID1459711	1	1	0	0
1	1	UID1459719	1	1	0	0
1	1	UID1459720	1	1	0	0
1	1	UID1459721	1	1	0	0
1	1	UID1459725	1	1	0	0
1	1	UID1459734	1	1	0	0
1	1	UID1459735	1	1	0	0
1	1	UID1459737	1	1	0	0
1	1	UID1459738	1	1	0	0
1	1	UID1459739	1	1	0	0
1	1	UID1459750	1	1	0	0
1	1	UID1459754	1	1	0	0
1	1	UID1459756	1	1	0	0
1	1	UID1459757	1	1	0	0
1	1	UID1459758	1	1	0	0
1	1	UID1459765	1	1	0	0
1	1	UID1459771	1	1	0	0
1	1	UID1459778	1	1	0	0
1	1	UID1459779	1	1	0	0
1	1	UID1459781	1	1	0	0
1	1	UID1459782	1	1	0	0
1	1	UID1459783	1	1	0	0
1	1	UID1459786	1	1	0	0
5	5	UID1459787	1	5	2	2
1	1	UID1459791	1	1	0	0
1	1	UID1459792	1	1	0	0
1	1	UID1459798	1	1	0	0
5	5	UID1459799	1	5	1	1
1	1	UID1459800	1	1	0	0
1	1	UID1459801	1	1	0	0
1	1	UID1459806	1	1	0	0
1	1	UID1459807	1	1	0	0
1	1	UID1459826	1	1	0	0
1	1	UID1459833	1	1	0	0
1	1	UID1459834	1	1	0	0
1	1	UID1459835	1	1	0	0
1	1	UID1459836	1	1	0	0
1	1	UID1459837	1	1	0	0
1	1	UID1459844	1	1	0	0
2	2	UID1459846	1	2	1	1
1	1	UID1459848	1	1	0	0
1	1	UID1459849	1	1	0	0
1	1	UID1459850	1	1	0	0
1	1	UID1459863	1	1	0	0
1	1	UID1459865	1	1	0	0
1	1	UID1459866	1	1	0	0
1	1	UID1459877	1	1	0	0
1	1	UID1459880	1	1	0	0
1	1	UID1459884	1	1	0	0
1	1	UID1459889	1	1	0	0
1	1	UID1459904	1	1	0	0
1	1	UID1459909	1	1	0	0
1	1	UID1459915	1	1	0	0
1	1	UID1459922	1	1	0	0
1	1	UID1459929	1	1	0	0
1	1	UID1459933	1	1	0	0
1	1	UID1459934	1	1	0	0
1	1	UID1459941	1	1	0	0
1	1	UID1459949	1	1	0	0
1	1	UID1459951	1	1	0	0
1	1	UID1459952	1	1	0	0
1	1	UID1459958	1	1	0	0
1	1	UID1459974	1	1	0	0
1	1	UID1459979	1	1	0	0
1	1	UID1459983	1	1	0	0
1	1	UID1459984	1	1	0	0
1	1	UID1459986	1	1	0	0
1	1	UID1459994	1	1	0	0
1	1	UID1459996	1	1	0	0
1	1	UID1459998	1	1	0	0
1	1	UID1460002	1	1	0	0
1	1	UID1460009	1	1	0	0
1	1	UID1460023	1	1	0	0
1	1	UID1460024	1	1	0	0
1	1	UID1460025	1	1	0	0
1	1	UID1460026	1	1	0	0
1	1	UID1460027	1	1	0	0
1	1	UID1460028	1	1	0	0
1	1	UID1460029	1	1	0	0
1	1	UID1460030	1	1	0	0
1	1	UID1460031	1	1	0	0
1	1	UID1460032	1	1	0	0
1	1	UID1460033	1	1	0	0
1	1	UID1460035	1	1	0	0
1	1	UID1460036	1	1	0	0
1	1	UID1460037	1	1	0	0
1	1	UID1460039	1	1	0	0
1	1	UID1460043	1	1	0	0
1	1	UID1460045	1	1	0	0
1	1	UID1460052	1	1	0	0
1	1	UID1460056	1	1	0	0
1	1	UID1460061	1	1	0	0
1	1	UID1460065	1	1	0	0
1	1	UID1460067	1	1	0	0
1	1	UID1460070	1	1	0	0
1	1	UID1460071	1	1	0	0
1	1	UID1460072	1	1	0	0
1	1	UID1460073	1	1	0	0
1	1	UID1460074	1	1	0	0
1	1	UID1460087	1	1	0	0
1	1	UID1460088	1	1	0	0
1	1	UID1460090	1	1	0	0
1	1	UID1460091	1	1	0	0
1	1	UID1460099	1	1	0	0
1	1	UID1460100	1	1	0	0
1	1	UID1460103	1	1	0	0
1	1	UID1460120	1	1	0	0
1	1	UID1460121	1	1	0	0
1	1	UID1460122	1	1	0	0
1	1	UID1460125	1	1	0	0
1	1	UID1460126	1	1	0	0
1	1	UID1460127	1	1	0	0
1	1	UID1460133	1	1	0	0
1	1	UID1460136	1	1	0	0
1	1	UID1460139	1	1	0	0
1	1	UID1460141	1	1	0	0
1	1	UID1460157	1	1	0	0
1	1	UID1460159	1	1	0	0
1	1	UID1460166	1	1	0	0
1	1	UID1460170	1	1	0	0
1	1	UID1460171	1	1	0	0
1	1	UID1460173	1	1	0	0
1	1	UID1460175	1	1	0	0
1	1	UID1460176	1	1	0	0
1	1	UID1460180	1	1	0	0
1	1	UID1460181	1	1	0	0
1	1	UID1460186	1	1	0	0
1	1	UID1460191	1	1	0	0
1	1	UID1460201	1	1	0	0
1	1	UID1460211	1	1	0	0
1	1	UID1460218	1	1	0	0
1	1	UID1460221	1	1	0	0
1	1	UID1460233	1	1	0	0
1	1	UID1460238	1	1	0	0
1	1	UID1460248	1	1	0	0
1	1	UID1460251	1	1	0	0
1	1	UID1460252	1	1	0	0
1	1	UID1460263	1	1	0	0
1	1	UID1460264	1	1	0	0
1	1	UID1460270	1	1	0	0
1	1	UID1460273	1	1	0	0
1	1	UID1460285	1	1	0	0
1	1	UID1460286	1	1	0	0
1	1	UID1460293	1	1	0	0
1	1	UID1460295	1	1	0	0
1	1	UID1460296	1	1	0	0
1	1	UID1460298	1	1	0	0
1	1	UID1460299	1	1	0	0
1	1	UID1460301	1	1	0	0
1	1	UID1460306	1	1	0	0
1	1	UID1460310	1	1	0	0
1	1	UID1460311	1	1	0	0
1	1	UID1460312	1	1	0	0
1	1	UID1460319	1	1	0	0
1	1	UID1460326	1	1	0	0
1	1	UID1460333	1	1	0	0
1	1	UID1460338	1	1	0	0
1	1	UID1460339	1	1	0	0
1	1	UID1460343	1	1	0	0
1	1	UID1460344	1	1	0	0
1	1	UID1460361	1	1	0	0
1	1	UID1460368	1	1	0	0
1	1	UID1460371	1	1	0	0
2	2	UID1460381	1	2	1	1
1	1	UID1460385	1	1	0	0
1	1	UID1460392	1	1	0	0
1	1	UID1460393	1	1	0	0
1	1	UID1460399	1	1	0	0
1	1	UID1460406	1	1	0	0
1	1	UID1460421	1	1	0	0
1	1	UID1460422	1	1	0	0
1	1	UID1460432	1	1	0	0
1	1	UID1460435	1	1	0	0
1	1	UID1460437	1	1	0	0
1	1	UID1460442	1	1	0	0
1	1	UID1460445	1	1	0	0
1	1	UID1460447	1	1	0	0
1	1	UID1460448	1	1	0	0
1	1	UID1460451	1	1	0	0
1	1	UID1460461	1	1	0	0
1	1	UID1460466	1	1	0	0
1	1	UID1460467	1	1	0	0
1	1	UID1460469	1	1	0	0
1	1	UID1460478	1	1	0	0
1	1	UID1460486	1	1	0	0
1	1	UID1460493	1	1	0	0
1	1	UID1460495	1	1	0	0
1	1	UID1460500	1	1	0	0
1	1	UID1460501	1	1	0	0
1	1	UID1460508	1	1	0	0
1	1	UID1460510	1	1	0	0
1	1	UID1460527	1	1	0	0
1	1	UID1460528	1	1	0	0
1	1	UID1460529	1	1	0	0
1	1	UID1460530	1	1	0	0
1	1	UID1460537	1	1	0	0
1	1	UID1460539	1	1	0	0
1	1	UID1460540	1	1	0	0
1	1	UID1460541	1	1	0	0
1	1	UID1460542	1	1	0	0
1	1	UID1460544	1	1	0	0
1	1	UID1460546	1	1	0	0
1	1	UID1460554	1	1	0	0
1	1	UID1460557	1	1	0	0
1	1	UID1460558	1	1	0	0
1	1	UID1460559	1	1	0	0
1	1	UID1460562	1	1	0	0
1	1	UID1460564	1	1	0	0
1	1	UID1460568	1	1	0	0
1	1	UID1460571	1	1	0	0
1	1	UID1460574	1	1	0	0
1	1	UID1460577	1	1	0	0
1	1	UID1460582	1	1	0	0
1	1	UID1460583	1	1	0	0
1	1	UID1460590	1	1	0	0
1	1	UID1460591	1	1	0	0
1	1	UID1460599	1	1	0	0
1	1	UID1460602	1	1	0	0
1	1	UID1460605	1	1	0	0
1	1	UID1460613	1	1	0	0
1	1	UID1460617	1	1	0	0
1	1	UID1460619	1	1	0	0
1	1	UID1460620	1	1	0	0
1	1	UID1460628	1	1	0	0
1	1	UID1460634	1	1	0	0
1	1	UID1460636	1	1	0	0
1	1	UID1460641	1	1	0	0
1	1	UID1460642	1	1	0	0
1	1	UID1460645	1	1	0	0
1	1	UID1460648	1	1	0	0
1	1	UID1460649	1	1	0	0
1	1	UID1460650	1	1	0	0
1	1	UID1460656	1	1	0	0
1	1	UID1460660	1	1	0	0
1	1	UID1460664	1	1	0	0
1	1	UID1460667	1	1	0	0
1	1	UID1460674	1	1	0	0
1	1	UID1460677	1	1	0	0
1	1	UID1460679	1	1	0	0
1	1	UID1460693	1	1	0	0
1	1	UID1460694	1	1	0	0
1	1	UID1460705	1	1	0	0
1	1	UID1460710	1	1	0	0
1	1	UID1460713	1	1	0	0
1	1	UID1460724	1	1	0	0
1	1	UID1460726	1	1	0	0
1	1	UID1460730	1	1	0	0
1	1	UID1460734	1	1	0	0
1	1	UID1460735	1	1	0	0
1	1	UID1460736	1	1	0	0
1	1	UID1460737	1	1	0	0
1	1	UID1460740	1	1	0	0
1	1	UID1460741	1	1	0	0
1	1	UID1460742	1	1	0	0
1	1	UID1460743	1	1	0	0
1	1	UID1460745	1	1	0	0
1	1	UID1460746	1	1	0	0
1	1	UID1460753	1	1	0	0
1	1	UID1460754	1	1	0	0
1	1	UID1460756	1	1	0	0
1	1	UID1460761	1	1	0	0
1	1	UID1460777	1	1	0	0
1	1	UID1460791	1	1	0	0
1	1	UID1460792	1	1	0	0
1	1	UID1460795	1	1	0	0
1	1	UID1460796	1	1	0	0
1	1	UID1460803	1	1	0	0
1	1	UID1460804	1	1	0	0
1	1	UID1460805	1	1	0	0
1	1	UID1460807	1	1	0	0
1	1	UID1460820	1	1	0	0
1	1	UID1460823	1	1	0	0
1	1	UID1460827	1	1	0	0
1	1	UID1460829	1	1	0	0
1	1	UID1460833	1	1	0	0
1	1	UID1460836	1	1	0	0
1	1	UID1460842	1	1	0	0
1	1	UID1460845	1	1	0	0
1	1	UID1460852	1	1	0	0
1	1	UID1460855	1	1	0	0
1	1	UID1460861	1	1	0	0
1	1	UID1460862	1	1	0	0
1	1	UID1460866	1	1	0	0
1	1	UID1460867	1	1	0	0
1	1	UID1460868	1	1	0	0
1	1	UID1460873	1	1	0	0
1	1	UID1460874	1	1	0	0
1	1	UID1460875	1	1	0	0
1	1	UID1460877	1	1	0	0
1	1	UID1460878	1	1	0	0
1	1	UID1460886	1	1	0	0
1	1	UID1460889	1	1	0	0
1	1	UID1460891	1	1	0	0
1	1	UID1460892	1	1	0	0
1	1	UID1460893	1	1	0	0
1	1	UID1460894	1	1	0	0
1	1	UID1460898	1	1	0	0
1	1	UID1460899	1	1	0	0
1	1	UID1460900	1	1	0	0
1	1	UID1460908	1	1	0	0
1	1	UID1460909	1	1	0	0
1	1	UID1460917	1	1	0	0
1	1	UID1460929	1	1	0	0
1	1	UID1460940	1	1	0	0
1	1	UID1460946	1	1	0	0
1	1	UID1460956	1	1	0	0
1	1	UID1460959	1	1	0	0
1	1	UID1460961	1	1	0	0
1	1	UID1460964	1	1	0	0
1	1	UID1460973	1	1	0	0
1	1	UID1460974	1	1	0	0
1	1	UID1460976	1	1	0	0
1	1	UID1460978	1	1	0	0
1	1	UID1460979	1	1	0	0
1	1	UID1460982	1	1	0	0
1	1	UID1461003	1	1	0	0
1	1	UID1461007	1	1	0	0
1	1	UID1461011	1	1	0	0
1	1	UID1461016	1	1	0	0
1	1	UID1461020	1	1	0	0
1	1	UID1461023	1	1	0	0
1	1	UID1461026	1	1	0	0
1	1	UID1461031	1	1	0	0
1	1	UID1461032	1	1	0	0
1	1	UID1461035	1	1	0	0
1	1	UID1461036	1	1	0	0
1	1	UID1461037	1	1	0	0
1	1	UID171503	1	1	0	0
1	1	UID200603	1	1	0	0
1	1	UID207465	1	1	0	0
1	1	UID208921	1	1	0	0
1	1	UID213525	1	1	0	0
1	1	UID217909	1	1	0	0
1	1	UID231375	1	1	0	0
1	1	UID242715	1	1	0	0
1	1	UID311615	1	1	0	0
1	1	UID31745	1	1	0	0
1	1	UID40098	1	1	0	0
1	1	UID40785	1	1	0	0
1	1	UID48465	1	1	0	0
1	1	UID526987	1	1	0	0
1	1	UID66288	1	1	0	0
1	1	UID7486	1	1	0	0
1	1	UID751	1	1	0	0
1	1	UID7991	1	1	0	0
1	1	UID806290	1	1	0	0
1	1	UID8139	1	1	0	0
1	1	UID863229	1	1	0	0
1	1	UID877266	1	1	0	0
1	1	UID922651	1	1	0	0
