1884	13077	UID1	7788	1487	8	8
1246	4439	UID42	2190	955	3	3
501	1772	UID2	897	376	4	4
167	386	UID498	195	144	2	2
221	453	UID1497	193	199	4	4
15	44	UID26	29	13	1	1
19	48	UID57	29	17	2	2
16	44	UID58	29	15	1	1
10	36	UID135	27	9	1	1
22	46	UID28	25	21	2	2
24	50	UID96	25	21	1	1
14	37	UID132	23	12	1	1
9	31	UID158	23	8	1	1
13	36	UID59	23	11	1	1
14	35	UID152	22	13	1	1
18	42	UID83	22	15	3	3
14	35	UID116	21	12	2	2
13	34	UID117	21	11	1	1
19	39	UID173	21	18	2	2
10	30	UID18	21	9	1	1
11	30	UID68	20	10	1	1
18	39	UID82	20	15	1	1
14	32	UID221	19	13	1	1
10	27	UID139	18	9	1	1
13	30	UID149	18	12	1	1
15	32	UID190	18	14	2	2
14	31	UID216	18	13	1	1
8	24	UID131	17	7	1	1
14	30	UID134	17	13	1	1
9	25	UID229	17	8	1	1
12	28	UID32	17	11	1	1
19	35	UID54	17	18	1	1
16	32	UID76	17	15	2	2
19	36	UID87	17	17	1	1
9	24	UID191	16	8	1	1
7	22	UID61	16	6	1	1
6	20	UID292	15	5	1	1
9	23	UID533	15	8	1	1
15	28	UID161	14	14	1	1
9	22	UID163	14	8	1	1
8	21	UID222	14	7	1	1
9	22	UID22	14	8	1	1
10	22	UID19	13	9	1	1
7	19	UID228	13	6	1	1
8	20	UID276	13	7	2	2
9	21	UID320	13	8	1	1
10	21	UID110	12	9	1	1
16	28	UID112878	12	14	1	1
5	16	UID143	12	4	1	1
11	22	UID144	12	10	1	1
5	16	UID153	12	4	1	1
16	29	UID154	12	13	1	1
10	21	UID219	12	9	1	1
18	29	UID86	12	17	1	1
21	33	UID94	12	19	1	1
5	15	UID116542	11	4	1	1
6	16	UID199	11	5	1	1
11	21	UID203	11	10	1	1
8	18	UID218	11	7	1	1
11	21	UID65	11	10	1	1
10	19	UID184	10	9	2	2
9	19	UID200	10	7	1	1
14	23	UID217	10	13	1	1
10	19	UID77	10	9	1	1
6	14	UID174	9	5	1	1
4	12	UID201	9	3	1	1
8	16	UID206	9	7	1	1
10	18	UID215	9	9	2	2
5	13	UID291	9	4	1	1
4	12	UID339	9	3	1	1
6	13	UID164	8	5	1	1
9	16	UID183308	8	8	1	1
9	16	UID209964	8	8	1	1
5	12	UID209979	8	4	1	1
6	13	UID238	8	5	1	1
6	13	UID240	8	5	1	1
9	16	UID281952	8	8	1	1
4	11	UID323	8	3	1	1
3	10	UID40248	8	2	1	1
4	11	UID570	8	3	1	1
12	19	UID8539	8	11	1	1
8	14	UID116567	7	7	1	1
8	14	UID116608	7	7	1	1
4	10	UID160	7	3	1	1
9	15	UID182	7	8	1	1
10	16	UID190052	7	9	1	1
16	22	UID20	7	15	2	2
5	11	UID239	7	4	1	1
5	11	UID281963	7	4	1	1
4	10	UID423	7	3	1	1
4	10	UID810	7	3	1	1
6	12	UID8532	7	5	1	1
11	16	UID116662	6	10	2	2
10	15	UID183307	6	9	1	1
11	17	UID183381	6	9	2	2
7	12	UID190058	6	6	1	1
5	10	UID233	6	4	1	1
4	9	UID260	6	3	1	1
4	9	UID261	6	3	1	1
5	10	UID263	6	4	1	1
10	15	UID281921	6	9	1	1
4	9	UID281938	6	3	0	0
3	8	UID281990	6	2	1	1
4	9	UID322	6	3	1	1
5	10	UID348	6	4	1	1
5	10	UID366	6	4	1	1
4	9	UID367	6	3	1	1
4	9	UID490	6	3	1	1
4	9	UID5866	6	3	0	0
7	12	UID8542	6	6	1	1
16	21	UID8549	6	15	1	1
13	18	UID941	6	12	1	1
2	6	UID1404	5	1	1	1
5	9	UID148884	5	4	1	1
3	7	UID1776250	5	2	0	0
4	8	UID189936	5	3	1	1
12	16	UID190061	5	11	1	1
5	9	UID204	5	4	1	1
8	12	UID280	5	7	1	1
7	11	UID312	5	6	1	1
4	8	UID371	5	3	1	1
2	6	UID420	5	1	1	1
1	5	UID445	5	0	0	0
1	5	UID55483	5	0	0	0
3	7	UID569	5	2	1	1
2	6	UID682	5	1	0	0
4	8	UID8548	5	3	1	1
6	10	UID8550	5	5	1	1
8	12	UID8581	5	7	1	1
5	9	UID903	5	4	1	1
7	10	UID116551	4	6	1	1
2	5	UID1355	4	1	1	1
7	10	UID189980	4	6	1	1
7	10	UID262	4	6	1	1
7	10	UID281953	4	6	1	1
2	5	UID3901	4	1	1	1
2	5	UID419	4	1	1	1
1	4	UID427	4	0	0	0
2	5	UID465	4	1	1	1
1	4	UID487	4	0	0	0
3	6	UID491	4	2	1	1
3	6	UID531	4	2	1	1
1	4	UID534	4	0	0	0
4	7	UID630	4	3	1	1
3	6	UID659	4	2	1	1
1	4	UID6647	4	0	0	0
5	8	UID8554	4	4	1	1
8	11	UID8580	4	7	1	1
2	4	UID1052	3	1	1	1
1	3	UID115558	3	0	0	0
2	4	UID116568	3	1	1	1
3	5	UID1211	3	2	2	2
2	4	UID1372	3	1	1	1
1	3	UID1439	3	0	0	0
1	3	UID189974	3	0	0	0
4	6	UID209998	3	3	1	1
4	6	UID241	3	3	1	1
10	12	UID281944	3	9	1	1
4	6	UID281996	3	3	1	1
2	4	UID282028	3	1	1	1
9	11	UID282038	3	8	1	1
2	4	UID282080	3	1	1	1
1	3	UID282111	3	0	0	0
1	3	UID282489	3	0	0	0
3	5	UID338	3	2	1	1
4	6	UID357	3	3	1	1
3	5	UID368	3	2	1	1
2	4	UID369	3	1	0	0
4	6	UID384	3	3	1	1
1	3	UID3887	3	0	0	0
3	5	UID4216	3	2	1	1
5	7	UID424	3	4	1	1
2	4	UID4544	3	1	1	1
1	3	UID4570	3	0	0	0
2	4	UID467	3	1	1	1
4	7	UID469	3	2	1	1
3	5	UID470	3	2	1	1
2	4	UID489	3	1	1	1
1	3	UID492	3	0	0	0
2	4	UID535	3	1	0	0
1	3	UID572	3	0	0	0
1	3	UID5893	3	0	0	0
2	4	UID653	3	1	1	1
2	4	UID6549	3	1	1	1
3	5	UID687	3	2	1	1
3	5	UID692	3	2	1	1
5	7	UID809	3	4	1	1
3	5	UID882	3	2	0	0
2	4	UID885	3	1	1	1
1	3	UID899	3	0	0	0
5	6	UID1365	2	4	1	1
3	4	UID1401	2	2	1	1
5	6	UID166	2	4	1	1
2	3	UID1776270	2	1	1	1
5	7	UID188	2	3	1	1
3	4	UID189935	2	2	1	1
10	11	UID190048	2	9	1	1
8	9	UID232067	2	7	1	1
2	3	UID23220	2	1	1	1
3	4	UID259	2	2	1	1
3	4	UID282002	2	2	1	1
4	5	UID282007	2	3	1	1
3	4	UID282120	2	2	1	1
2	3	UID282237	2	1	1	1
2	3	UID282258	2	1	1	1
2	3	UID282710	2	1	1	1
2	3	UID284512	2	1	1	1
2	3	UID31348	2	1	1	1
8	9	UID313	2	7	1	1
3	4	UID329	2	2	1	1
3	4	UID370	2	2	1	1
5	6	UID385	2	4	1	1
3	4	UID440	2	2	1	1
4	5	UID4688	2	3	1	1
3	4	UID488	2	2	1	1
5	6	UID517	2	4	1	1
6	7	UID566	2	5	1	1
3	4	UID567	2	2	1	1
3	4	UID658	2	2	1	1
4	5	UID660	2	3	1	1
4	5	UID686	2	3	1	1
1	2	UID710	2	0	0	0
1	2	UID8510	2	0	0	0
4	5	UID891	2	3	1	1
2	3	UID901	2	1	1	1
3	4	UID904	2	2	1	1
5	5	UID11175	1	5	2	2
1	1	UID1303685	1	1	0	0
1	1	UID1334932	1	1	0	0
4	4	UID145223	1	4	2	2
1	1	UID1635318	1	1	0	0
1	1	UID1728961	1	1	0	0
3	3	UID1730499	1	3	2	2
4	4	UID1757335	1	4	2	2
1	1	UID1776285	1	1	0	0
1	1	UID1776287	1	1	0	0
1	1	UID1776288	1	1	0	0
1	1	UID1776294	1	1	0	0
1	1	UID1776298	1	1	0	0
1	1	UID1776302	1	1	0	0
1	1	UID1776307	1	1	0	0
1	1	UID1776308	1	1	0	0
1	1	UID1776311	1	1	0	0
1	1	UID1776312	1	1	0	0
1	1	UID1776313	1	1	0	0
1	1	UID1776314	1	1	0	0
1	1	UID1776317	1	1	0	0
1	1	UID1776318	1	1	0	0
1	1	UID1776324	1	1	0	0
1	1	UID1776326	1	1	0	0
1	1	UID1776330	1	1	0	0
1	1	UID1776331	1	1	0	0
1	1	UID1776332	1	1	0	0
1	1	UID1776335	1	1	0	0
1	1	UID1776336	1	1	0	0
1	1	UID1776337	1	1	0	0
1	1	UID1776338	1	1	0	0
1	1	UID1776339	1	1	0	0
1	1	UID1776340	1	1	0	0
1	1	UID1776342	1	1	0	0
1	1	UID1776343	1	1	0	0
1	1	UID1776345	1	1	0	0
1	1	UID1776348	1	1	0	0
1	1	UID1776353	1	1	0	0
1	1	UID1776354	1	1	0	0
1	1	UID1776360	1	1	0	0
1	1	UID1776364	1	1	0	0
1	1	UID1776366	1	1	0	0
1	1	UID1776379	1	1	0	0
1	1	UID1776380	1	1	0	0
1	1	UID1776381	1	1	0	0
1	1	UID1776392	1	1	0	0
1	1	UID1776398	1	1	0	0
1	1	UID1776400	1	1	0	0
1	1	UID1776403	1	1	0	0
1	1	UID1776404	1	1	0	0
1	1	UID1776411	1	1	0	0
1	1	UID1776415	1	1	0	0
1	1	UID1776417	1	1	0	0
1	1	UID1776419	1	1	0	0
1	1	UID1776420	1	1	0	0
1	1	UID1776428	1	1	0	0
1	1	UID1776431	1	1	0	0
1	1	UID1776432	1	1	0	0
1	1	UID1776433	1	1	0	0
1	1	UID1776436	1	1	0	0
1	1	UID1776437	1	1	0	0
1	1	UID1776438	1	1	0	0
1	1	UID1776442	1	1	0	0
1	1	UID1776443	1	1	0	0
1	1	UID1776444	1	1	0	0
1	1	UID1776448	1	1	0	0
1	1	UID1776449	1	1	0	0
1	1	UID1776455	1	1	0	0
1	1	UID1776458	1	1	0	0
1	1	UID1776462	1	1	0	0
1	1	UID1776463	1	1	0	0
1	1	UID1776464	1	1	0	0
1	1	UID1776465	1	1	0	0
1	1	UID1776470	1	1	0	0
1	1	UID1776471	1	1	0	0
1	1	UID1776478	1	1	0	0
1	1	UID1776485	1	1	0	0
1	1	UID1776489	1	1	0	0
1	1	UID1776499	1	1	0	0
1	1	UID1776501	1	1	0	0
1	1	UID1776503	1	1	0	0
1	1	UID1776504	1	1	0	0
1	1	UID1776505	1	1	0	0
1	1	UID1776507	1	1	0	0
1	1	UID1776511	1	1	0	0
1	1	UID1776520	1	1	0	0
1	1	UID1776525	1	1	0	0
1	1	UID1776528	1	1	0	0
1	1	UID1776529	1	1	0	0
1	1	UID1776530	1	1	0	0
1	1	UID1776536	1	1	0	0
1	1	UID1776540	1	1	0	0
1	1	UID1776541	1	1	0	0
1	1	UID1776542	1	1	0	0
1	1	UID1776550	1	1	0	0
1	1	UID1776551	1	1	0	0
1	1	UID1776552	1	1	0	0
1	1	UID1776558	1	1	0	0
1	1	UID1776570	1	1	0	0
1	1	UID1776572	1	1	0	0
1	1	UID1776573	1	1	0	0
1	1	UID1776574	1	1	0	0
1	1	UID1776578	1	1	0	0
1	1	UID1776579	1	1	0	0
1	1	UID1776581	1	1	0	0
1	1	UID1776582	1	1	0	0
1	1	UID1776583	1	1	0	0
1	1	UID1776584	1	1	0	0
3	3	UID1776587	1	3	2	2
1	1	UID1776590	1	1	0	0
1	1	UID1776597	1	1	0	0
1	1	UID1776598	1	1	0	0
1	1	UID1776599	1	1	0	0
1	1	UID1776602	1	1	0	0
1	1	UID1776603	1	1	0	0
1	1	UID1776604	1	1	0	0
1	1	UID1776605	1	1	0	0
1	1	UID1776606	1	1	0	0
1	1	UID1776608	1	1	0	0
1	1	UID1776609	1	1	0	0
1	1	UID1776610	1	1	0	0
1	1	UID1776612	1	1	0	0
1	1	UID1776616	1	1	0	0
1	1	UID1776618	1	1	0	0
1	1	UID1776624	1	1	0	0
1	1	UID1776625	1	1	0	0
1	1	UID1776626	1	1	0	0
1	1	UID1776627	1	1	0	0
1	1	UID1776628	1	1	0	0
1	1	UID1776639	1	1	0	0
4	4	UID1776642	1	4	2	2
1	1	UID1776646	1	1	0	0
1	1	UID1776648	1	1	0	0
1	1	UID1776651	1	1	0	0
1	1	UID1776652	1	1	0	0
1	1	UID1776659	1	1	0	0
1	1	UID1776660	1	1	0	0
1	1	UID1776662	1	1	0	0
1	1	UID1776670	1	1	0	0
1	1	UID1776671	1	1	0	0
1	1	UID1776672	1	1	0	0
1	1	UID1776675	1	1	0	0
1	1	UID1776677	1	1	0	0
1	1	UID1776678	1	1	0	0
1	1	UID1776682	1	1	0	0
1	1	UID1776683	1	1	0	0
1	1	UID1776688	1	1	0	0
1	1	UID1776691	1	1	0	0
1	1	UID1776695	1	1	0	0
1	1	UID1776703	1	1	0	0
1	1	UID1776704	1	1	0	0
1	1	UID1776706	1	1	0	0
1	1	UID1776717	1	1	0	0
1	1	UID1776718	1	1	0	0
1	1	UID1776720	1	1	0	0
1	1	UID1776721	1	1	0	0
1	1	UID1776722	1	1	0	0
1	1	UID1776724	1	1	0	0
1	1	UID1776725	1	1	0	0
1	1	UID1776726	1	1	0	0
1	1	UID1776727	1	1	0	0
1	1	UID1776728	1	1	0	0
1	1	UID1776736	1	1	0	0
1	1	UID1776739	1	1	0	0
1	1	UID1776740	1	1	0	0
1	1	UID1776750	1	1	0	0
1	1	UID1776751	1	1	0	0
1	1	UID1776757	1	1	0	0
1	1	UID1776760	1	1	0	0
1	1	UID1776761	1	1	0	0
1	1	UID1776763	1	1	0	0
1	1	UID1776764	1	1	0	0
1	1	UID1776772	1	1	0	0
1	1	UID1776773	1	1	0	0
1	1	UID1776774	1	1	0	0
1	1	UID1776776	1	1	0	0
1	1	UID1776777	1	1	0	0
1	1	UID1776780	1	1	0	0
1	1	UID1776782	1	1	0	0
1	1	UID1776783	1	1	0	0
1	1	UID1776784	1	1	0	0
1	1	UID1776789	1	1	0	0
4	4	UID1776792	1	4	2	2
1	1	UID1776793	1	1	0	0
1	1	UID1776799	1	1	0	0
1	1	UID1776800	1	1	0	0
1	1	UID1776806	1	1	0	0
1	1	UID1776807	1	1	0	0
1	1	UID1776810	1	1	0	0
1	1	UID1776812	1	1	0	0
1	1	UID1776813	1	1	0	0
1	1	UID1776814	1	1	0	0
1	1	UID1776818	1	1	0	0
1	1	UID1776820	1	1	0	0
1	1	UID1776821	1	1	0	0
1	1	UID1776827	1	1	0	0
1	1	UID1776828	1	1	0	0
1	1	UID1776832	1	1	0	0
1	1	UID1776837	1	1	0	0
1	1	UID1776842	1	1	0	0
1	1	UID1776848	1	1	0	0
1	1	UID1776850	1	1	0	0
1	1	UID1776851	1	1	0	0
1	1	UID1776852	1	1	0	0
1	1	UID1776857	1	1	0	0
1	1	UID1776861	1	1	0	0
1	1	UID1776866	1	1	0	0
1	1	UID1776869	1	1	0	0
1	1	UID1776881	1	1	0	0
1	1	UID1776883	1	1	0	0
1	1	UID1776885	1	1	0	0
1	1	UID1776891	1	1	0	0
1	1	UID1776892	1	1	0	0
1	1	UID1776894	1	1	0	0
1	1	UID1776895	1	1	0	0
1	1	UID1776896	1	1	0	0
1	1	UID1776900	1	1	0	0
1	1	UID1776901	1	1	0	0
1	1	UID1776902	1	1	0	0
1	1	UID1776904	1	1	0	0
1	1	UID1776908	1	1	0	0
1	1	UID1776909	1	1	0	0
3	3	UID1776912	1	3	2	2
1	1	UID1776913	1	1	0	0
1	1	UID1776914	1	1	0	0
1	1	UID1776917	1	1	0	0
1	1	UID1776920	1	1	0	0
1	1	UID1776921	1	1	0	0
1	1	UID1776922	1	1	0	0
1	1	UID1776925	1	1	0	0
1	1	UID1776927	1	1	0	0
1	1	UID1776928	1	1	0	0
1	1	UID1776932	1	1	0	0
1	1	UID1776934	1	1	0	0
1	1	UID1776944	1	1	0	0
1	1	UID1776950	1	1	0	0
1	1	UID1776952	1	1	0	0
1	1	UID1776955	1	1	0	0
1	1	UID1776956	1	1	0	0
1	1	UID1776957	1	1	0	0
1	1	UID1776958	1	1	0	0
1	1	UID1776960	1	1	0	0
1	1	UID1776966	1	1	0	0
1	1	UID1776969	1	1	0	0
1	1	UID1776970	1	1	0	0
1	1	UID1776976	1	1	0	0
1	1	UID1776978	1	1	0	0
1	1	UID1776979	1	1	0	0
1	1	UID1776982	1	1	0	0
1	1	UID1776986	1	1	0	0
1	1	UID1776989	1	1	0	0
1	1	UID1776990	1	1	0	0
1	1	UID1776992	1	1	0	0
1	1	UID1776995	1	1	0	0
1	1	UID1776996	1	1	0	0
1	1	UID1776999	1	1	0	0
1	1	UID1777007	1	1	0	0
1	1	UID1777017	1	1	0	0
1	1	UID1777027	1	1	0	0
1	1	UID1777028	1	1	0	0
1	1	UID1777030	1	1	0	0
1	1	UID1777035	1	1	0	0
1	1	UID1777039	1	1	0	0
1	1	UID1777042	1	1	0	0
1	1	UID1777043	1	1	0	0
1	1	UID1777046	1	1	0	0
1	1	UID1777048	1	1	0	0
1	1	UID1777052	1	1	0	0
1	1	UID1777053	1	1	0	0
1	1	UID1777054	1	1	0	0
1	1	UID1777055	1	1	0	0
1	1	UID1777060	1	1	0	0
1	1	UID1777061	1	1	0	0
1	1	UID1777062	1	1	0	0
1	1	UID1777063	1	1	0	0
1	1	UID1777067	1	1	0	0
1	1	UID1777068	1	1	0	0
1	1	UID1777069	1	1	0	0
1	1	UID1777071	1	1	0	0
1	1	UID1777073	1	1	0	0
1	1	UID1777076	1	1	0	0
1	1	UID1777077	1	1	0	0
1	1	UID1777078	1	1	0	0
1	1	UID1777079	1	1	0	0
1	1	UID1777080	1	1	0	0
1	1	UID1777081	1	1	0	0
1	1	UID1777082	1	1	0	0
1	1	UID1777083	1	1	0	0
1	1	UID1777086	1	1	0	0
1	1	UID1777092	1	1	0	0
1	1	UID1777093	1	1	0	0
1	1	UID1777094	1	1	0	0
1	1	UID1777095	1	1	0	0
3	3	UID1777098	1	3	2	2
1	1	UID1777099	1	1	0	0
1	1	UID1777107	1	1	0	0
1	1	UID1777110	1	1	0	0
1	1	UID1777111	1	1	0	0
1	1	UID1777116	1	1	0	0
1	1	UID1777117	1	1	0	0
1	1	UID1777118	1	1	0	0
1	1	UID1777120	1	1	0	0
1	1	UID1777123	1	1	0	0
1	1	UID1777124	1	1	0	0
1	1	UID1777125	1	1	0	0
1	1	UID1777126	1	1	0	0
1	1	UID1777127	1	1	0	0
1	1	UID1777128	1	1	0	0
1	1	UID1777129	1	1	0	0
1	1	UID1777131	1	1	0	0
1	1	UID1777133	1	1	0	0
1	1	UID1777134	1	1	0	0
1	1	UID1777135	1	1	0	0
1	1	UID1777136	1	1	0	0
1	1	UID1777137	1	1	0	0
1	1	UID1777139	1	1	0	0
1	1	UID1777140	1	1	0	0
1	1	UID1777146	1	1	0	0
1	1	UID1777147	1	1	0	0
1	1	UID1777149	1	1	0	0
1	1	UID1777150	1	1	0	0
1	1	UID1777152	1	1	0	0
1	1	UID1777153	1	1	0	0
1	1	UID1777154	1	1	0	0
1	1	UID1777155	1	1	0	0
1	1	UID1777156	1	1	0	0
1	1	UID1777158	1	1	0	0
1	1	UID1777160	1	1	0	0
1	1	UID1777161	1	1	0	0
1	1	UID1777165	1	1	0	0
1	1	UID1777167	1	1	0	0
1	1	UID1777169	1	1	0	0
1	1	UID1777170	1	1	0	0
1	1	UID1777172	1	1	0	0
1	1	UID1777174	1	1	0	0
1	1	UID1777177	1	1	0	0
1	1	UID1777178	1	1	0	0
1	1	UID1777180	1	1	0	0
1	1	UID1777184	1	1	0	0
1	1	UID1777185	1	1	0	0
1	1	UID1777186	1	1	0	0
1	1	UID1777187	1	1	0	0
1	1	UID1777188	1	1	0	0
1	1	UID1777190	1	1	0	0
1	1	UID1777192	1	1	0	0
1	1	UID1777193	1	1	0	0
1	1	UID1777194	1	1	0	0
1	1	UID1777196	1	1	0	0
1	1	UID1777199	1	1	0	0
1	1	UID1777209	1	1	0	0
1	1	UID1777210	1	1	0	0
1	1	UID1777217	1	1	0	0
1	1	UID1777225	1	1	0	0
1	1	UID1777230	1	1	0	0
1	1	UID1777231	1	1	0	0
1	1	UID1777232	1	1	0	0
1	1	UID1777233	1	1	0	0
1	1	UID1777245	1	1	0	0
1	1	UID1777248	1	1	0	0
1	1	UID1777252	1	1	0	0
1	1	UID1777257	1	1	0	0
1	1	UID1777262	1	1	0	0
1	1	UID1777264	1	1	0	0
1	1	UID1777265	1	1	0	0
1	1	UID1777267	1	1	0	0
1	1	UID1777268	1	1	0	0
1	1	UID1777273	1	1	0	0
1	1	UID1777275	1	1	0	0
1	1	UID1777276	1	1	0	0
1	1	UID1777282	1	1	0	0
1	1	UID1777283	1	1	0	0
1	1	UID1777284	1	1	0	0
1	1	UID1777285	1	1	0	0
1	1	UID1777300	1	1	0	0
1	1	UID1777302	1	1	0	0
1	1	UID1777306	1	1	0	0
1	1	UID1777309	1	1	0	0
1	1	UID1777311	1	1	0	0
1	1	UID1777313	1	1	0	0
1	1	UID1777330	1	1	0	0
1	1	UID1777334	1	1	0	0
1	1	UID1777341	1	1	0	0
1	1	UID1777343	1	1	0	0
1	1	UID1777346	1	1	0	0
1	1	UID1777387	1	1	0	0
1	1	UID1777388	1	1	0	0
1	1	UID1777389	1	1	0	0
1	1	UID1777431	1	1	0	0
1	1	UID1777435	1	1	0	0
1	1	UID1777474	1	1	0	0
1	1	UID1777488	1	1	0	0
1	1	UID1777496	1	1	0	0
1	1	UID1777497	1	1	0	0
1	1	UID1777511	1	1	0	0
1	1	UID1777516	1	1	0	0
1	1	UID1777518	1	1	0	0
1	1	UID1777522	1	1	0	0
1	1	UID1777540	1	1	0	0
1	1	UID1777541	1	1	0	0
1	1	UID1777542	1	1	0	0
1	1	UID1777552	1	1	0	0
1	1	UID1777555	1	1	0	0
1	1	UID1777561	1	1	0	0
1	1	UID1777564	1	1	0	0
1	1	UID1777571	1	1	0	0
1	1	UID1777595	1	1	0	0
1	1	UID1777598	1	1	0	0
1	1	UID1777602	1	1	0	0
1	1	UID1777603	1	1	0	0
1	1	UID1777604	1	1	0	0
1	1	UID1777606	1	1	0	0
1	1	UID1777607	1	1	0	0
1	1	UID1777608	1	1	0	0
1	1	UID1777610	1	1	0	0
1	1	UID1777611	1	1	0	0
1	1	UID1777613	1	1	0	0
1	1	UID1777614	1	1	0	0
1	1	UID1777616	1	1	0	0
1	1	UID1777618	1	1	0	0
1	1	UID1777619	1	1	0	0
1	1	UID1777624	1	1	0	0
1	1	UID1777625	1	1	0	0
1	1	UID1777626	1	1	0	0
1	1	UID1777628	1	1	0	0
1	1	UID1777632	1	1	0	0
1	1	UID1777634	1	1	0	0
1	1	UID1777636	1	1	0	0
1	1	UID1777637	1	1	0	0
1	1	UID1777638	1	1	0	0
1	1	UID1777640	1	1	0	0
1	1	UID1777642	1	1	0	0
1	1	UID1777643	1	1	0	0
1	1	UID1777644	1	1	0	0
1	1	UID1777646	1	1	0	0
1	1	UID1777648	1	1	0	0
1	1	UID1777651	1	1	0	0
1	1	UID1777652	1	1	0	0
1	1	UID1777654	1	1	0	0
1	1	UID1777657	1	1	0	0
1	1	UID1777659	1	1	0	0
1	1	UID1777660	1	1	0	0
1	1	UID1777661	1	1	0	0
1	1	UID1777669	1	1	0	0
1	1	UID1777670	1	1	0	0
1	1	UID1777671	1	1	0	0
1	1	UID1777677	1	1	0	0
1	1	UID1777678	1	1	0	0
1	1	UID1777679	1	1	0	0
1	1	UID1777680	1	1	0	0
1	1	UID1777681	1	1	0	0
1	1	UID1777685	1	1	0	0
1	1	UID1777693	1	1	0	0
1	1	UID1777703	1	1	0	0
1	1	UID1777705	1	1	0	0
1	1	UID1777713	1	1	0	0
1	1	UID1777716	1	1	0	0
1	1	UID1777717	1	1	0	0
1	1	UID1777718	1	1	0	0
1	1	UID1777726	1	1	0	0
3	3	UID1777727	1	3	2	2
1	1	UID1777740	1	1	0	0
1	1	UID1777743	1	1	0	0
1	1	UID1777744	1	1	0	0
1	1	UID1777746	1	1	0	0
1	1	UID1777752	1	1	0	0
1	1	UID1777766	1	1	0	0
4	4	UID1777768	1	4	2	2
1	1	UID1777770	1	1	0	0
1	1	UID1777771	1	1	0	0
1	1	UID1777773	1	1	0	0
1	1	UID1777774	1	1	0	0
1	1	UID1777775	1	1	0	0
1	1	UID1777782	1	1	0	0
1	1	UID1777783	1	1	0	0
1	1	UID1777784	1	1	0	0
1	1	UID1777785	1	1	0	0
1	1	UID1777786	1	1	0	0
1	1	UID1777787	1	1	0	0
1	1	UID1777788	1	1	0	0
1	1	UID1777789	1	1	0	0
1	1	UID1777790	1	1	0	0
1	1	UID1777791	1	1	0	0
1	1	UID1777803	1	1	0	0
1	1	UID1777804	1	1	0	0
1	1	UID1777809	1	1	0	0
1	1	UID1777811	1	1	0	0
1	1	UID1777812	1	1	0	0
1	1	UID1777815	1	1	0	0
1	1	UID1777821	1	1	0	0
1	1	UID1777827	1	1	0	0
1	1	UID1777830	1	1	0	0
1	1	UID1777835	1	1	0	0
1	1	UID1777836	1	1	0	0
1	1	UID1777837	1	1	0	0
1	1	UID1777843	1	1	0	0
1	1	UID1777845	1	1	0	0
1	1	UID1777852	1	1	0	0
1	1	UID1777853	1	1	0	0
1	1	UID1777861	1	1	0	0
1	1	UID1777862	1	1	0	0
1	1	UID1777863	1	1	0	0
1	1	UID1777867	1	1	0	0
1	1	UID1777871	1	1	0	0
1	1	UID1777872	1	1	0	0
1	1	UID1777873	1	1	0	0
1	1	UID1777875	1	1	0	0
1	1	UID1777879	1	1	0	0
1	1	UID1777889	1	1	0	0
1	1	UID1777890	1	1	0	0
1	1	UID1777893	1	1	0	0
1	1	UID1777894	1	1	0	0
1	1	UID1777895	1	1	0	0
3	3	UID1777905	1	3	2	2
1	1	UID1777906	1	1	0	0
1	1	UID1777907	1	1	0	0
1	1	UID1777908	1	1	0	0
1	1	UID1777909	1	1	0	0
1	1	UID1777915	1	1	0	0
1	1	UID1777916	1	1	0	0
1	1	UID1777917	1	1	0	0
1	1	UID1777919	1	1	0	0
1	1	UID1777920	1	1	0	0
1	1	UID1777934	1	1	0	0
1	1	UID1777935	1	1	0	0
1	1	UID1777936	1	1	0	0
1	1	UID1777939	1	1	0	0
1	1	UID1777945	1	1	0	0
1	1	UID1777946	1	1	0	0
1	1	UID1777947	1	1	0	0
1	1	UID1777955	1	1	0	0
1	1	UID1777959	1	1	0	0
1	1	UID1777961	1	1	0	0
1	1	UID1777964	1	1	0	0
1	1	UID1777965	1	1	0	0
1	1	UID1777966	1	1	0	0
1	1	UID1777967	1	1	0	0
1	1	UID1777968	1	1	0	0
1	1	UID1777971	1	1	0	0
1	1	UID1777972	1	1	0	0
1	1	UID1777973	1	1	0	0
1	1	UID1777975	1	1	0	0
1	1	UID1777980	1	1	0	0
1	1	UID1777981	1	1	0	0
1	1	UID1777985	1	1	0	0
1	1	UID1777986	1	1	0	0
1	1	UID1777987	1	1	0	0
1	1	UID1777988	1	1	0	0
1	1	UID1777989	1	1	0	0
1	1	UID1777991	1	1	0	0
1	1	UID1777992	1	1	0	0
1	1	UID1777995	1	1	0	0
1	1	UID1778001	1	1	0	0
1	1	UID1778002	1	1	0	0
1	1	UID1778003	1	1	0	0
1	1	UID1778018	1	1	0	0
1	1	UID1778021	1	1	0	0
1	1	UID1778022	1	1	0	0
1	1	UID1778025	1	1	0	0
1	1	UID1778028	1	1	0	0
1	1	UID1778031	1	1	0	0
1	1	UID1778032	1	1	0	0
1	1	UID1778037	1	1	0	0
1	1	UID1778042	1	1	0	0
1	1	UID1778044	1	1	0	0
1	1	UID1778047	1	1	0	0
1	1	UID1778054	1	1	0	0
1	1	UID1778055	1	1	0	0
1	1	UID1778064	1	1	0	0
1	1	UID1778066	1	1	0	0
1	1	UID1778070	1	1	0	0
1	1	UID1778071	1	1	0	0
1	1	UID1778076	1	1	0	0
1	1	UID1778077	1	1	0	0
1	1	UID1778079	1	1	0	0
1	1	UID1778083	1	1	0	0
1	1	UID1778085	1	1	0	0
1	1	UID1778087	1	1	0	0
1	1	UID1778090	1	1	0	0
1	1	UID1778093	1	1	0	0
1	1	UID1778095	1	1	0	0
1	1	UID1778096	1	1	0	0
1	1	UID1778098	1	1	0	0
1	1	UID1778099	1	1	0	0
1	1	UID1778101	1	1	0	0
1	1	UID1778104	1	1	0	0
1	1	UID1778107	1	1	0	0
1	1	UID1778111	1	1	0	0
1	1	UID1778112	1	1	0	0
1	1	UID1778113	1	1	0	0
1	1	UID1778114	1	1	0	0
1	1	UID1778115	1	1	0	0
1	1	UID1778116	1	1	0	0
1	1	UID1778117	1	1	0	0
1	1	UID1778120	1	1	0	0
1	1	UID1778121	1	1	0	0
1	1	UID1778122	1	1	0	0
1	1	UID1778124	1	1	0	0
1	1	UID1778127	1	1	0	0
1	1	UID1778133	1	1	0	0
1	1	UID1778135	1	1	0	0
1	1	UID1778136	1	1	0	0
1	1	UID1778144	1	1	0	0
1	1	UID1778146	1	1	0	0
1	1	UID1778147	1	1	0	0
1	1	UID1778148	1	1	0	0
1	1	UID1778150	1	1	0	0
1	1	UID1778157	1	1	0	0
1	1	UID1778158	1	1	0	0
1	1	UID1778159	1	1	0	0
1	1	UID1778164	1	1	0	0
1	1	UID1778169	1	1	0	0
1	1	UID1778170	1	1	0	0
1	1	UID1778171	1	1	0	0
1	1	UID1778172	1	1	0	0
1	1	UID1778175	1	1	0	0
1	1	UID1778179	1	1	0	0
1	1	UID1778181	1	1	0	0
1	1	UID1778187	1	1	0	0
1	1	UID1778192	1	1	0	0
1	1	UID1778193	1	1	0	0
1	1	UID1778194	1	1	0	0
1	1	UID1778199	1	1	0	0
1	1	UID1778212	1	1	0	0
1	1	UID1778216	1	1	0	0
1	1	UID1778221	1	1	0	0
1	1	UID1778233	1	1	0	0
1	1	UID1778235	1	1	0	0
1	1	UID1778240	1	1	0	0
1	1	UID1778241	1	1	0	0
1	1	UID1778244	1	1	0	0
1	1	UID1778245	1	1	0	0
1	1	UID1778247	1	1	0	0
1	1	UID1778251	1	1	0	0
1	1	UID1778254	1	1	0	0
1	1	UID1778255	1	1	0	0
1	1	UID1778260	1	1	0	0
1	1	UID1778263	1	1	0	0
1	1	UID1778268	1	1	0	0
1	1	UID1778269	1	1	0	0
1	1	UID1778285	1	1	0	0
1	1	UID1778300	1	1	0	0
1	1	UID1778301	1	1	0	0
1	1	UID1778302	1	1	0	0
1	1	UID1778304	1	1	0	0
1	1	UID1778317	1	1	0	0
1	1	UID1778319	1	1	0	0
1	1	UID1778324	1	1	0	0
1	1	UID1778328	1	1	0	0
1	1	UID1778332	1	1	0	0
1	1	UID1778333	1	1	0	0
1	1	UID1778336	1	1	0	0
1	1	UID1778338	1	1	0	0
1	1	UID1778342	1	1	0	0
1	1	UID1778346	1	1	0	0
1	1	UID1778349	1	1	0	0
1	1	UID1778351	1	1	0	0
1	1	UID1778352	1	1	0	0
4	4	UID1778355	1	4	2	2
1	1	UID1778363	1	1	0	0
1	1	UID1778367	1	1	0	0
1	1	UID1778369	1	1	0	0
1	1	UID1778370	1	1	0	0
1	1	UID1778374	1	1	0	0
1	1	UID1778375	1	1	0	0
1	1	UID1778379	1	1	0	0
1	1	UID1778380	1	1	0	0
1	1	UID1778383	1	1	0	0
1	1	UID1778386	1	1	0	0
1	1	UID1778391	1	1	0	0
1	1	UID1778393	1	1	0	0
1	1	UID1778396	1	1	0	0
1	1	UID1778399	1	1	0	0
1	1	UID1778401	1	1	0	0
1	1	UID1778405	1	1	0	0
1	1	UID1778408	1	1	0	0
1	1	UID1778411	1	1	0	0
1	1	UID1778412	1	1	0	0
1	1	UID1778414	1	1	0	0
1	1	UID1778415	1	1	0	0
1	1	UID1778416	1	1	0	0
1	1	UID1778417	1	1	0	0
1	1	UID1778420	1	1	0	0
1	1	UID1778421	1	1	0	0
1	1	UID1778423	1	1	0	0
1	1	UID1778429	1	1	0	0
1	1	UID1778430	1	1	0	0
1	1	UID1778432	1	1	0	0
1	1	UID1778433	1	1	0	0
1	1	UID1778436	1	1	0	0
1	1	UID1778440	1	1	0	0
1	1	UID1778442	1	1	0	0
1	1	UID1778443	1	1	0	0
1	1	UID1778444	1	1	0	0
1	1	UID1778445	1	1	0	0
1	1	UID1778447	1	1	0	0
1	1	UID1778451	1	1	0	0
1	1	UID1778452	1	1	0	0
1	1	UID1778457	1	1	0	0
1	1	UID1778458	1	1	0	0
1	1	UID1778460	1	1	0	0
1	1	UID1778461	1	1	0	0
1	1	UID1778463	1	1	0	0
1	1	UID1778465	1	1	0	0
1	1	UID1778471	1	1	0	0
1	1	UID1778474	1	1	0	0
1	1	UID1778478	1	1	0	0
1	1	UID1778481	1	1	0	0
4	4	UID1778482	1	4	2	2
1	1	UID1778485	1	1	0	0
1	1	UID1778486	1	1	0	0
1	1	UID1778487	1	1	0	0
1	1	UID1778499	1	1	0	0
1	1	UID1778501	1	1	0	0
1	1	UID1778502	1	1	0	0
1	1	UID1778503	1	1	0	0
1	1	UID1778504	1	1	0	0
1	1	UID1778505	1	1	0	0
1	1	UID1778506	1	1	0	0
1	1	UID1778510	1	1	0	0
1	1	UID1778511	1	1	0	0
1	1	UID1778512	1	1	0	0
1	1	UID1778513	1	1	0	0
1	1	UID1778514	1	1	0	0
1	1	UID1778527	1	1	0	0
1	1	UID1778528	1	1	0	0
1	1	UID1778529	1	1	0	0
1	1	UID1778531	1	1	0	0
1	1	UID1778532	1	1	0	0
1	1	UID1778533	1	1	0	0
1	1	UID1778534	1	1	0	0
1	1	UID1778537	1	1	0	0
1	1	UID1778545	1	1	0	0
1	1	UID1778546	1	1	0	0
1	1	UID1778547	1	1	0	0
1	1	UID1778551	1	1	0	0
1	1	UID1778552	1	1	0	0
1	1	UID1778554	1	1	0	0
3	3	UID1778555	1	3	2	2
1	1	UID1778557	1	1	0	0
1	1	UID1778558	1	1	0	0
1	1	UID1778559	1	1	0	0
1	1	UID1778560	1	1	0	0
1	1	UID1778562	1	1	0	0
1	1	UID1778563	1	1	0	0
1	1	UID1778564	1	1	0	0
1	1	UID1778565	1	1	0	0
1	1	UID1778566	1	1	0	0
1	1	UID1778567	1	1	0	0
1	1	UID1778568	1	1	0	0
1	1	UID1778571	1	1	0	0
1	1	UID1778572	1	1	0	0
1	1	UID1778574	1	1	0	0
1	1	UID1778575	1	1	0	0
1	1	UID1778576	1	1	0	0
1	1	UID1778578	1	1	0	0
1	1	UID1778579	1	1	0	0
1	1	UID1778580	1	1	0	0
1	1	UID1778581	1	1	0	0
1	1	UID1778583	1	1	0	0
1	1	UID1778584	1	1	0	0
1	1	UID1778588	1	1	0	0
1	1	UID1778589	1	1	0	0
1	1	UID1778590	1	1	0	0
1	1	UID1778592	1	1	0	0
1	1	UID1778593	1	1	0	0
1	1	UID1778595	1	1	0	0
1	1	UID1778597	1	1	0	0
1	1	UID1778600	1	1	0	0
1	1	UID1778601	1	1	0	0
1	1	UID1778602	1	1	0	0
1	1	UID1778605	1	1	0	0
1	1	UID1778606	1	1	0	0
1	1	UID1778607	1	1	0	0
1	1	UID1778609	1	1	0	0
1	1	UID1778610	1	1	0	0
1	1	UID1778611	1	1	0	0
1	1	UID1778612	1	1	0	0
1	1	UID1778613	1	1	0	0
1	1	UID1778614	1	1	0	0
1	1	UID1778619	1	1	0	0
1	1	UID1778622	1	1	0	0
1	1	UID1778627	1	1	0	0
1	1	UID1778629	1	1	0	0
1	1	UID1778635	1	1	0	0
1	1	UID1778636	1	1	0	0
1	1	UID1778639	1	1	0	0
1	1	UID1778640	1	1	0	0
1	1	UID1778654	1	1	0	0
1	1	UID1778655	1	1	0	0
1	1	UID1778656	1	1	0	0
1	1	UID1778667	1	1	0	0
1	1	UID1778668	1	1	0	0
1	1	UID1778671	1	1	0	0
1	1	UID1778680	1	1	0	0
1	1	UID1778681	1	1	0	0
1	1	UID1778682	1	1	0	0
1	1	UID1778683	1	1	0	0
1	1	UID1778685	1	1	0	0
1	1	UID1778688	1	1	0	0
1	1	UID1778691	1	1	0	0
1	1	UID1778720	1	1	0	0
1	1	UID1778730	1	1	0	0
1	1	UID1778750	1	1	0	0
2	2	UID1778758	1	2	1	1
1	1	UID1778888	1	1	0	0
1	1	UID1778889	1	1	0	0
1	1	UID1778898	1	1	0	0
1	1	UID1778915	1	1	0	0
1	1	UID1778916	1	1	0	0
1	1	UID1778918	1	1	0	0
1	1	UID1778924	1	1	0	0
1	1	UID1778945	1	1	0	0
1	1	UID1778947	1	1	0	0
1	1	UID1778949	1	1	0	0
1	1	UID1778951	1	1	0	0
1	1	UID1778952	1	1	0	0
1	1	UID1778956	1	1	0	0
1	1	UID1778957	1	1	0	0
1	1	UID1778960	1	1	0	0
1	1	UID1778961	1	1	0	0
1	1	UID1778964	1	1	0	0
1	1	UID1778971	1	1	0	0
1	1	UID1778974	1	1	0	0
1	1	UID1778975	1	1	0	0
1	1	UID1778976	1	1	0	0
1	1	UID1778978	1	1	0	0
1	1	UID1778979	1	1	0	0
1	1	UID1778981	1	1	0	0
1	1	UID1778983	1	1	0	0
1	1	UID1778984	1	1	0	0
1	1	UID1778986	1	1	0	0
1	1	UID1778987	1	1	0	0
1	1	UID1778989	1	1	0	0
1	1	UID1778990	1	1	0	0
1	1	UID1778991	1	1	0	0
1	1	UID1778992	1	1	0	0
1	1	UID1778995	1	1	0	0
1	1	UID1778999	1	1	0	0
1	1	UID1779001	1	1	0	0
1	1	UID1779003	1	1	0	0
1	1	UID1779004	1	1	0	0
1	1	UID1779007	1	1	0	0
1	1	UID1779008	1	1	0	0
1	1	UID1779010	1	1	0	0
1	1	UID1779026	1	1	0	0
1	1	UID1779030	1	1	0	0
1	1	UID1779035	1	1	0	0
1	1	UID1779036	1	1	0	0
1	1	UID1779037	1	1	0	0
1	1	UID1779055	1	1	0	0
1	1	UID1779056	1	1	0	0
1	1	UID1779063	1	1	0	0
1	1	UID1779068	1	1	0	0
1	1	UID1779069	1	1	0	0
1	1	UID1779070	1	1	0	0
1	1	UID1779072	1	1	0	0
1	1	UID1779074	1	1	0	0
1	1	UID1779075	1	1	0	0
1	1	UID1779077	1	1	0	0
1	1	UID1779078	1	1	0	0
1	1	UID1779087	1	1	0	0
1	1	UID1779088	1	1	0	0
1	1	UID1779089	1	1	0	0
1	1	UID1779090	1	1	0	0
1	1	UID1779095	1	1	0	0
1	1	UID1779099	1	1	0	0
1	1	UID1779104	1	1	0	0
1	1	UID1779117	1	1	0	0
1	1	UID1779118	1	1	0	0
1	1	UID1779124	1	1	0	0
1	1	UID1779129	1	1	0	0
1	1	UID1779130	1	1	0	0
1	1	UID1779131	1	1	0	0
1	1	UID1779137	1	1	0	0
1	1	UID1779138	1	1	0	0
1	1	UID1779140	1	1	0	0
1	1	UID1779144	1	1	0	0
1	1	UID1779150	1	1	0	0
1	1	UID1779152	1	1	0	0
1	1	UID1779153	1	1	0	0
1	1	UID1779158	1	1	0	0
1	1	UID1779159	1	1	0	0
1	1	UID1779161	1	1	0	0
1	1	UID1779163	1	1	0	0
1	1	UID1779167	1	1	0	0
1	1	UID1779170	1	1	0	0
1	1	UID1779171	1	1	0	0
1	1	UID1779172	1	1	0	0
1	1	UID1779178	1	1	0	0
1	1	UID1779179	1	1	0	0
1	1	UID1779181	1	1	0	0
1	1	UID1779182	1	1	0	0
1	1	UID1779183	1	1	0	0
1	1	UID1779188	1	1	0	0
1	1	UID1779191	1	1	0	0
1	1	UID1779192	1	1	0	0
1	1	UID1779194	1	1	0	0
1	1	UID1779197	1	1	0	0
1	1	UID1779200	1	1	0	0
1	1	UID1779201	1	1	0	0
1	1	UID1779202	1	1	0	0
1	1	UID1779210	1	1	0	0
1	1	UID1779214	1	1	0	0
1	1	UID1779237	1	1	0	0
1	1	UID1779241	1	1	0	0
1	1	UID1779243	1	1	0	0
1	1	UID1779245	1	1	0	0
1	1	UID1779246	1	1	0	0
1	1	UID1779248	1	1	0	0
1	1	UID1779250	1	1	0	0
1	1	UID1779251	1	1	0	0
1	1	UID1779256	1	1	0	0
1	1	UID1779257	1	1	0	0
1	1	UID1779259	1	1	0	0
1	1	UID1779261	1	1	0	0
1	1	UID1779262	1	1	0	0
1	1	UID1779263	1	1	0	0
1	1	UID1779264	1	1	0	0
1	1	UID1779265	1	1	0	0
1	1	UID1779266	1	1	0	0
1	1	UID1779268	1	1	0	0
1	1	UID1779272	1	1	0	0
1	1	UID1779284	1	1	0	0
1	1	UID1779286	1	1	0	0
1	1	UID1779288	1	1	0	0
1	1	UID1779289	1	1	0	0
1	1	UID1779291	1	1	0	0
1	1	UID1779293	1	1	0	0
1	1	UID1779295	1	1	0	0
1	1	UID1779296	1	1	0	0
1	1	UID1779298	1	1	0	0
1	1	UID1779303	1	1	0	0
1	1	UID1779304	1	1	0	0
1	1	UID1779305	1	1	0	0
1	1	UID1779318	1	1	0	0
1	1	UID1779326	1	1	0	0
2	2	UID1779327	1	2	1	1
1	1	UID1779328	1	1	0	0
1	1	UID1779332	1	1	0	0
1	1	UID1779333	1	1	0	0
1	1	UID1779334	1	1	0	0
1	1	UID1779335	1	1	0	0
1	1	UID1779336	1	1	0	0
1	1	UID1779339	1	1	0	0
1	1	UID1779340	1	1	0	0
1	1	UID1779344	1	1	0	0
1	1	UID1779345	1	1	0	0
1	1	UID1779350	1	1	0	0
1	1	UID1779354	1	1	0	0
1	1	UID1779360	1	1	0	0
1	1	UID1779361	1	1	0	0
1	1	UID1779362	1	1	0	0
1	1	UID1779364	1	1	0	0
1	1	UID1779366	1	1	0	0
1	1	UID1779367	1	1	0	0
1	1	UID1779370	1	1	0	0
1	1	UID1779371	1	1	0	0
1	1	UID1779374	1	1	0	0
1	1	UID1779378	1	1	0	0
1	1	UID1779379	1	1	0	0
1	1	UID1779382	1	1	0	0
1	1	UID1779391	1	1	0	0
1	1	UID1779399	1	1	0	0
1	1	UID1779400	1	1	0	0
1	1	UID1779403	1	1	0	0
1	1	UID1779405	1	1	0	0
1	1	UID1779408	1	1	0	0
1	1	UID1779409	1	1	0	0
1	1	UID1779413	1	1	0	0
1	1	UID1779414	1	1	0	0
1	1	UID1779419	1	1	0	0
1	1	UID1779423	1	1	0	0
1	1	UID1779425	1	1	0	0
1	1	UID1779431	1	1	0	0
1	1	UID1779433	1	1	0	0
1	1	UID1779434	1	1	0	0
1	1	UID1779436	1	1	0	0
1	1	UID1779438	1	1	0	0
1	1	UID1779441	1	1	0	0
1	1	UID1779442	1	1	0	0
1	1	UID1779449	1	1	0	0
1	1	UID1779453	1	1	0	0
1	1	UID1779454	1	1	0	0
1	1	UID1779461	1	1	0	0
1	1	UID1779464	1	1	0	0
1	1	UID1779465	1	1	0	0
1	1	UID1779470	1	1	0	0
1	1	UID1779471	1	1	0	0
1	1	UID1779472	1	1	0	0
1	1	UID1779474	1	1	0	0
1	1	UID1779482	1	1	0	0
1	1	UID1779483	1	1	0	0
1	1	UID1779484	1	1	0	0
1	1	UID1779488	1	1	0	0
1	1	UID1779489	1	1	0	0
1	1	UID1779494	1	1	0	0
1	1	UID1779499	1	1	0	0
1	1	UID1779500	1	1	0	0
1	1	UID1779504	1	1	0	0
1	1	UID1779507	1	1	0	0
1	1	UID1779514	1	1	0	0
1	1	UID1779515	1	1	0	0
1	1	UID1779521	1	1	0	0
1	1	UID1779522	1	1	0	0
1	1	UID1779525	1	1	0	0
1	1	UID1779526	1	1	0	0
1	1	UID1779530	1	1	0	0
1	1	UID1779533	1	1	0	0
1	1	UID1779534	1	1	0	0
1	1	UID1779537	1	1	0	0
1	1	UID1779541	1	1	0	0
1	1	UID1779542	1	1	0	0
1	1	UID1779545	1	1	0	0
1	1	UID1779546	1	1	0	0
1	1	UID1779547	1	1	0	0
1	1	UID1779548	1	1	0	0
1	1	UID1779549	1	1	0	0
1	1	UID1779550	1	1	0	0
1	1	UID1779555	1	1	0	0
1	1	UID1779557	1	1	0	0
3	3	UID1779559	1	3	2	2
1	1	UID1779563	1	1	0	0
1	1	UID1779573	1	1	0	0
1	1	UID1779576	1	1	0	0
1	1	UID1779577	1	1	0	0
1	1	UID1779578	1	1	0	0
1	1	UID1779581	1	1	0	0
1	1	UID1779582	1	1	0	0
1	1	UID1779593	1	1	0	0
1	1	UID1779595	1	1	0	0
1	1	UID1779600	1	1	0	0
1	1	UID1779603	1	1	0	0
1	1	UID1779609	1	1	0	0
1	1	UID1779610	1	1	0	0
1	1	UID1779611	1	1	0	0
1	1	UID1779614	1	1	0	0
1	1	UID1779619	1	1	0	0
1	1	UID1779620	1	1	0	0
1	1	UID1779622	1	1	0	0
1	1	UID1779629	1	1	0	0
1	1	UID1779632	1	1	0	0
1	1	UID1779637	1	1	0	0
3	3	UID1779642	1	3	2	2
1	1	UID1779645	1	1	0	0
1	1	UID1779650	1	1	0	0
1	1	UID1779658	1	1	0	0
1	1	UID1779659	1	1	0	0
1	1	UID1779662	1	1	0	0
1	1	UID1779665	1	1	0	0
1	1	UID1779671	1	1	0	0
1	1	UID1779673	1	1	0	0
1	1	UID1779674	1	1	0	0
1	1	UID1779677	1	1	0	0
1	1	UID1779681	1	1	0	0
1	1	UID1779682	1	1	0	0
1	1	UID1779684	1	1	0	0
1	1	UID1779686	1	1	0	0
1	1	UID1779687	1	1	0	0
1	1	UID1779688	1	1	0	0
1	1	UID1779689	1	1	0	0
1	1	UID1779693	1	1	0	0
1	1	UID1779694	1	1	0	0
1	1	UID1779700	1	1	0	0
1	1	UID1779701	1	1	0	0
1	1	UID1779705	1	1	0	0
1	1	UID1779707	1	1	0	0
1	1	UID1779708	1	1	0	0
1	1	UID1779710	1	1	0	0
1	1	UID1779711	1	1	0	0
1	1	UID1779713	1	1	0	0
1	1	UID1779722	1	1	0	0
1	1	UID1779723	1	1	0	0
1	1	UID1779724	1	1	0	0
1	1	UID1779738	1	1	0	0
1	1	UID1779742	1	1	0	0
1	1	UID1779745	1	1	0	0
1	1	UID1779746	1	1	0	0
1	1	UID1779748	1	1	0	0
1	1	UID1779752	1	1	0	0
1	1	UID1779756	1	1	0	0
1	1	UID1779757	1	1	0	0
1	1	UID1779764	1	1	0	0
1	1	UID1779765	1	1	0	0
1	1	UID1779766	1	1	0	0
1	1	UID1779772	1	1	0	0
1	1	UID1779774	1	1	0	0
1	1	UID1779782	1	1	0	0
1	1	UID1779784	1	1	0	0
1	1	UID1779786	1	1	0	0
1	1	UID1779789	1	1	0	0
1	1	UID1779794	1	1	0	0
1	1	UID1779801	1	1	0	0
1	1	UID1779802	1	1	0	0
1	1	UID1779804	1	1	0	0
1	1	UID1779805	1	1	0	0
1	1	UID1779807	1	1	0	0
1	1	UID1779811	1	1	0	0
1	1	UID1779814	1	1	0	0
1	1	UID1779816	1	1	0	0
1	1	UID1779817	1	1	0	0
1	1	UID1779819	1	1	0	0
1	1	UID1779820	1	1	0	0
1	1	UID1779821	1	1	0	0
1	1	UID1779823	1	1	0	0
1	1	UID1779828	1	1	0	0
1	1	UID1779829	1	1	0	0
1	1	UID1779831	1	1	0	0
1	1	UID1779834	1	1	0	0
1	1	UID1779836	1	1	0	0
1	1	UID1779837	1	1	0	0
1	1	UID1779841	1	1	0	0
1	1	UID1779844	1	1	0	0
1	1	UID1779852	1	1	0	0
1	1	UID1779857	1	1	0	0
1	1	UID1779863	1	1	0	0
1	1	UID1779867	1	1	0	0
1	1	UID1779870	1	1	0	0
1	1	UID1779871	1	1	0	0
1	1	UID1779873	1	1	0	0
1	1	UID1779877	1	1	0	0
1	1	UID1779878	1	1	0	0
1	1	UID1779883	1	1	0	0
1	1	UID1779885	1	1	0	0
1	1	UID1779890	1	1	0	0
1	1	UID1779891	1	1	0	0
1	1	UID1779892	1	1	0	0
1	1	UID1779893	1	1	0	0
1	1	UID1779900	1	1	0	0
1	1	UID1779902	1	1	0	0
1	1	UID1779906	1	1	0	0
1	1	UID1779907	1	1	0	0
1	1	UID1779909	1	1	0	0
1	1	UID1779918	1	1	0	0
1	1	UID1779919	1	1	0	0
1	1	UID1779920	1	1	0	0
1	1	UID1779921	1	1	0	0
1	1	UID1779922	1	1	0	0
1	1	UID1779923	1	1	0	0
1	1	UID1779924	1	1	0	0
1	1	UID1779925	1	1	0	0
1	1	UID1779935	1	1	0	0
1	1	UID1779939	1	1	0	0
1	1	UID1779940	1	1	0	0
1	1	UID1779944	1	1	0	0
1	1	UID1779945	1	1	0	0
1	1	UID1779947	1	1	0	0
1	1	UID1779948	1	1	0	0
1	1	UID1779949	1	1	0	0
1	1	UID1779953	1	1	0	0
1	1	UID1779954	1	1	0	0
1	1	UID1779957	1	1	0	0
1	1	UID1779961	1	1	0	0
1	1	UID1779962	1	1	0	0
1	1	UID1779968	1	1	0	0
1	1	UID1779970	1	1	0	0
1	1	UID1779971	1	1	0	0
1	1	UID1779979	1	1	0	0
1	1	UID1779982	1	1	0	0
1	1	UID1779983	1	1	0	0
1	1	UID1779984	1	1	0	0
1	1	UID1779985	1	1	0	0
1	1	UID1779986	1	1	0	0
1	1	UID1779990	1	1	0	0
1	1	UID1779991	1	1	0	0
1	1	UID1779995	1	1	0	0
1	1	UID1780001	1	1	0	0
1	1	UID1780002	1	1	0	0
1	1	UID1780007	1	1	0	0
1	1	UID1780010	1	1	0	0
1	1	UID1780015	1	1	0	0
1	1	UID1780027	1	1	0	0
1	1	UID1780030	1	1	0	0
4	4	UID185099	1	4	2	2
1	1	UID197098	1	1	0	0
1	1	UID227983	1	1	0	0
1	1	UID284466	1	1	0	0
1	1	UID289072	1	1	0	0
1	1	UID302302	1	1	0	0
1	1	UID4434	1	1	0	0
1	1	UID520209	1	1	0	0
1	1	UID5865	1	1	0	0
1	1	UID659468	1	1	0	0
1	1	UID69486	1	1	0	0
1	1	UID74	1	1	0	0
1	1	UID7975	1	1	0	0
1	1	UID827938	1	1	0	0
1	1	UID8534	1	1	0	0
1	1	UID8546	1	1	0	0
1	1	UID861400	1	1	0	0
1	1	UID934	1	1	0	0
