5739	37113	UID1	18399	4444	7	7
1020	2941	UID39	1173	741	6	6
832	2876	UID2	1141	574	4	4
644	1889	UID1441151	748	449	4	4
789	2149	UID653	737	572	6	6
682	1835	UID61290	729	495	8	8
464	1237	UID74985	541	330	3	3
463	1287	UID8021	529	314	3	3
209	559	UID5543	274	160	2	2
430	1019	UID695881	247	337	4	4
239	590	UID37773	244	178	3	3
156	405	UID127	197	123	3	3
298	681	UID45	157	224	5	5
220	492	UID77	132	174	4	4
178	335	UID960	114	148	4	4
76	204	UID138	102	58	3	3
76	191	UID207	101	62	2	2
124	283	UID8924	98	99	4	4
82	188	UID99	94	71	2	2
103	210	UID553	79	85	2	2
84	188	UID335	77	66	3	3
116	246	UID191420	72	93	3	3
47	120	UID72	70	42	2	2
72	144	UID625	63	63	2	2
65	134	UID189	60	54	2	2
60	144	UID85	58	48	3	3
75	140	UID27120	57	66	2	2
46	107	UID115	56	40	2	2
68	138	UID49363	56	53	2	2
47	107	UID29	55	41	2	2
35	97	UID94	52	26	2	2
45	101	UID374	50	40	3	3
35	88	UID131	49	30	2	2
71	141	UID27098	49	55	3	3
40	97	UID84	47	30	2	2
32	79	UID228	45	28	2	2
56	120	UID1441153	42	47	2	2
29	74	UID122	41	24	2	2
41	92	UID303	39	31	2	2
48	98	UID108	37	35	2	2
31	72	UID759	37	25	2	2
26	65	UID157	36	21	2	2
34	71	UID572715	36	31	3	3
28	64	UID146	35	26	2	2
26	60	UID149	35	25	2	2
72	135	UID27100	35	57	3	3
71	118	UID1464351	34	60	5	5
42	84	UID61379	34	35	2	2
21	56	UID180	33	17	2	2
20	56	UID3973	33	15	2	2
26	62	UID1443	30	18	2	2
23	56	UID294	30	20	1	1
28	61	UID62071	30	23	2	2
88	172	UID1441157	29	69	4	4
59	102	UID23	29	50	3	3
28	56	UID208	28	26	2	2
34	63	UID194	27	30	2	2
31	60	UID216	26	26	2	2
19	49	UID158	25	13	1	1
25	54	UID62411	25	20	2	2
24	50	UID221	24	20	2	2
36	67	UID63231	22	28	2	2
64	113	UID695882	22	54	4	4
17	37	UID206	20	15	1	1
22	45	UID22	20	17	2	2
14	35	UID48426	20	11	1	1
20	43	UID554	20	16	2	2
35	66	UID1452293	19	28	3	3
36	79	UID128601	18	28	3	3
44	77	UID154506	18	34	2	2
22	44	UID37603	18	16	2	2
12	29	UID440	18	11	1	1
15	40	UID53154	18	7	2	2
31	56	UID61275	18	24	1	1
23	40	UID18	17	21	2	2
20	36	UID10066	16	18	1	1
12	27	UID248	16	11	1	1
42	69	UID310	16	31	2	2
15	37	UID8012	16	7	2	2
62	90	UID999	16	53	3	3
8	22	UID497	15	7	1	1
24	42	UID696255	15	20	1	1
11	25	UID1328	14	9	2	2
13	28	UID48430	14	10	2	2
15	31	UID718021	14	11	2	2
13	27	UID132700	13	10	2	2
19	39	UID779	13	12	2	2
2	13	UID1164408	12	1	1	1
3	14	UID1464353	12	2	1	1
13	27	UID1464355	11	10	2	2
9	21	UID606	11	6	1	1
27	40	UID132701	10	22	2	2
15	32	UID1441158	10	7	2	2
12	23	UID239	10	9	1	1
8	17	UID4054	10	7	1	1
10	20	UID48429	10	8	1	1
4	13	UID521	10	3	2	2
10	21	UID610	10	7	1	1
43	63	UID66434	10	35	4	4
9	18	UID703	10	8	1	1
12	23	UID843	10	9	1	1
16	28	UID1464356	9	11	2	2
2	10	UID1464357	9	1	1	1
4	12	UID154607	9	3	1	1
13	25	UID213782	9	8	1	1
9	18	UID242	9	7	1	1
14	23	UID375	9	12	1	1
6	14	UID752	9	5	1	1
19	34	UID7557	9	13	4	4
9	18	UID173	8	7	1	1
4	12	UID179	8	2	1	1
17	29	UID376	8	13	2	2
7	14	UID48433	8	6	0	0
5	12	UID496	8	4	1	1
3	9	UID1322	7	2	1	1
13	20	UID164790	7	11	2	2
10	17	UID168480	7	8	1	1
18	26	UID37617	7	15	2	2
9	15	UID525	7	8	1	1
8	16	UID1032	6	4	1	1
1	6	UID1350	6	0	0	0
8	13	UID28700	6	7	1	1
1	6	UID469	6	0	0	0
10	17	UID61336	6	7	1	1
11	17	UID8020	6	9	1	1
5	10	UID105526	5	3	1	1
2	6	UID1139	5	1	1	1
12	21	UID11456	5	6	3	3
6	11	UID118561	5	4	1	1
7	11	UID132031	5	6	1	1
12	18	UID1464367	5	10	1	1
1	5	UID1464368	5	0	0	0
1	5	UID1464369	5	0	0	0
1	5	UID1464372	5	0	0	0
15	19	UID352	5	14	1	1
21	34	UID384	5	13	4	4
9	15	UID48445	5	7	1	1
11	18	UID48723	5	8	2	2
8	13	UID49603	5	6	1	1
2	6	UID580	5	1	0	0
11	16	UID611	5	9	1	1
1	5	UID62695	5	0	0	0
9	13	UID685	5	8	2	2
3	6	UID117356	4	2	1	1
2	6	UID117653	4	0	1	1
8	12	UID118138	4	6	2	2
1	4	UID1464374	4	0	0	0
1	4	UID1464375	4	0	0	0
1	4	UID1464378	4	0	0	0
1	4	UID1464379	4	0	0	0
1	4	UID1464383	4	0	0	0
1	4	UID1464388	4	0	0	0
1	4	UID1464394	4	0	0	0
5	9	UID247	4	3	2	2
1	4	UID250585	4	0	0	0
4	8	UID27249	4	2	1	1
2	5	UID49413	4	1	0	0
1	4	UID5053	4	0	0	0
4	8	UID53093	4	2	1	1
11	15	UID5497	4	9	3	3
6	9	UID5540	4	5	1	1
6	11	UID5567	4	3	1	1
4	7	UID607	4	3	1	1
2	6	UID695455	4	0	0	0
5	10	UID74978	4	2	1	1
3	6	UID75862	4	2	0	0
4	7	UID7587	4	3	0	0
1	4	UID780750	4	0	0	0
3	6	UID911	4	2	1	1
1	4	UID950925	4	0	0	0
3	5	UID104160	3	2	1	1
2	4	UID104799	3	1	0	0
1	3	UID109137	3	0	0	0
4	6	UID1145	3	3	2	2
5	9	UID117222	3	2	1	1
1	3	UID117264	3	0	0	0
1	3	UID1216696	3	0	0	0
7	12	UID1328603	3	4	2	2
5	8	UID134037	3	3	1	1
11	13	UID134042	3	10	2	2
9	13	UID135952	3	6	2	2
2	4	UID1366345	3	1	0	0
1	3	UID137531	3	0	0	0
1	3	UID137687	3	0	0	0
2	4	UID1441210	3	1	0	0
1	3	UID1443129	3	0	0	0
4	7	UID1443531	3	2	1	1
5	9	UID1453390	3	2	1	1
1	3	UID1464396	3	0	0	0
1	3	UID1464397	3	0	0	0
1	3	UID1464398	3	0	0	0
1	3	UID1464399	3	0	0	0
1	3	UID1464400	3	0	0	0
1	3	UID1464401	3	0	0	0
1	3	UID1464402	3	0	0	0
1	3	UID1464404	3	0	0	0
1	3	UID1464405	3	0	0	0
1	3	UID1464406	3	0	0	0
1	3	UID1464407	3	0	0	0
2	4	UID1464408	3	1	0	0
2	4	UID1464409	3	1	0	0
1	3	UID1464410	3	0	0	0
1	3	UID1464411	3	0	0	0
1	3	UID1464412	3	0	0	0
7	12	UID1464415	3	4	3	3
1	3	UID1464419	3	0	0	0
1	3	UID1464420	3	0	0	0
1	3	UID1464421	3	0	0	0
2	4	UID1464422	3	1	1	1
2	4	UID1464424	3	1	1	1
1	3	UID1464426	3	0	0	0
1	3	UID1464428	3	0	0	0
1	3	UID1464429	3	0	0	0
1	3	UID1464430	3	0	0	0
1	3	UID1464436	3	0	0	0
1	3	UID1464439	3	0	0	0
1	3	UID1464442	3	0	0	0
1	3	UID1464443	3	0	0	0
1	3	UID1464444	3	0	0	0
1	3	UID1464445	3	0	0	0
1	3	UID1464446	3	0	0	0
1	3	UID1464447	3	0	0	0
1	3	UID1464448	3	0	0	0
1	3	UID1464450	3	0	0	0
10	16	UID1464458	3	5	2	2
1	3	UID1464459	3	0	0	0
2	4	UID1464460	3	1	1	1
17	20	UID1464462	3	15	2	2
1	3	UID1464463	3	0	0	0
1	3	UID1464466	3	0	0	0
1	3	UID1464467	3	0	0	0
1	3	UID1464470	3	0	0	0
4	7	UID1464473	3	2	0	0
1	3	UID1464474	3	0	0	0
1	3	UID1464475	3	0	0	0
1	3	UID1464476	3	0	0	0
1	3	UID1464478	3	0	0	0
1	3	UID1464482	3	0	0	0
2	4	UID1464484	3	1	1	1
1	3	UID1464485	3	0	0	0
2	4	UID1464487	3	1	0	0
1	3	UID1464489	3	0	0	0
1	3	UID1464490	3	0	0	0
1	3	UID1464491	3	0	0	0
1	3	UID1464493	3	0	0	0
1	3	UID1464508	3	0	0	0
1	3	UID1464509	3	0	0	0
2	4	UID1464510	3	1	1	1
2	4	UID1464519	3	1	0	0
2	4	UID1464521	3	1	1	1
1	3	UID1464522	3	0	0	0
1	3	UID1464525	3	0	0	0
1	3	UID1464527	3	0	0	0
6	8	UID1464532	3	5	2	2
2	4	UID1464535	3	1	1	1
4	6	UID1464536	3	3	1	1
1	3	UID1464537	3	0	0	0
1	3	UID1464538	3	0	0	0
1	3	UID1464540	3	0	0	0
1	3	UID1464541	3	0	0	0
5	7	UID1464542	3	4	1	1
1	3	UID1464543	3	0	0	0
1	3	UID1464544	3	0	0	0
1	3	UID1464545	3	0	0	0
1	3	UID1464547	3	0	0	0
1	3	UID1464549	3	0	0	0
3	6	UID158723	3	1	1	1
5	8	UID1642	3	3	2	2
3	7	UID170034	3	1	1	1
3	5	UID180876	3	2	1	1
12	15	UID202550	3	10	1	1
1	3	UID203642	3	0	0	0
1	3	UID21473	3	0	0	0
1	3	UID257275	3	0	0	0
1	3	UID381060	3	0	0	0
1	3	UID382025	3	0	0	0
4	6	UID3886	3	3	1	1
2	4	UID41085	3	1	1	1
2	4	UID443223	3	1	0	0
3	6	UID48626	3	1	0	0
3	5	UID52086	3	2	2	2
2	4	UID581	3	1	1	1
17	20	UID61254	3	15	3	3
2	4	UID61799	3	1	0	0
1	3	UID737	3	0	0	0
3	6	UID7646	3	1	1	1
3	7	UID811095	3	0	0	0
3	5	UID817474	3	2	1	1
3	5	UID912	3	2	1	1
6	11	UID917	3	2	2	2
2	4	UID928	3	1	0	0
2	3	UID1105090	2	1	1	1
8	10	UID117244	2	6	3	3
2	4	UID1327	2	0	1	1
1	2	UID1345100	2	0	0	0
3	4	UID1368747	2	2	1	1
7	9	UID1407903	2	5	1	1
6	7	UID1413974	2	5	1	1
4	5	UID1464550	2	3	2	2
1	2	UID1464561	2	0	0	0
1	2	UID1464564	2	0	0	0
1	2	UID1464581	2	0	0	0
2	3	UID1464582	2	1	1	1
1	2	UID1464586	2	0	0	0
3	4	UID1464587	2	2	2	2
1	2	UID1464588	2	0	0	0
1	2	UID1464589	2	0	0	0
1	2	UID1464592	2	0	0	0
1	2	UID1464596	2	0	0	0
1	2	UID1464602	2	0	0	0
1	2	UID1464603	2	0	0	0
1	2	UID1464606	2	0	0	0
1	2	UID1464609	2	0	0	0
1	2	UID1464611	2	0	0	0
1	2	UID1464613	2	0	0	0
2	3	UID1464615	2	1	1	1
1	2	UID1464617	2	0	0	0
1	2	UID1464621	2	0	0	0
1	2	UID1464633	2	0	0	0
1	2	UID1464635	2	0	0	0
1	2	UID1464642	2	0	0	0
1	2	UID1464645	2	0	0	0
1	2	UID1464646	2	0	0	0
2	3	UID1464648	2	1	1	1
1	2	UID1464649	2	0	0	0
1	2	UID1464651	2	0	0	0
1	2	UID1464652	2	0	0	0
1	2	UID1464665	2	0	0	0
1	2	UID1464685	2	0	0	0
1	2	UID1464687	2	0	0	0
1	2	UID1464688	2	0	0	0
2	3	UID1464704	2	1	1	1
1	2	UID1464706	2	0	0	0
1	2	UID1464709	2	0	0	0
2	3	UID1464716	2	1	1	1
1	2	UID1464720	2	0	0	0
1	2	UID1464732	2	0	0	0
1	2	UID1464733	2	0	0	0
1	2	UID1464786	2	0	0	0
1	2	UID1464806	2	0	0	0
2	3	UID1464811	2	1	1	1
2	3	UID1464819	2	1	1	1
1	2	UID1464822	2	0	0	0
1	2	UID1464831	2	0	0	0
1	2	UID1464851	2	0	0	0
1	2	UID1464880	2	0	0	0
1	2	UID1464884	2	0	0	0
1	2	UID1464887	2	0	0	0
1	2	UID1464890	2	0	0	0
1	2	UID1464891	2	0	0	0
1	2	UID1464896	2	0	0	0
1	2	UID1464900	2	0	0	0
1	2	UID1464903	2	0	0	0
3	4	UID1464907	2	2	1	1
1	2	UID1464912	2	0	0	0
1	2	UID1464934	2	0	0	0
1	2	UID1464935	2	0	0	0
1	2	UID1464939	2	0	0	0
4	6	UID1464957	2	2	1	1
3	5	UID1464970	2	1	1	1
1	2	UID1464995	2	0	0	0
1	2	UID1465002	2	0	0	0
1	2	UID1465019	2	0	0	0
1	2	UID1465028	2	0	0	0
1	2	UID1465037	2	0	0	0
2	3	UID1465041	2	1	1	1
1	2	UID1465043	2	0	0	0
1	2	UID1465048	2	0	0	0
1	2	UID1465049	2	0	0	0
1	2	UID1465053	2	0	0	0
1	2	UID1465074	2	0	0	0
1	2	UID1465079	2	0	0	0
1	2	UID1465083	2	0	0	0
1	2	UID1465084	2	0	0	0
1	2	UID1465086	2	0	0	0
3	4	UID1465101	2	2	2	2
2	3	UID1465106	2	1	1	1
1	2	UID1465107	2	0	0	0
1	2	UID1465108	2	0	0	0
1	2	UID1465111	2	0	0	0
1	2	UID1465126	2	0	0	0
1	2	UID1465127	2	0	0	0
1	2	UID1465131	2	0	0	0
1	2	UID1465136	2	0	0	0
1	2	UID1465146	2	0	0	0
1	2	UID1465147	2	0	0	0
1	2	UID1465164	2	0	0	0
1	2	UID1465196	2	0	0	0
1	2	UID1465198	2	0	0	0
1	2	UID1465202	2	0	0	0
1	2	UID1465212	2	0	0	0
1	2	UID1465224	2	0	0	0
1	2	UID1465225	2	0	0	0
1	2	UID1465248	2	0	0	0
1	2	UID1465258	2	0	0	0
1	2	UID1465266	2	0	0	0
1	2	UID1465268	2	0	0	0
1	2	UID1465277	2	0	0	0
1	2	UID1465280	2	0	0	0
1	2	UID1465292	2	0	0	0
1	2	UID1465296	2	0	0	0
2	3	UID1465298	2	1	1	1
1	2	UID1465299	2	0	0	0
1	2	UID1465316	2	0	0	0
1	2	UID1465318	2	0	0	0
2	3	UID1465321	2	1	1	1
1	2	UID1465322	2	0	0	0
1	2	UID1465328	2	0	0	0
1	2	UID1465329	2	0	0	0
6	7	UID1465332	2	5	2	2
1	2	UID1465333	2	0	0	0
1	2	UID1465334	2	0	0	0
1	2	UID1465335	2	0	0	0
1	2	UID1465336	2	0	0	0
1	2	UID1465352	2	0	0	0
1	2	UID1465353	2	0	0	0
1	2	UID1465359	2	0	0	0
1	2	UID1465360	2	0	0	0
2	3	UID1465361	2	1	1	1
1	2	UID1465363	2	0	0	0
7	8	UID1465365	2	6	3	3
1	2	UID1465366	2	0	0	0
6	7	UID1465372	2	5	1	1
4	5	UID1465374	2	3	2	2
1	2	UID1465376	2	0	0	0
1	2	UID1465379	2	0	0	0
1	2	UID1465384	2	0	0	0
1	2	UID1465386	2	0	0	0
1	2	UID1465387	2	0	0	0
1	2	UID1465392	2	0	0	0
1	2	UID1465394	2	0	0	0
1	2	UID1465400	2	0	0	0
1	2	UID1465404	2	0	0	0
1	2	UID1465413	2	0	0	0
1	2	UID1465418	2	0	0	0
1	2	UID1465420	2	0	0	0
10	12	UID149165	2	8	2	2
3	5	UID154589	2	1	1	1
5	6	UID154594	2	4	1	1
2	3	UID17	2	1	1	1
2	3	UID186574	2	1	1	1
4	5	UID18916	2	3	1	1
4	5	UID191717	2	3	2	2
3	4	UID193956	2	2	1	1
5	6	UID195747	2	4	1	1
5	7	UID206115	2	3	2	2
4	5	UID207465	2	3	1	1
2	3	UID208469	2	1	1	1
12	13	UID213954	2	11	2	2
2	3	UID250472	2	1	1	1
9	10	UID30184	2	8	2	2
5	7	UID327	2	3	1	1
3	4	UID380918	2	2	1	1
3	4	UID380965	2	2	1	1
5	6	UID48558	2	4	1	1
6	7	UID49073	2	5	2	2
1	2	UID584648	2	0	0	0
2	3	UID608	2	1	1	1
4	5	UID609	2	3	1	1
3	4	UID695412	2	2	1	1
1	2	UID703358	2	0	0	0
3	4	UID704	2	2	1	1
1	2	UID7531	2	0	0	0
3	4	UID7538	2	2	1	1
2	3	UID770792	2	1	1	1
1	2	UID7811	2	0	0	0
1	2	UID7991	2	0	0	0
9	10	UID8082	2	8	2	2
3	4	UID823954	2	2	1	1
2	3	UID83173	2	1	1	1
4	5	UID86760	2	3	2	2
1	2	UID959	2	0	0	0
3	4	UID964468	2	2	2	2
5	5	UID112678	1	5	2	2
4	4	UID112833	1	4	2	2
1	1	UID117228	1	1	0	0
1	1	UID126334	1	1	0	0
1	1	UID128391	1	1	0	0
5	5	UID132253	1	5	2	2
3	3	UID1327062	1	3	1	1
1	1	UID1367948	1	1	0	0
2	2	UID137302	1	2	1	1
1	1	UID137732	1	1	0	0
1	1	UID1412140	1	1	0	0
1	1	UID1434566	1	1	0	0
1	1	UID1443050	1	1	0	0
3	3	UID1443326	1	3	1	1
3	3	UID1443808	1	3	1	1
1	1	UID1465421	1	1	0	0
1	1	UID1465422	1	1	0	0
1	1	UID1465423	1	1	0	0
1	1	UID1465424	1	1	0	0
1	1	UID1465425	1	1	0	0
1	1	UID1465427	1	1	0	0
1	1	UID1465429	1	1	0	0
1	1	UID1465430	1	1	0	0
1	1	UID1465431	1	1	0	0
1	1	UID1465432	1	1	0	0
1	1	UID1465433	1	1	0	0
1	1	UID1465434	1	1	0	0
1	1	UID1465435	1	1	0	0
1	1	UID1465436	1	1	0	0
1	1	UID1465437	1	1	0	0
1	1	UID1465441	1	1	0	0
1	1	UID1465443	1	1	0	0
1	1	UID1465447	1	1	0	0
1	1	UID1465453	1	1	0	0
1	1	UID1465454	1	1	0	0
1	1	UID1465465	1	1	0	0
1	1	UID1465468	1	1	0	0
1	1	UID1465469	1	1	0	0
1	1	UID1465479	1	1	0	0
1	1	UID1465488	1	1	0	0
1	1	UID1465490	1	1	0	0
1	1	UID1465491	1	1	0	0
1	1	UID1465492	1	1	0	0
1	1	UID1465493	1	1	0	0
1	1	UID1465494	1	1	0	0
1	1	UID1465495	1	1	0	0
1	1	UID1465496	1	1	0	0
1	1	UID1465498	1	1	0	0
1	1	UID1465499	1	1	0	0
1	1	UID1465506	1	1	0	0
1	1	UID1465508	1	1	0	0
1	1	UID1465509	1	1	0	0
1	1	UID1465510	1	1	0	0
1	1	UID1465514	1	1	0	0
1	1	UID1465515	1	1	0	0
1	1	UID1465517	1	1	0	0
1	1	UID1465518	1	1	0	0
1	1	UID1465531	1	1	0	0
1	1	UID1465536	1	1	0	0
1	1	UID1465542	1	1	0	0
1	1	UID1465545	1	1	0	0
1	1	UID1465547	1	1	0	0
1	1	UID1465555	1	1	0	0
1	1	UID1465564	1	1	0	0
1	1	UID1465566	1	1	0	0
1	1	UID1465567	1	1	0	0
1	1	UID1465568	1	1	0	0
1	1	UID1465570	1	1	0	0
1	1	UID1465571	1	1	0	0
1	1	UID1465572	1	1	0	0
1	1	UID1465573	1	1	0	0
1	1	UID1465574	1	1	0	0
1	1	UID1465577	1	1	0	0
1	1	UID1465583	1	1	0	0
1	1	UID1465586	1	1	0	0
1	1	UID1465587	1	1	0	0
1	1	UID1465588	1	1	0	0
1	1	UID1465589	1	1	0	0
1	1	UID1465590	1	1	0	0
1	1	UID1465591	1	1	0	0
1	1	UID1465592	1	1	0	0
1	1	UID1465593	1	1	0	0
1	1	UID1465595	1	1	0	0
1	1	UID1465596	1	1	0	0
1	1	UID1465600	1	1	0	0
1	1	UID1465601	1	1	0	0
1	1	UID1465602	1	1	0	0
1	1	UID1465603	1	1	0	0
1	1	UID1465608	1	1	0	0
1	1	UID1465615	1	1	0	0
1	1	UID1465616	1	1	0	0
1	1	UID1465617	1	1	0	0
1	1	UID1465620	1	1	0	0
1	1	UID1465623	1	1	0	0
1	1	UID1465633	1	1	0	0
1	1	UID1465635	1	1	0	0
1	1	UID1465636	1	1	0	0
1	1	UID1465637	1	1	0	0
1	1	UID1465638	1	1	0	0
1	1	UID1465644	1	1	0	0
1	1	UID1465646	1	1	0	0
1	1	UID1465648	1	1	0	0
1	1	UID1465662	1	1	0	0
1	1	UID1465667	1	1	0	0
1	1	UID1465670	1	1	0	0
1	1	UID1465672	1	1	0	0
1	1	UID1465674	1	1	0	0
1	1	UID1465675	1	1	0	0
1	1	UID1465676	1	1	0	0
1	1	UID1465677	1	1	0	0
1	1	UID1465678	1	1	0	0
1	1	UID1465679	1	1	0	0
1	1	UID1465682	1	1	0	0
1	1	UID1465683	1	1	0	0
1	1	UID1465685	1	1	0	0
1	1	UID1465687	1	1	0	0
1	1	UID1465690	1	1	0	0
1	1	UID1465692	1	1	0	0
1	1	UID1465693	1	1	0	0
1	1	UID1465698	1	1	0	0
1	1	UID1465699	1	1	0	0
1	1	UID1465702	1	1	0	0
1	1	UID1465709	1	1	0	0
1	1	UID1465710	1	1	0	0
1	1	UID1465712	1	1	0	0
1	1	UID1465715	1	1	0	0
1	1	UID1465719	1	1	0	0
1	1	UID1465722	1	1	0	0
1	1	UID1465724	1	1	0	0
1	1	UID1465730	1	1	0	0
1	1	UID1465734	1	1	0	0
1	1	UID1465735	1	1	0	0
1	1	UID1465737	1	1	0	0
1	1	UID1465740	1	1	0	0
1	1	UID1465743	1	1	0	0
1	1	UID1465751	1	1	0	0
1	1	UID1465753	1	1	0	0
1	1	UID1465754	1	1	0	0
1	1	UID1465755	1	1	0	0
1	1	UID1465757	1	1	0	0
1	1	UID1465758	1	1	0	0
1	1	UID1465759	1	1	0	0
1	1	UID1465761	1	1	0	0
1	1	UID1465762	1	1	0	0
1	1	UID1465763	1	1	0	0
1	1	UID1465770	1	1	0	0
1	1	UID1465772	1	1	0	0
1	1	UID1465773	1	1	0	0
1	1	UID1465776	1	1	0	0
1	1	UID1465777	1	1	0	0
1	1	UID1465779	1	1	0	0
1	1	UID1465781	1	1	0	0
1	1	UID1465784	1	1	0	0
1	1	UID1465785	1	1	0	0
1	1	UID1465786	1	1	0	0
1	1	UID1465788	1	1	0	0
1	1	UID1465789	1	1	0	0
1	1	UID1465792	1	1	0	0
1	1	UID1465794	1	1	0	0
1	1	UID1465795	1	1	0	0
1	1	UID1465803	1	1	0	0
1	1	UID1465812	1	1	0	0
1	1	UID1465818	1	1	0	0
1	1	UID1465821	1	1	0	0
1	1	UID1465829	1	1	0	0
1	1	UID1465838	1	1	0	0
1	1	UID1465839	1	1	0	0
1	1	UID1465840	1	1	0	0
1	1	UID1465842	1	1	0	0
1	1	UID1465844	1	1	0	0
1	1	UID1465845	1	1	0	0
1	1	UID1465846	1	1	0	0
1	1	UID1465853	1	1	0	0
1	1	UID1465854	1	1	0	0
1	1	UID1465855	1	1	0	0
1	1	UID1465856	1	1	0	0
1	1	UID1465857	1	1	0	0
1	1	UID1465861	1	1	0	0
1	1	UID1465863	1	1	0	0
1	1	UID1465865	1	1	0	0
1	1	UID1465874	1	1	0	0
1	1	UID1465875	1	1	0	0
1	1	UID1465876	1	1	0	0
1	1	UID1465877	1	1	0	0
1	1	UID1465878	1	1	0	0
1	1	UID1465879	1	1	0	0
1	1	UID1465881	1	1	0	0
1	1	UID1465884	1	1	0	0
1	1	UID1465889	1	1	0	0
1	1	UID1465893	1	1	0	0
1	1	UID1465894	1	1	0	0
1	1	UID1465896	1	1	0	0
1	1	UID1465898	1	1	0	0
1	1	UID1465901	1	1	0	0
1	1	UID1465903	1	1	0	0
1	1	UID1465904	1	1	0	0
1	1	UID1465905	1	1	0	0
1	1	UID1465906	1	1	0	0
1	1	UID1465918	1	1	0	0
1	1	UID1465921	1	1	0	0
1	1	UID1465924	1	1	0	0
1	1	UID1465925	1	1	0	0
1	1	UID1465926	1	1	0	0
1	1	UID1465927	1	1	0	0
1	1	UID1465928	1	1	0	0
6	6	UID1465935	1	6	2	2
1	1	UID1465939	1	1	0	0
1	1	UID1465941	1	1	0	0
1	1	UID1465942	1	1	0	0
1	1	UID1465951	1	1	0	0
1	1	UID1465952	1	1	0	0
1	1	UID1465953	1	1	0	0
1	1	UID1465957	1	1	0	0
1	1	UID1465959	1	1	0	0
1	1	UID1465963	1	1	0	0
1	1	UID1465968	1	1	0	0
1	1	UID1465970	1	1	0	0
1	1	UID1465971	1	1	0	0
1	1	UID1465972	1	1	0	0
1	1	UID1465973	1	1	0	0
1	1	UID1465975	1	1	0	0
1	1	UID1465976	1	1	0	0
1	1	UID1465977	1	1	0	0
1	1	UID1465989	1	1	0	0
1	1	UID1465990	1	1	0	0
1	1	UID1465991	1	1	0	0
1	1	UID1465992	1	1	0	0
1	1	UID1465995	1	1	0	0
1	1	UID1465996	1	1	0	0
1	1	UID1465999	1	1	0	0
1	1	UID1466001	1	1	0	0
1	1	UID1466003	1	1	0	0
1	1	UID1466004	1	1	0	0
1	1	UID1466020	1	1	0	0
1	1	UID1466022	1	1	0	0
1	1	UID1466023	1	1	0	0
1	1	UID1466029	1	1	0	0
1	1	UID1466031	1	1	0	0
1	1	UID1466033	1	1	0	0
1	1	UID1466034	1	1	0	0
1	1	UID1466035	1	1	0	0
1	1	UID1466040	1	1	0	0
1	1	UID1466041	1	1	0	0
1	1	UID1466042	1	1	0	0
1	1	UID1466050	1	1	0	0
1	1	UID1466061	1	1	0	0
1	1	UID1466062	1	1	0	0
1	1	UID1466064	1	1	0	0
1	1	UID1466065	1	1	0	0
1	1	UID1466066	1	1	0	0
1	1	UID1466067	1	1	0	0
1	1	UID1466068	1	1	0	0
1	1	UID1466074	1	1	0	0
1	1	UID1466077	1	1	0	0
1	1	UID1466078	1	1	0	0
1	1	UID1466079	1	1	0	0
1	1	UID1466081	1	1	0	0
1	1	UID1466083	1	1	0	0
1	1	UID1466084	1	1	0	0
1	1	UID1466087	1	1	0	0
1	1	UID1466108	1	1	0	0
1	1	UID1466111	1	1	0	0
1	1	UID1466119	1	1	0	0
1	1	UID1466121	1	1	0	0
1	1	UID1466133	1	1	0	0
1	1	UID1466140	1	1	0	0
1	1	UID1466141	1	1	0	0
1	1	UID1466144	1	1	0	0
1	1	UID1466146	1	1	0	0
1	1	UID1466148	1	1	0	0
1	1	UID1466149	1	1	0	0
1	1	UID1466153	1	1	0	0
1	1	UID1466160	1	1	0	0
1	1	UID1466162	1	1	0	0
1	1	UID1466163	1	1	0	0
1	1	UID1466164	1	1	0	0
1	1	UID1466165	1	1	0	0
1	1	UID1466167	1	1	0	0
1	1	UID1466171	1	1	0	0
1	1	UID1466172	1	1	0	0
1	1	UID1466177	1	1	0	0
1	1	UID1466181	1	1	0	0
1	1	UID1466186	1	1	0	0
1	1	UID1466198	1	1	0	0
1	1	UID1466211	1	1	0	0
1	1	UID1466217	1	1	0	0
1	1	UID1466222	1	1	0	0
1	1	UID1466240	1	1	0	0
1	1	UID1466245	1	1	0	0
1	1	UID1466247	1	1	0	0
1	1	UID1466248	1	1	0	0
1	1	UID1466255	1	1	0	0
1	1	UID1466257	1	1	0	0
1	1	UID1466258	1	1	0	0
1	1	UID1466261	1	1	0	0
1	1	UID1466264	1	1	0	0
1	1	UID1466265	1	1	0	0
1	1	UID1466273	1	1	0	0
1	1	UID1466274	1	1	0	0
1	1	UID1466275	1	1	0	0
1	1	UID1466278	1	1	0	0
1	1	UID1466279	1	1	0	0
1	1	UID1466292	1	1	0	0
1	1	UID1466302	1	1	0	0
1	1	UID1466303	1	1	0	0
1	1	UID1466304	1	1	0	0
1	1	UID1466306	1	1	0	0
1	1	UID1466310	1	1	0	0
1	1	UID1466313	1	1	0	0
1	1	UID1466314	1	1	0	0
1	1	UID1466319	1	1	0	0
1	1	UID1466320	1	1	0	0
1	1	UID1466323	1	1	0	0
2	2	UID1466324	1	2	1	1
1	1	UID1466327	1	1	0	0
1	1	UID1466335	1	1	0	0
1	1	UID1466337	1	1	0	0
1	1	UID1466343	1	1	0	0
1	1	UID1466344	1	1	0	0
1	1	UID1466345	1	1	0	0
1	1	UID1466346	1	1	0	0
1	1	UID1466347	1	1	0	0
1	1	UID1466348	1	1	0	0
1	1	UID1466349	1	1	0	0
1	1	UID1466350	1	1	0	0
1	1	UID1466351	1	1	0	0
1	1	UID1466355	1	1	0	0
1	1	UID1466356	1	1	0	0
1	1	UID1466357	1	1	0	0
1	1	UID1466358	1	1	0	0
1	1	UID1466359	1	1	0	0
1	1	UID1466360	1	1	0	0
1	1	UID1466361	1	1	0	0
1	1	UID1466380	1	1	0	0
1	1	UID1466383	1	1	0	0
1	1	UID1466384	1	1	0	0
1	1	UID1466386	1	1	0	0
1	1	UID1466387	1	1	0	0
1	1	UID1466388	1	1	0	0
1	1	UID1466389	1	1	0	0
1	1	UID1466390	1	1	0	0
1	1	UID1466391	1	1	0	0
1	1	UID1466392	1	1	0	0
1	1	UID1466396	1	1	0	0
1	1	UID1466397	1	1	0	0
1	1	UID1466398	1	1	0	0
1	1	UID1466399	1	1	0	0
1	1	UID1466400	1	1	0	0
1	1	UID1466402	1	1	0	0
1	1	UID1466403	1	1	0	0
1	1	UID1466407	1	1	0	0
1	1	UID1466408	1	1	0	0
1	1	UID1466415	1	1	0	0
1	1	UID1466416	1	1	0	0
1	1	UID1466417	1	1	0	0
1	1	UID1466418	1	1	0	0
1	1	UID1466420	1	1	0	0
1	1	UID1466421	1	1	0	0
1	1	UID1466423	1	1	0	0
1	1	UID1466428	1	1	0	0
1	1	UID1466431	1	1	0	0
1	1	UID1466433	1	1	0	0
1	1	UID1466437	1	1	0	0
1	1	UID1466438	1	1	0	0
1	1	UID1466442	1	1	0	0
1	1	UID1466446	1	1	0	0
1	1	UID1466447	1	1	0	0
1	1	UID1466454	1	1	0	0
1	1	UID1466455	1	1	0	0
1	1	UID1466457	1	1	0	0
1	1	UID1466458	1	1	0	0
1	1	UID1466459	1	1	0	0
1	1	UID1466463	1	1	0	0
1	1	UID1466472	1	1	0	0
1	1	UID1466478	1	1	0	0
1	1	UID1466488	1	1	0	0
1	1	UID1466499	1	1	0	0
1	1	UID1466503	1	1	0	0
1	1	UID1466506	1	1	0	0
1	1	UID1466508	1	1	0	0
1	1	UID1466514	1	1	0	0
1	1	UID1466519	1	1	0	0
1	1	UID1466520	1	1	0	0
1	1	UID1466528	1	1	0	0
1	1	UID1466529	1	1	0	0
1	1	UID1466530	1	1	0	0
1	1	UID1466535	1	1	0	0
1	1	UID1466536	1	1	0	0
1	1	UID1466539	1	1	0	0
1	1	UID1466540	1	1	0	0
1	1	UID1466541	1	1	0	0
1	1	UID1466543	1	1	0	0
1	1	UID1466550	1	1	0	0
4	4	UID1466552	1	4	3	3
1	1	UID1466562	1	1	0	0
1	1	UID1466564	1	1	0	0
1	1	UID1466565	1	1	0	0
1	1	UID1466580	1	1	0	0
1	1	UID1466583	1	1	0	0
1	1	UID1466584	1	1	0	0
1	1	UID1466588	1	1	0	0
1	1	UID1466589	1	1	0	0
1	1	UID1466591	1	1	0	0
1	1	UID1466595	1	1	0	0
1	1	UID1466596	1	1	0	0
1	1	UID1466597	1	1	0	0
1	1	UID1466598	1	1	0	0
1	1	UID1466599	1	1	0	0
1	1	UID1466601	1	1	0	0
1	1	UID1466603	1	1	0	0
1	1	UID1466604	1	1	0	0
1	1	UID1466605	1	1	0	0
1	1	UID1466606	1	1	0	0
1	1	UID1466608	1	1	0	0
1	1	UID1466609	1	1	0	0
1	1	UID1466612	1	1	0	0
1	1	UID1466614	1	1	0	0
1	1	UID1466617	1	1	0	0
1	1	UID1466629	1	1	0	0
1	1	UID1466633	1	1	0	0
5	5	UID1466643	1	5	2	2
1	1	UID1466651	1	1	0	0
1	1	UID1466652	1	1	0	0
1	1	UID1466654	1	1	0	0
1	1	UID1466657	1	1	0	0
1	1	UID1466658	1	1	0	0
1	1	UID1466659	1	1	0	0
1	1	UID1466662	1	1	0	0
1	1	UID1466664	1	1	0	0
1	1	UID1466666	1	1	0	0
1	1	UID1466668	1	1	0	0
1	1	UID1466675	1	1	0	0
1	1	UID1466677	1	1	0	0
1	1	UID1466680	1	1	0	0
1	1	UID1466682	1	1	0	0
1	1	UID1466683	1	1	0	0
1	1	UID1466689	1	1	0	0
1	1	UID1466690	1	1	0	0
1	1	UID1466697	1	1	0	0
1	1	UID1466699	1	1	0	0
1	1	UID1466700	1	1	0	0
1	1	UID1466708	1	1	0	0
1	1	UID1466710	1	1	0	0
1	1	UID1466711	1	1	0	0
1	1	UID1466712	1	1	0	0
1	1	UID1466715	1	1	0	0
1	1	UID1466716	1	1	0	0
1	1	UID1466718	1	1	0	0
1	1	UID1466721	1	1	0	0
1	1	UID1466723	1	1	0	0
1	1	UID1466727	1	1	0	0
1	1	UID1466731	1	1	0	0
1	1	UID1466734	1	1	0	0
1	1	UID1466735	1	1	0	0
1	1	UID1466737	1	1	0	0
1	1	UID1466738	1	1	0	0
1	1	UID1466740	1	1	0	0
1	1	UID1466743	1	1	0	0
1	1	UID1466752	1	1	0	0
1	1	UID1466753	1	1	0	0
1	1	UID1466775	1	1	0	0
1	1	UID1466776	1	1	0	0
1	1	UID1466778	1	1	0	0
1	1	UID1466782	1	1	0	0
1	1	UID1466783	1	1	0	0
1	1	UID1466792	1	1	0	0
1	1	UID1466794	1	1	0	0
1	1	UID1466798	1	1	0	0
1	1	UID1466800	1	1	0	0
1	1	UID1466803	1	1	0	0
1	1	UID1466807	1	1	0	0
1	1	UID1466809	1	1	0	0
1	1	UID1466810	1	1	0	0
1	1	UID1466811	1	1	0	0
1	1	UID1466817	1	1	0	0
1	1	UID1466820	1	1	0	0
1	1	UID1466828	1	1	0	0
1	1	UID1466830	1	1	0	0
1	1	UID1466831	1	1	0	0
1	1	UID1466836	1	1	0	0
1	1	UID1466837	1	1	0	0
1	1	UID1466838	1	1	0	0
1	1	UID1466839	1	1	0	0
1	1	UID1466840	1	1	0	0
1	1	UID1466842	1	1	0	0
1	1	UID1466843	1	1	0	0
1	1	UID1466847	1	1	0	0
1	1	UID1466848	1	1	0	0
1	1	UID1466849	1	1	0	0
1	1	UID1466870	1	1	0	0
1	1	UID1466871	1	1	0	0
1	1	UID1466872	1	1	0	0
1	1	UID1466873	1	1	0	0
1	1	UID1466877	1	1	0	0
1	1	UID1466878	1	1	0	0
1	1	UID1466889	1	1	0	0
1	1	UID1466891	1	1	0	0
1	1	UID1466893	1	1	0	0
1	1	UID1466900	1	1	0	0
1	1	UID1466907	1	1	0	0
1	1	UID1466908	1	1	0	0
1	1	UID1466909	1	1	0	0
1	1	UID1466917	1	1	0	0
1	1	UID1466920	1	1	0	0
1	1	UID1466921	1	1	0	0
1	1	UID1466922	1	1	0	0
1	1	UID1466924	1	1	0	0
1	1	UID1466926	1	1	0	0
1	1	UID1466929	1	1	0	0
1	1	UID1466930	1	1	0	0
1	1	UID1466931	1	1	0	0
1	1	UID1466932	1	1	0	0
1	1	UID1466933	1	1	0	0
1	1	UID1466934	1	1	0	0
1	1	UID1466936	1	1	0	0
1	1	UID1466939	1	1	0	0
1	1	UID1466940	1	1	0	0
5	5	UID1466941	1	5	2	2
1	1	UID1466943	1	1	0	0
1	1	UID1466946	1	1	0	0
1	1	UID1466948	1	1	0	0
1	1	UID1466950	1	1	0	0
1	1	UID1466967	1	1	0	0
1	1	UID1466968	1	1	0	0
1	1	UID1466972	1	1	0	0
1	1	UID1466973	1	1	0	0
1	1	UID1466977	1	1	0	0
1	1	UID1466982	1	1	0	0
1	1	UID1466984	1	1	0	0
1	1	UID1466987	1	1	0	0
1	1	UID1466988	1	1	0	0
1	1	UID1466991	1	1	0	0
1	1	UID1466992	1	1	0	0
1	1	UID1467008	1	1	0	0
1	1	UID1467009	1	1	0	0
1	1	UID1467015	1	1	0	0
1	1	UID1467016	1	1	0	0
1	1	UID1467018	1	1	0	0
1	1	UID1467020	1	1	0	0
1	1	UID1467021	1	1	0	0
1	1	UID1467023	1	1	0	0
1	1	UID1467025	1	1	0	0
1	1	UID1467028	1	1	0	0
1	1	UID1467029	1	1	0	0
1	1	UID1467030	1	1	0	0
1	1	UID1467031	1	1	0	0
1	1	UID1467035	1	1	0	0
1	1	UID1467036	1	1	0	0
1	1	UID1467037	1	1	0	0
1	1	UID1467038	1	1	0	0
1	1	UID1467039	1	1	0	0
1	1	UID1467042	1	1	0	0
1	1	UID1467044	1	1	0	0
1	1	UID1467046	1	1	0	0
1	1	UID1467068	1	1	0	0
1	1	UID1467069	1	1	0	0
1	1	UID1467071	1	1	0	0
1	1	UID1467073	1	1	0	0
1	1	UID1467077	1	1	0	0
1	1	UID1467078	1	1	0	0
1	1	UID1467081	1	1	0	0
1	1	UID1467082	1	1	0	0
1	1	UID1467094	1	1	0	0
1	1	UID1467095	1	1	0	0
1	1	UID1467102	1	1	0	0
1	1	UID1467103	1	1	0	0
1	1	UID1467104	1	1	0	0
1	1	UID1467105	1	1	0	0
1	1	UID1467109	1	1	0	0
2	2	UID1467111	1	2	1	1
1	1	UID1467122	1	1	0	0
1	1	UID1467124	1	1	0	0
1	1	UID1467130	1	1	0	0
1	1	UID1467155	1	1	0	0
1	1	UID1467156	1	1	0	0
1	1	UID1467161	1	1	0	0
1	1	UID1467163	1	1	0	0
1	1	UID1467164	1	1	0	0
1	1	UID1467166	1	1	0	0
1	1	UID1467180	1	1	0	0
1	1	UID1467181	1	1	0	0
1	1	UID1467185	1	1	0	0
1	1	UID1467187	1	1	0	0
1	1	UID1467188	1	1	0	0
1	1	UID1467191	1	1	0	0
1	1	UID1467192	1	1	0	0
1	1	UID1467193	1	1	0	0
1	1	UID1467195	1	1	0	0
1	1	UID1467196	1	1	0	0
1	1	UID1467199	1	1	0	0
1	1	UID1467200	1	1	0	0
1	1	UID1467204	1	1	0	0
1	1	UID1467205	1	1	0	0
1	1	UID1467206	1	1	0	0
1	1	UID1467208	1	1	0	0
1	1	UID1467209	1	1	0	0
1	1	UID1467210	1	1	0	0
1	1	UID1467211	1	1	0	0
1	1	UID1467213	1	1	0	0
1	1	UID1467217	1	1	0	0
1	1	UID1467218	1	1	0	0
1	1	UID1467219	1	1	0	0
1	1	UID1467220	1	1	0	0
1	1	UID1467221	1	1	0	0
1	1	UID1467223	1	1	0	0
1	1	UID1467224	1	1	0	0
1	1	UID1467225	1	1	0	0
1	1	UID1467229	1	1	0	0
1	1	UID1467233	1	1	0	0
1	1	UID1467234	1	1	0	0
1	1	UID1467239	1	1	0	0
1	1	UID1467249	1	1	0	0
1	1	UID1467253	1	1	0	0
1	1	UID1467265	1	1	0	0
1	1	UID1467270	1	1	0	0
1	1	UID1467275	1	1	0	0
1	1	UID1467282	1	1	0	0
1	1	UID1467287	1	1	0	0
1	1	UID1467291	1	1	0	0
1	1	UID1467293	1	1	0	0
1	1	UID1467302	1	1	0	0
1	1	UID1467311	1	1	0	0
1	1	UID1467324	1	1	0	0
1	1	UID1467325	1	1	0	0
1	1	UID1467330	1	1	0	0
1	1	UID1467331	1	1	0	0
1	1	UID1467334	1	1	0	0
1	1	UID1467336	1	1	0	0
1	1	UID1467338	1	1	0	0
1	1	UID1467339	1	1	0	0
1	1	UID1467349	1	1	0	0
1	1	UID1467354	1	1	0	0
1	1	UID1467359	1	1	0	0
1	1	UID1467373	1	1	0	0
1	1	UID1467375	1	1	0	0
1	1	UID1467380	1	1	0	0
1	1	UID1467381	1	1	0	0
1	1	UID1467388	1	1	0	0
1	1	UID1467394	1	1	0	0
1	1	UID1467395	1	1	0	0
1	1	UID1467396	1	1	0	0
1	1	UID1467397	1	1	0	0
1	1	UID1467399	1	1	0	0
1	1	UID1467406	1	1	0	0
1	1	UID1467410	1	1	0	0
1	1	UID1467412	1	1	0	0
1	1	UID1467413	1	1	0	0
1	1	UID1467414	1	1	0	0
1	1	UID1467415	1	1	0	0
1	1	UID1467416	1	1	0	0
1	1	UID1467417	1	1	0	0
1	1	UID1467421	1	1	0	0
1	1	UID1467422	1	1	0	0
1	1	UID1467424	1	1	0	0
1	1	UID1467425	1	1	0	0
1	1	UID1467426	1	1	0	0
1	1	UID1467427	1	1	0	0
1	1	UID1467430	1	1	0	0
1	1	UID1467433	1	1	0	0
1	1	UID1467435	1	1	0	0
1	1	UID1467446	1	1	0	0
1	1	UID1467447	1	1	0	0
1	1	UID1467453	1	1	0	0
1	1	UID1467454	1	1	0	0
1	1	UID1467456	1	1	0	0
1	1	UID1467457	1	1	0	0
1	1	UID1467460	1	1	0	0
1	1	UID1467463	1	1	0	0
1	1	UID1467466	1	1	0	0
1	1	UID1467470	1	1	0	0
1	1	UID1467471	1	1	0	0
1	1	UID1467474	1	1	0	0
1	1	UID1467495	1	1	0	0
1	1	UID1467496	1	1	0	0
1	1	UID1467500	1	1	0	0
1	1	UID1467503	1	1	0	0
1	1	UID1467504	1	1	0	0
1	1	UID1467506	1	1	0	0
1	1	UID1467507	1	1	0	0
1	1	UID1467509	1	1	0	0
1	1	UID1467511	1	1	0	0
1	1	UID1467514	1	1	0	0
1	1	UID1467516	1	1	0	0
1	1	UID1467519	1	1	0	0
1	1	UID1467523	1	1	0	0
1	1	UID1467524	1	1	0	0
1	1	UID1467525	1	1	0	0
1	1	UID1467526	1	1	0	0
1	1	UID1467528	1	1	0	0
1	1	UID1467536	1	1	0	0
1	1	UID1467537	1	1	0	0
1	1	UID1467538	1	1	0	0
1	1	UID1467547	1	1	0	0
1	1	UID1467552	1	1	0	0
1	1	UID1467560	1	1	0	0
1	1	UID1467561	1	1	0	0
1	1	UID1467564	1	1	0	0
1	1	UID1467566	1	1	0	0
1	1	UID1467569	1	1	0	0
1	1	UID1467570	1	1	0	0
1	1	UID1467571	1	1	0	0
1	1	UID1467573	1	1	0	0
1	1	UID1467580	1	1	0	0
1	1	UID1467585	1	1	0	0
1	1	UID1467587	1	1	0	0
1	1	UID1467590	1	1	0	0
1	1	UID1467592	1	1	0	0
1	1	UID1467595	1	1	0	0
1	1	UID1467597	1	1	0	0
1	1	UID1467600	1	1	0	0
1	1	UID1467602	1	1	0	0
1	1	UID1467603	1	1	0	0
1	1	UID1467604	1	1	0	0
1	1	UID1467608	1	1	0	0
1	1	UID1467609	1	1	0	0
1	1	UID1467613	1	1	0	0
1	1	UID1467614	1	1	0	0
1	1	UID1467615	1	1	0	0
1	1	UID1467617	1	1	0	0
1	1	UID1467619	1	1	0	0
1	1	UID1467623	1	1	0	0
1	1	UID1467626	1	1	0	0
1	1	UID1467628	1	1	0	0
1	1	UID1467634	1	1	0	0
1	1	UID1467639	1	1	0	0
1	1	UID1467641	1	1	0	0
1	1	UID1467652	1	1	0	0
1	1	UID1467653	1	1	0	0
1	1	UID1467655	1	1	0	0
1	1	UID1467658	1	1	0	0
1	1	UID1467665	1	1	0	0
1	1	UID1467668	1	1	0	0
1	1	UID1467671	1	1	0	0
1	1	UID1467672	1	1	0	0
1	1	UID1467673	1	1	0	0
1	1	UID1467674	1	1	0	0
1	1	UID1467675	1	1	0	0
1	1	UID1467678	1	1	0	0
1	1	UID1467679	1	1	0	0
1	1	UID1467680	1	1	0	0
1	1	UID1467684	1	1	0	0
1	1	UID1467687	1	1	0	0
1	1	UID1467692	1	1	0	0
1	1	UID1467694	1	1	0	0
1	1	UID1467704	1	1	0	0
1	1	UID1467705	1	1	0	0
1	1	UID1467706	1	1	0	0
1	1	UID1467714	1	1	0	0
1	1	UID1467716	1	1	0	0
1	1	UID1467719	1	1	0	0
1	1	UID1467720	1	1	0	0
1	1	UID1467723	1	1	0	0
1	1	UID1467726	1	1	0	0
1	1	UID1467728	1	1	0	0
1	1	UID1467733	1	1	0	0
1	1	UID1467735	1	1	0	0
1	1	UID1467736	1	1	0	0
1	1	UID1467739	1	1	0	0
1	1	UID1467740	1	1	0	0
1	1	UID1467741	1	1	0	0
1	1	UID1467742	1	1	0	0
1	1	UID1467748	1	1	0	0
1	1	UID1467752	1	1	0	0
1	1	UID1467759	1	1	0	0
1	1	UID1467763	1	1	0	0
1	1	UID1467765	1	1	0	0
1	1	UID1467773	1	1	0	0
1	1	UID1467776	1	1	0	0
1	1	UID1467786	1	1	0	0
1	1	UID1467788	1	1	0	0
1	1	UID1467789	1	1	0	0
1	1	UID1467790	1	1	0	0
1	1	UID1467800	1	1	0	0
1	1	UID1467805	1	1	0	0
1	1	UID1467806	1	1	0	0
1	1	UID1467807	1	1	0	0
1	1	UID1467810	1	1	0	0
1	1	UID1467828	1	1	0	0
1	1	UID1467840	1	1	0	0
2	2	UID1467849	1	2	1	1
1	1	UID1467850	1	1	0	0
1	1	UID1467854	1	1	0	0
1	1	UID1467855	1	1	0	0
1	1	UID1467856	1	1	0	0
1	1	UID1467857	1	1	0	0
1	1	UID1467864	1	1	0	0
1	1	UID1467865	1	1	0	0
1	1	UID1467867	1	1	0	0
1	1	UID1467868	1	1	0	0
1	1	UID1467870	1	1	0	0
1	1	UID1467883	1	1	0	0
1	1	UID1467884	1	1	0	0
1	1	UID1467885	1	1	0	0
1	1	UID1467886	1	1	0	0
1	1	UID1467888	1	1	0	0
1	1	UID1467890	1	1	0	0
1	1	UID1467892	1	1	0	0
1	1	UID1467904	1	1	0	0
1	1	UID1467905	1	1	0	0
1	1	UID1467906	1	1	0	0
1	1	UID1467909	1	1	0	0
1	1	UID1467911	1	1	0	0
1	1	UID1467912	1	1	0	0
1	1	UID1467918	1	1	0	0
1	1	UID1467919	1	1	0	0
1	1	UID1467921	1	1	0	0
1	1	UID1467926	1	1	0	0
1	1	UID1467928	1	1	0	0
1	1	UID1467929	1	1	0	0
1	1	UID1467930	1	1	0	0
1	1	UID1467931	1	1	0	0
1	1	UID1467932	1	1	0	0
1	1	UID1467936	1	1	0	0
1	1	UID1467937	1	1	0	0
1	1	UID1467938	1	1	0	0
1	1	UID1467939	1	1	0	0
1	1	UID1467946	1	1	0	0
1	1	UID1467947	1	1	0	0
1	1	UID1467948	1	1	0	0
1	1	UID1467949	1	1	0	0
1	1	UID1467951	1	1	0	0
1	1	UID1467957	1	1	0	0
1	1	UID1467958	1	1	0	0
1	1	UID1467959	1	1	0	0
1	1	UID1467961	1	1	0	0
1	1	UID1467962	1	1	0	0
1	1	UID1467963	1	1	0	0
1	1	UID1467964	1	1	0	0
1	1	UID1467972	1	1	0	0
1	1	UID1467976	1	1	0	0
1	1	UID1467978	1	1	0	0
1	1	UID1467979	1	1	0	0
1	1	UID1467981	1	1	0	0
1	1	UID1467985	1	1	0	0
1	1	UID1467987	1	1	0	0
1	1	UID1467997	1	1	0	0
1	1	UID1467998	1	1	0	0
1	1	UID1468015	1	1	0	0
1	1	UID1468031	1	1	0	0
1	1	UID1468059	1	1	0	0
1	1	UID1468081	1	1	0	0
1	1	UID1468083	1	1	0	0
1	1	UID1468084	1	1	0	0
1	1	UID1468100	1	1	0	0
1	1	UID1468169	1	1	0	0
1	1	UID1468191	1	1	0	0
1	1	UID1468211	1	1	0	0
1	1	UID1468213	1	1	0	0
1	1	UID1468223	1	1	0	0
1	1	UID1468234	1	1	0	0
1	1	UID1468280	1	1	0	0
1	1	UID1468334	1	1	0	0
1	1	UID1468336	1	1	0	0
1	1	UID1468348	1	1	0	0
1	1	UID1468412	1	1	0	0
1	1	UID1468421	1	1	0	0
1	1	UID1468427	1	1	0	0
1	1	UID1468431	1	1	0	0
1	1	UID1468438	1	1	0	0
1	1	UID1468446	1	1	0	0
1	1	UID1468448	1	1	0	0
1	1	UID1468458	1	1	0	0
1	1	UID1468460	1	1	0	0
1	1	UID1468461	1	1	0	0
1	1	UID1468462	1	1	0	0
1	1	UID1468466	1	1	0	0
1	1	UID1468472	1	1	0	0
1	1	UID1468483	1	1	0	0
1	1	UID1468485	1	1	0	0
1	1	UID1468486	1	1	0	0
1	1	UID1468489	1	1	0	0
1	1	UID1468490	1	1	0	0
1	1	UID1468491	1	1	0	0
1	1	UID1468494	1	1	0	0
1	1	UID1468499	1	1	0	0
1	1	UID1468518	1	1	0	0
1	1	UID1468519	1	1	0	0
1	1	UID1468525	1	1	0	0
1	1	UID1468529	1	1	0	0
1	1	UID1468544	1	1	0	0
1	1	UID1468546	1	1	0	0
1	1	UID1468552	1	1	0	0
1	1	UID1468554	1	1	0	0
1	1	UID1468561	1	1	0	0
1	1	UID1468565	1	1	0	0
1	1	UID1468566	1	1	0	0
1	1	UID1468567	1	1	0	0
1	1	UID1468569	1	1	0	0
1	1	UID1468572	1	1	0	0
1	1	UID1468573	1	1	0	0
1	1	UID1468578	1	1	0	0
1	1	UID1468579	1	1	0	0
1	1	UID1468583	1	1	0	0
1	1	UID1468584	1	1	0	0
1	1	UID1468586	1	1	0	0
1	1	UID1468588	1	1	0	0
1	1	UID1468589	1	1	0	0
1	1	UID1468590	1	1	0	0
1	1	UID1468591	1	1	0	0
1	1	UID1468592	1	1	0	0
1	1	UID1468593	1	1	0	0
1	1	UID1468594	1	1	0	0
1	1	UID1468595	1	1	0	0
1	1	UID1468596	1	1	0	0
1	1	UID1468597	1	1	0	0
1	1	UID1468603	1	1	0	0
1	1	UID1468604	1	1	0	0
1	1	UID1468605	1	1	0	0
1	1	UID1468606	1	1	0	0
1	1	UID1468609	1	1	0	0
1	1	UID1468610	1	1	0	0
1	1	UID1468611	1	1	0	0
1	1	UID1468612	1	1	0	0
1	1	UID1468613	1	1	0	0
1	1	UID1468618	1	1	0	0
1	1	UID1468620	1	1	0	0
1	1	UID1468623	1	1	0	0
1	1	UID1468632	1	1	0	0
1	1	UID1468633	1	1	0	0
1	1	UID1468634	1	1	0	0
1	1	UID1468636	1	1	0	0
1	1	UID1468638	1	1	0	0
1	1	UID1468639	1	1	0	0
1	1	UID1468640	1	1	0	0
1	1	UID1468641	1	1	0	0
1	1	UID1468643	1	1	0	0
1	1	UID1468667	1	1	0	0
1	1	UID1468672	1	1	0	0
1	1	UID1468678	1	1	0	0
1	1	UID1468679	1	1	0	0
1	1	UID1468691	1	1	0	0
1	1	UID1468695	1	1	0	0
1	1	UID1468696	1	1	0	0
1	1	UID1468702	1	1	0	0
1	1	UID1468746	1	1	0	0
1	1	UID1468747	1	1	0	0
1	1	UID1468748	1	1	0	0
1	1	UID1468749	1	1	0	0
1	1	UID1468750	1	1	0	0
1	1	UID1468751	1	1	0	0
1	1	UID1468754	1	1	0	0
1	1	UID1468764	1	1	0	0
1	1	UID1468765	1	1	0	0
1	1	UID1468766	1	1	0	0
1	1	UID1468780	1	1	0	0
1	1	UID1468781	1	1	0	0
1	1	UID1468782	1	1	0	0
1	1	UID1468796	1	1	0	0
1	1	UID1468798	1	1	0	0
1	1	UID1468802	1	1	0	0
1	1	UID1468803	1	1	0	0
1	1	UID1468807	1	1	0	0
1	1	UID1468814	1	1	0	0
1	1	UID1468815	1	1	0	0
1	1	UID1468816	1	1	0	0
1	1	UID1468818	1	1	0	0
1	1	UID1468821	1	1	0	0
1	1	UID1468826	1	1	0	0
1	1	UID1468835	1	1	0	0
1	1	UID1468836	1	1	0	0
1	1	UID1468837	1	1	0	0
1	1	UID1468839	1	1	0	0
1	1	UID1468840	1	1	0	0
1	1	UID1468844	1	1	0	0
1	1	UID1468846	1	1	0	0
1	1	UID1468851	1	1	0	0
1	1	UID1468866	1	1	0	0
1	1	UID1468867	1	1	0	0
1	1	UID1468870	1	1	0	0
1	1	UID1468873	1	1	0	0
1	1	UID1468874	1	1	0	0
1	1	UID1468875	1	1	0	0
1	1	UID1468876	1	1	0	0
1	1	UID1468877	1	1	0	0
1	1	UID1468885	1	1	0	0
1	1	UID1468886	1	1	0	0
1	1	UID1468887	1	1	0	0
1	1	UID1468888	1	1	0	0
1	1	UID1468893	1	1	0	0
1	1	UID1468894	1	1	0	0
1	1	UID1468895	1	1	0	0
1	1	UID1468901	1	1	0	0
1	1	UID1468902	1	1	0	0
1	1	UID1468909	1	1	0	0
1	1	UID1468910	1	1	0	0
1	1	UID1468911	1	1	0	0
1	1	UID1468912	1	1	0	0
1	1	UID1468913	1	1	0	0
1	1	UID1468922	1	1	0	0
1	1	UID1468924	1	1	0	0
1	1	UID1468927	1	1	0	0
1	1	UID1468950	1	1	0	0
3	3	UID1468958	1	3	2	2
1	1	UID1468968	1	1	0	0
1	1	UID1468969	1	1	0	0
1	1	UID1468970	1	1	0	0
1	1	UID1468971	1	1	0	0
1	1	UID1468973	1	1	0	0
1	1	UID1468976	1	1	0	0
1	1	UID1468978	1	1	0	0
1	1	UID1468979	1	1	0	0
1	1	UID1468980	1	1	0	0
1	1	UID1468981	1	1	0	0
1	1	UID1468983	1	1	0	0
1	1	UID1468994	1	1	0	0
1	1	UID1468996	1	1	0	0
1	1	UID1469003	1	1	0	0
1	1	UID1469009	1	1	0	0
1	1	UID1469018	1	1	0	0
1	1	UID1469031	1	1	0	0
1	1	UID1469033	1	1	0	0
1	1	UID1469038	1	1	0	0
1	1	UID1469041	1	1	0	0
1	1	UID1469042	1	1	0	0
1	1	UID1469057	1	1	0	0
1	1	UID1469063	1	1	0	0
1	1	UID1469064	1	1	0	0
1	1	UID1469074	1	1	0	0
1	1	UID1469076	1	1	0	0
1	1	UID1469077	1	1	0	0
1	1	UID1469081	1	1	0	0
1	1	UID1469083	1	1	0	0
1	1	UID1469086	1	1	0	0
1	1	UID1469087	1	1	0	0
1	1	UID1469093	1	1	0	0
1	1	UID1469097	1	1	0	0
1	1	UID1469099	1	1	0	0
1	1	UID1469102	1	1	0	0
1	1	UID1469111	1	1	0	0
1	1	UID1469113	1	1	0	0
1	1	UID1469114	1	1	0	0
1	1	UID1469117	1	1	0	0
1	1	UID1469118	1	1	0	0
1	1	UID1469119	1	1	0	0
1	1	UID1469123	1	1	0	0
1	1	UID1469132	1	1	0	0
1	1	UID1469135	1	1	0	0
1	1	UID1469136	1	1	0	0
1	1	UID1469137	1	1	0	0
1	1	UID1469138	1	1	0	0
4	4	UID1469139	1	4	2	2
1	1	UID1469142	1	1	0	0
1	1	UID1469159	1	1	0	0
1	1	UID1469164	1	1	0	0
1	1	UID1469180	1	1	0	0
1	1	UID1469183	1	1	0	0
1	1	UID1469184	1	1	0	0
1	1	UID1469185	1	1	0	0
1	1	UID1469187	1	1	0	0
1	1	UID1469188	1	1	0	0
1	1	UID1469189	1	1	0	0
1	1	UID1469190	1	1	0	0
1	1	UID1469191	1	1	0	0
1	1	UID1469198	1	1	0	0
1	1	UID1469200	1	1	0	0
1	1	UID1469203	1	1	0	0
1	1	UID1469214	1	1	0	0
1	1	UID1469222	1	1	0	0
1	1	UID1469227	1	1	0	0
1	1	UID1469233	1	1	0	0
1	1	UID1469238	1	1	0	0
1	1	UID1469245	1	1	0	0
1	1	UID1469246	1	1	0	0
1	1	UID1469251	1	1	0	0
1	1	UID1469253	1	1	0	0
1	1	UID1469270	1	1	0	0
1	1	UID1469274	1	1	0	0
1	1	UID1469275	1	1	0	0
1	1	UID1469276	1	1	0	0
1	1	UID1469277	1	1	0	0
1	1	UID1469278	1	1	0	0
1	1	UID1469279	1	1	0	0
1	1	UID1469282	1	1	0	0
1	1	UID1469284	1	1	0	0
1	1	UID1469287	1	1	0	0
1	1	UID1469295	1	1	0	0
1	1	UID1469297	1	1	0	0
1	1	UID1469300	1	1	0	0
1	1	UID1469311	1	1	0	0
1	1	UID1469314	1	1	0	0
1	1	UID1469321	1	1	0	0
1	1	UID1469322	1	1	0	0
1	1	UID1469337	1	1	0	0
1	1	UID1469338	1	1	0	0
1	1	UID1469353	1	1	0	0
1	1	UID1469354	1	1	0	0
1	1	UID1469355	1	1	0	0
1	1	UID1469357	1	1	0	0
1	1	UID1469358	1	1	0	0
1	1	UID1469359	1	1	0	0
1	1	UID1469361	1	1	0	0
1	1	UID1469362	1	1	0	0
1	1	UID1469363	1	1	0	0
1	1	UID1469364	1	1	0	0
1	1	UID1469365	1	1	0	0
1	1	UID1469368	1	1	0	0
1	1	UID1469371	1	1	0	0
1	1	UID1469374	1	1	0	0
1	1	UID1469375	1	1	0	0
1	1	UID1469376	1	1	0	0
1	1	UID1469377	1	1	0	0
1	1	UID1469378	1	1	0	0
1	1	UID1469379	1	1	0	0
1	1	UID1469380	1	1	0	0
1	1	UID1469381	1	1	0	0
1	1	UID1469382	1	1	0	0
1	1	UID1469383	1	1	0	0
4	4	UID1469385	1	4	2	2
1	1	UID1469388	1	1	0	0
1	1	UID1469420	1	1	0	0
1	1	UID1469421	1	1	0	0
1	1	UID1469423	1	1	0	0
1	1	UID1469430	1	1	0	0
1	1	UID1469433	1	1	0	0
1	1	UID1469434	1	1	0	0
1	1	UID1469441	1	1	0	0
1	1	UID1469443	1	1	0	0
1	1	UID1469449	1	1	0	0
1	1	UID1469450	1	1	0	0
1	1	UID1469456	1	1	0	0
1	1	UID1469459	1	1	0	0
1	1	UID1469468	1	1	0	0
1	1	UID1469481	1	1	0	0
1	1	UID1469493	1	1	0	0
1	1	UID1469501	1	1	0	0
1	1	UID1469507	1	1	0	0
1	1	UID1469508	1	1	0	0
1	1	UID1469509	1	1	0	0
1	1	UID1469511	1	1	0	0
1	1	UID1469513	1	1	0	0
1	1	UID1469514	1	1	0	0
1	1	UID1469515	1	1	0	0
1	1	UID1469516	1	1	0	0
1	1	UID1469517	1	1	0	0
1	1	UID1469518	1	1	0	0
1	1	UID1469519	1	1	0	0
1	1	UID1469521	1	1	0	0
1	1	UID1469525	1	1	0	0
1	1	UID1469526	1	1	0	0
1	1	UID1469537	1	1	0	0
1	1	UID1469538	1	1	0	0
1	1	UID1469540	1	1	0	0
1	1	UID1469541	1	1	0	0
1	1	UID1469542	1	1	0	0
1	1	UID1469543	1	1	0	0
1	1	UID1469544	1	1	0	0
1	1	UID1469545	1	1	0	0
1	1	UID1469546	1	1	0	0
1	1	UID1469547	1	1	0	0
1	1	UID1469565	1	1	0	0
1	1	UID1469570	1	1	0	0
1	1	UID1469571	1	1	0	0
1	1	UID1469572	1	1	0	0
1	1	UID1469574	1	1	0	0
1	1	UID1469577	1	1	0	0
1	1	UID1469590	1	1	0	0
1	1	UID1469591	1	1	0	0
1	1	UID1469593	1	1	0	0
1	1	UID1469594	1	1	0	0
1	1	UID1469597	1	1	0	0
1	1	UID1469602	1	1	0	0
1	1	UID1469603	1	1	0	0
1	1	UID1469604	1	1	0	0
1	1	UID1469617	1	1	0	0
1	1	UID1469623	1	1	0	0
1	1	UID1469627	1	1	0	0
1	1	UID1469630	1	1	0	0
1	1	UID1469633	1	1	0	0
1	1	UID1469634	1	1	0	0
1	1	UID1469636	1	1	0	0
1	1	UID1469648	1	1	0	0
1	1	UID1469651	1	1	0	0
1	1	UID1469652	1	1	0	0
1	1	UID1469656	1	1	0	0
1	1	UID1469658	1	1	0	0
1	1	UID1469680	1	1	0	0
1	1	UID1469683	1	1	0	0
1	1	UID1469685	1	1	0	0
1	1	UID1469691	1	1	0	0
1	1	UID1469698	1	1	0	0
1	1	UID1469703	1	1	0	0
1	1	UID1469721	1	1	0	0
1	1	UID1469722	1	1	0	0
1	1	UID1469723	1	1	0	0
1	1	UID1469724	1	1	0	0
1	1	UID1469728	1	1	0	0
1	1	UID1469730	1	1	0	0
1	1	UID1469742	1	1	0	0
1	1	UID1469743	1	1	0	0
1	1	UID1469745	1	1	0	0
1	1	UID1469748	1	1	0	0
1	1	UID1469749	1	1	0	0
1	1	UID1469750	1	1	0	0
1	1	UID1469751	1	1	0	0
1	1	UID1469754	1	1	0	0
1	1	UID1469755	1	1	0	0
1	1	UID1469757	1	1	0	0
1	1	UID1469758	1	1	0	0
1	1	UID1469760	1	1	0	0
1	1	UID1469761	1	1	0	0
1	1	UID1469762	1	1	0	0
1	1	UID1469765	1	1	0	0
1	1	UID1469766	1	1	0	0
1	1	UID1469767	1	1	0	0
1	1	UID1469769	1	1	0	0
1	1	UID1469770	1	1	0	0
1	1	UID1469772	1	1	0	0
1	1	UID1469776	1	1	0	0
1	1	UID1469778	1	1	0	0
1	1	UID1469779	1	1	0	0
1	1	UID1469781	1	1	0	0
1	1	UID1469782	1	1	0	0
1	1	UID1469791	1	1	0	0
1	1	UID1469797	1	1	0	0
1	1	UID1469803	1	1	0	0
1	1	UID1469804	1	1	0	0
1	1	UID1469806	1	1	0	0
1	1	UID1469807	1	1	0	0
1	1	UID1469808	1	1	0	0
1	1	UID1469809	1	1	0	0
1	1	UID1469823	1	1	0	0
1	1	UID1469827	1	1	0	0
1	1	UID1469837	1	1	0	0
1	1	UID1469842	1	1	0	0
1	1	UID1469843	1	1	0	0
1	1	UID1469844	1	1	0	0
1	1	UID1469846	1	1	0	0
1	1	UID1469847	1	1	0	0
1	1	UID1469850	1	1	0	0
1	1	UID1469857	1	1	0	0
1	1	UID1469858	1	1	0	0
1	1	UID1469859	1	1	0	0
1	1	UID1469863	1	1	0	0
1	1	UID1469864	1	1	0	0
1	1	UID1469875	1	1	0	0
1	1	UID1469876	1	1	0	0
1	1	UID1469877	1	1	0	0
1	1	UID1469878	1	1	0	0
1	1	UID1469879	1	1	0	0
1	1	UID1469880	1	1	0	0
1	1	UID1469881	1	1	0	0
1	1	UID1469882	1	1	0	0
1	1	UID1469887	1	1	0	0
1	1	UID1469889	1	1	0	0
1	1	UID1469894	1	1	0	0
1	1	UID1469896	1	1	0	0
1	1	UID1469904	1	1	0	0
1	1	UID1469918	1	1	0	0
1	1	UID1469919	1	1	0	0
1	1	UID1469920	1	1	0	0
1	1	UID1469923	1	1	0	0
1	1	UID1469924	1	1	0	0
1	1	UID1469925	1	1	0	0
1	1	UID1469927	1	1	0	0
1	1	UID1469929	1	1	0	0
1	1	UID1469930	1	1	0	0
1	1	UID1469933	1	1	0	0
1	1	UID1469936	1	1	0	0
1	1	UID1469937	1	1	0	0
2	2	UID1469938	1	2	1	1
1	1	UID1469939	1	1	0	0
1	1	UID1469944	1	1	0	0
1	1	UID1469954	1	1	0	0
1	1	UID1469956	1	1	0	0
1	1	UID1469957	1	1	0	0
1	1	UID1469963	1	1	0	0
1	1	UID1469964	1	1	0	0
1	1	UID1469965	1	1	0	0
1	1	UID1469968	1	1	0	0
1	1	UID1469975	1	1	0	0
1	1	UID1469976	1	1	0	0
1	1	UID1469977	1	1	0	0
1	1	UID1469980	1	1	0	0
1	1	UID1469982	1	1	0	0
1	1	UID1469983	1	1	0	0
1	1	UID1469984	1	1	0	0
1	1	UID1469994	1	1	0	0
1	1	UID1469997	1	1	0	0
1	1	UID1469998	1	1	0	0
1	1	UID1470003	1	1	0	0
1	1	UID1470007	1	1	0	0
1	1	UID1470009	1	1	0	0
1	1	UID1470016	1	1	0	0
1	1	UID1470021	1	1	0	0
1	1	UID1470024	1	1	0	0
1	1	UID1470025	1	1	0	0
1	1	UID1470029	1	1	0	0
1	1	UID1470031	1	1	0	0
1	1	UID1470035	1	1	0	0
1	1	UID1470036	1	1	0	0
1	1	UID1470041	1	1	0	0
1	1	UID1470052	1	1	0	0
1	1	UID1470053	1	1	0	0
1	1	UID1470059	1	1	0	0
1	1	UID1470062	1	1	0	0
1	1	UID1470063	1	1	0	0
1	1	UID1470064	1	1	0	0
1	1	UID1470065	1	1	0	0
1	1	UID1470066	1	1	0	0
1	1	UID1470069	1	1	0	0
1	1	UID1470070	1	1	0	0
1	1	UID1470081	1	1	0	0
1	1	UID1470083	1	1	0	0
1	1	UID1470087	1	1	0	0
1	1	UID1470088	1	1	0	0
1	1	UID1470090	1	1	0	0
1	1	UID1470091	1	1	0	0
1	1	UID1470095	1	1	0	0
1	1	UID1470100	1	1	0	0
1	1	UID1470101	1	1	0	0
1	1	UID1470102	1	1	0	0
1	1	UID1470107	1	1	0	0
1	1	UID1470113	1	1	0	0
1	1	UID1470117	1	1	0	0
1	1	UID1470119	1	1	0	0
1	1	UID1470149	1	1	0	0
1	1	UID1470161	1	1	0	0
4	4	UID1470162	1	4	1	1
1	1	UID1470164	1	1	0	0
1	1	UID1470169	1	1	0	0
1	1	UID1470172	1	1	0	0
1	1	UID1470175	1	1	0	0
1	1	UID1470181	1	1	0	0
1	1	UID1470188	1	1	0	0
1	1	UID1470192	1	1	0	0
1	1	UID1470209	1	1	0	0
1	1	UID1470211	1	1	0	0
1	1	UID1470224	1	1	0	0
2	2	UID1470239	1	2	1	1
1	1	UID1470241	1	1	0	0
1	1	UID1470246	1	1	0	0
1	1	UID1470247	1	1	0	0
1	1	UID1470248	1	1	0	0
1	1	UID1470249	1	1	0	0
1	1	UID1470258	1	1	0	0
1	1	UID1470268	1	1	0	0
1	1	UID1470270	1	1	0	0
1	1	UID1470276	1	1	0	0
1	1	UID1470278	1	1	0	0
3	3	UID1470280	1	3	2	2
1	1	UID1470286	1	1	0	0
1	1	UID1470292	1	1	0	0
1	1	UID1470293	1	1	0	0
1	1	UID1470302	1	1	0	0
1	1	UID1470304	1	1	0	0
1	1	UID1470314	1	1	0	0
5	5	UID1470323	1	5	1	1
1	1	UID1470329	1	1	0	0
1	1	UID1470330	1	1	0	0
1	1	UID1470332	1	1	0	0
1	1	UID1470334	1	1	0	0
1	1	UID1470336	1	1	0	0
1	1	UID1470339	1	1	0	0
1	1	UID1470341	1	1	0	0
1	1	UID1470342	1	1	0	0
1	1	UID1470343	1	1	0	0
1	1	UID1470347	1	1	0	0
1	1	UID1470351	1	1	0	0
1	1	UID1470352	1	1	0	0
1	1	UID1470355	1	1	0	0
1	1	UID1470362	1	1	0	0
1	1	UID1470363	1	1	0	0
1	1	UID1470364	1	1	0	0
4	4	UID1470365	1	4	2	2
1	1	UID1470367	1	1	0	0
1	1	UID1470368	1	1	0	0
1	1	UID1470369	1	1	0	0
1	1	UID1470370	1	1	0	0
1	1	UID1470372	1	1	0	0
1	1	UID1470376	1	1	0	0
1	1	UID1470387	1	1	0	0
1	1	UID1470389	1	1	0	0
1	1	UID1470393	1	1	0	0
1	1	UID1470394	1	1	0	0
1	1	UID1470404	1	1	0	0
1	1	UID1470406	1	1	0	0
1	1	UID1470407	1	1	0	0
1	1	UID1470413	1	1	0	0
1	1	UID1470417	1	1	0	0
1	1	UID1470424	1	1	0	0
1	1	UID1470434	1	1	0	0
1	1	UID1470435	1	1	0	0
1	1	UID1470440	1	1	0	0
1	1	UID1470441	1	1	0	0
1	1	UID1470442	1	1	0	0
1	1	UID1470445	1	1	0	0
1	1	UID1470448	1	1	0	0
1	1	UID1470449	1	1	0	0
1	1	UID1470454	1	1	0	0
1	1	UID1470457	1	1	0	0
1	1	UID1470458	1	1	0	0
1	1	UID1470460	1	1	0	0
1	1	UID1470468	1	1	0	0
1	1	UID1470469	1	1	0	0
1	1	UID1470470	1	1	0	0
1	1	UID1470471	1	1	0	0
1	1	UID1470472	1	1	0	0
1	1	UID1470473	1	1	0	0
1	1	UID1470474	1	1	0	0
1	1	UID1470476	1	1	0	0
1	1	UID1470477	1	1	0	0
1	1	UID1470481	1	1	0	0
1	1	UID1470485	1	1	0	0
1	1	UID1470489	1	1	0	0
1	1	UID1470496	1	1	0	0
1	1	UID1470497	1	1	0	0
1	1	UID1470499	1	1	0	0
1	1	UID1470501	1	1	0	0
1	1	UID1470502	1	1	0	0
1	1	UID1470504	1	1	0	0
1	1	UID1470506	1	1	0	0
1	1	UID1470510	1	1	0	0
1	1	UID1470524	1	1	0	0
1	1	UID1470525	1	1	0	0
1	1	UID1470532	1	1	0	0
1	1	UID1470533	1	1	0	0
5	5	UID1470535	1	5	2	2
1	1	UID1470540	1	1	0	0
1	1	UID1470541	1	1	0	0
1	1	UID1470542	1	1	0	0
1	1	UID1470545	1	1	0	0
1	1	UID1470547	1	1	0	0
1	1	UID1470549	1	1	0	0
1	1	UID1470553	1	1	0	0
1	1	UID1470563	1	1	0	0
1	1	UID1470565	1	1	0	0
1	1	UID1470571	1	1	0	0
1	1	UID1470576	1	1	0	0
1	1	UID1470577	1	1	0	0
1	1	UID1470582	1	1	0	0
1	1	UID1470585	1	1	0	0
1	1	UID1470589	1	1	0	0
1	1	UID1470593	1	1	0	0
1	1	UID1470596	1	1	0	0
1	1	UID1470597	1	1	0	0
1	1	UID1470598	1	1	0	0
1	1	UID1470599	1	1	0	0
1	1	UID1470600	1	1	0	0
1	1	UID1470602	1	1	0	0
1	1	UID1470618	1	1	0	0
1	1	UID1470625	1	1	0	0
1	1	UID1470627	1	1	0	0
1	1	UID1470628	1	1	0	0
1	1	UID1470631	1	1	0	0
1	1	UID1470642	1	1	0	0
1	1	UID1470647	1	1	0	0
2	2	UID1470654	1	2	1	1
1	1	UID1470660	1	1	0	0
1	1	UID1470671	1	1	0	0
1	1	UID1470679	1	1	0	0
1	1	UID1470692	1	1	0	0
1	1	UID1470696	1	1	0	0
1	1	UID1470701	1	1	0	0
1	1	UID1470706	1	1	0	0
1	1	UID1470711	1	1	0	0
1	1	UID1470712	1	1	0	0
1	1	UID1470715	1	1	0	0
1	1	UID1470724	1	1	0	0
1	1	UID1470732	1	1	0	0
1	1	UID1470765	1	1	0	0
1	1	UID1470768	1	1	0	0
1	1	UID1470770	1	1	0	0
1	1	UID1470779	1	1	0	0
1	1	UID1470782	1	1	0	0
1	1	UID1470786	1	1	0	0
1	1	UID1470787	1	1	0	0
1	1	UID1470788	1	1	0	0
1	1	UID1470814	1	1	0	0
1	1	UID1470815	1	1	0	0
1	1	UID1470875	1	1	0	0
1	1	UID1470878	1	1	0	0
1	1	UID1470893	1	1	0	0
1	1	UID1470894	1	1	0	0
1	1	UID1470896	1	1	0	0
1	1	UID1470897	1	1	0	0
1	1	UID1470909	1	1	0	0
1	1	UID1470910	1	1	0	0
1	1	UID1470911	1	1	0	0
1	1	UID1470913	1	1	0	0
1	1	UID1470915	1	1	0	0
1	1	UID1470916	1	1	0	0
1	1	UID1470917	1	1	0	0
1	1	UID1470918	1	1	0	0
1	1	UID1470920	1	1	0	0
1	1	UID1470921	1	1	0	0
1	1	UID1470933	1	1	0	0
1	1	UID1470934	1	1	0	0
1	1	UID1470935	1	1	0	0
1	1	UID1470937	1	1	0	0
1	1	UID1470941	1	1	0	0
1	1	UID1470942	1	1	0	0
1	1	UID1470946	1	1	0	0
1	1	UID1470949	1	1	0	0
1	1	UID1470960	1	1	0	0
1	1	UID1470962	1	1	0	0
1	1	UID1470966	1	1	0	0
1	1	UID1470980	1	1	0	0
1	1	UID1470984	1	1	0	0
1	1	UID1470986	1	1	0	0
1	1	UID1470991	1	1	0	0
1	1	UID1470992	1	1	0	0
1	1	UID1470995	1	1	0	0
1	1	UID1470996	1	1	0	0
1	1	UID1470999	1	1	0	0
1	1	UID1471003	1	1	0	0
1	1	UID1471004	1	1	0	0
1	1	UID1471006	1	1	0	0
1	1	UID1471010	1	1	0	0
1	1	UID1471015	1	1	0	0
2	2	UID1471020	1	2	1	1
1	1	UID1471024	1	1	0	0
1	1	UID1471026	1	1	0	0
1	1	UID1471029	1	1	0	0
1	1	UID1471030	1	1	0	0
1	1	UID1471035	1	1	0	0
1	1	UID1471036	1	1	0	0
1	1	UID1471039	1	1	0	0
1	1	UID1471041	1	1	0	0
1	1	UID1471050	1	1	0	0
1	1	UID1471051	1	1	0	0
1	1	UID1471055	1	1	0	0
1	1	UID1471080	1	1	0	0
1	1	UID1471083	1	1	0	0
1	1	UID1471084	1	1	0	0
1	1	UID1471085	1	1	0	0
1	1	UID1471089	1	1	0	0
1	1	UID1471090	1	1	0	0
1	1	UID1471093	1	1	0	0
1	1	UID1471101	1	1	0	0
1	1	UID1471106	1	1	0	0
1	1	UID1471107	1	1	0	0
1	1	UID1471109	1	1	0	0
1	1	UID1471110	1	1	0	0
1	1	UID1471111	1	1	0	0
1	1	UID1471112	1	1	0	0
1	1	UID1471115	1	1	0	0
1	1	UID1471117	1	1	0	0
1	1	UID1471121	1	1	0	0
1	1	UID1471126	1	1	0	0
1	1	UID1471129	1	1	0	0
1	1	UID1471136	1	1	0	0
1	1	UID1471142	1	1	0	0
1	1	UID1471143	1	1	0	0
1	1	UID1471146	1	1	0	0
1	1	UID1471147	1	1	0	0
1	1	UID1471150	1	1	0	0
1	1	UID1471152	1	1	0	0
1	1	UID1471159	1	1	0	0
1	1	UID1471160	1	1	0	0
1	1	UID1471161	1	1	0	0
1	1	UID1471163	1	1	0	0
1	1	UID1471168	1	1	0	0
1	1	UID1471169	1	1	0	0
1	1	UID1471170	1	1	0	0
1	1	UID1471174	1	1	0	0
3	3	UID1471183	1	3	2	2
1	1	UID1471185	1	1	0	0
1	1	UID1471186	1	1	0	0
1	1	UID1471220	1	1	0	0
1	1	UID1471223	1	1	0	0
1	1	UID1471228	1	1	0	0
1	1	UID1471231	1	1	0	0
1	1	UID1471237	1	1	0	0
1	1	UID1471239	1	1	0	0
1	1	UID1471264	1	1	0	0
1	1	UID1471265	1	1	0	0
2	2	UID1471268	1	2	1	1
1	1	UID1471274	1	1	0	0
1	1	UID1471278	1	1	0	0
1	1	UID1471280	1	1	0	0
1	1	UID1471290	1	1	0	0
1	1	UID1471291	1	1	0	0
1	1	UID1471292	1	1	0	0
1	1	UID1471305	1	1	0	0
1	1	UID1471307	1	1	0	0
1	1	UID1471309	1	1	0	0
1	1	UID1471310	1	1	0	0
1	1	UID1471316	1	1	0	0
1	1	UID1471320	1	1	0	0
1	1	UID1471326	1	1	0	0
1	1	UID1471327	1	1	0	0
1	1	UID1471328	1	1	0	0
1	1	UID1471360	1	1	0	0
1	1	UID1471370	1	1	0	0
1	1	UID1471371	1	1	0	0
1	1	UID1471372	1	1	0	0
1	1	UID1471374	1	1	0	0
1	1	UID1471378	1	1	0	0
1	1	UID1471379	1	1	0	0
1	1	UID1471381	1	1	0	0
1	1	UID1471395	1	1	0	0
1	1	UID1471408	1	1	0	0
1	1	UID1471410	1	1	0	0
1	1	UID1471413	1	1	0	0
1	1	UID1471414	1	1	0	0
1	1	UID1471421	1	1	0	0
1	1	UID1471422	1	1	0	0
1	1	UID1471433	1	1	0	0
1	1	UID1471436	1	1	0	0
1	1	UID1471438	1	1	0	0
1	1	UID1471440	1	1	0	0
1	1	UID1471441	1	1	0	0
1	1	UID1471455	1	1	0	0
1	1	UID1471457	1	1	0	0
6	6	UID1471458	1	6	2	2
1	1	UID1471460	1	1	0	0
1	1	UID1471477	1	1	0	0
1	1	UID1471481	1	1	0	0
1	1	UID1471483	1	1	0	0
1	1	UID1471485	1	1	0	0
1	1	UID1471488	1	1	0	0
1	1	UID1471489	1	1	0	0
1	1	UID1471501	1	1	0	0
1	1	UID1471513	1	1	0	0
1	1	UID1471517	1	1	0	0
1	1	UID1471518	1	1	0	0
1	1	UID1471520	1	1	0	0
1	1	UID1471523	1	1	0	0
1	1	UID1471524	1	1	0	0
1	1	UID1471525	1	1	0	0
1	1	UID1471527	1	1	0	0
1	1	UID1471528	1	1	0	0
1	1	UID1471531	1	1	0	0
1	1	UID1471535	1	1	0	0
1	1	UID1471537	1	1	0	0
1	1	UID1471538	1	1	0	0
1	1	UID1471539	1	1	0	0
1	1	UID1471555	1	1	0	0
1	1	UID1471556	1	1	0	0
1	1	UID1471558	1	1	0	0
1	1	UID1471564	1	1	0	0
1	1	UID1471565	1	1	0	0
1	1	UID1471567	1	1	0	0
1	1	UID1471569	1	1	0	0
1	1	UID1471576	1	1	0	0
1	1	UID1471583	1	1	0	0
1	1	UID1471584	1	1	0	0
1	1	UID1471587	1	1	0	0
1	1	UID1471590	1	1	0	0
1	1	UID1471600	1	1	0	0
1	1	UID1471604	1	1	0	0
1	1	UID1471605	1	1	0	0
1	1	UID1471606	1	1	0	0
1	1	UID1471607	1	1	0	0
1	1	UID1471610	1	1	0	0
1	1	UID1471611	1	1	0	0
1	1	UID1471612	1	1	0	0
1	1	UID1471613	1	1	0	0
1	1	UID1471620	1	1	0	0
1	1	UID1471622	1	1	0	0
1	1	UID1471624	1	1	0	0
1	1	UID1471625	1	1	0	0
1	1	UID1471628	1	1	0	0
1	1	UID1471633	1	1	0	0
1	1	UID1471636	1	1	0	0
1	1	UID1471638	1	1	0	0
1	1	UID1471640	1	1	0	0
1	1	UID1471646	1	1	0	0
1	1	UID1471649	1	1	0	0
1	1	UID1471652	1	1	0	0
1	1	UID1471653	1	1	0	0
1	1	UID1471655	1	1	0	0
1	1	UID1471656	1	1	0	0
1	1	UID1471658	1	1	0	0
1	1	UID1471659	1	1	0	0
1	1	UID1471663	1	1	0	0
1	1	UID1471676	1	1	0	0
1	1	UID1471677	1	1	0	0
1	1	UID1471679	1	1	0	0
1	1	UID1471682	1	1	0	0
1	1	UID1471683	1	1	0	0
1	1	UID1471690	1	1	0	0
1	1	UID1471698	1	1	0	0
1	1	UID1471704	1	1	0	0
2	2	UID1471707	1	2	1	1
1	1	UID1471709	1	1	0	0
1	1	UID1471713	1	1	0	0
1	1	UID1471719	1	1	0	0
1	1	UID1471720	1	1	0	0
1	1	UID1471722	1	1	0	0
1	1	UID1471723	1	1	0	0
1	1	UID1471725	1	1	0	0
1	1	UID1471727	1	1	0	0
1	1	UID1471728	1	1	0	0
1	1	UID1471729	1	1	0	0
1	1	UID1471731	1	1	0	0
1	1	UID1471732	1	1	0	0
1	1	UID1471733	1	1	0	0
1	1	UID1471739	1	1	0	0
1	1	UID1471747	1	1	0	0
2	2	UID1471750	1	2	1	1
1	1	UID1471753	1	1	0	0
1	1	UID1471755	1	1	0	0
1	1	UID1471756	1	1	0	0
1	1	UID1471762	1	1	0	0
1	1	UID1471764	1	1	0	0
1	1	UID1471766	1	1	0	0
1	1	UID1471767	1	1	0	0
1	1	UID1471768	1	1	0	0
1	1	UID1471773	1	1	0	0
1	1	UID1471774	1	1	0	0
1	1	UID1471775	1	1	0	0
1	1	UID1471776	1	1	0	0
1	1	UID1471780	1	1	0	0
1	1	UID1471782	1	1	0	0
1	1	UID1471783	1	1	0	0
1	1	UID1471786	1	1	0	0
1	1	UID1471787	1	1	0	0
1	1	UID1471794	1	1	0	0
1	1	UID1471797	1	1	0	0
1	1	UID1471799	1	1	0	0
1	1	UID1471805	1	1	0	0
1	1	UID1471808	1	1	0	0
1	1	UID1471810	1	1	0	0
1	1	UID1471816	1	1	0	0
1	1	UID1471825	1	1	0	0
1	1	UID1471852	1	1	0	0
1	1	UID1471853	1	1	0	0
1	1	UID1471857	1	1	0	0
1	1	UID1471861	1	1	0	0
1	1	UID1471867	1	1	0	0
1	1	UID1471870	1	1	0	0
1	1	UID1471871	1	1	0	0
1	1	UID1471872	1	1	0	0
1	1	UID1471877	1	1	0	0
1	1	UID1471882	1	1	0	0
1	1	UID1471885	1	1	0	0
1	1	UID1471886	1	1	0	0
1	1	UID1471887	1	1	0	0
1	1	UID1471890	1	1	0	0
1	1	UID1471891	1	1	0	0
1	1	UID1471908	1	1	0	0
1	1	UID1471917	1	1	0	0
1	1	UID1471919	1	1	0	0
1	1	UID1471920	1	1	0	0
1	1	UID1471922	1	1	0	0
1	1	UID1471923	1	1	0	0
1	1	UID1471925	1	1	0	0
1	1	UID1471928	1	1	0	0
1	1	UID1471929	1	1	0	0
1	1	UID1471930	1	1	0	0
1	1	UID1471934	1	1	0	0
1	1	UID1471935	1	1	0	0
1	1	UID1471937	1	1	0	0
1	1	UID1471951	1	1	0	0
1	1	UID1471954	1	1	0	0
1	1	UID1471958	1	1	0	0
1	1	UID1471960	1	1	0	0
1	1	UID1471962	1	1	0	0
1	1	UID1471963	1	1	0	0
1	1	UID1471964	1	1	0	0
1	1	UID1471971	1	1	0	0
1	1	UID1471972	1	1	0	0
1	1	UID1471982	1	1	0	0
1	1	UID1471985	1	1	0	0
1	1	UID1471988	1	1	0	0
1	1	UID1471990	1	1	0	0
1	1	UID1471994	1	1	0	0
1	1	UID1471995	1	1	0	0
1	1	UID1472004	1	1	0	0
1	1	UID1472009	1	1	0	0
1	1	UID1472011	1	1	0	0
1	1	UID1472012	1	1	0	0
1	1	UID1472014	1	1	0	0
2	2	UID1472020	1	2	1	1
1	1	UID1472030	1	1	0	0
1	1	UID1472031	1	1	0	0
1	1	UID1472032	1	1	0	0
1	1	UID1472034	1	1	0	0
1	1	UID1472035	1	1	0	0
1	1	UID1472036	1	1	0	0
1	1	UID1472039	1	1	0	0
2	2	UID1472045	1	2	1	1
1	1	UID1472050	1	1	0	0
1	1	UID1472053	1	1	0	0
1	1	UID1472072	1	1	0	0
1	1	UID1472074	1	1	0	0
1	1	UID1472075	1	1	0	0
1	1	UID1472077	1	1	0	0
1	1	UID1472078	1	1	0	0
1	1	UID1472079	1	1	0	0
1	1	UID1472080	1	1	0	0
1	1	UID1472083	1	1	0	0
1	1	UID1472087	1	1	0	0
1	1	UID1472088	1	1	0	0
1	1	UID1472099	1	1	0	0
1	1	UID1472105	1	1	0	0
1	1	UID1472106	1	1	0	0
1	1	UID1472107	1	1	0	0
1	1	UID1472116	1	1	0	0
1	1	UID1472139	1	1	0	0
1	1	UID1472141	1	1	0	0
1	1	UID1472142	1	1	0	0
1	1	UID1472143	1	1	0	0
1	1	UID1472144	1	1	0	0
1	1	UID1472146	1	1	0	0
1	1	UID1472147	1	1	0	0
1	1	UID1472148	1	1	0	0
1	1	UID1472149	1	1	0	0
1	1	UID1472155	1	1	0	0
1	1	UID1472156	1	1	0	0
1	1	UID1472157	1	1	0	0
1	1	UID1472161	1	1	0	0
1	1	UID1472163	1	1	0	0
1	1	UID1472165	1	1	0	0
1	1	UID1472180	1	1	0	0
1	1	UID1472191	1	1	0	0
1	1	UID1472200	1	1	0	0
1	1	UID1472201	1	1	0	0
1	1	UID1472206	1	1	0	0
1	1	UID1472207	1	1	0	0
1	1	UID1472213	1	1	0	0
1	1	UID1472214	1	1	0	0
1	1	UID1472221	1	1	0	0
1	1	UID1472222	1	1	0	0
1	1	UID1472224	1	1	0	0
1	1	UID1472227	1	1	0	0
1	1	UID1472229	1	1	0	0
1	1	UID1472232	1	1	0	0
1	1	UID1472239	1	1	0	0
1	1	UID1472245	1	1	0	0
1	1	UID1472247	1	1	0	0
1	1	UID1472252	1	1	0	0
1	1	UID1472270	1	1	0	0
1	1	UID1472276	1	1	0	0
1	1	UID1472281	1	1	0	0
1	1	UID1472284	1	1	0	0
1	1	UID1472288	1	1	0	0
1	1	UID1472291	1	1	0	0
1	1	UID1472293	1	1	0	0
1	1	UID1472294	1	1	0	0
1	1	UID1472305	1	1	0	0
1	1	UID1472306	1	1	0	0
1	1	UID1472309	1	1	0	0
1	1	UID1472330	1	1	0	0
1	1	UID1472332	1	1	0	0
1	1	UID1472336	1	1	0	0
1	1	UID1472337	1	1	0	0
1	1	UID1472343	1	1	0	0
1	1	UID1472345	1	1	0	0
1	1	UID1472347	1	1	0	0
1	1	UID1472350	1	1	0	0
1	1	UID1472351	1	1	0	0
1	1	UID1472360	1	1	0	0
1	1	UID1472371	1	1	0	0
1	1	UID1472375	1	1	0	0
1	1	UID1472377	1	1	0	0
1	1	UID1472387	1	1	0	0
1	1	UID1472398	1	1	0	0
2	2	UID1472402	1	2	1	1
1	1	UID1472456	1	1	0	0
1	1	UID1472459	1	1	0	0
1	1	UID1472468	1	1	0	0
1	1	UID1472470	1	1	0	0
1	1	UID1472477	1	1	0	0
1	1	UID1472478	1	1	0	0
1	1	UID1472486	1	1	0	0
1	1	UID1472490	1	1	0	0
1	1	UID1472491	1	1	0	0
1	1	UID1472494	1	1	0	0
1	1	UID1472495	1	1	0	0
1	1	UID1472509	1	1	0	0
1	1	UID1472519	1	1	0	0
1	1	UID1472525	1	1	0	0
1	1	UID1472548	1	1	0	0
1	1	UID1472582	1	1	0	0
1	1	UID1472626	1	1	0	0
1	1	UID1472629	1	1	0	0
1	1	UID1472641	1	1	0	0
1	1	UID1472650	1	1	0	0
1	1	UID1472652	1	1	0	0
1	1	UID1472653	1	1	0	0
1	1	UID1472656	1	1	0	0
1	1	UID1472665	1	1	0	0
1	1	UID1472668	1	1	0	0
1	1	UID1472670	1	1	0	0
1	1	UID1472672	1	1	0	0
1	1	UID1472674	1	1	0	0
1	1	UID1472690	1	1	0	0
1	1	UID1472695	1	1	0	0
1	1	UID1472700	1	1	0	0
1	1	UID1472702	1	1	0	0
1	1	UID1472706	1	1	0	0
1	1	UID1472710	1	1	0	0
1	1	UID1472719	1	1	0	0
1	1	UID1472726	1	1	0	0
1	1	UID1472730	1	1	0	0
2	2	UID1472737	1	2	1	1
1	1	UID1472739	1	1	0	0
1	1	UID1472740	1	1	0	0
1	1	UID1472745	1	1	0	0
1	1	UID1472746	1	1	0	0
1	1	UID1472747	1	1	0	0
1	1	UID1472749	1	1	0	0
1	1	UID1472751	1	1	0	0
1	1	UID1472755	1	1	0	0
1	1	UID1472763	1	1	0	0
1	1	UID1472764	1	1	0	0
1	1	UID1472767	1	1	0	0
1	1	UID1472773	1	1	0	0
1	1	UID1472775	1	1	0	0
1	1	UID1472782	1	1	0	0
1	1	UID1472783	1	1	0	0
1	1	UID1472784	1	1	0	0
1	1	UID1472800	1	1	0	0
1	1	UID1472805	1	1	0	0
1	1	UID1472807	1	1	0	0
1	1	UID1472808	1	1	0	0
1	1	UID1472809	1	1	0	0
1	1	UID1472812	1	1	0	0
1	1	UID1472819	1	1	0	0
1	1	UID1472822	1	1	0	0
1	1	UID1472827	1	1	0	0
1	1	UID1472831	1	1	0	0
1	1	UID1472841	1	1	0	0
1	1	UID1472844	1	1	0	0
1	1	UID1472852	1	1	0	0
1	1	UID1472860	1	1	0	0
1	1	UID1472877	1	1	0	0
1	1	UID1472927	1	1	0	0
1	1	UID1472938	1	1	0	0
1	1	UID1472956	1	1	0	0
1	1	UID1472967	1	1	0	0
1	1	UID1472970	1	1	0	0
1	1	UID1472979	1	1	0	0
1	1	UID1472980	1	1	0	0
1	1	UID1472982	1	1	0	0
1	1	UID1472997	1	1	0	0
1	1	UID1473006	1	1	0	0
4	4	UID1473010	1	4	2	2
1	1	UID1473013	1	1	0	0
1	1	UID1473014	1	1	0	0
1	1	UID1473018	1	1	0	0
1	1	UID1473020	1	1	0	0
1	1	UID1473022	1	1	0	0
1	1	UID1473023	1	1	0	0
1	1	UID1473026	1	1	0	0
1	1	UID1473031	1	1	0	0
1	1	UID1473050	1	1	0	0
1	1	UID1473059	1	1	0	0
1	1	UID1473060	1	1	0	0
1	1	UID1473061	1	1	0	0
1	1	UID1473068	1	1	0	0
1	1	UID1473084	1	1	0	0
1	1	UID1473085	1	1	0	0
1	1	UID1473086	1	1	0	0
1	1	UID1473091	1	1	0	0
1	1	UID1473093	1	1	0	0
1	1	UID1473097	1	1	0	0
1	1	UID1473099	1	1	0	0
1	1	UID1473102	1	1	0	0
1	1	UID1473103	1	1	0	0
1	1	UID1473105	1	1	0	0
1	1	UID1473106	1	1	0	0
1	1	UID1473111	1	1	0	0
1	1	UID1473118	1	1	0	0
1	1	UID1473129	1	1	0	0
1	1	UID1473130	1	1	0	0
1	1	UID1473134	1	1	0	0
1	1	UID1473135	1	1	0	0
1	1	UID1473155	1	1	0	0
1	1	UID1473161	1	1	0	0
1	1	UID1473162	1	1	0	0
1	1	UID1473164	1	1	0	0
1	1	UID1473177	1	1	0	0
1	1	UID1473188	1	1	0	0
1	1	UID1473189	1	1	0	0
1	1	UID1473192	1	1	0	0
1	1	UID1473193	1	1	0	0
1	1	UID1473197	1	1	0	0
1	1	UID1473201	1	1	0	0
1	1	UID1473213	1	1	0	0
1	1	UID1473214	1	1	0	0
1	1	UID1473218	1	1	0	0
1	1	UID1473222	1	1	0	0
1	1	UID1473223	1	1	0	0
1	1	UID1473229	1	1	0	0
1	1	UID1473236	1	1	0	0
1	1	UID1473238	1	1	0	0
1	1	UID1473248	1	1	0	0
1	1	UID1473255	1	1	0	0
1	1	UID1473256	1	1	0	0
1	1	UID1473257	1	1	0	0
1	1	UID1473258	1	1	0	0
1	1	UID1473259	1	1	0	0
1	1	UID1473260	1	1	0	0
1	1	UID1473261	1	1	0	0
1	1	UID1473262	1	1	0	0
1	1	UID1473263	1	1	0	0
1	1	UID1473265	1	1	0	0
1	1	UID1473266	1	1	0	0
1	1	UID1473267	1	1	0	0
1	1	UID1473268	1	1	0	0
1	1	UID1473284	1	1	0	0
1	1	UID1473288	1	1	0	0
1	1	UID1473289	1	1	0	0
1	1	UID1473299	1	1	0	0
1	1	UID1473301	1	1	0	0
1	1	UID1473302	1	1	0	0
1	1	UID1473309	1	1	0	0
1	1	UID1473312	1	1	0	0
1	1	UID1473313	1	1	0	0
1	1	UID1473317	1	1	0	0
1	1	UID1473323	1	1	0	0
1	1	UID1473326	1	1	0	0
1	1	UID1473334	1	1	0	0
1	1	UID1473335	1	1	0	0
1	1	UID1473336	1	1	0	0
1	1	UID1473337	1	1	0	0
1	1	UID1473340	1	1	0	0
1	1	UID1473341	1	1	0	0
1	1	UID1473343	1	1	0	0
1	1	UID1473346	1	1	0	0
1	1	UID1473347	1	1	0	0
1	1	UID1473355	1	1	0	0
1	1	UID1473357	1	1	0	0
1	1	UID1473380	1	1	0	0
1	1	UID1473382	1	1	0	0
1	1	UID1473385	1	1	0	0
1	1	UID1473388	1	1	0	0
1	1	UID1473389	1	1	0	0
1	1	UID1473400	1	1	0	0
1	1	UID1473415	1	1	0	0
1	1	UID1473417	1	1	0	0
1	1	UID1473423	1	1	0	0
1	1	UID1473428	1	1	0	0
1	1	UID1473431	1	1	0	0
1	1	UID1473432	1	1	0	0
1	1	UID1473435	1	1	0	0
1	1	UID1473443	1	1	0	0
1	1	UID1473444	1	1	0	0
1	1	UID1473447	1	1	0	0
1	1	UID1473449	1	1	0	0
1	1	UID1473450	1	1	0	0
1	1	UID1473452	1	1	0	0
1	1	UID1473453	1	1	0	0
1	1	UID1473454	1	1	0	0
1	1	UID1473455	1	1	0	0
1	1	UID1473456	1	1	0	0
1	1	UID1473457	1	1	0	0
1	1	UID1473461	1	1	0	0
1	1	UID1473464	1	1	0	0
1	1	UID1473465	1	1	0	0
1	1	UID1473466	1	1	0	0
1	1	UID1473484	1	1	0	0
1	1	UID1473485	1	1	0	0
1	1	UID1473489	1	1	0	0
1	1	UID1473497	1	1	0	0
1	1	UID1473500	1	1	0	0
1	1	UID1473506	1	1	0	0
1	1	UID1473508	1	1	0	0
1	1	UID1473510	1	1	0	0
1	1	UID1473519	1	1	0	0
1	1	UID1473525	1	1	0	0
1	1	UID1473534	1	1	0	0
1	1	UID1473535	1	1	0	0
1	1	UID1473541	1	1	0	0
1	1	UID1473546	1	1	0	0
1	1	UID1473548	1	1	0	0
1	1	UID1473550	1	1	0	0
1	1	UID1473551	1	1	0	0
1	1	UID1473554	1	1	0	0
1	1	UID1473555	1	1	0	0
1	1	UID1473557	1	1	0	0
1	1	UID1473558	1	1	0	0
1	1	UID1473560	1	1	0	0
1	1	UID1473573	1	1	0	0
1	1	UID1473585	1	1	0	0
1	1	UID1473587	1	1	0	0
1	1	UID1473588	1	1	0	0
1	1	UID1473590	1	1	0	0
1	1	UID1473593	1	1	0	0
1	1	UID1473594	1	1	0	0
1	1	UID1473599	1	1	0	0
1	1	UID1473600	1	1	0	0
1	1	UID1473601	1	1	0	0
1	1	UID1473603	1	1	0	0
1	1	UID1473604	1	1	0	0
1	1	UID1473605	1	1	0	0
1	1	UID1473606	1	1	0	0
1	1	UID1473607	1	1	0	0
1	1	UID1473608	1	1	0	0
1	1	UID1473609	1	1	0	0
1	1	UID1473610	1	1	0	0
1	1	UID1473611	1	1	0	0
1	1	UID1473613	1	1	0	0
1	1	UID1473615	1	1	0	0
1	1	UID1473616	1	1	0	0
1	1	UID1473617	1	1	0	0
1	1	UID1473618	1	1	0	0
1	1	UID1473620	1	1	0	0
1	1	UID1473621	1	1	0	0
1	1	UID1473622	1	1	0	0
1	1	UID1473624	1	1	0	0
1	1	UID1473626	1	1	0	0
1	1	UID1473628	1	1	0	0
1	1	UID1473632	1	1	0	0
1	1	UID1473634	1	1	0	0
1	1	UID1473649	1	1	0	0
1	1	UID1473651	1	1	0	0
1	1	UID1473653	1	1	0	0
1	1	UID1473654	1	1	0	0
1	1	UID1473666	1	1	0	0
1	1	UID1473669	1	1	0	0
1	1	UID1473671	1	1	0	0
1	1	UID1473672	1	1	0	0
1	1	UID1473673	1	1	0	0
1	1	UID1473680	1	1	0	0
1	1	UID1473681	1	1	0	0
2	2	UID1473684	1	2	1	1
1	1	UID1473686	1	1	0	0
1	1	UID1473690	1	1	0	0
1	1	UID1473697	1	1	0	0
1	1	UID1473698	1	1	0	0
1	1	UID1473701	1	1	0	0
1	1	UID1473704	1	1	0	0
1	1	UID1473708	1	1	0	0
1	1	UID1473711	1	1	0	0
1	1	UID1473713	1	1	0	0
1	1	UID1473714	1	1	0	0
1	1	UID1473715	1	1	0	0
1	1	UID1473716	1	1	0	0
1	1	UID1473717	1	1	0	0
1	1	UID1473718	1	1	0	0
1	1	UID1473719	1	1	0	0
1	1	UID1473721	1	1	0	0
1	1	UID1473726	1	1	0	0
1	1	UID1473730	1	1	0	0
1	1	UID1473733	1	1	0	0
1	1	UID1473738	1	1	0	0
1	1	UID1473745	1	1	0	0
1	1	UID1473753	1	1	0	0
1	1	UID1473755	1	1	0	0
1	1	UID1473766	1	1	0	0
1	1	UID1473768	1	1	0	0
1	1	UID1473770	1	1	0	0
1	1	UID1473782	1	1	0	0
1	1	UID1473783	1	1	0	0
1	1	UID1473786	1	1	0	0
1	1	UID1473787	1	1	0	0
1	1	UID1473788	1	1	0	0
1	1	UID1473799	1	1	0	0
1	1	UID1473800	1	1	0	0
1	1	UID1473807	1	1	0	0
1	1	UID1473808	1	1	0	0
1	1	UID1473813	1	1	0	0
1	1	UID1473815	1	1	0	0
1	1	UID1473823	1	1	0	0
1	1	UID1473826	1	1	0	0
1	1	UID1473828	1	1	0	0
1	1	UID1473829	1	1	0	0
1	1	UID1473832	1	1	0	0
1	1	UID1473844	1	1	0	0
1	1	UID1473858	1	1	0	0
1	1	UID147385	1	1	0	0
1	1	UID1473860	1	1	0	0
1	1	UID1473871	1	1	0	0
1	1	UID1473879	1	1	0	0
1	1	UID1473880	1	1	0	0
1	1	UID1473885	1	1	0	0
1	1	UID1473890	1	1	0	0
1	1	UID1473893	1	1	0	0
2	2	UID1473896	1	2	1	1
1	1	UID1473901	1	1	0	0
1	1	UID1473902	1	1	0	0
1	1	UID1473908	1	1	0	0
1	1	UID1473921	1	1	0	0
1	1	UID1473923	1	1	0	0
1	1	UID1473934	1	1	0	0
1	1	UID1473935	1	1	0	0
1	1	UID1473937	1	1	0	0
1	1	UID1473942	1	1	0	0
1	1	UID1473944	1	1	0	0
1	1	UID1473962	1	1	0	0
1	1	UID1473980	1	1	0	0
1	1	UID1473982	1	1	0	0
1	1	UID1473983	1	1	0	0
1	1	UID1473986	1	1	0	0
1	1	UID1473987	1	1	0	0
1	1	UID1473992	1	1	0	0
1	1	UID1473993	1	1	0	0
1	1	UID1473997	1	1	0	0
1	1	UID1473998	1	1	0	0
1	1	UID1474003	1	1	0	0
1	1	UID1474024	1	1	0	0
1	1	UID1474026	1	1	0	0
1	1	UID1474034	1	1	0	0
1	1	UID1474035	1	1	0	0
1	1	UID1474036	1	1	0	0
1	1	UID1474038	1	1	0	0
1	1	UID1474039	1	1	0	0
1	1	UID1474041	1	1	0	0
1	1	UID1474045	1	1	0	0
2	2	UID1474047	1	2	1	1
1	1	UID1474049	1	1	0	0
1	1	UID1474050	1	1	0	0
1	1	UID1474053	1	1	0	0
1	1	UID1474054	1	1	0	0
1	1	UID1474059	1	1	0	0
1	1	UID1474062	1	1	0	0
1	1	UID1474071	1	1	0	0
1	1	UID1474072	1	1	0	0
1	1	UID1474075	1	1	0	0
1	1	UID1474076	1	1	0	0
1	1	UID1474080	1	1	0	0
1	1	UID1474086	1	1	0	0
1	1	UID1474088	1	1	0	0
1	1	UID1474089	1	1	0	0
1	1	UID1474096	1	1	0	0
1	1	UID1474101	1	1	0	0
1	1	UID1474102	1	1	0	0
1	1	UID1474111	1	1	0	0
1	1	UID1474112	1	1	0	0
1	1	UID1474121	1	1	0	0
1	1	UID1474126	1	1	0	0
1	1	UID1474140	1	1	0	0
1	1	UID1474144	1	1	0	0
1	1	UID1474146	1	1	0	0
1	1	UID1474147	1	1	0	0
1	1	UID1474148	1	1	0	0
1	1	UID1474149	1	1	0	0
1	1	UID1474150	1	1	0	0
1	1	UID1474153	1	1	0	0
1	1	UID1474154	1	1	0	0
1	1	UID1474155	1	1	0	0
1	1	UID1474156	1	1	0	0
1	1	UID1474157	1	1	0	0
1	1	UID1474158	1	1	0	0
1	1	UID1474160	1	1	0	0
1	1	UID1474162	1	1	0	0
1	1	UID1474163	1	1	0	0
1	1	UID1474164	1	1	0	0
1	1	UID1474165	1	1	0	0
1	1	UID1474166	1	1	0	0
1	1	UID1474169	1	1	0	0
1	1	UID1474170	1	1	0	0
1	1	UID1474172	1	1	0	0
1	1	UID1474174	1	1	0	0
1	1	UID1474176	1	1	0	0
1	1	UID1474177	1	1	0	0
1	1	UID1474178	1	1	0	0
1	1	UID1474179	1	1	0	0
1	1	UID1474180	1	1	0	0
1	1	UID1474184	1	1	0	0
1	1	UID1474185	1	1	0	0
1	1	UID1474186	1	1	0	0
1	1	UID1474187	1	1	0	0
1	1	UID1474188	1	1	0	0
1	1	UID1474189	1	1	0	0
1	1	UID1474191	1	1	0	0
1	1	UID1474193	1	1	0	0
1	1	UID1474196	1	1	0	0
1	1	UID1474213	1	1	0	0
1	1	UID1474217	1	1	0	0
1	1	UID1474227	1	1	0	0
1	1	UID1474233	1	1	0	0
1	1	UID1474236	1	1	0	0
1	1	UID1474237	1	1	0	0
1	1	UID1474245	1	1	0	0
1	1	UID1474248	1	1	0	0
1	1	UID1474250	1	1	0	0
1	1	UID1474255	1	1	0	0
1	1	UID1474256	1	1	0	0
1	1	UID1474257	1	1	0	0
1	1	UID1474258	1	1	0	0
1	1	UID1474262	1	1	0	0
1	1	UID1474263	1	1	0	0
1	1	UID1474265	1	1	0	0
1	1	UID1474266	1	1	0	0
1	1	UID1474270	1	1	0	0
1	1	UID1474279	1	1	0	0
1	1	UID1474283	1	1	0	0
1	1	UID1474285	1	1	0	0
1	1	UID1474286	1	1	0	0
1	1	UID1474289	1	1	0	0
1	1	UID1474293	1	1	0	0
1	1	UID1474295	1	1	0	0
1	1	UID1474296	1	1	0	0
1	1	UID1474297	1	1	0	0
1	1	UID1474303	1	1	0	0
1	1	UID1474304	1	1	0	0
1	1	UID1474308	1	1	0	0
1	1	UID1474309	1	1	0	0
1	1	UID1474310	1	1	0	0
1	1	UID1474315	1	1	0	0
1	1	UID1474317	1	1	0	0
1	1	UID1474319	1	1	0	0
1	1	UID1474321	1	1	0	0
1	1	UID1474322	1	1	0	0
1	1	UID1474323	1	1	0	0
1	1	UID1474326	1	1	0	0
1	1	UID1474329	1	1	0	0
1	1	UID1474331	1	1	0	0
1	1	UID1474333	1	1	0	0
1	1	UID1474344	1	1	0	0
1	1	UID1474348	1	1	0	0
1	1	UID1474361	1	1	0	0
1	1	UID1474365	1	1	0	0
1	1	UID1474372	1	1	0	0
1	1	UID1474385	1	1	0	0
1	1	UID1474387	1	1	0	0
1	1	UID1474389	1	1	0	0
1	1	UID1474390	1	1	0	0
1	1	UID1474396	1	1	0	0
1	1	UID1474397	1	1	0	0
1	1	UID1474399	1	1	0	0
1	1	UID1474400	1	1	0	0
1	1	UID1474402	1	1	0	0
1	1	UID1474403	1	1	0	0
1	1	UID1474404	1	1	0	0
1	1	UID1474408	1	1	0	0
1	1	UID1474410	1	1	0	0
1	1	UID1474412	1	1	0	0
1	1	UID1474414	1	1	0	0
1	1	UID1474418	1	1	0	0
2	2	UID1474420	1	2	1	1
1	1	UID1474423	1	1	0	0
1	1	UID1474424	1	1	0	0
1	1	UID1474425	1	1	0	0
1	1	UID1474427	1	1	0	0
1	1	UID1474428	1	1	0	0
1	1	UID1474429	1	1	0	0
1	1	UID1474438	1	1	0	0
1	1	UID1474447	1	1	0	0
1	1	UID1474448	1	1	0	0
1	1	UID1474449	1	1	0	0
1	1	UID1474451	1	1	0	0
1	1	UID1474467	1	1	0	0
1	1	UID1474469	1	1	0	0
1	1	UID1474470	1	1	0	0
1	1	UID1474473	1	1	0	0
1	1	UID1474475	1	1	0	0
1	1	UID1474476	1	1	0	0
1	1	UID1474480	1	1	0	0
1	1	UID1474481	1	1	0	0
1	1	UID1474482	1	1	0	0
1	1	UID1474493	1	1	0	0
1	1	UID1474495	1	1	0	0
1	1	UID1474499	1	1	0	0
1	1	UID1474502	1	1	0	0
1	1	UID1474504	1	1	0	0
1	1	UID1474509	1	1	0	0
1	1	UID1474518	1	1	0	0
1	1	UID1474519	1	1	0	0
1	1	UID1474520	1	1	0	0
1	1	UID1474523	1	1	0	0
1	1	UID1474532	1	1	0	0
1	1	UID1474540	1	1	0	0
1	1	UID1474544	1	1	0	0
1	1	UID1474548	1	1	0	0
1	1	UID1474552	1	1	0	0
1	1	UID1474553	1	1	0	0
1	1	UID1474554	1	1	0	0
1	1	UID1474555	1	1	0	0
1	1	UID1474556	1	1	0	0
1	1	UID1474557	1	1	0	0
1	1	UID1474561	1	1	0	0
1	1	UID1474562	1	1	0	0
1	1	UID1474563	1	1	0	0
1	1	UID1474565	1	1	0	0
1	1	UID1474566	1	1	0	0
1	1	UID1474570	1	1	0	0
1	1	UID1474571	1	1	0	0
1	1	UID1474573	1	1	0	0
1	1	UID1474574	1	1	0	0
1	1	UID1474581	1	1	0	0
1	1	UID1474583	1	1	0	0
1	1	UID1474585	1	1	0	0
1	1	UID1474586	1	1	0	0
1	1	UID1474588	1	1	0	0
1	1	UID1474593	1	1	0	0
1	1	UID1474595	1	1	0	0
1	1	UID1474596	1	1	0	0
1	1	UID1474599	1	1	0	0
1	1	UID1474601	1	1	0	0
1	1	UID1474602	1	1	0	0
1	1	UID1474604	1	1	0	0
1	1	UID1474616	1	1	0	0
1	1	UID1474634	1	1	0	0
1	1	UID1474635	1	1	0	0
1	1	UID1474645	1	1	0	0
1	1	UID1474647	1	1	0	0
1	1	UID1474651	1	1	0	0
1	1	UID1474653	1	1	0	0
1	1	UID1474654	1	1	0	0
1	1	UID1474657	1	1	0	0
1	1	UID1474666	1	1	0	0
1	1	UID1474672	1	1	0	0
1	1	UID1474673	1	1	0	0
1	1	UID1474674	1	1	0	0
1	1	UID1474675	1	1	0	0
1	1	UID1474677	1	1	0	0
1	1	UID1474678	1	1	0	0
1	1	UID1474683	1	1	0	0
1	1	UID1474684	1	1	0	0
1	1	UID1474688	1	1	0	0
1	1	UID1474694	1	1	0	0
1	1	UID1474699	1	1	0	0
1	1	UID1474701	1	1	0	0
1	1	UID1474705	1	1	0	0
1	1	UID1474709	1	1	0	0
1	1	UID1474711	1	1	0	0
1	1	UID1474715	1	1	0	0
1	1	UID1474722	1	1	0	0
1	1	UID1474725	1	1	0	0
1	1	UID1474726	1	1	0	0
1	1	UID1474728	1	1	0	0
1	1	UID1474730	1	1	0	0
1	1	UID1474741	1	1	0	0
1	1	UID1474745	1	1	0	0
1	1	UID1474747	1	1	0	0
1	1	UID1474750	1	1	0	0
1	1	UID1474753	1	1	0	0
1	1	UID1474757	1	1	0	0
1	1	UID1474758	1	1	0	0
1	1	UID1474759	1	1	0	0
1	1	UID1474760	1	1	0	0
1	1	UID1474762	1	1	0	0
1	1	UID1474764	1	1	0	0
1	1	UID1474770	1	1	0	0
4	4	UID1474771	1	4	2	2
1	1	UID1474774	1	1	0	0
1	1	UID1474775	1	1	0	0
1	1	UID1474780	1	1	0	0
1	1	UID1474793	1	1	0	0
1	1	UID1474797	1	1	0	0
1	1	UID1474801	1	1	0	0
1	1	UID1474802	1	1	0	0
1	1	UID1474804	1	1	0	0
1	1	UID1474807	1	1	0	0
1	1	UID1474809	1	1	0	0
1	1	UID1474810	1	1	0	0
1	1	UID1474812	1	1	0	0
1	1	UID1474816	1	1	0	0
1	1	UID1474817	1	1	0	0
1	1	UID1474818	1	1	0	0
1	1	UID1474827	1	1	0	0
1	1	UID1474837	1	1	0	0
1	1	UID1474840	1	1	0	0
1	1	UID1474841	1	1	0	0
1	1	UID1474842	1	1	0	0
1	1	UID1474844	1	1	0	0
1	1	UID1474845	1	1	0	0
1	1	UID1474853	1	1	0	0
1	1	UID1474854	1	1	0	0
1	1	UID1474864	1	1	0	0
1	1	UID1474865	1	1	0	0
1	1	UID1474866	1	1	0	0
1	1	UID1474868	1	1	0	0
1	1	UID1474869	1	1	0	0
1	1	UID1474870	1	1	0	0
1	1	UID1474871	1	1	0	0
1	1	UID1474873	1	1	0	0
1	1	UID1474875	1	1	0	0
1	1	UID1474876	1	1	0	0
1	1	UID1474878	1	1	0	0
1	1	UID1474880	1	1	0	0
1	1	UID1474882	1	1	0	0
1	1	UID1474883	1	1	0	0
1	1	UID1474884	1	1	0	0
1	1	UID1474887	1	1	0	0
1	1	UID1474888	1	1	0	0
1	1	UID1474890	1	1	0	0
1	1	UID1474891	1	1	0	0
1	1	UID1474892	1	1	0	0
1	1	UID1474898	1	1	0	0
1	1	UID1474899	1	1	0	0
1	1	UID1474900	1	1	0	0
1	1	UID1474906	1	1	0	0
1	1	UID1474907	1	1	0	0
1	1	UID1474908	1	1	0	0
1	1	UID1474910	1	1	0	0
1	1	UID1474912	1	1	0	0
1	1	UID1474917	1	1	0	0
1	1	UID1474923	1	1	0	0
1	1	UID1474925	1	1	0	0
1	1	UID1474926	1	1	0	0
1	1	UID1474928	1	1	0	0
1	1	UID1474932	1	1	0	0
1	1	UID1474935	1	1	0	0
1	1	UID1474939	1	1	0	0
1	1	UID1474948	1	1	0	0
1	1	UID1474950	1	1	0	0
1	1	UID1474952	1	1	0	0
1	1	UID1474956	1	1	0	0
1	1	UID1474961	1	1	0	0
1	1	UID1474964	1	1	0	0
1	1	UID1474965	1	1	0	0
1	1	UID1474966	1	1	0	0
1	1	UID1474972	1	1	0	0
1	1	UID1474978	1	1	0	0
1	1	UID1474979	1	1	0	0
1	1	UID1474981	1	1	0	0
1	1	UID1474983	1	1	0	0
1	1	UID1474997	1	1	0	0
1	1	UID1474999	1	1	0	0
1	1	UID1475002	1	1	0	0
1	1	UID1475005	1	1	0	0
1	1	UID1475006	1	1	0	0
1	1	UID1475011	1	1	0	0
1	1	UID1475012	1	1	0	0
1	1	UID1475013	1	1	0	0
1	1	UID1475014	1	1	0	0
1	1	UID1475015	1	1	0	0
1	1	UID1475016	1	1	0	0
1	1	UID1475017	1	1	0	0
1	1	UID1475018	1	1	0	0
1	1	UID1475019	1	1	0	0
1	1	UID1475020	1	1	0	0
1	1	UID1475021	1	1	0	0
1	1	UID1475022	1	1	0	0
1	1	UID1475023	1	1	0	0
1	1	UID1475024	1	1	0	0
1	1	UID1475025	1	1	0	0
1	1	UID1475026	1	1	0	0
1	1	UID1475027	1	1	0	0
1	1	UID1475030	1	1	0	0
1	1	UID1475031	1	1	0	0
1	1	UID1475032	1	1	0	0
1	1	UID1475035	1	1	0	0
1	1	UID1475038	1	1	0	0
1	1	UID1475047	1	1	0	0
1	1	UID1475049	1	1	0	0
1	1	UID1475050	1	1	0	0
1	1	UID1475059	1	1	0	0
1	1	UID1475060	1	1	0	0
1	1	UID1475069	1	1	0	0
1	1	UID1475078	1	1	0	0
1	1	UID1475081	1	1	0	0
1	1	UID1475082	1	1	0	0
1	1	UID1475092	1	1	0	0
1	1	UID1475104	1	1	0	0
1	1	UID1475110	1	1	0	0
1	1	UID1475118	1	1	0	0
1	1	UID1475123	1	1	0	0
1	1	UID1475131	1	1	0	0
1	1	UID1475145	1	1	0	0
1	1	UID1475146	1	1	0	0
1	1	UID1475147	1	1	0	0
1	1	UID1475156	1	1	0	0
1	1	UID1475167	1	1	0	0
1	1	UID1475168	1	1	0	0
1	1	UID1475173	1	1	0	0
1	1	UID1475180	1	1	0	0
1	1	UID1475181	1	1	0	0
1	1	UID1475186	1	1	0	0
1	1	UID1475187	1	1	0	0
1	1	UID1475189	1	1	0	0
1	1	UID1475190	1	1	0	0
1	1	UID1475192	1	1	0	0
1	1	UID159264	1	1	0	0
4	4	UID167787	1	4	1	1
1	1	UID182401	1	1	0	0
1	1	UID185137	1	1	0	0
1	1	UID202865	1	1	0	0
1	1	UID208921	1	1	0	0
1	1	UID213938	1	1	0	0
1	1	UID31245	1	1	0	0
1	1	UID329	1	1	0	0
1	1	UID330037	1	1	0	0
3	3	UID331108	1	3	2	2
1	1	UID33495	1	1	0	0
1	1	UID413355	1	1	0	0
1	1	UID49009	1	1	0	0
1	1	UID60392	1	1	0	0
1	1	UID61623	1	1	0	0
1	1	UID61633	1	1	0	0
1	1	UID62157	1	1	0	0
1	1	UID682859	1	1	0	0
1	1	UID72657	1	1	0	0
1	1	UID7552	1	1	0	0
1	1	UID75660	1	1	0	0
1	1	UID7994	1	1	0	0
1	1	UID803903	1	1	0	0
1	1	UID804016	1	1	0	0
1	1	UID805652	1	1	0	0
1	1	UID812765	1	1	0	0
1	1	UID837013	1	1	0	0
1	1	UID876392	1	1	0	0
1	1	UID964653	1	1	0	0
