7355	62834	UID1	34492	5630	5	5
3659	28250	UID18916	15607	2709	4	4
69	210	UID99	120	58	3	3
68	182	UID207	95	55	3	3
47	152	UID94	91	35	2	2
54	154	UID72	90	48	2	2
61	164	UID29	88	47	2	2
84	195	UID85	88	66	3	3
69	170	UID115	80	53	3	3
44	133	UID138	75	34	3	3
65	152	UID189	74	55	2	2
44	120	UID122	67	34	2	2
36	108	UID157	66	30	2	2
41	110	UID35198	66	36	2	2
42	118	UID108	64	34	2	2
52	129	UID146	64	42	2	2
45	123	UID208	64	35	2	2
32	101	UID35212	60	25	2	2
49	122	UID131	59	36	2	2
58	130	UID149	58	47	2	2
35	89	UID1378904	53	32	2	2
41	105	UID192414	53	30	2	2
36	103	UID20432	53	28	2	2
30	83	UID143611	46	21	2	2
30	83	UID84	45	24	2	2
24	81	UID158	44	13	2	2
39	90	UID194	44	30	3	3
44	95	UID221	44	36	2	2
45	99	UID228	44	36	2	2
32	81	UID180	42	26	2	2
29	75	UID294	42	23	1	1
25	67	UID203118	41	22	2	2
30	71	UID35209	39	26	2	2
22	62	UID206	38	18	1	1
51	140	UID1405420	36	34	3	3
32	79	UID303	36	23	2	2
28	66	UID374	36	24	2	2
38	81	UID27513	35	32	2	2
23	58	UID1405418	34	21	1	1
17	51	UID594166	33	14	3	3
31	76	UID192410	31	22	2	2
16	48	UID1366333	30	12	1	1
18	51	UID25740	30	13	2	2
26	58	UID248	28	20	2	2
17	48	UID375	28	13	2	2
12	39	UID186207	27	10	1	1
20	50	UID440	27	17	2	2
12	37	UID606	26	11	2	2
25	56	UID376	25	19	1	1
9	31	UID685	23	8	2	2
25	48	UID173	21	21	2	2
7	27	UID497	21	6	2	2
16	40	UID352	20	12	3	3
20	42	UID703	20	17	2	2
28	57	UID107467	19	23	3	3
16	38	UID35207	19	11	2	2
15	37	UID610	19	12	2	2
5	23	UID4054	18	3	1	1
13	31	UID525	18	11	1	1
9	25	UID843	17	8	1	1
10	27	UID35347	16	7	1	1
11	27	UID35210	15	8	1	1
10	24	UID5540	15	9	1	1
14	30	UID211640	14	12	1	1
14	31	UID211662	14	9	2	2
7	22	UID5486	14	5	1	1
3	16	UID5543	14	2	1	1
15	29	UID1328	13	12	2	2
2	15	UID1350	13	0	0	0
15	29	UID35213	13	12	1	1
10	22	UID594267	13	9	1	1
5	16	UID117215	12	4	1	1
5	16	UID1407190	12	4	0	0
17	31	UID594263	12	13	2	2
14	26	UID1405444	10	10	1	1
7	17	UID1406861	10	5	1	1
6	15	UID154506	10	5	1	1
6	15	UID611	10	5	1	1
7	16	UID1405472	9	5	1	1
3	11	UID1406890	9	2	1	1
5	13	UID2	9	4	1	1
5	13	UID310	9	4	1	1
9	18	UID5493	9	7	1	1
11	20	UID179	8	8	1	1
15	27	UID207505	8	10	2	2
15	27	UID45	8	13	2	2
6	12	UID1379003	7	5	1	1
6	12	UID1424932	7	5	1	1
4	10	UID29452	7	3	1	1
7	14	UID595356	7	5	1	1
6	13	UID744	7	4	1	1
12	18	UID1405445	6	10	1	1
3	8	UID1492163	6	2	1	1
3	8	UID1492167	6	2	1	1
2	7	UID18915	6	1	1	1
1	6	UID193937	6	0	0	0
4	9	UID27478	6	3	1	1
5	10	UID37773	6	4	1	1
16	25	UID5500	6	14	2	2
10	15	UID1428099	5	8	2	2
1	5	UID1492178	5	0	0	0
1	5	UID30164	5	0	0	0
7	12	UID3886	5	5	1	1
1	5	UID39	5	0	0	0
4	8	UID554	5	3	1	1
10	19	UID755	5	7	2	2
13	18	UID1405497	4	10	1	1
1	4	UID1492232	4	0	0	0
1	4	UID1492233	4	0	0	0
1	4	UID196638	4	0	0	0
2	5	UID430628	4	1	1	1
1	4	UID5820	4	0	0	0
12	15	UID653	4	11	3	3
6	9	UID77	4	5	1	1
3	6	UID804120	4	2	1	1
2	5	UID8087	4	1	1	1
1	4	UID809678	4	0	0	0
2	4	UID118682	3	1	1	1
3	5	UID1322	3	2	1	1
1	3	UID136045	3	0	0	0
6	8	UID1407191	3	5	2	2
2	4	UID1407194	3	1	1	1
3	5	UID1407197	3	2	1	1
2	4	UID1407228	3	1	1	1
1	3	UID1492234	3	0	0	0
1	3	UID1492238	3	0	0	0
1	3	UID1492242	3	0	0	0
1	3	UID1492251	3	0	0	0
1	3	UID1492252	3	0	0	0
1	3	UID1492253	3	0	0	0
1	3	UID1492256	3	0	0	0
1	3	UID1492257	3	0	0	0
1	3	UID1492259	3	0	0	0
1	3	UID1492263	3	0	0	0
1	3	UID1492264	3	0	0	0
1	3	UID1492271	3	0	0	0
1	3	UID1492274	3	0	0	0
1	3	UID1492276	3	0	0	0
1	3	UID1492280	3	0	0	0
1	3	UID1492281	3	0	0	0
1	3	UID1492286	3	0	0	0
1	3	UID1492292	3	0	0	0
3	5	UID1492294	3	2	0	0
1	3	UID1492300	3	0	0	0
1	3	UID1492304	3	0	0	0
1	3	UID1492307	3	0	0	0
1	3	UID1492308	3	0	0	0
1	3	UID1492309	3	0	0	0
1	3	UID1492310	3	0	0	0
1	3	UID1492322	3	0	0	0
1	3	UID1492347	3	0	0	0
1	3	UID1492348	3	0	0	0
4	6	UID1492349	3	3	2	2
1	3	UID1492351	3	0	0	0
1	3	UID1492352	3	0	0	0
1	3	UID1492353	3	0	0	0
1	3	UID1492356	3	0	0	0
1	3	UID1492358	3	0	0	0
1	3	UID1492360	3	0	0	0
1	3	UID1492366	3	0	0	0
1	3	UID1492367	3	0	0	0
1	3	UID1492371	3	0	0	0
2	5	UID1492372	3	0	0	0
1	3	UID1492373	3	0	0	0
1	3	UID1492374	3	0	0	0
1	3	UID1492375	3	0	0	0
1	3	UID1492376	3	0	0	0
1	3	UID1492380	3	0	0	0
1	3	UID1492386	3	0	0	0
1	3	UID1492391	3	0	0	0
1	3	UID1492392	3	0	0	0
1	3	UID1492393	3	0	0	0
1	3	UID1492394	3	0	0	0
1	3	UID1492397	3	0	0	0
2	5	UID160442	3	0	1	1
5	8	UID27249	3	3	2	2
3	7	UID430640	3	0	1	1
2	4	UID53093	3	1	1	1
2	4	UID808	3	1	1	1
7	10	UID8924	3	5	2	2
2	3	UID10066	2	1	1	1
2	4	UID1249306	2	0	1	1
3	4	UID1294082	2	2	1	1
3	4	UID143613	2	2	1	1
2	3	UID1437427	2	1	1	1
3	5	UID1479624	2	1	2	2
1	2	UID1492415	2	0	0	0
8	9	UID1492438	2	7	2	2
1	2	UID1492474	2	0	0	0
1	2	UID1492487	2	0	0	0
2	3	UID1492504	2	1	1	1
2	3	UID1492525	2	1	1	1
1	2	UID1492535	2	0	0	0
1	2	UID1492573	2	0	0	0
1	2	UID1492578	2	0	0	0
1	2	UID1492584	2	0	0	0
2	3	UID1492587	2	1	1	1
1	2	UID1492681	2	0	0	0
1	2	UID1492716	2	0	0	0
1	2	UID1492729	2	0	0	0
1	2	UID1492730	2	0	0	0
1	2	UID1492731	2	0	0	0
1	2	UID1492740	2	0	0	0
3	6	UID1492741	2	0	1	1
1	2	UID1492743	2	0	0	0
1	2	UID1492798	2	0	0	0
2	3	UID1492821	2	1	1	1
1	2	UID1492840	2	0	0	0
1	2	UID1492842	2	0	0	0
2	3	UID1492843	2	1	1	1
2	3	UID1492955	2	1	1	1
1	2	UID1492960	2	0	0	0
3	4	UID1492961	2	2	1	1
3	4	UID1492977	2	2	1	1
2	3	UID1493051	2	1	1	1
1	2	UID1493062	2	0	0	0
1	2	UID1493064	2	0	0	0
1	2	UID1493075	2	0	0	0
1	2	UID1493080	2	0	0	0
1	2	UID1493082	2	0	0	0
1	2	UID1493088	2	0	0	0
1	2	UID1493133	2	0	0	0
3	4	UID1493149	2	2	2	2
1	2	UID1493150	2	0	0	0
1	2	UID1657	2	0	0	0
1	2	UID4057	2	0	0	0
2	3	UID430661	2	1	1	1
1	2	UID61275	2	0	0	0
6	7	UID61290	2	5	2	2
4	5	UID62311	2	3	1	1
1	2	UID625	2	0	0	0
3	4	UID920	2	2	1	1
5	5	UID105049	1	5	1	1
1	1	UID113541	1	1	0	0
1	1	UID1243027	1	1	0	0
1	1	UID132031	1	1	0	0
1	1	UID1380569	1	1	0	0
1	1	UID1441151	1	1	0	0
1	1	UID1474720	1	1	0	0
1	1	UID1493169	1	1	0	0
1	1	UID1493170	1	1	0	0
1	1	UID1493171	1	1	0	0
1	1	UID1493172	1	1	0	0
1	1	UID1493173	1	1	0	0
1	1	UID1493174	1	1	0	0
1	1	UID1493175	1	1	0	0
1	1	UID1493176	1	1	0	0
1	1	UID1493177	1	1	0	0
1	1	UID1493178	1	1	0	0
1	1	UID1493179	1	1	0	0
1	1	UID1493181	1	1	0	0
1	1	UID1493182	1	1	0	0
1	1	UID1493184	1	1	0	0
1	1	UID1493185	1	1	0	0
1	1	UID1493186	1	1	0	0
1	1	UID1493187	1	1	0	0
1	1	UID1493203	1	1	0	0
1	1	UID1493211	1	1	0	0
1	1	UID1493212	1	1	0	0
1	1	UID1493213	1	1	0	0
1	1	UID1493214	1	1	0	0
1	1	UID1493215	1	1	0	0
1	1	UID1493220	1	1	0	0
1	1	UID1493221	1	1	0	0
1	1	UID1493227	1	1	0	0
1	1	UID1493229	1	1	0	0
1	1	UID1493230	1	1	0	0
1	1	UID1493231	1	1	0	0
1	1	UID1493232	1	1	0	0
1	1	UID1493233	1	1	0	0
1	1	UID1493234	1	1	0	0
1	1	UID1493235	1	1	0	0
1	1	UID1493237	1	1	0	0
1	1	UID1493238	1	1	0	0
1	1	UID1493242	1	1	0	0
1	1	UID1493244	1	1	0	0
1	1	UID1493246	1	1	0	0
1	1	UID1493248	1	1	0	0
1	1	UID1493251	1	1	0	0
1	1	UID1493252	1	1	0	0
1	1	UID1493255	1	1	0	0
1	1	UID1493256	1	1	0	0
1	1	UID1493263	1	1	0	0
1	1	UID1493264	1	1	0	0
1	1	UID1493268	1	1	0	0
1	1	UID1493275	1	1	0	0
1	1	UID1493291	1	1	0	0
1	1	UID1493298	1	1	0	0
1	1	UID1493305	1	1	0	0
1	1	UID1493306	1	1	0	0
1	1	UID1493308	1	1	0	0
1	1	UID1493309	1	1	0	0
1	1	UID1493310	1	1	0	0
1	1	UID1493312	1	1	0	0
1	1	UID1493314	1	1	0	0
1	1	UID1493315	1	1	0	0
1	1	UID1493316	1	1	0	0
1	1	UID1493318	1	1	0	0
1	1	UID1493319	1	1	0	0
1	1	UID1493320	1	1	0	0
1	1	UID1493321	1	1	0	0
1	1	UID1493322	1	1	0	0
1	1	UID1493324	1	1	0	0
1	1	UID1493326	1	1	0	0
1	1	UID1493333	1	1	0	0
1	1	UID1493340	1	1	0	0
1	1	UID1493341	1	1	0	0
1	1	UID1493342	1	1	0	0
1	1	UID1493345	1	1	0	0
1	1	UID1493348	1	1	0	0
1	1	UID1493352	1	1	0	0
1	1	UID1493353	1	1	0	0
1	1	UID1493355	1	1	0	0
1	1	UID1493356	1	1	0	0
1	1	UID1493359	1	1	0	0
1	1	UID1493360	1	1	0	0
1	1	UID1493361	1	1	0	0
1	1	UID1493362	1	1	0	0
1	1	UID1493363	1	1	0	0
1	1	UID1493364	1	1	0	0
1	1	UID1493365	1	1	0	0
1	1	UID1493367	1	1	0	0
1	1	UID1493368	1	1	0	0
1	1	UID1493371	1	1	0	0
1	1	UID1493373	1	1	0	0
1	1	UID1493380	1	1	0	0
1	1	UID1493384	1	1	0	0
1	1	UID1493386	1	1	0	0
1	1	UID1493387	1	1	0	0
1	1	UID1493393	1	1	0	0
1	1	UID1493397	1	1	0	0
1	1	UID1493415	1	1	0	0
1	1	UID1493417	1	1	0	0
1	1	UID1493418	1	1	0	0
1	1	UID1493419	1	1	0	0
1	1	UID1493420	1	1	0	0
1	1	UID1493421	1	1	0	0
1	1	UID1493422	1	1	0	0
1	1	UID1493424	1	1	0	0
1	1	UID1493426	1	1	0	0
1	1	UID1493429	1	1	0	0
1	1	UID1493431	1	1	0	0
1	1	UID1493432	1	1	0	0
1	1	UID1493433	1	1	0	0
1	1	UID1493434	1	1	0	0
1	1	UID1493436	1	1	0	0
1	1	UID1493437	1	1	0	0
1	1	UID1493441	1	1	0	0
1	1	UID1493444	1	1	0	0
1	1	UID1493445	1	1	0	0
1	1	UID1493448	1	1	0	0
1	1	UID1493451	1	1	0	0
1	1	UID1493464	1	1	0	0
1	1	UID1493488	1	1	0	0
1	1	UID1493496	1	1	0	0
1	1	UID1493501	1	1	0	0
1	1	UID1493506	1	1	0	0
1	1	UID1493507	1	1	0	0
1	1	UID1493508	1	1	0	0
1	1	UID1493510	1	1	0	0
1	1	UID1493512	1	1	0	0
1	1	UID1493513	1	1	0	0
1	1	UID1493514	1	1	0	0
1	1	UID1493515	1	1	0	0
1	1	UID1493516	1	1	0	0
1	1	UID1493517	1	1	0	0
1	1	UID1493518	1	1	0	0
1	1	UID1493519	1	1	0	0
1	1	UID1493521	1	1	0	0
1	1	UID1493522	1	1	0	0
1	1	UID1493523	1	1	0	0
1	1	UID1493524	1	1	0	0
1	1	UID1493527	1	1	0	0
1	1	UID1493528	1	1	0	0
1	1	UID1493533	1	1	0	0
1	1	UID1493534	1	1	0	0
1	1	UID1493541	1	1	0	0
1	1	UID1493542	1	1	0	0
1	1	UID1493543	1	1	0	0
1	1	UID1493545	1	1	0	0
1	1	UID1493555	1	1	0	0
1	1	UID1493560	1	1	0	0
1	1	UID1493567	1	1	0	0
1	1	UID1493569	1	1	0	0
1	1	UID1493570	1	1	0	0
1	1	UID1493572	1	1	0	0
1	1	UID1493591	1	1	0	0
1	1	UID1493592	1	1	0	0
1	1	UID1493612	1	1	0	0
1	1	UID1493614	1	1	0	0
1	1	UID1493615	1	1	0	0
1	1	UID1493616	1	1	0	0
1	1	UID1493617	1	1	0	0
1	1	UID1493618	1	1	0	0
1	1	UID1493619	1	1	0	0
1	1	UID1493620	1	1	0	0
1	1	UID1493621	1	1	0	0
1	1	UID1493622	1	1	0	0
1	1	UID1493623	1	1	0	0
1	1	UID1493625	1	1	0	0
1	1	UID1493628	1	1	0	0
1	1	UID1493630	1	1	0	0
1	1	UID1493634	1	1	0	0
1	1	UID1493637	1	1	0	0
1	1	UID1493639	1	1	0	0
1	1	UID1493640	1	1	0	0
1	1	UID1493641	1	1	0	0
1	1	UID1493642	1	1	0	0
1	1	UID1493643	1	1	0	0
1	1	UID1493645	1	1	0	0
1	1	UID1493646	1	1	0	0
1	1	UID1493647	1	1	0	0
1	1	UID1493651	1	1	0	0
1	1	UID1493652	1	1	0	0
1	1	UID1493653	1	1	0	0
1	1	UID1493654	1	1	0	0
1	1	UID1493655	1	1	0	0
1	1	UID1493656	1	1	0	0
1	1	UID1493660	1	1	0	0
1	1	UID1493666	1	1	0	0
1	1	UID1493677	1	1	0	0
1	1	UID1493682	1	1	0	0
1	1	UID1493689	1	1	0	0
1	1	UID1493690	1	1	0	0
1	1	UID1493691	1	1	0	0
1	1	UID1493704	1	1	0	0
1	1	UID1493706	1	1	0	0
1	1	UID1493709	1	1	0	0
1	1	UID1493713	1	1	0	0
1	1	UID1493715	1	1	0	0
1	1	UID1493717	1	1	0	0
1	1	UID1493718	1	1	0	0
1	1	UID1493719	1	1	0	0
1	1	UID1493723	1	1	0	0
1	1	UID1493724	1	1	0	0
1	1	UID1493726	1	1	0	0
1	1	UID1493727	1	1	0	0
1	1	UID1493731	1	1	0	0
1	1	UID1493733	1	1	0	0
1	1	UID1493735	1	1	0	0
1	1	UID1493737	1	1	0	0
1	1	UID1493738	1	1	0	0
1	1	UID1493739	1	1	0	0
1	1	UID1493740	1	1	0	0
1	1	UID1493742	1	1	0	0
1	1	UID1493745	1	1	0	0
1	1	UID1493746	1	1	0	0
1	1	UID1493748	1	1	0	0
1	1	UID1493749	1	1	0	0
1	1	UID1493751	1	1	0	0
1	1	UID1493752	1	1	0	0
1	1	UID1493753	1	1	0	0
1	1	UID1493754	1	1	0	0
1	1	UID1493760	1	1	0	0
1	1	UID1493763	1	1	0	0
1	1	UID1493765	1	1	0	0
1	1	UID1493766	1	1	0	0
1	1	UID1493767	1	1	0	0
1	1	UID1493771	1	1	0	0
1	1	UID1493777	1	1	0	0
1	1	UID1493798	1	1	0	0
1	1	UID1493799	1	1	0	0
1	1	UID1493803	1	1	0	0
1	1	UID1493806	1	1	0	0
1	1	UID1493807	1	1	0	0
1	1	UID1493808	1	1	0	0
1	1	UID1493809	1	1	0	0
1	1	UID1493810	1	1	0	0
1	1	UID1493812	1	1	0	0
1	1	UID1493814	1	1	0	0
1	1	UID1493815	1	1	0	0
1	1	UID1493817	1	1	0	0
1	1	UID1493818	1	1	0	0
1	1	UID1493820	1	1	0	0
1	1	UID1493825	1	1	0	0
1	1	UID1493847	1	1	0	0
1	1	UID1493862	1	1	0	0
1	1	UID1493878	1	1	0	0
1	1	UID1493892	1	1	0	0
1	1	UID1493894	1	1	0	0
1	1	UID1493895	1	1	0	0
1	1	UID1493897	1	1	0	0
1	1	UID1493902	1	1	0	0
1	1	UID1493903	1	1	0	0
1	1	UID1493904	1	1	0	0
1	1	UID1493912	1	1	0	0
1	1	UID1493913	1	1	0	0
1	1	UID1493916	1	1	0	0
1	1	UID1493929	1	1	0	0
1	1	UID1493930	1	1	0	0
1	1	UID1493931	1	1	0	0
1	1	UID1493933	1	1	0	0
1	1	UID1493939	1	1	0	0
1	1	UID1493948	1	1	0	0
1	1	UID1493950	1	1	0	0
1	1	UID1493953	1	1	0	0
1	1	UID1493958	1	1	0	0
1	1	UID1493961	1	1	0	0
1	1	UID1493962	1	1	0	0
1	1	UID1493963	1	1	0	0
1	1	UID1493964	1	1	0	0
1	1	UID1493965	1	1	0	0
1	1	UID1493966	1	1	0	0
1	1	UID1493967	1	1	0	0
1	1	UID1493968	1	1	0	0
1	1	UID1493969	1	1	0	0
1	1	UID1493970	1	1	0	0
1	1	UID1493972	1	1	0	0
1	1	UID1493980	1	1	0	0
1	1	UID1493981	1	1	0	0
1	1	UID1493982	1	1	0	0
1	1	UID1493983	1	1	0	0
1	1	UID1493985	1	1	0	0
1	1	UID1493988	1	1	0	0
1	1	UID1494002	1	1	0	0
1	1	UID1494008	1	1	0	0
1	1	UID1494012	1	1	0	0
1	1	UID1494015	1	1	0	0
1	1	UID1494018	1	1	0	0
1	1	UID1494019	1	1	0	0
1	1	UID1494021	1	1	0	0
1	1	UID1494039	1	1	0	0
1	1	UID1494053	1	1	0	0
1	1	UID1494057	1	1	0	0
1	1	UID1494061	1	1	0	0
1	1	UID1494063	1	1	0	0
1	1	UID1494064	1	1	0	0
1	1	UID1494065	1	1	0	0
1	1	UID1494066	1	1	0	0
1	1	UID1494067	1	1	0	0
1	1	UID1494068	1	1	0	0
1	1	UID1494069	1	1	0	0
1	1	UID1494070	1	1	0	0
1	1	UID1494072	1	1	0	0
1	1	UID1494076	1	1	0	0
1	1	UID1494077	1	1	0	0
1	1	UID1494078	1	1	0	0
1	1	UID1494079	1	1	0	0
1	1	UID1494080	1	1	0	0
1	1	UID1494083	1	1	0	0
1	1	UID1494104	1	1	0	0
1	1	UID1494110	1	1	0	0
1	1	UID1494113	1	1	0	0
1	1	UID1494114	1	1	0	0
1	1	UID1494115	1	1	0	0
1	1	UID1494116	1	1	0	0
1	1	UID1494117	1	1	0	0
1	1	UID1494118	1	1	0	0
1	1	UID1494121	1	1	0	0
1	1	UID1494122	1	1	0	0
1	1	UID1494123	1	1	0	0
1	1	UID1494128	1	1	0	0
1	1	UID1494129	1	1	0	0
1	1	UID1494130	1	1	0	0
1	1	UID1494132	1	1	0	0
1	1	UID1494133	1	1	0	0
1	1	UID1494134	1	1	0	0
1	1	UID1494135	1	1	0	0
1	1	UID1494138	1	1	0	0
1	1	UID1494139	1	1	0	0
1	1	UID1494140	1	1	0	0
1	1	UID1494141	1	1	0	0
1	1	UID1494142	1	1	0	0
1	1	UID1494150	1	1	0	0
1	1	UID1494153	1	1	0	0
1	1	UID1494154	1	1	0	0
1	1	UID1494161	1	1	0	0
1	1	UID1494168	1	1	0	0
1	1	UID1494172	1	1	0	0
1	1	UID1494173	1	1	0	0
1	1	UID1494176	1	1	0	0
1	1	UID1494178	1	1	0	0
1	1	UID1494179	1	1	0	0
1	1	UID1494193	1	1	0	0
1	1	UID1494194	1	1	0	0
1	1	UID1494196	1	1	0	0
1	1	UID1494197	1	1	0	0
1	1	UID1494198	1	1	0	0
1	1	UID1494201	1	1	0	0
1	1	UID1494202	1	1	0	0
1	1	UID1494205	1	1	0	0
1	1	UID1494210	1	1	0	0
1	1	UID1494221	1	1	0	0
1	1	UID1494222	1	1	0	0
1	1	UID1494228	1	1	0	0
1	1	UID1494232	1	1	0	0
1	1	UID1494241	1	1	0	0
1	1	UID1494244	1	1	0	0
1	1	UID1494245	1	1	0	0
1	1	UID1494249	1	1	0	0
1	1	UID1494250	1	1	0	0
1	1	UID1494256	1	1	0	0
1	1	UID1494258	1	1	0	0
1	1	UID1494259	1	1	0	0
1	1	UID1494260	1	1	0	0
1	1	UID1494262	1	1	0	0
1	1	UID1494263	1	1	0	0
1	1	UID1494264	1	1	0	0
1	1	UID1494266	1	1	0	0
1	1	UID1494267	1	1	0	0
1	1	UID1494268	1	1	0	0
1	1	UID1494269	1	1	0	0
1	1	UID1494270	1	1	0	0
1	1	UID1494277	1	1	0	0
1	1	UID1494278	1	1	0	0
1	1	UID1494279	1	1	0	0
1	1	UID1494280	1	1	0	0
1	1	UID1494281	1	1	0	0
1	1	UID1494282	1	1	0	0
1	1	UID1494283	1	1	0	0
1	1	UID1494284	1	1	0	0
1	1	UID1494287	1	1	0	0
1	1	UID1494318	1	1	0	0
1	1	UID1494319	1	1	0	0
1	1	UID1494322	1	1	0	0
1	1	UID1494325	1	1	0	0
1	1	UID1494327	1	1	0	0
1	1	UID1494328	1	1	0	0
1	1	UID1494330	1	1	0	0
1	1	UID1494331	1	1	0	0
1	1	UID1494332	1	1	0	0
1	1	UID1494334	1	1	0	0
1	1	UID1494335	1	1	0	0
1	1	UID1494336	1	1	0	0
1	1	UID1494339	1	1	0	0
1	1	UID1494340	1	1	0	0
1	1	UID1494350	1	1	0	0
1	1	UID1494356	1	1	0	0
1	1	UID1494373	1	1	0	0
1	1	UID1494375	1	1	0	0
1	1	UID1494376	1	1	0	0
1	1	UID1494377	1	1	0	0
1	1	UID1494378	1	1	0	0
1	1	UID1494379	1	1	0	0
1	1	UID1494380	1	1	0	0
1	1	UID1494381	1	1	0	0
1	1	UID1494391	1	1	0	0
1	1	UID1494392	1	1	0	0
1	1	UID1494394	1	1	0	0
1	1	UID1494396	1	1	0	0
1	1	UID1494397	1	1	0	0
1	1	UID1494398	1	1	0	0
1	1	UID1494399	1	1	0	0
1	1	UID1494400	1	1	0	0
1	1	UID1494405	1	1	0	0
1	1	UID1494413	1	1	0	0
1	1	UID1494416	1	1	0	0
1	1	UID1494421	1	1	0	0
1	1	UID1494422	1	1	0	0
1	1	UID1494428	1	1	0	0
1	1	UID1494438	1	1	0	0
1	1	UID1494439	1	1	0	0
1	1	UID1494443	1	1	0	0
1	1	UID1494448	1	1	0	0
1	1	UID1494464	1	1	0	0
1	1	UID1494477	1	1	0	0
1	1	UID1494484	1	1	0	0
1	1	UID1494485	1	1	0	0
1	1	UID1494486	1	1	0	0
1	1	UID1494490	1	1	0	0
1	1	UID1494491	1	1	0	0
1	1	UID1494494	1	1	0	0
1	1	UID1494495	1	1	0	0
1	1	UID1494496	1	1	0	0
1	1	UID1494498	1	1	0	0
1	1	UID1494500	1	1	0	0
1	1	UID1494507	1	1	0	0
1	1	UID1494509	1	1	0	0
1	1	UID1494513	1	1	0	0
1	1	UID1494514	1	1	0	0
1	1	UID1494520	1	1	0	0
1	1	UID1494528	1	1	0	0
1	1	UID1494531	1	1	0	0
1	1	UID1494547	1	1	0	0
1	1	UID1494548	1	1	0	0
1	1	UID1494557	1	1	0	0
1	1	UID1494563	1	1	0	0
1	1	UID1494564	1	1	0	0
1	1	UID1494565	1	1	0	0
1	1	UID1494566	1	1	0	0
1	1	UID1494567	1	1	0	0
1	1	UID1494568	1	1	0	0
1	1	UID1494569	1	1	0	0
1	1	UID1494570	1	1	0	0
1	1	UID1494579	1	1	0	0
1	1	UID1494581	1	1	0	0
1	1	UID1494582	1	1	0	0
1	1	UID1494583	1	1	0	0
1	1	UID1494584	1	1	0	0
1	1	UID1494585	1	1	0	0
1	1	UID1494587	1	1	0	0
1	1	UID1494597	1	1	0	0
1	1	UID1494598	1	1	0	0
1	1	UID1494600	1	1	0	0
1	1	UID1494602	1	1	0	0
1	1	UID1494609	1	1	0	0
1	1	UID1494611	1	1	0	0
1	1	UID1494612	1	1	0	0
1	1	UID1494613	1	1	0	0
1	1	UID1494614	1	1	0	0
1	1	UID1494615	1	1	0	0
1	1	UID1494616	1	1	0	0
1	1	UID1494627	1	1	0	0
1	1	UID1494629	1	1	0	0
1	1	UID1494644	1	1	0	0
1	1	UID1494646	1	1	0	0
1	1	UID1494647	1	1	0	0
1	1	UID1494652	1	1	0	0
1	1	UID1494653	1	1	0	0
1	1	UID1494655	1	1	0	0
1	1	UID1494656	1	1	0	0
1	1	UID1494657	1	1	0	0
1	1	UID1494665	1	1	0	0
1	1	UID1494666	1	1	0	0
1	1	UID1494667	1	1	0	0
1	1	UID1494668	1	1	0	0
1	1	UID1494672	1	1	0	0
1	1	UID1494674	1	1	0	0
1	1	UID1494677	1	1	0	0
1	1	UID1494680	1	1	0	0
1	1	UID1494681	1	1	0	0
1	1	UID1494683	1	1	0	0
1	1	UID1494687	1	1	0	0
1	1	UID1494693	1	1	0	0
1	1	UID1494696	1	1	0	0
1	1	UID1494697	1	1	0	0
1	1	UID1494698	1	1	0	0
1	1	UID1494701	1	1	0	0
1	1	UID1494702	1	1	0	0
1	1	UID1494704	1	1	0	0
1	1	UID1494705	1	1	0	0
1	1	UID1494706	1	1	0	0
1	1	UID1494707	1	1	0	0
1	1	UID1494708	1	1	0	0
1	1	UID1494709	1	1	0	0
1	1	UID1494713	1	1	0	0
1	1	UID1494715	1	1	0	0
1	1	UID1494716	1	1	0	0
1	1	UID1494722	1	1	0	0
1	1	UID1494724	1	1	0	0
1	1	UID1494725	1	1	0	0
1	1	UID1494727	1	1	0	0
1	1	UID1494729	1	1	0	0
1	1	UID1494736	1	1	0	0
1	1	UID1494737	1	1	0	0
1	1	UID1494739	1	1	0	0
1	1	UID1494742	1	1	0	0
1	1	UID1494743	1	1	0	0
1	1	UID1494744	1	1	0	0
1	1	UID1494747	1	1	0	0
1	1	UID1494756	1	1	0	0
1	1	UID1494757	1	1	0	0
1	1	UID1494758	1	1	0	0
1	1	UID1494759	1	1	0	0
1	1	UID1494764	1	1	0	0
1	1	UID1494765	1	1	0	0
1	1	UID1494767	1	1	0	0
1	1	UID1494769	1	1	0	0
1	1	UID1494773	1	1	0	0
1	1	UID1494784	1	1	0	0
1	1	UID1494789	1	1	0	0
1	1	UID1494794	1	1	0	0
1	1	UID1494797	1	1	0	0
1	1	UID1494799	1	1	0	0
1	1	UID1494801	1	1	0	0
1	1	UID1494802	1	1	0	0
1	1	UID1494804	1	1	0	0
1	1	UID1494810	1	1	0	0
1	1	UID1494824	1	1	0	0
1	1	UID1494829	1	1	0	0
1	1	UID1494832	1	1	0	0
1	1	UID1494843	1	1	0	0
1	1	UID1494844	1	1	0	0
1	1	UID1494845	1	1	0	0
1	1	UID1494847	1	1	0	0
1	1	UID1494849	1	1	0	0
1	1	UID1494851	1	1	0	0
1	1	UID1494852	1	1	0	0
1	1	UID1494854	1	1	0	0
1	1	UID1494855	1	1	0	0
1	1	UID1494856	1	1	0	0
1	1	UID1494858	1	1	0	0
1	1	UID1494859	1	1	0	0
1	1	UID1494861	1	1	0	0
1	1	UID1494862	1	1	0	0
1	1	UID1494863	1	1	0	0
1	1	UID1494865	1	1	0	0
1	1	UID1494866	1	1	0	0
1	1	UID1494868	1	1	0	0
1	1	UID1494869	1	1	0	0
1	1	UID1494870	1	1	0	0
1	1	UID1494871	1	1	0	0
1	1	UID1494872	1	1	0	0
1	1	UID1494884	1	1	0	0
1	1	UID1494885	1	1	0	0
1	1	UID1494887	1	1	0	0
1	1	UID1494889	1	1	0	0
1	1	UID1494890	1	1	0	0
1	1	UID1494891	1	1	0	0
1	1	UID1494899	1	1	0	0
1	1	UID1494900	1	1	0	0
1	1	UID1494905	1	1	0	0
1	1	UID1494906	1	1	0	0
1	1	UID1494909	1	1	0	0
1	1	UID1494911	1	1	0	0
1	1	UID1494917	1	1	0	0
1	1	UID1494924	1	1	0	0
1	1	UID1494932	1	1	0	0
1	1	UID1494938	1	1	0	0
1	1	UID1494941	1	1	0	0
1	1	UID1494948	1	1	0	0
1	1	UID1494951	1	1	0	0
1	1	UID1494952	1	1	0	0
1	1	UID1494954	1	1	0	0
1	1	UID1494963	1	1	0	0
1	1	UID1494964	1	1	0	0
1	1	UID1494965	1	1	0	0
1	1	UID1494982	1	1	0	0
1	1	UID1494986	1	1	0	0
1	1	UID1494988	1	1	0	0
1	1	UID1494992	1	1	0	0
1	1	UID1494997	1	1	0	0
1	1	UID1494998	1	1	0	0
1	1	UID1495001	1	1	0	0
1	1	UID1495002	1	1	0	0
1	1	UID1495004	1	1	0	0
1	1	UID1495005	1	1	0	0
1	1	UID1495009	1	1	0	0
1	1	UID1495010	1	1	0	0
1	1	UID1495011	1	1	0	0
1	1	UID1495013	1	1	0	0
1	1	UID1495016	1	1	0	0
1	1	UID1495022	1	1	0	0
1	1	UID1495023	1	1	0	0
1	1	UID1495024	1	1	0	0
1	1	UID1495038	1	1	0	0
1	1	UID1495052	1	1	0	0
1	1	UID1495053	1	1	0	0
1	1	UID1495054	1	1	0	0
1	1	UID1495055	1	1	0	0
1	1	UID1495061	1	1	0	0
1	1	UID1495062	1	1	0	0
1	1	UID1495075	1	1	0	0
1	1	UID1495080	1	1	0	0
1	1	UID1495081	1	1	0	0
1	1	UID1495090	1	1	0	0
1	1	UID1495092	1	1	0	0
1	1	UID1495093	1	1	0	0
1	1	UID1495094	1	1	0	0
1	1	UID1495096	1	1	0	0
1	1	UID1495098	1	1	0	0
1	1	UID1495099	1	1	0	0
1	1	UID1495100	1	1	0	0
1	1	UID1495102	1	1	0	0
1	1	UID1495103	1	1	0	0
1	1	UID1495105	1	1	0	0
1	1	UID1495107	1	1	0	0
1	1	UID1495114	1	1	0	0
1	1	UID1495115	1	1	0	0
1	1	UID1495119	1	1	0	0
1	1	UID1495120	1	1	0	0
1	1	UID1495124	1	1	0	0
1	1	UID1495132	1	1	0	0
1	1	UID1495133	1	1	0	0
1	1	UID1495136	1	1	0	0
1	1	UID1495158	1	1	0	0
1	1	UID1495160	1	1	0	0
1	1	UID1495165	1	1	0	0
1	1	UID1495167	1	1	0	0
1	1	UID1495169	1	1	0	0
1	1	UID1495179	1	1	0	0
1	1	UID1495183	1	1	0	0
1	1	UID1495194	1	1	0	0
1	1	UID1495198	1	1	0	0
1	1	UID1495201	1	1	0	0
1	1	UID1495205	1	1	0	0
1	1	UID1495207	1	1	0	0
1	1	UID1495208	1	1	0	0
1	1	UID1495209	1	1	0	0
1	1	UID1495211	1	1	0	0
1	1	UID1495212	1	1	0	0
1	1	UID1495213	1	1	0	0
1	1	UID1495220	1	1	0	0
1	1	UID1495222	1	1	0	0
1	1	UID1495224	1	1	0	0
1	1	UID1495225	1	1	0	0
1	1	UID1495227	1	1	0	0
1	1	UID1495229	1	1	0	0
1	1	UID1495242	1	1	0	0
1	1	UID1495245	1	1	0	0
1	1	UID1495246	1	1	0	0
1	1	UID1495247	1	1	0	0
1	1	UID1495248	1	1	0	0
1	1	UID1495251	1	1	0	0
1	1	UID1495252	1	1	0	0
1	1	UID1495261	1	1	0	0
1	1	UID1495265	1	1	0	0
1	1	UID1495266	1	1	0	0
1	1	UID1495267	1	1	0	0
1	1	UID1495268	1	1	0	0
1	1	UID1495278	1	1	0	0
1	1	UID1495281	1	1	0	0
1	1	UID1495284	1	1	0	0
1	1	UID1495285	1	1	0	0
1	1	UID1495291	1	1	0	0
1	1	UID1495292	1	1	0	0
1	1	UID1495301	1	1	0	0
1	1	UID1495302	1	1	0	0
1	1	UID1495303	1	1	0	0
1	1	UID1495305	1	1	0	0
1	1	UID1495307	1	1	0	0
1	1	UID1495308	1	1	0	0
1	1	UID1495317	1	1	0	0
1	1	UID1495318	1	1	0	0
1	1	UID1495319	1	1	0	0
1	1	UID1495320	1	1	0	0
1	1	UID1495321	1	1	0	0
1	1	UID1495327	1	1	0	0
1	1	UID1495336	1	1	0	0
1	1	UID1495339	1	1	0	0
1	1	UID1495342	1	1	0	0
1	1	UID1495343	1	1	0	0
1	1	UID1495344	1	1	0	0
1	1	UID1495347	1	1	0	0
1	1	UID1495358	1	1	0	0
1	1	UID1495361	1	1	0	0
1	1	UID1495362	1	1	0	0
1	1	UID1495370	1	1	0	0
1	1	UID1495383	1	1	0	0
1	1	UID1495386	1	1	0	0
1	1	UID1495387	1	1	0	0
1	1	UID1495392	1	1	0	0
1	1	UID1495403	1	1	0	0
1	1	UID1495404	1	1	0	0
1	1	UID1495405	1	1	0	0
1	1	UID1495408	1	1	0	0
1	1	UID1495409	1	1	0	0
1	1	UID1495410	1	1	0	0
1	1	UID1495420	1	1	0	0
1	1	UID1495422	1	1	0	0
1	1	UID1495424	1	1	0	0
1	1	UID1495426	1	1	0	0
1	1	UID1495427	1	1	0	0
1	1	UID1495431	1	1	0	0
1	1	UID1495434	1	1	0	0
1	1	UID1495436	1	1	0	0
1	1	UID1495446	1	1	0	0
1	1	UID1495448	1	1	0	0
1	1	UID1495451	1	1	0	0
1	1	UID1495456	1	1	0	0
1	1	UID1495457	1	1	0	0
1	1	UID1495458	1	1	0	0
1	1	UID1495459	1	1	0	0
1	1	UID1495460	1	1	0	0
1	1	UID1495462	1	1	0	0
1	1	UID1495463	1	1	0	0
1	1	UID1495464	1	1	0	0
1	1	UID1495482	1	1	0	0
1	1	UID1495483	1	1	0	0
1	1	UID1495488	1	1	0	0
1	1	UID1495489	1	1	0	0
1	1	UID1495490	1	1	0	0
1	1	UID1495495	1	1	0	0
1	1	UID1495496	1	1	0	0
1	1	UID1495498	1	1	0	0
1	1	UID1495501	1	1	0	0
1	1	UID1495509	1	1	0	0
1	1	UID1495511	1	1	0	0
1	1	UID1495512	1	1	0	0
1	1	UID1495513	1	1	0	0
1	1	UID1495517	1	1	0	0
1	1	UID1495519	1	1	0	0
1	1	UID1495520	1	1	0	0
1	1	UID1495521	1	1	0	0
1	1	UID1495522	1	1	0	0
1	1	UID1495523	1	1	0	0
1	1	UID1495526	1	1	0	0
1	1	UID1495530	1	1	0	0
1	1	UID1495532	1	1	0	0
1	1	UID1495533	1	1	0	0
1	1	UID1495535	1	1	0	0
1	1	UID1495538	1	1	0	0
1	1	UID1495541	1	1	0	0
1	1	UID1495547	1	1	0	0
1	1	UID1495549	1	1	0	0
1	1	UID1495550	1	1	0	0
1	1	UID1495551	1	1	0	0
1	1	UID1495552	1	1	0	0
1	1	UID1495554	1	1	0	0
1	1	UID1495564	1	1	0	0
1	1	UID1495568	1	1	0	0
1	1	UID1495569	1	1	0	0
1	1	UID1495578	1	1	0	0
1	1	UID1495579	1	1	0	0
1	1	UID1495594	1	1	0	0
1	1	UID1495597	1	1	0	0
1	1	UID1495598	1	1	0	0
1	1	UID1495605	1	1	0	0
1	1	UID1495606	1	1	0	0
1	1	UID1495607	1	1	0	0
1	1	UID1495613	1	1	0	0
1	1	UID1495614	1	1	0	0
1	1	UID1495618	1	1	0	0
1	1	UID1495620	1	1	0	0
1	1	UID1495622	1	1	0	0
1	1	UID1495623	1	1	0	0
1	1	UID1495625	1	1	0	0
1	1	UID1495626	1	1	0	0
1	1	UID1495628	1	1	0	0
1	1	UID1495639	1	1	0	0
1	1	UID1495649	1	1	0	0
1	1	UID1495658	1	1	0	0
1	1	UID1495667	1	1	0	0
1	1	UID1495670	1	1	0	0
1	1	UID1495671	1	1	0	0
1	1	UID1495672	1	1	0	0
1	1	UID1495673	1	1	0	0
1	1	UID1495674	1	1	0	0
1	1	UID1495675	1	1	0	0
1	1	UID1495678	1	1	0	0
1	1	UID1495681	1	1	0	0
1	1	UID1495682	1	1	0	0
1	1	UID1495689	1	1	0	0
1	1	UID1495690	1	1	0	0
1	1	UID1495693	1	1	0	0
1	1	UID1495694	1	1	0	0
1	1	UID1495698	1	1	0	0
1	1	UID1495702	1	1	0	0
1	1	UID1495703	1	1	0	0
1	1	UID1495704	1	1	0	0
1	1	UID1495706	1	1	0	0
1	1	UID1495708	1	1	0	0
1	1	UID1495709	1	1	0	0
1	1	UID1495710	1	1	0	0
1	1	UID1495711	1	1	0	0
1	1	UID1495713	1	1	0	0
1	1	UID1495716	1	1	0	0
1	1	UID1495728	1	1	0	0
1	1	UID1495729	1	1	0	0
1	1	UID1495730	1	1	0	0
1	1	UID1495731	1	1	0	0
1	1	UID1495733	1	1	0	0
1	1	UID1495736	1	1	0	0
1	1	UID1495739	1	1	0	0
1	1	UID1495741	1	1	0	0
1	1	UID1495742	1	1	0	0
1	1	UID1495743	1	1	0	0
1	1	UID1495748	1	1	0	0
1	1	UID1495749	1	1	0	0
1	1	UID1495750	1	1	0	0
1	1	UID1495751	1	1	0	0
1	1	UID1495754	1	1	0	0
1	1	UID1495755	1	1	0	0
1	1	UID1495756	1	1	0	0
1	1	UID1495757	1	1	0	0
1	1	UID1495759	1	1	0	0
1	1	UID1495769	1	1	0	0
1	1	UID1495770	1	1	0	0
1	1	UID1495773	1	1	0	0
1	1	UID1495780	1	1	0	0
1	1	UID1495781	1	1	0	0
1	1	UID1495782	1	1	0	0
1	1	UID1495783	1	1	0	0
1	1	UID1495784	1	1	0	0
1	1	UID1495785	1	1	0	0
1	1	UID1495786	1	1	0	0
1	1	UID1495787	1	1	0	0
1	1	UID1495792	1	1	0	0
1	1	UID1495793	1	1	0	0
1	1	UID1495794	1	1	0	0
1	1	UID1495796	1	1	0	0
1	1	UID1495797	1	1	0	0
1	1	UID1495798	1	1	0	0
1	1	UID1495810	1	1	0	0
1	1	UID1495813	1	1	0	0
1	1	UID1495816	1	1	0	0
1	1	UID1495817	1	1	0	0
1	1	UID1495818	1	1	0	0
1	1	UID1495826	1	1	0	0
1	1	UID1495828	1	1	0	0
1	1	UID1495831	1	1	0	0
1	1	UID1495832	1	1	0	0
1	1	UID1495833	1	1	0	0
1	1	UID1495836	1	1	0	0
1	1	UID1495837	1	1	0	0
1	1	UID1495838	1	1	0	0
1	1	UID1495839	1	1	0	0
1	1	UID1495855	1	1	0	0
1	1	UID1495857	1	1	0	0
1	1	UID1495860	1	1	0	0
1	1	UID1495870	1	1	0	0
1	1	UID1495871	1	1	0	0
1	1	UID1495872	1	1	0	0
1	1	UID1495874	1	1	0	0
1	1	UID1495875	1	1	0	0
1	1	UID1495878	1	1	0	0
1	1	UID1495880	1	1	0	0
1	1	UID1495882	1	1	0	0
1	1	UID1495887	1	1	0	0
1	1	UID1495889	1	1	0	0
1	1	UID1495892	1	1	0	0
1	1	UID1495893	1	1	0	0
1	1	UID1495898	1	1	0	0
1	1	UID1495905	1	1	0	0
1	1	UID1495906	1	1	0	0
1	1	UID1495911	1	1	0	0
1	1	UID1495912	1	1	0	0
1	1	UID1495915	1	1	0	0
1	1	UID1495920	1	1	0	0
1	1	UID1495926	1	1	0	0
1	1	UID1495927	1	1	0	0
1	1	UID1495931	1	1	0	0
1	1	UID1495933	1	1	0	0
1	1	UID1495934	1	1	0	0
1	1	UID1495935	1	1	0	0
1	1	UID1495937	1	1	0	0
1	1	UID1495965	1	1	0	0
1	1	UID1495989	1	1	0	0
1	1	UID1495999	1	1	0	0
1	1	UID1496027	1	1	0	0
1	1	UID1496216	1	1	0	0
1	1	UID1496244	1	1	0	0
1	1	UID1496268	1	1	0	0
1	1	UID1496297	1	1	0	0
1	1	UID1496302	1	1	0	0
1	1	UID1496305	1	1	0	0
1	1	UID1496323	1	1	0	0
1	1	UID1496331	1	1	0	0
1	1	UID1496339	1	1	0	0
1	1	UID1496344	1	1	0	0
1	1	UID1496351	1	1	0	0
1	1	UID1496369	1	1	0	0
1	1	UID1496370	1	1	0	0
1	1	UID1496391	1	1	0	0
1	1	UID1496392	1	1	0	0
1	1	UID1496393	1	1	0	0
1	1	UID1496399	1	1	0	0
1	1	UID1496408	1	1	0	0
1	1	UID1496412	1	1	0	0
1	1	UID1496425	1	1	0	0
1	1	UID1496429	1	1	0	0
1	1	UID1496432	1	1	0	0
1	1	UID1496437	1	1	0	0
1	1	UID1496438	1	1	0	0
1	1	UID1496443	1	1	0	0
1	1	UID1496452	1	1	0	0
1	1	UID1496460	1	1	0	0
1	1	UID1496480	1	1	0	0
1	1	UID1496483	1	1	0	0
1	1	UID1496493	1	1	0	0
1	1	UID1496494	1	1	0	0
1	1	UID1496502	1	1	0	0
1	1	UID1496503	1	1	0	0
1	1	UID1496505	1	1	0	0
1	1	UID1496506	1	1	0	0
1	1	UID1496516	1	1	0	0
1	1	UID1496518	1	1	0	0
1	1	UID1496520	1	1	0	0
1	1	UID1496533	1	1	0	0
1	1	UID1496536	1	1	0	0
1	1	UID1496537	1	1	0	0
1	1	UID1496538	1	1	0	0
1	1	UID1496540	1	1	0	0
1	1	UID1496541	1	1	0	0
1	1	UID1496545	1	1	0	0
1	1	UID1496555	1	1	0	0
1	1	UID1496559	1	1	0	0
1	1	UID1496564	1	1	0	0
1	1	UID1496565	1	1	0	0
1	1	UID1496566	1	1	0	0
1	1	UID1496570	1	1	0	0
1	1	UID1496571	1	1	0	0
1	1	UID1496581	1	1	0	0
1	1	UID1496586	1	1	0	0
1	1	UID1496587	1	1	0	0
1	1	UID1496588	1	1	0	0
1	1	UID1496592	1	1	0	0
1	1	UID1496594	1	1	0	0
1	1	UID1496598	1	1	0	0
1	1	UID1496601	1	1	0	0
1	1	UID1496602	1	1	0	0
1	1	UID1496605	1	1	0	0
1	1	UID1496608	1	1	0	0
1	1	UID1496610	1	1	0	0
1	1	UID1496616	1	1	0	0
1	1	UID1496620	1	1	0	0
1	1	UID1496623	1	1	0	0
1	1	UID1496626	1	1	0	0
1	1	UID1496627	1	1	0	0
1	1	UID1496628	1	1	0	0
1	1	UID1496629	1	1	0	0
1	1	UID1496632	1	1	0	0
1	1	UID1496633	1	1	0	0
1	1	UID1496634	1	1	0	0
1	1	UID1496635	1	1	0	0
1	1	UID1496636	1	1	0	0
1	1	UID1496637	1	1	0	0
1	1	UID1496638	1	1	0	0
1	1	UID1496643	1	1	0	0
1	1	UID1496645	1	1	0	0
1	1	UID1496646	1	1	0	0
1	1	UID1496655	1	1	0	0
1	1	UID1496656	1	1	0	0
1	1	UID1496657	1	1	0	0
1	1	UID1496661	1	1	0	0
1	1	UID1496664	1	1	0	0
1	1	UID1496666	1	1	0	0
1	1	UID1496667	1	1	0	0
1	1	UID1496668	1	1	0	0
1	1	UID1496669	1	1	0	0
1	1	UID1496670	1	1	0	0
1	1	UID1496671	1	1	0	0
1	1	UID1496672	1	1	0	0
1	1	UID1496674	1	1	0	0
1	1	UID1496676	1	1	0	0
1	1	UID1496678	1	1	0	0
1	1	UID1496680	1	1	0	0
1	1	UID1496682	1	1	0	0
1	1	UID1496683	1	1	0	0
1	1	UID1496684	1	1	0	0
1	1	UID1496695	1	1	0	0
1	1	UID1496699	1	1	0	0
1	1	UID1496700	1	1	0	0
1	1	UID1496703	1	1	0	0
1	1	UID1496704	1	1	0	0
1	1	UID1496720	1	1	0	0
1	1	UID1496724	1	1	0	0
1	1	UID1496726	1	1	0	0
1	1	UID1496745	1	1	0	0
1	1	UID1496746	1	1	0	0
1	1	UID1496748	1	1	0	0
1	1	UID1496749	1	1	0	0
1	1	UID1496750	1	1	0	0
1	1	UID1496757	1	1	0	0
1	1	UID1496766	1	1	0	0
1	1	UID1496767	1	1	0	0
1	1	UID1496773	1	1	0	0
1	1	UID1496782	1	1	0	0
1	1	UID1496783	1	1	0	0
1	1	UID1496796	1	1	0	0
1	1	UID1496797	1	1	0	0
1	1	UID1496802	1	1	0	0
1	1	UID1496803	1	1	0	0
1	1	UID1496811	1	1	0	0
1	1	UID1496812	1	1	0	0
1	1	UID1496813	1	1	0	0
1	1	UID1496814	1	1	0	0
1	1	UID1496817	1	1	0	0
1	1	UID1496824	1	1	0	0
1	1	UID1496826	1	1	0	0
1	1	UID1496828	1	1	0	0
1	1	UID1496829	1	1	0	0
1	1	UID1496834	1	1	0	0
1	1	UID1496838	1	1	0	0
1	1	UID1496850	1	1	0	0
1	1	UID1496851	1	1	0	0
1	1	UID1496853	1	1	0	0
1	1	UID1496861	1	1	0	0
1	1	UID1496864	1	1	0	0
1	1	UID1496865	1	1	0	0
1	1	UID1496872	1	1	0	0
1	1	UID1496878	1	1	0	0
1	1	UID1496879	1	1	0	0
1	1	UID1496883	1	1	0	0
1	1	UID1496884	1	1	0	0
1	1	UID1496887	1	1	0	0
1	1	UID1496888	1	1	0	0
1	1	UID1496892	1	1	0	0
1	1	UID1496900	1	1	0	0
1	1	UID1496902	1	1	0	0
1	1	UID1496904	1	1	0	0
1	1	UID1496905	1	1	0	0
1	1	UID1496912	1	1	0	0
1	1	UID1496915	1	1	0	0
1	1	UID1496916	1	1	0	0
1	1	UID1496921	1	1	0	0
1	1	UID1496925	1	1	0	0
1	1	UID1496942	1	1	0	0
1	1	UID1496943	1	1	0	0
1	1	UID1496944	1	1	0	0
1	1	UID1496949	1	1	0	0
1	1	UID1496950	1	1	0	0
1	1	UID1496960	1	1	0	0
1	1	UID1496963	1	1	0	0
1	1	UID1496970	1	1	0	0
1	1	UID1496973	1	1	0	0
1	1	UID1496980	1	1	0	0
1	1	UID1496984	1	1	0	0
1	1	UID1496985	1	1	0	0
1	1	UID1496986	1	1	0	0
1	1	UID1496997	1	1	0	0
1	1	UID1497000	1	1	0	0
1	1	UID1497001	1	1	0	0
1	1	UID1497002	1	1	0	0
1	1	UID1497003	1	1	0	0
1	1	UID1497007	1	1	0	0
1	1	UID1497009	1	1	0	0
1	1	UID1497011	1	1	0	0
1	1	UID1497013	1	1	0	0
1	1	UID1497023	1	1	0	0
1	1	UID1497038	1	1	0	0
1	1	UID1497040	1	1	0	0
1	1	UID1497043	1	1	0	0
1	1	UID1497055	1	1	0	0
1	1	UID1497056	1	1	0	0
1	1	UID1497065	1	1	0	0
1	1	UID1497066	1	1	0	0
1	1	UID1497079	1	1	0	0
1	1	UID1497080	1	1	0	0
1	1	UID1497081	1	1	0	0
1	1	UID1497085	1	1	0	0
1	1	UID1497086	1	1	0	0
1	1	UID1497090	1	1	0	0
1	1	UID1497108	1	1	0	0
1	1	UID1497109	1	1	0	0
1	1	UID1497114	1	1	0	0
1	1	UID1497116	1	1	0	0
1	1	UID1497124	1	1	0	0
1	1	UID1497135	1	1	0	0
1	1	UID1497144	1	1	0	0
1	1	UID1497145	1	1	0	0
1	1	UID1497146	1	1	0	0
1	1	UID1497147	1	1	0	0
1	1	UID1497152	1	1	0	0
1	1	UID1497154	1	1	0	0
1	1	UID1497155	1	1	0	0
1	1	UID1497158	1	1	0	0
1	1	UID1497160	1	1	0	0
1	1	UID1497168	1	1	0	0
1	1	UID1497170	1	1	0	0
1	1	UID1497183	1	1	0	0
1	1	UID1497185	1	1	0	0
1	1	UID1497195	1	1	0	0
1	1	UID1497211	1	1	0	0
1	1	UID1497234	1	1	0	0
1	1	UID1497242	1	1	0	0
1	1	UID1497244	1	1	0	0
1	1	UID1497245	1	1	0	0
1	1	UID1497246	1	1	0	0
1	1	UID1497248	1	1	0	0
1	1	UID1497249	1	1	0	0
1	1	UID1497250	1	1	0	0
1	1	UID1497252	1	1	0	0
1	1	UID1497257	1	1	0	0
1	1	UID1497258	1	1	0	0
1	1	UID1497267	1	1	0	0
1	1	UID1497283	1	1	0	0
1	1	UID1497286	1	1	0	0
1	1	UID1497293	1	1	0	0
1	1	UID1497294	1	1	0	0
1	1	UID1497296	1	1	0	0
1	1	UID1497300	1	1	0	0
1	1	UID1497305	1	1	0	0
1	1	UID1497316	1	1	0	0
1	1	UID1497323	1	1	0	0
1	1	UID1497324	1	1	0	0
1	1	UID1497326	1	1	0	0
1	1	UID1497327	1	1	0	0
1	1	UID1497346	1	1	0	0
1	1	UID1497347	1	1	0	0
1	1	UID1497350	1	1	0	0
1	1	UID1497352	1	1	0	0
1	1	UID1497357	1	1	0	0
1	1	UID1497358	1	1	0	0
1	1	UID1497359	1	1	0	0
1	1	UID1497362	1	1	0	0
1	1	UID1497363	1	1	0	0
1	1	UID1497364	1	1	0	0
1	1	UID1497367	1	1	0	0
1	1	UID1497368	1	1	0	0
1	1	UID1497391	1	1	0	0
1	1	UID1497394	1	1	0	0
1	1	UID1497395	1	1	0	0
1	1	UID1497399	1	1	0	0
1	1	UID1497400	1	1	0	0
1	1	UID1497413	1	1	0	0
1	1	UID1497417	1	1	0	0
1	1	UID1497419	1	1	0	0
1	1	UID1497437	1	1	0	0
1	1	UID1497438	1	1	0	0
1	1	UID1497439	1	1	0	0
1	1	UID1497440	1	1	0	0
1	1	UID1497444	1	1	0	0
1	1	UID1497446	1	1	0	0
1	1	UID1497448	1	1	0	0
1	1	UID1497449	1	1	0	0
1	1	UID1497450	1	1	0	0
1	1	UID1497451	1	1	0	0
1	1	UID1497454	1	1	0	0
1	1	UID1497456	1	1	0	0
1	1	UID1497458	1	1	0	0
1	1	UID1497459	1	1	0	0
1	1	UID1497461	1	1	0	0
1	1	UID1497462	1	1	0	0
1	1	UID1497465	1	1	0	0
1	1	UID1497467	1	1	0	0
1	1	UID1497469	1	1	0	0
1	1	UID1497473	1	1	0	0
1	1	UID1497474	1	1	0	0
1	1	UID1497475	1	1	0	0
1	1	UID1497476	1	1	0	0
1	1	UID1497477	1	1	0	0
1	1	UID1497479	1	1	0	0
3	3	UID1497480	1	3	2	2
1	1	UID1497483	1	1	0	0
1	1	UID1497485	1	1	0	0
1	1	UID1497499	1	1	0	0
1	1	UID1497500	1	1	0	0
1	1	UID1497504	1	1	0	0
1	1	UID1497506	1	1	0	0
1	1	UID1497509	1	1	0	0
1	1	UID1497510	1	1	0	0
1	1	UID1497514	1	1	0	0
1	1	UID1497515	1	1	0	0
1	1	UID1497517	1	1	0	0
1	1	UID1497520	1	1	0	0
1	1	UID1497523	1	1	0	0
1	1	UID1497528	1	1	0	0
1	1	UID1497530	1	1	0	0
1	1	UID1497531	1	1	0	0
1	1	UID1497539	1	1	0	0
1	1	UID1497541	1	1	0	0
1	1	UID1497560	1	1	0	0
1	1	UID1497561	1	1	0	0
1	1	UID1497564	1	1	0	0
1	1	UID1497565	1	1	0	0
1	1	UID1497582	1	1	0	0
1	1	UID1497583	1	1	0	0
1	1	UID1497584	1	1	0	0
1	1	UID1497585	1	1	0	0
1	1	UID1497588	1	1	0	0
1	1	UID1497589	1	1	0	0
1	1	UID1497590	1	1	0	0
1	1	UID1497591	1	1	0	0
1	1	UID1497593	1	1	0	0
1	1	UID1497594	1	1	0	0
1	1	UID1497597	1	1	0	0
1	1	UID1497598	1	1	0	0
1	1	UID1497600	1	1	0	0
1	1	UID1497601	1	1	0	0
1	1	UID1497602	1	1	0	0
1	1	UID1497603	1	1	0	0
1	1	UID1497605	1	1	0	0
1	1	UID1497607	1	1	0	0
1	1	UID1497609	1	1	0	0
1	1	UID1497611	1	1	0	0
1	1	UID1497612	1	1	0	0
1	1	UID1497613	1	1	0	0
1	1	UID1497614	1	1	0	0
1	1	UID1497615	1	1	0	0
1	1	UID1497618	1	1	0	0
1	1	UID1497619	1	1	0	0
1	1	UID1497625	1	1	0	0
1	1	UID1497629	1	1	0	0
1	1	UID1497632	1	1	0	0
1	1	UID1497635	1	1	0	0
1	1	UID1497636	1	1	0	0
1	1	UID1497637	1	1	0	0
1	1	UID1497641	1	1	0	0
1	1	UID1497642	1	1	0	0
1	1	UID1497650	1	1	0	0
1	1	UID1497659	1	1	0	0
1	1	UID1497662	1	1	0	0
1	1	UID1497663	1	1	0	0
1	1	UID1497664	1	1	0	0
1	1	UID1497666	1	1	0	0
1	1	UID1497678	1	1	0	0
1	1	UID1497690	1	1	0	0
1	1	UID1497701	1	1	0	0
1	1	UID1497704	1	1	0	0
1	1	UID1497718	1	1	0	0
1	1	UID1497729	1	1	0	0
1	1	UID1497758	1	1	0	0
1	1	UID1497759	1	1	0	0
1	1	UID1497767	1	1	0	0
1	1	UID1497773	1	1	0	0
1	1	UID1497787	1	1	0	0
1	1	UID1497788	1	1	0	0
1	1	UID1497799	1	1	0	0
1	1	UID1497800	1	1	0	0
1	1	UID1497813	1	1	0	0
1	1	UID1497816	1	1	0	0
1	1	UID1497824	1	1	0	0
1	1	UID1497828	1	1	0	0
1	1	UID1497829	1	1	0	0
1	1	UID1497830	1	1	0	0
1	1	UID1497832	1	1	0	0
1	1	UID1497833	1	1	0	0
1	1	UID1497834	1	1	0	0
1	1	UID1497835	1	1	0	0
1	1	UID1497842	1	1	0	0
1	1	UID1497852	1	1	0	0
1	1	UID1497863	1	1	0	0
1	1	UID1497864	1	1	0	0
1	1	UID1497865	1	1	0	0
1	1	UID1497867	1	1	0	0
1	1	UID1497868	1	1	0	0
1	1	UID1497869	1	1	0	0
1	1	UID1497871	1	1	0	0
1	1	UID1497873	1	1	0	0
1	1	UID1497879	1	1	0	0
1	1	UID1497881	1	1	0	0
1	1	UID1497883	1	1	0	0
1	1	UID1497885	1	1	0	0
1	1	UID1497890	1	1	0	0
1	1	UID1497891	1	1	0	0
1	1	UID1497892	1	1	0	0
1	1	UID1497893	1	1	0	0
1	1	UID1497895	1	1	0	0
1	1	UID1497898	1	1	0	0
1	1	UID1497902	1	1	0	0
1	1	UID1497914	1	1	0	0
1	1	UID1497917	1	1	0	0
1	1	UID1497919	1	1	0	0
1	1	UID1497920	1	1	0	0
1	1	UID1497924	1	1	0	0
1	1	UID1497927	1	1	0	0
1	1	UID1497928	1	1	0	0
1	1	UID1497930	1	1	0	0
1	1	UID1497931	1	1	0	0
1	1	UID1497932	1	1	0	0
1	1	UID1497936	1	1	0	0
1	1	UID1497941	1	1	0	0
1	1	UID1497942	1	1	0	0
1	1	UID1497944	1	1	0	0
1	1	UID1497945	1	1	0	0
1	1	UID1497946	1	1	0	0
1	1	UID1497947	1	1	0	0
1	1	UID1497948	1	1	0	0
1	1	UID1497949	1	1	0	0
1	1	UID1497957	1	1	0	0
1	1	UID1497962	1	1	0	0
1	1	UID1497965	1	1	0	0
1	1	UID1497973	1	1	0	0
1	1	UID1497977	1	1	0	0
1	1	UID1497980	1	1	0	0
1	1	UID1497981	1	1	0	0
1	1	UID1497993	1	1	0	0
1	1	UID1497994	1	1	0	0
1	1	UID1497998	1	1	0	0
1	1	UID1497999	1	1	0	0
1	1	UID1498007	1	1	0	0
1	1	UID1498017	1	1	0	0
1	1	UID1498018	1	1	0	0
1	1	UID1498019	1	1	0	0
1	1	UID1498020	1	1	0	0
1	1	UID1498022	1	1	0	0
1	1	UID1498024	1	1	0	0
1	1	UID1498025	1	1	0	0
1	1	UID1498026	1	1	0	0
1	1	UID1498027	1	1	0	0
1	1	UID1498030	1	1	0	0
1	1	UID1498031	1	1	0	0
1	1	UID1498034	1	1	0	0
1	1	UID1498035	1	1	0	0
1	1	UID1498038	1	1	0	0
1	1	UID1498039	1	1	0	0
1	1	UID1498041	1	1	0	0
1	1	UID1498049	1	1	0	0
1	1	UID1498051	1	1	0	0
1	1	UID1498054	1	1	0	0
1	1	UID1498055	1	1	0	0
1	1	UID1498056	1	1	0	0
1	1	UID1498058	1	1	0	0
1	1	UID1498059	1	1	0	0
1	1	UID1498063	1	1	0	0
1	1	UID1498087	1	1	0	0
1	1	UID1498089	1	1	0	0
1	1	UID1498090	1	1	0	0
1	1	UID1498091	1	1	0	0
1	1	UID1498093	1	1	0	0
1	1	UID1498095	1	1	0	0
1	1	UID1498101	1	1	0	0
1	1	UID1498102	1	1	0	0
1	1	UID1498103	1	1	0	0
1	1	UID1498112	1	1	0	0
1	1	UID1498114	1	1	0	0
1	1	UID1498117	1	1	0	0
1	1	UID1498123	1	1	0	0
1	1	UID1498136	1	1	0	0
1	1	UID1498138	1	1	0	0
1	1	UID1498140	1	1	0	0
1	1	UID1498142	1	1	0	0
1	1	UID1498143	1	1	0	0
1	1	UID1498144	1	1	0	0
1	1	UID1498145	1	1	0	0
1	1	UID1498149	1	1	0	0
1	1	UID1498151	1	1	0	0
1	1	UID1498152	1	1	0	0
1	1	UID1498156	1	1	0	0
1	1	UID1498171	1	1	0	0
1	1	UID1498172	1	1	0	0
1	1	UID1498173	1	1	0	0
1	1	UID1498176	1	1	0	0
1	1	UID1498177	1	1	0	0
1	1	UID1498179	1	1	0	0
1	1	UID1498190	1	1	0	0
1	1	UID1498191	1	1	0	0
1	1	UID1498192	1	1	0	0
1	1	UID1498194	1	1	0	0
1	1	UID1498196	1	1	0	0
1	1	UID1498197	1	1	0	0
1	1	UID1498204	1	1	0	0
1	1	UID1498205	1	1	0	0
1	1	UID1498206	1	1	0	0
1	1	UID1498210	1	1	0	0
1	1	UID1498211	1	1	0	0
1	1	UID1498231	1	1	0	0
1	1	UID1498234	1	1	0	0
1	1	UID1498235	1	1	0	0
1	1	UID1498236	1	1	0	0
1	1	UID1498238	1	1	0	0
1	1	UID1498250	1	1	0	0
1	1	UID1498255	1	1	0	0
1	1	UID1498256	1	1	0	0
1	1	UID1498257	1	1	0	0
1	1	UID1498258	1	1	0	0
1	1	UID1498260	1	1	0	0
1	1	UID1498263	1	1	0	0
1	1	UID1498264	1	1	0	0
1	1	UID1498265	1	1	0	0
1	1	UID1498274	1	1	0	0
1	1	UID1498276	1	1	0	0
1	1	UID1498278	1	1	0	0
1	1	UID1498280	1	1	0	0
1	1	UID1498281	1	1	0	0
1	1	UID1498282	1	1	0	0
1	1	UID1498283	1	1	0	0
1	1	UID1498284	1	1	0	0
1	1	UID1498285	1	1	0	0
1	1	UID1498286	1	1	0	0
1	1	UID1498290	1	1	0	0
1	1	UID1498292	1	1	0	0
1	1	UID1498319	1	1	0	0
1	1	UID1498320	1	1	0	0
1	1	UID1498321	1	1	0	0
1	1	UID1498322	1	1	0	0
1	1	UID1498323	1	1	0	0
1	1	UID1498324	1	1	0	0
1	1	UID1498327	1	1	0	0
1	1	UID1498328	1	1	0	0
1	1	UID1498347	1	1	0	0
1	1	UID1498348	1	1	0	0
1	1	UID1498350	1	1	0	0
1	1	UID1498351	1	1	0	0
1	1	UID1498357	1	1	0	0
1	1	UID1498380	1	1	0	0
1	1	UID1498383	1	1	0	0
1	1	UID1498384	1	1	0	0
1	1	UID1498385	1	1	0	0
1	1	UID1498387	1	1	0	0
1	1	UID1498398	1	1	0	0
1	1	UID1498400	1	1	0	0
1	1	UID1498402	1	1	0	0
1	1	UID1498405	1	1	0	0
1	1	UID1498407	1	1	0	0
1	1	UID1498414	1	1	0	0
1	1	UID1498416	1	1	0	0
1	1	UID1498417	1	1	0	0
1	1	UID1498418	1	1	0	0
1	1	UID1498442	1	1	0	0
1	1	UID1498457	1	1	0	0
1	1	UID1498459	1	1	0	0
1	1	UID1498460	1	1	0	0
1	1	UID1498461	1	1	0	0
1	1	UID1498462	1	1	0	0
1	1	UID1498463	1	1	0	0
1	1	UID1498464	1	1	0	0
1	1	UID1498474	1	1	0	0
1	1	UID1498475	1	1	0	0
1	1	UID1498486	1	1	0	0
1	1	UID1498487	1	1	0	0
1	1	UID1498491	1	1	0	0
1	1	UID1498492	1	1	0	0
1	1	UID1498497	1	1	0	0
1	1	UID1498498	1	1	0	0
1	1	UID1498501	1	1	0	0
1	1	UID1498502	1	1	0	0
1	1	UID1498504	1	1	0	0
1	1	UID1498515	1	1	0	0
1	1	UID1498516	1	1	0	0
1	1	UID1498521	1	1	0	0
1	1	UID1498523	1	1	0	0
1	1	UID1498524	1	1	0	0
1	1	UID1498525	1	1	0	0
1	1	UID1498535	1	1	0	0
1	1	UID1498536	1	1	0	0
1	1	UID1498537	1	1	0	0
1	1	UID1498538	1	1	0	0
1	1	UID1498539	1	1	0	0
1	1	UID1498543	1	1	0	0
1	1	UID1498544	1	1	0	0
1	1	UID1498561	1	1	0	0
1	1	UID1498572	1	1	0	0
1	1	UID1498580	1	1	0	0
1	1	UID1498584	1	1	0	0
1	1	UID1498589	1	1	0	0
1	1	UID1498590	1	1	0	0
1	1	UID1498593	1	1	0	0
1	1	UID1498610	1	1	0	0
1	1	UID1498611	1	1	0	0
1	1	UID1498612	1	1	0	0
1	1	UID1498615	1	1	0	0
1	1	UID1498616	1	1	0	0
1	1	UID1498651	1	1	0	0
1	1	UID1498652	1	1	0	0
1	1	UID1498654	1	1	0	0
1	1	UID1498655	1	1	0	0
1	1	UID1498656	1	1	0	0
1	1	UID1498662	1	1	0	0
1	1	UID1498673	1	1	0	0
1	1	UID1498674	1	1	0	0
1	1	UID1498675	1	1	0	0
1	1	UID1498692	1	1	0	0
1	1	UID1498694	1	1	0	0
1	1	UID1498699	1	1	0	0
1	1	UID1498701	1	1	0	0
1	1	UID1498704	1	1	0	0
1	1	UID1498732	1	1	0	0
1	1	UID1498744	1	1	0	0
1	1	UID1498775	1	1	0	0
1	1	UID1498777	1	1	0	0
1	1	UID1498780	1	1	0	0
1	1	UID1498790	1	1	0	0
1	1	UID1498793	1	1	0	0
1	1	UID1498799	1	1	0	0
1	1	UID1498814	1	1	0	0
1	1	UID1498816	1	1	0	0
1	1	UID1498829	1	1	0	0
1	1	UID1498831	1	1	0	0
1	1	UID1498838	1	1	0	0
1	1	UID1498841	1	1	0	0
1	1	UID1498848	1	1	0	0
1	1	UID1498858	1	1	0	0
1	1	UID1498865	1	1	0	0
4	4	UID1498882	1	4	2	2
1	1	UID1498890	1	1	0	0
1	1	UID1498892	1	1	0	0
1	1	UID1498898	1	1	0	0
1	1	UID1498909	1	1	0	0
1	1	UID1498911	1	1	0	0
1	1	UID1498912	1	1	0	0
1	1	UID1498929	1	1	0	0
1	1	UID1498930	1	1	0	0
1	1	UID1498934	1	1	0	0
1	1	UID1498938	1	1	0	0
1	1	UID1498939	1	1	0	0
1	1	UID1498954	1	1	0	0
1	1	UID1498955	1	1	0	0
1	1	UID1498960	1	1	0	0
1	1	UID1498974	1	1	0	0
1	1	UID1498976	1	1	0	0
1	1	UID1498989	1	1	0	0
1	1	UID1499003	1	1	0	0
1	1	UID1499005	1	1	0	0
1	1	UID1499009	1	1	0	0
1	1	UID1499016	1	1	0	0
1	1	UID1499023	1	1	0	0
1	1	UID1499026	1	1	0	0
1	1	UID1499028	1	1	0	0
1	1	UID1499029	1	1	0	0
1	1	UID1499034	1	1	0	0
1	1	UID1499037	1	1	0	0
1	1	UID1499057	1	1	0	0
1	1	UID1499059	1	1	0	0
1	1	UID1499072	1	1	0	0
1	1	UID1499073	1	1	0	0
1	1	UID1499074	1	1	0	0
1	1	UID1499075	1	1	0	0
1	1	UID1499084	1	1	0	0
1	1	UID1499085	1	1	0	0
1	1	UID1499086	1	1	0	0
1	1	UID1499087	1	1	0	0
1	1	UID1499088	1	1	0	0
1	1	UID1499092	1	1	0	0
1	1	UID1499093	1	1	0	0
1	1	UID1499094	1	1	0	0
1	1	UID1499099	1	1	0	0
1	1	UID1499103	1	1	0	0
1	1	UID1499105	1	1	0	0
1	1	UID1499116	1	1	0	0
1	1	UID1499134	1	1	0	0
1	1	UID1499138	1	1	0	0
1	1	UID1499139	1	1	0	0
1	1	UID1499143	1	1	0	0
1	1	UID1499144	1	1	0	0
1	1	UID1499145	1	1	0	0
1	1	UID1499147	1	1	0	0
1	1	UID1499159	1	1	0	0
1	1	UID1499162	1	1	0	0
1	1	UID1499164	1	1	0	0
1	1	UID1499168	1	1	0	0
1	1	UID1499169	1	1	0	0
1	1	UID1499191	1	1	0	0
1	1	UID1499195	1	1	0	0
1	1	UID1499215	1	1	0	0
1	1	UID1499217	1	1	0	0
1	1	UID1499231	1	1	0	0
1	1	UID1499234	1	1	0	0
1	1	UID1499237	1	1	0	0
1	1	UID1499254	1	1	0	0
1	1	UID1499270	1	1	0	0
1	1	UID1499275	1	1	0	0
1	1	UID1499412	1	1	0	0
1	1	UID1499427	1	1	0	0
1	1	UID1499704	1	1	0	0
1	1	UID1499729	1	1	0	0
1	1	UID1499736	1	1	0	0
1	1	UID1499756	1	1	0	0
1	1	UID1499764	1	1	0	0
1	1	UID1499784	1	1	0	0
1	1	UID1499787	1	1	0	0
1	1	UID1499798	1	1	0	0
1	1	UID1499807	1	1	0	0
1	1	UID1499808	1	1	0	0
1	1	UID1499809	1	1	0	0
1	1	UID1499810	1	1	0	0
1	1	UID1499812	1	1	0	0
1	1	UID1499815	1	1	0	0
1	1	UID1499819	1	1	0	0
1	1	UID1499820	1	1	0	0
1	1	UID1499821	1	1	0	0
1	1	UID1499825	1	1	0	0
1	1	UID1499836	1	1	0	0
1	1	UID1499837	1	1	0	0
1	1	UID1499838	1	1	0	0
1	1	UID1499839	1	1	0	0
1	1	UID1499840	1	1	0	0
1	1	UID1499841	1	1	0	0
1	1	UID1499843	1	1	0	0
1	1	UID1499844	1	1	0	0
1	1	UID1499845	1	1	0	0
1	1	UID1499846	1	1	0	0
1	1	UID1499849	1	1	0	0
1	1	UID1499855	1	1	0	0
1	1	UID1499856	1	1	0	0
1	1	UID1499857	1	1	0	0
1	1	UID1499858	1	1	0	0
1	1	UID1499866	1	1	0	0
1	1	UID1499868	1	1	0	0
1	1	UID1499869	1	1	0	0
1	1	UID1499873	1	1	0	0
1	1	UID1499881	1	1	0	0
1	1	UID1499882	1	1	0	0
1	1	UID1499885	1	1	0	0
1	1	UID1499886	1	1	0	0
1	1	UID1499890	1	1	0	0
1	1	UID1499892	1	1	0	0
1	1	UID1499894	1	1	0	0
1	1	UID1499910	1	1	0	0
1	1	UID1499911	1	1	0	0
1	1	UID1499913	1	1	0	0
1	1	UID1499914	1	1	0	0
1	1	UID1499919	1	1	0	0
1	1	UID1499920	1	1	0	0
1	1	UID1499922	1	1	0	0
1	1	UID1499932	1	1	0	0
1	1	UID1499950	1	1	0	0
1	1	UID1499951	1	1	0	0
1	1	UID1499959	1	1	0	0
1	1	UID1499966	1	1	0	0
1	1	UID1499971	1	1	0	0
1	1	UID1499974	1	1	0	0
1	1	UID1499989	1	1	0	0
1	1	UID1499990	1	1	0	0
1	1	UID1499991	1	1	0	0
1	1	UID1499998	1	1	0	0
1	1	UID1500002	1	1	0	0
1	1	UID1500006	1	1	0	0
1	1	UID1500007	1	1	0	0
1	1	UID1500013	1	1	0	0
1	1	UID1500015	1	1	0	0
1	1	UID1500017	1	1	0	0
1	1	UID1500018	1	1	0	0
1	1	UID1500023	1	1	0	0
1	1	UID1500024	1	1	0	0
1	1	UID1500025	1	1	0	0
1	1	UID1500033	1	1	0	0
1	1	UID1500037	1	1	0	0
1	1	UID1500045	1	1	0	0
1	1	UID1500048	1	1	0	0
1	1	UID1500049	1	1	0	0
1	1	UID1500067	1	1	0	0
1	1	UID1500068	1	1	0	0
1	1	UID1500070	1	1	0	0
1	1	UID1500071	1	1	0	0
1	1	UID1500072	1	1	0	0
1	1	UID1500078	1	1	0	0
1	1	UID1500079	1	1	0	0
1	1	UID1500081	1	1	0	0
1	1	UID1500085	1	1	0	0
1	1	UID1500086	1	1	0	0
1	1	UID1500088	1	1	0	0
1	1	UID1500092	1	1	0	0
1	1	UID1500096	1	1	0	0
1	1	UID1500107	1	1	0	0
1	1	UID1500120	1	1	0	0
1	1	UID1500121	1	1	0	0
1	1	UID1500150	1	1	0	0
1	1	UID1500161	1	1	0	0
1	1	UID1500163	1	1	0	0
1	1	UID1500165	1	1	0	0
1	1	UID1500169	1	1	0	0
1	1	UID1500182	1	1	0	0
1	1	UID1500185	1	1	0	0
1	1	UID1500190	1	1	0	0
1	1	UID1500192	1	1	0	0
1	1	UID1500195	1	1	0	0
1	1	UID1500198	1	1	0	0
1	1	UID1500209	1	1	0	0
1	1	UID1500223	1	1	0	0
1	1	UID1500224	1	1	0	0
1	1	UID1500226	1	1	0	0
1	1	UID1500230	1	1	0	0
1	1	UID1500231	1	1	0	0
1	1	UID1500233	1	1	0	0
1	1	UID1500235	1	1	0	0
1	1	UID1500237	1	1	0	0
1	1	UID1500240	1	1	0	0
1	1	UID1500241	1	1	0	0
1	1	UID1500242	1	1	0	0
1	1	UID1500244	1	1	0	0
1	1	UID1500252	1	1	0	0
1	1	UID1500253	1	1	0	0
1	1	UID1500269	1	1	0	0
1	1	UID1500282	1	1	0	0
1	1	UID1500283	1	1	0	0
1	1	UID1500284	1	1	0	0
1	1	UID1500285	1	1	0	0
1	1	UID1500288	1	1	0	0
1	1	UID1500289	1	1	0	0
1	1	UID1500291	1	1	0	0
1	1	UID1500292	1	1	0	0
1	1	UID1500293	1	1	0	0
1	1	UID1500299	1	1	0	0
1	1	UID1500301	1	1	0	0
1	1	UID1500304	1	1	0	0
1	1	UID1500314	1	1	0	0
1	1	UID1500319	1	1	0	0
1	1	UID1500326	1	1	0	0
1	1	UID1500333	1	1	0	0
1	1	UID1500352	1	1	0	0
1	1	UID1500356	1	1	0	0
1	1	UID1500357	1	1	0	0
1	1	UID1500379	1	1	0	0
1	1	UID1500380	1	1	0	0
1	1	UID1500390	1	1	0	0
1	1	UID1500395	1	1	0	0
1	1	UID1500417	1	1	0	0
1	1	UID1500418	1	1	0	0
1	1	UID1500423	1	1	0	0
1	1	UID1500424	1	1	0	0
1	1	UID1500465	1	1	0	0
1	1	UID1500468	1	1	0	0
1	1	UID1500480	1	1	0	0
1	1	UID1500481	1	1	0	0
1	1	UID1500485	1	1	0	0
1	1	UID1500488	1	1	0	0
1	1	UID1500489	1	1	0	0
1	1	UID1500493	1	1	0	0
1	1	UID1500494	1	1	0	0
1	1	UID1500495	1	1	0	0
1	1	UID1500496	1	1	0	0
1	1	UID1500498	1	1	0	0
1	1	UID1500499	1	1	0	0
1	1	UID1500503	1	1	0	0
1	1	UID1500504	1	1	0	0
1	1	UID1500505	1	1	0	0
1	1	UID1500506	1	1	0	0
1	1	UID1500507	1	1	0	0
1	1	UID1500508	1	1	0	0
1	1	UID1500510	1	1	0	0
1	1	UID1500511	1	1	0	0
1	1	UID1500512	1	1	0	0
1	1	UID1500514	1	1	0	0
1	1	UID1500515	1	1	0	0
1	1	UID1500520	1	1	0	0
1	1	UID1500523	1	1	0	0
1	1	UID1500545	1	1	0	0
1	1	UID1500556	1	1	0	0
1	1	UID1500574	1	1	0	0
1	1	UID1500582	1	1	0	0
1	1	UID1500592	1	1	0	0
1	1	UID1500593	1	1	0	0
1	1	UID1500595	1	1	0	0
1	1	UID1500596	1	1	0	0
1	1	UID1500608	1	1	0	0
1	1	UID1500609	1	1	0	0
1	1	UID1500624	1	1	0	0
1	1	UID1500637	1	1	0	0
1	1	UID1500662	1	1	0	0
1	1	UID1500670	1	1	0	0
1	1	UID1500673	1	1	0	0
1	1	UID1500677	1	1	0	0
1	1	UID1500678	1	1	0	0
1	1	UID1500679	1	1	0	0
1	1	UID1500684	1	1	0	0
1	1	UID1500685	1	1	0	0
1	1	UID1500686	1	1	0	0
1	1	UID1500688	1	1	0	0
1	1	UID1500689	1	1	0	0
1	1	UID1500690	1	1	0	0
1	1	UID1500694	1	1	0	0
1	1	UID1500714	1	1	0	0
1	1	UID1500717	1	1	0	0
1	1	UID1500727	1	1	0	0
1	1	UID1500728	1	1	0	0
1	1	UID1500729	1	1	0	0
1	1	UID1500730	1	1	0	0
1	1	UID1500733	1	1	0	0
1	1	UID1500736	1	1	0	0
1	1	UID1500739	1	1	0	0
1	1	UID1500740	1	1	0	0
1	1	UID1500743	1	1	0	0
1	1	UID1500749	1	1	0	0
1	1	UID1500755	1	1	0	0
1	1	UID1500760	1	1	0	0
1	1	UID1500765	1	1	0	0
1	1	UID1500769	1	1	0	0
1	1	UID1500786	1	1	0	0
1	1	UID1500789	1	1	0	0
1	1	UID1500790	1	1	0	0
1	1	UID1500793	1	1	0	0
1	1	UID1500795	1	1	0	0
1	1	UID1500797	1	1	0	0
1	1	UID1500800	1	1	0	0
1	1	UID1500808	1	1	0	0
1	1	UID1500810	1	1	0	0
1	1	UID1500811	1	1	0	0
1	1	UID1500812	1	1	0	0
1	1	UID1500816	1	1	0	0
1	1	UID1500822	1	1	0	0
1	1	UID1500823	1	1	0	0
1	1	UID1500848	1	1	0	0
1	1	UID1500852	1	1	0	0
1	1	UID1500853	1	1	0	0
1	1	UID1500857	1	1	0	0
1	1	UID1500859	1	1	0	0
1	1	UID1500860	1	1	0	0
1	1	UID1500861	1	1	0	0
1	1	UID1500862	1	1	0	0
1	1	UID1500866	1	1	0	0
1	1	UID1500867	1	1	0	0
1	1	UID1500868	1	1	0	0
1	1	UID1500872	1	1	0	0
1	1	UID1500882	1	1	0	0
1	1	UID1500888	1	1	0	0
1	1	UID1500889	1	1	0	0
1	1	UID1500892	1	1	0	0
1	1	UID1500895	1	1	0	0
1	1	UID1500910	1	1	0	0
1	1	UID1500912	1	1	0	0
1	1	UID1500914	1	1	0	0
1	1	UID1500915	1	1	0	0
1	1	UID1500916	1	1	0	0
1	1	UID1500923	1	1	0	0
1	1	UID1500926	1	1	0	0
1	1	UID1500927	1	1	0	0
1	1	UID1500941	1	1	0	0
1	1	UID1500946	1	1	0	0
1	1	UID1500952	1	1	0	0
1	1	UID1500975	1	1	0	0
1	1	UID1500978	1	1	0	0
1	1	UID1500979	1	1	0	0
1	1	UID1500982	1	1	0	0
1	1	UID1500984	1	1	0	0
1	1	UID1500986	1	1	0	0
1	1	UID1500987	1	1	0	0
1	1	UID1500993	1	1	0	0
1	1	UID1500999	1	1	0	0
1	1	UID1501001	1	1	0	0
1	1	UID1501016	1	1	0	0
1	1	UID1501018	1	1	0	0
1	1	UID1501019	1	1	0	0
1	1	UID1501022	1	1	0	0
1	1	UID1501023	1	1	0	0
1	1	UID1501025	1	1	0	0
1	1	UID1501031	1	1	0	0
1	1	UID1501032	1	1	0	0
1	1	UID1501033	1	1	0	0
1	1	UID1501034	1	1	0	0
1	1	UID1501035	1	1	0	0
1	1	UID1501036	1	1	0	0
1	1	UID1501037	1	1	0	0
1	1	UID1501038	1	1	0	0
1	1	UID1501039	1	1	0	0
1	1	UID1501043	1	1	0	0
1	1	UID1501044	1	1	0	0
1	1	UID1501045	1	1	0	0
1	1	UID1501046	1	1	0	0
1	1	UID1501047	1	1	0	0
1	1	UID1501048	1	1	0	0
1	1	UID1501049	1	1	0	0
1	1	UID1501050	1	1	0	0
1	1	UID1501051	1	1	0	0
1	1	UID1501052	1	1	0	0
1	1	UID1501053	1	1	0	0
1	1	UID1501054	1	1	0	0
1	1	UID1501055	1	1	0	0
1	1	UID1501058	1	1	0	0
1	1	UID1501059	1	1	0	0
1	1	UID1501061	1	1	0	0
1	1	UID1501063	1	1	0	0
1	1	UID1501066	1	1	0	0
1	1	UID1501070	1	1	0	0
1	1	UID1501071	1	1	0	0
1	1	UID1501072	1	1	0	0
1	1	UID1501073	1	1	0	0
1	1	UID1501081	1	1	0	0
1	1	UID1501095	1	1	0	0
1	1	UID1501098	1	1	0	0
1	1	UID1501099	1	1	0	0
1	1	UID1501103	1	1	0	0
1	1	UID1501130	1	1	0	0
1	1	UID1501132	1	1	0	0
1	1	UID1501133	1	1	0	0
1	1	UID1501142	1	1	0	0
1	1	UID1501144	1	1	0	0
1	1	UID1501148	1	1	0	0
1	1	UID1501149	1	1	0	0
1	1	UID1501156	1	1	0	0
1	1	UID1501159	1	1	0	0
1	1	UID1501163	1	1	0	0
1	1	UID1501164	1	1	0	0
1	1	UID1501177	1	1	0	0
1	1	UID1501182	1	1	0	0
1	1	UID1501186	1	1	0	0
1	1	UID1501193	1	1	0	0
1	1	UID1501195	1	1	0	0
1	1	UID1501211	1	1	0	0
1	1	UID1501213	1	1	0	0
1	1	UID1501215	1	1	0	0
2	2	UID1501216	1	2	1	1
1	1	UID1501219	1	1	0	0
1	1	UID1501227	1	1	0	0
1	1	UID1501236	1	1	0	0
1	1	UID1501237	1	1	0	0
1	1	UID1501242	1	1	0	0
1	1	UID1501245	1	1	0	0
1	1	UID1501255	1	1	0	0
1	1	UID1501256	1	1	0	0
1	1	UID1501259	1	1	0	0
1	1	UID1501278	1	1	0	0
1	1	UID1501279	1	1	0	0
1	1	UID1501290	1	1	0	0
1	1	UID1501294	1	1	0	0
1	1	UID1501297	1	1	0	0
1	1	UID1501300	1	1	0	0
1	1	UID1501304	1	1	0	0
1	1	UID1501308	1	1	0	0
1	1	UID1501315	1	1	0	0
1	1	UID1501317	1	1	0	0
1	1	UID1501319	1	1	0	0
1	1	UID1501334	1	1	0	0
1	1	UID1501337	1	1	0	0
1	1	UID1501346	1	1	0	0
1	1	UID1501349	1	1	0	0
1	1	UID1501355	1	1	0	0
1	1	UID1501357	1	1	0	0
1	1	UID1501366	1	1	0	0
1	1	UID1501367	1	1	0	0
1	1	UID1501368	1	1	0	0
1	1	UID1501369	1	1	0	0
1	1	UID1501370	1	1	0	0
1	1	UID1501377	1	1	0	0
1	1	UID1501380	1	1	0	0
1	1	UID1501385	1	1	0	0
1	1	UID1501387	1	1	0	0
1	1	UID1501388	1	1	0	0
1	1	UID1501390	1	1	0	0
1	1	UID1501392	1	1	0	0
1	1	UID1501402	1	1	0	0
1	1	UID1501424	1	1	0	0
1	1	UID1501438	1	1	0	0
1	1	UID1501466	1	1	0	0
1	1	UID1501474	1	1	0	0
1	1	UID1501497	1	1	0	0
1	1	UID1501498	1	1	0	0
1	1	UID1501501	1	1	0	0
1	1	UID1501512	1	1	0	0
1	1	UID1501513	1	1	0	0
1	1	UID1501514	1	1	0	0
1	1	UID1501515	1	1	0	0
1	1	UID1501516	1	1	0	0
1	1	UID1501517	1	1	0	0
1	1	UID1501518	1	1	0	0
1	1	UID1501519	1	1	0	0
1	1	UID1501520	1	1	0	0
1	1	UID1501526	1	1	0	0
1	1	UID1501527	1	1	0	0
1	1	UID1501528	1	1	0	0
1	1	UID1501530	1	1	0	0
1	1	UID1501532	1	1	0	0
1	1	UID1501534	1	1	0	0
1	1	UID1501538	1	1	0	0
1	1	UID1501539	1	1	0	0
1	1	UID1501540	1	1	0	0
1	1	UID1501542	1	1	0	0
1	1	UID1501544	1	1	0	0
1	1	UID1501545	1	1	0	0
1	1	UID1501549	1	1	0	0
1	1	UID1501550	1	1	0	0
1	1	UID1501551	1	1	0	0
1	1	UID1501552	1	1	0	0
1	1	UID1501555	1	1	0	0
1	1	UID1501557	1	1	0	0
1	1	UID1501558	1	1	0	0
1	1	UID1501563	1	1	0	0
1	1	UID1501568	1	1	0	0
1	1	UID1501569	1	1	0	0
1	1	UID1501572	1	1	0	0
1	1	UID1501573	1	1	0	0
1	1	UID1501577	1	1	0	0
1	1	UID1501579	1	1	0	0
1	1	UID1501580	1	1	0	0
1	1	UID1501591	1	1	0	0
1	1	UID1501616	1	1	0	0
1	1	UID1501630	1	1	0	0
1	1	UID1501641	1	1	0	0
1	1	UID1501643	1	1	0	0
1	1	UID1501644	1	1	0	0
1	1	UID1501648	1	1	0	0
1	1	UID1501649	1	1	0	0
1	1	UID1501650	1	1	0	0
1	1	UID1501651	1	1	0	0
1	1	UID1501653	1	1	0	0
1	1	UID1501655	1	1	0	0
1	1	UID1501657	1	1	0	0
1	1	UID1501658	1	1	0	0
1	1	UID1501659	1	1	0	0
1	1	UID1501660	1	1	0	0
1	1	UID1501666	1	1	0	0
1	1	UID1501676	1	1	0	0
1	1	UID1501678	1	1	0	0
1	1	UID1501681	1	1	0	0
1	1	UID1501685	1	1	0	0
1	1	UID1501687	1	1	0	0
1	1	UID1501700	1	1	0	0
1	1	UID1501702	1	1	0	0
1	1	UID1501705	1	1	0	0
1	1	UID1501713	1	1	0	0
1	1	UID1501714	1	1	0	0
1	1	UID1501715	1	1	0	0
1	1	UID1501719	1	1	0	0
1	1	UID1501722	1	1	0	0
1	1	UID1501728	1	1	0	0
1	1	UID1501730	1	1	0	0
1	1	UID1501732	1	1	0	0
1	1	UID1501742	1	1	0	0
1	1	UID1501746	1	1	0	0
1	1	UID1501760	1	1	0	0
1	1	UID1501767	1	1	0	0
1	1	UID1501773	1	1	0	0
1	1	UID1501778	1	1	0	0
1	1	UID1501782	1	1	0	0
1	1	UID1501795	1	1	0	0
1	1	UID1501797	1	1	0	0
1	1	UID1501802	1	1	0	0
1	1	UID1501806	1	1	0	0
1	1	UID1501820	1	1	0	0
1	1	UID1501825	1	1	0	0
1	1	UID1501827	1	1	0	0
1	1	UID1501833	1	1	0	0
1	1	UID1501839	1	1	0	0
1	1	UID1501850	1	1	0	0
1	1	UID1501853	1	1	0	0
1	1	UID1501855	1	1	0	0
1	1	UID1501859	1	1	0	0
1	1	UID1501862	1	1	0	0
1	1	UID1501867	1	1	0	0
1	1	UID1501869	1	1	0	0
1	1	UID1501870	1	1	0	0
1	1	UID1501871	1	1	0	0
1	1	UID1501872	1	1	0	0
1	1	UID1501873	1	1	0	0
1	1	UID1501874	1	1	0	0
1	1	UID1501875	1	1	0	0
1	1	UID1501876	1	1	0	0
1	1	UID1501877	1	1	0	0
1	1	UID1501879	1	1	0	0
1	1	UID1501881	1	1	0	0
1	1	UID1501882	1	1	0	0
1	1	UID1501884	1	1	0	0
1	1	UID1501886	1	1	0	0
1	1	UID1501887	1	1	0	0
1	1	UID1501894	1	1	0	0
1	1	UID1501905	1	1	0	0
1	1	UID1501913	1	1	0	0
1	1	UID1501914	1	1	0	0
1	1	UID1501915	1	1	0	0
1	1	UID1501916	1	1	0	0
1	1	UID1501917	1	1	0	0
1	1	UID1501918	1	1	0	0
1	1	UID1501919	1	1	0	0
1	1	UID1501921	1	1	0	0
1	1	UID1501924	1	1	0	0
1	1	UID1501925	1	1	0	0
1	1	UID1501926	1	1	0	0
1	1	UID1501927	1	1	0	0
1	1	UID1501928	1	1	0	0
1	1	UID1501930	1	1	0	0
1	1	UID1501936	1	1	0	0
1	1	UID1501953	1	1	0	0
1	1	UID1501956	1	1	0	0
1	1	UID1501966	1	1	0	0
1	1	UID1501971	1	1	0	0
1	1	UID1501972	1	1	0	0
1	1	UID1501973	1	1	0	0
1	1	UID1501976	1	1	0	0
1	1	UID1501977	1	1	0	0
1	1	UID1501979	1	1	0	0
1	1	UID1501980	1	1	0	0
1	1	UID1501982	1	1	0	0
1	1	UID1501983	1	1	0	0
1	1	UID1501986	1	1	0	0
1	1	UID1501987	1	1	0	0
1	1	UID1501989	1	1	0	0
1	1	UID1501990	1	1	0	0
1	1	UID1501991	1	1	0	0
1	1	UID1501993	1	1	0	0
1	1	UID1501994	1	1	0	0
1	1	UID1501995	1	1	0	0
1	1	UID1501996	1	1	0	0
1	1	UID1501998	1	1	0	0
1	1	UID1502006	1	1	0	0
1	1	UID1502008	1	1	0	0
1	1	UID1502013	1	1	0	0
1	1	UID1502015	1	1	0	0
1	1	UID1502016	1	1	0	0
1	1	UID1502017	1	1	0	0
1	1	UID1502021	1	1	0	0
1	1	UID1502025	1	1	0	0
1	1	UID1502027	1	1	0	0
1	1	UID1502037	1	1	0	0
1	1	UID1502039	1	1	0	0
1	1	UID1502045	1	1	0	0
1	1	UID1502049	1	1	0	0
1	1	UID1502073	1	1	0	0
1	1	UID1502074	1	1	0	0
1	1	UID1502080	1	1	0	0
1	1	UID1502082	1	1	0	0
2	2	UID1502083	1	2	1	1
1	1	UID1502089	1	1	0	0
1	1	UID1502090	1	1	0	0
1	1	UID1502091	1	1	0	0
1	1	UID1502096	1	1	0	0
1	1	UID1502097	1	1	0	0
1	1	UID1502100	1	1	0	0
1	1	UID1502104	1	1	0	0
1	1	UID1502105	1	1	0	0
1	1	UID1502113	1	1	0	0
1	1	UID1502118	1	1	0	0
1	1	UID1502119	1	1	0	0
1	1	UID1502120	1	1	0	0
1	1	UID154589	1	1	0	0
1	1	UID154993	1	1	0	0
2	2	UID202550	1	2	1	1
2	2	UID243304	1	2	1	1
1	1	UID27100	1	1	0	0
2	2	UID292243	1	2	1	1
1	1	UID49363	1	1	0	0
1	1	UID53299	1	1	0	0
1	1	UID53596	1	1	0	0
1	1	UID54664	1	1	0	0
2	2	UID560298	1	2	1	1
1	1	UID587475	1	1	0	0
1	1	UID697152	1	1	0	0
1	1	UID7587	1	1	0	0
1	1	UID7616	1	1	0	0
1	1	UID960	1	1	0	0
