5772	55773	UID1	33363	4468	5	5
2929	24964	UID20596	15026	2198	4	4
212	709	UID31681	338	162	3	3
83	230	UID26	125	69	2	2
62	195	UID96	117	54	2	2
48	163	UID58	107	41	2	2
92	207	UID57	101	79	2	2
52	160	UID152	97	44	2	2
60	167	UID132	94	47	2	2
65	172	UID216	92	53	3	3
49	155	UID54	90	39	2	2
37	141	UID94	90	25	2	2
45	143	UID82	89	40	2	2
50	147	UID153	87	42	2	2
55	165	UID76	87	44	3	3
73	181	UID83	86	56	3	3
55	151	UID28	85	45	2	2
69	162	UID116	83	60	2	2
43	131	UID134	82	36	2	2
43	142	UID173	80	32	2	2
67	158	UID59	80	59	2	2
57	152	UID68	80	43	2	2
60	153	UID117	75	47	2	2
49	132	UID87	75	42	3	3
37	118	UID135	72	30	2	2
42	125	UID199	72	31	2	2
46	130	UID32	72	38	2	2
50	136	UID65	72	40	2	2
56	139	UID190	71	47	2	2
58	142	UID229	70	51	2	2
44	128	UID86	68	30	2	2
42	117	UID191	67	33	2	2
42	121	UID222	67	31	2	2
40	114	UID144	66	31	2	2
35	102	UID37753	65	31	2	2
30	100	UID163	64	24	1	1
41	110	UID19	64	36	2	2
22	87	UID695764	64	19	2	2
45	117	UID149	63	36	3	3
33	99	UID143	62	28	2	2
30	107	UID161	62	24	2	2
40	113	UID217	62	32	2	2
32	101	UID37736	62	24	2	2
43	115	UID110	60	35	2	2
47	116	UID139	59	39	2	2
36	100	UID131	58	28	2	2
30	93	UID320	58	24	2	2
25	92	UID339	58	16	2	2
34	99	UID37767	58	28	2	2
48	117	UID158	57	39	2	2
29	92	UID37916	55	22	2	2
27	82	UID27759	54	24	2	2
34	86	UID1678996	52	32	2	2
24	82	UID174	51	17	1	1
44	104	UID154	50	34	2	2
32	85	UID1711163	50	27	2	2
36	95	UID212393	50	26	3	3
34	97	UID22164	50	26	2	2
34	92	UID695684	50	28	2	2
32	86	UID218	49	27	2	2
30	85	UID27761	48	23	2	2
33	89	UID662480	48	25	3	3
22	78	UID276	47	12	2	2
23	74	UID29541	46	19	1	1
38	86	UID238	45	33	2	2
22	75	UID37729	45	17	2	2
24	76	UID77	45	19	1	1
28	79	UID154867	44	19	2	2
40	92	UID221	44	33	2	2
34	82	UID61	44	29	2	2
16	61	UID695800	44	14	1	1
31	79	UID200	43	24	3	3
35	84	UID240	43	28	2	2
25	76	UID658622	43	20	2	2
22	75	UID160	42	13	1	1
29	75	UID37789	42	23	2	2
28	79	UID533	42	18	2	2
27	74	UID184	41	22	2	2
30	77	UID27762	41	26	2	2
24	71	UID29524	41	17	2	2
22	62	UID858617	41	21	2	2
28	75	UID203	40	21	2	2
18	62	UID206	40	14	1	1
24	66	UID29543	40	20	2	2
26	68	UID312	40	22	1	1
31	75	UID37781	40	25	2	2
29	70	UID228	39	26	2	2
19	59	UID236271	39	16	1	1
31	73	UID29245	39	26	2	2
18	57	UID215	38	15	1	1
21	61	UID182	36	18	2	2
17	54	UID29527	36	15	1	1
28	66	UID37764	36	24	2	2
26	62	UID695661	36	24	2	2
26	69	UID292	35	19	2	2
22	57	UID29522	35	20	2	2
32	74	UID29562	35	26	2	2
34	74	UID37733	34	26	2	2
20	59	UID662481	34	13	1	1
19	59	UID695690	34	14	1	1
23	56	UID368	33	21	2	2
15	50	UID263	32	11	1	1
14	47	UID695668	32	11	3	3
24	64	UID695679	32	17	2	2
50	129	UID1711166	31	35	3	3
23	54	UID1711164	30	21	1	1
20	50	UID204	30	18	2	2
20	60	UID212389	30	15	2	2
11	43	UID27748	30	8	2	2
13	42	UID154860	29	11	1	1
19	49	UID27755	29	16	2	2
23	55	UID29542	29	18	1	1
15	45	UID1661922	28	11	2	2
23	54	UID233	28	18	3	3
20	49	UID280	28	17	1	1
11	40	UID369	28	9	1	1
9	36	UID203920	27	7	1	1
20	50	UID37932	26	14	1	1
11	36	UID1711186	25	9	2	2
5	30	UID366	25	3	2	2
21	52	UID371	25	15	1	1
15	39	UID566	25	14	2	2
20	47	UID423	24	17	2	2
17	43	UID903	24	13	2	2
17	42	UID164	23	14	2	2
11	36	UID239	23	7	2	2
19	41	UID291	23	18	2	2
15	38	UID367	23	13	1	1
24	47	UID465	23	22	1	1
8	31	UID569	23	6	2	2
7	29	UID630	23	6	1	1
13	38	UID290	22	10	1	1
8	29	UID1711239	21	6	1	1
11	32	UID1679094	20	8	2	2
21	43	UID201	20	17	2	2
17	42	UID323	20	13	1	1
14	36	UID370	20	11	2	2
8	27	UID470	20	7	1	1
11	33	UID490	20	8	1	1
10	29	UID1679019	19	8	2	2
16	38	UID261	19	12	2	2
15	37	UID439	19	12	1	1
12	30	UID466	19	11	2	2
12	34	UID570	19	9	1	1
18	39	UID653	19	15	2	2
3	20	UID4216	18	2	1	1
10	28	UID492	18	8	1	1
10	27	UID695682	18	9	1	1
12	33	UID142699	17	7	1	1
13	32	UID1670185	17	10	2	2
6	23	UID1679108	17	4	1	1
18	36	UID29523	17	15	2	2
15	34	UID37762	17	11	2	2
19	38	UID142242	16	14	2	2
12	29	UID262	16	9	1	1
8	24	UID37798	16	6	1	1
6	21	UID37899	16	5	1	1
10	25	UID809	16	9	1	1
13	29	UID810	16	11	1	1
9	23	UID1711223	15	8	1	1
9	23	UID1713102	15	8	2	2
16	31	UID491	15	14	1	1
6	22	UID904	15	4	1	1
11	27	UID236254	14	9	1	1
10	26	UID236280	14	6	2	2
7	22	UID4549	14	5	1	1
6	19	UID5866	14	5	1	1
2	15	UID5868	14	1	1	1
2	15	UID1396	13	0	0	0
12	26	UID1711277	13	9	1	1
8	20	UID236250	13	7	2	2
12	26	UID37768	13	9	1	1
3	15	UID37792	13	2	1	1
4	17	UID695766	13	2	1	1
9	21	UID695794	13	8	1	1
4	15	UID126270	12	3	0	0
12	25	UID1372	12	9	2	2
16	32	UID1711190	12	11	1	1
3	14	UID1711273	12	2	1	1
12	23	UID37765	12	11	1	1
11	22	UID138741	11	9	2	2
5	16	UID27747	11	3	2	2
3	13	UID27806	11	2	1	1
18	31	UID695792	11	14	2	2
6	15	UID167182	10	5	1	1
12	24	UID1711188	10	8	1	1
7	17	UID1712723	10	5	1	1
13	25	UID29142	10	9	1	1
16	26	UID37786	10	14	1	1
4	13	UID37931	10	3	1	1
2	11	UID532	10	1	1	1
13	23	UID658	10	11	2	2
4	13	UID692	10	3	1	1
8	17	UID821	10	7	2	2
7	17	UID885	10	5	1	1
3	12	UID895	10	2	1	1
4	13	UID1711242	9	2	1	1
5	14	UID1711274	9	3	1	1
5	13	UID1712862	9	4	1	1
5	13	UID1815488	9	4	1	1
5	13	UID2	9	4	1	1
5	13	UID329	9	4	1	1
7	16	UID4681	9	5	1	1
5	13	UID5660	9	4	1	1
9	19	UID695780	9	7	2	2
6	14	UID1679029	8	4	1	1
7	15	UID1711187	8	5	1	1
3	10	UID1712752	8	2	1	1
6	15	UID1712774	8	3	1	1
6	13	UID1767123	8	5	1	1
8	16	UID37721	8	6	1	1
5	12	UID1439	7	3	1	1
4	10	UID1679123	7	3	1	1
9	16	UID1739904	7	7	2	2
11	18	UID183	7	9	2	2
4	10	UID31551	7	3	1	1
6	12	UID37748	7	5	1	1
1	7	UID42710	7	0	0	0
7	14	UID567	7	5	1	1
7	14	UID697043	7	5	1	1
7	14	UID74	7	5	2	2
5	10	UID1404	6	4	1	1
5	10	UID1711178	6	4	1	1
10	16	UID1711189	6	8	1	1
6	11	UID1734258	6	5	1	1
3	8	UID1815493	6	2	1	1
3	8	UID1815502	6	2	1	1
1	6	UID214333	6	0	0	0
9	14	UID440	6	8	1	1
14	23	UID4688	6	12	2	2
1	6	UID695681	6	0	0	0
5	10	UID1186	5	3	1	1
4	8	UID1679129	5	3	1	1
9	14	UID1713195	5	7	1	1
1	5	UID1815505	5	0	0	0
4	8	UID1815509	5	3	1	1
4	8	UID19312	5	3	1	1
3	7	UID20595	5	2	1	1
7	13	UID29179	5	4	1	1
5	9	UID29526	5	4	1	1
2	6	UID32321	5	1	1	1
6	10	UID40402	5	5	1	1
8	13	UID4040	5	6	1	1
3	7	UID4602	5	2	1	1
2	6	UID52559	5	1	0	0
3	7	UID56606	5	2	1	1
7	12	UID998	5	5	1	1
1	4	UID145299	4	0	0	0
4	7	UID154851	4	3	1	1
11	16	UID1711243	4	8	1	1
9	13	UID1738084	4	7	1	1
1	4	UID1815526	4	0	0	0
1	4	UID1815527	4	0	0	0
2	5	UID1815537	4	1	0	0
1	4	UID1815555	4	0	0	0
1	4	UID1815562	4	0	0	0
1	4	UID1815563	4	0	0	0
1	4	UID217462	4	0	0	0
5	8	UID37741	4	4	1	1
5	9	UID37913	4	3	1	1
1	4	UID42	4	0	0	0
1	4	UID494961	4	0	0	0
1	4	UID495271	4	0	0	0
4	7	UID51833	4	3	1	1
2	5	UID56533	4	1	1	1
3	6	UID695696	4	2	1	1
2	5	UID8617	4	1	1	1
3	6	UID955869	4	2	1	1
2	4	UID1052	3	1	1	1
3	5	UID1211	3	2	1	1
2	4	UID127730	3	1	0	0
1	3	UID1330852	3	0	0	0
3	5	UID142224	3	2	1	1
1	3	UID146219	3	0	0	0
6	10	UID1711240	3	4	1	1
6	8	UID1712612	3	5	1	1
1	3	UID1712660	3	0	0	0
2	4	UID1712825	3	1	1	1
5	7	UID1712863	3	4	2	2
2	4	UID1712869	3	1	1	1
2	4	UID1713188	3	1	1	1
4	6	UID1730330	3	3	1	1
2	4	UID1734567	3	1	1	1
2	4	UID1763417	3	1	1	1
8	11	UID1767124	3	6	2	2
5	8	UID1767142	3	3	1	1
1	3	UID1780657	3	0	0	0
1	3	UID1815564	3	0	0	0
1	3	UID1815567	3	0	0	0
2	4	UID1815569	3	1	1	1
1	3	UID1815571	3	0	0	0
1	3	UID1815582	3	0	0	0
1	3	UID1815583	3	0	0	0
1	3	UID1815584	3	0	0	0
2	4	UID1815586	3	1	1	1
1	3	UID1815587	3	0	0	0
1	3	UID1815593	3	0	0	0
1	3	UID1815594	3	0	0	0
1	3	UID1815597	3	0	0	0
1	3	UID1815599	3	0	0	0
1	3	UID1815600	3	0	0	0
1	3	UID1815602	3	0	0	0
1	3	UID1815604	3	0	0	0
1	3	UID1815608	3	0	0	0
1	3	UID1815609	3	0	0	0
1	3	UID1815611	3	0	0	0
1	3	UID1815614	3	0	0	0
1	3	UID1815620	3	0	0	0
3	5	UID1815622	3	2	0	0
1	3	UID1815627	3	0	0	0
1	3	UID1815631	3	0	0	0
2	5	UID1815632	3	0	1	1
1	3	UID1815634	3	0	0	0
1	3	UID1815636	3	0	0	0
1	3	UID1815637	3	0	0	0
1	3	UID1815638	3	0	0	0
1	3	UID1815639	3	0	0	0
1	3	UID1815640	3	0	0	0
1	3	UID1815641	3	0	0	0
1	3	UID1815646	3	0	0	0
1	3	UID1815649	3	0	0	0
1	3	UID1815674	3	0	0	0
3	5	UID1815677	3	2	1	1
1	3	UID1815680	3	0	0	0
1	3	UID1815681	3	0	0	0
4	6	UID1815683	3	3	1	1
1	3	UID1815685	3	0	0	0
1	3	UID1815686	3	0	0	0
1	3	UID1815688	3	0	0	0
1	3	UID1815690	3	0	0	0
1	3	UID1815692	3	0	0	0
1	3	UID1815698	3	0	0	0
1	3	UID1815699	3	0	0	0
1	3	UID1815703	3	0	0	0
2	5	UID1815704	3	0	0	0
1	3	UID1815705	3	0	0	0
1	3	UID1815706	3	0	0	0
1	3	UID1815707	3	0	0	0
1	3	UID1815711	3	0	0	0
1	3	UID1815717	3	0	0	0
1	3	UID1815722	3	0	0	0
1	3	UID1815723	3	0	0	0
1	3	UID1815724	3	0	0	0
1	3	UID1815727	3	0	0	0
2	4	UID196164	3	1	0	0
1	3	UID196300	3	0	0	0
1	3	UID216379	3	0	0	0
2	4	UID217751	3	1	1	1
4	7	UID29286	3	2	2	2
1	3	UID43632	3	0	0	0
3	7	UID495217	3	0	1	1
1	3	UID497018	3	0	0	0
1	3	UID511535	3	0	0	0
4	6	UID51662	3	3	0	0
3	6	UID544879	3	1	1	1
1	3	UID55513	3	0	0	0
1	3	UID55704	3	0	0	0
2	4	UID55887	3	1	1	1
6	8	UID606	3	5	1	1
2	4	UID6161	3	1	1	1
2	4	UID69583	3	1	1	1
1	3	UID69601	3	0	0	0
5	8	UID9921	3	3	2	2
1	2	UID12423	2	0	0	0
2	3	UID1330544	2	1	1	1
2	4	UID1524628	2	0	1	1
5	6	UID154548	2	4	2	2
1	2	UID154869	2	0	0	0
3	5	UID1702681	2	1	1	1
3	4	UID1712866	2	2	1	1
3	4	UID1713157	2	2	1	1
1	2	UID1767688	2	0	0	0
3	5	UID1799602	2	1	2	2
3	5	UID1799787	2	1	2	2
1	2	UID1815743	2	0	0	0
1	2	UID1815754	2	0	0	0
5	6	UID1815766	2	4	2	2
1	2	UID1815801	2	0	0	0
1	2	UID1815838	2	0	0	0
2	3	UID1815849	2	1	1	1
1	2	UID1815851	2	0	0	0
1	2	UID1815859	2	0	0	0
1	2	UID1815874	2	0	0	0
1	2	UID1815875	2	0	0	0
1	2	UID1815877	2	0	0	0
1	2	UID1815878	2	0	0	0
1	2	UID1815881	2	0	0	0
1	2	UID1815889	2	0	0	0
2	3	UID1815890	2	1	1	1
1	2	UID1815897	2	0	0	0
1	2	UID1815902	2	0	0	0
1	2	UID1815909	2	0	0	0
2	3	UID1815913	2	1	1	1
1	2	UID1815977	2	0	0	0
1	2	UID1815982	2	0	0	0
1	2	UID1816003	2	0	0	0
1	2	UID1816013	2	0	0	0
1	2	UID1816019	2	0	0	0
1	2	UID1816041	2	0	0	0
1	2	UID1816047	2	0	0	0
1	2	UID1816054	2	0	0	0
1	2	UID1816055	2	0	0	0
1	2	UID1816056	2	0	0	0
1	2	UID1816065	2	0	0	0
3	6	UID1816066	2	0	1	1
1	2	UID1816068	2	0	0	0
1	2	UID1816112	2	0	0	0
1	2	UID1816117	2	0	0	0
2	3	UID1816140	2	1	1	1
2	3	UID1816142	2	1	1	1
1	2	UID1816153	2	0	0	0
1	2	UID1816163	2	0	0	0
1	2	UID1816166	2	0	0	0
2	3	UID1816183	2	1	1	1
1	2	UID1816189	2	0	0	0
2	3	UID1816207	2	1	1	1
3	4	UID1816287	2	2	1	1
2	3	UID1816292	2	1	1	1
1	2	UID1816310	2	0	0	0
3	4	UID1816312	2	2	1	1
1	2	UID1816330	2	0	0	0
1	2	UID1816339	2	0	0	0
2	3	UID1816341	2	1	1	1
2	3	UID1816376	2	1	1	1
1	2	UID1816398	2	0	0	0
2	3	UID1816406	2	1	1	1
1	2	UID1816417	2	0	0	0
2	3	UID1816418	2	1	1	1
1	2	UID1816420	2	0	0	0
1	2	UID1816429	2	0	0	0
1	2	UID1816430	2	0	0	0
1	2	UID1816435	2	0	0	0
1	2	UID1816437	2	0	0	0
1	2	UID1816439	2	0	0	0
1	2	UID1816443	2	0	0	0
1	2	UID1816484	2	0	0	0
2	3	UID1816486	2	1	1	1
1	2	UID1816501	2	0	0	0
1	2	UID1816502	2	0	0	0
3	4	UID1816511	2	2	2	2
3	4	UID216717	2	2	1	1
2	3	UID278445	2	1	1	1
4	5	UID3943	2	3	1	1
2	3	UID4031	2	1	1	1
1	2	UID4219	2	0	0	0
2	3	UID42629	2	1	1	1
2	3	UID42716	2	1	1	1
2	3	UID512812	2	1	1	1
3	5	UID57090	2	1	2	2
2	3	UID6640	2	1	1	1
1	2	UID67632	2	0	0	0
2	3	UID74032	2	1	1	1
2	3	UID864233	2	1	1	1
2	3	UID896	2	1	1	1
2	2	UID112680	1	2	1	1
1	1	UID116857	1	1	0	0
1	1	UID122082	1	1	0	0
1	1	UID123334	1	1	0	0
1	1	UID126495	1	1	0	0
1	1	UID135328	1	1	0	0
1	1	UID135336	1	1	0	0
1	1	UID1403956	1	1	0	0
1	1	UID142141	1	1	0	0
1	1	UID147786	1	1	0	0
1	1	UID1497	1	1	0	0
1	1	UID1519980	1	1	0	0
1	1	UID1587424	1	1	0	0
1	1	UID1681123	1	1	0	0
1	1	UID1682732	1	1	0	0
1	1	UID1714249	1	1	0	0
1	1	UID1728814	1	1	0	0
1	1	UID1752605	1	1	0	0
1	1	UID1793449	1	1	0	0
1	1	UID1816521	1	1	0	0
1	1	UID1816522	1	1	0	0
1	1	UID1816523	1	1	0	0
1	1	UID1816524	1	1	0	0
1	1	UID1816525	1	1	0	0
1	1	UID1816526	1	1	0	0
1	1	UID1816527	1	1	0	0
1	1	UID1816528	1	1	0	0
1	1	UID1816529	1	1	0	0
1	1	UID1816530	1	1	0	0
1	1	UID1816531	1	1	0	0
1	1	UID1816533	1	1	0	0
1	1	UID1816534	1	1	0	0
1	1	UID1816535	1	1	0	0
1	1	UID1816536	1	1	0	0
1	1	UID1816537	1	1	0	0
1	1	UID1816538	1	1	0	0
1	1	UID1816539	1	1	0	0
1	1	UID1816553	1	1	0	0
1	1	UID1816557	1	1	0	0
1	1	UID1816565	1	1	0	0
1	1	UID1816566	1	1	0	0
1	1	UID1816567	1	1	0	0
1	1	UID1816568	1	1	0	0
1	1	UID1816569	1	1	0	0
1	1	UID1816577	1	1	0	0
1	1	UID1816578	1	1	0	0
1	1	UID1816581	1	1	0	0
1	1	UID1816584	1	1	0	0
1	1	UID1816586	1	1	0	0
1	1	UID1816587	1	1	0	0
1	1	UID1816588	1	1	0	0
1	1	UID1816589	1	1	0	0
1	1	UID1816590	1	1	0	0
1	1	UID1816591	1	1	0	0
1	1	UID1816592	1	1	0	0
1	1	UID1816593	1	1	0	0
1	1	UID1816594	1	1	0	0
1	1	UID1816595	1	1	0	0
1	1	UID1816600	1	1	0	0
1	1	UID1816601	1	1	0	0
1	1	UID1816602	1	1	0	0
1	1	UID1816604	1	1	0	0
1	1	UID1816606	1	1	0	0
1	1	UID1816607	1	1	0	0
1	1	UID1816609	1	1	0	0
1	1	UID1816610	1	1	0	0
1	1	UID1816615	1	1	0	0
1	1	UID1816618	1	1	0	0
1	1	UID1816623	1	1	0	0
1	1	UID1816625	1	1	0	0
1	1	UID1816629	1	1	0	0
1	1	UID1816635	1	1	0	0
1	1	UID1816636	1	1	0	0
1	1	UID1816639	1	1	0	0
1	1	UID1816640	1	1	0	0
1	1	UID1816641	1	1	0	0
1	1	UID1816653	1	1	0	0
1	1	UID1816657	1	1	0	0
1	1	UID1816659	1	1	0	0
1	1	UID1816663	1	1	0	0
1	1	UID1816664	1	1	0	0
1	1	UID1816671	1	1	0	0
1	1	UID1816672	1	1	0	0
1	1	UID1816674	1	1	0	0
1	1	UID1816676	1	1	0	0
1	1	UID1816677	1	1	0	0
1	1	UID1816679	1	1	0	0
1	1	UID1816681	1	1	0	0
1	1	UID1816682	1	1	0	0
1	1	UID1816683	1	1	0	0
1	1	UID1816684	1	1	0	0
1	1	UID1816685	1	1	0	0
1	1	UID1816686	1	1	0	0
1	1	UID1816687	1	1	0	0
1	1	UID1816688	1	1	0	0
1	1	UID1816689	1	1	0	0
1	1	UID1816691	1	1	0	0
1	1	UID1816692	1	1	0	0
1	1	UID1816693	1	1	0	0
1	1	UID1816701	1	1	0	0
1	1	UID1816702	1	1	0	0
1	1	UID1816704	1	1	0	0
1	1	UID1816708	1	1	0	0
1	1	UID1816709	1	1	0	0
1	1	UID1816710	1	1	0	0
1	1	UID1816716	1	1	0	0
1	1	UID1816719	1	1	0	0
1	1	UID1816723	1	1	0	0
1	1	UID1816724	1	1	0	0
1	1	UID1816726	1	1	0	0
1	1	UID1816727	1	1	0	0
1	1	UID1816730	1	1	0	0
1	1	UID1816731	1	1	0	0
1	1	UID1816732	1	1	0	0
1	1	UID1816733	1	1	0	0
1	1	UID1816734	1	1	0	0
1	1	UID1816735	1	1	0	0
1	1	UID1816736	1	1	0	0
1	1	UID1816738	1	1	0	0
1	1	UID1816739	1	1	0	0
1	1	UID1816743	1	1	0	0
1	1	UID1816744	1	1	0	0
1	1	UID1816745	1	1	0	0
1	1	UID1816752	1	1	0	0
1	1	UID1816756	1	1	0	0
1	1	UID1816757	1	1	0	0
1	1	UID1816759	1	1	0	0
1	1	UID1816761	1	1	0	0
1	1	UID1816768	1	1	0	0
1	1	UID1816769	1	1	0	0
1	1	UID1816770	1	1	0	0
1	1	UID1816773	1	1	0	0
1	1	UID1816781	1	1	0	0
1	1	UID1816791	1	1	0	0
1	1	UID1816793	1	1	0	0
1	1	UID1816794	1	1	0	0
1	1	UID1816795	1	1	0	0
1	1	UID1816796	1	1	0	0
1	1	UID1816797	1	1	0	0
1	1	UID1816798	1	1	0	0
1	1	UID1816801	1	1	0	0
1	1	UID1816804	1	1	0	0
1	1	UID1816805	1	1	0	0
1	1	UID1816806	1	1	0	0
1	1	UID1816807	1	1	0	0
1	1	UID1816809	1	1	0	0
1	1	UID1816810	1	1	0	0
1	1	UID1816811	1	1	0	0
1	1	UID1816812	1	1	0	0
1	1	UID1816813	1	1	0	0
1	1	UID1816814	1	1	0	0
1	1	UID1816815	1	1	0	0
1	1	UID1816820	1	1	0	0
1	1	UID1816821	1	1	0	0
1	1	UID1816823	1	1	0	0
1	1	UID1816824	1	1	0	0
1	1	UID1816827	1	1	0	0
1	1	UID1816830	1	1	0	0
1	1	UID1816845	1	1	0	0
1	1	UID1816846	1	1	0	0
1	1	UID1816852	1	1	0	0
1	1	UID1816853	1	1	0	0
1	1	UID1816855	1	1	0	0
1	1	UID1816859	1	1	0	0
1	1	UID1816869	1	1	0	0
1	1	UID1816870	1	1	0	0
1	1	UID1816880	1	1	0	0
1	1	UID1816885	1	1	0	0
1	1	UID1816891	1	1	0	0
1	1	UID1816892	1	1	0	0
1	1	UID1816893	1	1	0	0
1	1	UID1816895	1	1	0	0
1	1	UID1816896	1	1	0	0
1	1	UID1816897	1	1	0	0
1	1	UID1816898	1	1	0	0
1	1	UID1816899	1	1	0	0
1	1	UID1816900	1	1	0	0
1	1	UID1816901	1	1	0	0
1	1	UID1816902	1	1	0	0
1	1	UID1816903	1	1	0	0
1	1	UID1816904	1	1	0	0
1	1	UID1816906	1	1	0	0
1	1	UID1816907	1	1	0	0
1	1	UID1816908	1	1	0	0
1	1	UID1816909	1	1	0	0
1	1	UID1816913	1	1	0	0
1	1	UID1816914	1	1	0	0
1	1	UID1816915	1	1	0	0
1	1	UID1816917	1	1	0	0
1	1	UID1816918	1	1	0	0
1	1	UID1816919	1	1	0	0
1	1	UID1816920	1	1	0	0
1	1	UID1816921	1	1	0	0
1	1	UID1816926	1	1	0	0
1	1	UID1816927	1	1	0	0
1	1	UID1816928	1	1	0	0
1	1	UID1816929	1	1	0	0
1	1	UID1816931	1	1	0	0
1	1	UID1816941	1	1	0	0
1	1	UID1816947	1	1	0	0
1	1	UID1816948	1	1	0	0
1	1	UID1816956	1	1	0	0
1	1	UID1816958	1	1	0	0
1	1	UID1816959	1	1	0	0
1	1	UID1816961	1	1	0	0
1	1	UID1816962	1	1	0	0
1	1	UID1816972	1	1	0	0
1	1	UID1816973	1	1	0	0
1	1	UID1816981	1	1	0	0
1	1	UID1816982	1	1	0	0
1	1	UID1816997	1	1	0	0
1	1	UID1817003	1	1	0	0
1	1	UID1817005	1	1	0	0
1	1	UID1817006	1	1	0	0
1	1	UID1817007	1	1	0	0
1	1	UID1817008	1	1	0	0
1	1	UID1817009	1	1	0	0
1	1	UID1817010	1	1	0	0
1	1	UID1817011	1	1	0	0
1	1	UID1817012	1	1	0	0
1	1	UID1817013	1	1	0	0
1	1	UID1817014	1	1	0	0
1	1	UID1817016	1	1	0	0
1	1	UID1817017	1	1	0	0
1	1	UID1817019	1	1	0	0
1	1	UID1817021	1	1	0	0
1	1	UID1817025	1	1	0	0
1	1	UID1817030	1	1	0	0
1	1	UID1817031	1	1	0	0
1	1	UID1817032	1	1	0	0
1	1	UID1817033	1	1	0	0
1	1	UID1817034	1	1	0	0
1	1	UID1817035	1	1	0	0
1	1	UID1817036	1	1	0	0
1	1	UID1817037	1	1	0	0
1	1	UID1817038	1	1	0	0
1	1	UID1817039	1	1	0	0
1	1	UID1817040	1	1	0	0
1	1	UID1817045	1	1	0	0
1	1	UID1817046	1	1	0	0
1	1	UID1817047	1	1	0	0
1	1	UID1817048	1	1	0	0
1	1	UID1817049	1	1	0	0
1	1	UID1817050	1	1	0	0
1	1	UID1817054	1	1	0	0
1	1	UID1817055	1	1	0	0
1	1	UID1817060	1	1	0	0
1	1	UID1817061	1	1	0	0
1	1	UID1817069	1	1	0	0
1	1	UID1817073	1	1	0	0
1	1	UID1817076	1	1	0	0
1	1	UID1817078	1	1	0	0
1	1	UID1817081	1	1	0	0
1	1	UID1817085	1	1	0	0
1	1	UID1817087	1	1	0	0
1	1	UID1817088	1	1	0	0
1	1	UID1817097	1	1	0	0
1	1	UID1817098	1	1	0	0
1	1	UID1817100	1	1	0	0
1	1	UID1817101	1	1	0	0
1	1	UID1817103	1	1	0	0
1	1	UID1817106	1	1	0	0
1	1	UID1817110	1	1	0	0
1	1	UID1817113	1	1	0	0
1	1	UID1817115	1	1	0	0
1	1	UID1817116	1	1	0	0
1	1	UID1817117	1	1	0	0
1	1	UID1817119	1	1	0	0
1	1	UID1817121	1	1	0	0
1	1	UID1817122	1	1	0	0
1	1	UID1817123	1	1	0	0
1	1	UID1817124	1	1	0	0
1	1	UID1817125	1	1	0	0
1	1	UID1817130	1	1	0	0
1	1	UID1817135	1	1	0	0
1	1	UID1817137	1	1	0	0
1	1	UID1817138	1	1	0	0
1	1	UID1817139	1	1	0	0
1	1	UID1817140	1	1	0	0
1	1	UID1817141	1	1	0	0
1	1	UID1817142	1	1	0	0
1	1	UID1817144	1	1	0	0
1	1	UID1817148	1	1	0	0
1	1	UID1817149	1	1	0	0
1	1	UID1817151	1	1	0	0
1	1	UID1817152	1	1	0	0
1	1	UID1817153	1	1	0	0
1	1	UID1817154	1	1	0	0
1	1	UID1817155	1	1	0	0
1	1	UID1817156	1	1	0	0
1	1	UID1817157	1	1	0	0
1	1	UID1817158	1	1	0	0
1	1	UID1817159	1	1	0	0
1	1	UID1817163	1	1	0	0
1	1	UID1817166	1	1	0	0
1	1	UID1817168	1	1	0	0
1	1	UID1817169	1	1	0	0
1	1	UID1817170	1	1	0	0
1	1	UID1817174	1	1	0	0
1	1	UID1817175	1	1	0	0
1	1	UID1817183	1	1	0	0
1	1	UID1817187	1	1	0	0
1	1	UID1817194	1	1	0	0
1	1	UID1817203	1	1	0	0
1	1	UID1817205	1	1	0	0
1	1	UID1817207	1	1	0	0
1	1	UID1817211	1	1	0	0
1	1	UID1817212	1	1	0	0
1	1	UID1817214	1	1	0	0
1	1	UID1817215	1	1	0	0
1	1	UID1817216	1	1	0	0
1	1	UID1817217	1	1	0	0
1	1	UID1817218	1	1	0	0
1	1	UID1817219	1	1	0	0
1	1	UID1817220	1	1	0	0
1	1	UID1817222	1	1	0	0
1	1	UID1817224	1	1	0	0
1	1	UID1817226	1	1	0	0
1	1	UID1817227	1	1	0	0
1	1	UID1817231	1	1	0	0
1	1	UID1817236	1	1	0	0
1	1	UID1817237	1	1	0	0
1	1	UID1817239	1	1	0	0
1	1	UID1817241	1	1	0	0
1	1	UID1817248	1	1	0	0
1	1	UID1817250	1	1	0	0
1	1	UID1817251	1	1	0	0
1	1	UID1817264	1	1	0	0
1	1	UID1817265	1	1	0	0
1	1	UID1817281	1	1	0	0
1	1	UID1817302	1	1	0	0
1	1	UID1817317	1	1	0	0
1	1	UID1817319	1	1	0	0
1	1	UID1817320	1	1	0	0
1	1	UID1817322	1	1	0	0
1	1	UID1817323	1	1	0	0
1	1	UID1817324	1	1	0	0
1	1	UID1817329	1	1	0	0
1	1	UID1817330	1	1	0	0
1	1	UID1817331	1	1	0	0
1	1	UID1817335	1	1	0	0
1	1	UID1817337	1	1	0	0
1	1	UID1817339	1	1	0	0
1	1	UID1817340	1	1	0	0
1	1	UID1817343	1	1	0	0
1	1	UID1817344	1	1	0	0
1	1	UID1817350	1	1	0	0
1	1	UID1817351	1	1	0	0
1	1	UID1817354	1	1	0	0
1	1	UID1817357	1	1	0	0
1	1	UID1817358	1	1	0	0
1	1	UID1817359	1	1	0	0
1	1	UID1817361	1	1	0	0
1	1	UID1817365	1	1	0	0
1	1	UID1817370	1	1	0	0
1	1	UID1817373	1	1	0	0
1	1	UID1817378	1	1	0	0
1	1	UID1817380	1	1	0	0
1	1	UID1817383	1	1	0	0
1	1	UID1817384	1	1	0	0
1	1	UID1817388	1	1	0	0
1	1	UID1817391	1	1	0	0
1	1	UID1817392	1	1	0	0
1	1	UID1817393	1	1	0	0
1	1	UID1817394	1	1	0	0
1	1	UID1817395	1	1	0	0
1	1	UID1817396	1	1	0	0
1	1	UID1817397	1	1	0	0
1	1	UID1817398	1	1	0	0
1	1	UID1817399	1	1	0	0
1	1	UID1817400	1	1	0	0
1	1	UID1817402	1	1	0	0
1	1	UID1817403	1	1	0	0
1	1	UID1817410	1	1	0	0
1	1	UID1817411	1	1	0	0
1	1	UID1817412	1	1	0	0
1	1	UID1817413	1	1	0	0
1	1	UID1817415	1	1	0	0
1	1	UID1817418	1	1	0	0
1	1	UID1817438	1	1	0	0
1	1	UID1817440	1	1	0	0
1	1	UID1817442	1	1	0	0
5	5	UID1817443	1	5	3	3
1	1	UID1817447	1	1	0	0
1	1	UID1817450	1	1	0	0
1	1	UID1817452	1	1	0	0
1	1	UID1817453	1	1	0	0
1	1	UID1817454	1	1	0	0
1	1	UID1817455	1	1	0	0
1	1	UID1817457	1	1	0	0
1	1	UID1817462	1	1	0	0
1	1	UID1817474	1	1	0	0
1	1	UID1817481	1	1	0	0
1	1	UID1817491	1	1	0	0
1	1	UID1817492	1	1	0	0
1	1	UID1817495	1	1	0	0
1	1	UID1817501	1	1	0	0
1	1	UID1817503	1	1	0	0
1	1	UID1817504	1	1	0	0
1	1	UID1817505	1	1	0	0
1	1	UID1817506	1	1	0	0
1	1	UID1817507	1	1	0	0
1	1	UID1817508	1	1	0	0
1	1	UID1817509	1	1	0	0
1	1	UID1817510	1	1	0	0
1	1	UID1817512	1	1	0	0
1	1	UID1817513	1	1	0	0
1	1	UID1817517	1	1	0	0
1	1	UID1817519	1	1	0	0
1	1	UID1817520	1	1	0	0
1	1	UID1817521	1	1	0	0
1	1	UID1817522	1	1	0	0
1	1	UID1817525	1	1	0	0
1	1	UID1817540	1	1	0	0
1	1	UID1817541	1	1	0	0
1	1	UID1817549	1	1	0	0
1	1	UID1817555	1	1	0	0
1	1	UID1817558	1	1	0	0
1	1	UID1817559	1	1	0	0
1	1	UID1817560	1	1	0	0
1	1	UID1817561	1	1	0	0
1	1	UID1817562	1	1	0	0
1	1	UID1817563	1	1	0	0
1	1	UID1817566	1	1	0	0
1	1	UID1817567	1	1	0	0
1	1	UID1817568	1	1	0	0
1	1	UID1817570	1	1	0	0
1	1	UID1817574	1	1	0	0
1	1	UID1817575	1	1	0	0
1	1	UID1817576	1	1	0	0
1	1	UID1817578	1	1	0	0
1	1	UID1817579	1	1	0	0
1	1	UID1817580	1	1	0	0
1	1	UID1817581	1	1	0	0
1	1	UID1817584	1	1	0	0
1	1	UID1817585	1	1	0	0
1	1	UID1817586	1	1	0	0
1	1	UID1817587	1	1	0	0
1	1	UID1817588	1	1	0	0
1	1	UID1817592	1	1	0	0
1	1	UID1817595	1	1	0	0
1	1	UID1817596	1	1	0	0
1	1	UID1817600	1	1	0	0
1	1	UID1817601	1	1	0	0
1	1	UID1817609	1	1	0	0
1	1	UID1817619	1	1	0	0
1	1	UID1817622	1	1	0	0
1	1	UID1817624	1	1	0	0
1	1	UID1817626	1	1	0	0
1	1	UID1817627	1	1	0	0
1	1	UID1817628	1	1	0	0
1	1	UID1817629	1	1	0	0
1	1	UID1817630	1	1	0	0
1	1	UID1817636	1	1	0	0
1	1	UID1817644	1	1	0	0
1	1	UID1817645	1	1	0	0
1	1	UID1817647	1	1	0	0
1	1	UID1817648	1	1	0	0
1	1	UID1817649	1	1	0	0
1	1	UID1817652	1	1	0	0
1	1	UID1817653	1	1	0	0
1	1	UID1817656	1	1	0	0
1	1	UID1817662	1	1	0	0
1	1	UID1817672	1	1	0	0
1	1	UID1817673	1	1	0	0
1	1	UID1817681	1	1	0	0
1	1	UID1817685	1	1	0	0
1	1	UID1817694	1	1	0	0
1	1	UID1817697	1	1	0	0
1	1	UID1817698	1	1	0	0
1	1	UID1817699	1	1	0	0
1	1	UID1817700	1	1	0	0
1	1	UID1817703	1	1	0	0
2	2	UID1817704	1	2	1	1
1	1	UID1817706	1	1	0	0
1	1	UID1817712	1	1	0	0
1	1	UID1817713	1	1	0	0
1	1	UID1817714	1	1	0	0
1	1	UID1817716	1	1	0	0
1	1	UID1817717	1	1	0	0
1	1	UID1817718	1	1	0	0
1	1	UID1817719	1	1	0	0
1	1	UID1817720	1	1	0	0
1	1	UID1817721	1	1	0	0
1	1	UID1817722	1	1	0	0
1	1	UID1817724	1	1	0	0
1	1	UID1817725	1	1	0	0
1	1	UID1817726	1	1	0	0
1	1	UID1817727	1	1	0	0
1	1	UID1817728	1	1	0	0
1	1	UID1817729	1	1	0	0
1	1	UID1817735	1	1	0	0
1	1	UID1817737	1	1	0	0
1	1	UID1817738	1	1	0	0
1	1	UID1817739	1	1	0	0
1	1	UID1817740	1	1	0	0
1	1	UID1817741	1	1	0	0
1	1	UID1817742	1	1	0	0
1	1	UID1817743	1	1	0	0
1	1	UID1817744	1	1	0	0
1	1	UID1817747	1	1	0	0
1	1	UID1817748	1	1	0	0
1	1	UID1817749	1	1	0	0
1	1	UID1817784	1	1	0	0
1	1	UID1817785	1	1	0	0
1	1	UID1817786	1	1	0	0
1	1	UID1817789	1	1	0	0
1	1	UID1817792	1	1	0	0
1	1	UID1817794	1	1	0	0
1	1	UID1817795	1	1	0	0
1	1	UID1817796	1	1	0	0
1	1	UID1817797	1	1	0	0
1	1	UID1817798	1	1	0	0
1	1	UID1817799	1	1	0	0
1	1	UID1817801	1	1	0	0
1	1	UID1817802	1	1	0	0
1	1	UID1817803	1	1	0	0
1	1	UID1817805	1	1	0	0
1	1	UID1817806	1	1	0	0
1	1	UID1817807	1	1	0	0
1	1	UID1817812	1	1	0	0
1	1	UID1817818	1	1	0	0
1	1	UID1817819	1	1	0	0
1	1	UID1817821	1	1	0	0
1	1	UID1817823	1	1	0	0
1	1	UID1817827	1	1	0	0
1	1	UID1817840	1	1	0	0
1	1	UID1817846	1	1	0	0
1	1	UID1817848	1	1	0	0
1	1	UID1817849	1	1	0	0
1	1	UID1817850	1	1	0	0
1	1	UID1817851	1	1	0	0
1	1	UID1817852	1	1	0	0
1	1	UID1817853	1	1	0	0
1	1	UID1817854	1	1	0	0
1	1	UID1817855	1	1	0	0
1	1	UID1817856	1	1	0	0
1	1	UID1817864	1	1	0	0
1	1	UID1817865	1	1	0	0
1	1	UID1817867	1	1	0	0
1	1	UID1817870	1	1	0	0
1	1	UID1817871	1	1	0	0
1	1	UID1817872	1	1	0	0
1	1	UID1817873	1	1	0	0
1	1	UID1817874	1	1	0	0
1	1	UID1817877	1	1	0	0
1	1	UID1817879	1	1	0	0
1	1	UID1817887	1	1	0	0
1	1	UID1817890	1	1	0	0
1	1	UID1817893	1	1	0	0
1	1	UID1817896	1	1	0	0
1	1	UID1817897	1	1	0	0
1	1	UID1817900	1	1	0	0
1	1	UID1817902	1	1	0	0
1	1	UID1817904	1	1	0	0
1	1	UID1817912	1	1	0	0
1	1	UID1817913	1	1	0	0
1	1	UID1817917	1	1	0	0
1	1	UID1817923	1	1	0	0
1	1	UID1817925	1	1	0	0
1	1	UID1817930	1	1	0	0
1	1	UID1817941	1	1	0	0
1	1	UID1817956	1	1	0	0
1	1	UID1817963	1	1	0	0
1	1	UID1817964	1	1	0	0
1	1	UID1817965	1	1	0	0
1	1	UID1817967	1	1	0	0
1	1	UID1817968	1	1	0	0
1	1	UID1817969	1	1	0	0
1	1	UID1817970	1	1	0	0
1	1	UID1817973	1	1	0	0
1	1	UID1817974	1	1	0	0
1	1	UID1817975	1	1	0	0
1	1	UID1817977	1	1	0	0
1	1	UID1817979	1	1	0	0
1	1	UID1817987	1	1	0	0
1	1	UID1817991	1	1	0	0
1	1	UID1817995	1	1	0	0
1	1	UID1817996	1	1	0	0
1	1	UID1818006	1	1	0	0
1	1	UID1818008	1	1	0	0
1	1	UID1818015	1	1	0	0
1	1	UID1818018	1	1	0	0
1	1	UID1818024	1	1	0	0
1	1	UID1818029	1	1	0	0
1	1	UID1818030	1	1	0	0
1	1	UID1818031	1	1	0	0
1	1	UID1818032	1	1	0	0
1	1	UID1818034	1	1	0	0
1	1	UID1818035	1	1	0	0
1	1	UID1818036	1	1	0	0
1	1	UID1818037	1	1	0	0
1	1	UID1818038	1	1	0	0
1	1	UID1818046	1	1	0	0
1	1	UID1818052	1	1	0	0
1	1	UID1818053	1	1	0	0
1	1	UID1818054	1	1	0	0
1	1	UID1818055	1	1	0	0
1	1	UID1818056	1	1	0	0
1	1	UID1818059	1	1	0	0
1	1	UID1818060	1	1	0	0
1	1	UID1818061	1	1	0	0
1	1	UID1818062	1	1	0	0
1	1	UID1818064	1	1	0	0
1	1	UID1818065	1	1	0	0
1	1	UID1818066	1	1	0	0
1	1	UID1818073	1	1	0	0
1	1	UID1818075	1	1	0	0
1	1	UID1818076	1	1	0	0
1	1	UID1818077	1	1	0	0
1	1	UID1818078	1	1	0	0
1	1	UID1818079	1	1	0	0
1	1	UID1818081	1	1	0	0
1	1	UID1818091	1	1	0	0
1	1	UID1818093	1	1	0	0
1	1	UID1818094	1	1	0	0
1	1	UID1818096	1	1	0	0
1	1	UID1818098	1	1	0	0
1	1	UID1818101	1	1	0	0
1	1	UID1818102	1	1	0	0
1	1	UID1818106	1	1	0	0
1	1	UID1818107	1	1	0	0
1	1	UID1818108	1	1	0	0
1	1	UID1818109	1	1	0	0
1	1	UID1818110	1	1	0	0
1	1	UID1818111	1	1	0	0
1	1	UID1818113	1	1	0	0
1	1	UID1818114	1	1	0	0
1	1	UID1818115	1	1	0	0
1	1	UID1818122	1	1	0	0
1	1	UID1818125	1	1	0	0
1	1	UID1818126	1	1	0	0
1	1	UID1818127	1	1	0	0
1	1	UID1818129	1	1	0	0
1	1	UID1818135	1	1	0	0
1	1	UID1818139	1	1	0	0
1	1	UID1818145	1	1	0	0
1	1	UID1818147	1	1	0	0
1	1	UID1818148	1	1	0	0
1	1	UID1818154	1	1	0	0
1	1	UID1818155	1	1	0	0
1	1	UID1818156	1	1	0	0
1	1	UID1818157	1	1	0	0
1	1	UID1818158	1	1	0	0
1	1	UID1818159	1	1	0	0
1	1	UID1818160	1	1	0	0
1	1	UID1818163	1	1	0	0
1	1	UID1818164	1	1	0	0
1	1	UID1818168	1	1	0	0
1	1	UID1818169	1	1	0	0
1	1	UID1818170	1	1	0	0
1	1	UID1818171	1	1	0	0
1	1	UID1818172	1	1	0	0
1	1	UID1818173	1	1	0	0
1	1	UID1818175	1	1	0	0
1	1	UID1818178	1	1	0	0
1	1	UID1818179	1	1	0	0
1	1	UID1818180	1	1	0	0
1	1	UID1818183	1	1	0	0
1	1	UID1818184	1	1	0	0
1	1	UID1818186	1	1	0	0
1	1	UID1818189	1	1	0	0
1	1	UID1818191	1	1	0	0
1	1	UID1818199	1	1	0	0
1	1	UID1818205	1	1	0	0
1	1	UID1818206	1	1	0	0
1	1	UID1818207	1	1	0	0
1	1	UID1818210	1	1	0	0
1	1	UID1818211	1	1	0	0
1	1	UID1818212	1	1	0	0
1	1	UID1818213	1	1	0	0
1	1	UID1818214	1	1	0	0
1	1	UID1818215	1	1	0	0
1	1	UID1818216	1	1	0	0
1	1	UID1818217	1	1	0	0
1	1	UID1818218	1	1	0	0
1	1	UID1818221	1	1	0	0
1	1	UID1818222	1	1	0	0
1	1	UID1818223	1	1	0	0
1	1	UID1818224	1	1	0	0
1	1	UID1818225	1	1	0	0
1	1	UID1818226	1	1	0	0
1	1	UID1818232	1	1	0	0
1	1	UID1818235	1	1	0	0
1	1	UID1818236	1	1	0	0
1	1	UID1818239	1	1	0	0
1	1	UID1818240	1	1	0	0
1	1	UID1818241	1	1	0	0
1	1	UID1818246	1	1	0	0
1	1	UID1818249	1	1	0	0
1	1	UID1818250	1	1	0	0
1	1	UID1818252	1	1	0	0
1	1	UID1818253	1	1	0	0
1	1	UID1818255	1	1	0	0
1	1	UID1818256	1	1	0	0
1	1	UID1818257	1	1	0	0
1	1	UID1818260	1	1	0	0
1	1	UID1818269	1	1	0	0
1	1	UID1818270	1	1	0	0
1	1	UID1818271	1	1	0	0
1	1	UID1818273	1	1	0	0
1	1	UID1818280	1	1	0	0
1	1	UID1818281	1	1	0	0
1	1	UID1818283	1	1	0	0
1	1	UID1818284	1	1	0	0
1	1	UID1818285	1	1	0	0
1	1	UID1818287	1	1	0	0
1	1	UID1818292	1	1	0	0
1	1	UID1818293	1	1	0	0
1	1	UID1818300	1	1	0	0
1	1	UID1818301	1	1	0	0
1	1	UID1818302	1	1	0	0
1	1	UID1818308	1	1	0	0
1	1	UID1818313	1	1	0	0
1	1	UID1818315	1	1	0	0
1	1	UID1818316	1	1	0	0
1	1	UID1818318	1	1	0	0
1	1	UID1818320	1	1	0	0
1	1	UID1818321	1	1	0	0
1	1	UID1818323	1	1	0	0
1	1	UID1818325	1	1	0	0
1	1	UID1818331	1	1	0	0
1	1	UID1818337	1	1	0	0
1	1	UID1818347	1	1	0	0
1	1	UID1818350	1	1	0	0
1	1	UID1818352	1	1	0	0
1	1	UID1818355	1	1	0	0
1	1	UID1818357	1	1	0	0
1	1	UID1818362	1	1	0	0
1	1	UID1818363	1	1	0	0
1	1	UID1818368	1	1	0	0
1	1	UID1818369	1	1	0	0
1	1	UID1818370	1	1	0	0
1	1	UID1818373	1	1	0	0
1	1	UID1818374	1	1	0	0
1	1	UID1818375	1	1	0	0
1	1	UID1818377	1	1	0	0
1	1	UID1818378	1	1	0	0
1	1	UID1818380	1	1	0	0
1	1	UID1818381	1	1	0	0
1	1	UID1818384	1	1	0	0
1	1	UID1818385	1	1	0	0
1	1	UID1818386	1	1	0	0
1	1	UID1818388	1	1	0	0
1	1	UID1818389	1	1	0	0
1	1	UID1818390	1	1	0	0
1	1	UID1818392	1	1	0	0
1	1	UID1818393	1	1	0	0
1	1	UID1818396	1	1	0	0
1	1	UID1818397	1	1	0	0
1	1	UID1818398	1	1	0	0
1	1	UID1818399	1	1	0	0
1	1	UID1818400	1	1	0	0
1	1	UID1818401	1	1	0	0
1	1	UID1818408	1	1	0	0
1	1	UID1818413	1	1	0	0
1	1	UID1818414	1	1	0	0
1	1	UID1818416	1	1	0	0
1	1	UID1818417	1	1	0	0
1	1	UID1818418	1	1	0	0
1	1	UID1818420	1	1	0	0
1	1	UID1818421	1	1	0	0
1	1	UID1818431	1	1	0	0
1	1	UID1818432	1	1	0	0
1	1	UID1818434	1	1	0	0
1	1	UID1818437	1	1	0	0
1	1	UID1818438	1	1	0	0
1	1	UID1818440	1	1	0	0
1	1	UID1818441	1	1	0	0
1	1	UID1818442	1	1	0	0
1	1	UID1818447	1	1	0	0
1	1	UID1818452	1	1	0	0
1	1	UID1818459	1	1	0	0
1	1	UID1818461	1	1	0	0
1	1	UID1818464	1	1	0	0
1	1	UID1818467	1	1	0	0
1	1	UID1818471	1	1	0	0
1	1	UID1818475	1	1	0	0
1	1	UID1818477	1	1	0	0
1	1	UID1818478	1	1	0	0
1	1	UID1818479	1	1	0	0
1	1	UID1818481	1	1	0	0
1	1	UID1818485	1	1	0	0
1	1	UID1818488	1	1	0	0
1	1	UID1818489	1	1	0	0
1	1	UID1818491	1	1	0	0
1	1	UID1818504	1	1	0	0
1	1	UID1818505	1	1	0	0
1	1	UID1818506	1	1	0	0
1	1	UID1818510	1	1	0	0
1	1	UID1818517	1	1	0	0
1	1	UID1818520	1	1	0	0
1	1	UID1818527	1	1	0	0
1	1	UID1818528	1	1	0	0
1	1	UID1818529	1	1	0	0
1	1	UID1818531	1	1	0	0
1	1	UID1818532	1	1	0	0
1	1	UID1818534	1	1	0	0
1	1	UID1818541	1	1	0	0
1	1	UID1818542	1	1	0	0
1	1	UID1818543	1	1	0	0
1	1	UID1818544	1	1	0	0
1	1	UID1818545	1	1	0	0
1	1	UID1818546	1	1	0	0
1	1	UID1818548	1	1	0	0
1	1	UID1818549	1	1	0	0
1	1	UID1818553	1	1	0	0
1	1	UID1818554	1	1	0	0
1	1	UID1818555	1	1	0	0
1	1	UID1818556	1	1	0	0
1	1	UID1818557	1	1	0	0
1	1	UID1818558	1	1	0	0
1	1	UID1818559	1	1	0	0
1	1	UID1818561	1	1	0	0
1	1	UID1818562	1	1	0	0
1	1	UID1818563	1	1	0	0
1	1	UID1818568	1	1	0	0
1	1	UID1818569	1	1	0	0
1	1	UID1818570	1	1	0	0
1	1	UID1818575	1	1	0	0
1	1	UID1818583	1	1	0	0
1	1	UID1818584	1	1	0	0
1	1	UID1818589	1	1	0	0
1	1	UID1818591	1	1	0	0
1	1	UID1818592	1	1	0	0
1	1	UID1818600	1	1	0	0
1	1	UID1818606	1	1	0	0
1	1	UID1818607	1	1	0	0
1	1	UID1818609	1	1	0	0
1	1	UID1818610	1	1	0	0
1	1	UID1818611	1	1	0	0
1	1	UID1818612	1	1	0	0
1	1	UID1818613	1	1	0	0
1	1	UID1818615	1	1	0	0
1	1	UID1818621	1	1	0	0
1	1	UID1818639	1	1	0	0
1	1	UID1818640	1	1	0	0
1	1	UID1818644	1	1	0	0
1	1	UID1818645	1	1	0	0
1	1	UID1818655	1	1	0	0
1	1	UID1818656	1	1	0	0
1	1	UID1818657	1	1	0	0
1	1	UID1818658	1	1	0	0
1	1	UID1818659	1	1	0	0
1	1	UID1818661	1	1	0	0
1	1	UID1818663	1	1	0	0
1	1	UID1818664	1	1	0	0
1	1	UID1818665	1	1	0	0
1	1	UID1818666	1	1	0	0
1	1	UID1818668	1	1	0	0
1	1	UID1818669	1	1	0	0
1	1	UID1818670	1	1	0	0
1	1	UID1818671	1	1	0	0
2	2	UID1818672	1	2	1	1
1	1	UID1818682	1	1	0	0
1	1	UID1818683	1	1	0	0
1	1	UID1818685	1	1	0	0
1	1	UID1818689	1	1	0	0
1	1	UID1818690	1	1	0	0
1	1	UID1818692	1	1	0	0
1	1	UID1818693	1	1	0	0
1	1	UID1818695	1	1	0	0
1	1	UID1818698	1	1	0	0
1	1	UID1818701	1	1	0	0
1	1	UID1818703	1	1	0	0
1	1	UID1818704	1	1	0	0
1	1	UID1818708	1	1	0	0
1	1	UID1818712	1	1	0	0
1	1	UID1818713	1	1	0	0
1	1	UID1818726	1	1	0	0
1	1	UID1818734	1	1	0	0
1	1	UID1818736	1	1	0	0
1	1	UID1818741	1	1	0	0
1	1	UID1818742	1	1	0	0
1	1	UID1818743	1	1	0	0
1	1	UID1818746	1	1	0	0
1	1	UID1818747	1	1	0	0
1	1	UID1818748	1	1	0	0
1	1	UID1818750	1	1	0	0
1	1	UID1818753	1	1	0	0
1	1	UID1818763	1	1	0	0
1	1	UID1818766	1	1	0	0
1	1	UID1818767	1	1	0	0
1	1	UID1818768	1	1	0	0
1	1	UID1818769	1	1	0	0
1	1	UID1818774	1	1	0	0
1	1	UID1818779	1	1	0	0
1	1	UID1818781	1	1	0	0
1	1	UID1818783	1	1	0	0
1	1	UID1818785	1	1	0	0
1	1	UID1818789	1	1	0	0
1	1	UID1818790	1	1	0	0
1	1	UID1818791	1	1	0	0
1	1	UID1818792	1	1	0	0
1	1	UID1818796	1	1	0	0
1	1	UID1818797	1	1	0	0
1	1	UID1818798	1	1	0	0
1	1	UID1818799	1	1	0	0
1	1	UID1818800	1	1	0	0
1	1	UID1818801	1	1	0	0
1	1	UID1818802	1	1	0	0
1	1	UID1818803	1	1	0	0
1	1	UID1818804	1	1	0	0
1	1	UID1818805	1	1	0	0
1	1	UID1818806	1	1	0	0
1	1	UID1818807	1	1	0	0
1	1	UID1818808	1	1	0	0
1	1	UID1818818	1	1	0	0
1	1	UID1818820	1	1	0	0
1	1	UID1818821	1	1	0	0
1	1	UID1818822	1	1	0	0
1	1	UID1818823	1	1	0	0
1	1	UID1818826	1	1	0	0
1	1	UID1818828	1	1	0	0
1	1	UID1818831	1	1	0	0
1	1	UID1818833	1	1	0	0
1	1	UID1818834	1	1	0	0
1	1	UID1818835	1	1	0	0
1	1	UID1818843	1	1	0	0
1	1	UID1818844	1	1	0	0
1	1	UID1818845	1	1	0	0
1	1	UID1818846	1	1	0	0
1	1	UID1818847	1	1	0	0
1	1	UID1818848	1	1	0	0
1	1	UID1818850	1	1	0	0
1	1	UID1818851	1	1	0	0
1	1	UID1818852	1	1	0	0
1	1	UID1818854	1	1	0	0
1	1	UID1818857	1	1	0	0
1	1	UID1818858	1	1	0	0
1	1	UID1818859	1	1	0	0
1	1	UID1818860	1	1	0	0
1	1	UID1818866	1	1	0	0
1	1	UID1818867	1	1	0	0
1	1	UID1818868	1	1	0	0
1	1	UID1818869	1	1	0	0
1	1	UID1818873	1	1	0	0
1	1	UID1818874	1	1	0	0
1	1	UID1818875	1	1	0	0
1	1	UID1818876	1	1	0	0
1	1	UID1818878	1	1	0	0
1	1	UID1818886	1	1	0	0
1	1	UID1818887	1	1	0	0
1	1	UID1818888	1	1	0	0
1	1	UID1818890	1	1	0	0
1	1	UID1818893	1	1	0	0
1	1	UID1818894	1	1	0	0
1	1	UID1818895	1	1	0	0
1	1	UID1818897	1	1	0	0
1	1	UID1818899	1	1	0	0
1	1	UID1818900	1	1	0	0
1	1	UID1818901	1	1	0	0
1	1	UID1818902	1	1	0	0
1	1	UID1818904	1	1	0	0
1	1	UID1818905	1	1	0	0
1	1	UID1818913	1	1	0	0
1	1	UID1818915	1	1	0	0
1	1	UID1818917	1	1	0	0
1	1	UID1818918	1	1	0	0
1	1	UID1818920	1	1	0	0
1	1	UID1818921	1	1	0	0
1	1	UID1818922	1	1	0	0
1	1	UID1818923	1	1	0	0
1	1	UID1818924	1	1	0	0
1	1	UID1818925	1	1	0	0
1	1	UID1818926	1	1	0	0
1	1	UID1818927	1	1	0	0
1	1	UID1818929	1	1	0	0
1	1	UID1818931	1	1	0	0
1	1	UID1818932	1	1	0	0
1	1	UID1818933	1	1	0	0
1	1	UID1818934	1	1	0	0
1	1	UID1818935	1	1	0	0
1	1	UID1818936	1	1	0	0
1	1	UID1818939	1	1	0	0
1	1	UID1818945	1	1	0	0
1	1	UID1818947	1	1	0	0
1	1	UID1818956	1	1	0	0
1	1	UID1818958	1	1	0	0
1	1	UID1818961	1	1	0	0
1	1	UID1818962	1	1	0	0
1	1	UID1818965	1	1	0	0
1	1	UID1818966	1	1	0	0
1	1	UID1818967	1	1	0	0
1	1	UID1818969	1	1	0	0
1	1	UID1818970	1	1	0	0
1	1	UID1818976	1	1	0	0
1	1	UID1818977	1	1	0	0
1	1	UID1818980	1	1	0	0
1	1	UID1818981	1	1	0	0
1	1	UID1818982	1	1	0	0
1	1	UID1818987	1	1	0	0
1	1	UID1818989	1	1	0	0
1	1	UID1818996	1	1	0	0
1	1	UID1818998	1	1	0	0
1	1	UID1818999	1	1	0	0
1	1	UID1819000	1	1	0	0
1	1	UID1819007	1	1	0	0
1	1	UID1819010	1	1	0	0
1	1	UID1819014	1	1	0	0
1	1	UID1819018	1	1	0	0
1	1	UID1819025	1	1	0	0
1	1	UID1819026	1	1	0	0
1	1	UID1819028	1	1	0	0
1	1	UID1819029	1	1	0	0
1	1	UID1819036	1	1	0	0
1	1	UID1819037	1	1	0	0
1	1	UID1819038	1	1	0	0
1	1	UID1819039	1	1	0	0
1	1	UID1819049	1	1	0	0
1	1	UID1819050	1	1	0	0
1	1	UID1819052	1	1	0	0
1	1	UID1819053	1	1	0	0
1	1	UID1819054	1	1	0	0
1	1	UID1819055	1	1	0	0
1	1	UID1819066	1	1	0	0
1	1	UID1819069	1	1	0	0
1	1	UID1819071	1	1	0	0
1	1	UID1819073	1	1	0	0
1	1	UID1819074	1	1	0	0
1	1	UID1819080	1	1	0	0
1	1	UID1819082	1	1	0	0
1	1	UID1819084	1	1	0	0
1	1	UID1819085	1	1	0	0
1	1	UID1819095	1	1	0	0
1	1	UID1819097	1	1	0	0
1	1	UID1819099	1	1	0	0
1	1	UID1819101	1	1	0	0
1	1	UID1819103	1	1	0	0
1	1	UID1819106	1	1	0	0
1	1	UID1819108	1	1	0	0
1	1	UID1819109	1	1	0	0
1	1	UID1819110	1	1	0	0
1	1	UID1819111	1	1	0	0
1	1	UID1819112	1	1	0	0
1	1	UID1819113	1	1	0	0
1	1	UID1819114	1	1	0	0
1	1	UID1819115	1	1	0	0
1	1	UID1819116	1	1	0	0
1	1	UID1819124	1	1	0	0
1	1	UID1819126	1	1	0	0
1	1	UID1819127	1	1	0	0
1	1	UID1819130	1	1	0	0
1	1	UID1819131	1	1	0	0
1	1	UID1819132	1	1	0	0
1	1	UID1819140	1	1	0	0
1	1	UID1819143	1	1	0	0
1	1	UID1819146	1	1	0	0
1	1	UID1819147	1	1	0	0
1	1	UID1819148	1	1	0	0
1	1	UID1819149	1	1	0	0
1	1	UID1819151	1	1	0	0
1	1	UID1819153	1	1	0	0
1	1	UID1819154	1	1	0	0
1	1	UID1819155	1	1	0	0
1	1	UID1819156	1	1	0	0
1	1	UID1819158	1	1	0	0
1	1	UID1819160	1	1	0	0
1	1	UID1819163	1	1	0	0
1	1	UID1819165	1	1	0	0
1	1	UID1819166	1	1	0	0
1	1	UID1819171	1	1	0	0
1	1	UID1819172	1	1	0	0
1	1	UID1819173	1	1	0	0
1	1	UID1819175	1	1	0	0
1	1	UID1819178	1	1	0	0
1	1	UID1819179	1	1	0	0
1	1	UID1819181	1	1	0	0
1	1	UID1819184	1	1	0	0
1	1	UID1819186	1	1	0	0
1	1	UID1819187	1	1	0	0
1	1	UID1819188	1	1	0	0
1	1	UID1819189	1	1	0	0
1	1	UID1819191	1	1	0	0
1	1	UID1819193	1	1	0	0
1	1	UID1819196	1	1	0	0
1	1	UID1819197	1	1	0	0
1	1	UID1819199	1	1	0	0
1	1	UID1819200	1	1	0	0
1	1	UID1819203	1	1	0	0
1	1	UID1819205	1	1	0	0
1	1	UID1819207	1	1	0	0
1	1	UID1819209	1	1	0	0
1	1	UID1819215	1	1	0	0
1	1	UID1819218	1	1	0	0
1	1	UID1819220	1	1	0	0
1	1	UID1819221	1	1	0	0
1	1	UID1819222	1	1	0	0
1	1	UID1819223	1	1	0	0
1	1	UID1819225	1	1	0	0
1	1	UID1819226	1	1	0	0
1	1	UID1819227	1	1	0	0
1	1	UID1819228	1	1	0	0
1	1	UID1819230	1	1	0	0
1	1	UID1819245	1	1	0	0
1	1	UID1819246	1	1	0	0
1	1	UID1819249	1	1	0	0
1	1	UID1819251	1	1	0	0
1	1	UID1819252	1	1	0	0
1	1	UID1819253	1	1	0	0
1	1	UID1819256	1	1	0	0
1	1	UID1819259	1	1	0	0
1	1	UID1819267	1	1	0	0
1	1	UID1819276	1	1	0	0
1	1	UID1819283	1	1	0	0
1	1	UID1819284	1	1	0	0
1	1	UID1819286	1	1	0	0
1	1	UID1819287	1	1	0	0
1	1	UID1819288	1	1	0	0
1	1	UID1819296	1	1	0	0
1	1	UID1819297	1	1	0	0
1	1	UID1819298	1	1	0	0
1	1	UID1819299	1	1	0	0
1	1	UID1819304	1	1	0	0
1	1	UID1819305	1	1	0	0
1	1	UID1819308	1	1	0	0
1	1	UID1819310	1	1	0	0
1	1	UID1819311	1	1	0	0
1	1	UID1819313	1	1	0	0
1	1	UID1819314	1	1	0	0
1	1	UID1819317	1	1	0	0
1	1	UID1819319	1	1	0	0
1	1	UID1819326	1	1	0	0
1	1	UID1819338	1	1	0	0
1	1	UID1819341	1	1	0	0
1	1	UID1819350	1	1	0	0
1	1	UID1819353	1	1	0	0
1	1	UID1819357	1	1	0	0
1	1	UID1819365	1	1	0	0
1	1	UID1819367	1	1	0	0
1	1	UID1819368	1	1	0	0
1	1	UID1819377	1	1	0	0
1	1	UID1819378	1	1	0	0
1	1	UID1819381	1	1	0	0
1	1	UID1819383	1	1	0	0
1	1	UID1819384	1	1	0	0
1	1	UID1819386	1	1	0	0
1	1	UID1819387	1	1	0	0
1	1	UID1819388	1	1	0	0
1	1	UID1819389	1	1	0	0
1	1	UID1819393	1	1	0	0
1	1	UID1819394	1	1	0	0
1	1	UID1819395	1	1	0	0
1	1	UID1819396	1	1	0	0
1	1	UID1819403	1	1	0	0
1	1	UID1819407	1	1	0	0
1	1	UID1819408	1	1	0	0
1	1	UID1819409	1	1	0	0
1	1	UID1819414	1	1	0	0
1	1	UID1819415	1	1	0	0
1	1	UID1819421	1	1	0	0
1	1	UID1819422	1	1	0	0
1	1	UID1819425	1	1	0	0
1	1	UID1819426	1	1	0	0
1	1	UID1819427	1	1	0	0
1	1	UID1819430	1	1	0	0
1	1	UID1819431	1	1	0	0
1	1	UID1819449	1	1	0	0
1	1	UID1819454	1	1	0	0
1	1	UID1819455	1	1	0	0
1	1	UID1819456	1	1	0	0
1	1	UID1819457	1	1	0	0
1	1	UID1819458	1	1	0	0
1	1	UID1819463	1	1	0	0
1	1	UID1819464	1	1	0	0
1	1	UID1819465	1	1	0	0
1	1	UID1819472	1	1	0	0
1	1	UID1819473	1	1	0	0
1	1	UID1819474	1	1	0	0
1	1	UID1819475	1	1	0	0
1	1	UID1819476	1	1	0	0
1	1	UID1819477	1	1	0	0
1	1	UID1819480	1	1	0	0
1	1	UID1819481	1	1	0	0
1	1	UID1819486	1	1	0	0
1	1	UID1819499	1	1	0	0
1	1	UID1819501	1	1	0	0
1	1	UID1819503	1	1	0	0
1	1	UID1819504	1	1	0	0
1	1	UID1819505	1	1	0	0
1	1	UID1819512	1	1	0	0
1	1	UID1819519	1	1	0	0
1	1	UID1819521	1	1	0	0
1	1	UID1819522	1	1	0	0
1	1	UID1819524	1	1	0	0
1	1	UID1819532	1	1	0	0
1	1	UID1819536	1	1	0	0
1	1	UID1819540	1	1	0	0
1	1	UID1819549	1	1	0	0
1	1	UID1819551	1	1	0	0
1	1	UID1819552	1	1	0	0
1	1	UID1819553	1	1	0	0
1	1	UID1819558	1	1	0	0
1	1	UID1819559	1	1	0	0
1	1	UID1819571	1	1	0	0
1	1	UID1819572	1	1	0	0
1	1	UID1819576	1	1	0	0
1	1	UID1819585	1	1	0	0
1	1	UID1819587	1	1	0	0
1	1	UID1819588	1	1	0	0
1	1	UID1819593	1	1	0	0
1	1	UID1819595	1	1	0	0
1	1	UID1819596	1	1	0	0
1	1	UID1819603	1	1	0	0
1	1	UID1819604	1	1	0	0
1	1	UID1819605	1	1	0	0
1	1	UID1819606	1	1	0	0
1	1	UID1819608	1	1	0	0
1	1	UID1819609	1	1	0	0
1	1	UID1819611	1	1	0	0
1	1	UID1819612	1	1	0	0
1	1	UID1819624	1	1	0	0
1	1	UID1819625	1	1	0	0
1	1	UID1819626	1	1	0	0
1	1	UID1819627	1	1	0	0
1	1	UID1819628	1	1	0	0
1	1	UID1819632	1	1	0	0
1	1	UID1819636	1	1	0	0
1	1	UID1819641	1	1	0	0
1	1	UID1819642	1	1	0	0
1	1	UID1819643	1	1	0	0
1	1	UID1819645	1	1	0	0
1	1	UID1819650	1	1	0	0
1	1	UID1819652	1	1	0	0
1	1	UID1819653	1	1	0	0
1	1	UID1819663	1	1	0	0
1	1	UID1819664	1	1	0	0
1	1	UID1819669	1	1	0	0
1	1	UID1819670	1	1	0	0
1	1	UID1819673	1	1	0	0
1	1	UID1819674	1	1	0	0
1	1	UID1819689	1	1	0	0
1	1	UID1819690	1	1	0	0
1	1	UID1819694	1	1	0	0
1	1	UID1819700	1	1	0	0
1	1	UID1819705	1	1	0	0
1	1	UID1819708	1	1	0	0
1	1	UID1819709	1	1	0	0
1	1	UID1819710	1	1	0	0
1	1	UID1819720	1	1	0	0
1	1	UID1819723	1	1	0	0
1	1	UID1819726	1	1	0	0
1	1	UID1819733	1	1	0	0
1	1	UID1819734	1	1	0	0
1	1	UID1819746	1	1	0	0
1	1	UID1819749	1	1	0	0
1	1	UID1819750	1	1	0	0
1	1	UID1819751	1	1	0	0
1	1	UID1819752	1	1	0	0
1	1	UID1819753	1	1	0	0
1	1	UID1819755	1	1	0	0
1	1	UID1819756	1	1	0	0
1	1	UID1819757	1	1	0	0
1	1	UID1819758	1	1	0	0
1	1	UID1819759	1	1	0	0
1	1	UID1819760	1	1	0	0
1	1	UID1819761	1	1	0	0
1	1	UID1819762	1	1	0	0
1	1	UID1819763	1	1	0	0
1	1	UID1819770	1	1	0	0
1	1	UID1819771	1	1	0	0
1	1	UID1819772	1	1	0	0
1	1	UID1819773	1	1	0	0
1	1	UID1819774	1	1	0	0
1	1	UID1819775	1	1	0	0
1	1	UID1819776	1	1	0	0
1	1	UID1819777	1	1	0	0
1	1	UID1819779	1	1	0	0
1	1	UID1819780	1	1	0	0
1	1	UID1819781	1	1	0	0
1	1	UID1819784	1	1	0	0
1	1	UID1819785	1	1	0	0
1	1	UID1819786	1	1	0	0
1	1	UID1819787	1	1	0	0
1	1	UID1819788	1	1	0	0
1	1	UID1819795	1	1	0	0
1	1	UID1819802	1	1	0	0
1	1	UID1819803	1	1	0	0
1	1	UID1819804	1	1	0	0
1	1	UID1819805	1	1	0	0
1	1	UID1819807	1	1	0	0
1	1	UID1819808	1	1	0	0
1	1	UID1819810	1	1	0	0
1	1	UID1819818	1	1	0	0
1	1	UID1819819	1	1	0	0
1	1	UID1819820	1	1	0	0
1	1	UID1819821	1	1	0	0
1	1	UID1819822	1	1	0	0
1	1	UID1819823	1	1	0	0
1	1	UID1819824	1	1	0	0
1	1	UID1819825	1	1	0	0
1	1	UID1819826	1	1	0	0
1	1	UID1819827	1	1	0	0
1	1	UID1819828	1	1	0	0
1	1	UID1819832	1	1	0	0
1	1	UID1819833	1	1	0	0
1	1	UID1819841	1	1	0	0
1	1	UID1819842	1	1	0	0
1	1	UID1819846	1	1	0	0
1	1	UID1819847	1	1	0	0
1	1	UID1819849	1	1	0	0
1	1	UID1819850	1	1	0	0
1	1	UID1819851	1	1	0	0
1	1	UID1819852	1	1	0	0
1	1	UID1819853	1	1	0	0
1	1	UID1819854	1	1	0	0
1	1	UID1819855	1	1	0	0
1	1	UID1819856	1	1	0	0
1	1	UID1819857	1	1	0	0
1	1	UID1819858	1	1	0	0
1	1	UID1819860	1	1	0	0
1	1	UID1819861	1	1	0	0
1	1	UID1819864	1	1	0	0
1	1	UID1819867	1	1	0	0
1	1	UID1819870	1	1	0	0
1	1	UID1819875	1	1	0	0
1	1	UID1819876	1	1	0	0
1	1	UID1819877	1	1	0	0
1	1	UID1819881	1	1	0	0
1	1	UID1819883	1	1	0	0
1	1	UID1819884	1	1	0	0
1	1	UID1819886	1	1	0	0
1	1	UID1819890	1	1	0	0
1	1	UID1819892	1	1	0	0
1	1	UID1819893	1	1	0	0
1	1	UID1819899	1	1	0	0
1	1	UID1819904	1	1	0	0
1	1	UID1819905	1	1	0	0
1	1	UID1819906	1	1	0	0
1	1	UID1819909	1	1	0	0
1	1	UID1819917	1	1	0	0
1	1	UID1819919	1	1	0	0
1	1	UID1819921	1	1	0	0
1	1	UID1819924	1	1	0	0
1	1	UID1819928	1	1	0	0
1	1	UID1819932	1	1	0	0
1	1	UID1819936	1	1	0	0
1	1	UID1819937	1	1	0	0
1	1	UID1819939	1	1	0	0
1	1	UID1819941	1	1	0	0
1	1	UID1819942	1	1	0	0
1	1	UID1819951	1	1	0	0
1	1	UID1819952	1	1	0	0
1	1	UID1819953	1	1	0	0
1	1	UID1819956	1	1	0	0
1	1	UID1819958	1	1	0	0
1	1	UID1819965	1	1	0	0
1	1	UID1819966	1	1	0	0
1	1	UID1819967	1	1	0	0
1	1	UID1819969	1	1	0	0
1	1	UID1819972	1	1	0	0
1	1	UID1819974	1	1	0	0
1	1	UID1819975	1	1	0	0
1	1	UID1819976	1	1	0	0
1	1	UID1819980	1	1	0	0
1	1	UID1819985	1	1	0	0
1	1	UID1820010	1	1	0	0
1	1	UID1820014	1	1	0	0
1	1	UID1820015	1	1	0	0
1	1	UID1820023	1	1	0	0
1	1	UID1820031	1	1	0	0
1	1	UID1820045	1	1	0	0
1	1	UID1820050	1	1	0	0
1	1	UID1820060	1	1	0	0
1	1	UID1820071	1	1	0	0
1	1	UID1820073	1	1	0	0
1	1	UID1820222	1	1	0	0
1	1	UID1820247	1	1	0	0
1	1	UID1820271	1	1	0	0
1	1	UID1820272	1	1	0	0
1	1	UID1820289	1	1	0	0
1	1	UID1820292	1	1	0	0
1	1	UID1820298	1	1	0	0
1	1	UID1820299	1	1	0	0
1	1	UID1820312	1	1	0	0
1	1	UID1820323	1	1	0	0
1	1	UID1820336	1	1	0	0
1	1	UID1820348	1	1	0	0
1	1	UID1820357	1	1	0	0
1	1	UID1820361	1	1	0	0
1	1	UID1820365	1	1	0	0
1	1	UID1820368	1	1	0	0
1	1	UID1820374	1	1	0	0
1	1	UID1820375	1	1	0	0
1	1	UID1820376	1	1	0	0
1	1	UID1820378	1	1	0	0
1	1	UID1820382	1	1	0	0
1	1	UID1820390	1	1	0	0
1	1	UID1820392	1	1	0	0
1	1	UID1820405	1	1	0	0
1	1	UID1820412	1	1	0	0
1	1	UID1820413	1	1	0	0
1	1	UID1820414	1	1	0	0
1	1	UID1820415	1	1	0	0
1	1	UID1820418	1	1	0	0
1	1	UID1820421	1	1	0	0
1	1	UID1820428	1	1	0	0
1	1	UID1820433	1	1	0	0
1	1	UID1820434	1	1	0	0
1	1	UID1820435	1	1	0	0
1	1	UID1820436	1	1	0	0
1	1	UID1820437	1	1	0	0
1	1	UID1820439	1	1	0	0
1	1	UID1820440	1	1	0	0
1	1	UID1820444	1	1	0	0
1	1	UID1820458	1	1	0	0
1	1	UID1820460	1	1	0	0
1	1	UID1820461	1	1	0	0
1	1	UID1820475	1	1	0	0
1	1	UID1820477	1	1	0	0
1	1	UID1820483	1	1	0	0
1	1	UID1820498	1	1	0	0
1	1	UID1820500	1	1	0	0
1	1	UID1820503	1	1	0	0
1	1	UID1820507	1	1	0	0
1	1	UID1820509	1	1	0	0
1	1	UID1820510	1	1	0	0
1	1	UID1820518	1	1	0	0
1	1	UID1820519	1	1	0	0
1	1	UID1820520	1	1	0	0
1	1	UID1820521	1	1	0	0
1	1	UID1820522	1	1	0	0
1	1	UID1820523	1	1	0	0
1	1	UID1820531	1	1	0	0
1	1	UID1820532	1	1	0	0
1	1	UID1820539	1	1	0	0
1	1	UID1820540	1	1	0	0
1	1	UID1820541	1	1	0	0
1	1	UID1820543	1	1	0	0
1	1	UID1820545	1	1	0	0
1	1	UID1820547	1	1	0	0
1	1	UID1820549	1	1	0	0
1	1	UID1820550	1	1	0	0
1	1	UID1820559	1	1	0	0
1	1	UID1820561	1	1	0	0
1	1	UID1820563	1	1	0	0
1	1	UID1820564	1	1	0	0
1	1	UID1820565	1	1	0	0
1	1	UID1820566	1	1	0	0
1	1	UID1820567	1	1	0	0
1	1	UID1820568	1	1	0	0
1	1	UID1820570	1	1	0	0
1	1	UID1820579	1	1	0	0
1	1	UID1820581	1	1	0	0
1	1	UID1820583	1	1	0	0
1	1	UID1820584	1	1	0	0
1	1	UID1820592	1	1	0	0
1	1	UID1820593	1	1	0	0
1	1	UID1820594	1	1	0	0
1	1	UID1820595	1	1	0	0
1	1	UID1820596	1	1	0	0
1	1	UID1820597	1	1	0	0
1	1	UID1820598	1	1	0	0
1	1	UID1820599	1	1	0	0
1	1	UID1820602	1	1	0	0
1	1	UID1820603	1	1	0	0
1	1	UID1820606	1	1	0	0
1	1	UID1820610	1	1	0	0
1	1	UID1820617	1	1	0	0
1	1	UID1820619	1	1	0	0
1	1	UID1820620	1	1	0	0
1	1	UID1820624	1	1	0	0
1	1	UID1820627	1	1	0	0
1	1	UID1820638	1	1	0	0
1	1	UID1820639	1	1	0	0
1	1	UID1820643	1	1	0	0
1	1	UID1820644	1	1	0	0
1	1	UID1820645	1	1	0	0
1	1	UID1820646	1	1	0	0
1	1	UID1820647	1	1	0	0
1	1	UID1820648	1	1	0	0
1	1	UID1820649	1	1	0	0
1	1	UID1820651	1	1	0	0
1	1	UID1820653	1	1	0	0
1	1	UID1820654	1	1	0	0
1	1	UID1820655	1	1	0	0
1	1	UID1820656	1	1	0	0
1	1	UID1820657	1	1	0	0
1	1	UID1820658	1	1	0	0
1	1	UID1820659	1	1	0	0
1	1	UID1820662	1	1	0	0
1	1	UID1820666	1	1	0	0
1	1	UID1820667	1	1	0	0
1	1	UID1820668	1	1	0	0
1	1	UID1820669	1	1	0	0
1	1	UID1820671	1	1	0	0
1	1	UID1820676	1	1	0	0
1	1	UID1820678	1	1	0	0
1	1	UID1820679	1	1	0	0
1	1	UID1820680	1	1	0	0
1	1	UID1820681	1	1	0	0
1	1	UID1820682	1	1	0	0
1	1	UID1820683	1	1	0	0
1	1	UID1820685	1	1	0	0
1	1	UID1820686	1	1	0	0
1	1	UID1820687	1	1	0	0
1	1	UID1820691	1	1	0	0
1	1	UID1820692	1	1	0	0
1	1	UID1820693	1	1	0	0
1	1	UID1820694	1	1	0	0
1	1	UID1820697	1	1	0	0
1	1	UID1820698	1	1	0	0
1	1	UID1820700	1	1	0	0
1	1	UID1820703	1	1	0	0
1	1	UID1820704	1	1	0	0
1	1	UID1820706	1	1	0	0
1	1	UID1820709	1	1	0	0
1	1	UID1820710	1	1	0	0
1	1	UID1820711	1	1	0	0
1	1	UID1820714	1	1	0	0
1	1	UID1820721	1	1	0	0
1	1	UID1820722	1	1	0	0
1	1	UID1820723	1	1	0	0
1	1	UID1820725	1	1	0	0
1	1	UID1820726	1	1	0	0
1	1	UID1820728	1	1	0	0
1	1	UID1820729	1	1	0	0
1	1	UID1820731	1	1	0	0
1	1	UID1820734	1	1	0	0
1	1	UID1820735	1	1	0	0
1	1	UID1820736	1	1	0	0
1	1	UID1820737	1	1	0	0
1	1	UID1820738	1	1	0	0
1	1	UID1820740	1	1	0	0
1	1	UID1820741	1	1	0	0
1	1	UID1820742	1	1	0	0
1	1	UID1820743	1	1	0	0
1	1	UID1820745	1	1	0	0
1	1	UID1820746	1	1	0	0
1	1	UID1820747	1	1	0	0
1	1	UID1820749	1	1	0	0
1	1	UID1820750	1	1	0	0
1	1	UID1820752	1	1	0	0
1	1	UID1820755	1	1	0	0
1	1	UID1820757	1	1	0	0
1	1	UID1820761	1	1	0	0
1	1	UID1820763	1	1	0	0
1	1	UID1820764	1	1	0	0
1	1	UID1820765	1	1	0	0
1	1	UID1820766	1	1	0	0
1	1	UID1820767	1	1	0	0
1	1	UID1820769	1	1	0	0
1	1	UID1820770	1	1	0	0
1	1	UID1820771	1	1	0	0
1	1	UID1820774	1	1	0	0
1	1	UID1820775	1	1	0	0
1	1	UID1820777	1	1	0	0
1	1	UID1820778	1	1	0	0
1	1	UID1820779	1	1	0	0
1	1	UID1820792	1	1	0	0
1	1	UID1820793	1	1	0	0
1	1	UID1820794	1	1	0	0
1	1	UID1820810	1	1	0	0
1	1	UID1820813	1	1	0	0
1	1	UID1820826	1	1	0	0
1	1	UID1820827	1	1	0	0
1	1	UID1820828	1	1	0	0
1	1	UID1820831	1	1	0	0
1	1	UID1820834	1	1	0	0
1	1	UID1820844	1	1	0	0
1	1	UID1820846	1	1	0	0
1	1	UID1820847	1	1	0	0
1	1	UID1820848	1	1	0	0
1	1	UID1820851	1	1	0	0
1	1	UID1820858	1	1	0	0
1	1	UID1820859	1	1	0	0
1	1	UID1820863	1	1	0	0
1	1	UID1820866	1	1	0	0
1	1	UID1820870	1	1	0	0
1	1	UID1820873	1	1	0	0
1	1	UID1820880	1	1	0	0
1	1	UID1820882	1	1	0	0
1	1	UID1820883	1	1	0	0
1	1	UID1820885	1	1	0	0
1	1	UID1820896	1	1	0	0
1	1	UID1820902	1	1	0	0
1	1	UID1820904	1	1	0	0
1	1	UID1820905	1	1	0	0
1	1	UID1820906	1	1	0	0
1	1	UID1820908	1	1	0	0
1	1	UID1820909	1	1	0	0
1	1	UID1820910	1	1	0	0
1	1	UID1820912	1	1	0	0
1	1	UID1820927	1	1	0	0
1	1	UID1820928	1	1	0	0
1	1	UID1820934	1	1	0	0
1	1	UID1820937	1	1	0	0
1	1	UID1820939	1	1	0	0
1	1	UID1820940	1	1	0	0
1	1	UID1820941	1	1	0	0
1	1	UID1820949	1	1	0	0
1	1	UID1820959	1	1	0	0
1	1	UID1820967	1	1	0	0
1	1	UID1820973	1	1	0	0
1	1	UID1820975	1	1	0	0
1	1	UID1820977	1	1	0	0
1	1	UID1820979	1	1	0	0
1	1	UID1820981	1	1	0	0
1	1	UID1820983	1	1	0	0
1	1	UID1820985	1	1	0	0
1	1	UID1820988	1	1	0	0
1	1	UID1820993	1	1	0	0
1	1	UID1821006	1	1	0	0
1	1	UID1821008	1	1	0	0
1	1	UID1821010	1	1	0	0
1	1	UID1821013	1	1	0	0
1	1	UID1821015	1	1	0	0
1	1	UID1821018	1	1	0	0
1	1	UID1821019	1	1	0	0
1	1	UID1821020	1	1	0	0
1	1	UID1821023	1	1	0	0
1	1	UID1821025	1	1	0	0
1	1	UID1821032	1	1	0	0
1	1	UID1821033	1	1	0	0
1	1	UID1821034	1	1	0	0
1	1	UID1821035	1	1	0	0
1	1	UID1821036	1	1	0	0
1	1	UID1821041	1	1	0	0
1	1	UID1821042	1	1	0	0
1	1	UID1821044	1	1	0	0
1	1	UID1821051	1	1	0	0
1	1	UID1821054	1	1	0	0
1	1	UID1821055	1	1	0	0
1	1	UID1821056	1	1	0	0
1	1	UID1821059	1	1	0	0
1	1	UID1821063	1	1	0	0
1	1	UID1821069	1	1	0	0
1	1	UID1821078	1	1	0	0
1	1	UID1821079	1	1	0	0
1	1	UID1821081	1	1	0	0
1	1	UID1821087	1	1	0	0
1	1	UID1821089	1	1	0	0
1	1	UID1821090	1	1	0	0
1	1	UID1821093	1	1	0	0
1	1	UID1821094	1	1	0	0
1	1	UID1821096	1	1	0	0
1	1	UID1821106	1	1	0	0
1	1	UID1821119	1	1	0	0
1	1	UID1821121	1	1	0	0
1	1	UID1821122	1	1	0	0
1	1	UID1821124	1	1	0	0
1	1	UID1821126	1	1	0	0
1	1	UID1821127	1	1	0	0
1	1	UID1821128	1	1	0	0
1	1	UID1821135	1	1	0	0
1	1	UID1821136	1	1	0	0
1	1	UID1821141	1	1	0	0
1	1	UID1821143	1	1	0	0
1	1	UID1821145	1	1	0	0
1	1	UID1821148	1	1	0	0
1	1	UID1821150	1	1	0	0
1	1	UID1821153	1	1	0	0
1	1	UID1821154	1	1	0	0
1	1	UID1821156	1	1	0	0
1	1	UID1821158	1	1	0	0
1	1	UID1821161	1	1	0	0
1	1	UID1821164	1	1	0	0
1	1	UID1821169	1	1	0	0
1	1	UID1821170	1	1	0	0
1	1	UID1821172	1	1	0	0
1	1	UID1821178	1	1	0	0
1	1	UID1821186	1	1	0	0
1	1	UID1821187	1	1	0	0
1	1	UID1821189	1	1	0	0
1	1	UID1821190	1	1	0	0
1	1	UID1821191	1	1	0	0
1	1	UID1821192	1	1	0	0
1	1	UID1821194	1	1	0	0
1	1	UID1821195	1	1	0	0
1	1	UID1821197	1	1	0	0
1	1	UID1821198	1	1	0	0
1	1	UID1821205	1	1	0	0
1	1	UID1821207	1	1	0	0
1	1	UID1821208	1	1	0	0
1	1	UID1821209	1	1	0	0
1	1	UID1821211	1	1	0	0
1	1	UID1821212	1	1	0	0
1	1	UID1821217	1	1	0	0
1	1	UID1821219	1	1	0	0
1	1	UID1821221	1	1	0	0
1	1	UID1821222	1	1	0	0
1	1	UID1821231	1	1	0	0
1	1	UID1821232	1	1	0	0
1	1	UID1821237	1	1	0	0
1	1	UID1821244	1	1	0	0
1	1	UID1821246	1	1	0	0
1	1	UID1821250	1	1	0	0
1	1	UID1821251	1	1	0	0
1	1	UID1821252	1	1	0	0
1	1	UID1821254	1	1	0	0
1	1	UID1821258	1	1	0	0
1	1	UID1821259	1	1	0	0
1	1	UID1821261	1	1	0	0
1	1	UID1821266	1	1	0	0
1	1	UID1821267	1	1	0	0
1	1	UID1821268	1	1	0	0
1	1	UID1821277	1	1	0	0
1	1	UID1821280	1	1	0	0
1	1	UID1821281	1	1	0	0
1	1	UID1821282	1	1	0	0
1	1	UID1821285	1	1	0	0
1	1	UID1821292	1	1	0	0
1	1	UID1821296	1	1	0	0
1	1	UID1821297	1	1	0	0
1	1	UID1821298	1	1	0	0
1	1	UID1821300	1	1	0	0
1	1	UID1821301	1	1	0	0
1	1	UID1821303	1	1	0	0
1	1	UID1821306	1	1	0	0
1	1	UID1821307	1	1	0	0
1	1	UID1821309	1	1	0	0
1	1	UID1821310	1	1	0	0
1	1	UID1821311	1	1	0	0
1	1	UID1821319	1	1	0	0
1	1	UID1821322	1	1	0	0
1	1	UID1821323	1	1	0	0
1	1	UID1821324	1	1	0	0
1	1	UID1821325	1	1	0	0
1	1	UID1821326	1	1	0	0
1	1	UID1821332	1	1	0	0
1	1	UID1821335	1	1	0	0
1	1	UID1821338	1	1	0	0
1	1	UID1821339	1	1	0	0
1	1	UID1821340	1	1	0	0
1	1	UID1821342	1	1	0	0
1	1	UID1821344	1	1	0	0
1	1	UID1821345	1	1	0	0
1	1	UID1821349	1	1	0	0
1	1	UID1821354	1	1	0	0
1	1	UID1821359	1	1	0	0
1	1	UID1821360	1	1	0	0
1	1	UID1821370	1	1	0	0
1	1	UID1821372	1	1	0	0
1	1	UID1821373	1	1	0	0
1	1	UID1821374	1	1	0	0
1	1	UID1821379	1	1	0	0
1	1	UID1821380	1	1	0	0
1	1	UID1821381	1	1	0	0
1	1	UID1821387	1	1	0	0
1	1	UID1821388	1	1	0	0
1	1	UID1821389	1	1	0	0
1	1	UID1821390	1	1	0	0
1	1	UID1821391	1	1	0	0
1	1	UID1821392	1	1	0	0
1	1	UID1821393	1	1	0	0
1	1	UID1821397	1	1	0	0
1	1	UID1821403	1	1	0	0
1	1	UID1821407	1	1	0	0
1	1	UID1821418	1	1	0	0
1	1	UID1821419	1	1	0	0
1	1	UID1821423	1	1	0	0
1	1	UID1821425	1	1	0	0
1	1	UID1821426	1	1	0	0
1	1	UID1821427	1	1	0	0
2	2	UID1821428	1	2	1	1
1	1	UID1821431	1	1	0	0
1	1	UID1821432	1	1	0	0
1	1	UID1821433	1	1	0	0
1	1	UID1821434	1	1	0	0
1	1	UID1821435	1	1	0	0
1	1	UID1821436	1	1	0	0
1	1	UID1821442	1	1	0	0
1	1	UID1821445	1	1	0	0
1	1	UID1821446	1	1	0	0
1	1	UID1821447	1	1	0	0
1	1	UID1821448	1	1	0	0
1	1	UID1821449	1	1	0	0
1	1	UID1821450	1	1	0	0
1	1	UID1821453	1	1	0	0
1	1	UID1821455	1	1	0	0
1	1	UID1821456	1	1	0	0
1	1	UID1821458	1	1	0	0
1	1	UID1821460	1	1	0	0
1	1	UID1821461	1	1	0	0
1	1	UID1821471	1	1	0	0
1	1	UID1821478	1	1	0	0
1	1	UID1821482	1	1	0	0
1	1	UID1821483	1	1	0	0
1	1	UID1821488	1	1	0	0
1	1	UID1821490	1	1	0	0
1	1	UID1821491	1	1	0	0
1	1	UID1821492	1	1	0	0
1	1	UID1821496	1	1	0	0
1	1	UID1821508	1	1	0	0
1	1	UID1821509	1	1	0	0
1	1	UID1821512	1	1	0	0
1	1	UID1821516	1	1	0	0
1	1	UID1821518	1	1	0	0
1	1	UID1821519	1	1	0	0
1	1	UID1821521	1	1	0	0
1	1	UID1821522	1	1	0	0
1	1	UID1821525	1	1	0	0
1	1	UID1821527	1	1	0	0
1	1	UID1821528	1	1	0	0
1	1	UID1821529	1	1	0	0
1	1	UID1821535	1	1	0	0
2	2	UID1821536	1	2	1	1
1	1	UID1821538	1	1	0	0
1	1	UID1821539	1	1	0	0
1	1	UID1821540	1	1	0	0
1	1	UID1821544	1	1	0	0
1	1	UID1821545	1	1	0	0
1	1	UID1821549	1	1	0	0
1	1	UID1821554	1	1	0	0
1	1	UID1821556	1	1	0	0
1	1	UID1821557	1	1	0	0
1	1	UID1821558	1	1	0	0
1	1	UID1821559	1	1	0	0
1	1	UID1821561	1	1	0	0
1	1	UID1821567	1	1	0	0
1	1	UID1821568	1	1	0	0
1	1	UID1821569	1	1	0	0
1	1	UID1821571	1	1	0	0
1	1	UID1821572	1	1	0	0
1	1	UID1821578	1	1	0	0
1	1	UID1821579	1	1	0	0
1	1	UID1821580	1	1	0	0
1	1	UID1821582	1	1	0	0
1	1	UID1821586	1	1	0	0
1	1	UID1821587	1	1	0	0
1	1	UID1821588	1	1	0	0
1	1	UID1821589	1	1	0	0
1	1	UID1821591	1	1	0	0
1	1	UID1821598	1	1	0	0
1	1	UID1821599	1	1	0	0
1	1	UID1821602	1	1	0	0
1	1	UID1821603	1	1	0	0
1	1	UID1821614	1	1	0	0
1	1	UID1821615	1	1	0	0
1	1	UID1821616	1	1	0	0
1	1	UID1821617	1	1	0	0
1	1	UID1821618	1	1	0	0
1	1	UID1821623	1	1	0	0
1	1	UID1821624	1	1	0	0
1	1	UID1821625	1	1	0	0
1	1	UID1821626	1	1	0	0
1	1	UID1821627	1	1	0	0
1	1	UID1821629	1	1	0	0
1	1	UID1821630	1	1	0	0
1	1	UID1821631	1	1	0	0
1	1	UID1821632	1	1	0	0
1	1	UID1821633	1	1	0	0
1	1	UID1821637	1	1	0	0
1	1	UID1821638	1	1	0	0
1	1	UID1821639	1	1	0	0
1	1	UID1821640	1	1	0	0
1	1	UID1821641	1	1	0	0
1	1	UID1821643	1	1	0	0
1	1	UID1821645	1	1	0	0
1	1	UID1821646	1	1	0	0
1	1	UID1821651	1	1	0	0
1	1	UID1821658	1	1	0	0
1	1	UID1821662	1	1	0	0
1	1	UID1821663	1	1	0	0
1	1	UID1821664	1	1	0	0
1	1	UID1821673	1	1	0	0
1	1	UID1821674	1	1	0	0
1	1	UID1821692	1	1	0	0
1	1	UID1821693	1	1	0	0
1	1	UID1821699	1	1	0	0
1	1	UID1821700	1	1	0	0
1	1	UID1821701	1	1	0	0
1	1	UID1821703	1	1	0	0
1	1	UID1821706	1	1	0	0
1	1	UID1821707	1	1	0	0
1	1	UID1821712	1	1	0	0
1	1	UID1821717	1	1	0	0
1	1	UID1821718	1	1	0	0
1	1	UID1821723	1	1	0	0
1	1	UID1821728	1	1	0	0
1	1	UID1821733	1	1	0	0
1	1	UID1821734	1	1	0	0
1	1	UID1821736	1	1	0	0
1	1	UID1821737	1	1	0	0
1	1	UID1821738	1	1	0	0
1	1	UID1821740	1	1	0	0
1	1	UID1821741	1	1	0	0
1	1	UID1821742	1	1	0	0
1	1	UID1821743	1	1	0	0
1	1	UID1821744	1	1	0	0
1	1	UID1821749	1	1	0	0
1	1	UID1821751	1	1	0	0
1	1	UID1821752	1	1	0	0
1	1	UID1821760	1	1	0	0
2	2	UID1821762	1	2	1	1
1	1	UID1821773	1	1	0	0
1	1	UID1821775	1	1	0	0
1	1	UID1821776	1	1	0	0
1	1	UID1821777	1	1	0	0
1	1	UID1821779	1	1	0	0
1	1	UID1821780	1	1	0	0
1	1	UID1821781	1	1	0	0
1	1	UID1821782	1	1	0	0
1	1	UID1821783	1	1	0	0
1	1	UID1821785	1	1	0	0
1	1	UID1821787	1	1	0	0
1	1	UID1821792	1	1	0	0
1	1	UID1821794	1	1	0	0
1	1	UID1821795	1	1	0	0
1	1	UID1821796	1	1	0	0
1	1	UID1821797	1	1	0	0
1	1	UID1821798	1	1	0	0
1	1	UID1821804	1	1	0	0
1	1	UID1821807	1	1	0	0
1	1	UID1821808	1	1	0	0
1	1	UID1821809	1	1	0	0
1	1	UID1821818	1	1	0	0
1	1	UID1821820	1	1	0	0
1	1	UID1821828	1	1	0	0
1	1	UID1821832	1	1	0	0
1	1	UID1821833	1	1	0	0
1	1	UID1821835	1	1	0	0
1	1	UID1821836	1	1	0	0
1	1	UID1821843	1	1	0	0
1	1	UID1821844	1	1	0	0
1	1	UID1821851	1	1	0	0
1	1	UID1821860	1	1	0	0
1	1	UID1821861	1	1	0	0
1	1	UID1821862	1	1	0	0
1	1	UID1821867	1	1	0	0
1	1	UID1821868	1	1	0	0
1	1	UID1821869	1	1	0	0
1	1	UID1821870	1	1	0	0
1	1	UID1821871	1	1	0	0
1	1	UID1821872	1	1	0	0
1	1	UID1821873	1	1	0	0
1	1	UID1821874	1	1	0	0
1	1	UID1821877	1	1	0	0
1	1	UID1821878	1	1	0	0
1	1	UID1821879	1	1	0	0
1	1	UID1821886	1	1	0	0
1	1	UID1821887	1	1	0	0
1	1	UID1821907	1	1	0	0
1	1	UID1821910	1	1	0	0
1	1	UID1821912	1	1	0	0
1	1	UID1821913	1	1	0	0
1	1	UID1821916	1	1	0	0
1	1	UID1821928	1	1	0	0
1	1	UID1821930	1	1	0	0
1	1	UID1821931	1	1	0	0
1	1	UID1821932	1	1	0	0
1	1	UID1821933	1	1	0	0
1	1	UID1821935	1	1	0	0
1	1	UID1821955	1	1	0	0
1	1	UID1821956	1	1	0	0
1	1	UID1821957	1	1	0	0
1	1	UID1821958	1	1	0	0
1	1	UID1821961	1	1	0	0
1	1	UID1821962	1	1	0	0
1	1	UID1821963	1	1	0	0
1	1	UID1821964	1	1	0	0
1	1	UID1821965	1	1	0	0
1	1	UID1821966	1	1	0	0
1	1	UID1821967	1	1	0	0
1	1	UID1821968	1	1	0	0
1	1	UID1821969	1	1	0	0
1	1	UID1821971	1	1	0	0
1	1	UID1821972	1	1	0	0
1	1	UID1821974	1	1	0	0
1	1	UID1821975	1	1	0	0
1	1	UID1821976	1	1	0	0
1	1	UID1821977	1	1	0	0
1	1	UID1821981	1	1	0	0
1	1	UID1821983	1	1	0	0
1	1	UID1821984	1	1	0	0
1	1	UID1821985	1	1	0	0
1	1	UID1821986	1	1	0	0
1	1	UID1821987	1	1	0	0
1	1	UID1821988	1	1	0	0
1	1	UID1821992	1	1	0	0
1	1	UID1821993	1	1	0	0
1	1	UID1821995	1	1	0	0
1	1	UID1821997	1	1	0	0
1	1	UID1821999	1	1	0	0
1	1	UID1822000	1	1	0	0
1	1	UID1822001	1	1	0	0
1	1	UID1822003	1	1	0	0
1	1	UID1822004	1	1	0	0
1	1	UID1822007	1	1	0	0
3	3	UID1822008	1	3	2	2
1	1	UID1822011	1	1	0	0
1	1	UID1822013	1	1	0	0
1	1	UID1822015	1	1	0	0
1	1	UID1822025	1	1	0	0
1	1	UID1822027	1	1	0	0
1	1	UID1822034	1	1	0	0
1	1	UID1822038	1	1	0	0
1	1	UID1822040	1	1	0	0
1	1	UID1822043	1	1	0	0
1	1	UID1822044	1	1	0	0
1	1	UID1822046	1	1	0	0
1	1	UID1822048	1	1	0	0
1	1	UID1822049	1	1	0	0
1	1	UID1822050	1	1	0	0
1	1	UID1822051	1	1	0	0
1	1	UID1822053	1	1	0	0
1	1	UID1822056	1	1	0	0
1	1	UID1822058	1	1	0	0
1	1	UID1822059	1	1	0	0
1	1	UID1822064	1	1	0	0
1	1	UID1822067	1	1	0	0
1	1	UID1822069	1	1	0	0
1	1	UID1822070	1	1	0	0
1	1	UID1822072	1	1	0	0
1	1	UID1822078	1	1	0	0
1	1	UID1822080	1	1	0	0
1	1	UID1822081	1	1	0	0
1	1	UID1822083	1	1	0	0
1	1	UID1822089	1	1	0	0
1	1	UID1822092	1	1	0	0
1	1	UID1822093	1	1	0	0
1	1	UID1822094	1	1	0	0
1	1	UID1822103	1	1	0	0
1	1	UID1822105	1	1	0	0
1	1	UID1822106	1	1	0	0
1	1	UID1822107	1	1	0	0
1	1	UID1822110	1	1	0	0
1	1	UID1822111	1	1	0	0
1	1	UID1822116	1	1	0	0
1	1	UID1822130	1	1	0	0
1	1	UID1822131	1	1	0	0
1	1	UID1822132	1	1	0	0
1	1	UID1822133	1	1	0	0
1	1	UID1822134	1	1	0	0
1	1	UID1822137	1	1	0	0
1	1	UID1822138	1	1	0	0
1	1	UID1822139	1	1	0	0
1	1	UID1822141	1	1	0	0
1	1	UID1822142	1	1	0	0
1	1	UID1822143	1	1	0	0
1	1	UID1822144	1	1	0	0
1	1	UID1822145	1	1	0	0
1	1	UID1822147	1	1	0	0
1	1	UID1822149	1	1	0	0
1	1	UID1822150	1	1	0	0
1	1	UID1822151	1	1	0	0
1	1	UID1822152	1	1	0	0
1	1	UID1822154	1	1	0	0
1	1	UID1822156	1	1	0	0
1	1	UID1822157	1	1	0	0
1	1	UID1822158	1	1	0	0
1	1	UID1822159	1	1	0	0
1	1	UID1822160	1	1	0	0
1	1	UID1822161	1	1	0	0
1	1	UID1822162	1	1	0	0
1	1	UID1822163	1	1	0	0
1	1	UID1822164	1	1	0	0
1	1	UID1822165	1	1	0	0
1	1	UID1822166	1	1	0	0
1	1	UID1822167	1	1	0	0
1	1	UID1822168	1	1	0	0
1	1	UID1822169	1	1	0	0
1	1	UID1822171	1	1	0	0
1	1	UID1822174	1	1	0	0
1	1	UID1822187	1	1	0	0
1	1	UID1822188	1	1	0	0
1	1	UID1822191	1	1	0	0
1	1	UID1822192	1	1	0	0
1	1	UID1822193	1	1	0	0
1	1	UID1822197	1	1	0	0
1	1	UID1822199	1	1	0	0
1	1	UID1822210	1	1	0	0
1	1	UID1822217	1	1	0	0
1	1	UID1822219	1	1	0	0
1	1	UID1822220	1	1	0	0
1	1	UID1822222	1	1	0	0
1	1	UID1822225	1	1	0	0
1	1	UID1822226	1	1	0	0
1	1	UID1822228	1	1	0	0
1	1	UID1822230	1	1	0	0
1	1	UID1822232	1	1	0	0
1	1	UID1822235	1	1	0	0
1	1	UID1822244	1	1	0	0
1	1	UID1822247	1	1	0	0
1	1	UID1822254	1	1	0	0
1	1	UID1822256	1	1	0	0
1	1	UID1822268	1	1	0	0
1	1	UID1822271	1	1	0	0
1	1	UID1822284	1	1	0	0
1	1	UID1822288	1	1	0	0
2	2	UID1822295	1	2	1	1
1	1	UID1822299	1	1	0	0
1	1	UID1822302	1	1	0	0
1	1	UID1822309	1	1	0	0
1	1	UID1822317	1	1	0	0
1	1	UID1822319	1	1	0	0
1	1	UID1822333	1	1	0	0
1	1	UID1822334	1	1	0	0
1	1	UID1822339	1	1	0	0
1	1	UID1822342	1	1	0	0
1	1	UID1822346	1	1	0	0
1	1	UID1822350	1	1	0	0
1	1	UID1822354	1	1	0	0
1	1	UID1822355	1	1	0	0
1	1	UID1822356	1	1	0	0
1	1	UID1822359	1	1	0	0
1	1	UID1822366	1	1	0	0
1	1	UID1822367	1	1	0	0
1	1	UID1822369	1	1	0	0
1	1	UID1822381	1	1	0	0
1	1	UID1822382	1	1	0	0
1	1	UID1822400	1	1	0	0
1	1	UID1822401	1	1	0	0
1	1	UID1822403	1	1	0	0
1	1	UID1822411	1	1	0	0
1	1	UID1822415	1	1	0	0
1	1	UID1822416	1	1	0	0
1	1	UID1822417	1	1	0	0
1	1	UID1822419	1	1	0	0
1	1	UID1822420	1	1	0	0
1	1	UID1822421	1	1	0	0
1	1	UID1822422	1	1	0	0
1	1	UID1822423	1	1	0	0
1	1	UID1822429	1	1	0	0
1	1	UID1822439	1	1	0	0
1	1	UID1822446	1	1	0	0
1	1	UID1822451	1	1	0	0
1	1	UID1822452	1	1	0	0
1	1	UID1822453	1	1	0	0
1	1	UID1822454	1	1	0	0
1	1	UID1822455	1	1	0	0
1	1	UID1822456	1	1	0	0
1	1	UID1822457	1	1	0	0
1	1	UID1822459	1	1	0	0
1	1	UID1822460	1	1	0	0
1	1	UID1822461	1	1	0	0
1	1	UID1822463	1	1	0	0
1	1	UID1822465	1	1	0	0
1	1	UID1822468	1	1	0	0
1	1	UID1822469	1	1	0	0
1	1	UID1822472	1	1	0	0
1	1	UID1822473	1	1	0	0
1	1	UID1822474	1	1	0	0
1	1	UID1822477	1	1	0	0
1	1	UID1822479	1	1	0	0
1	1	UID1822480	1	1	0	0
1	1	UID1822481	1	1	0	0
1	1	UID1822482	1	1	0	0
1	1	UID1822484	1	1	0	0
1	1	UID1822487	1	1	0	0
1	1	UID1822491	1	1	0	0
1	1	UID1822495	1	1	0	0
1	1	UID1822496	1	1	0	0
1	1	UID1822504	1	1	0	0
1	1	UID1822505	1	1	0	0
1	1	UID1822509	1	1	0	0
1	1	UID1822511	1	1	0	0
1	1	UID1822512	1	1	0	0
1	1	UID1822516	1	1	0	0
1	1	UID1822518	1	1	0	0
1	1	UID1822519	1	1	0	0
1	1	UID1822520	1	1	0	0
1	1	UID1822521	1	1	0	0
1	1	UID1822522	1	1	0	0
1	1	UID1822523	1	1	0	0
1	1	UID1822524	1	1	0	0
1	1	UID1822525	1	1	0	0
1	1	UID1822526	1	1	0	0
1	1	UID1822528	1	1	0	0
1	1	UID1822529	1	1	0	0
1	1	UID1822532	1	1	0	0
1	1	UID1822533	1	1	0	0
1	1	UID1822535	1	1	0	0
1	1	UID1822536	1	1	0	0
1	1	UID1822537	1	1	0	0
1	1	UID1822538	1	1	0	0
1	1	UID1822539	1	1	0	0
1	1	UID1822540	1	1	0	0
1	1	UID1822541	1	1	0	0
1	1	UID1822542	1	1	0	0
1	1	UID1822547	1	1	0	0
1	1	UID1822548	1	1	0	0
1	1	UID1822551	1	1	0	0
1	1	UID1822553	1	1	0	0
1	1	UID1822556	1	1	0	0
1	1	UID1822559	1	1	0	0
1	1	UID1822566	1	1	0	0
1	1	UID1822567	1	1	0	0
1	1	UID1822571	1	1	0	0
1	1	UID1822574	1	1	0	0
1	1	UID1822575	1	1	0	0
1	1	UID1822587	1	1	0	0
1	1	UID1822589	1	1	0	0
1	1	UID1822594	1	1	0	0
1	1	UID1822595	1	1	0	0
1	1	UID1822596	1	1	0	0
1	1	UID1822600	1	1	0	0
1	1	UID1822601	1	1	0	0
1	1	UID1822602	1	1	0	0
1	1	UID1822605	1	1	0	0
1	1	UID1822606	1	1	0	0
1	1	UID1822609	1	1	0	0
1	1	UID1822610	1	1	0	0
2	2	UID1822615	1	2	1	1
1	1	UID1822617	1	1	0	0
1	1	UID1822626	1	1	0	0
1	1	UID1822628	1	1	0	0
1	1	UID1822629	1	1	0	0
1	1	UID1822630	1	1	0	0
1	1	UID1822631	1	1	0	0
1	1	UID1822632	1	1	0	0
1	1	UID1822633	1	1	0	0
1	1	UID1822635	1	1	0	0
1	1	UID1822637	1	1	0	0
1	1	UID1822638	1	1	0	0
1	1	UID1822639	1	1	0	0
1	1	UID1822640	1	1	0	0
1	1	UID1822642	1	1	0	0
1	1	UID1822643	1	1	0	0
1	1	UID1822644	1	1	0	0
1	1	UID1822646	1	1	0	0
1	1	UID1822647	1	1	0	0
1	1	UID1822650	1	1	0	0
1	1	UID1822651	1	1	0	0
1	1	UID1822652	1	1	0	0
1	1	UID1822654	1	1	0	0
1	1	UID1822663	1	1	0	0
1	1	UID1822665	1	1	0	0
1	1	UID1822667	1	1	0	0
1	1	UID1822668	1	1	0	0
1	1	UID1822669	1	1	0	0
1	1	UID1822670	1	1	0	0
1	1	UID1822672	1	1	0	0
1	1	UID1822673	1	1	0	0
1	1	UID1822678	1	1	0	0
1	1	UID1822701	1	1	0	0
1	1	UID1822703	1	1	0	0
1	1	UID1822704	1	1	0	0
1	1	UID1822705	1	1	0	0
1	1	UID1822706	1	1	0	0
1	1	UID1822707	1	1	0	0
1	1	UID1822708	1	1	0	0
1	1	UID1822709	1	1	0	0
1	1	UID1822710	1	1	0	0
1	1	UID1822715	1	1	0	0
1	1	UID1822717	1	1	0	0
1	1	UID1822718	1	1	0	0
1	1	UID1822719	1	1	0	0
1	1	UID1822722	1	1	0	0
1	1	UID1822725	1	1	0	0
1	1	UID1822726	1	1	0	0
1	1	UID1822727	1	1	0	0
1	1	UID1822729	1	1	0	0
1	1	UID1822731	1	1	0	0
1	1	UID1822734	1	1	0	0
1	1	UID1822740	1	1	0	0
1	1	UID1822756	1	1	0	0
1	1	UID1822758	1	1	0	0
1	1	UID1822759	1	1	0	0
1	1	UID1822760	1	1	0	0
1	1	UID1822762	1	1	0	0
1	1	UID1822763	1	1	0	0
1	1	UID1822764	1	1	0	0
1	1	UID1822765	1	1	0	0
1	1	UID1822769	1	1	0	0
1	1	UID1822772	1	1	0	0
1	1	UID1822773	1	1	0	0
1	1	UID1822777	1	1	0	0
1	1	UID1822788	1	1	0	0
1	1	UID1822795	1	1	0	0
1	1	UID1822796	1	1	0	0
1	1	UID1822797	1	1	0	0
1	1	UID1822798	1	1	0	0
1	1	UID1822801	1	1	0	0
1	1	UID1822802	1	1	0	0
1	1	UID1822804	1	1	0	0
1	1	UID1822807	1	1	0	0
1	1	UID1822816	1	1	0	0
1	1	UID1822817	1	1	0	0
1	1	UID1822818	1	1	0	0
1	1	UID1822819	1	1	0	0
1	1	UID1822820	1	1	0	0
1	1	UID1822824	1	1	0	0
1	1	UID1822825	1	1	0	0
1	1	UID1822826	1	1	0	0
1	1	UID1822828	1	1	0	0
1	1	UID1822830	1	1	0	0
1	1	UID1822831	1	1	0	0
1	1	UID1822833	1	1	0	0
1	1	UID1822834	1	1	0	0
1	1	UID1822835	1	1	0	0
1	1	UID1822836	1	1	0	0
1	1	UID1822840	1	1	0	0
1	1	UID1822841	1	1	0	0
1	1	UID1822851	1	1	0	0
1	1	UID1822861	1	1	0	0
1	1	UID1822864	1	1	0	0
1	1	UID1822865	1	1	0	0
1	1	UID1822866	1	1	0	0
1	1	UID1822867	1	1	0	0
1	1	UID1822871	1	1	0	0
2	2	UID1822873	1	2	1	1
1	1	UID1822882	1	1	0	0
1	1	UID1822889	1	1	0	0
1	1	UID1822890	1	1	0	0
1	1	UID1822891	1	1	0	0
1	1	UID1822892	1	1	0	0
1	1	UID1822893	1	1	0	0
1	1	UID1822894	1	1	0	0
1	1	UID1822896	1	1	0	0
1	1	UID1822897	1	1	0	0
1	1	UID1822898	1	1	0	0
1	1	UID1822899	1	1	0	0
1	1	UID1822902	1	1	0	0
1	1	UID1822907	1	1	0	0
1	1	UID1822910	1	1	0	0
1	1	UID1822914	1	1	0	0
1	1	UID1822916	1	1	0	0
1	1	UID1822918	1	1	0	0
1	1	UID1822919	1	1	0	0
1	1	UID1822920	1	1	0	0
1	1	UID1822921	1	1	0	0
1	1	UID1822922	1	1	0	0
1	1	UID1822923	1	1	0	0
1	1	UID1822924	1	1	0	0
1	1	UID1822929	1	1	0	0
1	1	UID1822930	1	1	0	0
1	1	UID1822931	1	1	0	0
1	1	UID1822947	1	1	0	0
1	1	UID1822948	1	1	0	0
1	1	UID1822949	1	1	0	0
1	1	UID1822950	1	1	0	0
1	1	UID1822959	1	1	0	0
1	1	UID1822960	1	1	0	0
1	1	UID1822961	1	1	0	0
1	1	UID1822962	1	1	0	0
1	1	UID1822963	1	1	0	0
1	1	UID1822964	1	1	0	0
1	1	UID1822965	1	1	0	0
1	1	UID1822967	1	1	0	0
1	1	UID1822968	1	1	0	0
1	1	UID1822969	1	1	0	0
1	1	UID1822991	1	1	0	0
1	1	UID1822992	1	1	0	0
1	1	UID1822994	1	1	0	0
1	1	UID1822995	1	1	0	0
1	1	UID1823002	1	1	0	0
1	1	UID1823006	1	1	0	0
1	1	UID1823008	1	1	0	0
1	1	UID1823010	1	1	0	0
1	1	UID1823019	1	1	0	0
1	1	UID1823022	1	1	0	0
1	1	UID1823025	1	1	0	0
1	1	UID1823026	1	1	0	0
1	1	UID1823029	1	1	0	0
1	1	UID1823030	1	1	0	0
1	1	UID1823031	1	1	0	0
1	1	UID1823032	1	1	0	0
1	1	UID1823033	1	1	0	0
1	1	UID1823034	1	1	0	0
1	1	UID1823036	1	1	0	0
1	1	UID1823042	1	1	0	0
1	1	UID1823047	1	1	0	0
1	1	UID1823049	1	1	0	0
1	1	UID1823051	1	1	0	0
1	1	UID1823054	1	1	0	0
1	1	UID1823056	1	1	0	0
1	1	UID1823063	1	1	0	0
1	1	UID1823065	1	1	0	0
1	1	UID1823066	1	1	0	0
1	1	UID1823067	1	1	0	0
1	1	UID1823073	1	1	0	0
1	1	UID1823078	1	1	0	0
1	1	UID1823079	1	1	0	0
1	1	UID1823085	1	1	0	0
1	1	UID1823096	1	1	0	0
1	1	UID1823097	1	1	0	0
1	1	UID1823111	1	1	0	0
1	1	UID1823115	1	1	0	0
1	1	UID1823116	1	1	0	0
1	1	UID1823117	1	1	0	0
1	1	UID1823118	1	1	0	0
1	1	UID1823119	1	1	0	0
1	1	UID1823120	1	1	0	0
1	1	UID1823121	1	1	0	0
1	1	UID1823122	1	1	0	0
1	1	UID1823131	1	1	0	0
1	1	UID1823132	1	1	0	0
1	1	UID1823133	1	1	0	0
1	1	UID1823144	1	1	0	0
1	1	UID1823145	1	1	0	0
1	1	UID1823149	1	1	0	0
1	1	UID1823155	1	1	0	0
1	1	UID1823156	1	1	0	0
1	1	UID1823162	1	1	0	0
1	1	UID1823163	1	1	0	0
1	1	UID1823164	1	1	0	0
1	1	UID1823166	1	1	0	0
1	1	UID1823167	1	1	0	0
1	1	UID1823169	1	1	0	0
1	1	UID1823171	1	1	0	0
1	1	UID1823180	1	1	0	0
1	1	UID1823186	1	1	0	0
1	1	UID1823187	1	1	0	0
1	1	UID1823188	1	1	0	0
1	1	UID1823194	1	1	0	0
1	1	UID1823195	1	1	0	0
1	1	UID1823196	1	1	0	0
1	1	UID1823197	1	1	0	0
1	1	UID1823198	1	1	0	0
1	1	UID1823205	1	1	0	0
1	1	UID1823209	1	1	0	0
1	1	UID1823210	1	1	0	0
1	1	UID1823211	1	1	0	0
1	1	UID1823212	1	1	0	0
1	1	UID1823213	1	1	0	0
1	1	UID1823217	1	1	0	0
1	1	UID1823218	1	1	0	0
1	1	UID1823223	1	1	0	0
1	1	UID1823226	1	1	0	0
1	1	UID1823227	1	1	0	0
1	1	UID1823232	1	1	0	0
1	1	UID1823240	1	1	0	0
1	1	UID1823248	1	1	0	0
1	1	UID1823250	1	1	0	0
1	1	UID1823251	1	1	0	0
1	1	UID1823253	1	1	0	0
1	1	UID1823254	1	1	0	0
1	1	UID1823262	1	1	0	0
1	1	UID1823264	1	1	0	0
1	1	UID1823265	1	1	0	0
1	1	UID1823273	1	1	0	0
1	1	UID1823276	1	1	0	0
1	1	UID1823277	1	1	0	0
1	1	UID1823278	1	1	0	0
1	1	UID1823281	1	1	0	0
1	1	UID1823298	1	1	0	0
1	1	UID1823299	1	1	0	0
1	1	UID1823300	1	1	0	0
1	1	UID1823301	1	1	0	0
1	1	UID1823302	1	1	0	0
1	1	UID1823303	1	1	0	0
1	1	UID1823307	1	1	0	0
1	1	UID1823308	1	1	0	0
1	1	UID1823309	1	1	0	0
1	1	UID1823314	1	1	0	0
1	1	UID1823326	1	1	0	0
1	1	UID1823332	1	1	0	0
1	1	UID1823333	1	1	0	0
1	1	UID1823334	1	1	0	0
1	1	UID1823341	1	1	0	0
1	1	UID1823343	1	1	0	0
1	1	UID1823346	1	1	0	0
1	1	UID1823347	1	1	0	0
1	1	UID1823349	1	1	0	0
1	1	UID1823350	1	1	0	0
1	1	UID1823351	1	1	0	0
1	1	UID1823352	1	1	0	0
1	1	UID1823353	1	1	0	0
1	1	UID1823355	1	1	0	0
1	1	UID1823360	1	1	0	0
1	1	UID1823370	1	1	0	0
1	1	UID1823373	1	1	0	0
1	1	UID1823374	1	1	0	0
1	1	UID1823375	1	1	0	0
1	1	UID1823376	1	1	0	0
1	1	UID1823381	1	1	0	0
1	1	UID1823382	1	1	0	0
1	1	UID1823383	1	1	0	0
1	1	UID1823397	1	1	0	0
1	1	UID1823400	1	1	0	0
1	1	UID1823401	1	1	0	0
1	1	UID1823402	1	1	0	0
1	1	UID1823404	1	1	0	0
1	1	UID1823405	1	1	0	0
1	1	UID1823407	1	1	0	0
1	1	UID1823410	1	1	0	0
1	1	UID1823413	1	1	0	0
1	1	UID1823421	1	1	0	0
1	1	UID1823428	1	1	0	0
1	1	UID1823430	1	1	0	0
1	1	UID1823442	1	1	0	0
1	1	UID1823453	1	1	0	0
1	1	UID1823457	1	1	0	0
1	1	UID1823459	1	1	0	0
1	1	UID1823461	1	1	0	0
1	1	UID1823479	1	1	0	0
1	1	UID1823481	1	1	0	0
1	1	UID1823495	1	1	0	0
1	1	UID1823497	1	1	0	0
1	1	UID1823501	1	1	0	0
1	1	UID1823510	1	1	0	0
1	1	UID1823513	1	1	0	0
1	1	UID1823514	1	1	0	0
1	1	UID1823520	1	1	0	0
1	1	UID1823537	1	1	0	0
1	1	UID1823540	1	1	0	0
1	1	UID1823541	1	1	0	0
1	1	UID1823542	1	1	0	0
1	1	UID1823544	1	1	0	0
1	1	UID1823545	1	1	0	0
1	1	UID1823551	1	1	0	0
1	1	UID1823552	1	1	0	0
1	1	UID1823554	1	1	0	0
1	1	UID1823556	1	1	0	0
1	1	UID1823563	1	1	0	0
1	1	UID1823566	1	1	0	0
1	1	UID1823572	1	1	0	0
1	1	UID1823574	1	1	0	0
1	1	UID1823583	1	1	0	0
1	1	UID1823584	1	1	0	0
1	1	UID1823590	1	1	0	0
1	1	UID1823610	1	1	0	0
1	1	UID1823618	1	1	0	0
1	1	UID1823620	1	1	0	0
1	1	UID1823621	1	1	0	0
1	1	UID1823623	1	1	0	0
1	1	UID1823625	1	1	0	0
1	1	UID1823627	1	1	0	0
1	1	UID1823628	1	1	0	0
1	1	UID1823639	1	1	0	0
1	1	UID1823640	1	1	0	0
1	1	UID1823642	1	1	0	0
1	1	UID1823644	1	1	0	0
1	1	UID1823645	1	1	0	0
1	1	UID1823658	1	1	0	0
1	1	UID1823668	1	1	0	0
1	1	UID1823669	1	1	0	0
1	1	UID1823670	1	1	0	0
1	1	UID1823673	1	1	0	0
1	1	UID1823674	1	1	0	0
1	1	UID1823676	1	1	0	0
1	1	UID1823678	1	1	0	0
1	1	UID1823680	1	1	0	0
1	1	UID1823681	1	1	0	0
1	1	UID1823694	1	1	0	0
1	1	UID1823695	1	1	0	0
1	1	UID1823696	1	1	0	0
1	1	UID1823700	1	1	0	0
1	1	UID1823702	1	1	0	0
1	1	UID1823703	1	1	0	0
1	1	UID1823719	1	1	0	0
1	1	UID1823720	1	1	0	0
1	1	UID1823723	1	1	0	0
1	1	UID1823725	1	1	0	0
1	1	UID1823741	1	1	0	0
1	1	UID1823747	1	1	0	0
1	1	UID1823761	1	1	0	0
1	1	UID1823762	1	1	0	0
1	1	UID1823763	1	1	0	0
1	1	UID1823764	1	1	0	0
1	1	UID1823773	1	1	0	0
1	1	UID1823775	1	1	0	0
1	1	UID1823783	1	1	0	0
1	1	UID1823786	1	1	0	0
1	1	UID1823787	1	1	0	0
1	1	UID1823788	1	1	0	0
1	1	UID1823790	1	1	0	0
1	1	UID1823791	1	1	0	0
1	1	UID1823792	1	1	0	0
1	1	UID1823793	1	1	0	0
1	1	UID1823794	1	1	0	0
1	1	UID1823797	1	1	0	0
1	1	UID1823798	1	1	0	0
1	1	UID1823799	1	1	0	0
1	1	UID1823801	1	1	0	0
1	1	UID1823802	1	1	0	0
1	1	UID1823807	1	1	0	0
1	1	UID1823808	1	1	0	0
1	1	UID1823823	1	1	0	0
1	1	UID1823824	1	1	0	0
1	1	UID1823825	1	1	0	0
1	1	UID1823830	1	1	0	0
1	1	UID1823831	1	1	0	0
1	1	UID1823832	1	1	0	0
1	1	UID1823840	1	1	0	0
1	1	UID1823850	1	1	0	0
1	1	UID1823852	1	1	0	0
1	1	UID1823853	1	1	0	0
1	1	UID1823854	1	1	0	0
1	1	UID1823859	1	1	0	0
1	1	UID1823863	1	1	0	0
1	1	UID1823880	1	1	0	0
1	1	UID1823881	1	1	0	0
1	1	UID1823891	1	1	0	0
1	1	UID1823892	1	1	0	0
1	1	UID1823894	1	1	0	0
1	1	UID1823895	1	1	0	0
1	1	UID1823896	1	1	0	0
1	1	UID1823920	1	1	0	0
1	1	UID1823925	1	1	0	0
1	1	UID1823942	1	1	0	0
1	1	UID1823943	1	1	0	0
1	1	UID1823949	1	1	0	0
1	1	UID1823950	1	1	0	0
1	1	UID1823970	1	1	0	0
1	1	UID1823973	1	1	0	0
1	1	UID1823981	1	1	0	0
1	1	UID1823984	1	1	0	0
1	1	UID1823986	1	1	0	0
1	1	UID1823987	1	1	0	0
1	1	UID1823993	1	1	0	0
1	1	UID1823995	1	1	0	0
1	1	UID1823996	1	1	0	0
1	1	UID1824009	1	1	0	0
1	1	UID1824014	1	1	0	0
1	1	UID1824031	1	1	0	0
1	1	UID1824032	1	1	0	0
1	1	UID1824033	1	1	0	0
1	1	UID1824034	1	1	0	0
1	1	UID1824041	1	1	0	0
1	1	UID1824042	1	1	0	0
1	1	UID1824043	1	1	0	0
1	1	UID1824046	1	1	0	0
1	1	UID1824070	1	1	0	0
1	1	UID1824071	1	1	0	0
1	1	UID1824083	1	1	0	0
1	1	UID1824090	1	1	0	0
1	1	UID1824098	1	1	0	0
1	1	UID1824099	1	1	0	0
1	1	UID1824100	1	1	0	0
1	1	UID1824104	1	1	0	0
1	1	UID1824106	1	1	0	0
1	1	UID1824120	1	1	0	0
1	1	UID1824122	1	1	0	0
1	1	UID1824123	1	1	0	0
1	1	UID1824125	1	1	0	0
1	1	UID1824126	1	1	0	0
1	1	UID1824129	1	1	0	0
1	1	UID1824131	1	1	0	0
1	1	UID1824136	1	1	0	0
1	1	UID1824142	1	1	0	0
1	1	UID1824144	1	1	0	0
1	1	UID1824145	1	1	0	0
1	1	UID1824146	1	1	0	0
1	1	UID1824147	1	1	0	0
1	1	UID1824150	1	1	0	0
1	1	UID1824151	1	1	0	0
1	1	UID1824154	1	1	0	0
1	1	UID1824155	1	1	0	0
1	1	UID1824171	1	1	0	0
1	1	UID1824172	1	1	0	0
1	1	UID1824173	1	1	0	0
1	1	UID1824190	1	1	0	0
1	1	UID1824194	1	1	0	0
1	1	UID1824198	1	1	0	0
1	1	UID1824200	1	1	0	0
1	1	UID1824208	1	1	0	0
1	1	UID1824211	1	1	0	0
1	1	UID1824215	1	1	0	0
1	1	UID1824216	1	1	0	0
1	1	UID1824231	1	1	0	0
1	1	UID1824236	1	1	0	0
1	1	UID1824238	1	1	0	0
1	1	UID1824252	1	1	0	0
1	1	UID1824262	1	1	0	0
1	1	UID1824281	1	1	0	0
1	1	UID1824283	1	1	0	0
1	1	UID1824355	1	1	0	0
1	1	UID1824369	1	1	0	0
1	1	UID1824634	1	1	0	0
1	1	UID1824638	1	1	0	0
1	1	UID1824652	1	1	0	0
1	1	UID1824654	1	1	0	0
1	1	UID1824670	1	1	0	0
1	1	UID1824676	1	1	0	0
1	1	UID1824677	1	1	0	0
1	1	UID1824692	1	1	0	0
1	1	UID1824702	1	1	0	0
1	1	UID1824703	1	1	0	0
1	1	UID1824708	1	1	0	0
1	1	UID1824709	1	1	0	0
1	1	UID1824717	1	1	0	0
1	1	UID1824718	1	1	0	0
1	1	UID1824722	1	1	0	0
1	1	UID1824726	1	1	0	0
1	1	UID1824727	1	1	0	0
1	1	UID1824732	1	1	0	0
1	1	UID1824733	1	1	0	0
1	1	UID1824740	1	1	0	0
1	1	UID1824741	1	1	0	0
1	1	UID1824743	1	1	0	0
1	1	UID1824744	1	1	0	0
1	1	UID1824752	1	1	0	0
1	1	UID1824754	1	1	0	0
1	1	UID1824755	1	1	0	0
1	1	UID1824757	1	1	0	0
1	1	UID1824758	1	1	0	0
1	1	UID1824759	1	1	0	0
1	1	UID1824761	1	1	0	0
1	1	UID1824765	1	1	0	0
1	1	UID1824768	1	1	0	0
1	1	UID1824769	1	1	0	0
1	1	UID1824770	1	1	0	0
1	1	UID1824774	1	1	0	0
1	1	UID1824782	1	1	0	0
1	1	UID1824789	1	1	0	0
1	1	UID1824791	1	1	0	0
1	1	UID1824801	1	1	0	0
1	1	UID1824802	1	1	0	0
1	1	UID1824810	1	1	0	0
1	1	UID1824811	1	1	0	0
1	1	UID1824814	1	1	0	0
1	1	UID1824820	1	1	0	0
1	1	UID1824821	1	1	0	0
1	1	UID1824823	1	1	0	0
1	1	UID1824824	1	1	0	0
1	1	UID1824826	1	1	0	0
1	1	UID1824828	1	1	0	0
1	1	UID1824829	1	1	0	0
1	1	UID1824832	1	1	0	0
1	1	UID1824833	1	1	0	0
1	1	UID1824835	1	1	0	0
1	1	UID1824836	1	1	0	0
1	1	UID1824841	1	1	0	0
1	1	UID1824847	1	1	0	0
1	1	UID1824850	1	1	0	0
1	1	UID1824861	1	1	0	0
1	1	UID1824900	1	1	0	0
1	1	UID1824901	1	1	0	0
1	1	UID1824915	1	1	0	0
1	1	UID1824916	1	1	0	0
1	1	UID1824925	1	1	0	0
1	1	UID1824926	1	1	0	0
1	1	UID1824931	1	1	0	0
1	1	UID1824932	1	1	0	0
1	1	UID1824933	1	1	0	0
1	1	UID1824941	1	1	0	0
1	1	UID1824942	1	1	0	0
1	1	UID1824949	1	1	0	0
1	1	UID1824963	1	1	0	0
1	1	UID1824964	1	1	0	0
1	1	UID1824965	1	1	0	0
1	1	UID1824969	1	1	0	0
1	1	UID1824974	1	1	0	0
1	1	UID1824977	1	1	0	0
1	1	UID1824988	1	1	0	0
1	1	UID1824990	1	1	0	0
1	1	UID1824992	1	1	0	0
1	1	UID1825003	1	1	0	0
1	1	UID1825004	1	1	0	0
1	1	UID1825005	1	1	0	0
1	1	UID1825006	1	1	0	0
1	1	UID1825012	1	1	0	0
1	1	UID1825013	1	1	0	0
1	1	UID1825014	1	1	0	0
1	1	UID1825018	1	1	0	0
1	1	UID1825027	1	1	0	0
1	1	UID1825028	1	1	0	0
1	1	UID1825034	1	1	0	0
1	1	UID1825044	1	1	0	0
1	1	UID1825048	1	1	0	0
1	1	UID1825053	1	1	0	0
1	1	UID1825054	1	1	0	0
1	1	UID1825055	1	1	0	0
1	1	UID1825056	1	1	0	0
1	1	UID1825057	1	1	0	0
1	1	UID1825059	1	1	0	0
1	1	UID1825066	1	1	0	0
1	1	UID1825067	1	1	0	0
1	1	UID1825074	1	1	0	0
1	1	UID1825079	1	1	0	0
1	1	UID1825081	1	1	0	0
1	1	UID1825082	1	1	0	0
1	1	UID1825084	1	1	0	0
1	1	UID1825089	1	1	0	0
1	1	UID1825090	1	1	0	0
1	1	UID1825091	1	1	0	0
1	1	UID1825092	1	1	0	0
1	1	UID1825093	1	1	0	0
1	1	UID1825097	1	1	0	0
1	1	UID1825098	1	1	0	0
1	1	UID1825099	1	1	0	0
1	1	UID1825101	1	1	0	0
1	1	UID1825104	1	1	0	0
1	1	UID1825109	1	1	0	0
1	1	UID1825110	1	1	0	0
1	1	UID1825111	1	1	0	0
1	1	UID1825112	1	1	0	0
1	1	UID1825113	1	1	0	0
1	1	UID1825123	1	1	0	0
1	1	UID1825124	1	1	0	0
1	1	UID1825130	1	1	0	0
1	1	UID1825131	1	1	0	0
1	1	UID1825134	1	1	0	0
1	1	UID1825139	1	1	0	0
1	1	UID1825144	1	1	0	0
1	1	UID1825149	1	1	0	0
1	1	UID1825152	1	1	0	0
1	1	UID1825154	1	1	0	0
1	1	UID1825168	1	1	0	0
1	1	UID1825169	1	1	0	0
1	1	UID1825170	1	1	0	0
1	1	UID1825173	1	1	0	0
1	1	UID1825178	1	1	0	0
1	1	UID1825185	1	1	0	0
1	1	UID1825186	1	1	0	0
1	1	UID1825191	1	1	0	0
1	1	UID1825192	1	1	0	0
1	1	UID1825198	1	1	0	0
1	1	UID1825200	1	1	0	0
1	1	UID1825201	1	1	0	0
1	1	UID1825202	1	1	0	0
1	1	UID1825203	1	1	0	0
1	1	UID1825205	1	1	0	0
1	1	UID1825209	1	1	0	0
1	1	UID1825210	1	1	0	0
1	1	UID1825211	1	1	0	0
1	1	UID1825212	1	1	0	0
1	1	UID1825216	1	1	0	0
1	1	UID1825219	1	1	0	0
1	1	UID1825221	1	1	0	0
1	1	UID1825223	1	1	0	0
1	1	UID1825224	1	1	0	0
1	1	UID1825225	1	1	0	0
1	1	UID1825226	1	1	0	0
1	1	UID1825235	1	1	0	0
1	1	UID1825237	1	1	0	0
1	1	UID1825238	1	1	0	0
1	1	UID1825241	1	1	0	0
1	1	UID1825242	1	1	0	0
1	1	UID1825246	1	1	0	0
1	1	UID1825247	1	1	0	0
1	1	UID1825250	1	1	0	0
1	1	UID1825263	1	1	0	0
1	1	UID1825264	1	1	0	0
1	1	UID1825266	1	1	0	0
1	1	UID1825267	1	1	0	0
1	1	UID1825268	1	1	0	0
1	1	UID1825272	1	1	0	0
1	1	UID1825274	1	1	0	0
1	1	UID1825275	1	1	0	0
1	1	UID1825276	1	1	0	0
1	1	UID1825277	1	1	0	0
1	1	UID1825282	1	1	0	0
1	1	UID1825285	1	1	0	0
1	1	UID1825287	1	1	0	0
1	1	UID1825288	1	1	0	0
1	1	UID1825290	1	1	0	0
1	1	UID1825291	1	1	0	0
1	1	UID1825294	1	1	0	0
1	1	UID1825295	1	1	0	0
1	1	UID1825309	1	1	0	0
1	1	UID1825311	1	1	0	0
1	1	UID1825312	1	1	0	0
1	1	UID1825313	1	1	0	0
1	1	UID1825323	1	1	0	0
1	1	UID1825324	1	1	0	0
1	1	UID1825325	1	1	0	0
1	1	UID1825326	1	1	0	0
1	1	UID1825327	1	1	0	0
1	1	UID1825328	1	1	0	0
1	1	UID1825334	1	1	0	0
1	1	UID1825348	1	1	0	0
1	1	UID1825355	1	1	0	0
1	1	UID1825357	1	1	0	0
1	1	UID1825360	1	1	0	0
1	1	UID1825363	1	1	0	0
1	1	UID1825368	1	1	0	0
1	1	UID1825369	1	1	0	0
1	1	UID1825370	1	1	0	0
1	1	UID1825371	1	1	0	0
1	1	UID1825373	1	1	0	0
1	1	UID1825377	1	1	0	0
1	1	UID1825381	1	1	0	0
1	1	UID1825391	1	1	0	0
1	1	UID1825394	1	1	0	0
1	1	UID1825402	1	1	0	0
1	1	UID1825404	1	1	0	0
1	1	UID1825405	1	1	0	0
1	1	UID1825408	1	1	0	0
1	1	UID1825409	1	1	0	0
1	1	UID1825410	1	1	0	0
1	1	UID1825411	1	1	0	0
1	1	UID1825415	1	1	0	0
1	1	UID1825417	1	1	0	0
1	1	UID1825423	1	1	0	0
1	1	UID1825432	1	1	0	0
1	1	UID1825436	1	1	0	0
1	1	UID1825437	1	1	0	0
1	1	UID1825438	1	1	0	0
1	1	UID1825442	1	1	0	0
1	1	UID1825444	1	1	0	0
1	1	UID1825449	1	1	0	0
1	1	UID1825450	1	1	0	0
1	1	UID1825451	1	1	0	0
1	1	UID1825453	1	1	0	0
1	1	UID1825454	1	1	0	0
1	1	UID1825455	1	1	0	0
1	1	UID1825457	1	1	0	0
1	1	UID1825460	1	1	0	0
1	1	UID1825461	1	1	0	0
1	1	UID1825462	1	1	0	0
1	1	UID1825465	1	1	0	0
1	1	UID1825474	1	1	0	0
1	1	UID1825475	1	1	0	0
1	1	UID1825476	1	1	0	0
1	1	UID1825489	1	1	0	0
1	1	UID1825492	1	1	0	0
1	1	UID1825502	1	1	0	0
1	1	UID1825506	1	1	0	0
1	1	UID1825507	1	1	0	0
1	1	UID1825508	1	1	0	0
1	1	UID1825509	1	1	0	0
1	1	UID1825512	1	1	0	0
1	1	UID1825513	1	1	0	0
1	1	UID1825515	1	1	0	0
1	1	UID1825516	1	1	0	0
1	1	UID1825517	1	1	0	0
1	1	UID1825519	1	1	0	0
1	1	UID1825525	1	1	0	0
1	1	UID1825527	1	1	0	0
1	1	UID1825528	1	1	0	0
1	1	UID1825539	1	1	0	0
1	1	UID1825547	1	1	0	0
1	1	UID1825548	1	1	0	0
1	1	UID1825552	1	1	0	0
1	1	UID1825559	1	1	0	0
1	1	UID1825562	1	1	0	0
1	1	UID1825583	1	1	0	0
1	1	UID1825587	1	1	0	0
1	1	UID1825588	1	1	0	0
1	1	UID1825589	1	1	0	0
1	1	UID1825594	1	1	0	0
1	1	UID1825613	1	1	0	0
1	1	UID1825614	1	1	0	0
1	1	UID1825623	1	1	0	0
1	1	UID1825625	1	1	0	0
1	1	UID1825627	1	1	0	0
1	1	UID1825628	1	1	0	0
1	1	UID1825630	1	1	0	0
1	1	UID1825653	1	1	0	0
1	1	UID1825654	1	1	0	0
1	1	UID1825655	1	1	0	0
1	1	UID1825659	1	1	0	0
1	1	UID1825664	1	1	0	0
1	1	UID1825665	1	1	0	0
1	1	UID1825672	1	1	0	0
1	1	UID1825677	1	1	0	0
1	1	UID1825694	1	1	0	0
1	1	UID1825697	1	1	0	0
1	1	UID1825701	1	1	0	0
1	1	UID1825704	1	1	0	0
1	1	UID1825706	1	1	0	0
1	1	UID1825717	1	1	0	0
1	1	UID1825720	1	1	0	0
1	1	UID1825721	1	1	0	0
1	1	UID1825723	1	1	0	0
1	1	UID1825726	1	1	0	0
1	1	UID1825727	1	1	0	0
1	1	UID1825733	1	1	0	0
1	1	UID1825734	1	1	0	0
1	1	UID1825735	1	1	0	0
1	1	UID1825736	1	1	0	0
1	1	UID1825737	1	1	0	0
1	1	UID1825738	1	1	0	0
1	1	UID1825739	1	1	0	0
1	1	UID1825740	1	1	0	0
1	1	UID1825744	1	1	0	0
1	1	UID1825745	1	1	0	0
1	1	UID1825746	1	1	0	0
1	1	UID1825747	1	1	0	0
1	1	UID1825748	1	1	0	0
1	1	UID1825749	1	1	0	0
1	1	UID1825751	1	1	0	0
1	1	UID1825752	1	1	0	0
1	1	UID1825753	1	1	0	0
1	1	UID1825755	1	1	0	0
1	1	UID1825757	1	1	0	0
1	1	UID1825758	1	1	0	0
1	1	UID1825763	1	1	0	0
1	1	UID1825764	1	1	0	0
1	1	UID1825766	1	1	0	0
1	1	UID1825767	1	1	0	0
1	1	UID1825768	1	1	0	0
1	1	UID1825784	1	1	0	0
1	1	UID1825785	1	1	0	0
1	1	UID1825789	1	1	0	0
1	1	UID1825800	1	1	0	0
1	1	UID1825819	1	1	0	0
1	1	UID1825820	1	1	0	0
1	1	UID1825823	1	1	0	0
1	1	UID1825827	1	1	0	0
1	1	UID1825829	1	1	0	0
1	1	UID1825837	1	1	0	0
1	1	UID1825838	1	1	0	0
1	1	UID1825840	1	1	0	0
1	1	UID1825841	1	1	0	0
1	1	UID1825853	1	1	0	0
1	1	UID1825855	1	1	0	0
1	1	UID1825857	1	1	0	0
1	1	UID1825858	1	1	0	0
1	1	UID1825860	1	1	0	0
1	1	UID1825874	1	1	0	0
1	1	UID1825883	1	1	0	0
1	1	UID1825888	1	1	0	0
1	1	UID1825906	1	1	0	0
1	1	UID1825916	1	1	0	0
1	1	UID1825922	1	1	0	0
1	1	UID1825923	1	1	0	0
1	1	UID1825924	1	1	0	0
1	1	UID1825926	1	1	0	0
1	1	UID1825930	1	1	0	0
1	1	UID1825931	1	1	0	0
1	1	UID1825932	1	1	0	0
1	1	UID1825933	1	1	0	0
1	1	UID1825937	1	1	0	0
1	1	UID1825938	1	1	0	0
1	1	UID1825939	1	1	0	0
1	1	UID1825940	1	1	0	0
1	1	UID1825941	1	1	0	0
1	1	UID1825943	1	1	0	0
1	1	UID1825945	1	1	0	0
1	1	UID1825949	1	1	0	0
1	1	UID1825972	1	1	0	0
1	1	UID1825973	1	1	0	0
1	1	UID1825976	1	1	0	0
1	1	UID1825986	1	1	0	0
1	1	UID1825987	1	1	0	0
1	1	UID1825988	1	1	0	0
1	1	UID1825989	1	1	0	0
1	1	UID1825992	1	1	0	0
1	1	UID1825995	1	1	0	0
1	1	UID1825998	1	1	0	0
1	1	UID1825999	1	1	0	0
1	1	UID1826002	1	1	0	0
1	1	UID1826006	1	1	0	0
1	1	UID1826008	1	1	0	0
1	1	UID1826009	1	1	0	0
1	1	UID1826010	1	1	0	0
1	1	UID1826015	1	1	0	0
1	1	UID1826016	1	1	0	0
1	1	UID1826017	1	1	0	0
1	1	UID1826020	1	1	0	0
1	1	UID1826022	1	1	0	0
1	1	UID1826024	1	1	0	0
1	1	UID1826025	1	1	0	0
1	1	UID1826026	1	1	0	0
1	1	UID1826032	1	1	0	0
1	1	UID1826046	1	1	0	0
1	1	UID1826048	1	1	0	0
1	1	UID1826049	1	1	0	0
1	1	UID1826050	1	1	0	0
1	1	UID1826055	1	1	0	0
1	1	UID1826057	1	1	0	0
1	1	UID1826058	1	1	0	0
1	1	UID1826061	1	1	0	0
1	1	UID1826063	1	1	0	0
1	1	UID1826065	1	1	0	0
1	1	UID1826068	1	1	0	0
1	1	UID1826069	1	1	0	0
1	1	UID1826071	1	1	0	0
1	1	UID1826073	1	1	0	0
1	1	UID1826074	1	1	0	0
1	1	UID1826077	1	1	0	0
1	1	UID1826079	1	1	0	0
1	1	UID1826080	1	1	0	0
1	1	UID1826081	1	1	0	0
1	1	UID1826085	1	1	0	0
1	1	UID1826091	1	1	0	0
1	1	UID1826092	1	1	0	0
1	1	UID1826093	1	1	0	0
1	1	UID1826099	1	1	0	0
1	1	UID1826118	1	1	0	0
1	1	UID1826121	1	1	0	0
1	1	UID1826125	1	1	0	0
1	1	UID1826126	1	1	0	0
1	1	UID1826130	1	1	0	0
1	1	UID1826131	1	1	0	0
1	1	UID1826132	1	1	0	0
1	1	UID1826133	1	1	0	0
1	1	UID1826134	1	1	0	0
1	1	UID1826135	1	1	0	0
1	1	UID1826140	1	1	0	0
1	1	UID1826142	1	1	0	0
1	1	UID1826143	1	1	0	0
1	1	UID1826145	1	1	0	0
1	1	UID1826154	1	1	0	0
1	1	UID1826158	1	1	0	0
1	1	UID1826162	1	1	0	0
1	1	UID1826163	1	1	0	0
1	1	UID1826169	1	1	0	0
1	1	UID1826170	1	1	0	0
1	1	UID1826175	1	1	0	0
1	1	UID1826178	1	1	0	0
1	1	UID1826181	1	1	0	0
1	1	UID1826182	1	1	0	0
1	1	UID1826193	1	1	0	0
1	1	UID1826195	1	1	0	0
1	1	UID1826197	1	1	0	0
1	1	UID1826198	1	1	0	0
1	1	UID1826199	1	1	0	0
1	1	UID1826200	1	1	0	0
1	1	UID1826206	1	1	0	0
1	1	UID1826211	1	1	0	0
1	1	UID1826212	1	1	0	0
1	1	UID1826221	1	1	0	0
1	1	UID1826222	1	1	0	0
1	1	UID1826227	1	1	0	0
1	1	UID1826232	1	1	0	0
1	1	UID1826240	1	1	0	0
1	1	UID1826243	1	1	0	0
1	1	UID1826264	1	1	0	0
1	1	UID1826269	1	1	0	0
1	1	UID1826270	1	1	0	0
1	1	UID1826271	1	1	0	0
1	1	UID1826274	1	1	0	0
1	1	UID1826276	1	1	0	0
1	1	UID1826278	1	1	0	0
1	1	UID1826279	1	1	0	0
1	1	UID1826286	1	1	0	0
1	1	UID1826292	1	1	0	0
1	1	UID1826294	1	1	0	0
1	1	UID1826296	1	1	0	0
1	1	UID1826311	1	1	0	0
1	1	UID1826313	1	1	0	0
1	1	UID1826314	1	1	0	0
1	1	UID1826317	1	1	0	0
1	1	UID1826318	1	1	0	0
1	1	UID1826320	1	1	0	0
1	1	UID1826323	1	1	0	0
1	1	UID1826328	1	1	0	0
1	1	UID1826329	1	1	0	0
1	1	UID1826330	1	1	0	0
1	1	UID1826331	1	1	0	0
1	1	UID1826332	1	1	0	0
1	1	UID1826333	1	1	0	0
1	1	UID1826334	1	1	0	0
1	1	UID1826335	1	1	0	0
1	1	UID1826336	1	1	0	0
1	1	UID1826337	1	1	0	0
1	1	UID1826341	1	1	0	0
1	1	UID1826342	1	1	0	0
1	1	UID1826343	1	1	0	0
1	1	UID1826344	1	1	0	0
1	1	UID1826345	1	1	0	0
1	1	UID1826346	1	1	0	0
1	1	UID1826347	1	1	0	0
1	1	UID1826348	1	1	0	0
1	1	UID1826349	1	1	0	0
1	1	UID1826350	1	1	0	0
1	1	UID1826351	1	1	0	0
1	1	UID1826352	1	1	0	0
1	1	UID1826353	1	1	0	0
1	1	UID1826356	1	1	0	0
1	1	UID1826358	1	1	0	0
1	1	UID1826359	1	1	0	0
1	1	UID1826360	1	1	0	0
1	1	UID1826362	1	1	0	0
1	1	UID1826366	1	1	0	0
1	1	UID1826370	1	1	0	0
1	1	UID1826371	1	1	0	0
1	1	UID1826372	1	1	0	0
1	1	UID1826373	1	1	0	0
1	1	UID1826374	1	1	0	0
1	1	UID1826375	1	1	0	0
1	1	UID1826382	1	1	0	0
1	1	UID1826397	1	1	0	0
1	1	UID1826399	1	1	0	0
1	1	UID1826403	1	1	0	0
1	1	UID1826404	1	1	0	0
1	1	UID1826408	1	1	0	0
1	1	UID1826428	1	1	0	0
1	1	UID1826429	1	1	0	0
1	1	UID1826435	1	1	0	0
1	1	UID1826436	1	1	0	0
1	1	UID1826438	1	1	0	0
1	1	UID1826439	1	1	0	0
1	1	UID1826441	1	1	0	0
1	1	UID1826442	1	1	0	0
1	1	UID1826443	1	1	0	0
1	1	UID1826444	1	1	0	0
1	1	UID1826450	1	1	0	0
1	1	UID1826451	1	1	0	0
1	1	UID1826453	1	1	0	0
1	1	UID1826457	1	1	0	0
1	1	UID1826458	1	1	0	0
1	1	UID1826462	1	1	0	0
1	1	UID1826465	1	1	0	0
1	1	UID1826469	1	1	0	0
1	1	UID1826470	1	1	0	0
1	1	UID1826471	1	1	0	0
1	1	UID1826472	1	1	0	0
1	1	UID1826473	1	1	0	0
1	1	UID1826484	1	1	0	0
1	1	UID1826487	1	1	0	0
1	1	UID1826488	1	1	0	0
1	1	UID1826492	1	1	0	0
1	1	UID1826496	1	1	0	0
1	1	UID1826499	1	1	0	0
1	1	UID1826502	1	1	0	0
1	1	UID1826504	1	1	0	0
1	1	UID1826506	1	1	0	0
1	1	UID1826510	1	1	0	0
1	1	UID1826511	1	1	0	0
1	1	UID1826517	1	1	0	0
1	1	UID1826522	1	1	0	0
1	1	UID1826523	1	1	0	0
1	1	UID1826526	1	1	0	0
1	1	UID1826528	1	1	0	0
1	1	UID1826530	1	1	0	0
1	1	UID1826531	1	1	0	0
1	1	UID1826532	1	1	0	0
1	1	UID1826535	1	1	0	0
1	1	UID1826545	1	1	0	0
1	1	UID1826546	1	1	0	0
1	1	UID1826554	1	1	0	0
1	1	UID1826555	1	1	0	0
1	1	UID1826558	1	1	0	0
1	1	UID1826559	1	1	0	0
1	1	UID1826563	1	1	0	0
1	1	UID1826566	1	1	0	0
1	1	UID1826573	1	1	0	0
1	1	UID1826574	1	1	0	0
1	1	UID1826575	1	1	0	0
1	1	UID1826579	1	1	0	0
1	1	UID1826598	1	1	0	0
1	1	UID1826608	1	1	0	0
1	1	UID1826610	1	1	0	0
1	1	UID1826612	1	1	0	0
1	1	UID1826616	1	1	0	0
1	1	UID1826619	1	1	0	0
1	1	UID1826623	1	1	0	0
1	1	UID1826629	1	1	0	0
1	1	UID1826633	1	1	0	0
1	1	UID1826636	1	1	0	0
1	1	UID1826640	1	1	0	0
1	1	UID1826642	1	1	0	0
1	1	UID1826644	1	1	0	0
1	1	UID1826654	1	1	0	0
1	1	UID1826655	1	1	0	0
1	1	UID1826656	1	1	0	0
1	1	UID1826660	1	1	0	0
1	1	UID1826661	1	1	0	0
1	1	UID1826665	1	1	0	0
1	1	UID1826666	1	1	0	0
1	1	UID1826668	1	1	0	0
1	1	UID1826669	1	1	0	0
1	1	UID1826679	1	1	0	0
1	1	UID1826682	1	1	0	0
1	1	UID1826687	1	1	0	0
1	1	UID1826688	1	1	0	0
1	1	UID1826690	1	1	0	0
1	1	UID1826699	1	1	0	0
1	1	UID1826700	1	1	0	0
1	1	UID1826701	1	1	0	0
1	1	UID1826702	1	1	0	0
1	1	UID1826703	1	1	0	0
1	1	UID1826707	1	1	0	0
1	1	UID1826709	1	1	0	0
1	1	UID1826711	1	1	0	0
1	1	UID1826714	1	1	0	0
1	1	UID1826719	1	1	0	0
1	1	UID1826721	1	1	0	0
1	1	UID1826722	1	1	0	0
1	1	UID1826723	1	1	0	0
1	1	UID1826724	1	1	0	0
1	1	UID1826726	1	1	0	0
1	1	UID1826743	1	1	0	0
1	1	UID1826746	1	1	0	0
1	1	UID1826749	1	1	0	0
1	1	UID1826755	1	1	0	0
1	1	UID1826777	1	1	0	0
1	1	UID1826782	1	1	0	0
1	1	UID1826783	1	1	0	0
1	1	UID1826792	1	1	0	0
1	1	UID1826806	1	1	0	0
1	1	UID1826811	1	1	0	0
1	1	UID1826815	1	1	0	0
1	1	UID1826818	1	1	0	0
1	1	UID1826824	1	1	0	0
1	1	UID1826826	1	1	0	0
1	1	UID1826832	1	1	0	0
1	1	UID1826849	1	1	0	0
1	1	UID1826850	1	1	0	0
1	1	UID1826855	1	1	0	0
1	1	UID1826862	1	1	0	0
1	1	UID1826866	1	1	0	0
1	1	UID1826867	1	1	0	0
1	1	UID1826868	1	1	0	0
1	1	UID1826869	1	1	0	0
1	1	UID1826870	1	1	0	0
1	1	UID1826871	1	1	0	0
1	1	UID1826872	1	1	0	0
1	1	UID1826873	1	1	0	0
1	1	UID1826874	1	1	0	0
1	1	UID1826875	1	1	0	0
1	1	UID1826879	1	1	0	0
1	1	UID1826880	1	1	0	0
1	1	UID1826881	1	1	0	0
1	1	UID1826882	1	1	0	0
1	1	UID1826884	1	1	0	0
1	1	UID1826886	1	1	0	0
1	1	UID1826887	1	1	0	0
1	1	UID1826888	1	1	0	0
1	1	UID1826892	1	1	0	0
1	1	UID1826893	1	1	0	0
1	1	UID1826894	1	1	0	0
1	1	UID1826895	1	1	0	0
1	1	UID1826896	1	1	0	0
1	1	UID1826898	1	1	0	0
1	1	UID1826899	1	1	0	0
1	1	UID1826900	1	1	0	0
1	1	UID1826901	1	1	0	0
1	1	UID1826903	1	1	0	0
1	1	UID1826904	1	1	0	0
1	1	UID1826905	1	1	0	0
1	1	UID1826906	1	1	0	0
1	1	UID1826907	1	1	0	0
1	1	UID1826909	1	1	0	0
1	1	UID1826910	1	1	0	0
1	1	UID1826911	1	1	0	0
1	1	UID1826912	1	1	0	0
1	1	UID1826913	1	1	0	0
1	1	UID1826918	1	1	0	0
1	1	UID1826923	1	1	0	0
1	1	UID1826924	1	1	0	0
1	1	UID1826927	1	1	0	0
1	1	UID1826928	1	1	0	0
1	1	UID1826932	1	1	0	0
1	1	UID1826934	1	1	0	0
1	1	UID1826935	1	1	0	0
1	1	UID1826938	1	1	0	0
1	1	UID1826947	1	1	0	0
1	1	UID1826950	1	1	0	0
1	1	UID1826955	1	1	0	0
1	1	UID1826976	1	1	0	0
2	2	UID1826982	1	2	1	1
1	1	UID1826990	1	1	0	0
1	1	UID1827001	1	1	0	0
1	1	UID1827002	1	1	0	0
1	1	UID1827005	1	1	0	0
1	1	UID1827006	1	1	0	0
1	1	UID1827008	1	1	0	0
1	1	UID1827010	1	1	0	0
1	1	UID1827011	1	1	0	0
1	1	UID1827012	1	1	0	0
1	1	UID1827013	1	1	0	0
1	1	UID1827014	1	1	0	0
1	1	UID1827018	1	1	0	0
1	1	UID1827020	1	1	0	0
1	1	UID1827021	1	1	0	0
1	1	UID1827022	1	1	0	0
1	1	UID1827023	1	1	0	0
1	1	UID1827029	1	1	0	0
1	1	UID1827040	1	1	0	0
1	1	UID1827045	1	1	0	0
1	1	UID1827047	1	1	0	0
1	1	UID1827050	1	1	0	0
1	1	UID1827054	1	1	0	0
1	1	UID1827056	1	1	0	0
1	1	UID1827068	1	1	0	0
1	1	UID1827070	1	1	0	0
1	1	UID1827072	1	1	0	0
1	1	UID1827073	1	1	0	0
1	1	UID1827075	1	1	0	0
1	1	UID1827078	1	1	0	0
1	1	UID1827083	1	1	0	0
1	1	UID1827084	1	1	0	0
1	1	UID1827085	1	1	0	0
1	1	UID1827089	1	1	0	0
1	1	UID1827092	1	1	0	0
1	1	UID1827098	1	1	0	0
1	1	UID1827100	1	1	0	0
1	1	UID1827102	1	1	0	0
1	1	UID1827106	1	1	0	0
1	1	UID1827107	1	1	0	0
1	1	UID1827108	1	1	0	0
1	1	UID1827124	1	1	0	0
1	1	UID1827137	1	1	0	0
1	1	UID1827148	1	1	0	0
1	1	UID1827154	1	1	0	0
1	1	UID1827159	1	1	0	0
1	1	UID1827164	1	1	0	0
1	1	UID1827169	1	1	0	0
1	1	UID1827180	1	1	0	0
1	1	UID1827181	1	1	0	0
1	1	UID1827182	1	1	0	0
1	1	UID1827187	1	1	0	0
1	1	UID1827188	1	1	0	0
1	1	UID1827189	1	1	0	0
1	1	UID1827191	1	1	0	0
1	1	UID1827205	1	1	0	0
1	1	UID1827213	1	1	0	0
1	1	UID1827215	1	1	0	0
1	1	UID1827217	1	1	0	0
1	1	UID1827224	1	1	0	0
1	1	UID1827227	1	1	0	0
1	1	UID1827229	1	1	0	0
1	1	UID1827239	1	1	0	0
1	1	UID1827241	1	1	0	0
1	1	UID1827242	1	1	0	0
1	1	UID1827244	1	1	0	0
1	1	UID1827248	1	1	0	0
1	1	UID1827252	1	1	0	0
1	1	UID1827257	1	1	0	0
1	1	UID1827259	1	1	0	0
1	1	UID1827260	1	1	0	0
1	1	UID1827261	1	1	0	0
1	1	UID1827262	1	1	0	0
1	1	UID1827263	1	1	0	0
1	1	UID1827264	1	1	0	0
1	1	UID1827265	1	1	0	0
1	1	UID1827266	1	1	0	0
1	1	UID1827267	1	1	0	0
1	1	UID1827269	1	1	0	0
1	1	UID1827270	1	1	0	0
1	1	UID1827271	1	1	0	0
1	1	UID1827272	1	1	0	0
1	1	UID1827274	1	1	0	0
1	1	UID1827276	1	1	0	0
1	1	UID1827277	1	1	0	0
1	1	UID1827284	1	1	0	0
1	1	UID1827291	1	1	0	0
1	1	UID1827294	1	1	0	0
1	1	UID1827295	1	1	0	0
1	1	UID1827300	1	1	0	0
1	1	UID1827303	1	1	0	0
1	1	UID1827306	1	1	0	0
1	1	UID1827307	1	1	0	0
1	1	UID1827308	1	1	0	0
1	1	UID1827309	1	1	0	0
1	1	UID1827310	1	1	0	0
1	1	UID1827311	1	1	0	0
1	1	UID1827312	1	1	0	0
1	1	UID1827313	1	1	0	0
1	1	UID1827314	1	1	0	0
1	1	UID1827315	1	1	0	0
1	1	UID1827317	1	1	0	0
1	1	UID1827320	1	1	0	0
1	1	UID1827321	1	1	0	0
1	1	UID1827322	1	1	0	0
1	1	UID1827323	1	1	0	0
1	1	UID1827324	1	1	0	0
1	1	UID1827328	1	1	0	0
1	1	UID1827331	1	1	0	0
1	1	UID1827333	1	1	0	0
1	1	UID1827335	1	1	0	0
1	1	UID1827336	1	1	0	0
1	1	UID1827352	1	1	0	0
1	1	UID1827358	1	1	0	0
1	1	UID1827365	1	1	0	0
1	1	UID1827369	1	1	0	0
1	1	UID1827373	1	1	0	0
1	1	UID1827374	1	1	0	0
1	1	UID1827375	1	1	0	0
1	1	UID1827376	1	1	0	0
1	1	UID1827378	1	1	0	0
1	1	UID1827379	1	1	0	0
1	1	UID1827380	1	1	0	0
1	1	UID1827382	1	1	0	0
1	1	UID1827383	1	1	0	0
1	1	UID1827385	1	1	0	0
1	1	UID1827386	1	1	0	0
1	1	UID1827388	1	1	0	0
1	1	UID1827389	1	1	0	0
1	1	UID1827390	1	1	0	0
1	1	UID1827392	1	1	0	0
1	1	UID1827393	1	1	0	0
1	1	UID1827394	1	1	0	0
1	1	UID1827396	1	1	0	0
1	1	UID1827397	1	1	0	0
1	1	UID1827398	1	1	0	0
1	1	UID1827399	1	1	0	0
1	1	UID1827401	1	1	0	0
1	1	UID1827412	1	1	0	0
1	1	UID1827414	1	1	0	0
1	1	UID1827419	1	1	0	0
1	1	UID1827421	1	1	0	0
1	1	UID1827422	1	1	0	0
1	1	UID1827423	1	1	0	0
1	1	UID1827427	1	1	0	0
1	1	UID1827431	1	1	0	0
1	1	UID1827432	1	1	0	0
1	1	UID1827433	1	1	0	0
1	1	UID1827434	1	1	0	0
1	1	UID1827438	1	1	0	0
1	1	UID1827446	1	1	0	0
1	1	UID1827451	1	1	0	0
1	1	UID1827452	1	1	0	0
1	1	UID1827453	1	1	0	0
1	1	UID1827456	1	1	0	0
1	1	UID1827457	1	1	0	0
1	1	UID1827460	1	1	0	0
1	1	UID1827481	1	1	0	0
1	1	UID1827485	1	1	0	0
1	1	UID1827486	1	1	0	0
1	1	UID1827492	1	1	0	0
1	1	UID1827494	1	1	0	0
2	2	UID1827495	1	2	1	1
1	1	UID1827502	1	1	0	0
1	1	UID1827503	1	1	0	0
1	1	UID1827504	1	1	0	0
1	1	UID1827509	1	1	0	0
1	1	UID1827510	1	1	0	0
1	1	UID1827513	1	1	0	0
1	1	UID1827517	1	1	0	0
1	1	UID1827518	1	1	0	0
1	1	UID1827527	1	1	0	0
1	1	UID1827532	1	1	0	0
1	1	UID1827533	1	1	0	0
1	1	UID1827534	1	1	0	0
1	1	UID200122	1	1	0	0
1	1	UID240969	1	1	0	0
2	2	UID274084	1	2	1	1
1	1	UID29230	1	1	0	0
1	1	UID382912	1	1	0	0
1	1	UID396910	1	1	0	0
1	1	UID52639	1	1	0	0
1	1	UID55507	1	1	0	0
1	1	UID56864	1	1	0	0
1	1	UID57166	1	1	0	0
1	1	UID59664	1	1	0	0
1	1	UID65168	1	1	0	0
1	1	UID656070	1	1	0	0
1	1	UID663144	1	1	0	0
1	1	UID66722	1	1	0	0
1	1	UID67639	1	1	0	0
1	1	UID7997	1	1	0	0
1	1	UID8065	1	1	0	0
1	1	UID81458	1	1	0	0
1	1	UID842807	1	1	0	0
2	2	UID955262	1	2	1	1
1	1	UID955480	1	1	0	0
1	1	UID980842	1	1	0	0
1	1	UID9834	1	1	0	0
