3802	22929	UID1	11455	2798	6	6
2464	11266	UID715534	5185	1817	7	7
948	3827	UID2	1633	650	6	6
394	2016	UID48609	1141	245	4	4
689	2302	UID83173	1053	482	5	5
685	2089	UID554	964	488	4	4
644	1998	UID39	932	461	4	4
778	2247	UID766627	876	548	9	9
550	1688	UID625	776	384	3	3
492	1468	UID1274162	626	346	3	3
363	1191	UID18916	615	253	3	3
287	1048	UID1453054	567	185	3	3
318	890	UID335	413	231	3	3
244	589	UID1527015	245	183	4	4
134	420	UID104696	222	99	3	3
162	358	UID696255	140	127	4	4
167	344	UID167374	124	136	3	3
152	348	UID47968	121	117	4	4
78	198	UID61290	98	59	3	3
160	359	UID202765	95	134	4	4
108	225	UID216	94	92	4	4
84	202	UID18915	88	69	3	3
87	213	UID715535	88	65	3	3
102	232	UID1032	82	83	3	3
99	219	UID202757	81	80	3	3
83	177	UID154589	76	70	2	2
76	178	UID960	66	52	3	3
75	155	UID1527017	63	61	2	2
39	93	UID72	49	32	2	2
72	152	UID553	48	56	3	3
32	90	UID8021	48	21	2	2
37	97	UID99	47	29	3	3
69	147	UID310	46	53	4	4
87	163	UID132031	45	63	3	3
69	152	UID202754	42	52	3	3
23	67	UID113309	39	18	2	2
33	75	UID37773	39	28	3	3
31	71	UID8012	38	27	1	1
122	226	UID1533	36	101	6	6
28	67	UID85	34	23	3	3
32	68	UID5543	32	26	2	2
28	60	UID146	31	25	2	2
16	49	UID18	31	12	1	1
17	52	UID202759	29	12	3	3
20	52	UID115	28	14	3	3
23	54	UID22	28	19	2	2
25	56	UID94	28	20	2	2
33	67	UID138	27	25	2	2
25	55	UID208	27	20	2	2
30	61	UID207	26	23	2	2
33	66	UID29	26	27	1	1
18	54	UID105480	25	10	2	2
18	44	UID149	25	16	2	2
25	55	UID189	25	18	2	2
39	70	UID48433	25	32	3	3
14	40	UID1474913	24	11	2	2
16	44	UID31276	24	13	1	1
28	55	UID157	23	22	1	1
45	84	UID191420	23	34	4	4
18	52	UID37287	23	16	2	2
24	51	UID228	22	18	2	2
26	51	UID8020	22	21	2	2
13	35	UID807175	21	10	2	2
15	38	UID206	20	10	2	2
20	41	UID507675	20	18	1	1
21	43	UID84	20	19	5	5
15	35	UID1527023	19	12	3	3
34	68	UID213869	19	26	3	3
10	31	UID303	19	7	1	1
45	90	UID384	19	34	3	3
25	47	UID131	18	19	3	3
15	33	UID103917	17	12	1	1
36	75	UID11456	17	25	3	3
12	30	UID194	17	10	1	1
10	29	UID221	17	6	3	3
18	36	UID294	17	15	2	2
18	39	UID1453573	16	12	2	2
19	35	UID180	16	17	3	3
8	22	UID108	15	7	1	1
16	33	UID122	15	13	2	2
10	26	UID61275	15	7	1	1
14	32	UID61379	15	9	2	2
19	34	UID1464542	14	16	2	2
39	57	UID1527031	14	33	3	3
5	18	UID173	14	4	1	1
11	27	UID1453565	13	7	3	3
20	35	UID695390	13	17	2	2
14	32	UID132701	12	10	2	2
13	26	UID1502121	12	11	1	1
26	43	UID1527035	12	21	2	2
10	23	UID158	12	8	1	1
8	21	UID352	12	5	1	1
6	17	UID525	12	5	1	1
40	70	UID7550	12	32	4	4
10	20	UID1526739	11	9	1	1
6	16	UID544897	11	5	1	1
4	13	UID120986	10	3	1	1
3	14	UID135034	10	1	1	1
17	31	UID182	10	12	2	2
13	23	UID248	10	11	2	2
27	51	UID38026	10	20	3	3
29	48	UID48688	10	24	5	5
12	21	UID104436	9	10	3	3
2	10	UID132252	9	1	1	1
20	30	UID1453387	9	17	3	3
6	14	UID1466557	9	5	1	1
8	17	UID1513806	9	6	1	1
2	11	UID1527051	9	0	0	0
10	19	UID1527057	9	8	1	1
12	22	UID202755	9	9	1	1
10	20	UID209959	9	7	2	2
17	30	UID49609	9	12	3	3
6	15	UID610	9	4	1	1
13	33	UID75269	9	10	3	3
16	25	UID103974	8	13	3	3
4	16	UID156334	8	2	1	1
7	14	UID184254	8	6	1	1
2	9	UID202774	8	1	1	1
6	14	UID321174	8	4	2	2
8	16	UID375	8	6	2	2
4	11	UID580	8	3	1	1
8	16	UID964103	8	6	2	2
19	28	UID11464	7	16	3	3
20	31	UID1527066	7	16	2	2
11	17	UID1527075	7	10	1	1
1	7	UID1527076	7	0	0	0
30	51	UID1527080	7	19	2	2
6	16	UID202768	7	3	2	2
4	11	UID202893	7	2	1	1
28	44	UID27093	7	19	4	4
9	19	UID440	7	6	1	1
5	12	UID521	7	3	1	1
6	13	UID522	7	4	1	1
12	22	UID53154	7	7	2	2
6	12	UID607	7	5	1	1
10	19	UID7544	7	8	1	1
6	12	UID8025	7	5	1	1
6	13	UID84211	7	4	1	1
8	15	UID843	7	6	1	1
5	11	UID928	7	4	2	2
12	20	UID959	7	9	2	2
11	16	UID1459846	6	10	2	2
5	11	UID147385	6	3	2	2
5	10	UID1527084	6	4	1	1
6	11	UID1527098	6	5	1	1
11	20	UID154417	6	8	1	1
6	11	UID293	6	5	2	2
3	9	UID460	6	1	1	1
12	22	UID48853	6	8	2	2
2	7	UID49009	6	1	0	0
11	22	UID5500	6	8	3	3
15	26	UID55844	6	10	3	3
4	12	UID558	6	2	1	1
3	9	UID8003	6	1	1	1
10	21	UID964000	6	5	2	2
4	9	UID1459253	5	2	0	0
1	5	UID1459689	5	0	0	0
2	6	UID1524247	5	1	1	1
6	10	UID1527122	5	5	1	1
1	5	UID1527135	5	0	0	0
3	7	UID177275	5	2	0	0
2	6	UID202625	5	1	1	1
3	7	UID202786	5	2	1	1
5	9	UID209883	5	4	1	1
7	11	UID292	5	6	2	2
7	13	UID49363	5	5	2	2
4	9	UID496	5	2	1	1
3	7	UID508451	5	2	1	1
1	5	UID545574	5	0	0	0
6	12	UID56148	5	3	2	2
3	7	UID63216	5	2	1	1
10	16	UID7646	5	7	2	2
7	11	UID8014	5	6	1	1
2	7	UID917	5	0	1	1
4	8	UID104232	4	2	1	1
2	5	UID105000	4	1	1	1
2	5	UID1147	4	1	0	0
3	6	UID120974	4	2	1	1
2	5	UID127	4	1	1	1
5	9	UID132100	4	3	1	1
1	4	UID1327	4	0	0	0
1	4	UID136037	4	0	0	0
4	7	UID137927	4	3	1	1
4	7	UID1454479	4	3	1	1
6	10	UID1459288	4	4	1	1
3	6	UID1502125	4	2	1	1
6	9	UID1514770	4	5	2	2
1	4	UID1527156	4	0	0	0
6	9	UID1527158	4	5	1	1
1	4	UID1527163	4	0	0	0
1	4	UID1527164	4	0	0	0
4	9	UID1527165	4	2	2	2
1	4	UID1527166	4	0	0	0
2	5	UID1527169	4	1	0	0
2	5	UID1527171	4	1	1	1
3	7	UID1527173	4	1	0	0
1	4	UID1527175	4	0	0	0
2	5	UID1527183	4	1	1	1
6	10	UID1527202	4	4	1	1
1	4	UID1527203	4	0	0	0
1	4	UID1527212	4	0	0	0
1	4	UID1527214	4	0	0	0
3	6	UID1527216	4	2	1	1
1	4	UID1527226	4	0	0	0
1	4	UID1527233	4	0	0	0
2	5	UID1527234	4	1	1	1
1	4	UID1527236	4	0	0	0
3	6	UID1527237	4	2	1	1
1	4	UID1527240	4	0	0	0
1	4	UID1527243	4	0	0	0
2	5	UID177606	4	1	1	1
4	8	UID179	4	2	1	1
2	5	UID195870	4	1	0	0
1	4	UID209885	4	0	0	0
2	5	UID209907	4	1	1	1
5	9	UID217194	4	3	1	1
9	15	UID22150	4	5	2	2
8	14	UID27394	4	6	4	4
2	5	UID30482	4	1	1	1
6	9	UID376	4	5	1	1
3	6	UID3886	4	2	1	1
5	8	UID394	4	4	2	2
3	6	UID508446	4	2	1	1
7	11	UID5540	4	5	2	2
2	6	UID563675	4	0	1	1
2	5	UID564816	4	1	1	1
4	7	UID62071	4	3	2	2
11	15	UID63230	4	9	2	2
7	11	UID685	4	5	1	1
18	21	UID703316	4	17	1	1
1	4	UID72417	4	0	0	0
6	12	UID72443	4	2	1	1
10	14	UID736	4	8	2	2
3	6	UID104799	3	1	1	1
1	3	UID105549	3	0	0	0
9	15	UID107819	3	5	1	1
1	3	UID117338	3	0	0	0
5	10	UID120784	3	2	1	1
5	9	UID131974	3	3	1	1
1	3	UID131976	3	0	0	0
13	18	UID132065	3	10	3	3
4	7	UID132138	3	2	1	1
5	8	UID135011	3	3	2	2
2	4	UID137728	3	1	0	0
2	4	UID1385996	3	1	1	1
3	5	UID1386450	3	2	1	1
2	4	UID1405418	3	1	0	0
2	4	UID1405427	3	1	0	0
3	5	UID142123	3	2	1	1
1	3	UID1424932	3	0	0	0
5	7	UID142706	3	4	1	1
4	6	UID1453933	3	3	1	1
2	4	UID1460446	3	1	1	1
3	5	UID147389	3	2	1	1
5	8	UID1502128	3	3	1	1
6	8	UID1502154	3	5	2	2
4	7	UID1502252	3	2	1	1
1	3	UID1527247	3	0	0	0
1	3	UID1527249	3	0	0	0
1	3	UID1527255	3	0	0	0
1	3	UID1527256	3	0	0	0
1	3	UID1527257	3	0	0	0
1	3	UID1527265	3	0	0	0
1	3	UID1527272	3	0	0	0
5	9	UID1527273	3	2	2	2
1	3	UID1527274	3	0	0	0
5	9	UID1527275	3	3	2	2
1	3	UID1527276	3	0	0	0
1	3	UID1527277	3	0	0	0
1	3	UID1527278	3	0	0	0
1	3	UID1527280	3	0	0	0
1	3	UID1527281	3	0	0	0
3	5	UID1527282	3	2	0	0
2	4	UID1527284	3	1	0	0
2	5	UID1527285	3	0	0	0
3	5	UID1527292	3	2	1	1
1	3	UID1527299	3	0	0	0
2	4	UID1527301	3	1	1	1
1	3	UID1527306	3	0	0	0
1	3	UID1527309	3	0	0	0
1	3	UID1527310	3	0	0	0
1	3	UID1527313	3	0	0	0
1	3	UID1527316	3	0	0	0
2	4	UID1527319	3	1	1	1
2	4	UID1527321	3	1	1	1
1	3	UID1527326	3	0	0	0
3	5	UID1527340	3	2	1	1
1	3	UID1527383	3	0	0	0
1	3	UID1527401	3	0	0	0
1	3	UID1527405	3	0	0	0
1	3	UID1527407	3	0	0	0
1	3	UID1527408	3	0	0	0
1	3	UID1527409	3	0	0	0
6	8	UID1527410	3	5	2	2
1	3	UID1527414	3	0	0	0
1	3	UID1527416	3	0	0	0
2	4	UID1527417	3	1	1	1
1	3	UID1527418	3	0	0	0
1	3	UID1527419	3	0	0	0
1	3	UID1527426	3	0	0	0
1	3	UID1527428	3	0	0	0
1	3	UID1527429	3	0	0	0
1	3	UID1527430	3	0	0	0
1	3	UID1527432	3	0	0	0
1	3	UID1527433	3	0	0	0
1	3	UID1527436	3	0	0	0
1	3	UID1527438	3	0	0	0
1	3	UID1527439	3	0	0	0
1	3	UID1527440	3	0	0	0
7	11	UID1527441	3	5	2	2
1	3	UID1527445	3	0	0	0
1	3	UID1527452	3	0	0	0
1	3	UID1527453	3	0	0	0
2	4	UID1527454	3	1	0	0
2	4	UID1527457	3	1	1	1
1	3	UID1527458	3	0	0	0
1	3	UID1527461	3	0	0	0
1	3	UID1527463	3	0	0	0
1	3	UID1527464	3	0	0	0
1	3	UID1527465	3	0	0	0
1	3	UID1527468	3	0	0	0
1	3	UID1527475	3	0	0	0
1	3	UID1527476	3	0	0	0
1	3	UID1527481	3	0	0	0
1	3	UID1527484	3	0	0	0
1	3	UID1527486	3	0	0	0
1	3	UID1527487	3	0	0	0
6	8	UID1527492	3	5	1	1
5	8	UID1527494	3	3	1	1
3	5	UID1527495	3	2	2	2
1	3	UID1527528	3	0	0	0
1	3	UID1527533	3	0	0	0
1	3	UID1527534	3	0	0	0
4	6	UID1527540	3	3	1	1
1	3	UID1527544	3	0	0	0
1	3	UID1527547	3	0	0	0
9	12	UID154607	3	7	1	1
6	8	UID168480	3	5	2	2
2	4	UID177438	3	1	1	1
1	3	UID179703	3	0	0	0
2	4	UID179785	3	1	1	1
2	4	UID181019	3	1	1	1
1	3	UID18491	3	0	0	0
10	15	UID202785	3	6	1	1
4	6	UID202837	3	3	1	1
3	5	UID215375	3	2	1	1
3	5	UID27542	3	2	1	1
1	3	UID28881	3	0	0	0
4	6	UID327	3	3	1	1
1	3	UID35219	3	0	0	0
8	11	UID374	3	6	1	1
6	10	UID4057	3	3	1	1
5	7	UID441	3	4	1	1
2	4	UID443223	3	1	1	1
5	7	UID48429	3	4	1	1
12	20	UID48445	3	6	2	2
7	10	UID48449	3	5	1	1
4	6	UID48689	3	3	1	1
7	12	UID497	3	3	1	1
1	3	UID508692	3	0	0	0
10	13	UID598929	3	8	3	3
7	9	UID606	3	6	2	2
4	7	UID60884	3	2	1	1
3	5	UID609	3	2	1	1
1	3	UID62215	3	0	0	0
2	4	UID65082	3	1	0	0
1	3	UID656180	3	0	0	0
4	6	UID682822	3	3	1	1
10	14	UID695455	3	7	2	2
4	6	UID703	3	3	1	1
2	4	UID72462	3	1	1	1
3	6	UID72476	3	1	1	1
9	13	UID779	3	6	1	1
4	6	UID7991	3	3	1	1
5	8	UID82630	3	3	1	1
4	6	UID837	3	3	1	1
5	7	UID84209	3	4	1	1
6	8	UID919	3	5	1	1
7	9	UID965872	3	6	3	3
1	3	UID967396	3	0	0	0
1	2	UID103933	2	0	0	0
2	3	UID1054314	2	1	1	1
2	3	UID105507	2	1	1	1
2	3	UID1064898	2	1	1	1
3	5	UID117223	2	1	1	1
7	10	UID124682	2	4	2	2
6	9	UID1274155	2	3	2	2
3	4	UID132118	2	2	1	1
11	12	UID1328	2	10	1	1
2	3	UID134041	2	1	1	1
4	6	UID135880	2	2	1	1
2	3	UID137549	2	1	1	1
2	3	UID1391224	2	1	1	1
2	3	UID1405445	2	1	1	1
1	2	UID140781	2	0	0	0
6	7	UID1441151	2	5	2	2
3	5	UID145487	2	1	1	1
5	6	UID1459683	2	4	2	2
4	5	UID1459686	2	3	1	1
2	4	UID1459692	2	0	1	1
1	2	UID1496829	2	0	0	0
3	5	UID1502176	2	1	1	1
4	5	UID1511003	2	3	2	2
1	2	UID1514753	2	0	0	0
1	2	UID1527550	2	0	0	0
1	2	UID1527551	2	0	0	0
1	2	UID1527564	2	0	0	0
1	2	UID1527569	2	0	0	0
1	2	UID1527586	2	0	0	0
1	2	UID1527588	2	0	0	0
2	3	UID1527592	2	1	1	1
1	2	UID1527604	2	0	0	0
9	12	UID1527606	2	6	2	2
1	2	UID1527609	2	0	0	0
2	3	UID1527611	2	1	1	1
1	2	UID1527613	2	0	0	0
2	3	UID1527616	2	1	1	1
1	2	UID1527618	2	0	0	0
2	3	UID1527619	2	1	1	1
1	2	UID1527621	2	0	0	0
1	2	UID1527626	2	0	0	0
1	2	UID1527627	2	0	0	0
1	2	UID1527630	2	0	0	0
1	2	UID1527635	2	0	0	0
1	2	UID1527637	2	0	0	0
1	2	UID1527638	2	0	0	0
1	2	UID1527639	2	0	0	0
3	6	UID1527641	2	0	1	1
1	2	UID1527642	2	0	0	0
1	2	UID1527651	2	0	0	0
1	2	UID1527655	2	0	0	0
2	3	UID1527656	2	1	1	1
1	2	UID1527660	2	0	0	0
1	2	UID1527665	2	0	0	0
1	2	UID1527666	2	0	0	0
2	3	UID1527678	2	1	1	1
1	2	UID1527679	2	0	0	0
1	2	UID1527694	2	0	0	0
3	4	UID1527698	2	2	1	1
2	3	UID1527715	2	1	1	1
1	2	UID1527737	2	0	0	0
1	2	UID1527742	2	0	0	0
1	2	UID1527743	2	0	0	0
2	3	UID1527753	2	1	1	1
5	8	UID1527777	2	2	1	1
1	2	UID1527779	2	0	0	0
1	2	UID1527793	2	0	0	0
2	3	UID1527800	2	1	1	1
1	2	UID1527801	2	0	0	0
1	2	UID1527818	2	0	0	0
1	2	UID1527827	2	0	0	0
1	2	UID1527831	2	0	0	0
1	2	UID1527835	2	0	0	0
1	2	UID1527836	2	0	0	0
1	2	UID1527837	2	0	0	0
1	2	UID1527840	2	0	0	0
1	2	UID1527841	2	0	0	0
1	2	UID1527847	2	0	0	0
1	2	UID1527848	2	0	0	0
1	2	UID1527849	2	0	0	0
1	2	UID1527874	2	0	0	0
1	2	UID1527879	2	0	0	0
1	2	UID1527886	2	0	0	0
1	2	UID1527887	2	0	0	0
1	2	UID1527888	2	0	0	0
2	3	UID1527889	2	1	1	1
1	2	UID1527900	2	0	0	0
2	3	UID1527910	2	1	1	1
1	2	UID1527924	2	0	0	0
2	3	UID1527928	2	1	1	1
1	2	UID1527936	2	0	0	0
1	2	UID1527945	2	0	0	0
1	2	UID1527983	2	0	0	0
3	4	UID1527984	2	2	1	1
1	2	UID1527985	2	0	0	0
1	2	UID1527988	2	0	0	0
1	2	UID1527991	2	0	0	0
1	2	UID1527992	2	0	0	0
1	2	UID1527996	2	0	0	0
1	2	UID1528001	2	0	0	0
1	2	UID1528016	2	0	0	0
2	3	UID1528021	2	1	1	1
4	5	UID1528066	2	3	2	2
3	5	UID1528081	2	1	2	2
1	2	UID1528089	2	0	0	0
2	4	UID1528095	2	0	1	1
1	2	UID1528096	2	0	0	0
1	2	UID1528215	2	0	0	0
2	3	UID1528216	2	1	1	1
1	2	UID1528233	2	0	0	0
1	2	UID1528239	2	0	0	0
2	3	UID1528240	2	1	1	1
1	2	UID1528245	2	0	0	0
1	2	UID1528247	2	0	0	0
1	2	UID1528248	2	0	0	0
1	2	UID1528249	2	0	0	0
2	3	UID1528265	2	1	1	1
1	2	UID1528266	2	0	0	0
1	2	UID1528267	2	0	0	0
1	2	UID1528275	2	0	0	0
1	2	UID1528279	2	0	0	0
1	2	UID1528291	2	0	0	0
1	2	UID1528298	2	0	0	0
1	2	UID1528299	2	0	0	0
2	3	UID1528304	2	1	1	1
1	2	UID1528305	2	0	0	0
1	2	UID1528344	2	0	0	0
1	2	UID1528346	2	0	0	0
1	2	UID1528351	2	0	0	0
1	2	UID1528363	2	0	0	0
5	6	UID1528367	2	4	2	2
1	2	UID1528369	2	0	0	0
1	2	UID1528370	2	0	0	0
1	2	UID1528372	2	0	0	0
1	2	UID1528377	2	0	0	0
1	2	UID1528383	2	0	0	0
1	2	UID1528385	2	0	0	0
1	2	UID1528387	2	0	0	0
1	2	UID1528398	2	0	0	0
1	2	UID1528401	2	0	0	0
1	2	UID1528404	2	0	0	0
1	2	UID1528414	2	0	0	0
1	2	UID1528416	2	0	0	0
1	2	UID1528428	2	0	0	0
2	3	UID1528432	2	1	1	1
1	2	UID1528433	2	0	0	0
1	2	UID1528435	2	0	0	0
2	4	UID1528448	2	0	1	1
1	2	UID1528452	2	0	0	0
2	3	UID1528459	2	1	1	1
1	2	UID1528464	2	0	0	0
1	2	UID1528484	2	0	0	0
1	2	UID1528487	2	0	0	0
1	2	UID1528491	2	0	0	0
1	2	UID1528496	2	0	0	0
1	2	UID1528515	2	0	0	0
2	3	UID1528516	2	1	1	1
1	2	UID1528519	2	0	0	0
1	2	UID1528526	2	0	0	0
3	4	UID1528538	2	2	1	1
1	2	UID1528547	2	0	0	0
2	3	UID1528563	2	1	1	1
1	2	UID1528580	2	0	0	0
1	2	UID1528584	2	0	0	0
1	2	UID1528590	2	0	0	0
1	2	UID1528592	2	0	0	0
1	2	UID1528598	2	0	0	0
1	2	UID1528599	2	0	0	0
1	2	UID1528600	2	0	0	0
3	5	UID1528603	2	1	2	2
1	2	UID1528610	2	0	0	0
1	2	UID1528628	2	0	0	0
1	2	UID1528636	2	0	0	0
1	2	UID1528703	2	0	0	0
1	2	UID1528721	2	0	0	0
1	2	UID1528722	2	0	0	0
1	2	UID1528725	2	0	0	0
2	3	UID1528732	2	1	1	1
2	3	UID1528738	2	1	1	1
1	2	UID1528740	2	0	0	0
1	2	UID1528741	2	0	0	0
5	6	UID1528744	2	4	2	2
1	2	UID1528747	2	0	0	0
1	2	UID1528758	2	0	0	0
1	2	UID1528770	2	0	0	0
2	3	UID1528771	2	1	1	1
8	10	UID1528782	2	6	1	1
1	2	UID1528785	2	0	0	0
1	2	UID1528796	2	0	0	0
1	2	UID1528800	2	0	0	0
1	2	UID1528808	2	0	0	0
1	2	UID1528810	2	0	0	0
1	2	UID1528814	2	0	0	0
1	2	UID1528820	2	0	0	0
2	3	UID1528826	2	1	1	1
1	2	UID1528827	2	0	0	0
4	5	UID1528836	2	3	2	2
1	2	UID160320	2	0	0	0
2	4	UID167281	2	0	1	1
1	2	UID167369	2	0	0	0
1	2	UID180876	2	0	0	0
2	3	UID185137	2	1	1	1
6	7	UID196	2	5	1	1
4	5	UID200	2	3	1	1
4	6	UID202828	2	2	1	1
2	3	UID206345	2	1	1	1
1	2	UID213772	2	0	0	0
2	3	UID250472	2	1	1	1
5	6	UID27087	2	4	1	1
2	3	UID27513	2	1	1	1
3	4	UID31245	2	2	1	1
1	2	UID48727	2	0	0	0
2	3	UID5743	2	1	1	1
3	4	UID581	2	2	1	1
3	4	UID62066	2	2	1	1
3	4	UID695637	2	2	1	1
1	2	UID703335	2	0	0	0
6	7	UID704	2	5	2	2
2	3	UID744	2	1	1	1
1	2	UID76422	2	0	0	0
2	3	UID788280	2	1	1	1
1	2	UID8840	2	0	0	0
2	3	UID999	2	1	1	1
1	1	UID104263	1	1	0	0
1	1	UID104548	1	1	0	0
1	1	UID104804	1	1	0	0
1	1	UID105154	1	1	0	0
1	1	UID112529	1	1	0	0
1	1	UID1250980	1	1	0	0
2	2	UID126334	1	2	1	1
1	1	UID127442	1	1	0	0
1	1	UID1297473	1	1	0	0
1	1	UID1327717	1	1	0	0
1	1	UID1339596	1	1	0	0
4	4	UID134042	1	4	2	2
2	2	UID1385408	1	2	1	1
1	1	UID138875	1	1	0	0
1	1	UID1413974	1	1	0	0
1	1	UID1414000	1	1	0	0
4	4	UID1429352	1	4	1	1
3	3	UID1436027	1	3	2	2
1	1	UID1444143	1	1	0	0
4	5	UID1460902	1	3	2	2
1	1	UID1470860	1	1	0	0
1	1	UID1500036	1	1	0	0
5	6	UID1502749	1	4	2	2
1	1	UID1504331	1	1	0	0
1	1	UID1511368	1	1	0	0
1	1	UID1511668	1	1	0	0
1	1	UID1512564	1	1	0	0
1	1	UID1513452	1	1	0	0
1	1	UID1514751	1	1	0	0
1	1	UID1516726	1	1	0	0
4	4	UID1523480	1	4	2	2
1	1	UID1524382	1	1	0	0
1	1	UID1524396	1	1	0	0
1	1	UID1528858	1	1	0	0
1	1	UID1528859	1	1	0	0
1	1	UID1528860	1	1	0	0
1	1	UID1528861	1	1	0	0
1	1	UID1528862	1	1	0	0
1	1	UID1528864	1	1	0	0
1	1	UID1528870	1	1	0	0
1	1	UID1528871	1	1	0	0
1	1	UID1528873	1	1	0	0
1	1	UID1528874	1	1	0	0
1	1	UID1528875	1	1	0	0
1	1	UID1528876	1	1	0	0
1	1	UID1528877	1	1	0	0
1	1	UID1528878	1	1	0	0
1	1	UID1528879	1	1	0	0
1	1	UID1528882	1	1	0	0
1	1	UID1528883	1	1	0	0
1	1	UID1528886	1	1	0	0
1	1	UID1528889	1	1	0	0
1	1	UID1528891	1	1	0	0
1	1	UID1528894	1	1	0	0
1	1	UID1528896	1	1	0	0
1	1	UID1528908	1	1	0	0
1	1	UID1528909	1	1	0	0
1	1	UID1528919	1	1	0	0
1	1	UID1528920	1	1	0	0
1	1	UID1528921	1	1	0	0
1	1	UID1528923	1	1	0	0
1	1	UID1528924	1	1	0	0
1	1	UID1528925	1	1	0	0
1	1	UID1528926	1	1	0	0
1	1	UID1528928	1	1	0	0
1	1	UID1528933	1	1	0	0
1	1	UID1528937	1	1	0	0
1	1	UID1528938	1	1	0	0
1	1	UID1528939	1	1	0	0
1	1	UID1528941	1	1	0	0
1	1	UID1528942	1	1	0	0
1	1	UID1528943	1	1	0	0
1	1	UID1528944	1	1	0	0
1	1	UID1528945	1	1	0	0
1	1	UID1528946	1	1	0	0
1	1	UID1528954	1	1	0	0
1	1	UID1528958	1	1	0	0
1	1	UID1528960	1	1	0	0
1	1	UID1528977	1	1	0	0
1	1	UID1528983	1	1	0	0
1	1	UID1528985	1	1	0	0
1	1	UID1529005	1	1	0	0
1	1	UID1529012	1	1	0	0
1	1	UID1529020	1	1	0	0
1	1	UID1529021	1	1	0	0
1	1	UID1529028	1	1	0	0
1	1	UID1529030	1	1	0	0
2	2	UID1529036	1	2	1	1
1	1	UID1529037	1	1	0	0
1	1	UID1529038	1	1	0	0
1	1	UID1529040	1	1	0	0
1	1	UID1529041	1	1	0	0
1	1	UID1529042	1	1	0	0
1	1	UID1529043	1	1	0	0
1	1	UID1529044	1	1	0	0
1	1	UID1529045	1	1	0	0
1	1	UID1529047	1	1	0	0
1	1	UID1529048	1	1	0	0
1	1	UID1529054	1	1	0	0
1	1	UID1529055	1	1	0	0
1	1	UID1529056	1	1	0	0
1	1	UID1529057	1	1	0	0
1	1	UID1529059	1	1	0	0
1	1	UID1529060	1	1	0	0
1	1	UID1529061	1	1	0	0
3	3	UID1529062	1	3	2	2
1	1	UID1529070	1	1	0	0
1	1	UID1529072	1	1	0	0
1	1	UID1529077	1	1	0	0
1	1	UID1529096	1	1	0	0
1	1	UID1529100	1	1	0	0
1	1	UID1529104	1	1	0	0
1	1	UID1529105	1	1	0	0
1	1	UID1529107	1	1	0	0
1	1	UID1529108	1	1	0	0
1	1	UID1529109	1	1	0	0
1	1	UID1529112	1	1	0	0
1	1	UID1529114	1	1	0	0
1	1	UID1529116	1	1	0	0
1	1	UID1529117	1	1	0	0
1	1	UID1529122	1	1	0	0
1	1	UID1529123	1	1	0	0
1	1	UID1529126	1	1	0	0
1	1	UID1529130	1	1	0	0
1	1	UID1529132	1	1	0	0
1	1	UID1529134	1	1	0	0
1	1	UID1529135	1	1	0	0
1	1	UID1529138	1	1	0	0
1	1	UID1529141	1	1	0	0
1	1	UID1529142	1	1	0	0
1	1	UID1529144	1	1	0	0
1	1	UID1529145	1	1	0	0
1	1	UID1529148	1	1	0	0
1	1	UID1529160	1	1	0	0
1	1	UID1529161	1	1	0	0
1	1	UID1529173	1	1	0	0
1	1	UID1529183	1	1	0	0
1	1	UID1529186	1	1	0	0
1	1	UID1529188	1	1	0	0
1	1	UID1529195	1	1	0	0
1	1	UID1529198	1	1	0	0
1	1	UID1529201	1	1	0	0
1	1	UID1529203	1	1	0	0
1	1	UID1529204	1	1	0	0
1	1	UID1529207	1	1	0	0
1	1	UID1529217	1	1	0	0
1	1	UID1529220	1	1	0	0
1	1	UID1529221	1	1	0	0
1	1	UID1529222	1	1	0	0
1	1	UID1529223	1	1	0	0
1	1	UID1529224	1	1	0	0
1	1	UID1529225	1	1	0	0
1	1	UID1529226	1	1	0	0
1	1	UID1529228	1	1	0	0
1	1	UID1529229	1	1	0	0
1	1	UID1529232	1	1	0	0
1	1	UID1529234	1	1	0	0
1	1	UID1529235	1	1	0	0
1	1	UID1529237	1	1	0	0
1	1	UID1529238	1	1	0	0
1	1	UID1529239	1	1	0	0
1	1	UID1529240	1	1	0	0
1	1	UID1529241	1	1	0	0
1	1	UID1529243	1	1	0	0
1	1	UID1529246	1	1	0	0
1	1	UID1529247	1	1	0	0
1	1	UID1529250	1	1	0	0
1	1	UID1529252	1	1	0	0
1	1	UID1529254	1	1	0	0
1	1	UID1529264	1	1	0	0
1	1	UID1529265	1	1	0	0
1	1	UID1529268	1	1	0	0
1	1	UID1529269	1	1	0	0
1	1	UID1529270	1	1	0	0
1	1	UID1529271	1	1	0	0
1	1	UID1529275	1	1	0	0
1	1	UID1529279	1	1	0	0
1	1	UID1529283	1	1	0	0
1	1	UID1529284	1	1	0	0
1	1	UID1529307	1	1	0	0
1	1	UID1529310	1	1	0	0
1	1	UID1529314	1	1	0	0
1	1	UID1529319	1	1	0	0
1	1	UID1529320	1	1	0	0
1	1	UID1529321	1	1	0	0
1	1	UID1529322	1	1	0	0
1	1	UID1529329	1	1	0	0
1	1	UID1529330	1	1	0	0
1	1	UID1529331	1	1	0	0
1	1	UID1529332	1	1	0	0
1	1	UID1529333	1	1	0	0
1	1	UID1529334	1	1	0	0
1	1	UID1529335	1	1	0	0
1	1	UID1529336	1	1	0	0
1	1	UID1529337	1	1	0	0
1	1	UID1529338	1	1	0	0
1	1	UID1529339	1	1	0	0
1	1	UID1529343	1	1	0	0
1	1	UID1529344	1	1	0	0
1	1	UID1529346	1	1	0	0
1	1	UID1529348	1	1	0	0
1	1	UID1529349	1	1	0	0
1	1	UID1529350	1	1	0	0
1	1	UID1529351	1	1	0	0
1	1	UID1529355	1	1	0	0
1	1	UID1529356	1	1	0	0
1	1	UID1529358	1	1	0	0
1	1	UID1529361	1	1	0	0
1	1	UID1529363	1	1	0	0
1	1	UID1529375	1	1	0	0
1	1	UID1529383	1	1	0	0
1	1	UID1529395	1	1	0	0
1	1	UID1529397	1	1	0	0
1	1	UID1529404	1	1	0	0
1	1	UID1529405	1	1	0	0
1	1	UID1529406	1	1	0	0
1	1	UID1529408	1	1	0	0
2	2	UID1529409	1	2	1	1
1	1	UID1529411	1	1	0	0
1	1	UID1529418	1	1	0	0
1	1	UID1529421	1	1	0	0
1	1	UID1529422	1	1	0	0
1	1	UID1529424	1	1	0	0
1	1	UID1529430	1	1	0	0
1	1	UID1529431	1	1	0	0
1	1	UID1529432	1	1	0	0
1	1	UID1529433	1	1	0	0
1	1	UID1529434	1	1	0	0
1	1	UID1529435	1	1	0	0
1	1	UID1529436	1	1	0	0
1	1	UID1529437	1	1	0	0
1	1	UID1529438	1	1	0	0
1	1	UID1529439	1	1	0	0
1	1	UID1529441	1	1	0	0
1	1	UID1529444	1	1	0	0
1	1	UID1529456	1	1	0	0
1	1	UID1529461	1	1	0	0
1	1	UID1529479	1	1	0	0
1	1	UID1529486	1	1	0	0
1	1	UID1529492	1	1	0	0
1	1	UID1529493	1	1	0	0
1	1	UID1529494	1	1	0	0
1	1	UID1529495	1	1	0	0
1	1	UID1529496	1	1	0	0
1	1	UID1529497	1	1	0	0
1	1	UID1529498	1	1	0	0
1	1	UID1529499	1	1	0	0
1	1	UID1529507	1	1	0	0
1	1	UID1529509	1	1	0	0
1	1	UID1529516	1	1	0	0
1	1	UID1529524	1	1	0	0
1	1	UID1529526	1	1	0	0
1	1	UID1529531	1	1	0	0
1	1	UID1529533	1	1	0	0
1	1	UID1529539	1	1	0	0
3	3	UID1529549	1	3	2	2
1	1	UID1529551	1	1	0	0
1	1	UID1529556	1	1	0	0
1	1	UID1529557	1	1	0	0
1	1	UID1529570	1	1	0	0
1	1	UID1529571	1	1	0	0
1	1	UID1529572	1	1	0	0
1	1	UID1529573	1	1	0	0
1	1	UID1529574	1	1	0	0
1	1	UID1529575	1	1	0	0
1	1	UID1529578	1	1	0	0
1	1	UID1529582	1	1	0	0
1	1	UID1529583	1	1	0	0
1	1	UID1529584	1	1	0	0
1	1	UID1529585	1	1	0	0
1	1	UID1529587	1	1	0	0
1	1	UID1529589	1	1	0	0
1	1	UID1529591	1	1	0	0
1	1	UID1529593	1	1	0	0
1	1	UID1529604	1	1	0	0
1	1	UID1529610	1	1	0	0
1	1	UID1529612	1	1	0	0
1	1	UID1529639	1	1	0	0
1	1	UID1529642	1	1	0	0
1	1	UID1529644	1	1	0	0
1	1	UID1529646	1	1	0	0
1	1	UID1529648	1	1	0	0
1	1	UID1529649	1	1	0	0
1	1	UID1529651	1	1	0	0
1	1	UID1529652	1	1	0	0
1	1	UID1529653	1	1	0	0
1	1	UID1529658	1	1	0	0
1	1	UID1529659	1	1	0	0
1	1	UID1529660	1	1	0	0
1	1	UID1529661	1	1	0	0
1	1	UID1529662	1	1	0	0
1	1	UID1529663	1	1	0	0
1	1	UID1529664	1	1	0	0
1	1	UID1529666	1	1	0	0
1	1	UID1529671	1	1	0	0
1	1	UID1529673	1	1	0	0
1	1	UID1529675	1	1	0	0
1	1	UID1529677	1	1	0	0
1	1	UID1529682	1	1	0	0
1	1	UID1529686	1	1	0	0
1	1	UID1529687	1	1	0	0
1	1	UID1529688	1	1	0	0
1	1	UID1529693	1	1	0	0
1	1	UID1529695	1	1	0	0
1	1	UID1529697	1	1	0	0
1	1	UID1529699	1	1	0	0
1	1	UID1529701	1	1	0	0
1	1	UID1529705	1	1	0	0
1	1	UID1529706	1	1	0	0
1	1	UID1529712	1	1	0	0
1	1	UID1529716	1	1	0	0
1	1	UID1529720	1	1	0	0
1	1	UID1529728	1	1	0	0
1	1	UID1529729	1	1	0	0
1	1	UID1529732	1	1	0	0
1	1	UID1529733	1	1	0	0
1	1	UID1529734	1	1	0	0
1	1	UID1529735	1	1	0	0
1	1	UID1529736	1	1	0	0
1	1	UID1529740	1	1	0	0
1	1	UID1529742	1	1	0	0
1	1	UID1529744	1	1	0	0
1	1	UID1529745	1	1	0	0
1	1	UID1529746	1	1	0	0
1	1	UID1529750	1	1	0	0
1	1	UID1529751	1	1	0	0
1	1	UID1529753	1	1	0	0
1	1	UID1529754	1	1	0	0
1	1	UID1529758	1	1	0	0
1	1	UID1529759	1	1	0	0
1	1	UID1529772	1	1	0	0
1	1	UID1529773	1	1	0	0
1	1	UID1529775	1	1	0	0
1	1	UID1529776	1	1	0	0
1	1	UID1529777	1	1	0	0
1	1	UID1529778	1	1	0	0
1	1	UID1529779	1	1	0	0
1	1	UID1529780	1	1	0	0
1	1	UID1529781	1	1	0	0
1	1	UID1529789	1	1	0	0
1	1	UID1529791	1	1	0	0
1	1	UID1529792	1	1	0	0
1	1	UID1529793	1	1	0	0
1	1	UID1529794	1	1	0	0
1	1	UID1529801	1	1	0	0
1	1	UID1529805	1	1	0	0
1	1	UID1529806	1	1	0	0
1	1	UID1529810	1	1	0	0
1	1	UID1529812	1	1	0	0
1	1	UID1529819	1	1	0	0
1	1	UID1529821	1	1	0	0
1	1	UID1529825	1	1	0	0
1	1	UID1529828	1	1	0	0
1	1	UID1529832	1	1	0	0
1	1	UID1529835	1	1	0	0
1	1	UID1529841	1	1	0	0
1	1	UID1529843	1	1	0	0
1	1	UID1529844	1	1	0	0
1	1	UID1529845	1	1	0	0
1	1	UID1529846	1	1	0	0
1	1	UID1529847	1	1	0	0
1	1	UID1529849	1	1	0	0
1	1	UID1529858	1	1	0	0
1	1	UID1529868	1	1	0	0
1	1	UID1529878	1	1	0	0
1	1	UID1529879	1	1	0	0
1	1	UID1529883	1	1	0	0
1	1	UID1529887	1	1	0	0
1	1	UID1529888	1	1	0	0
1	1	UID1529889	1	1	0	0
1	1	UID1529890	1	1	0	0
1	1	UID1529891	1	1	0	0
1	1	UID1529896	1	1	0	0
1	1	UID1529899	1	1	0	0
1	1	UID1529900	1	1	0	0
1	1	UID1529902	1	1	0	0
1	1	UID1529903	1	1	0	0
1	1	UID1529906	1	1	0	0
1	1	UID1529908	1	1	0	0
1	1	UID1529912	1	1	0	0
1	1	UID1529913	1	1	0	0
1	1	UID1529914	1	1	0	0
1	1	UID1529917	1	1	0	0
1	1	UID1529925	1	1	0	0
1	1	UID1529931	1	1	0	0
1	1	UID1529935	1	1	0	0
1	1	UID1529936	1	1	0	0
1	1	UID1529937	1	1	0	0
1	1	UID1529940	1	1	0	0
1	1	UID1529943	1	1	0	0
1	1	UID1529947	1	1	0	0
1	1	UID1529949	1	1	0	0
1	1	UID1529954	1	1	0	0
1	1	UID1529959	1	1	0	0
1	1	UID1529960	1	1	0	0
1	1	UID1529966	1	1	0	0
1	1	UID1529968	1	1	0	0
1	1	UID1529971	1	1	0	0
1	1	UID1529973	1	1	0	0
1	1	UID1529974	1	1	0	0
1	1	UID1529975	1	1	0	0
1	1	UID1529978	1	1	0	0
1	1	UID1529980	1	1	0	0
1	1	UID1529986	1	1	0	0
1	1	UID1529996	1	1	0	0
1	1	UID1530001	1	1	0	0
1	1	UID1530002	1	1	0	0
1	1	UID1530003	1	1	0	0
1	1	UID1530004	1	1	0	0
1	1	UID1530005	1	1	0	0
1	1	UID1530009	1	1	0	0
1	1	UID1530011	1	1	0	0
1	1	UID1530012	1	1	0	0
1	1	UID1530015	1	1	0	0
1	1	UID1530017	1	1	0	0
1	1	UID1530018	1	1	0	0
1	1	UID1530019	1	1	0	0
1	1	UID1530022	1	1	0	0
1	1	UID1530036	1	1	0	0
1	1	UID1530037	1	1	0	0
1	1	UID1530038	1	1	0	0
1	1	UID1530047	1	1	0	0
1	1	UID1530050	1	1	0	0
1	1	UID1530054	1	1	0	0
1	1	UID1530055	1	1	0	0
1	1	UID1530056	1	1	0	0
1	1	UID1530058	1	1	0	0
1	1	UID1530063	1	1	0	0
1	1	UID1530064	1	1	0	0
1	1	UID1530065	1	1	0	0
1	1	UID1530074	1	1	0	0
1	1	UID1530077	1	1	0	0
1	1	UID1530079	1	1	0	0
1	1	UID1530095	1	1	0	0
1	1	UID1530099	1	1	0	0
1	1	UID1530100	1	1	0	0
1	1	UID1530104	1	1	0	0
1	1	UID1530107	1	1	0	0
1	1	UID1530108	1	1	0	0
1	1	UID1530109	1	1	0	0
1	1	UID1530113	1	1	0	0
1	1	UID1530114	1	1	0	0
1	1	UID1530116	1	1	0	0
1	1	UID1530122	1	1	0	0
1	1	UID1530123	1	1	0	0
1	1	UID1530125	1	1	0	0
1	1	UID1530126	1	1	0	0
1	1	UID1530128	1	1	0	0
1	1	UID1530129	1	1	0	0
1	1	UID1530132	1	1	0	0
1	1	UID1530137	1	1	0	0
1	1	UID1530140	1	1	0	0
1	1	UID1530150	1	1	0	0
1	1	UID1530151	1	1	0	0
1	1	UID1530153	1	1	0	0
1	1	UID1530157	1	1	0	0
1	1	UID1530159	1	1	0	0
1	1	UID1530161	1	1	0	0
1	1	UID1530168	1	1	0	0
1	1	UID1530179	1	1	0	0
1	1	UID1530188	1	1	0	0
1	1	UID1530191	1	1	0	0
1	1	UID1530197	1	1	0	0
1	1	UID1530198	1	1	0	0
1	1	UID1530201	1	1	0	0
1	1	UID1530204	1	1	0	0
1	1	UID1530210	1	1	0	0
1	1	UID1530213	1	1	0	0
1	1	UID1530216	1	1	0	0
1	1	UID1530217	1	1	0	0
2	2	UID1530228	1	2	1	1
1	1	UID1530230	1	1	0	0
1	1	UID1530233	1	1	0	0
1	1	UID1530235	1	1	0	0
1	1	UID1530236	1	1	0	0
1	1	UID1530237	1	1	0	0
1	1	UID1530240	1	1	0	0
1	1	UID1530243	1	1	0	0
1	1	UID1530249	1	1	0	0
1	1	UID1530254	1	1	0	0
1	1	UID1530255	1	1	0	0
1	1	UID1530256	1	1	0	0
1	1	UID1530257	1	1	0	0
1	1	UID1530261	1	1	0	0
1	1	UID1530262	1	1	0	0
1	1	UID1530263	1	1	0	0
1	1	UID1530273	1	1	0	0
1	1	UID1530280	1	1	0	0
1	1	UID1530284	1	1	0	0
1	1	UID1530286	1	1	0	0
1	1	UID1530288	1	1	0	0
1	1	UID1530289	1	1	0	0
1	1	UID1530294	1	1	0	0
1	1	UID1530295	1	1	0	0
1	1	UID1530297	1	1	0	0
1	1	UID1530298	1	1	0	0
1	1	UID1530301	1	1	0	0
1	1	UID1530308	1	1	0	0
1	1	UID1530310	1	1	0	0
1	1	UID1530311	1	1	0	0
1	1	UID1530312	1	1	0	0
1	1	UID1530314	1	1	0	0
1	1	UID1530315	1	1	0	0
1	1	UID1530317	1	1	0	0
1	1	UID1530326	1	1	0	0
1	1	UID1530336	1	1	0	0
1	1	UID1530337	1	1	0	0
1	1	UID1530339	1	1	0	0
1	1	UID1530345	1	1	0	0
1	1	UID1530348	1	1	0	0
1	1	UID1530350	1	1	0	0
1	1	UID1530353	1	1	0	0
1	1	UID1530356	1	1	0	0
1	1	UID1530369	1	1	0	0
1	1	UID1530370	1	1	0	0
1	1	UID1530378	1	1	0	0
1	1	UID1530379	1	1	0	0
1	1	UID1530388	1	1	0	0
1	1	UID1530393	1	1	0	0
1	1	UID1530394	1	1	0	0
1	1	UID1530395	1	1	0	0
1	1	UID1530397	1	1	0	0
1	1	UID1530400	1	1	0	0
1	1	UID1530406	1	1	0	0
1	1	UID1530411	1	1	0	0
1	1	UID1530414	1	1	0	0
1	1	UID1530418	1	1	0	0
1	1	UID1530419	1	1	0	0
1	1	UID1530423	1	1	0	0
1	1	UID1530425	1	1	0	0
1	1	UID1530427	1	1	0	0
1	1	UID1530429	1	1	0	0
1	1	UID1530433	1	1	0	0
1	1	UID1530434	1	1	0	0
1	1	UID1530438	1	1	0	0
1	1	UID1530439	1	1	0	0
1	1	UID1530444	1	1	0	0
1	1	UID1530446	1	1	0	0
1	1	UID1530447	1	1	0	0
1	1	UID1530455	1	1	0	0
1	1	UID1530459	1	1	0	0
1	1	UID1530465	1	1	0	0
1	1	UID1530467	1	1	0	0
1	1	UID1530471	1	1	0	0
1	1	UID1530472	1	1	0	0
1	1	UID1530474	1	1	0	0
1	1	UID1530477	1	1	0	0
1	1	UID1530480	1	1	0	0
1	1	UID1530481	1	1	0	0
1	1	UID1530483	1	1	0	0
1	1	UID1530484	1	1	0	0
1	1	UID1530485	1	1	0	0
1	1	UID1530486	1	1	0	0
1	1	UID1530487	1	1	0	0
1	1	UID1530489	1	1	0	0
1	1	UID1530490	1	1	0	0
1	1	UID1530499	1	1	0	0
1	1	UID1530500	1	1	0	0
1	1	UID1530501	1	1	0	0
1	1	UID1530503	1	1	0	0
1	1	UID1530514	1	1	0	0
1	1	UID1530520	1	1	0	0
1	1	UID1530521	1	1	0	0
1	1	UID1530522	1	1	0	0
1	1	UID1530523	1	1	0	0
1	1	UID1530524	1	1	0	0
1	1	UID1530530	1	1	0	0
1	1	UID1530532	1	1	0	0
1	1	UID1530536	1	1	0	0
1	1	UID1530538	1	1	0	0
1	1	UID1530543	1	1	0	0
1	1	UID1530548	1	1	0	0
1	1	UID1530550	1	1	0	0
1	1	UID1530554	1	1	0	0
1	1	UID1530555	1	1	0	0
1	1	UID1530556	1	1	0	0
1	1	UID1530557	1	1	0	0
1	1	UID1530558	1	1	0	0
1	1	UID1530560	1	1	0	0
1	1	UID1530567	1	1	0	0
1	1	UID1530571	1	1	0	0
1	1	UID1530572	1	1	0	0
1	1	UID1530573	1	1	0	0
1	1	UID1530574	1	1	0	0
1	1	UID1530576	1	1	0	0
1	1	UID1530578	1	1	0	0
1	1	UID1530579	1	1	0	0
1	1	UID1530584	1	1	0	0
1	1	UID1530587	1	1	0	0
1	1	UID1530590	1	1	0	0
1	1	UID1530591	1	1	0	0
1	1	UID1530592	1	1	0	0
1	1	UID1530593	1	1	0	0
1	1	UID1530594	1	1	0	0
1	1	UID1530595	1	1	0	0
1	1	UID1530596	1	1	0	0
1	1	UID1530603	1	1	0	0
1	1	UID1530605	1	1	0	0
1	1	UID1530607	1	1	0	0
1	1	UID1530608	1	1	0	0
1	1	UID1530609	1	1	0	0
1	1	UID1530610	1	1	0	0
1	1	UID1530611	1	1	0	0
1	1	UID1530612	1	1	0	0
1	1	UID1530613	1	1	0	0
1	1	UID1530619	1	1	0	0
1	1	UID1530624	1	1	0	0
1	1	UID1530625	1	1	0	0
1	1	UID1530626	1	1	0	0
1	1	UID1530628	1	1	0	0
1	1	UID1530629	1	1	0	0
1	1	UID1530630	1	1	0	0
1	1	UID1530631	1	1	0	0
1	1	UID1530632	1	1	0	0
1	1	UID1530635	1	1	0	0
1	1	UID1530637	1	1	0	0
1	1	UID1530639	1	1	0	0
1	1	UID1530641	1	1	0	0
1	1	UID1530647	1	1	0	0
1	1	UID1530651	1	1	0	0
1	1	UID1530653	1	1	0	0
1	1	UID1530654	1	1	0	0
1	1	UID1530655	1	1	0	0
1	1	UID1530660	1	1	0	0
1	1	UID1530663	1	1	0	0
1	1	UID1530664	1	1	0	0
1	1	UID1530666	1	1	0	0
1	1	UID1530667	1	1	0	0
1	1	UID1530674	1	1	0	0
1	1	UID1530678	1	1	0	0
1	1	UID1530687	1	1	0	0
1	1	UID1530690	1	1	0	0
1	1	UID1530691	1	1	0	0
1	1	UID1530692	1	1	0	0
1	1	UID1530697	1	1	0	0
1	1	UID1530700	1	1	0	0
1	1	UID1530703	1	1	0	0
1	1	UID1530705	1	1	0	0
1	1	UID1530706	1	1	0	0
1	1	UID1530707	1	1	0	0
1	1	UID1530708	1	1	0	0
1	1	UID1530709	1	1	0	0
1	1	UID1530715	1	1	0	0
1	1	UID1530716	1	1	0	0
1	1	UID1530717	1	1	0	0
1	1	UID1530718	1	1	0	0
1	1	UID1530719	1	1	0	0
1	1	UID1530720	1	1	0	0
1	1	UID1530721	1	1	0	0
1	1	UID1530726	1	1	0	0
1	1	UID1530728	1	1	0	0
1	1	UID1530731	1	1	0	0
2	2	UID1530733	1	2	1	1
1	1	UID1530735	1	1	0	0
1	1	UID1530739	1	1	0	0
1	1	UID1530740	1	1	0	0
1	1	UID1530742	1	1	0	0
1	1	UID1530743	1	1	0	0
1	1	UID1530744	1	1	0	0
1	1	UID1530746	1	1	0	0
1	1	UID1530749	1	1	0	0
1	1	UID1530752	1	1	0	0
1	1	UID1530755	1	1	0	0
1	1	UID1530757	1	1	0	0
1	1	UID1530762	1	1	0	0
1	1	UID1530763	1	1	0	0
1	1	UID1530764	1	1	0	0
1	1	UID1530768	1	1	0	0
1	1	UID1530769	1	1	0	0
1	1	UID1530770	1	1	0	0
1	1	UID1530773	1	1	0	0
1	1	UID1530775	1	1	0	0
1	1	UID1530785	1	1	0	0
1	1	UID1530789	1	1	0	0
1	1	UID1530790	1	1	0	0
1	1	UID1530791	1	1	0	0
1	1	UID1530794	1	1	0	0
1	1	UID1530798	1	1	0	0
1	1	UID1530799	1	1	0	0
1	1	UID1530802	1	1	0	0
1	1	UID1530804	1	1	0	0
1	1	UID1530806	1	1	0	0
1	1	UID1530807	1	1	0	0
1	1	UID1530808	1	1	0	0
1	1	UID1530811	1	1	0	0
1	1	UID1530812	1	1	0	0
1	1	UID1530816	1	1	0	0
1	1	UID1530821	1	1	0	0
1	1	UID1530822	1	1	0	0
1	1	UID1530824	1	1	0	0
1	1	UID1530825	1	1	0	0
1	1	UID1530826	1	1	0	0
1	1	UID1530831	1	1	0	0
1	1	UID1530832	1	1	0	0
1	1	UID1530833	1	1	0	0
1	1	UID1530834	1	1	0	0
1	1	UID1530836	1	1	0	0
1	1	UID1530837	1	1	0	0
1	1	UID1530838	1	1	0	0
1	1	UID1530840	1	1	0	0
1	1	UID1530841	1	1	0	0
1	1	UID1530842	1	1	0	0
1	1	UID1530843	1	1	0	0
1	1	UID1530845	1	1	0	0
1	1	UID1530846	1	1	0	0
1	1	UID1530854	1	1	0	0
1	1	UID1530857	1	1	0	0
1	1	UID1530858	1	1	0	0
1	1	UID1530859	1	1	0	0
1	1	UID1530861	1	1	0	0
1	1	UID1530863	1	1	0	0
1	1	UID1530864	1	1	0	0
1	1	UID1530866	1	1	0	0
1	1	UID1530867	1	1	0	0
1	1	UID1530868	1	1	0	0
1	1	UID1530869	1	1	0	0
1	1	UID1530870	1	1	0	0
1	1	UID1530871	1	1	0	0
1	1	UID1530873	1	1	0	0
1	1	UID1530874	1	1	0	0
1	1	UID1530875	1	1	0	0
1	1	UID1530876	1	1	0	0
1	1	UID1530877	1	1	0	0
1	1	UID1530878	1	1	0	0
1	1	UID1530879	1	1	0	0
1	1	UID1530882	1	1	0	0
1	1	UID1530884	1	1	0	0
1	1	UID1530895	1	1	0	0
1	1	UID1530897	1	1	0	0
1	1	UID1530901	1	1	0	0
1	1	UID1530902	1	1	0	0
1	1	UID1530905	1	1	0	0
1	1	UID1530906	1	1	0	0
1	1	UID1530907	1	1	0	0
1	1	UID1530908	1	1	0	0
1	1	UID1530909	1	1	0	0
1	1	UID1530916	1	1	0	0
1	1	UID1530917	1	1	0	0
1	1	UID1530918	1	1	0	0
1	1	UID1530919	1	1	0	0
1	1	UID1530922	1	1	0	0
1	1	UID1530924	1	1	0	0
1	1	UID1530925	1	1	0	0
1	1	UID1530928	1	1	0	0
1	1	UID1530929	1	1	0	0
1	1	UID1530932	1	1	0	0
1	1	UID1530934	1	1	0	0
1	1	UID1530938	1	1	0	0
1	1	UID1530946	1	1	0	0
1	1	UID1530952	1	1	0	0
1	1	UID1530953	1	1	0	0
1	1	UID1530983	1	1	0	0
1	1	UID1531038	1	1	0	0
1	1	UID1531059	1	1	0	0
1	1	UID1531136	1	1	0	0
1	1	UID1531160	1	1	0	0
1	1	UID1531210	1	1	0	0
1	1	UID1531211	1	1	0	0
1	1	UID1531212	1	1	0	0
1	1	UID1531216	1	1	0	0
1	1	UID1531226	1	1	0	0
1	1	UID1531229	1	1	0	0
1	1	UID1531239	1	1	0	0
1	1	UID1531241	1	1	0	0
1	1	UID1531253	1	1	0	0
1	1	UID1531257	1	1	0	0
1	1	UID1531258	1	1	0	0
1	1	UID1531264	1	1	0	0
1	1	UID1531267	1	1	0	0
1	1	UID1531279	1	1	0	0
1	1	UID1531286	1	1	0	0
1	1	UID1531288	1	1	0	0
1	1	UID1531289	1	1	0	0
1	1	UID1531298	1	1	0	0
1	1	UID1531299	1	1	0	0
1	1	UID1531304	1	1	0	0
1	1	UID1531308	1	1	0	0
1	1	UID1531312	1	1	0	0
1	1	UID1531313	1	1	0	0
1	1	UID1531315	1	1	0	0
1	1	UID1531320	1	1	0	0
1	1	UID1531325	1	1	0	0
1	1	UID1531331	1	1	0	0
1	1	UID1531332	1	1	0	0
1	1	UID1531334	1	1	0	0
1	1	UID1531335	1	1	0	0
1	1	UID1531336	1	1	0	0
1	1	UID1531338	1	1	0	0
1	1	UID1531339	1	1	0	0
1	1	UID1531340	1	1	0	0
1	1	UID1531341	1	1	0	0
1	1	UID1531347	1	1	0	0
1	1	UID1531348	1	1	0	0
1	1	UID1531352	1	1	0	0
1	1	UID1531353	1	1	0	0
1	1	UID1531355	1	1	0	0
1	1	UID1531358	1	1	0	0
1	1	UID1531359	1	1	0	0
1	1	UID1531364	1	1	0	0
1	1	UID1531371	1	1	0	0
1	1	UID1531374	1	1	0	0
1	1	UID1531376	1	1	0	0
1	1	UID1531378	1	1	0	0
1	1	UID1531379	1	1	0	0
1	1	UID1531380	1	1	0	0
1	1	UID1531381	1	1	0	0
1	1	UID1531382	1	1	0	0
1	1	UID1531383	1	1	0	0
1	1	UID1531384	1	1	0	0
1	1	UID1531389	1	1	0	0
1	1	UID1531392	1	1	0	0
1	1	UID1531393	1	1	0	0
1	1	UID1531394	1	1	0	0
1	1	UID1531395	1	1	0	0
1	1	UID1531396	1	1	0	0
1	1	UID1531399	1	1	0	0
1	1	UID1531401	1	1	0	0
1	1	UID1531405	1	1	0	0
1	1	UID1531407	1	1	0	0
1	1	UID1531409	1	1	0	0
1	1	UID1531410	1	1	0	0
1	1	UID1531411	1	1	0	0
1	1	UID1531415	1	1	0	0
1	1	UID1531416	1	1	0	0
1	1	UID1531418	1	1	0	0
1	1	UID1531421	1	1	0	0
1	1	UID1531422	1	1	0	0
1	1	UID1531423	1	1	0	0
1	1	UID1531427	1	1	0	0
1	1	UID1531428	1	1	0	0
1	1	UID1531429	1	1	0	0
1	1	UID1531430	1	1	0	0
1	1	UID1531432	1	1	0	0
1	1	UID1531434	1	1	0	0
1	1	UID1531435	1	1	0	0
1	1	UID1531436	1	1	0	0
1	1	UID1531438	1	1	0	0
1	1	UID1531439	1	1	0	0
1	1	UID1531440	1	1	0	0
1	1	UID1531441	1	1	0	0
1	1	UID1531442	1	1	0	0
1	1	UID1531443	1	1	0	0
1	1	UID1531445	1	1	0	0
1	1	UID1531449	1	1	0	0
1	1	UID1531450	1	1	0	0
1	1	UID1531451	1	1	0	0
1	1	UID1531452	1	1	0	0
1	1	UID1531453	1	1	0	0
1	1	UID1531454	1	1	0	0
1	1	UID1531455	1	1	0	0
1	1	UID1531456	1	1	0	0
1	1	UID1531459	1	1	0	0
1	1	UID1531460	1	1	0	0
1	1	UID1531463	1	1	0	0
1	1	UID1531466	1	1	0	0
4	4	UID1531469	1	4	2	2
1	1	UID1531472	1	1	0	0
1	1	UID1531475	1	1	0	0
1	1	UID1531477	1	1	0	0
1	1	UID1531478	1	1	0	0
1	1	UID1531479	1	1	0	0
1	1	UID1531483	1	1	0	0
1	1	UID1531484	1	1	0	0
1	1	UID1531485	1	1	0	0
1	1	UID1531489	1	1	0	0
1	1	UID1531492	1	1	0	0
1	1	UID1531494	1	1	0	0
1	1	UID1531507	1	1	0	0
1	1	UID1531508	1	1	0	0
1	1	UID1531512	1	1	0	0
1	1	UID1531516	1	1	0	0
1	1	UID1531517	1	1	0	0
1	1	UID1531518	1	1	0	0
1	1	UID1531519	1	1	0	0
1	1	UID1531525	1	1	0	0
1	1	UID1531527	1	1	0	0
1	1	UID1531528	1	1	0	0
1	1	UID1531529	1	1	0	0
1	1	UID1531533	1	1	0	0
1	1	UID1531537	1	1	0	0
1	1	UID1531538	1	1	0	0
1	1	UID1531539	1	1	0	0
1	1	UID1531540	1	1	0	0
1	1	UID1531542	1	1	0	0
1	1	UID1531544	1	1	0	0
1	1	UID1531549	1	1	0	0
1	1	UID1531552	1	1	0	0
1	1	UID1531555	1	1	0	0
1	1	UID1531557	1	1	0	0
1	1	UID1531566	1	1	0	0
1	1	UID1531568	1	1	0	0
1	1	UID1531569	1	1	0	0
1	1	UID1531570	1	1	0	0
1	1	UID1531577	1	1	0	0
1	1	UID1531580	1	1	0	0
1	1	UID1531583	1	1	0	0
1	1	UID1531584	1	1	0	0
1	1	UID1531585	1	1	0	0
1	1	UID1531586	1	1	0	0
1	1	UID1531593	1	1	0	0
1	1	UID1531595	1	1	0	0
1	1	UID1531596	1	1	0	0
1	1	UID1531597	1	1	0	0
1	1	UID1531603	1	1	0	0
1	1	UID1531611	1	1	0	0
1	1	UID1531613	1	1	0	0
1	1	UID1531616	1	1	0	0
1	1	UID1531628	1	1	0	0
1	1	UID1531630	1	1	0	0
1	1	UID1531632	1	1	0	0
1	1	UID1531634	1	1	0	0
1	1	UID1531643	1	1	0	0
1	1	UID1531645	1	1	0	0
1	1	UID1531646	1	1	0	0
1	1	UID1531647	1	1	0	0
1	1	UID1531653	1	1	0	0
1	1	UID1531659	1	1	0	0
1	1	UID1531666	1	1	0	0
1	1	UID1531670	1	1	0	0
1	1	UID1531672	1	1	0	0
1	1	UID1531677	1	1	0	0
1	1	UID1531682	1	1	0	0
1	1	UID1531685	1	1	0	0
1	1	UID1531692	1	1	0	0
1	1	UID1531693	1	1	0	0
1	1	UID1531702	1	1	0	0
1	1	UID1531710	1	1	0	0
1	1	UID1531714	1	1	0	0
1	1	UID1531716	1	1	0	0
1	1	UID1531725	1	1	0	0
1	1	UID1531727	1	1	0	0
1	1	UID1531728	1	1	0	0
1	1	UID1531736	1	1	0	0
1	1	UID1531739	1	1	0	0
1	1	UID1531741	1	1	0	0
1	1	UID1531749	1	1	0	0
1	1	UID1531750	1	1	0	0
1	1	UID1531751	1	1	0	0
1	1	UID1531755	1	1	0	0
1	1	UID1531758	1	1	0	0
1	1	UID1531759	1	1	0	0
1	1	UID1531765	1	1	0	0
1	1	UID1531771	1	1	0	0
1	1	UID1531772	1	1	0	0
1	1	UID1531776	1	1	0	0
1	1	UID1531777	1	1	0	0
1	1	UID1531778	1	1	0	0
1	1	UID1531780	1	1	0	0
1	1	UID1531781	1	1	0	0
1	1	UID1531787	1	1	0	0
1	1	UID1531788	1	1	0	0
1	1	UID1531791	1	1	0	0
1	1	UID1531792	1	1	0	0
1	1	UID1531795	1	1	0	0
1	1	UID1531800	1	1	0	0
1	1	UID1531801	1	1	0	0
1	1	UID1531807	1	1	0	0
1	1	UID1531812	1	1	0	0
1	1	UID1531816	1	1	0	0
1	1	UID1531825	1	1	0	0
1	1	UID1531833	1	1	0	0
1	1	UID1531834	1	1	0	0
1	1	UID1531835	1	1	0	0
1	1	UID1531847	1	1	0	0
1	1	UID1531850	1	1	0	0
1	1	UID1531852	1	1	0	0
1	1	UID1531861	1	1	0	0
1	1	UID1531863	1	1	0	0
1	1	UID1531865	1	1	0	0
1	1	UID1531873	1	1	0	0
1	1	UID1531875	1	1	0	0
1	1	UID1531878	1	1	0	0
1	1	UID1531881	1	1	0	0
1	1	UID1531882	1	1	0	0
1	1	UID1531883	1	1	0	0
1	1	UID1531885	1	1	0	0
1	1	UID1531886	1	1	0	0
1	1	UID1531887	1	1	0	0
1	1	UID1531893	1	1	0	0
1	1	UID1531895	1	1	0	0
1	1	UID1531897	1	1	0	0
1	1	UID1531902	1	1	0	0
1	1	UID1531910	1	1	0	0
1	1	UID1531917	1	1	0	0
1	1	UID1531924	1	1	0	0
1	1	UID1531927	1	1	0	0
1	1	UID1531929	1	1	0	0
1	1	UID1531931	1	1	0	0
1	1	UID1531932	1	1	0	0
1	1	UID1531934	1	1	0	0
1	1	UID1531935	1	1	0	0
1	1	UID1531937	1	1	0	0
1	1	UID1531939	1	1	0	0
1	1	UID1531941	1	1	0	0
1	1	UID1531943	1	1	0	0
1	1	UID1531944	1	1	0	0
1	1	UID1531945	1	1	0	0
1	1	UID1531946	1	1	0	0
1	1	UID1531949	1	1	0	0
1	1	UID1531950	1	1	0	0
1	1	UID1531953	1	1	0	0
1	1	UID1531967	1	1	0	0
1	1	UID1531968	1	1	0	0
1	1	UID1531969	1	1	0	0
1	1	UID1531970	1	1	0	0
1	1	UID1531976	1	1	0	0
1	1	UID1531984	1	1	0	0
1	1	UID1531990	1	1	0	0
1	1	UID1531998	1	1	0	0
1	1	UID1531999	1	1	0	0
1	1	UID1532001	1	1	0	0
1	1	UID1532002	1	1	0	0
1	1	UID1532011	1	1	0	0
1	1	UID1532013	1	1	0	0
1	1	UID1532014	1	1	0	0
1	1	UID1532016	1	1	0	0
1	1	UID1532019	1	1	0	0
1	1	UID1532022	1	1	0	0
1	1	UID1532023	1	1	0	0
1	1	UID1532024	1	1	0	0
1	1	UID1532031	1	1	0	0
1	1	UID1532032	1	1	0	0
1	1	UID1532047	1	1	0	0
1	1	UID1532050	1	1	0	0
1	1	UID1532055	1	1	0	0
1	1	UID1532060	1	1	0	0
1	1	UID1532061	1	1	0	0
1	1	UID1532062	1	1	0	0
1	1	UID1532063	1	1	0	0
1	1	UID1532067	1	1	0	0
1	1	UID1532090	1	1	0	0
1	1	UID1532092	1	1	0	0
1	1	UID1532097	1	1	0	0
1	1	UID1532098	1	1	0	0
1	1	UID1532101	1	1	0	0
1	1	UID1532104	1	1	0	0
1	1	UID1532105	1	1	0	0
1	1	UID1532113	1	1	0	0
1	1	UID1532115	1	1	0	0
1	1	UID1532120	1	1	0	0
1	1	UID1532121	1	1	0	0
1	1	UID1532132	1	1	0	0
1	1	UID1532133	1	1	0	0
1	1	UID1532134	1	1	0	0
1	1	UID1532135	1	1	0	0
1	1	UID1532138	1	1	0	0
1	1	UID1532142	1	1	0	0
1	1	UID1532147	1	1	0	0
1	1	UID1532148	1	1	0	0
1	1	UID1532150	1	1	0	0
1	1	UID1532151	1	1	0	0
1	1	UID1532152	1	1	0	0
1	1	UID1532156	1	1	0	0
1	1	UID1532159	1	1	0	0
1	1	UID1532162	1	1	0	0
1	1	UID1532167	1	1	0	0
1	1	UID1532170	1	1	0	0
1	1	UID1532177	1	1	0	0
1	1	UID1532181	1	1	0	0
1	1	UID1532182	1	1	0	0
1	1	UID1532183	1	1	0	0
1	1	UID1532184	1	1	0	0
1	1	UID1532187	1	1	0	0
1	1	UID1532188	1	1	0	0
1	1	UID1532189	1	1	0	0
1	1	UID1532192	1	1	0	0
1	1	UID1532193	1	1	0	0
1	1	UID1532194	1	1	0	0
1	1	UID1532195	1	1	0	0
1	1	UID1532206	1	1	0	0
1	1	UID1532209	1	1	0	0
1	1	UID1532216	1	1	0	0
1	1	UID1532217	1	1	0	0
1	1	UID1532218	1	1	0	0
1	1	UID1532224	1	1	0	0
1	1	UID1532225	1	1	0	0
1	1	UID1532227	1	1	0	0
1	1	UID1532230	1	1	0	0
1	1	UID1532231	1	1	0	0
1	1	UID1532233	1	1	0	0
1	1	UID1532235	1	1	0	0
1	1	UID1532236	1	1	0	0
1	1	UID1532238	1	1	0	0
1	1	UID1532239	1	1	0	0
1	1	UID1532241	1	1	0	0
1	1	UID1532242	1	1	0	0
1	1	UID1532243	1	1	0	0
1	1	UID1532245	1	1	0	0
1	1	UID1532246	1	1	0	0
1	1	UID1532247	1	1	0	0
1	1	UID1532248	1	1	0	0
1	1	UID1532252	1	1	0	0
1	1	UID1532262	1	1	0	0
1	1	UID1532263	1	1	0	0
1	1	UID1532267	1	1	0	0
1	1	UID1532268	1	1	0	0
1	1	UID1532273	1	1	0	0
1	1	UID1532274	1	1	0	0
1	1	UID1532276	1	1	0	0
1	1	UID1532280	1	1	0	0
1	1	UID1532283	1	1	0	0
1	1	UID1532285	1	1	0	0
1	1	UID1532287	1	1	0	0
1	1	UID1532289	1	1	0	0
1	1	UID1532290	1	1	0	0
1	1	UID1532294	1	1	0	0
1	1	UID1532298	1	1	0	0
1	1	UID1532299	1	1	0	0
1	1	UID1532300	1	1	0	0
1	1	UID1532307	1	1	0	0
1	1	UID1532308	1	1	0	0
1	1	UID1532320	1	1	0	0
1	1	UID1532323	1	1	0	0
1	1	UID1532326	1	1	0	0
1	1	UID1532330	1	1	0	0
1	1	UID1532332	1	1	0	0
1	1	UID1532334	1	1	0	0
1	1	UID1532337	1	1	0	0
1	1	UID1532346	1	1	0	0
1	1	UID1532350	1	1	0	0
1	1	UID1532353	1	1	0	0
1	1	UID1532359	1	1	0	0
1	1	UID1532366	1	1	0	0
1	1	UID1532368	1	1	0	0
1	1	UID1532369	1	1	0	0
1	1	UID1532373	1	1	0	0
1	1	UID1532375	1	1	0	0
1	1	UID1532377	1	1	0	0
1	1	UID1532381	1	1	0	0
1	1	UID1532384	1	1	0	0
1	1	UID1532388	1	1	0	0
1	1	UID1532391	1	1	0	0
1	1	UID1532394	1	1	0	0
1	1	UID1532395	1	1	0	0
1	1	UID1532396	1	1	0	0
1	1	UID1532397	1	1	0	0
1	1	UID1532398	1	1	0	0
1	1	UID1532405	1	1	0	0
1	1	UID1532407	1	1	0	0
1	1	UID1532408	1	1	0	0
1	1	UID1532412	1	1	0	0
1	1	UID1532413	1	1	0	0
1	1	UID1532415	1	1	0	0
1	1	UID1532422	1	1	0	0
1	1	UID1532424	1	1	0	0
1	1	UID1532426	1	1	0	0
1	1	UID1532445	1	1	0	0
1	1	UID1532452	1	1	0	0
1	1	UID1532453	1	1	0	0
1	1	UID1532456	1	1	0	0
1	1	UID1532457	1	1	0	0
1	1	UID1532461	1	1	0	0
1	1	UID1532465	1	1	0	0
1	1	UID1532489	1	1	0	0
1	1	UID1532496	1	1	0	0
1	1	UID1532500	1	1	0	0
1	1	UID1532511	1	1	0	0
1	1	UID1532520	1	1	0	0
1	1	UID1532521	1	1	0	0
1	1	UID1532540	1	1	0	0
1	1	UID1532545	1	1	0	0
1	1	UID1532560	1	1	0	0
1	1	UID1532561	1	1	0	0
1	1	UID1532562	1	1	0	0
1	1	UID1532563	1	1	0	0
1	1	UID1532564	1	1	0	0
1	1	UID1532565	1	1	0	0
1	1	UID1532574	1	1	0	0
1	1	UID1532586	1	1	0	0
1	1	UID1532588	1	1	0	0
1	1	UID1532592	1	1	0	0
1	1	UID1532595	1	1	0	0
1	1	UID1532596	1	1	0	0
1	1	UID1532598	1	1	0	0
1	1	UID1532625	1	1	0	0
1	1	UID1532626	1	1	0	0
1	1	UID1532628	1	1	0	0
1	1	UID1532630	1	1	0	0
1	1	UID1532632	1	1	0	0
1	1	UID1532633	1	1	0	0
1	1	UID1532641	1	1	0	0
1	1	UID1532645	1	1	0	0
1	1	UID1532656	1	1	0	0
1	1	UID1532657	1	1	0	0
1	1	UID1532668	1	1	0	0
1	1	UID1532669	1	1	0	0
1	1	UID1532677	1	1	0	0
1	1	UID1532678	1	1	0	0
1	1	UID1532683	1	1	0	0
1	1	UID1532684	1	1	0	0
1	1	UID1532687	1	1	0	0
1	1	UID1532690	1	1	0	0
2	2	UID1532695	1	2	1	1
1	1	UID1532704	1	1	0	0
1	1	UID1532713	1	1	0	0
1	1	UID1532714	1	1	0	0
1	1	UID1532715	1	1	0	0
1	1	UID1532720	1	1	0	0
1	1	UID1532721	1	1	0	0
1	1	UID1532722	1	1	0	0
1	1	UID1532739	1	1	0	0
1	1	UID1532740	1	1	0	0
1	1	UID1532741	1	1	0	0
1	1	UID1532784	1	1	0	0
1	1	UID1532789	1	1	0	0
1	1	UID1532798	1	1	0	0
1	1	UID1532799	1	1	0	0
1	1	UID1532802	1	1	0	0
1	1	UID1532806	1	1	0	0
1	1	UID1532813	1	1	0	0
1	1	UID1532818	1	1	0	0
1	1	UID1532819	1	1	0	0
1	1	UID1532820	1	1	0	0
1	1	UID1532821	1	1	0	0
1	1	UID1532825	1	1	0	0
1	1	UID1532826	1	1	0	0
1	1	UID1532843	1	1	0	0
1	1	UID1532846	1	1	0	0
1	1	UID1532849	1	1	0	0
1	1	UID1532870	1	1	0	0
1	1	UID1532877	1	1	0	0
1	1	UID1532888	1	1	0	0
1	1	UID1532889	1	1	0	0
1	1	UID1532891	1	1	0	0
1	1	UID1532903	1	1	0	0
1	1	UID1532908	1	1	0	0
1	1	UID1532924	1	1	0	0
1	1	UID1532925	1	1	0	0
1	1	UID1532926	1	1	0	0
1	1	UID1532927	1	1	0	0
1	1	UID1532928	1	1	0	0
1	1	UID1532930	1	1	0	0
1	1	UID1532933	1	1	0	0
1	1	UID1532938	1	1	0	0
1	1	UID1532945	1	1	0	0
1	1	UID1532952	1	1	0	0
1	1	UID1532955	1	1	0	0
1	1	UID1532965	1	1	0	0
1	1	UID1532974	1	1	0	0
1	1	UID1532975	1	1	0	0
1	1	UID1532977	1	1	0	0
1	1	UID1532978	1	1	0	0
1	1	UID1532982	1	1	0	0
1	1	UID1532983	1	1	0	0
1	1	UID1532988	1	1	0	0
1	1	UID1532989	1	1	0	0
1	1	UID1533016	1	1	0	0
1	1	UID1533023	1	1	0	0
1	1	UID1533025	1	1	0	0
1	1	UID1533031	1	1	0	0
1	1	UID1533032	1	1	0	0
1	1	UID1533033	1	1	0	0
1	1	UID1533035	1	1	0	0
1	1	UID1533037	1	1	0	0
1	1	UID1533041	1	1	0	0
1	1	UID1533045	1	1	0	0
1	1	UID1533046	1	1	0	0
1	1	UID1533052	1	1	0	0
1	1	UID1533056	1	1	0	0
1	1	UID1533057	1	1	0	0
1	1	UID1533058	1	1	0	0
1	1	UID1533063	1	1	0	0
1	1	UID1533064	1	1	0	0
1	1	UID1533066	1	1	0	0
1	1	UID1533068	1	1	0	0
1	1	UID1533069	1	1	0	0
1	1	UID1533070	1	1	0	0
1	1	UID1533077	1	1	0	0
1	1	UID1533079	1	1	0	0
1	1	UID1533080	1	1	0	0
1	1	UID1533095	1	1	0	0
1	1	UID1533096	1	1	0	0
1	1	UID1533097	1	1	0	0
1	1	UID1533099	1	1	0	0
1	1	UID1533101	1	1	0	0
1	1	UID1533106	1	1	0	0
1	1	UID1533109	1	1	0	0
1	1	UID1533112	1	1	0	0
1	1	UID1533114	1	1	0	0
1	1	UID1533115	1	1	0	0
1	1	UID1533118	1	1	0	0
1	1	UID1533128	1	1	0	0
1	1	UID1533133	1	1	0	0
1	1	UID1533140	1	1	0	0
1	1	UID1533141	1	1	0	0
1	1	UID1533145	1	1	0	0
1	1	UID1533153	1	1	0	0
1	1	UID1533156	1	1	0	0
1	1	UID1533157	1	1	0	0
1	1	UID1533158	1	1	0	0
1	1	UID1533161	1	1	0	0
1	1	UID1533162	1	1	0	0
1	1	UID1533163	1	1	0	0
1	1	UID1533165	1	1	0	0
1	1	UID1533172	1	1	0	0
1	1	UID1533173	1	1	0	0
1	1	UID1533174	1	1	0	0
1	1	UID1533176	1	1	0	0
1	1	UID1533178	1	1	0	0
1	1	UID1533179	1	1	0	0
1	1	UID1533180	1	1	0	0
1	1	UID1533182	1	1	0	0
1	1	UID1533191	1	1	0	0
1	1	UID1533194	1	1	0	0
1	1	UID1533197	1	1	0	0
1	1	UID1533201	1	1	0	0
1	1	UID1533226	1	1	0	0
1	1	UID1533228	1	1	0	0
1	1	UID1533229	1	1	0	0
1	1	UID1533233	1	1	0	0
1	1	UID1533234	1	1	0	0
1	1	UID1533240	1	1	0	0
1	1	UID1533246	1	1	0	0
1	1	UID1533247	1	1	0	0
1	1	UID1533250	1	1	0	0
1	1	UID1533252	1	1	0	0
1	1	UID1533253	1	1	0	0
1	1	UID1533260	1	1	0	0
1	1	UID1533263	1	1	0	0
1	1	UID1533266	1	1	0	0
1	1	UID1533269	1	1	0	0
1	1	UID1533276	1	1	0	0
1	1	UID1533280	1	1	0	0
1	1	UID1533281	1	1	0	0
1	1	UID1533283	1	1	0	0
1	1	UID1533287	1	1	0	0
1	1	UID1533288	1	1	0	0
1	1	UID1533293	1	1	0	0
1	1	UID1533295	1	1	0	0
1	1	UID1533300	1	1	0	0
1	1	UID1533305	1	1	0	0
1	1	UID1533317	1	1	0	0
1	1	UID1533319	1	1	0	0
1	1	UID1533321	1	1	0	0
1	1	UID1533341	1	1	0	0
1	1	UID1533346	1	1	0	0
1	1	UID1533347	1	1	0	0
1	1	UID1533348	1	1	0	0
1	1	UID1533349	1	1	0	0
1	1	UID1533350	1	1	0	0
1	1	UID1533351	1	1	0	0
1	1	UID1533352	1	1	0	0
1	1	UID1533355	1	1	0	0
1	1	UID1533356	1	1	0	0
1	1	UID1533357	1	1	0	0
1	1	UID1533361	1	1	0	0
1	1	UID1533363	1	1	0	0
1	1	UID1533365	1	1	0	0
2	2	UID1533369	1	2	1	1
1	1	UID1533370	1	1	0	0
1	1	UID1533379	1	1	0	0
1	1	UID1533380	1	1	0	0
1	1	UID1533381	1	1	0	0
1	1	UID1533386	1	1	0	0
1	1	UID1533388	1	1	0	0
1	1	UID1533394	1	1	0	0
1	1	UID1533395	1	1	0	0
1	1	UID1533398	1	1	0	0
1	1	UID1533399	1	1	0	0
1	1	UID1533401	1	1	0	0
1	1	UID1533402	1	1	0	0
1	1	UID1533403	1	1	0	0
1	1	UID1533404	1	1	0	0
1	1	UID1533405	1	1	0	0
1	1	UID1533411	1	1	0	0
1	1	UID1533417	1	1	0	0
1	1	UID1533421	1	1	0	0
1	1	UID1533422	1	1	0	0
1	1	UID1533424	1	1	0	0
1	1	UID1533425	1	1	0	0
1	1	UID1533426	1	1	0	0
1	1	UID1533427	1	1	0	0
1	1	UID1533428	1	1	0	0
1	1	UID1533430	1	1	0	0
1	1	UID1533432	1	1	0	0
1	1	UID1533435	1	1	0	0
1	1	UID1533436	1	1	0	0
1	1	UID1533441	1	1	0	0
1	1	UID1533442	1	1	0	0
1	1	UID1533446	1	1	0	0
1	1	UID1533454	1	1	0	0
1	1	UID1533456	1	1	0	0
1	1	UID1533461	1	1	0	0
1	1	UID1533462	1	1	0	0
1	1	UID1533463	1	1	0	0
1	1	UID1533467	1	1	0	0
1	1	UID1533474	1	1	0	0
1	1	UID1533475	1	1	0	0
1	1	UID1533476	1	1	0	0
1	1	UID1533480	1	1	0	0
1	1	UID1533491	1	1	0	0
1	1	UID1533498	1	1	0	0
6	6	UID1533502	1	6	3	3
1	1	UID1533503	1	1	0	0
1	1	UID1533504	1	1	0	0
1	1	UID1533507	1	1	0	0
1	1	UID1533509	1	1	0	0
1	1	UID1533513	1	1	0	0
1	1	UID1533514	1	1	0	0
1	1	UID1533523	1	1	0	0
1	1	UID1533527	1	1	0	0
1	1	UID1533532	1	1	0	0
1	1	UID1533535	1	1	0	0
1	1	UID1533544	1	1	0	0
1	1	UID1533552	1	1	0	0
1	1	UID1533555	1	1	0	0
1	1	UID1533556	1	1	0	0
1	1	UID1533562	1	1	0	0
1	1	UID1533563	1	1	0	0
1	1	UID1533566	1	1	0	0
1	1	UID1533568	1	1	0	0
1	1	UID1533572	1	1	0	0
1	1	UID1533575	1	1	0	0
1	1	UID1533579	1	1	0	0
1	1	UID1533580	1	1	0	0
1	1	UID1533589	1	1	0	0
1	1	UID1533590	1	1	0	0
1	1	UID1533594	1	1	0	0
1	1	UID1533595	1	1	0	0
1	1	UID1533597	1	1	0	0
1	1	UID1533601	1	1	0	0
1	1	UID1533602	1	1	0	0
1	1	UID1533605	1	1	0	0
1	1	UID1533622	1	1	0	0
1	1	UID1533629	1	1	0	0
1	1	UID1533708	1	1	0	0
1	1	UID1533728	1	1	0	0
1	1	UID1533731	1	1	0	0
3	3	UID1533733	1	3	1	1
1	1	UID1533741	1	1	0	0
1	1	UID1533747	1	1	0	0
1	1	UID1533759	1	1	0	0
1	1	UID1533760	1	1	0	0
1	1	UID1533771	1	1	0	0
1	1	UID1533773	1	1	0	0
1	1	UID1533780	1	1	0	0
1	1	UID1533781	1	1	0	0
1	1	UID1533782	1	1	0	0
1	1	UID1533800	1	1	0	0
1	1	UID1533802	1	1	0	0
1	1	UID1533810	1	1	0	0
1	1	UID1533815	1	1	0	0
1	1	UID1533818	1	1	0	0
1	1	UID1533820	1	1	0	0
1	1	UID1533824	1	1	0	0
1	1	UID1533826	1	1	0	0
4	4	UID1533828	1	4	2	2
1	1	UID1533832	1	1	0	0
1	1	UID1533842	1	1	0	0
1	1	UID1533843	1	1	0	0
1	1	UID1533846	1	1	0	0
1	1	UID1533847	1	1	0	0
1	1	UID1533848	1	1	0	0
1	1	UID1533850	1	1	0	0
1	1	UID1533851	1	1	0	0
2	2	UID1533855	1	2	1	1
1	1	UID1533874	1	1	0	0
1	1	UID1533878	1	1	0	0
1	1	UID1533884	1	1	0	0
1	1	UID1533888	1	1	0	0
1	1	UID1533889	1	1	0	0
1	1	UID1533904	1	1	0	0
1	1	UID1533907	1	1	0	0
1	1	UID1533916	1	1	0	0
2	2	UID1533918	1	2	1	1
1	1	UID1533931	1	1	0	0
1	1	UID1533933	1	1	0	0
1	1	UID1533934	1	1	0	0
1	1	UID1533935	1	1	0	0
1	1	UID1533943	1	1	0	0
1	1	UID1533948	1	1	0	0
1	1	UID1533949	1	1	0	0
1	1	UID1533950	1	1	0	0
1	1	UID1533951	1	1	0	0
1	1	UID1533953	1	1	0	0
1	1	UID1533961	1	1	0	0
1	1	UID1533962	1	1	0	0
1	1	UID1533969	1	1	0	0
1	1	UID1533970	1	1	0	0
1	1	UID1533972	1	1	0	0
1	1	UID1533973	1	1	0	0
1	1	UID1533976	1	1	0	0
1	1	UID1533986	1	1	0	0
1	1	UID1533990	1	1	0	0
1	1	UID1533991	1	1	0	0
1	1	UID1533992	1	1	0	0
1	1	UID1533995	1	1	0	0
1	1	UID1533997	1	1	0	0
1	1	UID1534003	1	1	0	0
1	1	UID1534007	1	1	0	0
1	1	UID1534014	1	1	0	0
1	1	UID1534016	1	1	0	0
1	1	UID1534017	1	1	0	0
1	1	UID1534018	1	1	0	0
1	1	UID1534022	1	1	0	0
1	1	UID1534023	1	1	0	0
1	1	UID1534038	1	1	0	0
1	1	UID1534040	1	1	0	0
1	1	UID1534042	1	1	0	0
1	1	UID1534050	1	1	0	0
1	1	UID1534051	1	1	0	0
1	1	UID1534052	1	1	0	0
1	1	UID1534058	1	1	0	0
1	1	UID1534059	1	1	0	0
1	1	UID1534062	1	1	0	0
1	1	UID1534063	1	1	0	0
1	1	UID1534065	1	1	0	0
1	1	UID1534066	1	1	0	0
1	1	UID1534070	1	1	0	0
1	1	UID1534073	1	1	0	0
1	1	UID1534076	1	1	0	0
1	1	UID1534079	1	1	0	0
1	1	UID1534081	1	1	0	0
1	1	UID1534087	1	1	0	0
1	1	UID1534088	1	1	0	0
1	1	UID1534090	1	1	0	0
1	1	UID1534091	1	1	0	0
1	1	UID1534114	1	1	0	0
1	1	UID1534117	1	1	0	0
1	1	UID1534127	1	1	0	0
1	1	UID1534134	1	1	0	0
1	1	UID1534138	1	1	0	0
1	1	UID1534139	1	1	0	0
1	1	UID1534142	1	1	0	0
1	1	UID1534143	1	1	0	0
1	1	UID1534147	1	1	0	0
1	1	UID1534148	1	1	0	0
1	1	UID1534150	1	1	0	0
1	1	UID1534151	1	1	0	0
1	1	UID1534152	1	1	0	0
1	1	UID1534158	1	1	0	0
1	1	UID1534166	1	1	0	0
1	1	UID1534173	1	1	0	0
1	1	UID1534177	1	1	0	0
1	1	UID1534182	1	1	0	0
1	1	UID1534183	1	1	0	0
2	2	UID1534184	1	2	1	1
1	1	UID1534185	1	1	0	0
1	1	UID1534188	1	1	0	0
1	1	UID1534189	1	1	0	0
1	1	UID1534190	1	1	0	0
1	1	UID1534193	1	1	0	0
1	1	UID1534200	1	1	0	0
1	1	UID1534212	1	1	0	0
1	1	UID1534221	1	1	0	0
1	1	UID1534224	1	1	0	0
1	1	UID1534225	1	1	0	0
1	1	UID1534228	1	1	0	0
1	1	UID1534229	1	1	0	0
1	1	UID1534230	1	1	0	0
1	1	UID1534232	1	1	0	0
1	1	UID1534233	1	1	0	0
1	1	UID1534237	1	1	0	0
1	1	UID1534240	1	1	0	0
1	1	UID1534241	1	1	0	0
1	1	UID1534270	1	1	0	0
1	1	UID1534272	1	1	0	0
1	1	UID1534276	1	1	0	0
1	1	UID1534281	1	1	0	0
1	1	UID1534282	1	1	0	0
1	1	UID1534287	1	1	0	0
1	1	UID1534299	1	1	0	0
1	1	UID1534300	1	1	0	0
1	1	UID1534303	1	1	0	0
1	1	UID1534317	1	1	0	0
1	1	UID1534318	1	1	0	0
1	1	UID1534319	1	1	0	0
1	1	UID1534322	1	1	0	0
1	1	UID1534323	1	1	0	0
1	1	UID1534324	1	1	0	0
1	1	UID1534339	1	1	0	0
1	1	UID1534340	1	1	0	0
1	1	UID1534342	1	1	0	0
1	1	UID1534343	1	1	0	0
1	1	UID1534344	1	1	0	0
1	1	UID1534345	1	1	0	0
1	1	UID1534353	1	1	0	0
1	1	UID1534364	1	1	0	0
1	1	UID1534401	1	1	0	0
1	1	UID1534412	1	1	0	0
1	1	UID1534413	1	1	0	0
1	1	UID1534415	1	1	0	0
1	1	UID1534416	1	1	0	0
1	1	UID1534420	1	1	0	0
1	1	UID1534421	1	1	0	0
1	1	UID1534426	1	1	0	0
1	1	UID1534430	1	1	0	0
1	1	UID1534431	1	1	0	0
1	1	UID1534445	1	1	0	0
1	1	UID1534446	1	1	0	0
1	1	UID1534448	1	1	0	0
1	1	UID1534450	1	1	0	0
1	1	UID1534464	1	1	0	0
1	1	UID1534467	1	1	0	0
1	1	UID1534468	1	1	0	0
1	1	UID1534469	1	1	0	0
1	1	UID1534475	1	1	0	0
1	1	UID1534477	1	1	0	0
1	1	UID1534478	1	1	0	0
1	1	UID1534479	1	1	0	0
1	1	UID1534483	1	1	0	0
1	1	UID1534485	1	1	0	0
1	1	UID1534486	1	1	0	0
1	1	UID1534487	1	1	0	0
1	1	UID1534499	1	1	0	0
1	1	UID1534502	1	1	0	0
1	1	UID1534518	1	1	0	0
1	1	UID1534539	1	1	0	0
1	1	UID1534541	1	1	0	0
1	1	UID1534542	1	1	0	0
1	1	UID1534543	1	1	0	0
1	1	UID1534544	1	1	0	0
1	1	UID1534566	1	1	0	0
1	1	UID1534579	1	1	0	0
1	1	UID1534584	1	1	0	0
1	1	UID1534585	1	1	0	0
1	1	UID1534586	1	1	0	0
1	1	UID1534587	1	1	0	0
1	1	UID1534596	1	1	0	0
1	1	UID1534597	1	1	0	0
1	1	UID1534601	1	1	0	0
1	1	UID1534602	1	1	0	0
1	1	UID1534613	1	1	0	0
1	1	UID1534621	1	1	0	0
1	1	UID1534652	1	1	0	0
1	1	UID1534659	1	1	0	0
1	1	UID1534661	1	1	0	0
1	1	UID1534665	1	1	0	0
1	1	UID1534667	1	1	0	0
1	1	UID1534668	1	1	0	0
1	1	UID1534669	1	1	0	0
1	1	UID1534686	1	1	0	0
1	1	UID1534711	1	1	0	0
1	1	UID1534730	1	1	0	0
1	1	UID1534731	1	1	0	0
1	1	UID1534732	1	1	0	0
1	1	UID1534735	1	1	0	0
1	1	UID1534752	1	1	0	0
1	1	UID1534758	1	1	0	0
1	1	UID1534768	1	1	0	0
2	2	UID1534779	1	2	1	1
1	1	UID1534785	1	1	0	0
1	1	UID1534786	1	1	0	0
1	1	UID1534792	1	1	0	0
1	1	UID1534796	1	1	0	0
1	1	UID1534799	1	1	0	0
1	1	UID1534800	1	1	0	0
1	1	UID1534801	1	1	0	0
1	1	UID1534807	1	1	0	0
1	1	UID1534808	1	1	0	0
1	1	UID1534809	1	1	0	0
1	1	UID1534811	1	1	0	0
1	1	UID1534814	1	1	0	0
1	1	UID1534815	1	1	0	0
1	1	UID1534816	1	1	0	0
1	1	UID1534823	1	1	0	0
1	1	UID1534824	1	1	0	0
1	1	UID1534826	1	1	0	0
1	1	UID1534827	1	1	0	0
1	1	UID1534830	1	1	0	0
1	1	UID1534831	1	1	0	0
1	1	UID1534839	1	1	0	0
1	1	UID1534841	1	1	0	0
1	1	UID1534852	1	1	0	0
1	1	UID1534858	1	1	0	0
1	1	UID1534873	1	1	0	0
1	1	UID1534874	1	1	0	0
1	1	UID1534884	1	1	0	0
1	1	UID1534907	1	1	0	0
1	1	UID1534914	1	1	0	0
1	1	UID1534925	1	1	0	0
1	1	UID1534938	1	1	0	0
1	1	UID1534957	1	1	0	0
1	1	UID1534969	1	1	0	0
1	1	UID1534973	1	1	0	0
1	1	UID1534980	1	1	0	0
1	1	UID1535040	1	1	0	0
1	1	UID1535103	1	1	0	0
1	1	UID1535183	1	1	0	0
3	3	UID1535232	1	3	1	1
1	1	UID1535246	1	1	0	0
1	1	UID1535267	1	1	0	0
1	1	UID1535363	1	1	0	0
1	1	UID1535392	1	1	0	0
1	1	UID1535404	1	1	0	0
1	1	UID1535406	1	1	0	0
1	1	UID1535436	1	1	0	0
1	1	UID1535441	1	1	0	0
1	1	UID1535444	1	1	0	0
1	1	UID1535446	1	1	0	0
1	1	UID1535453	1	1	0	0
1	1	UID1535470	1	1	0	0
1	1	UID1535472	1	1	0	0
1	1	UID1535475	1	1	0	0
1	1	UID1535494	1	1	0	0
1	1	UID1535506	1	1	0	0
1	1	UID1535507	1	1	0	0
1	1	UID1535512	1	1	0	0
1	1	UID1535515	1	1	0	0
1	1	UID1535524	1	1	0	0
1	1	UID1535536	1	1	0	0
1	1	UID1535544	1	1	0	0
1	1	UID1535546	1	1	0	0
1	1	UID1535551	1	1	0	0
1	1	UID1535552	1	1	0	0
1	1	UID1535553	1	1	0	0
1	1	UID1535557	1	1	0	0
1	1	UID1535558	1	1	0	0
1	1	UID1535559	1	1	0	0
1	1	UID1535560	1	1	0	0
1	1	UID1535564	1	1	0	0
1	1	UID1535566	1	1	0	0
1	1	UID1535567	1	1	0	0
1	1	UID1535571	1	1	0	0
1	1	UID1535573	1	1	0	0
1	1	UID1535574	1	1	0	0
1	1	UID1535576	1	1	0	0
1	1	UID1535582	1	1	0	0
1	1	UID1535587	1	1	0	0
1	1	UID1535598	1	1	0	0
1	1	UID1535599	1	1	0	0
1	1	UID1535600	1	1	0	0
1	1	UID1535601	1	1	0	0
1	1	UID1535606	1	1	0	0
1	1	UID1535611	1	1	0	0
1	1	UID1535618	1	1	0	0
1	1	UID1535619	1	1	0	0
1	1	UID1535625	1	1	0	0
1	1	UID1535628	1	1	0	0
1	1	UID1535629	1	1	0	0
1	1	UID1535637	1	1	0	0
1	1	UID1535638	1	1	0	0
1	1	UID1535641	1	1	0	0
1	1	UID1535643	1	1	0	0
1	1	UID1535655	1	1	0	0
1	1	UID1535660	1	1	0	0
1	1	UID1535662	1	1	0	0
1	1	UID1535666	1	1	0	0
1	1	UID1535670	1	1	0	0
1	1	UID1535671	1	1	0	0
1	1	UID1535677	1	1	0	0
1	1	UID1535681	1	1	0	0
1	1	UID1535687	1	1	0	0
1	1	UID1535688	1	1	0	0
1	1	UID1535689	1	1	0	0
1	1	UID1535692	1	1	0	0
1	1	UID1535694	1	1	0	0
1	1	UID1535695	1	1	0	0
1	1	UID1535699	1	1	0	0
1	1	UID1535701	1	1	0	0
1	1	UID1535703	1	1	0	0
1	1	UID1535705	1	1	0	0
1	1	UID1535707	1	1	0	0
1	1	UID1535711	1	1	0	0
1	1	UID1535712	1	1	0	0
1	1	UID1535715	1	1	0	0
1	1	UID1535728	1	1	0	0
1	1	UID1535729	1	1	0	0
1	1	UID1535730	1	1	0	0
1	1	UID1535732	1	1	0	0
1	1	UID1535737	1	1	0	0
1	1	UID1535738	1	1	0	0
2	2	UID1535740	1	2	1	1
1	1	UID1535742	1	1	0	0
1	1	UID1535750	1	1	0	0
1	1	UID1535757	1	1	0	0
1	1	UID1535758	1	1	0	0
1	1	UID1535769	1	1	0	0
1	1	UID1535770	1	1	0	0
1	1	UID1535771	1	1	0	0
1	1	UID1535772	1	1	0	0
1	1	UID1535775	1	1	0	0
1	1	UID1535776	1	1	0	0
1	1	UID1535781	1	1	0	0
1	1	UID1535788	1	1	0	0
1	1	UID1535790	1	1	0	0
1	1	UID1535791	1	1	0	0
1	1	UID1535792	1	1	0	0
1	1	UID1535796	1	1	0	0
1	1	UID1535797	1	1	0	0
1	1	UID1535806	1	1	0	0
1	1	UID1535808	1	1	0	0
1	1	UID1535810	1	1	0	0
1	1	UID1535812	1	1	0	0
1	1	UID1535813	1	1	0	0
1	1	UID1535817	1	1	0	0
1	1	UID1535818	1	1	0	0
1	1	UID1535820	1	1	0	0
1	1	UID1535822	1	1	0	0
1	1	UID1535825	1	1	0	0
1	1	UID1535829	1	1	0	0
1	1	UID1535830	1	1	0	0
1	1	UID1535832	1	1	0	0
1	1	UID1535834	1	1	0	0
1	1	UID1535835	1	1	0	0
1	1	UID1535841	1	1	0	0
1	1	UID1535843	1	1	0	0
1	1	UID1535845	1	1	0	0
1	1	UID1535848	1	1	0	0
1	1	UID1535852	1	1	0	0
1	1	UID1535854	1	1	0	0
1	1	UID1535855	1	1	0	0
1	1	UID1535856	1	1	0	0
1	1	UID1535861	1	1	0	0
1	1	UID1535871	1	1	0	0
1	1	UID1535876	1	1	0	0
1	1	UID1535879	1	1	0	0
1	1	UID1535880	1	1	0	0
1	1	UID1535884	1	1	0	0
1	1	UID1535886	1	1	0	0
1	1	UID1535887	1	1	0	0
1	1	UID1535894	1	1	0	0
1	1	UID1535895	1	1	0	0
1	1	UID1535899	1	1	0	0
1	1	UID1535904	1	1	0	0
1	1	UID1535905	1	1	0	0
1	1	UID1535906	1	1	0	0
1	1	UID1535909	1	1	0	0
1	1	UID1535917	1	1	0	0
1	1	UID1535919	1	1	0	0
1	1	UID1535920	1	1	0	0
1	1	UID1535921	1	1	0	0
1	1	UID1535922	1	1	0	0
1	1	UID1535923	1	1	0	0
1	1	UID1535924	1	1	0	0
1	1	UID1535925	1	1	0	0
1	1	UID1535926	1	1	0	0
1	1	UID1535932	1	1	0	0
1	1	UID1535944	1	1	0	0
1	1	UID1535945	1	1	0	0
1	1	UID1535949	1	1	0	0
1	1	UID1535950	1	1	0	0
3	3	UID1535951	1	3	2	2
1	1	UID1535956	1	1	0	0
1	1	UID1535957	1	1	0	0
1	1	UID1535959	1	1	0	0
1	1	UID1535992	1	1	0	0
1	1	UID1535994	1	1	0	0
1	1	UID1535995	1	1	0	0
1	1	UID1535998	1	1	0	0
1	1	UID1536000	1	1	0	0
1	1	UID1536004	1	1	0	0
1	1	UID1536008	1	1	0	0
1	1	UID1536009	1	1	0	0
1	1	UID1536011	1	1	0	0
1	1	UID1536016	1	1	0	0
1	1	UID1536018	1	1	0	0
1	1	UID1536024	1	1	0	0
1	1	UID1536025	1	1	0	0
1	1	UID1536026	1	1	0	0
1	1	UID1536027	1	1	0	0
1	1	UID1536028	1	1	0	0
1	1	UID1536029	1	1	0	0
1	1	UID1536032	1	1	0	0
1	1	UID1536036	1	1	0	0
1	1	UID1536037	1	1	0	0
1	1	UID1536041	1	1	0	0
1	1	UID1536042	1	1	0	0
1	1	UID1536043	1	1	0	0
1	1	UID1536046	1	1	0	0
1	1	UID1536047	1	1	0	0
1	1	UID1536049	1	1	0	0
1	1	UID1536050	1	1	0	0
1	1	UID1536051	1	1	0	0
1	1	UID1536053	1	1	0	0
1	1	UID1536058	1	1	0	0
1	1	UID1536072	1	1	0	0
1	1	UID1536077	1	1	0	0
1	1	UID1536089	1	1	0	0
1	1	UID1536090	1	1	0	0
1	1	UID1536091	1	1	0	0
1	1	UID1536094	1	1	0	0
1	1	UID1536095	1	1	0	0
1	1	UID1536096	1	1	0	0
1	1	UID1536103	1	1	0	0
1	1	UID1536106	1	1	0	0
1	1	UID1536115	1	1	0	0
1	1	UID1536124	1	1	0	0
1	1	UID1536131	1	1	0	0
1	1	UID1536132	1	1	0	0
1	1	UID1536144	1	1	0	0
1	1	UID1536160	1	1	0	0
1	1	UID1536161	1	1	0	0
1	1	UID1536162	1	1	0	0
1	1	UID1536169	1	1	0	0
1	1	UID1536170	1	1	0	0
1	1	UID1536173	1	1	0	0
1	1	UID1536176	1	1	0	0
1	1	UID1536185	1	1	0	0
1	1	UID1536192	1	1	0	0
1	1	UID1536214	1	1	0	0
1	1	UID1536216	1	1	0	0
1	1	UID1536217	1	1	0	0
1	1	UID1536227	1	1	0	0
1	1	UID1536228	1	1	0	0
1	1	UID1536232	1	1	0	0
1	1	UID1536233	1	1	0	0
1	1	UID1536234	1	1	0	0
1	1	UID1536235	1	1	0	0
1	1	UID1536236	1	1	0	0
1	1	UID1536237	1	1	0	0
1	1	UID1536240	1	1	0	0
1	1	UID1536241	1	1	0	0
1	1	UID1536243	1	1	0	0
1	1	UID1536246	1	1	0	0
1	1	UID1536247	1	1	0	0
1	1	UID1536248	1	1	0	0
1	1	UID1536249	1	1	0	0
1	1	UID1536250	1	1	0	0
1	1	UID1536251	1	1	0	0
1	1	UID1536256	1	1	0	0
1	1	UID1536257	1	1	0	0
1	1	UID1536258	1	1	0	0
1	1	UID1536259	1	1	0	0
1	1	UID1536262	1	1	0	0
1	1	UID1536278	1	1	0	0
1	1	UID1536288	1	1	0	0
1	1	UID1536292	1	1	0	0
1	1	UID1536293	1	1	0	0
1	1	UID1536297	1	1	0	0
1	1	UID1536303	1	1	0	0
1	1	UID1536307	1	1	0	0
1	1	UID1536308	1	1	0	0
1	1	UID1536310	1	1	0	0
1	1	UID1536311	1	1	0	0
1	1	UID1536320	1	1	0	0
1	1	UID1536321	1	1	0	0
1	1	UID1536323	1	1	0	0
1	1	UID1536326	1	1	0	0
1	1	UID1536330	1	1	0	0
1	1	UID1536334	1	1	0	0
1	1	UID1536335	1	1	0	0
1	1	UID1536359	1	1	0	0
1	1	UID1536371	1	1	0	0
1	1	UID1536374	1	1	0	0
1	1	UID1536375	1	1	0	0
1	1	UID1536376	1	1	0	0
1	1	UID1536379	1	1	0	0
1	1	UID1536381	1	1	0	0
1	1	UID1536382	1	1	0	0
1	1	UID1536383	1	1	0	0
1	1	UID1536384	1	1	0	0
1	1	UID1536385	1	1	0	0
1	1	UID1536386	1	1	0	0
1	1	UID1536387	1	1	0	0
1	1	UID1536388	1	1	0	0
1	1	UID1536390	1	1	0	0
1	1	UID1536391	1	1	0	0
1	1	UID1536392	1	1	0	0
1	1	UID1536393	1	1	0	0
1	1	UID1536394	1	1	0	0
1	1	UID1536395	1	1	0	0
1	1	UID1536396	1	1	0	0
1	1	UID1536397	1	1	0	0
1	1	UID1536402	1	1	0	0
1	1	UID1536405	1	1	0	0
1	1	UID1536408	1	1	0	0
1	1	UID1536425	1	1	0	0
1	1	UID1536428	1	1	0	0
1	1	UID1536440	1	1	0	0
1	1	UID1536441	1	1	0	0
1	1	UID1536442	1	1	0	0
1	1	UID1536445	1	1	0	0
1	1	UID1536451	1	1	0	0
1	1	UID1536452	1	1	0	0
1	1	UID1536453	1	1	0	0
1	1	UID1536454	1	1	0	0
1	1	UID1536456	1	1	0	0
1	1	UID1536457	1	1	0	0
1	1	UID1536458	1	1	0	0
1	1	UID1536461	1	1	0	0
1	1	UID1536464	1	1	0	0
1	1	UID1536478	1	1	0	0
1	1	UID1536481	1	1	0	0
1	1	UID1536486	1	1	0	0
1	1	UID1536487	1	1	0	0
1	1	UID1536488	1	1	0	0
1	1	UID1536490	1	1	0	0
1	1	UID1536491	1	1	0	0
1	1	UID1536492	1	1	0	0
1	1	UID1536494	1	1	0	0
1	1	UID1536495	1	1	0	0
1	1	UID1536496	1	1	0	0
1	1	UID1536497	1	1	0	0
1	1	UID1536498	1	1	0	0
1	1	UID1536499	1	1	0	0
1	1	UID1536501	1	1	0	0
1	1	UID1536511	1	1	0	0
1	1	UID1536524	1	1	0	0
1	1	UID1536526	1	1	0	0
1	1	UID1536528	1	1	0	0
1	1	UID1536531	1	1	0	0
1	1	UID1536532	1	1	0	0
1	1	UID1536535	1	1	0	0
1	1	UID1536536	1	1	0	0
1	1	UID1536537	1	1	0	0
1	1	UID1536538	1	1	0	0
1	1	UID1536539	1	1	0	0
1	1	UID1536541	1	1	0	0
1	1	UID1536549	1	1	0	0
1	1	UID1536554	1	1	0	0
1	1	UID1536559	1	1	0	0
1	1	UID1536561	1	1	0	0
1	1	UID1536562	1	1	0	0
1	1	UID1536566	1	1	0	0
1	1	UID1536568	1	1	0	0
1	1	UID1536573	1	1	0	0
1	1	UID1536586	1	1	0	0
1	1	UID1536590	1	1	0	0
1	1	UID1536593	1	1	0	0
1	1	UID1536594	1	1	0	0
1	1	UID1536598	1	1	0	0
1	1	UID1536601	1	1	0	0
1	1	UID1536604	1	1	0	0
1	1	UID1536605	1	1	0	0
1	1	UID1536608	1	1	0	0
1	1	UID1536609	1	1	0	0
1	1	UID1536610	1	1	0	0
1	1	UID1536618	1	1	0	0
1	1	UID1536620	1	1	0	0
1	1	UID1536622	1	1	0	0
1	1	UID1536636	1	1	0	0
1	1	UID1536639	1	1	0	0
1	1	UID1536657	1	1	0	0
1	1	UID1536664	1	1	0	0
1	1	UID1536669	1	1	0	0
1	1	UID1536670	1	1	0	0
1	1	UID1536677	1	1	0	0
1	1	UID1536678	1	1	0	0
1	1	UID1536684	1	1	0	0
1	1	UID1536694	1	1	0	0
1	1	UID1536696	1	1	0	0
1	1	UID1536699	1	1	0	0
1	1	UID1536700	1	1	0	0
1	1	UID1536703	1	1	0	0
1	1	UID1536705	1	1	0	0
1	1	UID1536707	1	1	0	0
1	1	UID1536709	1	1	0	0
1	1	UID1536710	1	1	0	0
1	1	UID1536711	1	1	0	0
1	1	UID1536716	1	1	0	0
1	1	UID1536717	1	1	0	0
1	1	UID1536718	1	1	0	0
1	1	UID1536719	1	1	0	0
1	1	UID1536720	1	1	0	0
1	1	UID1536722	1	1	0	0
1	1	UID1536723	1	1	0	0
1	1	UID1536725	1	1	0	0
1	1	UID1536726	1	1	0	0
1	1	UID1536727	1	1	0	0
1	1	UID1536730	1	1	0	0
1	1	UID1536731	1	1	0	0
1	1	UID1536733	1	1	0	0
1	1	UID1536735	1	1	0	0
1	1	UID1536738	1	1	0	0
1	1	UID1536739	1	1	0	0
1	1	UID1536740	1	1	0	0
1	1	UID1536743	1	1	0	0
1	1	UID1536744	1	1	0	0
1	1	UID1536745	1	1	0	0
1	1	UID1536749	1	1	0	0
1	1	UID1536756	1	1	0	0
1	1	UID1536766	1	1	0	0
1	1	UID1536780	1	1	0	0
1	1	UID1536783	1	1	0	0
1	1	UID1536784	1	1	0	0
1	1	UID1536787	1	1	0	0
1	1	UID1536789	1	1	0	0
1	1	UID1536790	1	1	0	0
1	1	UID1536791	1	1	0	0
1	1	UID1536802	1	1	0	0
1	1	UID1536806	1	1	0	0
1	1	UID1536807	1	1	0	0
1	1	UID1536809	1	1	0	0
1	1	UID1536810	1	1	0	0
1	1	UID1536814	1	1	0	0
1	1	UID1536815	1	1	0	0
1	1	UID1536818	1	1	0	0
1	1	UID1536819	1	1	0	0
1	1	UID1536820	1	1	0	0
1	1	UID1536831	1	1	0	0
1	1	UID1536833	1	1	0	0
1	1	UID1536836	1	1	0	0
1	1	UID1536844	1	1	0	0
1	1	UID1536847	1	1	0	0
1	1	UID1536850	1	1	0	0
1	1	UID1536851	1	1	0	0
1	1	UID1536865	1	1	0	0
1	1	UID1536871	1	1	0	0
1	1	UID1536875	1	1	0	0
1	1	UID1536880	1	1	0	0
1	1	UID1536888	1	1	0	0
1	1	UID1536894	1	1	0	0
1	1	UID1536895	1	1	0	0
1	1	UID1536896	1	1	0	0
1	1	UID1536899	1	1	0	0
1	1	UID1536900	1	1	0	0
1	1	UID1536904	1	1	0	0
1	1	UID1536905	1	1	0	0
1	1	UID1536906	1	1	0	0
1	1	UID1536924	1	1	0	0
1	1	UID1536931	1	1	0	0
1	1	UID1536934	1	1	0	0
1	1	UID1536935	1	1	0	0
1	1	UID1536950	1	1	0	0
1	1	UID1536951	1	1	0	0
1	1	UID1536954	1	1	0	0
1	1	UID1536956	1	1	0	0
1	1	UID1536959	1	1	0	0
1	1	UID1536960	1	1	0	0
1	1	UID1536961	1	1	0	0
1	1	UID1536967	1	1	0	0
1	1	UID1536970	1	1	0	0
1	1	UID1536978	1	1	0	0
1	1	UID1536979	1	1	0	0
1	1	UID1536981	1	1	0	0
1	1	UID1537000	1	1	0	0
1	1	UID1537001	1	1	0	0
1	1	UID1537002	1	1	0	0
1	1	UID1537005	1	1	0	0
1	1	UID1537020	1	1	0	0
1	1	UID1537025	1	1	0	0
1	1	UID1537028	1	1	0	0
1	1	UID1537029	1	1	0	0
1	1	UID1537032	1	1	0	0
1	1	UID1537033	1	1	0	0
1	1	UID1537045	1	1	0	0
1	1	UID1537054	1	1	0	0
1	1	UID1537058	1	1	0	0
1	1	UID1537061	1	1	0	0
1	1	UID1537065	1	1	0	0
1	1	UID1537066	1	1	0	0
1	1	UID1537067	1	1	0	0
1	1	UID1537071	1	1	0	0
1	1	UID1537072	1	1	0	0
1	1	UID1537075	1	1	0	0
1	1	UID1537082	1	1	0	0
1	1	UID1537089	1	1	0	0
1	1	UID1537091	1	1	0	0
1	1	UID1537094	1	1	0	0
1	1	UID1537096	1	1	0	0
1	1	UID1537108	1	1	0	0
1	1	UID1537109	1	1	0	0
1	1	UID1537111	1	1	0	0
1	1	UID1537113	1	1	0	0
1	1	UID1537123	1	1	0	0
1	1	UID1537124	1	1	0	0
1	1	UID1537125	1	1	0	0
1	1	UID1537126	1	1	0	0
1	1	UID1537127	1	1	0	0
1	1	UID1537129	1	1	0	0
1	1	UID1537130	1	1	0	0
1	1	UID1537131	1	1	0	0
1	1	UID1537132	1	1	0	0
1	1	UID1537133	1	1	0	0
1	1	UID1537134	1	1	0	0
1	1	UID1537135	1	1	0	0
1	1	UID1537139	1	1	0	0
1	1	UID1537140	1	1	0	0
1	1	UID1537141	1	1	0	0
1	1	UID1537144	1	1	0	0
1	1	UID1537145	1	1	0	0
1	1	UID1537146	1	1	0	0
1	1	UID1537147	1	1	0	0
1	1	UID1537149	1	1	0	0
1	1	UID1537153	1	1	0	0
1	1	UID1537154	1	1	0	0
1	1	UID1537155	1	1	0	0
1	1	UID1537156	1	1	0	0
1	1	UID1537158	1	1	0	0
1	1	UID1537161	1	1	0	0
1	1	UID1537173	1	1	0	0
1	1	UID1537174	1	1	0	0
1	1	UID1537183	1	1	0	0
1	1	UID1537186	1	1	0	0
1	1	UID1537191	1	1	0	0
1	1	UID1537192	1	1	0	0
2	2	UID1537193	1	2	1	1
1	1	UID1537198	1	1	0	0
1	1	UID1537205	1	1	0	0
1	1	UID1537206	1	1	0	0
1	1	UID1537208	1	1	0	0
1	1	UID1537211	1	1	0	0
1	1	UID1537213	1	1	0	0
1	1	UID1537214	1	1	0	0
1	1	UID1537217	1	1	0	0
1	1	UID1537218	1	1	0	0
1	1	UID1537220	1	1	0	0
1	1	UID1537224	1	1	0	0
1	1	UID1537226	1	1	0	0
1	1	UID1537228	1	1	0	0
1	1	UID1537234	1	1	0	0
1	1	UID1537236	1	1	0	0
1	1	UID1537248	1	1	0	0
1	1	UID1537250	1	1	0	0
1	1	UID1537260	1	1	0	0
1	1	UID1537261	1	1	0	0
1	1	UID1537264	1	1	0	0
1	1	UID1537267	1	1	0	0
1	1	UID1537277	1	1	0	0
1	1	UID1537284	1	1	0	0
1	1	UID1537285	1	1	0	0
1	1	UID1537291	1	1	0	0
1	1	UID1537292	1	1	0	0
1	1	UID1537294	1	1	0	0
1	1	UID1537296	1	1	0	0
1	1	UID1537298	1	1	0	0
1	1	UID1537300	1	1	0	0
1	1	UID1537302	1	1	0	0
1	1	UID1537303	1	1	0	0
1	1	UID1537310	1	1	0	0
1	1	UID1537324	1	1	0	0
1	1	UID1537325	1	1	0	0
1	1	UID1537326	1	1	0	0
1	1	UID1537327	1	1	0	0
1	1	UID1537328	1	1	0	0
1	1	UID1537329	1	1	0	0
1	1	UID1537337	1	1	0	0
1	1	UID1537339	1	1	0	0
1	1	UID1537341	1	1	0	0
1	1	UID1537343	1	1	0	0
1	1	UID1537344	1	1	0	0
1	1	UID1537350	1	1	0	0
1	1	UID1537351	1	1	0	0
1	1	UID1537356	1	1	0	0
1	1	UID1537357	1	1	0	0
1	1	UID1537362	1	1	0	0
1	1	UID1537363	1	1	0	0
1	1	UID1537369	1	1	0	0
1	1	UID1537370	1	1	0	0
1	1	UID1537372	1	1	0	0
1	1	UID1537378	1	1	0	0
1	1	UID1537379	1	1	0	0
1	1	UID1537409	1	1	0	0
1	1	UID1537412	1	1	0	0
1	1	UID1537420	1	1	0	0
1	1	UID1537429	1	1	0	0
1	1	UID1537431	1	1	0	0
1	1	UID1537433	1	1	0	0
1	1	UID1537440	1	1	0	0
1	1	UID1537445	1	1	0	0
1	1	UID1537447	1	1	0	0
1	1	UID1537450	1	1	0	0
1	1	UID1537453	1	1	0	0
1	1	UID1537462	1	1	0	0
1	1	UID1537466	1	1	0	0
1	1	UID1537467	1	1	0	0
2	2	UID1537468	1	2	1	1
1	1	UID1537474	1	1	0	0
1	1	UID1537476	1	1	0	0
1	1	UID1537481	1	1	0	0
1	1	UID1537487	1	1	0	0
1	1	UID1537488	1	1	0	0
1	1	UID1537489	1	1	0	0
1	1	UID1537495	1	1	0	0
1	1	UID1537503	1	1	0	0
1	1	UID1537504	1	1	0	0
1	1	UID1537505	1	1	0	0
1	1	UID1537512	1	1	0	0
1	1	UID1537516	1	1	0	0
1	1	UID1537522	1	1	0	0
1	1	UID1537530	1	1	0	0
1	1	UID1537540	1	1	0	0
1	1	UID1537543	1	1	0	0
1	1	UID1537546	1	1	0	0
1	1	UID1537547	1	1	0	0
1	1	UID1537562	1	1	0	0
1	1	UID1537563	1	1	0	0
1	1	UID1537569	1	1	0	0
1	1	UID1537571	1	1	0	0
1	1	UID1537584	1	1	0	0
1	1	UID1537585	1	1	0	0
1	1	UID1537592	1	1	0	0
1	1	UID1537593	1	1	0	0
1	1	UID1537595	1	1	0	0
1	1	UID1537597	1	1	0	0
1	1	UID1537600	1	1	0	0
1	1	UID1537604	1	1	0	0
1	1	UID1537606	1	1	0	0
1	1	UID1537610	1	1	0	0
1	1	UID1537618	1	1	0	0
1	1	UID1537621	1	1	0	0
1	1	UID1537636	1	1	0	0
1	1	UID1537637	1	1	0	0
1	1	UID1537639	1	1	0	0
1	1	UID1537650	1	1	0	0
1	1	UID1537656	1	1	0	0
1	1	UID1537663	1	1	0	0
1	1	UID1537664	1	1	0	0
1	1	UID1537665	1	1	0	0
1	1	UID1537666	1	1	0	0
1	1	UID1537667	1	1	0	0
1	1	UID1537668	1	1	0	0
1	1	UID1537669	1	1	0	0
1	1	UID1537670	1	1	0	0
1	1	UID1537671	1	1	0	0
1	1	UID1537672	1	1	0	0
1	1	UID1537673	1	1	0	0
1	1	UID1537674	1	1	0	0
1	1	UID1537675	1	1	0	0
1	1	UID1537677	1	1	0	0
1	1	UID1537678	1	1	0	0
1	1	UID1537682	1	1	0	0
1	1	UID1537683	1	1	0	0
1	1	UID1537688	1	1	0	0
1	1	UID1537691	1	1	0	0
1	1	UID1537693	1	1	0	0
1	1	UID1537697	1	1	0	0
1	1	UID1537701	1	1	0	0
1	1	UID1537702	1	1	0	0
1	1	UID1537704	1	1	0	0
1	1	UID1537706	1	1	0	0
1	1	UID1537719	1	1	0	0
1	1	UID1537722	1	1	0	0
1	1	UID1537723	1	1	0	0
1	1	UID1537724	1	1	0	0
1	1	UID1537725	1	1	0	0
1	1	UID1537734	1	1	0	0
1	1	UID1537736	1	1	0	0
1	1	UID1537740	1	1	0	0
1	1	UID1537742	1	1	0	0
1	1	UID1537743	1	1	0	0
1	1	UID1537747	1	1	0	0
1	1	UID1537751	1	1	0	0
1	1	UID1537753	1	1	0	0
1	1	UID1537754	1	1	0	0
1	1	UID1537756	1	1	0	0
1	1	UID1537757	1	1	0	0
1	1	UID1537771	1	1	0	0
1	1	UID1537776	1	1	0	0
1	1	UID1537777	1	1	0	0
1	1	UID1537780	1	1	0	0
1	1	UID1537781	1	1	0	0
1	1	UID1537791	1	1	0	0
1	1	UID1537794	1	1	0	0
1	1	UID1537798	1	1	0	0
1	1	UID1537800	1	1	0	0
1	1	UID1537804	1	1	0	0
1	1	UID1537805	1	1	0	0
1	1	UID1537809	1	1	0	0
1	1	UID1537818	1	1	0	0
1	1	UID1537824	1	1	0	0
1	1	UID1537840	1	1	0	0
1	1	UID1537850	1	1	0	0
1	1	UID1537851	1	1	0	0
1	1	UID1537852	1	1	0	0
1	1	UID1537853	1	1	0	0
1	1	UID1537857	1	1	0	0
1	1	UID1537858	1	1	0	0
1	1	UID1537861	1	1	0	0
1	1	UID1537864	1	1	0	0
1	1	UID1537867	1	1	0	0
1	1	UID1537896	1	1	0	0
1	1	UID1537904	1	1	0	0
1	1	UID1537909	1	1	0	0
1	1	UID1537913	1	1	0	0
1	1	UID1537916	1	1	0	0
1	1	UID1537922	1	1	0	0
1	1	UID1537924	1	1	0	0
1	1	UID1537929	1	1	0	0
1	1	UID1537930	1	1	0	0
1	1	UID1537931	1	1	0	0
1	1	UID1537932	1	1	0	0
1	1	UID1537934	1	1	0	0
1	1	UID1537937	1	1	0	0
1	1	UID1537938	1	1	0	0
1	1	UID1537939	1	1	0	0
1	1	UID1537947	1	1	0	0
1	1	UID1537956	1	1	0	0
1	1	UID1537960	1	1	0	0
1	1	UID1537964	1	1	0	0
1	1	UID1537966	1	1	0	0
1	1	UID1537972	1	1	0	0
1	1	UID1537973	1	1	0	0
1	1	UID1537976	1	1	0	0
1	1	UID1537988	1	1	0	0
1	1	UID1537994	1	1	0	0
1	1	UID1537997	1	1	0	0
1	1	UID1537998	1	1	0	0
1	1	UID1538004	1	1	0	0
1	1	UID1538006	1	1	0	0
1	1	UID1538017	1	1	0	0
1	1	UID1538022	1	1	0	0
1	1	UID1538028	1	1	0	0
1	1	UID1538033	1	1	0	0
1	1	UID1538036	1	1	0	0
1	1	UID1538037	1	1	0	0
1	1	UID1538038	1	1	0	0
1	1	UID1538044	1	1	0	0
1	1	UID1538047	1	1	0	0
1	1	UID1538057	1	1	0	0
1	1	UID1538059	1	1	0	0
1	1	UID1538061	1	1	0	0
1	1	UID1538066	1	1	0	0
1	1	UID1538067	1	1	0	0
1	1	UID1538071	1	1	0	0
1	1	UID1538074	1	1	0	0
1	1	UID1538079	1	1	0	0
1	1	UID1538083	1	1	0	0
1	1	UID1538085	1	1	0	0
1	1	UID1538087	1	1	0	0
1	1	UID1538089	1	1	0	0
1	1	UID1538100	1	1	0	0
1	1	UID1538101	1	1	0	0
1	1	UID1538102	1	1	0	0
1	1	UID1538109	1	1	0	0
1	1	UID1538110	1	1	0	0
1	1	UID1538115	1	1	0	0
1	1	UID1538119	1	1	0	0
1	1	UID1538122	1	1	0	0
1	1	UID1538128	1	1	0	0
1	1	UID1538183	1	1	0	0
1	1	UID1538184	1	1	0	0
1	1	UID1538192	1	1	0	0
1	1	UID1538203	1	1	0	0
1	1	UID1538215	1	1	0	0
1	1	UID1538217	1	1	0	0
1	1	UID1538224	1	1	0	0
1	1	UID1538228	1	1	0	0
1	1	UID1538233	1	1	0	0
1	1	UID1538237	1	1	0	0
1	1	UID1538244	1	1	0	0
1	1	UID1538245	1	1	0	0
1	1	UID1538252	1	1	0	0
1	1	UID1538253	1	1	0	0
1	1	UID1538265	1	1	0	0
1	1	UID1538269	1	1	0	0
1	1	UID1538275	1	1	0	0
1	1	UID1538281	1	1	0	0
1	1	UID1538282	1	1	0	0
1	1	UID1538287	1	1	0	0
1	1	UID1538290	1	1	0	0
1	1	UID1538292	1	1	0	0
1	1	UID1538293	1	1	0	0
1	1	UID1538294	1	1	0	0
1	1	UID1538297	1	1	0	0
1	1	UID1538305	1	1	0	0
1	1	UID1538308	1	1	0	0
1	1	UID1538310	1	1	0	0
1	1	UID1538312	1	1	0	0
1	1	UID1538315	1	1	0	0
1	1	UID1538321	1	1	0	0
1	1	UID1538323	1	1	0	0
1	1	UID1538326	1	1	0	0
1	1	UID1538331	1	1	0	0
1	1	UID1538333	1	1	0	0
1	1	UID1538338	1	1	0	0
1	1	UID1538339	1	1	0	0
1	1	UID1538340	1	1	0	0
1	1	UID1538341	1	1	0	0
1	1	UID1538343	1	1	0	0
1	1	UID1538348	1	1	0	0
1	1	UID1538350	1	1	0	0
1	1	UID1538352	1	1	0	0
1	1	UID1538357	1	1	0	0
1	1	UID1538360	1	1	0	0
1	1	UID1538367	1	1	0	0
1	1	UID1538369	1	1	0	0
1	1	UID1538370	1	1	0	0
1	1	UID1538376	1	1	0	0
1	1	UID1538379	1	1	0	0
1	1	UID1538382	1	1	0	0
1	1	UID1538383	1	1	0	0
1	1	UID1538392	1	1	0	0
1	1	UID1538397	1	1	0	0
1	1	UID1538402	1	1	0	0
1	1	UID1538404	1	1	0	0
1	1	UID1538405	1	1	0	0
1	1	UID1538411	1	1	0	0
1	1	UID1538414	1	1	0	0
1	1	UID1538415	1	1	0	0
1	1	UID1538416	1	1	0	0
1	1	UID1538419	1	1	0	0
1	1	UID1538423	1	1	0	0
1	1	UID1538424	1	1	0	0
1	1	UID1538428	1	1	0	0
1	1	UID1538433	1	1	0	0
1	1	UID1538439	1	1	0	0
1	1	UID1538440	1	1	0	0
1	1	UID1538453	1	1	0	0
1	1	UID1538457	1	1	0	0
1	1	UID1538467	1	1	0	0
1	1	UID1538469	1	1	0	0
1	1	UID1538470	1	1	0	0
1	1	UID1538480	1	1	0	0
1	1	UID1538485	1	1	0	0
3	3	UID1538486	1	3	2	2
1	1	UID1538494	1	1	0	0
1	1	UID1538495	1	1	0	0
1	1	UID1538499	1	1	0	0
1	1	UID1538500	1	1	0	0
1	1	UID1538503	1	1	0	0
1	1	UID1538504	1	1	0	0
1	1	UID1538507	1	1	0	0
1	1	UID1538508	1	1	0	0
1	1	UID1538509	1	1	0	0
1	1	UID1538510	1	1	0	0
1	1	UID1538513	1	1	0	0
2	2	UID1538516	1	2	1	1
1	1	UID1538531	1	1	0	0
1	1	UID1538544	1	1	0	0
1	1	UID1538548	1	1	0	0
1	1	UID1538550	1	1	0	0
1	1	UID1538551	1	1	0	0
1	1	UID1538552	1	1	0	0
1	1	UID1538553	1	1	0	0
1	1	UID1538554	1	1	0	0
2	2	UID1538556	1	2	1	1
1	1	UID1538559	1	1	0	0
1	1	UID1538560	1	1	0	0
1	1	UID1538562	1	1	0	0
1	1	UID1538566	1	1	0	0
1	1	UID1538574	1	1	0	0
1	1	UID1538576	1	1	0	0
1	1	UID1538577	1	1	0	0
1	1	UID1538580	1	1	0	0
1	1	UID1538598	1	1	0	0
4	4	UID1538601	1	4	1	1
1	1	UID1538604	1	1	0	0
1	1	UID1538626	1	1	0	0
1	1	UID1538630	1	1	0	0
1	1	UID1538637	1	1	0	0
1	1	UID1538643	1	1	0	0
1	1	UID1538669	1	1	0	0
1	1	UID1538670	1	1	0	0
1	1	UID1538672	1	1	0	0
1	1	UID1538678	1	1	0	0
1	1	UID1538685	1	1	0	0
1	1	UID1538686	1	1	0	0
1	1	UID1538693	1	1	0	0
1	1	UID1538695	1	1	0	0
1	1	UID1538696	1	1	0	0
1	1	UID1538706	1	1	0	0
1	1	UID1538708	1	1	0	0
1	1	UID1538716	1	1	0	0
1	1	UID1538720	1	1	0	0
1	1	UID1538722	1	1	0	0
1	1	UID1538724	1	1	0	0
1	1	UID1538732	1	1	0	0
1	1	UID1538761	1	1	0	0
2	2	UID1538773	1	2	1	1
1	1	UID1538777	1	1	0	0
1	1	UID1538780	1	1	0	0
1	1	UID1538782	1	1	0	0
1	1	UID1538794	1	1	0	0
1	1	UID1538805	1	1	0	0
1	1	UID1538815	1	1	0	0
1	1	UID1538898	1	1	0	0
1	1	UID1538908	1	1	0	0
1	1	UID1538910	1	1	0	0
1	1	UID1538911	1	1	0	0
1	1	UID1538932	1	1	0	0
1	1	UID1538935	1	1	0	0
1	1	UID1538936	1	1	0	0
1	1	UID1538940	1	1	0	0
1	1	UID1538947	1	1	0	0
1	1	UID1538949	1	1	0	0
1	1	UID1538953	1	1	0	0
1	1	UID1538954	1	1	0	0
1	1	UID1538967	1	1	0	0
1	1	UID1538969	1	1	0	0
1	1	UID1538975	1	1	0	0
1	1	UID1538977	1	1	0	0
1	1	UID1538979	1	1	0	0
1	1	UID1538991	1	1	0	0
1	1	UID1538995	1	1	0	0
1	1	UID1539000	1	1	0	0
1	1	UID1539006	1	1	0	0
1	1	UID1539012	1	1	0	0
1	1	UID1539014	1	1	0	0
1	1	UID1539017	1	1	0	0
1	1	UID1539021	1	1	0	0
1	1	UID1539033	1	1	0	0
1	1	UID1539034	1	1	0	0
1	1	UID1539037	1	1	0	0
1	1	UID1539038	1	1	0	0
1	1	UID1539040	1	1	0	0
1	1	UID1539041	1	1	0	0
1	1	UID1539042	1	1	0	0
1	1	UID1539046	1	1	0	0
1	1	UID1539047	1	1	0	0
1	1	UID1539048	1	1	0	0
2	2	UID1539054	1	2	1	1
1	1	UID1539064	1	1	0	0
1	1	UID1539067	1	1	0	0
1	1	UID1539069	1	1	0	0
1	1	UID1539076	1	1	0	0
6	6	UID1539086	1	6	2	2
1	1	UID1539092	1	1	0	0
1	1	UID1539097	1	1	0	0
1	1	UID1539098	1	1	0	0
1	1	UID1539099	1	1	0	0
1	1	UID1539107	1	1	0	0
1	1	UID1539121	1	1	0	0
1	1	UID1539123	1	1	0	0
1	1	UID1539148	1	1	0	0
1	1	UID1539155	1	1	0	0
1	1	UID1539157	1	1	0	0
1	1	UID1539158	1	1	0	0
1	1	UID1539165	1	1	0	0
1	1	UID1539167	1	1	0	0
1	1	UID1539168	1	1	0	0
1	1	UID1539172	1	1	0	0
1	1	UID1539174	1	1	0	0
1	1	UID1539179	1	1	0	0
1	1	UID1539180	1	1	0	0
1	1	UID1539182	1	1	0	0
1	1	UID1539190	1	1	0	0
1	1	UID1539192	1	1	0	0
1	1	UID1539197	1	1	0	0
1	1	UID1539200	1	1	0	0
1	1	UID1539204	1	1	0	0
1	1	UID1539207	1	1	0	0
1	1	UID1539213	1	1	0	0
1	1	UID1539214	1	1	0	0
1	1	UID1539228	1	1	0	0
1	1	UID1539233	1	1	0	0
1	1	UID1539234	1	1	0	0
1	1	UID1539235	1	1	0	0
1	1	UID1539238	1	1	0	0
1	1	UID1539245	1	1	0	0
1	1	UID1539246	1	1	0	0
1	1	UID1539259	1	1	0	0
1	1	UID1539262	1	1	0	0
1	1	UID1539308	1	1	0	0
1	1	UID1539316	1	1	0	0
1	1	UID1539318	1	1	0	0
1	1	UID1539323	1	1	0	0
1	1	UID1539328	1	1	0	0
1	1	UID1539329	1	1	0	0
1	1	UID1539334	1	1	0	0
1	1	UID1539336	1	1	0	0
1	1	UID1539337	1	1	0	0
1	1	UID1539340	1	1	0	0
1	1	UID1539343	1	1	0	0
1	1	UID1539347	1	1	0	0
1	1	UID1539371	1	1	0	0
1	1	UID1539372	1	1	0	0
1	1	UID1539374	1	1	0	0
1	1	UID1539375	1	1	0	0
1	1	UID1539377	1	1	0	0
1	1	UID1539379	1	1	0	0
1	1	UID1539381	1	1	0	0
1	1	UID1539382	1	1	0	0
1	1	UID1539386	1	1	0	0
1	1	UID1539388	1	1	0	0
1	1	UID1539393	1	1	0	0
1	1	UID1539396	1	1	0	0
1	1	UID1539397	1	1	0	0
1	1	UID1539399	1	1	0	0
1	1	UID1539405	1	1	0	0
1	1	UID1539407	1	1	0	0
1	1	UID1539409	1	1	0	0
1	1	UID1539412	1	1	0	0
1	1	UID1539418	1	1	0	0
1	1	UID1539423	1	1	0	0
1	1	UID1539425	1	1	0	0
1	1	UID1539429	1	1	0	0
1	1	UID1539438	1	1	0	0
1	1	UID1539439	1	1	0	0
1	1	UID1539441	1	1	0	0
1	1	UID1539451	1	1	0	0
1	1	UID1539455	1	1	0	0
1	1	UID1539457	1	1	0	0
1	1	UID1539460	1	1	0	0
1	1	UID1539461	1	1	0	0
1	1	UID1539464	1	1	0	0
1	1	UID1539465	1	1	0	0
1	1	UID1539479	1	1	0	0
1	1	UID1539490	1	1	0	0
1	1	UID1539498	1	1	0	0
1	1	UID1539499	1	1	0	0
1	1	UID1539500	1	1	0	0
1	1	UID1539510	1	1	0	0
1	1	UID1539514	1	1	0	0
1	1	UID1539515	1	1	0	0
1	1	UID1539523	1	1	0	0
1	1	UID1539536	1	1	0	0
1	1	UID1539537	1	1	0	0
1	1	UID1539544	1	1	0	0
1	1	UID1539550	1	1	0	0
1	1	UID1539552	1	1	0	0
1	1	UID1539556	1	1	0	0
1	1	UID1539560	1	1	0	0
1	1	UID1539561	1	1	0	0
1	1	UID1539570	1	1	0	0
1	1	UID1539571	1	1	0	0
1	1	UID1539576	1	1	0	0
1	1	UID1539580	1	1	0	0
1	1	UID1539581	1	1	0	0
1	1	UID1539585	1	1	0	0
1	1	UID1539587	1	1	0	0
1	1	UID1539588	1	1	0	0
1	1	UID1539595	1	1	0	0
1	1	UID1539611	1	1	0	0
1	1	UID1539616	1	1	0	0
1	1	UID1539617	1	1	0	0
1	1	UID1539623	1	1	0	0
1	1	UID1539625	1	1	0	0
1	1	UID1539630	1	1	0	0
1	1	UID1539631	1	1	0	0
1	1	UID1539632	1	1	0	0
1	1	UID1539633	1	1	0	0
1	1	UID1539634	1	1	0	0
1	1	UID1539635	1	1	0	0
1	1	UID1539637	1	1	0	0
1	1	UID1539639	1	1	0	0
1	1	UID1539642	1	1	0	0
1	1	UID1539645	1	1	0	0
1	1	UID1539646	1	1	0	0
1	1	UID1539658	1	1	0	0
1	1	UID1539659	1	1	0	0
1	1	UID1539660	1	1	0	0
1	1	UID1539662	1	1	0	0
1	1	UID1539663	1	1	0	0
1	1	UID1539665	1	1	0	0
1	1	UID1539674	1	1	0	0
1	1	UID1539677	1	1	0	0
1	1	UID1539678	1	1	0	0
1	1	UID1539679	1	1	0	0
1	1	UID1539680	1	1	0	0
1	1	UID1539681	1	1	0	0
1	1	UID1539687	1	1	0	0
1	1	UID1539688	1	1	0	0
1	1	UID1539702	1	1	0	0
1	1	UID1539706	1	1	0	0
1	1	UID1539710	1	1	0	0
1	1	UID1539711	1	1	0	0
1	1	UID1539713	1	1	0	0
1	1	UID1539714	1	1	0	0
1	1	UID1539717	1	1	0	0
1	1	UID1539718	1	1	0	0
1	1	UID1539720	1	1	0	0
1	1	UID1539722	1	1	0	0
1	1	UID1539723	1	1	0	0
1	1	UID1539728	1	1	0	0
1	1	UID1539735	1	1	0	0
1	1	UID1539738	1	1	0	0
1	1	UID1539740	1	1	0	0
1	1	UID1539741	1	1	0	0
1	1	UID1539746	1	1	0	0
1	1	UID1539758	1	1	0	0
1	1	UID1539761	1	1	0	0
1	1	UID1539762	1	1	0	0
1	1	UID1539782	1	1	0	0
1	1	UID1539790	1	1	0	0
1	1	UID1539791	1	1	0	0
1	1	UID1539793	1	1	0	0
1	1	UID1539796	1	1	0	0
1	1	UID1539797	1	1	0	0
1	1	UID1539804	1	1	0	0
2	2	UID1539805	1	2	1	1
1	1	UID1539821	1	1	0	0
1	1	UID1539823	1	1	0	0
1	1	UID1539825	1	1	0	0
1	1	UID1539833	1	1	0	0
1	1	UID1539835	1	1	0	0
1	1	UID1539837	1	1	0	0
1	1	UID1539839	1	1	0	0
1	1	UID1539842	1	1	0	0
1	1	UID1539843	1	1	0	0
1	1	UID1539844	1	1	0	0
1	1	UID1539857	1	1	0	0
1	1	UID1539865	1	1	0	0
1	1	UID1539866	1	1	0	0
1	1	UID1539869	1	1	0	0
1	1	UID1539870	1	1	0	0
1	1	UID1539874	1	1	0	0
1	1	UID1539879	1	1	0	0
1	1	UID1539893	1	1	0	0
1	1	UID1539895	1	1	0	0
1	1	UID1539896	1	1	0	0
1	1	UID1539897	1	1	0	0
1	1	UID1539899	1	1	0	0
1	1	UID1539901	1	1	0	0
1	1	UID1539902	1	1	0	0
1	1	UID1539904	1	1	0	0
1	1	UID1539906	1	1	0	0
1	1	UID1539907	1	1	0	0
1	1	UID1539908	1	1	0	0
1	1	UID1539909	1	1	0	0
1	1	UID1539910	1	1	0	0
1	1	UID1539919	1	1	0	0
1	1	UID1539923	1	1	0	0
1	1	UID1539956	1	1	0	0
2	2	UID1539959	1	2	1	1
1	1	UID1539963	1	1	0	0
1	1	UID1539966	1	1	0	0
1	1	UID1539968	1	1	0	0
1	1	UID1539974	1	1	0	0
1	1	UID1539978	1	1	0	0
1	1	UID1539979	1	1	0	0
1	1	UID1539982	1	1	0	0
1	1	UID1539983	1	1	0	0
1	1	UID1539986	1	1	0	0
1	1	UID1539988	1	1	0	0
1	1	UID1539989	1	1	0	0
1	1	UID1539990	1	1	0	0
1	1	UID1539996	1	1	0	0
1	1	UID1539998	1	1	0	0
1	1	UID1540002	1	1	0	0
1	1	UID1540003	1	1	0	0
1	1	UID1540004	1	1	0	0
1	1	UID1540005	1	1	0	0
1	1	UID1540008	1	1	0	0
1	1	UID1540012	1	1	0	0
1	1	UID1540014	1	1	0	0
1	1	UID1540016	1	1	0	0
1	1	UID1540019	1	1	0	0
1	1	UID1540020	1	1	0	0
1	1	UID1540022	1	1	0	0
1	1	UID1540023	1	1	0	0
1	1	UID1540024	1	1	0	0
1	1	UID1540025	1	1	0	0
1	1	UID1540027	1	1	0	0
1	1	UID1540028	1	1	0	0
1	1	UID1540037	1	1	0	0
1	1	UID1540039	1	1	0	0
1	1	UID1540040	1	1	0	0
1	1	UID1540043	1	1	0	0
1	1	UID1540050	1	1	0	0
1	1	UID1540051	1	1	0	0
1	1	UID1540053	1	1	0	0
1	1	UID1540063	1	1	0	0
1	1	UID1540064	1	1	0	0
1	1	UID1540065	1	1	0	0
1	1	UID1540066	1	1	0	0
1	1	UID1540071	1	1	0	0
1	1	UID1540072	1	1	0	0
1	1	UID1540079	1	1	0	0
1	1	UID1540084	1	1	0	0
1	1	UID1540085	1	1	0	0
1	1	UID1540091	1	1	0	0
1	1	UID1540094	1	1	0	0
1	1	UID1540106	1	1	0	0
1	1	UID1540108	1	1	0	0
1	1	UID1540109	1	1	0	0
1	1	UID1540110	1	1	0	0
1	1	UID1540113	1	1	0	0
1	1	UID1540114	1	1	0	0
1	1	UID1540119	1	1	0	0
1	1	UID1540121	1	1	0	0
1	1	UID1540122	1	1	0	0
1	1	UID1540123	1	1	0	0
1	1	UID1540124	1	1	0	0
1	1	UID1540126	1	1	0	0
1	1	UID1540127	1	1	0	0
1	1	UID1540139	1	1	0	0
1	1	UID1540140	1	1	0	0
1	1	UID1540141	1	1	0	0
1	1	UID1540145	1	1	0	0
1	1	UID1540150	1	1	0	0
1	1	UID1540155	1	1	0	0
1	1	UID1540156	1	1	0	0
1	1	UID1540172	1	1	0	0
1	1	UID1540175	1	1	0	0
1	1	UID1540178	1	1	0	0
1	1	UID1540179	1	1	0	0
1	1	UID1540180	1	1	0	0
1	1	UID1540181	1	1	0	0
1	1	UID1540182	1	1	0	0
1	1	UID1540183	1	1	0	0
1	1	UID1540185	1	1	0	0
1	1	UID1540187	1	1	0	0
1	1	UID1540188	1	1	0	0
1	1	UID1540189	1	1	0	0
1	1	UID1540190	1	1	0	0
1	1	UID1540191	1	1	0	0
1	1	UID1540194	1	1	0	0
1	1	UID1540195	1	1	0	0
1	1	UID1540197	1	1	0	0
1	1	UID1540198	1	1	0	0
1	1	UID1540201	1	1	0	0
1	1	UID1540202	1	1	0	0
1	1	UID1540203	1	1	0	0
1	1	UID1540204	1	1	0	0
1	1	UID1540206	1	1	0	0
1	1	UID1540207	1	1	0	0
1	1	UID1540208	1	1	0	0
1	1	UID1540212	1	1	0	0
1	1	UID1540213	1	1	0	0
1	1	UID1540222	1	1	0	0
1	1	UID1540224	1	1	0	0
1	1	UID1540226	1	1	0	0
1	1	UID1540227	1	1	0	0
1	1	UID1540229	1	1	0	0
1	1	UID1540245	1	1	0	0
1	1	UID1540249	1	1	0	0
1	1	UID1540256	1	1	0	0
1	1	UID1540260	1	1	0	0
1	1	UID1540267	1	1	0	0
1	1	UID1540275	1	1	0	0
1	1	UID1540280	1	1	0	0
1	1	UID1540284	1	1	0	0
1	1	UID1540285	1	1	0	0
1	1	UID1540286	1	1	0	0
1	1	UID1540289	1	1	0	0
1	1	UID1540306	1	1	0	0
1	1	UID1540308	1	1	0	0
2	2	UID1540309	1	2	1	1
1	1	UID1540313	1	1	0	0
1	1	UID1540314	1	1	0	0
1	1	UID1540315	1	1	0	0
1	1	UID1540317	1	1	0	0
1	1	UID1540327	1	1	0	0
1	1	UID1540328	1	1	0	0
1	1	UID180940	1	1	0	0
1	1	UID200603	1	1	0	0
1	1	UID203150	1	1	0	0
1	1	UID214515	1	1	0	0
1	1	UID292440	1	1	0	0
1	1	UID292461	1	1	0	0
1	1	UID302500	1	1	0	0
1	1	UID309420	1	1	0	0
1	1	UID326695	1	1	0	0
1	1	UID54622	1	1	0	0
1	1	UID56147	1	1	0	0
1	1	UID5821	1	1	0	0
1	1	UID60277	1	1	0	0
1	1	UID61386	1	1	0	0
1	1	UID62284	1	1	0	0
1	1	UID703984	1	1	0	0
1	1	UID70	1	1	0	0
2	2	UID718246	1	2	1	1
1	1	UID72438	1	1	0	0
1	1	UID72448	1	1	0	0
1	1	UID72484	1	1	0	0
1	1	UID72597	1	1	0	0
1	1	UID750655	1	1	0	0
1	1	UID757064	1	1	0	0
1	1	UID806265	1	1	0	0
1	1	UID811643	1	1	0	0
1	1	UID812765	1	1	0	0
1	1	UID814548	1	1	0	0
1	1	UID824024	1	1	0	0
1	1	UID824496	1	1	0	0
1	1	UID904932	1	1	0	0
