4877	23909	UID1	10466	4111	6	6
2025	7635	UID2	3037	1630	8	8
1436	3133	UID3	970	1188	3	3
73	167	UID16	84	61	2	2
104	193	UID19	76	96	2	2
185	329	UID20	76	168	3	3
179	313	UID23	63	162	4	4
163	256	UID32	52	153	3	3
158	289	UID40	48	141	3	3
129	198	UID41	48	116	3	3
27	73	UID46	45	25	2	2
58	100	UID68	40	55	2	2
138	212	UID77	37	127	4	4
59	105	UID91	35	53	5	5
54	90	UID129	30	49	3	3
82	138	UID162	24	72	3	3
22	41	UID201	20	21	2	2
30	55	UID210	19	24	4	4
33	51	UID220	18	31	2	2
27	46	UID242	16	24	3	3
22	43	UID245	15	17	1	1
16	32	UID247	15	13	2	2
38	57	UID253	15	34	4	4
8	22	UID270	14	6	1	1
29	43	UID271	14	27	2	2
25	39	UID272	14	23	2	2
24	38	UID285	13	21	2	2
25	42	UID286	13	22	3	3
19	31	UID287	13	18	1	1
34	51	UID288	13	30	4	4
21	35	UID289	13	18	2	2
18	31	UID290	13	16	1	1
10	22	UID312	12	8	1	1
17	37	UID313	12	15	2	2
30	47	UID314	12	25	3	3
36	50	UID315	12	33	2	2
23	35	UID329	11	20	2	2
28	39	UID380	9	25	3	3
28	37	UID381	9	26	2	2
52	64	UID383	9	50	3	3
15	24	UID404	8	12	2	2
10	19	UID407	8	7	2	2
13	20	UID409	8	12	2	2
4	11	UID411	8	3	1	1
13	20	UID414	8	12	1	1
8	14	UID452	7	7	1	1
6	19	UID453	7	3	1	1
18	24	UID454	7	17	2	2
28	34	UID456	7	27	2	2
39	46	UID457	7	37	2	2
16	21	UID508	6	15	2	2
21	27	UID520	6	19	3	3
3	8	UID521	6	2	1	1
16	24	UID584	5	14	2	2
9	13	UID587	5	8	1	1
19	23	UID592	5	18	1	1
8	12	UID604	5	7	1	1
5	9	UID606	5	4	1	1
31	37	UID608	5	29	3	3
6	9	UID705	4	5	1	1
13	16	UID728	4	12	2	2
17	20	UID731	4	16	1	1
4	7	UID732	4	3	1	1
22	26	UID734	4	20	2	2
17	21	UID737	4	15	3	3
4	7	UID739	4	3	1	1
1	3	UID1022	3	0	0	0
4	6	UID901	3	3	1	1
4	6	UID903	3	3	1	1
5	7	UID905	3	4	1	1
8	10	UID909	3	7	1	1
8	10	UID911	3	7	1	1
16	21	UID912	3	13	2	2
17	19	UID916	3	16	2	2
6	9	UID919	3	4	3	3
6	9	UID970	3	4	2	2
4	6	UID971	3	3	2	2
6	9	UID978	3	4	1	1
14	16	UID979	3	13	2	2
13	16	UID983	3	11	2	2
9	11	UID985	3	8	1	1
8	10	UID988	3	7	1	1
4	6	UID989	3	3	2	2
8	10	UID992	3	7	2	2
15	18	UID993	3	13	3	3
4	6	UID995	3	3	1	1
1	2	UID1399	2	0	0	0
4	5	UID1404	2	3	1	1
12	13	UID1407	2	11	3	3
4	6	UID1418	2	2	2	2
1	2	UID1427	2	0	0	0
1	2	UID1438	2	0	0	0
13	15	UID1445	2	11	2	2
1	2	UID1451	2	0	0	0
3	4	UID1466	2	2	1	1
6	7	UID1467	2	5	1	1
1	2	UID1473	2	0	0	0
9	11	UID1522	2	7	2	2
7	8	UID1533	2	6	1	1
18	20	UID1538	2	16	2	2
2	3	UID1548	2	1	1	1
1	2	UID1551	2	0	0	0
4	5	UID1563	2	3	1	1
1	2	UID1682	2	0	0	0
6	7	UID1683	2	5	1	1
3	4	UID1684	2	2	1	1
1	1	UID10000	1	1	0	0
1	1	UID10002	1	1	0	0
1	1	UID10004	1	1	0	0
1	1	UID10006	1	1	0	0
1	1	UID10017	1	1	0	0
1	1	UID10018	1	1	0	0
1	1	UID10022	1	1	0	0
1	1	UID10023	1	1	0	0
1	1	UID10024	1	1	0	0
1	1	UID10025	1	1	0	0
1	1	UID10026	1	1	0	0
1	1	UID10027	1	1	0	0
1	1	UID10028	1	1	0	0
1	1	UID10037	1	1	0	0
1	1	UID10041	1	1	0	0
1	1	UID10049	1	1	0	0
1	1	UID10054	1	1	0	0
1	1	UID10060	1	1	0	0
1	1	UID10066	1	1	0	0
1	1	UID10070	1	1	0	0
1	1	UID10073	1	1	0	0
1	1	UID10084	1	1	0	0
1	1	UID10086	1	1	0	0
1	1	UID10092	1	1	0	0
1	1	UID10101	1	1	0	0
1	1	UID10102	1	1	0	0
1	1	UID10103	1	1	0	0
1	1	UID10105	1	1	0	0
1	1	UID10117	1	1	0	0
1	1	UID10118	1	1	0	0
1	1	UID10124	1	1	0	0
1	1	UID10126	1	1	0	0
1	1	UID10130	1	1	0	0
1	1	UID10133	1	1	0	0
1	1	UID10134	1	1	0	0
1	1	UID10141	1	1	0	0
1	1	UID10144	1	1	0	0
1	1	UID10154	1	1	0	0
1	1	UID10160	1	1	0	0
1	1	UID10161	1	1	0	0
1	1	UID10163	1	1	0	0
1	1	UID10167	1	1	0	0
1	1	UID10170	1	1	0	0
1	1	UID10177	1	1	0	0
1	1	UID10199	1	1	0	0
1	1	UID10201	1	1	0	0
1	1	UID10203	1	1	0	0
1	1	UID10205	1	1	0	0
1	1	UID10210	1	1	0	0
1	1	UID10216	1	1	0	0
1	1	UID10217	1	1	0	0
1	1	UID10222	1	1	0	0
1	1	UID10223	1	1	0	0
1	1	UID10224	1	1	0	0
1	1	UID10234	1	1	0	0
1	1	UID10236	1	1	0	0
1	1	UID10243	1	1	0	0
1	1	UID10246	1	1	0	0
1	1	UID10248	1	1	0	0
1	1	UID10249	1	1	0	0
1	1	UID10250	1	1	0	0
1	1	UID10255	1	1	0	0
1	1	UID10258	1	1	0	0
1	1	UID10259	1	1	0	0
1	1	UID10260	1	1	0	0
1	1	UID10264	1	1	0	0
1	1	UID10270	1	1	0	0
1	1	UID10271	1	1	0	0
1	1	UID10277	1	1	0	0
1	1	UID10280	1	1	0	0
1	1	UID10281	1	1	0	0
1	1	UID10287	1	1	0	0
1	1	UID10289	1	1	0	0
1	1	UID10290	1	1	0	0
1	1	UID10291	1	1	0	0
1	1	UID10296	1	1	0	0
1	1	UID10298	1	1	0	0
1	1	UID10299	1	1	0	0
1	1	UID10300	1	1	0	0
1	1	UID10305	1	1	0	0
1	1	UID10309	1	1	0	0
1	1	UID10313	1	1	0	0
1	1	UID10315	1	1	0	0
1	1	UID10329	1	1	0	0
1	1	UID10330	1	1	0	0
1	1	UID10332	1	1	0	0
1	1	UID10333	1	1	0	0
1	1	UID10334	1	1	0	0
1	1	UID10339	1	1	0	0
1	1	UID10341	1	1	0	0
1	1	UID10342	1	1	0	0
1	1	UID10343	1	1	0	0
1	1	UID10345	1	1	0	0
1	1	UID10348	1	1	0	0
1	1	UID10350	1	1	0	0
1	1	UID10352	1	1	0	0
1	1	UID10356	1	1	0	0
1	1	UID10357	1	1	0	0
1	1	UID10359	1	1	0	0
1	1	UID10365	1	1	0	0
1	1	UID10367	1	1	0	0
1	1	UID10368	1	1	0	0
1	1	UID10370	1	1	0	0
1	1	UID10375	1	1	0	0
1	1	UID10377	1	1	0	0
1	1	UID10379	1	1	0	0
1	1	UID10380	1	1	0	0
1	1	UID10381	1	1	0	0
1	1	UID10382	1	1	0	0
1	1	UID10384	1	1	0	0
1	1	UID10394	1	1	0	0
1	1	UID10397	1	1	0	0
1	1	UID10413	1	1	0	0
1	1	UID10417	1	1	0	0
1	1	UID10425	1	1	0	0
1	1	UID10427	1	1	0	0
1	1	UID10428	1	1	0	0
1	1	UID10433	1	1	0	0
1	1	UID10434	1	1	0	0
1	1	UID10439	1	1	0	0
1	1	UID10447	1	1	0	0
1	1	UID10453	1	1	0	0
1	1	UID10461	1	1	0	0
1	1	UID10462	1	1	0	0
1	1	UID10589	1	1	0	0
1	1	UID10608	1	1	0	0
9	9	UID10644	1	9	3	3
23	23	UID10646	1	23	2	2
1	1	UID10650	1	1	0	0
1	1	UID10651	1	1	0	0
1	1	UID10654	1	1	0	0
12	12	UID10661	1	12	3	3
1	1	UID10662	1	1	0	0
1	1	UID10695	1	1	0	0
1	1	UID10713	1	1	0	0
2	2	UID10715	1	2	1	1
1	1	UID10722	1	1	0	0
1	1	UID10724	1	1	0	0
1	1	UID10725	1	1	0	0
1	1	UID10728	1	1	0	0
1	1	UID10746	1	1	0	0
1	1	UID10771	1	1	0	0
1	1	UID10775	1	1	0	0
1	1	UID10782	1	1	0	0
1	1	UID10805	1	1	0	0
1	1	UID10807	1	1	0	0
1	1	UID10810	1	1	0	0
1	1	UID10814	1	1	0	0
1	1	UID10815	1	1	0	0
1	1	UID10816	1	1	0	0
1	1	UID10820	1	1	0	0
1	1	UID10822	1	1	0	0
1	1	UID10824	1	1	0	0
1	1	UID10827	1	1	0	0
1	1	UID10846	1	1	0	0
1	1	UID10850	1	1	0	0
1	1	UID10855	1	1	0	0
1	1	UID10856	1	1	0	0
1	1	UID10857	1	1	0	0
1	1	UID10866	1	1	0	0
1	1	UID10879	1	1	0	0
1	1	UID10891	1	1	0	0
1	1	UID10931	1	1	0	0
1	1	UID10954	1	1	0	0
1	1	UID10956	1	1	0	0
1	1	UID10957	1	1	0	0
1	1	UID10958	1	1	0	0
1	1	UID10961	1	1	0	0
1	1	UID11002	1	1	0	0
1	1	UID11005	1	1	0	0
1	1	UID11015	1	1	0	0
1	1	UID11017	1	1	0	0
1	1	UID11019	1	1	0	0
1	1	UID11023	1	1	0	0
1	1	UID11024	1	1	0	0
1	1	UID11027	1	1	0	0
1	1	UID11032	1	1	0	0
1	1	UID11039	1	1	0	0
1	1	UID11050	1	1	0	0
1	1	UID11080	1	1	0	0
1	1	UID11090	1	1	0	0
1	1	UID11091	1	1	0	0
1	1	UID11095	1	1	0	0
1	1	UID11105	1	1	0	0
1	1	UID11111	1	1	0	0
1	1	UID11115	1	1	0	0
1	1	UID11116	1	1	0	0
1	1	UID11118	1	1	0	0
1	1	UID11120	1	1	0	0
1	1	UID11121	1	1	0	0
1	1	UID11129	1	1	0	0
1	1	UID11154	1	1	0	0
1	1	UID11160	1	1	0	0
1	1	UID11161	1	1	0	0
1	1	UID11166	1	1	0	0
2	2	UID11173	1	2	1	1
1	1	UID11177	1	1	0	0
1	1	UID11187	1	1	0	0
1	1	UID11188	1	1	0	0
1	1	UID11203	1	1	0	0
1	1	UID11258	1	1	0	0
1	1	UID11260	1	1	0	0
1	1	UID11263	1	1	0	0
1	1	UID11264	1	1	0	0
1	1	UID11274	1	1	0	0
1	1	UID11277	1	1	0	0
1	1	UID11282	1	1	0	0
1	1	UID11290	1	1	0	0
1	1	UID11292	1	1	0	0
1	1	UID11301	1	1	0	0
1	1	UID11315	1	1	0	0
1	1	UID11324	1	1	0	0
1	1	UID11330	1	1	0	0
1	1	UID11366	1	1	0	0
1	1	UID11367	1	1	0	0
1	1	UID11369	1	1	0	0
1	1	UID11378	1	1	0	0
2	2	UID11381	1	2	1	1
1	1	UID11385	1	1	0	0
1	1	UID11390	1	1	0	0
1	1	UID11391	1	1	0	0
1	1	UID11401	1	1	0	0
1	1	UID11413	1	1	0	0
1	1	UID11452	1	1	0	0
1	1	UID11453	1	1	0	0
1	1	UID11454	1	1	0	0
1	1	UID11457	1	1	0	0
1	1	UID11465	1	1	0	0
1	1	UID11466	1	1	0	0
1	1	UID11471	1	1	0	0
1	1	UID11473	1	1	0	0
1	1	UID11474	1	1	0	0
1	1	UID11477	1	1	0	0
1	1	UID11485	1	1	0	0
1	1	UID11488	1	1	0	0
1	1	UID11498	1	1	0	0
1	1	UID11499	1	1	0	0
1	1	UID11500	1	1	0	0
1	1	UID11504	1	1	0	0
1	1	UID11505	1	1	0	0
1	1	UID11511	1	1	0	0
1	1	UID11514	1	1	0	0
1	1	UID11515	1	1	0	0
1	1	UID11518	1	1	0	0
1	1	UID11522	1	1	0	0
1	1	UID11527	1	1	0	0
1	1	UID11559	1	1	0	0
1	1	UID11561	1	1	0	0
1	1	UID11564	1	1	0	0
1	1	UID11572	1	1	0	0
1	1	UID11576	1	1	0	0
1	1	UID11581	1	1	0	0
1	1	UID11585	1	1	0	0
1	1	UID11589	1	1	0	0
1	1	UID11590	1	1	0	0
1	1	UID11591	1	1	0	0
1	1	UID11594	1	1	0	0
1	1	UID11600	1	1	0	0
1	1	UID11610	1	1	0	0
1	1	UID11611	1	1	0	0
1	1	UID11613	1	1	0	0
1	1	UID11614	1	1	0	0
1	1	UID11618	1	1	0	0
1	1	UID11627	1	1	0	0
1	1	UID11630	1	1	0	0
1	1	UID11641	1	1	0	0
1	1	UID11645	1	1	0	0
1	1	UID11718	1	1	0	0
1	1	UID11740	1	1	0	0
1	1	UID11746	1	1	0	0
1	1	UID11769	1	1	0	0
1	1	UID11777	1	1	0	0
1	1	UID11790	1	1	0	0
1	1	UID11796	1	1	0	0
1	1	UID11797	1	1	0	0
1	1	UID11842	1	1	0	0
1	1	UID11844	1	1	0	0
1	1	UID11861	1	1	0	0
1	1	UID11864	1	1	0	0
1	1	UID11868	1	1	0	0
1	1	UID11869	1	1	0	0
1	1	UID11873	1	1	0	0
1	1	UID11875	1	1	0	0
1	1	UID11878	1	1	0	0
1	1	UID11880	1	1	0	0
1	1	UID11893	1	1	0	0
1	1	UID11926	1	1	0	0
1	1	UID11931	1	1	0	0
1	1	UID11935	1	1	0	0
1	1	UID11936	1	1	0	0
1	1	UID11940	1	1	0	0
1	1	UID11941	1	1	0	0
1	1	UID11945	1	1	0	0
1	1	UID11946	1	1	0	0
1	1	UID11952	1	1	0	0
1	1	UID11953	1	1	0	0
1	1	UID11955	1	1	0	0
1	1	UID11958	1	1	0	0
1	1	UID11963	1	1	0	0
1	1	UID11964	1	1	0	0
1	1	UID11971	1	1	0	0
1	1	UID11975	1	1	0	0
1	1	UID11997	1	1	0	0
1	1	UID12004	1	1	0	0
1	1	UID12008	1	1	0	0
1	1	UID12014	1	1	0	0
1	1	UID12018	1	1	0	0
1	1	UID12020	1	1	0	0
1	1	UID12024	1	1	0	0
1	1	UID12027	1	1	0	0
1	1	UID12028	1	1	0	0
1	1	UID12053	1	1	0	0
1	1	UID12063	1	1	0	0
1	1	UID12069	1	1	0	0
1	1	UID12071	1	1	0	0
1	1	UID12072	1	1	0	0
1	1	UID12075	1	1	0	0
1	1	UID12076	1	1	0	0
1	1	UID12077	1	1	0	0
1	1	UID12078	1	1	0	0
1	1	UID12080	1	1	0	0
1	1	UID12081	1	1	0	0
1	1	UID12082	1	1	0	0
1	1	UID12083	1	1	0	0
6	6	UID12084	1	6	1	1
1	1	UID12087	1	1	0	0
1	1	UID12088	1	1	0	0
1	1	UID12089	1	1	0	0
1	1	UID12091	1	1	0	0
2	2	UID12092	1	2	1	1
1	1	UID12093	1	1	0	0
1	1	UID12094	1	1	0	0
1	1	UID12095	1	1	0	0
2	2	UID12098	1	2	1	1
1	1	UID12104	1	1	0	0
1	1	UID12105	1	1	0	0
1	1	UID12107	1	1	0	0
1	1	UID12108	1	1	0	0
1	1	UID12111	1	1	0	0
1	1	UID12119	1	1	0	0
1	1	UID12125	1	1	0	0
1	1	UID12127	1	1	0	0
1	1	UID12135	1	1	0	0
1	1	UID12139	1	1	0	0
1	1	UID12156	1	1	0	0
1	1	UID12170	1	1	0	0
1	1	UID12176	1	1	0	0
1	1	UID12181	1	1	0	0
1	1	UID12182	1	1	0	0
1	1	UID12183	1	1	0	0
1	1	UID12185	1	1	0	0
1	1	UID12186	1	1	0	0
1	1	UID12188	1	1	0	0
1	1	UID12191	1	1	0	0
1	1	UID12200	1	1	0	0
1	1	UID12203	1	1	0	0
1	1	UID12205	1	1	0	0
1	1	UID12223	1	1	0	0
1	1	UID12224	1	1	0	0
1	1	UID12234	1	1	0	0
1	1	UID12239	1	1	0	0
1	1	UID12248	1	1	0	0
1	1	UID12299	1	1	0	0
1	1	UID12302	1	1	0	0
1	1	UID12305	1	1	0	0
1	1	UID12313	1	1	0	0
1	1	UID12315	1	1	0	0
1	1	UID12318	1	1	0	0
1	1	UID12330	1	1	0	0
1	1	UID12331	1	1	0	0
1	1	UID12332	1	1	0	0
1	1	UID12342	1	1	0	0
1	1	UID12355	1	1	0	0
1	1	UID12357	1	1	0	0
1	1	UID12358	1	1	0	0
1	1	UID12361	1	1	0	0
1	1	UID12375	1	1	0	0
1	1	UID12377	1	1	0	0
1	1	UID12379	1	1	0	0
1	1	UID12380	1	1	0	0
1	1	UID12386	1	1	0	0
1	1	UID1699	1	1	0	0
1	1	UID1702	1	1	0	0
1	1	UID1705	1	1	0	0
1	1	UID1706	1	1	0	0
1	1	UID1721	1	1	0	0
1	1	UID1726	1	1	0	0
1	1	UID1729	1	1	0	0
1	1	UID1732	1	1	0	0
1	1	UID1737	1	1	0	0
1	1	UID1750	1	1	0	0
1	1	UID1755	1	1	0	0
1	1	UID1756	1	1	0	0
1	1	UID1759	1	1	0	0
1	1	UID1760	1	1	0	0
1	1	UID1761	1	1	0	0
1	1	UID1769	1	1	0	0
1	1	UID1771	1	1	0	0
1	1	UID1776	1	1	0	0
1	1	UID1779	1	1	0	0
1	1	UID1785	1	1	0	0
1	1	UID1794	1	1	0	0
1	1	UID1825	1	1	0	0
1	1	UID1840	1	1	0	0
1	1	UID1843	1	1	0	0
1	1	UID1845	1	1	0	0
1	1	UID1848	1	1	0	0
1	1	UID1851	1	1	0	0
1	1	UID1857	1	1	0	0
1	1	UID1861	1	1	0	0
1	1	UID1863	1	1	0	0
1	1	UID1864	1	1	0	0
1	1	UID1865	1	1	0	0
1	1	UID1872	1	1	0	0
1	1	UID1875	1	1	0	0
1	1	UID1883	1	1	0	0
1	1	UID1884	1	1	0	0
1	1	UID1891	1	1	0	0
1	1	UID1894	1	1	0	0
1	1	UID1899	1	1	0	0
1	1	UID1901	1	1	0	0
1	1	UID1902	1	1	0	0
1	1	UID1903	1	1	0	0
1	1	UID1908	1	1	0	0
1	1	UID1909	1	1	0	0
1	1	UID1942	1	1	0	0
1	1	UID1949	1	1	0	0
1	1	UID1952	1	1	0	0
1	1	UID1957	1	1	0	0
1	1	UID1961	1	1	0	0
1	1	UID1971	1	1	0	0
1	1	UID1972	1	1	0	0
1	1	UID1973	1	1	0	0
1	1	UID1979	1	1	0	0
1	1	UID2006	1	1	0	0
1	1	UID2007	1	1	0	0
1	1	UID2016	1	1	0	0
1	1	UID2021	1	1	0	0
1	1	UID2023	1	1	0	0
1	1	UID2034	1	1	0	0
1	1	UID2049	1	1	0	0
1	1	UID2052	1	1	0	0
1	1	UID2054	1	1	0	0
1	1	UID2075	1	1	0	0
1	1	UID2131	1	1	0	0
1	1	UID2133	1	1	0	0
1	1	UID2135	1	1	0	0
1	1	UID2139	1	1	0	0
1	1	UID2148	1	1	0	0
1	1	UID2152	1	1	0	0
1	1	UID2157	1	1	0	0
1	1	UID2159	1	1	0	0
1	1	UID2167	1	1	0	0
1	1	UID2173	1	1	0	0
1	1	UID2184	1	1	0	0
1	1	UID2187	1	1	0	0
1	1	UID2197	1	1	0	0
1	1	UID2200	1	1	0	0
1	1	UID2227	1	1	0	0
1	1	UID2229	1	1	0	0
1	1	UID2234	1	1	0	0
1	1	UID2236	1	1	0	0
1	1	UID2239	1	1	0	0
1	1	UID2243	1	1	0	0
1	1	UID2245	1	1	0	0
1	1	UID2246	1	1	0	0
1	1	UID2267	1	1	0	0
1	1	UID2272	1	1	0	0
1	1	UID2274	1	1	0	0
1	1	UID2278	1	1	0	0
1	1	UID2282	1	1	0	0
1	1	UID2303	1	1	0	0
1	1	UID2313	1	1	0	0
1	1	UID2315	1	1	0	0
1	1	UID2316	1	1	0	0
1	1	UID2323	1	1	0	0
1	1	UID2324	1	1	0	0
1	1	UID2325	1	1	0	0
1	1	UID2331	1	1	0	0
1	1	UID2372	1	1	0	0
1	1	UID2401	1	1	0	0
1	1	UID2403	1	1	0	0
1	1	UID2408	1	1	0	0
1	1	UID2419	1	1	0	0
1	1	UID2423	1	1	0	0
1	1	UID2425	1	1	0	0
1	1	UID2429	1	1	0	0
1	1	UID2433	1	1	0	0
1	1	UID2441	1	1	0	0
1	1	UID2461	1	1	0	0
1	1	UID2470	1	1	0	0
1	1	UID2474	1	1	0	0
1	1	UID2487	1	1	0	0
1	1	UID2494	1	1	0	0
1	1	UID2501	1	1	0	0
1	1	UID2506	1	1	0	0
1	1	UID2510	1	1	0	0
1	1	UID2523	1	1	0	0
1	1	UID2567	1	1	0	0
1	1	UID2570	1	1	0	0
1	1	UID2572	1	1	0	0
1	1	UID2586	1	1	0	0
1	1	UID2587	1	1	0	0
1	1	UID2589	1	1	0	0
1	1	UID2597	1	1	0	0
1	1	UID2614	1	1	0	0
1	1	UID2628	1	1	0	0
1	1	UID2634	1	1	0	0
1	1	UID2648	1	1	0	0
1	1	UID2651	1	1	0	0
2	2	UID2674	1	2	1	1
1	1	UID2675	1	1	0	0
1	1	UID2682	1	1	0	0
1	1	UID2683	1	1	0	0
1	1	UID2684	1	1	0	0
1	1	UID2687	1	1	0	0
1	1	UID2692	1	1	0	0
1	1	UID2693	1	1	0	0
1	1	UID2709	1	1	0	0
1	1	UID2731	1	1	0	0
1	1	UID2735	1	1	0	0
1	1	UID2736	1	1	0	0
1	1	UID2737	1	1	0	0
1	1	UID2738	1	1	0	0
1	1	UID2740	1	1	0	0
1	1	UID2741	1	1	0	0
1	1	UID2742	1	1	0	0
1	1	UID2748	1	1	0	0
1	1	UID2752	1	1	0	0
1	1	UID2753	1	1	0	0
1	1	UID2756	1	1	0	0
1	1	UID2762	1	1	0	0
1	1	UID2795	1	1	0	0
1	1	UID2797	1	1	0	0
1	1	UID2798	1	1	0	0
1	1	UID2801	1	1	0	0
1	1	UID2805	1	1	0	0
1	1	UID2807	1	1	0	0
1	1	UID2814	1	1	0	0
1	1	UID2821	1	1	0	0
1	1	UID2822	1	1	0	0
1	1	UID2857	1	1	0	0
1	1	UID2861	1	1	0	0
1	1	UID2863	1	1	0	0
1	1	UID2865	1	1	0	0
1	1	UID2870	1	1	0	0
1	1	UID2874	1	1	0	0
1	1	UID2877	1	1	0	0
1	1	UID2880	1	1	0	0
1	1	UID2881	1	1	0	0
1	1	UID2882	1	1	0	0
1	1	UID2898	1	1	0	0
1	1	UID2903	1	1	0	0
1	1	UID2907	1	1	0	0
1	1	UID2911	1	1	0	0
1	1	UID2922	1	1	0	0
1	1	UID2930	1	1	0	0
1	1	UID2942	1	1	0	0
1	1	UID2945	1	1	0	0
1	1	UID2946	1	1	0	0
1	1	UID2953	1	1	0	0
1	1	UID2955	1	1	0	0
1	1	UID2987	1	1	0	0
1	1	UID2991	1	1	0	0
1	1	UID3006	1	1	0	0
1	1	UID3024	1	1	0	0
1	1	UID3030	1	1	0	0
1	1	UID3037	1	1	0	0
1	1	UID3040	1	1	0	0
1	1	UID3076	1	1	0	0
1	1	UID3078	1	1	0	0
1	1	UID3086	1	1	0	0
1	1	UID3097	1	1	0	0
1	1	UID3099	1	1	0	0
1	1	UID3143	1	1	0	0
1	1	UID3161	1	1	0	0
1	1	UID3178	1	1	0	0
1	1	UID3187	1	1	0	0
1	1	UID3193	1	1	0	0
1	1	UID3196	1	1	0	0
1	1	UID3200	1	1	0	0
1	1	UID3218	1	1	0	0
1	1	UID3222	1	1	0	0
1	1	UID3230	1	1	0	0
1	1	UID3264	1	1	0	0
1	1	UID3275	1	1	0	0
1	1	UID3278	1	1	0	0
1	1	UID3323	1	1	0	0
1	1	UID3354	1	1	0	0
1	1	UID3372	1	1	0	0
1	1	UID3376	1	1	0	0
1	1	UID3439	1	1	0	0
1	1	UID3445	1	1	0	0
1	1	UID3453	1	1	0	0
1	1	UID3487	1	1	0	0
1	1	UID3545	1	1	0	0
1	1	UID3585	1	1	0	0
1	1	UID3596	1	1	0	0
1	1	UID3633	1	1	0	0
1	1	UID3635	1	1	0	0
1	1	UID3701	1	1	0	0
1	1	UID3756	1	1	0	0
1	1	UID3787	1	1	0	0
1	1	UID3792	1	1	0	0
1	1	UID3816	1	1	0	0
1	1	UID3842	1	1	0	0
1	1	UID3866	1	1	0	0
1	1	UID3886	1	1	0	0
1	1	UID3890	1	1	0	0
1	1	UID3891	1	1	0	0
1	1	UID3933	1	1	0	0
1	1	UID4091	1	1	0	0
1	1	UID4115	1	1	0	0
1	1	UID4145	1	1	0	0
1	1	UID4157	1	1	0	0
1	1	UID4167	1	1	0	0
1	1	UID4170	1	1	0	0
1	1	UID4182	1	1	0	0
1	1	UID4188	1	1	0	0
1	1	UID4230	1	1	0	0
1	1	UID4420	1	1	0	0
1	1	UID4459	1	1	0	0
1	1	UID4465	1	1	0	0
1	1	UID4535	1	1	0	0
1	1	UID4611	1	1	0	0
1	1	UID4827	1	1	0	0
1	1	UID5293	1	1	0	0
1	1	UID5294	1	1	0	0
1	1	UID5329	1	1	0	0
1	1	UID5340	1	1	0	0
1	1	UID5491	1	1	0	0
1	1	UID5534	1	1	0	0
1	1	UID5574	1	1	0	0
1	1	UID5578	1	1	0	0
1	1	UID5587	1	1	0	0
1	1	UID5622	1	1	0	0
1	1	UID5646	1	1	0	0
1	1	UID5719	1	1	0	0
1	1	UID5729	1	1	0	0
1	1	UID5854	1	1	0	0
1	1	UID5858	1	1	0	0
1	1	UID5861	1	1	0	0
1	1	UID5870	1	1	0	0
1	1	UID5934	1	1	0	0
1	1	UID5952	1	1	0	0
1	1	UID6010	1	1	0	0
1	1	UID6079	1	1	0	0
1	1	UID6094	1	1	0	0
1	1	UID6096	1	1	0	0
1	1	UID6139	1	1	0	0
1	1	UID6187	1	1	0	0
1	1	UID6195	1	1	0	0
1	1	UID6202	1	1	0	0
1	1	UID6223	1	1	0	0
1	1	UID6246	1	1	0	0
1	1	UID6295	1	1	0	0
1	1	UID6332	1	1	0	0
1	1	UID6333	1	1	0	0
1	1	UID6339	1	1	0	0
1	1	UID6343	1	1	0	0
1	1	UID6355	1	1	0	0
4	4	UID6356	1	4	2	2
1	1	UID6357	1	1	0	0
1	1	UID6361	1	1	0	0
1	1	UID6366	1	1	0	0
1	1	UID6398	1	1	0	0
1	1	UID6421	1	1	0	0
1	1	UID6425	1	1	0	0
1	1	UID6465	1	1	0	0
1	1	UID6510	1	1	0	0
1	1	UID6534	1	1	0	0
1	1	UID6540	1	1	0	0
1	1	UID6545	1	1	0	0
1	1	UID6548	1	1	0	0
1	1	UID6614	1	1	0	0
1	1	UID6638	1	1	0	0
1	1	UID6641	1	1	0	0
1	1	UID6642	1	1	0	0
1	1	UID6682	1	1	0	0
1	1	UID6683	1	1	0	0
1	1	UID6726	1	1	0	0
1	1	UID6734	1	1	0	0
1	1	UID6741	1	1	0	0
1	1	UID6790	1	1	0	0
1	1	UID6807	1	1	0	0
1	1	UID6833	1	1	0	0
1	1	UID6835	1	1	0	0
1	1	UID6847	1	1	0	0
1	1	UID6861	1	1	0	0
1	1	UID6890	1	1	0	0
1	1	UID6903	1	1	0	0
1	1	UID6904	1	1	0	0
1	1	UID6905	1	1	0	0
1	1	UID6906	1	1	0	0
1	1	UID6908	1	1	0	0
1	1	UID6910	1	1	0	0
1	1	UID6911	1	1	0	0
1	1	UID6915	1	1	0	0
1	1	UID6922	1	1	0	0
1	1	UID6925	1	1	0	0
1	1	UID6929	1	1	0	0
1	1	UID6930	1	1	0	0
1	1	UID6931	1	1	0	0
1	1	UID6939	1	1	0	0
1	1	UID6940	1	1	0	0
1	1	UID6942	1	1	0	0
1	1	UID6951	1	1	0	0
1	1	UID6959	1	1	0	0
1	1	UID6960	1	1	0	0
1	1	UID6961	1	1	0	0
1	1	UID6962	1	1	0	0
1	1	UID6963	1	1	0	0
1	1	UID6964	1	1	0	0
1	1	UID6965	1	1	0	0
1	1	UID6972	1	1	0	0
1	1	UID6973	1	1	0	0
1	1	UID6974	1	1	0	0
1	1	UID6978	1	1	0	0
1	1	UID6980	1	1	0	0
1	1	UID6996	1	1	0	0
1	1	UID6998	1	1	0	0
1	1	UID6999	1	1	0	0
1	1	UID7000	1	1	0	0
1	1	UID7001	1	1	0	0
1	1	UID7003	1	1	0	0
1	1	UID7004	1	1	0	0
1	1	UID7005	1	1	0	0
1	1	UID7006	1	1	0	0
1	1	UID7008	1	1	0	0
1	1	UID7011	1	1	0	0
1	1	UID7012	1	1	0	0
1	1	UID7016	1	1	0	0
1	1	UID7018	1	1	0	0
1	1	UID7019	1	1	0	0
1	1	UID7022	1	1	0	0
1	1	UID7023	1	1	0	0
1	1	UID7028	1	1	0	0
1	1	UID7032	1	1	0	0
1	1	UID7033	1	1	0	0
1	1	UID7034	1	1	0	0
1	1	UID7054	1	1	0	0
1	1	UID7058	1	1	0	0
1	1	UID7059	1	1	0	0
1	1	UID7065	1	1	0	0
1	1	UID7067	1	1	0	0
2	2	UID7068	1	2	1	1
1	1	UID7070	1	1	0	0
1	1	UID7072	1	1	0	0
1	1	UID7073	1	1	0	0
1	1	UID7074	1	1	0	0
1	1	UID7079	1	1	0	0
1	1	UID7086	1	1	0	0
1	1	UID7102	1	1	0	0
1	1	UID7106	1	1	0	0
2	2	UID7115	1	2	1	1
1	1	UID7118	1	1	0	0
1	1	UID7122	1	1	0	0
1	1	UID7123	1	1	0	0
1	1	UID7125	1	1	0	0
1	1	UID7126	1	1	0	0
1	1	UID7127	1	1	0	0
1	1	UID7128	1	1	0	0
1	1	UID7129	1	1	0	0
1	1	UID7132	1	1	0	0
1	1	UID7137	1	1	0	0
1	1	UID7143	1	1	0	0
1	1	UID7144	1	1	0	0
1	1	UID7145	1	1	0	0
1	1	UID7146	1	1	0	0
1	1	UID7152	1	1	0	0
1	1	UID7154	1	1	0	0
1	1	UID7157	1	1	0	0
1	1	UID7169	1	1	0	0
1	1	UID7171	1	1	0	0
1	1	UID7174	1	1	0	0
1	1	UID7175	1	1	0	0
6	6	UID7178	1	6	3	3
1	1	UID7182	1	1	0	0
1	1	UID7183	1	1	0	0
1	1	UID7186	1	1	0	0
1	1	UID7189	1	1	0	0
1	1	UID7190	1	1	0	0
1	1	UID7191	1	1	0	0
1	1	UID7205	1	1	0	0
1	1	UID7206	1	1	0	0
1	1	UID7210	1	1	0	0
1	1	UID7211	1	1	0	0
1	1	UID7213	1	1	0	0
1	1	UID7219	1	1	0	0
1	1	UID7224	1	1	0	0
1	1	UID7230	1	1	0	0
1	1	UID7233	1	1	0	0
1	1	UID7248	1	1	0	0
1	1	UID7258	1	1	0	0
1	1	UID7261	1	1	0	0
1	1	UID7265	1	1	0	0
1	1	UID7272	1	1	0	0
1	1	UID7284	1	1	0	0
1	1	UID7289	1	1	0	0
1	1	UID7302	1	1	0	0
1	1	UID7303	1	1	0	0
2	2	UID7304	1	2	1	1
1	1	UID7311	1	1	0	0
1	1	UID7312	1	1	0	0
1	1	UID7324	1	1	0	0
1	1	UID7326	1	1	0	0
1	1	UID7327	1	1	0	0
1	1	UID7335	1	1	0	0
1	1	UID7336	1	1	0	0
1	1	UID7338	1	1	0	0
2	2	UID7339	1	2	1	1
1	1	UID7340	1	1	0	0
1	1	UID7358	1	1	0	0
1	1	UID7359	1	1	0	0
1	1	UID7365	1	1	0	0
1	1	UID7368	1	1	0	0
1	1	UID7369	1	1	0	0
1	1	UID7370	1	1	0	0
1	1	UID7371	1	1	0	0
1	1	UID7372	1	1	0	0
1	1	UID7374	1	1	0	0
1	1	UID7375	1	1	0	0
1	1	UID7384	1	1	0	0
1	1	UID7398	1	1	0	0
1	1	UID7407	1	1	0	0
1	1	UID7408	1	1	0	0
1	1	UID7412	1	1	0	0
1	1	UID7418	1	1	0	0
1	1	UID7428	1	1	0	0
1	1	UID7429	1	1	0	0
1	1	UID7430	1	1	0	0
1	1	UID7436	1	1	0	0
1	1	UID7438	1	1	0	0
1	1	UID7439	1	1	0	0
1	1	UID7441	1	1	0	0
1	1	UID7445	1	1	0	0
1	1	UID7446	1	1	0	0
1	1	UID7459	1	1	0	0
1	1	UID7465	1	1	0	0
6	7	UID7466	1	5	2	2
1	1	UID7467	1	1	0	0
1	1	UID7470	1	1	0	0
1	1	UID7471	1	1	0	0
1	1	UID7475	1	1	0	0
1	1	UID7476	1	1	0	0
6	6	UID7477	1	6	2	2
1	1	UID7480	1	1	0	0
1	1	UID7481	1	1	0	0
1	1	UID7482	1	1	0	0
1	1	UID7485	1	1	0	0
1	1	UID7491	1	1	0	0
1	1	UID7492	1	1	0	0
1	1	UID7533	1	1	0	0
1	1	UID7534	1	1	0	0
1	1	UID7535	1	1	0	0
1	1	UID7537	1	1	0	0
1	1	UID7539	1	1	0	0
1	1	UID7540	1	1	0	0
1	1	UID7541	1	1	0	0
1	1	UID7545	1	1	0	0
1	1	UID7546	1	1	0	0
1	1	UID7548	1	1	0	0
1	1	UID7551	1	1	0	0
1	1	UID7555	1	1	0	0
1	1	UID7560	1	1	0	0
1	1	UID7561	1	1	0	0
1	1	UID7569	1	1	0	0
1	1	UID7571	1	1	0	0
1	1	UID7573	1	1	0	0
1	1	UID7576	1	1	0	0
1	1	UID7577	1	1	0	0
1	1	UID7579	1	1	0	0
1	1	UID7580	1	1	0	0
5	5	UID7582	1	5	2	2
1	1	UID7595	1	1	0	0
1	1	UID7598	1	1	0	0
1	1	UID7602	1	1	0	0
1	1	UID7612	1	1	0	0
1	1	UID7617	1	1	0	0
2	2	UID7622	1	2	1	1
1	1	UID7634	1	1	0	0
1	1	UID7635	1	1	0	0
1	1	UID7636	1	1	0	0
1	1	UID7645	1	1	0	0
1	1	UID7656	1	1	0	0
1	1	UID7657	1	1	0	0
1	1	UID7658	1	1	0	0
1	1	UID7661	1	1	0	0
1	1	UID7675	1	1	0	0
1	1	UID7677	1	1	0	0
1	1	UID7684	1	1	0	0
1	1	UID7687	1	1	0	0
1	1	UID7696	1	1	0	0
4	4	UID7697	1	4	2	2
1	1	UID7700	1	1	0	0
1	1	UID7721	1	1	0	0
2	2	UID7726	1	2	1	1
1	1	UID7730	1	1	0	0
1	1	UID7732	1	1	0	0
1	1	UID7738	1	1	0	0
1	1	UID7740	1	1	0	0
1	1	UID7748	1	1	0	0
1	1	UID7756	1	1	0	0
2	2	UID7759	1	2	1	1
1	1	UID7760	1	1	0	0
1	1	UID7761	1	1	0	0
1	1	UID7768	1	1	0	0
1	1	UID7769	1	1	0	0
1	1	UID7771	1	1	0	0
1	1	UID7773	1	1	0	0
1	1	UID7779	1	1	0	0
1	1	UID7781	1	1	0	0
1	1	UID7782	1	1	0	0
1	1	UID7784	1	1	0	0
7	7	UID7789	1	7	2	2
1	1	UID7790	1	1	0	0
1	1	UID7793	1	1	0	0
1	1	UID7796	1	1	0	0
1	1	UID7800	1	1	0	0
1	1	UID7811	1	1	0	0
1	1	UID7820	1	1	0	0
1	1	UID7825	1	1	0	0
3	3	UID7827	1	3	2	2
1	1	UID7829	1	1	0	0
1	1	UID7830	1	1	0	0
1	1	UID7853	1	1	0	0
1	1	UID7858	1	1	0	0
1	1	UID7861	1	1	0	0
1	1	UID7864	1	1	0	0
1	1	UID7866	1	1	0	0
1	1	UID7875	1	1	0	0
1	1	UID7891	1	1	0	0
1	1	UID7892	1	1	0	0
1	1	UID7900	1	1	0	0
1	1	UID7901	1	1	0	0
1	1	UID7905	1	1	0	0
1	1	UID7906	1	1	0	0
2	2	UID7907	1	2	1	1
1	1	UID7910	1	1	0	0
1	1	UID7913	1	1	0	0
1	1	UID7918	1	1	0	0
1	1	UID7919	1	1	0	0
1	1	UID7920	1	1	0	0
1	1	UID7922	1	1	0	0
1	1	UID7941	1	1	0	0
2	2	UID7945	1	2	1	1
1	1	UID7946	1	1	0	0
1	1	UID7949	1	1	0	0
1	1	UID7950	1	1	0	0
1	1	UID7951	1	1	0	0
1	1	UID7952	1	1	0	0
1	1	UID7953	1	1	0	0
1	1	UID7954	1	1	0	0
1	1	UID7955	1	1	0	0
1	1	UID7965	1	1	0	0
1	1	UID7968	1	1	0	0
1	1	UID7969	1	1	0	0
1	1	UID7970	1	1	0	0
1	1	UID7972	1	1	0	0
1	1	UID7973	1	1	0	0
1	1	UID7975	1	1	0	0
1	1	UID7976	1	1	0	0
1	1	UID7986	1	1	0	0
1	1	UID7989	1	1	0	0
1	1	UID7993	1	1	0	0
1	1	UID7998	1	1	0	0
1	1	UID7999	1	1	0	0
1	1	UID8012	1	1	0	0
1	1	UID8013	1	1	0	0
1	1	UID8014	1	1	0	0
1	1	UID8015	1	1	0	0
1	1	UID8024	1	1	0	0
1	1	UID8042	1	1	0	0
1	1	UID8045	1	1	0	0
1	1	UID8049	1	1	0	0
1	1	UID8054	1	1	0	0
1	1	UID8073	1	1	0	0
6	6	UID8077	1	6	1	1
1	1	UID8085	1	1	0	0
1	1	UID8086	1	1	0	0
1	1	UID8088	1	1	0	0
1	1	UID8090	1	1	0	0
1	1	UID8095	1	1	0	0
1	1	UID8097	1	1	0	0
1	1	UID8105	1	1	0	0
1	1	UID8106	1	1	0	0
1	1	UID8107	1	1	0	0
1	1	UID8108	1	1	0	0
1	1	UID8111	1	1	0	0
1	1	UID8113	1	1	0	0
1	1	UID8116	1	1	0	0
1	1	UID8118	1	1	0	0
1	1	UID8119	1	1	0	0
1	1	UID8133	1	1	0	0
1	1	UID8150	1	1	0	0
1	1	UID8152	1	1	0	0
1	1	UID8153	1	1	0	0
1	1	UID8154	1	1	0	0
1	1	UID8155	1	1	0	0
1	1	UID8158	1	1	0	0
1	1	UID8160	1	1	0	0
1	1	UID8167	1	1	0	0
1	1	UID8168	1	1	0	0
2	2	UID8176	1	2	1	1
1	1	UID8198	1	1	0	0
1	1	UID8207	1	1	0	0
1	1	UID8211	1	1	0	0
1	1	UID8220	1	1	0	0
1	1	UID8222	1	1	0	0
1	1	UID8223	1	1	0	0
1	1	UID8230	1	1	0	0
1	1	UID8262	1	1	0	0
1	1	UID8270	1	1	0	0
1	1	UID8271	1	1	0	0
1	1	UID8273	1	1	0	0
1	1	UID8288	1	1	0	0
2	2	UID8290	1	2	1	1
1	1	UID8292	1	1	0	0
1	1	UID8297	1	1	0	0
1	1	UID8304	1	1	0	0
1	1	UID8314	1	1	0	0
1	1	UID8316	1	1	0	0
1	1	UID8318	1	1	0	0
1	1	UID8324	1	1	0	0
1	1	UID8327	1	1	0	0
1	1	UID8329	1	1	0	0
1	1	UID8358	1	1	0	0
1	1	UID8360	1	1	0	0
1	1	UID8366	1	1	0	0
1	1	UID8371	1	1	0	0
1	1	UID8372	1	1	0	0
1	1	UID8374	1	1	0	0
1	1	UID8379	1	1	0	0
1	1	UID8388	1	1	0	0
1	1	UID8390	1	1	0	0
1	1	UID8391	1	1	0	0
1	1	UID8393	1	1	0	0
1	1	UID8398	1	1	0	0
1	1	UID8410	1	1	0	0
1	1	UID8413	1	1	0	0
1	1	UID8416	1	1	0	0
1	1	UID8424	1	1	0	0
1	1	UID8431	1	1	0	0
1	1	UID8435	1	1	0	0
1	1	UID8443	1	1	0	0
1	1	UID8456	1	1	0	0
1	1	UID8457	1	1	0	0
1	1	UID8459	1	1	0	0
1	1	UID8461	1	1	0	0
1	1	UID8463	1	1	0	0
1	1	UID8465	1	1	0	0
1	1	UID8470	1	1	0	0
4	4	UID8476	1	4	1	1
1	1	UID8478	1	1	0	0
1	1	UID8480	1	1	0	0
1	1	UID8481	1	1	0	0
1	1	UID8487	1	1	0	0
1	1	UID8489	1	1	0	0
2	2	UID8497	1	2	1	1
1	1	UID8513	1	1	0	0
1	1	UID8517	1	1	0	0
1	1	UID8539	1	1	0	0
1	1	UID8545	1	1	0	0
1	1	UID8557	1	1	0	0
4	4	UID8581	1	4	3	3
1	1	UID8588	1	1	0	0
1	1	UID8680	1	1	0	0
1	1	UID8707	1	1	0	0
1	1	UID8724	1	1	0	0
1	1	UID8814	1	1	0	0
1	1	UID8842	1	1	0	0
1	1	UID8876	1	1	0	0
1	1	UID8883	1	1	0	0
1	1	UID8912	1	1	0	0
1	1	UID8936	1	1	0	0
5	5	UID8948	1	5	2	2
1	1	UID8960	1	1	0	0
1	1	UID8962	1	1	0	0
1	1	UID8973	1	1	0	0
1	1	UID8976	1	1	0	0
1	1	UID8990	1	1	0	0
1	1	UID8992	1	1	0	0
1	1	UID9005	1	1	0	0
1	1	UID9007	1	1	0	0
1	1	UID9008	1	1	0	0
1	1	UID9011	1	1	0	0
1	1	UID9012	1	1	0	0
1	1	UID9013	1	1	0	0
1	1	UID9023	1	1	0	0
1	1	UID9035	1	1	0	0
1	1	UID9040	1	1	0	0
1	1	UID9046	1	1	0	0
2	2	UID9047	1	2	1	1
1	1	UID9053	1	1	0	0
1	1	UID9059	1	1	0	0
1	1	UID9084	1	1	0	0
1	1	UID9089	1	1	0	0
1	1	UID9090	1	1	0	0
1	1	UID9091	1	1	0	0
1	1	UID9093	1	1	0	0
1	1	UID9102	1	1	0	0
1	1	UID9105	1	1	0	0
1	1	UID9111	1	1	0	0
1	1	UID9118	1	1	0	0
1	1	UID9120	1	1	0	0
1	1	UID9132	1	1	0	0
1	1	UID9141	1	1	0	0
1	1	UID9142	1	1	0	0
1	1	UID9143	1	1	0	0
1	1	UID9151	1	1	0	0
1	1	UID9157	1	1	0	0
1	1	UID9161	1	1	0	0
1	1	UID9162	1	1	0	0
1	1	UID9164	1	1	0	0
1	1	UID9171	1	1	0	0
1	1	UID9173	1	1	0	0
1	1	UID9178	1	1	0	0
1	1	UID9179	1	1	0	0
1	1	UID9182	1	1	0	0
1	1	UID9184	1	1	0	0
1	1	UID9185	1	1	0	0
1	1	UID9187	1	1	0	0
1	1	UID9190	1	1	0	0
1	1	UID9192	1	1	0	0
1	1	UID9193	1	1	0	0
1	1	UID9194	1	1	0	0
1	1	UID9195	1	1	0	0
1	1	UID9196	1	1	0	0
1	1	UID9202	1	1	0	0
1	1	UID9206	1	1	0	0
1	1	UID9240	1	1	0	0
1	1	UID9249	1	1	0	0
1	1	UID9257	1	1	0	0
1	1	UID9263	1	1	0	0
1	1	UID9264	1	1	0	0
1	1	UID9271	1	1	0	0
1	1	UID9274	1	1	0	0
1	1	UID9279	1	1	0	0
1	1	UID9283	1	1	0	0
1	1	UID9288	1	1	0	0
1	1	UID9294	1	1	0	0
1	1	UID9297	1	1	0	0
1	1	UID9299	1	1	0	0
1	1	UID9302	1	1	0	0
1	1	UID9312	1	1	0	0
1	1	UID9321	1	1	0	0
1	1	UID9325	1	1	0	0
1	1	UID9342	1	1	0	0
1	1	UID9350	1	1	0	0
1	1	UID9351	1	1	0	0
1	1	UID9359	1	1	0	0
1	1	UID9360	1	1	0	0
1	1	UID9361	1	1	0	0
1	1	UID9367	1	1	0	0
1	1	UID9369	1	1	0	0
2	2	UID9371	1	2	1	1
1	1	UID9372	1	1	0	0
1	1	UID9375	1	1	0	0
1	1	UID9382	1	1	0	0
1	1	UID9401	1	1	0	0
1	1	UID9402	1	1	0	0
1	1	UID9413	1	1	0	0
1	1	UID9415	1	1	0	0
1	1	UID9432	1	1	0	0
1	1	UID9444	1	1	0	0
1	1	UID9452	1	1	0	0
1	1	UID9457	1	1	0	0
1	1	UID9466	1	1	0	0
1	1	UID9471	1	1	0	0
1	1	UID9479	1	1	0	0
1	1	UID9484	1	1	0	0
1	1	UID9490	1	1	0	0
1	1	UID9493	1	1	0	0
1	1	UID9499	1	1	0	0
2	2	UID9500	1	2	1	1
1	1	UID9502	1	1	0	0
1	1	UID9504	1	1	0	0
1	1	UID9508	1	1	0	0
1	1	UID9525	1	1	0	0
1	1	UID9526	1	1	0	0
1	1	UID9533	1	1	0	0
1	1	UID9536	1	1	0	0
1	1	UID9541	1	1	0	0
1	1	UID9543	1	1	0	0
1	1	UID9545	1	1	0	0
1	1	UID9550	1	1	0	0
1	1	UID9551	1	1	0	0
1	1	UID9554	1	1	0	0
1	1	UID9556	1	1	0	0
1	1	UID9558	1	1	0	0
1	1	UID9569	1	1	0	0
1	1	UID9570	1	1	0	0
1	1	UID9573	1	1	0	0
1	1	UID9577	1	1	0	0
1	1	UID9578	1	1	0	0
1	1	UID9580	1	1	0	0
1	1	UID9582	1	1	0	0
1	1	UID9589	1	1	0	0
1	1	UID9598	1	1	0	0
1	1	UID9600	1	1	0	0
1	1	UID9601	1	1	0	0
1	1	UID9602	1	1	0	0
1	1	UID9604	1	1	0	0
1	1	UID9606	1	1	0	0
1	1	UID9612	1	1	0	0
1	1	UID9613	1	1	0	0
1	1	UID9618	1	1	0	0
1	1	UID9619	1	1	0	0
1	1	UID9621	1	1	0	0
1	1	UID9628	1	1	0	0
1	1	UID9641	1	1	0	0
1	1	UID9643	1	1	0	0
1	1	UID9645	1	1	0	0
1	1	UID9648	1	1	0	0
1	1	UID9654	1	1	0	0
1	1	UID9665	1	1	0	0
1	1	UID9670	1	1	0	0
1	1	UID9676	1	1	0	0
1	1	UID9678	1	1	0	0
1	1	UID9692	1	1	0	0
1	1	UID9696	1	1	0	0
1	1	UID9697	1	1	0	0
1	1	UID9699	1	1	0	0
1	1	UID9700	1	1	0	0
1	1	UID9701	1	1	0	0
1	1	UID9719	1	1	0	0
1	1	UID9721	1	1	0	0
1	1	UID9725	1	1	0	0
1	1	UID9726	1	1	0	0
1	1	UID9727	1	1	0	0
1	1	UID9736	1	1	0	0
1	1	UID9738	1	1	0	0
1	1	UID9739	1	1	0	0
1	1	UID9744	1	1	0	0
1	1	UID9747	1	1	0	0
1	1	UID9752	1	1	0	0
1	1	UID9754	1	1	0	0
1	1	UID9757	1	1	0	0
1	1	UID9761	1	1	0	0
1	1	UID9764	1	1	0	0
1	1	UID9765	1	1	0	0
1	1	UID9769	1	1	0	0
1	1	UID9770	1	1	0	0
1	1	UID9771	1	1	0	0
1	1	UID9773	1	1	0	0
1	1	UID9780	1	1	0	0
2	2	UID9785	1	2	1	1
1	1	UID9788	1	1	0	0
1	1	UID9809	1	1	0	0
1	1	UID9810	1	1	0	0
1	1	UID9811	1	1	0	0
1	1	UID9814	1	1	0	0
1	1	UID9820	1	1	0	0
1	1	UID9832	1	1	0	0
1	1	UID9842	1	1	0	0
1	1	UID9848	1	1	0	0
1	1	UID9863	1	1	0	0
1	1	UID9865	1	1	0	0
1	1	UID9867	1	1	0	0
1	1	UID9873	1	1	0	0
1	1	UID9874	1	1	0	0
1	1	UID9875	1	1	0	0
1	1	UID9878	1	1	0	0
1	1	UID9887	1	1	0	0
1	1	UID9889	1	1	0	0
1	1	UID9890	1	1	0	0
1	1	UID9903	1	1	0	0
1	1	UID9908	1	1	0	0
1	1	UID9911	1	1	0	0
1	1	UID9933	1	1	0	0
1	1	UID9935	1	1	0	0
1	1	UID9936	1	1	0	0
1	1	UID9937	1	1	0	0
1	1	UID9938	1	1	0	0
1	1	UID9942	1	1	0	0
1	1	UID9947	1	1	0	0
1	1	UID9949	1	1	0	0
1	1	UID9958	1	1	0	0
1	1	UID9959	1	1	0	0
1	1	UID9962	1	1	0	0
1	1	UID9965	1	1	0	0
1	1	UID9973	1	1	0	0
1	1	UID9974	1	1	0	0
1	1	UID9976	1	1	0	0
1	1	UID9980	1	1	0	0
1	1	UID9988	1	1	0	0
