2651	10650	UID61922	4686	2180	11	11
3605	10371	UID1	2746	3027	9	9
1424	3954	UID48617	1500	1119	4	4
1335	3598	UID82768	1307	1089	8	8
786	2219	UID314	888	597	4	4
1639	3505	UID2	702	1386	8	8
423	1345	UID101854	573	326	3	3
303	826	UID102166	346	237	3	3
54	372	UID10255	294	39	2	2
324	796	UID62982	270	272	5	5
320	637	UID519	228	281	4	4
437	884	UID48500	217	388	5	5
218	396	UID55788	127	190	3	3
174	348	UID61242	124	152	4	4
257	461	UID61262	124	236	4	4
137	265	UID8077	115	127	3	3
143	287	UID88892	107	120	3	3
319	524	UID61252	100	291	5	5
19	138	UID48386	90	15	3	3
87	196	UID128419	86	76	3	3
91	199	UID71799	68	81	3	3
62	122	UID71814	55	56	3	3
81	158	UID62998	53	75	4	4
25	76	UID128420	52	24	2	2
65	118	UID8003	51	63	2	2
56	118	UID128422	50	49	2	2
82	142	UID54446	45	74	4	4
127	249	UID48383	41	120	4	4
100	146	UID62227	40	94	3	3
61	109	UID62226	34	57	2	2
81	129	UID101089	30	73	3	3
59	104	UID8015	30	56	3	3
41	73	UID192	28	38	2	2
58	99	UID7479	28	51	2	2
52	83	UID9455	28	47	3	3
58	87	UID101342	27	56	4	4
6	35	UID48553	27	4	2	2
25	60	UID128425	25	21	2	2
44	84	UID48877	25	41	2	2
48	91	UID908	23	41	3	3
47	72	UID101162	21	42	2	2
26	46	UID101104	20	24	2	2
20	39	UID101119	20	19	2	2
28	56	UID19343	20	24	2	2
14	32	UID71812	19	13	2	2
72	111	UID56236	18	65	4	4
34	51	UID62988	18	33	2	2
32	50	UID62989	18	30	2	2
18	34	UID10381	17	17	1	1
14	30	UID285	17	13	1	1
36	66	UID48567	16	32	3	3
21	36	UID114368	15	19	2	2
11	25	UID128431	15	10	1	1
12	27	UID128432	15	10	1	1
42	60	UID40	15	40	3	3
37	61	UID101236	14	30	2	2
32	49	UID62232	14	28	2	2
16	28	UID62999	13	15	2	2
12	23	UID101376	12	11	1	1
17	36	UID101418	12	13	2	2
23	36	UID414	12	20	2	2
7	17	UID101144	11	6	1	1
17	27	UID242	11	16	2	2
41	52	UID61600	11	39	2	2
38	64	UID62997	11	31	4	4
23	37	UID49440	10	19	2	2
44	71	UID584	10	38	3	3
16	26	UID74108	10	14	2	2
17	32	UID7991	10	15	2	2
42	59	UID101820	9	39	3	3
15	25	UID404	9	12	3	3
11	20	UID8005	9	9	1	1
13	21	UID916	9	12	1	1
8	15	UID101198	8	7	1	1
39	60	UID101647	8	34	3	3
8	17	UID114539	8	6	1	1
11	18	UID128455	8	10	1	1
20	28	UID16	8	18	2	2
10	17	UID27285	8	9	1	1
12	20	UID31413	8	10	1	1
3	11	UID57926	8	1	1	1
43	54	UID61447	8	39	3	3
8	15	UID71845	8	7	1	1
17	24	UID7487	8	16	3	3
11	19	UID7979	8	9	1	1
20	31	UID101257	7	18	2	2
12	19	UID101306	7	10	1	1
19	29	UID101378	7	17	2	2
18	29	UID101419	7	16	2	2
35	49	UID101966	7	31	3	3
20	29	UID19	7	17	2	2
8	14	UID289	7	7	1	1
25	31	UID61189	7	24	4	4
8	15	UID702	7	6	1	1
7	13	UID75588	7	6	1	1
8	13	UID101420	6	7	1	1
14	20	UID101737	6	12	2	2
12	17	UID104601	6	11	2	2
5	10	UID49038	6	4	1	1
19	24	UID61394	6	18	3	3
8	13	UID71873	6	7	1	1
7	11	UID101463	5	6	1	1
6	10	UID101520	5	5	1	1
21	27	UID102103	5	19	2	2
6	10	UID102494	5	5	1	1
18	23	UID102524	5	16	2	2
6	10	UID102635	5	5	1	1
6	11	UID115078	5	4	2	2
3	7	UID128492	5	2	1	1
8	12	UID128496	5	7	2	2
6	11	UID48511	5	4	1	1
4	8	UID62984	5	3	1	1
20	26	UID71819	5	17	2	2
12	17	UID101502	4	10	2	2
10	13	UID101542	4	9	3	3
3	6	UID101738	4	2	1	1
5	8	UID110139	4	4	1	1
4	7	UID111247	4	3	0	0
3	6	UID128525	4	2	1	1
5	8	UID245	4	4	1	1
4	8	UID27534	4	2	1	1
7	10	UID48704	4	6	1	1
9	12	UID61395	4	8	1	1
6	10	UID62730	4	4	1	1
6	9	UID62996	4	5	2	2
13	17	UID71805	4	11	2	2
19	22	UID71877	4	18	1	1
18	23	UID72013	4	16	3	3
19	23	UID77	4	17	3	3
15	19	UID101299	3	13	2	2
13	17	UID101616	3	11	2	2
12	14	UID101824	3	11	2	2
5	9	UID101943	3	3	1	1
4	6	UID101964	3	3	1	1
5	7	UID101967	3	4	2	2
6	8	UID1022	3	5	1	1
7	10	UID102634	3	5	2	2
5	7	UID110450	3	4	1	1
5	7	UID111642	3	4	1	1
6	8	UID114366	3	5	1	1
5	7	UID114685	3	4	1	1
1	3	UID128585	3	0	0	0
3	5	UID128599	3	2	1	1
10	12	UID128602	3	9	3	3
4	6	UID128641	3	3	0	0
3	7	UID128644	3	1	1	1
1	3	UID128645	3	0	0	0
9	11	UID128646	3	8	2	2
1	3	UID128651	3	0	0	0
1	3	UID129	3	0	0	0
2	4	UID28866	3	1	1	1
3	5	UID31369	3	2	1	1
10	13	UID49070	3	8	1	1
2	4	UID56136	3	1	1	1
3	6	UID56137	3	1	1	1
9	11	UID61218	3	8	1	1
14	17	UID63000	3	12	2	2
25	27	UID74715	3	24	2	2
2	4	UID7518	3	1	0	0
2	4	UID84001	3	1	1	1
1	2	UID100743	2	0	0	0
17	18	UID101648	2	16	3	3
1	2	UID101699	2	0	0	0
7	9	UID101731	2	5	1	1
12	13	UID101826	2	11	2	2
6	7	UID101965	2	5	1	1
2	3	UID102116	2	1	1	1
1	2	UID10246	2	0	0	0
1	2	UID102641	2	0	0	0
11	12	UID102642	2	10	1	1
6	7	UID102643	2	5	1	1
2	3	UID102665	2	1	1	1
13	14	UID102707	2	12	2	2
7	8	UID104963	2	6	1	1
1	2	UID107629	2	0	0	0
1	2	UID107736	2	0	0	0
1	2	UID109342	2	0	0	0
3	4	UID109935	2	2	1	1
11	13	UID109969	2	9	3	3
3	4	UID110434	2	2	1	1
3	4	UID110435	2	2	1	1
4	5	UID110829	2	3	1	1
7	9	UID114364	2	5	2	2
1	2	UID114367	2	0	0	0
1	2	UID114370	2	0	0	0
8	9	UID119270	2	7	1	1
1	2	UID12098	2	0	0	0
1	2	UID128673	2	0	0	0
4	5	UID128705	2	3	1	1
3	4	UID128730	2	2	1	1
4	5	UID128849	2	3	1	1
4	5	UID128870	2	3	1	1
1	2	UID128872	2	0	0	0
2	3	UID128875	2	1	1	1
3	4	UID128877	2	2	2	2
1	2	UID128886	2	0	0	0
2	3	UID129021	2	1	1	1
6	7	UID129035	2	5	2	2
2	3	UID129036	2	1	1	1
22	23	UID129041	2	21	4	4
4	5	UID129059	2	3	1	1
1	2	UID129064	2	0	0	0
1	2	UID129159	2	0	0	0
6	7	UID129160	2	5	1	1
4	5	UID129161	2	3	1	1
2	3	UID1548	2	1	1	1
6	7	UID27330	2	5	1	1
8	9	UID27391	2	7	2	2
12	14	UID27545	2	10	3	3
6	7	UID31341	2	5	1	1
4	5	UID31345	2	3	1	1
17	18	UID33597	2	16	4	4
4	5	UID37200	2	3	2	2
8	10	UID48384	2	6	2	2
3	5	UID48392	2	1	1	1
3	4	UID48436	2	2	2	2
3	4	UID48444	2	2	1	1
4	5	UID49694	2	3	1	1
4	5	UID57869	2	3	1	1
1	2	UID61253	2	0	0	0
3	4	UID61292	2	2	1	1
3	4	UID68499	2	2	1	1
1	2	UID7464	2	0	0	0
1	2	UID75268	2	0	0	0
5	6	UID7584	2	4	1	1
2	3	UID7982	2	1	1	1
1	2	UID995	2	0	0	0
4	4	UID102102	1	4	1	1
1	1	UID102115	1	1	0	0
10	10	UID102407	1	10	2	2
1	1	UID102430	1	1	0	0
2	2	UID102647	1	2	1	1
7	7	UID102657	1	7	1	1
2	2	UID102666	1	2	1	1
6	6	UID102692	1	6	2	2
2	2	UID102743	1	2	1	1
1	1	UID104995	1	1	0	0
1	1	UID106107	1	1	0	0
1	1	UID106166	1	1	0	0
1	1	UID107991	1	1	0	0
1	1	UID109341	1	1	0	0
1	1	UID109497	1	1	0	0
2	2	UID110010	1	2	1	1
1	1	UID110066	1	1	0	0
1	1	UID110813	1	1	0	0
1	1	UID110833	1	1	0	0
2	2	UID110942	1	2	1	1
1	1	UID110965	1	1	0	0
7	7	UID111068	1	7	2	2
9	9	UID111106	1	9	2	2
5	5	UID111361	1	5	1	1
1	1	UID111641	1	1	0	0
5	5	UID111647	1	5	1	1
1	1	UID111648	1	1	0	0
10	10	UID113427	1	10	2	2
1	1	UID114363	1	1	0	0
6	6	UID114365	1	6	1	1
1	1	UID114369	1	1	0	0
1	1	UID114388	1	1	0	0
2	2	UID114579	1	2	1	1
1	1	UID114870	1	1	0	0
1	1	UID115333	1	1	0	0
4	4	UID115974	1	4	1	1
1	1	UID116150	1	1	0	0
1	1	UID118418	1	1	0	0
4	4	UID12092	1	4	1	1
1	1	UID123000	1	1	0	0
1	1	UID125387	1	1	0	0
1	1	UID125531	1	1	0	0
1	1	UID129168	1	1	0	0
1	1	UID129172	1	1	0	0
1	1	UID129178	1	1	0	0
1	1	UID129180	1	1	0	0
1	1	UID129184	1	1	0	0
1	1	UID129188	1	1	0	0
1	1	UID129193	1	1	0	0
1	1	UID129201	1	1	0	0
1	1	UID129203	1	1	0	0
1	1	UID129204	1	1	0	0
1	1	UID129210	1	1	0	0
1	1	UID129219	1	1	0	0
1	1	UID129221	1	1	0	0
1	1	UID129225	1	1	0	0
1	1	UID129232	1	1	0	0
1	1	UID129234	1	1	0	0
1	1	UID129258	1	1	0	0
1	1	UID129261	1	1	0	0
1	1	UID129264	1	1	0	0
1	1	UID129266	1	1	0	0
1	1	UID129285	1	1	0	0
1	1	UID129296	1	1	0	0
1	1	UID129305	1	1	0	0
1	1	UID129308	1	1	0	0
1	1	UID129317	1	1	0	0
1	1	UID129325	1	1	0	0
1	1	UID129328	1	1	0	0
1	1	UID129346	1	1	0	0
1	1	UID129354	1	1	0	0
1	1	UID129355	1	1	0	0
1	1	UID129357	1	1	0	0
1	1	UID129359	1	1	0	0
1	1	UID129361	1	1	0	0
1	1	UID129362	1	1	0	0
1	1	UID129363	1	1	0	0
1	1	UID129369	1	1	0	0
1	1	UID129371	1	1	0	0
1	1	UID129375	1	1	0	0
1	1	UID129378	1	1	0	0
1	1	UID129397	1	1	0	0
1	1	UID129401	1	1	0	0
1	1	UID129405	1	1	0	0
1	1	UID129407	1	1	0	0
1	1	UID129427	1	1	0	0
1	1	UID129428	1	1	0	0
1	1	UID129442	1	1	0	0
1	1	UID129443	1	1	0	0
1	1	UID129455	1	1	0	0
1	1	UID129462	1	1	0	0
1	1	UID129463	1	1	0	0
1	1	UID129467	1	1	0	0
1	1	UID129473	1	1	0	0
1	1	UID129477	1	1	0	0
1	1	UID129478	1	1	0	0
1	1	UID129482	1	1	0	0
1	1	UID129483	1	1	0	0
1	1	UID129486	1	1	0	0
1	1	UID129502	1	1	0	0
1	1	UID129517	1	1	0	0
1	1	UID129528	1	1	0	0
1	1	UID129541	1	1	0	0
1	1	UID129546	1	1	0	0
1	1	UID129563	1	1	0	0
1	1	UID129567	1	1	0	0
1	1	UID129573	1	1	0	0
1	1	UID129578	1	1	0	0
1	1	UID129585	1	1	0	0
1	1	UID129592	1	1	0	0
1	1	UID129596	1	1	0	0
1	1	UID129597	1	1	0	0
1	1	UID129600	1	1	0	0
1	1	UID129603	1	1	0	0
1	1	UID129606	1	1	0	0
1	1	UID129610	1	1	0	0
1	1	UID129622	1	1	0	0
1	1	UID129625	1	1	0	0
9	9	UID129631	1	9	3	3
1	1	UID129632	1	1	0	0
1	1	UID129633	1	1	0	0
1	1	UID129637	1	1	0	0
1	1	UID129643	1	1	0	0
1	1	UID129645	1	1	0	0
1	1	UID129648	1	1	0	0
1	1	UID129650	1	1	0	0
1	1	UID129655	1	1	0	0
1	1	UID129679	1	1	0	0
1	1	UID129681	1	1	0	0
1	1	UID129686	1	1	0	0
1	1	UID129691	1	1	0	0
1	1	UID129692	1	1	0	0
1	1	UID129693	1	1	0	0
1	1	UID129695	1	1	0	0
1	1	UID129697	1	1	0	0
1	1	UID129698	1	1	0	0
1	1	UID129701	1	1	0	0
1	1	UID129704	1	1	0	0
1	1	UID129705	1	1	0	0
1	1	UID129712	1	1	0	0
1	1	UID129717	1	1	0	0
1	1	UID129718	1	1	0	0
1	1	UID129720	1	1	0	0
1	1	UID129728	1	1	0	0
1	1	UID129734	1	1	0	0
1	1	UID129735	1	1	0	0
1	1	UID129755	1	1	0	0
1	1	UID129763	1	1	0	0
1	1	UID129770	1	1	0	0
1	1	UID129774	1	1	0	0
1	1	UID129778	1	1	0	0
1	1	UID129779	1	1	0	0
1	1	UID129781	1	1	0	0
1	1	UID129782	1	1	0	0
1	1	UID129786	1	1	0	0
1	1	UID129793	1	1	0	0
1	1	UID129827	1	1	0	0
1	1	UID129828	1	1	0	0
1	1	UID129836	1	1	0	0
1	1	UID129839	1	1	0	0
1	1	UID129849	1	1	0	0
1	1	UID129867	1	1	0	0
1	1	UID129871	1	1	0	0
1	1	UID129874	1	1	0	0
1	1	UID129877	1	1	0	0
1	1	UID129879	1	1	0	0
1	1	UID129881	1	1	0	0
1	1	UID129886	1	1	0	0
1	1	UID129888	1	1	0	0
1	1	UID129894	1	1	0	0
1	1	UID129895	1	1	0	0
1	1	UID129897	1	1	0	0
1	1	UID129905	1	1	0	0
1	1	UID129907	1	1	0	0
1	1	UID129910	1	1	0	0
1	1	UID129911	1	1	0	0
1	1	UID129931	1	1	0	0
1	1	UID129932	1	1	0	0
1	1	UID129933	1	1	0	0
1	1	UID129939	1	1	0	0
1	1	UID129941	1	1	0	0
1	1	UID129945	1	1	0	0
1	1	UID129951	1	1	0	0
1	1	UID129955	1	1	0	0
1	1	UID129962	1	1	0	0
1	1	UID129971	1	1	0	0
1	1	UID129978	1	1	0	0
1	1	UID129988	1	1	0	0
1	1	UID129989	1	1	0	0
2	2	UID129997	1	2	1	1
1	1	UID130007	1	1	0	0
1	1	UID130019	1	1	0	0
1	1	UID130027	1	1	0	0
1	1	UID130045	1	1	0	0
1	1	UID130047	1	1	0	0
1	1	UID130050	1	1	0	0
1	1	UID130051	1	1	0	0
1	1	UID130054	1	1	0	0
1	1	UID130059	1	1	0	0
1	1	UID130060	1	1	0	0
1	1	UID130063	1	1	0	0
1	1	UID130070	1	1	0	0
1	1	UID130076	1	1	0	0
1	1	UID130081	1	1	0	0
8	8	UID130105	1	8	2	2
1	1	UID130110	1	1	0	0
1	1	UID130137	1	1	0	0
1	1	UID130140	1	1	0	0
1	1	UID130145	1	1	0	0
1	1	UID130148	1	1	0	0
1	1	UID130154	1	1	0	0
1	1	UID130172	1	1	0	0
1	1	UID130173	1	1	0	0
1	1	UID130176	1	1	0	0
1	1	UID130190	1	1	0	0
1	1	UID130197	1	1	0	0
5	5	UID130200	1	5	3	3
1	1	UID130210	1	1	0	0
1	1	UID130219	1	1	0	0
1	1	UID130220	1	1	0	0
1	1	UID130241	1	1	0	0
1	1	UID130249	1	1	0	0
1	1	UID130251	1	1	0	0
1	1	UID130255	1	1	0	0
1	1	UID130256	1	1	0	0
1	1	UID130257	1	1	0	0
1	1	UID130266	1	1	0	0
1	1	UID130272	1	1	0	0
1	1	UID130275	1	1	0	0
1	1	UID130288	1	1	0	0
1	1	UID130293	1	1	0	0
1	1	UID130296	1	1	0	0
1	1	UID130303	1	1	0	0
1	1	UID130314	1	1	0	0
1	1	UID130320	1	1	0	0
1	1	UID130321	1	1	0	0
1	1	UID130338	1	1	0	0
9	9	UID130345	1	9	3	3
1	1	UID130391	1	1	0	0
1	1	UID130393	1	1	0	0
1	1	UID130394	1	1	0	0
1	1	UID130396	1	1	0	0
1	1	UID130401	1	1	0	0
1	1	UID130403	1	1	0	0
1	1	UID130411	1	1	0	0
1	1	UID130412	1	1	0	0
1	1	UID130415	1	1	0	0
1	1	UID130419	1	1	0	0
1	1	UID130422	1	1	0	0
1	1	UID130428	1	1	0	0
1	1	UID130432	1	1	0	0
1	1	UID130438	1	1	0	0
1	1	UID130461	1	1	0	0
1	1	UID130462	1	1	0	0
1	1	UID130465	1	1	0	0
1	1	UID130470	1	1	0	0
1	1	UID130475	1	1	0	0
1	1	UID130479	1	1	0	0
1	1	UID130480	1	1	0	0
1	1	UID130485	1	1	0	0
1	1	UID130492	1	1	0	0
1	1	UID130493	1	1	0	0
1	1	UID130494	1	1	0	0
1	1	UID130504	1	1	0	0
1	1	UID130506	1	1	0	0
1	1	UID130509	1	1	0	0
1	1	UID130536	1	1	0	0
1	1	UID130567	1	1	0	0
1	1	UID130608	1	1	0	0
1	1	UID130609	1	1	0	0
1	1	UID130610	1	1	0	0
1	1	UID130616	1	1	0	0
1	1	UID130642	1	1	0	0
1	1	UID130643	1	1	0	0
1	1	UID130647	1	1	0	0
1	1	UID130648	1	1	0	0
1	1	UID130656	1	1	0	0
1	1	UID130657	1	1	0	0
1	1	UID130663	1	1	0	0
1	1	UID130682	1	1	0	0
1	1	UID130683	1	1	0	0
1	1	UID130686	1	1	0	0
1	1	UID130698	1	1	0	0
1	1	UID130699	1	1	0	0
1	1	UID130701	1	1	0	0
1	1	UID130703	1	1	0	0
1	1	UID130712	1	1	0	0
1	1	UID130715	1	1	0	0
1	1	UID130718	1	1	0	0
1	1	UID130720	1	1	0	0
1	1	UID130722	1	1	0	0
1	1	UID130726	1	1	0	0
1	1	UID130728	1	1	0	0
1	1	UID130739	1	1	0	0
1	1	UID130743	1	1	0	0
1	1	UID130745	1	1	0	0
1	1	UID130746	1	1	0	0
1	1	UID130751	1	1	0	0
1	1	UID130758	1	1	0	0
1	1	UID130759	1	1	0	0
1	1	UID130766	1	1	0	0
1	1	UID130767	1	1	0	0
1	1	UID130777	1	1	0	0
1	1	UID130784	1	1	0	0
1	1	UID130794	1	1	0	0
1	1	UID130806	1	1	0	0
1	1	UID130809	1	1	0	0
1	1	UID130813	1	1	0	0
1	1	UID130825	1	1	0	0
1	1	UID130833	1	1	0	0
1	1	UID130834	1	1	0	0
1	1	UID130847	1	1	0	0
1	1	UID130859	1	1	0	0
1	1	UID130878	1	1	0	0
1	1	UID130882	1	1	0	0
1	1	UID130883	1	1	0	0
1	1	UID130885	1	1	0	0
1	1	UID130886	1	1	0	0
1	1	UID130887	1	1	0	0
1	1	UID130903	1	1	0	0
1	1	UID130914	1	1	0	0
1	1	UID130940	1	1	0	0
1	1	UID130954	1	1	0	0
1	1	UID130955	1	1	0	0
1	1	UID130957	1	1	0	0
1	1	UID130959	1	1	0	0
1	1	UID130961	1	1	0	0
1	1	UID130974	1	1	0	0
1	1	UID130975	1	1	0	0
1	1	UID130981	1	1	0	0
1	1	UID130983	1	1	0	0
1	1	UID130988	1	1	0	0
1	1	UID130990	1	1	0	0
1	1	UID131008	1	1	0	0
1	1	UID131022	1	1	0	0
1	1	UID131025	1	1	0	0
1	1	UID131026	1	1	0	0
1	1	UID131028	1	1	0	0
1	1	UID131069	1	1	0	0
1	1	UID131139	1	1	0	0
1	1	UID131143	1	1	0	0
1	1	UID131157	1	1	0	0
1	1	UID131218	1	1	0	0
1	1	UID131235	1	1	0	0
1	1	UID131328	1	1	0	0
1	1	UID131346	1	1	0	0
1	1	UID131407	1	1	0	0
1	1	UID131410	1	1	0	0
1	1	UID131411	1	1	0	0
1	1	UID131412	1	1	0	0
1	1	UID131436	1	1	0	0
1	1	UID131441	1	1	0	0
1	1	UID131450	1	1	0	0
1	1	UID131501	1	1	0	0
1	1	UID131502	1	1	0	0
1	1	UID131611	1	1	0	0
1	1	UID131746	1	1	0	0
1	1	UID131959	1	1	0	0
1	1	UID131997	1	1	0	0
1	1	UID132152	1	1	0	0
1	1	UID132224	1	1	0	0
1	1	UID132243	1	1	0	0
1	1	UID132244	1	1	0	0
1	1	UID132265	1	1	0	0
1	1	UID132283	1	1	0	0
1	1	UID132362	1	1	0	0
1	1	UID132388	1	1	0	0
1	1	UID132390	1	1	0	0
1	1	UID132401	1	1	0	0
1	1	UID132473	1	1	0	0
1	1	UID132498	1	1	0	0
1	1	UID132505	1	1	0	0
1	1	UID132538	1	1	0	0
1	1	UID132541	1	1	0	0
1	1	UID132542	1	1	0	0
1	1	UID132570	1	1	0	0
1	1	UID132575	1	1	0	0
1	1	UID132594	1	1	0	0
1	1	UID132606	1	1	0	0
1	1	UID132610	1	1	0	0
1	1	UID132611	1	1	0	0
1	1	UID132636	1	1	0	0
1	1	UID132691	1	1	0	0
1	1	UID132692	1	1	0	0
1	1	UID132705	1	1	0	0
1	1	UID132720	1	1	0	0
1	1	UID132721	1	1	0	0
1	1	UID132730	1	1	0	0
1	1	UID132755	1	1	0	0
1	1	UID132757	1	1	0	0
1	1	UID132762	1	1	0	0
1	1	UID132764	1	1	0	0
1	1	UID132767	1	1	0	0
1	1	UID132782	1	1	0	0
1	1	UID132786	1	1	0	0
1	1	UID132803	1	1	0	0
1	1	UID132853	1	1	0	0
1	1	UID132858	1	1	0	0
1	1	UID132862	1	1	0	0
1	1	UID132896	1	1	0	0
1	1	UID132898	1	1	0	0
1	1	UID132908	1	1	0	0
1	1	UID133016	1	1	0	0
1	1	UID133020	1	1	0	0
1	1	UID133029	1	1	0	0
1	1	UID133035	1	1	0	0
1	1	UID133042	1	1	0	0
1	1	UID133044	1	1	0	0
1	1	UID133058	1	1	0	0
1	1	UID133064	1	1	0	0
1	1	UID133094	1	1	0	0
1	1	UID133095	1	1	0	0
1	1	UID133103	1	1	0	0
1	1	UID133110	1	1	0	0
1	1	UID133112	1	1	0	0
1	1	UID133115	1	1	0	0
1	1	UID133125	1	1	0	0
1	1	UID133127	1	1	0	0
1	1	UID133139	1	1	0	0
1	1	UID133142	1	1	0	0
1	1	UID133145	1	1	0	0
1	1	UID133168	1	1	0	0
1	1	UID133185	1	1	0	0
1	1	UID133186	1	1	0	0
1	1	UID133187	1	1	0	0
1	1	UID133193	1	1	0	0
1	1	UID133208	1	1	0	0
1	1	UID133209	1	1	0	0
1	1	UID133235	1	1	0	0
1	1	UID133246	1	1	0	0
1	1	UID133247	1	1	0	0
1	1	UID133339	1	1	0	0
1	1	UID133375	1	1	0	0
1	1	UID133382	1	1	0	0
1	1	UID133388	1	1	0	0
1	1	UID133389	1	1	0	0
1	1	UID133417	1	1	0	0
1	1	UID133423	1	1	0	0
1	1	UID133430	1	1	0	0
1	1	UID133437	1	1	0	0
1	1	UID133447	1	1	0	0
1	1	UID133459	1	1	0	0
1	1	UID133460	1	1	0	0
1	1	UID133464	1	1	0	0
1	1	UID133467	1	1	0	0
1	1	UID133468	1	1	0	0
1	1	UID133481	1	1	0	0
1	1	UID133482	1	1	0	0
1	1	UID133488	1	1	0	0
1	1	UID133494	1	1	0	0
2	2	UID133501	1	2	1	1
1	1	UID133504	1	1	0	0
1	1	UID133505	1	1	0	0
1	1	UID133506	1	1	0	0
1	1	UID133507	1	1	0	0
1	1	UID133508	1	1	0	0
1	1	UID133520	1	1	0	0
1	1	UID133530	1	1	0	0
1	1	UID133531	1	1	0	0
1	1	UID133532	1	1	0	0
3	3	UID133533	1	3	1	1
2	2	UID133534	1	2	1	1
1	1	UID133536	1	1	0	0
1	1	UID133537	1	1	0	0
1	1	UID133538	1	1	0	0
1	1	UID133540	1	1	0	0
1	1	UID133546	1	1	0	0
1	1	UID133547	1	1	0	0
1	1	UID133551	1	1	0	0
1	1	UID133554	1	1	0	0
1	1	UID133559	1	1	0	0
1	1	UID133560	1	1	0	0
1	1	UID133564	1	1	0	0
1	1	UID133566	1	1	0	0
1	1	UID133567	1	1	0	0
1	1	UID133573	1	1	0	0
1	1	UID133587	1	1	0	0
1	1	UID133593	1	1	0	0
1	1	UID133601	1	1	0	0
1	1	UID133606	1	1	0	0
1	1	UID133608	1	1	0	0
1	1	UID133613	1	1	0	0
1	1	UID133616	1	1	0	0
1	1	UID133617	1	1	0	0
1	1	UID133621	1	1	0	0
1	1	UID133624	1	1	0	0
1	1	UID133629	1	1	0	0
1	1	UID133639	1	1	0	0
1	1	UID133640	1	1	0	0
1	1	UID133641	1	1	0	0
2	2	UID133642	1	2	1	1
1	1	UID133644	1	1	0	0
1	1	UID133645	1	1	0	0
1	1	UID133646	1	1	0	0
1	1	UID133647	1	1	0	0
1	1	UID133648	1	1	0	0
1	1	UID133649	1	1	0	0
1	1	UID133670	1	1	0	0
1	1	UID133675	1	1	0	0
1	1	UID133677	1	1	0	0
1	1	UID133678	1	1	0	0
1	1	UID133679	1	1	0	0
1	1	UID133689	1	1	0	0
1	1	UID133691	1	1	0	0
1	1	UID133693	1	1	0	0
1	1	UID133696	1	1	0	0
1	1	UID133713	1	1	0	0
1	1	UID133714	1	1	0	0
1	1	UID133715	1	1	0	0
1	1	UID133716	1	1	0	0
1	1	UID133717	1	1	0	0
1	1	UID133723	1	1	0	0
4	4	UID133724	1	4	2	2
1	1	UID133725	1	1	0	0
1	1	UID133726	1	1	0	0
1	1	UID133728	1	1	0	0
1	1	UID133729	1	1	0	0
1	1	UID133730	1	1	0	0
1	1	UID133731	1	1	0	0
1	1	UID133734	1	1	0	0
1	1	UID133738	1	1	0	0
4	4	UID133739	1	4	2	2
1	1	UID133743	1	1	0	0
1	1	UID133747	1	1	0	0
1	1	UID133751	1	1	0	0
2	2	UID133768	1	2	1	1
1	1	UID133769	1	1	0	0
1	1	UID133770	1	1	0	0
4	4	UID133772	1	4	2	2
1	1	UID133775	1	1	0	0
1	1	UID133778	1	1	0	0
1	1	UID133780	1	1	0	0
1	1	UID133781	1	1	0	0
1	1	UID133782	1	1	0	0
1	1	UID133783	1	1	0	0
1	1	UID133784	1	1	0	0
1	1	UID133788	1	1	0	0
1	1	UID133797	1	1	0	0
1	1	UID133798	1	1	0	0
1	1	UID133808	1	1	0	0
1	1	UID133810	1	1	0	0
1	1	UID133851	1	1	0	0
2	2	UID133855	1	2	1	1
1	1	UID133856	1	1	0	0
1	1	UID133863	1	1	0	0
1	1	UID133868	1	1	0	0
1	1	UID133871	1	1	0	0
1	1	UID133872	1	1	0	0
1	1	UID133877	1	1	0	0
1	1	UID133883	1	1	0	0
1	1	UID133889	1	1	0	0
1	1	UID133890	1	1	0	0
1	1	UID133896	1	1	0	0
1	1	UID133897	1	1	0	0
1	1	UID133906	1	1	0	0
1	1	UID133912	1	1	0	0
1	1	UID133913	1	1	0	0
1	1	UID133917	1	1	0	0
1	1	UID133920	1	1	0	0
1	1	UID133921	1	1	0	0
1	1	UID133926	1	1	0	0
1	1	UID133928	1	1	0	0
1	1	UID133930	1	1	0	0
1	1	UID133935	1	1	0	0
1	1	UID133936	1	1	0	0
1	1	UID133938	1	1	0	0
1	1	UID133950	1	1	0	0
1	1	UID133951	1	1	0	0
1	1	UID133958	1	1	0	0
1	1	UID133960	1	1	0	0
1	1	UID133961	1	1	0	0
1	1	UID133962	1	1	0	0
1	1	UID133964	1	1	0	0
1	1	UID133965	1	1	0	0
1	1	UID133970	1	1	0	0
1	1	UID133971	1	1	0	0
1	1	UID133972	1	1	0	0
1	1	UID133973	1	1	0	0
1	1	UID133974	1	1	0	0
2	2	UID133975	1	2	1	1
1	1	UID133980	1	1	0	0
1	1	UID133982	1	1	0	0
7	7	UID133984	1	7	2	2
1	1	UID133985	1	1	0	0
1	1	UID133986	1	1	0	0
1	1	UID133987	1	1	0	0
1	1	UID133989	1	1	0	0
1	1	UID133991	1	1	0	0
1	1	UID133993	1	1	0	0
1	1	UID133998	1	1	0	0
1	1	UID133999	1	1	0	0
1	1	UID134001	1	1	0	0
1	1	UID134005	1	1	0	0
1	1	UID134012	1	1	0	0
1	1	UID134018	1	1	0	0
1	1	UID134019	1	1	0	0
1	1	UID134025	1	1	0	0
1	1	UID134035	1	1	0	0
1	1	UID134037	1	1	0	0
1	1	UID134040	1	1	0	0
1	1	UID134042	1	1	0	0
1	1	UID134050	1	1	0	0
1	1	UID134064	1	1	0	0
1	1	UID134074	1	1	0	0
1	1	UID134086	1	1	0	0
1	1	UID134094	1	1	0	0
1	1	UID134095	1	1	0	0
1	1	UID134104	1	1	0	0
1	1	UID134115	1	1	0	0
1	1	UID134119	1	1	0	0
1	1	UID134130	1	1	0	0
1	1	UID134132	1	1	0	0
1	1	UID134133	1	1	0	0
1	1	UID134134	1	1	0	0
1	1	UID134139	1	1	0	0
1	1	UID134144	1	1	0	0
1	1	UID134145	1	1	0	0
1	1	UID134150	1	1	0	0
1	1	UID134169	1	1	0	0
1	1	UID134172	1	1	0	0
1	1	UID134174	1	1	0	0
2	2	UID134177	1	2	1	1
1	1	UID134178	1	1	0	0
1	1	UID134179	1	1	0	0
1	1	UID134202	1	1	0	0
1	1	UID134208	1	1	0	0
1	1	UID134209	1	1	0	0
1	1	UID134210	1	1	0	0
4	4	UID134211	1	4	2	2
1	1	UID134214	1	1	0	0
1	1	UID134247	1	1	0	0
1	1	UID134254	1	1	0	0
1	1	UID134255	1	1	0	0
1	1	UID134256	1	1	0	0
1	1	UID134257	1	1	0	0
1	1	UID134258	1	1	0	0
1	1	UID134259	1	1	0	0
1	1	UID134265	1	1	0	0
1	1	UID134271	1	1	0	0
1	1	UID134292	1	1	0	0
1	1	UID134325	1	1	0	0
1	1	UID134342	1	1	0	0
1	1	UID134343	1	1	0	0
1	1	UID134345	1	1	0	0
1	1	UID134348	1	1	0	0
1	1	UID134352	1	1	0	0
1	1	UID134361	1	1	0	0
1	1	UID134371	1	1	0	0
1	1	UID134374	1	1	0	0
1	1	UID134395	1	1	0	0
1	1	UID134396	1	1	0	0
1	1	UID134397	1	1	0	0
1	1	UID134398	1	1	0	0
1	1	UID134405	1	1	0	0
1	1	UID134407	1	1	0	0
1	1	UID134452	1	1	0	0
1	1	UID134486	1	1	0	0
1	1	UID134540	1	1	0	0
1	1	UID134581	1	1	0	0
1	1	UID134599	1	1	0	0
1	1	UID134616	1	1	0	0
2	2	UID134617	1	2	1	1
1	1	UID134633	1	1	0	0
1	1	UID134634	1	1	0	0
1	1	UID134649	1	1	0	0
1	1	UID134663	1	1	0	0
1	1	UID134666	1	1	0	0
1	1	UID134670	1	1	0	0
1	1	UID134691	1	1	0	0
1	1	UID134692	1	1	0	0
1	1	UID134696	1	1	0	0
1	1	UID134700	1	1	0	0
1	1	UID134725	1	1	0	0
1	1	UID134727	1	1	0	0
1	1	UID134744	1	1	0	0
1	1	UID134755	1	1	0	0
1	1	UID134759	1	1	0	0
1	1	UID134767	1	1	0	0
1	1	UID134769	1	1	0	0
1	1	UID134773	1	1	0	0
1	1	UID134819	1	1	0	0
1	1	UID134822	1	1	0	0
1	1	UID134830	1	1	0	0
1	1	UID134838	1	1	0	0
1	1	UID134861	1	1	0	0
1	1	UID134878	1	1	0	0
1	1	UID134883	1	1	0	0
1	1	UID134887	1	1	0	0
1	1	UID134888	1	1	0	0
1	1	UID134889	1	1	0	0
1	1	UID134890	1	1	0	0
1	1	UID134891	1	1	0	0
1	1	UID134892	1	1	0	0
1	1	UID134894	1	1	0	0
1	1	UID134905	1	1	0	0
1	1	UID134906	1	1	0	0
1	1	UID134907	1	1	0	0
1	1	UID134909	1	1	0	0
1	1	UID134920	1	1	0	0
1	1	UID134953	1	1	0	0
1	1	UID134956	1	1	0	0
1	1	UID134958	1	1	0	0
1	1	UID134961	1	1	0	0
1	1	UID134978	1	1	0	0
1	1	UID134980	1	1	0	0
1	1	UID134981	1	1	0	0
1	1	UID134982	1	1	0	0
1	1	UID135021	1	1	0	0
1	1	UID135093	1	1	0	0
1	1	UID135100	1	1	0	0
1	1	UID135105	1	1	0	0
1	1	UID135106	1	1	0	0
1	1	UID135107	1	1	0	0
1	1	UID135111	1	1	0	0
1	1	UID135120	1	1	0	0
1	1	UID135121	1	1	0	0
1	1	UID135122	1	1	0	0
1	1	UID135135	1	1	0	0
1	1	UID135139	1	1	0	0
1	1	UID135140	1	1	0	0
1	1	UID135143	1	1	0	0
1	1	UID135170	1	1	0	0
1	1	UID135171	1	1	0	0
1	1	UID135172	1	1	0	0
1	1	UID135173	1	1	0	0
1	1	UID135180	1	1	0	0
1	1	UID135190	1	1	0	0
1	1	UID135195	1	1	0	0
1	1	UID135196	1	1	0	0
1	1	UID135201	1	1	0	0
1	1	UID135202	1	1	0	0
2	2	UID135204	1	2	1	1
1	1	UID135214	1	1	0	0
1	1	UID135216	1	1	0	0
1	1	UID135223	1	1	0	0
1	1	UID135225	1	1	0	0
1	1	UID135230	1	1	0	0
1	1	UID135232	1	1	0	0
1	1	UID135250	1	1	0	0
1	1	UID135262	1	1	0	0
1	1	UID135265	1	1	0	0
1	1	UID135274	1	1	0	0
1	1	UID135276	1	1	0	0
1	1	UID135277	1	1	0	0
1	1	UID135282	1	1	0	0
1	1	UID135291	1	1	0	0
1	1	UID135294	1	1	0	0
1	1	UID135297	1	1	0	0
1	1	UID135301	1	1	0	0
1	1	UID135312	1	1	0	0
2	2	UID135316	1	2	1	1
1	1	UID135322	1	1	0	0
1	1	UID135326	1	1	0	0
1	1	UID135328	1	1	0	0
1	1	UID135329	1	1	0	0
1	1	UID135332	1	1	0	0
1	1	UID135333	1	1	0	0
1	1	UID135335	1	1	0	0
1	1	UID135336	1	1	0	0
1	1	UID135337	1	1	0	0
1	1	UID135339	1	1	0	0
1	1	UID135344	1	1	0	0
1	1	UID135345	1	1	0	0
1	1	UID135349	1	1	0	0
1	1	UID135352	1	1	0	0
1	1	UID135355	1	1	0	0
1	1	UID135356	1	1	0	0
1	1	UID135358	1	1	0	0
1	1	UID135359	1	1	0	0
1	1	UID135361	1	1	0	0
1	1	UID135362	1	1	0	0
1	1	UID135363	1	1	0	0
1	1	UID135366	1	1	0	0
1	1	UID135367	1	1	0	0
1	1	UID135370	1	1	0	0
1	1	UID135371	1	1	0	0
1	1	UID135375	1	1	0	0
1	1	UID135376	1	1	0	0
1	1	UID135382	1	1	0	0
1	1	UID135384	1	1	0	0
1	1	UID135385	1	1	0	0
1	1	UID135386	1	1	0	0
1	1	UID135388	1	1	0	0
1	1	UID135391	1	1	0	0
1	1	UID135392	1	1	0	0
1	1	UID135396	1	1	0	0
1	1	UID135402	1	1	0	0
1	1	UID135409	1	1	0	0
1	1	UID135419	1	1	0	0
1	1	UID135423	1	1	0	0
1	1	UID135433	1	1	0	0
1	1	UID135434	1	1	0	0
1	1	UID135437	1	1	0	0
1	1	UID135439	1	1	0	0
1	1	UID135446	1	1	0	0
1	1	UID135448	1	1	0	0
1	1	UID135458	1	1	0	0
1	1	UID135460	1	1	0	0
1	1	UID135470	1	1	0	0
1	1	UID135485	1	1	0	0
1	1	UID135491	1	1	0	0
1	1	UID135496	1	1	0	0
1	1	UID135502	1	1	0	0
1	1	UID135505	1	1	0	0
1	1	UID135511	1	1	0	0
1	1	UID135513	1	1	0	0
1	1	UID135516	1	1	0	0
1	1	UID135525	1	1	0	0
1	1	UID135529	1	1	0	0
1	1	UID135547	1	1	0	0
1	1	UID135549	1	1	0	0
1	1	UID135552	1	1	0	0
1	1	UID135558	1	1	0	0
1	1	UID135560	1	1	0	0
2	2	UID135569	1	2	1	1
1	1	UID135571	1	1	0	0
1	1	UID135589	1	1	0	0
1	1	UID135590	1	1	0	0
1	1	UID135594	1	1	0	0
1	1	UID135599	1	1	0	0
1	1	UID135600	1	1	0	0
1	1	UID135601	1	1	0	0
1	1	UID135604	1	1	0	0
1	1	UID135606	1	1	0	0
1	1	UID135607	1	1	0	0
1	1	UID135609	1	1	0	0
1	1	UID135613	1	1	0	0
1	1	UID135614	1	1	0	0
1	1	UID135621	1	1	0	0
1	1	UID135624	1	1	0	0
1	1	UID135625	1	1	0	0
1	1	UID135634	1	1	0	0
1	1	UID135635	1	1	0	0
1	1	UID135636	1	1	0	0
1	1	UID135640	1	1	0	0
1	1	UID135643	1	1	0	0
1	1	UID135645	1	1	0	0
1	1	UID135648	1	1	0	0
1	1	UID135649	1	1	0	0
1	1	UID135653	1	1	0	0
1	1	UID135662	1	1	0	0
1	1	UID135681	1	1	0	0
1	1	UID135703	1	1	0	0
1	1	UID135752	1	1	0	0
1	1	UID135754	1	1	0	0
1	1	UID135755	1	1	0	0
1	1	UID135757	1	1	0	0
1	1	UID135781	1	1	0	0
1	1	UID135809	1	1	0	0
1	1	UID135813	1	1	0	0
1	1	UID135814	1	1	0	0
1	1	UID135815	1	1	0	0
1	1	UID135816	1	1	0	0
1	1	UID135824	1	1	0	0
1	1	UID135843	1	1	0	0
1	1	UID135845	1	1	0	0
1	1	UID135852	1	1	0	0
1	1	UID135853	1	1	0	0
1	1	UID135856	1	1	0	0
1	1	UID135861	1	1	0	0
1	1	UID135864	1	1	0	0
1	1	UID135884	1	1	0	0
1	1	UID135886	1	1	0	0
1	1	UID135890	1	1	0	0
1	1	UID135891	1	1	0	0
1	1	UID135895	1	1	0	0
1	1	UID135901	1	1	0	0
1	1	UID135907	1	1	0	0
1	1	UID135909	1	1	0	0
1	1	UID135914	1	1	0	0
1	1	UID135920	1	1	0	0
1	1	UID135923	1	1	0	0
1	1	UID135924	1	1	0	0
1	1	UID135925	1	1	0	0
1	1	UID135929	1	1	0	0
1	1	UID135930	1	1	0	0
1	1	UID135931	1	1	0	0
1	1	UID135932	1	1	0	0
1	1	UID135937	1	1	0	0
1	1	UID135950	1	1	0	0
1	1	UID135957	1	1	0	0
1	1	UID135974	1	1	0	0
1	1	UID135985	1	1	0	0
1	1	UID135997	1	1	0	0
1	1	UID135999	1	1	0	0
1	1	UID136000	1	1	0	0
1	1	UID136014	1	1	0	0
1	1	UID136016	1	1	0	0
1	1	UID136017	1	1	0	0
1	1	UID136024	1	1	0	0
1	1	UID136035	1	1	0	0
1	1	UID136040	1	1	0	0
1	1	UID136048	1	1	0	0
1	1	UID136052	1	1	0	0
1	1	UID136063	1	1	0	0
1	1	UID136064	1	1	0	0
1	1	UID136068	1	1	0	0
1	1	UID136075	1	1	0	0
1	1	UID136106	1	1	0	0
1	1	UID136107	1	1	0	0
1	1	UID136109	1	1	0	0
1	1	UID136119	1	1	0	0
1	1	UID136121	1	1	0	0
1	1	UID136141	1	1	0	0
1	1	UID136147	1	1	0	0
1	1	UID136153	1	1	0	0
1	1	UID136167	1	1	0	0
1	1	UID136172	1	1	0	0
1	1	UID136174	1	1	0	0
1	1	UID136175	1	1	0	0
1	1	UID136191	1	1	0	0
1	1	UID136195	1	1	0	0
1	1	UID136196	1	1	0	0
1	1	UID136197	1	1	0	0
1	1	UID136198	1	1	0	0
1	1	UID136199	1	1	0	0
1	1	UID136200	1	1	0	0
1	1	UID136203	1	1	0	0
1	1	UID136204	1	1	0	0
1	1	UID136212	1	1	0	0
1	1	UID136213	1	1	0	0
1	1	UID136242	1	1	0	0
1	1	UID136248	1	1	0	0
1	1	UID136252	1	1	0	0
1	1	UID136279	1	1	0	0
1	1	UID136282	1	1	0	0
1	1	UID136285	1	1	0	0
1	1	UID136287	1	1	0	0
4	4	UID136292	1	4	2	2
1	1	UID136296	1	1	0	0
1	1	UID136313	1	1	0	0
2	2	UID136318	1	2	1	1
1	1	UID136320	1	1	0	0
1	1	UID136324	1	1	0	0
1	1	UID136341	1	1	0	0
1	1	UID136342	1	1	0	0
1	1	UID136346	1	1	0	0
1	1	UID136362	1	1	0	0
1	1	UID136376	1	1	0	0
1	1	UID136378	1	1	0	0
1	1	UID136379	1	1	0	0
1	1	UID136381	1	1	0	0
1	1	UID136387	1	1	0	0
1	1	UID136389	1	1	0	0
1	1	UID136390	1	1	0	0
1	1	UID136394	1	1	0	0
1	1	UID136395	1	1	0	0
1	1	UID136397	1	1	0	0
1	1	UID136402	1	1	0	0
1	1	UID136403	1	1	0	0
1	1	UID136437	1	1	0	0
1	1	UID136441	1	1	0	0
1	1	UID136444	1	1	0	0
1	1	UID136447	1	1	0	0
1	1	UID136452	1	1	0	0
5	5	UID136454	1	5	2	2
1	1	UID136455	1	1	0	0
1	1	UID136457	1	1	0	0
1	1	UID136463	1	1	0	0
1	1	UID136465	1	1	0	0
1	1	UID136466	1	1	0	0
1	1	UID136467	1	1	0	0
1	1	UID136468	1	1	0	0
1	1	UID136470	1	1	0	0
1	1	UID136492	1	1	0	0
1	1	UID136494	1	1	0	0
1	1	UID136497	1	1	0	0
1	1	UID136502	1	1	0	0
1	1	UID136503	1	1	0	0
1	1	UID136532	1	1	0	0
1	1	UID136533	1	1	0	0
1	1	UID136536	1	1	0	0
1	1	UID136537	1	1	0	0
1	1	UID136538	1	1	0	0
1	1	UID136554	1	1	0	0
1	1	UID136570	1	1	0	0
1	1	UID136571	1	1	0	0
2	2	UID136591	1	2	1	1
1	1	UID136593	1	1	0	0
1	1	UID136626	1	1	0	0
1	1	UID136628	1	1	0	0
1	1	UID136630	1	1	0	0
1	1	UID136631	1	1	0	0
1	1	UID136640	1	1	0	0
1	1	UID136644	1	1	0	0
1	1	UID136647	1	1	0	0
1	1	UID136652	1	1	0	0
1	1	UID136654	1	1	0	0
1	1	UID136657	1	1	0	0
1	1	UID136674	1	1	0	0
1	1	UID136692	1	1	0	0
1	1	UID136697	1	1	0	0
1	1	UID136700	1	1	0	0
1	1	UID136702	1	1	0	0
1	1	UID136704	1	1	0	0
1	1	UID136705	1	1	0	0
1	1	UID136706	1	1	0	0
1	1	UID136713	1	1	0	0
1	1	UID136717	1	1	0	0
1	1	UID136727	1	1	0	0
1	1	UID136736	1	1	0	0
1	1	UID136737	1	1	0	0
1	1	UID136758	1	1	0	0
1	1	UID136761	1	1	0	0
1	1	UID136762	1	1	0	0
1	1	UID136763	1	1	0	0
1	1	UID136768	1	1	0	0
1	1	UID136774	1	1	0	0
1	1	UID136777	1	1	0	0
1	1	UID136782	1	1	0	0
1	1	UID136812	1	1	0	0
1	1	UID136814	1	1	0	0
1	1	UID136818	1	1	0	0
1	1	UID136828	1	1	0	0
1	1	UID136829	1	1	0	0
1	1	UID136830	1	1	0	0
1	1	UID136843	1	1	0	0
1	1	UID136853	1	1	0	0
1	1	UID136867	1	1	0	0
1	1	UID136874	1	1	0	0
1	1	UID136885	1	1	0	0
1	1	UID136904	1	1	0	0
1	1	UID136925	1	1	0	0
1	1	UID136928	1	1	0	0
1	1	UID136934	1	1	0	0
1	1	UID136935	1	1	0	0
1	1	UID136946	1	1	0	0
1	1	UID136948	1	1	0	0
1	1	UID136949	1	1	0	0
1	1	UID136950	1	1	0	0
1	1	UID136957	1	1	0	0
13	13	UID136961	1	13	3	3
1	1	UID136976	1	1	0	0
1	1	UID136983	1	1	0	0
1	1	UID137037	1	1	0	0
1	1	UID137055	1	1	0	0
1	1	UID137056	1	1	0	0
1	1	UID137058	1	1	0	0
1	1	UID137059	1	1	0	0
1	1	UID137060	1	1	0	0
1	1	UID137062	1	1	0	0
1	1	UID137065	1	1	0	0
1	1	UID137067	1	1	0	0
1	1	UID137079	1	1	0	0
1	1	UID137082	1	1	0	0
1	1	UID137086	1	1	0	0
1	1	UID137088	1	1	0	0
1	1	UID137092	1	1	0	0
1	1	UID137111	1	1	0	0
1	1	UID137115	1	1	0	0
1	1	UID137118	1	1	0	0
1	1	UID137119	1	1	0	0
1	1	UID137121	1	1	0	0
1	1	UID137123	1	1	0	0
1	1	UID137141	1	1	0	0
1	1	UID137154	1	1	0	0
1	1	UID137164	1	1	0	0
1	1	UID137171	1	1	0	0
1	1	UID137174	1	1	0	0
1	1	UID137177	1	1	0	0
1	1	UID137193	1	1	0	0
1	1	UID137222	1	1	0	0
1	1	UID137224	1	1	0	0
2	2	UID137225	1	2	1	1
1	1	UID137239	1	1	0	0
1	1	UID137242	1	1	0	0
1	1	UID137256	1	1	0	0
1	1	UID137257	1	1	0	0
1	1	UID137263	1	1	0	0
1	1	UID137268	1	1	0	0
1	1	UID137269	1	1	0	0
1	1	UID137291	1	1	0	0
1	1	UID137301	1	1	0	0
1	1	UID137462	1	1	0	0
1	1	UID137470	1	1	0	0
4	4	UID137768	1	4	2	2
1	1	UID137971	1	1	0	0
1	1	UID138020	1	1	0	0
1	1	UID138063	1	1	0	0
1	1	UID138104	1	1	0	0
1	1	UID138106	1	1	0	0
1	1	UID138144	1	1	0	0
1	1	UID138173	1	1	0	0
1	1	UID138174	1	1	0	0
1	1	UID138175	1	1	0	0
1	1	UID138176	1	1	0	0
1	1	UID138177	1	1	0	0
1	1	UID138226	1	1	0	0
1	1	UID138231	1	1	0	0
1	1	UID138248	1	1	0	0
1	1	UID138258	1	1	0	0
1	1	UID138259	1	1	0	0
2	2	UID138261	1	2	1	1
1	1	UID138263	1	1	0	0
1	1	UID138268	1	1	0	0
1	1	UID138269	1	1	0	0
1	1	UID138270	1	1	0	0
1	1	UID138287	1	1	0	0
1	1	UID138288	1	1	0	0
1	1	UID138296	1	1	0	0
1	1	UID138304	1	1	0	0
1	1	UID138308	1	1	0	0
1	1	UID138310	1	1	0	0
1	1	UID138311	1	1	0	0
1	1	UID138312	1	1	0	0
1	1	UID138315	1	1	0	0
1	1	UID138321	1	1	0	0
1	1	UID138324	1	1	0	0
1	1	UID138326	1	1	0	0
1	1	UID138328	1	1	0	0
1	1	UID138334	1	1	0	0
1	1	UID138338	1	1	0	0
2	2	UID138340	1	2	1	1
1	1	UID138341	1	1	0	0
1	1	UID138343	1	1	0	0
1	1	UID138344	1	1	0	0
1	1	UID138345	1	1	0	0
2	2	UID138347	1	2	1	1
1	1	UID138348	1	1	0	0
1	1	UID138349	1	1	0	0
1	1	UID138351	1	1	0	0
3	3	UID138352	1	3	2	2
3	3	UID138354	1	3	1	1
1	1	UID138357	1	1	0	0
1	1	UID138362	1	1	0	0
1	1	UID138364	1	1	0	0
1	1	UID138365	1	1	0	0
1	1	UID138366	1	1	0	0
1	1	UID138369	1	1	0	0
1	1	UID138372	1	1	0	0
1	1	UID138384	1	1	0	0
1	1	UID138386	1	1	0	0
1	1	UID138389	1	1	0	0
1	1	UID138398	1	1	0	0
1	1	UID138409	1	1	0	0
1	1	UID138411	1	1	0	0
1	1	UID138413	1	1	0	0
1	1	UID138416	1	1	0	0
1	1	UID138418	1	1	0	0
1	1	UID138419	1	1	0	0
1	1	UID138421	1	1	0	0
1	1	UID138439	1	1	0	0
1	1	UID138443	1	1	0	0
1	1	UID138446	1	1	0	0
1	1	UID138463	1	1	0	0
1	1	UID138466	1	1	0	0
1	1	UID138468	1	1	0	0
1	1	UID138469	1	1	0	0
1	1	UID138470	1	1	0	0
1	1	UID138474	1	1	0	0
1	1	UID138475	1	1	0	0
1	1	UID138476	1	1	0	0
1	1	UID138481	1	1	0	0
1	1	UID138482	1	1	0	0
1	1	UID138485	1	1	0	0
1	1	UID138486	1	1	0	0
1	1	UID138490	1	1	0	0
1	1	UID138491	1	1	0	0
1	1	UID138498	1	1	0	0
1	1	UID138503	1	1	0	0
1	1	UID138514	1	1	0	0
1	1	UID138529	1	1	0	0
1	1	UID138534	1	1	0	0
1	1	UID138542	1	1	0	0
1	1	UID138568	1	1	0	0
1	1	UID138581	1	1	0	0
1	1	UID138590	1	1	0	0
1	1	UID138592	1	1	0	0
1	1	UID138601	1	1	0	0
1	1	UID138611	1	1	0	0
1	1	UID138666	1	1	0	0
1	1	UID138667	1	1	0	0
1	1	UID138690	1	1	0	0
2	2	UID138693	1	2	1	1
1	1	UID138702	1	1	0	0
1	1	UID138706	1	1	0	0
1	1	UID138707	1	1	0	0
1	1	UID138708	1	1	0	0
1	1	UID138715	1	1	0	0
1	1	UID138722	1	1	0	0
1	1	UID138727	1	1	0	0
1	1	UID138735	1	1	0	0
1	1	UID138736	1	1	0	0
1	1	UID138742	1	1	0	0
1	1	UID138743	1	1	0	0
1	1	UID138744	1	1	0	0
1	1	UID138751	1	1	0	0
1	1	UID138755	1	1	0	0
1	1	UID138759	1	1	0	0
1	1	UID138763	1	1	0	0
1	1	UID138764	1	1	0	0
1	1	UID138765	1	1	0	0
1	1	UID138766	1	1	0	0
1	1	UID138769	1	1	0	0
1	1	UID138775	1	1	0	0
1	1	UID138776	1	1	0	0
1	1	UID138778	1	1	0	0
1	1	UID138779	1	1	0	0
1	1	UID138780	1	1	0	0
1	1	UID138781	1	1	0	0
1	1	UID138782	1	1	0	0
1	1	UID138783	1	1	0	0
1	1	UID138784	1	1	0	0
1	1	UID138786	1	1	0	0
1	1	UID138792	1	1	0	0
1	1	UID138793	1	1	0	0
1	1	UID138794	1	1	0	0
1	1	UID138795	1	1	0	0
1	1	UID138796	1	1	0	0
1	1	UID138803	1	1	0	0
1	1	UID138807	1	1	0	0
1	1	UID138824	1	1	0	0
1	1	UID138829	1	1	0	0
1	1	UID138831	1	1	0	0
1	1	UID138832	1	1	0	0
1	1	UID138835	1	1	0	0
1	1	UID138836	1	1	0	0
2	2	UID138837	1	2	1	1
1	1	UID138838	1	1	0	0
1	1	UID138839	1	1	0	0
1	1	UID138841	1	1	0	0
1	1	UID138842	1	1	0	0
1	1	UID138843	1	1	0	0
1	1	UID138844	1	1	0	0
1	1	UID138845	1	1	0	0
1	1	UID138884	1	1	0	0
1	1	UID138885	1	1	0	0
1	1	UID138890	1	1	0	0
1	1	UID138891	1	1	0	0
1	1	UID138898	1	1	0	0
1	1	UID138899	1	1	0	0
1	1	UID138900	1	1	0	0
1	1	UID138903	1	1	0	0
1	1	UID138904	1	1	0	0
1	1	UID138905	1	1	0	0
6	6	UID138907	1	6	2	2
1	1	UID138909	1	1	0	0
1	1	UID138912	1	1	0	0
1	1	UID138914	1	1	0	0
1	1	UID138915	1	1	0	0
1	1	UID138918	1	1	0	0
1	1	UID138921	1	1	0	0
1	1	UID138925	1	1	0	0
1	1	UID138933	1	1	0	0
1	1	UID138934	1	1	0	0
1	1	UID138939	1	1	0	0
1	1	UID138942	1	1	0	0
1	1	UID138943	1	1	0	0
1	1	UID138944	1	1	0	0
1	1	UID138958	1	1	0	0
1	1	UID138983	1	1	0	0
1	1	UID138987	1	1	0	0
1	1	UID138988	1	1	0	0
1	1	UID138989	1	1	0	0
1	1	UID138994	1	1	0	0
1	1	UID139007	1	1	0	0
1	1	UID139009	1	1	0	0
1	1	UID139010	1	1	0	0
1	1	UID139023	1	1	0	0
1	1	UID139025	1	1	0	0
1	1	UID139028	1	1	0	0
1	1	UID139030	1	1	0	0
1	1	UID139031	1	1	0	0
1	1	UID139033	1	1	0	0
1	1	UID139037	1	1	0	0
1	1	UID139039	1	1	0	0
1	1	UID139056	1	1	0	0
1	1	UID139066	1	1	0	0
1	1	UID139068	1	1	0	0
1	1	UID139073	1	1	0	0
1	1	UID139074	1	1	0	0
1	1	UID139084	1	1	0	0
1	1	UID139086	1	1	0	0
1	1	UID139097	1	1	0	0
1	1	UID139098	1	1	0	0
1	1	UID139103	1	1	0	0
1	1	UID139107	1	1	0	0
1	1	UID139108	1	1	0	0
1	1	UID139110	1	1	0	0
1	1	UID139116	1	1	0	0
1	1	UID139118	1	1	0	0
1	1	UID139122	1	1	0	0
1	1	UID139129	1	1	0	0
1	1	UID139141	1	1	0	0
1	1	UID139142	1	1	0	0
1	1	UID139146	1	1	0	0
1	1	UID139147	1	1	0	0
1	1	UID139148	1	1	0	0
1	1	UID139150	1	1	0	0
1	1	UID139152	1	1	0	0
1	1	UID139153	1	1	0	0
1	1	UID139156	1	1	0	0
1	1	UID139157	1	1	0	0
1	1	UID139160	1	1	0	0
1	1	UID139168	1	1	0	0
1	1	UID139195	1	1	0	0
1	1	UID139203	1	1	0	0
1	1	UID139204	1	1	0	0
1	1	UID139211	1	1	0	0
2	2	UID139222	1	2	1	1
1	1	UID139227	1	1	0	0
1	1	UID139232	1	1	0	0
1	1	UID139287	1	1	0	0
1	1	UID139289	1	1	0	0
1	1	UID139297	1	1	0	0
2	2	UID139299	1	2	1	1
1	1	UID139302	1	1	0	0
1	1	UID139304	1	1	0	0
1	1	UID139307	1	1	0	0
1	1	UID139312	1	1	0	0
1	1	UID139318	1	1	0	0
1	1	UID139321	1	1	0	0
1	1	UID139326	1	1	0	0
1	1	UID139327	1	1	0	0
1	1	UID139329	1	1	0	0
1	1	UID139330	1	1	0	0
1	1	UID139331	1	1	0	0
1	1	UID139332	1	1	0	0
1	1	UID139333	1	1	0	0
1	1	UID139334	1	1	0	0
1	1	UID139338	1	1	0	0
1	1	UID139340	1	1	0	0
1	1	UID139341	1	1	0	0
1	1	UID139342	1	1	0	0
1	1	UID139345	1	1	0	0
1	1	UID139348	1	1	0	0
1	1	UID139349	1	1	0	0
1	1	UID139350	1	1	0	0
1	1	UID139351	1	1	0	0
1	1	UID139352	1	1	0	0
1	1	UID139353	1	1	0	0
1	1	UID139354	1	1	0	0
1	1	UID139356	1	1	0	0
1	1	UID139362	1	1	0	0
1	1	UID139367	1	1	0	0
1	1	UID139368	1	1	0	0
1	1	UID139372	1	1	0	0
1	1	UID139373	1	1	0	0
1	1	UID139374	1	1	0	0
1	1	UID139380	1	1	0	0
1	1	UID139382	1	1	0	0
1	1	UID139391	1	1	0	0
1	1	UID139393	1	1	0	0
1	1	UID139396	1	1	0	0
1	1	UID139397	1	1	0	0
1	1	UID139398	1	1	0	0
1	1	UID139405	1	1	0	0
1	1	UID139412	1	1	0	0
1	1	UID139425	1	1	0	0
1	1	UID139426	1	1	0	0
1	1	UID139428	1	1	0	0
1	1	UID139429	1	1	0	0
1	1	UID139432	1	1	0	0
1	1	UID139433	1	1	0	0
1	1	UID139435	1	1	0	0
1	1	UID139437	1	1	0	0
1	1	UID139438	1	1	0	0
2	2	UID139443	1	2	1	1
1	1	UID139447	1	1	0	0
1	1	UID139450	1	1	0	0
1	1	UID139455	1	1	0	0
1	1	UID139456	1	1	0	0
1	1	UID139461	1	1	0	0
1	1	UID139462	1	1	0	0
1	1	UID139463	1	1	0	0
1	1	UID139466	1	1	0	0
1	1	UID139468	1	1	0	0
1	1	UID139472	1	1	0	0
1	1	UID139473	1	1	0	0
1	1	UID139474	1	1	0	0
1	1	UID139475	1	1	0	0
1	1	UID139476	1	1	0	0
1	1	UID139486	1	1	0	0
1	1	UID139490	1	1	0	0
1	1	UID139500	1	1	0	0
1	1	UID139503	1	1	0	0
1	1	UID139508	1	1	0	0
1	1	UID139523	1	1	0	0
1	1	UID139526	1	1	0	0
1	1	UID139529	1	1	0	0
1	1	UID139532	1	1	0	0
1	1	UID139534	1	1	0	0
1	1	UID139539	1	1	0	0
1	1	UID139540	1	1	0	0
1	1	UID139551	1	1	0	0
1	1	UID139554	1	1	0	0
1	1	UID139555	1	1	0	0
1	1	UID139557	1	1	0	0
1	1	UID139596	1	1	0	0
1	1	UID139598	1	1	0	0
1	1	UID139603	1	1	0	0
1	1	UID139604	1	1	0	0
1	1	UID139607	1	1	0	0
1	1	UID139611	1	1	0	0
1	1	UID139621	1	1	0	0
1	1	UID139624	1	1	0	0
1	1	UID139640	1	1	0	0
1	1	UID139641	1	1	0	0
1	1	UID139648	1	1	0	0
1	1	UID139649	1	1	0	0
1	1	UID139650	1	1	0	0
1	1	UID139652	1	1	0	0
1	1	UID139657	1	1	0	0
1	1	UID139659	1	1	0	0
1	1	UID139662	1	1	0	0
1	1	UID139678	1	1	0	0
1	1	UID139681	1	1	0	0
1	1	UID139693	1	1	0	0
1	1	UID139694	1	1	0	0
2	2	UID139697	1	2	1	1
1	1	UID139704	1	1	0	0
1	1	UID139706	1	1	0	0
1	1	UID139712	1	1	0	0
1	1	UID139714	1	1	0	0
1	1	UID139722	1	1	0	0
1	1	UID139723	1	1	0	0
1	1	UID139729	1	1	0	0
1	1	UID139730	1	1	0	0
1	1	UID139745	1	1	0	0
1	1	UID139754	1	1	0	0
1	1	UID139757	1	1	0	0
1	1	UID139760	1	1	0	0
1	1	UID139764	1	1	0	0
1	1	UID139766	1	1	0	0
1	1	UID139772	1	1	0	0
1	1	UID139773	1	1	0	0
1	1	UID139775	1	1	0	0
1	1	UID139784	1	1	0	0
1	1	UID139787	1	1	0	0
1	1	UID139792	1	1	0	0
1	1	UID139794	1	1	0	0
1	1	UID139798	1	1	0	0
1	1	UID139802	1	1	0	0
1	1	UID139803	1	1	0	0
1	1	UID139805	1	1	0	0
1	1	UID139806	1	1	0	0
1	1	UID139819	1	1	0	0
1	1	UID139829	1	1	0	0
1	1	UID139835	1	1	0	0
1	1	UID139846	1	1	0	0
1	1	UID139849	1	1	0	0
1	1	UID139863	1	1	0	0
1	1	UID139866	1	1	0	0
1	1	UID139867	1	1	0	0
1	1	UID139882	1	1	0	0
1	1	UID139907	1	1	0	0
1	1	UID139919	1	1	0	0
1	1	UID139924	1	1	0	0
1	1	UID139931	1	1	0	0
1	1	UID139938	1	1	0	0
1	1	UID139940	1	1	0	0
1	1	UID139941	1	1	0	0
1	1	UID139943	1	1	0	0
1	1	UID139944	1	1	0	0
1	1	UID139945	1	1	0	0
1	1	UID139947	1	1	0	0
1	1	UID139949	1	1	0	0
1	1	UID139952	1	1	0	0
1	1	UID139953	1	1	0	0
1	1	UID139954	1	1	0	0
1	1	UID139955	1	1	0	0
1	1	UID139956	1	1	0	0
1	1	UID139958	1	1	0	0
1	1	UID139959	1	1	0	0
1	1	UID139960	1	1	0	0
1	1	UID139961	1	1	0	0
1	1	UID139964	1	1	0	0
1	1	UID139965	1	1	0	0
1	1	UID139972	1	1	0	0
1	1	UID139974	1	1	0	0
1	1	UID139975	1	1	0	0
1	1	UID139980	1	1	0	0
1	1	UID139981	1	1	0	0
1	1	UID139982	1	1	0	0
1	1	UID139983	1	1	0	0
1	1	UID139985	1	1	0	0
1	1	UID139986	1	1	0	0
1	1	UID139990	1	1	0	0
1	1	UID139993	1	1	0	0
1	1	UID139994	1	1	0	0
1	1	UID139995	1	1	0	0
1	1	UID139996	1	1	0	0
1	1	UID139997	1	1	0	0
1	1	UID139998	1	1	0	0
1	1	UID139999	1	1	0	0
1	1	UID140002	1	1	0	0
1	1	UID140003	1	1	0	0
1	1	UID140004	1	1	0	0
1	1	UID140005	1	1	0	0
1	1	UID140008	1	1	0	0
1	1	UID140009	1	1	0	0
1	1	UID140010	1	1	0	0
1	1	UID140011	1	1	0	0
1	1	UID140012	1	1	0	0
1	1	UID140014	1	1	0	0
1	1	UID140015	1	1	0	0
1	1	UID140017	1	1	0	0
1	1	UID140018	1	1	0	0
1	1	UID140019	1	1	0	0
1	1	UID140020	1	1	0	0
1	1	UID140021	1	1	0	0
1	1	UID140022	1	1	0	0
1	1	UID140033	1	1	0	0
1	1	UID140034	1	1	0	0
1	1	UID140035	1	1	0	0
1	1	UID140036	1	1	0	0
1	1	UID140037	1	1	0	0
1	1	UID140039	1	1	0	0
1	1	UID140040	1	1	0	0
1	1	UID140041	1	1	0	0
1	1	UID140042	1	1	0	0
1	1	UID140043	1	1	0	0
1	1	UID140044	1	1	0	0
1	1	UID140046	1	1	0	0
1	1	UID140047	1	1	0	0
1	1	UID140050	1	1	0	0
1	1	UID140065	1	1	0	0
1	1	UID140075	1	1	0	0
1	1	UID140079	1	1	0	0
1	1	UID140086	1	1	0	0
1	1	UID140087	1	1	0	0
1	1	UID140092	1	1	0	0
1	1	UID140115	1	1	0	0
1	1	UID140120	1	1	0	0
1	1	UID140123	1	1	0	0
1	1	UID140127	1	1	0	0
1	1	UID140131	1	1	0	0
1	1	UID140135	1	1	0	0
1	1	UID140163	1	1	0	0
1	1	UID140165	1	1	0	0
1	1	UID140170	1	1	0	0
1	1	UID140172	1	1	0	0
1	1	UID140176	1	1	0	0
1	1	UID140177	1	1	0	0
1	1	UID140181	1	1	0	0
1	1	UID140203	1	1	0	0
1	1	UID140205	1	1	0	0
1	1	UID140206	1	1	0	0
1	1	UID140231	1	1	0	0
1	1	UID140232	1	1	0	0
1	1	UID140233	1	1	0	0
1	1	UID140234	1	1	0	0
1	1	UID140237	1	1	0	0
1	1	UID140260	1	1	0	0
1	1	UID140265	1	1	0	0
1	1	UID140266	1	1	0	0
1	1	UID140269	1	1	0	0
1	1	UID140271	1	1	0	0
1	1	UID140273	1	1	0	0
1	1	UID140306	1	1	0	0
1	1	UID140317	1	1	0	0
1	1	UID140319	1	1	0	0
1	1	UID140323	1	1	0	0
1	1	UID140329	1	1	0	0
1	1	UID140330	1	1	0	0
1	1	UID140333	1	1	0	0
1	1	UID140334	1	1	0	0
1	1	UID140337	1	1	0	0
1	1	UID140355	1	1	0	0
1	1	UID140357	1	1	0	0
1	1	UID140366	1	1	0	0
1	1	UID140379	1	1	0	0
1	1	UID140382	1	1	0	0
1	1	UID140389	1	1	0	0
1	1	UID140408	1	1	0	0
1	1	UID140416	1	1	0	0
1	1	UID140419	1	1	0	0
1	1	UID140422	1	1	0	0
1	1	UID140423	1	1	0	0
1	1	UID140428	1	1	0	0
1	1	UID140432	1	1	0	0
1	1	UID140433	1	1	0	0
1	1	UID140436	1	1	0	0
1	1	UID140437	1	1	0	0
1	1	UID140438	1	1	0	0
1	1	UID140447	1	1	0	0
1	1	UID140448	1	1	0	0
1	1	UID140451	1	1	0	0
1	1	UID140454	1	1	0	0
1	1	UID140455	1	1	0	0
1	1	UID140458	1	1	0	0
1	1	UID140461	1	1	0	0
1	1	UID140476	1	1	0	0
1	1	UID140481	1	1	0	0
1	1	UID140482	1	1	0	0
1	1	UID140487	1	1	0	0
1	1	UID140499	1	1	0	0
1	1	UID140500	1	1	0	0
1	1	UID140503	1	1	0	0
1	1	UID140505	1	1	0	0
1	1	UID140507	1	1	0	0
1	1	UID140519	1	1	0	0
1	1	UID140543	1	1	0	0
1	1	UID140549	1	1	0	0
1	1	UID140552	1	1	0	0
1	1	UID140553	1	1	0	0
1	1	UID140554	1	1	0	0
1	1	UID140555	1	1	0	0
1	1	UID140556	1	1	0	0
1	1	UID140557	1	1	0	0
1	1	UID140569	1	1	0	0
1	1	UID140573	1	1	0	0
1	1	UID140574	1	1	0	0
1	1	UID140577	1	1	0	0
1	1	UID140594	1	1	0	0
1	1	UID140599	1	1	0	0
1	1	UID140605	1	1	0	0
1	1	UID140608	1	1	0	0
1	1	UID140610	1	1	0	0
1	1	UID140612	1	1	0	0
1	1	UID140615	1	1	0	0
1	1	UID140617	1	1	0	0
1	1	UID140623	1	1	0	0
1	1	UID140627	1	1	0	0
1	1	UID140651	1	1	0	0
1	1	UID140656	1	1	0	0
1	1	UID140663	1	1	0	0
1	1	UID140664	1	1	0	0
1	1	UID140667	1	1	0	0
1	1	UID140674	1	1	0	0
1	1	UID140684	1	1	0	0
1	1	UID140691	1	1	0	0
1	1	UID140694	1	1	0	0
1	1	UID140699	1	1	0	0
1	1	UID140705	1	1	0	0
1	1	UID140727	1	1	0	0
1	1	UID140731	1	1	0	0
1	1	UID140733	1	1	0	0
1	1	UID140735	1	1	0	0
1	1	UID140741	1	1	0	0
1	1	UID140747	1	1	0	0
1	1	UID140751	1	1	0	0
1	1	UID140753	1	1	0	0
1	1	UID140774	1	1	0	0
1	1	UID140781	1	1	0	0
1	1	UID140783	1	1	0	0
1	1	UID140786	1	1	0	0
1	1	UID140788	1	1	0	0
1	1	UID140800	1	1	0	0
1	1	UID140810	1	1	0	0
1	1	UID140820	1	1	0	0
1	1	UID140823	1	1	0	0
1	1	UID140833	1	1	0	0
1	1	UID140841	1	1	0	0
1	1	UID140844	1	1	0	0
1	1	UID140846	1	1	0	0
1	1	UID140847	1	1	0	0
1	1	UID140850	1	1	0	0
1	1	UID140852	1	1	0	0
1	1	UID140861	1	1	0	0
1	1	UID140866	1	1	0	0
1	1	UID140867	1	1	0	0
1	1	UID140872	1	1	0	0
1	1	UID140876	1	1	0	0
1	1	UID140885	1	1	0	0
1	1	UID140898	1	1	0	0
1	1	UID140900	1	1	0	0
1	1	UID140902	1	1	0	0
1	1	UID140931	1	1	0	0
1	1	UID140936	1	1	0	0
1	1	UID140938	1	1	0	0
1	1	UID140944	1	1	0	0
1	1	UID140945	1	1	0	0
1	1	UID140947	1	1	0	0
1	1	UID140954	1	1	0	0
1	1	UID140956	1	1	0	0
1	1	UID140958	1	1	0	0
1	1	UID140964	1	1	0	0
1	1	UID140966	1	1	0	0
1	1	UID141029	1	1	0	0
1	1	UID141037	1	1	0	0
1	1	UID141040	1	1	0	0
1	1	UID141042	1	1	0	0
1	1	UID141043	1	1	0	0
1	1	UID141050	1	1	0	0
1	1	UID141076	1	1	0	0
1	1	UID141079	1	1	0	0
1	1	UID141084	1	1	0	0
1	1	UID141089	1	1	0	0
1	1	UID141090	1	1	0	0
1	1	UID141097	1	1	0	0
1	1	UID141107	1	1	0	0
1	1	UID141108	1	1	0	0
1	1	UID141114	1	1	0	0
1	1	UID141132	1	1	0	0
1	1	UID141134	1	1	0	0
1	1	UID141139	1	1	0	0
1	1	UID141155	1	1	0	0
1	1	UID141194	1	1	0	0
1	1	UID141197	1	1	0	0
1	1	UID141209	1	1	0	0
1	1	UID141211	1	1	0	0
1	1	UID141214	1	1	0	0
1	1	UID141221	1	1	0	0
1	1	UID141222	1	1	0	0
1	1	UID141242	1	1	0	0
1	1	UID141244	1	1	0	0
1	1	UID141246	1	1	0	0
1	1	UID141277	1	1	0	0
1	1	UID141278	1	1	0	0
1	1	UID141279	1	1	0	0
1	1	UID141281	1	1	0	0
1	1	UID141289	1	1	0	0
1	1	UID141296	1	1	0	0
1	1	UID141306	1	1	0	0
1	1	UID141307	1	1	0	0
1	1	UID141319	1	1	0	0
1	1	UID141320	1	1	0	0
1	1	UID141339	1	1	0	0
1	1	UID141343	1	1	0	0
1	1	UID141347	1	1	0	0
1	1	UID141351	1	1	0	0
1	1	UID141352	1	1	0	0
1	1	UID141357	1	1	0	0
1	1	UID141359	1	1	0	0
1	1	UID141369	1	1	0	0
1	1	UID141379	1	1	0	0
1	1	UID141386	1	1	0	0
1	1	UID141392	1	1	0	0
1	1	UID141394	1	1	0	0
1	1	UID141402	1	1	0	0
1	1	UID141404	1	1	0	0
1	1	UID141419	1	1	0	0
1	1	UID141420	1	1	0	0
1	1	UID141421	1	1	0	0
1	1	UID141422	1	1	0	0
1	1	UID141427	1	1	0	0
1	1	UID141434	1	1	0	0
1	1	UID141437	1	1	0	0
1	1	UID141445	1	1	0	0
1	1	UID141447	1	1	0	0
1	1	UID141464	1	1	0	0
1	1	UID141469	1	1	0	0
1	1	UID141524	1	1	0	0
1	1	UID141534	1	1	0	0
1	1	UID141536	1	1	0	0
1	1	UID141540	1	1	0	0
1	1	UID141542	1	1	0	0
1	1	UID141554	1	1	0	0
1	1	UID141555	1	1	0	0
1	1	UID141559	1	1	0	0
1	1	UID141562	1	1	0	0
1	1	UID141566	1	1	0	0
1	1	UID141588	1	1	0	0
1	1	UID141592	1	1	0	0
1	1	UID141598	1	1	0	0
1	1	UID141600	1	1	0	0
1	1	UID141613	1	1	0	0
1	1	UID141614	1	1	0	0
1	1	UID141615	1	1	0	0
1	1	UID141617	1	1	0	0
1	1	UID141618	1	1	0	0
1	1	UID141622	1	1	0	0
1	1	UID141624	1	1	0	0
1	1	UID141628	1	1	0	0
1	1	UID141629	1	1	0	0
1	1	UID141630	1	1	0	0
1	1	UID141651	1	1	0	0
1	1	UID141742	1	1	0	0
1	1	UID141769	1	1	0	0
1	1	UID141809	1	1	0	0
1	1	UID141819	1	1	0	0
1	1	UID141822	1	1	0	0
1	1	UID141825	1	1	0	0
1	1	UID141836	1	1	0	0
1	1	UID141840	1	1	0	0
1	1	UID141842	1	1	0	0
1	1	UID141846	1	1	0	0
1	1	UID141849	1	1	0	0
1	1	UID141853	1	1	0	0
1	1	UID141871	1	1	0	0
1	1	UID141872	1	1	0	0
1	1	UID141885	1	1	0	0
1	1	UID141886	1	1	0	0
1	1	UID141887	1	1	0	0
1	1	UID141908	1	1	0	0
1	1	UID141919	1	1	0	0
1	1	UID141922	1	1	0	0
1	1	UID141930	1	1	0	0
1	1	UID141931	1	1	0	0
1	1	UID141939	1	1	0	0
1	1	UID141952	1	1	0	0
1	1	UID141989	1	1	0	0
1	1	UID142045	1	1	0	0
1	1	UID142059	1	1	0	0
1	1	UID142067	1	1	0	0
1	1	UID142099	1	1	0	0
1	1	UID142101	1	1	0	0
1	1	UID142110	1	1	0	0
1	1	UID142126	1	1	0	0
1	1	UID142127	1	1	0	0
1	1	UID142130	1	1	0	0
1	1	UID142154	1	1	0	0
1	1	UID142155	1	1	0	0
1	1	UID142164	1	1	0	0
1	1	UID142165	1	1	0	0
1	1	UID142169	1	1	0	0
1	1	UID142171	1	1	0	0
1	1	UID142174	1	1	0	0
1	1	UID142181	1	1	0	0
1	1	UID142183	1	1	0	0
1	1	UID142187	1	1	0	0
1	1	UID142191	1	1	0	0
1	1	UID142199	1	1	0	0
1	1	UID142202	1	1	0	0
1	1	UID142222	1	1	0	0
1	1	UID142228	1	1	0	0
1	1	UID142229	1	1	0	0
1	1	UID142240	1	1	0	0
1	1	UID142248	1	1	0	0
1	1	UID142251	1	1	0	0
1	1	UID142256	1	1	0	0
1	1	UID142273	1	1	0	0
1	1	UID142280	1	1	0	0
1	1	UID142281	1	1	0	0
1	1	UID142283	1	1	0	0
1	1	UID142289	1	1	0	0
1	1	UID142297	1	1	0	0
1	1	UID142318	1	1	0	0
1	1	UID142329	1	1	0	0
1	1	UID142332	1	1	0	0
1	1	UID142354	1	1	0	0
1	1	UID142356	1	1	0	0
1	1	UID142358	1	1	0	0
1	1	UID142363	1	1	0	0
1	1	UID142364	1	1	0	0
1	1	UID142367	1	1	0	0
1	1	UID142370	1	1	0	0
1	1	UID142376	1	1	0	0
1	1	UID142378	1	1	0	0
1	1	UID142380	1	1	0	0
1	1	UID142382	1	1	0	0
1	1	UID142386	1	1	0	0
1	1	UID142389	1	1	0	0
1	1	UID142392	1	1	0	0
1	1	UID142411	1	1	0	0
1	1	UID142421	1	1	0	0
1	1	UID142427	1	1	0	0
1	1	UID142433	1	1	0	0
1	1	UID142436	1	1	0	0
1	1	UID142447	1	1	0	0
1	1	UID142450	1	1	0	0
1	1	UID142454	1	1	0	0
1	1	UID142460	1	1	0	0
1	1	UID142462	1	1	0	0
1	1	UID142467	1	1	0	0
1	1	UID142468	1	1	0	0
1	1	UID142473	1	1	0	0
1	1	UID142476	1	1	0	0
1	1	UID142478	1	1	0	0
1	1	UID142479	1	1	0	0
1	1	UID142483	1	1	0	0
1	1	UID142487	1	1	0	0
1	1	UID142495	1	1	0	0
1	1	UID142508	1	1	0	0
1	1	UID142512	1	1	0	0
1	1	UID142515	1	1	0	0
1	1	UID142516	1	1	0	0
1	1	UID142534	1	1	0	0
1	1	UID142551	1	1	0	0
1	1	UID142552	1	1	0	0
1	1	UID142553	1	1	0	0
1	1	UID142554	1	1	0	0
1	1	UID142563	1	1	0	0
1	1	UID142565	1	1	0	0
1	1	UID142567	1	1	0	0
1	1	UID142572	1	1	0	0
1	1	UID142586	1	1	0	0
1	1	UID142587	1	1	0	0
1	1	UID142588	1	1	0	0
1	1	UID142599	1	1	0	0
1	1	UID142600	1	1	0	0
1	1	UID142604	1	1	0	0
1	1	UID142607	1	1	0	0
1	1	UID142638	1	1	0	0
1	1	UID142668	1	1	0	0
1	1	UID142674	1	1	0	0
1	1	UID142689	1	1	0	0
1	1	UID142699	1	1	0	0
1	1	UID142709	1	1	0	0
1	1	UID142713	1	1	0	0
1	1	UID142716	1	1	0	0
1	1	UID142720	1	1	0	0
1	1	UID142723	1	1	0	0
1	1	UID142732	1	1	0	0
1	1	UID142744	1	1	0	0
1	1	UID142745	1	1	0	0
1	1	UID142747	1	1	0	0
1	1	UID142748	1	1	0	0
1	1	UID142750	1	1	0	0
1	1	UID142753	1	1	0	0
1	1	UID142772	1	1	0	0
1	1	UID142773	1	1	0	0
1	1	UID142775	1	1	0	0
1	1	UID142782	1	1	0	0
1	1	UID142783	1	1	0	0
1	1	UID142791	1	1	0	0
1	1	UID142794	1	1	0	0
1	1	UID142796	1	1	0	0
1	1	UID142798	1	1	0	0
1	1	UID142803	1	1	0	0
1	1	UID142808	1	1	0	0
1	1	UID142809	1	1	0	0
1	1	UID142826	1	1	0	0
1	1	UID142828	1	1	0	0
1	1	UID142836	1	1	0	0
1	1	UID142842	1	1	0	0
1	1	UID142844	1	1	0	0
1	1	UID142857	1	1	0	0
1	1	UID142861	1	1	0	0
1	1	UID142867	1	1	0	0
1	1	UID142892	1	1	0	0
1	1	UID142893	1	1	0	0
1	1	UID142894	1	1	0	0
1	1	UID142898	1	1	0	0
1	1	UID142902	1	1	0	0
1	1	UID142917	1	1	0	0
1	1	UID142933	1	1	0	0
1	1	UID142944	1	1	0	0
1	1	UID142947	1	1	0	0
1	1	UID142955	1	1	0	0
1	1	UID142964	1	1	0	0
1	1	UID142990	1	1	0	0
1	1	UID143018	1	1	0	0
1	1	UID143046	1	1	0	0
1	1	UID143058	1	1	0	0
1	1	UID143062	1	1	0	0
1	1	UID143070	1	1	0	0
1	1	UID143076	1	1	0	0
1	1	UID143080	1	1	0	0
1	1	UID143083	1	1	0	0
1	1	UID143092	1	1	0	0
1	1	UID143093	1	1	0	0
1	1	UID143094	1	1	0	0
1	1	UID143101	1	1	0	0
1	1	UID143115	1	1	0	0
1	1	UID143120	1	1	0	0
1	1	UID143122	1	1	0	0
1	1	UID143129	1	1	0	0
1	1	UID143147	1	1	0	0
1	1	UID143153	1	1	0	0
1	1	UID143163	1	1	0	0
1	1	UID143171	1	1	0	0
1	1	UID143172	1	1	0	0
1	1	UID143175	1	1	0	0
1	1	UID143183	1	1	0	0
1	1	UID143194	1	1	0	0
1	1	UID143196	1	1	0	0
1	1	UID143203	1	1	0	0
1	1	UID143212	1	1	0	0
1	1	UID143217	1	1	0	0
1	1	UID143218	1	1	0	0
1	1	UID143219	1	1	0	0
1	1	UID143225	1	1	0	0
1	1	UID143227	1	1	0	0
1	1	UID143228	1	1	0	0
1	1	UID143229	1	1	0	0
1	1	UID143230	1	1	0	0
1	1	UID143237	1	1	0	0
1	1	UID143258	1	1	0	0
1	1	UID143264	1	1	0	0
1	1	UID143274	1	1	0	0
1	1	UID143281	1	1	0	0
1	1	UID143300	1	1	0	0
1	1	UID143305	1	1	0	0
1	1	UID143306	1	1	0	0
1	1	UID143313	1	1	0	0
1	1	UID143317	1	1	0	0
1	1	UID143318	1	1	0	0
1	1	UID143320	1	1	0	0
1	1	UID143322	1	1	0	0
1	1	UID143326	1	1	0	0
3	3	UID143327	1	3	1	1
1	1	UID143329	1	1	0	0
1	1	UID143330	1	1	0	0
5	5	UID143331	1	5	2	2
1	1	UID143332	1	1	0	0
1	1	UID143342	1	1	0	0
1	1	UID143354	1	1	0	0
1	1	UID143355	1	1	0	0
1	1	UID143356	1	1	0	0
1	1	UID143358	1	1	0	0
1	1	UID143379	1	1	0	0
1	1	UID143382	1	1	0	0
1	1	UID143388	1	1	0	0
1	1	UID143392	1	1	0	0
1	1	UID143398	1	1	0	0
1	1	UID143406	1	1	0	0
1	1	UID143409	1	1	0	0
1	1	UID143424	1	1	0	0
1	1	UID143430	1	1	0	0
1	1	UID143439	1	1	0	0
1	1	UID143453	1	1	0	0
1	1	UID143459	1	1	0	0
1	1	UID143469	1	1	0	0
1	1	UID143472	1	1	0	0
1	1	UID143473	1	1	0	0
1	1	UID143481	1	1	0	0
1	1	UID143492	1	1	0	0
1	1	UID143497	1	1	0	0
1	1	UID143524	1	1	0	0
1	1	UID143541	1	1	0	0
1	1	UID143543	1	1	0	0
1	1	UID143547	1	1	0	0
1	1	UID143549	1	1	0	0
1	1	UID143563	1	1	0	0
1	1	UID143566	1	1	0	0
1	1	UID143568	1	1	0	0
1	1	UID143571	1	1	0	0
1	1	UID143585	1	1	0	0
1	1	UID143596	1	1	0	0
1	1	UID143613	1	1	0	0
1	1	UID143627	1	1	0	0
1	1	UID143631	1	1	0	0
1	1	UID143639	1	1	0	0
1	1	UID143643	1	1	0	0
1	1	UID143645	1	1	0	0
1	1	UID143648	1	1	0	0
1	1	UID143650	1	1	0	0
1	1	UID143653	1	1	0	0
1	1	UID143655	1	1	0	0
1	1	UID143657	1	1	0	0
2	2	UID143658	1	2	1	1
1	1	UID143660	1	1	0	0
1	1	UID143664	1	1	0	0
1	1	UID143665	1	1	0	0
1	1	UID143668	1	1	0	0
1	1	UID143671	1	1	0	0
1	1	UID143672	1	1	0	0
1	1	UID143679	1	1	0	0
1	1	UID143682	1	1	0	0
1	1	UID143685	1	1	0	0
1	1	UID143687	1	1	0	0
1	1	UID143694	1	1	0	0
1	1	UID143695	1	1	0	0
1	1	UID143702	1	1	0	0
1	1	UID143703	1	1	0	0
1	1	UID143704	1	1	0	0
1	1	UID143706	1	1	0	0
1	1	UID143710	1	1	0	0
1	1	UID143712	1	1	0	0
1	1	UID143715	1	1	0	0
1	1	UID143718	1	1	0	0
1	1	UID143723	1	1	0	0
1	1	UID143724	1	1	0	0
1	1	UID143734	1	1	0	0
1	1	UID143735	1	1	0	0
1	1	UID143736	1	1	0	0
1	1	UID143739	1	1	0	0
1	1	UID143744	1	1	0	0
1	1	UID143745	1	1	0	0
1	1	UID143750	1	1	0	0
1	1	UID143752	1	1	0	0
1	1	UID143766	1	1	0	0
1	1	UID143768	1	1	0	0
1	1	UID143769	1	1	0	0
1	1	UID143787	1	1	0	0
1	1	UID143789	1	1	0	0
1	1	UID143792	1	1	0	0
1	1	UID143797	1	1	0	0
1	1	UID143799	1	1	0	0
1	1	UID143806	1	1	0	0
1	1	UID143808	1	1	0	0
1	1	UID143815	1	1	0	0
1	1	UID143818	1	1	0	0
1	1	UID143819	1	1	0	0
1	1	UID143820	1	1	0	0
1	1	UID143821	1	1	0	0
1	1	UID143822	1	1	0	0
1	1	UID143823	1	1	0	0
1	1	UID143826	1	1	0	0
1	1	UID143831	1	1	0	0
1	1	UID143844	1	1	0	0
1	1	UID143845	1	1	0	0
1	1	UID143851	1	1	0	0
1	1	UID143855	1	1	0	0
1	1	UID143860	1	1	0	0
1	1	UID143864	1	1	0	0
1	1	UID143868	1	1	0	0
1	1	UID143885	1	1	0	0
1	1	UID143888	1	1	0	0
1	1	UID143898	1	1	0	0
1	1	UID143901	1	1	0	0
1	1	UID143902	1	1	0	0
1	1	UID143909	1	1	0	0
1	1	UID143920	1	1	0	0
1	1	UID143923	1	1	0	0
1	1	UID143924	1	1	0	0
1	1	UID143925	1	1	0	0
1	1	UID143926	1	1	0	0
1	1	UID143930	1	1	0	0
1	1	UID143934	1	1	0	0
1	1	UID143956	1	1	0	0
1	1	UID143961	1	1	0	0
1	1	UID143966	1	1	0	0
1	1	UID143971	1	1	0	0
1	1	UID143980	1	1	0	0
1	1	UID143983	1	1	0	0
1	1	UID143985	1	1	0	0
1	1	UID143988	1	1	0	0
1	1	UID143994	1	1	0	0
1	1	UID144006	1	1	0	0
1	1	UID144007	1	1	0	0
1	1	UID144010	1	1	0	0
1	1	UID144012	1	1	0	0
1	1	UID144026	1	1	0	0
1	1	UID144041	1	1	0	0
1	1	UID1573	1	1	0	0
1	1	UID27279	1	1	0	0
1	1	UID290	1	1	0	0
1	1	UID30106	1	1	0	0
1	1	UID31026	1	1	0	0
4	4	UID313	1	4	1	1
1	1	UID34893	1	1	0	0
1	1	UID34928	1	1	0	0
1	1	UID35172	1	1	0	0
1	1	UID36856	1	1	0	0
1	1	UID48551	1	1	0	0
1	1	UID48910	1	1	0	0
1	1	UID49085	1	1	0	0
1	1	UID49704	1	1	0	0
1	1	UID49715	1	1	0	0
1	1	UID52230	1	1	0	0
1	1	UID54467	1	1	0	0
1	1	UID55493	1	1	0	0
1	1	UID57928	1	1	0	0
1	1	UID59557	1	1	0	0
1	1	UID60172	1	1	0	0
1	1	UID61243	1	1	0	0
1	1	UID61258	1	1	0	0
1	1	UID61452	1	1	0	0
2	2	UID61489	1	2	1	1
1	1	UID61641	1	1	0	0
1	1	UID61779	1	1	0	0
1	1	UID61782	1	1	0	0
1	1	UID62796	1	1	0	0
1	1	UID64997	1	1	0	0
1	1	UID66923	1	1	0	0
1	1	UID67340	1	1	0	0
1	1	UID68117	1	1	0	0
1	1	UID68474	1	1	0	0
1	1	UID85183	1	1	0	0
1	1	UID96196	1	1	0	0
1	1	UID98605	1	1	0	0
