6265	32285	UID314	14741	5354	4	4
613	1840	UID61922	848	469	3	3
155	341	UID8077	153	136	3	3
225	428	UID61262	119	204	4	4
128	284	UID1	109	111	4	4
121	249	UID2	92	107	3	3
75	168	UID82768	81	69	3	3
267	407	UID61252	64	248	5	5
92	171	UID380	40	86	3	3
64	121	UID61923	36	58	2	2
109	170	UID61447	35	99	3	3
42	72	UID7979	24	39	2	2
128	179	UID61600	21	115	4	4
26	47	UID10381	19	24	2	2
17	36	UID1445	16	13	2	2
24	39	UID48617	15	22	1	1
32	49	UID62227	13	28	3	3
13	24	UID101854	12	12	1	1
6	14	UID61395	9	5	1	1
1	8	UID144045	8	0	0	0
10	18	UID62982	8	8	1	1
14	21	UID71877	8	13	2	2
7	12	UID102166	6	6	1	1
8	16	UID48500	6	6	2	2
15	20	UID62992	6	14	1	1
6	13	UID71799	6	4	3	3
3	8	UID71814	6	2	0	0
8	13	UID88892	6	7	1	1
9	13	UID101418	5	8	2	2
5	9	UID101419	5	4	0	0
6	10	UID62988	5	5	1	1
22	31	UID62998	5	18	4	4
9	13	UID114365	4	7	1	1
4	7	UID144048	4	3	1	1
2	5	UID48598	4	1	1	1
7	10	UID519	4	6	1	1
2	5	UID61242	4	1	0	0
9	13	UID62232	4	7	1	1
21	25	UID62989	4	19	2	2
12	15	UID62991	4	11	2	2
3	6	UID62997	4	2	1	1
5	8	UID702	4	4	1	1
10	12	UID101089	3	9	2	2
8	10	UID101162	3	7	1	1
1	3	UID101198	3	0	0	0
2	4	UID114368	3	1	1	1
3	5	UID122496	3	2	1	1
4	6	UID144051	3	3	1	1
4	6	UID16	3	3	1	1
2	4	UID289	3	1	0	0
8	11	UID48383	3	6	1	1
7	9	UID61394	3	6	1	1
6	9	UID62226	3	4	1	1
1	3	UID62999	3	0	0	0
1	3	UID71812	3	0	0	0
5	7	UID71845	3	4	2	2
2	4	UID74715	3	1	0	0
7	8	UID101222	2	6	2	2
1	2	UID101647	2	0	0	0
6	7	UID101732	2	5	2	2
1	2	UID102634	2	0	0	0
15	18	UID102722	2	12	2	2
1	2	UID106166	2	0	0	0
1	2	UID111238	2	0	0	0
3	4	UID114366	2	2	1	1
3	4	UID115078	2	2	1	1
1	2	UID144152	2	0	0	0
3	4	UID201	2	2	1	1
1	2	UID27279	2	0	0	0
4	5	UID290	2	3	1	1
3	4	UID46	2	2	1	1
3	4	UID48567	2	2	1	1
4	5	UID56869	2	3	1	1
4	5	UID62996	2	3	1	1
1	2	UID71819	2	0	0	0
8	9	UID71903	2	7	2	2
4	5	UID72035	2	3	1	1
5	8	UID72044	2	2	3	3
1	2	UID72062	2	0	0	0
3	4	UID84001	2	2	1	1
1	1	UID101119	1	1	0	0
1	1	UID101236	1	1	0	0
1	1	UID101257	1	1	0	0
1	1	UID101299	1	1	0	0
1	1	UID101342	1	1	0	0
5	5	UID101378	1	5	1	1
2	2	UID101420	1	2	1	1
2	2	UID101463	1	2	1	1
3	3	UID101521	1	3	1	1
3	3	UID101713	1	3	1	1
1	1	UID101731	1	1	0	0
2	2	UID101738	1	2	1	1
4	4	UID102642	1	4	2	2
1	1	UID102643	1	1	0	0
1	1	UID104479	1	1	0	0
4	4	UID107739	1	4	2	2
1	1	UID109842	1	1	0	0
1	1	UID110435	1	1	0	0
1	1	UID110659	1	1	0	0
1	1	UID110674	1	1	0	0
2	2	UID115274	1	2	1	1
2	2	UID115352	1	2	1	1
1	1	UID115392	1	1	0	0
1	1	UID115788	1	1	0	0
1	1	UID128637	1	1	0	0
1	1	UID129035	1	1	0	0
1	1	UID138907	1	1	0	0
3	3	UID139725	1	3	1	1
1	1	UID1440	1	1	0	0
1	1	UID144172	1	1	0	0
1	1	UID144174	1	1	0	0
1	1	UID144177	1	1	0	0
1	1	UID144178	1	1	0	0
1	1	UID144181	1	1	0	0
1	1	UID144184	1	1	0	0
1	1	UID144188	1	1	0	0
1	1	UID144189	1	1	0	0
1	1	UID144208	1	1	0	0
1	1	UID144216	1	1	0	0
1	1	UID144219	1	1	0	0
1	1	UID144227	1	1	0	0
1	1	UID144228	1	1	0	0
1	1	UID144236	1	1	0	0
1	1	UID144238	1	1	0	0
1	1	UID144240	1	1	0	0
1	1	UID144253	1	1	0	0
1	1	UID144258	1	1	0	0
1	1	UID144269	1	1	0	0
1	1	UID144270	1	1	0	0
1	1	UID144271	1	1	0	0
1	1	UID144280	1	1	0	0
1	1	UID144281	1	1	0	0
1	1	UID144284	1	1	0	0
1	1	UID144286	1	1	0	0
1	1	UID144294	1	1	0	0
1	1	UID144295	1	1	0	0
1	1	UID144307	1	1	0	0
1	1	UID144334	1	1	0	0
1	1	UID144337	1	1	0	0
1	1	UID144345	1	1	0	0
1	1	UID144346	1	1	0	0
1	1	UID144349	1	1	0	0
1	1	UID144355	1	1	0	0
1	1	UID144358	1	1	0	0
1	1	UID144375	1	1	0	0
1	1	UID144377	1	1	0	0
1	1	UID144384	1	1	0	0
1	1	UID144385	1	1	0	0
1	1	UID144387	1	1	0	0
1	1	UID144398	1	1	0	0
1	1	UID144405	1	1	0	0
1	1	UID144407	1	1	0	0
1	1	UID144411	1	1	0	0
1	1	UID144413	1	1	0	0
1	1	UID144419	1	1	0	0
1	1	UID144447	1	1	0	0
1	1	UID144449	1	1	0	0
1	1	UID144451	1	1	0	0
1	1	UID144453	1	1	0	0
1	1	UID144460	1	1	0	0
1	1	UID144463	1	1	0	0
1	1	UID144468	1	1	0	0
1	1	UID144471	1	1	0	0
1	1	UID144476	1	1	0	0
1	1	UID144477	1	1	0	0
1	1	UID144478	1	1	0	0
1	1	UID144488	1	1	0	0
1	1	UID144496	1	1	0	0
1	1	UID144509	1	1	0	0
1	1	UID144513	1	1	0	0
1	1	UID144516	1	1	0	0
1	1	UID144521	1	1	0	0
1	1	UID144522	1	1	0	0
1	1	UID144523	1	1	0	0
1	1	UID144524	1	1	0	0
1	1	UID144525	1	1	0	0
1	1	UID144529	1	1	0	0
1	1	UID144533	1	1	0	0
1	1	UID144534	1	1	0	0
1	1	UID144539	1	1	0	0
1	1	UID144561	1	1	0	0
1	1	UID144562	1	1	0	0
1	1	UID144569	1	1	0	0
1	1	UID144578	1	1	0	0
1	1	UID144579	1	1	0	0
1	1	UID144628	1	1	0	0
1	1	UID144629	1	1	0	0
1	1	UID144636	1	1	0	0
1	1	UID144637	1	1	0	0
1	1	UID144640	1	1	0	0
1	1	UID144643	1	1	0	0
1	1	UID144644	1	1	0	0
1	1	UID144645	1	1	0	0
1	1	UID144647	1	1	0	0
1	1	UID144654	1	1	0	0
1	1	UID144658	1	1	0	0
1	1	UID144689	1	1	0	0
1	1	UID144691	1	1	0	0
1	1	UID144692	1	1	0	0
1	1	UID144693	1	1	0	0
1	1	UID144696	1	1	0	0
1	1	UID144706	1	1	0	0
1	1	UID144708	1	1	0	0
1	1	UID144713	1	1	0	0
1	1	UID144720	1	1	0	0
1	1	UID144737	1	1	0	0
1	1	UID144741	1	1	0	0
1	1	UID144745	1	1	0	0
1	1	UID144757	1	1	0	0
1	1	UID144764	1	1	0	0
1	1	UID144772	1	1	0	0
1	1	UID144774	1	1	0	0
1	1	UID144785	1	1	0	0
1	1	UID144801	1	1	0	0
1	1	UID144802	1	1	0	0
1	1	UID144803	1	1	0	0
1	1	UID144828	1	1	0	0
1	1	UID144829	1	1	0	0
1	1	UID144831	1	1	0	0
1	1	UID144839	1	1	0	0
1	1	UID144840	1	1	0	0
1	1	UID144860	1	1	0	0
1	1	UID144863	1	1	0	0
1	1	UID144865	1	1	0	0
1	1	UID144882	1	1	0	0
1	1	UID144883	1	1	0	0
1	1	UID144884	1	1	0	0
1	1	UID144885	1	1	0	0
1	1	UID144886	1	1	0	0
1	1	UID144888	1	1	0	0
1	1	UID144889	1	1	0	0
1	1	UID144891	1	1	0	0
1	1	UID144899	1	1	0	0
1	1	UID144900	1	1	0	0
1	1	UID144901	1	1	0	0
1	1	UID144902	1	1	0	0
1	1	UID144903	1	1	0	0
1	1	UID144905	1	1	0	0
1	1	UID144914	1	1	0	0
1	1	UID144915	1	1	0	0
1	1	UID144916	1	1	0	0
1	1	UID144931	1	1	0	0
1	1	UID144949	1	1	0	0
1	1	UID144950	1	1	0	0
1	1	UID144952	1	1	0	0
1	1	UID144953	1	1	0	0
1	1	UID144955	1	1	0	0
1	1	UID144989	1	1	0	0
1	1	UID144993	1	1	0	0
1	1	UID145002	1	1	0	0
1	1	UID145018	1	1	0	0
1	1	UID145025	1	1	0	0
1	1	UID145057	1	1	0	0
1	1	UID145059	1	1	0	0
1	1	UID145065	1	1	0	0
1	1	UID145066	1	1	0	0
1	1	UID145067	1	1	0	0
1	1	UID145082	1	1	0	0
1	1	UID145085	1	1	0	0
1	1	UID145088	1	1	0	0
1	1	UID145090	1	1	0	0
1	1	UID145091	1	1	0	0
1	1	UID145102	1	1	0	0
1	1	UID145113	1	1	0	0
1	1	UID145115	1	1	0	0
1	1	UID145116	1	1	0	0
1	1	UID145122	1	1	0	0
1	1	UID145127	1	1	0	0
1	1	UID145131	1	1	0	0
1	1	UID145132	1	1	0	0
1	1	UID145158	1	1	0	0
1	1	UID145168	1	1	0	0
1	1	UID145178	1	1	0	0
1	1	UID145180	1	1	0	0
1	1	UID145182	1	1	0	0
1	1	UID145183	1	1	0	0
1	1	UID145187	1	1	0	0
1	1	UID145192	1	1	0	0
1	1	UID145201	1	1	0	0
1	1	UID145203	1	1	0	0
1	1	UID145205	1	1	0	0
1	1	UID145216	1	1	0	0
1	1	UID145217	1	1	0	0
1	1	UID145218	1	1	0	0
1	1	UID145219	1	1	0	0
1	1	UID145225	1	1	0	0
1	1	UID145250	1	1	0	0
1	1	UID145252	1	1	0	0
1	1	UID145253	1	1	0	0
1	1	UID145264	1	1	0	0
1	1	UID145276	1	1	0	0
1	1	UID145280	1	1	0	0
1	1	UID145284	1	1	0	0
1	1	UID145291	1	1	0	0
1	1	UID145292	1	1	0	0
1	1	UID145294	1	1	0	0
1	1	UID145296	1	1	0	0
1	1	UID145321	1	1	0	0
1	1	UID145323	1	1	0	0
1	1	UID145327	1	1	0	0
1	1	UID145328	1	1	0	0
1	1	UID145329	1	1	0	0
1	1	UID145332	1	1	0	0
1	1	UID145344	1	1	0	0
1	1	UID145360	1	1	0	0
1	1	UID145363	1	1	0	0
1	1	UID145364	1	1	0	0
1	1	UID145365	1	1	0	0
1	1	UID145379	1	1	0	0
1	1	UID145380	1	1	0	0
1	1	UID145387	1	1	0	0
1	1	UID145388	1	1	0	0
1	1	UID145392	1	1	0	0
1	1	UID145408	1	1	0	0
1	1	UID145409	1	1	0	0
1	1	UID145411	1	1	0	0
1	1	UID145412	1	1	0	0
2	2	UID145416	1	2	1	1
1	1	UID145426	1	1	0	0
1	1	UID145431	1	1	0	0
1	1	UID145443	1	1	0	0
1	1	UID145451	1	1	0	0
1	1	UID145456	1	1	0	0
1	1	UID145486	1	1	0	0
1	1	UID145492	1	1	0	0
1	1	UID145493	1	1	0	0
1	1	UID145494	1	1	0	0
1	1	UID145496	1	1	0	0
1	1	UID145500	1	1	0	0
1	1	UID145525	1	1	0	0
1	1	UID145593	1	1	0	0
1	1	UID145608	1	1	0	0
4	4	UID145609	1	4	2	2
1	1	UID145612	1	1	0	0
1	1	UID145614	1	1	0	0
1	1	UID145616	1	1	0	0
1	1	UID145619	1	1	0	0
1	1	UID145620	1	1	0	0
1	1	UID145629	1	1	0	0
1	1	UID145631	1	1	0	0
1	1	UID145632	1	1	0	0
1	1	UID145633	1	1	0	0
1	1	UID145634	1	1	0	0
1	1	UID145646	1	1	0	0
1	1	UID145652	1	1	0	0
1	1	UID145664	1	1	0	0
1	1	UID145678	1	1	0	0
1	1	UID145679	1	1	0	0
1	1	UID145680	1	1	0	0
1	1	UID145700	1	1	0	0
1	1	UID145738	1	1	0	0
1	1	UID145742	1	1	0	0
1	1	UID145743	1	1	0	0
1	1	UID145751	1	1	0	0
1	1	UID145752	1	1	0	0
1	1	UID145754	1	1	0	0
1	1	UID145771	1	1	0	0
1	1	UID145804	1	1	0	0
1	1	UID145806	1	1	0	0
1	1	UID145834	1	1	0	0
1	1	UID145864	1	1	0	0
1	1	UID145875	1	1	0	0
1	1	UID145913	1	1	0	0
1	1	UID145920	1	1	0	0
1	1	UID145928	1	1	0	0
1	1	UID145934	1	1	0	0
1	1	UID145996	1	1	0	0
1	1	UID146020	1	1	0	0
1	1	UID146056	1	1	0	0
1	1	UID146061	1	1	0	0
1	1	UID146067	1	1	0	0
1	1	UID146068	1	1	0	0
1	1	UID146071	1	1	0	0
1	1	UID146078	1	1	0	0
1	1	UID146079	1	1	0	0
1	1	UID146081	1	1	0	0
1	1	UID146082	1	1	0	0
1	1	UID146090	1	1	0	0
1	1	UID146133	1	1	0	0
1	1	UID146135	1	1	0	0
1	1	UID146137	1	1	0	0
1	1	UID146150	1	1	0	0
1	1	UID146157	1	1	0	0
1	1	UID146170	1	1	0	0
1	1	UID146173	1	1	0	0
1	1	UID146188	1	1	0	0
1	1	UID146194	1	1	0	0
1	1	UID146197	1	1	0	0
1	1	UID146212	1	1	0	0
1	1	UID146218	1	1	0	0
1	1	UID146226	1	1	0	0
1	1	UID146228	1	1	0	0
1	1	UID146298	1	1	0	0
1	1	UID146299	1	1	0	0
1	1	UID146303	1	1	0	0
1	1	UID146367	1	1	0	0
1	1	UID146540	1	1	0	0
1	1	UID146766	1	1	0	0
1	1	UID146807	1	1	0	0
1	1	UID146918	1	1	0	0
1	1	UID146920	1	1	0	0
1	1	UID146922	1	1	0	0
1	1	UID146958	1	1	0	0
1	1	UID146995	1	1	0	0
1	1	UID146998	1	1	0	0
1	1	UID147006	1	1	0	0
1	1	UID147018	1	1	0	0
1	1	UID147034	1	1	0	0
1	1	UID147036	1	1	0	0
1	1	UID147085	1	1	0	0
1	1	UID147091	1	1	0	0
1	1	UID147096	1	1	0	0
1	1	UID147119	1	1	0	0
1	1	UID147132	1	1	0	0
1	1	UID147142	1	1	0	0
1	1	UID147204	1	1	0	0
1	1	UID147205	1	1	0	0
1	1	UID147234	1	1	0	0
1	1	UID147283	1	1	0	0
1	1	UID147284	1	1	0	0
1	1	UID147325	1	1	0	0
1	1	UID147332	1	1	0	0
1	1	UID147344	1	1	0	0
1	1	UID147357	1	1	0	0
1	1	UID147392	1	1	0	0
1	1	UID147404	1	1	0	0
1	1	UID147435	1	1	0	0
1	1	UID147436	1	1	0	0
1	1	UID147441	1	1	0	0
1	1	UID147442	1	1	0	0
1	1	UID147459	1	1	0	0
1	1	UID147470	1	1	0	0
2	2	UID147500	1	2	1	1
1	1	UID147511	1	1	0	0
1	1	UID147531	1	1	0	0
1	1	UID147567	1	1	0	0
1	1	UID147598	1	1	0	0
1	1	UID147607	1	1	0	0
1	1	UID147608	1	1	0	0
1	1	UID147614	1	1	0	0
1	1	UID147619	1	1	0	0
1	1	UID147620	1	1	0	0
1	1	UID147621	1	1	0	0
1	1	UID147640	1	1	0	0
1	1	UID147648	1	1	0	0
1	1	UID147672	1	1	0	0
1	1	UID147689	1	1	0	0
1	1	UID147694	1	1	0	0
1	1	UID147695	1	1	0	0
1	1	UID147696	1	1	0	0
1	1	UID147708	1	1	0	0
1	1	UID147709	1	1	0	0
1	1	UID147763	1	1	0	0
1	1	UID147790	1	1	0	0
1	1	UID147813	1	1	0	0
1	1	UID147814	1	1	0	0
1	1	UID147815	1	1	0	0
1	1	UID147834	1	1	0	0
1	1	UID147840	1	1	0	0
1	1	UID147859	1	1	0	0
1	1	UID147868	1	1	0	0
1	1	UID147869	1	1	0	0
1	1	UID147874	1	1	0	0
1	1	UID147890	1	1	0	0
1	1	UID147892	1	1	0	0
1	1	UID147893	1	1	0	0
1	1	UID147923	1	1	0	0
1	1	UID147927	1	1	0	0
1	1	UID147969	1	1	0	0
1	1	UID147972	1	1	0	0
1	1	UID148013	1	1	0	0
1	1	UID148018	1	1	0	0
1	1	UID148023	1	1	0	0
1	1	UID148036	1	1	0	0
1	1	UID148048	1	1	0	0
1	1	UID148061	1	1	0	0
1	1	UID148066	1	1	0	0
1	1	UID148087	1	1	0	0
1	1	UID148109	1	1	0	0
1	1	UID148111	1	1	0	0
1	1	UID148112	1	1	0	0
1	1	UID148113	1	1	0	0
1	1	UID148135	1	1	0	0
1	1	UID148148	1	1	0	0
1	1	UID148149	1	1	0	0
1	1	UID148155	1	1	0	0
1	1	UID148204	1	1	0	0
1	1	UID148207	1	1	0	0
1	1	UID148209	1	1	0	0
1	1	UID148211	1	1	0	0
1	1	UID148212	1	1	0	0
1	1	UID148219	1	1	0	0
1	1	UID148223	1	1	0	0
1	1	UID148224	1	1	0	0
1	1	UID148225	1	1	0	0
1	1	UID148226	1	1	0	0
1	1	UID148236	1	1	0	0
1	1	UID148238	1	1	0	0
1	1	UID148239	1	1	0	0
1	1	UID148240	1	1	0	0
1	1	UID148242	1	1	0	0
1	1	UID148243	1	1	0	0
1	1	UID148244	1	1	0	0
1	1	UID148245	1	1	0	0
1	1	UID148251	1	1	0	0
1	1	UID148259	1	1	0	0
1	1	UID148260	1	1	0	0
1	1	UID148265	1	1	0	0
1	1	UID148266	1	1	0	0
1	1	UID148271	1	1	0	0
1	1	UID148273	1	1	0	0
1	1	UID148274	1	1	0	0
1	1	UID148275	1	1	0	0
1	1	UID148280	1	1	0	0
2	2	UID148281	1	2	1	1
1	1	UID148284	1	1	0	0
1	1	UID148285	1	1	0	0
1	1	UID148289	1	1	0	0
1	1	UID148294	1	1	0	0
1	1	UID148299	1	1	0	0
1	1	UID148301	1	1	0	0
1	1	UID148306	1	1	0	0
1	1	UID148307	1	1	0	0
1	1	UID148311	1	1	0	0
1	1	UID148315	1	1	0	0
1	1	UID148316	1	1	0	0
1	1	UID148319	1	1	0	0
1	1	UID148331	1	1	0	0
1	1	UID148335	1	1	0	0
1	1	UID148336	1	1	0	0
1	1	UID148337	1	1	0	0
1	1	UID148338	1	1	0	0
1	1	UID148339	1	1	0	0
1	1	UID148350	1	1	0	0
1	1	UID148359	1	1	0	0
1	1	UID148365	1	1	0	0
1	1	UID148366	1	1	0	0
1	1	UID148375	1	1	0	0
1	1	UID148376	1	1	0	0
1	1	UID148385	1	1	0	0
1	1	UID148389	1	1	0	0
1	1	UID148403	1	1	0	0
1	1	UID148410	1	1	0	0
1	1	UID148411	1	1	0	0
1	1	UID148415	1	1	0	0
1	1	UID148425	1	1	0	0
1	1	UID148427	1	1	0	0
1	1	UID148428	1	1	0	0
1	1	UID148434	1	1	0	0
1	1	UID148435	1	1	0	0
1	1	UID148438	1	1	0	0
1	1	UID148447	1	1	0	0
1	1	UID148489	1	1	0	0
1	1	UID148492	1	1	0	0
1	1	UID148514	1	1	0	0
1	1	UID148548	1	1	0	0
1	1	UID148550	1	1	0	0
3	3	UID148554	1	3	2	2
1	1	UID148557	1	1	0	0
1	1	UID148558	1	1	0	0
1	1	UID148563	1	1	0	0
1	1	UID148564	1	1	0	0
1	1	UID148569	1	1	0	0
1	1	UID148575	1	1	0	0
1	1	UID148576	1	1	0	0
1	1	UID148578	1	1	0	0
1	1	UID148584	1	1	0	0
1	1	UID148585	1	1	0	0
1	1	UID148586	1	1	0	0
1	1	UID148592	1	1	0	0
1	1	UID148593	1	1	0	0
1	1	UID148596	1	1	0	0
1	1	UID148598	1	1	0	0
1	1	UID148603	1	1	0	0
1	1	UID148609	1	1	0	0
1	1	UID148618	1	1	0	0
1	1	UID148622	1	1	0	0
1	1	UID148623	1	1	0	0
1	1	UID148632	1	1	0	0
1	1	UID148634	1	1	0	0
1	1	UID148640	1	1	0	0
1	1	UID148646	1	1	0	0
1	1	UID148653	1	1	0	0
1	1	UID148664	1	1	0	0
1	1	UID148689	1	1	0	0
1	1	UID148708	1	1	0	0
1	1	UID148713	1	1	0	0
1	1	UID148730	1	1	0	0
1	1	UID148746	1	1	0	0
1	1	UID148759	1	1	0	0
1	1	UID148770	1	1	0	0
1	1	UID148774	1	1	0	0
1	1	UID148804	1	1	0	0
1	1	UID148805	1	1	0	0
1	1	UID148807	1	1	0	0
1	1	UID148835	1	1	0	0
1	1	UID148836	1	1	0	0
1	1	UID148837	1	1	0	0
1	1	UID148839	1	1	0	0
1	1	UID148854	1	1	0	0
1	1	UID148855	1	1	0	0
1	1	UID148864	1	1	0	0
1	1	UID148867	1	1	0	0
1	1	UID148868	1	1	0	0
1	1	UID148873	1	1	0	0
1	1	UID148874	1	1	0	0
1	1	UID148895	1	1	0	0
1	1	UID148896	1	1	0	0
1	1	UID148907	1	1	0	0
1	1	UID148908	1	1	0	0
1	1	UID148909	1	1	0	0
1	1	UID148910	1	1	0	0
1	1	UID148911	1	1	0	0
1	1	UID148912	1	1	0	0
1	1	UID148913	1	1	0	0
1	1	UID148914	1	1	0	0
1	1	UID148921	1	1	0	0
1	1	UID148922	1	1	0	0
1	1	UID148923	1	1	0	0
1	1	UID148929	1	1	0	0
1	1	UID148932	1	1	0	0
1	1	UID148935	1	1	0	0
1	1	UID148940	1	1	0	0
1	1	UID148944	1	1	0	0
1	1	UID148945	1	1	0	0
1	1	UID148946	1	1	0	0
1	1	UID148949	1	1	0	0
1	1	UID148950	1	1	0	0
1	1	UID148951	1	1	0	0
1	1	UID148962	1	1	0	0
1	1	UID148963	1	1	0	0
1	1	UID148965	1	1	0	0
1	1	UID148966	1	1	0	0
1	1	UID148967	1	1	0	0
1	1	UID148969	1	1	0	0
1	1	UID148972	1	1	0	0
1	1	UID148977	1	1	0	0
1	1	UID148978	1	1	0	0
1	1	UID148979	1	1	0	0
1	1	UID148982	1	1	0	0
1	1	UID148984	1	1	0	0
1	1	UID148987	1	1	0	0
1	1	UID148995	1	1	0	0
1	1	UID148999	1	1	0	0
1	1	UID149002	1	1	0	0
1	1	UID149005	1	1	0	0
1	1	UID149006	1	1	0	0
1	1	UID149007	1	1	0	0
1	1	UID149013	1	1	0	0
1	1	UID149014	1	1	0	0
1	1	UID149015	1	1	0	0
1	1	UID149017	1	1	0	0
1	1	UID149027	1	1	0	0
1	1	UID149028	1	1	0	0
1	1	UID149030	1	1	0	0
1	1	UID149041	1	1	0	0
1	1	UID149045	1	1	0	0
1	1	UID149048	1	1	0	0
1	1	UID149049	1	1	0	0
1	1	UID149050	1	1	0	0
1	1	UID149051	1	1	0	0
1	1	UID149052	1	1	0	0
1	1	UID149054	1	1	0	0
1	1	UID149055	1	1	0	0
1	1	UID149056	1	1	0	0
1	1	UID149057	1	1	0	0
1	1	UID149061	1	1	0	0
1	1	UID149067	1	1	0	0
1	1	UID149068	1	1	0	0
1	1	UID149070	1	1	0	0
1	1	UID149071	1	1	0	0
1	1	UID149072	1	1	0	0
1	1	UID149078	1	1	0	0
1	1	UID149084	1	1	0	0
1	1	UID149085	1	1	0	0
1	1	UID149088	1	1	0	0
1	1	UID149089	1	1	0	0
1	1	UID149090	1	1	0	0
1	1	UID149092	1	1	0	0
1	1	UID149100	1	1	0	0
1	1	UID149116	1	1	0	0
1	1	UID149121	1	1	0	0
1	1	UID149129	1	1	0	0
1	1	UID149136	1	1	0	0
1	1	UID149169	1	1	0	0
1	1	UID149178	1	1	0	0
1	1	UID149182	1	1	0	0
1	1	UID149187	1	1	0	0
1	1	UID149205	1	1	0	0
1	1	UID149213	1	1	0	0
1	1	UID149215	1	1	0	0
1	1	UID149218	1	1	0	0
1	1	UID149220	1	1	0	0
1	1	UID149222	1	1	0	0
1	1	UID149224	1	1	0	0
1	1	UID149227	1	1	0	0
1	1	UID149236	1	1	0	0
1	1	UID149237	1	1	0	0
1	1	UID149240	1	1	0	0
1	1	UID149241	1	1	0	0
1	1	UID149245	1	1	0	0
1	1	UID149247	1	1	0	0
1	1	UID149248	1	1	0	0
1	1	UID149249	1	1	0	0
1	1	UID149250	1	1	0	0
1	1	UID149253	1	1	0	0
1	1	UID149255	1	1	0	0
1	1	UID149258	1	1	0	0
1	1	UID149265	1	1	0	0
1	1	UID149271	1	1	0	0
1	1	UID149275	1	1	0	0
1	1	UID149284	1	1	0	0
1	1	UID149293	1	1	0	0
1	1	UID149301	1	1	0	0
1	1	UID149302	1	1	0	0
1	1	UID149304	1	1	0	0
1	1	UID149305	1	1	0	0
1	1	UID149308	1	1	0	0
1	1	UID149316	1	1	0	0
1	1	UID149317	1	1	0	0
1	1	UID149318	1	1	0	0
1	1	UID149319	1	1	0	0
1	1	UID149322	1	1	0	0
1	1	UID149323	1	1	0	0
2	2	UID149324	1	2	1	1
1	1	UID149328	1	1	0	0
1	1	UID149329	1	1	0	0
1	1	UID149330	1	1	0	0
1	1	UID149331	1	1	0	0
1	1	UID149332	1	1	0	0
1	1	UID149337	1	1	0	0
1	1	UID149340	1	1	0	0
1	1	UID149341	1	1	0	0
1	1	UID149342	1	1	0	0
1	1	UID149343	1	1	0	0
1	1	UID149344	1	1	0	0
1	1	UID149347	1	1	0	0
1	1	UID149348	1	1	0	0
1	1	UID149358	1	1	0	0
1	1	UID149363	1	1	0	0
1	1	UID149365	1	1	0	0
1	1	UID149372	1	1	0	0
1	1	UID149375	1	1	0	0
1	1	UID149379	1	1	0	0
1	1	UID149380	1	1	0	0
1	1	UID149382	1	1	0	0
1	1	UID149383	1	1	0	0
1	1	UID149384	1	1	0	0
1	1	UID149385	1	1	0	0
1	1	UID149386	1	1	0	0
1	1	UID149387	1	1	0	0
1	1	UID149391	1	1	0	0
1	1	UID149392	1	1	0	0
1	1	UID149398	1	1	0	0
1	1	UID149404	1	1	0	0
1	1	UID149411	1	1	0	0
1	1	UID149412	1	1	0	0
1	1	UID149419	1	1	0	0
1	1	UID149421	1	1	0	0
1	1	UID149423	1	1	0	0
1	1	UID149434	1	1	0	0
1	1	UID149436	1	1	0	0
1	1	UID149439	1	1	0	0
1	1	UID149440	1	1	0	0
1	1	UID149443	1	1	0	0
1	1	UID149454	1	1	0	0
1	1	UID149460	1	1	0	0
1	1	UID149462	1	1	0	0
1	1	UID149469	1	1	0	0
1	1	UID149473	1	1	0	0
1	1	UID149481	1	1	0	0
1	1	UID149482	1	1	0	0
1	1	UID149483	1	1	0	0
1	1	UID149487	1	1	0	0
1	1	UID149493	1	1	0	0
1	1	UID149494	1	1	0	0
1	1	UID149495	1	1	0	0
1	1	UID149496	1	1	0	0
1	1	UID149505	1	1	0	0
1	1	UID149508	1	1	0	0
1	1	UID149511	1	1	0	0
1	1	UID149527	1	1	0	0
1	1	UID149541	1	1	0	0
1	1	UID149543	1	1	0	0
1	1	UID149550	1	1	0	0
1	1	UID149551	1	1	0	0
1	1	UID149552	1	1	0	0
1	1	UID149560	1	1	0	0
1	1	UID149564	1	1	0	0
1	1	UID149565	1	1	0	0
1	1	UID149590	1	1	0	0
1	1	UID149592	1	1	0	0
1	1	UID149606	1	1	0	0
1	1	UID149615	1	1	0	0
1	1	UID149616	1	1	0	0
1	1	UID149639	1	1	0	0
1	1	UID149645	1	1	0	0
1	1	UID149646	1	1	0	0
1	1	UID149677	1	1	0	0
1	1	UID149679	1	1	0	0
1	1	UID149681	1	1	0	0
1	1	UID149683	1	1	0	0
1	1	UID149723	1	1	0	0
1	1	UID149724	1	1	0	0
1	1	UID149732	1	1	0	0
1	1	UID149739	1	1	0	0
1	1	UID149740	1	1	0	0
1	1	UID149741	1	1	0	0
1	1	UID149748	1	1	0	0
1	1	UID149750	1	1	0	0
1	1	UID149751	1	1	0	0
1	1	UID149792	1	1	0	0
1	1	UID149794	1	1	0	0
1	1	UID149800	1	1	0	0
1	1	UID149806	1	1	0	0
1	1	UID149836	1	1	0	0
1	1	UID149837	1	1	0	0
1	1	UID149838	1	1	0	0
1	1	UID149840	1	1	0	0
1	1	UID149848	1	1	0	0
1	1	UID149851	1	1	0	0
1	1	UID149853	1	1	0	0
1	1	UID149855	1	1	0	0
1	1	UID149857	1	1	0	0
1	1	UID149860	1	1	0	0
1	1	UID149865	1	1	0	0
1	1	UID149893	1	1	0	0
1	1	UID149894	1	1	0	0
1	1	UID149895	1	1	0	0
1	1	UID149897	1	1	0	0
1	1	UID149919	1	1	0	0
1	1	UID149923	1	1	0	0
1	1	UID149926	1	1	0	0
1	1	UID149929	1	1	0	0
1	1	UID149931	1	1	0	0
1	1	UID149933	1	1	0	0
1	1	UID149938	1	1	0	0
1	1	UID149950	1	1	0	0
1	1	UID149958	1	1	0	0
1	1	UID149980	1	1	0	0
1	1	UID149982	1	1	0	0
1	1	UID149986	1	1	0	0
1	1	UID149991	1	1	0	0
1	1	UID149997	1	1	0	0
1	1	UID149999	1	1	0	0
1	1	UID150000	1	1	0	0
1	1	UID150002	1	1	0	0
1	1	UID150005	1	1	0	0
1	1	UID150030	1	1	0	0
1	1	UID150031	1	1	0	0
1	1	UID150033	1	1	0	0
1	1	UID150034	1	1	0	0
1	1	UID150063	1	1	0	0
1	1	UID150068	1	1	0	0
1	1	UID150070	1	1	0	0
1	1	UID150076	1	1	0	0
1	1	UID150080	1	1	0	0
1	1	UID150082	1	1	0	0
1	1	UID150087	1	1	0	0
1	1	UID150092	1	1	0	0
1	1	UID150093	1	1	0	0
1	1	UID150120	1	1	0	0
1	1	UID150124	1	1	0	0
1	1	UID150128	1	1	0	0
1	1	UID150131	1	1	0	0
1	1	UID150139	1	1	0	0
1	1	UID150143	1	1	0	0
1	1	UID150147	1	1	0	0
1	1	UID150150	1	1	0	0
1	1	UID150154	1	1	0	0
1	1	UID150156	1	1	0	0
1	1	UID150163	1	1	0	0
1	1	UID150184	1	1	0	0
1	1	UID150193	1	1	0	0
1	1	UID150195	1	1	0	0
1	1	UID150197	1	1	0	0
1	1	UID150200	1	1	0	0
1	1	UID150201	1	1	0	0
1	1	UID150205	1	1	0	0
1	1	UID150213	1	1	0	0
1	1	UID150214	1	1	0	0
1	1	UID150216	1	1	0	0
1	1	UID150217	1	1	0	0
1	1	UID150224	1	1	0	0
1	1	UID150225	1	1	0	0
1	1	UID150228	1	1	0	0
1	1	UID150233	1	1	0	0
1	1	UID150243	1	1	0	0
1	1	UID150249	1	1	0	0
1	1	UID150251	1	1	0	0
1	1	UID150252	1	1	0	0
1	1	UID150273	1	1	0	0
1	1	UID150274	1	1	0	0
1	1	UID150275	1	1	0	0
1	1	UID150280	1	1	0	0
1	1	UID150298	1	1	0	0
1	1	UID150331	1	1	0	0
1	1	UID150333	1	1	0	0
1	1	UID150336	1	1	0	0
1	1	UID150337	1	1	0	0
1	1	UID150357	1	1	0	0
1	1	UID150370	1	1	0	0
1	1	UID150371	1	1	0	0
1	1	UID150402	1	1	0	0
1	1	UID150404	1	1	0	0
1	1	UID150408	1	1	0	0
1	1	UID150435	1	1	0	0
1	1	UID150437	1	1	0	0
1	1	UID150440	1	1	0	0
1	1	UID150446	1	1	0	0
1	1	UID150452	1	1	0	0
1	1	UID150465	1	1	0	0
1	1	UID150467	1	1	0	0
1	1	UID150471	1	1	0	0
1	1	UID150476	1	1	0	0
1	1	UID150482	1	1	0	0
1	1	UID150496	1	1	0	0
1	1	UID150506	1	1	0	0
1	1	UID150530	1	1	0	0
1	1	UID150531	1	1	0	0
1	1	UID150533	1	1	0	0
1	1	UID150534	1	1	0	0
1	1	UID150536	1	1	0	0
1	1	UID150538	1	1	0	0
1	1	UID150539	1	1	0	0
1	1	UID150540	1	1	0	0
1	1	UID150541	1	1	0	0
1	1	UID150543	1	1	0	0
1	1	UID150552	1	1	0	0
1	1	UID150556	1	1	0	0
1	1	UID150563	1	1	0	0
1	1	UID150566	1	1	0	0
1	1	UID150578	1	1	0	0
3	3	UID1562	1	3	2	2
1	1	UID270	1	1	0	0
1	1	UID54476	1	1	0	0
1	1	UID56610	1	1	0	0
1	1	UID608	1	1	0	0
5	5	UID61924	1	5	1	1
1	1	UID62341	1	1	0	0
1	1	UID62986	1	1	0	0
1	1	UID65940	1	1	0	0
1	1	UID67970	1	1	0	0
1	1	UID69316	1	1	0	0
1	1	UID71832	1	1	0	0
1	1	UID74964	1	1	0	0
1	1	UID75882	1	1	0	0
1	1	UID81435	1	1	0	0
1	1	UID9557	1	1	0	0
