4560	20367	UID1	8591	3845	6	6
1504	4591	UID2	1630	1230	4	4
1281	3258	UID43190	1187	1030	4	4
827	2049	UID203288	751	646	5	5
581	1106	UID106107	330	503	6	6
338	777	UID314	330	275	3	3
262	642	UID61922	312	222	4	4
446	840	UID48385	301	393	3	3
449	840	UID62227	236	399	4	4
354	651	UID200	207	304	3	3
106	203	UID102166	73	94	4	4
84	167	UID82768	72	75	2	2
59	123	UID19343	53	48	2	2
166	274	UID7917	48	157	4	4
105	160	UID55338	46	99	3	3
89	149	UID203289	44	78	4	4
89	143	UID48617	43	85	3	3
87	132	UID27288	41	82	2	2
62	107	UID193162	39	54	2	2
123	189	UID61262	38	113	3	3
84	123	UID203290	35	78	3	3
90	148	UID203291	34	80	5	5
100	147	UID203292	33	91	3	3
86	136	UID71877	31	79	3	3
74	109	UID203294	28	68	3	3
34	61	UID16	27	32	2	2
58	88	UID519	26	52	2	2
38	69	UID61242	26	35	2	2
71	111	UID43202	25	67	3	3
89	151	UID48500	25	81	5	5
61	88	UID193154	24	56	2	2
68	109	UID190811	23	61	3	3
31	56	UID19	23	28	2	2
73	105	UID203295	23	68	4	4
28	50	UID1435	21	25	2	2
50	71	UID27545	21	48	2	2
45	66	UID7831	21	43	2	2
21	43	UID10381	20	18	2	2
34	54	UID193151	20	32	2	2
63	88	UID203297	18	60	2	2
41	66	UID27308	18	37	5	5
21	38	UID8077	18	20	1	1
18	35	UID9457	18	17	2	2
55	75	UID48560	17	51	4	4
29	48	UID88892	17	25	2	2
33	50	UID174969	16	30	2	2
47	70	UID203298	16	41	3	3
26	44	UID61395	16	24	2	2
33	56	UID172727	15	28	2	2
22	39	UID183768	15	19	2	2
32	46	UID48861	15	31	1	1
112	156	UID61923	15	103	3	3
36	58	UID55569	14	31	2	2
45	64	UID61252	14	41	2	2
39	56	UID916	14	35	3	3
29	41	UID48860	13	28	2	2
29	43	UID55334	13	26	2	2
32	47	UID62094	13	28	2	2
11	22	UID19342	12	10	2	2
26	37	UID414	12	25	2	2
15	25	UID101162	11	14	1	1
20	30	UID203301	11	19	2	2
9	19	UID34893	11	8	1	1
31	47	UID40	11	29	2	2
20	33	UID61447	11	18	2	2
22	33	UID912	11	20	1	1
68	89	UID1411	10	63	3	3
46	62	UID203302	10	41	4	4
28	42	UID203303	10	26	4	4
40	57	UID48752	10	36	2	2
15	26	UID37547	9	12	2	2
13	21	UID62988	9	12	3	3
33	41	UID128	8	31	2	2
8	15	UID174991	8	7	1	1
9	17	UID48383	8	7	2	2
20	27	UID48750	8	19	2	2
18	25	UID608	8	17	1	1
8	15	UID62226	8	7	1	1
16	27	UID62982	8	12	2	2
19	27	UID165023	7	17	1	1
6	12	UID193201	7	5	1	1
4	10	UID203309	7	3	1	1
28	36	UID203310	7	25	3	3
14	21	UID31765	7	12	1	1
16	23	UID7479	7	14	2	2
33	46	UID49015	6	28	2	2
26	32	UID49440	6	24	2	2
8	13	UID61394	6	7	1	1
4	8	UID101342	5	3	1	1
4	8	UID18121	5	3	1	1
6	10	UID192	5	5	1	1
10	14	UID203317	5	9	1	1
15	20	UID203336	5	13	3	3
23	30	UID203338	5	20	2	2
13	17	UID247	5	12	2	2
22	27	UID48837	5	20	2	2
21	25	UID62989	5	20	2	2
9	13	UID75268	5	8	2	2
22	27	UID8015	5	20	2	2
13	18	UID913	5	11	1	1
11	15	UID9399	5	10	1	1
2	5	UID12084	4	1	1	1
8	11	UID183786	4	7	1	1
11	14	UID193160	4	10	2	2
7	10	UID203347	4	6	1	1
9	15	UID203349	4	6	2	2
27	35	UID203366	4	23	2	2
13	20	UID203373	4	10	2	2
3	6	UID203377	4	2	1	1
21	24	UID203381	4	20	3	3
7	10	UID285	4	6	1	1
2	5	UID30106	4	1	0	0
8	11	UID68700	4	7	1	1
4	7	UID703	4	3	1	1
5	8	UID7979	4	4	1	1
4	7	UID82766	4	3	1	1
5	7	UID101376	3	4	1	1
7	9	UID101419	3	6	1	1
13	15	UID101647	3	12	2	2
6	8	UID102643	3	5	0	0
5	7	UID102665	3	4	1	1
2	4	UID109511	3	1	0	0
4	6	UID181021	3	3	1	1
8	10	UID203050	3	7	1	1
4	6	UID203394	3	3	1	1
10	12	UID203396	3	9	2	2
11	13	UID203435	3	10	2	2
5	7	UID203443	3	4	2	2
6	8	UID203445	3	5	1	1
6	8	UID203454	3	5	2	2
5	7	UID27641	3	4	1	1
14	16	UID48384	3	13	2	2
6	8	UID48469	3	5	1	1
18	20	UID61600	3	17	2	2
6	8	UID61924	3	5	1	1
3	5	UID62232	3	2	1	1
1	3	UID62991	3	0	0	0
3	5	UID68544	3	2	1	1
6	8	UID71814	3	5	1	1
23	24	UID101089	2	22	2	2
5	6	UID101418	2	4	1	1
1	2	UID102324	2	0	0	0
3	4	UID110434	2	2	1	1
1	2	UID111647	2	0	0	0
2	3	UID114366	2	1	1	1
2	3	UID135098	2	1	1	1
2	3	UID140024	2	1	1	1
1	2	UID1563	2	0	0	0
2	3	UID157985	2	1	1	1
1	2	UID159772	2	0	0	0
1	2	UID171329	2	0	0	0
5	6	UID193288	2	4	1	1
9	10	UID193334	2	8	3	3
10	11	UID197414	2	9	3	3
6	7	UID199119	2	5	1	1
4	5	UID201596	2	3	1	1
4	5	UID201	2	3	2	2
7	8	UID203535	2	6	1	1
1	2	UID203536	2	0	0	0
1	2	UID203550	2	0	0	0
1	2	UID203554	2	0	0	0
1	2	UID203558	2	0	0	0
7	8	UID203572	2	6	1	1
1	2	UID203586	2	0	0	0
1	2	UID203590	2	0	0	0
3	4	UID203629	2	2	1	1
2	3	UID203655	2	1	1	1
6	7	UID203656	2	5	3	3
6	7	UID203666	2	5	2	2
3	4	UID203672	2	2	2	2
2	3	UID203675	2	1	1	1
3	4	UID203677	2	2	1	1
1	2	UID203681	2	0	0	0
12	13	UID203706	2	11	2	2
8	9	UID203708	2	7	3	3
3	4	UID203713	2	2	1	1
2	3	UID203714	2	1	1	1
5	6	UID203716	2	4	1	1
1	2	UID203717	2	0	0	0
1	2	UID203718	2	0	0	0
16	17	UID27285	2	15	2	2
3	4	UID27728	2	2	1	1
3	4	UID31766	2	2	1	1
10	11	UID37178	2	9	2	2
14	16	UID48915	2	12	2	2
15	17	UID49040	2	13	2	2
6	7	UID49070	2	5	1	1
7	8	UID55585	2	6	1	1
5	6	UID55788	2	4	2	2
1	2	UID61446	2	0	0	0
3	4	UID61831	2	2	1	1
7	8	UID62225	2	6	1	1
16	17	UID62992	2	15	2	2
4	5	UID62999	2	3	1	1
2	3	UID64593	2	1	1	1
3	4	UID66723	2	2	1	1
3	4	UID702	2	2	1	1
3	4	UID71819	2	2	1	1
2	3	UID7883	2	1	1	1
6	7	UID7991	2	5	2	2
4	5	UID9455	2	3	1	1
4	5	UID995	2	3	1	1
1	1	UID10023	1	1	0	0
8	9	UID101236	1	7	1	1
1	1	UID101463	1	1	0	0
2	2	UID101502	1	2	1	1
2	2	UID101542	1	2	1	1
1	1	UID101706	1	1	0	0
1	1	UID101738	1	1	0	0
1	1	UID101966	1	1	0	0
1	1	UID102204	1	1	0	0
1	1	UID10246	1	1	0	0
1	1	UID102707	1	1	0	0
1	1	UID102708	1	1	0	0
1	1	UID104603	1	1	0	0
2	2	UID107739	1	2	1	1
1	1	UID109660	1	1	0	0
1	1	UID109784	1	1	0	0
2	2	UID109935	1	2	1	1
2	2	UID109948	1	2	1	1
7	7	UID109969	1	7	2	2
1	1	UID110145	1	1	0	0
1	1	UID110942	1	1	0	0
2	2	UID110949	1	2	1	1
1	1	UID111429	1	1	0	0
5	5	UID114365	1	5	1	1
4	4	UID114368	1	4	1	1
1	1	UID114847	1	1	0	0
1	1	UID114917	1	1	0	0
2	2	UID122993	1	2	1	1
1	1	UID128492	1	1	0	0
1	1	UID128616	1	1	0	0
6	6	UID129035	1	6	1	1
5	5	UID135266	1	5	2	2
7	7	UID138343	1	7	2	2
4	4	UID138578	1	4	1	1
1	1	UID138762	1	1	0	0
1	1	UID139224	1	1	0	0
1	1	UID139985	1	1	0	0
1	1	UID148554	1	1	0	0
1	1	UID148564	1	1	0	0
3	3	UID15178	1	3	2	2
1	1	UID156819	1	1	0	0
1	1	UID159468	1	1	0	0
1	1	UID161156	1	1	0	0
1	1	UID161684	1	1	0	0
1	1	UID164265	1	1	0	0
1	1	UID173199	1	1	0	0
1	1	UID174975	1	1	0	0
2	2	UID179937	1	2	1	1
1	1	UID180340	1	1	0	0
1	1	UID187926	1	1	0	0
1	1	UID187930	1	1	0	0
1	1	UID189546	1	1	0	0
2	2	UID193353	1	2	1	1
5	5	UID193387	1	5	2	2
1	1	UID194116	1	1	0	0
1	1	UID198990	1	1	0	0
1	1	UID199850	1	1	0	0
1	1	UID199915	1	1	0	0
11	11	UID203070	1	11	1	1
1	1	UID203729	1	1	0	0
1	1	UID203731	1	1	0	0
1	1	UID203733	1	1	0	0
1	1	UID203750	1	1	0	0
1	1	UID203752	1	1	0	0
1	1	UID203771	1	1	0	0
1	1	UID203779	1	1	0	0
1	1	UID203787	1	1	0	0
1	1	UID203789	1	1	0	0
1	1	UID203791	1	1	0	0
1	1	UID203796	1	1	0	0
1	1	UID203797	1	1	0	0
1	1	UID203801	1	1	0	0
1	1	UID203804	1	1	0	0
1	1	UID203805	1	1	0	0
1	1	UID203809	1	1	0	0
1	1	UID203810	1	1	0	0
1	1	UID203812	1	1	0	0
1	1	UID203821	1	1	0	0
1	1	UID203830	1	1	0	0
1	1	UID203841	1	1	0	0
1	1	UID203845	1	1	0	0
1	1	UID203850	1	1	0	0
1	1	UID203851	1	1	0	0
1	1	UID203859	1	1	0	0
1	1	UID203873	1	1	0	0
1	1	UID203892	1	1	0	0
1	1	UID203893	1	1	0	0
1	1	UID203896	1	1	0	0
1	1	UID203900	1	1	0	0
1	1	UID203902	1	1	0	0
1	1	UID203906	1	1	0	0
1	1	UID203907	1	1	0	0
1	1	UID203910	1	1	0	0
1	1	UID203913	1	1	0	0
1	1	UID203914	1	1	0	0
1	1	UID203916	1	1	0	0
1	1	UID203923	1	1	0	0
1	1	UID203924	1	1	0	0
1	1	UID203952	1	1	0	0
1	1	UID203957	1	1	0	0
1	1	UID203961	1	1	0	0
1	1	UID203964	1	1	0	0
1	1	UID203968	1	1	0	0
1	1	UID203973	1	1	0	0
1	1	UID203974	1	1	0	0
1	1	UID203977	1	1	0	0
1	1	UID203979	1	1	0	0
1	1	UID203983	1	1	0	0
1	1	UID203984	1	1	0	0
1	1	UID203988	1	1	0	0
1	1	UID203989	1	1	0	0
1	1	UID203991	1	1	0	0
1	1	UID203993	1	1	0	0
1	1	UID203994	1	1	0	0
1	1	UID204001	1	1	0	0
1	1	UID204003	1	1	0	0
1	1	UID204048	1	1	0	0
1	1	UID204061	1	1	0	0
1	1	UID204072	1	1	0	0
1	1	UID204082	1	1	0	0
1	1	UID204083	1	1	0	0
1	1	UID204084	1	1	0	0
1	1	UID204085	1	1	0	0
1	1	UID204089	1	1	0	0
1	1	UID204114	1	1	0	0
1	1	UID204116	1	1	0	0
1	1	UID204118	1	1	0	0
1	1	UID204124	1	1	0	0
1	1	UID204129	1	1	0	0
1	1	UID204131	1	1	0	0
1	1	UID204136	1	1	0	0
1	1	UID204137	1	1	0	0
1	1	UID204138	1	1	0	0
1	1	UID204140	1	1	0	0
1	1	UID204141	1	1	0	0
1	1	UID204143	1	1	0	0
1	1	UID204144	1	1	0	0
1	1	UID204150	1	1	0	0
1	1	UID204151	1	1	0	0
1	1	UID204156	1	1	0	0
1	1	UID204161	1	1	0	0
1	1	UID204163	1	1	0	0
1	1	UID204171	1	1	0	0
1	1	UID204172	1	1	0	0
1	1	UID204174	1	1	0	0
1	1	UID204181	1	1	0	0
1	1	UID204213	1	1	0	0
1	1	UID204216	1	1	0	0
1	1	UID204221	1	1	0	0
1	1	UID204222	1	1	0	0
1	1	UID204230	1	1	0	0
1	1	UID204233	1	1	0	0
1	1	UID204234	1	1	0	0
1	1	UID204235	1	1	0	0
1	1	UID204245	1	1	0	0
1	1	UID204246	1	1	0	0
1	1	UID204247	1	1	0	0
1	1	UID204248	1	1	0	0
1	1	UID204249	1	1	0	0
1	1	UID204253	1	1	0	0
1	1	UID204254	1	1	0	0
1	1	UID204255	1	1	0	0
1	1	UID204256	1	1	0	0
7	7	UID204259	1	7	2	2
1	1	UID204263	1	1	0	0
1	1	UID204267	1	1	0	0
1	1	UID204275	1	1	0	0
1	1	UID204277	1	1	0	0
1	1	UID204278	1	1	0	0
1	1	UID204283	1	1	0	0
1	1	UID204292	1	1	0	0
1	1	UID204326	1	1	0	0
1	1	UID204332	1	1	0	0
1	1	UID204337	1	1	0	0
1	1	UID204343	1	1	0	0
1	1	UID204344	1	1	0	0
1	1	UID204345	1	1	0	0
1	1	UID204347	1	1	0	0
1	1	UID204348	1	1	0	0
3	3	UID204359	1	3	2	2
1	1	UID204365	1	1	0	0
1	1	UID204367	1	1	0	0
1	1	UID204371	1	1	0	0
1	1	UID204375	1	1	0	0
1	1	UID204376	1	1	0	0
1	1	UID204390	1	1	0	0
1	1	UID204393	1	1	0	0
1	1	UID204395	1	1	0	0
1	1	UID204396	1	1	0	0
1	1	UID204418	1	1	0	0
1	1	UID204419	1	1	0	0
1	1	UID204423	1	1	0	0
1	1	UID204425	1	1	0	0
1	1	UID204428	1	1	0	0
1	1	UID204429	1	1	0	0
1	1	UID204432	1	1	0	0
1	1	UID204436	1	1	0	0
1	1	UID204438	1	1	0	0
1	1	UID204442	1	1	0	0
1	1	UID204449	1	1	0	0
1	1	UID204456	1	1	0	0
1	1	UID204464	1	1	0	0
1	1	UID204479	1	1	0	0
1	1	UID204480	1	1	0	0
1	1	UID204481	1	1	0	0
1	1	UID204482	1	1	0	0
1	1	UID204488	1	1	0	0
1	1	UID204491	1	1	0	0
1	1	UID204499	1	1	0	0
1	1	UID204501	1	1	0	0
1	1	UID204503	1	1	0	0
1	1	UID204508	1	1	0	0
1	1	UID204511	1	1	0	0
3	3	UID204514	1	3	2	2
1	1	UID204515	1	1	0	0
1	1	UID204518	1	1	0	0
1	1	UID204523	1	1	0	0
1	1	UID204525	1	1	0	0
1	1	UID204530	1	1	0	0
1	1	UID204536	1	1	0	0
1	1	UID204537	1	1	0	0
1	1	UID204542	1	1	0	0
1	1	UID204559	1	1	0	0
1	1	UID204560	1	1	0	0
1	1	UID204565	1	1	0	0
1	1	UID204575	1	1	0	0
1	1	UID204578	1	1	0	0
1	1	UID204579	1	1	0	0
1	1	UID204580	1	1	0	0
1	1	UID204581	1	1	0	0
1	1	UID204582	1	1	0	0
1	1	UID204584	1	1	0	0
1	1	UID204588	1	1	0	0
1	1	UID204591	1	1	0	0
1	1	UID204594	1	1	0	0
1	1	UID204599	1	1	0	0
1	1	UID204600	1	1	0	0
1	1	UID204601	1	1	0	0
1	1	UID204603	1	1	0	0
1	1	UID204606	1	1	0	0
1	1	UID204614	1	1	0	0
1	1	UID204633	1	1	0	0
1	1	UID204634	1	1	0	0
1	1	UID204635	1	1	0	0
1	1	UID204636	1	1	0	0
1	1	UID204637	1	1	0	0
1	1	UID204650	1	1	0	0
1	1	UID204654	1	1	0	0
1	1	UID204655	1	1	0	0
1	1	UID204663	1	1	0	0
1	1	UID204664	1	1	0	0
1	1	UID204665	1	1	0	0
1	1	UID204666	1	1	0	0
1	1	UID204667	1	1	0	0
1	1	UID204670	1	1	0	0
1	1	UID204671	1	1	0	0
1	1	UID204672	1	1	0	0
1	1	UID204675	1	1	0	0
1	1	UID204677	1	1	0	0
1	1	UID204682	1	1	0	0
1	1	UID204695	1	1	0	0
1	1	UID204731	1	1	0	0
1	1	UID204734	1	1	0	0
1	1	UID204743	1	1	0	0
1	1	UID204747	1	1	0	0
1	1	UID204748	1	1	0	0
1	1	UID204749	1	1	0	0
1	1	UID204752	1	1	0	0
1	1	UID204769	1	1	0	0
1	1	UID204771	1	1	0	0
1	1	UID204773	1	1	0	0
1	1	UID204781	1	1	0	0
1	1	UID204783	1	1	0	0
1	1	UID204784	1	1	0	0
1	1	UID204790	1	1	0	0
1	1	UID204791	1	1	0	0
1	1	UID204793	1	1	0	0
1	1	UID204802	1	1	0	0
1	1	UID204806	1	1	0	0
1	1	UID204809	1	1	0	0
1	1	UID204819	1	1	0	0
1	1	UID204822	1	1	0	0
1	1	UID204824	1	1	0	0
1	1	UID204825	1	1	0	0
1	1	UID204829	1	1	0	0
1	1	UID204830	1	1	0	0
1	1	UID204831	1	1	0	0
1	1	UID204835	1	1	0	0
1	1	UID204836	1	1	0	0
1	1	UID204844	1	1	0	0
1	1	UID204846	1	1	0	0
1	1	UID204847	1	1	0	0
1	1	UID204855	1	1	0	0
1	1	UID204861	1	1	0	0
1	1	UID204863	1	1	0	0
1	1	UID204869	1	1	0	0
1	1	UID204870	1	1	0	0
1	1	UID204872	1	1	0	0
1	1	UID204880	1	1	0	0
1	1	UID204881	1	1	0	0
1	1	UID204882	1	1	0	0
1	1	UID204886	1	1	0	0
1	1	UID204887	1	1	0	0
1	1	UID204888	1	1	0	0
1	1	UID204889	1	1	0	0
1	1	UID204891	1	1	0	0
1	1	UID204894	1	1	0	0
1	1	UID204895	1	1	0	0
1	1	UID204897	1	1	0	0
1	1	UID204899	1	1	0	0
1	1	UID204900	1	1	0	0
1	1	UID204901	1	1	0	0
1	1	UID204902	1	1	0	0
1	1	UID204903	1	1	0	0
1	1	UID204904	1	1	0	0
1	1	UID204905	1	1	0	0
1	1	UID204911	1	1	0	0
1	1	UID204912	1	1	0	0
1	1	UID204922	1	1	0	0
1	1	UID204924	1	1	0	0
1	1	UID204925	1	1	0	0
1	1	UID204929	1	1	0	0
1	1	UID204930	1	1	0	0
1	1	UID204933	1	1	0	0
1	1	UID204934	1	1	0	0
1	1	UID204946	1	1	0	0
1	1	UID204957	1	1	0	0
1	1	UID204958	1	1	0	0
1	1	UID204959	1	1	0	0
1	1	UID204964	1	1	0	0
1	1	UID204968	1	1	0	0
1	1	UID204971	1	1	0	0
1	1	UID204972	1	1	0	0
1	1	UID204973	1	1	0	0
1	1	UID204977	1	1	0	0
1	1	UID204978	1	1	0	0
1	1	UID204983	1	1	0	0
1	1	UID204987	1	1	0	0
1	1	UID204994	1	1	0	0
1	1	UID205019	1	1	0	0
1	1	UID205020	1	1	0	0
1	1	UID205024	1	1	0	0
1	1	UID205032	1	1	0	0
1	1	UID205037	1	1	0	0
1	1	UID205038	1	1	0	0
1	1	UID205040	1	1	0	0
1	1	UID205047	1	1	0	0
1	1	UID205071	1	1	0	0
1	1	UID205087	1	1	0	0
1	1	UID205093	1	1	0	0
1	1	UID205106	1	1	0	0
1	1	UID205107	1	1	0	0
1	1	UID205110	1	1	0	0
1	1	UID205111	1	1	0	0
1	1	UID205127	1	1	0	0
1	1	UID205128	1	1	0	0
1	1	UID205131	1	1	0	0
1	1	UID205146	1	1	0	0
1	1	UID205148	1	1	0	0
1	1	UID205150	1	1	0	0
1	1	UID205151	1	1	0	0
1	1	UID205152	1	1	0	0
1	1	UID205183	1	1	0	0
1	1	UID205184	1	1	0	0
1	1	UID205190	1	1	0	0
1	1	UID205202	1	1	0	0
1	1	UID205203	1	1	0	0
1	1	UID205204	1	1	0	0
1	1	UID205208	1	1	0	0
1	1	UID205209	1	1	0	0
1	1	UID205226	1	1	0	0
1	1	UID205228	1	1	0	0
1	1	UID205253	1	1	0	0
1	1	UID205264	1	1	0	0
1	1	UID205266	1	1	0	0
1	1	UID205267	1	1	0	0
1	1	UID205268	1	1	0	0
1	1	UID205275	1	1	0	0
1	1	UID205278	1	1	0	0
1	1	UID205282	1	1	0	0
1	1	UID205299	1	1	0	0
1	1	UID205303	1	1	0	0
1	1	UID205336	1	1	0	0
1	1	UID205344	1	1	0	0
1	1	UID205348	1	1	0	0
1	1	UID205355	1	1	0	0
1	1	UID205361	1	1	0	0
1	1	UID205369	1	1	0	0
1	1	UID205370	1	1	0	0
1	1	UID205373	1	1	0	0
1	1	UID205377	1	1	0	0
1	1	UID205382	1	1	0	0
1	1	UID205384	1	1	0	0
1	1	UID205387	1	1	0	0
1	1	UID205401	1	1	0	0
1	1	UID205402	1	1	0	0
1	1	UID205403	1	1	0	0
1	1	UID205405	1	1	0	0
1	1	UID205418	1	1	0	0
1	1	UID205422	1	1	0	0
1	1	UID205423	1	1	0	0
1	1	UID205427	1	1	0	0
1	1	UID205448	1	1	0	0
1	1	UID205465	1	1	0	0
1	1	UID205470	1	1	0	0
1	1	UID205478	1	1	0	0
1	1	UID205496	1	1	0	0
1	1	UID205500	1	1	0	0
1	1	UID205514	1	1	0	0
1	1	UID205530	1	1	0	0
1	1	UID205533	1	1	0	0
1	1	UID205536	1	1	0	0
1	1	UID205551	1	1	0	0
1	1	UID205554	1	1	0	0
1	1	UID205559	1	1	0	0
1	1	UID205583	1	1	0	0
1	1	UID205587	1	1	0	0
1	1	UID205596	1	1	0	0
1	1	UID205625	1	1	0	0
1	1	UID205626	1	1	0	0
1	1	UID205629	1	1	0	0
1	1	UID205636	1	1	0	0
1	1	UID205668	1	1	0	0
1	1	UID205670	1	1	0	0
1	1	UID205678	1	1	0	0
1	1	UID205697	1	1	0	0
1	1	UID205730	1	1	0	0
1	1	UID205731	1	1	0	0
1	1	UID205807	1	1	0	0
1	1	UID205811	1	1	0	0
1	1	UID205821	1	1	0	0
1	1	UID205881	1	1	0	0
1	1	UID205906	1	1	0	0
1	1	UID205929	1	1	0	0
1	1	UID205934	1	1	0	0
1	1	UID205945	1	1	0	0
1	1	UID205959	1	1	0	0
1	1	UID206009	1	1	0	0
1	1	UID206010	1	1	0	0
1	1	UID206043	1	1	0	0
1	1	UID206072	1	1	0	0
1	1	UID206083	1	1	0	0
1	1	UID206109	1	1	0	0
1	1	UID206147	1	1	0	0
1	1	UID206173	1	1	0	0
1	1	UID206186	1	1	0	0
1	1	UID206226	1	1	0	0
1	1	UID206278	1	1	0	0
1	1	UID206311	1	1	0	0
1	1	UID206315	1	1	0	0
1	1	UID206346	1	1	0	0
1	1	UID206353	1	1	0	0
1	1	UID206431	1	1	0	0
1	1	UID206471	1	1	0	0
1	1	UID206480	1	1	0	0
1	1	UID206501	1	1	0	0
1	1	UID206505	1	1	0	0
1	1	UID206508	1	1	0	0
1	1	UID206538	1	1	0	0
1	1	UID206539	1	1	0	0
1	1	UID206554	1	1	0	0
1	1	UID206567	1	1	0	0
1	1	UID206617	1	1	0	0
1	1	UID206619	1	1	0	0
1	1	UID206661	1	1	0	0
1	1	UID206674	1	1	0	0
1	1	UID206696	1	1	0	0
1	1	UID206697	1	1	0	0
1	1	UID206707	1	1	0	0
1	1	UID206715	1	1	0	0
1	1	UID206716	1	1	0	0
1	1	UID206717	1	1	0	0
1	1	UID206762	1	1	0	0
1	1	UID206765	1	1	0	0
1	1	UID206787	1	1	0	0
1	1	UID206807	1	1	0	0
1	1	UID206813	1	1	0	0
1	1	UID206814	1	1	0	0
1	1	UID206837	1	1	0	0
1	1	UID206864	1	1	0	0
1	1	UID206869	1	1	0	0
1	1	UID206878	1	1	0	0
1	1	UID206882	1	1	0	0
1	1	UID206886	1	1	0	0
1	1	UID206904	1	1	0	0
1	1	UID206936	1	1	0	0
1	1	UID206956	1	1	0	0
1	1	UID206969	1	1	0	0
1	1	UID206974	1	1	0	0
1	1	UID206998	1	1	0	0
1	1	UID207012	1	1	0	0
1	1	UID207016	1	1	0	0
1	1	UID207021	1	1	0	0
1	1	UID207063	1	1	0	0
1	1	UID207103	1	1	0	0
1	1	UID207112	1	1	0	0
1	1	UID207113	1	1	0	0
1	1	UID207115	1	1	0	0
1	1	UID207117	1	1	0	0
1	1	UID207122	1	1	0	0
1	1	UID207128	1	1	0	0
1	1	UID207150	1	1	0	0
1	1	UID207160	1	1	0	0
1	1	UID207171	1	1	0	0
1	1	UID207178	1	1	0	0
1	1	UID207210	1	1	0	0
1	1	UID207221	1	1	0	0
1	1	UID207225	1	1	0	0
1	1	UID207227	1	1	0	0
1	1	UID207248	1	1	0	0
1	1	UID207253	1	1	0	0
1	1	UID207254	1	1	0	0
1	1	UID207255	1	1	0	0
1	1	UID207259	1	1	0	0
1	1	UID207261	1	1	0	0
1	1	UID207264	1	1	0	0
1	1	UID207268	1	1	0	0
1	1	UID207283	1	1	0	0
1	1	UID207288	1	1	0	0
1	1	UID207291	1	1	0	0
1	1	UID207293	1	1	0	0
1	1	UID207298	1	1	0	0
1	1	UID207301	1	1	0	0
1	1	UID207307	1	1	0	0
1	1	UID207311	1	1	0	0
1	1	UID207314	1	1	0	0
1	1	UID207329	1	1	0	0
1	1	UID207334	1	1	0	0
1	1	UID207361	1	1	0	0
1	1	UID207387	1	1	0	0
1	1	UID207399	1	1	0	0
1	1	UID207417	1	1	0	0
1	1	UID207455	1	1	0	0
1	1	UID207478	1	1	0	0
1	1	UID207481	1	1	0	0
1	1	UID207486	1	1	0	0
1	1	UID207487	1	1	0	0
1	1	UID207488	1	1	0	0
1	1	UID207493	1	1	0	0
1	1	UID207495	1	1	0	0
1	1	UID207496	1	1	0	0
1	1	UID207497	1	1	0	0
1	1	UID207507	1	1	0	0
1	1	UID207508	1	1	0	0
2	2	UID207514	1	2	1	1
1	1	UID207526	1	1	0	0
1	1	UID207540	1	1	0	0
1	1	UID207541	1	1	0	0
1	1	UID207546	1	1	0	0
1	1	UID207547	1	1	0	0
1	1	UID207551	1	1	0	0
1	1	UID207556	1	1	0	0
1	1	UID207564	1	1	0	0
1	1	UID207565	1	1	0	0
1	1	UID207569	1	1	0	0
1	1	UID207570	1	1	0	0
1	1	UID207571	1	1	0	0
1	1	UID207573	1	1	0	0
1	1	UID207585	1	1	0	0
1	1	UID207587	1	1	0	0
1	1	UID207589	1	1	0	0
1	1	UID207597	1	1	0	0
1	1	UID207598	1	1	0	0
1	1	UID207599	1	1	0	0
1	1	UID207603	1	1	0	0
1	1	UID207605	1	1	0	0
1	1	UID207608	1	1	0	0
1	1	UID207613	1	1	0	0
1	1	UID207622	1	1	0	0
1	1	UID207623	1	1	0	0
1	1	UID207628	1	1	0	0
1	1	UID207634	1	1	0	0
5	5	UID207639	1	5	2	2
1	1	UID207652	1	1	0	0
1	1	UID207655	1	1	0	0
1	1	UID207656	1	1	0	0
1	1	UID207657	1	1	0	0
1	1	UID207659	1	1	0	0
1	1	UID207661	1	1	0	0
1	1	UID207662	1	1	0	0
1	1	UID207669	1	1	0	0
4	4	UID207670	1	4	2	2
1	1	UID207672	1	1	0	0
1	1	UID207674	1	1	0	0
1	1	UID207676	1	1	0	0
1	1	UID207682	1	1	0	0
1	1	UID207691	1	1	0	0
1	1	UID207696	1	1	0	0
1	1	UID207702	1	1	0	0
1	1	UID207707	1	1	0	0
1	1	UID207709	1	1	0	0
1	1	UID207710	1	1	0	0
1	1	UID207711	1	1	0	0
1	1	UID207712	1	1	0	0
1	1	UID207713	1	1	0	0
1	1	UID207716	1	1	0	0
1	1	UID207723	1	1	0	0
1	1	UID207728	1	1	0	0
1	1	UID207729	1	1	0	0
1	1	UID207736	1	1	0	0
1	1	UID207737	1	1	0	0
1	1	UID207740	1	1	0	0
1	1	UID207741	1	1	0	0
1	1	UID207755	1	1	0	0
1	1	UID207760	1	1	0	0
1	1	UID207764	1	1	0	0
1	1	UID207767	1	1	0	0
1	1	UID207768	1	1	0	0
1	1	UID207769	1	1	0	0
1	1	UID207770	1	1	0	0
1	1	UID207782	1	1	0	0
2	2	UID207783	1	2	1	1
1	1	UID207784	1	1	0	0
2	2	UID207785	1	2	1	1
1	1	UID207786	1	1	0	0
1	1	UID207790	1	1	0	0
1	1	UID207793	1	1	0	0
1	1	UID207794	1	1	0	0
1	1	UID207796	1	1	0	0
1	1	UID207799	1	1	0	0
1	1	UID207800	1	1	0	0
1	1	UID207804	1	1	0	0
1	1	UID207805	1	1	0	0
1	1	UID207809	1	1	0	0
1	1	UID207823	1	1	0	0
1	1	UID207832	1	1	0	0
1	1	UID207836	1	1	0	0
1	1	UID207849	1	1	0	0
1	1	UID207853	1	1	0	0
1	1	UID207859	1	1	0	0
1	1	UID207861	1	1	0	0
1	1	UID207863	1	1	0	0
1	1	UID207867	1	1	0	0
1	1	UID207871	1	1	0	0
1	1	UID207875	1	1	0	0
1	1	UID207876	1	1	0	0
1	1	UID207877	1	1	0	0
1	1	UID207883	1	1	0	0
1	1	UID207893	1	1	0	0
1	1	UID207894	1	1	0	0
1	1	UID207897	1	1	0	0
1	1	UID207903	1	1	0	0
9	9	UID207906	1	9	2	2
1	1	UID207908	1	1	0	0
1	1	UID207915	1	1	0	0
1	1	UID207922	1	1	0	0
1	1	UID207926	1	1	0	0
1	1	UID207927	1	1	0	0
1	1	UID207936	1	1	0	0
1	1	UID207937	1	1	0	0
1	1	UID207943	1	1	0	0
1	1	UID207946	1	1	0	0
1	1	UID207947	1	1	0	0
1	1	UID207953	1	1	0	0
1	1	UID207955	1	1	0	0
1	1	UID207956	1	1	0	0
1	1	UID207965	1	1	0	0
1	1	UID207967	1	1	0	0
1	1	UID207969	1	1	0	0
1	1	UID207977	1	1	0	0
1	1	UID207983	1	1	0	0
1	1	UID208007	1	1	0	0
1	1	UID208017	1	1	0	0
1	1	UID208019	1	1	0	0
1	1	UID208024	1	1	0	0
1	1	UID208025	1	1	0	0
1	1	UID208033	1	1	0	0
1	1	UID208035	1	1	0	0
1	1	UID208036	1	1	0	0
1	1	UID208037	1	1	0	0
1	1	UID208038	1	1	0	0
1	1	UID208040	1	1	0	0
1	1	UID208047	1	1	0	0
1	1	UID208049	1	1	0	0
1	1	UID208056	1	1	0	0
1	1	UID208063	1	1	0	0
1	1	UID208067	1	1	0	0
1	1	UID208068	1	1	0	0
1	1	UID208076	1	1	0	0
1	1	UID208079	1	1	0	0
4	4	UID208080	1	4	1	1
1	1	UID208082	1	1	0	0
1	1	UID208084	1	1	0	0
9	9	UID208086	1	9	2	2
1	1	UID208089	1	1	0	0
1	1	UID208090	1	1	0	0
1	1	UID208103	1	1	0	0
1	1	UID208104	1	1	0	0
1	1	UID208105	1	1	0	0
1	1	UID208106	1	1	0	0
4	4	UID208108	1	4	2	2
1	1	UID208111	1	1	0	0
1	1	UID208112	1	1	0	0
1	1	UID208121	1	1	0	0
1	1	UID208122	1	1	0	0
1	1	UID208123	1	1	0	0
1	1	UID208124	1	1	0	0
1	1	UID208125	1	1	0	0
1	1	UID208126	1	1	0	0
1	1	UID208127	1	1	0	0
1	1	UID208129	1	1	0	0
1	1	UID208131	1	1	0	0
1	1	UID208132	1	1	0	0
1	1	UID208133	1	1	0	0
1	1	UID208137	1	1	0	0
1	1	UID208138	1	1	0	0
1	1	UID208139	1	1	0	0
1	1	UID208143	1	1	0	0
1	1	UID208147	1	1	0	0
1	1	UID208160	1	1	0	0
1	1	UID208165	1	1	0	0
1	1	UID208168	1	1	0	0
1	1	UID208170	1	1	0	0
1	1	UID208176	1	1	0	0
1	1	UID208178	1	1	0	0
1	1	UID208179	1	1	0	0
1	1	UID208180	1	1	0	0
1	1	UID208182	1	1	0	0
1	1	UID208188	1	1	0	0
1	1	UID208195	1	1	0	0
1	1	UID208196	1	1	0	0
1	1	UID208197	1	1	0	0
1	1	UID208200	1	1	0	0
1	1	UID208201	1	1	0	0
1	1	UID208213	1	1	0	0
1	1	UID208224	1	1	0	0
1	1	UID208225	1	1	0	0
1	1	UID208226	1	1	0	0
1	1	UID208227	1	1	0	0
1	1	UID208230	1	1	0	0
1	1	UID208237	1	1	0	0
1	1	UID208242	1	1	0	0
1	1	UID208257	1	1	0	0
1	1	UID208258	1	1	0	0
1	1	UID208264	1	1	0	0
1	1	UID208270	1	1	0	0
1	1	UID208274	1	1	0	0
1	1	UID208275	1	1	0	0
1	1	UID208282	1	1	0	0
1	1	UID208286	1	1	0	0
1	1	UID208299	1	1	0	0
5	5	UID208303	1	5	2	2
1	1	UID208307	1	1	0	0
1	1	UID208314	1	1	0	0
1	1	UID208322	1	1	0	0
1	1	UID208325	1	1	0	0
1	1	UID208327	1	1	0	0
1	1	UID208332	1	1	0	0
1	1	UID208336	1	1	0	0
1	1	UID208338	1	1	0	0
1	1	UID208345	1	1	0	0
1	1	UID208349	1	1	0	0
1	1	UID208373	1	1	0	0
1	1	UID208380	1	1	0	0
1	1	UID208388	1	1	0	0
1	1	UID208390	1	1	0	0
1	1	UID208398	1	1	0	0
1	1	UID208399	1	1	0	0
1	1	UID208401	1	1	0	0
1	1	UID208412	1	1	0	0
1	1	UID208414	1	1	0	0
1	1	UID208419	1	1	0	0
1	1	UID208426	1	1	0	0
1	1	UID208438	1	1	0	0
1	1	UID208441	1	1	0	0
1	1	UID208443	1	1	0	0
1	1	UID208444	1	1	0	0
1	1	UID208446	1	1	0	0
1	1	UID208447	1	1	0	0
1	1	UID208455	1	1	0	0
1	1	UID208463	1	1	0	0
1	1	UID208472	1	1	0	0
1	1	UID208473	1	1	0	0
1	1	UID208492	1	1	0	0
1	1	UID208498	1	1	0	0
1	1	UID208515	1	1	0	0
1	1	UID208516	1	1	0	0
1	1	UID208525	1	1	0	0
1	1	UID208547	1	1	0	0
1	1	UID208554	1	1	0	0
1	1	UID208557	1	1	0	0
1	1	UID208586	1	1	0	0
1	1	UID208588	1	1	0	0
1	1	UID208594	1	1	0	0
1	1	UID208597	1	1	0	0
1	1	UID208602	1	1	0	0
1	1	UID208604	1	1	0	0
1	1	UID208704	1	1	0	0
1	1	UID208709	1	1	0	0
1	1	UID208726	1	1	0	0
1	1	UID208729	1	1	0	0
1	1	UID208732	1	1	0	0
1	1	UID208737	1	1	0	0
1	1	UID208739	1	1	0	0
1	1	UID208743	1	1	0	0
1	1	UID208744	1	1	0	0
1	1	UID208750	1	1	0	0
1	1	UID208753	1	1	0	0
1	1	UID208756	1	1	0	0
1	1	UID208758	1	1	0	0
1	1	UID208774	1	1	0	0
1	1	UID208775	1	1	0	0
1	1	UID208776	1	1	0	0
1	1	UID208778	1	1	0	0
1	1	UID208779	1	1	0	0
1	1	UID208782	1	1	0	0
1	1	UID208793	1	1	0	0
1	1	UID208794	1	1	0	0
1	1	UID208801	1	1	0	0
1	1	UID208832	1	1	0	0
1	1	UID208841	1	1	0	0
1	1	UID208845	1	1	0	0
1	1	UID208846	1	1	0	0
1	1	UID208847	1	1	0	0
1	1	UID208869	1	1	0	0
1	1	UID208871	1	1	0	0
1	1	UID208872	1	1	0	0
1	1	UID208878	1	1	0	0
1	1	UID208886	1	1	0	0
1	1	UID208889	1	1	0	0
1	1	UID208901	1	1	0	0
1	1	UID208902	1	1	0	0
1	1	UID208905	1	1	0	0
1	1	UID208908	1	1	0	0
1	1	UID208916	1	1	0	0
1	1	UID208920	1	1	0	0
1	1	UID208922	1	1	0	0
1	1	UID208923	1	1	0	0
1	1	UID208933	1	1	0	0
1	1	UID208935	1	1	0	0
1	1	UID208936	1	1	0	0
1	1	UID208951	1	1	0	0
1	1	UID208952	1	1	0	0
1	1	UID208972	1	1	0	0
1	1	UID208974	1	1	0	0
1	1	UID208978	1	1	0	0
1	1	UID208986	1	1	0	0
1	1	UID208999	1	1	0	0
1	1	UID209004	1	1	0	0
1	1	UID209007	1	1	0	0
1	1	UID209008	1	1	0	0
1	1	UID209009	1	1	0	0
1	1	UID209024	1	1	0	0
1	1	UID209025	1	1	0	0
1	1	UID209026	1	1	0	0
1	1	UID209028	1	1	0	0
1	1	UID209037	1	1	0	0
1	1	UID209039	1	1	0	0
1	1	UID209048	1	1	0	0
1	1	UID209051	1	1	0	0
1	1	UID209052	1	1	0	0
1	1	UID209054	1	1	0	0
1	1	UID209056	1	1	0	0
1	1	UID209058	1	1	0	0
1	1	UID209066	1	1	0	0
1	1	UID209067	1	1	0	0
1	1	UID209076	1	1	0	0
1	1	UID209080	1	1	0	0
1	1	UID209081	1	1	0	0
1	1	UID209090	1	1	0	0
1	1	UID209092	1	1	0	0
1	1	UID209093	1	1	0	0
1	1	UID209094	1	1	0	0
1	1	UID209095	1	1	0	0
1	1	UID209096	1	1	0	0
1	1	UID209097	1	1	0	0
1	1	UID209098	1	1	0	0
1	1	UID209104	1	1	0	0
1	1	UID209105	1	1	0	0
1	1	UID209107	1	1	0	0
1	1	UID209114	1	1	0	0
1	1	UID209115	1	1	0	0
1	1	UID209122	1	1	0	0
1	1	UID209124	1	1	0	0
1	1	UID209127	1	1	0	0
1	1	UID209130	1	1	0	0
1	1	UID209135	1	1	0	0
1	1	UID209150	1	1	0	0
1	1	UID209155	1	1	0	0
1	1	UID209170	1	1	0	0
1	1	UID209177	1	1	0	0
1	1	UID209178	1	1	0	0
1	1	UID209181	1	1	0	0
1	1	UID209183	1	1	0	0
1	1	UID209193	1	1	0	0
3	3	UID209194	1	3	2	2
1	1	UID209200	1	1	0	0
1	1	UID209202	1	1	0	0
1	1	UID209207	1	1	0	0
1	1	UID209208	1	1	0	0
1	1	UID209210	1	1	0	0
1	1	UID209212	1	1	0	0
1	1	UID209218	1	1	0	0
1	1	UID209238	1	1	0	0
1	1	UID209248	1	1	0	0
1	1	UID209264	1	1	0	0
1	1	UID209272	1	1	0	0
1	1	UID209273	1	1	0	0
1	1	UID209276	1	1	0	0
1	1	UID209283	1	1	0	0
1	1	UID209309	1	1	0	0
1	1	UID209316	1	1	0	0
1	1	UID209319	1	1	0	0
1	1	UID209322	1	1	0	0
1	1	UID209325	1	1	0	0
1	1	UID209326	1	1	0	0
1	1	UID209327	1	1	0	0
1	1	UID209338	1	1	0	0
1	1	UID209344	1	1	0	0
1	1	UID209349	1	1	0	0
1	1	UID209352	1	1	0	0
1	1	UID209353	1	1	0	0
1	1	UID209365	1	1	0	0
1	1	UID209366	1	1	0	0
1	1	UID209372	1	1	0	0
1	1	UID209373	1	1	0	0
1	1	UID209375	1	1	0	0
1	1	UID209376	1	1	0	0
1	1	UID209377	1	1	0	0
1	1	UID209378	1	1	0	0
1	1	UID209388	1	1	0	0
1	1	UID209389	1	1	0	0
1	1	UID209391	1	1	0	0
1	1	UID209392	1	1	0	0
1	1	UID209393	1	1	0	0
1	1	UID209394	1	1	0	0
1	1	UID209396	1	1	0	0
1	1	UID209402	1	1	0	0
1	1	UID209404	1	1	0	0
1	1	UID209409	1	1	0	0
1	1	UID209416	1	1	0	0
1	1	UID209428	1	1	0	0
1	1	UID209431	1	1	0	0
1	1	UID209432	1	1	0	0
1	1	UID209435	1	1	0	0
1	1	UID209441	1	1	0	0
1	1	UID209442	1	1	0	0
1	1	UID209444	1	1	0	0
1	1	UID209445	1	1	0	0
1	1	UID209447	1	1	0	0
1	1	UID209449	1	1	0	0
1	1	UID209451	1	1	0	0
8	8	UID209456	1	8	2	2
1	1	UID209465	1	1	0	0
1	1	UID209485	1	1	0	0
1	1	UID209493	1	1	0	0
1	1	UID209494	1	1	0	0
1	1	UID209498	1	1	0	0
1	1	UID209504	1	1	0	0
1	1	UID209506	1	1	0	0
1	1	UID209508	1	1	0	0
1	1	UID209509	1	1	0	0
1	1	UID209510	1	1	0	0
1	1	UID209525	1	1	0	0
1	1	UID209529	1	1	0	0
1	1	UID209531	1	1	0	0
1	1	UID209533	1	1	0	0
1	1	UID209535	1	1	0	0
1	1	UID209536	1	1	0	0
1	1	UID209539	1	1	0	0
1	1	UID209546	1	1	0	0
1	1	UID209547	1	1	0	0
1	1	UID209552	1	1	0	0
1	1	UID209554	1	1	0	0
1	1	UID209556	1	1	0	0
1	1	UID209559	1	1	0	0
2	2	UID209560	1	2	1	1
1	1	UID209562	1	1	0	0
1	1	UID209563	1	1	0	0
1	1	UID209565	1	1	0	0
1	1	UID209567	1	1	0	0
1	1	UID209569	1	1	0	0
1	1	UID209572	1	1	0	0
1	1	UID209574	1	1	0	0
1	1	UID209577	1	1	0	0
1	1	UID209580	1	1	0	0
1	1	UID209584	1	1	0	0
1	1	UID209585	1	1	0	0
1	1	UID209588	1	1	0	0
1	1	UID209593	1	1	0	0
1	1	UID209597	1	1	0	0
1	1	UID209630	1	1	0	0
1	1	UID209631	1	1	0	0
1	1	UID209632	1	1	0	0
1	1	UID209635	1	1	0	0
1	1	UID209636	1	1	0	0
1	1	UID209643	1	1	0	0
1	1	UID209646	1	1	0	0
1	1	UID209651	1	1	0	0
1	1	UID209654	1	1	0	0
1	1	UID209672	1	1	0	0
1	1	UID209673	1	1	0	0
1	1	UID209676	1	1	0	0
1	1	UID209677	1	1	0	0
1	1	UID209679	1	1	0	0
1	1	UID209687	1	1	0	0
1	1	UID209688	1	1	0	0
1	1	UID209690	1	1	0	0
1	1	UID209693	1	1	0	0
1	1	UID209695	1	1	0	0
1	1	UID209709	1	1	0	0
1	1	UID209711	1	1	0	0
1	1	UID209712	1	1	0	0
1	1	UID209715	1	1	0	0
1	1	UID209720	1	1	0	0
1	1	UID209722	1	1	0	0
1	1	UID209724	1	1	0	0
1	1	UID209725	1	1	0	0
1	1	UID209726	1	1	0	0
1	1	UID209727	1	1	0	0
1	1	UID209728	1	1	0	0
1	1	UID209744	1	1	0	0
1	1	UID209746	1	1	0	0
1	1	UID209753	1	1	0	0
1	1	UID209758	1	1	0	0
1	1	UID209761	1	1	0	0
1	1	UID209772	1	1	0	0
1	1	UID209774	1	1	0	0
1	1	UID209834	1	1	0	0
1	1	UID209837	1	1	0	0
1	1	UID209838	1	1	0	0
2	2	UID209839	1	2	1	1
1	1	UID209840	1	1	0	0
1	1	UID209841	1	1	0	0
1	1	UID209853	1	1	0	0
1	1	UID209858	1	1	0	0
1	1	UID209861	1	1	0	0
1	1	UID209870	1	1	0	0
1	1	UID209917	1	1	0	0
1	1	UID209928	1	1	0	0
1	1	UID209939	1	1	0	0
1	1	UID209948	1	1	0	0
1	1	UID209949	1	1	0	0
1	1	UID209950	1	1	0	0
1	1	UID209954	1	1	0	0
1	1	UID209960	1	1	0	0
1	1	UID209961	1	1	0	0
1	1	UID209972	1	1	0	0
1	1	UID209974	1	1	0	0
1	1	UID209977	1	1	0	0
1	1	UID209979	1	1	0	0
1	1	UID209987	1	1	0	0
1	1	UID209988	1	1	0	0
1	1	UID209990	1	1	0	0
1	1	UID209991	1	1	0	0
1	1	UID209995	1	1	0	0
1	1	UID210002	1	1	0	0
1	1	UID210016	1	1	0	0
1	1	UID210022	1	1	0	0
1	1	UID210023	1	1	0	0
1	1	UID210037	1	1	0	0
1	1	UID210038	1	1	0	0
1	1	UID210039	1	1	0	0
1	1	UID210040	1	1	0	0
1	1	UID210041	1	1	0	0
1	1	UID210046	1	1	0	0
1	1	UID210049	1	1	0	0
1	1	UID210053	1	1	0	0
1	1	UID210061	1	1	0	0
1	1	UID210065	1	1	0	0
1	1	UID210069	1	1	0	0
1	1	UID210070	1	1	0	0
1	1	UID210074	1	1	0	0
1	1	UID210076	1	1	0	0
1	1	UID210077	1	1	0	0
1	1	UID210079	1	1	0	0
1	1	UID210082	1	1	0	0
1	1	UID210087	1	1	0	0
1	1	UID210091	1	1	0	0
1	1	UID210092	1	1	0	0
1	1	UID210093	1	1	0	0
1	1	UID210094	1	1	0	0
1	1	UID210095	1	1	0	0
1	1	UID210096	1	1	0	0
1	1	UID210097	1	1	0	0
1	1	UID210098	1	1	0	0
1	1	UID210099	1	1	0	0
1	1	UID210100	1	1	0	0
1	1	UID210102	1	1	0	0
1	1	UID210107	1	1	0	0
1	1	UID210108	1	1	0	0
1	1	UID210122	1	1	0	0
1	1	UID210125	1	1	0	0
1	1	UID210129	1	1	0	0
1	1	UID210130	1	1	0	0
1	1	UID210138	1	1	0	0
1	1	UID210139	1	1	0	0
1	1	UID210141	1	1	0	0
1	1	UID210142	1	1	0	0
1	1	UID210143	1	1	0	0
1	1	UID210146	1	1	0	0
1	1	UID210150	1	1	0	0
1	1	UID210151	1	1	0	0
1	1	UID210158	1	1	0	0
1	1	UID210160	1	1	0	0
1	1	UID210163	1	1	0	0
1	1	UID210164	1	1	0	0
1	1	UID210166	1	1	0	0
1	1	UID210172	1	1	0	0
1	1	UID210175	1	1	0	0
1	1	UID210179	1	1	0	0
1	1	UID210181	1	1	0	0
1	1	UID210183	1	1	0	0
1	1	UID210184	1	1	0	0
1	1	UID210190	1	1	0	0
1	1	UID210196	1	1	0	0
1	1	UID210197	1	1	0	0
1	1	UID210199	1	1	0	0
1	1	UID210204	1	1	0	0
1	1	UID210217	1	1	0	0
1	1	UID210219	1	1	0	0
1	1	UID210226	1	1	0	0
1	1	UID210227	1	1	0	0
1	1	UID210228	1	1	0	0
1	1	UID210229	1	1	0	0
1	1	UID210230	1	1	0	0
1	1	UID210231	1	1	0	0
1	1	UID210233	1	1	0	0
1	1	UID210236	1	1	0	0
1	1	UID210247	1	1	0	0
1	1	UID210249	1	1	0	0
1	1	UID210253	1	1	0	0
1	1	UID210260	1	1	0	0
1	1	UID210263	1	1	0	0
1	1	UID210269	1	1	0	0
1	1	UID210271	1	1	0	0
1	1	UID210272	1	1	0	0
1	1	UID210277	1	1	0	0
1	1	UID210278	1	1	0	0
1	1	UID210281	1	1	0	0
1	1	UID210295	1	1	0	0
1	1	UID210296	1	1	0	0
1	1	UID210300	1	1	0	0
1	1	UID210303	1	1	0	0
1	1	UID210308	1	1	0	0
1	1	UID210309	1	1	0	0
1	1	UID210311	1	1	0	0
1	1	UID210317	1	1	0	0
1	1	UID210318	1	1	0	0
4	4	UID210319	1	4	1	1
1	1	UID210332	1	1	0	0
1	1	UID210334	1	1	0	0
1	1	UID210338	1	1	0	0
1	1	UID210341	1	1	0	0
1	1	UID210347	1	1	0	0
1	1	UID210350	1	1	0	0
1	1	UID210359	1	1	0	0
1	1	UID210368	1	1	0	0
1	1	UID210369	1	1	0	0
2	2	UID210371	1	2	1	1
1	1	UID210373	1	1	0	0
1	1	UID210374	1	1	0	0
1	1	UID210375	1	1	0	0
1	1	UID210380	1	1	0	0
1	1	UID210383	1	1	0	0
1	1	UID210386	1	1	0	0
1	1	UID210398	1	1	0	0
1	1	UID210415	1	1	0	0
1	1	UID210419	1	1	0	0
1	1	UID210426	1	1	0	0
1	1	UID210429	1	1	0	0
1	1	UID210430	1	1	0	0
1	1	UID210432	1	1	0	0
1	1	UID210449	1	1	0	0
1	1	UID210454	1	1	0	0
1	1	UID210455	1	1	0	0
1	1	UID210457	1	1	0	0
1	1	UID210466	1	1	0	0
1	1	UID210471	1	1	0	0
1	1	UID210472	1	1	0	0
1	1	UID210476	1	1	0	0
1	1	UID210477	1	1	0	0
1	1	UID210486	1	1	0	0
1	1	UID210491	1	1	0	0
1	1	UID210492	1	1	0	0
1	1	UID210493	1	1	0	0
1	1	UID210494	1	1	0	0
1	1	UID210498	1	1	0	0
1	1	UID210502	1	1	0	0
1	1	UID210515	1	1	0	0
1	1	UID210516	1	1	0	0
1	1	UID210518	1	1	0	0
1	1	UID210519	1	1	0	0
1	1	UID210524	1	1	0	0
2	2	UID210525	1	2	1	1
1	1	UID210527	1	1	0	0
1	1	UID210533	1	1	0	0
1	1	UID210543	1	1	0	0
1	1	UID210544	1	1	0	0
7	7	UID210546	1	7	2	2
1	1	UID210547	1	1	0	0
1	1	UID210554	1	1	0	0
1	1	UID210555	1	1	0	0
1	1	UID210556	1	1	0	0
1	1	UID210559	1	1	0	0
1	1	UID210561	1	1	0	0
1	1	UID210566	1	1	0	0
1	1	UID210569	1	1	0	0
1	1	UID210570	1	1	0	0
1	1	UID210571	1	1	0	0
1	1	UID210576	1	1	0	0
1	1	UID210578	1	1	0	0
1	1	UID210580	1	1	0	0
1	1	UID210586	1	1	0	0
1	1	UID210599	1	1	0	0
1	1	UID210600	1	1	0	0
1	1	UID210602	1	1	0	0
1	1	UID210603	1	1	0	0
1	1	UID210604	1	1	0	0
1	1	UID210605	1	1	0	0
1	1	UID210606	1	1	0	0
1	1	UID210607	1	1	0	0
1	1	UID210608	1	1	0	0
1	1	UID210610	1	1	0	0
1	1	UID210613	1	1	0	0
1	1	UID210615	1	1	0	0
1	1	UID210623	1	1	0	0
1	1	UID210633	1	1	0	0
1	1	UID210635	1	1	0	0
1	1	UID210641	1	1	0	0
1	1	UID210647	1	1	0	0
1	1	UID210651	1	1	0	0
1	1	UID210654	1	1	0	0
1	1	UID210661	1	1	0	0
1	1	UID210662	1	1	0	0
1	1	UID210665	1	1	0	0
1	1	UID210666	1	1	0	0
1	1	UID210667	1	1	0	0
1	1	UID210670	1	1	0	0
1	1	UID210671	1	1	0	0
1	1	UID210678	1	1	0	0
1	1	UID210685	1	1	0	0
1	1	UID210693	1	1	0	0
1	1	UID210701	1	1	0	0
1	1	UID210714	1	1	0	0
1	1	UID210719	1	1	0	0
1	1	UID210720	1	1	0	0
1	1	UID210721	1	1	0	0
1	1	UID210722	1	1	0	0
1	1	UID210724	1	1	0	0
1	1	UID210725	1	1	0	0
1	1	UID210726	1	1	0	0
1	1	UID210728	1	1	0	0
1	1	UID210729	1	1	0	0
2	2	UID210736	1	2	1	1
1	1	UID210738	1	1	0	0
1	1	UID210739	1	1	0	0
1	1	UID210740	1	1	0	0
1	1	UID210741	1	1	0	0
1	1	UID210749	1	1	0	0
1	1	UID210750	1	1	0	0
1	1	UID210755	1	1	0	0
1	1	UID210763	1	1	0	0
1	1	UID210781	1	1	0	0
1	1	UID210782	1	1	0	0
1	1	UID210784	1	1	0	0
1	1	UID210802	1	1	0	0
1	1	UID210816	1	1	0	0
1	1	UID210835	1	1	0	0
1	1	UID210836	1	1	0	0
1	1	UID210844	1	1	0	0
1	1	UID210858	1	1	0	0
1	1	UID210860	1	1	0	0
1	1	UID210868	1	1	0	0
1	1	UID210871	1	1	0	0
1	1	UID210	1	1	0	0
1	1	UID211015	1	1	0	0
1	1	UID211018	1	1	0	0
1	1	UID211019	1	1	0	0
1	1	UID211037	1	1	0	0
1	1	UID211048	1	1	0	0
1	1	UID211049	1	1	0	0
1	1	UID211050	1	1	0	0
2	2	UID211053	1	2	1	1
1	1	UID211056	1	1	0	0
1	1	UID211063	1	1	0	0
1	1	UID211064	1	1	0	0
1	1	UID211065	1	1	0	0
1	1	UID211070	1	1	0	0
1	1	UID211071	1	1	0	0
1	1	UID211074	1	1	0	0
1	1	UID211085	1	1	0	0
1	1	UID211088	1	1	0	0
1	1	UID211094	1	1	0	0
1	1	UID211103	1	1	0	0
1	1	UID211115	1	1	0	0
1	1	UID211117	1	1	0	0
1	1	UID211123	1	1	0	0
1	1	UID211125	1	1	0	0
1	1	UID211127	1	1	0	0
1	1	UID211129	1	1	0	0
1	1	UID211133	1	1	0	0
1	1	UID211134	1	1	0	0
1	1	UID211166	1	1	0	0
1	1	UID211171	1	1	0	0
1	1	UID211176	1	1	0	0
1	1	UID211178	1	1	0	0
1	1	UID211180	1	1	0	0
1	1	UID211183	1	1	0	0
1	1	UID211185	1	1	0	0
1	1	UID211187	1	1	0	0
1	1	UID211192	1	1	0	0
1	1	UID211194	1	1	0	0
1	1	UID211195	1	1	0	0
1	1	UID211204	1	1	0	0
1	1	UID211207	1	1	0	0
1	1	UID211209	1	1	0	0
1	1	UID211213	1	1	0	0
1	1	UID211214	1	1	0	0
1	1	UID211218	1	1	0	0
1	1	UID211219	1	1	0	0
1	1	UID211222	1	1	0	0
1	1	UID211244	1	1	0	0
1	1	UID211247	1	1	0	0
1	1	UID211250	1	1	0	0
1	1	UID211254	1	1	0	0
1	1	UID211257	1	1	0	0
1	1	UID211276	1	1	0	0
1	1	UID211281	1	1	0	0
1	1	UID211303	1	1	0	0
1	1	UID211307	1	1	0	0
1	1	UID211315	1	1	0	0
1	1	UID211316	1	1	0	0
1	1	UID211319	1	1	0	0
1	1	UID211327	1	1	0	0
1	1	UID211329	1	1	0	0
1	1	UID211331	1	1	0	0
1	1	UID211336	1	1	0	0
1	1	UID211338	1	1	0	0
1	1	UID211340	1	1	0	0
1	1	UID211351	1	1	0	0
1	1	UID211352	1	1	0	0
1	1	UID211357	1	1	0	0
1	1	UID211358	1	1	0	0
1	1	UID211360	1	1	0	0
1	1	UID211364	1	1	0	0
1	1	UID211370	1	1	0	0
1	1	UID211371	1	1	0	0
1	1	UID211374	1	1	0	0
1	1	UID211382	1	1	0	0
1	1	UID211385	1	1	0	0
1	1	UID211396	1	1	0	0
1	1	UID211404	1	1	0	0
1	1	UID211405	1	1	0	0
1	1	UID211406	1	1	0	0
1	1	UID211407	1	1	0	0
1	1	UID211410	1	1	0	0
1	1	UID211421	1	1	0	0
1	1	UID211428	1	1	0	0
1	1	UID211438	1	1	0	0
1	1	UID211439	1	1	0	0
1	1	UID211440	1	1	0	0
1	1	UID211441	1	1	0	0
1	1	UID211449	1	1	0	0
1	1	UID211464	1	1	0	0
1	1	UID211471	1	1	0	0
1	1	UID211472	1	1	0	0
1	1	UID211473	1	1	0	0
1	1	UID211474	1	1	0	0
1	1	UID211479	1	1	0	0
1	1	UID211480	1	1	0	0
1	1	UID211482	1	1	0	0
1	1	UID211487	1	1	0	0
1	1	UID211495	1	1	0	0
1	1	UID211502	1	1	0	0
1	1	UID211509	1	1	0	0
1	1	UID211510	1	1	0	0
1	1	UID211511	1	1	0	0
1	1	UID211514	1	1	0	0
1	1	UID211518	1	1	0	0
1	1	UID211524	1	1	0	0
1	1	UID211530	1	1	0	0
1	1	UID211532	1	1	0	0
1	1	UID211533	1	1	0	0
1	1	UID211534	1	1	0	0
1	1	UID211539	1	1	0	0
1	1	UID211540	1	1	0	0
1	1	UID211547	1	1	0	0
1	1	UID211557	1	1	0	0
1	1	UID211560	1	1	0	0
1	1	UID211564	1	1	0	0
1	1	UID211567	1	1	0	0
1	1	UID211570	1	1	0	0
1	1	UID211571	1	1	0	0
1	1	UID211572	1	1	0	0
1	1	UID211573	1	1	0	0
1	1	UID211584	1	1	0	0
1	1	UID211589	1	1	0	0
1	1	UID211592	1	1	0	0
1	1	UID211593	1	1	0	0
1	1	UID211596	1	1	0	0
1	1	UID211606	1	1	0	0
1	1	UID211609	1	1	0	0
1	1	UID211610	1	1	0	0
1	1	UID211612	1	1	0	0
1	1	UID211616	1	1	0	0
1	1	UID211619	1	1	0	0
1	1	UID211620	1	1	0	0
1	1	UID211623	1	1	0	0
1	1	UID211634	1	1	0	0
1	1	UID211635	1	1	0	0
1	1	UID211637	1	1	0	0
1	1	UID211641	1	1	0	0
1	1	UID211644	1	1	0	0
1	1	UID211665	1	1	0	0
1	1	UID211666	1	1	0	0
1	1	UID211667	1	1	0	0
1	1	UID211670	1	1	0	0
1	1	UID211672	1	1	0	0
1	1	UID211675	1	1	0	0
1	1	UID211678	1	1	0	0
1	1	UID211681	1	1	0	0
1	1	UID211683	1	1	0	0
1	1	UID211685	1	1	0	0
1	1	UID211686	1	1	0	0
1	1	UID211690	1	1	0	0
1	1	UID211694	1	1	0	0
1	1	UID211697	1	1	0	0
1	1	UID211698	1	1	0	0
1	1	UID211699	1	1	0	0
1	1	UID211703	1	1	0	0
1	1	UID211707	1	1	0	0
1	1	UID211710	1	1	0	0
1	1	UID211715	1	1	0	0
1	1	UID211716	1	1	0	0
1	1	UID211722	1	1	0	0
1	1	UID211726	1	1	0	0
1	1	UID211729	1	1	0	0
1	1	UID211731	1	1	0	0
1	1	UID211734	1	1	0	0
1	1	UID211736	1	1	0	0
1	1	UID211739	1	1	0	0
1	1	UID211740	1	1	0	0
1	1	UID211741	1	1	0	0
1	1	UID211742	1	1	0	0
2	2	UID211743	1	2	1	1
1	1	UID211744	1	1	0	0
1	1	UID211745	1	1	0	0
1	1	UID211746	1	1	0	0
1	1	UID211747	1	1	0	0
1	1	UID211751	1	1	0	0
1	1	UID211759	1	1	0	0
1	1	UID211760	1	1	0	0
1	1	UID211761	1	1	0	0
1	1	UID211763	1	1	0	0
1	1	UID211764	1	1	0	0
1	1	UID211768	1	1	0	0
1	1	UID211772	1	1	0	0
1	1	UID211775	1	1	0	0
1	1	UID211777	1	1	0	0
1	1	UID211781	1	1	0	0
1	1	UID211783	1	1	0	0
2	2	UID211784	1	2	1	1
1	1	UID211786	1	1	0	0
1	1	UID211787	1	1	0	0
1	1	UID211788	1	1	0	0
1	1	UID211789	1	1	0	0
1	1	UID211793	1	1	0	0
1	1	UID211795	1	1	0	0
1	1	UID211796	1	1	0	0
1	1	UID211799	1	1	0	0
1	1	UID211801	1	1	0	0
1	1	UID211802	1	1	0	0
1	1	UID211804	1	1	0	0
7	7	UID211807	1	7	3	3
1	1	UID211809	1	1	0	0
1	1	UID211810	1	1	0	0
1	1	UID211814	1	1	0	0
1	1	UID211815	1	1	0	0
1	1	UID211816	1	1	0	0
5	5	UID211818	1	5	2	2
1	1	UID211820	1	1	0	0
1	1	UID211821	1	1	0	0
1	1	UID211824	1	1	0	0
3	3	UID211825	1	3	2	2
2	2	UID211834	1	2	1	1
1	1	UID211843	1	1	0	0
1	1	UID211848	1	1	0	0
1	1	UID211852	1	1	0	0
1	1	UID211856	1	1	0	0
1	1	UID211858	1	1	0	0
1	1	UID211859	1	1	0	0
1	1	UID211861	1	1	0	0
2	2	UID211864	1	2	1	1
1	1	UID211865	1	1	0	0
1	1	UID211870	1	1	0	0
1	1	UID211872	1	1	0	0
1	1	UID211873	1	1	0	0
1	1	UID211877	1	1	0	0
1	1	UID211879	1	1	0	0
1	1	UID211881	1	1	0	0
1	1	UID211882	1	1	0	0
1	1	UID211887	1	1	0	0
1	1	UID211890	1	1	0	0
1	1	UID211891	1	1	0	0
1	1	UID211893	1	1	0	0
1	1	UID211895	1	1	0	0
1	1	UID211896	1	1	0	0
1	1	UID211897	1	1	0	0
1	1	UID211899	1	1	0	0
1	1	UID211900	1	1	0	0
1	1	UID211909	1	1	0	0
2	2	UID211910	1	2	1	1
1	1	UID211911	1	1	0	0
1	1	UID211912	1	1	0	0
1	1	UID211929	1	1	0	0
1	1	UID211945	1	1	0	0
1	1	UID211954	1	1	0	0
1	1	UID211971	1	1	0	0
1	1	UID211972	1	1	0	0
1	1	UID211973	1	1	0	0
1	1	UID211974	1	1	0	0
1	1	UID211981	1	1	0	0
1	1	UID211985	1	1	0	0
1	1	UID211986	1	1	0	0
1	1	UID211987	1	1	0	0
1	1	UID211988	1	1	0	0
1	1	UID211989	1	1	0	0
1	1	UID211990	1	1	0	0
1	1	UID211991	1	1	0	0
1	1	UID211992	1	1	0	0
1	1	UID211994	1	1	0	0
1	1	UID211995	1	1	0	0
1	1	UID211998	1	1	0	0
1	1	UID211999	1	1	0	0
1	1	UID212000	1	1	0	0
1	1	UID212002	1	1	0	0
1	1	UID212003	1	1	0	0
1	1	UID212011	1	1	0	0
1	1	UID212012	1	1	0	0
1	1	UID212016	1	1	0	0
1	1	UID212019	1	1	0	0
1	1	UID212020	1	1	0	0
1	1	UID212021	1	1	0	0
1	1	UID212022	1	1	0	0
1	1	UID212025	1	1	0	0
1	1	UID212027	1	1	0	0
1	1	UID212028	1	1	0	0
1	1	UID212030	1	1	0	0
1	1	UID212031	1	1	0	0
1	1	UID212032	1	1	0	0
1	1	UID212039	1	1	0	0
1	1	UID212040	1	1	0	0
1	1	UID212041	1	1	0	0
1	1	UID212042	1	1	0	0
1	1	UID212046	1	1	0	0
1	1	UID212047	1	1	0	0
1	1	UID212050	1	1	0	0
1	1	UID212051	1	1	0	0
1	1	UID212058	1	1	0	0
1	1	UID212061	1	1	0	0
1	1	UID212066	1	1	0	0
1	1	UID212068	1	1	0	0
1	1	UID212069	1	1	0	0
1	1	UID212073	1	1	0	0
1	1	UID212074	1	1	0	0
1	1	UID212076	1	1	0	0
2	2	UID212077	1	2	1	1
1	1	UID212078	1	1	0	0
1	1	UID212090	1	1	0	0
1	1	UID212091	1	1	0	0
1	1	UID212093	1	1	0	0
1	1	UID212095	1	1	0	0
1	1	UID212098	1	1	0	0
1	1	UID212100	1	1	0	0
1	1	UID212109	1	1	0	0
1	1	UID212112	1	1	0	0
1	1	UID212153	1	1	0	0
1	1	UID212164	1	1	0	0
1	1	UID212165	1	1	0	0
1	1	UID212166	1	1	0	0
1	1	UID212173	1	1	0	0
1	1	UID212176	1	1	0	0
1	1	UID212177	1	1	0	0
1	1	UID212180	1	1	0	0
1	1	UID212184	1	1	0	0
1	1	UID212192	1	1	0	0
1	1	UID212193	1	1	0	0
1	1	UID212194	1	1	0	0
1	1	UID212195	1	1	0	0
1	1	UID212197	1	1	0	0
1	1	UID212205	1	1	0	0
2	2	UID212207	1	2	1	1
1	1	UID212210	1	1	0	0
1	1	UID212212	1	1	0	0
1	1	UID212213	1	1	0	0
1	1	UID212215	1	1	0	0
1	1	UID212216	1	1	0	0
1	1	UID212217	1	1	0	0
1	1	UID212226	1	1	0	0
1	1	UID212231	1	1	0	0
1	1	UID212232	1	1	0	0
1	1	UID212233	1	1	0	0
1	1	UID212237	1	1	0	0
1	1	UID212239	1	1	0	0
1	1	UID212240	1	1	0	0
1	1	UID212241	1	1	0	0
1	1	UID212246	1	1	0	0
5	5	UID212248	1	5	2	2
1	1	UID212257	1	1	0	0
1	1	UID212259	1	1	0	0
1	1	UID212261	1	1	0	0
1	1	UID212265	1	1	0	0
1	1	UID212267	1	1	0	0
2	2	UID212270	1	2	1	1
1	1	UID212272	1	1	0	0
1	1	UID212279	1	1	0	0
1	1	UID212284	1	1	0	0
1	1	UID212286	1	1	0	0
4	4	UID212288	1	4	2	2
1	1	UID212289	1	1	0	0
1	1	UID212293	1	1	0	0
1	1	UID212294	1	1	0	0
1	1	UID212302	1	1	0	0
1	1	UID212303	1	1	0	0
1	1	UID212306	1	1	0	0
1	1	UID212312	1	1	0	0
1	1	UID212319	1	1	0	0
1	1	UID212321	1	1	0	0
1	1	UID212331	1	1	0	0
1	1	UID212374	1	1	0	0
1	1	UID212377	1	1	0	0
1	1	UID212379	1	1	0	0
1	1	UID212380	1	1	0	0
1	1	UID212381	1	1	0	0
1	1	UID212383	1	1	0	0
2	2	UID212384	1	2	1	1
1	1	UID212386	1	1	0	0
1	1	UID212387	1	1	0	0
1	1	UID212398	1	1	0	0
1	1	UID212399	1	1	0	0
1	1	UID212408	1	1	0	0
1	1	UID212412	1	1	0	0
1	1	UID212418	1	1	0	0
1	1	UID212420	1	1	0	0
1	1	UID212434	1	1	0	0
1	1	UID212443	1	1	0	0
1	1	UID212464	1	1	0	0
1	1	UID212499	1	1	0	0
1	1	UID212500	1	1	0	0
1	1	UID212506	1	1	0	0
1	1	UID212510	1	1	0	0
1	1	UID212511	1	1	0	0
1	1	UID212513	1	1	0	0
1	1	UID212519	1	1	0	0
1	1	UID212524	1	1	0	0
1	1	UID212526	1	1	0	0
1	1	UID212527	1	1	0	0
1	1	UID212541	1	1	0	0
1	1	UID212545	1	1	0	0
1	1	UID212547	1	1	0	0
1	1	UID212548	1	1	0	0
1	1	UID212550	1	1	0	0
1	1	UID212551	1	1	0	0
1	1	UID212552	1	1	0	0
1	1	UID212553	1	1	0	0
1	1	UID212554	1	1	0	0
1	1	UID212558	1	1	0	0
1	1	UID212559	1	1	0	0
1	1	UID212561	1	1	0	0
1	1	UID212566	1	1	0	0
1	1	UID212568	1	1	0	0
1	1	UID212573	1	1	0	0
1	1	UID212575	1	1	0	0
1	1	UID212586	1	1	0	0
1	1	UID212588	1	1	0	0
1	1	UID212589	1	1	0	0
1	1	UID212591	1	1	0	0
1	1	UID212592	1	1	0	0
1	1	UID212593	1	1	0	0
1	1	UID212595	1	1	0	0
2	2	UID212598	1	2	1	1
1	1	UID212601	1	1	0	0
1	1	UID212602	1	1	0	0
1	1	UID212604	1	1	0	0
1	1	UID212608	1	1	0	0
1	1	UID212609	1	1	0	0
1	1	UID212611	1	1	0	0
1	1	UID212612	1	1	0	0
1	1	UID212613	1	1	0	0
1	1	UID212615	1	1	0	0
1	1	UID212616	1	1	0	0
1	1	UID212619	1	1	0	0
1	1	UID212623	1	1	0	0
1	1	UID212632	1	1	0	0
1	1	UID212644	1	1	0	0
1	1	UID212646	1	1	0	0
1	1	UID212647	1	1	0	0
1	1	UID212648	1	1	0	0
1	1	UID212654	1	1	0	0
1	1	UID212655	1	1	0	0
1	1	UID212661	1	1	0	0
1	1	UID212662	1	1	0	0
1	1	UID212668	1	1	0	0
1	1	UID212675	1	1	0	0
1	1	UID212676	1	1	0	0
1	1	UID212677	1	1	0	0
1	1	UID212682	1	1	0	0
1	1	UID212683	1	1	0	0
1	1	UID212688	1	1	0	0
1	1	UID212690	1	1	0	0
1	1	UID212691	1	1	0	0
1	1	UID212694	1	1	0	0
1	1	UID212697	1	1	0	0
1	1	UID212698	1	1	0	0
1	1	UID212699	1	1	0	0
1	1	UID212700	1	1	0	0
1	1	UID212701	1	1	0	0
1	1	UID212702	1	1	0	0
1	1	UID212704	1	1	0	0
1	1	UID212710	1	1	0	0
1	1	UID212717	1	1	0	0
1	1	UID212718	1	1	0	0
1	1	UID212721	1	1	0	0
1	1	UID212722	1	1	0	0
1	1	UID212724	1	1	0	0
1	1	UID212726	1	1	0	0
1	1	UID212728	1	1	0	0
1	1	UID212733	1	1	0	0
1	1	UID212737	1	1	0	0
1	1	UID212738	1	1	0	0
1	1	UID212739	1	1	0	0
1	1	UID212752	1	1	0	0
1	1	UID212753	1	1	0	0
1	1	UID212754	1	1	0	0
1	1	UID212760	1	1	0	0
1	1	UID212761	1	1	0	0
3	3	UID212762	1	3	2	2
1	1	UID212763	1	1	0	0
1	1	UID212768	1	1	0	0
2	2	UID212769	1	2	1	1
2	2	UID212771	1	2	1	1
1	1	UID212772	1	1	0	0
1	1	UID212773	1	1	0	0
1	1	UID212774	1	1	0	0
1	1	UID212776	1	1	0	0
1	1	UID212777	1	1	0	0
1	1	UID212779	1	1	0	0
1	1	UID212780	1	1	0	0
1	1	UID212782	1	1	0	0
1	1	UID212783	1	1	0	0
1	1	UID212784	1	1	0	0
1	1	UID212786	1	1	0	0
1	1	UID212789	1	1	0	0
2	2	UID212790	1	2	1	1
1	1	UID212805	1	1	0	0
1	1	UID212809	1	1	0	0
1	1	UID212810	1	1	0	0
1	1	UID212811	1	1	0	0
1	1	UID212814	1	1	0	0
1	1	UID212818	1	1	0	0
1	1	UID212820	1	1	0	0
1	1	UID212822	1	1	0	0
1	1	UID212823	1	1	0	0
1	1	UID212824	1	1	0	0
2	2	UID212825	1	2	1	1
1	1	UID212827	1	1	0	0
1	1	UID212828	1	1	0	0
1	1	UID212829	1	1	0	0
1	1	UID212832	1	1	0	0
1	1	UID212836	1	1	0	0
1	1	UID212837	1	1	0	0
1	1	UID212841	1	1	0	0
1	1	UID212843	1	1	0	0
1	1	UID212844	1	1	0	0
1	1	UID212847	1	1	0	0
1	1	UID212853	1	1	0	0
1	1	UID212854	1	1	0	0
1	1	UID212865	1	1	0	0
1	1	UID212869	1	1	0	0
1	1	UID212870	1	1	0	0
1	1	UID212872	1	1	0	0
1	1	UID212874	1	1	0	0
1	1	UID212875	1	1	0	0
1	1	UID212878	1	1	0	0
1	1	UID212879	1	1	0	0
1	1	UID212880	1	1	0	0
1	1	UID212881	1	1	0	0
1	1	UID212882	1	1	0	0
1	1	UID212883	1	1	0	0
1	1	UID212885	1	1	0	0
1	1	UID212886	1	1	0	0
1	1	UID212887	1	1	0	0
1	1	UID212888	1	1	0	0
1	1	UID212889	1	1	0	0
1	1	UID212891	1	1	0	0
1	1	UID212892	1	1	0	0
1	1	UID212893	1	1	0	0
1	1	UID212895	1	1	0	0
1	1	UID212897	1	1	0	0
1	1	UID212898	1	1	0	0
1	1	UID212899	1	1	0	0
1	1	UID212903	1	1	0	0
1	1	UID212905	1	1	0	0
1	1	UID212906	1	1	0	0
1	1	UID212908	1	1	0	0
1	1	UID212909	1	1	0	0
1	1	UID212910	1	1	0	0
1	1	UID212911	1	1	0	0
1	1	UID212914	1	1	0	0
1	1	UID212915	1	1	0	0
1	1	UID212920	1	1	0	0
1	1	UID212931	1	1	0	0
1	1	UID212932	1	1	0	0
1	1	UID212933	1	1	0	0
1	1	UID212934	1	1	0	0
1	1	UID212935	1	1	0	0
1	1	UID212936	1	1	0	0
1	1	UID212937	1	1	0	0
1	1	UID212941	1	1	0	0
1	1	UID212945	1	1	0	0
1	1	UID212946	1	1	0	0
1	1	UID212948	1	1	0	0
1	1	UID212949	1	1	0	0
1	1	UID212952	1	1	0	0
1	1	UID212959	1	1	0	0
1	1	UID212965	1	1	0	0
1	1	UID212968	1	1	0	0
1	1	UID212971	1	1	0	0
1	1	UID212972	1	1	0	0
1	1	UID212973	1	1	0	0
1	1	UID212974	1	1	0	0
1	1	UID212978	1	1	0	0
1	1	UID212979	1	1	0	0
1	1	UID212987	1	1	0	0
1	1	UID212988	1	1	0	0
1	1	UID212993	1	1	0	0
1	1	UID212997	1	1	0	0
1	1	UID212998	1	1	0	0
1	1	UID213001	1	1	0	0
1	1	UID213003	1	1	0	0
1	1	UID213005	1	1	0	0
1	1	UID213006	1	1	0	0
1	1	UID213010	1	1	0	0
1	1	UID213014	1	1	0	0
1	1	UID213015	1	1	0	0
1	1	UID213019	1	1	0	0
1	1	UID213021	1	1	0	0
1	1	UID213028	1	1	0	0
1	1	UID213034	1	1	0	0
1	1	UID213035	1	1	0	0
1	1	UID213037	1	1	0	0
1	1	UID213042	1	1	0	0
1	1	UID213043	1	1	0	0
1	1	UID213048	1	1	0	0
1	1	UID213054	1	1	0	0
1	1	UID213055	1	1	0	0
1	1	UID213058	1	1	0	0
1	1	UID213059	1	1	0	0
1	1	UID213061	1	1	0	0
1	1	UID213062	1	1	0	0
1	1	UID213064	1	1	0	0
1	1	UID213066	1	1	0	0
1	1	UID213076	1	1	0	0
1	1	UID213077	1	1	0	0
1	1	UID213079	1	1	0	0
1	1	UID213088	1	1	0	0
1	1	UID213089	1	1	0	0
1	1	UID213093	1	1	0	0
1	1	UID213097	1	1	0	0
1	1	UID213099	1	1	0	0
1	1	UID213103	1	1	0	0
1	1	UID213124	1	1	0	0
1	1	UID213125	1	1	0	0
1	1	UID213129	1	1	0	0
1	1	UID213130	1	1	0	0
1	1	UID213134	1	1	0	0
1	1	UID213135	1	1	0	0
1	1	UID213136	1	1	0	0
1	1	UID213138	1	1	0	0
1	1	UID213142	1	1	0	0
1	1	UID213143	1	1	0	0
1	1	UID213144	1	1	0	0
1	1	UID213146	1	1	0	0
1	1	UID213147	1	1	0	0
1	1	UID213150	1	1	0	0
1	1	UID213153	1	1	0	0
1	1	UID213155	1	1	0	0
1	1	UID213156	1	1	0	0
1	1	UID213161	1	1	0	0
1	1	UID213167	1	1	0	0
1	1	UID213174	1	1	0	0
1	1	UID213176	1	1	0	0
1	1	UID213178	1	1	0	0
1	1	UID213186	1	1	0	0
1	1	UID213189	1	1	0	0
1	1	UID213195	1	1	0	0
1	1	UID213199	1	1	0	0
1	1	UID213200	1	1	0	0
1	1	UID213201	1	1	0	0
1	1	UID213208	1	1	0	0
1	1	UID213212	1	1	0	0
1	1	UID213214	1	1	0	0
1	1	UID213221	1	1	0	0
1	1	UID213222	1	1	0	0
1	1	UID213224	1	1	0	0
1	1	UID213225	1	1	0	0
1	1	UID213228	1	1	0	0
1	1	UID213229	1	1	0	0
1	1	UID213230	1	1	0	0
1	1	UID213234	1	1	0	0
1	1	UID213265	1	1	0	0
1	1	UID213266	1	1	0	0
1	1	UID213276	1	1	0	0
1	1	UID213279	1	1	0	0
1	1	UID213280	1	1	0	0
1	1	UID213281	1	1	0	0
1	1	UID213286	1	1	0	0
1	1	UID213288	1	1	0	0
1	1	UID213294	1	1	0	0
1	1	UID213296	1	1	0	0
1	1	UID213303	1	1	0	0
1	1	UID213304	1	1	0	0
1	1	UID213306	1	1	0	0
1	1	UID213316	1	1	0	0
1	1	UID213318	1	1	0	0
1	1	UID213323	1	1	0	0
1	1	UID213327	1	1	0	0
1	1	UID213332	1	1	0	0
1	1	UID213333	1	1	0	0
1	1	UID213341	1	1	0	0
1	1	UID213342	1	1	0	0
1	1	UID213345	1	1	0	0
1	1	UID213357	1	1	0	0
1	1	UID213381	1	1	0	0
1	1	UID213382	1	1	0	0
1	1	UID213389	1	1	0	0
1	1	UID213390	1	1	0	0
1	1	UID213394	1	1	0	0
1	1	UID213401	1	1	0	0
1	1	UID213405	1	1	0	0
1	1	UID213406	1	1	0	0
1	1	UID213408	1	1	0	0
1	1	UID213412	1	1	0	0
1	1	UID213419	1	1	0	0
1	1	UID213421	1	1	0	0
1	1	UID213426	1	1	0	0
1	1	UID213427	1	1	0	0
1	1	UID213428	1	1	0	0
1	1	UID213443	1	1	0	0
1	1	UID213455	1	1	0	0
1	1	UID213461	1	1	0	0
1	1	UID213469	1	1	0	0
1	1	UID213478	1	1	0	0
1	1	UID213481	1	1	0	0
1	1	UID213483	1	1	0	0
1	1	UID213497	1	1	0	0
1	1	UID213498	1	1	0	0
1	1	UID213499	1	1	0	0
1	1	UID213500	1	1	0	0
1	1	UID213501	1	1	0	0
1	1	UID213504	1	1	0	0
1	1	UID213505	1	1	0	0
1	1	UID213513	1	1	0	0
1	1	UID213519	1	1	0	0
1	1	UID213543	1	1	0	0
1	1	UID213549	1	1	0	0
1	1	UID213553	1	1	0	0
1	1	UID213569	1	1	0	0
1	1	UID213571	1	1	0	0
1	1	UID213572	1	1	0	0
1	1	UID213574	1	1	0	0
1	1	UID213607	1	1	0	0
1	1	UID213614	1	1	0	0
1	1	UID213616	1	1	0	0
1	1	UID213635	1	1	0	0
1	1	UID213636	1	1	0	0
1	1	UID213639	1	1	0	0
1	1	UID213640	1	1	0	0
1	1	UID213650	1	1	0	0
1	1	UID213654	1	1	0	0
1	1	UID213660	1	1	0	0
1	1	UID213661	1	1	0	0
1	1	UID213664	1	1	0	0
1	1	UID213668	1	1	0	0
1	1	UID213669	1	1	0	0
1	1	UID213670	1	1	0	0
1	1	UID213671	1	1	0	0
1	1	UID213680	1	1	0	0
1	1	UID213691	1	1	0	0
1	1	UID213697	1	1	0	0
1	1	UID213702	1	1	0	0
1	1	UID213707	1	1	0	0
1	1	UID213709	1	1	0	0
1	1	UID213710	1	1	0	0
1	1	UID213711	1	1	0	0
1	1	UID213713	1	1	0	0
1	1	UID213714	1	1	0	0
1	1	UID213718	1	1	0	0
1	1	UID213720	1	1	0	0
1	1	UID213724	1	1	0	0
1	1	UID213725	1	1	0	0
1	1	UID213727	1	1	0	0
1	1	UID213735	1	1	0	0
1	1	UID213736	1	1	0	0
1	1	UID213737	1	1	0	0
1	1	UID213741	1	1	0	0
1	1	UID213744	1	1	0	0
1	1	UID213745	1	1	0	0
1	1	UID213748	1	1	0	0
1	1	UID213749	1	1	0	0
1	1	UID213752	1	1	0	0
1	1	UID213758	1	1	0	0
1	1	UID213760	1	1	0	0
1	1	UID213789	1	1	0	0
1	1	UID213792	1	1	0	0
1	1	UID213793	1	1	0	0
1	1	UID213797	1	1	0	0
1	1	UID213801	1	1	0	0
1	1	UID213803	1	1	0	0
1	1	UID213805	1	1	0	0
1	1	UID213816	1	1	0	0
1	1	UID213821	1	1	0	0
1	1	UID213823	1	1	0	0
1	1	UID213831	1	1	0	0
1	1	UID213842	1	1	0	0
1	1	UID213851	1	1	0	0
1	1	UID213859	1	1	0	0
1	1	UID213862	1	1	0	0
1	1	UID213872	1	1	0	0
1	1	UID213887	1	1	0	0
1	1	UID213888	1	1	0	0
1	1	UID213889	1	1	0	0
1	1	UID213895	1	1	0	0
1	1	UID213898	1	1	0	0
1	1	UID213906	1	1	0	0
1	1	UID213908	1	1	0	0
1	1	UID213914	1	1	0	0
1	1	UID213933	1	1	0	0
1	1	UID213937	1	1	0	0
1	1	UID213939	1	1	0	0
1	1	UID213940	1	1	0	0
1	1	UID213946	1	1	0	0
1	1	UID213949	1	1	0	0
1	1	UID213953	1	1	0	0
1	1	UID213955	1	1	0	0
1	1	UID213957	1	1	0	0
1	1	UID213961	1	1	0	0
1	1	UID213972	1	1	0	0
1	1	UID213973	1	1	0	0
1	1	UID213981	1	1	0	0
1	1	UID213984	1	1	0	0
1	1	UID213985	1	1	0	0
1	1	UID213998	1	1	0	0
1	1	UID214001	1	1	0	0
1	1	UID214002	1	1	0	0
1	1	UID214003	1	1	0	0
1	1	UID214013	1	1	0	0
1	1	UID214020	1	1	0	0
1	1	UID214059	1	1	0	0
1	1	UID214061	1	1	0	0
1	1	UID214071	1	1	0	0
1	1	UID214075	1	1	0	0
1	1	UID214076	1	1	0	0
1	1	UID214082	1	1	0	0
1	1	UID214083	1	1	0	0
1	1	UID214084	1	1	0	0
1	1	UID214086	1	1	0	0
1	1	UID214090	1	1	0	0
1	1	UID214092	1	1	0	0
1	1	UID214098	1	1	0	0
1	1	UID214099	1	1	0	0
1	1	UID214101	1	1	0	0
1	1	UID214103	1	1	0	0
1	1	UID214105	1	1	0	0
1	1	UID214109	1	1	0	0
1	1	UID214110	1	1	0	0
1	1	UID214111	1	1	0	0
1	1	UID214121	1	1	0	0
1	1	UID214126	1	1	0	0
1	1	UID214134	1	1	0	0
1	1	UID214137	1	1	0	0
1	1	UID214157	1	1	0	0
1	1	UID214163	1	1	0	0
1	1	UID214167	1	1	0	0
1	1	UID214172	1	1	0	0
1	1	UID214174	1	1	0	0
1	1	UID214177	1	1	0	0
1	1	UID214179	1	1	0	0
1	1	UID214180	1	1	0	0
1	1	UID214184	1	1	0	0
1	1	UID214185	1	1	0	0
1	1	UID214190	1	1	0	0
1	1	UID214191	1	1	0	0
1	1	UID214195	1	1	0	0
1	1	UID214197	1	1	0	0
1	1	UID214201	1	1	0	0
1	1	UID214202	1	1	0	0
1	1	UID214203	1	1	0	0
1	1	UID214207	1	1	0	0
1	1	UID214215	1	1	0	0
1	1	UID214221	1	1	0	0
1	1	UID214271	1	1	0	0
1	1	UID214284	1	1	0	0
1	1	UID214293	1	1	0	0
1	1	UID214301	1	1	0	0
1	1	UID214310	1	1	0	0
1	1	UID214312	1	1	0	0
1	1	UID214316	1	1	0	0
1	1	UID214318	1	1	0	0
1	1	UID214323	1	1	0	0
1	1	UID214325	1	1	0	0
1	1	UID214326	1	1	0	0
1	1	UID214327	1	1	0	0
1	1	UID214328	1	1	0	0
1	1	UID214329	1	1	0	0
1	1	UID214332	1	1	0	0
1	1	UID214339	1	1	0	0
1	1	UID214341	1	1	0	0
1	1	UID214346	1	1	0	0
1	1	UID214347	1	1	0	0
1	1	UID214348	1	1	0	0
1	1	UID214349	1	1	0	0
1	1	UID214350	1	1	0	0
1	1	UID214352	1	1	0	0
1	1	UID214353	1	1	0	0
1	1	UID214359	1	1	0	0
1	1	UID214364	1	1	0	0
1	1	UID214372	1	1	0	0
1	1	UID214377	1	1	0	0
1	1	UID214396	1	1	0	0
1	1	UID214400	1	1	0	0
1	1	UID214406	1	1	0	0
1	1	UID214411	1	1	0	0
1	1	UID214413	1	1	0	0
1	1	UID214414	1	1	0	0
1	1	UID214418	1	1	0	0
1	1	UID214420	1	1	0	0
1	1	UID214423	1	1	0	0
1	1	UID214424	1	1	0	0
1	1	UID214425	1	1	0	0
1	1	UID214429	1	1	0	0
1	1	UID214430	1	1	0	0
1	1	UID214437	1	1	0	0
1	1	UID214439	1	1	0	0
1	1	UID214443	1	1	0	0
1	1	UID214447	1	1	0	0
1	1	UID214464	1	1	0	0
1	1	UID214466	1	1	0	0
1	1	UID214483	1	1	0	0
1	1	UID214484	1	1	0	0
1	1	UID214487	1	1	0	0
1	1	UID214488	1	1	0	0
1	1	UID214493	1	1	0	0
1	1	UID214494	1	1	0	0
1	1	UID214497	1	1	0	0
1	1	UID214499	1	1	0	0
1	1	UID214504	1	1	0	0
1	1	UID214505	1	1	0	0
1	1	UID214506	1	1	0	0
1	1	UID214508	1	1	0	0
1	1	UID214509	1	1	0	0
1	1	UID214510	1	1	0	0
1	1	UID214512	1	1	0	0
1	1	UID214513	1	1	0	0
1	1	UID214516	1	1	0	0
1	1	UID214517	1	1	0	0
1	1	UID214520	1	1	0	0
1	1	UID214522	1	1	0	0
1	1	UID214523	1	1	0	0
1	1	UID214524	1	1	0	0
1	1	UID214525	1	1	0	0
1	1	UID214526	1	1	0	0
1	1	UID214528	1	1	0	0
1	1	UID214534	1	1	0	0
1	1	UID214535	1	1	0	0
1	1	UID214536	1	1	0	0
1	1	UID214538	1	1	0	0
1	1	UID214541	1	1	0	0
1	1	UID214542	1	1	0	0
1	1	UID214545	1	1	0	0
1	1	UID214546	1	1	0	0
1	1	UID214547	1	1	0	0
1	1	UID214549	1	1	0	0
1	1	UID214550	1	1	0	0
1	1	UID214560	1	1	0	0
1	1	UID214562	1	1	0	0
1	1	UID214566	1	1	0	0
1	1	UID214569	1	1	0	0
1	1	UID214575	1	1	0	0
1	1	UID214577	1	1	0	0
1	1	UID214581	1	1	0	0
1	1	UID214584	1	1	0	0
1	1	UID214606	1	1	0	0
1	1	UID214608	1	1	0	0
1	1	UID214618	1	1	0	0
1	1	UID214620	1	1	0	0
1	1	UID214621	1	1	0	0
1	1	UID214627	1	1	0	0
1	1	UID214628	1	1	0	0
1	1	UID214635	1	1	0	0
1	1	UID214636	1	1	0	0
1	1	UID214637	1	1	0	0
1	1	UID214638	1	1	0	0
1	1	UID214651	1	1	0	0
1	1	UID214654	1	1	0	0
1	1	UID214656	1	1	0	0
1	1	UID214661	1	1	0	0
1	1	UID214663	1	1	0	0
1	1	UID214667	1	1	0	0
1	1	UID214668	1	1	0	0
1	1	UID214669	1	1	0	0
1	1	UID214683	1	1	0	0
1	1	UID214689	1	1	0	0
1	1	UID214697	1	1	0	0
1	1	UID214702	1	1	0	0
1	1	UID214705	1	1	0	0
1	1	UID214713	1	1	0	0
1	1	UID214718	1	1	0	0
1	1	UID214720	1	1	0	0
1	1	UID214721	1	1	0	0
1	1	UID214722	1	1	0	0
1	1	UID214724	1	1	0	0
1	1	UID214726	1	1	0	0
1	1	UID214727	1	1	0	0
1	1	UID214728	1	1	0	0
1	1	UID214729	1	1	0	0
1	1	UID214733	1	1	0	0
1	1	UID214734	1	1	0	0
1	1	UID214737	1	1	0	0
1	1	UID214739	1	1	0	0
1	1	UID214741	1	1	0	0
1	1	UID214752	1	1	0	0
1	1	UID214753	1	1	0	0
1	1	UID214757	1	1	0	0
1	1	UID214775	1	1	0	0
1	1	UID214783	1	1	0	0
1	1	UID214792	1	1	0	0
1	1	UID214804	1	1	0	0
1	1	UID214806	1	1	0	0
1	1	UID214819	1	1	0	0
1	1	UID214844	1	1	0	0
1	1	UID214845	1	1	0	0
1	1	UID214846	1	1	0	0
1	1	UID214847	1	1	0	0
1	1	UID214853	1	1	0	0
1	1	UID214857	1	1	0	0
1	1	UID214859	1	1	0	0
1	1	UID214860	1	1	0	0
1	1	UID214861	1	1	0	0
1	1	UID214862	1	1	0	0
1	1	UID214863	1	1	0	0
1	1	UID214867	1	1	0	0
1	1	UID214868	1	1	0	0
1	1	UID214872	1	1	0	0
1	1	UID214874	1	1	0	0
1	1	UID214881	1	1	0	0
1	1	UID214882	1	1	0	0
1	1	UID214885	1	1	0	0
1	1	UID214886	1	1	0	0
1	1	UID214888	1	1	0	0
1	1	UID214889	1	1	0	0
1	1	UID214893	1	1	0	0
1	1	UID214899	1	1	0	0
6	6	UID214900	1	6	2	2
1	1	UID214901	1	1	0	0
1	1	UID214903	1	1	0	0
1	1	UID214905	1	1	0	0
1	1	UID214906	1	1	0	0
1	1	UID214909	1	1	0	0
8	8	UID214912	1	8	2	2
1	1	UID214913	1	1	0	0
1	1	UID214916	1	1	0	0
1	1	UID214917	1	1	0	0
1	1	UID214923	1	1	0	0
1	1	UID214924	1	1	0	0
1	1	UID214925	1	1	0	0
1	1	UID214930	1	1	0	0
1	1	UID214932	1	1	0	0
1	1	UID214934	1	1	0	0
1	1	UID214935	1	1	0	0
1	1	UID214936	1	1	0	0
1	1	UID214938	1	1	0	0
1	1	UID214943	1	1	0	0
1	1	UID214954	1	1	0	0
1	1	UID214956	1	1	0	0
1	1	UID214962	1	1	0	0
1	1	UID214965	1	1	0	0
2	2	UID214967	1	2	1	1
1	1	UID214981	1	1	0	0
1	1	UID214982	1	1	0	0
1	1	UID214990	1	1	0	0
1	1	UID214991	1	1	0	0
1	1	UID214993	1	1	0	0
1	1	UID214994	1	1	0	0
1	1	UID214996	1	1	0	0
9	9	UID214997	1	9	2	2
1	1	UID214998	1	1	0	0
1	1	UID215001	1	1	0	0
1	1	UID215007	1	1	0	0
1	1	UID215008	1	1	0	0
1	1	UID215009	1	1	0	0
1	1	UID215010	1	1	0	0
1	1	UID215011	1	1	0	0
2	2	UID215012	1	2	1	1
1	1	UID215014	1	1	0	0
1	1	UID215017	1	1	0	0
1	1	UID215018	1	1	0	0
1	1	UID215023	1	1	0	0
1	1	UID215024	1	1	0	0
1	1	UID215025	1	1	0	0
1	1	UID215028	1	1	0	0
1	1	UID215029	1	1	0	0
1	1	UID215031	1	1	0	0
1	1	UID215032	1	1	0	0
1	1	UID215036	1	1	0	0
1	1	UID215040	1	1	0	0
1	1	UID215041	1	1	0	0
1	1	UID215042	1	1	0	0
1	1	UID215043	1	1	0	0
1	1	UID215045	1	1	0	0
1	1	UID215046	1	1	0	0
1	1	UID215048	1	1	0	0
1	1	UID215049	1	1	0	0
2	2	UID215050	1	2	1	1
1	1	UID215052	1	1	0	0
1	1	UID215055	1	1	0	0
1	1	UID215056	1	1	0	0
1	1	UID215058	1	1	0	0
1	1	UID215059	1	1	0	0
1	1	UID215060	1	1	0	0
1	1	UID215061	1	1	0	0
1	1	UID215062	1	1	0	0
1	1	UID215065	1	1	0	0
1	1	UID215067	1	1	0	0
1	1	UID215069	1	1	0	0
1	1	UID215070	1	1	0	0
1	1	UID215073	1	1	0	0
1	1	UID215082	1	1	0	0
1	1	UID215083	1	1	0	0
1	1	UID215084	1	1	0	0
1	1	UID215086	1	1	0	0
1	1	UID215087	1	1	0	0
1	1	UID215088	1	1	0	0
1	1	UID215090	1	1	0	0
1	1	UID215095	1	1	0	0
2	2	UID215101	1	2	1	1
1	1	UID215103	1	1	0	0
1	1	UID215104	1	1	0	0
2	2	UID215105	1	2	1	1
1	1	UID215115	1	1	0	0
1	1	UID215124	1	1	0	0
1	1	UID215129	1	1	0	0
1	1	UID215133	1	1	0	0
1	1	UID215139	1	1	0	0
1	1	UID215143	1	1	0	0
1	1	UID215144	1	1	0	0
1	1	UID215148	1	1	0	0
1	1	UID215150	1	1	0	0
1	1	UID215151	1	1	0	0
1	1	UID215153	1	1	0	0
1	1	UID215155	1	1	0	0
1	1	UID215156	1	1	0	0
1	1	UID215158	1	1	0	0
1	1	UID215159	1	1	0	0
1	1	UID215160	1	1	0	0
1	1	UID215161	1	1	0	0
5	5	UID215164	1	5	2	2
1	1	UID215166	1	1	0	0
1	1	UID215167	1	1	0	0
1	1	UID215169	1	1	0	0
1	1	UID215182	1	1	0	0
1	1	UID215184	1	1	0	0
1	1	UID215188	1	1	0	0
1	1	UID215190	1	1	0	0
2	2	UID215191	1	2	1	1
1	1	UID215210	1	1	0	0
1	1	UID215218	1	1	0	0
1	1	UID215220	1	1	0	0
1	1	UID215224	1	1	0	0
1	1	UID215225	1	1	0	0
1	1	UID215234	1	1	0	0
1	1	UID215236	1	1	0	0
1	1	UID215242	1	1	0	0
1	1	UID215246	1	1	0	0
1	1	UID215249	1	1	0	0
1	1	UID215250	1	1	0	0
1	1	UID215251	1	1	0	0
1	1	UID215252	1	1	0	0
1	1	UID215254	1	1	0	0
1	1	UID215255	1	1	0	0
1	1	UID215257	1	1	0	0
2	2	UID215258	1	2	1	1
1	1	UID215259	1	1	0	0
1	1	UID215260	1	1	0	0
1	1	UID215269	1	1	0	0
2	2	UID215270	1	2	1	1
1	1	UID215272	1	1	0	0
1	1	UID215273	1	1	0	0
1	1	UID215274	1	1	0	0
1	1	UID215275	1	1	0	0
1	1	UID215276	1	1	0	0
1	1	UID215277	1	1	0	0
1	1	UID215278	1	1	0	0
1	1	UID215280	1	1	0	0
1	1	UID215285	1	1	0	0
1	1	UID215289	1	1	0	0
1	1	UID215290	1	1	0	0
1	1	UID215291	1	1	0	0
1	1	UID215294	1	1	0	0
1	1	UID215295	1	1	0	0
1	1	UID215296	1	1	0	0
1	1	UID215297	1	1	0	0
1	1	UID215305	1	1	0	0
1	1	UID215306	1	1	0	0
1	1	UID215308	1	1	0	0
1	1	UID215309	1	1	0	0
1	1	UID215314	1	1	0	0
1	1	UID215318	1	1	0	0
1	1	UID215326	1	1	0	0
1	1	UID215328	1	1	0	0
1	1	UID215330	1	1	0	0
1	1	UID215332	1	1	0	0
1	1	UID215334	1	1	0	0
1	1	UID215336	1	1	0	0
1	1	UID215337	1	1	0	0
1	1	UID215341	1	1	0	0
1	1	UID215342	1	1	0	0
1	1	UID215343	1	1	0	0
1	1	UID215346	1	1	0	0
1	1	UID215347	1	1	0	0
1	1	UID215348	1	1	0	0
1	1	UID215349	1	1	0	0
1	1	UID215352	1	1	0	0
1	1	UID215357	1	1	0	0
1	1	UID215358	1	1	0	0
1	1	UID215366	1	1	0	0
1	1	UID215367	1	1	0	0
1	1	UID215373	1	1	0	0
1	1	UID215380	1	1	0	0
1	1	UID215382	1	1	0	0
1	1	UID215383	1	1	0	0
1	1	UID215388	1	1	0	0
1	1	UID215392	1	1	0	0
1	1	UID215393	1	1	0	0
1	1	UID215394	1	1	0	0
1	1	UID215396	1	1	0	0
1	1	UID215399	1	1	0	0
1	1	UID215400	1	1	0	0
1	1	UID215401	1	1	0	0
1	1	UID215405	1	1	0	0
1	1	UID215407	1	1	0	0
1	1	UID215408	1	1	0	0
1	1	UID215410	1	1	0	0
1	1	UID215413	1	1	0	0
1	1	UID215414	1	1	0	0
1	1	UID215416	1	1	0	0
1	1	UID215421	1	1	0	0
1	1	UID215422	1	1	0	0
1	1	UID215423	1	1	0	0
1	1	UID215424	1	1	0	0
1	1	UID215425	1	1	0	0
1	1	UID215438	1	1	0	0
1	1	UID215439	1	1	0	0
1	1	UID215440	1	1	0	0
1	1	UID215442	1	1	0	0
1	1	UID215445	1	1	0	0
1	1	UID215449	1	1	0	0
1	1	UID215455	1	1	0	0
1	1	UID215466	1	1	0	0
1	1	UID215473	1	1	0	0
1	1	UID215480	1	1	0	0
1	1	UID215489	1	1	0	0
1	1	UID215491	1	1	0	0
1	1	UID215499	1	1	0	0
1	1	UID215512	1	1	0	0
1	1	UID215513	1	1	0	0
1	1	UID215517	1	1	0	0
1	1	UID215519	1	1	0	0
1	1	UID215523	1	1	0	0
1	1	UID215526	1	1	0	0
1	1	UID215529	1	1	0	0
1	1	UID215530	1	1	0	0
1	1	UID215533	1	1	0	0
1	1	UID215534	1	1	0	0
1	1	UID215536	1	1	0	0
1	1	UID215537	1	1	0	0
1	1	UID215538	1	1	0	0
1	1	UID215541	1	1	0	0
1	1	UID215542	1	1	0	0
1	1	UID215543	1	1	0	0
1	1	UID215545	1	1	0	0
1	1	UID215547	1	1	0	0
1	1	UID215552	1	1	0	0
1	1	UID215559	1	1	0	0
1	1	UID215562	1	1	0	0
1	1	UID215563	1	1	0	0
1	1	UID215573	1	1	0	0
1	1	UID215581	1	1	0	0
1	1	UID215586	1	1	0	0
1	1	UID215587	1	1	0	0
1	1	UID215588	1	1	0	0
1	1	UID215593	1	1	0	0
1	1	UID215594	1	1	0	0
1	1	UID215596	1	1	0	0
1	1	UID215597	1	1	0	0
1	1	UID215602	1	1	0	0
1	1	UID215620	1	1	0	0
1	1	UID215632	1	1	0	0
2	2	UID215635	1	2	1	1
1	1	UID215637	1	1	0	0
1	1	UID215649	1	1	0	0
1	1	UID215653	1	1	0	0
1	1	UID215656	1	1	0	0
1	1	UID215658	1	1	0	0
1	1	UID215660	1	1	0	0
1	1	UID215664	1	1	0	0
1	1	UID215666	1	1	0	0
1	1	UID215671	1	1	0	0
1	1	UID215674	1	1	0	0
1	1	UID215676	1	1	0	0
1	1	UID215678	1	1	0	0
1	1	UID215685	1	1	0	0
1	1	UID215690	1	1	0	0
1	1	UID215692	1	1	0	0
1	1	UID215695	1	1	0	0
1	1	UID215704	1	1	0	0
1	1	UID215720	1	1	0	0
1	1	UID215721	1	1	0	0
1	1	UID215722	1	1	0	0
1	1	UID215725	1	1	0	0
1	1	UID215728	1	1	0	0
1	1	UID215734	1	1	0	0
1	1	UID215748	1	1	0	0
1	1	UID215756	1	1	0	0
1	1	UID215761	1	1	0	0
1	1	UID215763	1	1	0	0
1	1	UID215764	1	1	0	0
1	1	UID31367	1	1	0	0
2	2	UID33791	1	2	1	1
1	1	UID46	1	1	0	0
1	1	UID47921	1	1	0	0
1	1	UID48427	1	1	0	0
1	1	UID48639	1	1	0	0
1	1	UID48910	1	1	0	0
1	1	UID49092	1	1	0	0
1	1	UID55687	1	1	0	0
1	1	UID61189	1	1	0	0
1	1	UID61658	1	1	0	0
1	1	UID61727	1	1	0	0
1	1	UID62399	1	1	0	0
1	1	UID73865	1	1	0	0
1	1	UID74260	1	1	0	0
1	1	UID74715	1	1	0	0
1	1	UID7584	1	1	0	0
1	1	UID7850	1	1	0	0
1	1	UID84996	1	1	0	0
1	1	UID911	1	1	0	0
1	1	UID9401	1	1	0	0
1	1	UID9785	1	1	0	0
