16679	96240	UID215767	41282	12521	7	7
5114	21799	UID217605	8697	3913	6	6
4177	22941	UID1369	5519	2773	6	6
3213	14972	UID30589	3192	2090	9	9
1864	6089	UID239195	2170	1323	5	5
1084	3356	UID215769	1210	725	4	4
609	2144	UID62446	913	390	4	4
544	2010	UID61537	898	329	3	3
685	2168	UID283483	790	454	6	6
605	1840	UID110145	593	430	11	11
674	1720	UID230304	419	477	5	5
986	2318	UID203629	417	746	7	7
522	1282	UID252416	395	376	5	5
423	1097	UID283484	369	316	4	4
294	900	UID110144	281	207	3	3
200	470	UID62995	198	150	3	3
191	466	UID102664	195	141	3	3
149	379	UID148921	171	110	3	3
119	365	UID62982	164	87	3	3
156	331	UID283489	143	127	2	2
106	279	UID216960	134	74	2	2
203	507	UID283502	117	152	5	5
101	275	UID71799	94	71	3	3
57	170	UID276764	92	42	2	2
91	204	UID283512	82	68	3	3
63	151	UID71814	75	50	2	2
89	248	UID16	69	69	3	3
79	172	UID110147	68	63	3	3
97	168	UID40	64	89	2	2
56	135	UID283531	58	38	3	3
50	120	UID283532	58	38	2	2
50	127	UID283534	57	38	2	2
40	112	UID283537	56	28	3	3
127	266	UID283549	51	100	4	4
81	160	UID71975	51	60	2	2
39	104	UID71812	45	24	2	2
79	172	UID217993	44	62	3	3
79	171	UID101735	43	61	4	4
86	188	UID283585	40	68	3	3
57	129	UID283597	37	41	3	3
51	91	UID283639	32	42	2	2
26	55	UID985	30	25	1	1
44	85	UID248135	28	32	2	2
36	64	UID283724	25	31	2	2
22	44	UID27300	22	20	1	1
28	48	UID27288	21	27	2	2
62	111	UID283791	20	45	4	4
61	117	UID101299	19	48	3	3
25	52	UID248269	18	19	2	2
27	55	UID283832	18	20	2	2
38	71	UID283862	17	27	3	3
26	45	UID283899	16	21	2	2
7	24	UID283913	16	5	1	1
4	20	UID329	16	2	1	1
51	99	UID239150	15	34	3	3
63	105	UID283932	15	52	3	3
14	31	UID101376	14	10	2	2
32	57	UID230305	14	28	3	3
31	48	UID283971	14	26	1	1
14	37	UID48385	13	7	2	2
6	18	UID216249	12	4	1	1
36	60	UID284020	12	29	4	4
93	144	UID284021	12	70	10	10
40	71	UID284040	12	30	3	3
52	86	UID284041	12	42	3	3
6	16	UID62984	11	5	1	1
11	27	UID245	10	6	2	2
14	27	UID284118	10	10	2	2
20	29	UID284144	10	19	3	3
15	24	UID62227	10	14	1	1
15	26	UID284187	9	11	3	3
5	14	UID284213	9	3	0	0
26	38	UID102102	8	21	3	3
10	20	UID138846	8	7	1	1
8	18	UID284282	8	4	1	1
4	10	UID101786	7	3	1	1
13	20	UID284379	7	11	2	2
4	10	UID284393	7	3	1	1
4	11	UID284416	7	2	1	1
1	7	UID284423	7	0	0	0
8	14	UID314	7	7	1	1
5	11	UID61211	7	4	1	1
4	10	UID10255	6	2	1	1
4	10	UID230365	6	2	0	0
13	25	UID247	6	9	2	2
16	25	UID284512	6	11	2	2
40	57	UID284533	6	32	4	4
7	12	UID284573	6	6	1	1
8	13	UID284612	6	7	1	1
3	8	UID284635	6	2	1	1
9	16	UID48877	6	7	2	2
3	8	UID101647	5	1	0	0
10	17	UID101908	5	7	1	1
5	9	UID284718	5	4	1	1
1	5	UID284822	5	0	0	0
8	12	UID284824	5	7	2	2
2	6	UID284829	5	1	1	1
3	7	UID284838	5	2	1	1
3	8	UID284839	5	1	0	0
10	17	UID284841	5	6	3	3
2	7	UID284851	5	0	0	0
1	5	UID284862	5	0	0	0
1	5	UID284867	5	0	0	0
15	22	UID284878	5	13	3	3
20	29	UID284879	5	16	2	2
3	7	UID284884	5	2	1	1
1	5	UID284886	5	0	0	0
4	10	UID284935	5	1	1	1
1	5	UID284940	5	0	0	0
1	5	UID284947	5	0	0	0
1	5	UID284965	5	0	0	0
1	5	UID452	5	0	0	0
11	17	UID71820	5	8	1	1
1	4	UID203295	4	0	0	0
1	4	UID284982	4	0	0	0
1	4	UID284984	4	0	0	0
1	4	UID284987	4	0	0	0
1	4	UID284991	4	0	0	0
1	4	UID284994	4	0	0	0
1	4	UID284995	4	0	0	0
1	4	UID285012	4	0	0	0
1	4	UID285014	4	0	0	0
1	4	UID285016	4	0	0	0
1	4	UID285018	4	0	0	0
1	4	UID285020	4	0	0	0
1	4	UID285021	4	0	0	0
1	4	UID285080	4	0	0	0
1	4	UID285082	4	0	0	0
1	4	UID285091	4	0	0	0
1	4	UID285101	4	0	0	0
1	4	UID285148	4	0	0	0
1	4	UID285164	4	0	0	0
1	4	UID285183	4	0	0	0
5	8	UID285186	4	4	1	1
4	9	UID285187	4	2	2	2
1	4	UID285191	4	0	0	0
1	4	UID285203	4	0	0	0
1	4	UID285211	4	0	0	0
1	4	UID285229	4	0	0	0
1	4	UID285299	4	0	0	0
7	13	UID285310	4	3	1	1
1	4	UID285311	4	0	0	0
7	13	UID285325	4	4	1	1
1	4	UID285344	4	0	0	0
1	4	UID285368	4	0	0	0
1	4	UID285372	4	0	0	0
1	4	UID285375	4	0	0	0
1	4	UID285376	4	0	0	0
1	4	UID285377	4	0	0	0
1	4	UID285381	4	0	0	0
1	4	UID285382	4	0	0	0
2	5	UID285390	4	1	1	1
1	4	UID285397	4	0	0	0
1	4	UID285401	4	0	0	0
1	4	UID285419	4	0	0	0
1	4	UID285421	4	0	0	0
7	11	UID285477	4	5	1	1
7	10	UID285487	4	6	2	2
4	8	UID285490	4	2	1	1
3	7	UID285495	4	1	1	1
1	4	UID285509	4	0	0	0
1	4	UID285516	4	0	0	0
1	4	UID285518	4	0	0	0
1	4	UID285520	4	0	0	0
1	4	UID285529	4	0	0	0
1	4	UID285533	4	0	0	0
2	5	UID285538	4	1	1	1
1	4	UID285540	4	0	0	0
1	4	UID285550	4	0	0	0
1	4	UID285559	4	0	0	0
2	5	UID285560	4	1	1	1
1	4	UID285564	4	0	0	0
1	4	UID285574	4	0	0	0
1	4	UID285579	4	0	0	0
8	12	UID285584	4	6	2	2
4	7	UID37682	4	3	1	1
7	10	UID519	4	6	1	1
6	9	UID187995	3	4	1	1
7	9	UID231678	3	6	1	1
1	3	UID285594	3	0	0	0
1	3	UID285595	3	0	0	0
1	3	UID285612	3	0	0	0
1	3	UID285616	3	0	0	0
1	3	UID285624	3	0	0	0
1	3	UID285629	3	0	0	0
1	3	UID285630	3	0	0	0
1	3	UID285631	3	0	0	0
1	3	UID285639	3	0	0	0
1	3	UID285646	3	0	0	0
1	3	UID285647	3	0	0	0
1	3	UID285648	3	0	0	0
1	3	UID285652	3	0	0	0
1	3	UID285656	3	0	0	0
1	3	UID285663	3	0	0	0
1	3	UID285670	3	0	0	0
1	3	UID285672	3	0	0	0
1	3	UID285674	3	0	0	0
1	3	UID285686	3	0	0	0
1	3	UID285687	3	0	0	0
1	3	UID285691	3	0	0	0
1	3	UID285692	3	0	0	0
2	4	UID285696	3	1	0	0
1	3	UID285697	3	0	0	0
1	3	UID285699	3	0	0	0
1	3	UID285700	3	0	0	0
1	3	UID285704	3	0	0	0
2	4	UID285705	3	1	1	1
1	3	UID285710	3	0	0	0
1	3	UID285716	3	0	0	0
1	3	UID285718	3	0	0	0
1	3	UID285724	3	0	0	0
1	3	UID285726	3	0	0	0
1	3	UID285728	3	0	0	0
1	3	UID285729	3	0	0	0
1	3	UID285730	3	0	0	0
1	3	UID285731	3	0	0	0
1	3	UID285737	3	0	0	0
1	3	UID285739	3	0	0	0
1	3	UID285741	3	0	0	0
1	3	UID285749	3	0	0	0
1	3	UID285751	3	0	0	0
1	3	UID285763	3	0	0	0
1	3	UID285768	3	0	0	0
1	3	UID285774	3	0	0	0
1	3	UID285786	3	0	0	0
2	4	UID285787	3	1	1	1
1	3	UID285790	3	0	0	0
1	3	UID285792	3	0	0	0
1	3	UID285797	3	0	0	0
1	3	UID285798	3	0	0	0
1	3	UID285801	3	0	0	0
1	3	UID285808	3	0	0	0
1	3	UID285824	3	0	0	0
1	3	UID285838	3	0	0	0
1	3	UID285867	3	0	0	0
1	3	UID285876	3	0	0	0
1	3	UID285880	3	0	0	0
1	3	UID285886	3	0	0	0
1	3	UID285909	3	0	0	0
1	3	UID285916	3	0	0	0
1	3	UID285922	3	0	0	0
1	3	UID285938	3	0	0	0
2	4	UID285942	3	1	1	1
1	3	UID285946	3	0	0	0
2	4	UID285954	3	1	0	0
1	3	UID285955	3	0	0	0
1	3	UID285958	3	0	0	0
1	3	UID285969	3	0	0	0
1	3	UID285971	3	0	0	0
1	3	UID285975	3	0	0	0
1	3	UID285981	3	0	0	0
1	3	UID285988	3	0	0	0
1	3	UID286003	3	0	0	0
1	3	UID286043	3	0	0	0
1	3	UID286044	3	0	0	0
1	3	UID286047	3	0	0	0
1	3	UID286072	3	0	0	0
1	3	UID286079	3	0	0	0
1	3	UID286090	3	0	0	0
1	3	UID286092	3	0	0	0
1	3	UID286103	3	0	0	0
1	3	UID286107	3	0	0	0
6	10	UID286111	3	3	2	2
1	3	UID286112	3	0	0	0
1	3	UID286114	3	0	0	0
1	3	UID286115	3	0	0	0
1	3	UID286130	3	0	0	0
1	3	UID286133	3	0	0	0
1	3	UID286135	3	0	0	0
1	3	UID286142	3	0	0	0
1	3	UID286149	3	0	0	0
1	3	UID286151	3	0	0	0
1	3	UID286153	3	0	0	0
1	3	UID286182	3	0	0	0
1	3	UID286203	3	0	0	0
1	3	UID286204	3	0	0	0
1	3	UID286205	3	0	0	0
1	3	UID286209	3	0	0	0
1	3	UID286210	3	0	0	0
1	3	UID286226	3	0	0	0
1	3	UID286231	3	0	0	0
1	3	UID286261	3	0	0	0
1	3	UID286316	3	0	0	0
1	3	UID286361	3	0	0	0
2	4	UID286362	3	1	0	0
1	3	UID286370	3	0	0	0
1	3	UID286384	3	0	0	0
1	3	UID286392	3	0	0	0
1	3	UID286395	3	0	0	0
1	3	UID286401	3	0	0	0
1	3	UID286402	3	0	0	0
1	3	UID286403	3	0	0	0
1	3	UID286414	3	0	0	0
1	3	UID286416	3	0	0	0
1	3	UID286422	3	0	0	0
1	3	UID286427	3	0	0	0
1	3	UID286450	3	0	0	0
1	3	UID286469	3	0	0	0
1	3	UID286477	3	0	0	0
1	3	UID286495	3	0	0	0
1	3	UID286505	3	0	0	0
1	3	UID286508	3	0	0	0
1	3	UID286509	3	0	0	0
1	3	UID286516	3	0	0	0
1	3	UID286519	3	0	0	0
1	3	UID286526	3	0	0	0
1	3	UID286527	3	0	0	0
2	4	UID286532	3	1	0	0
1	3	UID286533	3	0	0	0
1	3	UID286536	3	0	0	0
1	3	UID286544	3	0	0	0
1	3	UID286545	3	0	0	0
1	3	UID286549	3	0	0	0
1	3	UID286560	3	0	0	0
1	3	UID286562	3	0	0	0
1	3	UID286564	3	0	0	0
1	3	UID286569	3	0	0	0
1	3	UID286577	3	0	0	0
2	5	UID286580	3	0	1	1
1	3	UID286583	3	0	0	0
1	3	UID286598	3	0	0	0
4	6	UID286600	3	3	2	2
1	3	UID286604	3	0	0	0
5	9	UID286609	3	2	1	1
2	4	UID286610	3	1	1	1
10	15	UID286612	3	6	2	2
1	3	UID286618	3	0	0	0
1	3	UID286631	3	0	0	0
1	3	UID286632	3	0	0	0
1	3	UID286651	3	0	0	0
1	3	UID286655	3	0	0	0
1	3	UID286662	3	0	0	0
1	3	UID286664	3	0	0	0
1	3	UID286679	3	0	0	0
1	3	UID286682	3	0	0	0
1	3	UID286683	3	0	0	0
1	3	UID286684	3	0	0	0
2	5	UID286686	3	0	1	1
1	3	UID286694	3	0	0	0
1	3	UID286695	3	0	0	0
1	3	UID286696	3	0	0	0
1	3	UID286699	3	0	0	0
2	4	UID286702	3	1	1	1
1	3	UID286704	3	0	0	0
1	3	UID286711	3	0	0	0
1	3	UID286723	3	0	0	0
1	3	UID286724	3	0	0	0
1	3	UID286728	3	0	0	0
1	3	UID286734	3	0	0	0
1	3	UID286737	3	0	0	0
1	3	UID286741	3	0	0	0
1	3	UID286753	3	0	0	0
1	3	UID286758	3	0	0	0
7	10	UID286768	3	5	1	1
1	3	UID286780	3	0	0	0
1	3	UID286791	3	0	0	0
1	3	UID286792	3	0	0	0
1	3	UID286793	3	0	0	0
1	3	UID286796	3	0	0	0
1	3	UID286800	3	0	0	0
1	3	UID286802	3	0	0	0
1	3	UID286804	3	0	0	0
1	3	UID286826	3	0	0	0
1	3	UID286837	3	0	0	0
1	3	UID286841	3	0	0	0
1	3	UID286848	3	0	0	0
16	18	UID286867	3	15	2	2
2	4	UID286904	3	1	0	0
2	4	UID286918	3	1	1	1
1	3	UID286933	3	0	0	0
1	3	UID286934	3	0	0	0
11	14	UID286938	3	9	2	2
1	3	UID286947	3	0	0	0
9	13	UID286962	3	6	2	2
1	3	UID286964	3	0	0	0
5	7	UID286970	3	4	0	0
1	3	UID286979	3	0	0	0
1	3	UID286981	3	0	0	0
1	3	UID286985	3	0	0	0
1	3	UID286997	3	0	0	0
1	3	UID286999	3	0	0	0
1	3	UID287002	3	0	0	0
1	3	UID287006	3	0	0	0
1	3	UID287008	3	0	0	0
1	3	UID287012	3	0	0	0
1	3	UID287019	3	0	0	0
1	3	UID287020	3	0	0	0
1	3	UID287021	3	0	0	0
1	3	UID287022	3	0	0	0
1	3	UID287033	3	0	0	0
1	3	UID287039	3	0	0	0
1	3	UID287042	3	0	0	0
1	3	UID287043	3	0	0	0
1	3	UID287049	3	0	0	0
1	3	UID287052	3	0	0	0
1	3	UID287054	3	0	0	0
2	4	UID287066	3	1	1	1
1	3	UID287068	3	0	0	0
1	3	UID287076	3	0	0	0
1	3	UID287078	3	0	0	0
1	3	UID287084	3	0	0	0
1	3	UID287086	3	0	0	0
1	3	UID287087	3	0	0	0
1	3	UID287093	3	0	0	0
1	3	UID287099	3	0	0	0
2	4	UID287128	3	1	1	1
1	3	UID287132	3	0	0	0
1	3	UID287133	3	0	0	0
1	3	UID287136	3	0	0	0
1	3	UID287142	3	0	0	0
1	3	UID287146	3	0	0	0
1	3	UID287147	3	0	0	0
1	3	UID287161	3	0	0	0
1	3	UID287163	3	0	0	0
1	3	UID287169	3	0	0	0
1	3	UID287170	3	0	0	0
1	3	UID287171	3	0	0	0
1	3	UID287172	3	0	0	0
1	3	UID287176	3	0	0	0
1	3	UID287178	3	0	0	0
1	3	UID287180	3	0	0	0
1	3	UID287181	3	0	0	0
1	3	UID287187	3	0	0	0
1	3	UID287191	3	0	0	0
1	3	UID287207	3	0	0	0
1	3	UID287208	3	0	0	0
1	3	UID287214	3	0	0	0
1	3	UID287222	3	0	0	0
1	3	UID287229	3	0	0	0
1	3	UID287230	3	0	0	0
1	3	UID287232	3	0	0	0
1	3	UID287233	3	0	0	0
1	3	UID287235	3	0	0	0
1	3	UID287240	3	0	0	0
1	3	UID287256	3	0	0	0
1	3	UID287263	3	0	0	0
1	3	UID287264	3	0	0	0
1	3	UID287271	3	0	0	0
1	3	UID287276	3	0	0	0
2	4	UID287280	3	1	1	1
1	3	UID287287	3	0	0	0
1	3	UID287289	3	0	0	0
2	4	UID287290	3	1	1	1
2	4	UID287293	3	1	1	1
1	3	UID287300	3	0	0	0
1	3	UID287301	3	0	0	0
1	3	UID287302	3	0	0	0
2	4	UID287310	3	1	1	1
2	5	UID287311	3	0	0	0
1	3	UID287313	3	0	0	0
1	3	UID287322	3	0	0	0
1	3	UID287323	3	0	0	0
1	3	UID287328	3	0	0	0
1	3	UID287331	3	0	0	0
1	3	UID33791	3	0	0	0
8	11	UID414	3	6	1	1
6	9	UID49440	3	4	2	2
5	7	UID55432	3	4	2	2
7	11	UID62983	3	4	1	1
3	4	UID101104	2	2	1	1
1	2	UID102494	2	0	0	0
6	7	UID1442	2	5	1	1
5	9	UID163269	2	1	2	2
1	2	UID287346	2	0	0	0
1	2	UID287361	2	0	0	0
1	2	UID287368	2	0	0	0
1	2	UID287374	2	0	0	0
1	2	UID287414	2	0	0	0
1	2	UID287426	2	0	0	0
2	3	UID287452	2	1	1	1
1	2	UID287458	2	0	0	0
1	2	UID287461	2	0	0	0
1	2	UID287462	2	0	0	0
1	2	UID287479	2	0	0	0
2	4	UID287493	2	0	1	1
1	2	UID287518	2	0	0	0
1	2	UID287536	2	0	0	0
1	2	UID287554	2	0	0	0
1	2	UID287568	2	0	0	0
1	2	UID287577	2	0	0	0
1	2	UID287578	2	0	0	0
1	2	UID287584	2	0	0	0
1	2	UID287587	2	0	0	0
1	2	UID287592	2	0	0	0
1	2	UID287618	2	0	0	0
1	2	UID287673	2	0	0	0
3	4	UID287677	2	2	1	1
2	3	UID287703	2	1	1	1
1	2	UID287724	2	0	0	0
2	3	UID287727	2	1	1	1
1	2	UID287763	2	0	0	0
1	2	UID287778	2	0	0	0
2	3	UID287789	2	1	1	1
1	2	UID287811	2	0	0	0
1	2	UID287816	2	0	0	0
2	3	UID287827	2	1	1	1
1	2	UID287844	2	0	0	0
1	2	UID287848	2	0	0	0
1	2	UID287869	2	0	0	0
1	2	UID287886	2	0	0	0
2	3	UID287895	2	1	1	1
1	2	UID287898	2	0	0	0
1	2	UID287907	2	0	0	0
2	3	UID287908	2	1	1	1
1	2	UID287930	2	0	0	0
1	2	UID287937	2	0	0	0
1	2	UID287963	2	0	0	0
1	2	UID288012	2	0	0	0
1	2	UID288073	2	0	0	0
1	2	UID288105	2	0	0	0
2	3	UID288122	2	1	1	1
1	2	UID288139	2	0	0	0
1	2	UID288192	2	0	0	0
4	6	UID288303	2	2	1	1
1	2	UID288307	2	0	0	0
1	2	UID288394	2	0	0	0
1	2	UID288396	2	0	0	0
1	2	UID288521	2	0	0	0
1	2	UID288529	2	0	0	0
1	2	UID288537	2	0	0	0
1	2	UID288549	2	0	0	0
1	2	UID288597	2	0	0	0
1	2	UID288616	2	0	0	0
1	2	UID288624	2	0	0	0
1	2	UID288625	2	0	0	0
1	2	UID288646	2	0	0	0
2	3	UID288647	2	1	1	1
1	2	UID288661	2	0	0	0
1	2	UID288671	2	0	0	0
1	2	UID288676	2	0	0	0
2	3	UID288678	2	1	1	1
2	3	UID288683	2	1	1	1
1	2	UID288686	2	0	0	0
1	2	UID288719	2	0	0	0
1	2	UID288722	2	0	0	0
1	2	UID288766	2	0	0	0
1	2	UID288793	2	0	0	0
4	5	UID288804	2	3	1	1
1	2	UID288824	2	0	0	0
1	2	UID288826	2	0	0	0
1	2	UID288853	2	0	0	0
1	2	UID288865	2	0	0	0
1	2	UID288909	2	0	0	0
1	2	UID288951	2	0	0	0
1	2	UID289047	2	0	0	0
1	2	UID289139	2	0	0	0
9	10	UID289148	2	8	2	2
2	3	UID289155	2	1	1	1
4	6	UID289156	2	2	2	2
1	2	UID289174	2	0	0	0
1	2	UID289214	2	0	0	0
1	2	UID289215	2	0	0	0
5	7	UID289314	2	3	3	3
1	2	UID289491	2	0	0	0
1	2	UID289496	2	0	0	0
2	3	UID289511	2	1	1	1
1	2	UID289521	2	0	0	0
1	2	UID289844	2	0	0	0
1	2	UID289956	2	0	0	0
1	2	UID290016	2	0	0	0
2	3	UID290208	2	1	1	1
2	3	UID290257	2	1	1	1
1	2	UID290260	2	0	0	0
1	2	UID290307	2	0	0	0
1	2	UID290318	2	0	0	0
1	2	UID290340	2	0	0	0
2	3	UID290395	2	1	1	1
1	2	UID290404	2	0	0	0
1	2	UID290446	2	0	0	0
1	2	UID290464	2	0	0	0
2	3	UID290467	2	1	1	1
1	2	UID290473	2	0	0	0
1	2	UID290509	2	0	0	0
1	2	UID290530	2	0	0	0
1	2	UID290556	2	0	0	0
1	2	UID290560	2	0	0	0
1	2	UID290577	2	0	0	0
2	3	UID290582	2	1	1	1
1	2	UID290604	2	0	0	0
1	2	UID290662	2	0	0	0
1	2	UID290664	2	0	0	0
1	2	UID290666	2	0	0	0
1	2	UID290668	2	0	0	0
3	4	UID290670	2	2	2	2
3	4	UID290671	2	2	1	1
1	2	UID290676	2	0	0	0
1	2	UID290677	2	0	0	0
1	2	UID290678	2	0	0	0
1	2	UID290680	2	0	0	0
1	2	UID290681	2	0	0	0
1	2	UID290699	2	0	0	0
1	2	UID290709	2	0	0	0
1	2	UID290776	2	0	0	0
1	2	UID290807	2	0	0	0
1	2	UID290810	2	0	0	0
2	3	UID290815	2	1	1	1
2	3	UID290821	2	1	1	1
1	2	UID290840	2	0	0	0
1	2	UID290849	2	0	0	0
1	2	UID290878	2	0	0	0
2	3	UID290883	2	1	1	1
1	2	UID290909	2	0	0	0
1	2	UID290928	2	0	0	0
2	3	UID291017	2	1	1	1
1	2	UID291047	2	0	0	0
1	2	UID291051	2	0	0	0
1	2	UID291067	2	0	0	0
1	2	UID291070	2	0	0	0
1	2	UID291077	2	0	0	0
1	2	UID291083	2	0	0	0
1	2	UID291090	2	0	0	0
1	2	UID291121	2	0	0	0
1	2	UID291129	2	0	0	0
1	2	UID291169	2	0	0	0
1	2	UID291220	2	0	0	0
1	2	UID291228	2	0	0	0
1	2	UID291236	2	0	0	0
1	2	UID291249	2	0	0	0
1	2	UID291254	2	0	0	0
1	2	UID291303	2	0	0	0
1	2	UID291305	2	0	0	0
1	2	UID291343	2	0	0	0
2	3	UID291358	2	1	1	1
1	2	UID291360	2	0	0	0
1	2	UID291373	2	0	0	0
1	2	UID291393	2	0	0	0
1	2	UID291409	2	0	0	0
2	3	UID291427	2	1	1	1
1	2	UID291455	2	0	0	0
1	2	UID291473	2	0	0	0
3	4	UID291474	2	2	1	1
1	2	UID291496	2	0	0	0
1	2	UID291541	2	0	0	0
2	3	UID291545	2	1	1	1
11	14	UID291559	2	8	2	2
1	2	UID291560	2	0	0	0
1	2	UID291569	2	0	0	0
1	2	UID291570	2	0	0	0
1	2	UID291582	2	0	0	0
1	2	UID291588	2	0	0	0
1	2	UID291650	2	0	0	0
1	2	UID291666	2	0	0	0
2	3	UID291727	2	1	1	1
2	3	UID291728	2	1	1	1
2	3	UID291729	2	1	1	1
1	2	UID291817	2	0	0	0
5	8	UID291836	2	2	1	1
1	2	UID291837	2	0	0	0
2	3	UID291868	2	1	1	1
2	3	UID291888	2	1	1	1
2	3	UID291934	2	1	1	1
1	2	UID291998	2	0	0	0
1	2	UID291999	2	0	0	0
1	2	UID292005	2	0	0	0
1	2	UID292062	2	0	0	0
6	8	UID292063	2	4	1	1
3	4	UID292082	2	2	1	1
2	3	UID292117	2	1	1	1
3	4	UID292130	2	2	1	1
1	2	UID292152	2	0	0	0
1	2	UID292161	2	0	0	0
1	2	UID292179	2	0	0	0
1	2	UID292190	2	0	0	0
3	4	UID292195	2	2	1	1
2	3	UID292198	2	1	1	1
1	2	UID292213	2	0	0	0
1	2	UID292219	2	0	0	0
1	2	UID292223	2	0	0	0
1	2	UID292230	2	0	0	0
1	2	UID292244	2	0	0	0
1	2	UID292255	2	0	0	0
1	2	UID292280	2	0	0	0
1	2	UID292281	2	0	0	0
1	2	UID292319	2	0	0	0
2	3	UID292349	2	1	1	1
1	2	UID292359	2	0	0	0
1	2	UID292411	2	0	0	0
1	2	UID292414	2	0	0	0
1	2	UID292421	2	0	0	0
1	2	UID292485	2	0	0	0
2	4	UID292524	2	0	1	1
1	2	UID292526	2	0	0	0
1	2	UID292567	2	0	0	0
1	2	UID292581	2	0	0	0
1	2	UID292584	2	0	0	0
1	2	UID292608	2	0	0	0
1	2	UID292613	2	0	0	0
2	3	UID292624	2	1	1	1
1	2	UID292633	2	0	0	0
1	2	UID292645	2	0	0	0
2	3	UID292653	2	1	1	1
2	3	UID292666	2	1	1	1
1	2	UID292674	2	0	0	0
1	2	UID292700	2	0	0	0
1	2	UID292712	2	0	0	0
1	2	UID292759	2	0	0	0
1	2	UID292770	2	0	0	0
1	2	UID292807	2	0	0	0
2	3	UID292819	2	1	1	1
2	3	UID292881	2	1	1	1
1	2	UID292908	2	0	0	0
1	2	UID292938	2	0	0	0
1	2	UID292950	2	0	0	0
1	2	UID292988	2	0	0	0
1	2	UID292991	2	0	0	0
1	2	UID292994	2	0	0	0
2	3	UID293021	2	1	1	1
1	2	UID293054	2	0	0	0
1	2	UID293058	2	0	0	0
1	2	UID293063	2	0	0	0
1	2	UID293072	2	0	0	0
1	2	UID293073	2	0	0	0
1	2	UID293082	2	0	0	0
1	2	UID293111	2	0	0	0
1	2	UID293112	2	0	0	0
2	3	UID293113	2	1	1	1
1	2	UID293180	2	0	0	0
1	2	UID293183	2	0	0	0
2	3	UID293190	2	1	1	1
1	2	UID293191	2	0	0	0
1	2	UID293193	2	0	0	0
1	2	UID293194	2	0	0	0
1	2	UID293211	2	0	0	0
2	3	UID293252	2	1	1	1
1	2	UID293255	2	0	0	0
3	4	UID293259	2	2	1	1
1	2	UID293291	2	0	0	0
1	2	UID293303	2	0	0	0
1	2	UID293333	2	0	0	0
1	2	UID293356	2	0	0	0
2	3	UID293360	2	1	1	1
1	2	UID293372	2	0	0	0
2	3	UID33597	2	1	1	1
7	11	UID48387	2	3	1	1
3	4	UID48553	2	2	1	1
5	6	UID48561	2	4	2	2
1	2	UID48567	2	0	0	0
3	4	UID49493	2	2	1	1
3	4	UID54880	2	2	1	1
1	2	UID931	2	0	0	0
2	2	UID101089	1	2	1	1
2	2	UID101162	1	2	1	1
1	1	UID110153	1	1	0	0
1	1	UID129	1	1	0	0
1	1	UID134137	1	1	0	0
5	5	UID143671	1	5	1	1
5	5	UID18121	1	5	1	1
1	1	UID190083	1	1	0	0
2	2	UID200876	1	2	1	1
1	1	UID216336	1	1	0	0
1	1	UID216963	1	1	0	0
1	1	UID220202	1	1	0	0
2	2	UID221846	1	2	1	1
1	1	UID229638	1	1	0	0
1	1	UID244437	1	1	0	0
1	1	UID247435	1	1	0	0
1	1	UID279978	1	1	0	0
1	1	UID293373	1	1	0	0
1	1	UID293374	1	1	0	0
1	1	UID293375	1	1	0	0
1	1	UID293376	1	1	0	0
1	1	UID293378	1	1	0	0
1	1	UID293381	1	1	0	0
1	1	UID293388	1	1	0	0
1	1	UID293391	1	1	0	0
1	1	UID293392	1	1	0	0
1	1	UID293396	1	1	0	0
1	1	UID293403	1	1	0	0
1	1	UID293419	1	1	0	0
1	1	UID293424	1	1	0	0
1	1	UID293431	1	1	0	0
1	1	UID293438	1	1	0	0
1	1	UID293443	1	1	0	0
1	1	UID293444	1	1	0	0
1	1	UID293458	1	1	0	0
1	1	UID293475	1	1	0	0
1	1	UID293489	1	1	0	0
1	1	UID293501	1	1	0	0
1	1	UID293505	1	1	0	0
1	1	UID293510	1	1	0	0
1	1	UID293511	1	1	0	0
1	1	UID293512	1	1	0	0
1	1	UID293527	1	1	0	0
1	1	UID293535	1	1	0	0
1	1	UID293550	1	1	0	0
1	1	UID293551	1	1	0	0
1	1	UID293554	1	1	0	0
1	1	UID293565	1	1	0	0
1	1	UID293566	1	1	0	0
1	1	UID293578	1	1	0	0
1	1	UID293592	1	1	0	0
1	1	UID293604	1	1	0	0
1	1	UID293607	1	1	0	0
1	1	UID293690	1	1	0	0
1	1	UID293693	1	1	0	0
1	1	UID293711	1	1	0	0
1	1	UID293713	1	1	0	0
1	1	UID293716	1	1	0	0
1	1	UID293740	1	1	0	0
1	1	UID293748	1	1	0	0
1	1	UID293752	1	1	0	0
1	1	UID293756	1	1	0	0
1	1	UID293757	1	1	0	0
1	1	UID293761	1	1	0	0
1	1	UID293765	1	1	0	0
1	1	UID293768	1	1	0	0
1	1	UID293770	1	1	0	0
1	1	UID293774	1	1	0	0
1	1	UID293775	1	1	0	0
1	1	UID293778	1	1	0	0
1	1	UID293781	1	1	0	0
1	1	UID293782	1	1	0	0
1	1	UID293796	1	1	0	0
1	1	UID293797	1	1	0	0
1	1	UID293806	1	1	0	0
1	1	UID293808	1	1	0	0
1	1	UID293812	1	1	0	0
1	1	UID293814	1	1	0	0
1	1	UID293815	1	1	0	0
1	1	UID293816	1	1	0	0
1	1	UID293817	1	1	0	0
1	1	UID293828	1	1	0	0
1	1	UID293840	1	1	0	0
1	1	UID293845	1	1	0	0
1	1	UID293853	1	1	0	0
1	1	UID293861	1	1	0	0
1	1	UID293862	1	1	0	0
1	1	UID293904	1	1	0	0
1	1	UID293949	1	1	0	0
1	1	UID293955	1	1	0	0
1	1	UID293959	1	1	0	0
1	1	UID293970	1	1	0	0
1	1	UID293998	1	1	0	0
1	1	UID294001	1	1	0	0
1	1	UID294013	1	1	0	0
1	1	UID294025	1	1	0	0
1	1	UID294026	1	1	0	0
1	1	UID294029	1	1	0	0
1	1	UID294032	1	1	0	0
1	1	UID294036	1	1	0	0
1	1	UID294044	1	1	0	0
1	1	UID294047	1	1	0	0
1	1	UID294049	1	1	0	0
1	1	UID294052	1	1	0	0
1	1	UID294059	1	1	0	0
1	1	UID294060	1	1	0	0
1	1	UID294068	1	1	0	0
1	1	UID294070	1	1	0	0
1	1	UID294074	1	1	0	0
1	1	UID294077	1	1	0	0
1	1	UID294082	1	1	0	0
1	1	UID294083	1	1	0	0
1	1	UID294093	1	1	0	0
1	1	UID294123	1	1	0	0
1	1	UID294165	1	1	0	0
1	1	UID294168	1	1	0	0
1	1	UID294173	1	1	0	0
1	1	UID294180	1	1	0	0
1	1	UID294188	1	1	0	0
1	1	UID294202	1	1	0	0
1	1	UID294229	1	1	0	0
1	1	UID294255	1	1	0	0
1	1	UID294282	1	1	0	0
1	1	UID294296	1	1	0	0
1	1	UID294297	1	1	0	0
1	1	UID294298	1	1	0	0
1	1	UID294300	1	1	0	0
1	1	UID294301	1	1	0	0
1	1	UID294305	1	1	0	0
1	1	UID294318	1	1	0	0
1	1	UID294322	1	1	0	0
1	1	UID294324	1	1	0	0
1	1	UID294329	1	1	0	0
1	1	UID294339	1	1	0	0
1	1	UID294345	1	1	0	0
1	1	UID294353	1	1	0	0
1	1	UID294380	1	1	0	0
1	1	UID294383	1	1	0	0
1	1	UID294423	1	1	0	0
1	1	UID294465	1	1	0	0
1	1	UID294472	1	1	0	0
1	1	UID294487	1	1	0	0
1	1	UID294499	1	1	0	0
1	1	UID294510	1	1	0	0
1	1	UID294516	1	1	0	0
1	1	UID294550	1	1	0	0
1	1	UID294556	1	1	0	0
1	1	UID294559	1	1	0	0
1	1	UID294567	1	1	0	0
1	1	UID294573	1	1	0	0
1	1	UID294582	1	1	0	0
1	1	UID294587	1	1	0	0
1	1	UID294588	1	1	0	0
1	1	UID294591	1	1	0	0
1	1	UID294602	1	1	0	0
1	1	UID294613	1	1	0	0
1	1	UID294614	1	1	0	0
1	1	UID294616	1	1	0	0
1	1	UID294617	1	1	0	0
1	1	UID294618	1	1	0	0
1	1	UID294619	1	1	0	0
1	1	UID294628	1	1	0	0
1	1	UID294632	1	1	0	0
1	1	UID294635	1	1	0	0
1	1	UID294639	1	1	0	0
1	1	UID294655	1	1	0	0
1	1	UID294658	1	1	0	0
1	1	UID294665	1	1	0	0
1	1	UID294667	1	1	0	0
1	1	UID294672	1	1	0	0
1	1	UID294673	1	1	0	0
1	1	UID294678	1	1	0	0
1	1	UID294680	1	1	0	0
1	1	UID294687	1	1	0	0
1	1	UID294688	1	1	0	0
1	1	UID294689	1	1	0	0
1	1	UID294691	1	1	0	0
1	1	UID294692	1	1	0	0
1	1	UID294694	1	1	0	0
1	1	UID294697	1	1	0	0
1	1	UID294698	1	1	0	0
1	1	UID294700	1	1	0	0
1	1	UID294704	1	1	0	0
1	1	UID294705	1	1	0	0
1	1	UID294706	1	1	0	0
1	1	UID294707	1	1	0	0
1	1	UID294708	1	1	0	0
1	1	UID294712	1	1	0	0
1	1	UID294724	1	1	0	0
1	1	UID294725	1	1	0	0
1	1	UID294741	1	1	0	0
1	1	UID294755	1	1	0	0
1	1	UID294828	1	1	0	0
1	1	UID294848	1	1	0	0
1	1	UID294869	1	1	0	0
1	1	UID294876	1	1	0	0
1	1	UID294890	1	1	0	0
1	1	UID294900	1	1	0	0
1	1	UID294905	1	1	0	0
1	1	UID294918	1	1	0	0
1	1	UID294923	1	1	0	0
1	1	UID294925	1	1	0	0
1	1	UID294928	1	1	0	0
1	1	UID294942	1	1	0	0
1	1	UID294947	1	1	0	0
1	1	UID294954	1	1	0	0
1	1	UID294956	1	1	0	0
1	1	UID294962	1	1	0	0
1	1	UID294967	1	1	0	0
1	1	UID294970	1	1	0	0
1	1	UID294989	1	1	0	0
1	1	UID294990	1	1	0	0
1	1	UID294991	1	1	0	0
1	1	UID294994	1	1	0	0
1	1	UID294995	1	1	0	0
1	1	UID294997	1	1	0	0
1	1	UID295003	1	1	0	0
1	1	UID295005	1	1	0	0
1	1	UID295007	1	1	0	0
1	1	UID295009	1	1	0	0
1	1	UID295010	1	1	0	0
1	1	UID295012	1	1	0	0
1	1	UID295013	1	1	0	0
1	1	UID295015	1	1	0	0
1	1	UID295016	1	1	0	0
1	1	UID295024	1	1	0	0
1	1	UID295055	1	1	0	0
1	1	UID295061	1	1	0	0
1	1	UID295117	1	1	0	0
1	1	UID295119	1	1	0	0
1	1	UID295136	1	1	0	0
1	1	UID295140	1	1	0	0
1	1	UID295143	1	1	0	0
1	1	UID295147	1	1	0	0
1	1	UID295169	1	1	0	0
1	1	UID295177	1	1	0	0
1	1	UID295184	1	1	0	0
1	1	UID295190	1	1	0	0
1	1	UID295191	1	1	0	0
1	1	UID295192	1	1	0	0
1	1	UID295215	1	1	0	0
1	1	UID295216	1	1	0	0
1	1	UID295219	1	1	0	0
1	1	UID295223	1	1	0	0
1	1	UID295224	1	1	0	0
1	1	UID295227	1	1	0	0
1	1	UID295232	1	1	0	0
1	1	UID295234	1	1	0	0
1	1	UID295278	1	1	0	0
1	1	UID295281	1	1	0	0
1	1	UID295286	1	1	0	0
1	1	UID295291	1	1	0	0
1	1	UID295292	1	1	0	0
1	1	UID295301	1	1	0	0
1	1	UID295320	1	1	0	0
1	1	UID295375	1	1	0	0
1	1	UID295409	1	1	0	0
1	1	UID295410	1	1	0	0
1	1	UID295416	1	1	0	0
1	1	UID295426	1	1	0	0
1	1	UID295429	1	1	0	0
1	1	UID295442	1	1	0	0
1	1	UID295444	1	1	0	0
1	1	UID295483	1	1	0	0
1	1	UID295484	1	1	0	0
1	1	UID295485	1	1	0	0
1	1	UID295508	1	1	0	0
1	1	UID295516	1	1	0	0
1	1	UID295520	1	1	0	0
1	1	UID295533	1	1	0	0
1	1	UID295534	1	1	0	0
1	1	UID295535	1	1	0	0
1	1	UID295536	1	1	0	0
1	1	UID295538	1	1	0	0
1	1	UID295539	1	1	0	0
1	1	UID295544	1	1	0	0
1	1	UID295546	1	1	0	0
1	1	UID295548	1	1	0	0
1	1	UID295550	1	1	0	0
1	1	UID295554	1	1	0	0
1	1	UID295556	1	1	0	0
1	1	UID295557	1	1	0	0
1	1	UID295563	1	1	0	0
1	1	UID295565	1	1	0	0
1	1	UID295574	1	1	0	0
1	1	UID295590	1	1	0	0
1	1	UID295691	1	1	0	0
1	1	UID295736	1	1	0	0
1	1	UID295741	1	1	0	0
1	1	UID295752	1	1	0	0
1	1	UID295753	1	1	0	0
1	1	UID295761	1	1	0	0
1	1	UID295765	1	1	0	0
1	1	UID295766	1	1	0	0
1	1	UID295777	1	1	0	0
1	1	UID295778	1	1	0	0
1	1	UID295779	1	1	0	0
1	1	UID295807	1	1	0	0
1	1	UID295813	1	1	0	0
1	1	UID295815	1	1	0	0
1	1	UID295826	1	1	0	0
1	1	UID295829	1	1	0	0
1	1	UID295830	1	1	0	0
1	1	UID295831	1	1	0	0
1	1	UID295844	1	1	0	0
1	1	UID295849	1	1	0	0
1	1	UID295852	1	1	0	0
1	1	UID295879	1	1	0	0
1	1	UID295881	1	1	0	0
1	1	UID295887	1	1	0	0
1	1	UID295888	1	1	0	0
1	1	UID295897	1	1	0	0
1	1	UID295900	1	1	0	0
1	1	UID295903	1	1	0	0
1	1	UID295951	1	1	0	0
1	1	UID295959	1	1	0	0
1	1	UID295964	1	1	0	0
1	1	UID295971	1	1	0	0
1	1	UID295974	1	1	0	0
1	1	UID295978	1	1	0	0
1	1	UID295979	1	1	0	0
1	1	UID296007	1	1	0	0
1	1	UID296021	1	1	0	0
1	1	UID296030	1	1	0	0
1	1	UID296032	1	1	0	0
1	1	UID296033	1	1	0	0
1	1	UID296046	1	1	0	0
1	1	UID296048	1	1	0	0
1	1	UID296053	1	1	0	0
1	1	UID296066	1	1	0	0
1	1	UID296069	1	1	0	0
1	1	UID296121	1	1	0	0
1	1	UID296131	1	1	0	0
1	1	UID296138	1	1	0	0
1	1	UID296141	1	1	0	0
1	1	UID296142	1	1	0	0
1	1	UID296144	1	1	0	0
1	1	UID296145	1	1	0	0
1	1	UID296146	1	1	0	0
1	1	UID296147	1	1	0	0
1	1	UID296155	1	1	0	0
1	1	UID296172	1	1	0	0
1	1	UID296173	1	1	0	0
1	1	UID296175	1	1	0	0
1	1	UID296181	1	1	0	0
1	1	UID296223	1	1	0	0
1	1	UID296227	1	1	0	0
1	1	UID296238	1	1	0	0
1	1	UID296242	1	1	0	0
1	1	UID296244	1	1	0	0
1	1	UID296251	1	1	0	0
1	1	UID296258	1	1	0	0
1	1	UID296301	1	1	0	0
1	1	UID296302	1	1	0	0
1	1	UID296325	1	1	0	0
1	1	UID296339	1	1	0	0
1	1	UID296345	1	1	0	0
1	1	UID296357	1	1	0	0
1	1	UID296358	1	1	0	0
1	1	UID296367	1	1	0	0
1	1	UID296370	1	1	0	0
1	1	UID296379	1	1	0	0
1	1	UID296392	1	1	0	0
1	1	UID296395	1	1	0	0
1	1	UID296396	1	1	0	0
1	1	UID296397	1	1	0	0
1	1	UID296406	1	1	0	0
1	1	UID296447	1	1	0	0
1	1	UID296449	1	1	0	0
1	1	UID296455	1	1	0	0
1	1	UID296479	1	1	0	0
1	1	UID296480	1	1	0	0
1	1	UID296494	1	1	0	0
1	1	UID296518	1	1	0	0
1	1	UID296537	1	1	0	0
1	1	UID296541	1	1	0	0
1	1	UID296547	1	1	0	0
1	1	UID296559	1	1	0	0
1	1	UID296571	1	1	0	0
1	1	UID296573	1	1	0	0
1	1	UID296578	1	1	0	0
1	1	UID296582	1	1	0	0
1	1	UID296586	1	1	0	0
1	1	UID296588	1	1	0	0
1	1	UID296590	1	1	0	0
1	1	UID296600	1	1	0	0
1	1	UID296611	1	1	0	0
1	1	UID296617	1	1	0	0
1	1	UID296631	1	1	0	0
1	1	UID296677	1	1	0	0
1	1	UID296681	1	1	0	0
1	1	UID296688	1	1	0	0
1	1	UID296722	1	1	0	0
1	1	UID296725	1	1	0	0
1	1	UID296744	1	1	0	0
1	1	UID296746	1	1	0	0
1	1	UID296753	1	1	0	0
1	1	UID296764	1	1	0	0
1	1	UID296774	1	1	0	0
1	1	UID296782	1	1	0	0
1	1	UID296787	1	1	0	0
1	1	UID296850	1	1	0	0
1	1	UID296859	1	1	0	0
1	1	UID296870	1	1	0	0
1	1	UID296880	1	1	0	0
1	1	UID296881	1	1	0	0
1	1	UID296897	1	1	0	0
1	1	UID296900	1	1	0	0
1	1	UID296904	1	1	0	0
1	1	UID296911	1	1	0	0
1	1	UID296949	1	1	0	0
1	1	UID296951	1	1	0	0
1	1	UID296952	1	1	0	0
5	5	UID296960	1	5	2	2
1	1	UID296963	1	1	0	0
1	1	UID296968	1	1	0	0
1	1	UID296979	1	1	0	0
1	1	UID296981	1	1	0	0
1	1	UID296982	1	1	0	0
1	1	UID296995	1	1	0	0
1	1	UID297000	1	1	0	0
1	1	UID297001	1	1	0	0
1	1	UID297002	1	1	0	0
2	2	UID297003	1	2	1	1
2	2	UID297014	1	2	1	1
1	1	UID297031	1	1	0	0
1	1	UID297035	1	1	0	0
1	1	UID297039	1	1	0	0
1	1	UID297040	1	1	0	0
1	1	UID297043	1	1	0	0
1	1	UID297056	1	1	0	0
1	1	UID297058	1	1	0	0
1	1	UID297064	1	1	0	0
1	1	UID297102	1	1	0	0
1	1	UID297107	1	1	0	0
1	1	UID297123	1	1	0	0
1	1	UID297161	1	1	0	0
1	1	UID297175	1	1	0	0
1	1	UID297176	1	1	0	0
1	1	UID297182	1	1	0	0
1	1	UID297193	1	1	0	0
1	1	UID297194	1	1	0	0
1	1	UID297197	1	1	0	0
1	1	UID297229	1	1	0	0
1	1	UID297232	1	1	0	0
1	1	UID297292	1	1	0	0
1	1	UID297306	1	1	0	0
2	2	UID297311	1	2	1	1
1	1	UID297313	1	1	0	0
1	1	UID297318	1	1	0	0
1	1	UID297323	1	1	0	0
1	1	UID297353	1	1	0	0
1	1	UID297362	1	1	0	0
1	1	UID297363	1	1	0	0
1	1	UID297364	1	1	0	0
1	1	UID297375	1	1	0	0
1	1	UID297394	1	1	0	0
1	1	UID297411	1	1	0	0
1	1	UID297414	1	1	0	0
1	1	UID297417	1	1	0	0
1	1	UID297429	1	1	0	0
1	1	UID297445	1	1	0	0
1	1	UID297469	1	1	0	0
1	1	UID297507	1	1	0	0
1	1	UID297514	1	1	0	0
1	1	UID297535	1	1	0	0
1	1	UID297540	1	1	0	0
1	1	UID297542	1	1	0	0
1	1	UID297543	1	1	0	0
1	1	UID297573	1	1	0	0
1	1	UID297574	1	1	0	0
1	1	UID297639	1	1	0	0
1	1	UID297641	1	1	0	0
1	1	UID297659	1	1	0	0
1	1	UID297661	1	1	0	0
1	1	UID297669	1	1	0	0
1	1	UID297704	1	1	0	0
1	1	UID297707	1	1	0	0
1	1	UID297714	1	1	0	0
1	1	UID297721	1	1	0	0
1	1	UID297737	1	1	0	0
2	2	UID297748	1	2	1	1
1	1	UID297760	1	1	0	0
1	1	UID297788	1	1	0	0
1	1	UID297819	1	1	0	0
1	1	UID297852	1	1	0	0
1	1	UID297922	1	1	0	0
1	1	UID297954	1	1	0	0
1	1	UID298049	1	1	0	0
1	1	UID298066	1	1	0	0
1	1	UID298072	1	1	0	0
1	1	UID298098	1	1	0	0
1	1	UID298099	1	1	0	0
1	1	UID298108	1	1	0	0
1	1	UID298201	1	1	0	0
1	1	UID298214	1	1	0	0
1	1	UID298217	1	1	0	0
1	1	UID298355	1	1	0	0
1	1	UID298429	1	1	0	0
1	1	UID298431	1	1	0	0
1	1	UID298437	1	1	0	0
1	1	UID298471	1	1	0	0
1	1	UID298521	1	1	0	0
1	1	UID298729	1	1	0	0
1	1	UID298809	1	1	0	0
1	1	UID298947	1	1	0	0
1	1	UID298985	1	1	0	0
1	1	UID299034	1	1	0	0
1	1	UID299055	1	1	0	0
1	1	UID299065	1	1	0	0
1	1	UID299098	1	1	0	0
1	1	UID299146	1	1	0	0
1	1	UID299178	1	1	0	0
1	1	UID299208	1	1	0	0
1	1	UID299271	1	1	0	0
1	1	UID299318	1	1	0	0
1	1	UID299334	1	1	0	0
1	1	UID299359	1	1	0	0
1	1	UID299360	1	1	0	0
1	1	UID299382	1	1	0	0
1	1	UID299428	1	1	0	0
1	1	UID299447	1	1	0	0
1	1	UID299486	1	1	0	0
1	1	UID299487	1	1	0	0
1	1	UID299569	1	1	0	0
1	1	UID299573	1	1	0	0
1	1	UID299659	1	1	0	0
1	1	UID299674	1	1	0	0
1	1	UID299684	1	1	0	0
1	1	UID299697	1	1	0	0
1	1	UID299762	1	1	0	0
2	2	UID299787	1	2	1	1
1	1	UID299816	1	1	0	0
1	1	UID299818	1	1	0	0
1	1	UID299849	1	1	0	0
1	1	UID299855	1	1	0	0
1	1	UID299878	1	1	0	0
1	1	UID299879	1	1	0	0
1	1	UID299937	1	1	0	0
1	1	UID299939	1	1	0	0
1	1	UID299940	1	1	0	0
1	1	UID299967	1	1	0	0
1	1	UID299975	1	1	0	0
1	1	UID299977	1	1	0	0
1	1	UID299978	1	1	0	0
1	1	UID299979	1	1	0	0
1	1	UID299984	1	1	0	0
1	1	UID300022	1	1	0	0
1	1	UID300025	1	1	0	0
1	1	UID300026	1	1	0	0
1	1	UID300030	1	1	0	0
1	1	UID300040	1	1	0	0
1	1	UID300070	1	1	0	0
1	1	UID300071	1	1	0	0
1	1	UID300072	1	1	0	0
1	1	UID300076	1	1	0	0
1	1	UID300077	1	1	0	0
1	1	UID300078	1	1	0	0
1	1	UID300079	1	1	0	0
1	1	UID300084	1	1	0	0
1	1	UID300094	1	1	0	0
1	1	UID300099	1	1	0	0
1	1	UID300102	1	1	0	0
1	1	UID300113	1	1	0	0
1	1	UID300125	1	1	0	0
1	1	UID300129	1	1	0	0
1	1	UID300160	1	1	0	0
1	1	UID300168	1	1	0	0
1	1	UID300171	1	1	0	0
1	1	UID300180	1	1	0	0
1	1	UID300182	1	1	0	0
1	1	UID300183	1	1	0	0
1	1	UID300189	1	1	0	0
1	1	UID300202	1	1	0	0
1	1	UID300207	1	1	0	0
1	1	UID300208	1	1	0	0
1	1	UID300216	1	1	0	0
1	1	UID300284	1	1	0	0
1	1	UID300291	1	1	0	0
1	1	UID300295	1	1	0	0
1	1	UID300304	1	1	0	0
1	1	UID300308	1	1	0	0
1	1	UID300311	1	1	0	0
1	1	UID300315	1	1	0	0
2	2	UID300321	1	2	1	1
1	1	UID300327	1	1	0	0
1	1	UID300341	1	1	0	0
1	1	UID300366	1	1	0	0
1	1	UID300377	1	1	0	0
1	1	UID300381	1	1	0	0
1	1	UID300389	1	1	0	0
1	1	UID300390	1	1	0	0
1	1	UID300391	1	1	0	0
1	1	UID300395	1	1	0	0
1	1	UID300422	1	1	0	0
1	1	UID300445	1	1	0	0
1	1	UID300448	1	1	0	0
1	1	UID300468	1	1	0	0
1	1	UID300470	1	1	0	0
1	1	UID300471	1	1	0	0
1	1	UID300479	1	1	0	0
1	1	UID300484	1	1	0	0
1	1	UID300490	1	1	0	0
1	1	UID300491	1	1	0	0
1	1	UID300499	1	1	0	0
1	1	UID300500	1	1	0	0
1	1	UID300523	1	1	0	0
1	1	UID300566	1	1	0	0
1	1	UID300572	1	1	0	0
1	1	UID300580	1	1	0	0
1	1	UID300588	1	1	0	0
1	1	UID300603	1	1	0	0
1	1	UID300607	1	1	0	0
1	1	UID300620	1	1	0	0
1	1	UID300629	1	1	0	0
1	1	UID300671	1	1	0	0
1	1	UID300672	1	1	0	0
2	2	UID300673	1	2	1	1
1	1	UID300674	1	1	0	0
1	1	UID300675	1	1	0	0
1	1	UID300676	1	1	0	0
1	1	UID300682	1	1	0	0
1	1	UID300683	1	1	0	0
1	1	UID300693	1	1	0	0
1	1	UID300700	1	1	0	0
1	1	UID300701	1	1	0	0
1	1	UID300702	1	1	0	0
1	1	UID300703	1	1	0	0
1	1	UID300704	1	1	0	0
1	1	UID300705	1	1	0	0
1	1	UID300706	1	1	0	0
1	1	UID300708	1	1	0	0
1	1	UID300734	1	1	0	0
2	2	UID300756	1	2	1	1
1	1	UID300764	1	1	0	0
1	1	UID300814	1	1	0	0
1	1	UID300842	1	1	0	0
1	1	UID300845	1	1	0	0
1	1	UID300859	1	1	0	0
1	1	UID300879	1	1	0	0
1	1	UID300905	1	1	0	0
1	1	UID300920	1	1	0	0
1	1	UID300944	1	1	0	0
1	1	UID300955	1	1	0	0
1	1	UID300986	1	1	0	0
1	1	UID301007	1	1	0	0
1	1	UID301023	1	1	0	0
1	1	UID301030	1	1	0	0
1	1	UID301036	1	1	0	0
1	1	UID301056	1	1	0	0
1	1	UID301064	1	1	0	0
1	1	UID301085	1	1	0	0
1	1	UID301107	1	1	0	0
1	1	UID301116	1	1	0	0
1	1	UID301128	1	1	0	0
1	1	UID301172	1	1	0	0
1	1	UID301173	1	1	0	0
1	1	UID301190	1	1	0	0
1	1	UID301198	1	1	0	0
1	1	UID301237	1	1	0	0
1	1	UID301255	1	1	0	0
1	1	UID301378	1	1	0	0
1	1	UID301388	1	1	0	0
1	1	UID301389	1	1	0	0
1	1	UID301394	1	1	0	0
1	1	UID301400	1	1	0	0
1	1	UID301436	1	1	0	0
1	1	UID301467	1	1	0	0
1	1	UID301523	1	1	0	0
1	1	UID301541	1	1	0	0
1	1	UID301552	1	1	0	0
1	1	UID301567	1	1	0	0
1	1	UID301574	1	1	0	0
1	1	UID301596	1	1	0	0
1	1	UID301640	1	1	0	0
1	1	UID301642	1	1	0	0
1	1	UID301645	1	1	0	0
1	1	UID301646	1	1	0	0
1	1	UID301648	1	1	0	0
1	1	UID301653	1	1	0	0
6	6	UID301655	1	6	3	3
1	1	UID301657	1	1	0	0
1	1	UID301658	1	1	0	0
1	1	UID301659	1	1	0	0
1	1	UID301660	1	1	0	0
1	1	UID301666	1	1	0	0
1	1	UID301667	1	1	0	0
1	1	UID301678	1	1	0	0
1	1	UID301694	1	1	0	0
1	1	UID301757	1	1	0	0
1	1	UID301768	1	1	0	0
1	1	UID301828	1	1	0	0
1	1	UID301832	1	1	0	0
1	1	UID301835	1	1	0	0
1	1	UID301878	1	1	0	0
1	1	UID301893	1	1	0	0
1	1	UID301896	1	1	0	0
1	1	UID301933	1	1	0	0
1	1	UID301940	1	1	0	0
1	1	UID301944	1	1	0	0
1	1	UID301964	1	1	0	0
1	1	UID301978	1	1	0	0
1	1	UID302041	1	1	0	0
1	1	UID302047	1	1	0	0
1	1	UID302068	1	1	0	0
1	1	UID302078	1	1	0	0
1	1	UID302088	1	1	0	0
1	1	UID302091	1	1	0	0
1	1	UID302121	1	1	0	0
1	1	UID302125	1	1	0	0
1	1	UID302126	1	1	0	0
1	1	UID302170	1	1	0	0
1	1	UID302178	1	1	0	0
1	1	UID302179	1	1	0	0
1	1	UID302180	1	1	0	0
1	1	UID302182	1	1	0	0
1	1	UID302183	1	1	0	0
1	1	UID302186	1	1	0	0
1	1	UID302272	1	1	0	0
1	1	UID302293	1	1	0	0
1	1	UID302331	1	1	0	0
1	1	UID302448	1	1	0	0
1	1	UID302484	1	1	0	0
1	1	UID302488	1	1	0	0
1	1	UID302489	1	1	0	0
1	1	UID302490	1	1	0	0
1	1	UID302491	1	1	0	0
1	1	UID302492	1	1	0	0
1	1	UID302543	1	1	0	0
1	1	UID302551	1	1	0	0
1	1	UID302576	1	1	0	0
1	1	UID302588	1	1	0	0
1	1	UID302603	1	1	0	0
1	1	UID302630	1	1	0	0
1	1	UID302631	1	1	0	0
1	1	UID302632	1	1	0	0
1	1	UID302633	1	1	0	0
1	1	UID302669	1	1	0	0
1	1	UID302702	1	1	0	0
1	1	UID302765	1	1	0	0
1	1	UID302782	1	1	0	0
1	1	UID302822	1	1	0	0
1	1	UID302823	1	1	0	0
1	1	UID302824	1	1	0	0
1	1	UID302825	1	1	0	0
1	1	UID302826	1	1	0	0
1	1	UID302853	1	1	0	0
1	1	UID302908	1	1	0	0
1	1	UID302911	1	1	0	0
1	1	UID302951	1	1	0	0
1	1	UID302954	1	1	0	0
1	1	UID302961	1	1	0	0
1	1	UID302964	1	1	0	0
1	1	UID302989	1	1	0	0
1	1	UID303000	1	1	0	0
1	1	UID303015	1	1	0	0
1	1	UID303022	1	1	0	0
1	1	UID303031	1	1	0	0
1	1	UID303042	1	1	0	0
1	1	UID303045	1	1	0	0
1	1	UID303053	1	1	0	0
1	1	UID303103	1	1	0	0
1	1	UID303142	1	1	0	0
1	1	UID303149	1	1	0	0
1	1	UID303218	1	1	0	0
1	1	UID303235	1	1	0	0
1	1	UID303241	1	1	0	0
1	1	UID303268	1	1	0	0
1	1	UID303276	1	1	0	0
1	1	UID303295	1	1	0	0
1	1	UID303303	1	1	0	0
1	1	UID303325	1	1	0	0
1	1	UID303327	1	1	0	0
1	1	UID303366	1	1	0	0
1	1	UID303388	1	1	0	0
1	1	UID303390	1	1	0	0
1	1	UID303401	1	1	0	0
3	3	UID303429	1	3	2	2
1	1	UID303444	1	1	0	0
1	1	UID303488	1	1	0	0
1	1	UID303489	1	1	0	0
1	1	UID303544	1	1	0	0
1	1	UID303551	1	1	0	0
1	1	UID303553	1	1	0	0
1	1	UID303569	1	1	0	0
1	1	UID303628	1	1	0	0
1	1	UID303639	1	1	0	0
1	1	UID303730	1	1	0	0
1	1	UID303743	1	1	0	0
1	1	UID303758	1	1	0	0
1	1	UID303765	1	1	0	0
1	1	UID303826	1	1	0	0
1	1	UID303830	1	1	0	0
1	1	UID303856	1	1	0	0
1	1	UID303863	1	1	0	0
1	1	UID303864	1	1	0	0
1	1	UID303871	1	1	0	0
1	1	UID303925	1	1	0	0
1	1	UID303928	1	1	0	0
1	1	UID303940	1	1	0	0
1	1	UID303955	1	1	0	0
1	1	UID303969	1	1	0	0
1	1	UID303975	1	1	0	0
1	1	UID304001	1	1	0	0
1	1	UID304039	1	1	0	0
1	1	UID304051	1	1	0	0
1	1	UID304071	1	1	0	0
4	4	UID304139	1	4	2	2
1	1	UID304170	1	1	0	0
1	1	UID304182	1	1	0	0
1	1	UID304188	1	1	0	0
1	1	UID304205	1	1	0	0
1	1	UID304245	1	1	0	0
1	1	UID304288	1	1	0	0
1	1	UID304374	1	1	0	0
1	1	UID304378	1	1	0	0
1	1	UID304444	1	1	0	0
1	1	UID304448	1	1	0	0
1	1	UID304476	1	1	0	0
1	1	UID304481	1	1	0	0
1	1	UID304489	1	1	0	0
1	1	UID304490	1	1	0	0
1	1	UID304498	1	1	0	0
1	1	UID304504	1	1	0	0
1	1	UID304554	1	1	0	0
1	1	UID304572	1	1	0	0
1	1	UID304655	1	1	0	0
1	1	UID304698	1	1	0	0
1	1	UID304703	1	1	0	0
1	1	UID304713	1	1	0	0
1	1	UID304730	1	1	0	0
1	1	UID304744	1	1	0	0
1	1	UID304800	1	1	0	0
1	1	UID304803	1	1	0	0
1	1	UID304834	1	1	0	0
1	1	UID304880	1	1	0	0
1	1	UID304900	1	1	0	0
1	1	UID304924	1	1	0	0
1	1	UID304941	1	1	0	0
1	1	UID304961	1	1	0	0
1	1	UID305025	1	1	0	0
1	1	UID305064	1	1	0	0
1	1	UID305070	1	1	0	0
1	1	UID305114	1	1	0	0
1	1	UID305116	1	1	0	0
1	1	UID305193	1	1	0	0
1	1	UID305238	1	1	0	0
1	1	UID305256	1	1	0	0
1	1	UID305296	1	1	0	0
3	3	UID305370	1	3	2	2
1	1	UID305430	1	1	0	0
1	1	UID305432	1	1	0	0
1	1	UID305439	1	1	0	0
1	1	UID305450	1	1	0	0
1	1	UID305527	1	1	0	0
1	1	UID305539	1	1	0	0
1	1	UID305613	1	1	0	0
1	1	UID305745	1	1	0	0
1	1	UID305816	1	1	0	0
1	1	UID305899	1	1	0	0
1	1	UID305908	1	1	0	0
1	1	UID305951	1	1	0	0
1	1	UID305990	1	1	0	0
1	1	UID306079	1	1	0	0
1	1	UID306089	1	1	0	0
1	1	UID306139	1	1	0	0
1	1	UID306140	1	1	0	0
1	1	UID306182	1	1	0	0
1	1	UID306220	1	1	0	0
1	1	UID306300	1	1	0	0
1	1	UID306302	1	1	0	0
1	1	UID306371	1	1	0	0
1	1	UID306384	1	1	0	0
1	1	UID306387	1	1	0	0
1	1	UID306440	1	1	0	0
1	1	UID306506	1	1	0	0
1	1	UID306539	1	1	0	0
1	1	UID306578	1	1	0	0
1	1	UID306642	1	1	0	0
1	1	UID306660	1	1	0	0
1	1	UID306720	1	1	0	0
1	1	UID306768	1	1	0	0
1	1	UID306811	1	1	0	0
1	1	UID306884	1	1	0	0
1	1	UID306892	1	1	0	0
1	1	UID306942	1	1	0	0
1	1	UID306985	1	1	0	0
1	1	UID307003	1	1	0	0
1	1	UID307012	1	1	0	0
1	1	UID307062	1	1	0	0
1	1	UID307125	1	1	0	0
1	1	UID307130	1	1	0	0
1	1	UID307131	1	1	0	0
1	1	UID307155	1	1	0	0
1	1	UID307193	1	1	0	0
1	1	UID307198	1	1	0	0
1	1	UID307213	1	1	0	0
1	1	UID307216	1	1	0	0
1	1	UID307218	1	1	0	0
1	1	UID307220	1	1	0	0
1	1	UID307237	1	1	0	0
1	1	UID307253	1	1	0	0
1	1	UID307323	1	1	0	0
1	1	UID307352	1	1	0	0
1	1	UID307381	1	1	0	0
1	1	UID307382	1	1	0	0
1	1	UID307385	1	1	0	0
1	1	UID307396	1	1	0	0
1	1	UID307481	1	1	0	0
1	1	UID307535	1	1	0	0
1	1	UID307569	1	1	0	0
1	1	UID307664	1	1	0	0
1	1	UID307665	1	1	0	0
1	1	UID307670	1	1	0	0
1	1	UID307703	1	1	0	0
1	1	UID307713	1	1	0	0
1	1	UID307721	1	1	0	0
2	2	UID307788	1	2	1	1
2	2	UID307801	1	2	1	1
1	1	UID307855	1	1	0	0
1	1	UID307888	1	1	0	0
1	1	UID307904	1	1	0	0
1	1	UID307915	1	1	0	0
1	1	UID307980	1	1	0	0
1	1	UID307984	1	1	0	0
1	1	UID308000	1	1	0	0
1	1	UID308003	1	1	0	0
1	1	UID308013	1	1	0	0
1	1	UID308071	1	1	0	0
1	1	UID308076	1	1	0	0
1	1	UID308098	1	1	0	0
1	1	UID308105	1	1	0	0
1	1	UID308106	1	1	0	0
1	1	UID308113	1	1	0	0
1	1	UID308115	1	1	0	0
1	1	UID308149	1	1	0	0
1	1	UID308159	1	1	0	0
1	1	UID308162	1	1	0	0
1	1	UID308172	1	1	0	0
1	1	UID308178	1	1	0	0
1	1	UID308180	1	1	0	0
1	1	UID308189	1	1	0	0
1	1	UID308208	1	1	0	0
1	1	UID308241	1	1	0	0
1	1	UID308255	1	1	0	0
1	1	UID308294	1	1	0	0
1	1	UID308299	1	1	0	0
1	1	UID308307	1	1	0	0
1	1	UID308333	1	1	0	0
2	2	UID308348	1	2	1	1
1	1	UID308359	1	1	0	0
1	1	UID308410	1	1	0	0
1	1	UID308423	1	1	0	0
1	1	UID308425	1	1	0	0
1	1	UID308435	1	1	0	0
1	1	UID308438	1	1	0	0
1	1	UID308439	1	1	0	0
1	1	UID308440	1	1	0	0
1	1	UID308441	1	1	0	0
1	1	UID308453	1	1	0	0
1	1	UID308457	1	1	0	0
1	1	UID308482	1	1	0	0
1	1	UID308534	1	1	0	0
1	1	UID308539	1	1	0	0
2	2	UID308545	1	2	1	1
1	1	UID308656	1	1	0	0
1	1	UID308680	1	1	0	0
1	1	UID308751	1	1	0	0
1	1	UID308809	1	1	0	0
3	3	UID308824	1	3	2	2
1	1	UID308842	1	1	0	0
1	1	UID308880	1	1	0	0
1	1	UID308901	1	1	0	0
1	1	UID308922	1	1	0	0
1	1	UID308951	1	1	0	0
1	1	UID308960	1	1	0	0
1	1	UID308966	1	1	0	0
1	1	UID309065	1	1	0	0
1	1	UID309084	1	1	0	0
1	1	UID309097	1	1	0	0
1	1	UID309125	1	1	0	0
1	1	UID309127	1	1	0	0
1	1	UID309203	1	1	0	0
1	1	UID309204	1	1	0	0
1	1	UID309237	1	1	0	0
1	1	UID309267	1	1	0	0
1	1	UID309289	1	1	0	0
1	1	UID309292	1	1	0	0
1	1	UID309385	1	1	0	0
1	1	UID309396	1	1	0	0
1	1	UID309401	1	1	0	0
1	1	UID309402	1	1	0	0
1	1	UID309403	1	1	0	0
1	1	UID309410	1	1	0	0
1	1	UID309414	1	1	0	0
1	1	UID309415	1	1	0	0
1	1	UID309418	1	1	0	0
1	1	UID309426	1	1	0	0
1	1	UID309427	1	1	0	0
1	1	UID309434	1	1	0	0
1	1	UID309445	1	1	0	0
1	1	UID309448	1	1	0	0
1	1	UID309454	1	1	0	0
1	1	UID309459	1	1	0	0
1	1	UID309466	1	1	0	0
1	1	UID309530	1	1	0	0
1	1	UID309541	1	1	0	0
1	1	UID309548	1	1	0	0
1	1	UID309560	1	1	0	0
1	1	UID309565	1	1	0	0
1	1	UID309567	1	1	0	0
1	1	UID309630	1	1	0	0
1	1	UID309645	1	1	0	0
1	1	UID309646	1	1	0	0
1	1	UID309654	1	1	0	0
1	1	UID309657	1	1	0	0
1	1	UID309663	1	1	0	0
1	1	UID309665	1	1	0	0
1	1	UID309677	1	1	0	0
1	1	UID309679	1	1	0	0
1	1	UID309684	1	1	0	0
1	1	UID309700	1	1	0	0
1	1	UID309712	1	1	0	0
1	1	UID309736	1	1	0	0
1	1	UID309741	1	1	0	0
1	1	UID309742	1	1	0	0
1	1	UID309750	1	1	0	0
1	1	UID309760	1	1	0	0
1	1	UID309762	1	1	0	0
1	1	UID309764	1	1	0	0
1	1	UID309765	1	1	0	0
2	2	UID309767	1	2	1	1
1	1	UID309768	1	1	0	0
1	1	UID309769	1	1	0	0
1	1	UID309770	1	1	0	0
1	1	UID309771	1	1	0	0
1	1	UID309781	1	1	0	0
1	1	UID309783	1	1	0	0
1	1	UID309784	1	1	0	0
1	1	UID309787	1	1	0	0
1	1	UID309789	1	1	0	0
1	1	UID309791	1	1	0	0
1	1	UID309799	1	1	0	0
4	5	UID309804	1	3	1	1
1	1	UID309811	1	1	0	0
1	1	UID309813	1	1	0	0
1	1	UID309815	1	1	0	0
1	1	UID309816	1	1	0	0
1	1	UID309817	1	1	0	0
1	1	UID309818	1	1	0	0
1	1	UID309819	1	1	0	0
1	1	UID309822	1	1	0	0
1	1	UID309823	1	1	0	0
1	1	UID309824	1	1	0	0
2	2	UID309825	1	2	1	1
1	1	UID309826	1	1	0	0
1	1	UID309829	1	1	0	0
1	1	UID309830	1	1	0	0
1	1	UID309831	1	1	0	0
1	1	UID309837	1	1	0	0
1	1	UID309838	1	1	0	0
1	1	UID309839	1	1	0	0
1	1	UID309840	1	1	0	0
1	1	UID309842	1	1	0	0
1	1	UID309844	1	1	0	0
1	1	UID309846	1	1	0	0
1	1	UID309849	1	1	0	0
5	5	UID309854	1	5	2	2
1	1	UID309865	1	1	0	0
1	1	UID309869	1	1	0	0
1	1	UID309870	1	1	0	0
1	1	UID309872	1	1	0	0
1	1	UID309873	1	1	0	0
1	1	UID309880	1	1	0	0
1	1	UID309881	1	1	0	0
1	1	UID309887	1	1	0	0
1	1	UID309896	1	1	0	0
1	1	UID309898	1	1	0	0
1	1	UID309899	1	1	0	0
1	1	UID309900	1	1	0	0
1	1	UID309901	1	1	0	0
1	1	UID309902	1	1	0	0
1	1	UID309903	1	1	0	0
1	1	UID309906	1	1	0	0
1	1	UID309914	1	1	0	0
1	1	UID309929	1	1	0	0
1	1	UID309942	1	1	0	0
1	1	UID309943	1	1	0	0
1	1	UID309979	1	1	0	0
1	1	UID309989	1	1	0	0
1	1	UID310002	1	1	0	0
1	1	UID310004	1	1	0	0
1	1	UID310010	1	1	0	0
1	1	UID310011	1	1	0	0
1	1	UID310023	1	1	0	0
1	1	UID310033	1	1	0	0
1	1	UID310036	1	1	0	0
1	1	UID310038	1	1	0	0
1	1	UID310039	1	1	0	0
1	1	UID310045	1	1	0	0
1	1	UID310046	1	1	0	0
1	1	UID310052	1	1	0	0
1	1	UID310054	1	1	0	0
1	1	UID310055	1	1	0	0
1	1	UID310056	1	1	0	0
1	1	UID310074	1	1	0	0
1	1	UID310137	1	1	0	0
1	1	UID310146	1	1	0	0
1	1	UID310162	1	1	0	0
1	1	UID310165	1	1	0	0
1	1	UID310182	1	1	0	0
1	1	UID310184	1	1	0	0
1	1	UID310186	1	1	0	0
1	1	UID310231	1	1	0	0
1	1	UID310259	1	1	0	0
1	1	UID310261	1	1	0	0
1	1	UID310263	1	1	0	0
1	1	UID310326	1	1	0	0
1	1	UID310327	1	1	0	0
1	1	UID310331	1	1	0	0
1	1	UID310377	1	1	0	0
1	1	UID310391	1	1	0	0
1	1	UID310404	1	1	0	0
1	1	UID310405	1	1	0	0
1	1	UID310406	1	1	0	0
1	1	UID310424	1	1	0	0
1	1	UID310425	1	1	0	0
1	1	UID310426	1	1	0	0
1	1	UID310429	1	1	0	0
1	1	UID310430	1	1	0	0
1	1	UID310441	1	1	0	0
1	1	UID310442	1	1	0	0
1	1	UID310445	1	1	0	0
1	1	UID310449	1	1	0	0
1	1	UID310457	1	1	0	0
1	1	UID310471	1	1	0	0
1	1	UID310478	1	1	0	0
1	1	UID310506	1	1	0	0
1	1	UID310508	1	1	0	0
1	1	UID310530	1	1	0	0
1	1	UID310534	1	1	0	0
1	1	UID310542	1	1	0	0
1	1	UID310546	1	1	0	0
1	1	UID310572	1	1	0	0
1	1	UID310647	1	1	0	0
1	1	UID310658	1	1	0	0
1	1	UID310663	1	1	0	0
1	1	UID310681	1	1	0	0
1	1	UID310715	1	1	0	0
1	1	UID310722	1	1	0	0
1	1	UID310724	1	1	0	0
1	1	UID310731	1	1	0	0
1	1	UID310733	1	1	0	0
1	1	UID310742	1	1	0	0
1	1	UID310749	1	1	0	0
1	1	UID310752	1	1	0	0
1	1	UID310753	1	1	0	0
1	1	UID310767	1	1	0	0
1	1	UID310768	1	1	0	0
1	1	UID310772	1	1	0	0
1	1	UID310785	1	1	0	0
1	1	UID310790	1	1	0	0
1	1	UID310799	1	1	0	0
1	1	UID310803	1	1	0	0
1	1	UID310804	1	1	0	0
1	1	UID310805	1	1	0	0
1	1	UID310808	1	1	0	0
1	1	UID310827	1	1	0	0
1	1	UID310844	1	1	0	0
1	1	UID310909	1	1	0	0
1	1	UID310912	1	1	0	0
1	1	UID310942	1	1	0	0
1	1	UID310958	1	1	0	0
1	1	UID310971	1	1	0	0
1	1	UID310973	1	1	0	0
1	1	UID310975	1	1	0	0
1	1	UID311012	1	1	0	0
1	1	UID311037	1	1	0	0
1	1	UID311065	1	1	0	0
1	1	UID311066	1	1	0	0
1	1	UID311088	1	1	0	0
1	1	UID311097	1	1	0	0
1	1	UID311104	1	1	0	0
1	1	UID311143	1	1	0	0
1	1	UID311152	1	1	0	0
1	1	UID311153	1	1	0	0
1	1	UID311154	1	1	0	0
1	1	UID311157	1	1	0	0
1	1	UID311158	1	1	0	0
1	1	UID311160	1	1	0	0
2	2	UID311162	1	2	1	1
1	1	UID311174	1	1	0	0
1	1	UID311182	1	1	0	0
1	1	UID311191	1	1	0	0
1	1	UID311200	1	1	0	0
1	1	UID311207	1	1	0	0
1	1	UID311208	1	1	0	0
1	1	UID311233	1	1	0	0
1	1	UID311246	1	1	0	0
1	1	UID311251	1	1	0	0
1	1	UID311254	1	1	0	0
1	1	UID311255	1	1	0	0
1	1	UID311259	1	1	0	0
1	1	UID311271	1	1	0	0
1	1	UID311275	1	1	0	0
1	1	UID311299	1	1	0	0
1	1	UID311307	1	1	0	0
1	1	UID311316	1	1	0	0
1	1	UID311404	1	1	0	0
1	1	UID311420	1	1	0	0
1	1	UID311423	1	1	0	0
1	1	UID311428	1	1	0	0
1	1	UID311435	1	1	0	0
1	1	UID311436	1	1	0	0
1	1	UID311447	1	1	0	0
1	1	UID311464	1	1	0	0
1	1	UID311470	1	1	0	0
1	1	UID311481	1	1	0	0
1	1	UID311496	1	1	0	0
1	1	UID311503	1	1	0	0
1	1	UID311508	1	1	0	0
1	1	UID311515	1	1	0	0
1	1	UID311520	1	1	0	0
1	1	UID311535	1	1	0	0
1	1	UID311537	1	1	0	0
1	1	UID311557	1	1	0	0
1	1	UID311570	1	1	0	0
1	1	UID311574	1	1	0	0
1	1	UID311625	1	1	0	0
1	1	UID311630	1	1	0	0
1	1	UID311643	1	1	0	0
1	1	UID311645	1	1	0	0
1	1	UID311671	1	1	0	0
1	1	UID311674	1	1	0	0
1	1	UID311675	1	1	0	0
1	1	UID311684	1	1	0	0
1	1	UID311700	1	1	0	0
1	1	UID311705	1	1	0	0
1	1	UID311710	1	1	0	0
1	1	UID311718	1	1	0	0
1	1	UID311719	1	1	0	0
1	1	UID311729	1	1	0	0
1	1	UID311744	1	1	0	0
1	1	UID311758	1	1	0	0
1	1	UID311765	1	1	0	0
1	1	UID311768	1	1	0	0
1	1	UID311774	1	1	0	0
1	1	UID311778	1	1	0	0
1	1	UID311779	1	1	0	0
1	1	UID311793	1	1	0	0
1	1	UID311816	1	1	0	0
1	1	UID311839	1	1	0	0
1	1	UID311850	1	1	0	0
1	1	UID311893	1	1	0	0
1	1	UID311913	1	1	0	0
1	1	UID311919	1	1	0	0
1	1	UID311921	1	1	0	0
1	1	UID311945	1	1	0	0
1	1	UID311961	1	1	0	0
1	1	UID311996	1	1	0	0
1	1	UID312000	1	1	0	0
1	1	UID312007	1	1	0	0
1	1	UID312013	1	1	0	0
1	1	UID312070	1	1	0	0
1	1	UID312076	1	1	0	0
1	1	UID312092	1	1	0	0
1	1	UID312117	1	1	0	0
1	1	UID312123	1	1	0	0
1	1	UID312125	1	1	0	0
1	1	UID312131	1	1	0	0
1	1	UID312141	1	1	0	0
1	1	UID312186	1	1	0	0
1	1	UID312191	1	1	0	0
1	1	UID312212	1	1	0	0
1	1	UID312218	1	1	0	0
1	1	UID312222	1	1	0	0
1	1	UID312223	1	1	0	0
1	1	UID312228	1	1	0	0
1	1	UID312229	1	1	0	0
1	1	UID312230	1	1	0	0
1	1	UID312297	1	1	0	0
1	1	UID312317	1	1	0	0
1	1	UID312342	1	1	0	0
1	1	UID312353	1	1	0	0
1	1	UID312361	1	1	0	0
1	1	UID312445	1	1	0	0
1	1	UID312446	1	1	0	0
1	1	UID312478	1	1	0	0
1	1	UID312481	1	1	0	0
1	1	UID312501	1	1	0	0
1	1	UID312513	1	1	0	0
1	1	UID312518	1	1	0	0
1	1	UID312593	1	1	0	0
1	1	UID312594	1	1	0	0
2	2	UID312602	1	2	1	1
1	1	UID312606	1	1	0	0
1	1	UID312612	1	1	0	0
1	1	UID312615	1	1	0	0
1	1	UID312647	1	1	0	0
1	1	UID312649	1	1	0	0
1	1	UID312650	1	1	0	0
1	1	UID312652	1	1	0	0
1	1	UID312654	1	1	0	0
1	1	UID312656	1	1	0	0
1	1	UID312674	1	1	0	0
1	1	UID312679	1	1	0	0
1	1	UID312698	1	1	0	0
1	1	UID312700	1	1	0	0
1	1	UID312701	1	1	0	0
1	1	UID312704	1	1	0	0
1	1	UID312705	1	1	0	0
1	1	UID312706	1	1	0	0
1	1	UID312707	1	1	0	0
1	1	UID312714	1	1	0	0
1	1	UID312716	1	1	0	0
1	1	UID312717	1	1	0	0
1	1	UID312719	1	1	0	0
1	1	UID312723	1	1	0	0
1	1	UID312724	1	1	0	0
1	1	UID312737	1	1	0	0
1	1	UID312738	1	1	0	0
1	1	UID312758	1	1	0	0
1	1	UID312824	1	1	0	0
1	1	UID312832	1	1	0	0
1	1	UID312844	1	1	0	0
1	1	UID312857	1	1	0	0
1	1	UID312860	1	1	0	0
1	1	UID312880	1	1	0	0
1	1	UID312888	1	1	0	0
1	1	UID312889	1	1	0	0
1	1	UID312893	1	1	0	0
1	1	UID312895	1	1	0	0
1	1	UID312901	1	1	0	0
1	1	UID312904	1	1	0	0
1	1	UID312908	1	1	0	0
1	1	UID312910	1	1	0	0
1	1	UID312913	1	1	0	0
1	1	UID312914	1	1	0	0
1	1	UID312916	1	1	0	0
1	1	UID312917	1	1	0	0
1	1	UID312918	1	1	0	0
1	1	UID312919	1	1	0	0
1	1	UID312920	1	1	0	0
1	1	UID312921	1	1	0	0
1	1	UID312925	1	1	0	0
1	1	UID312927	1	1	0	0
1	1	UID312930	1	1	0	0
1	1	UID312935	1	1	0	0
1	1	UID312936	1	1	0	0
1	1	UID312938	1	1	0	0
1	1	UID312952	1	1	0	0
1	1	UID312970	1	1	0	0
1	1	UID312975	1	1	0	0
1	1	UID312997	1	1	0	0
1	1	UID313003	1	1	0	0
1	1	UID313010	1	1	0	0
1	1	UID313013	1	1	0	0
1	1	UID313019	1	1	0	0
1	1	UID313021	1	1	0	0
1	1	UID313022	1	1	0	0
1	1	UID313023	1	1	0	0
1	1	UID313024	1	1	0	0
1	1	UID313038	1	1	0	0
1	1	UID313042	1	1	0	0
1	1	UID313043	1	1	0	0
1	1	UID313045	1	1	0	0
1	1	UID313066	1	1	0	0
1	1	UID313075	1	1	0	0
1	1	UID313081	1	1	0	0
1	1	UID313082	1	1	0	0
1	1	UID313092	1	1	0	0
1	1	UID313104	1	1	0	0
1	1	UID313110	1	1	0	0
1	1	UID313115	1	1	0	0
1	1	UID313116	1	1	0	0
1	1	UID313120	1	1	0	0
1	1	UID313126	1	1	0	0
1	1	UID313127	1	1	0	0
1	1	UID313154	1	1	0	0
1	1	UID313161	1	1	0	0
1	1	UID313163	1	1	0	0
1	1	UID313175	1	1	0	0
1	1	UID313186	1	1	0	0
1	1	UID313188	1	1	0	0
1	1	UID313193	1	1	0	0
1	1	UID313194	1	1	0	0
1	1	UID313195	1	1	0	0
1	1	UID313202	1	1	0	0
1	1	UID313203	1	1	0	0
1	1	UID313215	1	1	0	0
1	1	UID313221	1	1	0	0
1	1	UID313241	1	1	0	0
1	1	UID313252	1	1	0	0
1	1	UID313268	1	1	0	0
1	1	UID313297	1	1	0	0
1	1	UID313299	1	1	0	0
1	1	UID313302	1	1	0	0
1	1	UID313303	1	1	0	0
1	1	UID313305	1	1	0	0
1	1	UID313306	1	1	0	0
1	1	UID313307	1	1	0	0
1	1	UID313308	1	1	0	0
1	1	UID313309	1	1	0	0
1	1	UID313314	1	1	0	0
1	1	UID313316	1	1	0	0
1	1	UID313317	1	1	0	0
1	1	UID313318	1	1	0	0
1	1	UID313319	1	1	0	0
1	1	UID313321	1	1	0	0
1	1	UID313323	1	1	0	0
1	1	UID313325	1	1	0	0
1	1	UID313336	1	1	0	0
1	1	UID313359	1	1	0	0
1	1	UID313367	1	1	0	0
1	1	UID313405	1	1	0	0
1	1	UID313426	1	1	0	0
1	1	UID313441	1	1	0	0
1	1	UID313442	1	1	0	0
1	1	UID313443	1	1	0	0
1	1	UID313445	1	1	0	0
1	1	UID313450	1	1	0	0
1	1	UID313462	1	1	0	0
1	1	UID313467	1	1	0	0
1	1	UID313477	1	1	0	0
1	1	UID313489	1	1	0	0
1	1	UID313510	1	1	0	0
1	1	UID313526	1	1	0	0
3	3	UID313538	1	3	2	2
1	1	UID313545	1	1	0	0
1	1	UID313559	1	1	0	0
1	1	UID313560	1	1	0	0
1	1	UID313567	1	1	0	0
1	1	UID313573	1	1	0	0
1	1	UID313619	1	1	0	0
1	1	UID313620	1	1	0	0
1	1	UID313625	1	1	0	0
1	1	UID313627	1	1	0	0
1	1	UID313628	1	1	0	0
1	1	UID313637	1	1	0	0
1	1	UID313642	1	1	0	0
1	1	UID313644	1	1	0	0
1	1	UID313658	1	1	0	0
1	1	UID313666	1	1	0	0
1	1	UID313668	1	1	0	0
1	1	UID313669	1	1	0	0
1	1	UID313671	1	1	0	0
1	1	UID313674	1	1	0	0
2	2	UID313675	1	2	1	1
1	1	UID313678	1	1	0	0
1	1	UID313679	1	1	0	0
2	2	UID313698	1	2	1	1
1	1	UID313702	1	1	0	0
1	1	UID313710	1	1	0	0
1	1	UID313755	1	1	0	0
1	1	UID313756	1	1	0	0
1	1	UID313761	1	1	0	0
1	1	UID313762	1	1	0	0
1	1	UID313763	1	1	0	0
1	1	UID313765	1	1	0	0
1	1	UID313796	1	1	0	0
1	1	UID313798	1	1	0	0
1	1	UID313804	1	1	0	0
1	1	UID313808	1	1	0	0
1	1	UID313819	1	1	0	0
1	1	UID313828	1	1	0	0
1	1	UID313833	1	1	0	0
1	1	UID313858	1	1	0	0
1	1	UID313868	1	1	0	0
1	1	UID313888	1	1	0	0
1	1	UID313899	1	1	0	0
1	1	UID313955	1	1	0	0
1	1	UID313971	1	1	0	0
1	1	UID313972	1	1	0	0
1	1	UID313984	1	1	0	0
1	1	UID313988	1	1	0	0
1	1	UID313989	1	1	0	0
1	1	UID313995	1	1	0	0
1	1	UID314013	1	1	0	0
1	1	UID314021	1	1	0	0
1	1	UID314031	1	1	0	0
1	1	UID314042	1	1	0	0
1	1	UID314049	1	1	0	0
1	1	UID314050	1	1	0	0
1	1	UID314070	1	1	0	0
1	1	UID314073	1	1	0	0
1	1	UID314101	1	1	0	0
1	1	UID314102	1	1	0	0
1	1	UID314113	1	1	0	0
1	1	UID314114	1	1	0	0
1	1	UID314116	1	1	0	0
1	1	UID314120	1	1	0	0
1	1	UID314126	1	1	0	0
1	1	UID314130	1	1	0	0
1	1	UID314137	1	1	0	0
1	1	UID314139	1	1	0	0
1	1	UID314143	1	1	0	0
1	1	UID314151	1	1	0	0
1	1	UID314163	1	1	0	0
1	1	UID314167	1	1	0	0
1	1	UID314170	1	1	0	0
1	1	UID314173	1	1	0	0
1	1	UID314177	1	1	0	0
1	1	UID314180	1	1	0	0
1	1	UID314182	1	1	0	0
1	1	UID314215	1	1	0	0
1	1	UID314238	1	1	0	0
1	1	UID314239	1	1	0	0
3	3	UID314265	1	3	1	1
1	1	UID314321	1	1	0	0
1	1	UID314342	1	1	0	0
1	1	UID314361	1	1	0	0
1	1	UID314363	1	1	0	0
1	1	UID314364	1	1	0	0
1	1	UID314367	1	1	0	0
1	1	UID314383	1	1	0	0
1	1	UID314384	1	1	0	0
1	1	UID314385	1	1	0	0
1	1	UID314388	1	1	0	0
1	1	UID314420	1	1	0	0
1	1	UID314439	1	1	0	0
1	1	UID314447	1	1	0	0
1	1	UID314464	1	1	0	0
1	1	UID314489	1	1	0	0
1	1	UID314491	1	1	0	0
1	1	UID314510	1	1	0	0
1	1	UID314512	1	1	0	0
1	1	UID314513	1	1	0	0
1	1	UID314520	1	1	0	0
1	1	UID314521	1	1	0	0
1	1	UID314536	1	1	0	0
1	1	UID314537	1	1	0	0
1	1	UID314541	1	1	0	0
1	1	UID314545	1	1	0	0
1	1	UID314546	1	1	0	0
1	1	UID314551	1	1	0	0
1	1	UID314555	1	1	0	0
1	1	UID314556	1	1	0	0
1	1	UID314563	1	1	0	0
1	1	UID314576	1	1	0	0
1	1	UID314577	1	1	0	0
1	1	UID314593	1	1	0	0
1	1	UID314594	1	1	0	0
1	1	UID314595	1	1	0	0
1	1	UID314596	1	1	0	0
2	2	UID314601	1	2	1	1
1	1	UID314637	1	1	0	0
1	1	UID314640	1	1	0	0
1	1	UID314646	1	1	0	0
1	1	UID314656	1	1	0	0
1	1	UID314659	1	1	0	0
1	1	UID314665	1	1	0	0
1	1	UID314674	1	1	0	0
1	1	UID314698	1	1	0	0
1	1	UID314701	1	1	0	0
1	1	UID314724	1	1	0	0
1	1	UID314730	1	1	0	0
1	1	UID314749	1	1	0	0
1	1	UID314761	1	1	0	0
1	1	UID314771	1	1	0	0
1	1	UID314784	1	1	0	0
1	1	UID314789	1	1	0	0
1	1	UID314796	1	1	0	0
1	1	UID314809	1	1	0	0
1	1	UID314810	1	1	0	0
1	1	UID314817	1	1	0	0
1	1	UID314849	1	1	0	0
1	1	UID314850	1	1	0	0
1	1	UID314862	1	1	0	0
1	1	UID314863	1	1	0	0
1	1	UID314867	1	1	0	0
1	1	UID314886	1	1	0	0
1	1	UID314907	1	1	0	0
1	1	UID314931	1	1	0	0
1	1	UID315109	1	1	0	0
1	1	UID315114	1	1	0	0
1	1	UID315149	1	1	0	0
1	1	UID315201	1	1	0	0
1	1	UID315202	1	1	0	0
1	1	UID315216	1	1	0	0
1	1	UID315218	1	1	0	0
1	1	UID315221	1	1	0	0
1	1	UID315231	1	1	0	0
1	1	UID315248	1	1	0	0
1	1	UID315297	1	1	0	0
1	1	UID315320	1	1	0	0
1	1	UID315325	1	1	0	0
1	1	UID315338	1	1	0	0
1	1	UID315354	1	1	0	0
1	1	UID315364	1	1	0	0
1	1	UID315369	1	1	0	0
1	1	UID315389	1	1	0	0
1	1	UID315393	1	1	0	0
1	1	UID315394	1	1	0	0
1	1	UID315481	1	1	0	0
1	1	UID315483	1	1	0	0
1	1	UID315498	1	1	0	0
1	1	UID315514	1	1	0	0
1	1	UID315521	1	1	0	0
1	1	UID315523	1	1	0	0
1	1	UID315536	1	1	0	0
1	1	UID315540	1	1	0	0
1	1	UID315555	1	1	0	0
1	1	UID315560	1	1	0	0
1	1	UID315568	1	1	0	0
1	1	UID315585	1	1	0	0
1	1	UID315598	1	1	0	0
1	1	UID315612	1	1	0	0
1	1	UID315614	1	1	0	0
1	1	UID315615	1	1	0	0
1	1	UID315625	1	1	0	0
1	1	UID315629	1	1	0	0
1	1	UID315647	1	1	0	0
1	1	UID315657	1	1	0	0
1	1	UID315659	1	1	0	0
1	1	UID315663	1	1	0	0
1	1	UID315664	1	1	0	0
1	1	UID315676	1	1	0	0
1	1	UID315706	1	1	0	0
1	1	UID315725	1	1	0	0
1	1	UID315739	1	1	0	0
1	1	UID315771	1	1	0	0
1	1	UID315775	1	1	0	0
1	1	UID315799	1	1	0	0
1	1	UID315875	1	1	0	0
1	1	UID315904	1	1	0	0
1	1	UID315905	1	1	0	0
1	1	UID315911	1	1	0	0
1	1	UID315927	1	1	0	0
1	1	UID315939	1	1	0	0
1	1	UID315940	1	1	0	0
1	1	UID315941	1	1	0	0
1	1	UID315943	1	1	0	0
2	2	UID316035	1	2	1	1
1	1	UID316062	1	1	0	0
1	1	UID316075	1	1	0	0
1	1	UID316104	1	1	0	0
1	1	UID316105	1	1	0	0
1	1	UID316138	1	1	0	0
1	1	UID316153	1	1	0	0
1	1	UID316218	1	1	0	0
1	1	UID316337	1	1	0	0
1	1	UID316496	1	1	0	0
1	1	UID316515	1	1	0	0
1	1	UID316562	1	1	0	0
1	1	UID316597	1	1	0	0
1	1	UID316603	1	1	0	0
1	1	UID316617	1	1	0	0
1	1	UID316649	1	1	0	0
1	1	UID316664	1	1	0	0
1	1	UID316667	1	1	0	0
1	1	UID316675	1	1	0	0
1	1	UID316736	1	1	0	0
1	1	UID316739	1	1	0	0
1	1	UID316740	1	1	0	0
1	1	UID316744	1	1	0	0
1	1	UID316745	1	1	0	0
1	1	UID316750	1	1	0	0
1	1	UID316774	1	1	0	0
1	1	UID316779	1	1	0	0
1	1	UID316795	1	1	0	0
1	1	UID316843	1	1	0	0
2	2	UID316844	1	2	1	1
1	1	UID316845	1	1	0	0
2	2	UID316847	1	2	1	1
1	1	UID316857	1	1	0	0
1	1	UID316858	1	1	0	0
1	1	UID316859	1	1	0	0
1	1	UID316860	1	1	0	0
1	1	UID316896	1	1	0	0
1	1	UID316905	1	1	0	0
1	1	UID316906	1	1	0	0
1	1	UID316956	1	1	0	0
1	1	UID316962	1	1	0	0
1	1	UID316980	1	1	0	0
1	1	UID316988	1	1	0	0
1	1	UID317000	1	1	0	0
1	1	UID317016	1	1	0	0
1	1	UID317029	1	1	0	0
1	1	UID317030	1	1	0	0
1	1	UID317057	1	1	0	0
1	1	UID317065	1	1	0	0
1	1	UID317105	1	1	0	0
1	1	UID317107	1	1	0	0
1	1	UID317120	1	1	0	0
1	1	UID317121	1	1	0	0
1	1	UID317122	1	1	0	0
1	1	UID317127	1	1	0	0
1	1	UID317139	1	1	0	0
1	1	UID317187	1	1	0	0
1	1	UID317199	1	1	0	0
1	1	UID317254	1	1	0	0
1	1	UID317256	1	1	0	0
1	1	UID317259	1	1	0	0
1	1	UID317271	1	1	0	0
1	1	UID317276	1	1	0	0
1	1	UID317284	1	1	0	0
1	1	UID317288	1	1	0	0
1	1	UID317305	1	1	0	0
1	1	UID317315	1	1	0	0
1	1	UID317337	1	1	0	0
1	1	UID317338	1	1	0	0
1	1	UID317341	1	1	0	0
1	1	UID317350	1	1	0	0
1	1	UID317351	1	1	0	0
1	1	UID317355	1	1	0	0
1	1	UID317357	1	1	0	0
1	1	UID317365	1	1	0	0
1	1	UID317368	1	1	0	0
1	1	UID317369	1	1	0	0
1	1	UID317375	1	1	0	0
1	1	UID317376	1	1	0	0
1	1	UID317381	1	1	0	0
1	1	UID317382	1	1	0	0
1	1	UID317383	1	1	0	0
1	1	UID317395	1	1	0	0
1	1	UID317455	1	1	0	0
1	1	UID317466	1	1	0	0
1	1	UID317469	1	1	0	0
1	1	UID317480	1	1	0	0
1	1	UID317485	1	1	0	0
1	1	UID317514	1	1	0	0
1	1	UID317562	1	1	0	0
1	1	UID317567	1	1	0	0
1	1	UID317571	1	1	0	0
1	1	UID317584	1	1	0	0
1	1	UID317591	1	1	0	0
1	1	UID317593	1	1	0	0
1	1	UID317596	1	1	0	0
1	1	UID317599	1	1	0	0
1	1	UID317604	1	1	0	0
1	1	UID317610	1	1	0	0
1	1	UID317611	1	1	0	0
1	1	UID317617	1	1	0	0
1	1	UID317628	1	1	0	0
1	1	UID317658	1	1	0	0
1	1	UID317660	1	1	0	0
1	1	UID317667	1	1	0	0
1	1	UID317674	1	1	0	0
1	1	UID317679	1	1	0	0
1	1	UID317688	1	1	0	0
1	1	UID317689	1	1	0	0
1	1	UID31769	1	1	0	0
1	1	UID317709	1	1	0	0
1	1	UID317714	1	1	0	0
1	1	UID317716	1	1	0	0
1	1	UID317717	1	1	0	0
1	1	UID317718	1	1	0	0
1	1	UID317722	1	1	0	0
1	1	UID317724	1	1	0	0
1	1	UID317725	1	1	0	0
1	1	UID317733	1	1	0	0
1	1	UID317757	1	1	0	0
1	1	UID317759	1	1	0	0
1	1	UID317762	1	1	0	0
1	1	UID317772	1	1	0	0
1	1	UID317784	1	1	0	0
2	2	UID317785	1	2	1	1
1	1	UID317821	1	1	0	0
1	1	UID317846	1	1	0	0
1	1	UID317863	1	1	0	0
1	1	UID317867	1	1	0	0
1	1	UID317873	1	1	0	0
1	1	UID317882	1	1	0	0
1	1	UID317883	1	1	0	0
1	1	UID317884	1	1	0	0
1	1	UID317885	1	1	0	0
1	1	UID317888	1	1	0	0
1	1	UID317890	1	1	0	0
1	1	UID317896	1	1	0	0
1	1	UID317897	1	1	0	0
1	1	UID317900	1	1	0	0
1	1	UID317918	1	1	0	0
1	1	UID317942	1	1	0	0
1	1	UID317944	1	1	0	0
1	1	UID317968	1	1	0	0
1	1	UID317970	1	1	0	0
1	1	UID317971	1	1	0	0
1	1	UID317972	1	1	0	0
1	1	UID317973	1	1	0	0
1	1	UID317975	1	1	0	0
1	1	UID317978	1	1	0	0
1	1	UID317979	1	1	0	0
1	1	UID317992	1	1	0	0
1	1	UID318012	1	1	0	0
1	1	UID318029	1	1	0	0
1	1	UID318032	1	1	0	0
1	1	UID318034	1	1	0	0
1	1	UID318066	1	1	0	0
1	1	UID318067	1	1	0	0
1	1	UID318076	1	1	0	0
1	1	UID318099	1	1	0	0
1	1	UID318112	1	1	0	0
1	1	UID318121	1	1	0	0
1	1	UID318124	1	1	0	0
1	1	UID318132	1	1	0	0
1	1	UID318142	1	1	0	0
1	1	UID318159	1	1	0	0
1	1	UID318160	1	1	0	0
1	1	UID318170	1	1	0	0
1	1	UID318171	1	1	0	0
1	1	UID318178	1	1	0	0
1	1	UID318211	1	1	0	0
1	1	UID318214	1	1	0	0
1	1	UID318216	1	1	0	0
1	1	UID318230	1	1	0	0
1	1	UID318231	1	1	0	0
1	1	UID318234	1	1	0	0
1	1	UID318235	1	1	0	0
1	1	UID318264	1	1	0	0
1	1	UID318270	1	1	0	0
1	1	UID318287	1	1	0	0
1	1	UID318288	1	1	0	0
1	1	UID318305	1	1	0	0
1	1	UID318308	1	1	0	0
1	1	UID318310	1	1	0	0
1	1	UID318311	1	1	0	0
1	1	UID318317	1	1	0	0
1	1	UID318319	1	1	0	0
1	1	UID318320	1	1	0	0
1	1	UID318326	1	1	0	0
1	1	UID318343	1	1	0	0
1	1	UID318352	1	1	0	0
1	1	UID318353	1	1	0	0
1	1	UID318363	1	1	0	0
1	1	UID318364	1	1	0	0
1	1	UID318365	1	1	0	0
1	1	UID318368	1	1	0	0
1	1	UID318370	1	1	0	0
1	1	UID318410	1	1	0	0
1	1	UID318411	1	1	0	0
1	1	UID318419	1	1	0	0
1	1	UID318431	1	1	0	0
1	1	UID318443	1	1	0	0
1	1	UID318447	1	1	0	0
1	1	UID318450	1	1	0	0
1	1	UID318452	1	1	0	0
1	1	UID318462	1	1	0	0
1	1	UID318464	1	1	0	0
1	1	UID318466	1	1	0	0
1	1	UID318467	1	1	0	0
1	1	UID318476	1	1	0	0
1	1	UID318477	1	1	0	0
1	1	UID318494	1	1	0	0
1	1	UID318507	1	1	0	0
1	1	UID318523	1	1	0	0
1	1	UID318544	1	1	0	0
1	1	UID318545	1	1	0	0
1	1	UID318553	1	1	0	0
1	1	UID318556	1	1	0	0
1	1	UID318557	1	1	0	0
1	1	UID318559	1	1	0	0
1	1	UID318568	1	1	0	0
1	1	UID318573	1	1	0	0
1	1	UID318580	1	1	0	0
1	1	UID318581	1	1	0	0
1	1	UID318583	1	1	0	0
1	1	UID318584	1	1	0	0
1	1	UID318585	1	1	0	0
1	1	UID318613	1	1	0	0
1	1	UID318632	1	1	0	0
1	1	UID318635	1	1	0	0
1	1	UID318642	1	1	0	0
1	1	UID318652	1	1	0	0
1	1	UID318689	1	1	0	0
1	1	UID318690	1	1	0	0
1	1	UID318691	1	1	0	0
1	1	UID318692	1	1	0	0
1	1	UID318694	1	1	0	0
1	1	UID318706	1	1	0	0
1	1	UID318709	1	1	0	0
1	1	UID318731	1	1	0	0
1	1	UID318745	1	1	0	0
1	1	UID318753	1	1	0	0
1	1	UID318808	1	1	0	0
1	1	UID318849	1	1	0	0
1	1	UID318850	1	1	0	0
1	1	UID318872	1	1	0	0
1	1	UID318898	1	1	0	0
1	1	UID318901	1	1	0	0
1	1	UID318902	1	1	0	0
1	1	UID318932	1	1	0	0
1	1	UID318958	1	1	0	0
1	1	UID318969	1	1	0	0
1	1	UID318975	1	1	0	0
1	1	UID319017	1	1	0	0
1	1	UID319022	1	1	0	0
1	1	UID319023	1	1	0	0
1	1	UID319027	1	1	0	0
1	1	UID319029	1	1	0	0
1	1	UID319030	1	1	0	0
1	1	UID319031	1	1	0	0
1	1	UID319051	1	1	0	0
1	1	UID319065	1	1	0	0
1	1	UID319066	1	1	0	0
1	1	UID319069	1	1	0	0
1	1	UID319070	1	1	0	0
1	1	UID319073	1	1	0	0
1	1	UID319074	1	1	0	0
1	1	UID319075	1	1	0	0
1	1	UID319077	1	1	0	0
1	1	UID319079	1	1	0	0
1	1	UID319080	1	1	0	0
1	1	UID319092	1	1	0	0
1	1	UID319095	1	1	0	0
1	1	UID319099	1	1	0	0
1	1	UID319100	1	1	0	0
1	1	UID319101	1	1	0	0
1	1	UID319107	1	1	0	0
1	1	UID319115	1	1	0	0
1	1	UID319132	1	1	0	0
1	1	UID319137	1	1	0	0
1	1	UID319140	1	1	0	0
1	1	UID319147	1	1	0	0
1	1	UID319168	1	1	0	0
1	1	UID319191	1	1	0	0
1	1	UID319193	1	1	0	0
1	1	UID319218	1	1	0	0
1	1	UID319239	1	1	0	0
1	1	UID319243	1	1	0	0
1	1	UID319253	1	1	0	0
1	1	UID319262	1	1	0	0
1	1	UID319272	1	1	0	0
1	1	UID319290	1	1	0	0
1	1	UID319306	1	1	0	0
1	1	UID319336	1	1	0	0
1	1	UID319339	1	1	0	0
1	1	UID319344	1	1	0	0
1	1	UID319345	1	1	0	0
1	1	UID319350	1	1	0	0
1	1	UID319366	1	1	0	0
1	1	UID319381	1	1	0	0
1	1	UID319383	1	1	0	0
1	1	UID319387	1	1	0	0
1	1	UID319395	1	1	0	0
1	1	UID319397	1	1	0	0
1	1	UID319443	1	1	0	0
1	1	UID319444	1	1	0	0
1	1	UID319459	1	1	0	0
1	1	UID319460	1	1	0	0
1	1	UID319466	1	1	0	0
1	1	UID319510	1	1	0	0
1	1	UID319547	1	1	0	0
1	1	UID319564	1	1	0	0
1	1	UID319565	1	1	0	0
1	1	UID319579	1	1	0	0
1	1	UID319591	1	1	0	0
1	1	UID319607	1	1	0	0
1	1	UID319610	1	1	0	0
1	1	UID319611	1	1	0	0
1	1	UID319659	1	1	0	0
1	1	UID319674	1	1	0	0
1	1	UID319677	1	1	0	0
2	2	UID319683	1	2	1	1
1	1	UID319685	1	1	0	0
1	1	UID319688	1	1	0	0
1	1	UID319693	1	1	0	0
1	1	UID319694	1	1	0	0
1	1	UID319699	1	1	0	0
1	1	UID319703	1	1	0	0
1	1	UID319712	1	1	0	0
1	1	UID319714	1	1	0	0
1	1	UID319721	1	1	0	0
1	1	UID319724	1	1	0	0
1	1	UID319740	1	1	0	0
1	1	UID319741	1	1	0	0
1	1	UID319742	1	1	0	0
1	1	UID319767	1	1	0	0
1	1	UID319769	1	1	0	0
1	1	UID319771	1	1	0	0
1	1	UID319785	1	1	0	0
1	1	UID319786	1	1	0	0
1	1	UID319796	1	1	0	0
1	1	UID319807	1	1	0	0
1	1	UID319847	1	1	0	0
1	1	UID319860	1	1	0	0
1	1	UID319872	1	1	0	0
1	1	UID319896	1	1	0	0
1	1	UID319905	1	1	0	0
1	1	UID319929	1	1	0	0
1	1	UID319976	1	1	0	0
1	1	UID319984	1	1	0	0
1	1	UID319985	1	1	0	0
1	1	UID320002	1	1	0	0
1	1	UID320017	1	1	0	0
1	1	UID320019	1	1	0	0
1	1	UID320026	1	1	0	0
1	1	UID320033	1	1	0	0
1	1	UID320035	1	1	0	0
1	1	UID320036	1	1	0	0
1	1	UID320042	1	1	0	0
1	1	UID320056	1	1	0	0
1	1	UID320059	1	1	0	0
1	1	UID320075	1	1	0	0
1	1	UID320108	1	1	0	0
1	1	UID320111	1	1	0	0
1	1	UID320112	1	1	0	0
1	1	UID320114	1	1	0	0
1	1	UID320117	1	1	0	0
1	1	UID320127	1	1	0	0
1	1	UID320129	1	1	0	0
1	1	UID320132	1	1	0	0
1	1	UID320147	1	1	0	0
1	1	UID320149	1	1	0	0
1	1	UID320157	1	1	0	0
1	1	UID320170	1	1	0	0
1	1	UID320171	1	1	0	0
1	1	UID320176	1	1	0	0
1	1	UID320191	1	1	0	0
1	1	UID320237	1	1	0	0
1	1	UID320241	1	1	0	0
1	1	UID320248	1	1	0	0
1	1	UID320251	1	1	0	0
1	1	UID320262	1	1	0	0
1	1	UID320263	1	1	0	0
1	1	UID320272	1	1	0	0
1	1	UID320276	1	1	0	0
1	1	UID320286	1	1	0	0
1	1	UID320299	1	1	0	0
1	1	UID320301	1	1	0	0
1	1	UID320304	1	1	0	0
1	1	UID320319	1	1	0	0
1	1	UID320337	1	1	0	0
1	1	UID320375	1	1	0	0
1	1	UID320402	1	1	0	0
1	1	UID320406	1	1	0	0
1	1	UID320441	1	1	0	0
1	1	UID320447	1	1	0	0
1	1	UID320450	1	1	0	0
1	1	UID320451	1	1	0	0
1	1	UID320468	1	1	0	0
1	1	UID320472	1	1	0	0
1	1	UID320473	1	1	0	0
1	1	UID320474	1	1	0	0
1	1	UID320475	1	1	0	0
1	1	UID320479	1	1	0	0
1	1	UID320481	1	1	0	0
1	1	UID320496	1	1	0	0
1	1	UID320498	1	1	0	0
1	1	UID320500	1	1	0	0
1	1	UID320501	1	1	0	0
1	1	UID320522	1	1	0	0
1	1	UID320529	1	1	0	0
1	1	UID320531	1	1	0	0
1	1	UID320532	1	1	0	0
1	1	UID320539	1	1	0	0
1	1	UID320540	1	1	0	0
1	1	UID320541	1	1	0	0
1	1	UID320544	1	1	0	0
1	1	UID320573	1	1	0	0
1	1	UID320585	1	1	0	0
1	1	UID320596	1	1	0	0
1	1	UID320598	1	1	0	0
1	1	UID320609	1	1	0	0
1	1	UID320610	1	1	0	0
1	1	UID320628	1	1	0	0
1	1	UID320683	1	1	0	0
1	1	UID320691	1	1	0	0
1	1	UID320699	1	1	0	0
1	1	UID320701	1	1	0	0
1	1	UID320702	1	1	0	0
1	1	UID320708	1	1	0	0
1	1	UID320730	1	1	0	0
1	1	UID320737	1	1	0	0
1	1	UID320740	1	1	0	0
1	1	UID320748	1	1	0	0
1	1	UID320751	1	1	0	0
1	1	UID320755	1	1	0	0
1	1	UID320757	1	1	0	0
1	1	UID320779	1	1	0	0
1	1	UID320784	1	1	0	0
1	1	UID320785	1	1	0	0
1	1	UID320790	1	1	0	0
1	1	UID320793	1	1	0	0
1	1	UID320818	1	1	0	0
1	1	UID320842	1	1	0	0
1	1	UID320847	1	1	0	0
1	1	UID320848	1	1	0	0
1	1	UID320858	1	1	0	0
1	1	UID320860	1	1	0	0
1	1	UID320866	1	1	0	0
1	1	UID320877	1	1	0	0
2	2	UID320879	1	2	1	1
1	1	UID320897	1	1	0	0
1	1	UID320905	1	1	0	0
1	1	UID320913	1	1	0	0
1	1	UID320945	1	1	0	0
1	1	UID320949	1	1	0	0
1	1	UID320952	1	1	0	0
1	1	UID320970	1	1	0	0
1	1	UID320971	1	1	0	0
1	1	UID320974	1	1	0	0
1	1	UID320980	1	1	0	0
1	1	UID320984	1	1	0	0
1	1	UID321018	1	1	0	0
1	1	UID321031	1	1	0	0
1	1	UID321090	1	1	0	0
1	1	UID321109	1	1	0	0
1	1	UID321114	1	1	0	0
1	1	UID321138	1	1	0	0
1	1	UID321140	1	1	0	0
1	1	UID321151	1	1	0	0
1	1	UID321153	1	1	0	0
1	1	UID321157	1	1	0	0
1	1	UID321173	1	1	0	0
1	1	UID321176	1	1	0	0
1	1	UID321197	1	1	0	0
1	1	UID321208	1	1	0	0
1	1	UID321228	1	1	0	0
1	1	UID321230	1	1	0	0
1	1	UID321232	1	1	0	0
1	1	UID321298	1	1	0	0
1	1	UID321302	1	1	0	0
1	1	UID321304	1	1	0	0
1	1	UID321306	1	1	0	0
1	1	UID321324	1	1	0	0
1	1	UID321341	1	1	0	0
1	1	UID321354	1	1	0	0
1	1	UID321363	1	1	0	0
1	1	UID321375	1	1	0	0
1	1	UID321391	1	1	0	0
1	1	UID321398	1	1	0	0
1	1	UID321405	1	1	0	0
1	1	UID321413	1	1	0	0
1	1	UID321415	1	1	0	0
1	1	UID321438	1	1	0	0
1	1	UID321440	1	1	0	0
1	1	UID321441	1	1	0	0
1	1	UID321443	1	1	0	0
1	1	UID321444	1	1	0	0
1	1	UID321454	1	1	0	0
1	1	UID321455	1	1	0	0
1	1	UID321463	1	1	0	0
1	1	UID321466	1	1	0	0
1	1	UID321473	1	1	0	0
1	1	UID321475	1	1	0	0
1	1	UID321491	1	1	0	0
1	1	UID321515	1	1	0	0
1	1	UID321600	1	1	0	0
1	1	UID321601	1	1	0	0
1	1	UID321602	1	1	0	0
1	1	UID321613	1	1	0	0
1	1	UID321618	1	1	0	0
1	1	UID321619	1	1	0	0
1	1	UID321620	1	1	0	0
1	1	UID321627	1	1	0	0
1	1	UID321629	1	1	0	0
1	1	UID321636	1	1	0	0
1	1	UID321638	1	1	0	0
1	1	UID321641	1	1	0	0
1	1	UID321694	1	1	0	0
1	1	UID321698	1	1	0	0
1	1	UID321702	1	1	0	0
1	1	UID321726	1	1	0	0
1	1	UID321743	1	1	0	0
1	1	UID321744	1	1	0	0
1	1	UID321745	1	1	0	0
1	1	UID321750	1	1	0	0
1	1	UID321753	1	1	0	0
1	1	UID321774	1	1	0	0
1	1	UID321821	1	1	0	0
1	1	UID321839	1	1	0	0
1	1	UID321851	1	1	0	0
1	1	UID321900	1	1	0	0
1	1	UID321901	1	1	0	0
1	1	UID321913	1	1	0	0
1	1	UID321914	1	1	0	0
1	1	UID321915	1	1	0	0
1	1	UID321920	1	1	0	0
1	1	UID321925	1	1	0	0
1	1	UID321928	1	1	0	0
1	1	UID321947	1	1	0	0
1	1	UID321948	1	1	0	0
1	1	UID321957	1	1	0	0
1	1	UID321960	1	1	0	0
1	1	UID321964	1	1	0	0
1	1	UID321970	1	1	0	0
1	1	UID321979	1	1	0	0
1	1	UID321982	1	1	0	0
1	1	UID321984	1	1	0	0
1	1	UID321985	1	1	0	0
1	1	UID321987	1	1	0	0
1	1	UID321989	1	1	0	0
1	1	UID322010	1	1	0	0
1	1	UID322020	1	1	0	0
1	1	UID322021	1	1	0	0
1	1	UID322028	1	1	0	0
1	1	UID322052	1	1	0	0
1	1	UID322090	1	1	0	0
2	2	UID322096	1	2	1	1
1	1	UID322107	1	1	0	0
1	1	UID322157	1	1	0	0
1	1	UID322164	1	1	0	0
1	1	UID322198	1	1	0	0
1	1	UID322199	1	1	0	0
1	1	UID322200	1	1	0	0
1	1	UID322202	1	1	0	0
1	1	UID322203	1	1	0	0
1	1	UID322214	1	1	0	0
1	1	UID322224	1	1	0	0
1	1	UID322249	1	1	0	0
1	1	UID322258	1	1	0	0
1	1	UID322280	1	1	0	0
1	1	UID322290	1	1	0	0
1	1	UID322299	1	1	0	0
1	1	UID322307	1	1	0	0
1	1	UID322312	1	1	0	0
1	1	UID322314	1	1	0	0
1	1	UID322316	1	1	0	0
1	1	UID322317	1	1	0	0
1	1	UID322322	1	1	0	0
1	1	UID322326	1	1	0	0
1	1	UID322331	1	1	0	0
1	1	UID322332	1	1	0	0
1	1	UID322334	1	1	0	0
1	1	UID322336	1	1	0	0
1	1	UID322337	1	1	0	0
1	1	UID322338	1	1	0	0
1	1	UID322345	1	1	0	0
1	1	UID322360	1	1	0	0
1	1	UID322362	1	1	0	0
1	1	UID322374	1	1	0	0
1	1	UID322419	1	1	0	0
1	1	UID322422	1	1	0	0
1	1	UID322433	1	1	0	0
1	1	UID322434	1	1	0	0
1	1	UID322451	1	1	0	0
1	1	UID322453	1	1	0	0
1	1	UID322495	1	1	0	0
1	1	UID322504	1	1	0	0
1	1	UID322531	1	1	0	0
1	1	UID322534	1	1	0	0
1	1	UID322537	1	1	0	0
1	1	UID322538	1	1	0	0
1	1	UID322544	1	1	0	0
1	1	UID322546	1	1	0	0
1	1	UID322551	1	1	0	0
1	1	UID322571	1	1	0	0
1	1	UID322579	1	1	0	0
1	1	UID322586	1	1	0	0
1	1	UID322590	1	1	0	0
1	1	UID322591	1	1	0	0
1	1	UID322593	1	1	0	0
1	1	UID322598	1	1	0	0
1	1	UID322601	1	1	0	0
1	1	UID322603	1	1	0	0
1	1	UID322615	1	1	0	0
1	1	UID322622	1	1	0	0
1	1	UID322624	1	1	0	0
1	1	UID322633	1	1	0	0
1	1	UID322643	1	1	0	0
1	1	UID322645	1	1	0	0
1	1	UID322649	1	1	0	0
1	1	UID322659	1	1	0	0
1	1	UID322671	1	1	0	0
1	1	UID322677	1	1	0	0
1	1	UID322682	1	1	0	0
1	1	UID322696	1	1	0	0
1	1	UID322704	1	1	0	0
1	1	UID322705	1	1	0	0
1	1	UID322758	1	1	0	0
1	1	UID322768	1	1	0	0
1	1	UID322778	1	1	0	0
2	2	UID322788	1	2	1	1
1	1	UID322795	1	1	0	0
1	1	UID322796	1	1	0	0
1	1	UID322800	1	1	0	0
1	1	UID322804	1	1	0	0
1	1	UID322807	1	1	0	0
1	1	UID322817	1	1	0	0
1	1	UID322839	1	1	0	0
1	1	UID322844	1	1	0	0
1	1	UID322873	1	1	0	0
1	1	UID322888	1	1	0	0
1	1	UID322899	1	1	0	0
1	1	UID322900	1	1	0	0
1	1	UID322901	1	1	0	0
1	1	UID322906	1	1	0	0
1	1	UID322921	1	1	0	0
1	1	UID322994	1	1	0	0
1	1	UID323009	1	1	0	0
1	1	UID323014	1	1	0	0
1	1	UID323019	1	1	0	0
1	1	UID323024	1	1	0	0
1	1	UID323026	1	1	0	0
1	1	UID323048	1	1	0	0
1	1	UID323054	1	1	0	0
1	1	UID323072	1	1	0	0
1	1	UID323078	1	1	0	0
1	1	UID323084	1	1	0	0
1	1	UID323085	1	1	0	0
1	1	UID323086	1	1	0	0
1	1	UID323087	1	1	0	0
1	1	UID323089	1	1	0	0
1	1	UID323094	1	1	0	0
1	1	UID323101	1	1	0	0
1	1	UID323102	1	1	0	0
1	1	UID323126	1	1	0	0
1	1	UID323128	1	1	0	0
1	1	UID323133	1	1	0	0
1	1	UID323176	1	1	0	0
1	1	UID323198	1	1	0	0
1	1	UID323206	1	1	0	0
1	1	UID323214	1	1	0	0
1	1	UID323221	1	1	0	0
1	1	UID323240	1	1	0	0
1	1	UID323247	1	1	0	0
1	1	UID323250	1	1	0	0
1	1	UID323251	1	1	0	0
1	1	UID323267	1	1	0	0
1	1	UID323275	1	1	0	0
1	1	UID323287	1	1	0	0
1	1	UID323308	1	1	0	0
1	1	UID323326	1	1	0	0
1	1	UID323339	1	1	0	0
1	1	UID323350	1	1	0	0
1	1	UID323356	1	1	0	0
1	1	UID323357	1	1	0	0
1	1	UID323418	1	1	0	0
1	1	UID323421	1	1	0	0
1	1	UID323426	1	1	0	0
1	1	UID323428	1	1	0	0
1	1	UID323447	1	1	0	0
1	1	UID323452	1	1	0	0
1	1	UID323459	1	1	0	0
1	1	UID323471	1	1	0	0
1	1	UID323474	1	1	0	0
1	1	UID323478	1	1	0	0
1	1	UID323480	1	1	0	0
1	1	UID323492	1	1	0	0
1	1	UID323493	1	1	0	0
1	1	UID323498	1	1	0	0
1	1	UID323502	1	1	0	0
1	1	UID323511	1	1	0	0
1	1	UID323513	1	1	0	0
1	1	UID323523	1	1	0	0
1	1	UID323527	1	1	0	0
1	1	UID323529	1	1	0	0
1	1	UID323575	1	1	0	0
1	1	UID323585	1	1	0	0
1	1	UID323593	1	1	0	0
1	1	UID323597	1	1	0	0
1	1	UID323598	1	1	0	0
1	1	UID323601	1	1	0	0
1	1	UID323605	1	1	0	0
1	1	UID323630	1	1	0	0
1	1	UID323637	1	1	0	0
1	1	UID323642	1	1	0	0
1	1	UID323649	1	1	0	0
2	2	UID323654	1	2	1	1
1	1	UID323663	1	1	0	0
1	1	UID323664	1	1	0	0
1	1	UID323685	1	1	0	0
1	1	UID323687	1	1	0	0
1	1	UID323692	1	1	0	0
1	1	UID323704	1	1	0	0
1	1	UID323717	1	1	0	0
1	1	UID323770	1	1	0	0
1	1	UID323772	1	1	0	0
1	1	UID323791	1	1	0	0
1	1	UID323796	1	1	0	0
1	1	UID323811	1	1	0	0
1	1	UID323829	1	1	0	0
1	1	UID323838	1	1	0	0
1	1	UID323844	1	1	0	0
1	1	UID323847	1	1	0	0
1	1	UID323854	1	1	0	0
1	1	UID323856	1	1	0	0
1	1	UID323865	1	1	0	0
1	1	UID323866	1	1	0	0
1	1	UID323872	1	1	0	0
1	1	UID323874	1	1	0	0
1	1	UID323875	1	1	0	0
1	1	UID323878	1	1	0	0
1	1	UID323879	1	1	0	0
1	1	UID323881	1	1	0	0
1	1	UID323882	1	1	0	0
1	1	UID323883	1	1	0	0
1	1	UID323884	1	1	0	0
1	1	UID323885	1	1	0	0
1	1	UID323886	1	1	0	0
1	1	UID323894	1	1	0	0
1	1	UID323901	1	1	0	0
1	1	UID323902	1	1	0	0
1	1	UID323904	1	1	0	0
1	1	UID323905	1	1	0	0
1	1	UID323910	1	1	0	0
1	1	UID323952	1	1	0	0
1	1	UID323954	1	1	0	0
1	1	UID323955	1	1	0	0
1	1	UID323957	1	1	0	0
1	1	UID323961	1	1	0	0
1	1	UID323965	1	1	0	0
1	1	UID323968	1	1	0	0
1	1	UID323977	1	1	0	0
1	1	UID323984	1	1	0	0
1	1	UID323997	1	1	0	0
1	1	UID324020	1	1	0	0
1	1	UID324023	1	1	0	0
1	1	UID324130	1	1	0	0
1	1	UID324143	1	1	0	0
1	1	UID324144	1	1	0	0
1	1	UID324147	1	1	0	0
1	1	UID324158	1	1	0	0
1	1	UID324190	1	1	0	0
1	1	UID324196	1	1	0	0
1	1	UID324197	1	1	0	0
1	1	UID324199	1	1	0	0
1	1	UID324203	1	1	0	0
1	1	UID324217	1	1	0	0
1	1	UID324219	1	1	0	0
1	1	UID324230	1	1	0	0
1	1	UID324238	1	1	0	0
1	1	UID324245	1	1	0	0
1	1	UID324269	1	1	0	0
1	1	UID324285	1	1	0	0
1	1	UID324286	1	1	0	0
1	1	UID324292	1	1	0	0
1	1	UID324294	1	1	0	0
1	1	UID324296	1	1	0	0
1	1	UID324302	1	1	0	0
1	1	UID324304	1	1	0	0
1	1	UID324305	1	1	0	0
1	1	UID324307	1	1	0	0
1	1	UID324309	1	1	0	0
1	1	UID324314	1	1	0	0
1	1	UID324322	1	1	0	0
1	1	UID324328	1	1	0	0
1	1	UID324345	1	1	0	0
1	1	UID324352	1	1	0	0
1	1	UID324376	1	1	0	0
1	1	UID324379	1	1	0	0
1	1	UID324380	1	1	0	0
1	1	UID324381	1	1	0	0
2	2	UID37671	1	2	1	1
1	1	UID48617	1	1	0	0
1	1	UID56610	1	1	0	0
1	1	UID7476	1	1	0	0
