16042	93887	UID27300	41660	12409	4	4
175	4829	UID10255	4016	81	3	3
1449	7684	UID1180	3496	969	5	5
1749	7337	UID37682	2973	1144	8	8
723	4125	UID166	2261	451	4	4
1532	6211	UID7575	1877	971	6	6
1212	4149	UID33597	1665	820	3	3
642	1897	UID18126	587	442	5	5
520	1356	UID9557	478	378	3	3
226	631	UID61682	286	162	3	3
266	630	UID608	264	211	3	3
297	804	UID129	227	222	4	4
306	761	UID62785	194	224	3	3
169	337	UID33616	127	136	3	3
63	196	UID128735	113	49	2	2
136	280	UID314	100	119	4	4
111	296	UID993	98	83	3	3
14	89	UID361511	72	10	2	2
99	227	UID702	63	85	3	3
76	205	UID9871	60	61	3	3
38	108	UID167239	54	25	2	2
83	150	UID150870	44	63	2	2
85	188	UID350	44	65	3	3
96	211	UID157971	43	78	3	3
21	55	UID519	23	13	2	2
21	42	UID985	22	20	1	1
25	59	UID65003	20	19	2	2
23	49	UID201	19	14	2	2
29	59	UID361560	18	22	3	3
20	40	UID158224	17	16	2	2
18	39	UID220	17	14	2	2
10	24	UID1369	15	9	1	1
22	39	UID150587	15	18	2	2
15	30	UID361585	15	13	2	2
10	29	UID270	14	4	1	1
12	25	UID158080	13	10	1	1
18	32	UID199871	13	15	1	1
3	14	UID35115	12	2	1	1
18	34	UID210	11	11	2	2
12	25	UID361652	11	10	2	2
30	46	UID9539	11	24	3	3
19	30	UID157985	10	16	4	4
17	26	UID215767	10	16	1	1
10	20	UID31769	10	8	1	1
12	24	UID69325	9	8	2	2
10	18	UID150862	8	8	2	2
7	18	UID46	8	2	1	1
10	16	UID62227	7	9	1	1
6	13	UID81539	7	4	1	1
11	20	UID9581	7	8	2	2
1	6	UID361937	6	0	0	0
8	13	UID361958	6	7	2	2
8	13	UID61211	6	7	1	1
7	11	UID18121	5	6	1	1
1	5	UID361998	5	0	0	0
1	5	UID362020	5	0	0	0
1	5	UID362038	5	0	0	0
2	7	UID362086	5	0	1	1
1	5	UID362117	5	0	0	0
1	5	UID362121	5	0	0	0
1	5	UID362149	5	0	0	0
2	5	UID12570	4	1	0	0
1	4	UID1435	4	0	0	0
1	4	UID34893	4	0	0	0
1	4	UID362179	4	0	0	0
1	4	UID362183	4	0	0	0
1	4	UID362213	4	0	0	0
1	4	UID362219	4	0	0	0
5	8	UID362222	4	4	2	2
1	4	UID362251	4	0	0	0
1	4	UID362260	4	0	0	0
1	4	UID362355	4	0	0	0
1	4	UID362388	4	0	0	0
1	4	UID362426	4	0	0	0
1	4	UID362427	4	0	0	0
1	4	UID362430	4	0	0	0
1	4	UID362435	4	0	0	0
1	4	UID362441	4	0	0	0
1	4	UID362453	4	0	0	0
2	5	UID362468	4	1	1	1
1	4	UID362476	4	0	0	0
1	4	UID362491	4	0	0	0
1	4	UID362493	4	0	0	0
1	4	UID362494	4	0	0	0
12	17	UID42545	4	9	2	2
6	9	UID49440	4	5	1	1
7	11	UID120801	3	4	2	2
4	9	UID150835	3	1	1	1
6	8	UID217605	3	5	1	1
1	3	UID362522	3	0	0	0
1	3	UID362528	3	0	0	0
1	3	UID362532	3	0	0	0
1	3	UID362538	3	0	0	0
1	3	UID362539	3	0	0	0
1	3	UID362543	3	0	0	0
1	3	UID362555	3	0	0	0
1	3	UID362559	3	0	0	0
1	3	UID362561	3	0	0	0
1	3	UID362564	3	0	0	0
1	3	UID362569	3	0	0	0
1	3	UID362579	3	0	0	0
1	3	UID362591	3	0	0	0
1	3	UID362593	3	0	0	0
1	3	UID362597	3	0	0	0
1	3	UID362607	3	0	0	0
1	3	UID362620	3	0	0	0
1	3	UID362626	3	0	0	0
1	3	UID362635	3	0	0	0
1	3	UID362667	3	0	0	0
1	3	UID362670	3	0	0	0
1	3	UID362671	3	0	0	0
1	3	UID362674	3	0	0	0
1	3	UID362693	3	0	0	0
1	3	UID362699	3	0	0	0
2	4	UID362703	3	1	0	0
1	3	UID362712	3	0	0	0
1	3	UID362713	3	0	0	0
1	3	UID362714	3	0	0	0
1	3	UID362720	3	0	0	0
1	3	UID362741	3	0	0	0
1	3	UID362749	3	0	0	0
1	3	UID362751	3	0	0	0
1	3	UID362755	3	0	0	0
1	3	UID362757	3	0	0	0
1	3	UID362761	3	0	0	0
1	3	UID362789	3	0	0	0
1	3	UID362790	3	0	0	0
1	3	UID362802	3	0	0	0
1	3	UID362805	3	0	0	0
1	3	UID362806	3	0	0	0
1	3	UID362807	3	0	0	0
1	3	UID362808	3	0	0	0
1	3	UID362819	3	0	0	0
1	3	UID362831	3	0	0	0
1	3	UID362869	3	0	0	0
1	3	UID362873	3	0	0	0
1	3	UID362878	3	0	0	0
1	3	UID362879	3	0	0	0
1	3	UID362887	3	0	0	0
2	4	UID362916	3	1	1	1
2	4	UID362926	3	1	1	1
1	3	UID362927	3	0	0	0
1	3	UID362934	3	0	0	0
1	3	UID362939	3	0	0	0
1	3	UID362949	3	0	0	0
1	3	UID362951	3	0	0	0
1	3	UID362970	3	0	0	0
1	3	UID362990	3	0	0	0
1	3	UID362991	3	0	0	0
1	3	UID362992	3	0	0	0
1	3	UID363015	3	0	0	0
1	3	UID363017	3	0	0	0
1	3	UID363018	3	0	0	0
1	3	UID363022	3	0	0	0
1	3	UID363023	3	0	0	0
2	4	UID363048	3	1	1	1
1	3	UID363070	3	0	0	0
1	3	UID363078	3	0	0	0
1	3	UID363079	3	0	0	0
1	3	UID363082	3	0	0	0
1	3	UID363092	3	0	0	0
1	3	UID363113	3	0	0	0
1	3	UID363118	3	0	0	0
2	4	UID363122	3	1	1	1
1	3	UID363136	3	0	0	0
1	3	UID363151	3	0	0	0
2	4	UID363158	3	1	1	1
1	3	UID363167	3	0	0	0
2	4	UID363188	3	1	1	1
1	3	UID363200	3	0	0	0
1	3	UID363207	3	0	0	0
1	3	UID363209	3	0	0	0
1	3	UID363227	3	0	0	0
1	3	UID363234	3	0	0	0
1	3	UID363266	3	0	0	0
1	3	UID363285	3	0	0	0
1	3	UID363288	3	0	0	0
1	3	UID363314	3	0	0	0
1	3	UID363323	3	0	0	0
1	3	UID363324	3	0	0	0
1	3	UID363327	3	0	0	0
1	3	UID363328	3	0	0	0
1	3	UID363341	3	0	0	0
1	3	UID363342	3	0	0	0
1	3	UID363343	3	0	0	0
2	4	UID363357	3	1	0	0
1	3	UID363371	3	0	0	0
1	3	UID363373	3	0	0	0
1	3	UID363380	3	0	0	0
1	3	UID363381	3	0	0	0
1	3	UID363382	3	0	0	0
1	3	UID363388	3	0	0	0
1	3	UID363389	3	0	0	0
4	6	UID363391	3	3	1	1
1	3	UID363402	3	0	0	0
1	3	UID363408	3	0	0	0
1	3	UID363409	3	0	0	0
1	3	UID363416	3	0	0	0
1	3	UID363422	3	0	0	0
1	3	UID363425	3	0	0	0
1	3	UID363426	3	0	0	0
1	3	UID363447	3	0	0	0
1	3	UID363448	3	0	0	0
1	3	UID363461	3	0	0	0
1	3	UID363469	3	0	0	0
1	3	UID363473	3	0	0	0
1	3	UID363477	3	0	0	0
1	3	UID363487	3	0	0	0
1	3	UID363504	3	0	0	0
1	3	UID363509	3	0	0	0
4	6	UID48387	3	3	1	1
11	15	UID62982	3	8	2	2
4	7	UID10027	2	1	1	1
5	8	UID174986	2	2	1	1
3	4	UID216993	2	2	1	1
2	3	UID27288	2	1	1	1
2	3	UID326029	2	1	1	1
1	2	UID363528	2	0	0	0
1	2	UID363559	2	0	0	0
1	2	UID363564	2	0	0	0
1	2	UID363575	2	0	0	0
1	2	UID363577	2	0	0	0
1	2	UID363580	2	0	0	0
2	3	UID363643	2	1	1	1
1	2	UID363684	2	0	0	0
1	2	UID363692	2	0	0	0
1	2	UID363757	2	0	0	0
1	2	UID363774	2	0	0	0
1	2	UID363787	2	0	0	0
1	2	UID363793	2	0	0	0
2	3	UID363808	2	1	1	1
2	3	UID363823	2	1	1	1
1	2	UID363832	2	0	0	0
1	2	UID363870	2	0	0	0
1	2	UID363872	2	0	0	0
1	2	UID363963	2	0	0	0
1	2	UID364114	2	0	0	0
1	2	UID364157	2	0	0	0
1	2	UID364186	2	0	0	0
1	2	UID364230	2	0	0	0
1	2	UID364241	2	0	0	0
1	2	UID364288	2	0	0	0
1	2	UID364332	2	0	0	0
1	2	UID364470	2	0	0	0
1	2	UID364483	2	0	0	0
2	3	UID364531	2	1	1	1
1	2	UID364570	2	0	0	0
1	2	UID364630	2	0	0	0
1	2	UID364638	2	0	0	0
1	2	UID364680	2	0	0	0
1	2	UID364734	2	0	0	0
1	2	UID364742	2	0	0	0
1	2	UID364814	2	0	0	0
1	2	UID364824	2	0	0	0
2	3	UID364857	2	1	1	1
1	2	UID364894	2	0	0	0
1	2	UID365037	2	0	0	0
1	2	UID365148	2	0	0	0
1	2	UID365158	2	0	0	0
1	2	UID365539	2	0	0	0
6	7	UID365564	2	5	2	2
2	3	UID365660	2	1	1	1
1	2	UID365666	2	0	0	0
1	2	UID365685	2	0	0	0
1	2	UID365686	2	0	0	0
1	2	UID365779	2	0	0	0
2	3	UID365807	2	1	1	1
1	2	UID365892	2	0	0	0
1	2	UID365928	2	0	0	0
1	2	UID366001	2	0	0	0
3	4	UID366039	2	2	2	2
3	5	UID366109	2	1	1	1
2	3	UID366141	2	1	1	1
1	2	UID366142	2	0	0	0
1	2	UID366147	2	0	0	0
1	2	UID366150	2	0	0	0
1	2	UID366167	2	0	0	0
1	2	UID366271	2	0	0	0
1	2	UID366284	2	0	0	0
1	2	UID366296	2	0	0	0
1	2	UID366363	2	0	0	0
1	2	UID366386	2	0	0	0
1	2	UID366438	2	0	0	0
2	3	UID366440	2	1	1	1
1	2	UID366494	2	0	0	0
1	2	UID366501	2	0	0	0
1	2	UID366512	2	0	0	0
1	2	UID366537	2	0	0	0
1	2	UID366558	2	0	0	0
1	2	UID366592	2	0	0	0
1	2	UID366609	2	0	0	0
1	2	UID366668	2	0	0	0
1	2	UID366737	2	0	0	0
1	2	UID366757	2	0	0	0
1	2	UID366764	2	0	0	0
1	2	UID366780	2	0	0	0
1	2	UID366802	2	0	0	0
1	2	UID366816	2	0	0	0
1	2	UID366852	2	0	0	0
2	3	UID366860	2	1	1	1
1	2	UID366861	2	0	0	0
1	2	UID366871	2	0	0	0
1	2	UID366900	2	0	0	0
1	2	UID366914	2	0	0	0
2	3	UID366970	2	1	1	1
1	2	UID367031	2	0	0	0
1	2	UID367054	2	0	0	0
1	2	UID367055	2	0	0	0
1	2	UID367096	2	0	0	0
1	2	UID367105	2	0	0	0
1	2	UID367114	2	0	0	0
1	2	UID367115	2	0	0	0
1	2	UID367136	2	0	0	0
1	2	UID367137	2	0	0	0
2	3	UID367169	2	1	1	1
1	2	UID367170	2	0	0	0
1	2	UID367179	2	0	0	0
1	2	UID367183	2	0	0	0
1	2	UID367197	2	0	0	0
1	2	UID367202	2	0	0	0
1	2	UID62998	2	0	0	0
3	4	UID7479	2	2	1	1
4	5	UID8077	2	3	1	1
1	1	UID101956	1	1	0	0
4	4	UID133643	1	4	1	1
1	1	UID136671	1	1	0	0
3	3	UID140158	1	3	2	2
1	1	UID142257	1	1	0	0
3	3	UID151285	1	3	1	1
6	6	UID155181	1	6	1	1
6	6	UID193489	1	6	2	2
4	4	UID215769	1	4	1	1
1	1	UID215863	1	1	0	0
1	1	UID216960	1	1	0	0
1	1	UID223558	1	1	0	0
1	1	UID230304	1	1	0	0
5	5	UID231678	1	5	1	1
1	1	UID278284	1	1	0	0
1	1	UID283505	1	1	0	0
1	1	UID309798	1	1	0	0
1	1	UID324973	1	1	0	0
1	1	UID34883	1	1	0	0
3	3	UID34928	1	3	1	1
1	1	UID367225	1	1	0	0
1	1	UID367227	1	1	0	0
1	1	UID367228	1	1	0	0
1	1	UID367229	1	1	0	0
1	1	UID367230	1	1	0	0
1	1	UID367235	1	1	0	0
1	1	UID367239	1	1	0	0
1	1	UID367240	1	1	0	0
1	1	UID367242	1	1	0	0
1	1	UID367243	1	1	0	0
1	1	UID367256	1	1	0	0
1	1	UID367277	1	1	0	0
1	1	UID367287	1	1	0	0
1	1	UID367289	1	1	0	0
1	1	UID367292	1	1	0	0
1	1	UID367293	1	1	0	0
1	1	UID367300	1	1	0	0
1	1	UID367319	1	1	0	0
1	1	UID367338	1	1	0	0
1	1	UID367339	1	1	0	0
1	1	UID367341	1	1	0	0
1	1	UID367345	1	1	0	0
1	1	UID367346	1	1	0	0
1	1	UID367362	1	1	0	0
1	1	UID367366	1	1	0	0
1	1	UID367370	1	1	0	0
1	1	UID367371	1	1	0	0
1	1	UID367372	1	1	0	0
1	1	UID367374	1	1	0	0
1	1	UID367375	1	1	0	0
1	1	UID367421	1	1	0	0
1	1	UID367482	1	1	0	0
1	1	UID367483	1	1	0	0
1	1	UID367486	1	1	0	0
1	1	UID367504	1	1	0	0
1	1	UID367512	1	1	0	0
1	1	UID367513	1	1	0	0
1	1	UID367514	1	1	0	0
1	1	UID367515	1	1	0	0
1	1	UID367520	1	1	0	0
1	1	UID367529	1	1	0	0
1	1	UID367532	1	1	0	0
1	1	UID367533	1	1	0	0
1	1	UID367536	1	1	0	0
1	1	UID367540	1	1	0	0
1	1	UID367541	1	1	0	0
1	1	UID367542	1	1	0	0
1	1	UID367547	1	1	0	0
1	1	UID367556	1	1	0	0
1	1	UID367562	1	1	0	0
1	1	UID367564	1	1	0	0
1	1	UID367577	1	1	0	0
1	1	UID367629	1	1	0	0
1	1	UID367641	1	1	0	0
1	1	UID367664	1	1	0	0
1	1	UID367674	1	1	0	0
1	1	UID367675	1	1	0	0
1	1	UID367677	1	1	0	0
1	1	UID367678	1	1	0	0
1	1	UID367679	1	1	0	0
1	1	UID367682	1	1	0	0
1	1	UID367686	1	1	0	0
1	1	UID367703	1	1	0	0
1	1	UID367704	1	1	0	0
1	1	UID367706	1	1	0	0
1	1	UID367716	1	1	0	0
1	1	UID367717	1	1	0	0
1	1	UID367736	1	1	0	0
1	1	UID367773	1	1	0	0
1	1	UID367792	1	1	0	0
1	1	UID367795	1	1	0	0
1	1	UID367796	1	1	0	0
1	1	UID367811	1	1	0	0
1	1	UID367832	1	1	0	0
1	1	UID367835	1	1	0	0
1	1	UID367838	1	1	0	0
1	1	UID367840	1	1	0	0
1	1	UID367841	1	1	0	0
1	1	UID367842	1	1	0	0
1	1	UID367843	1	1	0	0
1	1	UID367844	1	1	0	0
1	1	UID367845	1	1	0	0
1	1	UID367847	1	1	0	0
1	1	UID367860	1	1	0	0
1	1	UID367868	1	1	0	0
1	1	UID367893	1	1	0	0
1	1	UID367901	1	1	0	0
1	1	UID367904	1	1	0	0
1	1	UID367908	1	1	0	0
1	1	UID367913	1	1	0	0
1	1	UID367921	1	1	0	0
1	1	UID367991	1	1	0	0
1	1	UID368001	1	1	0	0
1	1	UID368009	1	1	0	0
1	1	UID368016	1	1	0	0
1	1	UID368035	1	1	0	0
1	1	UID368051	1	1	0	0
1	1	UID368052	1	1	0	0
1	1	UID368056	1	1	0	0
1	1	UID368072	1	1	0	0
1	1	UID368077	1	1	0	0
1	1	UID368078	1	1	0	0
1	1	UID368084	1	1	0	0
1	1	UID368087	1	1	0	0
1	1	UID368088	1	1	0	0
1	1	UID368089	1	1	0	0
1	1	UID368090	1	1	0	0
1	1	UID368097	1	1	0	0
1	1	UID368098	1	1	0	0
1	1	UID368099	1	1	0	0
1	1	UID368111	1	1	0	0
1	1	UID368119	1	1	0	0
1	1	UID368139	1	1	0	0
1	1	UID368204	1	1	0	0
1	1	UID368215	1	1	0	0
2	2	UID368231	1	2	1	1
1	1	UID368237	1	1	0	0
1	1	UID368239	1	1	0	0
1	1	UID368255	1	1	0	0
1	1	UID368257	1	1	0	0
1	1	UID368259	1	1	0	0
1	1	UID368261	1	1	0	0
1	1	UID368262	1	1	0	0
1	1	UID368263	1	1	0	0
1	1	UID368267	1	1	0	0
1	1	UID368268	1	1	0	0
1	1	UID368276	1	1	0	0
1	1	UID368277	1	1	0	0
1	1	UID368286	1	1	0	0
1	1	UID368288	1	1	0	0
1	1	UID368289	1	1	0	0
1	1	UID368290	1	1	0	0
1	1	UID368292	1	1	0	0
1	1	UID368293	1	1	0	0
1	1	UID368294	1	1	0	0
1	1	UID368296	1	1	0	0
1	1	UID368297	1	1	0	0
1	1	UID368299	1	1	0	0
1	1	UID368305	1	1	0	0
1	1	UID368308	1	1	0	0
1	1	UID368311	1	1	0	0
1	1	UID368321	1	1	0	0
1	1	UID368333	1	1	0	0
1	1	UID368339	1	1	0	0
1	1	UID368371	1	1	0	0
1	1	UID368385	1	1	0	0
1	1	UID368388	1	1	0	0
1	1	UID368402	1	1	0	0
1	1	UID368407	1	1	0	0
1	1	UID368409	1	1	0	0
1	1	UID368417	1	1	0	0
1	1	UID368420	1	1	0	0
1	1	UID368423	1	1	0	0
1	1	UID368427	1	1	0	0
1	1	UID368446	1	1	0	0
1	1	UID368455	1	1	0	0
1	1	UID368457	1	1	0	0
1	1	UID368468	1	1	0	0
1	1	UID368482	1	1	0	0
1	1	UID368551	1	1	0	0
1	1	UID368556	1	1	0	0
1	1	UID368559	1	1	0	0
1	1	UID368567	1	1	0	0
1	1	UID368575	1	1	0	0
1	1	UID368589	1	1	0	0
1	1	UID368604	1	1	0	0
1	1	UID368618	1	1	0	0
1	1	UID368626	1	1	0	0
1	1	UID368628	1	1	0	0
1	1	UID368638	1	1	0	0
1	1	UID368641	1	1	0	0
1	1	UID368642	1	1	0	0
1	1	UID368645	1	1	0	0
1	1	UID368646	1	1	0	0
1	1	UID368680	1	1	0	0
1	1	UID368738	1	1	0	0
1	1	UID368741	1	1	0	0
1	1	UID368751	1	1	0	0
1	1	UID368759	1	1	0	0
1	1	UID368782	1	1	0	0
1	1	UID368784	1	1	0	0
1	1	UID368787	1	1	0	0
1	1	UID368794	1	1	0	0
1	1	UID368810	1	1	0	0
1	1	UID368813	1	1	0	0
1	1	UID368814	1	1	0	0
1	1	UID368815	1	1	0	0
1	1	UID368816	1	1	0	0
1	1	UID368817	1	1	0	0
1	1	UID368819	1	1	0	0
1	1	UID368823	1	1	0	0
1	1	UID368824	1	1	0	0
2	2	UID368846	1	2	1	1
1	1	UID368952	1	1	0	0
1	1	UID368953	1	1	0	0
1	1	UID368958	1	1	0	0
1	1	UID368965	1	1	0	0
1	1	UID368977	1	1	0	0
1	1	UID368979	1	1	0	0
1	1	UID368983	1	1	0	0
1	1	UID368992	1	1	0	0
1	1	UID368993	1	1	0	0
1	1	UID368997	1	1	0	0
1	1	UID368999	1	1	0	0
1	1	UID369029	1	1	0	0
1	1	UID369033	1	1	0	0
1	1	UID369036	1	1	0	0
1	1	UID369041	1	1	0	0
1	1	UID369042	1	1	0	0
1	1	UID369046	1	1	0	0
1	1	UID369060	1	1	0	0
1	1	UID369078	1	1	0	0
1	1	UID369079	1	1	0	0
1	1	UID369080	1	1	0	0
1	1	UID369093	1	1	0	0
1	1	UID369096	1	1	0	0
1	1	UID369098	1	1	0	0
1	1	UID369099	1	1	0	0
1	1	UID369102	1	1	0	0
1	1	UID369107	1	1	0	0
1	1	UID369120	1	1	0	0
1	1	UID369129	1	1	0	0
1	1	UID369132	1	1	0	0
1	1	UID369133	1	1	0	0
1	1	UID369140	1	1	0	0
1	1	UID369156	1	1	0	0
1	1	UID369171	1	1	0	0
1	1	UID369221	1	1	0	0
1	1	UID369231	1	1	0	0
1	1	UID369248	1	1	0	0
1	1	UID369295	1	1	0	0
1	1	UID369304	1	1	0	0
1	1	UID369316	1	1	0	0
2	2	UID369333	1	2	1	1
1	1	UID369341	1	1	0	0
1	1	UID369347	1	1	0	0
1	1	UID369348	1	1	0	0
1	1	UID369352	1	1	0	0
1	1	UID369353	1	1	0	0
1	1	UID369354	1	1	0	0
1	1	UID369359	1	1	0	0
1	1	UID369366	1	1	0	0
1	1	UID369367	1	1	0	0
1	1	UID369380	1	1	0	0
1	1	UID369393	1	1	0	0
1	1	UID369402	1	1	0	0
1	1	UID369403	1	1	0	0
1	1	UID369418	1	1	0	0
1	1	UID369441	1	1	0	0
1	1	UID369448	1	1	0	0
1	1	UID369450	1	1	0	0
1	1	UID369451	1	1	0	0
1	1	UID369459	1	1	0	0
1	1	UID369460	1	1	0	0
1	1	UID369464	1	1	0	0
1	1	UID369465	1	1	0	0
1	1	UID369470	1	1	0	0
1	1	UID369471	1	1	0	0
1	1	UID369472	1	1	0	0
1	1	UID369473	1	1	0	0
1	1	UID369508	1	1	0	0
1	1	UID369509	1	1	0	0
1	1	UID369511	1	1	0	0
1	1	UID369512	1	1	0	0
1	1	UID369515	1	1	0	0
1	1	UID369543	1	1	0	0
1	1	UID369561	1	1	0	0
1	1	UID369583	1	1	0	0
1	1	UID369585	1	1	0	0
1	1	UID369599	1	1	0	0
1	1	UID369600	1	1	0	0
1	1	UID369601	1	1	0	0
1	1	UID369602	1	1	0	0
1	1	UID369608	1	1	0	0
1	1	UID369609	1	1	0	0
1	1	UID369616	1	1	0	0
1	1	UID369617	1	1	0	0
1	1	UID369626	1	1	0	0
1	1	UID369627	1	1	0	0
1	1	UID369628	1	1	0	0
1	1	UID369630	1	1	0	0
1	1	UID369637	1	1	0	0
1	1	UID369638	1	1	0	0
1	1	UID369640	1	1	0	0
1	1	UID369645	1	1	0	0
1	1	UID369646	1	1	0	0
1	1	UID369654	1	1	0	0
1	1	UID369672	1	1	0	0
1	1	UID369702	1	1	0	0
1	1	UID369704	1	1	0	0
1	1	UID369715	1	1	0	0
1	1	UID369718	1	1	0	0
1	1	UID369719	1	1	0	0
2	2	UID369720	1	2	1	1
1	1	UID369723	1	1	0	0
1	1	UID369724	1	1	0	0
1	1	UID369725	1	1	0	0
1	1	UID369746	1	1	0	0
1	1	UID369765	1	1	0	0
1	1	UID369769	1	1	0	0
1	1	UID369775	1	1	0	0
1	1	UID369779	1	1	0	0
1	1	UID369808	1	1	0	0
1	1	UID369815	1	1	0	0
1	1	UID369818	1	1	0	0
1	1	UID369831	1	1	0	0
1	1	UID369833	1	1	0	0
1	1	UID369846	1	1	0	0
1	1	UID369859	1	1	0	0
1	1	UID369869	1	1	0	0
1	1	UID369878	1	1	0	0
1	1	UID369879	1	1	0	0
1	1	UID369885	1	1	0	0
1	1	UID369904	1	1	0	0
1	1	UID369933	1	1	0	0
1	1	UID369935	1	1	0	0
1	1	UID369941	1	1	0	0
1	1	UID369953	1	1	0	0
1	1	UID370043	1	1	0	0
1	1	UID370047	1	1	0	0
1	1	UID370048	1	1	0	0
1	1	UID370053	1	1	0	0
1	1	UID370061	1	1	0	0
1	1	UID370086	1	1	0	0
1	1	UID370089	1	1	0	0
1	1	UID370148	1	1	0	0
1	1	UID370152	1	1	0	0
1	1	UID370253	1	1	0	0
1	1	UID370308	1	1	0	0
1	1	UID370397	1	1	0	0
1	1	UID370414	1	1	0	0
1	1	UID370417	1	1	0	0
1	1	UID370436	1	1	0	0
1	1	UID370463	1	1	0	0
1	1	UID370510	1	1	0	0
1	1	UID370532	1	1	0	0
1	1	UID370548	1	1	0	0
1	1	UID370591	1	1	0	0
1	1	UID370613	1	1	0	0
1	1	UID370636	1	1	0	0
1	1	UID370638	1	1	0	0
1	1	UID370644	1	1	0	0
1	1	UID370671	1	1	0	0
1	1	UID370747	1	1	0	0
1	1	UID370796	1	1	0	0
1	1	UID370797	1	1	0	0
1	1	UID370799	1	1	0	0
1	1	UID370800	1	1	0	0
1	1	UID370801	1	1	0	0
1	1	UID370802	1	1	0	0
1	1	UID370813	1	1	0	0
1	1	UID370814	1	1	0	0
1	1	UID370819	1	1	0	0
1	1	UID370830	1	1	0	0
1	1	UID370842	1	1	0	0
1	1	UID370857	1	1	0	0
1	1	UID370876	1	1	0	0
1	1	UID370897	1	1	0	0
1	1	UID370899	1	1	0	0
1	1	UID370901	1	1	0	0
1	1	UID370902	1	1	0	0
1	1	UID370910	1	1	0	0
1	1	UID370925	1	1	0	0
1	1	UID370927	1	1	0	0
1	1	UID370928	1	1	0	0
1	1	UID370930	1	1	0	0
1	1	UID370931	1	1	0	0
1	1	UID370932	1	1	0	0
1	1	UID370936	1	1	0	0
1	1	UID370944	1	1	0	0
1	1	UID370995	1	1	0	0
1	1	UID371000	1	1	0	0
1	1	UID371003	1	1	0	0
1	1	UID371007	1	1	0	0
1	1	UID371017	1	1	0	0
1	1	UID371019	1	1	0	0
1	1	UID371025	1	1	0	0
1	1	UID371028	1	1	0	0
1	1	UID371029	1	1	0	0
1	1	UID371031	1	1	0	0
1	1	UID371033	1	1	0	0
1	1	UID371038	1	1	0	0
1	1	UID371040	1	1	0	0
1	1	UID371041	1	1	0	0
1	1	UID371047	1	1	0	0
1	1	UID371055	1	1	0	0
2	2	UID371059	1	2	1	1
1	1	UID371117	1	1	0	0
1	1	UID371136	1	1	0	0
1	1	UID371148	1	1	0	0
1	1	UID371152	1	1	0	0
1	1	UID371159	1	1	0	0
1	1	UID371160	1	1	0	0
1	1	UID371164	1	1	0	0
1	1	UID371165	1	1	0	0
1	1	UID371170	1	1	0	0
1	1	UID371171	1	1	0	0
1	1	UID371174	1	1	0	0
1	1	UID371181	1	1	0	0
1	1	UID371197	1	1	0	0
1	1	UID371203	1	1	0	0
1	1	UID371233	1	1	0	0
1	1	UID371251	1	1	0	0
1	1	UID371255	1	1	0	0
1	1	UID371256	1	1	0	0
1	1	UID371258	1	1	0	0
1	1	UID371273	1	1	0	0
1	1	UID371274	1	1	0	0
1	1	UID371277	1	1	0	0
1	1	UID371281	1	1	0	0
1	1	UID371285	1	1	0	0
1	1	UID371286	1	1	0	0
1	1	UID371298	1	1	0	0
1	1	UID371299	1	1	0	0
1	1	UID371304	1	1	0	0
1	1	UID371307	1	1	0	0
1	1	UID371323	1	1	0	0
2	2	UID371332	1	2	1	1
1	1	UID371334	1	1	0	0
1	1	UID371343	1	1	0	0
1	1	UID371348	1	1	0	0
1	1	UID371365	1	1	0	0
1	1	UID371366	1	1	0	0
1	1	UID371370	1	1	0	0
1	1	UID371398	1	1	0	0
1	1	UID371399	1	1	0	0
1	1	UID371402	1	1	0	0
1	1	UID371409	1	1	0	0
1	1	UID371428	1	1	0	0
1	1	UID371439	1	1	0	0
1	1	UID371441	1	1	0	0
1	1	UID371448	1	1	0	0
1	1	UID371488	1	1	0	0
1	1	UID371520	1	1	0	0
1	1	UID371521	1	1	0	0
1	1	UID371527	1	1	0	0
1	1	UID371531	1	1	0	0
1	1	UID371532	1	1	0	0
1	1	UID371535	1	1	0	0
1	1	UID371548	1	1	0	0
1	1	UID371549	1	1	0	0
1	1	UID371551	1	1	0	0
1	1	UID371552	1	1	0	0
1	1	UID371569	1	1	0	0
1	1	UID371572	1	1	0	0
1	1	UID371583	1	1	0	0
1	1	UID371585	1	1	0	0
1	1	UID371586	1	1	0	0
1	1	UID371589	1	1	0	0
1	1	UID371591	1	1	0	0
1	1	UID371592	1	1	0	0
1	1	UID371593	1	1	0	0
1	1	UID371599	1	1	0	0
1	1	UID371602	1	1	0	0
1	1	UID371603	1	1	0	0
1	1	UID371604	1	1	0	0
1	1	UID371614	1	1	0	0
1	1	UID371620	1	1	0	0
1	1	UID371628	1	1	0	0
1	1	UID371714	1	1	0	0
1	1	UID371718	1	1	0	0
1	1	UID371766	1	1	0	0
1	1	UID371767	1	1	0	0
1	1	UID371777	1	1	0	0
1	1	UID371787	1	1	0	0
1	1	UID371788	1	1	0	0
1	1	UID371790	1	1	0	0
1	1	UID371791	1	1	0	0
1	1	UID371805	1	1	0	0
1	1	UID371806	1	1	0	0
1	1	UID371838	1	1	0	0
1	1	UID371853	1	1	0	0
1	1	UID371893	1	1	0	0
1	1	UID371894	1	1	0	0
1	1	UID371898	1	1	0	0
1	1	UID371921	1	1	0	0
1	1	UID371931	1	1	0	0
1	1	UID371935	1	1	0	0
1	1	UID371936	1	1	0	0
1	1	UID371947	1	1	0	0
1	1	UID371964	1	1	0	0
1	1	UID371971	1	1	0	0
1	1	UID371992	1	1	0	0
1	1	UID371993	1	1	0	0
1	1	UID371994	1	1	0	0
1	1	UID372065	1	1	0	0
1	1	UID372070	1	1	0	0
1	1	UID372084	1	1	0	0
1	1	UID372085	1	1	0	0
1	1	UID372141	1	1	0	0
1	1	UID372148	1	1	0	0
1	1	UID372159	1	1	0	0
1	1	UID372190	1	1	0	0
1	1	UID372194	1	1	0	0
1	1	UID372205	1	1	0	0
1	1	UID372215	1	1	0	0
1	1	UID372220	1	1	0	0
1	1	UID372223	1	1	0	0
4	4	UID372226	1	4	2	2
1	1	UID372254	1	1	0	0
1	1	UID372297	1	1	0	0
1	1	UID372305	1	1	0	0
1	1	UID372307	1	1	0	0
1	1	UID372350	1	1	0	0
1	1	UID372352	1	1	0	0
1	1	UID372369	1	1	0	0
1	1	UID372431	1	1	0	0
1	1	UID372439	1	1	0	0
1	1	UID372451	1	1	0	0
1	1	UID372491	1	1	0	0
1	1	UID372493	1	1	0	0
1	1	UID372511	1	1	0	0
1	1	UID372514	1	1	0	0
1	1	UID372529	1	1	0	0
1	1	UID372647	1	1	0	0
1	1	UID372704	1	1	0	0
1	1	UID372722	1	1	0	0
1	1	UID372728	1	1	0	0
1	1	UID372743	1	1	0	0
2	2	UID372746	1	2	1	1
1	1	UID372753	1	1	0	0
1	1	UID372774	1	1	0	0
1	1	UID372775	1	1	0	0
1	1	UID372779	1	1	0	0
1	1	UID372780	1	1	0	0
1	1	UID372784	1	1	0	0
1	1	UID372804	1	1	0	0
1	1	UID372806	1	1	0	0
1	1	UID372837	1	1	0	0
1	1	UID372883	1	1	0	0
1	1	UID372916	1	1	0	0
1	1	UID372922	1	1	0	0
1	1	UID372941	1	1	0	0
1	1	UID372949	1	1	0	0
1	1	UID372952	1	1	0	0
1	1	UID372994	1	1	0	0
1	1	UID372996	1	1	0	0
1	1	UID373022	1	1	0	0
1	1	UID373024	1	1	0	0
1	1	UID373025	1	1	0	0
1	1	UID373027	1	1	0	0
1	1	UID373042	1	1	0	0
1	1	UID373043	1	1	0	0
1	1	UID373046	1	1	0	0
1	1	UID373048	1	1	0	0
1	1	UID373052	1	1	0	0
1	1	UID373057	1	1	0	0
1	1	UID373094	1	1	0	0
1	1	UID373095	1	1	0	0
1	1	UID373149	1	1	0	0
1	1	UID373174	1	1	0	0
1	1	UID373181	1	1	0	0
1	1	UID373183	1	1	0	0
1	1	UID373185	1	1	0	0
1	1	UID373186	1	1	0	0
1	1	UID373187	1	1	0	0
1	1	UID373217	1	1	0	0
1	1	UID373226	1	1	0	0
1	1	UID373273	1	1	0	0
1	1	UID373274	1	1	0	0
1	1	UID373291	1	1	0	0
1	1	UID373343	1	1	0	0
1	1	UID373368	1	1	0	0
1	1	UID373384	1	1	0	0
1	1	UID373449	1	1	0	0
1	1	UID373453	1	1	0	0
1	1	UID373463	1	1	0	0
1	1	UID373478	1	1	0	0
1	1	UID373514	1	1	0	0
1	1	UID373569	1	1	0	0
1	1	UID373590	1	1	0	0
1	1	UID373600	1	1	0	0
1	1	UID373602	1	1	0	0
1	1	UID373658	1	1	0	0
1	1	UID373668	1	1	0	0
1	1	UID373669	1	1	0	0
1	1	UID373676	1	1	0	0
1	1	UID373681	1	1	0	0
1	1	UID373692	1	1	0	0
1	1	UID373710	1	1	0	0
1	1	UID373722	1	1	0	0
1	1	UID373728	1	1	0	0
1	1	UID373833	1	1	0	0
1	1	UID373901	1	1	0	0
2	2	UID373921	1	2	1	1
1	1	UID373966	1	1	0	0
1	1	UID373997	1	1	0	0
1	1	UID374070	1	1	0	0
1	1	UID374083	1	1	0	0
1	1	UID374084	1	1	0	0
1	1	UID374094	1	1	0	0
1	1	UID374124	1	1	0	0
1	1	UID374181	1	1	0	0
1	1	UID374187	1	1	0	0
1	1	UID374214	1	1	0	0
1	1	UID374319	1	1	0	0
1	1	UID374333	1	1	0	0
1	1	UID374339	1	1	0	0
1	1	UID374342	1	1	0	0
1	1	UID374357	1	1	0	0
1	1	UID374417	1	1	0	0
1	1	UID374469	1	1	0	0
1	1	UID374561	1	1	0	0
1	1	UID374568	1	1	0	0
1	1	UID374628	1	1	0	0
1	1	UID374703	1	1	0	0
1	1	UID374710	1	1	0	0
1	1	UID374778	1	1	0	0
1	1	UID374779	1	1	0	0
1	1	UID374786	1	1	0	0
1	1	UID374896	1	1	0	0
1	1	UID374939	1	1	0	0
1	1	UID374974	1	1	0	0
1	1	UID374993	1	1	0	0
1	1	UID375019	1	1	0	0
1	1	UID375169	1	1	0	0
2	2	UID375189	1	2	1	1
1	1	UID375190	1	1	0	0
1	1	UID375224	1	1	0	0
1	1	UID375302	1	1	0	0
1	1	UID375335	1	1	0	0
1	1	UID375337	1	1	0	0
1	1	UID375342	1	1	0	0
1	1	UID375360	1	1	0	0
1	1	UID375361	1	1	0	0
1	1	UID375398	1	1	0	0
1	1	UID375399	1	1	0	0
1	1	UID375410	1	1	0	0
1	1	UID375425	1	1	0	0
1	1	UID375426	1	1	0	0
1	1	UID375430	1	1	0	0
1	1	UID375495	1	1	0	0
1	1	UID375576	1	1	0	0
1	1	UID375578	1	1	0	0
1	1	UID375579	1	1	0	0
1	1	UID375649	1	1	0	0
1	1	UID375650	1	1	0	0
1	1	UID375653	1	1	0	0
1	1	UID375654	1	1	0	0
1	1	UID375675	1	1	0	0
1	1	UID375681	1	1	0	0
1	1	UID375684	1	1	0	0
1	1	UID375710	1	1	0	0
1	1	UID375718	1	1	0	0
1	1	UID375847	1	1	0	0
1	1	UID375850	1	1	0	0
1	1	UID375919	1	1	0	0
1	1	UID375939	1	1	0	0
1	1	UID375947	1	1	0	0
1	1	UID375949	1	1	0	0
1	1	UID376015	1	1	0	0
1	1	UID376026	1	1	0	0
1	1	UID376098	1	1	0	0
1	1	UID376109	1	1	0	0
1	1	UID376131	1	1	0	0
1	1	UID376173	1	1	0	0
1	1	UID376195	1	1	0	0
1	1	UID376224	1	1	0	0
1	1	UID376242	1	1	0	0
1	1	UID376289	1	1	0	0
1	1	UID376309	1	1	0	0
2	2	UID376319	1	2	1	1
1	1	UID376343	1	1	0	0
1	1	UID376344	1	1	0	0
1	1	UID376357	1	1	0	0
1	1	UID376363	1	1	0	0
1	1	UID376365	1	1	0	0
1	1	UID376369	1	1	0	0
1	1	UID376371	1	1	0	0
1	1	UID376373	1	1	0	0
1	1	UID376422	1	1	0	0
1	1	UID376465	1	1	0	0
1	1	UID376469	1	1	0	0
1	1	UID376512	1	1	0	0
1	1	UID376576	1	1	0	0
1	1	UID376580	1	1	0	0
1	1	UID376771	1	1	0	0
1	1	UID376813	1	1	0	0
1	1	UID376904	1	1	0	0
1	1	UID376905	1	1	0	0
1	1	UID376949	1	1	0	0
1	1	UID376986	1	1	0	0
1	1	UID376996	1	1	0	0
1	1	UID376999	1	1	0	0
1	1	UID377035	1	1	0	0
1	1	UID377157	1	1	0	0
1	1	UID377167	1	1	0	0
1	1	UID377185	1	1	0	0
1	1	UID377204	1	1	0	0
1	1	UID377322	1	1	0	0
1	1	UID377522	1	1	0	0
1	1	UID377599	1	1	0	0
1	1	UID377624	1	1	0	0
1	1	UID377660	1	1	0	0
1	1	UID377662	1	1	0	0
1	1	UID377664	1	1	0	0
1	1	UID377681	1	1	0	0
1	1	UID377771	1	1	0	0
1	1	UID377780	1	1	0	0
1	1	UID377804	1	1	0	0
1	1	UID377824	1	1	0	0
1	1	UID377831	1	1	0	0
1	1	UID377845	1	1	0	0
1	1	UID377876	1	1	0	0
1	1	UID377906	1	1	0	0
1	1	UID377943	1	1	0	0
1	1	UID378077	1	1	0	0
1	1	UID378078	1	1	0	0
1	1	UID378083	1	1	0	0
1	1	UID378162	1	1	0	0
1	1	UID378203	1	1	0	0
1	1	UID378242	1	1	0	0
1	1	UID378275	1	1	0	0
1	1	UID378278	1	1	0	0
1	1	UID378279	1	1	0	0
1	1	UID378283	1	1	0	0
1	1	UID378285	1	1	0	0
1	1	UID378295	1	1	0	0
1	1	UID378314	1	1	0	0
1	1	UID378425	1	1	0	0
1	1	UID378466	1	1	0	0
1	1	UID378527	1	1	0	0
1	1	UID378539	1	1	0	0
1	1	UID378659	1	1	0	0
1	1	UID378683	1	1	0	0
1	1	UID378695	1	1	0	0
1	1	UID378770	1	1	0	0
1	1	UID378773	1	1	0	0
1	1	UID378808	1	1	0	0
1	1	UID378811	1	1	0	0
1	1	UID378843	1	1	0	0
1	1	UID378885	1	1	0	0
1	1	UID378931	1	1	0	0
3	3	UID378934	1	3	2	2
1	1	UID378942	1	1	0	0
1	1	UID378944	1	1	0	0
1	1	UID378984	1	1	0	0
1	1	UID379017	1	1	0	0
1	1	UID379018	1	1	0	0
1	1	UID379030	1	1	0	0
1	1	UID379031	1	1	0	0
1	1	UID379045	1	1	0	0
1	1	UID379049	1	1	0	0
1	1	UID379094	1	1	0	0
1	1	UID379095	1	1	0	0
1	1	UID379104	1	1	0	0
1	1	UID379106	1	1	0	0
1	1	UID379131	1	1	0	0
1	1	UID379134	1	1	0	0
1	1	UID379135	1	1	0	0
1	1	UID379157	1	1	0	0
1	1	UID379159	1	1	0	0
1	1	UID379180	1	1	0	0
1	1	UID379182	1	1	0	0
1	1	UID379215	1	1	0	0
1	1	UID379235	1	1	0	0
1	1	UID379239	1	1	0	0
1	1	UID379255	1	1	0	0
1	1	UID379259	1	1	0	0
1	1	UID379268	1	1	0	0
1	1	UID379269	1	1	0	0
1	1	UID379272	1	1	0	0
1	1	UID379281	1	1	0	0
1	1	UID379312	1	1	0	0
1	1	UID379317	1	1	0	0
1	1	UID379366	1	1	0	0
1	1	UID379371	1	1	0	0
1	1	UID379412	1	1	0	0
1	1	UID379423	1	1	0	0
1	1	UID379488	1	1	0	0
1	1	UID379538	1	1	0	0
1	1	UID379568	1	1	0	0
1	1	UID379569	1	1	0	0
1	1	UID379575	1	1	0	0
1	1	UID379580	1	1	0	0
1	1	UID379595	1	1	0	0
1	1	UID379600	1	1	0	0
1	1	UID379628	1	1	0	0
1	1	UID379644	1	1	0	0
1	1	UID379677	1	1	0	0
1	1	UID379703	1	1	0	0
1	1	UID379708	1	1	0	0
1	1	UID379724	1	1	0	0
1	1	UID379729	1	1	0	0
1	1	UID379731	1	1	0	0
1	1	UID379742	1	1	0	0
1	1	UID379762	1	1	0	0
1	1	UID379767	1	1	0	0
1	1	UID379772	1	1	0	0
1	1	UID379774	1	1	0	0
1	1	UID379792	1	1	0	0
1	1	UID379805	1	1	0	0
1	1	UID379911	1	1	0	0
1	1	UID379924	1	1	0	0
1	1	UID379986	1	1	0	0
1	1	UID379993	1	1	0	0
1	1	UID380000	1	1	0	0
1	1	UID380002	1	1	0	0
1	1	UID380004	1	1	0	0
1	1	UID380012	1	1	0	0
1	1	UID380054	1	1	0	0
1	1	UID380102	1	1	0	0
2	2	UID380152	1	2	1	1
1	1	UID380224	1	1	0	0
1	1	UID380267	1	1	0	0
1	1	UID380297	1	1	0	0
1	1	UID380313	1	1	0	0
1	1	UID380319	1	1	0	0
1	1	UID380334	1	1	0	0
1	1	UID380338	1	1	0	0
1	1	UID380352	1	1	0	0
1	1	UID380356	1	1	0	0
1	1	UID380360	1	1	0	0
1	1	UID380390	1	1	0	0
1	1	UID380403	1	1	0	0
1	1	UID380436	1	1	0	0
1	1	UID380441	1	1	0	0
1	1	UID380463	1	1	0	0
1	1	UID380496	1	1	0	0
1	1	UID380504	1	1	0	0
1	1	UID380507	1	1	0	0
1	1	UID380515	1	1	0	0
1	1	UID380521	1	1	0	0
1	1	UID380529	1	1	0	0
1	1	UID380530	1	1	0	0
1	1	UID380547	1	1	0	0
1	1	UID380548	1	1	0	0
1	1	UID380597	1	1	0	0
1	1	UID380619	1	1	0	0
1	1	UID380639	1	1	0	0
1	1	UID380648	1	1	0	0
1	1	UID380683	1	1	0	0
1	1	UID380700	1	1	0	0
1	1	UID380704	1	1	0	0
1	1	UID380732	1	1	0	0
1	1	UID380767	1	1	0	0
1	1	UID380780	1	1	0	0
1	1	UID380782	1	1	0	0
1	1	UID380783	1	1	0	0
1	1	UID380789	1	1	0	0
1	1	UID380796	1	1	0	0
1	1	UID380813	1	1	0	0
1	1	UID380831	1	1	0	0
1	1	UID380833	1	1	0	0
1	1	UID380847	1	1	0	0
1	1	UID380862	1	1	0	0
1	1	UID380887	1	1	0	0
1	1	UID380931	1	1	0	0
1	1	UID380981	1	1	0	0
1	1	UID381014	1	1	0	0
1	1	UID381087	1	1	0	0
1	1	UID381107	1	1	0	0
1	1	UID381114	1	1	0	0
1	1	UID381117	1	1	0	0
1	1	UID381124	1	1	0	0
1	1	UID381127	1	1	0	0
1	1	UID381134	1	1	0	0
1	1	UID381139	1	1	0	0
1	1	UID381140	1	1	0	0
1	1	UID381193	1	1	0	0
1	1	UID381207	1	1	0	0
1	1	UID381212	1	1	0	0
1	1	UID381214	1	1	0	0
1	1	UID381224	1	1	0	0
1	1	UID381230	1	1	0	0
1	1	UID381241	1	1	0	0
1	1	UID381243	1	1	0	0
1	1	UID381329	1	1	0	0
1	1	UID381344	1	1	0	0
1	1	UID381354	1	1	0	0
1	1	UID381363	1	1	0	0
1	1	UID381370	1	1	0	0
1	1	UID381383	1	1	0	0
1	1	UID381390	1	1	0	0
1	1	UID381425	1	1	0	0
1	1	UID381433	1	1	0	0
1	1	UID381434	1	1	0	0
1	1	UID381438	1	1	0	0
1	1	UID381444	1	1	0	0
1	1	UID381460	1	1	0	0
1	1	UID381463	1	1	0	0
1	1	UID381464	1	1	0	0
1	1	UID381468	1	1	0	0
1	1	UID381489	1	1	0	0
1	1	UID381497	1	1	0	0
1	1	UID381501	1	1	0	0
1	1	UID381521	1	1	0	0
1	1	UID381526	1	1	0	0
1	1	UID381540	1	1	0	0
1	1	UID381556	1	1	0	0
1	1	UID381579	1	1	0	0
1	1	UID381591	1	1	0	0
1	1	UID381594	1	1	0	0
1	1	UID381599	1	1	0	0
1	1	UID381601	1	1	0	0
1	1	UID381603	1	1	0	0
1	1	UID381605	1	1	0	0
1	1	UID381622	1	1	0	0
1	1	UID381624	1	1	0	0
1	1	UID381626	1	1	0	0
1	1	UID381634	1	1	0	0
1	1	UID381637	1	1	0	0
1	1	UID381641	1	1	0	0
1	1	UID381643	1	1	0	0
1	1	UID381652	1	1	0	0
1	1	UID381674	1	1	0	0
1	1	UID381676	1	1	0	0
1	1	UID381715	1	1	0	0
1	1	UID381727	1	1	0	0
1	1	UID381734	1	1	0	0
1	1	UID381751	1	1	0	0
1	1	UID381759	1	1	0	0
1	1	UID381773	1	1	0	0
1	1	UID381840	1	1	0	0
1	1	UID381843	1	1	0	0
1	1	UID381848	1	1	0	0
1	1	UID381849	1	1	0	0
1	1	UID381883	1	1	0	0
1	1	UID381932	1	1	0	0
1	1	UID381951	1	1	0	0
1	1	UID381954	1	1	0	0
1	1	UID381958	1	1	0	0
1	1	UID381971	1	1	0	0
1	1	UID381982	1	1	0	0
1	1	UID381988	1	1	0	0
1	1	UID382069	1	1	0	0
1	1	UID382072	1	1	0	0
1	1	UID382074	1	1	0	0
1	1	UID382093	1	1	0	0
1	1	UID382099	1	1	0	0
1	1	UID382104	1	1	0	0
1	1	UID382140	1	1	0	0
1	1	UID382223	1	1	0	0
1	1	UID382228	1	1	0	0
1	1	UID382238	1	1	0	0
1	1	UID382243	1	1	0	0
1	1	UID382283	1	1	0	0
2	2	UID382307	1	2	1	1
1	1	UID382310	1	1	0	0
1	1	UID382318	1	1	0	0
1	1	UID382327	1	1	0	0
1	1	UID382329	1	1	0	0
1	1	UID382330	1	1	0	0
1	1	UID382357	1	1	0	0
1	1	UID382360	1	1	0	0
1	1	UID382366	1	1	0	0
1	1	UID382369	1	1	0	0
1	1	UID382371	1	1	0	0
1	1	UID382378	1	1	0	0
1	1	UID382379	1	1	0	0
1	1	UID382380	1	1	0	0
1	1	UID382382	1	1	0	0
1	1	UID382390	1	1	0	0
1	1	UID382391	1	1	0	0
1	1	UID382396	1	1	0	0
1	1	UID382397	1	1	0	0
1	1	UID382398	1	1	0	0
1	1	UID382399	1	1	0	0
1	1	UID382403	1	1	0	0
1	1	UID382405	1	1	0	0
1	1	UID382412	1	1	0	0
1	1	UID382413	1	1	0	0
1	1	UID382423	1	1	0	0
1	1	UID382428	1	1	0	0
1	1	UID382429	1	1	0	0
1	1	UID382431	1	1	0	0
1	1	UID382433	1	1	0	0
1	1	UID382434	1	1	0	0
1	1	UID382435	1	1	0	0
1	1	UID382464	1	1	0	0
1	1	UID382467	1	1	0	0
1	1	UID382487	1	1	0	0
1	1	UID382491	1	1	0	0
1	1	UID382492	1	1	0	0
1	1	UID382505	1	1	0	0
1	1	UID382526	1	1	0	0
1	1	UID382534	1	1	0	0
1	1	UID382584	1	1	0	0
1	1	UID382593	1	1	0	0
1	1	UID382604	1	1	0	0
1	1	UID382617	1	1	0	0
1	1	UID382621	1	1	0	0
1	1	UID382667	1	1	0	0
1	1	UID382669	1	1	0	0
1	1	UID382684	1	1	0	0
1	1	UID382685	1	1	0	0
1	1	UID382687	1	1	0	0
1	1	UID382689	1	1	0	0
1	1	UID382690	1	1	0	0
1	1	UID382708	1	1	0	0
1	1	UID382720	1	1	0	0
1	1	UID382728	1	1	0	0
1	1	UID382778	1	1	0	0
1	1	UID382803	1	1	0	0
1	1	UID382820	1	1	0	0
1	1	UID382836	1	1	0	0
1	1	UID382949	1	1	0	0
1	1	UID382950	1	1	0	0
1	1	UID382951	1	1	0	0
1	1	UID382952	1	1	0	0
1	1	UID382971	1	1	0	0
1	1	UID382972	1	1	0	0
1	1	UID383008	1	1	0	0
1	1	UID383013	1	1	0	0
1	1	UID383042	1	1	0	0
1	1	UID383075	1	1	0	0
1	1	UID383088	1	1	0	0
1	1	UID383103	1	1	0	0
1	1	UID383104	1	1	0	0
1	1	UID383110	1	1	0	0
1	1	UID383112	1	1	0	0
1	1	UID383129	1	1	0	0
1	1	UID383133	1	1	0	0
1	1	UID383137	1	1	0	0
1	1	UID383168	1	1	0	0
1	1	UID383200	1	1	0	0
1	1	UID383210	1	1	0	0
1	1	UID383216	1	1	0	0
1	1	UID383220	1	1	0	0
1	1	UID383289	1	1	0	0
1	1	UID383294	1	1	0	0
1	1	UID383312	1	1	0	0
1	1	UID383314	1	1	0	0
1	1	UID383332	1	1	0	0
1	1	UID383339	1	1	0	0
1	1	UID383341	1	1	0	0
1	1	UID383349	1	1	0	0
1	1	UID383350	1	1	0	0
1	1	UID383355	1	1	0	0
1	1	UID383365	1	1	0	0
1	1	UID383436	1	1	0	0
1	1	UID383449	1	1	0	0
1	1	UID383456	1	1	0	0
1	1	UID383468	1	1	0	0
1	1	UID383500	1	1	0	0
1	1	UID383519	1	1	0	0
1	1	UID383586	1	1	0	0
1	1	UID383597	1	1	0	0
1	1	UID383600	1	1	0	0
1	1	UID383603	1	1	0	0
1	1	UID383604	1	1	0	0
1	1	UID383609	1	1	0	0
1	1	UID383614	1	1	0	0
1	1	UID383638	1	1	0	0
1	1	UID383640	1	1	0	0
1	1	UID383645	1	1	0	0
1	1	UID383648	1	1	0	0
1	1	UID383649	1	1	0	0
1	1	UID383652	1	1	0	0
1	1	UID383656	1	1	0	0
1	1	UID383657	1	1	0	0
1	1	UID383658	1	1	0	0
1	1	UID383663	1	1	0	0
1	1	UID383664	1	1	0	0
1	1	UID383665	1	1	0	0
1	1	UID383667	1	1	0	0
1	1	UID383668	1	1	0	0
1	1	UID383676	1	1	0	0
1	1	UID383685	1	1	0	0
1	1	UID383688	1	1	0	0
1	1	UID383689	1	1	0	0
1	1	UID383692	1	1	0	0
1	1	UID383695	1	1	0	0
1	1	UID383700	1	1	0	0
1	1	UID383702	1	1	0	0
1	1	UID383703	1	1	0	0
1	1	UID383704	1	1	0	0
1	1	UID383705	1	1	0	0
1	1	UID383707	1	1	0	0
1	1	UID383710	1	1	0	0
1	1	UID383711	1	1	0	0
1	1	UID383713	1	1	0	0
1	1	UID383715	1	1	0	0
1	1	UID383716	1	1	0	0
1	1	UID383721	1	1	0	0
1	1	UID383722	1	1	0	0
1	1	UID383723	1	1	0	0
1	1	UID383733	1	1	0	0
1	1	UID383740	1	1	0	0
1	1	UID383760	1	1	0	0
1	1	UID383761	1	1	0	0
1	1	UID383765	1	1	0	0
1	1	UID383768	1	1	0	0
2	2	UID383772	1	2	1	1
1	1	UID383773	1	1	0	0
1	1	UID383858	1	1	0	0
1	1	UID383860	1	1	0	0
1	1	UID383867	1	1	0	0
1	1	UID383872	1	1	0	0
1	1	UID383892	1	1	0	0
1	1	UID383893	1	1	0	0
1	1	UID383895	1	1	0	0
1	1	UID383898	1	1	0	0
1	1	UID383900	1	1	0	0
1	1	UID383901	1	1	0	0
1	1	UID383902	1	1	0	0
1	1	UID383904	1	1	0	0
1	1	UID383906	1	1	0	0
1	1	UID383907	1	1	0	0
1	1	UID383911	1	1	0	0
1	1	UID383915	1	1	0	0
1	1	UID383916	1	1	0	0
1	1	UID383923	1	1	0	0
1	1	UID383924	1	1	0	0
1	1	UID383925	1	1	0	0
1	1	UID383929	1	1	0	0
1	1	UID383930	1	1	0	0
1	1	UID383934	1	1	0	0
1	1	UID383935	1	1	0	0
1	1	UID383939	1	1	0	0
1	1	UID383940	1	1	0	0
1	1	UID383941	1	1	0	0
1	1	UID383988	1	1	0	0
1	1	UID384031	1	1	0	0
1	1	UID384037	1	1	0	0
1	1	UID384038	1	1	0	0
1	1	UID384052	1	1	0	0
1	1	UID384056	1	1	0	0
1	1	UID384057	1	1	0	0
1	1	UID384059	1	1	0	0
1	1	UID384060	1	1	0	0
1	1	UID384076	1	1	0	0
1	1	UID384087	1	1	0	0
1	1	UID384088	1	1	0	0
1	1	UID384089	1	1	0	0
1	1	UID384090	1	1	0	0
1	1	UID384091	1	1	0	0
1	1	UID384092	1	1	0	0
1	1	UID384095	1	1	0	0
1	1	UID384096	1	1	0	0
1	1	UID384101	1	1	0	0
1	1	UID384112	1	1	0	0
1	1	UID384121	1	1	0	0
1	1	UID384123	1	1	0	0
1	1	UID384124	1	1	0	0
1	1	UID384130	1	1	0	0
1	1	UID384131	1	1	0	0
1	1	UID384133	1	1	0	0
1	1	UID384134	1	1	0	0
1	1	UID384136	1	1	0	0
1	1	UID384141	1	1	0	0
1	1	UID384142	1	1	0	0
1	1	UID384144	1	1	0	0
1	1	UID384149	1	1	0	0
1	1	UID384150	1	1	0	0
1	1	UID384151	1	1	0	0
1	1	UID384154	1	1	0	0
1	1	UID384160	1	1	0	0
1	1	UID384167	1	1	0	0
1	1	UID384182	1	1	0	0
1	1	UID384190	1	1	0	0
1	1	UID384192	1	1	0	0
1	1	UID384196	1	1	0	0
1	1	UID384206	1	1	0	0
1	1	UID384244	1	1	0	0
1	1	UID384248	1	1	0	0
1	1	UID384287	1	1	0	0
1	1	UID384302	1	1	0	0
1	1	UID384305	1	1	0	0
1	1	UID384399	1	1	0	0
1	1	UID384406	1	1	0	0
1	1	UID384424	1	1	0	0
1	1	UID384455	1	1	0	0
1	1	UID384492	1	1	0	0
1	1	UID384537	1	1	0	0
1	1	UID384571	1	1	0	0
1	1	UID384576	1	1	0	0
1	1	UID384577	1	1	0	0
1	1	UID384585	1	1	0	0
1	1	UID384631	1	1	0	0
2	2	UID384633	1	2	1	1
1	1	UID384637	1	1	0	0
1	1	UID384639	1	1	0	0
1	1	UID384649	1	1	0	0
1	1	UID384670	1	1	0	0
1	1	UID384695	1	1	0	0
1	1	UID384696	1	1	0	0
1	1	UID384705	1	1	0	0
1	1	UID384707	1	1	0	0
1	1	UID384721	1	1	0	0
1	1	UID384742	1	1	0	0
1	1	UID384748	1	1	0	0
1	1	UID384778	1	1	0	0
1	1	UID384789	1	1	0	0
1	1	UID384838	1	1	0	0
1	1	UID384847	1	1	0	0
1	1	UID384848	1	1	0	0
1	1	UID384858	1	1	0	0
1	1	UID384875	1	1	0	0
1	1	UID384917	1	1	0	0
1	1	UID384927	1	1	0	0
1	1	UID384937	1	1	0	0
1	1	UID384939	1	1	0	0
1	1	UID384948	1	1	0	0
1	1	UID384950	1	1	0	0
1	1	UID384958	1	1	0	0
1	1	UID384966	1	1	0	0
1	1	UID385002	1	1	0	0
1	1	UID385017	1	1	0	0
1	1	UID385031	1	1	0	0
1	1	UID385037	1	1	0	0
1	1	UID385040	1	1	0	0
1	1	UID385041	1	1	0	0
1	1	UID385043	1	1	0	0
1	1	UID385055	1	1	0	0
1	1	UID385056	1	1	0	0
1	1	UID385060	1	1	0	0
1	1	UID385067	1	1	0	0
1	1	UID385074	1	1	0	0
1	1	UID385076	1	1	0	0
1	1	UID385095	1	1	0	0
1	1	UID385097	1	1	0	0
1	1	UID385108	1	1	0	0
1	1	UID385158	1	1	0	0
1	1	UID385165	1	1	0	0
1	1	UID385167	1	1	0	0
1	1	UID385184	1	1	0	0
1	1	UID385224	1	1	0	0
1	1	UID385229	1	1	0	0
1	1	UID385234	1	1	0	0
1	1	UID385276	1	1	0	0
1	1	UID385297	1	1	0	0
1	1	UID385332	1	1	0	0
1	1	UID385336	1	1	0	0
1	1	UID385337	1	1	0	0
1	1	UID385340	1	1	0	0
1	1	UID385345	1	1	0	0
1	1	UID385347	1	1	0	0
1	1	UID385351	1	1	0	0
1	1	UID385372	1	1	0	0
1	1	UID385376	1	1	0	0
1	1	UID385386	1	1	0	0
1	1	UID385398	1	1	0	0
1	1	UID385407	1	1	0	0
1	1	UID385436	1	1	0	0
1	1	UID385439	1	1	0	0
1	1	UID385442	1	1	0	0
1	1	UID385444	1	1	0	0
1	1	UID385452	1	1	0	0
1	1	UID385483	1	1	0	0
1	1	UID385493	1	1	0	0
1	1	UID385494	1	1	0	0
1	1	UID385518	1	1	0	0
1	1	UID385533	1	1	0	0
1	1	UID385555	1	1	0	0
1	1	UID385588	1	1	0	0
1	1	UID385597	1	1	0	0
1	1	UID385599	1	1	0	0
1	1	UID385604	1	1	0	0
1	1	UID385606	1	1	0	0
1	1	UID385612	1	1	0	0
1	1	UID385615	1	1	0	0
1	1	UID385632	1	1	0	0
1	1	UID385637	1	1	0	0
1	1	UID385643	1	1	0	0
1	1	UID385645	1	1	0	0
1	1	UID385648	1	1	0	0
1	1	UID385675	1	1	0	0
1	1	UID385689	1	1	0	0
1	1	UID385696	1	1	0	0
1	1	UID385697	1	1	0	0
1	1	UID385700	1	1	0	0
1	1	UID385712	1	1	0	0
1	1	UID385805	1	1	0	0
1	1	UID385807	1	1	0	0
1	1	UID385809	1	1	0	0
1	1	UID385810	1	1	0	0
1	1	UID385817	1	1	0	0
1	1	UID385818	1	1	0	0
1	1	UID385823	1	1	0	0
1	1	UID385870	1	1	0	0
1	1	UID385882	1	1	0	0
1	1	UID385895	1	1	0	0
1	1	UID385914	1	1	0	0
1	1	UID385919	1	1	0	0
1	1	UID385949	1	1	0	0
1	1	UID385995	1	1	0	0
1	1	UID386006	1	1	0	0
1	1	UID386014	1	1	0	0
1	1	UID386019	1	1	0	0
1	1	UID386023	1	1	0	0
1	1	UID386033	1	1	0	0
1	1	UID386042	1	1	0	0
1	1	UID386072	1	1	0	0
1	1	UID386081	1	1	0	0
1	1	UID386082	1	1	0	0
1	1	UID386111	1	1	0	0
1	1	UID386112	1	1	0	0
1	1	UID386113	1	1	0	0
1	1	UID386153	1	1	0	0
1	1	UID386169	1	1	0	0
1	1	UID386200	1	1	0	0
1	1	UID386202	1	1	0	0
1	1	UID386207	1	1	0	0
1	1	UID386218	1	1	0	0
1	1	UID386222	1	1	0	0
1	1	UID386224	1	1	0	0
1	1	UID386254	1	1	0	0
1	1	UID386267	1	1	0	0
1	1	UID386270	1	1	0	0
1	1	UID386273	1	1	0	0
1	1	UID386274	1	1	0	0
1	1	UID386278	1	1	0	0
1	1	UID386282	1	1	0	0
1	1	UID386317	1	1	0	0
1	1	UID386329	1	1	0	0
1	1	UID386343	1	1	0	0
1	1	UID386348	1	1	0	0
1	1	UID386408	1	1	0	0
1	1	UID386435	1	1	0	0
1	1	UID386437	1	1	0	0
1	1	UID386448	1	1	0	0
1	1	UID386449	1	1	0	0
1	1	UID386450	1	1	0	0
1	1	UID386455	1	1	0	0
1	1	UID386463	1	1	0	0
1	1	UID386474	1	1	0	0
1	1	UID386483	1	1	0	0
1	1	UID386484	1	1	0	0
1	1	UID386486	1	1	0	0
1	1	UID386489	1	1	0	0
1	1	UID386498	1	1	0	0
1	1	UID386515	1	1	0	0
1	1	UID386517	1	1	0	0
1	1	UID386520	1	1	0	0
1	1	UID386521	1	1	0	0
1	1	UID386529	1	1	0	0
1	1	UID386534	1	1	0	0
1	1	UID386546	1	1	0	0
1	1	UID386552	1	1	0	0
1	1	UID386555	1	1	0	0
1	1	UID386558	1	1	0	0
1	1	UID386565	1	1	0	0
1	1	UID386571	1	1	0	0
1	1	UID386578	1	1	0	0
1	1	UID386585	1	1	0	0
1	1	UID386646	1	1	0	0
1	1	UID386657	1	1	0	0
1	1	UID386667	1	1	0	0
1	1	UID386678	1	1	0	0
1	1	UID386696	1	1	0	0
1	1	UID386701	1	1	0	0
1	1	UID386706	1	1	0	0
1	1	UID386711	1	1	0	0
1	1	UID386719	1	1	0	0
1	1	UID386720	1	1	0	0
1	1	UID386722	1	1	0	0
1	1	UID386743	1	1	0	0
1	1	UID386747	1	1	0	0
1	1	UID386748	1	1	0	0
1	1	UID386790	1	1	0	0
1	1	UID386799	1	1	0	0
1	1	UID386804	1	1	0	0
1	1	UID386808	1	1	0	0
1	1	UID386813	1	1	0	0
1	1	UID386881	1	1	0	0
1	1	UID386915	1	1	0	0
1	1	UID386955	1	1	0	0
1	1	UID386969	1	1	0	0
1	1	UID386972	1	1	0	0
1	1	UID386993	1	1	0	0
1	1	UID386994	1	1	0	0
1	1	UID386999	1	1	0	0
1	1	UID387005	1	1	0	0
1	1	UID387007	1	1	0	0
1	1	UID387011	1	1	0	0
1	1	UID387036	1	1	0	0
1	1	UID387040	1	1	0	0
1	1	UID387051	1	1	0	0
1	1	UID387054	1	1	0	0
1	1	UID387055	1	1	0	0
1	1	UID387056	1	1	0	0
1	1	UID387061	1	1	0	0
1	1	UID387062	1	1	0	0
1	1	UID387068	1	1	0	0
1	1	UID387074	1	1	0	0
1	1	UID387077	1	1	0	0
1	1	UID387082	1	1	0	0
1	1	UID387083	1	1	0	0
1	1	UID387084	1	1	0	0
1	1	UID387092	1	1	0	0
2	2	UID387147	1	2	1	1
1	1	UID387156	1	1	0	0
1	1	UID387157	1	1	0	0
2	2	UID387163	1	2	1	1
1	1	UID387170	1	1	0	0
1	1	UID387176	1	1	0	0
1	1	UID387195	1	1	0	0
1	1	UID387197	1	1	0	0
1	1	UID387214	1	1	0	0
1	1	UID387215	1	1	0	0
1	1	UID387223	1	1	0	0
1	1	UID387271	1	1	0	0
1	1	UID387278	1	1	0	0
1	1	UID387279	1	1	0	0
2	2	UID387287	1	2	1	1
1	1	UID387290	1	1	0	0
1	1	UID387305	1	1	0	0
1	1	UID387309	1	1	0	0
1	1	UID387313	1	1	0	0
1	1	UID387322	1	1	0	0
1	1	UID387326	1	1	0	0
1	1	UID387337	1	1	0	0
1	1	UID387338	1	1	0	0
1	1	UID387340	1	1	0	0
1	1	UID387341	1	1	0	0
1	1	UID387343	1	1	0	0
1	1	UID387346	1	1	0	0
1	1	UID387347	1	1	0	0
1	1	UID387348	1	1	0	0
1	1	UID387356	1	1	0	0
1	1	UID387364	1	1	0	0
1	1	UID387365	1	1	0	0
1	1	UID387410	1	1	0	0
1	1	UID387411	1	1	0	0
1	1	UID387456	1	1	0	0
1	1	UID387457	1	1	0	0
1	1	UID387460	1	1	0	0
1	1	UID387476	1	1	0	0
1	1	UID387483	1	1	0	0
1	1	UID387484	1	1	0	0
1	1	UID387486	1	1	0	0
1	1	UID387493	1	1	0	0
1	1	UID387516	1	1	0	0
1	1	UID387518	1	1	0	0
1	1	UID387530	1	1	0	0
1	1	UID387531	1	1	0	0
1	1	UID387532	1	1	0	0
1	1	UID387540	1	1	0	0
1	1	UID387568	1	1	0	0
1	1	UID387570	1	1	0	0
1	1	UID49328	1	1	0	0
1	1	UID61268	1	1	0	0
1	1	UID74580	1	1	0	0
1	1	UID7622	1	1	0	0
1	1	UID8136	1	1	0	0
