4532	29009	UID617774	14572	3394	4	4
4259	22698	UID150841	10931	3298	6	6
340	1456	UID617775	807	223	3	3
489	1282	UID914	429	380	4	4
518	1555	UID314	402	379	6	6
144	535	UID2	245	106	3	3
334	779	UID980	223	267	4	4
178	512	UID380	166	136	3	3
86	277	UID1	152	71	4	4
160	425	UID617779	121	128	4	4
162	441	UID617780	120	130	3	3
48	113	UID617797	57	39	2	2
74	155	UID617801	56	58	3	3
39	113	UID220	53	32	5	5
62	143	UID9581	43	48	4	4
24	64	UID617903	35	20	2	2
20	53	UID618060	25	12	2	2
26	53	UID618072	24	22	1	1
27	56	UID201	23	24	2	2
42	87	UID199824	21	33	3	3
40	71	UID9539	21	34	2	2
29	60	UID618129	20	21	2	2
7	23	UID618196	16	5	1	1
16	33	UID618197	16	14	2	2
16	30	UID157059	14	14	1	1
22	37	UID157061	10	16	2	2
7	15	UID618324	9	6	1	1
4	12	UID618333	9	3	1	1
5	13	UID81539	9	4	1	1
6	14	UID618360	8	4	1	1
5	10	UID16	6	4	1	1
4	10	UID313	6	2	1	1
16	24	UID61682	6	12	2	2
4	10	UID618441	6	2	1	1
5	10	UID618447	6	4	0	0
4	8	UID618543	5	3	1	1
1	4	UID618557	4	0	0	0
1	4	UID618569	4	0	0	0
1	4	UID618576	4	0	0	0
9	12	UID618595	4	8	1	1
2	5	UID618612	4	1	1	1
11	18	UID618629	4	7	2	2
1	4	UID618662	4	0	0	0
5	7	UID10027	3	4	1	1
5	7	UID175185	3	4	3	3
1	3	UID19642	3	0	0	0
2	4	UID216147	3	1	1	1
5	9	UID33632	3	2	1	1
1	3	UID618699	3	0	0	0
1	3	UID618713	3	0	0	0
1	3	UID618715	3	0	0	0
1	3	UID618735	3	0	0	0
6	8	UID618736	3	5	1	1
1	3	UID618737	3	0	0	0
1	3	UID618739	3	0	0	0
2	4	UID618741	3	1	1	1
1	3	UID618742	3	0	0	0
1	3	UID618746	3	0	0	0
2	4	UID618747	3	1	1	1
1	3	UID618751	3	0	0	0
2	4	UID618754	3	1	0	0
1	3	UID618756	3	0	0	0
1	3	UID618825	3	0	0	0
1	3	UID618827	3	0	0	0
1	3	UID618832	3	0	0	0
3	6	UID618834	3	1	1	1
1	3	UID618863	3	0	0	0
1	3	UID618887	3	0	0	0
1	3	UID618890	3	0	0	0
6	10	UID618938	3	3	1	1
1	3	UID618948	3	0	0	0
1	3	UID618949	3	0	0	0
1	3	UID618968	3	0	0	0
1	3	UID618976	3	0	0	0
1	3	UID618977	3	0	0	0
1	3	UID618983	3	0	0	0
1	3	UID618985	3	0	0	0
1	3	UID619012	3	0	0	0
1	3	UID619013	3	0	0	0
1	3	UID619015	3	0	0	0
1	3	UID619017	3	0	0	0
1	3	UID619020	3	0	0	0
1	3	UID619023	3	0	0	0
2	4	UID619024	3	1	1	1
1	3	UID619037	3	0	0	0
1	3	UID619044	3	0	0	0
1	2	UID1022	2	0	0	0
8	9	UID1445	2	7	2	2
3	5	UID159772	2	1	1	1
1	2	UID168307	2	0	0	0
5	6	UID200	2	4	1	1
6	8	UID242	2	4	2	2
1	2	UID27308	2	0	0	0
1	2	UID619057	2	0	0	0
1	2	UID619062	2	0	0	0
1	2	UID619126	2	0	0	0
1	2	UID619148	2	0	0	0
1	2	UID619168	2	0	0	0
2	3	UID619183	2	1	1	1
2	3	UID619202	2	1	1	1
1	2	UID619215	2	0	0	0
2	3	UID619229	2	1	1	1
1	2	UID619239	2	0	0	0
1	2	UID619241	2	0	0	0
1	2	UID619291	2	0	0	0
1	2	UID619331	2	0	0	0
1	2	UID619393	2	0	0	0
1	2	UID619503	2	0	0	0
2	3	UID619567	2	1	1	1
6	7	UID619574	2	5	2	2
2	3	UID619576	2	1	1	1
2	3	UID619610	2	1	1	1
1	2	UID619617	2	0	0	0
1	2	UID619623	2	0	0	0
6	7	UID619638	2	5	2	2
1	2	UID619662	2	0	0	0
2	3	UID619708	2	1	1	1
1	2	UID619747	2	0	0	0
1	2	UID619748	2	0	0	0
2	3	UID619779	2	1	1	1
4	6	UID619790	2	2	1	1
1	2	UID619795	2	0	0	0
1	2	UID619808	2	0	0	0
1	2	UID619838	2	0	0	0
2	3	UID619852	2	1	1	1
1	2	UID619863	2	0	0	0
1	2	UID619884	2	0	0	0
7	8	UID620027	2	6	3	3
1	2	UID620028	2	0	0	0
5	8	UID620033	2	2	1	1
2	3	UID620048	2	1	1	1
6	8	UID620055	2	4	2	2
1	2	UID620155	2	0	0	0
1	2	UID620187	2	0	0	0
1	2	UID620207	2	0	0	0
1	2	UID620228	2	0	0	0
1	2	UID620275	2	0	0	0
1	2	UID620292	2	0	0	0
1	2	UID620331	2	0	0	0
1	1	UID10255	1	1	0	0
1	1	UID134634	1	1	0	0
1	1	UID1427	1	1	0	0
1	1	UID157064	1	1	0	0
1	1	UID157068	1	1	0	0
1	1	UID19343	1	1	0	0
1	1	UID203294	1	1	0	0
1	1	UID210	1	1	0	0
9	9	UID22499	1	9	2	2
1	1	UID33597	1	1	0	0
1	1	UID55482	1	1	0	0
1	1	UID616801	1	1	0	0
1	1	UID61852	1	1	0	0
1	1	UID620361	1	1	0	0
1	1	UID620362	1	1	0	0
1	1	UID620363	1	1	0	0
1	1	UID620367	1	1	0	0
1	1	UID620370	1	1	0	0
1	1	UID620379	1	1	0	0
1	1	UID620385	1	1	0	0
1	1	UID620392	1	1	0	0
1	1	UID620395	1	1	0	0
1	1	UID620399	1	1	0	0
1	1	UID620400	1	1	0	0
1	1	UID620402	1	1	0	0
1	1	UID620403	1	1	0	0
1	1	UID620404	1	1	0	0
1	1	UID620409	1	1	0	0
1	1	UID620415	1	1	0	0
1	1	UID620416	1	1	0	0
1	1	UID620418	1	1	0	0
1	1	UID620420	1	1	0	0
1	1	UID620425	1	1	0	0
1	1	UID620439	1	1	0	0
1	1	UID620441	1	1	0	0
1	1	UID620444	1	1	0	0
1	1	UID620473	1	1	0	0
1	1	UID620474	1	1	0	0
1	1	UID620488	1	1	0	0
1	1	UID620491	1	1	0	0
1	1	UID620493	1	1	0	0
1	1	UID620494	1	1	0	0
1	1	UID620497	1	1	0	0
1	1	UID620503	1	1	0	0
1	1	UID620504	1	1	0	0
1	1	UID620509	1	1	0	0
1	1	UID620513	1	1	0	0
1	1	UID620517	1	1	0	0
1	1	UID620527	1	1	0	0
1	1	UID620550	1	1	0	0
1	1	UID620561	1	1	0	0
1	1	UID620562	1	1	0	0
1	1	UID620563	1	1	0	0
1	1	UID620569	1	1	0	0
1	1	UID620573	1	1	0	0
1	1	UID620575	1	1	0	0
1	1	UID620576	1	1	0	0
1	1	UID620578	1	1	0	0
1	1	UID620584	1	1	0	0
1	1	UID620597	1	1	0	0
1	1	UID620616	1	1	0	0
1	1	UID620618	1	1	0	0
1	1	UID620619	1	1	0	0
1	1	UID620639	1	1	0	0
1	1	UID620640	1	1	0	0
1	1	UID620641	1	1	0	0
1	1	UID620642	1	1	0	0
1	1	UID620644	1	1	0	0
1	1	UID620646	1	1	0	0
1	1	UID620656	1	1	0	0
1	1	UID620657	1	1	0	0
1	1	UID620659	1	1	0	0
1	1	UID620662	1	1	0	0
1	1	UID620664	1	1	0	0
1	1	UID620706	1	1	0	0
1	1	UID620712	1	1	0	0
1	1	UID620749	1	1	0	0
1	1	UID620751	1	1	0	0
1	1	UID620752	1	1	0	0
1	1	UID620754	1	1	0	0
1	1	UID620764	1	1	0	0
1	1	UID620766	1	1	0	0
1	1	UID620767	1	1	0	0
1	1	UID620768	1	1	0	0
1	1	UID620769	1	1	0	0
1	1	UID620770	1	1	0	0
1	1	UID620771	1	1	0	0
1	1	UID620773	1	1	0	0
1	1	UID620791	1	1	0	0
1	1	UID620810	1	1	0	0
1	1	UID620827	1	1	0	0
1	1	UID620828	1	1	0	0
1	1	UID620830	1	1	0	0
1	1	UID620831	1	1	0	0
1	1	UID620844	1	1	0	0
1	1	UID620845	1	1	0	0
1	1	UID620846	1	1	0	0
1	1	UID620847	1	1	0	0
1	1	UID620848	1	1	0	0
1	1	UID620853	1	1	0	0
1	1	UID620858	1	1	0	0
1	1	UID620868	1	1	0	0
1	1	UID620880	1	1	0	0
1	1	UID620904	1	1	0	0
1	1	UID620906	1	1	0	0
1	1	UID620915	1	1	0	0
1	1	UID620916	1	1	0	0
1	1	UID620917	1	1	0	0
1	1	UID620922	1	1	0	0
1	1	UID620923	1	1	0	0
1	1	UID620928	1	1	0	0
1	1	UID620934	1	1	0	0
1	1	UID620944	1	1	0	0
1	1	UID620955	1	1	0	0
1	1	UID620957	1	1	0	0
1	1	UID620959	1	1	0	0
1	1	UID620994	1	1	0	0
1	1	UID621001	1	1	0	0
1	1	UID621002	1	1	0	0
1	1	UID621003	1	1	0	0
1	1	UID621007	1	1	0	0
1	1	UID621008	1	1	0	0
1	1	UID621009	1	1	0	0
1	1	UID621012	1	1	0	0
1	1	UID621014	1	1	0	0
1	1	UID621018	1	1	0	0
1	1	UID621022	1	1	0	0
1	1	UID621024	1	1	0	0
1	1	UID621044	1	1	0	0
1	1	UID621071	1	1	0	0
1	1	UID621072	1	1	0	0
1	1	UID621078	1	1	0	0
1	1	UID621079	1	1	0	0
1	1	UID621081	1	1	0	0
1	1	UID621082	1	1	0	0
1	1	UID621085	1	1	0	0
1	1	UID621088	1	1	0	0
1	1	UID621091	1	1	0	0
1	1	UID621094	1	1	0	0
1	1	UID621107	1	1	0	0
1	1	UID621150	1	1	0	0
1	1	UID621157	1	1	0	0
1	1	UID621158	1	1	0	0
1	1	UID621165	1	1	0	0
1	1	UID621168	1	1	0	0
1	1	UID621175	1	1	0	0
1	1	UID621181	1	1	0	0
1	1	UID621196	1	1	0	0
1	1	UID621198	1	1	0	0
1	1	UID621199	1	1	0	0
1	1	UID621202	1	1	0	0
1	1	UID621204	1	1	0	0
1	1	UID621205	1	1	0	0
1	1	UID621206	1	1	0	0
1	1	UID621207	1	1	0	0
1	1	UID621209	1	1	0	0
1	1	UID621214	1	1	0	0
1	1	UID621219	1	1	0	0
1	1	UID621234	1	1	0	0
1	1	UID621235	1	1	0	0
1	1	UID621272	1	1	0	0
1	1	UID621280	1	1	0	0
1	1	UID621281	1	1	0	0
1	1	UID621300	1	1	0	0
1	1	UID621303	1	1	0	0
1	1	UID621304	1	1	0	0
1	1	UID621307	1	1	0	0
1	1	UID621308	1	1	0	0
1	1	UID621320	1	1	0	0
1	1	UID621330	1	1	0	0
5	5	UID621343	1	5	2	2
1	1	UID621358	1	1	0	0
1	1	UID621359	1	1	0	0
1	1	UID621364	1	1	0	0
1	1	UID621365	1	1	0	0
1	1	UID621368	1	1	0	0
1	1	UID621371	1	1	0	0
1	1	UID621406	1	1	0	0
1	1	UID621409	1	1	0	0
1	1	UID621418	1	1	0	0
1	1	UID621419	1	1	0	0
1	1	UID621421	1	1	0	0
1	1	UID621425	1	1	0	0
1	1	UID621431	1	1	0	0
1	1	UID621433	1	1	0	0
1	1	UID621435	1	1	0	0
1	1	UID621445	1	1	0	0
1	1	UID621446	1	1	0	0
1	1	UID621447	1	1	0	0
1	1	UID621454	1	1	0	0
1	1	UID621455	1	1	0	0
1	1	UID621456	1	1	0	0
1	1	UID621461	1	1	0	0
1	1	UID621462	1	1	0	0
1	1	UID621505	1	1	0	0
1	1	UID621507	1	1	0	0
1	1	UID621513	1	1	0	0
1	1	UID621514	1	1	0	0
1	1	UID621518	1	1	0	0
1	1	UID621546	1	1	0	0
1	1	UID621553	1	1	0	0
1	1	UID621588	1	1	0	0
1	1	UID621604	1	1	0	0
1	1	UID621608	1	1	0	0
1	1	UID621609	1	1	0	0
1	1	UID621613	1	1	0	0
1	1	UID621619	1	1	0	0
1	1	UID621630	1	1	0	0
1	1	UID621651	1	1	0	0
1	1	UID621652	1	1	0	0
1	1	UID621654	1	1	0	0
1	1	UID621656	1	1	0	0
2	2	UID621661	1	2	1	1
1	1	UID621664	1	1	0	0
1	1	UID621675	1	1	0	0
1	1	UID621676	1	1	0	0
1	1	UID621687	1	1	0	0
1	1	UID621706	1	1	0	0
1	1	UID621731	1	1	0	0
1	1	UID621736	1	1	0	0
1	1	UID621762	1	1	0	0
1	1	UID621767	1	1	0	0
1	1	UID621774	1	1	0	0
1	1	UID621778	1	1	0	0
1	1	UID621779	1	1	0	0
1	1	UID621781	1	1	0	0
1	1	UID621789	1	1	0	0
1	1	UID621816	1	1	0	0
1	1	UID621826	1	1	0	0
1	1	UID621837	1	1	0	0
1	1	UID621845	1	1	0	0
1	1	UID621847	1	1	0	0
1	1	UID621848	1	1	0	0
1	1	UID621854	1	1	0	0
1	1	UID621856	1	1	0	0
1	1	UID621864	1	1	0	0
1	1	UID621883	1	1	0	0
1	1	UID621888	1	1	0	0
1	1	UID621934	1	1	0	0
1	1	UID621940	1	1	0	0
1	1	UID621943	1	1	0	0
1	1	UID621950	1	1	0	0
1	1	UID622027	1	1	0	0
1	1	UID622029	1	1	0	0
1	1	UID622039	1	1	0	0
1	1	UID622041	1	1	0	0
1	1	UID622043	1	1	0	0
1	1	UID622063	1	1	0	0
1	1	UID622077	1	1	0	0
1	1	UID622078	1	1	0	0
1	1	UID622082	1	1	0	0
1	1	UID622085	1	1	0	0
1	1	UID622117	1	1	0	0
1	1	UID622134	1	1	0	0
1	1	UID622135	1	1	0	0
1	1	UID622143	1	1	0	0
1	1	UID622159	1	1	0	0
1	1	UID622179	1	1	0	0
1	1	UID622183	1	1	0	0
1	1	UID622191	1	1	0	0
1	1	UID622231	1	1	0	0
1	1	UID622245	1	1	0	0
1	1	UID622266	1	1	0	0
1	1	UID622276	1	1	0	0
1	1	UID622295	1	1	0	0
1	1	UID622302	1	1	0	0
1	1	UID622303	1	1	0	0
1	1	UID622322	1	1	0	0
1	1	UID622340	1	1	0	0
1	1	UID622346	1	1	0	0
1	1	UID622347	1	1	0	0
1	1	UID622350	1	1	0	0
1	1	UID622351	1	1	0	0
1	1	UID622367	1	1	0	0
1	1	UID622369	1	1	0	0
1	1	UID622372	1	1	0	0
1	1	UID622373	1	1	0	0
1	1	UID622397	1	1	0	0
1	1	UID622400	1	1	0	0
1	1	UID622461	1	1	0	0
1	1	UID622524	1	1	0	0
1	1	UID622525	1	1	0	0
1	1	UID622526	1	1	0	0
1	1	UID622529	1	1	0	0
1	1	UID622539	1	1	0	0
1	1	UID622592	1	1	0	0
1	1	UID622625	1	1	0	0
1	1	UID622627	1	1	0	0
1	1	UID622634	1	1	0	0
1	1	UID622649	1	1	0	0
1	1	UID622664	1	1	0	0
1	1	UID622667	1	1	0	0
1	1	UID622671	1	1	0	0
1	1	UID622673	1	1	0	0
1	1	UID622716	1	1	0	0
1	1	UID622751	1	1	0	0
1	1	UID622759	1	1	0	0
1	1	UID622765	1	1	0	0
1	1	UID622767	1	1	0	0
1	1	UID622775	1	1	0	0
1	1	UID622830	1	1	0	0
1	1	UID622859	1	1	0	0
1	1	UID622861	1	1	0	0
1	1	UID622862	1	1	0	0
1	1	UID622863	1	1	0	0
1	1	UID622866	1	1	0	0
1	1	UID622870	1	1	0	0
1	1	UID622947	1	1	0	0
1	1	UID622963	1	1	0	0
1	1	UID622981	1	1	0	0
1	1	UID622994	1	1	0	0
1	1	UID623042	1	1	0	0
1	1	UID623065	1	1	0	0
1	1	UID623082	1	1	0	0
1	1	UID623094	1	1	0	0
1	1	UID623119	1	1	0	0
1	1	UID623128	1	1	0	0
1	1	UID623160	1	1	0	0
1	1	UID623161	1	1	0	0
1	1	UID623178	1	1	0	0
1	1	UID623184	1	1	0	0
1	1	UID623193	1	1	0	0
1	1	UID623215	1	1	0	0
1	1	UID623216	1	1	0	0
1	1	UID623217	1	1	0	0
1	1	UID623234	1	1	0	0
1	1	UID623264	1	1	0	0
1	1	UID623326	1	1	0	0
1	1	UID623341	1	1	0	0
1	1	UID623383	1	1	0	0
1	1	UID623396	1	1	0	0
1	1	UID623397	1	1	0	0
1	1	UID623414	1	1	0	0
1	1	UID623420	1	1	0	0
1	1	UID623458	1	1	0	0
1	1	UID623461	1	1	0	0
1	1	UID623466	1	1	0	0
1	1	UID623472	1	1	0	0
1	1	UID623482	1	1	0	0
1	1	UID623494	1	1	0	0
1	1	UID623496	1	1	0	0
1	1	UID623521	1	1	0	0
1	1	UID623555	1	1	0	0
1	1	UID623569	1	1	0	0
1	1	UID623651	1	1	0	0
1	1	UID623670	1	1	0	0
1	1	UID623679	1	1	0	0
1	1	UID623700	1	1	0	0
1	1	UID623710	1	1	0	0
1	1	UID623745	1	1	0	0
1	1	UID623784	1	1	0	0
1	1	UID623786	1	1	0	0
1	1	UID623787	1	1	0	0
1	1	UID623788	1	1	0	0
1	1	UID623789	1	1	0	0
1	1	UID623814	1	1	0	0
1	1	UID623861	1	1	0	0
1	1	UID623862	1	1	0	0
1	1	UID623871	1	1	0	0
1	1	UID623876	1	1	0	0
1	1	UID623879	1	1	0	0
1	1	UID623890	1	1	0	0
1	1	UID623892	1	1	0	0
1	1	UID623922	1	1	0	0
1	1	UID623946	1	1	0	0
1	1	UID623962	1	1	0	0
2	2	UID623963	1	2	1	1
1	1	UID623969	1	1	0	0
1	1	UID623976	1	1	0	0
1	1	UID623987	1	1	0	0
1	1	UID624023	1	1	0	0
1	1	UID624026	1	1	0	0
1	1	UID624062	1	1	0	0
1	1	UID624083	1	1	0	0
1	1	UID624110	1	1	0	0
1	1	UID624122	1	1	0	0
1	1	UID624129	1	1	0	0
1	1	UID624139	1	1	0	0
1	1	UID624160	1	1	0	0
1	1	UID624204	1	1	0	0
1	1	UID624231	1	1	0	0
1	1	UID624253	1	1	0	0
1	1	UID624261	1	1	0	0
1	1	UID624263	1	1	0	0
1	1	UID624267	1	1	0	0
1	1	UID624268	1	1	0	0
1	1	UID624271	1	1	0	0
1	1	UID624272	1	1	0	0
1	1	UID624275	1	1	0	0
1	1	UID624278	1	1	0	0
1	1	UID624286	1	1	0	0
1	1	UID624290	1	1	0	0
1	1	UID624302	1	1	0	0
1	1	UID624309	1	1	0	0
1	1	UID624310	1	1	0	0
1	1	UID624311	1	1	0	0
1	1	UID624317	1	1	0	0
1	1	UID624320	1	1	0	0
1	1	UID624337	1	1	0	0
1	1	UID624347	1	1	0	0
1	1	UID624349	1	1	0	0
1	1	UID624361	1	1	0	0
1	1	UID624364	1	1	0	0
1	1	UID624383	1	1	0	0
1	1	UID624388	1	1	0	0
1	1	UID624411	1	1	0	0
1	1	UID624415	1	1	0	0
1	1	UID624418	1	1	0	0
1	1	UID624425	1	1	0	0
1	1	UID624463	1	1	0	0
1	1	UID624464	1	1	0	0
1	1	UID624465	1	1	0	0
1	1	UID624466	1	1	0	0
1	1	UID624467	1	1	0	0
1	1	UID624474	1	1	0	0
1	1	UID624487	1	1	0	0
1	1	UID624488	1	1	0	0
1	1	UID624489	1	1	0	0
1	1	UID624491	1	1	0	0
1	1	UID624513	1	1	0	0
1	1	UID624520	1	1	0	0
1	1	UID624552	1	1	0	0
1	1	UID624554	1	1	0	0
1	1	UID624558	1	1	0	0
1	1	UID624561	1	1	0	0
1	1	UID624562	1	1	0	0
1	1	UID624563	1	1	0	0
1	1	UID624569	1	1	0	0
1	1	UID624571	1	1	0	0
1	1	UID624572	1	1	0	0
1	1	UID624573	1	1	0	0
1	1	UID624579	1	1	0	0
1	1	UID624587	1	1	0	0
1	1	UID624598	1	1	0	0
1	1	UID624612	1	1	0	0
1	1	UID624614	1	1	0	0
1	1	UID624635	1	1	0	0
1	1	UID624644	1	1	0	0
1	1	UID624659	1	1	0	0
1	1	UID624661	1	1	0	0
1	1	UID624667	1	1	0	0
1	1	UID624668	1	1	0	0
1	1	UID624670	1	1	0	0
1	1	UID624675	1	1	0	0
1	1	UID624676	1	1	0	0
1	1	UID624677	1	1	0	0
1	1	UID624682	1	1	0	0
1	1	UID624696	1	1	0	0
1	1	UID624709	1	1	0	0
1	1	UID624714	1	1	0	0
1	1	UID624718	1	1	0	0
1	1	UID624720	1	1	0	0
1	1	UID624722	1	1	0	0
1	1	UID624731	1	1	0	0
1	1	UID624736	1	1	0	0
1	1	UID624760	1	1	0	0
1	1	UID624766	1	1	0	0
1	1	UID624783	1	1	0	0
1	1	UID624784	1	1	0	0
1	1	UID624785	1	1	0	0
1	1	UID624796	1	1	0	0
1	1	UID624807	1	1	0	0
1	1	UID624810	1	1	0	0
1	1	UID624833	1	1	0	0
1	1	UID624836	1	1	0	0
1	1	UID624842	1	1	0	0
1	1	UID624856	1	1	0	0
1	1	UID624863	1	1	0	0
2	2	UID624880	1	2	1	1
1	1	UID624888	1	1	0	0
1	1	UID624892	1	1	0	0
1	1	UID624899	1	1	0	0
1	1	UID624908	1	1	0	0
1	1	UID624913	1	1	0	0
1	1	UID624915	1	1	0	0
1	1	UID624916	1	1	0	0
1	1	UID624918	1	1	0	0
1	1	UID624924	1	1	0	0
1	1	UID624927	1	1	0	0
1	1	UID624931	1	1	0	0
1	1	UID624932	1	1	0	0
1	1	UID624934	1	1	0	0
1	1	UID624942	1	1	0	0
1	1	UID624964	1	1	0	0
1	1	UID624965	1	1	0	0
1	1	UID624967	1	1	0	0
1	1	UID624983	1	1	0	0
1	1	UID624989	1	1	0	0
1	1	UID625005	1	1	0	0
1	1	UID625022	1	1	0	0
1	1	UID625026	1	1	0	0
1	1	UID625033	1	1	0	0
1	1	UID625034	1	1	0	0
1	1	UID625035	1	1	0	0
1	1	UID625043	1	1	0	0
1	1	UID625044	1	1	0	0
1	1	UID625045	1	1	0	0
1	1	UID625048	1	1	0	0
1	1	UID625050	1	1	0	0
1	1	UID625075	1	1	0	0
1	1	UID625076	1	1	0	0
1	1	UID625077	1	1	0	0
1	1	UID625078	1	1	0	0
1	1	UID625124	1	1	0	0
1	1	UID625129	1	1	0	0
1	1	UID625130	1	1	0	0
1	1	UID625131	1	1	0	0
1	1	UID625137	1	1	0	0
1	1	UID625142	1	1	0	0
1	1	UID625146	1	1	0	0
1	1	UID625173	1	1	0	0
1	1	UID625177	1	1	0	0
1	1	UID625190	1	1	0	0
1	1	UID625197	1	1	0	0
1	1	UID625202	1	1	0	0
1	1	UID625204	1	1	0	0
1	1	UID625215	1	1	0	0
1	1	UID625259	1	1	0	0
1	1	UID625265	1	1	0	0
1	1	UID625293	1	1	0	0
1	1	UID625311	1	1	0	0
1	1	UID625317	1	1	0	0
1	1	UID625318	1	1	0	0
1	1	UID625346	1	1	0	0
1	1	UID625354	1	1	0	0
1	1	UID625366	1	1	0	0
1	1	UID625424	1	1	0	0
1	1	UID625446	1	1	0	0
1	1	UID625450	1	1	0	0
1	1	UID625451	1	1	0	0
1	1	UID625453	1	1	0	0
1	1	UID625498	1	1	0	0
1	1	UID625541	1	1	0	0
1	1	UID625546	1	1	0	0
1	1	UID625547	1	1	0	0
1	1	UID625549	1	1	0	0
1	1	UID625550	1	1	0	0
1	1	UID625551	1	1	0	0
1	1	UID625552	1	1	0	0
1	1	UID625553	1	1	0	0
1	1	UID625560	1	1	0	0
1	1	UID625588	1	1	0	0
1	1	UID625646	1	1	0	0
1	1	UID625697	1	1	0	0
1	1	UID625711	1	1	0	0
1	1	UID625738	1	1	0	0
1	1	UID625743	1	1	0	0
1	1	UID625745	1	1	0	0
1	1	UID625753	1	1	0	0
1	1	UID625789	1	1	0	0
1	1	UID625845	1	1	0	0
1	1	UID625855	1	1	0	0
1	1	UID625865	1	1	0	0
1	1	UID625879	1	1	0	0
1	1	UID625898	1	1	0	0
1	1	UID625899	1	1	0	0
1	1	UID625932	1	1	0	0
1	1	UID625957	1	1	0	0
1	1	UID625958	1	1	0	0
1	1	UID625968	1	1	0	0
1	1	UID625989	1	1	0	0
1	1	UID626009	1	1	0	0
1	1	UID626010	1	1	0	0
1	1	UID626011	1	1	0	0
1	1	UID626017	1	1	0	0
1	1	UID626039	1	1	0	0
1	1	UID626064	1	1	0	0
1	1	UID626121	1	1	0	0
3	3	UID626129	1	3	2	2
1	1	UID626276	1	1	0	0
2	2	UID626277	1	2	1	1
1	1	UID626353	1	1	0	0
1	1	UID626360	1	1	0	0
1	1	UID626421	1	1	0	0
1	1	UID626431	1	1	0	0
1	1	UID626586	1	1	0	0
4	4	UID626615	1	4	2	2
1	1	UID626674	1	1	0	0
1	1	UID626684	1	1	0	0
1	1	UID626811	1	1	0	0
1	1	UID626813	1	1	0	0
1	1	UID626817	1	1	0	0
1	1	UID626846	1	1	0	0
1	1	UID626872	1	1	0	0
1	1	UID626930	1	1	0	0
1	1	UID626968	1	1	0	0
2	2	UID626988	1	2	1	1
1	1	UID626991	1	1	0	0
1	1	UID626994	1	1	0	0
1	1	UID627076	1	1	0	0
1	1	UID627078	1	1	0	0
1	1	UID627087	1	1	0	0
1	1	UID627092	1	1	0	0
1	1	UID627123	1	1	0	0
1	1	UID627131	1	1	0	0
1	1	UID627161	1	1	0	0
1	1	UID627162	1	1	0	0
1	1	UID627163	1	1	0	0
1	1	UID627167	1	1	0	0
1	1	UID627174	1	1	0	0
1	1	UID627175	1	1	0	0
1	1	UID627182	1	1	0	0
1	1	UID627192	1	1	0	0
1	1	UID627203	1	1	0	0
1	1	UID627211	1	1	0	0
1	1	UID627245	1	1	0	0
1	1	UID627252	1	1	0	0
1	1	UID627255	1	1	0	0
1	1	UID627257	1	1	0	0
1	1	UID627284	1	1	0	0
1	1	UID627338	1	1	0	0
1	1	UID627341	1	1	0	0
1	1	UID627383	1	1	0	0
1	1	UID627387	1	1	0	0
1	1	UID627396	1	1	0	0
1	1	UID627433	1	1	0	0
1	1	UID627462	1	1	0	0
1	1	UID627469	1	1	0	0
1	1	UID627473	1	1	0	0
1	1	UID627474	1	1	0	0
1	1	UID627482	1	1	0	0
1	1	UID627485	1	1	0	0
1	1	UID627488	1	1	0	0
1	1	UID627521	1	1	0	0
1	1	UID627522	1	1	0	0
1	1	UID627525	1	1	0	0
1	1	UID627543	1	1	0	0
1	1	UID627556	1	1	0	0
1	1	UID627557	1	1	0	0
1	1	UID627561	1	1	0	0
1	1	UID627563	1	1	0	0
1	1	UID627568	1	1	0	0
1	1	UID627569	1	1	0	0
1	1	UID627572	1	1	0	0
1	1	UID627578	1	1	0	0
1	1	UID627589	1	1	0	0
1	1	UID627594	1	1	0	0
1	1	UID627600	1	1	0	0
1	1	UID627605	1	1	0	0
1	1	UID627630	1	1	0	0
1	1	UID627634	1	1	0	0
1	1	UID627655	1	1	0	0
1	1	UID627658	1	1	0	0
1	1	UID627660	1	1	0	0
1	1	UID627676	1	1	0	0
1	1	UID627679	1	1	0	0
1	1	UID627710	1	1	0	0
1	1	UID627748	1	1	0	0
1	1	UID627751	1	1	0	0
1	1	UID627769	1	1	0	0
1	1	UID627771	1	1	0	0
1	1	UID627784	1	1	0	0
1	1	UID627810	1	1	0	0
1	1	UID627825	1	1	0	0
1	1	UID627856	1	1	0	0
1	1	UID627859	1	1	0	0
1	1	UID627861	1	1	0	0
1	1	UID627885	1	1	0	0
1	1	UID627887	1	1	0	0
1	1	UID627894	1	1	0	0
1	1	UID627897	1	1	0	0
1	1	UID627898	1	1	0	0
1	1	UID627902	1	1	0	0
1	1	UID627903	1	1	0	0
1	1	UID627904	1	1	0	0
1	1	UID627905	1	1	0	0
1	1	UID627906	1	1	0	0
1	1	UID627917	1	1	0	0
1	1	UID627951	1	1	0	0
1	1	UID627973	1	1	0	0
1	1	UID627982	1	1	0	0
1	1	UID627990	1	1	0	0
1	1	UID627991	1	1	0	0
1	1	UID627992	1	1	0	0
1	1	UID628002	1	1	0	0
2	2	UID628012	1	2	1	1
1	1	UID628015	1	1	0	0
1	1	UID628017	1	1	0	0
1	1	UID628042	1	1	0	0
1	1	UID628045	1	1	0	0
1	1	UID628055	1	1	0	0
1	1	UID628057	1	1	0	0
1	1	UID628129	1	1	0	0
1	1	UID628135	1	1	0	0
1	1	UID628136	1	1	0	0
1	1	UID628144	1	1	0	0
1	1	UID628145	1	1	0	0
1	1	UID628146	1	1	0	0
1	1	UID628149	1	1	0	0
1	1	UID628160	1	1	0	0
1	1	UID628162	1	1	0	0
1	1	UID628165	1	1	0	0
1	1	UID628166	1	1	0	0
1	1	UID628167	1	1	0	0
1	1	UID628176	1	1	0	0
1	1	UID628177	1	1	0	0
1	1	UID628196	1	1	0	0
1	1	UID628201	1	1	0	0
1	1	UID628206	1	1	0	0
1	1	UID628210	1	1	0	0
1	1	UID628243	1	1	0	0
1	1	UID628253	1	1	0	0
1	1	UID628259	1	1	0	0
1	1	UID628260	1	1	0	0
1	1	UID628263	1	1	0	0
1	1	UID628265	1	1	0	0
1	1	UID628309	1	1	0	0
1	1	UID628311	1	1	0	0
1	1	UID628322	1	1	0	0
1	1	UID628323	1	1	0	0
1	1	UID628325	1	1	0	0
1	1	UID628327	1	1	0	0
1	1	UID628330	1	1	0	0
1	1	UID628331	1	1	0	0
1	1	UID628381	1	1	0	0
1	1	UID628382	1	1	0	0
1	1	UID628384	1	1	0	0
1	1	UID628400	1	1	0	0
1	1	UID628416	1	1	0	0
1	1	UID628418	1	1	0	0
1	1	UID628435	1	1	0	0
1	1	UID628466	1	1	0	0
1	1	UID628469	1	1	0	0
1	1	UID628474	1	1	0	0
1	1	UID628475	1	1	0	0
1	1	UID628485	1	1	0	0
1	1	UID628489	1	1	0	0
1	1	UID628490	1	1	0	0
1	1	UID628496	1	1	0	0
1	1	UID628497	1	1	0	0
1	1	UID628503	1	1	0	0
1	1	UID628505	1	1	0	0
1	1	UID628523	1	1	0	0
1	1	UID628545	1	1	0	0
1	1	UID628575	1	1	0	0
1	1	UID628590	1	1	0	0
1	1	UID628597	1	1	0	0
1	1	UID628641	1	1	0	0
1	1	UID628642	1	1	0	0
1	1	UID628648	1	1	0	0
1	1	UID628665	1	1	0	0
1	1	UID628671	1	1	0	0
1	1	UID628677	1	1	0	0
1	1	UID628686	1	1	0	0
1	1	UID628688	1	1	0	0
1	1	UID628692	1	1	0	0
1	1	UID628694	1	1	0	0
1	1	UID628706	1	1	0	0
1	1	UID628716	1	1	0	0
1	1	UID628751	1	1	0	0
1	1	UID628765	1	1	0	0
1	1	UID628806	1	1	0	0
1	1	UID628807	1	1	0	0
1	1	UID628816	1	1	0	0
1	1	UID628817	1	1	0	0
1	1	UID628823	1	1	0	0
1	1	UID628843	1	1	0	0
1	1	UID628880	1	1	0	0
1	1	UID628883	1	1	0	0
1	1	UID628885	1	1	0	0
1	1	UID628889	1	1	0	0
1	1	UID628896	1	1	0	0
1	1	UID628935	1	1	0	0
1	1	UID628946	1	1	0	0
1	1	UID628947	1	1	0	0
1	1	UID628980	1	1	0	0
1	1	UID628988	1	1	0	0
1	1	UID628991	1	1	0	0
1	1	UID628993	1	1	0	0
1	1	UID628995	1	1	0	0
1	1	UID629005	1	1	0	0
1	1	UID629006	1	1	0	0
1	1	UID629007	1	1	0	0
1	1	UID629026	1	1	0	0
1	1	UID629049	1	1	0	0
1	1	UID629051	1	1	0	0
1	1	UID629052	1	1	0	0
1	1	UID629053	1	1	0	0
1	1	UID629054	1	1	0	0
1	1	UID629058	1	1	0	0
1	1	UID629066	1	1	0	0
1	1	UID629090	1	1	0	0
1	1	UID629091	1	1	0	0
1	1	UID629099	1	1	0	0
1	1	UID629100	1	1	0	0
1	1	UID629117	1	1	0	0
1	1	UID629128	1	1	0	0
1	1	UID629133	1	1	0	0
1	1	UID629160	1	1	0	0
2	2	UID629181	1	2	1	1
1	1	UID629182	1	1	0	0
1	1	UID629208	1	1	0	0
1	1	UID629213	1	1	0	0
1	1	UID629215	1	1	0	0
1	1	UID629240	1	1	0	0
1	1	UID629241	1	1	0	0
1	1	UID629262	1	1	0	0
1	1	UID629266	1	1	0	0
1	1	UID629269	1	1	0	0
1	1	UID629281	1	1	0	0
1	1	UID629283	1	1	0	0
1	1	UID629286	1	1	0	0
1	1	UID629298	1	1	0	0
1	1	UID629308	1	1	0	0
1	1	UID629312	1	1	0	0
1	1	UID629314	1	1	0	0
1	1	UID629315	1	1	0	0
1	1	UID629318	1	1	0	0
1	1	UID629322	1	1	0	0
1	1	UID629323	1	1	0	0
1	1	UID629324	1	1	0	0
1	1	UID629325	1	1	0	0
1	1	UID629335	1	1	0	0
1	1	UID629336	1	1	0	0
1	1	UID629355	1	1	0	0
1	1	UID629357	1	1	0	0
1	1	UID629358	1	1	0	0
1	1	UID629359	1	1	0	0
1	1	UID629360	1	1	0	0
1	1	UID629362	1	1	0	0
1	1	UID629373	1	1	0	0
1	1	UID629386	1	1	0	0
1	1	UID629413	1	1	0	0
1	1	UID629416	1	1	0	0
1	1	UID629421	1	1	0	0
1	1	UID629427	1	1	0	0
1	1	UID629436	1	1	0	0
1	1	UID629451	1	1	0	0
1	1	UID629459	1	1	0	0
1	1	UID629466	1	1	0	0
1	1	UID629495	1	1	0	0
1	1	UID629496	1	1	0	0
1	1	UID629502	1	1	0	0
1	1	UID629507	1	1	0	0
1	1	UID629514	1	1	0	0
1	1	UID629515	1	1	0	0
1	1	UID629517	1	1	0	0
1	1	UID629518	1	1	0	0
1	1	UID629519	1	1	0	0
1	1	UID629522	1	1	0	0
1	1	UID65428	1	1	0	0
