5033	35462	UID1	18012	3704	6	6
1237	6344	UID698093	3294	842	5	5
561	2706	UID34893	1450	365	3	3
573	1909	UID698094	881	389	5	5
446	951	UID388137	380	371	3	3
220	687	UID34883	325	167	3	3
216	609	UID2	282	160	3	3
252	640	UID27645	220	200	4	4
278	554	UID203656	212	235	3	3
158	378	UID387587	178	126	2	2
149	369	UID203309	152	122	4	4
101	267	UID203301	95	80	3	3
34	111	UID388114	50	23	2	2
27	88	UID27641	47	20	2	2
36	85	UID387575	30	24	2	2
13	35	UID698101	21	11	1	1
5	23	UID470402	19	4	1	1
22	38	UID519	16	20	2	2
18	36	UID698130	13	12	2	2
5	15	UID69523	11	4	1	1
26	36	UID698151	11	25	2	2
22	41	UID698152	11	17	3	3
4	14	UID61446	10	2	1	1
10	19	UID106	9	8	2	2
11	17	UID698243	7	10	1	1
15	21	UID698244	7	14	2	2
14	20	UID698246	7	13	2	2
9	20	UID466016	6	5	2	2
7	12	UID470412	6	6	1	1
1	6	UID698287	6	0	0	0
12	19	UID698288	6	9	3	3
11	16	UID698289	6	10	2	2
4	9	UID698290	6	3	1	1
8	14	UID698292	6	6	1	1
1	5	UID240583	5	0	0	0
1	5	UID469992	5	0	0	0
6	10	UID490334	5	5	2	2
8	12	UID698324	5	7	1	1
10	14	UID698327	5	9	1	1
7	10	UID157971	4	6	1	1
6	10	UID16	4	4	1	1
3	6	UID324382	4	2	1	1
4	8	UID35115	4	2	1	1
1	4	UID599509	4	0	0	0
1	4	UID698335	4	0	0	0
5	9	UID698371	4	3	2	2
2	5	UID698384	4	1	0	0
3	6	UID698386	4	2	1	1
5	8	UID698388	4	4	1	1
13	16	UID698389	4	12	1	1
10	13	UID698390	4	9	2	2
2	5	UID698395	4	1	0	0
3	6	UID698398	4	2	1	1
2	4	UID203655	3	1	1	1
4	7	UID460895	3	2	1	1
1	3	UID544404	3	0	0	0
1	3	UID698404	3	0	0	0
1	3	UID698406	3	0	0	0
1	3	UID698407	3	0	0	0
1	3	UID698409	3	0	0	0
1	3	UID698413	3	0	0	0
1	3	UID698414	3	0	0	0
1	3	UID698416	3	0	0	0
2	4	UID698417	3	1	1	1
1	3	UID698418	3	0	0	0
1	3	UID698422	3	0	0	0
1	3	UID698425	3	0	0	0
1	3	UID698431	3	0	0	0
1	3	UID698432	3	0	0	0
1	3	UID698433	3	0	0	0
1	3	UID698434	3	0	0	0
1	3	UID698435	3	0	0	0
1	3	UID698437	3	0	0	0
1	3	UID698443	3	0	0	0
1	3	UID698450	3	0	0	0
2	4	UID698458	3	1	0	0
1	3	UID698505	3	0	0	0
1	3	UID698519	3	0	0	0
2	4	UID698521	3	1	1	1
1	3	UID698523	3	0	0	0
1	3	UID698524	3	0	0	0
1	3	UID698526	3	0	0	0
1	3	UID698527	3	0	0	0
1	3	UID698531	3	0	0	0
3	7	UID698532	3	0	1	1
1	3	UID698534	3	0	0	0
1	3	UID698537	3	0	0	0
1	3	UID698540	3	0	0	0
1	3	UID698543	3	0	0	0
3	5	UID698550	3	2	1	1
1	3	UID698551	3	0	0	0
3	5	UID698566	3	2	0	0
2	4	UID698567	3	1	0	0
1	3	UID698572	3	0	0	0
1	3	UID698576	3	0	0	0
1	3	UID698577	3	0	0	0
1	3	UID698578	3	0	0	0
2	4	UID698581	3	1	1	1
1	3	UID698584	3	0	0	0
1	3	UID698590	3	0	0	0
1	3	UID698591	3	0	0	0
1	3	UID698592	3	0	0	0
1	3	UID698593	3	0	0	0
1	3	UID698595	3	0	0	0
1	3	UID698596	3	0	0	0
1	3	UID698598	3	0	0	0
1	3	UID698601	3	0	0	0
1	2	UID13158	2	0	0	0
2	3	UID211856	2	1	1	1
1	2	UID216252	2	0	0	0
3	4	UID245	2	2	1	1
1	2	UID388173	2	0	0	0
3	4	UID483200	2	2	1	1
1	2	UID57869	2	0	0	0
1	2	UID698632	2	0	0	0
1	2	UID698677	2	0	0	0
1	2	UID698682	2	0	0	0
1	2	UID698708	2	0	0	0
1	2	UID698725	2	0	0	0
6	7	UID698794	2	5	2	2
1	2	UID698857	2	0	0	0
1	2	UID698875	2	0	0	0
1	2	UID698876	2	0	0	0
2	3	UID698881	2	1	1	1
1	2	UID698882	2	0	0	0
4	6	UID698893	2	2	1	1
1	2	UID698915	2	0	0	0
3	4	UID698916	2	2	2	2
1	2	UID699037	2	0	0	0
1	2	UID699064	2	0	0	0
1	2	UID699071	2	0	0	0
1	2	UID699075	2	0	0	0
1	2	UID699076	2	0	0	0
1	2	UID699083	2	0	0	0
1	2	UID699088	2	0	0	0
1	2	UID699090	2	0	0	0
1	2	UID699123	2	0	0	0
1	2	UID699133	2	0	0	0
4	5	UID699149	2	3	2	2
2	3	UID699161	2	1	1	1
7	8	UID699174	2	6	2	2
3	4	UID699175	2	2	1	1
1	2	UID699191	2	0	0	0
1	2	UID699197	2	0	0	0
1	2	UID699199	2	0	0	0
1	2	UID699212	2	0	0	0
1	2	UID699224	2	0	0	0
2	3	UID699228	2	1	1	1
2	3	UID699258	2	1	1	1
11	14	UID699270	2	8	2	2
1	2	UID699295	2	0	0	0
1	2	UID699298	2	0	0	0
1	2	UID699333	2	0	0	0
1	2	UID699342	2	0	0	0
1	2	UID699343	2	0	0	0
1	2	UID699355	2	0	0	0
1	2	UID699359	2	0	0	0
1	2	UID74580	2	0	0	0
1	1	UID114363	1	1	0	0
1	1	UID115111	1	1	0	0
1	1	UID12663	1	1	0	0
1	1	UID128	1	1	0	0
1	1	UID184665	1	1	0	0
1	1	UID18851	1	1	0	0
6	6	UID19	1	6	1	1
1	1	UID206311	1	1	0	0
1	1	UID210095	1	1	0	0
1	1	UID211864	1	1	0	0
7	7	UID248269	1	7	1	1
5	5	UID286592	1	5	2	2
1	1	UID309887	1	1	0	0
1	1	UID404934	1	1	0	0
1	1	UID455887	1	1	0	0
6	6	UID474170	1	6	2	2
2	2	UID490331	1	2	1	1
1	1	UID49255	1	1	0	0
2	2	UID504388	1	2	1	1
1	1	UID509305	1	1	0	0
1	1	UID526578	1	1	0	0
1	1	UID61670	1	1	0	0
1	1	UID61683	1	1	0	0
1	1	UID62218	1	1	0	0
6	6	UID674309	1	6	3	3
1	1	UID680878	1	1	0	0
1	1	UID688215	1	1	0	0
1	1	UID689401	1	1	0	0
1	1	UID699367	1	1	0	0
1	1	UID699389	1	1	0	0
1	1	UID699393	1	1	0	0
1	1	UID699404	1	1	0	0
1	1	UID699405	1	1	0	0
1	1	UID699407	1	1	0	0
1	1	UID699408	1	1	0	0
1	1	UID699417	1	1	0	0
1	1	UID699419	1	1	0	0
1	1	UID699422	1	1	0	0
1	1	UID699424	1	1	0	0
1	1	UID699437	1	1	0	0
1	1	UID699447	1	1	0	0
1	1	UID699448	1	1	0	0
1	1	UID699451	1	1	0	0
1	1	UID699463	1	1	0	0
1	1	UID699478	1	1	0	0
1	1	UID699481	1	1	0	0
1	1	UID699483	1	1	0	0
1	1	UID699486	1	1	0	0
1	1	UID699493	1	1	0	0
1	1	UID699497	1	1	0	0
1	1	UID699518	1	1	0	0
1	1	UID699521	1	1	0	0
1	1	UID699525	1	1	0	0
1	1	UID699531	1	1	0	0
1	1	UID699532	1	1	0	0
1	1	UID699534	1	1	0	0
1	1	UID699537	1	1	0	0
1	1	UID699540	1	1	0	0
1	1	UID699544	1	1	0	0
1	1	UID699545	1	1	0	0
1	1	UID699548	1	1	0	0
1	1	UID699549	1	1	0	0
1	1	UID699558	1	1	0	0
1	1	UID699574	1	1	0	0
1	1	UID699587	1	1	0	0
1	1	UID699600	1	1	0	0
1	1	UID699604	1	1	0	0
1	1	UID699606	1	1	0	0
1	1	UID699612	1	1	0	0
1	1	UID699615	1	1	0	0
1	1	UID699616	1	1	0	0
1	1	UID699629	1	1	0	0
1	1	UID699634	1	1	0	0
1	1	UID699654	1	1	0	0
1	1	UID699655	1	1	0	0
1	1	UID699662	1	1	0	0
1	1	UID699663	1	1	0	0
1	1	UID699672	1	1	0	0
1	1	UID699679	1	1	0	0
1	1	UID699687	1	1	0	0
1	1	UID699730	1	1	0	0
1	1	UID699731	1	1	0	0
1	1	UID699732	1	1	0	0
1	1	UID699733	1	1	0	0
1	1	UID699735	1	1	0	0
1	1	UID699738	1	1	0	0
1	1	UID699746	1	1	0	0
1	1	UID699748	1	1	0	0
1	1	UID699749	1	1	0	0
1	1	UID699776	1	1	0	0
1	1	UID699784	1	1	0	0
1	1	UID699787	1	1	0	0
1	1	UID699788	1	1	0	0
1	1	UID699791	1	1	0	0
1	1	UID699801	1	1	0	0
1	1	UID699811	1	1	0	0
1	1	UID699812	1	1	0	0
1	1	UID699814	1	1	0	0
1	1	UID699820	1	1	0	0
1	1	UID699821	1	1	0	0
1	1	UID699829	1	1	0	0
1	1	UID699833	1	1	0	0
1	1	UID699835	1	1	0	0
1	1	UID699836	1	1	0	0
1	1	UID699837	1	1	0	0
1	1	UID699839	1	1	0	0
1	1	UID699841	1	1	0	0
1	1	UID699845	1	1	0	0
1	1	UID699858	1	1	0	0
1	1	UID699873	1	1	0	0
1	1	UID699884	1	1	0	0
1	1	UID699890	1	1	0	0
1	1	UID699921	1	1	0	0
1	1	UID699923	1	1	0	0
1	1	UID699937	1	1	0	0
1	1	UID699940	1	1	0	0
1	1	UID699942	1	1	0	0
1	1	UID699943	1	1	0	0
1	1	UID699955	1	1	0	0
1	1	UID699959	1	1	0	0
1	1	UID699967	1	1	0	0
1	1	UID699968	1	1	0	0
1	1	UID699977	1	1	0	0
1	1	UID699980	1	1	0	0
1	1	UID699989	1	1	0	0
1	1	UID699996	1	1	0	0
1	1	UID699998	1	1	0	0
1	1	UID699999	1	1	0	0
2	2	UID700011	1	2	1	1
1	1	UID700025	1	1	0	0
1	1	UID700030	1	1	0	0
1	1	UID700037	1	1	0	0
1	1	UID700039	1	1	0	0
1	1	UID700043	1	1	0	0
1	1	UID700062	1	1	0	0
1	1	UID700067	1	1	0	0
1	1	UID700082	1	1	0	0
1	1	UID700102	1	1	0	0
1	1	UID700105	1	1	0	0
1	1	UID700107	1	1	0	0
1	1	UID700109	1	1	0	0
1	1	UID700113	1	1	0	0
1	1	UID700114	1	1	0	0
1	1	UID700135	1	1	0	0
1	1	UID700139	1	1	0	0
1	1	UID700155	1	1	0	0
1	1	UID700157	1	1	0	0
1	1	UID700160	1	1	0	0
1	1	UID700166	1	1	0	0
1	1	UID700173	1	1	0	0
1	1	UID700199	1	1	0	0
1	1	UID700202	1	1	0	0
1	1	UID700203	1	1	0	0
1	1	UID700205	1	1	0	0
1	1	UID700227	1	1	0	0
1	1	UID700235	1	1	0	0
1	1	UID700241	1	1	0	0
1	1	UID700242	1	1	0	0
1	1	UID700243	1	1	0	0
1	1	UID700267	1	1	0	0
1	1	UID700279	1	1	0	0
1	1	UID700282	1	1	0	0
1	1	UID700345	1	1	0	0
1	1	UID700356	1	1	0	0
1	1	UID700364	1	1	0	0
1	1	UID700392	1	1	0	0
1	1	UID700394	1	1	0	0
1	1	UID700433	1	1	0	0
1	1	UID700435	1	1	0	0
1	1	UID700465	1	1	0	0
1	1	UID700473	1	1	0	0
1	1	UID700490	1	1	0	0
1	1	UID700515	1	1	0	0
1	1	UID700530	1	1	0	0
1	1	UID700551	1	1	0	0
1	1	UID700568	1	1	0	0
1	1	UID700575	1	1	0	0
1	1	UID700587	1	1	0	0
1	1	UID700616	1	1	0	0
1	1	UID700646	1	1	0	0
1	1	UID700658	1	1	0	0
1	1	UID700674	1	1	0	0
1	1	UID700702	1	1	0	0
1	1	UID700716	1	1	0	0
1	1	UID700922	1	1	0	0
1	1	UID700947	1	1	0	0
1	1	UID700975	1	1	0	0
1	1	UID700994	1	1	0	0
1	1	UID700996	1	1	0	0
1	1	UID701039	1	1	0	0
1	1	UID701054	1	1	0	0
1	1	UID701174	1	1	0	0
1	1	UID701175	1	1	0	0
1	1	UID701178	1	1	0	0
1	1	UID701241	1	1	0	0
1	1	UID701286	1	1	0	0
1	1	UID701288	1	1	0	0
1	1	UID701316	1	1	0	0
1	1	UID701318	1	1	0	0
1	1	UID701336	1	1	0	0
1	1	UID701350	1	1	0	0
1	1	UID701374	1	1	0	0
1	1	UID701377	1	1	0	0
1	1	UID701382	1	1	0	0
1	1	UID701383	1	1	0	0
1	1	UID701387	1	1	0	0
1	1	UID701392	1	1	0	0
1	1	UID701417	1	1	0	0
1	1	UID701418	1	1	0	0
1	1	UID701445	1	1	0	0
1	1	UID701447	1	1	0	0
1	1	UID701449	1	1	0	0
1	1	UID701450	1	1	0	0
1	1	UID701458	1	1	0	0
1	1	UID701496	1	1	0	0
1	1	UID701506	1	1	0	0
1	1	UID701522	1	1	0	0
1	1	UID701527	1	1	0	0
1	1	UID701544	1	1	0	0
1	1	UID701545	1	1	0	0
1	1	UID701552	1	1	0	0
1	1	UID701564	1	1	0	0
1	1	UID701584	1	1	0	0
1	1	UID701585	1	1	0	0
1	1	UID701590	1	1	0	0
1	1	UID701591	1	1	0	0
1	1	UID701593	1	1	0	0
1	1	UID701594	1	1	0	0
1	1	UID701596	1	1	0	0
1	1	UID701597	1	1	0	0
1	1	UID701601	1	1	0	0
1	1	UID701604	1	1	0	0
1	1	UID701607	1	1	0	0
1	1	UID701610	1	1	0	0
1	1	UID701612	1	1	0	0
1	1	UID701645	1	1	0	0
2	2	UID701681	1	2	1	1
1	1	UID701709	1	1	0	0
1	1	UID701713	1	1	0	0
1	1	UID701718	1	1	0	0
1	1	UID701723	1	1	0	0
1	1	UID701729	1	1	0	0
1	1	UID701732	1	1	0	0
1	1	UID701741	1	1	0	0
1	1	UID701758	1	1	0	0
1	1	UID701819	1	1	0	0
1	1	UID701836	1	1	0	0
1	1	UID701837	1	1	0	0
1	1	UID701882	1	1	0	0
1	1	UID701886	1	1	0	0
1	1	UID701918	1	1	0	0
1	1	UID702035	1	1	0	0
1	1	UID702056	1	1	0	0
1	1	UID702069	1	1	0	0
1	1	UID702103	1	1	0	0
1	1	UID702115	1	1	0	0
1	1	UID702132	1	1	0	0
1	1	UID702164	1	1	0	0
2	2	UID702234	1	2	1	1
1	1	UID702235	1	1	0	0
1	1	UID702241	1	1	0	0
1	1	UID702242	1	1	0	0
1	1	UID702308	1	1	0	0
1	1	UID702335	1	1	0	0
1	1	UID702336	1	1	0	0
1	1	UID702404	1	1	0	0
1	1	UID702425	1	1	0	0
1	1	UID702446	1	1	0	0
1	1	UID702448	1	1	0	0
1	1	UID702450	1	1	0	0
1	1	UID702453	1	1	0	0
1	1	UID702458	1	1	0	0
1	1	UID702468	1	1	0	0
1	1	UID702470	1	1	0	0
2	2	UID702482	1	2	1	1
1	1	UID702486	1	1	0	0
1	1	UID702490	1	1	0	0
1	1	UID702491	1	1	0	0
1	1	UID702493	1	1	0	0
1	1	UID702495	1	1	0	0
1	1	UID702506	1	1	0	0
1	1	UID702512	1	1	0	0
1	1	UID702515	1	1	0	0
1	1	UID702525	1	1	0	0
1	1	UID702528	1	1	0	0
1	1	UID702529	1	1	0	0
1	1	UID702534	1	1	0	0
1	1	UID702538	1	1	0	0
1	1	UID702540	1	1	0	0
1	1	UID702544	1	1	0	0
1	1	UID702547	1	1	0	0
1	1	UID702561	1	1	0	0
1	1	UID702562	1	1	0	0
1	1	UID702565	1	1	0	0
1	1	UID702566	1	1	0	0
1	1	UID702571	1	1	0	0
1	1	UID702574	1	1	0	0
1	1	UID702600	1	1	0	0
1	1	UID702602	1	1	0	0
1	1	UID702608	1	1	0	0
1	1	UID702609	1	1	0	0
1	1	UID702635	1	1	0	0
1	1	UID702645	1	1	0	0
1	1	UID702649	1	1	0	0
2	2	UID702652	1	2	1	1
1	1	UID702669	1	1	0	0
1	1	UID702670	1	1	0	0
1	1	UID702671	1	1	0	0
1	1	UID702688	1	1	0	0
1	1	UID702691	1	1	0	0
1	1	UID702701	1	1	0	0
1	1	UID702703	1	1	0	0
1	1	UID702733	1	1	0	0
1	1	UID702735	1	1	0	0
1	1	UID702737	1	1	0	0
2	2	UID702738	1	2	1	1
1	1	UID702739	1	1	0	0
1	1	UID702740	1	1	0	0
1	1	UID702741	1	1	0	0
1	1	UID702745	1	1	0	0
1	1	UID702748	1	1	0	0
1	1	UID702759	1	1	0	0
1	1	UID702764	1	1	0	0
1	1	UID702839	1	1	0	0
1	1	UID702852	1	1	0	0
1	1	UID702854	1	1	0	0
1	1	UID702855	1	1	0	0
1	1	UID702856	1	1	0	0
11	11	UID702907	1	11	4	4
1	1	UID702908	1	1	0	0
1	1	UID702909	1	1	0	0
1	1	UID702910	1	1	0	0
1	1	UID702911	1	1	0	0
1	1	UID702913	1	1	0	0
1	1	UID702914	1	1	0	0
1	1	UID702917	1	1	0	0
1	1	UID702925	1	1	0	0
1	1	UID702926	1	1	0	0
1	1	UID702927	1	1	0	0
1	1	UID702929	1	1	0	0
1	1	UID702932	1	1	0	0
1	1	UID702936	1	1	0	0
1	1	UID702952	1	1	0	0
1	1	UID702960	1	1	0	0
1	1	UID702965	1	1	0	0
1	1	UID702966	1	1	0	0
1	1	UID702971	1	1	0	0
1	1	UID702981	1	1	0	0
1	1	UID702985	1	1	0	0
1	1	UID702992	1	1	0	0
1	1	UID702997	1	1	0	0
1	1	UID703005	1	1	0	0
1	1	UID703010	1	1	0	0
1	1	UID703012	1	1	0	0
1	1	UID703045	1	1	0	0
1	1	UID703048	1	1	0	0
1	1	UID703052	1	1	0	0
1	1	UID703055	1	1	0	0
1	1	UID703056	1	1	0	0
1	1	UID703058	1	1	0	0
1	1	UID703059	1	1	0	0
1	1	UID703061	1	1	0	0
1	1	UID703064	1	1	0	0
1	1	UID703070	1	1	0	0
1	1	UID703090	1	1	0	0
1	1	UID703100	1	1	0	0
1	1	UID703111	1	1	0	0
1	1	UID703118	1	1	0	0
1	1	UID703121	1	1	0	0
1	1	UID703138	1	1	0	0
1	1	UID703142	1	1	0	0
1	1	UID703143	1	1	0	0
1	1	UID703158	1	1	0	0
1	1	UID703160	1	1	0	0
1	1	UID703161	1	1	0	0
1	1	UID703163	1	1	0	0
1	1	UID703167	1	1	0	0
1	1	UID703183	1	1	0	0
1	1	UID703184	1	1	0	0
2	2	UID703185	1	2	1	1
1	1	UID703186	1	1	0	0
1	1	UID703189	1	1	0	0
1	1	UID703192	1	1	0	0
1	1	UID703194	1	1	0	0
1	1	UID703196	1	1	0	0
1	1	UID703197	1	1	0	0
1	1	UID703200	1	1	0	0
1	1	UID703254	1	1	0	0
1	1	UID703260	1	1	0	0
1	1	UID703261	1	1	0	0
1	1	UID703263	1	1	0	0
1	1	UID703264	1	1	0	0
1	1	UID703269	1	1	0	0
1	1	UID703274	1	1	0	0
1	1	UID703280	1	1	0	0
1	1	UID703285	1	1	0	0
1	1	UID703286	1	1	0	0
1	1	UID703290	1	1	0	0
1	1	UID703295	1	1	0	0
2	2	UID703297	1	2	1	1
1	1	UID703300	1	1	0	0
1	1	UID703301	1	1	0	0
1	1	UID703309	1	1	0	0
1	1	UID703317	1	1	0	0
1	1	UID703363	1	1	0	0
1	1	UID703387	1	1	0	0
1	1	UID703389	1	1	0	0
1	1	UID703404	1	1	0	0
1	1	UID703405	1	1	0	0
1	1	UID703407	1	1	0	0
1	1	UID703410	1	1	0	0
5	5	UID703411	1	5	1	1
1	1	UID703414	1	1	0	0
1	1	UID703421	1	1	0	0
1	1	UID703426	1	1	0	0
1	1	UID703432	1	1	0	0
2	2	UID703501	1	2	1	1
1	1	UID703503	1	1	0	0
1	1	UID703506	1	1	0	0
1	1	UID703508	1	1	0	0
1	1	UID703512	1	1	0	0
1	1	UID703522	1	1	0	0
1	1	UID703523	1	1	0	0
1	1	UID703534	1	1	0	0
1	1	UID703550	1	1	0	0
1	1	UID703557	1	1	0	0
1	1	UID703566	1	1	0	0
1	1	UID703570	1	1	0	0
1	1	UID703573	1	1	0	0
1	1	UID703580	1	1	0	0
2	2	UID703582	1	2	1	1
1	1	UID703587	1	1	0	0
1	1	UID703589	1	1	0	0
1	1	UID703591	1	1	0	0
1	1	UID703600	1	1	0	0
1	1	UID703602	1	1	0	0
1	1	UID703604	1	1	0	0
1	1	UID703605	1	1	0	0
1	1	UID703606	1	1	0	0
1	1	UID703608	1	1	0	0
1	1	UID703616	1	1	0	0
1	1	UID703617	1	1	0	0
1	1	UID703620	1	1	0	0
1	1	UID703625	1	1	0	0
1	1	UID703626	1	1	0	0
1	1	UID703639	1	1	0	0
1	1	UID703642	1	1	0	0
1	1	UID703645	1	1	0	0
1	1	UID703646	1	1	0	0
1	1	UID703653	1	1	0	0
1	1	UID703660	1	1	0	0
1	1	UID703664	1	1	0	0
1	1	UID703665	1	1	0	0
1	1	UID703667	1	1	0	0
1	1	UID703678	1	1	0	0
1	1	UID703679	1	1	0	0
1	1	UID703680	1	1	0	0
1	1	UID703685	1	1	0	0
1	1	UID703687	1	1	0	0
1	1	UID703693	1	1	0	0
1	1	UID703695	1	1	0	0
1	1	UID703699	1	1	0	0
1	1	UID703702	1	1	0	0
1	1	UID703703	1	1	0	0
1	1	UID703706	1	1	0	0
1	1	UID703709	1	1	0	0
1	1	UID703727	1	1	0	0
1	1	UID703729	1	1	0	0
1	1	UID703734	1	1	0	0
1	1	UID703735	1	1	0	0
1	1	UID703736	1	1	0	0
1	1	UID703738	1	1	0	0
1	1	UID703750	1	1	0	0
1	1	UID703755	1	1	0	0
1	1	UID703758	1	1	0	0
1	1	UID703771	1	1	0	0
1	1	UID703775	1	1	0	0
1	1	UID703778	1	1	0	0
1	1	UID703790	1	1	0	0
1	1	UID703794	1	1	0	0
1	1	UID703796	1	1	0	0
1	1	UID703804	1	1	0	0
1	1	UID703809	1	1	0	0
1	1	UID703813	1	1	0	0
1	1	UID703821	1	1	0	0
1	1	UID703835	1	1	0	0
1	1	UID703837	1	1	0	0
1	1	UID703845	1	1	0	0
1	1	UID703859	1	1	0	0
1	1	UID703861	1	1	0	0
1	1	UID703864	1	1	0	0
1	1	UID703866	1	1	0	0
1	1	UID703869	1	1	0	0
1	1	UID703880	1	1	0	0
1	1	UID703881	1	1	0	0
1	1	UID703885	1	1	0	0
1	1	UID703897	1	1	0	0
1	1	UID703906	1	1	0	0
1	1	UID703922	1	1	0	0
1	1	UID703926	1	1	0	0
1	1	UID703933	1	1	0	0
1	1	UID703934	1	1	0	0
1	1	UID703937	1	1	0	0
1	1	UID703942	1	1	0	0
1	1	UID703947	1	1	0	0
1	1	UID703952	1	1	0	0
1	1	UID703965	1	1	0	0
1	1	UID703968	1	1	0	0
1	1	UID703976	1	1	0	0
1	1	UID703981	1	1	0	0
1	1	UID704024	1	1	0	0
1	1	UID704033	1	1	0	0
1	1	UID704044	1	1	0	0
1	1	UID704045	1	1	0	0
1	1	UID704048	1	1	0	0
1	1	UID704050	1	1	0	0
1	1	UID704051	1	1	0	0
1	1	UID704052	1	1	0	0
1	1	UID704053	1	1	0	0
1	1	UID704073	1	1	0	0
1	1	UID704091	1	1	0	0
1	1	UID704126	1	1	0	0
1	1	UID704130	1	1	0	0
1	1	UID704145	1	1	0	0
1	1	UID704147	1	1	0	0
1	1	UID704156	1	1	0	0
1	1	UID704173	1	1	0	0
1	1	UID704180	1	1	0	0
1	1	UID704206	1	1	0	0
1	1	UID704226	1	1	0	0
1	1	UID704231	1	1	0	0
1	1	UID704240	1	1	0	0
1	1	UID704255	1	1	0	0
1	1	UID704276	1	1	0	0
1	1	UID704278	1	1	0	0
1	1	UID704285	1	1	0	0
1	1	UID704288	1	1	0	0
1	1	UID704294	1	1	0	0
1	1	UID704303	1	1	0	0
1	1	UID704304	1	1	0	0
1	1	UID704307	1	1	0	0
1	1	UID704324	1	1	0	0
1	1	UID704351	1	1	0	0
1	1	UID704353	1	1	0	0
1	1	UID704354	1	1	0	0
1	1	UID704357	1	1	0	0
1	1	UID704360	1	1	0	0
1	1	UID704365	1	1	0	0
1	1	UID704369	1	1	0	0
1	1	UID704379	1	1	0	0
1	1	UID704401	1	1	0	0
1	1	UID704410	1	1	0	0
1	1	UID704420	1	1	0	0
1	1	UID704428	1	1	0	0
1	1	UID704431	1	1	0	0
1	1	UID704436	1	1	0	0
1	1	UID704455	1	1	0	0
1	1	UID704464	1	1	0	0
1	1	UID704486	1	1	0	0
1	1	UID704488	1	1	0	0
2	2	UID704509	1	2	1	1
1	1	UID704517	1	1	0	0
1	1	UID704520	1	1	0	0
1	1	UID704529	1	1	0	0
1	1	UID704538	1	1	0	0
1	1	UID704557	1	1	0	0
1	1	UID704567	1	1	0	0
1	1	UID704568	1	1	0	0
1	1	UID704584	1	1	0	0
1	1	UID704586	1	1	0	0
1	1	UID704587	1	1	0	0
1	1	UID704613	1	1	0	0
1	1	UID704618	1	1	0	0
1	1	UID704620	1	1	0	0
1	1	UID704621	1	1	0	0
1	1	UID704625	1	1	0	0
1	1	UID704626	1	1	0	0
1	1	UID704635	1	1	0	0
1	1	UID704646	1	1	0	0
1	1	UID704649	1	1	0	0
1	1	UID704689	1	1	0	0
1	1	UID704694	1	1	0	0
1	1	UID704696	1	1	0	0
1	1	UID704700	1	1	0	0
1	1	UID704706	1	1	0	0
1	1	UID704719	1	1	0	0
1	1	UID704731	1	1	0	0
1	1	UID704732	1	1	0	0
1	1	UID704734	1	1	0	0
1	1	UID704755	1	1	0	0
1	1	UID704762	1	1	0	0
1	1	UID704770	1	1	0	0
1	1	UID704774	1	1	0	0
1	1	UID704777	1	1	0	0
1	1	UID704779	1	1	0	0
1	1	UID704782	1	1	0	0
1	1	UID704783	1	1	0	0
1	1	UID704786	1	1	0	0
1	1	UID704789	1	1	0	0
1	1	UID704798	1	1	0	0
1	1	UID704809	1	1	0	0
1	1	UID704816	1	1	0	0
1	1	UID704820	1	1	0	0
1	1	UID704838	1	1	0	0
1	1	UID704843	1	1	0	0
1	1	UID704850	1	1	0	0
1	1	UID704855	1	1	0	0
1	1	UID704863	1	1	0	0
1	1	UID704874	1	1	0	0
1	1	UID704884	1	1	0	0
1	1	UID704906	1	1	0	0
1	1	UID704907	1	1	0	0
1	1	UID704908	1	1	0	0
1	1	UID704909	1	1	0	0
1	1	UID704910	1	1	0	0
1	1	UID704914	1	1	0	0
2	2	UID704923	1	2	1	1
1	1	UID704925	1	1	0	0
1	1	UID704926	1	1	0	0
1	1	UID704927	1	1	0	0
1	1	UID704931	1	1	0	0
1	1	UID704937	1	1	0	0
1	1	UID704946	1	1	0	0
1	1	UID704948	1	1	0	0
1	1	UID704950	1	1	0	0
1	1	UID704964	1	1	0	0
1	1	UID704972	1	1	0	0
1	1	UID704973	1	1	0	0
1	1	UID704974	1	1	0	0
1	1	UID704984	1	1	0	0
1	1	UID704985	1	1	0	0
1	1	UID704986	1	1	0	0
1	1	UID704989	1	1	0	0
1	1	UID704990	1	1	0	0
1	1	UID704991	1	1	0	0
1	1	UID704992	1	1	0	0
1	1	UID704993	1	1	0	0
1	1	UID704995	1	1	0	0
1	1	UID704996	1	1	0	0
1	1	UID705000	1	1	0	0
1	1	UID705008	1	1	0	0
1	1	UID705016	1	1	0	0
1	1	UID705019	1	1	0	0
1	1	UID705030	1	1	0	0
1	1	UID705033	1	1	0	0
1	1	UID705050	1	1	0	0
1	1	UID705052	1	1	0	0
1	1	UID705060	1	1	0	0
1	1	UID705061	1	1	0	0
1	1	UID71401	1	1	0	0
1	1	UID71694	1	1	0	0
