2935	25674	UID48389	14301	1999	4	4
2527	24599	UID35115	14266	1771	4	4
4945	36078	UID361652	12984	3376	9	9
3405	27036	UID1	11752	2268	5	5
3075	13292	UID361958	5914	2275	5	5
1247	9742	UID216993	5639	819	3	3
1746	7429	UID363391	3338	1203	6	6
1761	11221	UID48387	3091	1093	4	4
1248	5651	UID136704	2543	830	4	4
811	3482	UID157974	1672	525	4	4
731	2987	UID7479	1447	476	3	3
809	3096	UID199894	1303	544	4	4
756	2729	UID128492	1111	504	3	3
1010	3323	UID74331	1081	674	7	7
1190	4028	UID74580	899	793	7	7
638	1879	UID383924	732	424	3	3
643	2168	UID62998	645	429	6	6
634	1754	UID74586	595	442	6	6
431	1095	UID383926	445	317	4	4
161	764	UID48877	436	89	2	2
618	1486	UID508006	435	465	5	5
501	1203	UID203677	399	363	4	4
387	962	UID383923	388	281	4	4
332	943	UID580766	351	226	4	4
348	941	UID617656	350	238	3	3
183	516	UID34893	227	144	4	4
425	1134	UID507985	211	312	4	4
81	308	UID617613	189	50	2	2
420	1016	UID429156	184	329	5	5
194	411	UID760464	155	147	2	2
210	459	UID507774	154	168	4	4
133	330	UID508049	145	98	3	3
129	326	UID110674	138	105	3	3
131	337	UID48639	136	96	3	3
207	440	UID617674	128	174	3	3
48	182	UID57864	120	36	2	2
120	263	UID388197	111	98	3	3
197	339	UID617648	90	164	3	3
192	422	UID760466	82	149	3	3
47	139	UID216252	81	35	2	2
72	164	UID34883	78	60	3	3
67	144	UID314	72	61	2	2
36	110	UID760476	62	30	2	2
105	247	UID18121	58	79	4	4
55	146	UID2	57	42	4	4
50	124	UID383911	57	38	2	2
39	100	UID48427	56	34	2	2
127	251	UID760487	56	96	3	3
89	214	UID216107	53	69	5	5
37	102	UID507881	50	26	2	2
75	138	UID760501	49	61	2	2
47	109	UID760515	46	39	3	3
62	125	UID760549	39	46	3	3
106	220	UID216588	37	86	3	3
100	203	UID216383	35	80	4	4
32	75	UID760570	35	27	2	2
33	102	UID760593	32	24	2	2
33	62	UID27300	30	32	1	1
32	61	UID614005	27	28	1	1
56	91	UID760643	27	48	2	2
27	55	UID110941	26	23	1	1
98	151	UID760653	26	87	4	4
38	71	UID49070	25	29	3	3
17	45	UID101960	24	13	2	2
18	43	UID110943	24	15	1	1
16	41	UID62745	24	13	2	2
25	55	UID760680	24	20	2	2
44	75	UID760707	23	38	3	3
44	74	UID48511	22	38	3	3
17	41	UID760745	21	12	2	2
53	86	UID760751	21	44	3	3
29	53	UID760754	21	24	2	2
57	81	UID760782	20	51	3	3
16	36	UID760784	20	14	2	2
57	100	UID760846	18	45	3	3
12	30	UID102199	17	9	2	2
25	43	UID72006	17	22	3	3
29	52	UID122513	16	22	2	2
9	28	UID284055	16	6	2	2
24	45	UID48539	16	18	2	2
29	49	UID608	16	23	2	2
13	31	UID61268	16	10	2	2
18	32	UID37510	15	17	1	1
17	36	UID62999	14	11	1	1
4	17	UID761026	14	3	1	1
22	36	UID761034	14	20	1	1
17	31	UID215945	13	15	2	2
13	36	UID502460	13	11	3	3
20	35	UID74715	13	16	2	2
4	16	UID761061	13	3	1	1
28	43	UID761081	13	26	2	2
27	58	UID102212	12	19	2	2
12	25	UID292171	12	9	2	2
14	27	UID761168	12	11	1	1
19	34	UID761171	12	15	2	2
25	51	UID110680	11	17	2	2
21	41	UID761214	11	18	2	2
14	25	UID761228	11	12	2	2
6	15	UID617615	10	5	1	1
7	17	UID761303	10	5	1	1
8	20	UID761307	10	4	2	2
29	44	UID761323	10	23	2	2
25	33	UID387575	9	24	1	1
5	18	UID61549	9	2	3	3
9	18	UID761369	9	7	1	1
4	14	UID761388	9	2	1	1
12	23	UID519	8	9	3	3
15	25	UID62232	8	11	2	2
13	29	UID761442	8	8	2	2
6	14	UID761476	8	4	1	1
8	15	UID761505	8	7	1	1
4	12	UID761506	8	2	1	1
40	63	UID9258	8	33	3	3
12	19	UID156839	7	10	1	1
18	26	UID27288	7	15	2	2
1	7	UID27645	7	0	0	0
15	30	UID48567	7	11	2	2
16	23	UID617685	7	14	2	2
4	10	UID761607	7	3	1	1
10	22	UID761619	7	6	2	2
14	21	UID111022	6	11	2	2
8	16	UID240583	6	5	2	2
12	23	UID27545	6	8	2	2
9	15	UID380	6	7	2	2
15	28	UID57869	6	11	2	2
4	10	UID761822	6	2	1	1
13	19	UID761836	6	11	1	1
31	47	UID761870	6	24	3	3
12	18	UID761873	6	10	2	2
5	10	UID761874	6	4	1	1
10	17	UID761883	6	7	2	2
12	18	UID761900	6	10	2	2
34	45	UID761907	6	28	3	3
6	11	UID761918	6	5	2	2
4	9	UID761921	6	3	0	0
17	25	UID761922	6	13	2	2
4	10	UID761932	6	2	1	1
13	23	UID247381	5	6	2	2
6	10	UID248135	5	5	2	2
8	13	UID364406	5	6	3	3
2	6	UID432563	5	1	0	0
1	5	UID761997	5	0	0	0
7	12	UID762006	5	5	1	1
1	5	UID762036	5	0	0	0
3	8	UID762041	5	1	1	1
1	5	UID762047	5	0	0	0
2	6	UID762146	5	1	0	0
6	10	UID762147	5	5	1	1
7	14	UID762152	5	4	2	2
13	17	UID762167	5	12	2	2
4	8	UID762223	5	3	1	1
1	5	UID762276	5	0	0	0
1	4	UID191548	4	0	0	0
13	18	UID216729	4	10	3	3
5	10	UID240168	4	3	1	1
3	6	UID246644	4	2	1	1
2	5	UID57926	4	1	0	0
1	4	UID583158	4	0	0	0
1	4	UID62227	4	0	0	0
11	17	UID63000	4	7	1	1
1	4	UID762328	4	0	0	0
1	4	UID762336	4	0	0	0
1	4	UID762344	4	0	0	0
1	4	UID762353	4	0	0	0
4	9	UID762356	4	1	1	1
1	4	UID762392	4	0	0	0
1	4	UID762410	4	0	0	0
1	4	UID762417	4	0	0	0
1	4	UID762422	4	0	0	0
1	4	UID762431	4	0	0	0
6	13	UID762449	4	3	2	2
1	4	UID762528	4	0	0	0
1	4	UID762576	4	0	0	0
1	4	UID762607	4	0	0	0
35	43	UID762610	4	29	3	3
1	4	UID762661	4	0	0	0
7	12	UID762668	4	4	3	3
9	12	UID762671	4	8	2	2
4	8	UID762672	4	2	0	0
1	4	UID762685	4	0	0	0
4	8	UID762727	4	2	1	1
3	6	UID762747	4	2	1	1
6	14	UID762748	4	3	1	1
2	5	UID762769	4	1	0	0
8	11	UID762777	4	7	1	1
20	28	UID762800	4	15	1	1
4	7	UID762812	4	3	1	1
1	4	UID762842	4	0	0	0
2	5	UID762869	4	1	1	1
1	4	UID762871	4	0	0	0
1	4	UID762877	4	0	0	0
1	4	UID762885	4	0	0	0
1	4	UID762891	4	0	0	0
1	4	UID762901	4	0	0	0
12	17	UID762907	4	9	2	2
1	4	UID762937	4	0	0	0
4	7	UID762947	4	3	0	0
1	3	UID10255	3	0	0	0
4	7	UID110596	3	2	1	1
2	4	UID115054	3	1	1	1
4	8	UID12663	3	2	2	2
1	3	UID229864	3	0	0	0
6	10	UID230598	3	3	2	2
5	8	UID31306	3	3	2	2
1	3	UID360278	3	0	0	0
11	14	UID466274	3	9	3	3
3	5	UID48436	3	2	1	1
1	3	UID72009	3	0	0	0
1	3	UID762961	3	0	0	0
1	3	UID762963	3	0	0	0
1	3	UID762976	3	0	0	0
1	3	UID762977	3	0	0	0
1	3	UID762980	3	0	0	0
2	4	UID762986	3	1	1	1
1	3	UID762988	3	0	0	0
1	3	UID762993	3	0	0	0
1	3	UID762994	3	0	0	0
1	3	UID763002	3	0	0	0
1	3	UID763007	3	0	0	0
1	3	UID763008	3	0	0	0
1	3	UID763010	3	0	0	0
1	3	UID763014	3	0	0	0
1	3	UID763019	3	0	0	0
1	3	UID763027	3	0	0	0
1	3	UID763036	3	0	0	0
1	3	UID763043	3	0	0	0
1	3	UID763047	3	0	0	0
1	3	UID763048	3	0	0	0
1	3	UID763050	3	0	0	0
1	3	UID763058	3	0	0	0
1	3	UID763060	3	0	0	0
1	3	UID763061	3	0	0	0
1	3	UID763076	3	0	0	0
1	3	UID763077	3	0	0	0
1	3	UID763079	3	0	0	0
1	3	UID763084	3	0	0	0
1	3	UID763085	3	0	0	0
1	3	UID763091	3	0	0	0
1	3	UID763092	3	0	0	0
1	3	UID763093	3	0	0	0
1	3	UID763097	3	0	0	0
1	3	UID763101	3	0	0	0
1	3	UID763110	3	0	0	0
3	5	UID763111	3	2	2	2
1	3	UID763144	3	0	0	0
1	3	UID763145	3	0	0	0
2	4	UID763147	3	1	0	0
2	4	UID763150	3	1	1	1
1	3	UID763151	3	0	0	0
1	3	UID763156	3	0	0	0
1	3	UID763157	3	0	0	0
1	3	UID763158	3	0	0	0
1	3	UID763160	3	0	0	0
1	3	UID763172	3	0	0	0
1	3	UID763180	3	0	0	0
1	3	UID763183	3	0	0	0
1	3	UID763190	3	0	0	0
1	3	UID763191	3	0	0	0
1	3	UID763194	3	0	0	0
1	3	UID763204	3	0	0	0
1	3	UID763205	3	0	0	0
1	3	UID763209	3	0	0	0
1	3	UID763224	3	0	0	0
1	3	UID763227	3	0	0	0
1	3	UID763230	3	0	0	0
1	3	UID763237	3	0	0	0
1	3	UID763241	3	0	0	0
1	3	UID763255	3	0	0	0
1	3	UID763256	3	0	0	0
4	7	UID763263	3	2	1	1
1	3	UID763268	3	0	0	0
1	3	UID763271	3	0	0	0
1	3	UID763289	3	0	0	0
1	3	UID763291	3	0	0	0
1	3	UID763297	3	0	0	0
1	3	UID763317	3	0	0	0
1	3	UID763324	3	0	0	0
1	3	UID763329	3	0	0	0
1	3	UID763330	3	0	0	0
1	3	UID763333	3	0	0	0
1	3	UID763353	3	0	0	0
1	3	UID763364	3	0	0	0
1	3	UID763366	3	0	0	0
2	4	UID763367	3	1	1	1
1	3	UID763420	3	0	0	0
1	3	UID763424	3	0	0	0
1	3	UID763447	3	0	0	0
2	4	UID763471	3	1	1	1
1	3	UID763496	3	0	0	0
1	3	UID763506	3	0	0	0
1	3	UID763507	3	0	0	0
1	3	UID763525	3	0	0	0
1	3	UID763526	3	0	0	0
1	3	UID763532	3	0	0	0
1	3	UID763535	3	0	0	0
1	3	UID763540	3	0	0	0
5	8	UID763552	3	3	1	1
1	3	UID763570	3	0	0	0
1	3	UID763607	3	0	0	0
4	6	UID763611	3	3	2	2
1	3	UID763620	3	0	0	0
1	3	UID763621	3	0	0	0
1	3	UID763623	3	0	0	0
1	3	UID763628	3	0	0	0
1	3	UID763644	3	0	0	0
1	3	UID763645	3	0	0	0
12	16	UID763661	3	9	2	2
1	3	UID763688	3	0	0	0
1	3	UID763703	3	0	0	0
1	3	UID763737	3	0	0	0
1	3	UID763756	3	0	0	0
1	3	UID763757	3	0	0	0
2	4	UID763761	3	1	1	1
1	3	UID763771	3	0	0	0
2	4	UID763773	3	1	0	0
4	8	UID763780	3	1	1	1
14	19	UID763782	3	10	1	1
7	9	UID763790	3	6	1	1
1	3	UID763791	3	0	0	0
1	3	UID763793	3	0	0	0
10	15	UID763800	3	6	2	2
1	3	UID763804	3	0	0	0
1	3	UID763813	3	0	0	0
25	31	UID763826	3	20	5	5
1	3	UID763831	3	0	0	0
1	3	UID763832	3	0	0	0
6	8	UID763835	3	5	1	1
1	3	UID763837	3	0	0	0
2	4	UID763838	3	1	0	0
1	3	UID763840	3	0	0	0
1	3	UID763843	3	0	0	0
4	6	UID763848	3	3	1	1
1	3	UID763850	3	0	0	0
1	3	UID763863	3	0	0	0
1	3	UID763864	3	0	0	0
2	4	UID763885	3	1	0	0
1	3	UID763893	3	0	0	0
1	3	UID763898	3	0	0	0
1	3	UID763927	3	0	0	0
1	3	UID763934	3	0	0	0
1	3	UID763936	3	0	0	0
1	3	UID763945	3	0	0	0
1	3	UID763951	3	0	0	0
1	3	UID763955	3	0	0	0
1	3	UID763958	3	0	0	0
1	3	UID763964	3	0	0	0
6	8	UID763973	3	5	1	1
1	3	UID763976	3	0	0	0
1	3	UID763977	3	0	0	0
1	3	UID763978	3	0	0	0
4	7	UID763988	3	2	2	2
2	4	UID763992	3	1	0	0
13	18	UID763994	3	9	1	1
1	3	UID763999	3	0	0	0
2	4	UID764000	3	1	1	1
1	3	UID764003	3	0	0	0
2	4	UID764022	3	1	1	1
1	3	UID764041	3	0	0	0
1	3	UID764077	3	0	0	0
7	9	UID764080	3	6	1	1
1	3	UID764092	3	0	0	0
1	3	UID764098	3	0	0	0
1	3	UID764099	3	0	0	0
1	3	UID764102	3	0	0	0
1	3	UID764111	3	0	0	0
1	3	UID764120	3	0	0	0
1	3	UID764122	3	0	0	0
1	3	UID764139	3	0	0	0
1	3	UID764140	3	0	0	0
1	3	UID764147	3	0	0	0
1	3	UID764167	3	0	0	0
1	3	UID764178	3	0	0	0
1	3	UID764185	3	0	0	0
1	3	UID764186	3	0	0	0
1	3	UID764198	3	0	0	0
1	3	UID764203	3	0	0	0
1	3	UID764210	3	0	0	0
1	3	UID764213	3	0	0	0
1	3	UID764216	3	0	0	0
1	3	UID764223	3	0	0	0
1	3	UID764224	3	0	0	0
1	3	UID764233	3	0	0	0
1	3	UID764235	3	0	0	0
1	3	UID764270	3	0	0	0
1	3	UID764273	3	0	0	0
1	3	UID764276	3	0	0	0
1	3	UID764285	3	0	0	0
1	3	UID764286	3	0	0	0
1	3	UID764292	3	0	0	0
1	3	UID764294	3	0	0	0
1	3	UID764298	3	0	0	0
1	3	UID764299	3	0	0	0
1	3	UID764327	3	0	0	0
1	3	UID764332	3	0	0	0
1	3	UID764333	3	0	0	0
1	3	UID764339	3	0	0	0
1	3	UID764347	3	0	0	0
1	3	UID764351	3	0	0	0
1	3	UID764358	3	0	0	0
1	3	UID764371	3	0	0	0
2	4	UID764392	3	1	1	1
1	3	UID764393	3	0	0	0
1	3	UID764396	3	0	0	0
1	3	UID764399	3	0	0	0
1	3	UID764406	3	0	0	0
1	3	UID764425	3	0	0	0
1	3	UID764430	3	0	0	0
1	3	UID764431	3	0	0	0
1	3	UID764432	3	0	0	0
1	3	UID764433	3	0	0	0
1	3	UID764437	3	0	0	0
1	3	UID764458	3	0	0	0
2	4	UID764460	3	1	1	1
1	3	UID764462	3	0	0	0
1	3	UID764464	3	0	0	0
1	3	UID764468	3	0	0	0
1	3	UID764475	3	0	0	0
1	3	UID764477	3	0	0	0
1	3	UID764478	3	0	0	0
1	3	UID764481	3	0	0	0
1	3	UID764489	3	0	0	0
1	3	UID764492	3	0	0	0
1	3	UID764498	3	0	0	0
1	3	UID764500	3	0	0	0
1	3	UID764502	3	0	0	0
1	3	UID90751	3	0	0	0
2	3	UID111653	2	1	1	1
5	8	UID114367	2	2	1	1
8	10	UID114820	2	6	1	1
1	2	UID199892	2	0	0	0
1	2	UID19	2	0	0	0
3	4	UID217332	2	2	1	1
11	13	UID220298	2	9	1	1
4	5	UID230149	2	3	1	1
1	2	UID230172	2	0	0	0
7	8	UID230231	2	6	1	1
4	5	UID245	2	3	1	1
10	11	UID246643	2	9	2	2
2	3	UID247	2	1	1	1
4	5	UID31369	2	3	2	2
2	3	UID31375	2	1	1	1
4	5	UID317973	2	3	1	1
5	6	UID324382	2	4	1	1
1	2	UID331108	2	0	0	0
1	2	UID361860	2	0	0	0
3	4	UID37682	2	2	1	1
2	3	UID387577	2	1	1	1
1	2	UID48444	2	0	0	0
1	2	UID49038	2	0	0	0
6	7	UID49312	2	5	2	2
4	5	UID508065	2	3	1	1
6	9	UID52230	2	3	1	1
1	2	UID583285	2	0	0	0
3	4	UID61852	2	2	1	1
7	8	UID75705	2	6	2	2
1	2	UID764514	2	0	0	0
1	2	UID764526	2	0	0	0
1	2	UID764559	2	0	0	0
1	2	UID764569	2	0	0	0
1	2	UID764600	2	0	0	0
1	2	UID764604	2	0	0	0
2	3	UID764613	2	1	1	1
1	2	UID764629	2	0	0	0
1	2	UID764631	2	0	0	0
1	2	UID764634	2	0	0	0
1	2	UID764636	2	0	0	0
2	3	UID764675	2	1	1	1
1	2	UID764693	2	0	0	0
1	2	UID764721	2	0	0	0
1	2	UID764757	2	0	0	0
2	3	UID764764	2	1	1	1
1	2	UID764766	2	0	0	0
1	2	UID764775	2	0	0	0
1	2	UID764818	2	0	0	0
1	2	UID764819	2	0	0	0
1	2	UID764821	2	0	0	0
1	2	UID764836	2	0	0	0
1	2	UID764837	2	0	0	0
2	3	UID764840	2	1	1	1
1	2	UID764877	2	0	0	0
1	2	UID764887	2	0	0	0
1	2	UID764940	2	0	0	0
1	2	UID765035	2	0	0	0
1	2	UID765070	2	0	0	0
1	2	UID765073	2	0	0	0
3	4	UID765200	2	2	1	1
5	6	UID765201	2	4	1	1
1	2	UID765202	2	0	0	0
1	2	UID765220	2	0	0	0
1	2	UID765229	2	0	0	0
5	6	UID765247	2	4	1	1
1	2	UID765305	2	0	0	0
1	2	UID765333	2	0	0	0
2	3	UID765338	2	1	1	1
2	3	UID765352	2	1	1	1
1	2	UID765355	2	0	0	0
1	2	UID765363	2	0	0	0
2	3	UID765374	2	1	1	1
1	2	UID765378	2	0	0	0
1	2	UID765392	2	0	0	0
1	2	UID765408	2	0	0	0
1	2	UID765416	2	0	0	0
1	2	UID765486	2	0	0	0
1	2	UID765494	2	0	0	0
1	2	UID765514	2	0	0	0
1	2	UID765554	2	0	0	0
1	2	UID765555	2	0	0	0
1	2	UID765582	2	0	0	0
1	2	UID765584	2	0	0	0
1	2	UID765585	2	0	0	0
1	2	UID765623	2	0	0	0
1	2	UID765633	2	0	0	0
1	2	UID765640	2	0	0	0
1	2	UID765693	2	0	0	0
1	2	UID765703	2	0	0	0
2	3	UID765715	2	1	1	1
1	2	UID765738	2	0	0	0
1	2	UID765782	2	0	0	0
2	3	UID765795	2	1	1	1
1	2	UID765814	2	0	0	0
1	2	UID765818	2	0	0	0
1	2	UID765820	2	0	0	0
1	2	UID765888	2	0	0	0
1	2	UID765942	2	0	0	0
2	3	UID765950	2	1	1	1
1	2	UID765967	2	0	0	0
1	2	UID766022	2	0	0	0
1	2	UID766038	2	0	0	0
1	2	UID766097	2	0	0	0
1	2	UID766099	2	0	0	0
1	2	UID766115	2	0	0	0
1	2	UID766140	2	0	0	0
1	2	UID766141	2	0	0	0
1	2	UID766146	2	0	0	0
1	2	UID766151	2	0	0	0
1	2	UID766282	2	0	0	0
1	2	UID766286	2	0	0	0
1	2	UID766345	2	0	0	0
9	10	UID766346	2	8	1	1
1	2	UID766353	2	0	0	0
2	3	UID766412	2	1	1	1
2	4	UID766421	2	0	1	1
3	4	UID766425	2	2	1	1
3	4	UID766426	2	2	1	1
1	2	UID766443	2	0	0	0
1	2	UID766444	2	0	0	0
1	2	UID766447	2	0	0	0
1	2	UID766452	2	0	0	0
1	2	UID766462	2	0	0	0
1	2	UID766464	2	0	0	0
1	2	UID766487	2	0	0	0
2	3	UID766528	2	1	1	1
3	4	UID766535	2	2	1	1
1	2	UID766545	2	0	0	0
1	2	UID766574	2	0	0	0
3	4	UID766580	2	2	1	1
1	2	UID766581	2	0	0	0
1	2	UID766600	2	0	0	0
7	9	UID766643	2	5	2	2
1	2	UID766656	2	0	0	0
1	2	UID766804	2	0	0	0
1	2	UID766814	2	0	0	0
1	2	UID766874	2	0	0	0
4	5	UID766909	2	3	1	1
1	2	UID766942	2	0	0	0
1	2	UID766996	2	0	0	0
1	2	UID767030	2	0	0	0
1	2	UID767031	2	0	0	0
1	2	UID767033	2	0	0	0
3	4	UID767049	2	2	1	1
3	4	UID767064	2	2	1	1
1	2	UID767116	2	0	0	0
2	3	UID767195	2	1	1	1
2	3	UID767201	2	1	1	1
2	3	UID767230	2	1	1	1
2	3	UID767231	2	1	1	1
1	2	UID767232	2	0	0	0
3	4	UID767235	2	2	1	1
1	2	UID767239	2	0	0	0
1	2	UID767259	2	0	0	0
6	7	UID767260	2	5	2	2
1	2	UID767274	2	0	0	0
7	8	UID767275	2	6	1	1
6	8	UID767279	2	4	2	2
1	2	UID767301	2	0	0	0
1	2	UID767305	2	0	0	0
1	2	UID767317	2	0	0	0
1	2	UID767327	2	0	0	0
1	2	UID767350	2	0	0	0
1	2	UID767386	2	0	0	0
1	2	UID767410	2	0	0	0
1	2	UID767411	2	0	0	0
9	10	UID767437	2	8	2	2
1	2	UID767440	2	0	0	0
2	3	UID767451	2	1	1	1
1	2	UID767456	2	0	0	0
1	2	UID767462	2	0	0	0
1	2	UID767470	2	0	0	0
2	3	UID767471	2	1	1	1
3	4	UID767472	2	2	2	2
1	2	UID767482	2	0	0	0
1	2	UID767484	2	0	0	0
1	2	UID767488	2	0	0	0
1	2	UID767503	2	0	0	0
1	2	UID767516	2	0	0	0
1	2	UID767551	2	0	0	0
2	3	UID767586	2	1	1	1
1	2	UID767600	2	0	0	0
2	3	UID767611	2	1	1	1
3	4	UID767613	2	2	1	1
1	2	UID767615	2	0	0	0
2	3	UID767617	2	1	1	1
1	2	UID767623	2	0	0	0
1	2	UID767734	2	0	0	0
1	2	UID767735	2	0	0	0
1	2	UID767740	2	0	0	0
4	5	UID767752	2	3	2	2
7	8	UID767761	2	6	1	1
1	2	UID767762	2	0	0	0
1	2	UID767765	2	0	0	0
3	4	UID767766	2	2	1	1
1	2	UID767768	2	0	0	0
2	3	UID767773	2	1	1	1
3	4	UID767788	2	2	1	1
1	2	UID767803	2	0	0	0
1	2	UID767829	2	0	0	0
1	2	UID767831	2	0	0	0
1	2	UID767879	2	0	0	0
1	2	UID767927	2	0	0	0
7	8	UID767928	2	6	2	2
1	2	UID767929	2	0	0	0
3	4	UID767933	2	2	1	1
2	3	UID767936	2	1	1	1
1	2	UID767952	2	0	0	0
1	2	UID767963	2	0	0	0
1	2	UID767978	2	0	0	0
10	13	UID767991	2	7	3	3
1	2	UID768002	2	0	0	0
1	2	UID768018	2	0	0	0
2	3	UID768020	2	1	1	1
1	2	UID768073	2	0	0	0
1	2	UID768127	2	0	0	0
1	2	UID768128	2	0	0	0
4	5	UID768177	2	3	1	1
1	2	UID768178	2	0	0	0
3	4	UID768179	2	2	1	1
1	2	UID768208	2	0	0	0
1	2	UID768226	2	0	0	0
1	2	UID768266	2	0	0	0
1	2	UID768339	2	0	0	0
2	3	UID768342	2	1	1	1
4	5	UID768383	2	3	1	1
1	2	UID768384	2	0	0	0
1	2	UID768385	2	0	0	0
1	2	UID768386	2	0	0	0
1	2	UID768387	2	0	0	0
1	2	UID768427	2	0	0	0
1	2	UID768445	2	0	0	0
1	2	UID768454	2	0	0	0
5	6	UID768466	2	4	2	2
2	3	UID768496	2	1	1	1
1	2	UID768512	2	0	0	0
3	4	UID768533	2	2	2	2
2	3	UID768536	2	1	1	1
1	2	UID768553	2	0	0	0
1	2	UID768561	2	0	0	0
1	2	UID768566	2	0	0	0
1	2	UID768590	2	0	0	0
1	2	UID768614	2	0	0	0
1	2	UID768620	2	0	0	0
1	2	UID768625	2	0	0	0
1	2	UID768653	2	0	0	0
1	2	UID768659	2	0	0	0
1	2	UID768665	2	0	0	0
1	2	UID768673	2	0	0	0
1	2	UID768710	2	0	0	0
1	2	UID768733	2	0	0	0
1	2	UID768737	2	0	0	0
1	2	UID768754	2	0	0	0
2	3	UID768758	2	1	1	1
1	2	UID768800	2	0	0	0
1	2	UID768813	2	0	0	0
1	2	UID768819	2	0	0	0
1	2	UID768824	2	0	0	0
1	2	UID768859	2	0	0	0
1	2	UID768862	2	0	0	0
1	2	UID768870	2	0	0	0
1	2	UID768878	2	0	0	0
1	2	UID768882	2	0	0	0
1	2	UID768909	2	0	0	0
1	2	UID768941	2	0	0	0
5	6	UID768983	2	4	3	3
1	2	UID769013	2	0	0	0
1	2	UID769017	2	0	0	0
1	2	UID769021	2	0	0	0
1	2	UID769022	2	0	0	0
1	2	UID769036	2	0	0	0
1	2	UID769080	2	0	0	0
1	2	UID769082	2	0	0	0
1	2	UID769087	2	0	0	0
2	3	UID769116	2	1	1	1
1	2	UID769138	2	0	0	0
1	2	UID769213	2	0	0	0
1	2	UID769215	2	0	0	0
1	2	UID769218	2	0	0	0
1	2	UID769220	2	0	0	0
1	2	UID769285	2	0	0	0
1	2	UID769304	2	0	0	0
1	2	UID769312	2	0	0	0
1	2	UID769319	2	0	0	0
1	2	UID769324	2	0	0	0
1	2	UID769347	2	0	0	0
1	2	UID769381	2	0	0	0
1	2	UID769392	2	0	0	0
1	2	UID769432	2	0	0	0
1	2	UID769444	2	0	0	0
1	2	UID769454	2	0	0	0
1	2	UID769456	2	0	0	0
1	2	UID769466	2	0	0	0
1	2	UID769471	2	0	0	0
1	2	UID769488	2	0	0	0
1	2	UID769495	2	0	0	0
1	2	UID769511	2	0	0	0
1	2	UID769544	2	0	0	0
1	2	UID769549	2	0	0	0
1	2	UID769551	2	0	0	0
1	2	UID769582	2	0	0	0
1	2	UID769611	2	0	0	0
1	2	UID769630	2	0	0	0
1	2	UID769631	2	0	0	0
1	2	UID769632	2	0	0	0
1	2	UID769640	2	0	0	0
1	2	UID769680	2	0	0	0
2	3	UID769682	2	1	1	1
3	4	UID769712	2	2	1	1
1	2	UID769716	2	0	0	0
1	2	UID769723	2	0	0	0
3	3	UID102643	1	3	1	1
7	7	UID102685	1	7	2	2
1	1	UID10509	1	1	0	0
1	1	UID106174	1	1	0	0
2	2	UID106666	1	2	1	1
1	1	UID120665	1	1	0	0
1	1	UID134212	1	1	0	0
1	1	UID135263	1	1	0	0
4	4	UID1417	1	4	2	2
1	1	UID171	1	1	0	0
1	1	UID199882	1	1	0	0
1	1	UID203656	1	1	0	0
1	1	UID215767	1	1	0	0
1	1	UID218077	1	1	0	0
1	1	UID229859	1	1	0	0
1	1	UID230990	1	1	0	0
11	11	UID240169	1	11	1	1
1	1	UID246725	1	1	0	0
2	2	UID27534	1	2	1	1
1	1	UID31341	1	1	0	0
1	1	UID326152	1	1	0	0
1	1	UID355004	1	1	0	0
1	1	UID362864	1	1	0	0
1	1	UID363280	1	1	0	0
1	1	UID363949	1	1	0	0
1	1	UID387576	1	1	0	0
1	1	UID387578	1	1	0	0
1	1	UID387587	1	1	0	0
1	1	UID388379	1	1	0	0
1	1	UID39917	1	1	0	0
1	1	UID399610	1	1	0	0
1	1	UID432205	1	1	0	0
3	3	UID43286	1	3	1	1
4	4	UID490262	1	4	1	1
1	1	UID49085	1	1	0	0
1	1	UID545648	1	1	0	0
1	1	UID553771	1	1	0	0
1	1	UID566259	1	1	0	0
1	1	UID582118	1	1	0	0
1	1	UID61292	1	1	0	0
1	1	UID714933	1	1	0	0
1	1	UID716751	1	1	0	0
2	2	UID72044	1	2	1	1
1	1	UID7575	1	1	0	0
1	1	UID769738	1	1	0	0
1	1	UID769739	1	1	0	0
1	1	UID769740	1	1	0	0
1	1	UID769741	1	1	0	0
1	1	UID769742	1	1	0	0
1	1	UID769745	1	1	0	0
1	1	UID769746	1	1	0	0
1	1	UID769747	1	1	0	0
1	1	UID769748	1	1	0	0
1	1	UID769761	1	1	0	0
1	1	UID769763	1	1	0	0
1	1	UID769765	1	1	0	0
1	1	UID769766	1	1	0	0
1	1	UID769769	1	1	0	0
1	1	UID769790	1	1	0	0
1	1	UID769793	1	1	0	0
1	1	UID769803	1	1	0	0
1	1	UID769811	1	1	0	0
1	1	UID769814	1	1	0	0
1	1	UID769815	1	1	0	0
1	1	UID769817	1	1	0	0
1	1	UID769819	1	1	0	0
1	1	UID769822	1	1	0	0
1	1	UID769825	1	1	0	0
1	1	UID769827	1	1	0	0
1	1	UID769838	1	1	0	0
1	1	UID769841	1	1	0	0
1	1	UID769844	1	1	0	0
1	1	UID769848	1	1	0	0
1	1	UID769853	1	1	0	0
1	1	UID769865	1	1	0	0
1	1	UID769870	1	1	0	0
1	1	UID769871	1	1	0	0
1	1	UID769875	1	1	0	0
1	1	UID769877	1	1	0	0
1	1	UID769879	1	1	0	0
1	1	UID769881	1	1	0	0
1	1	UID769885	1	1	0	0
1	1	UID769887	1	1	0	0
1	1	UID769897	1	1	0	0
1	1	UID769899	1	1	0	0
1	1	UID769901	1	1	0	0
1	1	UID769903	1	1	0	0
1	1	UID769905	1	1	0	0
1	1	UID769906	1	1	0	0
1	1	UID769913	1	1	0	0
1	1	UID769923	1	1	0	0
1	1	UID769928	1	1	0	0
1	1	UID769932	1	1	0	0
1	1	UID769936	1	1	0	0
1	1	UID769953	1	1	0	0
1	1	UID769974	1	1	0	0
1	1	UID769989	1	1	0	0
1	1	UID770000	1	1	0	0
1	1	UID770004	1	1	0	0
1	1	UID770007	1	1	0	0
1	1	UID770009	1	1	0	0
1	1	UID770018	1	1	0	0
1	1	UID770057	1	1	0	0
1	1	UID770060	1	1	0	0
1	1	UID770065	1	1	0	0
1	1	UID770071	1	1	0	0
1	1	UID770100	1	1	0	0
1	1	UID770130	1	1	0	0
1	1	UID770134	1	1	0	0
1	1	UID770135	1	1	0	0
1	1	UID770137	1	1	0	0
1	1	UID770141	1	1	0	0
1	1	UID770142	1	1	0	0
1	1	UID770143	1	1	0	0
1	1	UID770152	1	1	0	0
1	1	UID770168	1	1	0	0
1	1	UID770177	1	1	0	0
1	1	UID770180	1	1	0	0
1	1	UID770183	1	1	0	0
1	1	UID770203	1	1	0	0
1	1	UID770204	1	1	0	0
1	1	UID770265	1	1	0	0
1	1	UID770275	1	1	0	0
1	1	UID770292	1	1	0	0
1	1	UID770303	1	1	0	0
1	1	UID770324	1	1	0	0
1	1	UID770325	1	1	0	0
1	1	UID770326	1	1	0	0
1	1	UID770327	1	1	0	0
1	1	UID770328	1	1	0	0
1	1	UID770331	1	1	0	0
1	1	UID770333	1	1	0	0
1	1	UID770336	1	1	0	0
1	1	UID770337	1	1	0	0
1	1	UID770340	1	1	0	0
1	1	UID770341	1	1	0	0
1	1	UID770349	1	1	0	0
1	1	UID770353	1	1	0	0
1	1	UID770356	1	1	0	0
1	1	UID770357	1	1	0	0
1	1	UID770360	1	1	0	0
1	1	UID770370	1	1	0	0
1	1	UID770384	1	1	0	0
1	1	UID770391	1	1	0	0
1	1	UID770394	1	1	0	0
1	1	UID770428	1	1	0	0
1	1	UID770429	1	1	0	0
1	1	UID770438	1	1	0	0
1	1	UID770458	1	1	0	0
1	1	UID770462	1	1	0	0
1	1	UID770465	1	1	0	0
1	1	UID770468	1	1	0	0
1	1	UID770474	1	1	0	0
1	1	UID770475	1	1	0	0
1	1	UID770486	1	1	0	0
1	1	UID770489	1	1	0	0
1	1	UID770492	1	1	0	0
1	1	UID770493	1	1	0	0
1	1	UID770500	1	1	0	0
1	1	UID770512	1	1	0	0
1	1	UID770515	1	1	0	0
1	1	UID770525	1	1	0	0
1	1	UID770535	1	1	0	0
1	1	UID770543	1	1	0	0
1	1	UID770546	1	1	0	0
1	1	UID770557	1	1	0	0
1	1	UID770559	1	1	0	0
1	1	UID770566	1	1	0	0
1	1	UID770567	1	1	0	0
2	2	UID770579	1	2	1	1
1	1	UID770581	1	1	0	0
1	1	UID770591	1	1	0	0
1	1	UID770595	1	1	0	0
1	1	UID770596	1	1	0	0
1	1	UID770599	1	1	0	0
1	1	UID770604	1	1	0	0
1	1	UID770605	1	1	0	0
1	1	UID770609	1	1	0	0
1	1	UID770622	1	1	0	0
1	1	UID770626	1	1	0	0
1	1	UID770640	1	1	0	0
1	1	UID770645	1	1	0	0
1	1	UID770650	1	1	0	0
1	1	UID770657	1	1	0	0
1	1	UID770666	1	1	0	0
1	1	UID770678	1	1	0	0
1	1	UID770690	1	1	0	0
1	1	UID770700	1	1	0	0
1	1	UID770713	1	1	0	0
1	1	UID770716	1	1	0	0
1	1	UID770722	1	1	0	0
1	1	UID770740	1	1	0	0
1	1	UID770763	1	1	0	0
1	1	UID770768	1	1	0	0
1	1	UID770776	1	1	0	0
1	1	UID770778	1	1	0	0
1	1	UID770789	1	1	0	0
1	1	UID770799	1	1	0	0
1	1	UID770801	1	1	0	0
1	1	UID770809	1	1	0	0
1	1	UID770820	1	1	0	0
1	1	UID770831	1	1	0	0
1	1	UID770841	1	1	0	0
1	1	UID770864	1	1	0	0
1	1	UID770865	1	1	0	0
1	1	UID770867	1	1	0	0
1	1	UID770868	1	1	0	0
1	1	UID770869	1	1	0	0
1	1	UID770871	1	1	0	0
1	1	UID770873	1	1	0	0
1	1	UID770874	1	1	0	0
1	1	UID770881	1	1	0	0
1	1	UID770883	1	1	0	0
1	1	UID770891	1	1	0	0
1	1	UID770899	1	1	0	0
1	1	UID770902	1	1	0	0
1	1	UID770903	1	1	0	0
1	1	UID770916	1	1	0	0
1	1	UID770941	1	1	0	0
1	1	UID770958	1	1	0	0
1	1	UID770975	1	1	0	0
1	1	UID770977	1	1	0	0
1	1	UID770985	1	1	0	0
2	2	UID770992	1	2	1	1
1	1	UID771018	1	1	0	0
1	1	UID771021	1	1	0	0
1	1	UID771025	1	1	0	0
1	1	UID771028	1	1	0	0
1	1	UID771048	1	1	0	0
1	1	UID771049	1	1	0	0
1	1	UID771050	1	1	0	0
1	1	UID771074	1	1	0	0
1	1	UID771078	1	1	0	0
1	1	UID771083	1	1	0	0
1	1	UID771090	1	1	0	0
1	1	UID771091	1	1	0	0
1	1	UID771097	1	1	0	0
1	1	UID771107	1	1	0	0
1	1	UID771109	1	1	0	0
1	1	UID771114	1	1	0	0
1	1	UID771118	1	1	0	0
1	1	UID771124	1	1	0	0
1	1	UID771125	1	1	0	0
1	1	UID771128	1	1	0	0
1	1	UID771129	1	1	0	0
1	1	UID771130	1	1	0	0
1	1	UID771131	1	1	0	0
1	1	UID771137	1	1	0	0
1	1	UID771141	1	1	0	0
1	1	UID771166	1	1	0	0
1	1	UID771169	1	1	0	0
1	1	UID771203	1	1	0	0
1	1	UID771208	1	1	0	0
1	1	UID771215	1	1	0	0
1	1	UID771232	1	1	0	0
1	1	UID771236	1	1	0	0
1	1	UID771254	1	1	0	0
1	1	UID771256	1	1	0	0
1	1	UID771266	1	1	0	0
1	1	UID771284	1	1	0	0
1	1	UID771302	1	1	0	0
1	1	UID771307	1	1	0	0
1	1	UID771308	1	1	0	0
2	2	UID771317	1	2	1	1
1	1	UID771324	1	1	0	0
1	1	UID771325	1	1	0	0
1	1	UID771326	1	1	0	0
1	1	UID771328	1	1	0	0
1	1	UID771334	1	1	0	0
1	1	UID771335	1	1	0	0
1	1	UID771336	1	1	0	0
1	1	UID771339	1	1	0	0
1	1	UID771348	1	1	0	0
1	1	UID771356	1	1	0	0
1	1	UID771372	1	1	0	0
1	1	UID771373	1	1	0	0
1	1	UID771376	1	1	0	0
1	1	UID771377	1	1	0	0
1	1	UID771379	1	1	0	0
1	1	UID771393	1	1	0	0
1	1	UID771404	1	1	0	0
1	1	UID771414	1	1	0	0
1	1	UID771434	1	1	0	0
1	1	UID771437	1	1	0	0
1	1	UID771441	1	1	0	0
1	1	UID771499	1	1	0	0
1	1	UID771509	1	1	0	0
1	1	UID771567	1	1	0	0
1	1	UID771587	1	1	0	0
1	1	UID771589	1	1	0	0
1	1	UID771596	1	1	0	0
1	1	UID771601	1	1	0	0
1	1	UID771608	1	1	0	0
1	1	UID771610	1	1	0	0
1	1	UID771617	1	1	0	0
1	1	UID771626	1	1	0	0
1	1	UID771639	1	1	0	0
1	1	UID771641	1	1	0	0
1	1	UID771642	1	1	0	0
1	1	UID771643	1	1	0	0
1	1	UID771644	1	1	0	0
1	1	UID771660	1	1	0	0
1	1	UID771673	1	1	0	0
1	1	UID771687	1	1	0	0
1	1	UID771692	1	1	0	0
1	1	UID771693	1	1	0	0
1	1	UID771707	1	1	0	0
1	1	UID771717	1	1	0	0
1	1	UID771734	1	1	0	0
1	1	UID771749	1	1	0	0
1	1	UID771754	1	1	0	0
1	1	UID771756	1	1	0	0
1	1	UID771764	1	1	0	0
2	2	UID771768	1	2	1	1
1	1	UID771770	1	1	0	0
1	1	UID771773	1	1	0	0
1	1	UID771777	1	1	0	0
1	1	UID771793	1	1	0	0
1	1	UID771801	1	1	0	0
1	1	UID771810	1	1	0	0
1	1	UID771814	1	1	0	0
1	1	UID771828	1	1	0	0
1	1	UID771838	1	1	0	0
1	1	UID771855	1	1	0	0
1	1	UID771856	1	1	0	0
1	1	UID771857	1	1	0	0
1	1	UID771858	1	1	0	0
1	1	UID771859	1	1	0	0
1	1	UID771863	1	1	0	0
1	1	UID771866	1	1	0	0
1	1	UID771868	1	1	0	0
1	1	UID771885	1	1	0	0
1	1	UID771894	1	1	0	0
1	1	UID771895	1	1	0	0
1	1	UID771896	1	1	0	0
1	1	UID771905	1	1	0	0
1	1	UID771910	1	1	0	0
1	1	UID771911	1	1	0	0
1	1	UID771925	1	1	0	0
1	1	UID771939	1	1	0	0
1	1	UID771948	1	1	0	0
1	1	UID771949	1	1	0	0
1	1	UID771950	1	1	0	0
1	1	UID771961	1	1	0	0
1	1	UID772014	1	1	0	0
1	1	UID772021	1	1	0	0
2	2	UID772067	1	2	1	1
1	1	UID772081	1	1	0	0
1	1	UID772086	1	1	0	0
1	1	UID772093	1	1	0	0
1	1	UID772105	1	1	0	0
1	1	UID772106	1	1	0	0
1	1	UID772111	1	1	0	0
1	1	UID772115	1	1	0	0
1	1	UID772120	1	1	0	0
1	1	UID772132	1	1	0	0
1	1	UID772140	1	1	0	0
1	1	UID772146	1	1	0	0
1	1	UID772152	1	1	0	0
1	1	UID772154	1	1	0	0
1	1	UID772155	1	1	0	0
1	1	UID772157	1	1	0	0
1	1	UID772181	1	1	0	0
1	1	UID772189	1	1	0	0
1	1	UID772198	1	1	0	0
1	1	UID772200	1	1	0	0
1	1	UID772220	1	1	0	0
1	1	UID772231	1	1	0	0
1	1	UID772238	1	1	0	0
1	1	UID772248	1	1	0	0
1	1	UID772255	1	1	0	0
1	1	UID772302	1	1	0	0
1	1	UID772330	1	1	0	0
1	1	UID772335	1	1	0	0
1	1	UID772336	1	1	0	0
1	1	UID772338	1	1	0	0
1	1	UID772392	1	1	0	0
1	1	UID772415	1	1	0	0
1	1	UID772451	1	1	0	0
1	1	UID772476	1	1	0	0
1	1	UID772480	1	1	0	0
1	1	UID772498	1	1	0	0
1	1	UID772516	1	1	0	0
1	1	UID772519	1	1	0	0
1	1	UID772528	1	1	0	0
2	2	UID772543	1	2	1	1
1	1	UID772558	1	1	0	0
1	1	UID772569	1	1	0	0
1	1	UID772574	1	1	0	0
1	1	UID772590	1	1	0	0
1	1	UID772592	1	1	0	0
1	1	UID772599	1	1	0	0
1	1	UID772616	1	1	0	0
1	1	UID772617	1	1	0	0
1	1	UID772619	1	1	0	0
1	1	UID772623	1	1	0	0
1	1	UID772643	1	1	0	0
1	1	UID772644	1	1	0	0
1	1	UID772647	1	1	0	0
1	1	UID772649	1	1	0	0
1	1	UID772650	1	1	0	0
1	1	UID772657	1	1	0	0
1	1	UID772666	1	1	0	0
1	1	UID772691	1	1	0	0
1	1	UID772699	1	1	0	0
1	1	UID772721	1	1	0	0
1	1	UID772748	1	1	0	0
1	1	UID772766	1	1	0	0
1	1	UID772767	1	1	0	0
1	1	UID772787	1	1	0	0
1	1	UID772811	1	1	0	0
1	1	UID772818	1	1	0	0
1	1	UID772820	1	1	0	0
1	1	UID772823	1	1	0	0
1	1	UID772834	1	1	0	0
1	1	UID772861	1	1	0	0
1	1	UID772872	1	1	0	0
1	1	UID772887	1	1	0	0
1	1	UID772890	1	1	0	0
1	1	UID772910	1	1	0	0
1	1	UID772918	1	1	0	0
2	2	UID772926	1	2	1	1
1	1	UID772928	1	1	0	0
1	1	UID772933	1	1	0	0
1	1	UID772942	1	1	0	0
1	1	UID772944	1	1	0	0
2	2	UID772945	1	2	1	1
1	1	UID772947	1	1	0	0
1	1	UID772948	1	1	0	0
1	1	UID772950	1	1	0	0
1	1	UID772960	1	1	0	0
1	1	UID772967	1	1	0	0
1	1	UID772969	1	1	0	0
1	1	UID772987	1	1	0	0
1	1	UID772988	1	1	0	0
1	1	UID772989	1	1	0	0
1	1	UID772990	1	1	0	0
1	1	UID772991	1	1	0	0
1	1	UID772994	1	1	0	0
1	1	UID773005	1	1	0	0
1	1	UID773010	1	1	0	0
1	1	UID773011	1	1	0	0
1	1	UID773045	1	1	0	0
1	1	UID773053	1	1	0	0
1	1	UID773056	1	1	0	0
1	1	UID773058	1	1	0	0
1	1	UID773063	1	1	0	0
1	1	UID773071	1	1	0	0
1	1	UID773072	1	1	0	0
1	1	UID773078	1	1	0	0
1	1	UID773081	1	1	0	0
1	1	UID773089	1	1	0	0
2	2	UID773098	1	2	1	1
1	1	UID773107	1	1	0	0
1	1	UID773110	1	1	0	0
1	1	UID773113	1	1	0	0
1	1	UID773119	1	1	0	0
1	1	UID773122	1	1	0	0
1	1	UID773124	1	1	0	0
1	1	UID773141	1	1	0	0
2	2	UID773181	1	2	1	1
1	1	UID773206	1	1	0	0
1	1	UID773216	1	1	0	0
2	2	UID773222	1	2	1	1
2	2	UID773230	1	2	1	1
1	1	UID773250	1	1	0	0
1	1	UID773271	1	1	0	0
1	1	UID773284	1	1	0	0
1	1	UID773296	1	1	0	0
1	1	UID773298	1	1	0	0
1	1	UID773321	1	1	0	0
1	1	UID773344	1	1	0	0
1	1	UID773346	1	1	0	0
1	1	UID773354	1	1	0	0
1	1	UID773372	1	1	0	0
1	1	UID773383	1	1	0	0
1	1	UID773386	1	1	0	0
1	1	UID773394	1	1	0	0
1	1	UID773404	1	1	0	0
1	1	UID773421	1	1	0	0
1	1	UID773422	1	1	0	0
1	1	UID773427	1	1	0	0
1	1	UID773429	1	1	0	0
1	1	UID773448	1	1	0	0
1	1	UID773460	1	1	0	0
1	1	UID773507	1	1	0	0
1	1	UID773508	1	1	0	0
1	1	UID773526	1	1	0	0
1	1	UID773594	1	1	0	0
1	1	UID773599	1	1	0	0
1	1	UID773630	1	1	0	0
1	1	UID773664	1	1	0	0
1	1	UID773669	1	1	0	0
1	1	UID773677	1	1	0	0
1	1	UID773712	1	1	0	0
1	1	UID773718	1	1	0	0
1	1	UID773721	1	1	0	0
1	1	UID773761	1	1	0	0
1	1	UID773803	1	1	0	0
1	1	UID773832	1	1	0	0
1	1	UID773838	1	1	0	0
1	1	UID773865	1	1	0	0
1	1	UID773884	1	1	0	0
1	1	UID773887	1	1	0	0
1	1	UID773902	1	1	0	0
1	1	UID773907	1	1	0	0
1	1	UID773916	1	1	0	0
1	1	UID773930	1	1	0	0
1	1	UID773947	1	1	0	0
1	1	UID773952	1	1	0	0
1	1	UID773997	1	1	0	0
1	1	UID773999	1	1	0	0
1	1	UID774001	1	1	0	0
1	1	UID774006	1	1	0	0
1	1	UID774016	1	1	0	0
1	1	UID774034	1	1	0	0
1	1	UID774045	1	1	0	0
1	1	UID774047	1	1	0	0
1	1	UID774059	1	1	0	0
1	1	UID774068	1	1	0	0
1	1	UID774071	1	1	0	0
1	1	UID774095	1	1	0	0
1	1	UID774096	1	1	0	0
1	1	UID774112	1	1	0	0
1	1	UID774123	1	1	0	0
1	1	UID774140	1	1	0	0
1	1	UID774147	1	1	0	0
1	1	UID774155	1	1	0	0
1	1	UID774167	1	1	0	0
3	3	UID774168	1	3	1	1
1	1	UID774175	1	1	0	0
1	1	UID774197	1	1	0	0
1	1	UID774199	1	1	0	0
1	1	UID774208	1	1	0	0
1	1	UID774241	1	1	0	0
1	1	UID774254	1	1	0	0
1	1	UID774267	1	1	0	0
1	1	UID774274	1	1	0	0
1	1	UID774282	1	1	0	0
1	1	UID774283	1	1	0	0
1	1	UID774285	1	1	0	0
1	1	UID774296	1	1	0	0
1	1	UID774298	1	1	0	0
1	1	UID774306	1	1	0	0
1	1	UID774307	1	1	0	0
1	1	UID774315	1	1	0	0
1	1	UID774316	1	1	0	0
1	1	UID774317	1	1	0	0
1	1	UID774324	1	1	0	0
1	1	UID774325	1	1	0	0
1	1	UID774326	1	1	0	0
1	1	UID774334	1	1	0	0
1	1	UID774375	1	1	0	0
1	1	UID774377	1	1	0	0
1	1	UID774383	1	1	0	0
1	1	UID774388	1	1	0	0
1	1	UID774408	1	1	0	0
1	1	UID774414	1	1	0	0
1	1	UID774422	1	1	0	0
1	1	UID774437	1	1	0	0
1	1	UID774457	1	1	0	0
1	1	UID774460	1	1	0	0
1	1	UID774479	1	1	0	0
1	1	UID774496	1	1	0	0
1	1	UID774500	1	1	0	0
1	1	UID774501	1	1	0	0
1	1	UID774502	1	1	0	0
1	1	UID774503	1	1	0	0
1	1	UID774516	1	1	0	0
1	1	UID774545	1	1	0	0
1	1	UID774637	1	1	0	0
1	1	UID774721	1	1	0	0
1	1	UID774726	1	1	0	0
1	1	UID774739	1	1	0	0
1	1	UID774741	1	1	0	0
1	1	UID774753	1	1	0	0
1	1	UID774814	1	1	0	0
1	1	UID774818	1	1	0	0
1	1	UID774827	1	1	0	0
1	1	UID774828	1	1	0	0
1	1	UID774829	1	1	0	0
1	1	UID774830	1	1	0	0
1	1	UID774832	1	1	0	0
1	1	UID774835	1	1	0	0
1	1	UID774839	1	1	0	0
1	1	UID774840	1	1	0	0
1	1	UID774841	1	1	0	0
1	1	UID774857	1	1	0	0
1	1	UID774862	1	1	0	0
1	1	UID774881	1	1	0	0
1	1	UID774891	1	1	0	0
1	1	UID774893	1	1	0	0
1	1	UID774898	1	1	0	0
1	1	UID774899	1	1	0	0
1	1	UID774926	1	1	0	0
1	1	UID774927	1	1	0	0
1	1	UID774928	1	1	0	0
1	1	UID774944	1	1	0	0
1	1	UID774946	1	1	0	0
1	1	UID774947	1	1	0	0
1	1	UID774980	1	1	0	0
1	1	UID774981	1	1	0	0
1	1	UID774988	1	1	0	0
1	1	UID774990	1	1	0	0
1	1	UID774991	1	1	0	0
1	1	UID774992	1	1	0	0
1	1	UID775000	1	1	0	0
1	1	UID775008	1	1	0	0
1	1	UID775020	1	1	0	0
1	1	UID775024	1	1	0	0
1	1	UID775027	1	1	0	0
1	1	UID775059	1	1	0	0
1	1	UID775076	1	1	0	0
1	1	UID775086	1	1	0	0
1	1	UID775092	1	1	0	0
1	1	UID775097	1	1	0	0
1	1	UID775098	1	1	0	0
1	1	UID775099	1	1	0	0
1	1	UID775104	1	1	0	0
1	1	UID775106	1	1	0	0
1	1	UID775121	1	1	0	0
1	1	UID775124	1	1	0	0
1	1	UID775132	1	1	0	0
1	1	UID775134	1	1	0	0
1	1	UID775164	1	1	0	0
1	1	UID775178	1	1	0	0
1	1	UID775198	1	1	0	0
1	1	UID775202	1	1	0	0
1	1	UID775215	1	1	0	0
1	1	UID775223	1	1	0	0
1	1	UID775235	1	1	0	0
1	1	UID775238	1	1	0	0
1	1	UID775239	1	1	0	0
1	1	UID775241	1	1	0	0
1	1	UID775248	1	1	0	0
1	1	UID775255	1	1	0	0
1	1	UID775263	1	1	0	0
1	1	UID775264	1	1	0	0
1	1	UID775287	1	1	0	0
1	1	UID775289	1	1	0	0
1	1	UID775290	1	1	0	0
1	1	UID775295	1	1	0	0
1	1	UID775299	1	1	0	0
1	1	UID775310	1	1	0	0
1	1	UID775318	1	1	0	0
1	1	UID775326	1	1	0	0
1	1	UID775335	1	1	0	0
1	1	UID775348	1	1	0	0
1	1	UID775361	1	1	0	0
1	1	UID775459	1	1	0	0
1	1	UID775460	1	1	0	0
2	2	UID775465	1	2	1	1
1	1	UID775482	1	1	0	0
1	1	UID775487	1	1	0	0
1	1	UID775500	1	1	0	0
1	1	UID775503	1	1	0	0
1	1	UID775504	1	1	0	0
1	1	UID775505	1	1	0	0
1	1	UID775506	1	1	0	0
1	1	UID775508	1	1	0	0
1	1	UID775511	1	1	0	0
1	1	UID775517	1	1	0	0
1	1	UID775523	1	1	0	0
1	1	UID775528	1	1	0	0
1	1	UID775555	1	1	0	0
1	1	UID775556	1	1	0	0
1	1	UID775570	1	1	0	0
1	1	UID775571	1	1	0	0
1	1	UID775576	1	1	0	0
1	1	UID775577	1	1	0	0
1	1	UID775578	1	1	0	0
1	1	UID775652	1	1	0	0
1	1	UID775671	1	1	0	0
1	1	UID775684	1	1	0	0
1	1	UID775691	1	1	0	0
1	1	UID775705	1	1	0	0
1	1	UID775716	1	1	0	0
1	1	UID775723	1	1	0	0
1	1	UID775724	1	1	0	0
1	1	UID775725	1	1	0	0
1	1	UID775727	1	1	0	0
1	1	UID775729	1	1	0	0
1	1	UID775731	1	1	0	0
1	1	UID775740	1	1	0	0
1	1	UID775748	1	1	0	0
1	1	UID775749	1	1	0	0
1	1	UID775752	1	1	0	0
1	1	UID775755	1	1	0	0
1	1	UID775758	1	1	0	0
1	1	UID775759	1	1	0	0
1	1	UID775760	1	1	0	0
1	1	UID775762	1	1	0	0
1	1	UID775765	1	1	0	0
1	1	UID775774	1	1	0	0
1	1	UID775783	1	1	0	0
1	1	UID775789	1	1	0	0
1	1	UID775792	1	1	0	0
1	1	UID775804	1	1	0	0
1	1	UID775805	1	1	0	0
1	1	UID775818	1	1	0	0
1	1	UID775822	1	1	0	0
1	1	UID775825	1	1	0	0
1	1	UID775826	1	1	0	0
1	1	UID775837	1	1	0	0
1	1	UID775842	1	1	0	0
1	1	UID775843	1	1	0	0
1	1	UID775845	1	1	0	0
1	1	UID775846	1	1	0	0
1	1	UID775847	1	1	0	0
1	1	UID775850	1	1	0	0
1	1	UID775851	1	1	0	0
1	1	UID775852	1	1	0	0
1	1	UID775854	1	1	0	0
1	1	UID775855	1	1	0	0
1	1	UID775856	1	1	0	0
1	1	UID775861	1	1	0	0
1	1	UID775862	1	1	0	0
1	1	UID775864	1	1	0	0
1	1	UID775867	1	1	0	0
1	1	UID775870	1	1	0	0
1	1	UID775872	1	1	0	0
1	1	UID775876	1	1	0	0
1	1	UID775887	1	1	0	0
1	1	UID775901	1	1	0	0
1	1	UID775923	1	1	0	0
1	1	UID775924	1	1	0	0
1	1	UID775930	1	1	0	0
1	1	UID775959	1	1	0	0
1	1	UID775961	1	1	0	0
1	1	UID775962	1	1	0	0
1	1	UID775964	1	1	0	0
1	1	UID775965	1	1	0	0
1	1	UID775966	1	1	0	0
1	1	UID775975	1	1	0	0
1	1	UID775977	1	1	0	0
1	1	UID775982	1	1	0	0
1	1	UID775986	1	1	0	0
1	1	UID775991	1	1	0	0
1	1	UID775995	1	1	0	0
1	1	UID775998	1	1	0	0
1	1	UID776000	1	1	0	0
1	1	UID776001	1	1	0	0
1	1	UID776004	1	1	0	0
1	1	UID776006	1	1	0	0
1	1	UID776007	1	1	0	0
1	1	UID776039	1	1	0	0
1	1	UID776045	1	1	0	0
1	1	UID776048	1	1	0	0
1	1	UID776049	1	1	0	0
1	1	UID776062	1	1	0	0
1	1	UID776066	1	1	0	0
1	1	UID776072	1	1	0	0
2	2	UID776082	1	2	1	1
1	1	UID776092	1	1	0	0
1	1	UID776102	1	1	0	0
1	1	UID776108	1	1	0	0
1	1	UID776110	1	1	0	0
1	1	UID776120	1	1	0	0
1	1	UID776126	1	1	0	0
1	1	UID776187	1	1	0	0
1	1	UID776188	1	1	0	0
1	1	UID776191	1	1	0	0
1	1	UID776209	1	1	0	0
1	1	UID776238	1	1	0	0
1	1	UID776252	1	1	0	0
1	1	UID776302	1	1	0	0
1	1	UID776323	1	1	0	0
1	1	UID776325	1	1	0	0
1	1	UID776342	1	1	0	0
1	1	UID776354	1	1	0	0
1	1	UID776364	1	1	0	0
1	1	UID776366	1	1	0	0
1	1	UID776379	1	1	0	0
1	1	UID776409	1	1	0	0
1	1	UID776412	1	1	0	0
1	1	UID776444	1	1	0	0
1	1	UID776461	1	1	0	0
1	1	UID776467	1	1	0	0
1	1	UID776475	1	1	0	0
1	1	UID776476	1	1	0	0
1	1	UID776479	1	1	0	0
1	1	UID776485	1	1	0	0
1	1	UID776486	1	1	0	0
1	1	UID776492	1	1	0	0
1	1	UID776536	1	1	0	0
1	1	UID776600	1	1	0	0
1	1	UID776606	1	1	0	0
1	1	UID776608	1	1	0	0
1	1	UID776609	1	1	0	0
1	1	UID776612	1	1	0	0
1	1	UID776619	1	1	0	0
1	1	UID776634	1	1	0	0
1	1	UID776661	1	1	0	0
1	1	UID776695	1	1	0	0
1	1	UID776721	1	1	0	0
1	1	UID776722	1	1	0	0
1	1	UID776723	1	1	0	0
1	1	UID776724	1	1	0	0
1	1	UID776729	1	1	0	0
1	1	UID776731	1	1	0	0
2	2	UID776747	1	2	1	1
1	1	UID776751	1	1	0	0
1	1	UID776754	1	1	0	0
1	1	UID776779	1	1	0	0
1	1	UID776799	1	1	0	0
1	1	UID776826	1	1	0	0
1	1	UID776829	1	1	0	0
1	1	UID776849	1	1	0	0
1	1	UID776850	1	1	0	0
1	1	UID776858	1	1	0	0
1	1	UID776859	1	1	0	0
1	1	UID776891	1	1	0	0
1	1	UID776901	1	1	0	0
1	1	UID776918	1	1	0	0
1	1	UID776930	1	1	0	0
1	1	UID776960	1	1	0	0
1	1	UID776965	1	1	0	0
1	1	UID776970	1	1	0	0
1	1	UID776971	1	1	0	0
1	1	UID776981	1	1	0	0
1	1	UID776984	1	1	0	0
1	1	UID776985	1	1	0	0
1	1	UID776989	1	1	0	0
1	1	UID777004	1	1	0	0
1	1	UID777005	1	1	0	0
1	1	UID777037	1	1	0	0
1	1	UID777051	1	1	0	0
1	1	UID777060	1	1	0	0
1	1	UID777068	1	1	0	0
2	2	UID777078	1	2	1	1
1	1	UID777097	1	1	0	0
1	1	UID777101	1	1	0	0
1	1	UID777120	1	1	0	0
1	1	UID777153	1	1	0	0
1	1	UID777154	1	1	0	0
1	1	UID777166	1	1	0	0
1	1	UID777174	1	1	0	0
1	1	UID777183	1	1	0	0
1	1	UID777211	1	1	0	0
1	1	UID777223	1	1	0	0
1	1	UID777230	1	1	0	0
1	1	UID777231	1	1	0	0
1	1	UID777236	1	1	0	0
1	1	UID777263	1	1	0	0
1	1	UID777269	1	1	0	0
1	1	UID777273	1	1	0	0
1	1	UID777282	1	1	0	0
1	1	UID777298	1	1	0	0
1	1	UID777300	1	1	0	0
1	1	UID777301	1	1	0	0
1	1	UID777303	1	1	0	0
2	2	UID777304	1	2	1	1
1	1	UID777306	1	1	0	0
1	1	UID777310	1	1	0	0
1	1	UID777311	1	1	0	0
1	1	UID777312	1	1	0	0
1	1	UID777313	1	1	0	0
1	1	UID777319	1	1	0	0
1	1	UID777333	1	1	0	0
1	1	UID777336	1	1	0	0
1	1	UID777337	1	1	0	0
1	1	UID777368	1	1	0	0
1	1	UID777378	1	1	0	0
1	1	UID777404	1	1	0	0
1	1	UID777413	1	1	0	0
1	1	UID777421	1	1	0	0
1	1	UID777440	1	1	0	0
1	1	UID777452	1	1	0	0
1	1	UID777459	1	1	0	0
1	1	UID777462	1	1	0	0
1	1	UID777477	1	1	0	0
1	1	UID777483	1	1	0	0
1	1	UID777508	1	1	0	0
1	1	UID777509	1	1	0	0
1	1	UID777526	1	1	0	0
1	1	UID777527	1	1	0	0
1	1	UID777545	1	1	0	0
1	1	UID777548	1	1	0	0
1	1	UID777571	1	1	0	0
1	1	UID777587	1	1	0	0
1	1	UID777591	1	1	0	0
1	1	UID777596	1	1	0	0
1	1	UID777601	1	1	0	0
1	1	UID777610	1	1	0	0
1	1	UID777619	1	1	0	0
1	1	UID777636	1	1	0	0
1	1	UID777637	1	1	0	0
1	1	UID777640	1	1	0	0
1	1	UID777653	1	1	0	0
1	1	UID777664	1	1	0	0
1	1	UID777667	1	1	0	0
1	1	UID777689	1	1	0	0
2	2	UID777692	1	2	1	1
1	1	UID777731	1	1	0	0
1	1	UID777734	1	1	0	0
1	1	UID777735	1	1	0	0
1	1	UID777752	1	1	0	0
1	1	UID777754	1	1	0	0
1	1	UID777760	1	1	0	0
1	1	UID777766	1	1	0	0
1	1	UID777779	1	1	0	0
1	1	UID777782	1	1	0	0
1	1	UID777786	1	1	0	0
1	1	UID777788	1	1	0	0
1	1	UID777833	1	1	0	0
1	1	UID777855	1	1	0	0
1	1	UID777857	1	1	0	0
1	1	UID777869	1	1	0	0
1	1	UID777881	1	1	0	0
1	1	UID777892	1	1	0	0
1	1	UID777907	1	1	0	0
1	1	UID777964	1	1	0	0
1	1	UID777981	1	1	0	0
1	1	UID777993	1	1	0	0
1	1	UID777997	1	1	0	0
1	1	UID778031	1	1	0	0
1	1	UID778035	1	1	0	0
1	1	UID778040	1	1	0	0
1	1	UID778041	1	1	0	0
1	1	UID778053	1	1	0	0
1	1	UID778073	1	1	0	0
1	1	UID778085	1	1	0	0
1	1	UID778087	1	1	0	0
1	1	UID778089	1	1	0	0
1	1	UID778097	1	1	0	0
1	1	UID778098	1	1	0	0
1	1	UID778112	1	1	0	0
1	1	UID778125	1	1	0	0
1	1	UID778135	1	1	0	0
1	1	UID778136	1	1	0	0
1	1	UID778173	1	1	0	0
1	1	UID778220	1	1	0	0
1	1	UID778229	1	1	0	0
1	1	UID778236	1	1	0	0
1	1	UID778239	1	1	0	0
1	1	UID778250	1	1	0	0
1	1	UID778256	1	1	0	0
1	1	UID778258	1	1	0	0
1	1	UID778286	1	1	0	0
1	1	UID778342	1	1	0	0
1	1	UID778354	1	1	0	0
1	1	UID778356	1	1	0	0
1	1	UID778377	1	1	0	0
1	1	UID778388	1	1	0	0
1	1	UID778393	1	1	0	0
1	1	UID778423	1	1	0	0
1	1	UID778439	1	1	0	0
1	1	UID778467	1	1	0	0
1	1	UID778474	1	1	0	0
1	1	UID778475	1	1	0	0
1	1	UID778483	1	1	0	0
1	1	UID778493	1	1	0	0
1	1	UID778496	1	1	0	0
1	1	UID778522	1	1	0	0
1	1	UID778545	1	1	0	0
1	1	UID778556	1	1	0	0
1	1	UID778562	1	1	0	0
1	1	UID778573	1	1	0	0
1	1	UID778579	1	1	0	0
1	1	UID778580	1	1	0	0
1	1	UID778608	1	1	0	0
1	1	UID778637	1	1	0	0
1	1	UID778644	1	1	0	0
1	1	UID778668	1	1	0	0
1	1	UID778709	1	1	0	0
4	4	UID778754	1	4	3	3
1	1	UID778829	1	1	0	0
1	1	UID778833	1	1	0	0
1	1	UID778899	1	1	0	0
1	1	UID778900	1	1	0	0
1	1	UID778901	1	1	0	0
1	1	UID778902	1	1	0	0
1	1	UID778926	1	1	0	0
1	1	UID778956	1	1	0	0
1	1	UID778957	1	1	0	0
1	1	UID778975	1	1	0	0
1	1	UID778983	1	1	0	0
1	1	UID778993	1	1	0	0
1	1	UID779004	1	1	0	0
1	1	UID779007	1	1	0	0
1	1	UID779009	1	1	0	0
1	1	UID779018	1	1	0	0
1	1	UID779023	1	1	0	0
1	1	UID779030	1	1	0	0
1	1	UID779031	1	1	0	0
1	1	UID779040	1	1	0	0
1	1	UID779041	1	1	0	0
1	1	UID779046	1	1	0	0
1	1	UID779054	1	1	0	0
1	1	UID779056	1	1	0	0
1	1	UID779057	1	1	0	0
1	1	UID779058	1	1	0	0
1	1	UID779059	1	1	0	0
1	1	UID779066	1	1	0	0
1	1	UID779083	1	1	0	0
1	1	UID779086	1	1	0	0
1	1	UID779087	1	1	0	0
1	1	UID779105	1	1	0	0
1	1	UID779107	1	1	0	0
1	1	UID779108	1	1	0	0
1	1	UID779112	1	1	0	0
1	1	UID779135	1	1	0	0
1	1	UID779155	1	1	0	0
1	1	UID779167	1	1	0	0
1	1	UID779178	1	1	0	0
1	1	UID779179	1	1	0	0
1	1	UID779180	1	1	0	0
1	1	UID779205	1	1	0	0
1	1	UID779207	1	1	0	0
1	1	UID779223	1	1	0	0
1	1	UID779249	1	1	0	0
1	1	UID779255	1	1	0	0
1	1	UID779266	1	1	0	0
1	1	UID779282	1	1	0	0
1	1	UID779298	1	1	0	0
1	1	UID779315	1	1	0	0
1	1	UID779371	1	1	0	0
1	1	UID779372	1	1	0	0
1	1	UID779684	1	1	0	0
1	1	UID779707	1	1	0	0
1	1	UID779729	1	1	0	0
1	1	UID779731	1	1	0	0
1	1	UID779736	1	1	0	0
1	1	UID779773	1	1	0	0
1	1	UID779778	1	1	0	0
1	1	UID779799	1	1	0	0
1	1	UID779803	1	1	0	0
1	1	UID779810	1	1	0	0
1	1	UID779811	1	1	0	0
1	1	UID779813	1	1	0	0
1	1	UID779827	1	1	0	0
1	1	UID779862	1	1	0	0
1	1	UID779894	1	1	0	0
1	1	UID779895	1	1	0	0
2	2	UID779902	1	2	1	1
1	1	UID779923	1	1	0	0
1	1	UID779925	1	1	0	0
1	1	UID779932	1	1	0	0
2	2	UID779975	1	2	1	1
1	1	UID779977	1	1	0	0
1	1	UID779985	1	1	0	0
1	1	UID780008	1	1	0	0
1	1	UID780015	1	1	0	0
1	1	UID780019	1	1	0	0
1	1	UID780026	1	1	0	0
1	1	UID780107	1	1	0	0
1	1	UID780109	1	1	0	0
1	1	UID780115	1	1	0	0
1	1	UID780116	1	1	0	0
1	1	UID780123	1	1	0	0
1	1	UID780149	1	1	0	0
1	1	UID780155	1	1	0	0
1	1	UID780168	1	1	0	0
1	1	UID780348	1	1	0	0
1	1	UID780350	1	1	0	0
1	1	UID780364	1	1	0	0
1	1	UID780389	1	1	0	0
1	1	UID780407	1	1	0	0
1	1	UID780408	1	1	0	0
1	1	UID780409	1	1	0	0
1	1	UID780411	1	1	0	0
1	1	UID780415	1	1	0	0
1	1	UID780419	1	1	0	0
1	1	UID780447	1	1	0	0
1	1	UID780452	1	1	0	0
1	1	UID780460	1	1	0	0
1	1	UID780474	1	1	0	0
1	1	UID780495	1	1	0	0
1	1	UID780521	1	1	0	0
1	1	UID780522	1	1	0	0
1	1	UID780527	1	1	0	0
1	1	UID780535	1	1	0	0
1	1	UID780541	1	1	0	0
1	1	UID780543	1	1	0	0
2	2	UID780547	1	2	1	1
1	1	UID780549	1	1	0	0
1	1	UID780555	1	1	0	0
1	1	UID780556	1	1	0	0
1	1	UID780567	1	1	0	0
1	1	UID780568	1	1	0	0
1	1	UID780571	1	1	0	0
1	1	UID780577	1	1	0	0
1	1	UID780597	1	1	0	0
1	1	UID780629	1	1	0	0
1	1	UID780635	1	1	0	0
1	1	UID780637	1	1	0	0
1	1	UID780646	1	1	0	0
1	1	UID780658	1	1	0	0
2	2	UID780665	1	2	1	1
1	1	UID780683	1	1	0	0
1	1	UID780687	1	1	0	0
1	1	UID780693	1	1	0	0
1	1	UID780708	1	1	0	0
1	1	UID780716	1	1	0	0
1	1	UID780759	1	1	0	0
1	1	UID780820	1	1	0	0
1	1	UID780938	1	1	0	0
1	1	UID780986	1	1	0	0
1	1	UID780987	1	1	0	0
1	1	UID780989	1	1	0	0
1	1	UID780990	1	1	0	0
1	1	UID781004	1	1	0	0
1	1	UID781028	1	1	0	0
1	1	UID781030	1	1	0	0
1	1	UID781032	1	1	0	0
1	1	UID781049	1	1	0	0
1	1	UID781051	1	1	0	0
1	1	UID781057	1	1	0	0
1	1	UID781074	1	1	0	0
1	1	UID781083	1	1	0	0
1	1	UID781084	1	1	0	0
1	1	UID781095	1	1	0	0
1	1	UID781112	1	1	0	0
1	1	UID781124	1	1	0	0
1	1	UID781127	1	1	0	0
1	1	UID781156	1	1	0	0
1	1	UID781176	1	1	0	0
1	1	UID781179	1	1	0	0
1	1	UID781185	1	1	0	0
1	1	UID781186	1	1	0	0
1	1	UID781187	1	1	0	0
1	1	UID781189	1	1	0	0
1	1	UID781199	1	1	0	0
1	1	UID781211	1	1	0	0
1	1	UID781241	1	1	0	0
1	1	UID781245	1	1	0	0
1	1	UID781251	1	1	0	0
1	1	UID781283	1	1	0	0
1	1	UID781297	1	1	0	0
1	1	UID781298	1	1	0	0
1	1	UID781317	1	1	0	0
1	1	UID781326	1	1	0	0
1	1	UID781332	1	1	0	0
1	1	UID781365	1	1	0	0
1	1	UID781408	1	1	0	0
1	1	UID781413	1	1	0	0
1	1	UID781416	1	1	0	0
1	1	UID781417	1	1	0	0
1	1	UID781421	1	1	0	0
1	1	UID781424	1	1	0	0
1	1	UID781447	1	1	0	0
1	1	UID781453	1	1	0	0
1	1	UID781484	1	1	0	0
1	1	UID781488	1	1	0	0
2	2	UID781495	1	2	1	1
1	1	UID781503	1	1	0	0
1	1	UID781504	1	1	0	0
1	1	UID781505	1	1	0	0
1	1	UID781512	1	1	0	0
1	1	UID781530	1	1	0	0
1	1	UID781532	1	1	0	0
1	1	UID781566	1	1	0	0
1	1	UID781608	1	1	0	0
1	1	UID781620	1	1	0	0
1	1	UID781624	1	1	0	0
1	1	UID781697	1	1	0	0
1	1	UID781706	1	1	0	0
1	1	UID781730	1	1	0	0
1	1	UID781753	1	1	0	0
1	1	UID781754	1	1	0	0
1	1	UID781757	1	1	0	0
1	1	UID781803	1	1	0	0
1	1	UID782098	1	1	0	0
1	1	UID782106	1	1	0	0
1	1	UID782125	1	1	0	0
1	1	UID782151	1	1	0	0
1	1	UID782178	1	1	0	0
1	1	UID782216	1	1	0	0
1	1	UID782219	1	1	0	0
1	1	UID782249	1	1	0	0
1	1	UID782255	1	1	0	0
1	1	UID782256	1	1	0	0
1	1	UID782275	1	1	0	0
1	1	UID782284	1	1	0	0
1	1	UID782293	1	1	0	0
1	1	UID782305	1	1	0	0
1	1	UID782317	1	1	0	0
1	1	UID782327	1	1	0	0
1	1	UID782336	1	1	0	0
1	1	UID782345	1	1	0	0
1	1	UID782367	1	1	0	0
1	1	UID782370	1	1	0	0
1	1	UID782410	1	1	0	0
1	1	UID782423	1	1	0	0
1	1	UID782430	1	1	0	0
1	1	UID782443	1	1	0	0
1	1	UID782454	1	1	0	0
1	1	UID782476	1	1	0	0
1	1	UID782477	1	1	0	0
1	1	UID782491	1	1	0	0
1	1	UID782503	1	1	0	0
1	1	UID782526	1	1	0	0
1	1	UID782528	1	1	0	0
1	1	UID782537	1	1	0	0
1	1	UID782540	1	1	0	0
1	1	UID782547	1	1	0	0
1	1	UID782553	1	1	0	0
1	1	UID782556	1	1	0	0
1	1	UID782560	1	1	0	0
1	1	UID782581	1	1	0	0
1	1	UID782604	1	1	0	0
1	1	UID782606	1	1	0	0
1	1	UID782665	1	1	0	0
1	1	UID782666	1	1	0	0
2	2	UID782671	1	2	1	1
1	1	UID782704	1	1	0	0
1	1	UID782708	1	1	0	0
1	1	UID782709	1	1	0	0
1	1	UID782711	1	1	0	0
1	1	UID782770	1	1	0	0
1	1	UID782771	1	1	0	0
1	1	UID782778	1	1	0	0
1	1	UID782779	1	1	0	0
1	1	UID782785	1	1	0	0
1	1	UID782825	1	1	0	0
1	1	UID782832	1	1	0	0
1	1	UID782928	1	1	0	0
1	1	UID782949	1	1	0	0
1	1	UID782986	1	1	0	0
1	1	UID782988	1	1	0	0
1	1	UID782989	1	1	0	0
1	1	UID782994	1	1	0	0
2	2	UID783005	1	2	1	1
1	1	UID783009	1	1	0	0
1	1	UID783013	1	1	0	0
1	1	UID783025	1	1	0	0
1	1	UID783029	1	1	0	0
1	1	UID783030	1	1	0	0
1	1	UID783033	1	1	0	0
1	1	UID783075	1	1	0	0
1	1	UID783079	1	1	0	0
1	1	UID783093	1	1	0	0
1	1	UID783104	1	1	0	0
1	1	UID783125	1	1	0	0
1	1	UID783132	1	1	0	0
1	1	UID783141	1	1	0	0
1	1	UID783144	1	1	0	0
1	1	UID783145	1	1	0	0
1	1	UID783178	1	1	0	0
1	1	UID783191	1	1	0	0
1	1	UID783192	1	1	0	0
1	1	UID783209	1	1	0	0
1	1	UID783214	1	1	0	0
1	1	UID783215	1	1	0	0
1	1	UID783222	1	1	0	0
1	1	UID783235	1	1	0	0
1	1	UID783282	1	1	0	0
1	1	UID783310	1	1	0	0
1	1	UID783312	1	1	0	0
1	1	UID783346	1	1	0	0
1	1	UID783360	1	1	0	0
1	1	UID783361	1	1	0	0
1	1	UID783362	1	1	0	0
1	1	UID783363	1	1	0	0
1	1	UID783373	1	1	0	0
1	1	UID783388	1	1	0	0
1	1	UID783401	1	1	0	0
1	1	UID783422	1	1	0	0
1	1	UID783439	1	1	0	0
1	1	UID783440	1	1	0	0
1	1	UID783451	1	1	0	0
1	1	UID783504	1	1	0	0
1	1	UID783508	1	1	0	0
1	1	UID783512	1	1	0	0
1	1	UID783513	1	1	0	0
1	1	UID783516	1	1	0	0
1	1	UID783536	1	1	0	0
1	1	UID783550	1	1	0	0
1	1	UID783555	1	1	0	0
1	1	UID783563	1	1	0	0
1	1	UID783712	1	1	0	0
1	1	UID783748	1	1	0	0
1	1	UID783751	1	1	0	0
1	1	UID783753	1	1	0	0
1	1	UID783759	1	1	0	0
1	1	UID783765	1	1	0	0
1	1	UID783766	1	1	0	0
1	1	UID783782	1	1	0	0
1	1	UID783784	1	1	0	0
1	1	UID783785	1	1	0	0
1	1	UID783788	1	1	0	0
1	1	UID783798	1	1	0	0
1	1	UID783801	1	1	0	0
1	1	UID783803	1	1	0	0
1	1	UID783805	1	1	0	0
1	1	UID783806	1	1	0	0
1	1	UID783807	1	1	0	0
1	1	UID783811	1	1	0	0
1	1	UID783814	1	1	0	0
1	1	UID783817	1	1	0	0
2	2	UID783865	1	2	1	1
1	1	UID783866	1	1	0	0
1	1	UID783867	1	1	0	0
7	7	UID783868	1	7	3	3
2	2	UID783872	1	2	1	1
1	1	UID783874	1	1	0	0
1	1	UID783876	1	1	0	0
1	1	UID783877	1	1	0	0
1	1	UID783902	1	1	0	0
1	1	UID783904	1	1	0	0
1	1	UID783907	1	1	0	0
1	1	UID783908	1	1	0	0
1	1	UID783934	1	1	0	0
4	4	UID783992	1	4	2	2
1	1	UID783996	1	1	0	0
1	1	UID783997	1	1	0	0
1	1	UID784002	1	1	0	0
1	1	UID784003	1	1	0	0
1	1	UID784008	1	1	0	0
1	1	UID784027	1	1	0	0
1	1	UID784031	1	1	0	0
1	1	UID784037	1	1	0	0
1	1	UID784043	1	1	0	0
1	1	UID784044	1	1	0	0
1	1	UID784046	1	1	0	0
1	1	UID784067	1	1	0	0
1	1	UID784128	1	1	0	0
1	1	UID784133	1	1	0	0
5	5	UID784134	1	5	2	2
1	1	UID784137	1	1	0	0
1	1	UID784138	1	1	0	0
1	1	UID784139	1	1	0	0
1	1	UID784146	1	1	0	0
1	1	UID784168	1	1	0	0
2	2	UID784173	1	2	1	1
1	1	UID784186	1	1	0	0
1	1	UID784192	1	1	0	0
1	1	UID784198	1	1	0	0
1	1	UID784201	1	1	0	0
1	1	UID784202	1	1	0	0
1	1	UID784211	1	1	0	0
2	2	UID784220	1	2	1	1
1	1	UID784223	1	1	0	0
1	1	UID784230	1	1	0	0
1	1	UID784240	1	1	0	0
1	1	UID784241	1	1	0	0
1	1	UID784248	1	1	0	0
1	1	UID784253	1	1	0	0
1	1	UID784271	1	1	0	0
1	1	UID784281	1	1	0	0
1	1	UID784285	1	1	0	0
1	1	UID784292	1	1	0	0
1	1	UID784296	1	1	0	0
1	1	UID784302	1	1	0	0
1	1	UID784307	1	1	0	0
1	1	UID784314	1	1	0	0
2	2	UID784325	1	2	1	1
1	1	UID784348	1	1	0	0
1	1	UID784350	1	1	0	0
1	1	UID784351	1	1	0	0
1	1	UID784354	1	1	0	0
1	1	UID784364	1	1	0	0
1	1	UID784365	1	1	0	0
1	1	UID784380	1	1	0	0
1	1	UID784388	1	1	0	0
1	1	UID784420	1	1	0	0
1	1	UID784422	1	1	0	0
1	1	UID784426	1	1	0	0
1	1	UID784429	1	1	0	0
1	1	UID784441	1	1	0	0
1	1	UID784444	1	1	0	0
1	1	UID784445	1	1	0	0
1	1	UID784449	1	1	0	0
1	1	UID784457	1	1	0	0
1	1	UID784473	1	1	0	0
1	1	UID784481	1	1	0	0
1	1	UID784485	1	1	0	0
1	1	UID784488	1	1	0	0
1	1	UID784504	1	1	0	0
1	1	UID784514	1	1	0	0
1	1	UID784515	1	1	0	0
1	1	UID784523	1	1	0	0
1	1	UID784547	1	1	0	0
1	1	UID784549	1	1	0	0
1	1	UID784552	1	1	0	0
1	1	UID784567	1	1	0	0
1	1	UID784584	1	1	0	0
1	1	UID784592	1	1	0	0
1	1	UID784596	1	1	0	0
1	1	UID784597	1	1	0	0
1	1	UID784605	1	1	0	0
1	1	UID784609	1	1	0	0
1	1	UID784614	1	1	0	0
1	1	UID784620	1	1	0	0
1	1	UID784652	1	1	0	0
1	1	UID784656	1	1	0	0
1	1	UID784661	1	1	0	0
1	1	UID784670	1	1	0	0
1	1	UID784681	1	1	0	0
2	2	UID784688	1	2	1	1
1	1	UID784690	1	1	0	0
1	1	UID784691	1	1	0	0
1	1	UID784696	1	1	0	0
1	1	UID784720	1	1	0	0
1	1	UID784721	1	1	0	0
1	1	UID784724	1	1	0	0
1	1	UID784725	1	1	0	0
1	1	UID784729	1	1	0	0
1	1	UID784737	1	1	0	0
2	2	UID784773	1	2	1	1
1	1	UID784793	1	1	0	0
1	1	UID784815	1	1	0	0
1	1	UID784831	1	1	0	0
1	1	UID784837	1	1	0	0
1	1	UID784839	1	1	0	0
1	1	UID784843	1	1	0	0
1	1	UID784845	1	1	0	0
1	1	UID784916	1	1	0	0
1	1	UID784920	1	1	0	0
1	1	UID784927	1	1	0	0
1	1	UID784929	1	1	0	0
1	1	UID784956	1	1	0	0
1	1	UID784960	1	1	0	0
1	1	UID784962	1	1	0	0
1	1	UID784963	1	1	0	0
1	1	UID784964	1	1	0	0
1	1	UID784996	1	1	0	0
6	6	UID784998	1	6	2	2
1	1	UID785054	1	1	0	0
1	1	UID785061	1	1	0	0
1	1	UID785063	1	1	0	0
1	1	UID785065	1	1	0	0
1	1	UID785066	1	1	0	0
1	1	UID785067	1	1	0	0
1	1	UID785073	1	1	0	0
1	1	UID785083	1	1	0	0
1	1	UID785087	1	1	0	0
1	1	UID785093	1	1	0	0
1	1	UID785097	1	1	0	0
1	1	UID785100	1	1	0	0
1	1	UID785110	1	1	0	0
1	1	UID785123	1	1	0	0
1	1	UID785125	1	1	0	0
1	1	UID785150	1	1	0	0
1	1	UID785154	1	1	0	0
1	1	UID785158	1	1	0	0
1	1	UID785167	1	1	0	0
1	1	UID785182	1	1	0	0
1	1	UID785200	1	1	0	0
1	1	UID785212	1	1	0	0
1	1	UID785252	1	1	0	0
1	1	UID785254	1	1	0	0
1	1	UID785267	1	1	0	0
1	1	UID785268	1	1	0	0
1	1	UID785269	1	1	0	0
1	1	UID785273	1	1	0	0
1	1	UID785286	1	1	0	0
1	1	UID785288	1	1	0	0
1	1	UID785305	1	1	0	0
1	1	UID785309	1	1	0	0
1	1	UID785312	1	1	0	0
1	1	UID785315	1	1	0	0
1	1	UID785328	1	1	0	0
1	1	UID785340	1	1	0	0
1	1	UID785350	1	1	0	0
1	1	UID785358	1	1	0	0
1	1	UID785373	1	1	0	0
1	1	UID785408	1	1	0	0
1	1	UID785410	1	1	0	0
1	1	UID785439	1	1	0	0
1	1	UID785442	1	1	0	0
1	1	UID785444	1	1	0	0
1	1	UID785446	1	1	0	0
1	1	UID785447	1	1	0	0
1	1	UID785448	1	1	0	0
1	1	UID785463	1	1	0	0
1	1	UID785464	1	1	0	0
4	4	UID785468	1	4	2	2
1	1	UID785469	1	1	0	0
1	1	UID785474	1	1	0	0
1	1	UID785482	1	1	0	0
1	1	UID785489	1	1	0	0
1	1	UID785492	1	1	0	0
1	1	UID785497	1	1	0	0
1	1	UID785502	1	1	0	0
1	1	UID785556	1	1	0	0
1	1	UID785557	1	1	0	0
1	1	UID785571	1	1	0	0
1	1	UID785573	1	1	0	0
1	1	UID785578	1	1	0	0
1	1	UID785584	1	1	0	0
1	1	UID785587	1	1	0	0
1	1	UID785598	1	1	0	0
1	1	UID785612	1	1	0	0
1	1	UID785623	1	1	0	0
1	1	UID785626	1	1	0	0
1	1	UID785631	1	1	0	0
1	1	UID785663	1	1	0	0
1	1	UID785671	1	1	0	0
1	1	UID785672	1	1	0	0
1	1	UID785673	1	1	0	0
1	1	UID785674	1	1	0	0
1	1	UID785702	1	1	0	0
1	1	UID785715	1	1	0	0
1	1	UID785737	1	1	0	0
1	1	UID785748	1	1	0	0
1	1	UID785767	1	1	0	0
1	1	UID785791	1	1	0	0
1	1	UID785795	1	1	0	0
1	1	UID785849	1	1	0	0
1	1	UID785863	1	1	0	0
1	1	UID785864	1	1	0	0
1	1	UID785907	1	1	0	0
1	1	UID785918	1	1	0	0
1	1	UID785925	1	1	0	0
1	1	UID785928	1	1	0	0
1	1	UID785938	1	1	0	0
1	1	UID785945	1	1	0	0
1	1	UID785970	1	1	0	0
1	1	UID785978	1	1	0	0
1	1	UID786005	1	1	0	0
1	1	UID786008	1	1	0	0
1	1	UID786016	1	1	0	0
1	1	UID786035	1	1	0	0
1	1	UID786036	1	1	0	0
1	1	UID786038	1	1	0	0
2	2	UID786093	1	2	1	1
1	1	UID786095	1	1	0	0
1	1	UID786097	1	1	0	0
1	1	UID786151	1	1	0	0
1	1	UID786153	1	1	0	0
1	1	UID786156	1	1	0	0
1	1	UID786168	1	1	0	0
1	1	UID786173	1	1	0	0
1	1	UID786174	1	1	0	0
1	1	UID786305	1	1	0	0
1	1	UID786309	1	1	0	0
1	1	UID786321	1	1	0	0
1	1	UID786328	1	1	0	0
1	1	UID786329	1	1	0	0
2	2	UID786340	1	2	1	1
1	1	UID786347	1	1	0	0
1	1	UID786353	1	1	0	0
1	1	UID786370	1	1	0	0
1	1	UID786374	1	1	0	0
1	1	UID786377	1	1	0	0
1	1	UID786391	1	1	0	0
1	1	UID786405	1	1	0	0
1	1	UID786428	1	1	0	0
1	1	UID786432	1	1	0	0
1	1	UID786436	1	1	0	0
1	1	UID786499	1	1	0	0
1	1	UID786502	1	1	0	0
1	1	UID786883	1	1	0	0
1	1	UID786923	1	1	0	0
1	1	UID786935	1	1	0	0
1	1	UID786944	1	1	0	0
1	1	UID786952	1	1	0	0
2	2	UID786953	1	2	1	1
1	1	UID786980	1	1	0	0
1	1	UID786982	1	1	0	0
1	1	UID787011	1	1	0	0
1	1	UID787018	1	1	0	0
1	1	UID787035	1	1	0	0
1	1	UID787068	1	1	0	0
1	1	UID787084	1	1	0	0
1	1	UID787085	1	1	0	0
1	1	UID787104	1	1	0	0
1	1	UID787115	1	1	0	0
1	1	UID787119	1	1	0	0
1	1	UID787135	1	1	0	0
1	1	UID787137	1	1	0	0
1	1	UID787139	1	1	0	0
1	1	UID787140	1	1	0	0
1	1	UID787143	1	1	0	0
1	1	UID787144	1	1	0	0
1	1	UID787146	1	1	0	0
1	1	UID787147	1	1	0	0
1	1	UID787180	1	1	0	0
1	1	UID787205	1	1	0	0
1	1	UID787209	1	1	0	0
1	1	UID787219	1	1	0	0
1	1	UID787222	1	1	0	0
1	1	UID787228	1	1	0	0
1	1	UID787235	1	1	0	0
1	1	UID787238	1	1	0	0
1	1	UID787253	1	1	0	0
1	1	UID787257	1	1	0	0
8	9	UID787265	1	7	2	2
1	1	UID787267	1	1	0	0
2	2	UID787270	1	2	1	1
1	1	UID787280	1	1	0	0
1	1	UID787289	1	1	0	0
1	1	UID787297	1	1	0	0
1	1	UID787310	1	1	0	0
1	1	UID787330	1	1	0	0
3	3	UID787344	1	3	1	1
1	1	UID787350	1	1	0	0
1	1	UID787420	1	1	0	0
1	1	UID787424	1	1	0	0
1	1	UID787462	1	1	0	0
1	1	UID787469	1	1	0	0
1	1	UID787479	1	1	0	0
1	1	UID787480	1	1	0	0
1	1	UID787494	1	1	0	0
1	1	UID787502	1	1	0	0
1	1	UID787507	1	1	0	0
1	1	UID787520	1	1	0	0
1	1	UID787654	1	1	0	0
1	1	UID787656	1	1	0	0
1	1	UID787658	1	1	0	0
1	1	UID787670	1	1	0	0
1	1	UID787680	1	1	0	0
1	1	UID787686	1	1	0	0
1	1	UID787690	1	1	0	0
1	1	UID787731	1	1	0	0
1	1	UID787735	1	1	0	0
1	1	UID787745	1	1	0	0
1	1	UID787747	1	1	0	0
1	1	UID787748	1	1	0	0
1	1	UID787754	1	1	0	0
1	1	UID787755	1	1	0	0
1	1	UID787775	1	1	0	0
1	1	UID787777	1	1	0	0
1	1	UID787782	1	1	0	0
1	1	UID787785	1	1	0	0
1	1	UID787790	1	1	0	0
1	1	UID787832	1	1	0	0
1	1	UID787841	1	1	0	0
1	1	UID787857	1	1	0	0
1	1	UID787860	1	1	0	0
1	1	UID787867	1	1	0	0
1	1	UID787869	1	1	0	0
1	1	UID787870	1	1	0	0
1	1	UID787877	1	1	0	0
1	1	UID787879	1	1	0	0
1	1	UID787888	1	1	0	0
1	1	UID787889	1	1	0	0
1	1	UID787896	1	1	0	0
1	1	UID787906	1	1	0	0
1	1	UID787908	1	1	0	0
1	1	UID787920	1	1	0	0
1	1	UID787921	1	1	0	0
1	1	UID787922	1	1	0	0
1	1	UID787952	1	1	0	0
1	1	UID787959	1	1	0	0
1	1	UID787966	1	1	0	0
1	1	UID787969	1	1	0	0
1	1	UID787973	1	1	0	0
1	1	UID787990	1	1	0	0
2	2	UID787991	1	2	1	1
1	1	UID787995	1	1	0	0
1	1	UID787997	1	1	0	0
1	1	UID787999	1	1	0	0
1	1	UID788007	1	1	0	0
1	1	UID788020	1	1	0	0
1	1	UID788023	1	1	0	0
1	1	UID788026	1	1	0	0
1	1	UID788035	1	1	0	0
1	1	UID788054	1	1	0	0
1	1	UID788075	1	1	0	0
1	1	UID788086	1	1	0	0
1	1	UID788104	1	1	0	0
1	1	UID788108	1	1	0	0
1	1	UID788126	1	1	0	0
1	1	UID788179	1	1	0	0
1	1	UID788215	1	1	0	0
1	1	UID788216	1	1	0	0
1	1	UID788219	1	1	0	0
1	1	UID788227	1	1	0	0
1	1	UID788228	1	1	0	0
1	1	UID788229	1	1	0	0
1	1	UID788239	1	1	0	0
1	1	UID788243	1	1	0	0
1	1	UID788254	1	1	0	0
1	1	UID788261	1	1	0	0
1	1	UID788269	1	1	0	0
1	1	UID788275	1	1	0	0
1	1	UID788294	1	1	0	0
1	1	UID788295	1	1	0	0
1	1	UID788298	1	1	0	0
1	1	UID788302	1	1	0	0
1	1	UID788325	1	1	0	0
1	1	UID788338	1	1	0	0
1	1	UID788341	1	1	0	0
2	2	UID788357	1	2	1	1
1	1	UID788358	1	1	0	0
1	1	UID788372	1	1	0	0
1	1	UID788507	1	1	0	0
1	1	UID788515	1	1	0	0
1	1	UID788517	1	1	0	0
1	1	UID788519	1	1	0	0
1	1	UID788520	1	1	0	0
1	1	UID788521	1	1	0	0
1	1	UID788522	1	1	0	0
1	1	UID788529	1	1	0	0
1	1	UID788537	1	1	0	0
1	1	UID788546	1	1	0	0
1	1	UID788588	1	1	0	0
1	1	UID788593	1	1	0	0
1	1	UID788597	1	1	0	0
1	1	UID788598	1	1	0	0
1	1	UID788599	1	1	0	0
1	1	UID788601	1	1	0	0
1	1	UID788611	1	1	0	0
1	1	UID788620	1	1	0	0
1	1	UID788623	1	1	0	0
1	1	UID788640	1	1	0	0
1	1	UID788706	1	1	0	0
1	1	UID788707	1	1	0	0
1	1	UID788708	1	1	0	0
1	1	UID788715	1	1	0	0
1	1	UID788718	1	1	0	0
1	1	UID788727	1	1	0	0
1	1	UID788728	1	1	0	0
1	1	UID788743	1	1	0	0
1	1	UID788751	1	1	0	0
1	1	UID788752	1	1	0	0
1	1	UID788753	1	1	0	0
1	1	UID788856	1	1	0	0
1	1	UID788863	1	1	0	0
1	1	UID788876	1	1	0	0
1	1	UID788886	1	1	0	0
2	2	UID788891	1	2	1	1
1	1	UID788892	1	1	0	0
1	1	UID788900	1	1	0	0
1	1	UID788901	1	1	0	0
1	1	UID788902	1	1	0	0
1	1	UID788904	1	1	0	0
1	1	UID788905	1	1	0	0
1	1	UID788907	1	1	0	0
1	1	UID788911	1	1	0	0
1	1	UID788916	1	1	0	0
1	1	UID788924	1	1	0	0
5	6	UID788927	1	4	2	2
1	1	UID788928	1	1	0	0
1	1	UID788938	1	1	0	0
1	1	UID788956	1	1	0	0
1	1	UID788963	1	1	0	0
1	1	UID788972	1	1	0	0
1	1	UID788978	1	1	0	0
1	1	UID788981	1	1	0	0
1	1	UID788983	1	1	0	0
1	1	UID788984	1	1	0	0
1	1	UID788989	1	1	0	0
1	1	UID789005	1	1	0	0
1	1	UID789064	1	1	0	0
1	1	UID789065	1	1	0	0
1	1	UID789083	1	1	0	0
1	1	UID789093	1	1	0	0
1	1	UID789106	1	1	0	0
1	1	UID789117	1	1	0	0
1	1	UID789121	1	1	0	0
1	1	UID789122	1	1	0	0
1	1	UID789127	1	1	0	0
1	1	UID789129	1	1	0	0
1	1	UID789142	1	1	0	0
1	1	UID789143	1	1	0	0
1	1	UID789144	1	1	0	0
1	1	UID789149	1	1	0	0
1	1	UID789169	1	1	0	0
1	1	UID789176	1	1	0	0
1	1	UID789178	1	1	0	0
1	1	UID789211	1	1	0	0
1	1	UID789214	1	1	0	0
1	1	UID789217	1	1	0	0
1	1	UID789223	1	1	0	0
1	1	UID789228	1	1	0	0
1	1	UID789242	1	1	0	0
1	1	UID789244	1	1	0	0
1	1	UID789258	1	1	0	0
1	1	UID789259	1	1	0	0
1	1	UID789260	1	1	0	0
1	1	UID789290	1	1	0	0
1	1	UID789295	1	1	0	0
1	1	UID789330	1	1	0	0
1	1	UID789342	1	1	0	0
1	1	UID789355	1	1	0	0
1	1	UID789372	1	1	0	0
1	1	UID789382	1	1	0	0
1	1	UID789404	1	1	0	0
1	1	UID789445	1	1	0	0
1	1	UID789482	1	1	0	0
1	1	UID789536	1	1	0	0
1	1	UID789549	1	1	0	0
1	1	UID789605	1	1	0	0
1	1	UID789607	1	1	0	0
1	1	UID789617	1	1	0	0
1	1	UID789649	1	1	0	0
1	1	UID789650	1	1	0	0
1	1	UID789655	1	1	0	0
1	1	UID789670	1	1	0	0
1	1	UID789678	1	1	0	0
1	1	UID789679	1	1	0	0
1	1	UID789693	1	1	0	0
1	1	UID789716	1	1	0	0
1	1	UID789724	1	1	0	0
1	1	UID789728	1	1	0	0
1	1	UID789729	1	1	0	0
1	1	UID789735	1	1	0	0
1	1	UID789744	1	1	0	0
1	1	UID789784	1	1	0	0
1	1	UID789789	1	1	0	0
1	1	UID789795	1	1	0	0
1	1	UID789807	1	1	0	0
1	1	UID789812	1	1	0	0
1	1	UID789826	1	1	0	0
1	1	UID789839	1	1	0	0
1	1	UID789882	1	1	0	0
1	1	UID789884	1	1	0	0
1	1	UID789890	1	1	0	0
1	1	UID789905	1	1	0	0
1	1	UID789906	1	1	0	0
1	1	UID789914	1	1	0	0
1	1	UID789927	1	1	0	0
1	1	UID789934	1	1	0	0
1	1	UID789941	1	1	0	0
1	1	UID789954	1	1	0	0
1	1	UID789964	1	1	0	0
1	1	UID789971	1	1	0	0
1	1	UID789984	1	1	0	0
1	1	UID790021	1	1	0	0
1	1	UID790025	1	1	0	0
1	1	UID790028	1	1	0	0
1	1	UID790030	1	1	0	0
1	1	UID790045	1	1	0	0
1	1	UID790055	1	1	0	0
1	1	UID790065	1	1	0	0
1	1	UID790067	1	1	0	0
1	1	UID790071	1	1	0	0
1	1	UID790082	1	1	0	0
1	1	UID790083	1	1	0	0
1	1	UID790085	1	1	0	0
1	1	UID790086	1	1	0	0
1	1	UID790087	1	1	0	0
1	1	UID790092	1	1	0	0
1	1	UID790093	1	1	0	0
1	1	UID790094	1	1	0	0
1	1	UID790095	1	1	0	0
1	1	UID790100	1	1	0	0
1	1	UID790103	1	1	0	0
1	1	UID790104	1	1	0	0
1	1	UID790105	1	1	0	0
1	1	UID790106	1	1	0	0
1	1	UID790107	1	1	0	0
1	1	UID790108	1	1	0	0
1	1	UID790118	1	1	0	0
1	1	UID790131	1	1	0	0
1	1	UID790153	1	1	0	0
1	1	UID790162	1	1	0	0
1	1	UID790163	1	1	0	0
1	1	UID790207	1	1	0	0
1	1	UID790209	1	1	0	0
1	1	UID790218	1	1	0	0
1	1	UID790219	1	1	0	0
1	1	UID790234	1	1	0	0
1	1	UID790275	1	1	0	0
1	1	UID790278	1	1	0	0
1	1	UID790317	1	1	0	0
1	1	UID790318	1	1	0	0
1	1	UID790322	1	1	0	0
1	1	UID790324	1	1	0	0
1	1	UID790326	1	1	0	0
1	1	UID790357	1	1	0	0
1	1	UID790417	1	1	0	0
1	1	UID790445	1	1	0	0
1	1	UID790465	1	1	0	0
1	1	UID790494	1	1	0	0
1	1	UID790503	1	1	0	0
1	1	UID790504	1	1	0	0
1	1	UID790515	1	1	0	0
1	1	UID790516	1	1	0	0
1	1	UID790517	1	1	0	0
1	1	UID790525	1	1	0	0
1	1	UID790529	1	1	0	0
1	1	UID790532	1	1	0	0
1	1	UID790560	1	1	0	0
1	1	UID790586	1	1	0	0
1	1	UID790619	1	1	0	0
1	1	UID790622	1	1	0	0
1	1	UID790663	1	1	0	0
1	1	UID790668	1	1	0	0
1	1	UID790683	1	1	0	0
1	1	UID790684	1	1	0	0
1	1	UID790685	1	1	0	0
1	1	UID790687	1	1	0	0
1	1	UID790694	1	1	0	0
1	1	UID790695	1	1	0	0
1	1	UID790696	1	1	0	0
1	1	UID790697	1	1	0	0
1	1	UID790699	1	1	0	0
1	1	UID790710	1	1	0	0
1	1	UID790728	1	1	0	0
1	1	UID790743	1	1	0	0
1	1	UID790745	1	1	0	0
1	1	UID790748	1	1	0	0
1	1	UID790759	1	1	0	0
1	1	UID790778	1	1	0	0
1	1	UID790813	1	1	0	0
1	1	UID790814	1	1	0	0
1	1	UID790816	1	1	0	0
1	1	UID790839	1	1	0	0
1	1	UID790844	1	1	0	0
1	1	UID790848	1	1	0	0
1	1	UID790857	1	1	0	0
1	1	UID790862	1	1	0	0
1	1	UID790922	1	1	0	0
1	1	UID790930	1	1	0	0
1	1	UID790931	1	1	0	0
1	1	UID790943	1	1	0	0
1	1	UID790948	1	1	0	0
1	1	UID790971	1	1	0	0
1	1	UID790983	1	1	0	0
1	1	UID791003	1	1	0	0
1	1	UID791007	1	1	0	0
1	1	UID791018	1	1	0	0
1	1	UID791036	1	1	0	0
1	1	UID791055	1	1	0	0
1	1	UID791060	1	1	0	0
1	1	UID791063	1	1	0	0
1	1	UID791069	1	1	0	0
1	1	UID791087	1	1	0	0
1	1	UID791090	1	1	0	0
2	2	UID791181	1	2	1	1
1	1	UID791211	1	1	0	0
1	1	UID791240	1	1	0	0
1	1	UID791242	1	1	0	0
1	1	UID791250	1	1	0	0
1	1	UID791252	1	1	0	0
1	1	UID791275	1	1	0	0
1	1	UID791277	1	1	0	0
1	1	UID791304	1	1	0	0
1	1	UID791307	1	1	0	0
1	1	UID791311	1	1	0	0
1	1	UID791315	1	1	0	0
1	1	UID791360	1	1	0	0
1	1	UID791366	1	1	0	0
1	1	UID791367	1	1	0	0
1	1	UID791368	1	1	0	0
1	1	UID791369	1	1	0	0
1	1	UID791370	1	1	0	0
1	1	UID791389	1	1	0	0
1	1	UID791441	1	1	0	0
1	1	UID791450	1	1	0	0
1	1	UID791463	1	1	0	0
1	1	UID791473	1	1	0	0
1	1	UID791486	1	1	0	0
1	1	UID791488	1	1	0	0
1	1	UID791501	1	1	0	0
1	1	UID791506	1	1	0	0
1	1	UID791514	1	1	0	0
1	1	UID791515	1	1	0	0
1	1	UID791525	1	1	0	0
1	1	UID791533	1	1	0	0
1	1	UID791540	1	1	0	0
1	1	UID791571	1	1	0	0
1	1	UID791594	1	1	0	0
1	1	UID791615	1	1	0	0
1	1	UID791638	1	1	0	0
1	1	UID791645	1	1	0	0
1	1	UID791676	1	1	0	0
1	1	UID791681	1	1	0	0
1	1	UID791688	1	1	0	0
1	1	UID791693	1	1	0	0
1	1	UID791700	1	1	0	0
1	1	UID791713	1	1	0	0
1	1	UID791748	1	1	0	0
1	1	UID791762	1	1	0	0
1	1	UID791770	1	1	0	0
1	1	UID791802	1	1	0	0
1	1	UID791841	1	1	0	0
1	1	UID791843	1	1	0	0
1	1	UID791845	1	1	0	0
1	1	UID791867	1	1	0	0
1	1	UID791874	1	1	0	0
1	1	UID791883	1	1	0	0
1	1	UID791894	1	1	0	0
1	1	UID791905	1	1	0	0
1	1	UID791918	1	1	0	0
1	1	UID791919	1	1	0	0
1	1	UID791920	1	1	0	0
1	1	UID791921	1	1	0	0
1	1	UID791930	1	1	0	0
1	1	UID791935	1	1	0	0
1	1	UID791936	1	1	0	0
1	1	UID791937	1	1	0	0
1	1	UID791939	1	1	0	0
1	1	UID791941	1	1	0	0
1	1	UID791946	1	1	0	0
1	1	UID791948	1	1	0	0
1	1	UID791949	1	1	0	0
1	1	UID791951	1	1	0	0
1	1	UID791953	1	1	0	0
1	1	UID791972	1	1	0	0
1	1	UID791974	1	1	0	0
1	1	UID791975	1	1	0	0
1	1	UID791977	1	1	0	0
1	1	UID791978	1	1	0	0
1	1	UID791981	1	1	0	0
1	1	UID791984	1	1	0	0
1	1	UID791988	1	1	0	0
1	1	UID791991	1	1	0	0
1	1	UID791992	1	1	0	0
1	1	UID791994	1	1	0	0
1	1	UID791999	1	1	0	0
1	1	UID792006	1	1	0	0
1	1	UID792007	1	1	0	0
1	1	UID792010	1	1	0	0
1	1	UID792019	1	1	0	0
1	1	UID792021	1	1	0	0
1	1	UID792040	1	1	0	0
1	1	UID792056	1	1	0	0
1	1	UID792063	1	1	0	0
1	1	UID792077	1	1	0	0
1	1	UID792083	1	1	0	0
1	1	UID792085	1	1	0	0
1	1	UID792091	1	1	0	0
1	1	UID792095	1	1	0	0
1	1	UID792109	1	1	0	0
1	1	UID792110	1	1	0	0
1	1	UID792133	1	1	0	0
1	1	UID792149	1	1	0	0
1	1	UID792167	1	1	0	0
1	1	UID792179	1	1	0	0
1	1	UID792185	1	1	0	0
1	1	UID792199	1	1	0	0
1	1	UID792222	1	1	0	0
1	1	UID792244	1	1	0	0
1	1	UID792254	1	1	0	0
1	1	UID792307	1	1	0	0
1	1	UID792320	1	1	0	0
1	1	UID792321	1	1	0	0
1	1	UID792327	1	1	0	0
1	1	UID792328	1	1	0	0
1	1	UID792332	1	1	0	0
1	1	UID792337	1	1	0	0
1	1	UID792342	1	1	0	0
1	1	UID792349	1	1	0	0
1	1	UID792362	1	1	0	0
1	1	UID792365	1	1	0	0
1	1	UID792369	1	1	0	0
1	1	UID792382	1	1	0	0
1	1	UID792398	1	1	0	0
1	1	UID792423	1	1	0	0
1	1	UID792444	1	1	0	0
1	1	UID792457	1	1	0	0
1	1	UID792465	1	1	0	0
1	1	UID792470	1	1	0	0
1	1	UID792472	1	1	0	0
1	1	UID792489	1	1	0	0
1	1	UID792525	1	1	0	0
1	1	UID792545	1	1	0	0
1	1	UID792550	1	1	0	0
1	1	UID792565	1	1	0	0
1	1	UID792588	1	1	0	0
1	1	UID792619	1	1	0	0
1	1	UID792626	1	1	0	0
1	1	UID792646	1	1	0	0
1	1	UID792664	1	1	0	0
1	1	UID792685	1	1	0	0
1	1	UID792686	1	1	0	0
1	1	UID792690	1	1	0	0
1	1	UID792704	1	1	0	0
1	1	UID792709	1	1	0	0
1	1	UID792717	1	1	0	0
1	1	UID792793	1	1	0	0
1	1	UID792800	1	1	0	0
1	1	UID792825	1	1	0	0
1	1	UID792829	1	1	0	0
1	1	UID792836	1	1	0	0
1	1	UID792843	1	1	0	0
1	1	UID792844	1	1	0	0
1	1	UID792856	1	1	0	0
1	1	UID792858	1	1	0	0
1	1	UID792874	1	1	0	0
1	1	UID792887	1	1	0	0
1	1	UID792895	1	1	0	0
1	1	UID792897	1	1	0	0
1	1	UID792904	1	1	0	0
1	1	UID792911	1	1	0	0
1	1	UID792913	1	1	0	0
1	1	UID792914	1	1	0	0
1	1	UID792916	1	1	0	0
1	1	UID792920	1	1	0	0
1	1	UID792935	1	1	0	0
1	1	UID792936	1	1	0	0
1	1	UID792938	1	1	0	0
1	1	UID792952	1	1	0	0
1	1	UID792962	1	1	0	0
1	1	UID792967	1	1	0	0
1	1	UID792976	1	1	0	0
1	1	UID792984	1	1	0	0
1	1	UID793016	1	1	0	0
1	1	UID793044	1	1	0	0
1	1	UID793050	1	1	0	0
1	1	UID793053	1	1	0	0
1	1	UID793054	1	1	0	0
1	1	UID793065	1	1	0	0
1	1	UID793070	1	1	0	0
1	1	UID793074	1	1	0	0
1	1	UID793076	1	1	0	0
1	1	UID793085	1	1	0	0
1	1	UID793106	1	1	0	0
1	1	UID793111	1	1	0	0
1	1	UID793143	1	1	0	0
1	1	UID793153	1	1	0	0
1	1	UID793161	1	1	0	0
1	1	UID793228	1	1	0	0
1	1	UID793229	1	1	0	0
1	1	UID793250	1	1	0	0
1	1	UID793252	1	1	0	0
1	1	UID793276	1	1	0	0
1	1	UID793287	1	1	0	0
1	1	UID793340	1	1	0	0
1	1	UID793382	1	1	0	0
2	2	UID793389	1	2	1	1
1	1	UID793393	1	1	0	0
1	1	UID793423	1	1	0	0
1	1	UID793449	1	1	0	0
1	1	UID793450	1	1	0	0
1	1	UID793451	1	1	0	0
1	1	UID793453	1	1	0	0
1	1	UID793460	1	1	0	0
1	1	UID793462	1	1	0	0
1	1	UID793466	1	1	0	0
1	1	UID793490	1	1	0	0
1	1	UID793501	1	1	0	0
1	1	UID793502	1	1	0	0
1	1	UID793515	1	1	0	0
1	1	UID793523	1	1	0	0
1	1	UID793545	1	1	0	0
1	1	UID793575	1	1	0	0
1	1	UID793595	1	1	0	0
1	1	UID793605	1	1	0	0
1	1	UID793607	1	1	0	0
1	1	UID793630	1	1	0	0
1	1	UID793654	1	1	0	0
1	1	UID793689	1	1	0	0
1	1	UID793696	1	1	0	0
1	1	UID793708	1	1	0	0
1	1	UID793730	1	1	0	0
1	1	UID793733	1	1	0	0
1	1	UID793746	1	1	0	0
1	1	UID793770	1	1	0	0
1	1	UID793782	1	1	0	0
1	1	UID793785	1	1	0	0
1	1	UID793790	1	1	0	0
1	1	UID793809	1	1	0	0
1	1	UID793810	1	1	0	0
1	1	UID793814	1	1	0	0
1	1	UID793815	1	1	0	0
1	1	UID793818	1	1	0	0
1	1	UID793826	1	1	0	0
1	1	UID793831	1	1	0	0
1	1	UID793862	1	1	0	0
1	1	UID793894	1	1	0	0
1	1	UID793897	1	1	0	0
1	1	UID793900	1	1	0	0
1	1	UID793906	1	1	0	0
1	1	UID793930	1	1	0	0
1	1	UID793936	1	1	0	0
1	1	UID793968	1	1	0	0
1	1	UID793990	1	1	0	0
1	1	UID794002	1	1	0	0
1	1	UID794012	1	1	0	0
1	1	UID794021	1	1	0	0
1	1	UID794029	1	1	0	0
1	1	UID794032	1	1	0	0
1	1	UID794033	1	1	0	0
1	1	UID794045	1	1	0	0
1	1	UID794049	1	1	0	0
1	1	UID794056	1	1	0	0
1	1	UID794058	1	1	0	0
1	1	UID794064	1	1	0	0
1	1	UID794065	1	1	0	0
1	1	UID794069	1	1	0	0
1	1	UID794073	1	1	0	0
1	1	UID794075	1	1	0	0
1	1	UID794077	1	1	0	0
1	1	UID794078	1	1	0	0
1	1	UID794079	1	1	0	0
1	1	UID794083	1	1	0	0
1	1	UID794087	1	1	0	0
1	1	UID794091	1	1	0	0
1	1	UID794093	1	1	0	0
1	1	UID794103	1	1	0	0
1	1	UID794107	1	1	0	0
1	1	UID794117	1	1	0	0
1	1	UID794134	1	1	0	0
1	1	UID794138	1	1	0	0
1	1	UID794141	1	1	0	0
1	1	UID794169	1	1	0	0
1	1	UID794176	1	1	0	0
1	1	UID794195	1	1	0	0
1	1	UID794261	1	1	0	0
1	1	UID794289	1	1	0	0
1	1	UID794294	1	1	0	0
1	1	UID794301	1	1	0	0
1	1	UID794314	1	1	0	0
1	1	UID794318	1	1	0	0
1	1	UID794343	1	1	0	0
1	1	UID794355	1	1	0	0
1	1	UID794360	1	1	0	0
1	1	UID794369	1	1	0	0
1	1	UID794370	1	1	0	0
1	1	UID794405	1	1	0	0
1	1	UID794408	1	1	0	0
1	1	UID794442	1	1	0	0
1	1	UID794445	1	1	0	0
1	1	UID794458	1	1	0	0
2	2	UID794463	1	2	1	1
1	1	UID794488	1	1	0	0
1	1	UID794490	1	1	0	0
1	1	UID794502	1	1	0	0
1	1	UID794508	1	1	0	0
1	1	UID794518	1	1	0	0
1	1	UID794524	1	1	0	0
1	1	UID794531	1	1	0	0
1	1	UID794551	1	1	0	0
1	1	UID794554	1	1	0	0
1	1	UID794565	1	1	0	0
1	1	UID794584	1	1	0	0
1	1	UID794603	1	1	0	0
1	1	UID794620	1	1	0	0
1	1	UID794623	1	1	0	0
1	1	UID794627	1	1	0	0
1	1	UID794636	1	1	0	0
1	1	UID794649	1	1	0	0
1	1	UID794664	1	1	0	0
1	1	UID794669	1	1	0	0
1	1	UID794675	1	1	0	0
1	1	UID794676	1	1	0	0
1	1	UID794678	1	1	0	0
1	1	UID794685	1	1	0	0
1	1	UID794690	1	1	0	0
1	1	UID794698	1	1	0	0
1	1	UID794709	1	1	0	0
1	1	UID794729	1	1	0	0
1	1	UID794750	1	1	0	0
1	1	UID794765	1	1	0	0
1	1	UID794774	1	1	0	0
1	1	UID794781	1	1	0	0
1	1	UID794786	1	1	0	0
1	1	UID794790	1	1	0	0
1	1	UID794800	1	1	0	0
1	1	UID794809	1	1	0	0
1	1	UID794834	1	1	0	0
1	1	UID794849	1	1	0	0
1	1	UID794886	1	1	0	0
1	1	UID794888	1	1	0	0
1	1	UID794889	1	1	0	0
1	1	UID794902	1	1	0	0
1	1	UID794909	1	1	0	0
1	1	UID794911	1	1	0	0
1	1	UID794928	1	1	0	0
1	1	UID794943	1	1	0	0
1	1	UID794946	1	1	0	0
1	1	UID794947	1	1	0	0
1	1	UID794948	1	1	0	0
1	1	UID794951	1	1	0	0
1	1	UID794952	1	1	0	0
1	1	UID794965	1	1	0	0
1	1	UID794967	1	1	0	0
1	1	UID794971	1	1	0	0
1	1	UID794972	1	1	0	0
1	1	UID794976	1	1	0	0
1	1	UID795007	1	1	0	0
1	1	UID795037	1	1	0	0
1	1	UID795067	1	1	0	0
1	1	UID795072	1	1	0	0
1	1	UID795074	1	1	0	0
1	1	UID795076	1	1	0	0
1	1	UID795097	1	1	0	0
1	1	UID795110	1	1	0	0
1	1	UID795120	1	1	0	0
1	1	UID795122	1	1	0	0
1	1	UID795124	1	1	0	0
1	1	UID795125	1	1	0	0
1	1	UID795126	1	1	0	0
1	1	UID795134	1	1	0	0
1	1	UID795139	1	1	0	0
1	1	UID795146	1	1	0	0
1	1	UID795147	1	1	0	0
1	1	UID795152	1	1	0	0
1	1	UID795178	1	1	0	0
1	1	UID795200	1	1	0	0
1	1	UID795222	1	1	0	0
1	1	UID795229	1	1	0	0
1	1	UID795235	1	1	0	0
1	1	UID795237	1	1	0	0
1	1	UID795238	1	1	0	0
1	1	UID795251	1	1	0	0
1	1	UID795283	1	1	0	0
1	1	UID795296	1	1	0	0
1	1	UID795305	1	1	0	0
1	1	UID795313	1	1	0	0
1	1	UID795315	1	1	0	0
1	1	UID795321	1	1	0	0
1	1	UID795334	1	1	0	0
1	1	UID795335	1	1	0	0
1	1	UID795338	1	1	0	0
1	1	UID795343	1	1	0	0
1	1	UID795351	1	1	0	0
1	1	UID795359	1	1	0	0
1	1	UID795365	1	1	0	0
1	1	UID795366	1	1	0	0
1	1	UID795405	1	1	0	0
1	1	UID795407	1	1	0	0
1	1	UID795408	1	1	0	0
1	1	UID795421	1	1	0	0
1	1	UID795436	1	1	0	0
1	1	UID795448	1	1	0	0
1	1	UID795449	1	1	0	0
1	1	UID795507	1	1	0	0
1	1	UID795510	1	1	0	0
1	1	UID795511	1	1	0	0
1	1	UID795542	1	1	0	0
1	1	UID795587	1	1	0	0
1	1	UID795610	1	1	0	0
1	1	UID795612	1	1	0	0
1	1	UID795615	1	1	0	0
1	1	UID795616	1	1	0	0
1	1	UID795661	1	1	0	0
1	1	UID795672	1	1	0	0
1	1	UID795678	1	1	0	0
1	1	UID795698	1	1	0	0
1	1	UID795699	1	1	0	0
1	1	UID795709	1	1	0	0
1	1	UID795715	1	1	0	0
1	1	UID795718	1	1	0	0
1	1	UID795730	1	1	0	0
1	1	UID795731	1	1	0	0
1	1	UID795733	1	1	0	0
1	1	UID795734	1	1	0	0
1	1	UID795735	1	1	0	0
1	1	UID795743	1	1	0	0
1	1	UID795745	1	1	0	0
1	1	UID795746	1	1	0	0
1	1	UID795748	1	1	0	0
1	1	UID795749	1	1	0	0
1	1	UID795753	1	1	0	0
1	1	UID795769	1	1	0	0
1	1	UID795777	1	1	0	0
1	1	UID795780	1	1	0	0
1	1	UID795788	1	1	0	0
1	1	UID795809	1	1	0	0
2	2	UID795812	1	2	1	1
1	1	UID795818	1	1	0	0
1	1	UID795838	1	1	0	0
1	1	UID795861	1	1	0	0
1	1	UID795878	1	1	0	0
1	1	UID795886	1	1	0	0
1	1	UID795893	1	1	0	0
1	1	UID795928	1	1	0	0
2	2	UID795944	1	2	1	1
1	1	UID795971	1	1	0	0
1	1	UID795983	1	1	0	0
1	1	UID795991	1	1	0	0
1	1	UID795999	1	1	0	0
1	1	UID796000	1	1	0	0
1	1	UID796005	1	1	0	0
1	1	UID796011	1	1	0	0
1	1	UID796030	1	1	0	0
1	1	UID796033	1	1	0	0
1	1	UID796034	1	1	0	0
1	1	UID796041	1	1	0	0
1	1	UID796070	1	1	0	0
1	1	UID796078	1	1	0	0
1	1	UID796105	1	1	0	0
1	1	UID796106	1	1	0	0
1	1	UID796119	1	1	0	0
1	1	UID796135	1	1	0	0
1	1	UID796140	1	1	0	0
2	2	UID796145	1	2	1	1
1	1	UID796169	1	1	0	0
1	1	UID796179	1	1	0	0
1	1	UID796190	1	1	0	0
1	1	UID796198	1	1	0	0
1	1	UID796203	1	1	0	0
1	1	UID796204	1	1	0	0
1	1	UID796205	1	1	0	0
1	1	UID796206	1	1	0	0
1	1	UID796209	1	1	0	0
1	1	UID796213	1	1	0	0
1	1	UID796227	1	1	0	0
1	1	UID796231	1	1	0	0
1	1	UID796233	1	1	0	0
1	1	UID796253	1	1	0	0
1	1	UID796254	1	1	0	0
1	1	UID796273	1	1	0	0
1	1	UID796284	1	1	0	0
1	1	UID796335	1	1	0	0
1	1	UID796353	1	1	0	0
1	1	UID796355	1	1	0	0
1	1	UID796392	1	1	0	0
1	1	UID796395	1	1	0	0
1	1	UID796397	1	1	0	0
1	1	UID796399	1	1	0	0
1	1	UID796409	1	1	0	0
1	1	UID796413	1	1	0	0
1	1	UID796417	1	1	0	0
1	1	UID796420	1	1	0	0
1	1	UID796422	1	1	0	0
1	1	UID796426	1	1	0	0
1	1	UID796438	1	1	0	0
1	1	UID796448	1	1	0	0
1	1	UID796503	1	1	0	0
1	1	UID796504	1	1	0	0
1	1	UID796518	1	1	0	0
1	1	UID796536	1	1	0	0
1	1	UID796549	1	1	0	0
1	1	UID796555	1	1	0	0
1	1	UID796558	1	1	0	0
1	1	UID796560	1	1	0	0
1	1	UID796564	1	1	0	0
1	1	UID796569	1	1	0	0
1	1	UID796581	1	1	0	0
1	1	UID796583	1	1	0	0
1	1	UID796595	1	1	0	0
1	1	UID796601	1	1	0	0
1	1	UID796603	1	1	0	0
1	1	UID796615	1	1	0	0
1	1	UID796617	1	1	0	0
1	1	UID796619	1	1	0	0
1	1	UID796622	1	1	0	0
1	1	UID796648	1	1	0	0
1	1	UID796654	1	1	0	0
1	1	UID796662	1	1	0	0
1	1	UID796669	1	1	0	0
1	1	UID796681	1	1	0	0
1	1	UID796687	1	1	0	0
1	1	UID796709	1	1	0	0
1	1	UID796712	1	1	0	0
1	1	UID796726	1	1	0	0
1	1	UID796746	1	1	0	0
1	1	UID796755	1	1	0	0
1	1	UID796758	1	1	0	0
1	1	UID796759	1	1	0	0
1	1	UID796766	1	1	0	0
1	1	UID796769	1	1	0	0
1	1	UID796771	1	1	0	0
1	1	UID796772	1	1	0	0
1	1	UID796774	1	1	0	0
1	1	UID796776	1	1	0	0
1	1	UID796782	1	1	0	0
1	1	UID796785	1	1	0	0
1	1	UID796788	1	1	0	0
1	1	UID796791	1	1	0	0
1	1	UID796800	1	1	0	0
1	1	UID796801	1	1	0	0
1	1	UID796806	1	1	0	0
1	1	UID796812	1	1	0	0
1	1	UID796813	1	1	0	0
1	1	UID796819	1	1	0	0
1	1	UID796827	1	1	0	0
1	1	UID796835	1	1	0	0
1	1	UID796852	1	1	0	0
1	1	UID796866	1	1	0	0
1	1	UID796878	1	1	0	0
1	1	UID796879	1	1	0	0
1	1	UID796890	1	1	0	0
1	1	UID796897	1	1	0	0
1	1	UID796905	1	1	0	0
1	1	UID796911	1	1	0	0
1	1	UID796912	1	1	0	0
1	1	UID796913	1	1	0	0
1	1	UID796914	1	1	0	0
1	1	UID796915	1	1	0	0
1	1	UID796916	1	1	0	0
1	1	UID796917	1	1	0	0
1	1	UID796918	1	1	0	0
1	1	UID796925	1	1	0	0
1	1	UID796927	1	1	0	0
1	1	UID796951	1	1	0	0
1	1	UID796959	1	1	0	0
1	1	UID796962	1	1	0	0
1	1	UID796972	1	1	0	0
1	1	UID797008	1	1	0	0
1	1	UID797012	1	1	0	0
1	1	UID797036	1	1	0	0
1	1	UID797062	1	1	0	0
1	1	UID797065	1	1	0	0
1	1	UID797075	1	1	0	0
1	1	UID797078	1	1	0	0
1	1	UID797084	1	1	0	0
1	1	UID797089	1	1	0	0
1	1	UID797097	1	1	0	0
1	1	UID797101	1	1	0	0
1	1	UID797111	1	1	0	0
1	1	UID797113	1	1	0	0
1	1	UID797114	1	1	0	0
1	1	UID797117	1	1	0	0
1	1	UID797118	1	1	0	0
1	1	UID797125	1	1	0	0
1	1	UID797126	1	1	0	0
1	1	UID797127	1	1	0	0
1	1	UID797128	1	1	0	0
1	1	UID797129	1	1	0	0
1	1	UID797131	1	1	0	0
1	1	UID797132	1	1	0	0
1	1	UID797133	1	1	0	0
1	1	UID797134	1	1	0	0
1	1	UID797138	1	1	0	0
1	1	UID797140	1	1	0	0
1	1	UID797141	1	1	0	0
1	1	UID797142	1	1	0	0
1	1	UID797145	1	1	0	0
1	1	UID797146	1	1	0	0
1	1	UID797157	1	1	0	0
1	1	UID797158	1	1	0	0
1	1	UID797160	1	1	0	0
1	1	UID797161	1	1	0	0
1	1	UID797164	1	1	0	0
1	1	UID797167	1	1	0	0
1	1	UID797171	1	1	0	0
1	1	UID797173	1	1	0	0
1	1	UID797176	1	1	0	0
1	1	UID797185	1	1	0	0
1	1	UID797190	1	1	0	0
1	1	UID797196	1	1	0	0
1	1	UID797197	1	1	0	0
1	1	UID797201	1	1	0	0
1	1	UID797202	1	1	0	0
1	1	UID797204	1	1	0	0
1	1	UID797205	1	1	0	0
1	1	UID797213	1	1	0	0
1	1	UID797241	1	1	0	0
1	1	UID797248	1	1	0	0
1	1	UID797293	1	1	0	0
1	1	UID797309	1	1	0	0
1	1	UID797310	1	1	0	0
1	1	UID797318	1	1	0	0
1	1	UID797343	1	1	0	0
1	1	UID797350	1	1	0	0
1	1	UID797360	1	1	0	0
1	1	UID797373	1	1	0	0
1	1	UID797382	1	1	0	0
1	1	UID797384	1	1	0	0
1	1	UID797386	1	1	0	0
1	1	UID797390	1	1	0	0
1	1	UID797393	1	1	0	0
1	1	UID797395	1	1	0	0
1	1	UID797396	1	1	0	0
1	1	UID797397	1	1	0	0
1	1	UID797408	1	1	0	0
1	1	UID797409	1	1	0	0
1	1	UID797417	1	1	0	0
1	1	UID797434	1	1	0	0
1	1	UID797440	1	1	0	0
1	1	UID797442	1	1	0	0
1	1	UID797443	1	1	0	0
1	1	UID797446	1	1	0	0
1	1	UID797449	1	1	0	0
1	1	UID797471	1	1	0	0
1	1	UID797473	1	1	0	0
1	1	UID797479	1	1	0	0
1	1	UID797486	1	1	0	0
1	1	UID797490	1	1	0	0
1	1	UID797494	1	1	0	0
1	1	UID903	1	1	0	0
1	1	UID915	1	1	0	0
