27973	219636	UID31769	108999	21095	4	4
1990	9578	UID31779	3844	1291	4	4
1407	6003	UID1444	2268	916	4	4
1202	5511	UID9859	1644	743	4	4
401	1242	UID1435	587	270	3	3
238	948	UID2	482	170	4	4
289	874	UID7979	403	209	3	3
316	817	UID48598	347	272	4	4
54	437	UID10255	334	32	2	2
105	484	UID1	318	76	2	2
234	689	UID703	306	161	3	3
147	416	UID702	194	110	2	2
165	440	UID37547	192	129	2	2
155	380	UID31765	180	118	3	3
178	380	UID34893	128	156	3	3
162	302	UID68692	122	144	2	2
135	288	UID48380	106	113	3	3
67	174	UID1445	91	56	3	3
134	313	UID7893	80	114	3	3
72	148	UID48469	55	62	2	2
46	95	UID101419	43	38	2	2
41	90	UID134179	43	33	2	2
37	85	UID37556	41	29	2	2
43	104	UID22499	36	30	3	3
29	64	UID61211	36	28	2	2
31	71	UID134137	31	28	3	3
19	61	UID313	31	16	2	2
41	98	UID945852	29	32	3	3
7	37	UID48553	28	4	2	2
28	70	UID158362	27	21	3	3
29	59	UID189996	27	25	2	2
28	58	UID49435	26	22	2	2
50	79	UID246643	25	47	2	2
14	43	UID210	23	9	1	1
66	94	UID246644	22	60	2	2
42	73	UID34883	21	36	2	2
28	56	UID201	12	19	3	3
26	42	UID54855	12	21	1	1
7	19	UID46	11	4	1	1
38	52	UID37669	9	34	3	3
5	12	UID34928	8	4	1	1
7	16	UID16	7	3	1	1
6	12	UID561618	7	5	1	1
8	13	UID246725	6	7	1	1
7	12	UID37538	6	6	1	1
6	11	UID399204	6	5	1	1
5	10	UID150590	5	3	1	1
17	21	UID246709	5	16	2	2
3	9	UID37664	5	1	1	1
1	5	UID61629	5	0	0	0
13	19	UID7822	5	10	2	2
5	9	UID946362	5	4	2	2
1	5	UID946395	5	0	0	0
1	5	UID946436	5	0	0	0
1	5	UID946476	5	0	0	0
1	5	UID946480	5	0	0	0
1	5	UID946501	5	0	0	0
1	5	UID946503	5	0	0	0
1	5	UID946520	5	0	0	0
9	12	UID134344	4	8	1	1
2	6	UID270	4	0	1	1
4	8	UID43398	4	2	1	1
4	7	UID48862	4	3	0	0
9	13	UID732413	4	7	1	1
1	4	UID946544	4	0	0	0
1	4	UID946549	4	0	0	0
1	4	UID946557	4	0	0	0
1	4	UID946565	4	0	0	0
1	4	UID946581	4	0	0	0
1	4	UID946585	4	0	0	0
1	4	UID946604	4	0	0	0
1	4	UID946618	4	0	0	0
1	4	UID946648	4	0	0	0
1	4	UID946671	4	0	0	0
1	4	UID946677	4	0	0	0
1	4	UID946691	4	0	0	0
1	4	UID946693	4	0	0	0
1	4	UID946702	4	0	0	0
1	4	UID946712	4	0	0	0
3	7	UID946720	4	1	1	1
1	4	UID946725	4	0	0	0
1	4	UID946791	4	0	0	0
1	4	UID946809	4	0	0	0
1	4	UID946811	4	0	0	0
1	4	UID946813	4	0	0	0
1	4	UID946828	4	0	0	0
1	4	UID946865	4	0	0	0
1	4	UID946886	4	0	0	0
1	4	UID946901	4	0	0	0
1	4	UID946925	4	0	0	0
1	4	UID946960	4	0	0	0
1	4	UID946967	4	0	0	0
1	4	UID946984	4	0	0	0
1	4	UID946989	4	0	0	0
1	4	UID946993	4	0	0	0
1	4	UID946997	4	0	0	0
1	4	UID947012	4	0	0	0
11	13	UID246728	3	10	1	1
5	7	UID37522	3	4	1	1
3	5	UID48383	3	2	1	1
1	3	UID61456	3	0	0	0
11	14	UID62996	3	9	1	1
5	8	UID69325	3	3	1	1
1	3	UID947067	3	0	0	0
1	3	UID947075	3	0	0	0
1	3	UID947076	3	0	0	0
1	3	UID947085	3	0	0	0
1	3	UID947094	3	0	0	0
1	3	UID947106	3	0	0	0
1	3	UID947115	3	0	0	0
1	3	UID947117	3	0	0	0
1	3	UID947118	3	0	0	0
1	3	UID947146	3	0	0	0
1	3	UID947155	3	0	0	0
1	3	UID947163	3	0	0	0
1	3	UID947169	3	0	0	0
1	3	UID947180	3	0	0	0
2	4	UID947184	3	1	1	1
1	3	UID947185	3	0	0	0
1	3	UID947186	3	0	0	0
1	3	UID947193	3	0	0	0
1	3	UID947207	3	0	0	0
1	3	UID947209	3	0	0	0
1	3	UID947224	3	0	0	0
1	3	UID947229	3	0	0	0
1	3	UID947233	3	0	0	0
1	3	UID947234	3	0	0	0
1	3	UID947236	3	0	0	0
1	3	UID947245	3	0	0	0
1	3	UID947268	3	0	0	0
1	3	UID947279	3	0	0	0
1	3	UID947303	3	0	0	0
1	3	UID947306	3	0	0	0
1	3	UID947311	3	0	0	0
1	3	UID947317	3	0	0	0
1	3	UID947342	3	0	0	0
1	3	UID947366	3	0	0	0
1	3	UID947371	3	0	0	0
1	3	UID947396	3	0	0	0
1	3	UID947416	3	0	0	0
1	3	UID947427	3	0	0	0
1	3	UID947433	3	0	0	0
1	3	UID947434	3	0	0	0
1	3	UID947443	3	0	0	0
1	3	UID947445	3	0	0	0
1	3	UID947448	3	0	0	0
1	3	UID947449	3	0	0	0
1	3	UID947454	3	0	0	0
1	3	UID947484	3	0	0	0
1	3	UID947495	3	0	0	0
4	6	UID947566	3	3	1	1
1	3	UID947599	3	0	0	0
1	3	UID947614	3	0	0	0
1	3	UID947635	3	0	0	0
1	3	UID947655	3	0	0	0
1	3	UID947680	3	0	0	0
1	3	UID947693	3	0	0	0
1	3	UID947791	3	0	0	0
1	3	UID947808	3	0	0	0
1	3	UID947825	3	0	0	0
1	3	UID947851	3	0	0	0
3	5	UID947866	3	2	1	1
1	3	UID947868	3	0	0	0
1	3	UID947874	3	0	0	0
1	3	UID947885	3	0	0	0
1	3	UID947888	3	0	0	0
1	3	UID947896	3	0	0	0
1	3	UID947901	3	0	0	0
1	3	UID947903	3	0	0	0
1	3	UID947904	3	0	0	0
1	3	UID947910	3	0	0	0
1	3	UID947939	3	0	0	0
1	3	UID947947	3	0	0	0
1	3	UID947960	3	0	0	0
1	3	UID947970	3	0	0	0
1	3	UID947971	3	0	0	0
1	3	UID947981	3	0	0	0
1	3	UID947982	3	0	0	0
1	3	UID948030	3	0	0	0
1	3	UID948040	3	0	0	0
1	3	UID948053	3	0	0	0
1	3	UID948089	3	0	0	0
1	3	UID948090	3	0	0	0
1	3	UID948101	3	0	0	0
1	3	UID948103	3	0	0	0
1	3	UID948104	3	0	0	0
1	3	UID948107	3	0	0	0
1	3	UID948119	3	0	0	0
1	3	UID948126	3	0	0	0
1	3	UID948145	3	0	0	0
1	3	UID948154	3	0	0	0
1	3	UID948159	3	0	0	0
1	3	UID948192	3	0	0	0
1	3	UID948194	3	0	0	0
1	3	UID948198	3	0	0	0
1	3	UID948213	3	0	0	0
1	3	UID948224	3	0	0	0
1	3	UID948225	3	0	0	0
1	3	UID948243	3	0	0	0
1	3	UID948251	3	0	0	0
1	3	UID948252	3	0	0	0
1	3	UID948267	3	0	0	0
1	3	UID948271	3	0	0	0
1	3	UID948275	3	0	0	0
1	3	UID948279	3	0	0	0
1	3	UID948281	3	0	0	0
1	3	UID948298	3	0	0	0
1	3	UID948301	3	0	0	0
1	3	UID948303	3	0	0	0
1	3	UID948308	3	0	0	0
1	3	UID948315	3	0	0	0
1	3	UID948335	3	0	0	0
1	3	UID948349	3	0	0	0
1	3	UID948361	3	0	0	0
1	3	UID948364	3	0	0	0
1	3	UID948370	3	0	0	0
1	3	UID948373	3	0	0	0
1	3	UID948383	3	0	0	0
1	3	UID948387	3	0	0	0
1	3	UID948397	3	0	0	0
1	3	UID948401	3	0	0	0
1	3	UID948405	3	0	0	0
1	3	UID948407	3	0	0	0
1	3	UID948409	3	0	0	0
1	3	UID948412	3	0	0	0
1	3	UID948419	3	0	0	0
1	3	UID948421	3	0	0	0
1	3	UID948426	3	0	0	0
1	3	UID948427	3	0	0	0
1	3	UID948435	3	0	0	0
2	4	UID948451	3	1	1	1
1	3	UID948452	3	0	0	0
1	3	UID948458	3	0	0	0
1	3	UID948475	3	0	0	0
1	3	UID948476	3	0	0	0
1	3	UID948484	3	0	0	0
1	3	UID948490	3	0	0	0
1	3	UID948498	3	0	0	0
1	3	UID948510	3	0	0	0
1	3	UID948511	3	0	0	0
5	7	UID19	2	3	1	1
19	22	UID246727	2	16	2	2
2	4	UID37589	2	0	1	1
4	5	UID37991	2	3	2	2
17	18	UID470056	2	16	3	3
1	2	UID62790	2	0	0	0
13	14	UID71723	2	12	1	1
1	2	UID948599	2	0	0	0
1	2	UID948648	2	0	0	0
1	2	UID948674	2	0	0	0
1	2	UID948811	2	0	0	0
1	2	UID948841	2	0	0	0
1	2	UID948935	2	0	0	0
1	2	UID948963	2	0	0	0
1	2	UID948967	2	0	0	0
1	2	UID948990	2	0	0	0
1	2	UID949028	2	0	0	0
1	2	UID949113	2	0	0	0
2	3	UID949240	2	1	1	1
1	2	UID949258	2	0	0	0
1	2	UID949266	2	0	0	0
2	3	UID949283	2	1	1	1
1	2	UID949288	2	0	0	0
2	3	UID949351	2	1	1	1
1	2	UID949357	2	0	0	0
1	2	UID949390	2	0	0	0
2	3	UID949499	2	1	1	1
3	4	UID949573	2	2	2	2
1	2	UID949692	2	0	0	0
2	3	UID949704	2	1	1	1
1	2	UID949721	2	0	0	0
1	2	UID949817	2	0	0	0
1	2	UID950045	2	0	0	0
1	2	UID950473	2	0	0	0
2	3	UID950895	2	1	1	1
2	3	UID950914	2	1	1	1
2	3	UID950920	2	1	1	1
2	3	UID951086	2	1	1	1
1	2	UID951132	2	0	0	0
1	2	UID951459	2	0	0	0
1	2	UID951517	2	0	0	0
1	2	UID951687	2	0	0	0
2	3	UID951691	2	1	1	1
1	2	UID951867	2	0	0	0
1	2	UID951947	2	0	0	0
3	4	UID951966	2	2	1	1
1	2	UID951968	2	0	0	0
2	3	UID951980	2	1	1	1
1	2	UID952078	2	0	0	0
1	2	UID952097	2	0	0	0
1	2	UID952135	2	0	0	0
1	2	UID952140	2	0	0	0
1	2	UID952199	2	0	0	0
1	2	UID952323	2	0	0	0
1	2	UID952366	2	0	0	0
2	3	UID952371	2	1	1	1
1	2	UID952533	2	0	0	0
1	2	UID952625	2	0	0	0
1	2	UID952703	2	0	0	0
1	2	UID952727	2	0	0	0
1	2	UID952750	2	0	0	0
2	3	UID952752	2	1	1	1
1	2	UID952816	2	0	0	0
1	2	UID952830	2	0	0	0
1	2	UID952837	2	0	0	0
1	2	UID952905	2	0	0	0
2	3	UID952971	2	1	1	1
2	3	UID952975	2	1	1	1
1	2	UID953003	2	0	0	0
2	3	UID953088	2	1	1	1
1	2	UID953250	2	0	0	0
1	2	UID953340	2	0	0	0
1	2	UID953408	2	0	0	0
1	2	UID953502	2	0	0	0
1	2	UID953558	2	0	0	0
1	2	UID953560	2	0	0	0
2	3	UID953564	2	1	1	1
1	1	UID102313	1	1	0	0
1	1	UID15178	1	1	0	0
4	4	UID18121	1	4	1	1
4	4	UID187036	1	4	2	2
1	1	UID210095	1	1	0	0
1	1	UID27288	1	1	0	0
1	1	UID309829	1	1	0	0
3	3	UID324384	1	3	1	1
1	1	UID34125	1	1	0	0
2	2	UID354816	1	2	1	1
1	1	UID388097	1	1	0	0
1	1	UID42365	1	1	0	0
1	1	UID48389	1	1	0	0
1	1	UID48427	1	1	0	0
1	1	UID48567	1	1	0	0
1	1	UID507963	1	1	0	0
1	1	UID543765	1	1	0	0
1	1	UID545063	1	1	0	0
1	1	UID545720	1	1	0	0
1	1	UID546056	1	1	0	0
1	1	UID54863	1	1	0	0
1	1	UID550661	1	1	0	0
1	1	UID582148	1	1	0	0
1	1	UID582152	1	1	0	0
1	1	UID62543	1	1	0	0
1	1	UID71999	1	1	0	0
1	1	UID763137	1	1	0	0
1	1	UID767625	1	1	0	0
1	1	UID7798	1	1	0	0
1	1	UID797452	1	1	0	0
7	8	UID798780	1	6	1	1
1	1	UID806998	1	1	0	0
1	1	UID81539	1	1	0	0
1	1	UID953589	1	1	0	0
1	1	UID953590	1	1	0	0
1	1	UID953591	1	1	0	0
1	1	UID953592	1	1	0	0
1	1	UID953594	1	1	0	0
1	1	UID953595	1	1	0	0
1	1	UID953601	1	1	0	0
1	1	UID953604	1	1	0	0
1	1	UID953605	1	1	0	0
1	1	UID953608	1	1	0	0
1	1	UID953609	1	1	0	0
1	1	UID953610	1	1	0	0
1	1	UID953611	1	1	0	0
1	1	UID953613	1	1	0	0
1	1	UID953615	1	1	0	0
1	1	UID953627	1	1	0	0
1	1	UID953637	1	1	0	0
1	1	UID953665	1	1	0	0
1	1	UID953672	1	1	0	0
1	1	UID953674	1	1	0	0
1	1	UID953678	1	1	0	0
1	1	UID953683	1	1	0	0
1	1	UID953684	1	1	0	0
1	1	UID953736	1	1	0	0
1	1	UID953739	1	1	0	0
1	1	UID953750	1	1	0	0
1	1	UID953751	1	1	0	0
1	1	UID953752	1	1	0	0
1	1	UID953754	1	1	0	0
1	1	UID953755	1	1	0	0
1	1	UID953756	1	1	0	0
1	1	UID953757	1	1	0	0
1	1	UID953758	1	1	0	0
1	1	UID953760	1	1	0	0
1	1	UID953762	1	1	0	0
1	1	UID953764	1	1	0	0
1	1	UID953770	1	1	0	0
1	1	UID953771	1	1	0	0
1	1	UID953788	1	1	0	0
1	1	UID953790	1	1	0	0
1	1	UID953791	1	1	0	0
1	1	UID953794	1	1	0	0
1	1	UID953803	1	1	0	0
1	1	UID953806	1	1	0	0
1	1	UID953810	1	1	0	0
1	1	UID953856	1	1	0	0
1	1	UID953904	1	1	0	0
1	1	UID953913	1	1	0	0
1	1	UID953921	1	1	0	0
1	1	UID953934	1	1	0	0
1	1	UID953940	1	1	0	0
1	1	UID953948	1	1	0	0
1	1	UID953956	1	1	0	0
1	1	UID953961	1	1	0	0
1	1	UID953967	1	1	0	0
1	1	UID953974	1	1	0	0
1	1	UID953988	1	1	0	0
1	1	UID953991	1	1	0	0
1	1	UID953992	1	1	0	0
1	1	UID953998	1	1	0	0
1	1	UID954006	1	1	0	0
1	1	UID954013	1	1	0	0
1	1	UID954014	1	1	0	0
1	1	UID954022	1	1	0	0
1	1	UID954023	1	1	0	0
1	1	UID954051	1	1	0	0
1	1	UID954065	1	1	0	0
1	1	UID954067	1	1	0	0
1	1	UID954071	1	1	0	0
1	1	UID954074	1	1	0	0
1	1	UID954076	1	1	0	0
1	1	UID954080	1	1	0	0
1	1	UID954082	1	1	0	0
1	1	UID954095	1	1	0	0
1	1	UID954106	1	1	0	0
1	1	UID954129	1	1	0	0
1	1	UID954141	1	1	0	0
1	1	UID954168	1	1	0	0
1	1	UID954183	1	1	0	0
1	1	UID954250	1	1	0	0
1	1	UID954260	1	1	0	0
1	1	UID954261	1	1	0	0
1	1	UID954262	1	1	0	0
1	1	UID954263	1	1	0	0
1	1	UID954264	1	1	0	0
1	1	UID954265	1	1	0	0
1	1	UID954266	1	1	0	0
1	1	UID954267	1	1	0	0
1	1	UID954269	1	1	0	0
1	1	UID954278	1	1	0	0
2	2	UID954291	1	2	1	1
1	1	UID954295	1	1	0	0
1	1	UID954298	1	1	0	0
1	1	UID954302	1	1	0	0
1	1	UID954304	1	1	0	0
1	1	UID954329	1	1	0	0
1	1	UID954400	1	1	0	0
1	1	UID954415	1	1	0	0
1	1	UID954419	1	1	0	0
1	1	UID954426	1	1	0	0
1	1	UID954428	1	1	0	0
1	1	UID954436	1	1	0	0
1	1	UID954437	1	1	0	0
1	1	UID954444	1	1	0	0
1	1	UID954447	1	1	0	0
1	1	UID954448	1	1	0	0
1	1	UID954449	1	1	0	0
1	1	UID954504	1	1	0	0
1	1	UID954505	1	1	0	0
1	1	UID954506	1	1	0	0
1	1	UID954507	1	1	0	0
1	1	UID954508	1	1	0	0
1	1	UID954509	1	1	0	0
1	1	UID954510	1	1	0	0
1	1	UID954511	1	1	0	0
1	1	UID954513	1	1	0	0
1	1	UID954517	1	1	0	0
1	1	UID954520	1	1	0	0
1	1	UID954521	1	1	0	0
1	1	UID954524	1	1	0	0
1	1	UID954536	1	1	0	0
1	1	UID954541	1	1	0	0
1	1	UID954543	1	1	0	0
1	1	UID954544	1	1	0	0
1	1	UID954585	1	1	0	0
1	1	UID954595	1	1	0	0
1	1	UID954651	1	1	0	0
1	1	UID954732	1	1	0	0
1	1	UID954744	1	1	0	0
1	1	UID954783	1	1	0	0
1	1	UID954786	1	1	0	0
1	1	UID954789	1	1	0	0
1	1	UID954792	1	1	0	0
1	1	UID954794	1	1	0	0
1	1	UID954798	1	1	0	0
1	1	UID954800	1	1	0	0
1	1	UID954821	1	1	0	0
1	1	UID954828	1	1	0	0
1	1	UID954831	1	1	0	0
1	1	UID954837	1	1	0	0
1	1	UID954843	1	1	0	0
1	1	UID954844	1	1	0	0
1	1	UID954845	1	1	0	0
1	1	UID954854	1	1	0	0
1	1	UID954858	1	1	0	0
1	1	UID954885	1	1	0	0
1	1	UID954988	1	1	0	0
1	1	UID954995	1	1	0	0
1	1	UID955002	1	1	0	0
1	1	UID955008	1	1	0	0
1	1	UID955009	1	1	0	0
1	1	UID955013	1	1	0	0
1	1	UID955046	1	1	0	0
1	1	UID955047	1	1	0	0
1	1	UID955048	1	1	0	0
1	1	UID955049	1	1	0	0
1	1	UID955054	1	1	0	0
1	1	UID955055	1	1	0	0
1	1	UID955056	1	1	0	0
1	1	UID955057	1	1	0	0
1	1	UID955058	1	1	0	0
1	1	UID955062	1	1	0	0
1	1	UID955094	1	1	0	0
1	1	UID955100	1	1	0	0
1	1	UID955101	1	1	0	0
1	1	UID955102	1	1	0	0
1	1	UID955103	1	1	0	0
1	1	UID955104	1	1	0	0
1	1	UID955105	1	1	0	0
1	1	UID955107	1	1	0	0
1	1	UID955111	1	1	0	0
1	1	UID955116	1	1	0	0
1	1	UID955119	1	1	0	0
1	1	UID955120	1	1	0	0
1	1	UID955121	1	1	0	0
1	1	UID955123	1	1	0	0
1	1	UID955136	1	1	0	0
1	1	UID955138	1	1	0	0
1	1	UID955139	1	1	0	0
1	1	UID955204	1	1	0	0
1	1	UID955223	1	1	0	0
1	1	UID955229	1	1	0	0
1	1	UID955232	1	1	0	0
1	1	UID955236	1	1	0	0
1	1	UID955247	1	1	0	0
1	1	UID955248	1	1	0	0
1	1	UID955249	1	1	0	0
1	1	UID955269	1	1	0	0
1	1	UID955272	1	1	0	0
1	1	UID955280	1	1	0	0
1	1	UID955281	1	1	0	0
1	1	UID955287	1	1	0	0
1	1	UID955295	1	1	0	0
1	1	UID955300	1	1	0	0
1	1	UID955304	1	1	0	0
1	1	UID955340	1	1	0	0
1	1	UID955351	1	1	0	0
1	1	UID955453	1	1	0	0
1	1	UID955459	1	1	0	0
1	1	UID955460	1	1	0	0
1	1	UID955463	1	1	0	0
1	1	UID955464	1	1	0	0
1	1	UID955465	1	1	0	0
1	1	UID955472	1	1	0	0
1	1	UID955478	1	1	0	0
1	1	UID955479	1	1	0	0
1	1	UID955506	1	1	0	0
1	1	UID955509	1	1	0	0
1	1	UID955510	1	1	0	0
1	1	UID955511	1	1	0	0
1	1	UID955513	1	1	0	0
1	1	UID955514	1	1	0	0
1	1	UID955533	1	1	0	0
1	1	UID955534	1	1	0	0
1	1	UID955536	1	1	0	0
1	1	UID955537	1	1	0	0
1	1	UID955538	1	1	0	0
1	1	UID955540	1	1	0	0
1	1	UID955543	1	1	0	0
1	1	UID955544	1	1	0	0
1	1	UID955547	1	1	0	0
1	1	UID955551	1	1	0	0
1	1	UID955555	1	1	0	0
1	1	UID955556	1	1	0	0
1	1	UID955588	1	1	0	0
1	1	UID955600	1	1	0	0
1	1	UID955668	1	1	0	0
1	1	UID955695	1	1	0	0
1	1	UID955696	1	1	0	0
1	1	UID955697	1	1	0	0
1	1	UID955713	1	1	0	0
1	1	UID955717	1	1	0	0
1	1	UID955726	1	1	0	0
1	1	UID955739	1	1	0	0
2	2	UID955748	1	2	1	1
1	1	UID955750	1	1	0	0
1	1	UID955761	1	1	0	0
1	1	UID955772	1	1	0	0
1	1	UID955782	1	1	0	0
1	1	UID955783	1	1	0	0
1	1	UID955784	1	1	0	0
1	1	UID955795	1	1	0	0
1	1	UID955805	1	1	0	0
1	1	UID955808	1	1	0	0
1	1	UID955811	1	1	0	0
1	1	UID955849	1	1	0	0
1	1	UID955912	1	1	0	0
1	1	UID955948	1	1	0	0
1	1	UID955981	1	1	0	0
1	1	UID955985	1	1	0	0
1	1	UID955990	1	1	0	0
1	1	UID955991	1	1	0	0
1	1	UID955998	1	1	0	0
1	1	UID955999	1	1	0	0
1	1	UID956001	1	1	0	0
1	1	UID956004	1	1	0	0
1	1	UID956016	1	1	0	0
1	1	UID956017	1	1	0	0
1	1	UID956021	1	1	0	0
1	1	UID956023	1	1	0	0
1	1	UID956024	1	1	0	0
1	1	UID956026	1	1	0	0
1	1	UID956063	1	1	0	0
1	1	UID956101	1	1	0	0
1	1	UID956120	1	1	0	0
1	1	UID956124	1	1	0	0
1	1	UID956129	1	1	0	0
1	1	UID956162	1	1	0	0
1	1	UID956163	1	1	0	0
1	1	UID956164	1	1	0	0
1	1	UID956165	1	1	0	0
1	1	UID956167	1	1	0	0
1	1	UID956170	1	1	0	0
1	1	UID956171	1	1	0	0
1	1	UID956172	1	1	0	0
1	1	UID956198	1	1	0	0
1	1	UID956210	1	1	0	0
1	1	UID956211	1	1	0	0
1	1	UID956216	1	1	0	0
1	1	UID956219	1	1	0	0
1	1	UID956354	1	1	0	0
1	1	UID956363	1	1	0	0
1	1	UID956368	1	1	0	0
1	1	UID956372	1	1	0	0
1	1	UID956376	1	1	0	0
1	1	UID956377	1	1	0	0
1	1	UID956425	1	1	0	0
1	1	UID956428	1	1	0	0
1	1	UID956431	1	1	0	0
1	1	UID956440	1	1	0	0
1	1	UID956503	1	1	0	0
1	1	UID956509	1	1	0	0
1	1	UID956514	1	1	0	0
1	1	UID956519	1	1	0	0
1	1	UID956520	1	1	0	0
1	1	UID956521	1	1	0	0
1	1	UID956522	1	1	0	0
1	1	UID956524	1	1	0	0
1	1	UID956532	1	1	0	0
1	1	UID956537	1	1	0	0
1	1	UID956541	1	1	0	0
1	1	UID956543	1	1	0	0
1	1	UID956550	1	1	0	0
1	1	UID956572	1	1	0	0
1	1	UID956576	1	1	0	0
1	1	UID956675	1	1	0	0
1	1	UID956687	1	1	0	0
1	1	UID956688	1	1	0	0
1	1	UID956691	1	1	0	0
1	1	UID956692	1	1	0	0
1	1	UID956694	1	1	0	0
1	1	UID956720	1	1	0	0
1	1	UID956722	1	1	0	0
1	1	UID956724	1	1	0	0
1	1	UID956733	1	1	0	0
1	1	UID956736	1	1	0	0
1	1	UID956821	1	1	0	0
1	1	UID956824	1	1	0	0
1	1	UID956827	1	1	0	0
1	1	UID956828	1	1	0	0
1	1	UID956852	1	1	0	0
1	1	UID956872	1	1	0	0
1	1	UID956873	1	1	0	0
1	1	UID956875	1	1	0	0
1	1	UID956876	1	1	0	0
1	1	UID956881	1	1	0	0
1	1	UID956897	1	1	0	0
1	1	UID956904	1	1	0	0
1	1	UID956905	1	1	0	0
1	1	UID956915	1	1	0	0
1	1	UID956919	1	1	0	0
1	1	UID956922	1	1	0	0
1	1	UID956923	1	1	0	0
1	1	UID956931	1	1	0	0
1	1	UID956933	1	1	0	0
1	1	UID956969	1	1	0	0
1	1	UID957009	1	1	0	0
1	1	UID957012	1	1	0	0
1	1	UID957013	1	1	0	0
1	1	UID957014	1	1	0	0
1	1	UID957018	1	1	0	0
1	1	UID957020	1	1	0	0
1	1	UID957021	1	1	0	0
1	1	UID957027	1	1	0	0
1	1	UID957029	1	1	0	0
1	1	UID957032	1	1	0	0
1	1	UID957037	1	1	0	0
1	1	UID957039	1	1	0	0
1	1	UID957053	1	1	0	0
1	1	UID957057	1	1	0	0
1	1	UID957061	1	1	0	0
1	1	UID957062	1	1	0	0
1	1	UID957063	1	1	0	0
1	1	UID957064	1	1	0	0
1	1	UID957065	1	1	0	0
1	1	UID957069	1	1	0	0
1	1	UID957071	1	1	0	0
1	1	UID957074	1	1	0	0
1	1	UID957076	1	1	0	0
1	1	UID957098	1	1	0	0
1	1	UID957116	1	1	0	0
1	1	UID957162	1	1	0	0
1	1	UID957164	1	1	0	0
1	1	UID957176	1	1	0	0
1	1	UID957196	1	1	0	0
1	1	UID957222	1	1	0	0
1	1	UID957225	1	1	0	0
1	1	UID957228	1	1	0	0
1	1	UID957235	1	1	0	0
1	1	UID957245	1	1	0	0
1	1	UID957255	1	1	0	0
1	1	UID957259	1	1	0	0
1	1	UID957265	1	1	0	0
1	1	UID957282	1	1	0	0
1	1	UID957310	1	1	0	0
1	1	UID957351	1	1	0	0
1	1	UID957384	1	1	0	0
1	1	UID957394	1	1	0	0
1	1	UID957404	1	1	0	0
1	1	UID957431	1	1	0	0
1	1	UID957435	1	1	0	0
1	1	UID957436	1	1	0	0
1	1	UID957438	1	1	0	0
1	1	UID957440	1	1	0	0
1	1	UID957441	1	1	0	0
1	1	UID957444	1	1	0	0
1	1	UID957449	1	1	0	0
1	1	UID957458	1	1	0	0
1	1	UID957469	1	1	0	0
1	1	UID957471	1	1	0	0
1	1	UID957474	1	1	0	0
1	1	UID957478	1	1	0	0
1	1	UID957479	1	1	0	0
1	1	UID957485	1	1	0	0
1	1	UID957486	1	1	0	0
1	1	UID957487	1	1	0	0
1	1	UID957490	1	1	0	0
1	1	UID957495	1	1	0	0
1	1	UID957513	1	1	0	0
1	1	UID957529	1	1	0	0
1	1	UID957538	1	1	0	0
1	1	UID957578	1	1	0	0
1	1	UID957584	1	1	0	0
1	1	UID957597	1	1	0	0
1	1	UID957601	1	1	0	0
1	1	UID957602	1	1	0	0
1	1	UID957603	1	1	0	0
1	1	UID957604	1	1	0	0
1	1	UID957611	1	1	0	0
1	1	UID957616	1	1	0	0
1	1	UID957618	1	1	0	0
1	1	UID957627	1	1	0	0
1	1	UID957642	1	1	0	0
1	1	UID957643	1	1	0	0
1	1	UID957659	1	1	0	0
1	1	UID957665	1	1	0	0
1	1	UID957668	1	1	0	0
1	1	UID957670	1	1	0	0
1	1	UID957671	1	1	0	0
1	1	UID957682	1	1	0	0
1	1	UID957689	1	1	0	0
1	1	UID957695	1	1	0	0
1	1	UID957703	1	1	0	0
1	1	UID957759	1	1	0	0
1	1	UID957767	1	1	0	0
1	1	UID957780	1	1	0	0
1	1	UID957786	1	1	0	0
1	1	UID957795	1	1	0	0
1	1	UID957800	1	1	0	0
1	1	UID957801	1	1	0	0
1	1	UID957808	1	1	0	0
1	1	UID957821	1	1	0	0
1	1	UID957825	1	1	0	0
1	1	UID957845	1	1	0	0
1	1	UID957862	1	1	0	0
1	1	UID957879	1	1	0	0
1	1	UID957936	1	1	0	0
1	1	UID957944	1	1	0	0
1	1	UID957952	1	1	0	0
1	1	UID957957	1	1	0	0
1	1	UID957966	1	1	0	0
1	1	UID957970	1	1	0	0
1	1	UID957976	1	1	0	0
1	1	UID957983	1	1	0	0
1	1	UID957985	1	1	0	0
1	1	UID957992	1	1	0	0
1	1	UID957993	1	1	0	0
1	1	UID957996	1	1	0	0
1	1	UID957997	1	1	0	0
1	1	UID958000	1	1	0	0
1	1	UID958002	1	1	0	0
1	1	UID958003	1	1	0	0
1	1	UID958059	1	1	0	0
1	1	UID958061	1	1	0	0
2	2	UID958098	1	2	1	1
1	1	UID958116	1	1	0	0
1	1	UID958123	1	1	0	0
1	1	UID958125	1	1	0	0
1	1	UID958126	1	1	0	0
1	1	UID958143	1	1	0	0
1	1	UID958159	1	1	0	0
1	1	UID958165	1	1	0	0
1	1	UID958172	1	1	0	0
1	1	UID958183	1	1	0	0
1	1	UID958214	1	1	0	0
1	1	UID958304	1	1	0	0
1	1	UID958409	1	1	0	0
1	1	UID958430	1	1	0	0
1	1	UID958435	1	1	0	0
1	1	UID958441	1	1	0	0
1	1	UID958511	1	1	0	0
1	1	UID958533	1	1	0	0
1	1	UID958539	1	1	0	0
1	1	UID958544	1	1	0	0
1	1	UID958548	1	1	0	0
1	1	UID958558	1	1	0	0
1	1	UID958575	1	1	0	0
1	1	UID958577	1	1	0	0
1	1	UID958622	1	1	0	0
1	1	UID958623	1	1	0	0
1	1	UID958632	1	1	0	0
1	1	UID958633	1	1	0	0
1	1	UID958635	1	1	0	0
1	1	UID958638	1	1	0	0
1	1	UID958667	1	1	0	0
1	1	UID958682	1	1	0	0
1	1	UID958788	1	1	0	0
1	1	UID958795	1	1	0	0
1	1	UID958868	1	1	0	0
1	1	UID958881	1	1	0	0
1	1	UID958885	1	1	0	0
1	1	UID958896	1	1	0	0
1	1	UID958898	1	1	0	0
1	1	UID958900	1	1	0	0
1	1	UID958901	1	1	0	0
1	1	UID958903	1	1	0	0
1	1	UID958907	1	1	0	0
1	1	UID958925	1	1	0	0
1	1	UID958933	1	1	0	0
1	1	UID958934	1	1	0	0
1	1	UID958935	1	1	0	0
1	1	UID958937	1	1	0	0
1	1	UID958992	1	1	0	0
1	1	UID959048	1	1	0	0
1	1	UID959057	1	1	0	0
1	1	UID959059	1	1	0	0
1	1	UID959104	1	1	0	0
1	1	UID959144	1	1	0	0
1	1	UID959166	1	1	0	0
1	1	UID959176	1	1	0	0
1	1	UID959179	1	1	0	0
1	1	UID959186	1	1	0	0
1	1	UID959187	1	1	0	0
1	1	UID959191	1	1	0	0
1	1	UID959194	1	1	0	0
1	1	UID959200	1	1	0	0
1	1	UID959202	1	1	0	0
1	1	UID959238	1	1	0	0
1	1	UID959270	1	1	0	0
1	1	UID959285	1	1	0	0
1	1	UID959298	1	1	0	0
1	1	UID959379	1	1	0	0
1	1	UID959406	1	1	0	0
1	1	UID959449	1	1	0	0
1	1	UID959489	1	1	0	0
1	1	UID959501	1	1	0	0
1	1	UID959579	1	1	0	0
1	1	UID959584	1	1	0	0
1	1	UID959592	1	1	0	0
1	1	UID959607	1	1	0	0
1	1	UID959615	1	1	0	0
1	1	UID959624	1	1	0	0
1	1	UID959742	1	1	0	0
1	1	UID959755	1	1	0	0
1	1	UID959763	1	1	0	0
1	1	UID959788	1	1	0	0
1	1	UID959808	1	1	0	0
1	1	UID959929	1	1	0	0
1	1	UID960013	1	1	0	0
1	1	UID960032	1	1	0	0
1	1	UID960034	1	1	0	0
1	1	UID960042	1	1	0	0
1	1	UID960043	1	1	0	0
1	1	UID960056	1	1	0	0
1	1	UID960073	1	1	0	0
1	1	UID960088	1	1	0	0
1	1	UID960120	1	1	0	0
1	1	UID960227	1	1	0	0
1	1	UID960254	1	1	0	0
1	1	UID960265	1	1	0	0
1	1	UID960341	1	1	0	0
1	1	UID960355	1	1	0	0
1	1	UID960386	1	1	0	0
1	1	UID960392	1	1	0	0
2	2	UID960415	1	2	1	1
1	1	UID960458	1	1	0	0
1	1	UID960468	1	1	0	0
1	1	UID960473	1	1	0	0
1	1	UID960480	1	1	0	0
1	1	UID960483	1	1	0	0
1	1	UID960488	1	1	0	0
1	1	UID960512	1	1	0	0
1	1	UID960531	1	1	0	0
1	1	UID960646	1	1	0	0
1	1	UID960650	1	1	0	0
1	1	UID960664	1	1	0	0
1	1	UID960669	1	1	0	0
1	1	UID960674	1	1	0	0
1	1	UID960699	1	1	0	0
1	1	UID960741	1	1	0	0
1	1	UID960805	1	1	0	0
1	1	UID960833	1	1	0	0
1	1	UID960837	1	1	0	0
1	1	UID960840	1	1	0	0
1	1	UID960882	1	1	0	0
1	1	UID960910	1	1	0	0
1	1	UID960911	1	1	0	0
1	1	UID960998	1	1	0	0
1	1	UID961082	1	1	0	0
1	1	UID961084	1	1	0	0
1	1	UID961149	1	1	0	0
1	1	UID961189	1	1	0	0
1	1	UID961237	1	1	0	0
1	1	UID961315	1	1	0	0
1	1	UID961322	1	1	0	0
1	1	UID961355	1	1	0	0
1	1	UID961424	1	1	0	0
1	1	UID961445	1	1	0	0
1	1	UID961500	1	1	0	0
1	1	UID961555	1	1	0	0
1	1	UID961600	1	1	0	0
1	1	UID961664	1	1	0	0
1	1	UID961697	1	1	0	0
1	1	UID961704	1	1	0	0
1	1	UID961707	1	1	0	0
1	1	UID961726	1	1	0	0
1	1	UID961738	1	1	0	0
1	1	UID961759	1	1	0	0
1	1	UID961784	1	1	0	0
1	1	UID961797	1	1	0	0
1	1	UID961869	1	1	0	0
1	1	UID961875	1	1	0	0
1	1	UID961906	1	1	0	0
1	1	UID961922	1	1	0	0
1	1	UID961931	1	1	0	0
1	1	UID961965	1	1	0	0
1	1	UID961980	1	1	0	0
1	1	UID961983	1	1	0	0
1	1	UID961985	1	1	0	0
1	1	UID962050	1	1	0	0
1	1	UID962068	1	1	0	0
1	1	UID962091	1	1	0	0
1	1	UID962263	1	1	0	0
1	1	UID962289	1	1	0	0
1	1	UID962290	1	1	0	0
1	1	UID962294	1	1	0	0
1	1	UID962295	1	1	0	0
1	1	UID962303	1	1	0	0
1	1	UID962315	1	1	0	0
1	1	UID962341	1	1	0	0
1	1	UID962444	1	1	0	0
1	1	UID962454	1	1	0	0
1	1	UID962583	1	1	0	0
1	1	UID962612	1	1	0	0
1	1	UID962621	1	1	0	0
1	1	UID962725	1	1	0	0
1	1	UID962743	1	1	0	0
1	1	UID962750	1	1	0	0
1	1	UID962820	1	1	0	0
1	1	UID962871	1	1	0	0
1	1	UID962888	1	1	0	0
1	1	UID962894	1	1	0	0
1	1	UID962942	1	1	0	0
1	1	UID962952	1	1	0	0
1	1	UID962998	1	1	0	0
1	1	UID963000	1	1	0	0
1	1	UID963015	1	1	0	0
1	1	UID963017	1	1	0	0
1	1	UID963028	1	1	0	0
1	1	UID963031	1	1	0	0
1	1	UID963195	1	1	0	0
1	1	UID963230	1	1	0	0
1	1	UID963354	1	1	0	0
1	1	UID963397	1	1	0	0
1	1	UID963413	1	1	0	0
1	1	UID963430	1	1	0	0
1	1	UID963444	1	1	0	0
1	1	UID963605	1	1	0	0
1	1	UID963651	1	1	0	0
1	1	UID963652	1	1	0	0
1	1	UID963730	1	1	0	0
1	1	UID963749	1	1	0	0
1	1	UID963794	1	1	0	0
1	1	UID963832	1	1	0	0
1	1	UID963853	1	1	0	0
1	1	UID963930	1	1	0	0
1	1	UID963942	1	1	0	0
1	1	UID963991	1	1	0	0
1	1	UID964089	1	1	0	0
1	1	UID964096	1	1	0	0
1	1	UID964103	1	1	0	0
1	1	UID964147	1	1	0	0
1	1	UID964199	1	1	0	0
1	1	UID964210	1	1	0	0
1	1	UID964256	1	1	0	0
1	1	UID964317	1	1	0	0
1	1	UID964323	1	1	0	0
1	1	UID964331	1	1	0	0
1	1	UID964333	1	1	0	0
1	1	UID964335	1	1	0	0
1	1	UID964353	1	1	0	0
1	1	UID964385	1	1	0	0
1	1	UID964396	1	1	0	0
1	1	UID964618	1	1	0	0
1	1	UID964854	1	1	0	0
1	1	UID964861	1	1	0	0
1	1	UID964906	1	1	0	0
1	1	UID964914	1	1	0	0
1	1	UID964920	1	1	0	0
1	1	UID964922	1	1	0	0
1	1	UID964952	1	1	0	0
1	1	UID964954	1	1	0	0
1	1	UID964961	1	1	0	0
1	1	UID964963	1	1	0	0
1	1	UID964972	1	1	0	0
1	1	UID964998	1	1	0	0
1	1	UID965022	1	1	0	0
1	1	UID965024	1	1	0	0
1	1	UID965046	1	1	0	0
1	1	UID965060	1	1	0	0
1	1	UID965066	1	1	0	0
1	1	UID965068	1	1	0	0
1	1	UID965160	1	1	0	0
1	1	UID965308	1	1	0	0
1	1	UID965323	1	1	0	0
1	1	UID965465	1	1	0	0
1	1	UID965551	1	1	0	0
1	1	UID965587	1	1	0	0
1	1	UID965603	1	1	0	0
1	1	UID965640	1	1	0	0
1	1	UID965677	1	1	0	0
1	1	UID965704	1	1	0	0
1	1	UID965722	1	1	0	0
1	1	UID965724	1	1	0	0
1	1	UID965725	1	1	0	0
1	1	UID965742	1	1	0	0
1	1	UID965783	1	1	0	0
1	1	UID965807	1	1	0	0
1	1	UID965836	1	1	0	0
2	2	UID965837	1	2	1	1
1	1	UID965850	1	1	0	0
1	1	UID965927	1	1	0	0
1	1	UID965929	1	1	0	0
1	1	UID965930	1	1	0	0
1	1	UID965976	1	1	0	0
1	1	UID965977	1	1	0	0
1	1	UID965999	1	1	0	0
1	1	UID966002	1	1	0	0
1	1	UID966026	1	1	0	0
1	1	UID966045	1	1	0	0
1	1	UID966051	1	1	0	0
1	1	UID966056	1	1	0	0
1	1	UID966072	1	1	0	0
1	1	UID966084	1	1	0	0
1	1	UID966140	1	1	0	0
1	1	UID966141	1	1	0	0
1	1	UID966179	1	1	0	0
1	1	UID966279	1	1	0	0
1	1	UID966313	1	1	0	0
1	1	UID966328	1	1	0	0
1	1	UID966329	1	1	0	0
1	1	UID966334	1	1	0	0
1	1	UID966372	1	1	0	0
1	1	UID966420	1	1	0	0
1	1	UID966611	1	1	0	0
1	1	UID966622	1	1	0	0
1	1	UID966623	1	1	0	0
1	1	UID966732	1	1	0	0
1	1	UID966814	1	1	0	0
1	1	UID966835	1	1	0	0
1	1	UID966843	1	1	0	0
1	1	UID966857	1	1	0	0
1	1	UID966895	1	1	0	0
1	1	UID966906	1	1	0	0
1	1	UID966908	1	1	0	0
1	1	UID966909	1	1	0	0
1	1	UID966939	1	1	0	0
1	1	UID967023	1	1	0	0
1	1	UID967024	1	1	0	0
1	1	UID967025	1	1	0	0
1	1	UID967144	1	1	0	0
1	1	UID967205	1	1	0	0
1	1	UID967215	1	1	0	0
1	1	UID967246	1	1	0	0
1	1	UID967247	1	1	0	0
1	1	UID967249	1	1	0	0
1	1	UID967252	1	1	0	0
1	1	UID967302	1	1	0	0
1	1	UID967352	1	1	0	0
1	1	UID967358	1	1	0	0
1	1	UID967522	1	1	0	0
1	1	UID967548	1	1	0	0
1	1	UID967556	1	1	0	0
1	1	UID967557	1	1	0	0
1	1	UID967561	1	1	0	0
1	1	UID967577	1	1	0	0
1	1	UID967581	1	1	0	0
1	1	UID967590	1	1	0	0
1	1	UID967591	1	1	0	0
1	1	UID967604	1	1	0	0
1	1	UID967606	1	1	0	0
1	1	UID967610	1	1	0	0
1	1	UID967735	1	1	0	0
1	1	UID967748	1	1	0	0
1	1	UID967755	1	1	0	0
1	1	UID967761	1	1	0	0
1	1	UID967784	1	1	0	0
1	1	UID967791	1	1	0	0
1	1	UID967804	1	1	0	0
1	1	UID967806	1	1	0	0
1	1	UID967813	1	1	0	0
1	1	UID967821	1	1	0	0
1	1	UID967823	1	1	0	0
1	1	UID967831	1	1	0	0
1	1	UID967832	1	1	0	0
1	1	UID968008	1	1	0	0
1	1	UID968010	1	1	0	0
1	1	UID968074	1	1	0	0
1	1	UID968092	1	1	0	0
1	1	UID968127	1	1	0	0
1	1	UID968139	1	1	0	0
1	1	UID968155	1	1	0	0
1	1	UID968158	1	1	0	0
1	1	UID968174	1	1	0	0
1	1	UID968179	1	1	0	0
1	1	UID968187	1	1	0	0
1	1	UID968272	1	1	0	0
1	1	UID968275	1	1	0	0
1	1	UID968373	1	1	0	0
1	1	UID968381	1	1	0	0
1	1	UID968404	1	1	0	0
1	1	UID968405	1	1	0	0
1	1	UID968407	1	1	0	0
1	1	UID968451	1	1	0	0
1	1	UID968457	1	1	0	0
1	1	UID968478	1	1	0	0
1	1	UID968486	1	1	0	0
1	1	UID968492	1	1	0	0
1	1	UID968497	1	1	0	0
1	1	UID968506	1	1	0	0
1	1	UID968574	1	1	0	0
1	1	UID968601	1	1	0	0
1	1	UID968608	1	1	0	0
1	1	UID968666	1	1	0	0
1	1	UID968778	1	1	0	0
1	1	UID968797	1	1	0	0
1	1	UID968803	1	1	0	0
1	1	UID968863	1	1	0	0
1	1	UID968868	1	1	0	0
1	1	UID968963	1	1	0	0
1	1	UID968976	1	1	0	0
1	1	UID969015	1	1	0	0
1	1	UID969038	1	1	0	0
1	1	UID969059	1	1	0	0
1	1	UID969062	1	1	0	0
1	1	UID969073	1	1	0	0
1	1	UID969126	1	1	0	0
1	1	UID969187	1	1	0	0
1	1	UID969190	1	1	0	0
1	1	UID969192	1	1	0	0
1	1	UID969213	1	1	0	0
1	1	UID969321	1	1	0	0
1	1	UID969329	1	1	0	0
1	1	UID969419	1	1	0	0
1	1	UID969422	1	1	0	0
1	1	UID969426	1	1	0	0
1	1	UID969435	1	1	0	0
1	1	UID969454	1	1	0	0
1	1	UID969462	1	1	0	0
1	1	UID969494	1	1	0	0
1	1	UID969505	1	1	0	0
1	1	UID969531	1	1	0	0
1	1	UID969607	1	1	0	0
1	1	UID969611	1	1	0	0
1	1	UID969645	1	1	0	0
1	1	UID969661	1	1	0	0
1	1	UID969662	1	1	0	0
1	1	UID969665	1	1	0	0
1	1	UID969712	1	1	0	0
1	1	UID969804	1	1	0	0
1	1	UID969808	1	1	0	0
1	1	UID969855	1	1	0	0
1	1	UID969886	1	1	0	0
1	1	UID969889	1	1	0	0
1	1	UID969950	1	1	0	0
1	1	UID969994	1	1	0	0
1	1	UID970070	1	1	0	0
1	1	UID970112	1	1	0	0
1	1	UID970115	1	1	0	0
1	1	UID970197	1	1	0	0
1	1	UID970292	1	1	0	0
1	1	UID970308	1	1	0	0
1	1	UID970310	1	1	0	0
1	1	UID970312	1	1	0	0
1	1	UID970375	1	1	0	0
1	1	UID970382	1	1	0	0
1	1	UID970383	1	1	0	0
1	1	UID970391	1	1	0	0
1	1	UID970392	1	1	0	0
1	1	UID970396	1	1	0	0
1	1	UID970407	1	1	0	0
1	1	UID970408	1	1	0	0
1	1	UID970411	1	1	0	0
1	1	UID970413	1	1	0	0
1	1	UID970416	1	1	0	0
1	1	UID970418	1	1	0	0
1	1	UID970446	1	1	0	0
1	1	UID970544	1	1	0	0
1	1	UID970634	1	1	0	0
1	1	UID970659	1	1	0	0
1	1	UID970711	1	1	0	0
1	1	UID970714	1	1	0	0
1	1	UID970723	1	1	0	0
1	1	UID970732	1	1	0	0
1	1	UID970737	1	1	0	0
1	1	UID970741	1	1	0	0
1	1	UID970768	1	1	0	0
1	1	UID970769	1	1	0	0
1	1	UID970842	1	1	0	0
1	1	UID970874	1	1	0	0
1	1	UID970877	1	1	0	0
1	1	UID970902	1	1	0	0
1	1	UID970919	1	1	0	0
1	1	UID970926	1	1	0	0
1	1	UID970927	1	1	0	0
1	1	UID970931	1	1	0	0
1	1	UID970940	1	1	0	0
1	1	UID970945	1	1	0	0
1	1	UID970962	1	1	0	0
1	1	UID970969	1	1	0	0
1	1	UID970975	1	1	0	0
1	1	UID970982	1	1	0	0
1	1	UID970985	1	1	0	0
1	1	UID970989	1	1	0	0
1	1	UID970990	1	1	0	0
1	1	UID970998	1	1	0	0
1	1	UID971005	1	1	0	0
1	1	UID971006	1	1	0	0
1	1	UID971048	1	1	0	0
1	1	UID971145	1	1	0	0
1	1	UID971146	1	1	0	0
1	1	UID971195	1	1	0	0
1	1	UID971217	1	1	0	0
1	1	UID971322	1	1	0	0
1	1	UID971382	1	1	0	0
1	1	UID971412	1	1	0	0
1	1	UID971421	1	1	0	0
1	1	UID971422	1	1	0	0
1	1	UID971434	1	1	0	0
1	1	UID971441	1	1	0	0
1	1	UID971442	1	1	0	0
1	1	UID971445	1	1	0	0
1	1	UID971568	1	1	0	0
1	1	UID971584	1	1	0	0
1	1	UID971681	1	1	0	0
1	1	UID971701	1	1	0	0
1	1	UID971724	1	1	0	0
1	1	UID971732	1	1	0	0
1	1	UID971736	1	1	0	0
1	1	UID971756	1	1	0	0
1	1	UID971843	1	1	0	0
1	1	UID971852	1	1	0	0
1	1	UID971854	1	1	0	0
1	1	UID971855	1	1	0	0
1	1	UID971875	1	1	0	0
1	1	UID971884	1	1	0	0
1	1	UID971905	1	1	0	0
1	1	UID971950	1	1	0	0
1	1	UID971962	1	1	0	0
1	1	UID972010	1	1	0	0
1	1	UID972024	1	1	0	0
1	1	UID972029	1	1	0	0
1	1	UID972066	1	1	0	0
1	1	UID972071	1	1	0	0
1	1	UID972073	1	1	0	0
1	1	UID972079	1	1	0	0
1	1	UID972096	1	1	0	0
1	1	UID972107	1	1	0	0
1	1	UID972121	1	1	0	0
1	1	UID972140	1	1	0	0
1	1	UID972145	1	1	0	0
1	1	UID972150	1	1	0	0
1	1	UID972156	1	1	0	0
1	1	UID972157	1	1	0	0
1	1	UID972162	1	1	0	0
1	1	UID972177	1	1	0	0
1	1	UID972187	1	1	0	0
1	1	UID972189	1	1	0	0
1	1	UID972190	1	1	0	0
1	1	UID972193	1	1	0	0
1	1	UID972195	1	1	0	0
1	1	UID972198	1	1	0	0
1	1	UID972199	1	1	0	0
1	1	UID972223	1	1	0	0
1	1	UID972226	1	1	0	0
1	1	UID972229	1	1	0	0
1	1	UID972236	1	1	0	0
1	1	UID972245	1	1	0	0
1	1	UID972269	1	1	0	0
1	1	UID972349	1	1	0	0
1	1	UID972350	1	1	0	0
1	1	UID972397	1	1	0	0
1	1	UID972398	1	1	0	0
1	1	UID972404	1	1	0	0
1	1	UID972419	1	1	0	0
1	1	UID972433	1	1	0	0
1	1	UID972448	1	1	0	0
1	1	UID972450	1	1	0	0
1	1	UID972452	1	1	0	0
1	1	UID972458	1	1	0	0
1	1	UID972464	1	1	0	0
1	1	UID972466	1	1	0	0
1	1	UID972470	1	1	0	0
1	1	UID972515	1	1	0	0
1	1	UID972566	1	1	0	0
1	1	UID972572	1	1	0	0
1	1	UID972591	1	1	0	0
1	1	UID972610	1	1	0	0
1	1	UID972620	1	1	0	0
1	1	UID972622	1	1	0	0
1	1	UID972699	1	1	0	0
1	1	UID972700	1	1	0	0
1	1	UID972728	1	1	0	0
1	1	UID972740	1	1	0	0
1	1	UID972754	1	1	0	0
1	1	UID972776	1	1	0	0
1	1	UID972783	1	1	0	0
1	1	UID972793	1	1	0	0
1	1	UID972796	1	1	0	0
1	1	UID972812	1	1	0	0
1	1	UID972890	1	1	0	0
1	1	UID972895	1	1	0	0
1	1	UID972900	1	1	0	0
1	1	UID972902	1	1	0	0
1	1	UID972924	1	1	0	0
1	1	UID972927	1	1	0	0
1	1	UID972961	1	1	0	0
1	1	UID972972	1	1	0	0
1	1	UID972974	1	1	0	0
1	1	UID972982	1	1	0	0
1	1	UID972994	1	1	0	0
1	1	UID973008	1	1	0	0
1	1	UID973083	1	1	0	0
1	1	UID973096	1	1	0	0
1	1	UID973180	1	1	0	0
1	1	UID973183	1	1	0	0
1	1	UID973188	1	1	0	0
1	1	UID973292	1	1	0	0
1	1	UID973297	1	1	0	0
1	1	UID973416	1	1	0	0
1	1	UID973448	1	1	0	0
1	1	UID973467	1	1	0	0
1	1	UID973495	1	1	0	0
1	1	UID973502	1	1	0	0
1	1	UID973506	1	1	0	0
1	1	UID973511	1	1	0	0
1	1	UID973513	1	1	0	0
1	1	UID973518	1	1	0	0
1	1	UID973521	1	1	0	0
1	1	UID973523	1	1	0	0
1	1	UID973526	1	1	0	0
1	1	UID973528	1	1	0	0
1	1	UID973534	1	1	0	0
1	1	UID973535	1	1	0	0
1	1	UID973536	1	1	0	0
1	1	UID973537	1	1	0	0
1	1	UID973540	1	1	0	0
1	1	UID973546	1	1	0	0
1	1	UID973554	1	1	0	0
1	1	UID973557	1	1	0	0
1	1	UID973558	1	1	0	0
1	1	UID973560	1	1	0	0
1	1	UID973571	1	1	0	0
1	1	UID973576	1	1	0	0
1	1	UID973579	1	1	0	0
1	1	UID973580	1	1	0	0
1	1	UID973583	1	1	0	0
1	1	UID973596	1	1	0	0
1	1	UID973619	1	1	0	0
1	1	UID973621	1	1	0	0
1	1	UID973623	1	1	0	0
1	1	UID973627	1	1	0	0
1	1	UID973628	1	1	0	0
1	1	UID973629	1	1	0	0
1	1	UID973630	1	1	0	0
1	1	UID973633	1	1	0	0
1	1	UID973639	1	1	0	0
1	1	UID973642	1	1	0	0
1	1	UID973645	1	1	0	0
1	1	UID973648	1	1	0	0
1	1	UID973649	1	1	0	0
1	1	UID973677	1	1	0	0
1	1	UID973692	1	1	0	0
1	1	UID973701	1	1	0	0
1	1	UID973718	1	1	0	0
1	1	UID973769	1	1	0	0
1	1	UID973789	1	1	0	0
1	1	UID973804	1	1	0	0
1	1	UID973824	1	1	0	0
1	1	UID973839	1	1	0	0
1	1	UID973855	1	1	0	0
1	1	UID973858	1	1	0	0
1	1	UID973869	1	1	0	0
1	1	UID973886	1	1	0	0
1	1	UID973907	1	1	0	0
1	1	UID973920	1	1	0	0
1	1	UID973985	1	1	0	0
1	1	UID973990	1	1	0	0
1	1	UID974007	1	1	0	0
1	1	UID974010	1	1	0	0
1	1	UID974011	1	1	0	0
1	1	UID974021	1	1	0	0
1	1	UID974038	1	1	0	0
1	1	UID974041	1	1	0	0
1	1	UID974065	1	1	0	0
1	1	UID974119	1	1	0	0
1	1	UID974146	1	1	0	0
1	1	UID974151	1	1	0	0
1	1	UID974180	1	1	0	0
1	1	UID974189	1	1	0	0
1	1	UID974196	1	1	0	0
1	1	UID974201	1	1	0	0
1	1	UID974211	1	1	0	0
1	1	UID974218	1	1	0	0
1	1	UID974234	1	1	0	0
1	1	UID974235	1	1	0	0
1	1	UID974257	1	1	0	0
1	1	UID974316	1	1	0	0
1	1	UID974336	1	1	0	0
1	1	UID974360	1	1	0	0
1	1	UID974378	1	1	0	0
1	1	UID974380	1	1	0	0
1	1	UID974397	1	1	0	0
1	1	UID974398	1	1	0	0
1	1	UID974403	1	1	0	0
1	1	UID974404	1	1	0	0
1	1	UID974435	1	1	0	0
1	1	UID974440	1	1	0	0
1	1	UID974445	1	1	0	0
1	1	UID974453	1	1	0	0
1	1	UID974463	1	1	0	0
1	1	UID974476	1	1	0	0
1	1	UID974479	1	1	0	0
1	1	UID974507	1	1	0	0
1	1	UID974511	1	1	0	0
1	1	UID974526	1	1	0	0
1	1	UID974627	1	1	0	0
1	1	UID974669	1	1	0	0
1	1	UID974684	1	1	0	0
1	1	UID974742	1	1	0	0
1	1	UID974747	1	1	0	0
1	1	UID974803	1	1	0	0
1	1	UID974806	1	1	0	0
1	1	UID974810	1	1	0	0
1	1	UID974823	1	1	0	0
1	1	UID974828	1	1	0	0
1	1	UID974836	1	1	0	0
1	1	UID974942	1	1	0	0
1	1	UID974970	1	1	0	0
1	1	UID974976	1	1	0	0
1	1	UID974986	1	1	0	0
1	1	UID975016	1	1	0	0
1	1	UID975109	1	1	0	0
1	1	UID975145	1	1	0	0
1	1	UID975147	1	1	0	0
1	1	UID975214	1	1	0	0
2	2	UID975217	1	2	1	1
1	1	UID975279	1	1	0	0
1	1	UID975342	1	1	0	0
1	1	UID975345	1	1	0	0
1	1	UID975359	1	1	0	0
1	1	UID975360	1	1	0	0
1	1	UID975361	1	1	0	0
1	1	UID975363	1	1	0	0
1	1	UID975364	1	1	0	0
1	1	UID975365	1	1	0	0
1	1	UID975366	1	1	0	0
1	1	UID975367	1	1	0	0
1	1	UID975368	1	1	0	0
1	1	UID975370	1	1	0	0
1	1	UID975371	1	1	0	0
1	1	UID975383	1	1	0	0
1	1	UID975384	1	1	0	0
1	1	UID975402	1	1	0	0
1	1	UID975404	1	1	0	0
1	1	UID975420	1	1	0	0
1	1	UID975430	1	1	0	0
1	1	UID975441	1	1	0	0
1	1	UID975448	1	1	0	0
1	1	UID975451	1	1	0	0
1	1	UID975458	1	1	0	0
1	1	UID975460	1	1	0	0
1	1	UID975461	1	1	0	0
1	1	UID975463	1	1	0	0
1	1	UID975476	1	1	0	0
1	1	UID975477	1	1	0	0
1	1	UID975479	1	1	0	0
1	1	UID975481	1	1	0	0
1	1	UID975485	1	1	0	0
1	1	UID975486	1	1	0	0
1	1	UID975487	1	1	0	0
1	1	UID975489	1	1	0	0
1	1	UID975508	1	1	0	0
1	1	UID975515	1	1	0	0
2	2	UID975523	1	2	1	1
1	1	UID975527	1	1	0	0
1	1	UID975529	1	1	0	0
1	1	UID975547	1	1	0	0
1	1	UID975550	1	1	0	0
1	1	UID975609	1	1	0	0
1	1	UID975628	1	1	0	0
1	1	UID975659	1	1	0	0
1	1	UID975668	1	1	0	0
1	1	UID975700	1	1	0	0
1	1	UID975702	1	1	0	0
1	1	UID975704	1	1	0	0
1	1	UID975705	1	1	0	0
1	1	UID975712	1	1	0	0
1	1	UID975714	1	1	0	0
1	1	UID975718	1	1	0	0
1	1	UID975721	1	1	0	0
1	1	UID975723	1	1	0	0
1	1	UID975726	1	1	0	0
1	1	UID975727	1	1	0	0
1	1	UID975730	1	1	0	0
1	1	UID975733	1	1	0	0
1	1	UID975737	1	1	0	0
1	1	UID975739	1	1	0	0
1	1	UID975743	1	1	0	0
1	1	UID975746	1	1	0	0
1	1	UID975750	1	1	0	0
1	1	UID975751	1	1	0	0
1	1	UID975754	1	1	0	0
1	1	UID975755	1	1	0	0
1	1	UID975757	1	1	0	0
1	1	UID975764	1	1	0	0
1	1	UID975766	1	1	0	0
1	1	UID975767	1	1	0	0
1	1	UID975768	1	1	0	0
1	1	UID975777	1	1	0	0
1	1	UID975779	1	1	0	0
1	1	UID975780	1	1	0	0
1	1	UID975784	1	1	0	0
1	1	UID975787	1	1	0	0
1	1	UID975795	1	1	0	0
1	1	UID975796	1	1	0	0
1	1	UID975799	1	1	0	0
1	1	UID975804	1	1	0	0
1	1	UID975806	1	1	0	0
1	1	UID975807	1	1	0	0
1	1	UID975808	1	1	0	0
1	1	UID975809	1	1	0	0
1	1	UID975811	1	1	0	0
1	1	UID975814	1	1	0	0
1	1	UID975840	1	1	0	0
1	1	UID975843	1	1	0	0
1	1	UID975845	1	1	0	0
1	1	UID975846	1	1	0	0
1	1	UID975847	1	1	0	0
1	1	UID975850	1	1	0	0
1	1	UID975851	1	1	0	0
1	1	UID975852	1	1	0	0
1	1	UID975854	1	1	0	0
1	1	UID975856	1	1	0	0
1	1	UID975858	1	1	0	0
1	1	UID975859	1	1	0	0
1	1	UID975861	1	1	0	0
1	1	UID976012	1	1	0	0
1	1	UID976013	1	1	0	0
1	1	UID976016	1	1	0	0
1	1	UID976046	1	1	0	0
1	1	UID976063	1	1	0	0
1	1	UID976065	1	1	0	0
1	1	UID976067	1	1	0	0
1	1	UID976068	1	1	0	0
1	1	UID976069	1	1	0	0
1	1	UID976070	1	1	0	0
1	1	UID976075	1	1	0	0
1	1	UID976078	1	1	0	0
1	1	UID976079	1	1	0	0
1	1	UID976080	1	1	0	0
1	1	UID976081	1	1	0	0
1	1	UID976093	1	1	0	0
1	1	UID976098	1	1	0	0
1	1	UID976111	1	1	0	0
1	1	UID976120	1	1	0	0
1	1	UID976123	1	1	0	0
1	1	UID976126	1	1	0	0
1	1	UID976133	1	1	0	0
1	1	UID976136	1	1	0	0
1	1	UID976139	1	1	0	0
1	1	UID976143	1	1	0	0
1	1	UID976147	1	1	0	0
1	1	UID976162	1	1	0	0
1	1	UID976169	1	1	0	0
1	1	UID976170	1	1	0	0
1	1	UID976196	1	1	0	0
1	1	UID976203	1	1	0	0
1	1	UID976328	1	1	0	0
1	1	UID976349	1	1	0	0
1	1	UID976354	1	1	0	0
1	1	UID976357	1	1	0	0
1	1	UID976363	1	1	0	0
1	1	UID976364	1	1	0	0
1	1	UID976368	1	1	0	0
1	1	UID976392	1	1	0	0
1	1	UID976393	1	1	0	0
1	1	UID976407	1	1	0	0
1	1	UID976411	1	1	0	0
1	1	UID976416	1	1	0	0
1	1	UID976419	1	1	0	0
1	1	UID976434	1	1	0	0
1	1	UID976440	1	1	0	0
1	1	UID976454	1	1	0	0
1	1	UID976511	1	1	0	0
1	1	UID976579	1	1	0	0
1	1	UID976583	1	1	0	0
1	1	UID976591	1	1	0	0
1	1	UID976600	1	1	0	0
1	1	UID976606	1	1	0	0
1	1	UID976630	1	1	0	0
1	1	UID976634	1	1	0	0
1	1	UID976635	1	1	0	0
1	1	UID976639	1	1	0	0
1	1	UID976640	1	1	0	0
1	1	UID976642	1	1	0	0
1	1	UID976644	1	1	0	0
1	1	UID976665	1	1	0	0
1	1	UID976667	1	1	0	0
1	1	UID976672	1	1	0	0
1	1	UID976673	1	1	0	0
1	1	UID976675	1	1	0	0
1	1	UID976689	1	1	0	0
1	1	UID976706	1	1	0	0
1	1	UID976787	1	1	0	0
1	1	UID976809	1	1	0	0
1	1	UID976818	1	1	0	0
1	1	UID976827	1	1	0	0
1	1	UID976848	1	1	0	0
1	1	UID976855	1	1	0	0
1	1	UID976869	1	1	0	0
1	1	UID976879	1	1	0	0
1	1	UID976882	1	1	0	0
1	1	UID976980	1	1	0	0
1	1	UID976986	1	1	0	0
1	1	UID976987	1	1	0	0
1	1	UID976992	1	1	0	0
1	1	UID977004	1	1	0	0
1	1	UID977006	1	1	0	0
1	1	UID977011	1	1	0	0
1	1	UID977081	1	1	0	0
1	1	UID977088	1	1	0	0
1	1	UID977092	1	1	0	0
1	1	UID977093	1	1	0	0
1	1	UID977095	1	1	0	0
1	1	UID977113	1	1	0	0
1	1	UID977116	1	1	0	0
1	1	UID977123	1	1	0	0
1	1	UID977125	1	1	0	0
1	1	UID977139	1	1	0	0
1	1	UID977221	1	1	0	0
1	1	UID977237	1	1	0	0
1	1	UID977245	1	1	0	0
1	1	UID977256	1	1	0	0
1	1	UID977257	1	1	0	0
1	1	UID977258	1	1	0	0
1	1	UID977261	1	1	0	0
1	1	UID977262	1	1	0	0
1	1	UID977263	1	1	0	0
1	1	UID977265	1	1	0	0
1	1	UID977267	1	1	0	0
1	1	UID977271	1	1	0	0
1	1	UID977274	1	1	0	0
1	1	UID977278	1	1	0	0
1	1	UID977281	1	1	0	0
1	1	UID977286	1	1	0	0
1	1	UID977300	1	1	0	0
1	1	UID977304	1	1	0	0
1	1	UID977307	1	1	0	0
1	1	UID977311	1	1	0	0
1	1	UID977320	1	1	0	0
1	1	UID977321	1	1	0	0
1	1	UID977322	1	1	0	0
1	1	UID977323	1	1	0	0
1	1	UID977325	1	1	0	0
1	1	UID977327	1	1	0	0
1	1	UID977328	1	1	0	0
1	1	UID977330	1	1	0	0
1	1	UID977359	1	1	0	0
1	1	UID977361	1	1	0	0
1	1	UID977367	1	1	0	0
1	1	UID977380	1	1	0	0
1	1	UID977390	1	1	0	0
1	1	UID977472	1	1	0	0
1	1	UID977496	1	1	0	0
1	1	UID977501	1	1	0	0
1	1	UID977506	1	1	0	0
1	1	UID977509	1	1	0	0
1	1	UID977512	1	1	0	0
1	1	UID977521	1	1	0	0
1	1	UID977524	1	1	0	0
1	1	UID977553	1	1	0	0
1	1	UID977574	1	1	0	0
1	1	UID977621	1	1	0	0
1	1	UID977646	1	1	0	0
1	1	UID977663	1	1	0	0
1	1	UID977670	1	1	0	0
1	1	UID977678	1	1	0	0
1	1	UID977693	1	1	0	0
1	1	UID977713	1	1	0	0
1	1	UID977715	1	1	0	0
1	1	UID977720	1	1	0	0
1	1	UID977725	1	1	0	0
1	1	UID977726	1	1	0	0
1	1	UID977730	1	1	0	0
1	1	UID977733	1	1	0	0
1	1	UID977741	1	1	0	0
1	1	UID977745	1	1	0	0
1	1	UID977751	1	1	0	0
1	1	UID977760	1	1	0	0
1	1	UID977772	1	1	0	0
1	1	UID977780	1	1	0	0
1	1	UID977873	1	1	0	0
1	1	UID977876	1	1	0	0
1	1	UID977879	1	1	0	0
1	1	UID977898	1	1	0	0
1	1	UID977901	1	1	0	0
1	1	UID977903	1	1	0	0
1	1	UID977904	1	1	0	0
1	1	UID977905	1	1	0	0
1	1	UID977908	1	1	0	0
1	1	UID977910	1	1	0	0
1	1	UID977912	1	1	0	0
1	1	UID977933	1	1	0	0
1	1	UID977940	1	1	0	0
1	1	UID977941	1	1	0	0
1	1	UID977944	1	1	0	0
1	1	UID977955	1	1	0	0
1	1	UID977964	1	1	0	0
1	1	UID977972	1	1	0	0
1	1	UID977986	1	1	0	0
1	1	UID978005	1	1	0	0
1	1	UID978046	1	1	0	0
1	1	UID978109	1	1	0	0
1	1	UID978123	1	1	0	0
1	1	UID978124	1	1	0	0
1	1	UID978126	1	1	0	0
1	1	UID978133	1	1	0	0
1	1	UID978143	1	1	0	0
1	1	UID978158	1	1	0	0
1	1	UID978302	1	1	0	0
1	1	UID978347	1	1	0	0
1	1	UID978348	1	1	0	0
1	1	UID978357	1	1	0	0
1	1	UID978361	1	1	0	0
1	1	UID978362	1	1	0	0
1	1	UID978374	1	1	0	0
1	1	UID978376	1	1	0	0
1	1	UID978382	1	1	0	0
1	1	UID978385	1	1	0	0
1	1	UID978397	1	1	0	0
1	1	UID978399	1	1	0	0
1	1	UID978520	1	1	0	0
1	1	UID978552	1	1	0	0
1	1	UID978556	1	1	0	0
1	1	UID978558	1	1	0	0
1	1	UID978559	1	1	0	0
1	1	UID978560	1	1	0	0
1	1	UID978575	1	1	0	0
1	1	UID978580	1	1	0	0
1	1	UID978602	1	1	0	0
1	1	UID978614	1	1	0	0
1	1	UID978641	1	1	0	0
1	1	UID978662	1	1	0	0
1	1	UID978701	1	1	0	0
1	1	UID978744	1	1	0	0
1	1	UID978749	1	1	0	0
1	1	UID978753	1	1	0	0
1	1	UID978754	1	1	0	0
1	1	UID978800	1	1	0	0
1	1	UID978801	1	1	0	0
1	1	UID978806	1	1	0	0
1	1	UID978813	1	1	0	0
1	1	UID978814	1	1	0	0
1	1	UID978815	1	1	0	0
1	1	UID978821	1	1	0	0
1	1	UID978822	1	1	0	0
1	1	UID978824	1	1	0	0
1	1	UID978826	1	1	0	0
1	1	UID978829	1	1	0	0
1	1	UID978831	1	1	0	0
1	1	UID978837	1	1	0	0
1	1	UID978846	1	1	0	0
1	1	UID978847	1	1	0	0
1	1	UID978850	1	1	0	0
1	1	UID978852	1	1	0	0
1	1	UID978855	1	1	0	0
1	1	UID978856	1	1	0	0
1	1	UID978860	1	1	0	0
1	1	UID978866	1	1	0	0
1	1	UID978867	1	1	0	0
1	1	UID978904	1	1	0	0
1	1	UID978943	1	1	0	0
1	1	UID979003	1	1	0	0
1	1	UID979004	1	1	0	0
1	1	UID979006	1	1	0	0
1	1	UID979036	1	1	0	0
1	1	UID979042	1	1	0	0
1	1	UID979060	1	1	0	0
1	1	UID979062	1	1	0	0
1	1	UID979064	1	1	0	0
1	1	UID979089	1	1	0	0
1	1	UID979090	1	1	0	0
1	1	UID979093	1	1	0	0
2	2	UID979096	1	2	1	1
1	1	UID979104	1	1	0	0
1	1	UID979105	1	1	0	0
1	1	UID979107	1	1	0	0
1	1	UID979112	1	1	0	0
1	1	UID979120	1	1	0	0
1	1	UID979134	1	1	0	0
1	1	UID979135	1	1	0	0
1	1	UID979139	1	1	0	0
1	1	UID979140	1	1	0	0
1	1	UID979142	1	1	0	0
1	1	UID979143	1	1	0	0
1	1	UID979161	1	1	0	0
1	1	UID979186	1	1	0	0
1	1	UID979244	1	1	0	0
1	1	UID979251	1	1	0	0
1	1	UID979269	1	1	0	0
1	1	UID979282	1	1	0	0
1	1	UID979286	1	1	0	0
1	1	UID979290	1	1	0	0
1	1	UID979296	1	1	0	0
1	1	UID979308	1	1	0	0
1	1	UID979312	1	1	0	0
1	1	UID979317	1	1	0	0
1	1	UID979322	1	1	0	0
1	1	UID979324	1	1	0	0
1	1	UID979325	1	1	0	0
1	1	UID979326	1	1	0	0
1	1	UID979334	1	1	0	0
1	1	UID979336	1	1	0	0
1	1	UID979442	1	1	0	0
1	1	UID979448	1	1	0	0
1	1	UID979468	1	1	0	0
1	1	UID979473	1	1	0	0
1	1	UID979476	1	1	0	0
1	1	UID979483	1	1	0	0
1	1	UID979485	1	1	0	0
1	1	UID979487	1	1	0	0
1	1	UID979488	1	1	0	0
1	1	UID979490	1	1	0	0
1	1	UID979493	1	1	0	0
1	1	UID979498	1	1	0	0
1	1	UID979501	1	1	0	0
1	1	UID979516	1	1	0	0
1	1	UID979630	1	1	0	0
1	1	UID979648	1	1	0	0
1	1	UID979649	1	1	0	0
1	1	UID979667	1	1	0	0
1	1	UID979678	1	1	0	0
1	1	UID979679	1	1	0	0
1	1	UID979688	1	1	0	0
1	1	UID979694	1	1	0	0
1	1	UID979705	1	1	0	0
1	1	UID979718	1	1	0	0
1	1	UID979793	1	1	0	0
1	1	UID979794	1	1	0	0
1	1	UID979795	1	1	0	0
1	1	UID979796	1	1	0	0
1	1	UID979797	1	1	0	0
1	1	UID979798	1	1	0	0
1	1	UID979806	1	1	0	0
1	1	UID979820	1	1	0	0
1	1	UID979821	1	1	0	0
1	1	UID979823	1	1	0	0
1	1	UID979834	1	1	0	0
1	1	UID979882	1	1	0	0
1	1	UID979900	1	1	0	0
1	1	UID979918	1	1	0	0
1	1	UID979926	1	1	0	0
1	1	UID979927	1	1	0	0
1	1	UID979929	1	1	0	0
1	1	UID979930	1	1	0	0
1	1	UID979932	1	1	0	0
1	1	UID979937	1	1	0	0
1	1	UID979939	1	1	0	0
1	1	UID979954	1	1	0	0
1	1	UID980028	1	1	0	0
1	1	UID980049	1	1	0	0
1	1	UID980050	1	1	0	0
1	1	UID980075	1	1	0	0
1	1	UID980076	1	1	0	0
1	1	UID980080	1	1	0	0
1	1	UID980081	1	1	0	0
1	1	UID980084	1	1	0	0
1	1	UID980085	1	1	0	0
1	1	UID980087	1	1	0	0
1	1	UID980089	1	1	0	0
1	1	UID980099	1	1	0	0
1	1	UID980100	1	1	0	0
1	1	UID980101	1	1	0	0
1	1	UID980102	1	1	0	0
1	1	UID980103	1	1	0	0
1	1	UID980104	1	1	0	0
1	1	UID980106	1	1	0	0
1	1	UID980107	1	1	0	0
1	1	UID980111	1	1	0	0
1	1	UID980112	1	1	0	0
1	1	UID980120	1	1	0	0
1	1	UID980144	1	1	0	0
1	1	UID980145	1	1	0	0
1	1	UID980146	1	1	0	0
1	1	UID980147	1	1	0	0
1	1	UID980148	1	1	0	0
1	1	UID980156	1	1	0	0
1	1	UID980158	1	1	0	0
1	1	UID980159	1	1	0	0
1	1	UID980160	1	1	0	0
1	1	UID980165	1	1	0	0
1	1	UID980168	1	1	0	0
1	1	UID980170	1	1	0	0
1	1	UID980180	1	1	0	0
1	1	UID980186	1	1	0	0
1	1	UID980191	1	1	0	0
1	1	UID980194	1	1	0	0
1	1	UID980207	1	1	0	0
1	1	UID980213	1	1	0	0
1	1	UID980234	1	1	0	0
1	1	UID980245	1	1	0	0
1	1	UID980251	1	1	0	0
1	1	UID980291	1	1	0	0
1	1	UID980309	1	1	0	0
1	1	UID980320	1	1	0	0
1	1	UID980322	1	1	0	0
1	1	UID980349	1	1	0	0
1	1	UID980360	1	1	0	0
1	1	UID980364	1	1	0	0
1	1	UID980367	1	1	0	0
1	1	UID980371	1	1	0	0
1	1	UID980378	1	1	0	0
1	1	UID980390	1	1	0	0
1	1	UID980411	1	1	0	0
1	1	UID980414	1	1	0	0
1	1	UID980415	1	1	0	0
1	1	UID980423	1	1	0	0
1	1	UID980447	1	1	0	0
1	1	UID980449	1	1	0	0
1	1	UID980452	1	1	0	0
1	1	UID980466	1	1	0	0
1	1	UID980481	1	1	0	0
1	1	UID980493	1	1	0	0
