6269	34615	UID1	12174	4652	7	7
2557	9277	UID27308	3288	1863	4	4
678	2021	UID2	646	489	4	4
427	875	UID55482	260	343	6	6
35	60	UID913	18	28	2	2
21	40	UID16	15	15	2	2
20	28	UID19	8	18	2	2
11	18	UID247	7	9	2	2
6	12	UID55334	6	4	1	1
17	29	UID906	6	12	2	2
1	5	UID1142095	5	0	0	0
2	6	UID703	5	1	0	0
1	4	UID1142128	4	0	0	0
1	4	UID1142157	4	0	0	0
1	4	UID1142203	4	0	0	0
8	12	UID31769	4	6	1	1
1	3	UID1142215	3	0	0	0
1	3	UID1142217	3	0	0	0
1	3	UID1142218	3	0	0	0
1	3	UID1142223	3	0	0	0
1	3	UID1142226	3	0	0	0
1	3	UID1142237	3	0	0	0
1	3	UID1142244	3	0	0	0
1	3	UID1142245	3	0	0	0
1	3	UID1142260	3	0	0	0
1	3	UID1142280	3	0	0	0
1	3	UID1142285	3	0	0	0
1	3	UID1142298	3	0	0	0
1	3	UID1142305	3	0	0	0
1	3	UID1142352	3	0	0	0
1	3	UID1142361	3	0	0	0
1	3	UID1142362	3	0	0	0
1	3	UID1142366	3	0	0	0
1	3	UID1142369	3	0	0	0
1	3	UID1142375	3	0	0	0
1	3	UID1142376	3	0	0	0
1	3	UID1142382	3	0	0	0
1	3	UID1142387	3	0	0	0
1	3	UID1142392	3	0	0	0
3	5	UID171329	3	2	1	1
1	2	UID1142404	2	0	0	0
1	2	UID1142450	2	0	0	0
1	2	UID1142460	2	0	0	0
1	2	UID1142493	2	0	0	0
1	2	UID1142509	2	0	0	0
1	2	UID1142510	2	0	0	0
1	2	UID1142520	2	0	0	0
1	2	UID1142580	2	0	0	0
1	2	UID1142590	2	0	0	0
1	2	UID1142600	2	0	0	0
1	2	UID1142691	2	0	0	0
1	2	UID1142710	2	0	0	0
1	2	UID1142755	2	0	0	0
1	2	UID1142758	2	0	0	0
1	2	UID1142774	2	0	0	0
1	2	UID1142798	2	0	0	0
1	2	UID1142834	2	0	0	0
1	2	UID1142871	2	0	0	0
5	6	UID1142914	2	4	1	1
1	2	UID1142948	2	0	0	0
1	2	UID1142999	2	0	0	0
8	10	UID1143049	2	6	2	2
1	2	UID1143072	2	0	0	0
1	2	UID1143098	2	0	0	0
1	2	UID1143146	2	0	0	0
1	2	UID1143163	2	0	0	0
1	2	UID1143167	2	0	0	0
1	2	UID1143175	2	0	0	0
1	2	UID1143204	2	0	0	0
1	2	UID1143208	2	0	0	0
1	2	UID1143212	2	0	0	0
2	3	UID150841	2	1	1	1
3	4	UID31765	2	2	1	1
6	7	UID329	2	5	2	2
1	2	UID863375	2	0	0	0
2	3	UID9457	2	1	1	1
1	1	UID1023429	1	1	0	0
1	1	UID1143236	1	1	0	0
1	1	UID1143238	1	1	0	0
1	1	UID1143240	1	1	0	0
1	1	UID1143244	1	1	0	0
1	1	UID1143245	1	1	0	0
1	1	UID1143246	1	1	0	0
1	1	UID1143249	1	1	0	0
1	1	UID1143251	1	1	0	0
1	1	UID1143271	1	1	0	0
1	1	UID1143279	1	1	0	0
1	1	UID1143281	1	1	0	0
1	1	UID1143282	1	1	0	0
1	1	UID1143285	1	1	0	0
1	1	UID1143286	1	1	0	0
1	1	UID1143289	1	1	0	0
1	1	UID1143290	1	1	0	0
1	1	UID1143296	1	1	0	0
1	1	UID1143300	1	1	0	0
1	1	UID1143302	1	1	0	0
1	1	UID1143337	1	1	0	0
1	1	UID1143342	1	1	0	0
1	1	UID1143366	1	1	0	0
1	1	UID1143368	1	1	0	0
1	1	UID1143374	1	1	0	0
1	1	UID1143375	1	1	0	0
1	1	UID1143387	1	1	0	0
1	1	UID1143394	1	1	0	0
1	1	UID1143397	1	1	0	0
1	1	UID1143401	1	1	0	0
1	1	UID1143420	1	1	0	0
1	1	UID1143422	1	1	0	0
1	1	UID1143434	1	1	0	0
1	1	UID1143455	1	1	0	0
1	1	UID1143459	1	1	0	0
1	1	UID1143471	1	1	0	0
1	1	UID1143473	1	1	0	0
1	1	UID1143481	1	1	0	0
1	1	UID1143482	1	1	0	0
1	1	UID1143483	1	1	0	0
1	1	UID1143484	1	1	0	0
1	1	UID1143487	1	1	0	0
1	1	UID1143513	1	1	0	0
1	1	UID1143514	1	1	0	0
1	1	UID1143521	1	1	0	0
1	1	UID1143538	1	1	0	0
1	1	UID1143543	1	1	0	0
1	1	UID1143552	1	1	0	0
1	1	UID1143557	1	1	0	0
1	1	UID1143558	1	1	0	0
1	1	UID1143560	1	1	0	0
1	1	UID1143582	1	1	0	0
1	1	UID1143586	1	1	0	0
1	1	UID1143588	1	1	0	0
1	1	UID1143612	1	1	0	0
1	1	UID1143616	1	1	0	0
1	1	UID1143617	1	1	0	0
1	1	UID1143622	1	1	0	0
1	1	UID1143634	1	1	0	0
1	1	UID1143644	1	1	0	0
1	1	UID1143645	1	1	0	0
1	1	UID1143646	1	1	0	0
1	1	UID1143652	1	1	0	0
1	1	UID1143653	1	1	0	0
1	1	UID1143654	1	1	0	0
1	1	UID1143655	1	1	0	0
1	1	UID1143657	1	1	0	0
1	1	UID1143661	1	1	0	0
1	1	UID1143663	1	1	0	0
1	1	UID1143679	1	1	0	0
1	1	UID1143686	1	1	0	0
1	1	UID1143693	1	1	0	0
1	1	UID1143694	1	1	0	0
1	1	UID1143696	1	1	0	0
1	1	UID1143697	1	1	0	0
1	1	UID1143698	1	1	0	0
1	1	UID1143707	1	1	0	0
1	1	UID1143709	1	1	0	0
1	1	UID1143710	1	1	0	0
1	1	UID1143715	1	1	0	0
1	1	UID1143723	1	1	0	0
1	1	UID1143727	1	1	0	0
1	1	UID1143745	1	1	0	0
1	1	UID1143747	1	1	0	0
1	1	UID1143775	1	1	0	0
1	1	UID1143790	1	1	0	0
1	1	UID1143793	1	1	0	0
1	1	UID1143797	1	1	0	0
1	1	UID1143798	1	1	0	0
1	1	UID1143807	1	1	0	0
1	1	UID1143809	1	1	0	0
1	1	UID1143828	1	1	0	0
1	1	UID1143829	1	1	0	0
1	1	UID1143838	1	1	0	0
1	1	UID1143840	1	1	0	0
1	1	UID1143844	1	1	0	0
1	1	UID1143856	1	1	0	0
1	1	UID1143858	1	1	0	0
1	1	UID1143861	1	1	0	0
1	1	UID1143864	1	1	0	0
1	1	UID1143869	1	1	0	0
1	1	UID1143870	1	1	0	0
1	1	UID1143879	1	1	0	0
1	1	UID1143898	1	1	0	0
1	1	UID1143916	1	1	0	0
1	1	UID1143929	1	1	0	0
1	1	UID1143931	1	1	0	0
1	1	UID1143934	1	1	0	0
1	1	UID1143938	1	1	0	0
1	1	UID1143951	1	1	0	0
1	1	UID1143965	1	1	0	0
1	1	UID1143967	1	1	0	0
1	1	UID1143970	1	1	0	0
1	1	UID1143972	1	1	0	0
2	2	UID1143973	1	2	1	1
1	1	UID1143994	1	1	0	0
1	1	UID1143996	1	1	0	0
1	1	UID1144000	1	1	0	0
1	1	UID1144006	1	1	0	0
1	1	UID1144012	1	1	0	0
1	1	UID1144017	1	1	0	0
1	1	UID1144027	1	1	0	0
1	1	UID1144033	1	1	0	0
1	1	UID1144034	1	1	0	0
1	1	UID1144037	1	1	0	0
1	1	UID1144044	1	1	0	0
1	1	UID1144050	1	1	0	0
1	1	UID1144064	1	1	0	0
1	1	UID1144065	1	1	0	0
1	1	UID1144066	1	1	0	0
1	1	UID1144071	1	1	0	0
1	1	UID1144100	1	1	0	0
1	1	UID1144106	1	1	0	0
1	1	UID1144107	1	1	0	0
1	1	UID1144108	1	1	0	0
1	1	UID1144110	1	1	0	0
1	1	UID1144111	1	1	0	0
1	1	UID1144114	1	1	0	0
1	1	UID1144121	1	1	0	0
1	1	UID1144151	1	1	0	0
1	1	UID1144177	1	1	0	0
1	1	UID1144189	1	1	0	0
1	1	UID1144194	1	1	0	0
1	1	UID1144198	1	1	0	0
1	1	UID1144200	1	1	0	0
1	1	UID1144222	1	1	0	0
1	1	UID1144232	1	1	0	0
1	1	UID1144246	1	1	0	0
1	1	UID1144253	1	1	0	0
1	1	UID1144254	1	1	0	0
1	1	UID1144263	1	1	0	0
1	1	UID1144289	1	1	0	0
1	1	UID1144293	1	1	0	0
1	1	UID1144302	1	1	0	0
1	1	UID1144305	1	1	0	0
1	1	UID1144313	1	1	0	0
1	1	UID1144318	1	1	0	0
1	1	UID1144361	1	1	0	0
1	1	UID1144366	1	1	0	0
1	1	UID1144379	1	1	0	0
1	1	UID1144382	1	1	0	0
1	1	UID1144439	1	1	0	0
1	1	UID1144455	1	1	0	0
1	1	UID1144465	1	1	0	0
1	1	UID1144474	1	1	0	0
1	1	UID114447	1	1	0	0
1	1	UID1144492	1	1	0	0
1	1	UID1144496	1	1	0	0
1	1	UID1144513	1	1	0	0
1	1	UID1144579	1	1	0	0
1	1	UID1144588	1	1	0	0
1	1	UID1144601	1	1	0	0
1	1	UID1144602	1	1	0	0
1	1	UID1144654	1	1	0	0
1	1	UID1144660	1	1	0	0
1	1	UID1144664	1	1	0	0
1	1	UID1144709	1	1	0	0
1	1	UID1144724	1	1	0	0
1	1	UID1144728	1	1	0	0
1	1	UID1144760	1	1	0	0
1	1	UID1144778	1	1	0	0
1	1	UID1144823	1	1	0	0
1	1	UID1144830	1	1	0	0
1	1	UID1144836	1	1	0	0
1	1	UID1144859	1	1	0	0
1	1	UID1144887	1	1	0	0
1	1	UID1144951	1	1	0	0
1	1	UID1144966	1	1	0	0
1	1	UID1144976	1	1	0	0
1	1	UID1144983	1	1	0	0
1	1	UID1145002	1	1	0	0
1	1	UID1145016	1	1	0	0
1	1	UID1145207	1	1	0	0
1	1	UID1145226	1	1	0	0
1	1	UID1145365	1	1	0	0
1	1	UID1145443	1	1	0	0
1	1	UID1145455	1	1	0	0
1	1	UID1145500	1	1	0	0
1	1	UID1145527	1	1	0	0
1	1	UID1145531	1	1	0	0
1	1	UID1145546	1	1	0	0
1	1	UID1145559	1	1	0	0
1	1	UID1145570	1	1	0	0
1	1	UID1145579	1	1	0	0
1	1	UID1145619	1	1	0	0
1	1	UID1145620	1	1	0	0
1	1	UID1145635	1	1	0	0
1	1	UID1145636	1	1	0	0
1	1	UID1145646	1	1	0	0
1	1	UID1145677	1	1	0	0
1	1	UID1145682	1	1	0	0
1	1	UID1145695	1	1	0	0
1	1	UID1145711	1	1	0	0
1	1	UID1145736	1	1	0	0
1	1	UID1145738	1	1	0	0
1	1	UID1145774	1	1	0	0
1	1	UID1145786	1	1	0	0
1	1	UID1145821	1	1	0	0
1	1	UID1145854	1	1	0	0
1	1	UID1145878	1	1	0	0
1	1	UID1145925	1	1	0	0
1	1	UID1145927	1	1	0	0
1	1	UID1145929	1	1	0	0
1	1	UID1145973	1	1	0	0
1	1	UID1145981	1	1	0	0
1	1	UID1145999	1	1	0	0
1	1	UID1146002	1	1	0	0
1	1	UID1146012	1	1	0	0
1	1	UID1146023	1	1	0	0
1	1	UID1146030	1	1	0	0
1	1	UID1146054	1	1	0	0
1	1	UID1146056	1	1	0	0
1	1	UID1146100	1	1	0	0
1	1	UID1146118	1	1	0	0
1	1	UID1146203	1	1	0	0
1	1	UID1146214	1	1	0	0
1	1	UID1146223	1	1	0	0
1	1	UID1146233	1	1	0	0
1	1	UID1146254	1	1	0	0
1	1	UID1146267	1	1	0	0
1	1	UID1146294	1	1	0	0
1	1	UID1146299	1	1	0	0
1	1	UID1146309	1	1	0	0
1	1	UID1146322	1	1	0	0
1	1	UID1146386	1	1	0	0
1	1	UID1146389	1	1	0	0
1	1	UID1146398	1	1	0	0
1	1	UID1146412	1	1	0	0
1	1	UID1146419	1	1	0	0
1	1	UID1146428	1	1	0	0
1	1	UID1146443	1	1	0	0
1	1	UID1146445	1	1	0	0
1	1	UID1146447	1	1	0	0
1	1	UID1146452	1	1	0	0
1	1	UID1146454	1	1	0	0
1	1	UID1146469	1	1	0	0
1	1	UID1146496	1	1	0	0
1	1	UID1146505	1	1	0	0
1	1	UID1146507	1	1	0	0
1	1	UID1146511	1	1	0	0
1	1	UID1146514	1	1	0	0
1	1	UID1146515	1	1	0	0
1	1	UID1146516	1	1	0	0
1	1	UID1146522	1	1	0	0
1	1	UID1146529	1	1	0	0
1	1	UID1146532	1	1	0	0
1	1	UID1146561	1	1	0	0
1	1	UID1146566	1	1	0	0
1	1	UID1146571	1	1	0	0
1	1	UID1146578	1	1	0	0
1	1	UID1146580	1	1	0	0
1	1	UID1146581	1	1	0	0
1	1	UID1146583	1	1	0	0
1	1	UID1146587	1	1	0	0
1	1	UID1146590	1	1	0	0
1	1	UID1146596	1	1	0	0
1	1	UID1146597	1	1	0	0
1	1	UID1146611	1	1	0	0
1	1	UID1146620	1	1	0	0
1	1	UID1146636	1	1	0	0
1	1	UID1146653	1	1	0	0
1	1	UID1146657	1	1	0	0
1	1	UID1146659	1	1	0	0
1	1	UID1146660	1	1	0	0
1	1	UID1146662	1	1	0	0
1	1	UID1146671	1	1	0	0
1	1	UID1146672	1	1	0	0
1	1	UID1146703	1	1	0	0
1	1	UID1146708	1	1	0	0
1	1	UID1146772	1	1	0	0
1	1	UID1146790	1	1	0	0
1	1	UID1146820	1	1	0	0
1	1	UID1146832	1	1	0	0
1	1	UID1146844	1	1	0	0
1	1	UID1146845	1	1	0	0
1	1	UID1146885	1	1	0	0
1	1	UID1146901	1	1	0	0
1	1	UID1146902	1	1	0	0
1	1	UID1146906	1	1	0	0
1	1	UID1146913	1	1	0	0
1	1	UID1146919	1	1	0	0
1	1	UID1146942	1	1	0	0
1	1	UID1146985	1	1	0	0
1	1	UID1146991	1	1	0	0
1	1	UID1146999	1	1	0	0
1	1	UID1147000	1	1	0	0
1	1	UID1147009	1	1	0	0
1	1	UID1147088	1	1	0	0
2	2	UID1147089	1	2	1	1
1	1	UID1147103	1	1	0	0
1	1	UID1147106	1	1	0	0
1	1	UID1147107	1	1	0	0
1	1	UID1147110	1	1	0	0
1	1	UID1147163	1	1	0	0
1	1	UID1147292	1	1	0	0
1	1	UID1147348	1	1	0	0
1	1	UID1147350	1	1	0	0
1	1	UID1147372	1	1	0	0
1	1	UID1147381	1	1	0	0
1	1	UID1147397	1	1	0	0
1	1	UID1147424	1	1	0	0
1	1	UID1147425	1	1	0	0
1	1	UID1147508	1	1	0	0
1	1	UID1147517	1	1	0	0
1	1	UID1147540	1	1	0	0
1	1	UID1147577	1	1	0	0
1	1	UID1147592	1	1	0	0
1	1	UID1147594	1	1	0	0
1	1	UID1147601	1	1	0	0
1	1	UID1147641	1	1	0	0
1	1	UID1147643	1	1	0	0
1	1	UID1147657	1	1	0	0
1	1	UID1147660	1	1	0	0
1	1	UID1147678	1	1	0	0
1	1	UID1147690	1	1	0	0
1	1	UID1147710	1	1	0	0
1	1	UID1147715	1	1	0	0
1	1	UID1147721	1	1	0	0
1	1	UID1147779	1	1	0	0
1	1	UID1147780	1	1	0	0
1	1	UID1147782	1	1	0	0
1	1	UID1147786	1	1	0	0
1	1	UID1147792	1	1	0	0
1	1	UID1147797	1	1	0	0
1	1	UID1147811	1	1	0	0
1	1	UID1147823	1	1	0	0
1	1	UID1147830	1	1	0	0
1	1	UID1147836	1	1	0	0
1	1	UID1147847	1	1	0	0
1	1	UID1147874	1	1	0	0
1	1	UID1147882	1	1	0	0
1	1	UID1147889	1	1	0	0
1	1	UID1147899	1	1	0	0
1	1	UID1147902	1	1	0	0
1	1	UID1147939	1	1	0	0
1	1	UID1147961	1	1	0	0
1	1	UID1147966	1	1	0	0
1	1	UID1147977	1	1	0	0
1	1	UID1147982	1	1	0	0
1	1	UID1147983	1	1	0	0
1	1	UID1148026	1	1	0	0
1	1	UID1148031	1	1	0	0
1	1	UID1148034	1	1	0	0
1	1	UID1148045	1	1	0	0
1	1	UID1148055	1	1	0	0
1	1	UID1148072	1	1	0	0
1	1	UID1148081	1	1	0	0
1	1	UID1148085	1	1	0	0
1	1	UID1148089	1	1	0	0
1	1	UID1148099	1	1	0	0
1	1	UID1148113	1	1	0	0
1	1	UID1148124	1	1	0	0
1	1	UID1148125	1	1	0	0
1	1	UID1148127	1	1	0	0
1	1	UID1148133	1	1	0	0
1	1	UID1148138	1	1	0	0
1	1	UID1148150	1	1	0	0
1	1	UID1148153	1	1	0	0
1	1	UID1148168	1	1	0	0
1	1	UID1148175	1	1	0	0
1	1	UID1148195	1	1	0	0
2	2	UID1148206	1	2	1	1
1	1	UID1148216	1	1	0	0
1	1	UID1148221	1	1	0	0
1	1	UID1148230	1	1	0	0
1	1	UID1148235	1	1	0	0
1	1	UID1148260	1	1	0	0
1	1	UID1148269	1	1	0	0
1	1	UID1148270	1	1	0	0
1	1	UID1148284	1	1	0	0
1	1	UID1148285	1	1	0	0
1	1	UID1148288	1	1	0	0
1	1	UID1148290	1	1	0	0
1	1	UID1148294	1	1	0	0
1	1	UID1148295	1	1	0	0
1	1	UID1148299	1	1	0	0
1	1	UID1148300	1	1	0	0
1	1	UID1148322	1	1	0	0
1	1	UID1148328	1	1	0	0
1	1	UID1148337	1	1	0	0
1	1	UID1148339	1	1	0	0
1	1	UID1148349	1	1	0	0
1	1	UID1148356	1	1	0	0
1	1	UID1148382	1	1	0	0
1	1	UID1148391	1	1	0	0
1	1	UID1148395	1	1	0	0
1	1	UID1148398	1	1	0	0
1	1	UID1148408	1	1	0	0
1	1	UID1148425	1	1	0	0
1	1	UID1148442	1	1	0	0
1	1	UID1148484	1	1	0	0
1	1	UID1148490	1	1	0	0
1	1	UID1148495	1	1	0	0
1	1	UID1148496	1	1	0	0
1	1	UID1148502	1	1	0	0
1	1	UID1148507	1	1	0	0
1	1	UID1148511	1	1	0	0
1	1	UID1148521	1	1	0	0
1	1	UID1148557	1	1	0	0
1	1	UID1148559	1	1	0	0
1	1	UID1148560	1	1	0	0
1	1	UID1148564	1	1	0	0
1	1	UID1148567	1	1	0	0
1	1	UID1148568	1	1	0	0
1	1	UID1148569	1	1	0	0
1	1	UID1148582	1	1	0	0
1	1	UID1148604	1	1	0	0
1	1	UID1148648	1	1	0	0
1	1	UID1148666	1	1	0	0
1	1	UID1148670	1	1	0	0
1	1	UID1148672	1	1	0	0
1	1	UID1148674	1	1	0	0
1	1	UID1148680	1	1	0	0
1	1	UID1148682	1	1	0	0
1	1	UID1148685	1	1	0	0
1	1	UID1148694	1	1	0	0
1	1	UID1148700	1	1	0	0
1	1	UID1148718	1	1	0	0
1	1	UID1148751	1	1	0	0
1	1	UID1148777	1	1	0	0
1	1	UID1148818	1	1	0	0
1	1	UID1148825	1	1	0	0
1	1	UID1148835	1	1	0	0
1	1	UID1148836	1	1	0	0
1	1	UID1148838	1	1	0	0
1	1	UID1148840	1	1	0	0
1	1	UID1148841	1	1	0	0
1	1	UID1148850	1	1	0	0
1	1	UID1148851	1	1	0	0
1	1	UID1148865	1	1	0	0
1	1	UID1148914	1	1	0	0
1	1	UID1148922	1	1	0	0
1	1	UID1148932	1	1	0	0
1	1	UID1148935	1	1	0	0
1	1	UID1148936	1	1	0	0
1	1	UID1148968	1	1	0	0
1	1	UID1148973	1	1	0	0
1	1	UID1148985	1	1	0	0
1	1	UID1149000	1	1	0	0
1	1	UID1149018	1	1	0	0
1	1	UID1149027	1	1	0	0
1	1	UID1149032	1	1	0	0
1	1	UID1149036	1	1	0	0
1	1	UID1149037	1	1	0	0
1	1	UID1149044	1	1	0	0
1	1	UID1149045	1	1	0	0
1	1	UID1149108	1	1	0	0
1	1	UID1149116	1	1	0	0
1	1	UID1149121	1	1	0	0
1	1	UID1149124	1	1	0	0
1	1	UID1149147	1	1	0	0
1	1	UID1149153	1	1	0	0
1	1	UID1149154	1	1	0	0
1	1	UID1149155	1	1	0	0
1	1	UID1149164	1	1	0	0
1	1	UID1149166	1	1	0	0
1	1	UID1149168	1	1	0	0
1	1	UID1149196	1	1	0	0
1	1	UID1149197	1	1	0	0
1	1	UID1149202	1	1	0	0
1	1	UID1149203	1	1	0	0
1	1	UID1149209	1	1	0	0
1	1	UID1149235	1	1	0	0
1	1	UID1149242	1	1	0	0
1	1	UID1149252	1	1	0	0
1	1	UID1149258	1	1	0	0
1	1	UID1149259	1	1	0	0
1	1	UID1149263	1	1	0	0
1	1	UID1149265	1	1	0	0
1	1	UID1149287	1	1	0	0
1	1	UID1149289	1	1	0	0
1	1	UID1149294	1	1	0	0
1	1	UID1149305	1	1	0	0
1	1	UID1149308	1	1	0	0
1	1	UID1149342	1	1	0	0
1	1	UID1149351	1	1	0	0
1	1	UID1149355	1	1	0	0
1	1	UID1149375	1	1	0	0
1	1	UID1149376	1	1	0	0
1	1	UID118656	1	1	0	0
5	5	UID1445	1	5	1	1
1	1	UID150870	1	1	0	0
1	1	UID164726	1	1	0	0
1	1	UID164886	1	1	0	0
1	1	UID173989	1	1	0	0
1	1	UID272	1	1	0	0
1	1	UID27393	1	1	0	0
1	1	UID40	1	1	0	0
1	1	UID59812	1	1	0	0
3	3	UID608	1	3	1	1
1	1	UID617789	1	1	0	0
1	1	UID618295	1	1	0	0
1	1	UID62227	1	1	0	0
1	1	UID624644	1	1	0	0
2	2	UID62995	1	2	1	1
1	1	UID636653	1	1	0	0
1	1	UID751377	1	1	0	0
