300	608	UID166	157	266	5	5
100	224	UID1369	113	89	2	2
96	192	UID985	89	87	2	2
41	74	UID134344	34	40	1	1
13	32	UID34893	20	12	1	1
29	41	UID360278	13	28	2	2
33	47	UID608	13	30	2	2
30	50	UID240583	12	26	2	2
26	39	UID324382	12	23	2	2
16	27	UID61211	11	14	1	1
22	36	UID2	7	17	3	3
9	15	UID317973	6	7	1	1
3	6	UID31769	4	2	1	1
2	5	UID34883	4	1	1	1
4	6	UID61235	3	3	1	1
1	2	UID10381	2	0	0	0
2	3	UID104995	2	1	1	1
1	2	UID1058473	2	0	0	0
1	2	UID1222308	2	0	0	0
5	6	UID230564	2	4	1	1
3	5	UID28729	2	1	2	2
4	5	UID314	2	3	1	1
3	4	UID325114	2	2	1	1
6	7	UID34928	2	5	1	1
2	3	UID526051	2	1	1	1
3	4	UID61268	2	2	1	1
2	3	UID61446	2	1	1	1
2	3	UID8003	2	1	1	1
2	2	UID1003294	1	2	1	1
1	1	UID1003386	1	1	0	0
1	1	UID1005349	1	1	0	0
1	1	UID101542	1	1	0	0
1	1	UID102063	1	1	0	0
1	1	UID1023622	1	1	0	0
8	8	UID1058441	1	8	2	2
1	1	UID1058655	1	1	0	0
1	1	UID1058752	1	1	0	0
1	1	UID1059349	1	1	0	0
1	1	UID1064082	1	1	0	0
6	6	UID1072711	1	6	3	3
1	1	UID1072760	1	1	0	0
2	2	UID1102953	1	2	1	1
1	1	UID1106665	1	1	0	0
1	1	UID1107656	1	1	0	0
1	1	UID1149389	1	1	0	0
1	1	UID1149599	1	1	0	0
1	1	UID1149771	1	1	0	0
8	8	UID1149785	1	8	3	3
1	1	UID1150125	1	1	0	0
1	1	UID1151289	1	1	0	0
1	1	UID1154431	1	1	0	0
1	1	UID1154728	1	1	0	0
1	1	UID1156002	1	1	0	0
1	1	UID1157582	1	1	0	0
1	1	UID1161595	1	1	0	0
1	1	UID1174141	1	1	0	0
1	1	UID1185550	1	1	0	0
1	1	UID1222311	1	1	0	0
1	1	UID1222312	1	1	0	0
1	1	UID1222313	1	1	0	0
1	1	UID1222314	1	1	0	0
1	1	UID1222315	1	1	0	0
1	1	UID1222317	1	1	0	0
1	1	UID1222318	1	1	0	0
1	1	UID1222319	1	1	0	0
1	1	UID1222320	1	1	0	0
1	1	UID1222324	1	1	0	0
1	1	UID1222326	1	1	0	0
1	1	UID1222332	1	1	0	0
1	1	UID1222334	1	1	0	0
1	1	UID1222335	1	1	0	0
1	1	UID1222338	1	1	0	0
1	1	UID1222340	1	1	0	0
1	1	UID1222341	1	1	0	0
1	1	UID1222342	1	1	0	0
1	1	UID1222344	1	1	0	0
1	1	UID1222348	1	1	0	0
1	1	UID1222353	1	1	0	0
1	1	UID1222354	1	1	0	0
1	1	UID1222358	1	1	0	0
1	1	UID1222374	1	1	0	0
1	1	UID1222384	1	1	0	0
1	1	UID1222389	1	1	0	0
1	1	UID1222391	1	1	0	0
1	1	UID1222395	1	1	0	0
1	1	UID1222398	1	1	0	0
1	1	UID1222402	1	1	0	0
1	1	UID1222414	1	1	0	0
1	1	UID1222415	1	1	0	0
1	1	UID1222418	1	1	0	0
1	1	UID1222425	1	1	0	0
1	1	UID1222427	1	1	0	0
1	1	UID1222429	1	1	0	0
1	1	UID1222430	1	1	0	0
1	1	UID1222433	1	1	0	0
1	1	UID1222434	1	1	0	0
1	1	UID1222436	1	1	0	0
1	1	UID1222437	1	1	0	0
1	1	UID1222438	1	1	0	0
1	1	UID1222439	1	1	0	0
1	1	UID1222440	1	1	0	0
1	1	UID1222441	1	1	0	0
1	1	UID1222443	1	1	0	0
1	1	UID1222444	1	1	0	0
1	1	UID1222445	1	1	0	0
1	1	UID1222447	1	1	0	0
1	1	UID1222452	1	1	0	0
1	1	UID1222454	1	1	0	0
1	1	UID1222458	1	1	0	0
1	1	UID1222461	1	1	0	0
1	1	UID1222463	1	1	0	0
1	1	UID1222464	1	1	0	0
1	1	UID1222465	1	1	0	0
1	1	UID1222469	1	1	0	0
1	1	UID1222476	1	1	0	0
1	1	UID1222490	1	1	0	0
1	1	UID1222491	1	1	0	0
1	1	UID1222493	1	1	0	0
1	1	UID1222495	1	1	0	0
1	1	UID1222496	1	1	0	0
1	1	UID1222498	1	1	0	0
1	1	UID1222499	1	1	0	0
1	1	UID1222502	1	1	0	0
1	1	UID1222503	1	1	0	0
1	1	UID1222504	1	1	0	0
1	1	UID1222505	1	1	0	0
1	1	UID1222506	1	1	0	0
1	1	UID1222507	1	1	0	0
1	1	UID1222509	1	1	0	0
1	1	UID1222511	1	1	0	0
1	1	UID1222514	1	1	0	0
1	1	UID1222515	1	1	0	0
1	1	UID1222516	1	1	0	0
1	1	UID1222517	1	1	0	0
1	1	UID1222518	1	1	0	0
1	1	UID1222519	1	1	0	0
2	2	UID1222521	1	2	1	1
1	1	UID1222522	1	1	0	0
1	1	UID1222527	1	1	0	0
1	1	UID1222530	1	1	0	0
1	1	UID1222533	1	1	0	0
1	1	UID1222536	1	1	0	0
1	1	UID1222537	1	1	0	0
1	1	UID1222539	1	1	0	0
1	1	UID1222540	1	1	0	0
1	1	UID1222541	1	1	0	0
1	1	UID1222542	1	1	0	0
1	1	UID1222544	1	1	0	0
1	1	UID1222550	1	1	0	0
1	1	UID1222551	1	1	0	0
1	1	UID1222553	1	1	0	0
1	1	UID1222554	1	1	0	0
1	1	UID1222555	1	1	0	0
1	1	UID1222557	1	1	0	0
1	1	UID1222558	1	1	0	0
1	1	UID1222561	1	1	0	0
1	1	UID1222562	1	1	0	0
1	1	UID1222563	1	1	0	0
1	1	UID1222564	1	1	0	0
1	1	UID1222565	1	1	0	0
1	1	UID1222566	1	1	0	0
1	1	UID1222569	1	1	0	0
1	1	UID1222570	1	1	0	0
1	1	UID1222573	1	1	0	0
1	1	UID1222574	1	1	0	0
1	1	UID1222575	1	1	0	0
1	1	UID1222579	1	1	0	0
1	1	UID1222583	1	1	0	0
1	1	UID1222586	1	1	0	0
1	1	UID1222587	1	1	0	0
1	1	UID1222589	1	1	0	0
1	1	UID1222592	1	1	0	0
1	1	UID1222594	1	1	0	0
1	1	UID1222595	1	1	0	0
1	1	UID1222597	1	1	0	0
1	1	UID1222598	1	1	0	0
1	1	UID1222599	1	1	0	0
1	1	UID1222600	1	1	0	0
1	1	UID1222602	1	1	0	0
1	1	UID1222603	1	1	0	0
1	1	UID1222605	1	1	0	0
1	1	UID1222606	1	1	0	0
1	1	UID1222608	1	1	0	0
1	1	UID1222609	1	1	0	0
1	1	UID1222610	1	1	0	0
1	1	UID1222611	1	1	0	0
1	1	UID1222612	1	1	0	0
1	1	UID1222615	1	1	0	0
1	1	UID1222619	1	1	0	0
1	1	UID1222620	1	1	0	0
1	1	UID1222621	1	1	0	0
1	1	UID1222622	1	1	0	0
1	1	UID1222623	1	1	0	0
1	1	UID1222624	1	1	0	0
1	1	UID1222625	1	1	0	0
1	1	UID1222627	1	1	0	0
1	1	UID1222628	1	1	0	0
1	1	UID1222630	1	1	0	0
1	1	UID1222631	1	1	0	0
1	1	UID1222632	1	1	0	0
1	1	UID1222634	1	1	0	0
1	1	UID1222635	1	1	0	0
1	1	UID1222638	1	1	0	0
1	1	UID1222639	1	1	0	0
1	1	UID1222640	1	1	0	0
1	1	UID1222643	1	1	0	0
1	1	UID1222644	1	1	0	0
1	1	UID1222645	1	1	0	0
1	1	UID1222646	1	1	0	0
1	1	UID1222648	1	1	0	0
1	1	UID1222649	1	1	0	0
1	1	UID1222651	1	1	0	0
1	1	UID1222652	1	1	0	0
1	1	UID1222653	1	1	0	0
1	1	UID1222654	1	1	0	0
1	1	UID1417	1	1	0	0
1	1	UID14482	1	1	0	0
1	1	UID150870	1	1	0	0
1	1	UID1563	1	1	0	0
1	1	UID164157	1	1	0	0
1	1	UID169219	1	1	0	0
1	1	UID173301	1	1	0	0
1	1	UID228304	1	1	0	0
1	1	UID247130	1	1	0	0
2	2	UID247	1	2	1	1
1	1	UID248872	1	1	0	0
1	1	UID34974	1	1	0	0
1	1	UID373491	1	1	0	0
1	1	UID421520	1	1	0	0
1	1	UID504288	1	1	0	0
1	1	UID506	1	1	0	0
2	2	UID57869	1	2	1	1
1	1	UID61316	1	1	0	0
1	1	UID63026	1	1	0	0
1	1	UID717987	1	1	0	0
1	1	UID7991	1	1	0	0
1	1	UID8015	1	1	0	0
1	1	UID892757	1	1	0	0
1	1	UID894532	1	1	0	0
1	1	UID916	1	1	0	0
1	1	UID921483	1	1	0	0
1	1	UID929142	1	1	0	0
1	1	UID992	1	1	0	0
1	1	UID993	1	1	0	0
