219	542	UID314	268	176	2	2
156	313	UID18121	145	142	2	2
60	121	UID62227	61	58	2	2
46	110	UID1	31	38	3	3
26	60	UID62982	26	22	2	2
28	44	UID380	14	25	2	2
10	22	UID71814	13	9	2	2
5	15	UID608	11	4	1	1
14	23	UID519	10	13	1	1
5	14	UID62981	10	4	2	2
8	14	UID101376	6	6	2	2
14	21	UID62226	6	11	1	1
2	5	UID101104	4	1	1	1
5	8	UID218188	4	4	1	1
6	10	UID2	4	4	1	1
8	12	UID82766	4	6	2	2
10	14	UID1446	3	8	2	2
2	4	UID229769	3	1	1	1
3	5	UID9581	3	2	1	1
5	6	UID101236	2	4	1	1
5	6	UID101647	2	4	1	1
3	4	UID10255	2	2	1	1
1	2	UID114365	2	0	0	0
3	4	UID1257146	2	2	1	1
1	2	UID1257147	2	0	0	0
1	2	UID584	2	0	0	0
6	7	UID62988	2	5	1	1
1	2	UID7479	2	0	0	0
1	1	UID101816	1	1	0	0
1	1	UID1032616	1	1	0	0
1	1	UID110145	1	1	0	0
1	1	UID110435	1	1	0	0
1	1	UID1257148	1	1	0	0
1	1	UID1257149	1	1	0	0
1	1	UID1257151	1	1	0	0
1	1	UID1257153	1	1	0	0
1	1	UID1257154	1	1	0	0
1	1	UID1257155	1	1	0	0
1	1	UID1257156	1	1	0	0
1	1	UID1257160	1	1	0	0
1	1	UID1257161	1	1	0	0
1	1	UID1257163	1	1	0	0
1	1	UID1257165	1	1	0	0
1	1	UID1257170	1	1	0	0
1	1	UID1257178	1	1	0	0
1	1	UID1257180	1	1	0	0
1	1	UID1257181	1	1	0	0
1	1	UID1257184	1	1	0	0
1	1	UID1257186	1	1	0	0
1	1	UID1257191	1	1	0	0
1	1	UID1257192	1	1	0	0
1	1	UID1257201	1	1	0	0
1	1	UID1257202	1	1	0	0
1	1	UID1257203	1	1	0	0
1	1	UID1257204	1	1	0	0
1	1	UID1257205	1	1	0	0
1	1	UID1257206	1	1	0	0
1	1	UID1257207	1	1	0	0
1	1	UID1257208	1	1	0	0
1	1	UID1257211	1	1	0	0
1	1	UID1257213	1	1	0	0
1	1	UID1257214	1	1	0	0
1	1	UID1257215	1	1	0	0
1	1	UID1257218	1	1	0	0
1	1	UID1257220	1	1	0	0
1	1	UID1257227	1	1	0	0
1	1	UID1257228	1	1	0	0
1	1	UID1257237	1	1	0	0
1	1	UID1257239	1	1	0	0
1	1	UID1257243	1	1	0	0
1	1	UID1257244	1	1	0	0
1	1	UID1257247	1	1	0	0
1	1	UID1257257	1	1	0	0
1	1	UID1257269	1	1	0	0
1	1	UID1257273	1	1	0	0
1	1	UID1257275	1	1	0	0
1	1	UID1257277	1	1	0	0
1	1	UID1257278	1	1	0	0
1	1	UID1257279	1	1	0	0
1	1	UID1257280	1	1	0	0
1	1	UID1257285	1	1	0	0
1	1	UID1257286	1	1	0	0
1	1	UID1257292	1	1	0	0
1	1	UID1257293	1	1	0	0
1	1	UID1257294	1	1	0	0
1	1	UID1257295	1	1	0	0
1	1	UID1257297	1	1	0	0
1	1	UID1257299	1	1	0	0
1	1	UID1257302	1	1	0	0
1	1	UID1257306	1	1	0	0
1	1	UID1257309	1	1	0	0
1	1	UID1257310	1	1	0	0
1	1	UID1257314	1	1	0	0
1	1	UID1257316	1	1	0	0
1	1	UID1257318	1	1	0	0
1	1	UID1257319	1	1	0	0
1	1	UID1257320	1	1	0	0
1	1	UID1257321	1	1	0	0
1	1	UID1257324	1	1	0	0
1	1	UID1257326	1	1	0	0
1	1	UID1257327	1	1	0	0
1	1	UID1257328	1	1	0	0
1	1	UID1257331	1	1	0	0
1	1	UID1257334	1	1	0	0
1	1	UID1257338	1	1	0	0
1	1	UID1257341	1	1	0	0
1	1	UID1257345	1	1	0	0
1	1	UID1257353	1	1	0	0
1	1	UID1257356	1	1	0	0
1	1	UID1257358	1	1	0	0
1	1	UID1257363	1	1	0	0
1	1	UID1257364	1	1	0	0
1	1	UID1257365	1	1	0	0
1	1	UID1257372	1	1	0	0
1	1	UID1257373	1	1	0	0
1	1	UID1257375	1	1	0	0
1	1	UID1257376	1	1	0	0
1	1	UID1257380	1	1	0	0
1	1	UID1257381	1	1	0	0
1	1	UID1257382	1	1	0	0
1	1	UID1257384	1	1	0	0
1	1	UID1257385	1	1	0	0
1	1	UID1257386	1	1	0	0
1	1	UID1257388	1	1	0	0
1	1	UID1257389	1	1	0	0
1	1	UID1257391	1	1	0	0
1	1	UID1257393	1	1	0	0
1	1	UID1257394	1	1	0	0
1	1	UID1257398	1	1	0	0
1	1	UID1257399	1	1	0	0
1	1	UID1257400	1	1	0	0
2	2	UID128492	1	2	1	1
1	1	UID1428	1	1	0	0
2	2	UID1445	1	2	1	1
3	3	UID157971	1	3	2	2
1	1	UID172024	1	1	0	0
3	3	UID201	1	3	1	1
2	2	UID215770	1	2	1	1
2	2	UID216037	1	2	1	1
1	1	UID216383	1	1	0	0
1	1	UID216975	1	1	0	0
1	1	UID217555	1	1	0	0
1	1	UID222127	1	1	0	0
1	1	UID245230	1	1	0	0
1	1	UID27288	1	1	0	0
1	1	UID318263	1	1	0	0
2	2	UID325330	1	2	1	1
1	1	UID379012	1	1	0	0
1	1	UID40	1	1	0	0
1	1	UID46	1	1	0	0
1	1	UID57864	1	1	0	0
1	1	UID7330	1	1	0	0
1	1	UID831913	1	1	0	0
1	1	UID886437	1	1	0	0
1	1	UID933139	1	1	0	0
