13966	83548	UID68692	36812	10524	5	5
7116	50439	UID166	23040	5039	7	7
6522	35091	UID101419	15504	4892	6	6
3131	16915	UID1180	6731	2150	5	5
1518	5902	UID62996	2389	1016	4	4
1399	4759	UID246709	1789	939	5	5
809	2778	UID7991	1090	515	3	3
627	1904	UID981	754	419	3	3
570	1899	UID48383	596	365	4	4
519	1662	UID7463	519	342	3	3
275	930	UID48389	458	180	3	3
186	519	UID48477	175	136	3	3
130	330	UID48427	147	98	2	2
133	324	UID128735	136	98	3	3
112	281	UID62995	121	88	3	3
56	174	UID167239	105	43	2	2
95	225	UID74137	100	73	3	3
100	223	UID608	98	80	3	3
82	202	UID83739	89	61	3	3
102	241	UID102313	81	70	3	3
69	163	UID314	79	54	2	2
57	138	UID31769	76	51	2	2
132	314	UID49040	75	96	3	3
79	164	UID519	75	69	2	2
75	169	UID985	74	61	2	2
60	148	UID9539	66	43	2	2
46	149	UID61549	56	31	2	2
62	123	UID44940	50	51	2	2
34	105	UID767935	50	26	2	2
39	91	UID1222754	47	32	2	2
74	125	UID273797	40	65	2	2
26	76	UID72013	39	18	2	2
40	76	UID40	35	37	2	2
32	76	UID210095	34	24	2	2
31	69	UID61682	33	25	2	2
37	77	UID286	24	27	2	2
16	43	UID520046	22	12	2	2
17	39	UID761171	21	14	2	2
27	52	UID61852	20	21	2	2
26	62	UID74260	20	18	2	2
27	48	UID83738	19	23	2	2
39	61	UID74289	17	32	2	2
12	31	UID762748	17	8	2	2
27	58	UID199871	16	20	2	2
14	30	UID1222980	15	11	2	2
16	42	UID1222996	15	9	2	2
22	41	UID9455	14	18	2	2
19	34	UID101256	13	15	2	2
15	32	UID74586	12	13	2	2
33	51	UID71975	11	26	2	2
20	37	UID787903	11	13	2	2
10	19	UID1223135	10	9	1	1
28	39	UID34893	10	25	2	2
13	25	UID83699	10	9	1	1
3	11	UID148921	9	2	1	1
14	25	UID370417	9	11	1	1
7	14	UID101961	8	6	1	1
10	19	UID1223275	8	7	1	1
5	12	UID1223286	8	4	1	1
2	9	UID1223303	8	1	1	1
5	11	UID247133	7	4	1	1
9	19	UID466180	7	6	2	2
6	13	UID7979	7	4	1	1
4	9	UID1223537	6	3	1	1
1	6	UID1223570	6	0	0	0
21	39	UID787402	6	12	2	2
9	14	UID119268	5	7	2	2
1	5	UID1223596	5	0	0	0
1	5	UID1223604	5	0	0	0
1	5	UID1223748	5	0	0	0
1	5	UID1223756	5	0	0	0
1	5	UID1223758	5	0	0	0
7	11	UID157974	5	6	1	1
12	17	UID246643	5	10	1	1
8	14	UID283867	5	5	2	2
3	7	UID31779	5	2	1	1
13	19	UID364824	5	10	2	2
11	15	UID61211	5	10	1	1
1	4	UID1223781	4	0	0	0
1	4	UID1223786	4	0	0	0
1	4	UID1223791	4	0	0	0
1	4	UID1223794	4	0	0	0
1	4	UID1223795	4	0	0	0
1	4	UID1223812	4	0	0	0
1	4	UID1223814	4	0	0	0
1	4	UID1223817	4	0	0	0
1	4	UID1223820	4	0	0	0
1	4	UID1223848	4	0	0	0
1	4	UID1223849	4	0	0	0
1	4	UID1223854	4	0	0	0
1	4	UID1223855	4	0	0	0
1	4	UID1223856	4	0	0	0
1	4	UID1223864	4	0	0	0
1	4	UID1223866	4	0	0	0
1	4	UID1223876	4	0	0	0
2	5	UID1223877	4	1	1	1
1	4	UID1223880	4	0	0	0
1	4	UID1223883	4	0	0	0
1	4	UID1223897	4	0	0	0
1	4	UID1223918	4	0	0	0
1	4	UID1223928	4	0	0	0
1	4	UID1223947	4	0	0	0
1	4	UID1223967	4	0	0	0
1	4	UID1223968	4	0	0	0
1	4	UID1223978	4	0	0	0
11	15	UID1223983	4	9	1	1
1	4	UID1223995	4	0	0	0
3	6	UID1223996	4	2	1	1
9	18	UID1223997	4	3	1	1
1	4	UID1223999	4	0	0	0
1	4	UID1224008	4	0	0	0
9	14	UID1224010	4	6	2	2
2	6	UID1224030	4	0	1	1
1	4	UID1224034	4	0	0	0
1	4	UID1224039	4	0	0	0
1	4	UID1224050	4	0	0	0
1	4	UID1224053	4	0	0	0
2	5	UID1224054	4	1	1	1
13	17	UID1224087	4	11	2	2
1	4	UID1224123	4	0	0	0
1	4	UID1224149	4	0	0	0
1	4	UID1224153	4	0	0	0
1	4	UID1224157	4	0	0	0
1	4	UID1224159	4	0	0	0
2	5	UID1224164	4	1	1	1
1	4	UID1224166	4	0	0	0
1	4	UID1224173	4	0	0	0
1	4	UID1224176	4	0	0	0
1	4	UID1224178	4	0	0	0
1	4	UID1224183	4	0	0	0
1	4	UID1224187	4	0	0	0
1	4	UID1224192	4	0	0	0
1	4	UID1224193	4	0	0	0
1	4	UID1224199	4	0	0	0
1	4	UID1224205	4	0	0	0
1	4	UID1224208	4	0	0	0
1	4	UID1224210	4	0	0	0
6	12	UID133643	4	3	2	2
7	10	UID246644	4	6	1	1
5	12	UID289	4	2	2	2
2	5	UID362807	4	1	1	1
3	6	UID54476	4	2	1	1
4	8	UID9498	4	2	1	1
1	3	UID1224212	3	0	0	0
2	4	UID1224213	3	1	1	1
1	3	UID1224214	3	0	0	0
1	3	UID1224218	3	0	0	0
1	3	UID1224232	3	0	0	0
1	3	UID1224234	3	0	0	0
1	3	UID1224235	3	0	0	0
1	3	UID1224241	3	0	0	0
1	3	UID1224255	3	0	0	0
1	3	UID1224257	3	0	0	0
1	3	UID1224263	3	0	0	0
1	3	UID1224264	3	0	0	0
1	3	UID1224268	3	0	0	0
1	3	UID1224269	3	0	0	0
1	3	UID1224273	3	0	0	0
1	3	UID1224277	3	0	0	0
1	3	UID1224280	3	0	0	0
1	3	UID1224282	3	0	0	0
1	3	UID1224288	3	0	0	0
1	3	UID1224290	3	0	0	0
1	3	UID1224294	3	0	0	0
1	3	UID1224300	3	0	0	0
1	3	UID1224302	3	0	0	0
1	3	UID1224303	3	0	0	0
1	3	UID1224306	3	0	0	0
1	3	UID1224308	3	0	0	0
1	3	UID1224309	3	0	0	0
1	3	UID1224315	3	0	0	0
1	3	UID1224324	3	0	0	0
1	3	UID1224326	3	0	0	0
1	3	UID1224329	3	0	0	0
2	4	UID1224333	3	1	1	1
1	3	UID1224338	3	0	0	0
1	3	UID1224340	3	0	0	0
2	4	UID1224341	3	1	1	1
1	3	UID1224342	3	0	0	0
1	3	UID1224343	3	0	0	0
1	3	UID1224351	3	0	0	0
1	3	UID1224360	3	0	0	0
1	3	UID1224363	3	0	0	0
1	3	UID1224364	3	0	0	0
1	3	UID1224365	3	0	0	0
1	3	UID1224366	3	0	0	0
1	3	UID1224379	3	0	0	0
1	3	UID1224383	3	0	0	0
1	3	UID1224389	3	0	0	0
1	3	UID1224413	3	0	0	0
1	3	UID1224421	3	0	0	0
1	3	UID1224426	3	0	0	0
1	3	UID1224429	3	0	0	0
1	3	UID1224432	3	0	0	0
1	3	UID1224434	3	0	0	0
1	3	UID1224436	3	0	0	0
1	3	UID1224437	3	0	0	0
1	3	UID1224439	3	0	0	0
1	3	UID1224444	3	0	0	0
1	3	UID1224445	3	0	0	0
1	3	UID1224447	3	0	0	0
1	3	UID1224466	3	0	0	0
1	3	UID1224469	3	0	0	0
1	3	UID1224476	3	0	0	0
1	3	UID1224478	3	0	0	0
1	3	UID1224481	3	0	0	0
1	3	UID1224483	3	0	0	0
1	3	UID1224490	3	0	0	0
1	3	UID1224495	3	0	0	0
1	3	UID1224505	3	0	0	0
1	3	UID1224515	3	0	0	0
1	3	UID1224520	3	0	0	0
1	3	UID1224521	3	0	0	0
1	3	UID1224536	3	0	0	0
1	3	UID1224548	3	0	0	0
1	3	UID1224559	3	0	0	0
1	3	UID1224566	3	0	0	0
1	3	UID1224567	3	0	0	0
1	3	UID1224594	3	0	0	0
1	3	UID1224619	3	0	0	0
1	3	UID1224620	3	0	0	0
1	3	UID1224628	3	0	0	0
1	3	UID1224637	3	0	0	0
1	3	UID1224644	3	0	0	0
1	3	UID1224661	3	0	0	0
1	3	UID1224666	3	0	0	0
2	4	UID1224744	3	1	1	1
1	3	UID1224784	3	0	0	0
1	3	UID1224788	3	0	0	0
1	3	UID1224793	3	0	0	0
1	3	UID1224795	3	0	0	0
2	4	UID1224806	3	1	0	0
7	11	UID1224808	3	5	2	2
1	3	UID1224810	3	0	0	0
1	3	UID1224817	3	0	0	0
1	3	UID1224823	3	0	0	0
1	3	UID1224840	3	0	0	0
1	3	UID1224842	3	0	0	0
2	4	UID1224853	3	1	1	1
1	3	UID1224854	3	0	0	0
1	3	UID1224856	3	0	0	0
1	3	UID1224861	3	0	0	0
1	3	UID1224864	3	0	0	0
1	3	UID1224865	3	0	0	0
1	3	UID1224885	3	0	0	0
1	3	UID1224889	3	0	0	0
1	3	UID1224892	3	0	0	0
1	3	UID1224910	3	0	0	0
1	3	UID1224911	3	0	0	0
2	4	UID1224916	3	1	0	0
1	3	UID1224924	3	0	0	0
1	3	UID1224929	3	0	0	0
1	3	UID1224930	3	0	0	0
1	3	UID1224937	3	0	0	0
1	3	UID1224949	3	0	0	0
1	3	UID1224961	3	0	0	0
1	3	UID1224963	3	0	0	0
1	3	UID1224965	3	0	0	0
2	4	UID1224967	3	1	0	0
1	3	UID1224972	3	0	0	0
1	3	UID1224978	3	0	0	0
1	3	UID1224979	3	0	0	0
1	3	UID1224990	3	0	0	0
1	3	UID1224994	3	0	0	0
1	3	UID1225001	3	0	0	0
1	3	UID1225002	3	0	0	0
1	3	UID1225006	3	0	0	0
1	3	UID1225007	3	0	0	0
1	3	UID1225013	3	0	0	0
1	3	UID1225014	3	0	0	0
1	3	UID1225031	3	0	0	0
1	3	UID1225039	3	0	0	0
1	3	UID1225042	3	0	0	0
1	3	UID1225047	3	0	0	0
1	3	UID1225051	3	0	0	0
1	3	UID1225054	3	0	0	0
1	3	UID1225055	3	0	0	0
1	3	UID1225061	3	0	0	0
1	3	UID1225062	3	0	0	0
1	3	UID1225063	3	0	0	0
1	3	UID1225072	3	0	0	0
1	3	UID1225073	3	0	0	0
2	4	UID1225076	3	1	1	1
1	3	UID1225081	3	0	0	0
1	3	UID1225090	3	0	0	0
1	3	UID1225095	3	0	0	0
1	3	UID1225100	3	0	0	0
1	3	UID1225102	3	0	0	0
1	3	UID1225130	3	0	0	0
1	3	UID1225138	3	0	0	0
1	3	UID1225141	3	0	0	0
1	3	UID1225187	3	0	0	0
1	3	UID1225191	3	0	0	0
1	3	UID1225196	3	0	0	0
1	3	UID1225197	3	0	0	0
1	3	UID1225205	3	0	0	0
1	3	UID1225211	3	0	0	0
1	3	UID1225212	3	0	0	0
2	4	UID1225230	3	1	1	1
1	3	UID1225231	3	0	0	0
1	3	UID1225232	3	0	0	0
1	3	UID1225236	3	0	0	0
1	3	UID1225242	3	0	0	0
1	3	UID1225249	3	0	0	0
1	3	UID1225255	3	0	0	0
1	3	UID1225261	3	0	0	0
1	3	UID1225262	3	0	0	0
1	3	UID1225265	3	0	0	0
1	3	UID1225283	3	0	0	0
1	3	UID1225285	3	0	0	0
1	3	UID1225288	3	0	0	0
1	3	UID1225289	3	0	0	0
1	3	UID1225292	3	0	0	0
1	3	UID1225294	3	0	0	0
1	3	UID1225301	3	0	0	0
1	3	UID1225304	3	0	0	0
1	3	UID1225308	3	0	0	0
1	3	UID1225309	3	0	0	0
1	3	UID1225310	3	0	0	0
1	3	UID1225311	3	0	0	0
1	3	UID1225324	3	0	0	0
1	3	UID1225326	3	0	0	0
1	3	UID1225330	3	0	0	0
1	3	UID1225335	3	0	0	0
1	3	UID1225336	3	0	0	0
1	3	UID1225342	3	0	0	0
1	3	UID1225343	3	0	0	0
1	3	UID1225344	3	0	0	0
1	3	UID1225348	3	0	0	0
1	3	UID1225351	3	0	0	0
1	3	UID1225361	3	0	0	0
2	4	UID1225363	3	1	1	1
1	3	UID1225365	3	0	0	0
1	3	UID1225366	3	0	0	0
1	3	UID1225369	3	0	0	0
1	3	UID1225377	3	0	0	0
1	3	UID1225378	3	0	0	0
1	3	UID1225381	3	0	0	0
1	3	UID1225392	3	0	0	0
1	3	UID1225393	3	0	0	0
1	3	UID1225401	3	0	0	0
1	3	UID1225407	3	0	0	0
1	3	UID1225412	3	0	0	0
1	3	UID1225413	3	0	0	0
1	3	UID1225424	3	0	0	0
1	3	UID1225425	3	0	0	0
1	3	UID1225426	3	0	0	0
1	3	UID1225430	3	0	0	0
1	3	UID1225434	3	0	0	0
1	3	UID1225435	3	0	0	0
1	3	UID1225436	3	0	0	0
1	3	UID1225437	3	0	0	0
1	3	UID1225439	3	0	0	0
1	3	UID1225444	3	0	0	0
1	3	UID1225448	3	0	0	0
1	3	UID1225453	3	0	0	0
1	3	UID1225458	3	0	0	0
1	3	UID1225463	3	0	0	0
1	3	UID1225464	3	0	0	0
1	3	UID1225474	3	0	0	0
1	3	UID1225478	3	0	0	0
1	3	UID1225479	3	0	0	0
1	3	UID1225483	3	0	0	0
1	3	UID1225484	3	0	0	0
1	3	UID1225485	3	0	0	0
1	3	UID1225491	3	0	0	0
1	3	UID1225493	3	0	0	0
1	3	UID1225496	3	0	0	0
1	3	UID1225499	3	0	0	0
1	3	UID1225501	3	0	0	0
1	3	UID1225503	3	0	0	0
1	3	UID1225504	3	0	0	0
1	3	UID1225505	3	0	0	0
12	18	UID1417	3	8	2	2
4	6	UID199829	3	3	2	2
1	3	UID2533	3	0	0	0
6	9	UID513404	3	4	1	1
1	3	UID57869	3	0	0	0
1	3	UID767599	3	0	0	0
3	5	UID8003	3	2	1	1
5	8	UID8077	3	3	1	1
1	2	UID10255	2	0	0	0
1	2	UID103651	2	0	0	0
2	3	UID111642	2	1	1	1
1	2	UID1225524	2	0	0	0
1	2	UID1225583	2	0	0	0
1	2	UID1225587	2	0	0	0
1	2	UID1225599	2	0	0	0
1	2	UID1225610	2	0	0	0
1	2	UID1225620	2	0	0	0
2	3	UID1225638	2	1	1	1
1	2	UID1225650	2	0	0	0
2	3	UID1225693	2	1	1	1
2	3	UID1225696	2	1	1	1
1	2	UID1225703	2	0	0	0
1	2	UID1225796	2	0	0	0
1	2	UID1225802	2	0	0	0
1	2	UID1225811	2	0	0	0
2	3	UID1225838	2	1	1	1
1	2	UID1225849	2	0	0	0
1	2	UID1225873	2	0	0	0
1	2	UID1225875	2	0	0	0
1	2	UID1225885	2	0	0	0
1	2	UID1225894	2	0	0	0
1	2	UID1225895	2	0	0	0
1	2	UID1225944	2	0	0	0
1	2	UID1225949	2	0	0	0
1	2	UID1225950	2	0	0	0
1	2	UID1225960	2	0	0	0
1	2	UID1225977	2	0	0	0
1	2	UID1226003	2	0	0	0
1	2	UID1226024	2	0	0	0
1	2	UID1226035	2	0	0	0
1	2	UID1226056	2	0	0	0
1	2	UID1226062	2	0	0	0
2	3	UID1226063	2	1	1	1
1	2	UID1226064	2	0	0	0
1	2	UID1226072	2	0	0	0
1	2	UID1226184	2	0	0	0
1	2	UID1226185	2	0	0	0
1	2	UID1226284	2	0	0	0
1	2	UID1226287	2	0	0	0
1	2	UID1226301	2	0	0	0
1	2	UID1226560	2	0	0	0
1	2	UID1226571	2	0	0	0
1	2	UID1226581	2	0	0	0
1	2	UID1226592	2	0	0	0
1	2	UID1226615	2	0	0	0
1	2	UID1226692	2	0	0	0
1	2	UID1226709	2	0	0	0
1	2	UID1226741	2	0	0	0
1	2	UID1226806	2	0	0	0
1	2	UID1226843	2	0	0	0
1	2	UID1226856	2	0	0	0
1	2	UID1226874	2	0	0	0
1	2	UID1227017	2	0	0	0
2	3	UID1227131	2	1	1	1
1	2	UID1227174	2	0	0	0
1	2	UID1227325	2	0	0	0
1	2	UID1227399	2	0	0	0
1	2	UID1227605	2	0	0	0
1	2	UID1227624	2	0	0	0
1	2	UID1227751	2	0	0	0
2	3	UID1227797	2	1	1	1
2	3	UID1227799	2	1	1	1
1	2	UID1227805	2	0	0	0
1	2	UID1227806	2	0	0	0
2	3	UID1227823	2	1	1	1
1	2	UID1227824	2	0	0	0
1	2	UID1227865	2	0	0	0
1	2	UID1227871	2	0	0	0
2	3	UID1227923	2	1	1	1
2	3	UID1227940	2	1	1	1
2	3	UID1227953	2	1	1	1
2	3	UID1228076	2	1	1	1
1	2	UID1228095	2	0	0	0
1	2	UID1228101	2	0	0	0
1	2	UID1228129	2	0	0	0
1	2	UID1228230	2	0	0	0
1	2	UID1228266	2	0	0	0
1	2	UID1228279	2	0	0	0
1	2	UID1228282	2	0	0	0
1	2	UID1228283	2	0	0	0
1	2	UID1228324	2	0	0	0
2	3	UID1228347	2	1	1	1
1	2	UID1228430	2	0	0	0
2	3	UID1228449	2	1	1	1
2	3	UID1228465	2	1	1	1
1	2	UID1228487	2	0	0	0
1	2	UID1228502	2	0	0	0
1	2	UID1228511	2	0	0	0
1	2	UID1228550	2	0	0	0
1	2	UID1228577	2	0	0	0
1	2	UID1228616	2	0	0	0
1	2	UID1228617	2	0	0	0
1	2	UID1228620	2	0	0	0
1	2	UID1228645	2	0	0	0
1	2	UID1228674	2	0	0	0
1	2	UID1228706	2	0	0	0
1	2	UID1228707	2	0	0	0
1	2	UID1228709	2	0	0	0
1	2	UID1228710	2	0	0	0
1	2	UID1228722	2	0	0	0
2	3	UID1228723	2	1	1	1
1	2	UID1228733	2	0	0	0
2	3	UID1228745	2	1	1	1
2	3	UID1228755	2	1	1	1
1	2	UID1228756	2	0	0	0
1	2	UID1228757	2	0	0	0
2	3	UID1228765	2	1	1	1
2	3	UID1228768	2	1	1	1
2	3	UID1228806	2	1	1	1
1	2	UID1228846	2	0	0	0
1	2	UID1228848	2	0	0	0
1	2	UID1228850	2	0	0	0
1	2	UID1228865	2	0	0	0
4	7	UID1228902	2	1	2	2
6	8	UID1228955	2	4	1	1
1	2	UID1228994	2	0	0	0
2	3	UID1229023	2	1	1	1
1	2	UID1229076	2	0	0	0
1	2	UID1229101	2	0	0	0
9	11	UID1229137	2	7	1	1
1	2	UID1229279	2	0	0	0
1	2	UID1229309	2	0	0	0
1	2	UID1229310	2	0	0	0
1	2	UID1229311	2	0	0	0
1	2	UID1229321	2	0	0	0
1	2	UID1229329	2	0	0	0
1	2	UID1229331	2	0	0	0
17	19	UID1229332	2	15	2	2
1	2	UID1229341	2	0	0	0
1	2	UID1229345	2	0	0	0
4	5	UID1229353	2	3	2	2
4	6	UID1229356	2	2	1	1
1	2	UID1229358	2	0	0	0
1	2	UID1229384	2	0	0	0
2	3	UID1229393	2	1	1	1
1	2	UID1229420	2	0	0	0
1	2	UID1229539	2	0	0	0
1	2	UID1229540	2	0	0	0
2	3	UID1229547	2	1	1	1
1	2	UID1229569	2	0	0	0
1	2	UID1229571	2	0	0	0
1	2	UID1229590	2	0	0	0
1	2	UID1229610	2	0	0	0
2	3	UID1229629	2	1	1	1
1	2	UID1229676	2	0	0	0
3	5	UID1229705	2	1	1	1
1	2	UID1229708	2	0	0	0
1	2	UID1229773	2	0	0	0
1	2	UID1229777	2	0	0	0
1	2	UID1229779	2	0	0	0
1	2	UID1229832	2	0	0	0
1	2	UID1229844	2	0	0	0
1	2	UID1229868	2	0	0	0
1	2	UID1229898	2	0	0	0
1	2	UID1229943	2	0	0	0
1	2	UID1229953	2	0	0	0
1	2	UID1229998	2	0	0	0
1	2	UID1230001	2	0	0	0
2	3	UID1230016	2	1	1	1
1	2	UID1230019	2	0	0	0
1	2	UID1230042	2	0	0	0
1	2	UID1230048	2	0	0	0
1	2	UID1230059	2	0	0	0
1	2	UID1230068	2	0	0	0
2	3	UID1230094	2	1	1	1
2	3	UID1230104	2	1	1	1
2	3	UID1230107	2	1	1	1
1	2	UID1230112	2	0	0	0
1	2	UID1230121	2	0	0	0
1	2	UID1230147	2	0	0	0
1	2	UID1230169	2	0	0	0
2	3	UID1230191	2	1	1	1
1	2	UID1230222	2	0	0	0
1	2	UID1230224	2	0	0	0
2	3	UID1230246	2	1	1	1
1	2	UID1230260	2	0	0	0
1	2	UID1230261	2	0	0	0
1	2	UID1230268	2	0	0	0
1	2	UID1230281	2	0	0	0
1	2	UID1230323	2	0	0	0
2	3	UID1230324	2	1	1	1
1	2	UID1230328	2	0	0	0
1	2	UID1230346	2	0	0	0
1	2	UID1230351	2	0	0	0
1	2	UID1230451	2	0	0	0
1	2	UID1230466	2	0	0	0
4	6	UID135193	2	2	1	1
1	2	UID193090	2	0	0	0
7	8	UID193387	2	6	3	3
1	2	UID215767	2	0	0	0
2	3	UID222785	2	1	1	1
16	19	UID247487	2	13	3	3
2	3	UID364570	2	1	1	1
12	13	UID372190	2	11	2	2
5	7	UID380	2	3	1	1
1	2	UID48553	2	0	0	0
1	2	UID650123	2	0	0	0
1	2	UID7457	2	0	0	0
1	2	UID75689	2	0	0	0
8	9	UID8252	2	7	3	3
1	1	UID1018143	1	1	0	0
1	1	UID101967	1	1	0	0
2	2	UID107677	1	2	1	1
3	3	UID110144	1	3	1	1
1	1	UID1230470	1	1	0	0
1	1	UID1230471	1	1	0	0
1	1	UID1230473	1	1	0	0
1	1	UID1230474	1	1	0	0
1	1	UID1230476	1	1	0	0
1	1	UID1230481	1	1	0	0
1	1	UID1230482	1	1	0	0
1	1	UID1230493	1	1	0	0
1	1	UID1230499	1	1	0	0
1	1	UID1230520	1	1	0	0
1	1	UID1230521	1	1	0	0
1	1	UID1230533	1	1	0	0
1	1	UID1230541	1	1	0	0
1	1	UID1230542	1	1	0	0
1	1	UID1230543	1	1	0	0
1	1	UID1230545	1	1	0	0
1	1	UID1230548	1	1	0	0
1	1	UID1230551	1	1	0	0
1	1	UID1230568	1	1	0	0
1	1	UID1230589	1	1	0	0
1	1	UID1230594	1	1	0	0
1	1	UID1230597	1	1	0	0
1	1	UID1230603	1	1	0	0
1	1	UID1230605	1	1	0	0
1	1	UID1230606	1	1	0	0
1	1	UID1230609	1	1	0	0
1	1	UID1230631	1	1	0	0
1	1	UID1230635	1	1	0	0
1	1	UID1230647	1	1	0	0
2	2	UID1230662	1	2	1	1
1	1	UID1230671	1	1	0	0
1	1	UID1230672	1	1	0	0
1	1	UID1230681	1	1	0	0
1	1	UID1230704	1	1	0	0
1	1	UID1230708	1	1	0	0
1	1	UID1230709	1	1	0	0
1	1	UID1230715	1	1	0	0
1	1	UID1230774	1	1	0	0
1	1	UID1230796	1	1	0	0
1	1	UID1230841	1	1	0	0
1	1	UID1230847	1	1	0	0
1	1	UID1230853	1	1	0	0
1	1	UID1230855	1	1	0	0
1	1	UID1230859	1	1	0	0
1	1	UID1230861	1	1	0	0
1	1	UID1230862	1	1	0	0
1	1	UID1230864	1	1	0	0
1	1	UID1230877	1	1	0	0
1	1	UID1230881	1	1	0	0
1	1	UID1230888	1	1	0	0
1	1	UID1230891	1	1	0	0
1	1	UID1230893	1	1	0	0
1	1	UID1230894	1	1	0	0
1	1	UID1230897	1	1	0	0
1	1	UID1230899	1	1	0	0
1	1	UID1230908	1	1	0	0
1	1	UID1230912	1	1	0	0
1	1	UID1230913	1	1	0	0
1	1	UID1230922	1	1	0	0
1	1	UID1230925	1	1	0	0
1	1	UID1230929	1	1	0	0
1	1	UID1230930	1	1	0	0
1	1	UID1230942	1	1	0	0
1	1	UID1230949	1	1	0	0
1	1	UID1231008	1	1	0	0
1	1	UID1231023	1	1	0	0
1	1	UID1231049	1	1	0	0
1	1	UID1231058	1	1	0	0
1	1	UID1231079	1	1	0	0
1	1	UID1231082	1	1	0	0
1	1	UID1231088	1	1	0	0
1	1	UID1231098	1	1	0	0
1	1	UID1231101	1	1	0	0
1	1	UID1231104	1	1	0	0
1	1	UID1231107	1	1	0	0
1	1	UID1231108	1	1	0	0
1	1	UID1231109	1	1	0	0
1	1	UID1231110	1	1	0	0
1	1	UID1231112	1	1	0	0
1	1	UID1231113	1	1	0	0
1	1	UID1231115	1	1	0	0
1	1	UID1231138	1	1	0	0
1	1	UID1231149	1	1	0	0
1	1	UID1231153	1	1	0	0
1	1	UID1231156	1	1	0	0
1	1	UID1231167	1	1	0	0
1	1	UID1231170	1	1	0	0
1	1	UID1231196	1	1	0	0
1	1	UID1231206	1	1	0	0
1	1	UID1231211	1	1	0	0
1	1	UID1231243	1	1	0	0
1	1	UID1231263	1	1	0	0
1	1	UID1231264	1	1	0	0
1	1	UID1231268	1	1	0	0
1	1	UID1231292	1	1	0	0
1	1	UID1231306	1	1	0	0
1	1	UID1231311	1	1	0	0
1	1	UID1231315	1	1	0	0
1	1	UID1231316	1	1	0	0
1	1	UID1231318	1	1	0	0
1	1	UID1231324	1	1	0	0
1	1	UID1231334	1	1	0	0
1	1	UID1231335	1	1	0	0
2	2	UID1231336	1	2	1	1
1	1	UID1231342	1	1	0	0
1	1	UID1231349	1	1	0	0
2	2	UID1231352	1	2	1	1
1	1	UID1231367	1	1	0	0
1	1	UID1231386	1	1	0	0
1	1	UID1231389	1	1	0	0
1	1	UID1231390	1	1	0	0
1	1	UID1231392	1	1	0	0
1	1	UID1231399	1	1	0	0
1	1	UID1231400	1	1	0	0
1	1	UID1231401	1	1	0	0
1	1	UID1231402	1	1	0	0
1	1	UID1231404	1	1	0	0
1	1	UID1231406	1	1	0	0
1	1	UID1231423	1	1	0	0
1	1	UID1231435	1	1	0	0
1	1	UID1231448	1	1	0	0
1	1	UID1231452	1	1	0	0
1	1	UID1231458	1	1	0	0
1	1	UID1231464	1	1	0	0
1	1	UID1231476	1	1	0	0
1	1	UID1231508	1	1	0	0
1	1	UID1231533	1	1	0	0
1	1	UID1231556	1	1	0	0
1	1	UID1231574	1	1	0	0
1	1	UID1231578	1	1	0	0
1	1	UID1231582	1	1	0	0
1	1	UID1231584	1	1	0	0
1	1	UID1231599	1	1	0	0
1	1	UID1231604	1	1	0	0
1	1	UID1231610	1	1	0	0
1	1	UID1231613	1	1	0	0
1	1	UID1231614	1	1	0	0
1	1	UID1231630	1	1	0	0
1	1	UID1231631	1	1	0	0
1	1	UID1231636	1	1	0	0
1	1	UID1231643	1	1	0	0
1	1	UID1231653	1	1	0	0
1	1	UID1231671	1	1	0	0
1	1	UID1231674	1	1	0	0
1	1	UID1231709	1	1	0	0
1	1	UID1231714	1	1	0	0
1	1	UID1231741	1	1	0	0
1	1	UID1231743	1	1	0	0
1	1	UID1231744	1	1	0	0
1	1	UID1231756	1	1	0	0
1	1	UID1231763	1	1	0	0
1	1	UID1231768	1	1	0	0
1	1	UID1231773	1	1	0	0
1	1	UID1231785	1	1	0	0
1	1	UID1231788	1	1	0	0
1	1	UID1231792	1	1	0	0
1	1	UID1231802	1	1	0	0
1	1	UID1231821	1	1	0	0
1	1	UID1231823	1	1	0	0
1	1	UID1231837	1	1	0	0
1	1	UID1231838	1	1	0	0
1	1	UID1231842	1	1	0	0
1	1	UID1231857	1	1	0	0
1	1	UID1231874	1	1	0	0
1	1	UID1231890	1	1	0	0
1	1	UID1231906	1	1	0	0
1	1	UID1231910	1	1	0	0
1	1	UID1231978	1	1	0	0
1	1	UID1231990	1	1	0	0
1	1	UID1231993	1	1	0	0
1	1	UID1232004	1	1	0	0
1	1	UID1232018	1	1	0	0
1	1	UID1232020	1	1	0	0
1	1	UID1232024	1	1	0	0
1	1	UID1232025	1	1	0	0
1	1	UID1232053	1	1	0	0
1	1	UID1232061	1	1	0	0
1	1	UID1232072	1	1	0	0
1	1	UID1232078	1	1	0	0
1	1	UID1232081	1	1	0	0
1	1	UID1232097	1	1	0	0
1	1	UID1232101	1	1	0	0
1	1	UID1232102	1	1	0	0
1	1	UID1232106	1	1	0	0
1	1	UID1232107	1	1	0	0
1	1	UID1232109	1	1	0	0
1	1	UID1232110	1	1	0	0
1	1	UID1232112	1	1	0	0
1	1	UID1232113	1	1	0	0
1	1	UID1232125	1	1	0	0
1	1	UID1232129	1	1	0	0
1	1	UID1232130	1	1	0	0
1	1	UID1232132	1	1	0	0
1	1	UID1232149	1	1	0	0
1	1	UID1232150	1	1	0	0
1	1	UID1232151	1	1	0	0
1	1	UID1232153	1	1	0	0
1	1	UID1232166	1	1	0	0
1	1	UID1232167	1	1	0	0
1	1	UID1232168	1	1	0	0
1	1	UID1232170	1	1	0	0
1	1	UID1232178	1	1	0	0
1	1	UID1232179	1	1	0	0
1	1	UID1232183	1	1	0	0
1	1	UID1232184	1	1	0	0
1	1	UID1232191	1	1	0	0
1	1	UID1232201	1	1	0	0
1	1	UID1232266	1	1	0	0
1	1	UID1232302	1	1	0	0
2	2	UID1232333	1	2	1	1
1	1	UID1232341	1	1	0	0
1	1	UID1232347	1	1	0	0
1	1	UID1232350	1	1	0	0
1	1	UID1232351	1	1	0	0
1	1	UID1232362	1	1	0	0
1	1	UID1232371	1	1	0	0
1	1	UID1232372	1	1	0	0
1	1	UID1232373	1	1	0	0
1	1	UID1232378	1	1	0	0
1	1	UID1232389	1	1	0	0
1	1	UID1232390	1	1	0	0
1	1	UID1232391	1	1	0	0
1	1	UID1232392	1	1	0	0
1	1	UID1232397	1	1	0	0
1	1	UID1232398	1	1	0	0
1	1	UID1232400	1	1	0	0
1	1	UID1232403	1	1	0	0
1	1	UID1232405	1	1	0	0
1	1	UID1232414	1	1	0	0
1	1	UID1232439	1	1	0	0
1	1	UID1232446	1	1	0	0
1	1	UID1232453	1	1	0	0
1	1	UID1232468	1	1	0	0
1	1	UID1232527	1	1	0	0
1	1	UID1232541	1	1	0	0
1	1	UID1232552	1	1	0	0
2	2	UID1232553	1	2	1	1
1	1	UID1232558	1	1	0	0
1	1	UID1232564	1	1	0	0
1	1	UID1232565	1	1	0	0
1	1	UID1232570	1	1	0	0
1	1	UID1232573	1	1	0	0
1	1	UID1232615	1	1	0	0
1	1	UID1232619	1	1	0	0
1	1	UID1232629	1	1	0	0
1	1	UID1232632	1	1	0	0
1	1	UID1232634	1	1	0	0
1	1	UID1232636	1	1	0	0
1	1	UID1232642	1	1	0	0
1	1	UID1232652	1	1	0	0
1	1	UID1232653	1	1	0	0
1	1	UID1232664	1	1	0	0
1	1	UID1232668	1	1	0	0
1	1	UID1232675	1	1	0	0
1	1	UID1232676	1	1	0	0
1	1	UID1232677	1	1	0	0
1	1	UID1232678	1	1	0	0
1	1	UID1232680	1	1	0	0
1	1	UID1232681	1	1	0	0
1	1	UID1232683	1	1	0	0
1	1	UID1232690	1	1	0	0
1	1	UID1232691	1	1	0	0
1	1	UID1232692	1	1	0	0
1	1	UID1232694	1	1	0	0
1	1	UID1232697	1	1	0	0
1	1	UID1232726	1	1	0	0
1	1	UID1232735	1	1	0	0
1	1	UID1232799	1	1	0	0
1	1	UID1232800	1	1	0	0
1	1	UID1232801	1	1	0	0
1	1	UID1232802	1	1	0	0
1	1	UID1232814	1	1	0	0
1	1	UID1232860	1	1	0	0
1	1	UID1232862	1	1	0	0
1	1	UID1232869	1	1	0	0
1	1	UID1232870	1	1	0	0
1	1	UID1232874	1	1	0	0
1	1	UID1232875	1	1	0	0
1	1	UID1232879	1	1	0	0
1	1	UID1232881	1	1	0	0
1	1	UID1232885	1	1	0	0
1	1	UID1232894	1	1	0	0
1	1	UID1232896	1	1	0	0
1	1	UID1232899	1	1	0	0
1	1	UID1232908	1	1	0	0
1	1	UID1232912	1	1	0	0
1	1	UID1232918	1	1	0	0
1	1	UID1232921	1	1	0	0
1	1	UID1232932	1	1	0	0
1	1	UID1232933	1	1	0	0
1	1	UID1232936	1	1	0	0
1	1	UID1232943	1	1	0	0
1	1	UID1232951	1	1	0	0
1	1	UID1232952	1	1	0	0
1	1	UID1233010	1	1	0	0
1	1	UID1233064	1	1	0	0
1	1	UID1233076	1	1	0	0
1	1	UID1233082	1	1	0	0
1	1	UID1233106	1	1	0	0
1	1	UID1233146	1	1	0	0
1	1	UID1233151	1	1	0	0
1	1	UID1233158	1	1	0	0
1	1	UID1233159	1	1	0	0
1	1	UID1233166	1	1	0	0
1	1	UID1233169	1	1	0	0
1	1	UID1233177	1	1	0	0
1	1	UID1233178	1	1	0	0
1	1	UID1233181	1	1	0	0
1	1	UID1233182	1	1	0	0
1	1	UID1233195	1	1	0	0
1	1	UID1233196	1	1	0	0
1	1	UID1233200	1	1	0	0
1	1	UID1233205	1	1	0	0
1	1	UID1233207	1	1	0	0
1	1	UID1233220	1	1	0	0
1	1	UID1233223	1	1	0	0
1	1	UID1233225	1	1	0	0
1	1	UID1233237	1	1	0	0
1	1	UID1233248	1	1	0	0
1	1	UID1233267	1	1	0	0
1	1	UID1233271	1	1	0	0
1	1	UID1233272	1	1	0	0
1	1	UID1233275	1	1	0	0
1	1	UID1233276	1	1	0	0
1	1	UID1233278	1	1	0	0
1	1	UID1233282	1	1	0	0
1	1	UID1233283	1	1	0	0
1	1	UID1233284	1	1	0	0
1	1	UID1233297	1	1	0	0
1	1	UID1233299	1	1	0	0
1	1	UID1233300	1	1	0	0
1	1	UID1233301	1	1	0	0
1	1	UID1233304	1	1	0	0
1	1	UID1233312	1	1	0	0
1	1	UID1233314	1	1	0	0
1	1	UID1233326	1	1	0	0
1	1	UID1233349	1	1	0	0
1	1	UID1233378	1	1	0	0
1	1	UID1233385	1	1	0	0
1	1	UID1233386	1	1	0	0
1	1	UID1233408	1	1	0	0
1	1	UID1233446	1	1	0	0
1	1	UID1233453	1	1	0	0
1	1	UID1233463	1	1	0	0
1	1	UID1233464	1	1	0	0
1	1	UID1233484	1	1	0	0
1	1	UID1233509	1	1	0	0
1	1	UID1233512	1	1	0	0
1	1	UID1233514	1	1	0	0
1	1	UID1233515	1	1	0	0
1	1	UID1233519	1	1	0	0
1	1	UID1233524	1	1	0	0
1	1	UID1233576	1	1	0	0
1	1	UID1233597	1	1	0	0
1	1	UID1233614	1	1	0	0
1	1	UID1233620	1	1	0	0
1	1	UID1233637	1	1	0	0
1	1	UID1233665	1	1	0	0
1	1	UID1233666	1	1	0	0
1	1	UID1233671	1	1	0	0
1	1	UID1233703	1	1	0	0
1	1	UID1233710	1	1	0	0
1	1	UID1233714	1	1	0	0
1	1	UID1233719	1	1	0	0
1	1	UID1233725	1	1	0	0
1	1	UID1233726	1	1	0	0
1	1	UID1233746	1	1	0	0
1	1	UID1233749	1	1	0	0
1	1	UID1233753	1	1	0	0
1	1	UID1233760	1	1	0	0
1	1	UID1233778	1	1	0	0
1	1	UID1233780	1	1	0	0
1	1	UID1233808	1	1	0	0
1	1	UID1233821	1	1	0	0
1	1	UID1233835	1	1	0	0
1	1	UID1233852	1	1	0	0
1	1	UID1233855	1	1	0	0
2	2	UID1233870	1	2	1	1
1	1	UID1233873	1	1	0	0
1	1	UID1233879	1	1	0	0
1	1	UID1233884	1	1	0	0
1	1	UID1233885	1	1	0	0
1	1	UID1233886	1	1	0	0
1	1	UID1233887	1	1	0	0
1	1	UID1233898	1	1	0	0
1	1	UID1233900	1	1	0	0
1	1	UID1233914	1	1	0	0
1	1	UID1233916	1	1	0	0
1	1	UID1233920	1	1	0	0
1	1	UID1233921	1	1	0	0
1	1	UID1233933	1	1	0	0
1	1	UID1233955	1	1	0	0
1	1	UID1233973	1	1	0	0
1	1	UID1233981	1	1	0	0
1	1	UID1233986	1	1	0	0
1	1	UID1233990	1	1	0	0
1	1	UID1234034	1	1	0	0
1	1	UID1234035	1	1	0	0
1	1	UID1234043	1	1	0	0
1	1	UID1234053	1	1	0	0
1	1	UID1234062	1	1	0	0
1	1	UID1234078	1	1	0	0
1	1	UID1234086	1	1	0	0
1	1	UID1234087	1	1	0	0
1	1	UID1234088	1	1	0	0
1	1	UID1234106	1	1	0	0
1	1	UID1234120	1	1	0	0
1	1	UID1234121	1	1	0	0
1	1	UID1234128	1	1	0	0
1	1	UID1234129	1	1	0	0
1	1	UID1234130	1	1	0	0
1	1	UID1234132	1	1	0	0
1	1	UID1234141	1	1	0	0
1	1	UID1234147	1	1	0	0
1	1	UID1234149	1	1	0	0
1	1	UID1234152	1	1	0	0
1	1	UID1234155	1	1	0	0
1	1	UID1234162	1	1	0	0
1	1	UID1234204	1	1	0	0
1	1	UID1234206	1	1	0	0
1	1	UID1234207	1	1	0	0
1	1	UID1234215	1	1	0	0
1	1	UID1234217	1	1	0	0
1	1	UID1234233	1	1	0	0
1	1	UID1234239	1	1	0	0
1	1	UID1234241	1	1	0	0
1	1	UID1234289	1	1	0	0
1	1	UID1234294	1	1	0	0
1	1	UID1234300	1	1	0	0
1	1	UID1234380	1	1	0	0
1	1	UID1234386	1	1	0	0
1	1	UID1234397	1	1	0	0
1	1	UID1234411	1	1	0	0
1	1	UID1234432	1	1	0	0
1	1	UID1234443	1	1	0	0
1	1	UID1234458	1	1	0	0
1	1	UID1234478	1	1	0	0
1	1	UID1234503	1	1	0	0
1	1	UID1234523	1	1	0	0
1	1	UID1234585	1	1	0	0
1	1	UID1234596	1	1	0	0
1	1	UID1234616	1	1	0	0
1	1	UID1234667	1	1	0	0
1	1	UID1234700	1	1	0	0
1	1	UID1234701	1	1	0	0
1	1	UID1234702	1	1	0	0
1	1	UID1234703	1	1	0	0
1	1	UID1234704	1	1	0	0
1	1	UID1234706	1	1	0	0
1	1	UID1234719	1	1	0	0
1	1	UID1234747	1	1	0	0
1	1	UID1234758	1	1	0	0
1	1	UID1234764	1	1	0	0
1	1	UID1234826	1	1	0	0
1	1	UID1234828	1	1	0	0
1	1	UID1234835	1	1	0	0
1	1	UID1234839	1	1	0	0
1	1	UID1234844	1	1	0	0
1	1	UID1234846	1	1	0	0
1	1	UID1234850	1	1	0	0
1	1	UID1234860	1	1	0	0
1	1	UID1234916	1	1	0	0
1	1	UID1234940	1	1	0	0
1	1	UID1234944	1	1	0	0
1	1	UID1234951	1	1	0	0
1	1	UID1234967	1	1	0	0
1	1	UID1235000	1	1	0	0
1	1	UID1235061	1	1	0	0
1	1	UID1235212	1	1	0	0
1	1	UID1235214	1	1	0	0
1	1	UID1235297	1	1	0	0
1	1	UID1235312	1	1	0	0
1	1	UID1235331	1	1	0	0
1	1	UID1235402	1	1	0	0
2	2	UID1235456	1	2	1	1
1	1	UID1235457	1	1	0	0
1	1	UID1235461	1	1	0	0
1	1	UID1235491	1	1	0	0
1	1	UID1235515	1	1	0	0
1	1	UID1235657	1	1	0	0
1	1	UID1235666	1	1	0	0
1	1	UID1235677	1	1	0	0
1	1	UID1235747	1	1	0	0
1	1	UID1235787	1	1	0	0
1	1	UID1235874	1	1	0	0
1	1	UID1236020	1	1	0	0
1	1	UID1236092	1	1	0	0
1	1	UID1236215	1	1	0	0
1	1	UID1236233	1	1	0	0
1	1	UID1236244	1	1	0	0
1	1	UID1236361	1	1	0	0
1	1	UID1236377	1	1	0	0
1	1	UID1236387	1	1	0	0
1	1	UID1236397	1	1	0	0
1	1	UID1236469	1	1	0	0
1	1	UID1236497	1	1	0	0
1	1	UID1236524	1	1	0	0
1	1	UID1236542	1	1	0	0
1	1	UID1236554	1	1	0	0
1	1	UID1236596	1	1	0	0
1	1	UID1236854	1	1	0	0
1	1	UID1236864	1	1	0	0
1	1	UID1236871	1	1	0	0
1	1	UID1236914	1	1	0	0
1	1	UID1236915	1	1	0	0
1	1	UID1236939	1	1	0	0
1	1	UID1236941	1	1	0	0
1	1	UID1236942	1	1	0	0
1	1	UID1237007	1	1	0	0
1	1	UID1237036	1	1	0	0
1	1	UID1237043	1	1	0	0
1	1	UID1237063	1	1	0	0
1	1	UID1237066	1	1	0	0
1	1	UID1237067	1	1	0	0
1	1	UID1237071	1	1	0	0
1	1	UID1237076	1	1	0	0
1	1	UID1237107	1	1	0	0
1	1	UID1237108	1	1	0	0
1	1	UID1237169	1	1	0	0
1	1	UID1237170	1	1	0	0
1	1	UID1237178	1	1	0	0
1	1	UID1237181	1	1	0	0
1	1	UID1237183	1	1	0	0
1	1	UID1237185	1	1	0	0
1	1	UID1237202	1	1	0	0
1	1	UID1237220	1	1	0	0
1	1	UID1237239	1	1	0	0
1	1	UID1237240	1	1	0	0
1	1	UID1237250	1	1	0	0
1	1	UID1237268	1	1	0	0
1	1	UID1237271	1	1	0	0
1	1	UID1237272	1	1	0	0
1	1	UID1237278	1	1	0	0
1	1	UID1237283	1	1	0	0
1	1	UID1237305	1	1	0	0
1	1	UID1237310	1	1	0	0
1	1	UID1237311	1	1	0	0
1	1	UID1237312	1	1	0	0
1	1	UID1237323	1	1	0	0
1	1	UID1237336	1	1	0	0
1	1	UID1237344	1	1	0	0
1	1	UID1237361	1	1	0	0
1	1	UID1237362	1	1	0	0
1	1	UID1237365	1	1	0	0
1	1	UID1237385	1	1	0	0
1	1	UID1237395	1	1	0	0
2	2	UID1237396	1	2	1	1
1	1	UID1237404	1	1	0	0
1	1	UID1237428	1	1	0	0
1	1	UID1237429	1	1	0	0
1	1	UID1237467	1	1	0	0
1	1	UID1237503	1	1	0	0
1	1	UID1237504	1	1	0	0
1	1	UID1237505	1	1	0	0
1	1	UID1237507	1	1	0	0
1	1	UID1237510	1	1	0	0
1	1	UID1237519	1	1	0	0
1	1	UID1237525	1	1	0	0
1	1	UID1237528	1	1	0	0
1	1	UID1237554	1	1	0	0
1	1	UID1237555	1	1	0	0
1	1	UID1237558	1	1	0	0
1	1	UID1237559	1	1	0	0
1	1	UID1237570	1	1	0	0
1	1	UID1237582	1	1	0	0
1	1	UID1237588	1	1	0	0
1	1	UID1237593	1	1	0	0
1	1	UID1237601	1	1	0	0
1	1	UID1237625	1	1	0	0
1	1	UID1237631	1	1	0	0
1	1	UID1237635	1	1	0	0
1	1	UID1237638	1	1	0	0
1	1	UID1237641	1	1	0	0
1	1	UID1237646	1	1	0	0
1	1	UID1237647	1	1	0	0
1	1	UID1237648	1	1	0	0
1	1	UID1237649	1	1	0	0
1	1	UID1237650	1	1	0	0
1	1	UID1237662	1	1	0	0
1	1	UID1237700	1	1	0	0
1	1	UID1237707	1	1	0	0
1	1	UID1237726	1	1	0	0
1	1	UID1237733	1	1	0	0
1	1	UID1237739	1	1	0	0
1	1	UID1237744	1	1	0	0
1	1	UID1237755	1	1	0	0
1	1	UID1237789	1	1	0	0
1	1	UID1237791	1	1	0	0
1	1	UID1237798	1	1	0	0
1	1	UID1237805	1	1	0	0
1	1	UID1237815	1	1	0	0
1	1	UID1237822	1	1	0	0
1	1	UID1237834	1	1	0	0
1	1	UID1237845	1	1	0	0
1	1	UID1237911	1	1	0	0
1	1	UID1237922	1	1	0	0
1	1	UID1237954	1	1	0	0
1	1	UID1237962	1	1	0	0
1	1	UID1237964	1	1	0	0
1	1	UID1237985	1	1	0	0
1	1	UID1237988	1	1	0	0
1	1	UID1238040	1	1	0	0
1	1	UID1238042	1	1	0	0
1	1	UID1238070	1	1	0	0
1	1	UID1238082	1	1	0	0
1	1	UID1238090	1	1	0	0
1	1	UID1238104	1	1	0	0
1	1	UID1238145	1	1	0	0
1	1	UID1238146	1	1	0	0
1	1	UID1238150	1	1	0	0
1	1	UID1238151	1	1	0	0
1	1	UID1238152	1	1	0	0
1	1	UID1238153	1	1	0	0
1	1	UID1238154	1	1	0	0
1	1	UID1238155	1	1	0	0
1	1	UID1238157	1	1	0	0
1	1	UID1238167	1	1	0	0
1	1	UID1238176	1	1	0	0
1	1	UID1238180	1	1	0	0
1	1	UID1238195	1	1	0	0
1	1	UID1238201	1	1	0	0
1	1	UID1238208	1	1	0	0
1	1	UID1238234	1	1	0	0
1	1	UID1238268	1	1	0	0
1	1	UID1238273	1	1	0	0
1	1	UID1238278	1	1	0	0
1	1	UID1238323	1	1	0	0
1	1	UID1238324	1	1	0	0
1	1	UID1238352	1	1	0	0
1	1	UID1238389	1	1	0	0
1	1	UID1238441	1	1	0	0
1	1	UID1238443	1	1	0	0
1	1	UID1238469	1	1	0	0
1	1	UID1238481	1	1	0	0
1	1	UID1238492	1	1	0	0
1	1	UID1238509	1	1	0	0
1	1	UID1238514	1	1	0	0
1	1	UID1238573	1	1	0	0
1	1	UID1238588	1	1	0	0
1	1	UID1238589	1	1	0	0
1	1	UID1238591	1	1	0	0
1	1	UID1238714	1	1	0	0
1	1	UID1238723	1	1	0	0
1	1	UID1238724	1	1	0	0
1	1	UID1238737	1	1	0	0
1	1	UID1238739	1	1	0	0
1	1	UID1238742	1	1	0	0
1	1	UID1238743	1	1	0	0
1	1	UID1238744	1	1	0	0
1	1	UID1238745	1	1	0	0
1	1	UID1238773	1	1	0	0
1	1	UID1238832	1	1	0	0
1	1	UID1238834	1	1	0	0
1	1	UID1238841	1	1	0	0
1	1	UID1238843	1	1	0	0
1	1	UID1238853	1	1	0	0
1	1	UID1238882	1	1	0	0
1	1	UID1238884	1	1	0	0
1	1	UID1238899	1	1	0	0
1	1	UID1238908	1	1	0	0
1	1	UID1238917	1	1	0	0
1	1	UID1238940	1	1	0	0
1	1	UID1238958	1	1	0	0
1	1	UID1238976	1	1	0	0
1	1	UID1238993	1	1	0	0
1	1	UID1239029	1	1	0	0
1	1	UID1239076	1	1	0	0
1	1	UID1239085	1	1	0	0
1	1	UID1239125	1	1	0	0
1	1	UID1239141	1	1	0	0
1	1	UID1239154	1	1	0	0
1	1	UID1239159	1	1	0	0
1	1	UID1239172	1	1	0	0
1	1	UID1239242	1	1	0	0
1	1	UID1239253	1	1	0	0
1	1	UID1239260	1	1	0	0
1	1	UID1239269	1	1	0	0
1	1	UID1239270	1	1	0	0
1	1	UID1239321	1	1	0	0
1	1	UID1239327	1	1	0	0
1	1	UID1239331	1	1	0	0
1	1	UID1239450	1	1	0	0
1	1	UID1239468	1	1	0	0
1	1	UID1239469	1	1	0	0
1	1	UID1239479	1	1	0	0
1	1	UID1239495	1	1	0	0
1	1	UID1239498	1	1	0	0
1	1	UID1239516	1	1	0	0
1	1	UID1239523	1	1	0	0
1	1	UID1239537	1	1	0	0
1	1	UID1239554	1	1	0	0
1	1	UID1239555	1	1	0	0
1	1	UID1239568	1	1	0	0
1	1	UID1239575	1	1	0	0
1	1	UID1239626	1	1	0	0
2	2	UID1239643	1	2	1	1
1	1	UID1239650	1	1	0	0
1	1	UID1239652	1	1	0	0
1	1	UID1239750	1	1	0	0
1	1	UID1239797	1	1	0	0
1	1	UID1239809	1	1	0	0
1	1	UID1239837	1	1	0	0
1	1	UID1239838	1	1	0	0
1	1	UID1239868	1	1	0	0
1	1	UID1239869	1	1	0	0
1	1	UID1239873	1	1	0	0
1	1	UID1239874	1	1	0	0
1	1	UID1239878	1	1	0	0
1	1	UID1239879	1	1	0	0
1	1	UID1239889	1	1	0	0
1	1	UID1239968	1	1	0	0
1	1	UID1239981	1	1	0	0
1	1	UID1240033	1	1	0	0
1	1	UID1240058	1	1	0	0
1	1	UID1240063	1	1	0	0
1	1	UID1240138	1	1	0	0
1	1	UID1240148	1	1	0	0
1	1	UID1240178	1	1	0	0
1	1	UID1240206	1	1	0	0
1	1	UID1240210	1	1	0	0
1	1	UID1240248	1	1	0	0
1	1	UID1240266	1	1	0	0
1	1	UID1240267	1	1	0	0
1	1	UID1240325	1	1	0	0
1	1	UID1240332	1	1	0	0
1	1	UID1240333	1	1	0	0
1	1	UID1240344	1	1	0	0
1	1	UID1240347	1	1	0	0
1	1	UID1240384	1	1	0	0
1	1	UID1240414	1	1	0	0
1	1	UID1240426	1	1	0	0
1	1	UID1240509	1	1	0	0
1	1	UID1240533	1	1	0	0
1	1	UID1240552	1	1	0	0
1	1	UID1240555	1	1	0	0
1	1	UID1240585	1	1	0	0
1	1	UID1240619	1	1	0	0
1	1	UID1240659	1	1	0	0
1	1	UID1240663	1	1	0	0
1	1	UID1240679	1	1	0	0
1	1	UID1240680	1	1	0	0
1	1	UID1240752	1	1	0	0
1	1	UID1240775	1	1	0	0
1	1	UID1240779	1	1	0	0
1	1	UID1240795	1	1	0	0
1	1	UID1240803	1	1	0	0
1	1	UID1240804	1	1	0	0
1	1	UID1240871	1	1	0	0
1	1	UID1240919	1	1	0	0
1	1	UID1240978	1	1	0	0
1	1	UID1240997	1	1	0	0
1	1	UID1241014	1	1	0	0
1	1	UID1241022	1	1	0	0
1	1	UID1241029	1	1	0	0
1	1	UID1241060	1	1	0	0
1	1	UID1241099	1	1	0	0
1	1	UID1241160	1	1	0	0
1	1	UID1241167	1	1	0	0
1	1	UID1241198	1	1	0	0
1	1	UID1241257	1	1	0	0
1	1	UID1241280	1	1	0	0
1	1	UID1241348	1	1	0	0
1	1	UID1241463	1	1	0	0
1	1	UID1241467	1	1	0	0
1	1	UID1241549	1	1	0	0
1	1	UID1241582	1	1	0	0
1	1	UID1241583	1	1	0	0
1	1	UID1241825	1	1	0	0
1	1	UID1241953	1	1	0	0
1	1	UID1241982	1	1	0	0
1	1	UID1241994	1	1	0	0
1	1	UID1242001	1	1	0	0
1	1	UID1242086	1	1	0	0
1	1	UID1242123	1	1	0	0
1	1	UID1242151	1	1	0	0
1	1	UID1242190	1	1	0	0
1	1	UID1242191	1	1	0	0
1	1	UID1242213	1	1	0	0
1	1	UID1242241	1	1	0	0
1	1	UID1242243	1	1	0	0
1	1	UID1242372	1	1	0	0
1	1	UID1242532	1	1	0	0
1	1	UID1242679	1	1	0	0
1	1	UID1242686	1	1	0	0
1	1	UID1242751	1	1	0	0
1	1	UID1242761	1	1	0	0
1	1	UID1242781	1	1	0	0
1	1	UID1242818	1	1	0	0
1	1	UID1242887	1	1	0	0
1	1	UID1242896	1	1	0	0
1	1	UID1242909	1	1	0	0
1	1	UID1242913	1	1	0	0
1	1	UID1242982	1	1	0	0
1	1	UID1243027	1	1	0	0
1	1	UID1243036	1	1	0	0
1	1	UID1243041	1	1	0	0
1	1	UID1243054	1	1	0	0
1	1	UID1243058	1	1	0	0
1	1	UID1243131	1	1	0	0
1	1	UID1243145	1	1	0	0
1	1	UID1243147	1	1	0	0
1	1	UID1243171	1	1	0	0
1	1	UID1243184	1	1	0	0
1	1	UID1243185	1	1	0	0
1	1	UID1243214	1	1	0	0
1	1	UID1243234	1	1	0	0
1	1	UID1243237	1	1	0	0
1	1	UID1243241	1	1	0	0
1	1	UID1243244	1	1	0	0
1	1	UID1243250	1	1	0	0
1	1	UID1243364	1	1	0	0
1	1	UID1243373	1	1	0	0
1	1	UID1243383	1	1	0	0
1	1	UID1243384	1	1	0	0
2	2	UID1243398	1	2	1	1
1	1	UID1243462	1	1	0	0
1	1	UID1243480	1	1	0	0
1	1	UID1243570	1	1	0	0
1	1	UID1243573	1	1	0	0
1	1	UID1243646	1	1	0	0
1	1	UID1243691	1	1	0	0
1	1	UID1243793	1	1	0	0
1	1	UID1243797	1	1	0	0
1	1	UID1243865	1	1	0	0
1	1	UID1243896	1	1	0	0
1	1	UID1243914	1	1	0	0
1	1	UID1243917	1	1	0	0
1	1	UID1243925	1	1	0	0
1	1	UID1243937	1	1	0	0
1	1	UID1243939	1	1	0	0
1	1	UID1243989	1	1	0	0
1	1	UID1244069	1	1	0	0
1	1	UID1244137	1	1	0	0
1	1	UID1244155	1	1	0	0
1	1	UID1244219	1	1	0	0
1	1	UID1244234	1	1	0	0
1	1	UID1244297	1	1	0	0
1	1	UID1244313	1	1	0	0
1	1	UID1244353	1	1	0	0
1	1	UID1244361	1	1	0	0
1	1	UID1244364	1	1	0	0
1	1	UID1244376	1	1	0	0
1	1	UID1244390	1	1	0	0
1	1	UID1244424	1	1	0	0
1	1	UID1244440	1	1	0	0
1	1	UID1244457	1	1	0	0
1	1	UID1244511	1	1	0	0
1	1	UID1244517	1	1	0	0
1	1	UID1244518	1	1	0	0
1	1	UID1244562	1	1	0	0
1	1	UID1244572	1	1	0	0
1	1	UID1244683	1	1	0	0
1	1	UID1244684	1	1	0	0
1	1	UID1244691	1	1	0	0
1	1	UID1244710	1	1	0	0
1	1	UID1244732	1	1	0	0
1	1	UID1244736	1	1	0	0
1	1	UID1244737	1	1	0	0
1	1	UID1244749	1	1	0	0
1	1	UID1244751	1	1	0	0
1	1	UID1244754	1	1	0	0
1	1	UID1244758	1	1	0	0
1	1	UID1244762	1	1	0	0
1	1	UID1244808	1	1	0	0
1	1	UID1244838	1	1	0	0
1	1	UID1244966	1	1	0	0
1	1	UID1244967	1	1	0	0
1	1	UID1244977	1	1	0	0
1	1	UID1244978	1	1	0	0
1	1	UID1244986	1	1	0	0
1	1	UID1244990	1	1	0	0
1	1	UID1244996	1	1	0	0
1	1	UID1245006	1	1	0	0
1	1	UID1245011	1	1	0	0
1	1	UID1245013	1	1	0	0
1	1	UID1245018	1	1	0	0
1	1	UID1245038	1	1	0	0
1	1	UID1245071	1	1	0	0
1	1	UID1245083	1	1	0	0
1	1	UID1245121	1	1	0	0
1	1	UID1245122	1	1	0	0
1	1	UID1245129	1	1	0	0
1	1	UID1245145	1	1	0	0
1	1	UID1245167	1	1	0	0
1	1	UID1245172	1	1	0	0
1	1	UID1245179	1	1	0	0
1	1	UID1245186	1	1	0	0
1	1	UID1245201	1	1	0	0
1	1	UID1245203	1	1	0	0
1	1	UID1245237	1	1	0	0
1	1	UID1245243	1	1	0	0
1	1	UID1245258	1	1	0	0
1	1	UID1245327	1	1	0	0
1	1	UID1245336	1	1	0	0
1	1	UID1245340	1	1	0	0
1	1	UID1245342	1	1	0	0
1	1	UID1245352	1	1	0	0
1	1	UID1245353	1	1	0	0
1	1	UID1245364	1	1	0	0
1	1	UID1245435	1	1	0	0
1	1	UID1245462	1	1	0	0
1	1	UID1245471	1	1	0	0
1	1	UID1245482	1	1	0	0
1	1	UID1245500	1	1	0	0
1	1	UID1245592	1	1	0	0
1	1	UID1245600	1	1	0	0
1	1	UID1245611	1	1	0	0
1	1	UID1245667	1	1	0	0
1	1	UID1245684	1	1	0	0
1	1	UID1245686	1	1	0	0
1	1	UID1245689	1	1	0	0
1	1	UID1245691	1	1	0	0
1	1	UID1245694	1	1	0	0
1	1	UID1245697	1	1	0	0
1	1	UID1245707	1	1	0	0
1	1	UID1245715	1	1	0	0
1	1	UID1245716	1	1	0	0
1	1	UID1245720	1	1	0	0
1	1	UID1245721	1	1	0	0
1	1	UID1245723	1	1	0	0
1	1	UID1245726	1	1	0	0
1	1	UID1245729	1	1	0	0
1	1	UID1245735	1	1	0	0
1	1	UID1245738	1	1	0	0
1	1	UID1245740	1	1	0	0
1	1	UID1245741	1	1	0	0
1	1	UID1245742	1	1	0	0
1	1	UID1245743	1	1	0	0
1	1	UID1245843	1	1	0	0
1	1	UID1245850	1	1	0	0
1	1	UID1245855	1	1	0	0
1	1	UID1245876	1	1	0	0
1	1	UID1245879	1	1	0	0
1	1	UID1245920	1	1	0	0
1	1	UID1245930	1	1	0	0
1	1	UID1245934	1	1	0	0
1	1	UID1245949	1	1	0	0
1	1	UID1245955	1	1	0	0
1	1	UID1245960	1	1	0	0
1	1	UID1245983	1	1	0	0
1	1	UID1246016	1	1	0	0
1	1	UID1246036	1	1	0	0
1	1	UID1246052	1	1	0	0
1	1	UID1246134	1	1	0	0
1	1	UID1246137	1	1	0	0
1	1	UID1246151	1	1	0	0
1	1	UID1246167	1	1	0	0
1	1	UID1246176	1	1	0	0
1	1	UID1246181	1	1	0	0
1	1	UID1246183	1	1	0	0
1	1	UID1246196	1	1	0	0
1	1	UID1246203	1	1	0	0
1	1	UID1246206	1	1	0	0
1	1	UID1246246	1	1	0	0
1	1	UID1246252	1	1	0	0
1	1	UID1246254	1	1	0	0
1	1	UID1246277	1	1	0	0
1	1	UID1246306	1	1	0	0
1	1	UID1246316	1	1	0	0
1	1	UID1246334	1	1	0	0
1	1	UID1246344	1	1	0	0
1	1	UID1246346	1	1	0	0
1	1	UID1246348	1	1	0	0
1	1	UID1246364	1	1	0	0
1	1	UID1246369	1	1	0	0
1	1	UID1246371	1	1	0	0
1	1	UID1246439	1	1	0	0
1	1	UID1246449	1	1	0	0
1	1	UID1246454	1	1	0	0
1	1	UID1246472	1	1	0	0
1	1	UID1246473	1	1	0	0
1	1	UID1246540	1	1	0	0
1	1	UID1246542	1	1	0	0
1	1	UID1246564	1	1	0	0
1	1	UID1246573	1	1	0	0
1	1	UID1246581	1	1	0	0
1	1	UID1246626	1	1	0	0
1	1	UID1246637	1	1	0	0
1	1	UID1246640	1	1	0	0
1	1	UID1246652	1	1	0	0
1	1	UID1246662	1	1	0	0
1	1	UID1246664	1	1	0	0
1	1	UID1246665	1	1	0	0
1	1	UID1246667	1	1	0	0
1	1	UID1246670	1	1	0	0
1	1	UID1246671	1	1	0	0
1	1	UID1246678	1	1	0	0
1	1	UID1246694	1	1	0	0
1	1	UID1246695	1	1	0	0
1	1	UID1246698	1	1	0	0
1	1	UID1246701	1	1	0	0
1	1	UID1246702	1	1	0	0
1	1	UID1246703	1	1	0	0
1	1	UID1246704	1	1	0	0
1	1	UID1246707	1	1	0	0
1	1	UID1246708	1	1	0	0
1	1	UID1246712	1	1	0	0
1	1	UID1246720	1	1	0	0
1	1	UID1246727	1	1	0	0
1	1	UID1246772	1	1	0	0
1	1	UID1246774	1	1	0	0
1	1	UID1246787	1	1	0	0
1	1	UID1246790	1	1	0	0
1	1	UID1246797	1	1	0	0
1	1	UID1246802	1	1	0	0
1	1	UID1246813	1	1	0	0
1	1	UID1246822	1	1	0	0
1	1	UID1246830	1	1	0	0
1	1	UID1246844	1	1	0	0
1	1	UID1246848	1	1	0	0
1	1	UID1246853	1	1	0	0
1	1	UID1246854	1	1	0	0
1	1	UID1246855	1	1	0	0
1	1	UID1246858	1	1	0	0
1	1	UID1246863	1	1	0	0
1	1	UID1246873	1	1	0	0
1	1	UID1246881	1	1	0	0
1	1	UID1246883	1	1	0	0
1	1	UID1246890	1	1	0	0
1	1	UID1246902	1	1	0	0
1	1	UID1246930	1	1	0	0
1	1	UID1246933	1	1	0	0
1	1	UID1246949	1	1	0	0
1	1	UID1246952	1	1	0	0
1	1	UID1246954	1	1	0	0
1	1	UID1246966	1	1	0	0
1	1	UID1246971	1	1	0	0
1	1	UID1246994	1	1	0	0
1	1	UID1246995	1	1	0	0
1	1	UID1246997	1	1	0	0
1	1	UID1246998	1	1	0	0
1	1	UID1247000	1	1	0	0
1	1	UID1247001	1	1	0	0
1	1	UID1247028	1	1	0	0
1	1	UID1247066	1	1	0	0
1	1	UID1247082	1	1	0	0
1	1	UID1247089	1	1	0	0
1	1	UID1247100	1	1	0	0
1	1	UID1247130	1	1	0	0
1	1	UID1247135	1	1	0	0
1	1	UID1247139	1	1	0	0
1	1	UID1247140	1	1	0	0
1	1	UID1247161	1	1	0	0
1	1	UID1247169	1	1	0	0
1	1	UID1247173	1	1	0	0
1	1	UID1247175	1	1	0	0
1	1	UID1247181	1	1	0	0
1	1	UID1247186	1	1	0	0
1	1	UID1247222	1	1	0	0
1	1	UID1247240	1	1	0	0
1	1	UID1247282	1	1	0	0
1	1	UID1247291	1	1	0	0
1	1	UID1247295	1	1	0	0
1	1	UID1247303	1	1	0	0
1	1	UID1247310	1	1	0	0
1	1	UID1247345	1	1	0	0
1	1	UID1247350	1	1	0	0
1	1	UID1247351	1	1	0	0
1	1	UID1247356	1	1	0	0
1	1	UID1247357	1	1	0	0
1	1	UID1247358	1	1	0	0
1	1	UID1247359	1	1	0	0
1	1	UID1247368	1	1	0	0
1	1	UID1247419	1	1	0	0
1	1	UID1247425	1	1	0	0
1	1	UID1247459	1	1	0	0
1	1	UID1247461	1	1	0	0
1	1	UID1247509	1	1	0	0
1	1	UID1247525	1	1	0	0
1	1	UID1247530	1	1	0	0
1	1	UID1247543	1	1	0	0
1	1	UID1247563	1	1	0	0
1	1	UID1247564	1	1	0	0
1	1	UID1247567	1	1	0	0
1	1	UID1247589	1	1	0	0
1	1	UID1247601	1	1	0	0
1	1	UID1247635	1	1	0	0
1	1	UID1247643	1	1	0	0
1	1	UID1247651	1	1	0	0
3	3	UID1247654	1	3	2	2
1	1	UID1247656	1	1	0	0
1	1	UID1247663	1	1	0	0
1	1	UID1247692	1	1	0	0
1	1	UID1247693	1	1	0	0
1	1	UID1247694	1	1	0	0
1	1	UID1247696	1	1	0	0
1	1	UID1247698	1	1	0	0
1	1	UID1247705	1	1	0	0
1	1	UID1247713	1	1	0	0
1	1	UID1247715	1	1	0	0
1	1	UID1247716	1	1	0	0
1	1	UID1247717	1	1	0	0
1	1	UID1247730	1	1	0	0
1	1	UID1247750	1	1	0	0
1	1	UID1247752	1	1	0	0
1	1	UID1247753	1	1	0	0
1	1	UID1247754	1	1	0	0
1	1	UID1247806	1	1	0	0
1	1	UID1247818	1	1	0	0
1	1	UID1247895	1	1	0	0
1	1	UID1247914	1	1	0	0
1	1	UID1247916	1	1	0	0
1	1	UID1247926	1	1	0	0
1	1	UID1247930	1	1	0	0
1	1	UID1247941	1	1	0	0
1	1	UID1247950	1	1	0	0
1	1	UID1247965	1	1	0	0
1	1	UID1247974	1	1	0	0
1	1	UID1247983	1	1	0	0
1	1	UID1247986	1	1	0	0
1	1	UID1247989	1	1	0	0
1	1	UID1248053	1	1	0	0
1	1	UID1248058	1	1	0	0
1	1	UID1248086	1	1	0	0
1	1	UID1248095	1	1	0	0
1	1	UID1248097	1	1	0	0
1	1	UID1248121	1	1	0	0
1	1	UID1248133	1	1	0	0
1	1	UID1248175	1	1	0	0
1	1	UID1248186	1	1	0	0
1	1	UID1248187	1	1	0	0
2	2	UID1248188	1	2	1	1
1	1	UID1248195	1	1	0	0
1	1	UID1248259	1	1	0	0
1	1	UID1248265	1	1	0	0
1	1	UID1248269	1	1	0	0
1	1	UID1248286	1	1	0	0
1	1	UID1248324	1	1	0	0
1	1	UID1248341	1	1	0	0
1	1	UID1248378	1	1	0	0
1	1	UID1248385	1	1	0	0
1	1	UID1248389	1	1	0	0
1	1	UID1248401	1	1	0	0
1	1	UID1248425	1	1	0	0
1	1	UID1248429	1	1	0	0
1	1	UID1248435	1	1	0	0
1	1	UID1248450	1	1	0	0
1	1	UID1248460	1	1	0	0
1	1	UID1248470	1	1	0	0
1	1	UID1248492	1	1	0	0
1	1	UID1248498	1	1	0	0
1	1	UID1248514	1	1	0	0
1	1	UID1248522	1	1	0	0
1	1	UID1248531	1	1	0	0
1	1	UID1248548	1	1	0	0
1	1	UID1248594	1	1	0	0
1	1	UID1248687	1	1	0	0
1	1	UID1248690	1	1	0	0
1	1	UID1248701	1	1	0	0
1	1	UID1248749	1	1	0	0
1	1	UID1248763	1	1	0	0
1	1	UID1248776	1	1	0	0
1	1	UID1248777	1	1	0	0
1	1	UID1248779	1	1	0	0
1	1	UID1248791	1	1	0	0
1	1	UID1248854	1	1	0	0
1	1	UID1248858	1	1	0	0
1	1	UID1248902	1	1	0	0
1	1	UID1248904	1	1	0	0
1	1	UID1248930	1	1	0	0
1	1	UID1248932	1	1	0	0
2	2	UID1248943	1	2	1	1
1	1	UID1248996	1	1	0	0
1	1	UID1249006	1	1	0	0
1	1	UID1249016	1	1	0	0
2	2	UID1249029	1	2	1	1
1	1	UID1249041	1	1	0	0
1	1	UID1249110	1	1	0	0
1	1	UID1249111	1	1	0	0
1	1	UID1249121	1	1	0	0
1	1	UID1249172	1	1	0	0
1	1	UID1249218	1	1	0	0
1	1	UID1249298	1	1	0	0
1	1	UID1249304	1	1	0	0
1	1	UID1249306	1	1	0	0
1	1	UID1249309	1	1	0	0
1	1	UID1249365	1	1	0	0
1	1	UID1249367	1	1	0	0
1	1	UID1249400	1	1	0	0
1	1	UID1249426	1	1	0	0
1	1	UID1249437	1	1	0	0
1	1	UID1249440	1	1	0	0
1	1	UID1249492	1	1	0	0
1	1	UID1249493	1	1	0	0
1	1	UID1249510	1	1	0	0
1	1	UID1249511	1	1	0	0
1	1	UID1249588	1	1	0	0
1	1	UID1249591	1	1	0	0
1	1	UID1249664	1	1	0	0
1	1	UID1249903	1	1	0	0
1	1	UID1249944	1	1	0	0
1	1	UID1249956	1	1	0	0
1	1	UID1249962	1	1	0	0
1	1	UID1250036	1	1	0	0
1	1	UID1250040	1	1	0	0
1	1	UID1250057	1	1	0	0
1	1	UID1250068	1	1	0	0
1	1	UID1250072	1	1	0	0
1	1	UID1250196	1	1	0	0
1	1	UID1250200	1	1	0	0
1	1	UID1250201	1	1	0	0
1	1	UID1250202	1	1	0	0
1	1	UID1250254	1	1	0	0
1	1	UID1250319	1	1	0	0
1	1	UID1250320	1	1	0	0
1	1	UID1250321	1	1	0	0
1	1	UID1250322	1	1	0	0
2	2	UID1250323	1	2	1	1
1	1	UID1250325	1	1	0	0
1	1	UID1250347	1	1	0	0
1	1	UID1250354	1	1	0	0
1	1	UID1250357	1	1	0	0
1	1	UID1250447	1	1	0	0
1	1	UID1250449	1	1	0	0
1	1	UID1250450	1	1	0	0
1	1	UID1250460	1	1	0	0
1	1	UID1250461	1	1	0	0
1	1	UID1250507	1	1	0	0
1	1	UID1250538	1	1	0	0
1	1	UID1250553	1	1	0	0
1	1	UID1250582	1	1	0	0
1	1	UID1250597	1	1	0	0
2	2	UID1250598	1	2	1	1
1	1	UID1250607	1	1	0	0
1	1	UID1250614	1	1	0	0
1	1	UID1250622	1	1	0	0
1	1	UID1250641	1	1	0	0
1	1	UID1250668	1	1	0	0
1	1	UID1250698	1	1	0	0
1	1	UID1250702	1	1	0	0
1	1	UID1250704	1	1	0	0
1	1	UID1250713	1	1	0	0
1	1	UID1250719	1	1	0	0
1	1	UID1250720	1	1	0	0
1	1	UID1250744	1	1	0	0
1	1	UID1250745	1	1	0	0
1	1	UID1250788	1	1	0	0
1	1	UID1250792	1	1	0	0
1	1	UID1250816	1	1	0	0
1	1	UID1250822	1	1	0	0
1	1	UID1250827	1	1	0	0
1	1	UID1250830	1	1	0	0
1	1	UID1250833	1	1	0	0
1	1	UID1250836	1	1	0	0
1	1	UID1250858	1	1	0	0
1	1	UID1250866	1	1	0	0
1	1	UID1250884	1	1	0	0
1	1	UID1250895	1	1	0	0
1	1	UID1250937	1	1	0	0
1	1	UID1250938	1	1	0	0
1	1	UID1250940	1	1	0	0
1	1	UID1250949	1	1	0	0
1	1	UID1250952	1	1	0	0
1	1	UID1250957	1	1	0	0
1	1	UID1250959	1	1	0	0
1	1	UID1250960	1	1	0	0
1	1	UID1250962	1	1	0	0
1	1	UID1250973	1	1	0	0
1	1	UID1251003	1	1	0	0
1	1	UID1251004	1	1	0	0
1	1	UID1251017	1	1	0	0
1	1	UID1251019	1	1	0	0
1	1	UID1251031	1	1	0	0
1	1	UID1251050	1	1	0	0
1	1	UID1251054	1	1	0	0
1	1	UID1251057	1	1	0	0
1	1	UID1251062	1	1	0	0
1	1	UID1251064	1	1	0	0
1	1	UID1251083	1	1	0	0
1	1	UID1251085	1	1	0	0
1	1	UID1251088	1	1	0	0
1	1	UID1251126	1	1	0	0
1	1	UID1251132	1	1	0	0
1	1	UID1251133	1	1	0	0
1	1	UID1251161	1	1	0	0
1	1	UID1251218	1	1	0	0
1	1	UID1251229	1	1	0	0
1	1	UID1251231	1	1	0	0
1	1	UID1251232	1	1	0	0
1	1	UID1251240	1	1	0	0
1	1	UID1251250	1	1	0	0
1	1	UID1251251	1	1	0	0
1	1	UID1251311	1	1	0	0
1	1	UID1251378	1	1	0	0
1	1	UID1251380	1	1	0	0
1	1	UID1251382	1	1	0	0
1	1	UID1251385	1	1	0	0
1	1	UID1251405	1	1	0	0
1	1	UID1251407	1	1	0	0
1	1	UID1251419	1	1	0	0
1	1	UID1251441	1	1	0	0
1	1	UID1251448	1	1	0	0
1	1	UID1251462	1	1	0	0
1	1	UID1251481	1	1	0	0
1	1	UID1251494	1	1	0	0
1	1	UID1251513	1	1	0	0
1	1	UID1251537	1	1	0	0
1	1	UID1251548	1	1	0	0
1	1	UID1251570	1	1	0	0
1	1	UID1251584	1	1	0	0
1	1	UID1251609	1	1	0	0
1	1	UID1251615	1	1	0	0
1	1	UID1251645	1	1	0	0
1	1	UID1251648	1	1	0	0
1	1	UID1251655	1	1	0	0
1	1	UID1251656	1	1	0	0
1	1	UID1251663	1	1	0	0
1	1	UID1251667	1	1	0	0
1	1	UID1251671	1	1	0	0
1	1	UID1251672	1	1	0	0
1	1	UID1251673	1	1	0	0
1	1	UID1251675	1	1	0	0
1	1	UID1251680	1	1	0	0
1	1	UID1251684	1	1	0	0
1	1	UID1251686	1	1	0	0
1	1	UID1251688	1	1	0	0
1	1	UID1251691	1	1	0	0
1	1	UID1251701	1	1	0	0
1	1	UID1251706	1	1	0	0
1	1	UID1251709	1	1	0	0
1	1	UID1251710	1	1	0	0
1	1	UID1251711	1	1	0	0
1	1	UID1251720	1	1	0	0
1	1	UID1251727	1	1	0	0
1	1	UID1251732	1	1	0	0
1	1	UID1251752	1	1	0	0
1	1	UID1251760	1	1	0	0
1	1	UID1251763	1	1	0	0
1	1	UID1251766	1	1	0	0
1	1	UID1251768	1	1	0	0
1	1	UID1251773	1	1	0	0
1	1	UID1251815	1	1	0	0
1	1	UID1251838	1	1	0	0
1	1	UID1251841	1	1	0	0
1	1	UID1251849	1	1	0	0
1	1	UID1251856	1	1	0	0
1	1	UID1251858	1	1	0	0
1	1	UID1251936	1	1	0	0
1	1	UID1251947	1	1	0	0
1	1	UID1251952	1	1	0	0
1	1	UID1251962	1	1	0	0
1	1	UID1251987	1	1	0	0
1	1	UID1252031	1	1	0	0
1	1	UID1252039	1	1	0	0
1	1	UID1252055	1	1	0	0
1	1	UID1252069	1	1	0	0
1	1	UID1252074	1	1	0	0
1	1	UID1252080	1	1	0	0
1	1	UID1252093	1	1	0	0
1	1	UID1252148	1	1	0	0
1	1	UID1252149	1	1	0	0
1	1	UID1252156	1	1	0	0
1	1	UID1252160	1	1	0	0
1	1	UID1252171	1	1	0	0
1	1	UID1252177	1	1	0	0
1	1	UID1252219	1	1	0	0
1	1	UID1252221	1	1	0	0
1	1	UID1252224	1	1	0	0
1	1	UID1252226	1	1	0	0
1	1	UID1252227	1	1	0	0
1	1	UID1252230	1	1	0	0
1	1	UID1252231	1	1	0	0
1	1	UID1252232	1	1	0	0
1	1	UID1252234	1	1	0	0
1	1	UID1252249	1	1	0	0
1	1	UID1252251	1	1	0	0
1	1	UID1252252	1	1	0	0
1	1	UID1252253	1	1	0	0
1	1	UID1252254	1	1	0	0
1	1	UID1252258	1	1	0	0
1	1	UID1252262	1	1	0	0
1	1	UID1252272	1	1	0	0
1	1	UID1252273	1	1	0	0
1	1	UID1252274	1	1	0	0
1	1	UID1252276	1	1	0	0
1	1	UID1252282	1	1	0	0
1	1	UID1252285	1	1	0	0
1	1	UID1252290	1	1	0	0
1	1	UID1252302	1	1	0	0
1	1	UID1252365	1	1	0	0
1	1	UID1252367	1	1	0	0
1	1	UID1252388	1	1	0	0
1	1	UID1252391	1	1	0	0
1	1	UID1252399	1	1	0	0
1	1	UID1252402	1	1	0	0
1	1	UID1252404	1	1	0	0
1	1	UID1252447	1	1	0	0
1	1	UID1252448	1	1	0	0
1	1	UID1252449	1	1	0	0
1	1	UID1252453	1	1	0	0
1	1	UID1252475	1	1	0	0
1	1	UID1252578	1	1	0	0
1	1	UID1252589	1	1	0	0
1	1	UID1252602	1	1	0	0
1	1	UID1252609	1	1	0	0
1	1	UID1252614	1	1	0	0
1	1	UID1252621	1	1	0	0
1	1	UID1252646	1	1	0	0
1	1	UID1252679	1	1	0	0
1	1	UID1252738	1	1	0	0
1	1	UID1252746	1	1	0	0
1	1	UID1252759	1	1	0	0
1	1	UID1252778	1	1	0	0
1	1	UID1252781	1	1	0	0
1	1	UID1252799	1	1	0	0
1	1	UID1252814	1	1	0	0
1	1	UID1252823	1	1	0	0
1	1	UID1252831	1	1	0	0
1	1	UID1252834	1	1	0	0
1	1	UID1252852	1	1	0	0
1	1	UID1252865	1	1	0	0
1	1	UID1252866	1	1	0	0
1	1	UID1252867	1	1	0	0
1	1	UID1252877	1	1	0	0
1	1	UID1252878	1	1	0	0
1	1	UID1252879	1	1	0	0
1	1	UID1252880	1	1	0	0
1	1	UID1252882	1	1	0	0
1	1	UID1252884	1	1	0	0
1	1	UID1252941	1	1	0	0
1	1	UID1252944	1	1	0	0
1	1	UID1252961	1	1	0	0
1	1	UID1252963	1	1	0	0
1	1	UID1252999	1	1	0	0
1	1	UID1253039	1	1	0	0
1	1	UID1253045	1	1	0	0
1	1	UID1253060	1	1	0	0
2	2	UID1253070	1	2	1	1
1	1	UID1253073	1	1	0	0
1	1	UID1253074	1	1	0	0
1	1	UID1253083	1	1	0	0
1	1	UID1253086	1	1	0	0
1	1	UID1253106	1	1	0	0
1	1	UID1253131	1	1	0	0
1	1	UID1253160	1	1	0	0
1	1	UID1253202	1	1	0	0
1	1	UID1253203	1	1	0	0
1	1	UID1253246	1	1	0	0
1	1	UID1253250	1	1	0	0
1	1	UID1253258	1	1	0	0
1	1	UID1253266	1	1	0	0
1	1	UID1253279	1	1	0	0
1	1	UID1253297	1	1	0	0
1	1	UID1253312	1	1	0	0
1	1	UID1253315	1	1	0	0
1	1	UID1253318	1	1	0	0
1	1	UID1253319	1	1	0	0
1	1	UID1253320	1	1	0	0
1	1	UID1253325	1	1	0	0
1	1	UID1253336	1	1	0	0
1	1	UID1253340	1	1	0	0
1	1	UID1253422	1	1	0	0
1	1	UID1253427	1	1	0	0
1	1	UID1253429	1	1	0	0
1	1	UID1253432	1	1	0	0
1	1	UID1253434	1	1	0	0
1	1	UID1253466	1	1	0	0
1	1	UID1253470	1	1	0	0
1	1	UID1253482	1	1	0	0
1	1	UID1253485	1	1	0	0
1	1	UID1253487	1	1	0	0
1	1	UID1253514	1	1	0	0
1	1	UID1253518	1	1	0	0
1	1	UID1253520	1	1	0	0
1	1	UID1253521	1	1	0	0
1	1	UID1253523	1	1	0	0
1	1	UID1253524	1	1	0	0
1	1	UID1253527	1	1	0	0
1	1	UID1253530	1	1	0	0
1	1	UID1253532	1	1	0	0
1	1	UID1253540	1	1	0	0
1	1	UID1253545	1	1	0	0
1	1	UID1253548	1	1	0	0
1	1	UID1253549	1	1	0	0
1	1	UID1253553	1	1	0	0
1	1	UID1253560	1	1	0	0
1	1	UID1253561	1	1	0	0
1	1	UID1253562	1	1	0	0
1	1	UID1253563	1	1	0	0
1	1	UID1253564	1	1	0	0
1	1	UID1253572	1	1	0	0
1	1	UID1253573	1	1	0	0
1	1	UID1253580	1	1	0	0
1	1	UID1253586	1	1	0	0
1	1	UID1253589	1	1	0	0
1	1	UID1253590	1	1	0	0
1	1	UID1253595	1	1	0	0
1	1	UID1253596	1	1	0	0
1	1	UID1253597	1	1	0	0
1	1	UID1253599	1	1	0	0
1	1	UID1253619	1	1	0	0
1	1	UID1253629	1	1	0	0
1	1	UID1253693	1	1	0	0
1	1	UID1253698	1	1	0	0
1	1	UID1253699	1	1	0	0
1	1	UID1253709	1	1	0	0
1	1	UID1253744	1	1	0	0
1	1	UID1253793	1	1	0	0
1	1	UID1253812	1	1	0	0
1	1	UID1253864	1	1	0	0
1	1	UID1253878	1	1	0	0
1	1	UID1253881	1	1	0	0
1	1	UID1253888	1	1	0	0
1	1	UID1253919	1	1	0	0
1	1	UID1253926	1	1	0	0
1	1	UID1253932	1	1	0	0
1	1	UID1253936	1	1	0	0
1	1	UID1253938	1	1	0	0
1	1	UID1253949	1	1	0	0
1	1	UID1253962	1	1	0	0
1	1	UID1253963	1	1	0	0
1	1	UID1253964	1	1	0	0
1	1	UID1253979	1	1	0	0
1	1	UID1254030	1	1	0	0
1	1	UID1254059	1	1	0	0
1	1	UID1254078	1	1	0	0
1	1	UID1254081	1	1	0	0
1	1	UID1254089	1	1	0	0
1	1	UID1254110	1	1	0	0
1	1	UID1254117	1	1	0	0
1	1	UID1254121	1	1	0	0
1	1	UID1254123	1	1	0	0
1	1	UID1254131	1	1	0	0
1	1	UID1254132	1	1	0	0
1	1	UID1254134	1	1	0	0
1	1	UID1254135	1	1	0	0
1	1	UID1254140	1	1	0	0
1	1	UID1254141	1	1	0	0
1	1	UID1254142	1	1	0	0
1	1	UID1254159	1	1	0	0
1	1	UID1254164	1	1	0	0
1	1	UID1254189	1	1	0	0
1	1	UID1254199	1	1	0	0
1	1	UID1254212	1	1	0	0
1	1	UID1254252	1	1	0	0
1	1	UID1254253	1	1	0	0
1	1	UID1254255	1	1	0	0
2	2	UID1254258	1	2	1	1
1	1	UID1254261	1	1	0	0
1	1	UID1254268	1	1	0	0
2	2	UID1254289	1	2	1	1
1	1	UID1254294	1	1	0	0
1	1	UID1254296	1	1	0	0
1	1	UID1254321	1	1	0	0
1	1	UID1254328	1	1	0	0
1	1	UID1254329	1	1	0	0
1	1	UID1254345	1	1	0	0
1	1	UID1254351	1	1	0	0
1	1	UID1254359	1	1	0	0
1	1	UID1254369	1	1	0	0
1	1	UID1254380	1	1	0	0
1	1	UID1254404	1	1	0	0
1	1	UID1254412	1	1	0	0
1	1	UID1254506	1	1	0	0
1	1	UID1254515	1	1	0	0
1	1	UID1254528	1	1	0	0
1	1	UID1254583	1	1	0	0
1	1	UID1254590	1	1	0	0
1	1	UID1254595	1	1	0	0
1	1	UID1254599	1	1	0	0
1	1	UID1254634	1	1	0	0
1	1	UID1254644	1	1	0	0
1	1	UID1254647	1	1	0	0
1	1	UID1254687	1	1	0	0
1	1	UID1254692	1	1	0	0
1	1	UID1254694	1	1	0	0
1	1	UID1254712	1	1	0	0
2	2	UID1254752	1	2	1	1
1	1	UID1254767	1	1	0	0
1	1	UID1254768	1	1	0	0
1	1	UID1254769	1	1	0	0
1	1	UID1254794	1	1	0	0
1	1	UID1254812	1	1	0	0
1	1	UID1254813	1	1	0	0
1	1	UID1254833	1	1	0	0
1	1	UID1254845	1	1	0	0
1	1	UID1254849	1	1	0	0
1	1	UID1254860	1	1	0	0
1	1	UID1254873	1	1	0	0
1	1	UID1254884	1	1	0	0
1	1	UID1254915	1	1	0	0
1	1	UID1254916	1	1	0	0
2	2	UID1254930	1	2	1	1
1	1	UID1254940	1	1	0	0
1	1	UID1254970	1	1	0	0
1	1	UID1255000	1	1	0	0
1	1	UID1255058	1	1	0	0
1	1	UID1255106	1	1	0	0
1	1	UID1255116	1	1	0	0
1	1	UID1255144	1	1	0	0
1	1	UID1255161	1	1	0	0
1	1	UID1255169	1	1	0	0
1	1	UID1255176	1	1	0	0
1	1	UID1255184	1	1	0	0
1	1	UID1255185	1	1	0	0
1	1	UID1255195	1	1	0	0
1	1	UID1255202	1	1	0	0
1	1	UID1255217	1	1	0	0
1	1	UID1255225	1	1	0	0
1	1	UID1255247	1	1	0	0
1	1	UID1255258	1	1	0	0
1	1	UID1255259	1	1	0	0
1	1	UID1255282	1	1	0	0
1	1	UID1255347	1	1	0	0
1	1	UID1255362	1	1	0	0
2	2	UID1255366	1	2	1	1
1	1	UID1255391	1	1	0	0
1	1	UID1255392	1	1	0	0
1	1	UID1255394	1	1	0	0
1	1	UID1255397	1	1	0	0
1	1	UID1255445	1	1	0	0
1	1	UID1255454	1	1	0	0
1	1	UID1255473	1	1	0	0
1	1	UID1255477	1	1	0	0
1	1	UID1255479	1	1	0	0
1	1	UID1255480	1	1	0	0
1	1	UID1255500	1	1	0	0
1	1	UID1255512	1	1	0	0
1	1	UID1255521	1	1	0	0
1	1	UID1255527	1	1	0	0
1	1	UID1255531	1	1	0	0
1	1	UID1255557	1	1	0	0
1	1	UID1255561	1	1	0	0
1	1	UID1255564	1	1	0	0
2	2	UID1255567	1	2	1	1
1	1	UID1255571	1	1	0	0
1	1	UID1255585	1	1	0	0
1	1	UID1255594	1	1	0	0
1	1	UID1255646	1	1	0	0
1	1	UID1255647	1	1	0	0
1	1	UID1255661	1	1	0	0
1	1	UID1255688	1	1	0	0
1	1	UID1255701	1	1	0	0
1	1	UID1255725	1	1	0	0
1	1	UID1255727	1	1	0	0
1	1	UID1255732	1	1	0	0
1	1	UID1255739	1	1	0	0
1	1	UID1255763	1	1	0	0
1	1	UID1255775	1	1	0	0
1	1	UID1255780	1	1	0	0
1	1	UID1255781	1	1	0	0
1	1	UID1255789	1	1	0	0
1	1	UID1255790	1	1	0	0
1	1	UID1255791	1	1	0	0
1	1	UID1255794	1	1	0	0
1	1	UID1255827	1	1	0	0
1	1	UID1255834	1	1	0	0
1	1	UID1255838	1	1	0	0
1	1	UID1255840	1	1	0	0
1	1	UID1255885	1	1	0	0
1	1	UID1255900	1	1	0	0
1	1	UID1255904	1	1	0	0
1	1	UID1255932	1	1	0	0
1	1	UID1255935	1	1	0	0
1	1	UID1255937	1	1	0	0
1	1	UID1255943	1	1	0	0
1	1	UID1255952	1	1	0	0
1	1	UID1255955	1	1	0	0
1	1	UID1255957	1	1	0	0
1	1	UID1255970	1	1	0	0
1	1	UID1255991	1	1	0	0
1	1	UID1255992	1	1	0	0
1	1	UID1255994	1	1	0	0
1	1	UID1256030	1	1	0	0
1	1	UID1256031	1	1	0	0
1	1	UID1256032	1	1	0	0
1	1	UID1256036	1	1	0	0
1	1	UID1256070	1	1	0	0
1	1	UID1256106	1	1	0	0
1	1	UID1256109	1	1	0	0
1	1	UID1256112	1	1	0	0
1	1	UID1256113	1	1	0	0
1	1	UID1256122	1	1	0	0
1	1	UID1256139	1	1	0	0
1	1	UID1256154	1	1	0	0
1	1	UID1256160	1	1	0	0
1	1	UID1256173	1	1	0	0
1	1	UID1256174	1	1	0	0
1	1	UID1256175	1	1	0	0
1	1	UID1256196	1	1	0	0
1	1	UID1256213	1	1	0	0
1	1	UID1256221	1	1	0	0
1	1	UID1256232	1	1	0	0
1	1	UID1256237	1	1	0	0
1	1	UID1256239	1	1	0	0
1	1	UID1256276	1	1	0	0
1	1	UID1256301	1	1	0	0
1	1	UID1256302	1	1	0	0
1	1	UID1256307	1	1	0	0
1	1	UID1256309	1	1	0	0
1	1	UID1256310	1	1	0	0
1	1	UID1256335	1	1	0	0
1	1	UID1256347	1	1	0	0
1	1	UID1256351	1	1	0	0
1	1	UID1256354	1	1	0	0
1	1	UID1256355	1	1	0	0
1	1	UID1256362	1	1	0	0
1	1	UID1256383	1	1	0	0
1	1	UID1256384	1	1	0	0
1	1	UID1256386	1	1	0	0
1	1	UID1256442	1	1	0	0
1	1	UID1256443	1	1	0	0
1	1	UID1256446	1	1	0	0
1	1	UID1256466	1	1	0	0
1	1	UID1256469	1	1	0	0
1	1	UID1256474	1	1	0	0
1	1	UID1256495	1	1	0	0
1	1	UID1256515	1	1	0	0
1	1	UID1256520	1	1	0	0
1	1	UID1256521	1	1	0	0
1	1	UID1256527	1	1	0	0
1	1	UID1256533	1	1	0	0
1	1	UID1256539	1	1	0	0
1	1	UID1256545	1	1	0	0
2	2	UID1256548	1	2	1	1
1	1	UID1256552	1	1	0	0
1	1	UID1256629	1	1	0	0
1	1	UID1256638	1	1	0	0
1	1	UID1256651	1	1	0	0
1	1	UID1256663	1	1	0	0
1	1	UID1256664	1	1	0	0
1	1	UID1256674	1	1	0	0
1	1	UID1256682	1	1	0	0
1	1	UID1256684	1	1	0	0
1	1	UID1256685	1	1	0	0
1	1	UID1256703	1	1	0	0
1	1	UID1256704	1	1	0	0
1	1	UID1256705	1	1	0	0
1	1	UID1256707	1	1	0	0
1	1	UID1256709	1	1	0	0
1	1	UID1256710	1	1	0	0
1	1	UID1256712	1	1	0	0
1	1	UID1256716	1	1	0	0
1	1	UID1256717	1	1	0	0
1	1	UID1256719	1	1	0	0
1	1	UID1256720	1	1	0	0
1	1	UID1256722	1	1	0	0
1	1	UID1256723	1	1	0	0
1	1	UID1256724	1	1	0	0
1	1	UID1256725	1	1	0	0
1	1	UID1256726	1	1	0	0
1	1	UID1256729	1	1	0	0
1	1	UID1256730	1	1	0	0
1	1	UID1256731	1	1	0	0
1	1	UID1256734	1	1	0	0
1	1	UID1256735	1	1	0	0
1	1	UID1256737	1	1	0	0
1	1	UID1256744	1	1	0	0
1	1	UID1256746	1	1	0	0
1	1	UID1256747	1	1	0	0
1	1	UID1256750	1	1	0	0
1	1	UID1256752	1	1	0	0
1	1	UID1256753	1	1	0	0
1	1	UID1256761	1	1	0	0
1	1	UID1256775	1	1	0	0
1	1	UID1256777	1	1	0	0
1	1	UID1256786	1	1	0	0
1	1	UID1256789	1	1	0	0
1	1	UID1256792	1	1	0	0
1	1	UID1256794	1	1	0	0
1	1	UID1256801	1	1	0	0
1	1	UID1256809	1	1	0	0
1	1	UID1256817	1	1	0	0
1	1	UID1256828	1	1	0	0
1	1	UID1256830	1	1	0	0
1	1	UID1256832	1	1	0	0
1	1	UID1256868	1	1	0	0
1	1	UID1256869	1	1	0	0
1	1	UID1256871	1	1	0	0
1	1	UID1256873	1	1	0	0
1	1	UID1256885	1	1	0	0
1	1	UID1256938	1	1	0	0
1	1	UID1256955	1	1	0	0
1	1	UID1256958	1	1	0	0
1	1	UID1256962	1	1	0	0
1	1	UID1256964	1	1	0	0
1	1	UID1256978	1	1	0	0
1	1	UID1257004	1	1	0	0
1	1	UID1257010	1	1	0	0
1	1	UID1257014	1	1	0	0
1	1	UID1257015	1	1	0	0
1	1	UID1257020	1	1	0	0
1	1	UID1257024	1	1	0	0
1	1	UID1257025	1	1	0	0
1	1	UID1257028	1	1	0	0
1	1	UID1257029	1	1	0	0
1	1	UID1257034	1	1	0	0
1	1	UID1257038	1	1	0	0
1	1	UID1257042	1	1	0	0
1	1	UID1257047	1	1	0	0
1	1	UID1257051	1	1	0	0
1	1	UID1257060	1	1	0	0
1	1	UID1257061	1	1	0	0
1	1	UID1257080	1	1	0	0
1	1	UID1257086	1	1	0	0
1	1	UID1257116	1	1	0	0
1	1	UID1257131	1	1	0	0
1	1	UID1257144	1	1	0	0
1	1	UID1564	1	1	0	0
1	1	UID174175	1	1	0	0
1	1	UID181021	1	1	0	0
1	1	UID18121	1	1	0	0
3	3	UID192140	1	3	2	2
1	1	UID222177	1	1	0	0
1	1	UID239195	1	1	0	0
7	7	UID248135	1	7	1	1
1	1	UID283512	1	1	0	0
1	1	UID283905	1	1	0	0
1	1	UID284055	1	1	0	0
1	1	UID284599	1	1	0	0
1	1	UID285473	1	1	0	0
1	1	UID286823	1	1	0	0
1	1	UID432113	1	1	0	0
1	1	UID434531	1	1	0	0
1	1	UID453339	1	1	0	0
1	1	UID543756	1	1	0	0
1	1	UID543820	1	1	0	0
1	1	UID544612	1	1	0	0
1	1	UID545048	1	1	0	0
1	1	UID546834	1	1	0	0
1	1	UID562205	1	1	0	0
1	1	UID568895	1	1	0	0
1	1	UID569685	1	1	0	0
1	1	UID579592	1	1	0	0
2	2	UID62354	1	2	1	1
1	1	UID760501	1	1	0	0
2	2	UID7982	1	2	1	1
1	1	UID832876	1	1	0	0
1	1	UID970741	1	1	0	0
1	1	UID980753	1	1	0	0
