1773	5680	UID1	1927	1433	10	10
1147	2943	UID18121	1113	901	4	4
1238	3473	UID2	1057	1001	5	5
595	1264	UID203381	326	501	5	5
201	487	UID1022	210	168	4	4
349	637	UID629542	203	310	4	4
284	595	UID164157	192	248	4	4
238	508	UID37605	187	212	4	4
178	421	UID735771	157	154	3	3
204	315	UID37530	95	190	3	3
81	178	UID751896	83	74	2	2
34	93	UID205829	57	31	2	2
74	134	UID314	55	68	2	2
54	109	UID27285	51	48	3	3
121	208	UID1417	47	115	3	3
55	107	UID519	43	50	2	2
49	92	UID608	42	47	2	2
58	111	UID380	41	51	2	2
86	128	UID37707	39	83	2	2
66	117	UID7543	39	61	4	4
62	108	UID360278	37	56	2	2
81	125	UID1072579	34	74	3	3
40	84	UID7463	31	35	3	3
46	82	UID404	29	42	4	4
36	82	UID1273934	28	30	3	3
42	68	UID1059560	26	40	2	2
44	68	UID1198519	25	43	2	2
31	55	UID7456	23	28	2	2
22	43	UID16	20	19	2	2
35	56	UID19	20	33	2	2
36	54	UID129161	19	35	3	3
31	50	UID47933	18	29	2	2
27	45	UID1257807	17	24	2	2
23	52	UID1273936	17	20	3	3
22	37	UID151412	16	21	2	2
19	35	UID10381	15	17	2	2
9	26	UID37200	15	7	2	2
27	42	UID61600	15	25	2	2
16	34	UID194739	13	14	2	2
12	23	UID216383	12	11	2	2
34	46	UID37663	12	32	2	2
49	66	UID61252	12	44	2	2
13	23	UID114365	11	12	1	1
20	31	UID60173	11	18	3	3
6	15	UID737440	10	5	1	1
15	23	UID157971	8	13	2	2
18	25	UID164159	8	17	1	1
13	21	UID230564	8	11	1	1
14	22	UID47937	8	12	1	1
18	26	UID61264	8	16	2	2
12	21	UID635955	8	9	2	2
1	7	UID1273943	7	0	0	0
8	17	UID215384	7	6	2	2
11	18	UID49092	7	9	1	1
12	17	UID27288	6	11	2	2
5	10	UID115715	5	3	2	2
3	7	UID199871	5	2	1	1
4	8	UID200	5	3	1	1
9	14	UID33616	5	7	1	1
2	6	UID735772	5	1	1	1
4	8	UID737436	5	3	1	1
2	6	UID892926	5	1	1	1
10	13	UID1261107	4	9	2	2
5	8	UID27732	4	4	1	1
8	11	UID37588	4	7	1	1
7	10	UID49753	4	6	2	2
3	6	UID863506	4	2	1	1
4	6	UID114917	3	3	1	1
6	8	UID1160511	3	5	1	1
8	10	UID1273963	3	7	2	2
13	15	UID1273986	3	12	1	1
5	7	UID1273995	3	4	1	1
14	19	UID1446	3	11	2	2
7	9	UID308331	3	6	1	1
5	7	UID325330	3	4	1	1
7	9	UID350	3	6	3	3
4	7	UID48706	3	2	1	1
15	18	UID629759	3	13	3	3
5	7	UID73866	3	4	1	1
4	5	UID119268	2	3	1	1
4	6	UID1200132	2	2	2	2
2	3	UID12098	2	1	1	1
11	12	UID1257746	2	10	1	1
7	8	UID1267367	2	6	1	1
1	2	UID1274017	2	0	0	0
5	6	UID1274018	2	4	2	2
4	5	UID1274019	2	3	1	1
1	2	UID1274020	2	0	0	0
3	4	UID1274022	2	2	1	1
6	7	UID1274023	2	5	2	2
3	4	UID1274062	2	2	1	1
5	6	UID1274112	2	4	1	1
1	2	UID1274115	2	0	0	0
7	9	UID1274140	2	5	2	2
3	4	UID1274161	2	2	1	1
2	3	UID1274162	2	1	1	1
5	6	UID129	2	4	1	1
7	8	UID1447	2	6	2	2
12	13	UID1550	2	11	2	2
5	6	UID1683	2	4	2	2
1	2	UID174991	2	0	0	0
5	6	UID179696	2	4	1	1
12	15	UID193387	2	9	1	1
8	9	UID210086	2	7	1	1
4	5	UID43190	2	3	1	1
1	2	UID48386	2	0	0	0
3	4	UID62227	2	2	2	2
10	11	UID636216	2	9	1	1
1	2	UID752499	2	0	0	0
8	9	UID903627	2	7	1	1
1	2	UID9457	2	0	0	0
8	8	UID1028158	1	8	3	3
5	5	UID1056059	1	5	2	2
1	1	UID1066928	1	1	0	0
1	1	UID1072580	1	1	0	0
1	1	UID1092674	1	1	0	0
1	1	UID111642	1	1	0	0
1	1	UID111647	1	1	0	0
2	2	UID114539	1	2	1	1
2	2	UID1149723	1	2	1	1
2	2	UID1257451	1	2	1	1
1	1	UID1257683	1	1	0	0
1	1	UID1257781	1	1	0	0
1	1	UID1259625	1	1	0	0
5	5	UID1259632	1	5	2	2
4	4	UID1264170	1	4	1	1
2	2	UID1267366	1	2	1	1
1	1	UID1267418	1	1	0	0
1	1	UID1274193	1	1	0	0
1	1	UID1274195	1	1	0	0
1	1	UID1274200	1	1	0	0
1	1	UID1274203	1	1	0	0
1	1	UID1274206	1	1	0	0
1	1	UID1274212	1	1	0	0
1	1	UID1274218	1	1	0	0
1	1	UID1274224	1	1	0	0
1	1	UID1274225	1	1	0	0
1	1	UID1274226	1	1	0	0
1	1	UID1274236	1	1	0	0
1	1	UID1274240	1	1	0	0
1	1	UID1274244	1	1	0	0
1	1	UID1274247	1	1	0	0
1	1	UID1274258	1	1	0	0
1	1	UID1274259	1	1	0	0
1	1	UID1274267	1	1	0	0
1	1	UID1274269	1	1	0	0
1	1	UID1274270	1	1	0	0
1	1	UID1274274	1	1	0	0
1	1	UID1274277	1	1	0	0
1	1	UID1274280	1	1	0	0
1	1	UID1274281	1	1	0	0
1	1	UID1274296	1	1	0	0
1	1	UID1274297	1	1	0	0
1	1	UID1274300	1	1	0	0
1	1	UID1274301	1	1	0	0
1	1	UID1274315	1	1	0	0
1	1	UID1274320	1	1	0	0
1	1	UID1274326	1	1	0	0
1	1	UID1274334	1	1	0	0
1	1	UID1274335	1	1	0	0
1	1	UID1274337	1	1	0	0
1	1	UID1274339	1	1	0	0
1	1	UID1274341	1	1	0	0
1	1	UID1274349	1	1	0	0
1	1	UID1274351	1	1	0	0
1	1	UID1274355	1	1	0	0
1	1	UID1274359	1	1	0	0
1	1	UID1274372	1	1	0	0
1	1	UID1274373	1	1	0	0
1	1	UID1274377	1	1	0	0
1	1	UID1274380	1	1	0	0
1	1	UID1274384	1	1	0	0
1	1	UID1274394	1	1	0	0
1	1	UID1274395	1	1	0	0
1	1	UID1274396	1	1	0	0
1	1	UID1274401	1	1	0	0
1	1	UID1274402	1	1	0	0
1	1	UID1274407	1	1	0	0
1	1	UID1274411	1	1	0	0
1	1	UID1274421	1	1	0	0
1	1	UID1274430	1	1	0	0
1	1	UID1274439	1	1	0	0
1	1	UID1274442	1	1	0	0
1	1	UID1274462	1	1	0	0
1	1	UID1274463	1	1	0	0
1	1	UID1274469	1	1	0	0
1	1	UID1274470	1	1	0	0
1	1	UID1274473	1	1	0	0
1	1	UID1274477	1	1	0	0
1	1	UID1274478	1	1	0	0
1	1	UID1274484	1	1	0	0
1	1	UID1274488	1	1	0	0
1	1	UID1274500	1	1	0	0
1	1	UID1274505	1	1	0	0
1	1	UID1274513	1	1	0	0
1	1	UID1274519	1	1	0	0
1	1	UID1274520	1	1	0	0
1	1	UID1274521	1	1	0	0
1	1	UID1274527	1	1	0	0
1	1	UID1274538	1	1	0	0
1	1	UID1274539	1	1	0	0
1	1	UID1274541	1	1	0	0
1	1	UID1274543	1	1	0	0
1	1	UID1274565	1	1	0	0
1	1	UID1274566	1	1	0	0
1	1	UID1274568	1	1	0	0
1	1	UID1274571	1	1	0	0
1	1	UID1274572	1	1	0	0
1	1	UID1274574	1	1	0	0
1	1	UID1274581	1	1	0	0
1	1	UID1274583	1	1	0	0
1	1	UID1274589	1	1	0	0
1	1	UID1274590	1	1	0	0
1	1	UID1274600	1	1	0	0
1	1	UID1274601	1	1	0	0
1	1	UID1274602	1	1	0	0
1	1	UID1274605	1	1	0	0
1	1	UID1274608	1	1	0	0
1	1	UID1274612	1	1	0	0
1	1	UID1274615	1	1	0	0
1	1	UID1274621	1	1	0	0
1	1	UID1274624	1	1	0	0
1	1	UID1274625	1	1	0	0
1	1	UID1274641	1	1	0	0
1	1	UID1274658	1	1	0	0
1	1	UID1274661	1	1	0	0
1	1	UID1274667	1	1	0	0
1	1	UID1274671	1	1	0	0
1	1	UID1274688	1	1	0	0
1	1	UID1274743	1	1	0	0
1	1	UID1274757	1	1	0	0
1	1	UID1274766	1	1	0	0
1	1	UID1274775	1	1	0	0
1	1	UID1274797	1	1	0	0
1	1	UID1274816	1	1	0	0
1	1	UID1274847	1	1	0	0
1	1	UID1274903	1	1	0	0
1	1	UID1274911	1	1	0	0
1	1	UID1274923	1	1	0	0
1	1	UID1274941	1	1	0	0
1	1	UID1274978	1	1	0	0
1	1	UID1274989	1	1	0	0
1	1	UID1275047	1	1	0	0
1	1	UID1275123	1	1	0	0
1	1	UID1275134	1	1	0	0
1	1	UID1275159	1	1	0	0
1	1	UID1275230	1	1	0	0
1	1	UID1275234	1	1	0	0
1	1	UID1275242	1	1	0	0
1	1	UID1275277	1	1	0	0
1	1	UID1275281	1	1	0	0
1	1	UID1275283	1	1	0	0
1	1	UID1275290	1	1	0	0
1	1	UID1275300	1	1	0	0
1	1	UID1275304	1	1	0	0
1	1	UID1275320	1	1	0	0
1	1	UID1275329	1	1	0	0
1	1	UID1275333	1	1	0	0
1	1	UID1275334	1	1	0	0
1	1	UID1275335	1	1	0	0
1	1	UID1275337	1	1	0	0
1	1	UID1275339	1	1	0	0
1	1	UID1275342	1	1	0	0
1	1	UID1275353	1	1	0	0
1	1	UID1275359	1	1	0	0
1	1	UID1275367	1	1	0	0
1	1	UID1275375	1	1	0	0
1	1	UID1275376	1	1	0	0
1	1	UID1275390	1	1	0	0
1	1	UID1275391	1	1	0	0
1	1	UID1275403	1	1	0	0
1	1	UID1275407	1	1	0	0
1	1	UID1275410	1	1	0	0
1	1	UID1275413	1	1	0	0
1	1	UID1275427	1	1	0	0
1	1	UID1275428	1	1	0	0
1	1	UID1275450	1	1	0	0
1	1	UID1275458	1	1	0	0
1	1	UID1275466	1	1	0	0
1	1	UID1275467	1	1	0	0
1	1	UID1275469	1	1	0	0
1	1	UID1275474	1	1	0	0
1	1	UID1275475	1	1	0	0
1	1	UID1275478	1	1	0	0
1	1	UID1275497	1	1	0	0
7	7	UID1275502	1	7	2	2
1	1	UID1275503	1	1	0	0
1	1	UID1275504	1	1	0	0
1	1	UID1275505	1	1	0	0
1	1	UID1275506	1	1	0	0
1	1	UID1275508	1	1	0	0
1	1	UID1275515	1	1	0	0
1	1	UID1275522	1	1	0	0
1	1	UID1275531	1	1	0	0
1	1	UID1275532	1	1	0	0
1	1	UID1275535	1	1	0	0
1	1	UID1275536	1	1	0	0
1	1	UID1275539	1	1	0	0
1	1	UID1275540	1	1	0	0
1	1	UID1275542	1	1	0	0
1	1	UID1275545	1	1	0	0
1	1	UID1275548	1	1	0	0
1	1	UID1275549	1	1	0	0
1	1	UID1275551	1	1	0	0
1	1	UID1275553	1	1	0	0
1	1	UID1275555	1	1	0	0
1	1	UID1275558	1	1	0	0
1	1	UID1275559	1	1	0	0
1	1	UID1275560	1	1	0	0
1	1	UID1275566	1	1	0	0
1	1	UID1275569	1	1	0	0
1	1	UID1275585	1	1	0	0
1	1	UID1275586	1	1	0	0
1	1	UID1275590	1	1	0	0
1	1	UID1275593	1	1	0	0
1	1	UID1275597	1	1	0	0
1	1	UID1275599	1	1	0	0
1	1	UID1275602	1	1	0	0
1	1	UID1275604	1	1	0	0
1	1	UID1275605	1	1	0	0
1	1	UID1275607	1	1	0	0
1	1	UID1275610	1	1	0	0
1	1	UID1275627	1	1	0	0
1	1	UID1275635	1	1	0	0
1	1	UID1275639	1	1	0	0
1	1	UID1275640	1	1	0	0
1	1	UID1275641	1	1	0	0
1	1	UID1275642	1	1	0	0
1	1	UID1275643	1	1	0	0
1	1	UID1275644	1	1	0	0
1	1	UID1275646	1	1	0	0
1	1	UID1275647	1	1	0	0
2	2	UID1275648	1	2	1	1
1	1	UID1275649	1	1	0	0
1	1	UID1275650	1	1	0	0
1	1	UID1275654	1	1	0	0
1	1	UID1275655	1	1	0	0
1	1	UID1275660	1	1	0	0
1	1	UID1275663	1	1	0	0
1	1	UID1275664	1	1	0	0
1	1	UID1275677	1	1	0	0
1	1	UID1275680	1	1	0	0
1	1	UID1275681	1	1	0	0
1	1	UID1275688	1	1	0	0
1	1	UID1275690	1	1	0	0
2	2	UID1275691	1	2	1	1
1	1	UID1275693	1	1	0	0
1	1	UID1275694	1	1	0	0
1	1	UID1275699	1	1	0	0
2	2	UID1275700	1	2	1	1
1	1	UID1275701	1	1	0	0
2	2	UID1275703	1	2	1	1
1	1	UID1275706	1	1	0	0
1	1	UID1275725	1	1	0	0
1	1	UID1275726	1	1	0	0
1	1	UID1275729	1	1	0	0
1	1	UID1275730	1	1	0	0
2	2	UID1275733	1	2	1	1
2	2	UID1275735	1	2	1	1
1	1	UID1275737	1	1	0	0
2	2	UID1275739	1	2	1	1
1	1	UID1275754	1	1	0	0
1	1	UID1275755	1	1	0	0
1	1	UID1275771	1	1	0	0
1	1	UID1275781	1	1	0	0
1	1	UID1275785	1	1	0	0
1	1	UID1275786	1	1	0	0
1	1	UID1275787	1	1	0	0
1	1	UID1275792	1	1	0	0
1	1	UID1275844	1	1	0	0
1	1	UID1275856	1	1	0	0
1	1	UID1275860	1	1	0	0
1	1	UID1275861	1	1	0	0
1	1	UID1275862	1	1	0	0
1	1	UID1275863	1	1	0	0
1	1	UID1275871	1	1	0	0
1	1	UID1275875	1	1	0	0
1	1	UID1275896	1	1	0	0
1	1	UID1275910	1	1	0	0
1	1	UID1275914	1	1	0	0
1	1	UID1275915	1	1	0	0
8	8	UID1275916	1	8	2	2
1	1	UID1275917	1	1	0	0
1	1	UID1275918	1	1	0	0
1	1	UID1275919	1	1	0	0
1	1	UID1275921	1	1	0	0
1	1	UID1275922	1	1	0	0
1	1	UID1275932	1	1	0	0
1	1	UID1275936	1	1	0	0
1	1	UID1275938	1	1	0	0
1	1	UID1275941	1	1	0	0
1	1	UID1275953	1	1	0	0
1	1	UID1275955	1	1	0	0
1	1	UID1275956	1	1	0	0
1	1	UID1275957	1	1	0	0
1	1	UID1275958	1	1	0	0
1	1	UID1275959	1	1	0	0
1	1	UID1275960	1	1	0	0
1	1	UID1275961	1	1	0	0
1	1	UID1275975	1	1	0	0
4	4	UID1275979	1	4	2	2
1	1	UID1275980	1	1	0	0
1	1	UID1275983	1	1	0	0
1	1	UID1276003	1	1	0	0
1	1	UID1276004	1	1	0	0
1	1	UID1276007	1	1	0	0
1	1	UID1276013	1	1	0	0
1	1	UID1276014	1	1	0	0
1	1	UID1276018	1	1	0	0
1	1	UID1276021	1	1	0	0
1	1	UID1276022	1	1	0	0
1	1	UID1276024	1	1	0	0
1	1	UID1276025	1	1	0	0
1	1	UID1276026	1	1	0	0
1	1	UID1276027	1	1	0	0
1	1	UID1276030	1	1	0	0
1	1	UID1276035	1	1	0	0
1	1	UID1276037	1	1	0	0
1	1	UID1276040	1	1	0	0
1	1	UID1276043	1	1	0	0
1	1	UID1276046	1	1	0	0
1	1	UID1276047	1	1	0	0
1	1	UID1276059	1	1	0	0
2	2	UID1276061	1	2	1	1
1	1	UID1276064	1	1	0	0
1	1	UID1276070	1	1	0	0
1	1	UID1276071	1	1	0	0
1	1	UID1276072	1	1	0	0
1	1	UID1276077	1	1	0	0
1	1	UID1276078	1	1	0	0
1	1	UID1276091	1	1	0	0
1	1	UID1276092	1	1	0	0
1	1	UID1276100	1	1	0	0
1	1	UID1276101	1	1	0	0
1	1	UID1276102	1	1	0	0
1	1	UID1276106	1	1	0	0
1	1	UID1276107	1	1	0	0
1	1	UID1276113	1	1	0	0
1	1	UID1276121	1	1	0	0
1	1	UID1276122	1	1	0	0
1	1	UID1276124	1	1	0	0
1	1	UID1276126	1	1	0	0
1	1	UID1276127	1	1	0	0
1	1	UID1276128	1	1	0	0
1	1	UID1276129	1	1	0	0
1	1	UID1276130	1	1	0	0
1	1	UID1276134	1	1	0	0
1	1	UID1276136	1	1	0	0
1	1	UID1276141	1	1	0	0
1	1	UID1276148	1	1	0	0
1	1	UID1276149	1	1	0	0
1	1	UID1276152	1	1	0	0
1	1	UID1276157	1	1	0	0
1	1	UID1276159	1	1	0	0
1	1	UID1276161	1	1	0	0
1	1	UID1276165	1	1	0	0
1	1	UID1276166	1	1	0	0
1	1	UID1276167	1	1	0	0
1	1	UID1276168	1	1	0	0
1	1	UID1276174	1	1	0	0
1	1	UID1276176	1	1	0	0
1	1	UID1276177	1	1	0	0
2	2	UID1276178	1	2	1	1
1	1	UID1276180	1	1	0	0
1	1	UID1276182	1	1	0	0
1	1	UID1276188	1	1	0	0
1	1	UID1276194	1	1	0	0
1	1	UID1276198	1	1	0	0
1	1	UID1276200	1	1	0	0
1	1	UID1276201	1	1	0	0
1	1	UID1276204	1	1	0	0
1	1	UID1276207	1	1	0	0
1	1	UID1276208	1	1	0	0
1	1	UID1276209	1	1	0	0
1	1	UID1276210	1	1	0	0
1	1	UID1276212	1	1	0	0
1	1	UID1276217	1	1	0	0
1	1	UID1276218	1	1	0	0
1	1	UID1276219	1	1	0	0
1	1	UID1276220	1	1	0	0
1	1	UID1276223	1	1	0	0
1	1	UID1276226	1	1	0	0
1	1	UID1276227	1	1	0	0
1	1	UID1276232	1	1	0	0
1	1	UID1276234	1	1	0	0
1	1	UID1276238	1	1	0	0
1	1	UID1276251	1	1	0	0
1	1	UID1276254	1	1	0	0
1	1	UID1276258	1	1	0	0
1	1	UID1276263	1	1	0	0
1	1	UID1276276	1	1	0	0
1	1	UID1276281	1	1	0	0
1	1	UID1276296	1	1	0	0
1	1	UID1276304	1	1	0	0
1	1	UID1276306	1	1	0	0
1	1	UID1276310	1	1	0	0
1	1	UID1276316	1	1	0	0
1	1	UID1276317	1	1	0	0
1	1	UID1276324	1	1	0	0
1	1	UID1276328	1	1	0	0
1	1	UID1276334	1	1	0	0
1	1	UID1276336	1	1	0	0
1	1	UID1276342	1	1	0	0
1	1	UID1276349	1	1	0	0
1	1	UID1276359	1	1	0	0
1	1	UID1276362	1	1	0	0
1	1	UID1276369	1	1	0	0
1	1	UID1276370	1	1	0	0
1	1	UID1276373	1	1	0	0
1	1	UID1276374	1	1	0	0
1	1	UID1276377	1	1	0	0
1	1	UID1276378	1	1	0	0
1	1	UID1276388	1	1	0	0
1	1	UID1276399	1	1	0	0
1	1	UID1276407	1	1	0	0
1	1	UID1276417	1	1	0	0
1	1	UID1276421	1	1	0	0
1	1	UID1276446	1	1	0	0
1	1	UID1276460	1	1	0	0
1	1	UID1276467	1	1	0	0
1	1	UID1276473	1	1	0	0
1	1	UID1276480	1	1	0	0
1	1	UID1276496	1	1	0	0
1	1	UID1276499	1	1	0	0
1	1	UID1276502	1	1	0	0
1	1	UID1276513	1	1	0	0
1	1	UID1276538	1	1	0	0
1	1	UID1276542	1	1	0	0
1	1	UID1276574	1	1	0	0
1	1	UID1276578	1	1	0	0
1	1	UID1276579	1	1	0	0
1	1	UID1276581	1	1	0	0
1	1	UID1276582	1	1	0	0
1	1	UID1276591	1	1	0	0
1	1	UID1276600	1	1	0	0
1	1	UID1276608	1	1	0	0
1	1	UID1276617	1	1	0	0
1	1	UID1276628	1	1	0	0
1	1	UID1276633	1	1	0	0
1	1	UID1276657	1	1	0	0
1	1	UID1276672	1	1	0	0
1	1	UID1276676	1	1	0	0
1	1	UID1276679	1	1	0	0
1	1	UID1276682	1	1	0	0
1	1	UID1276692	1	1	0	0
1	1	UID1276694	1	1	0	0
1	1	UID1276696	1	1	0	0
1	1	UID1276699	1	1	0	0
1	1	UID1276700	1	1	0	0
1	1	UID1276717	1	1	0	0
1	1	UID1276725	1	1	0	0
1	1	UID1276726	1	1	0	0
1	1	UID1276738	1	1	0	0
1	1	UID1276741	1	1	0	0
1	1	UID1276742	1	1	0	0
1	1	UID1276743	1	1	0	0
1	1	UID1276745	1	1	0	0
1	1	UID1276752	1	1	0	0
1	1	UID1276753	1	1	0	0
1	1	UID1276754	1	1	0	0
1	1	UID1276771	1	1	0	0
1	1	UID1276772	1	1	0	0
1	1	UID1276773	1	1	0	0
1	1	UID1276777	1	1	0	0
1	1	UID1276783	1	1	0	0
1	1	UID1276788	1	1	0	0
1	1	UID1276795	1	1	0	0
1	1	UID1276796	1	1	0	0
1	1	UID1276797	1	1	0	0
1	1	UID1276798	1	1	0	0
1	1	UID1276799	1	1	0	0
1	1	UID1276807	1	1	0	0
1	1	UID1276810	1	1	0	0
1	1	UID1276812	1	1	0	0
1	1	UID1276816	1	1	0	0
1	1	UID1276819	1	1	0	0
1	1	UID1276821	1	1	0	0
1	1	UID1276822	1	1	0	0
1	1	UID1276823	1	1	0	0
1	1	UID1276842	1	1	0	0
1	1	UID1276845	1	1	0	0
1	1	UID1276849	1	1	0	0
1	1	UID1276850	1	1	0	0
1	1	UID1276860	1	1	0	0
1	1	UID1276864	1	1	0	0
1	1	UID1276870	1	1	0	0
1	1	UID1276871	1	1	0	0
1	1	UID1276875	1	1	0	0
1	1	UID1276892	1	1	0	0
1	1	UID1276896	1	1	0	0
1	1	UID1276905	1	1	0	0
1	1	UID1276911	1	1	0	0
1	1	UID1276915	1	1	0	0
1	1	UID1276922	1	1	0	0
1	1	UID1276928	1	1	0	0
1	1	UID1276929	1	1	0	0
1	1	UID1276934	1	1	0	0
1	1	UID1276936	1	1	0	0
1	1	UID1276941	1	1	0	0
1	1	UID1276942	1	1	0	0
1	1	UID1276944	1	1	0	0
1	1	UID1276953	1	1	0	0
1	1	UID1276958	1	1	0	0
1	1	UID1276962	1	1	0	0
1	1	UID1276976	1	1	0	0
1	1	UID1276983	1	1	0	0
1	1	UID1276993	1	1	0	0
1	1	UID1277012	1	1	0	0
1	1	UID1277017	1	1	0	0
1	1	UID1277031	1	1	0	0
1	1	UID1277034	1	1	0	0
1	1	UID1277044	1	1	0	0
1	1	UID1277045	1	1	0	0
1	1	UID1277048	1	1	0	0
1	1	UID1277061	1	1	0	0
1	1	UID1277062	1	1	0	0
1	1	UID1277065	1	1	0	0
1	1	UID1277067	1	1	0	0
1	1	UID1277069	1	1	0	0
1	1	UID1277071	1	1	0	0
1	1	UID1277073	1	1	0	0
1	1	UID1277076	1	1	0	0
1	1	UID1277077	1	1	0	0
1	1	UID1277079	1	1	0	0
1	1	UID1277082	1	1	0	0
1	1	UID1277089	1	1	0	0
1	1	UID1277105	1	1	0	0
1	1	UID1277128	1	1	0	0
1	1	UID1277143	1	1	0	0
1	1	UID1277203	1	1	0	0
1	1	UID1277217	1	1	0	0
1	1	UID1277228	1	1	0	0
1	1	UID1277229	1	1	0	0
1	1	UID1277245	1	1	0	0
1	1	UID1277257	1	1	0	0
1	1	UID1277260	1	1	0	0
1	1	UID1277268	1	1	0	0
1	1	UID1277280	1	1	0	0
1	1	UID1277282	1	1	0	0
1	1	UID1277297	1	1	0	0
1	1	UID1277298	1	1	0	0
1	1	UID1277303	1	1	0	0
1	1	UID1277309	1	1	0	0
1	1	UID1277314	1	1	0	0
1	1	UID1277316	1	1	0	0
1	1	UID1277327	1	1	0	0
1	1	UID1277333	1	1	0	0
1	1	UID1277334	1	1	0	0
1	1	UID1277341	1	1	0	0
1	1	UID1277343	1	1	0	0
1	1	UID1277344	1	1	0	0
1	1	UID1277345	1	1	0	0
1	1	UID1277346	1	1	0	0
1	1	UID1277358	1	1	0	0
1	1	UID1277364	1	1	0	0
1	1	UID1277379	1	1	0	0
1	1	UID1277381	1	1	0	0
1	1	UID1277389	1	1	0	0
1	1	UID1277390	1	1	0	0
1	1	UID1277391	1	1	0	0
1	1	UID1277393	1	1	0	0
1	1	UID1277396	1	1	0	0
1	1	UID1277399	1	1	0	0
1	1	UID1277402	1	1	0	0
1	1	UID1277403	1	1	0	0
1	1	UID1277416	1	1	0	0
1	1	UID1277419	1	1	0	0
1	1	UID1277421	1	1	0	0
1	1	UID1277422	1	1	0	0
1	1	UID1277434	1	1	0	0
1	1	UID1277435	1	1	0	0
1	1	UID1277457	1	1	0	0
1	1	UID1277485	1	1	0	0
1	1	UID1277486	1	1	0	0
1	1	UID1277490	1	1	0	0
1	1	UID1277491	1	1	0	0
1	1	UID1277499	1	1	0	0
1	1	UID1277502	1	1	0	0
1	1	UID1277510	1	1	0	0
1	1	UID1277523	1	1	0	0
1	1	UID1277532	1	1	0	0
1	1	UID1277553	1	1	0	0
1	1	UID1277557	1	1	0	0
1	1	UID1277558	1	1	0	0
1	1	UID1277569	1	1	0	0
1	1	UID1277577	1	1	0	0
1	1	UID1277578	1	1	0	0
1	1	UID1277585	1	1	0	0
1	1	UID1277594	1	1	0	0
1	1	UID1277595	1	1	0	0
1	1	UID1277597	1	1	0	0
1	1	UID1277603	1	1	0	0
1	1	UID1277608	1	1	0	0
1	1	UID1277613	1	1	0	0
1	1	UID1277616	1	1	0	0
1	1	UID1277617	1	1	0	0
1	1	UID1277630	1	1	0	0
1	1	UID1277634	1	1	0	0
1	1	UID1277638	1	1	0	0
1	1	UID1277643	1	1	0	0
1	1	UID1277645	1	1	0	0
1	1	UID1277646	1	1	0	0
1	1	UID1277650	1	1	0	0
1	1	UID1277654	1	1	0	0
1	1	UID1277661	1	1	0	0
1	1	UID1277668	1	1	0	0
1	1	UID1277669	1	1	0	0
1	1	UID1277670	1	1	0	0
1	1	UID1277674	1	1	0	0
1	1	UID1277675	1	1	0	0
1	1	UID1277676	1	1	0	0
1	1	UID1277679	1	1	0	0
1	1	UID1277683	1	1	0	0
1	1	UID1277684	1	1	0	0
1	1	UID1277687	1	1	0	0
1	1	UID1277711	1	1	0	0
1	1	UID1277714	1	1	0	0
1	1	UID1277715	1	1	0	0
1	1	UID1277716	1	1	0	0
1	1	UID1277720	1	1	0	0
1	1	UID1277728	1	1	0	0
1	1	UID1277729	1	1	0	0
1	1	UID1277733	1	1	0	0
1	1	UID1277737	1	1	0	0
1	1	UID1277757	1	1	0	0
1	1	UID1277758	1	1	0	0
1	1	UID1277777	1	1	0	0
1	1	UID1277778	1	1	0	0
1	1	UID1277780	1	1	0	0
1	1	UID1277784	1	1	0	0
1	1	UID1277785	1	1	0	0
1	1	UID1277786	1	1	0	0
1	1	UID1277791	1	1	0	0
1	1	UID1277793	1	1	0	0
1	1	UID1277804	1	1	0	0
1	1	UID1277806	1	1	0	0
1	1	UID1277812	1	1	0	0
1	1	UID1277819	1	1	0	0
1	1	UID1277820	1	1	0	0
1	1	UID1277833	1	1	0	0
1	1	UID1277857	1	1	0	0
1	1	UID1277868	1	1	0	0
1	1	UID1277872	1	1	0	0
1	1	UID1277875	1	1	0	0
1	1	UID1277877	1	1	0	0
1	1	UID1277884	1	1	0	0
1	1	UID1277885	1	1	0	0
1	1	UID1277887	1	1	0	0
1	1	UID1277889	1	1	0	0
1	1	UID1277939	1	1	0	0
1	1	UID1277944	1	1	0	0
1	1	UID1277947	1	1	0	0
1	1	UID1277955	1	1	0	0
1	1	UID1277972	1	1	0	0
1	1	UID1278076	1	1	0	0
1	1	UID1278080	1	1	0	0
1	1	UID1278098	1	1	0	0
1	1	UID1278099	1	1	0	0
1	1	UID1278130	1	1	0	0
1	1	UID1278144	1	1	0	0
1	1	UID1278150	1	1	0	0
1	1	UID1278151	1	1	0	0
1	1	UID1278152	1	1	0	0
1	1	UID1278168	1	1	0	0
1	1	UID1278169	1	1	0	0
1	1	UID1278172	1	1	0	0
1	1	UID1278174	1	1	0	0
1	1	UID1278176	1	1	0	0
1	1	UID1278223	1	1	0	0
1	1	UID1278229	1	1	0	0
1	1	UID1278238	1	1	0	0
1	1	UID1278240	1	1	0	0
1	1	UID1278241	1	1	0	0
1	1	UID1278242	1	1	0	0
1	1	UID1278243	1	1	0	0
1	1	UID1278245	1	1	0	0
1	1	UID1278270	1	1	0	0
1	1	UID1278272	1	1	0	0
1	1	UID1278275	1	1	0	0
1	1	UID1278288	1	1	0	0
1	1	UID1278295	1	1	0	0
1	1	UID1278296	1	1	0	0
1	1	UID1278300	1	1	0	0
1	1	UID1278301	1	1	0	0
1	1	UID1278303	1	1	0	0
1	1	UID1278304	1	1	0	0
1	1	UID1278319	1	1	0	0
1	1	UID1278348	1	1	0	0
1	1	UID1278352	1	1	0	0
1	1	UID1278354	1	1	0	0
1	1	UID1278356	1	1	0	0
1	1	UID1278362	1	1	0	0
1	1	UID1278364	1	1	0	0
1	1	UID1278365	1	1	0	0
1	1	UID1278370	1	1	0	0
1	1	UID1278372	1	1	0	0
1	1	UID1278377	1	1	0	0
1	1	UID1278384	1	1	0	0
1	1	UID1278387	1	1	0	0
1	1	UID1278388	1	1	0	0
1	1	UID1278389	1	1	0	0
1	1	UID1278392	1	1	0	0
1	1	UID1278393	1	1	0	0
1	1	UID1278395	1	1	0	0
1	1	UID1278403	1	1	0	0
1	1	UID1278404	1	1	0	0
1	1	UID1278414	1	1	0	0
1	1	UID1278416	1	1	0	0
1	1	UID1278419	1	1	0	0
1	1	UID1278421	1	1	0	0
1	1	UID1278429	1	1	0	0
1	1	UID1278437	1	1	0	0
1	1	UID1278444	1	1	0	0
1	1	UID1278507	1	1	0	0
1	1	UID1278508	1	1	0	0
1	1	UID1278513	1	1	0	0
1	1	UID1278516	1	1	0	0
1	1	UID1278520	1	1	0	0
1	1	UID1278526	1	1	0	0
1	1	UID1278531	1	1	0	0
1	1	UID1278533	1	1	0	0
1	1	UID1278538	1	1	0	0
1	1	UID1278541	1	1	0	0
1	1	UID1278546	1	1	0	0
1	1	UID1278547	1	1	0	0
1	1	UID1278552	1	1	0	0
1	1	UID1278563	1	1	0	0
1	1	UID1278567	1	1	0	0
1	1	UID1278568	1	1	0	0
1	1	UID1278571	1	1	0	0
1	1	UID1278579	1	1	0	0
1	1	UID1278583	1	1	0	0
1	1	UID1278585	1	1	0	0
1	1	UID1278587	1	1	0	0
1	1	UID1278604	1	1	0	0
1	1	UID1278609	1	1	0	0
1	1	UID1278613	1	1	0	0
1	1	UID1278683	1	1	0	0
1	1	UID1278687	1	1	0	0
1	1	UID1278695	1	1	0	0
1	1	UID1278698	1	1	0	0
1	1	UID1278702	1	1	0	0
1	1	UID1278707	1	1	0	0
1	1	UID1278711	1	1	0	0
1	1	UID1278717	1	1	0	0
1	1	UID1278728	1	1	0	0
1	1	UID1278731	1	1	0	0
1	1	UID1278732	1	1	0	0
1	1	UID1278747	1	1	0	0
1	1	UID1278752	1	1	0	0
1	1	UID1278772	1	1	0	0
1	1	UID1278796	1	1	0	0
1	1	UID1278799	1	1	0	0
1	1	UID1278807	1	1	0	0
1	1	UID1278817	1	1	0	0
1	1	UID1278830	1	1	0	0
1	1	UID1278839	1	1	0	0
1	1	UID1278847	1	1	0	0
1	1	UID1278849	1	1	0	0
1	1	UID1278863	1	1	0	0
1	1	UID1278868	1	1	0	0
1	1	UID1278882	1	1	0	0
1	1	UID1278884	1	1	0	0
2	2	UID1278887	1	2	1	1
1	1	UID1278888	1	1	0	0
1	1	UID1278892	1	1	0	0
2	2	UID1278899	1	2	1	1
1	1	UID1278900	1	1	0	0
1	1	UID1278901	1	1	0	0
1	1	UID1278902	1	1	0	0
1	1	UID1278903	1	1	0	0
1	1	UID1278906	1	1	0	0
1	1	UID1278907	1	1	0	0
1	1	UID1278908	1	1	0	0
1	1	UID1278909	1	1	0	0
1	1	UID1278910	1	1	0	0
1	1	UID1278911	1	1	0	0
1	1	UID1278913	1	1	0	0
1	1	UID1278914	1	1	0	0
1	1	UID1278916	1	1	0	0
1	1	UID1278919	1	1	0	0
2	2	UID1278924	1	2	1	1
1	1	UID1278940	1	1	0	0
1	1	UID1278941	1	1	0	0
1	1	UID1278942	1	1	0	0
1	1	UID1278943	1	1	0	0
1	1	UID1278945	1	1	0	0
1	1	UID1278946	1	1	0	0
1	1	UID1278947	1	1	0	0
1	1	UID1278952	1	1	0	0
1	1	UID1278953	1	1	0	0
1	1	UID1278954	1	1	0	0
1	1	UID1278958	1	1	0	0
1	1	UID1278960	1	1	0	0
1	1	UID1278969	1	1	0	0
1	1	UID1278999	1	1	0	0
1	1	UID1279002	1	1	0	0
1	1	UID1279056	1	1	0	0
1	1	UID1279057	1	1	0	0
1	1	UID1279058	1	1	0	0
1	1	UID1279064	1	1	0	0
1	1	UID1279065	1	1	0	0
1	1	UID1279073	1	1	0	0
1	1	UID1279079	1	1	0	0
1	1	UID1279080	1	1	0	0
1	1	UID1279081	1	1	0	0
1	1	UID1279082	1	1	0	0
1	1	UID1279083	1	1	0	0
2	2	UID1279091	1	2	1	1
1	1	UID1279101	1	1	0	0
1	1	UID1279102	1	1	0	0
1	1	UID1279109	1	1	0	0
1	1	UID1279133	1	1	0	0
1	1	UID1279167	1	1	0	0
1	1	UID1279180	1	1	0	0
1	1	UID1279184	1	1	0	0
1	1	UID1279188	1	1	0	0
1	1	UID1279190	1	1	0	0
1	1	UID1279194	1	1	0	0
1	1	UID1279203	1	1	0	0
1	1	UID1279221	1	1	0	0
1	1	UID1279225	1	1	0	0
1	1	UID1279230	1	1	0	0
1	1	UID1279232	1	1	0	0
1	1	UID1279243	1	1	0	0
1	1	UID1279264	1	1	0	0
1	1	UID1279266	1	1	0	0
1	1	UID1279268	1	1	0	0
1	1	UID1279271	1	1	0	0
1	1	UID1279283	1	1	0	0
1	1	UID1279303	1	1	0	0
1	1	UID1279308	1	1	0	0
1	1	UID1279328	1	1	0	0
1	1	UID1279329	1	1	0	0
1	1	UID1279338	1	1	0	0
1	1	UID1279343	1	1	0	0
1	1	UID1279352	1	1	0	0
1	1	UID1279361	1	1	0	0
1	1	UID1279363	1	1	0	0
1	1	UID1279364	1	1	0	0
1	1	UID1279365	1	1	0	0
1	1	UID1279373	1	1	0	0
1	1	UID1279376	1	1	0	0
1	1	UID1279380	1	1	0	0
1	1	UID1279383	1	1	0	0
1	1	UID1279386	1	1	0	0
1	1	UID1279394	1	1	0	0
1	1	UID1279408	1	1	0	0
1	1	UID1279409	1	1	0	0
1	1	UID1279414	1	1	0	0
1	1	UID1279416	1	1	0	0
1	1	UID1279429	1	1	0	0
1	1	UID1279433	1	1	0	0
1	1	UID1279434	1	1	0	0
1	1	UID1279435	1	1	0	0
1	1	UID1279443	1	1	0	0
1	1	UID1279450	1	1	0	0
1	1	UID1279456	1	1	0	0
1	1	UID1279457	1	1	0	0
1	1	UID1279469	1	1	0	0
1	1	UID1279472	1	1	0	0
1	1	UID1279473	1	1	0	0
1	1	UID1279480	1	1	0	0
1	1	UID1279503	1	1	0	0
1	1	UID1279515	1	1	0	0
1	1	UID1279563	1	1	0	0
1	1	UID1279571	1	1	0	0
1	1	UID1279580	1	1	0	0
1	1	UID1279602	1	1	0	0
1	1	UID1279616	1	1	0	0
1	1	UID1279618	1	1	0	0
1	1	UID1279619	1	1	0	0
1	1	UID1279620	1	1	0	0
1	1	UID1279622	1	1	0	0
1	1	UID1279625	1	1	0	0
1	1	UID1279630	1	1	0	0
1	1	UID1279631	1	1	0	0
1	1	UID1279634	1	1	0	0
1	1	UID1279642	1	1	0	0
1	1	UID1279647	1	1	0	0
1	1	UID1279653	1	1	0	0
1	1	UID1279654	1	1	0	0
1	1	UID1279655	1	1	0	0
1	1	UID1279657	1	1	0	0
1	1	UID1279662	1	1	0	0
1	1	UID1279664	1	1	0	0
1	1	UID1279668	1	1	0	0
1	1	UID1279673	1	1	0	0
1	1	UID1279692	1	1	0	0
1	1	UID1279693	1	1	0	0
1	1	UID1279696	1	1	0	0
1	1	UID1279697	1	1	0	0
1	1	UID1279701	1	1	0	0
1	1	UID1279705	1	1	0	0
1	1	UID1279708	1	1	0	0
1	1	UID1279711	1	1	0	0
1	1	UID1279712	1	1	0	0
1	1	UID1279714	1	1	0	0
1	1	UID1279718	1	1	0	0
1	1	UID1279720	1	1	0	0
1	1	UID1279732	1	1	0	0
1	1	UID1279735	1	1	0	0
1	1	UID1279744	1	1	0	0
1	1	UID1279751	1	1	0	0
1	1	UID1279753	1	1	0	0
1	1	UID1279758	1	1	0	0
1	1	UID1279761	1	1	0	0
1	1	UID1279771	1	1	0	0
1	1	UID1279779	1	1	0	0
1	1	UID1279782	1	1	0	0
1	1	UID1279785	1	1	0	0
1	1	UID1279786	1	1	0	0
1	1	UID1279787	1	1	0	0
1	1	UID1279790	1	1	0	0
1	1	UID1279798	1	1	0	0
1	1	UID1279802	1	1	0	0
1	1	UID1279803	1	1	0	0
1	1	UID1279808	1	1	0	0
1	1	UID1279811	1	1	0	0
1	1	UID1279812	1	1	0	0
1	1	UID1279813	1	1	0	0
1	1	UID1279827	1	1	0	0
1	1	UID1279830	1	1	0	0
1	1	UID1279834	1	1	0	0
1	1	UID1279838	1	1	0	0
1	1	UID1279839	1	1	0	0
1	1	UID1279843	1	1	0	0
1	1	UID1279844	1	1	0	0
1	1	UID1279852	1	1	0	0
1	1	UID1279858	1	1	0	0
1	1	UID1279862	1	1	0	0
1	1	UID1279867	1	1	0	0
1	1	UID1279874	1	1	0	0
1	1	UID1279876	1	1	0	0
1	1	UID1279877	1	1	0	0
1	1	UID1279883	1	1	0	0
1	1	UID1279893	1	1	0	0
1	1	UID1279895	1	1	0	0
1	1	UID1279897	1	1	0	0
1	1	UID1279904	1	1	0	0
1	1	UID1279906	1	1	0	0
1	1	UID1279927	1	1	0	0
1	1	UID1279928	1	1	0	0
1	1	UID1279929	1	1	0	0
1	1	UID1279931	1	1	0	0
1	1	UID1279934	1	1	0	0
1	1	UID1279946	1	1	0	0
1	1	UID1279952	1	1	0	0
1	1	UID1279955	1	1	0	0
1	1	UID1279972	1	1	0	0
1	1	UID1279979	1	1	0	0
1	1	UID1279980	1	1	0	0
1	1	UID1279984	1	1	0	0
1	1	UID1279985	1	1	0	0
1	1	UID1279991	1	1	0	0
1	1	UID1279992	1	1	0	0
1	1	UID1280000	1	1	0	0
1	1	UID1280001	1	1	0	0
1	1	UID1280003	1	1	0	0
1	1	UID1280006	1	1	0	0
2	2	UID1280010	1	2	1	1
1	1	UID1280013	1	1	0	0
1	1	UID1280014	1	1	0	0
1	1	UID1280015	1	1	0	0
1	1	UID1280020	1	1	0	0
2	2	UID150598	1	2	1	1
2	2	UID150613	1	2	1	1
1	1	UID150984	1	1	0	0
1	1	UID158220	1	1	0	0
1	1	UID161616	1	1	0	0
1	1	UID175367	1	1	0	0
1	1	UID203050	1	1	0	0
1	1	UID203569	1	1	0	0
1	1	UID203718	1	1	0	0
1	1	UID215020	1	1	0	0
2	2	UID215276	1	2	1	1
1	1	UID27334	1	1	0	0
1	1	UID37522	1	1	0	0
1	1	UID379129	1	1	0	0
1	1	UID37985	1	1	0	0
1	1	UID41889	1	1	0	0
1	1	UID42564	1	1	0	0
1	1	UID61263	1	1	0	0
1	1	UID61853	1	1	0	0
2	2	UID62988	1	2	1	1
1	1	UID68981	1	1	0	0
1	1	UID71876	1	1	0	0
1	1	UID71903	1	1	0	0
1	1	UID72001	1	1	0	0
1	1	UID732115	1	1	0	0
1	1	UID833063	1	1	0	0
1	1	UID893505	1	1	0	0
1	1	UID903613	1	1	0	0
1	1	UID971434	1	1	0	0
