4250	26059	UID1	13570	3579	7	7
829	2308	UID985	997	629	4	4
672	1539	UID43202	610	548	5	5
393	1165	UID2	523	285	4	4
441	913	UID608	343	377	4	4
366	743	UID55446	286	307	4	4
60	123	UID8077	62	57	2	2
74	171	UID164661	45	68	3	3
48	83	UID314	36	47	2	2
33	71	UID203435	34	30	3	3
34	73	UID55493	29	31	2	2
39	68	UID9455	27	36	5	5
29	55	UID200	24	25	2	2
11	28	UID19343	18	10	2	2
22	39	UID245	17	20	1	1
14	28	UID16	15	13	1	1
8	22	UID247	15	7	1	1
17	35	UID55338	15	15	2	2
23	36	UID1331730	13	21	3	3
54	88	UID193151	12	49	4	4
13	24	UID19	12	12	1	1
25	36	UID519	12	24	2	2
21	30	UID1339234	9	19	2	2
16	23	UID912	7	14	1	1
3	8	UID37682	6	2	1	1
16	21	UID43190	6	15	2	2
4	7	UID741807	4	3	1	1
8	11	UID7891	4	7	2	2
3	5	UID150835	3	2	1	1
4	6	UID197932	3	3	0	0
5	7	UID203295	3	4	3	3
2	5	UID203330	3	0	1	1
13	16	UID27308	3	11	2	2
16	18	UID916	3	15	2	2
5	6	UID101542	2	4	1	1
3	4	UID1095651	2	2	1	1
5	7	UID1435	2	3	1	1
7	8	UID18914	2	6	2	2
1	2	UID203394	2	0	0	0
6	8	UID33791	2	4	2	2
4	5	UID404	2	3	1	1
5	6	UID606	2	4	1	1
16	17	UID629534	2	15	2	2
1	2	UID68692	2	0	0	0
7	8	UID741632	2	6	2	2
4	5	UID7546	2	3	1	1
1	1	UID1012441	1	1	0	0
2	2	UID101616	1	2	1	1
1	1	UID1028600	1	1	0	0
1	1	UID1030551	1	1	0	0
1	1	UID110033	1	1	0	0
1	1	UID1134799	1	1	0	0
2	2	UID115171	1	2	1	1
1	1	UID1177724	1	1	0	0
1	1	UID118630	1	1	0	0
1	1	UID1255581	1	1	0	0
1	1	UID1265055	1	1	0	0
4	4	UID128599	1	4	1	1
2	2	UID1301676	1	2	1	1
1	1	UID1331732	1	1	0	0
1	1	UID1331870	1	1	0	0
1	1	UID1332155	1	1	0	0
1	1	UID1339356	1	1	0	0
1	1	UID1339359	1	1	0	0
1	1	UID1339364	1	1	0	0
1	1	UID1339365	1	1	0	0
1	1	UID1339366	1	1	0	0
1	1	UID1339391	1	1	0	0
1	1	UID1339392	1	1	0	0
1	1	UID1339421	1	1	0	0
1	1	UID1339426	1	1	0	0
1	1	UID1339428	1	1	0	0
1	1	UID1339451	1	1	0	0
1	1	UID1339458	1	1	0	0
1	1	UID1339460	1	1	0	0
1	1	UID1339461	1	1	0	0
1	1	UID1339468	1	1	0	0
1	1	UID1339471	1	1	0	0
1	1	UID1339478	1	1	0	0
1	1	UID1339485	1	1	0	0
1	1	UID1339502	1	1	0	0
1	1	UID1339512	1	1	0	0
1	1	UID1339517	1	1	0	0
1	1	UID1339518	1	1	0	0
1	1	UID1339529	1	1	0	0
1	1	UID1339535	1	1	0	0
1	1	UID1339548	1	1	0	0
1	1	UID1339587	1	1	0	0
1	1	UID1339597	1	1	0	0
1	1	UID1339602	1	1	0	0
1	1	UID1339603	1	1	0	0
1	1	UID1339609	1	1	0	0
1	1	UID1339610	1	1	0	0
1	1	UID1339612	1	1	0	0
1	1	UID1339618	1	1	0	0
1	1	UID1339622	1	1	0	0
1	1	UID1339633	1	1	0	0
1	1	UID1339640	1	1	0	0
1	1	UID1339650	1	1	0	0
1	1	UID1339654	1	1	0	0
1	1	UID1339657	1	1	0	0
1	1	UID1339661	1	1	0	0
8	8	UID1339692	1	8	2	2
1	1	UID1339693	1	1	0	0
1	1	UID1339696	1	1	0	0
1	1	UID1339699	1	1	0	0
1	1	UID1339724	1	1	0	0
1	1	UID1339726	1	1	0	0
1	1	UID1339727	1	1	0	0
1	1	UID1339728	1	1	0	0
1	1	UID1339730	1	1	0	0
1	1	UID1339747	1	1	0	0
1	1	UID1339754	1	1	0	0
1	1	UID1339756	1	1	0	0
1	1	UID1339757	1	1	0	0
1	1	UID1339758	1	1	0	0
1	1	UID1339780	1	1	0	0
1	1	UID1339781	1	1	0	0
1	1	UID1339786	1	1	0	0
1	1	UID1339792	1	1	0	0
1	1	UID1339793	1	1	0	0
1	1	UID1339796	1	1	0	0
1	1	UID1339801	1	1	0	0
1	1	UID1339802	1	1	0	0
1	1	UID1339815	1	1	0	0
1	1	UID1339819	1	1	0	0
1	1	UID1339823	1	1	0	0
1	1	UID1339848	1	1	0	0
1	1	UID1339852	1	1	0	0
1	1	UID1339867	1	1	0	0
1	1	UID1339875	1	1	0	0
1	1	UID1339889	1	1	0	0
1	1	UID1339893	1	1	0	0
1	1	UID1339921	1	1	0	0
1	1	UID1339928	1	1	0	0
1	1	UID1339939	1	1	0	0
1	1	UID1339945	1	1	0	0
1	1	UID1339961	1	1	0	0
1	1	UID1339970	1	1	0	0
1	1	UID1339981	1	1	0	0
1	1	UID1340033	1	1	0	0
1	1	UID1340034	1	1	0	0
1	1	UID1340047	1	1	0	0
1	1	UID1340048	1	1	0	0
1	1	UID1340082	1	1	0	0
1	1	UID1340095	1	1	0	0
1	1	UID1340103	1	1	0	0
1	1	UID1340131	1	1	0	0
1	1	UID1340136	1	1	0	0
1	1	UID1340138	1	1	0	0
1	1	UID1340146	1	1	0	0
1	1	UID1340156	1	1	0	0
1	1	UID1340158	1	1	0	0
1	1	UID1340164	1	1	0	0
1	1	UID1340170	1	1	0	0
1	1	UID1340172	1	1	0	0
1	1	UID1340183	1	1	0	0
1	1	UID1340210	1	1	0	0
1	1	UID1340213	1	1	0	0
1	1	UID1340234	1	1	0	0
1	1	UID1340248	1	1	0	0
1	1	UID1340252	1	1	0	0
1	1	UID1340260	1	1	0	0
1	1	UID1340282	1	1	0	0
1	1	UID1340450	1	1	0	0
1	1	UID1340496	1	1	0	0
1	1	UID1340505	1	1	0	0
1	1	UID1340529	1	1	0	0
1	1	UID1340576	1	1	0	0
1	1	UID1340578	1	1	0	0
1	1	UID1340591	1	1	0	0
1	1	UID1340654	1	1	0	0
1	1	UID1340660	1	1	0	0
1	1	UID1340672	1	1	0	0
1	1	UID1340689	1	1	0	0
1	1	UID1340706	1	1	0	0
1	1	UID1340777	1	1	0	0
1	1	UID1340780	1	1	0	0
1	1	UID1340799	1	1	0	0
1	1	UID1340810	1	1	0	0
1	1	UID1340817	1	1	0	0
1	1	UID1340835	1	1	0	0
1	1	UID1340837	1	1	0	0
1	1	UID1340840	1	1	0	0
1	1	UID1340841	1	1	0	0
1	1	UID1340846	1	1	0	0
1	1	UID1340861	1	1	0	0
1	1	UID1340873	1	1	0	0
1	1	UID1340905	1	1	0	0
1	1	UID1340924	1	1	0	0
1	1	UID1340933	1	1	0	0
1	1	UID1340938	1	1	0	0
1	1	UID1340946	1	1	0	0
1	1	UID1340949	1	1	0	0
1	1	UID1340952	1	1	0	0
1	1	UID1340954	1	1	0	0
1	1	UID1340961	1	1	0	0
1	1	UID1340969	1	1	0	0
1	1	UID1340975	1	1	0	0
1	1	UID1340976	1	1	0	0
1	1	UID1340977	1	1	0	0
1	1	UID1340979	1	1	0	0
1	1	UID1340983	1	1	0	0
1	1	UID1340988	1	1	0	0
1	1	UID1340994	1	1	0	0
1	1	UID1340999	1	1	0	0
1	1	UID1341007	1	1	0	0
1	1	UID1341009	1	1	0	0
1	1	UID1341013	1	1	0	0
1	1	UID1341015	1	1	0	0
1	1	UID1341021	1	1	0	0
1	1	UID1341026	1	1	0	0
1	1	UID1341035	1	1	0	0
1	1	UID1341039	1	1	0	0
1	1	UID1341040	1	1	0	0
1	1	UID1341041	1	1	0	0
1	1	UID1341043	1	1	0	0
1	1	UID1341050	1	1	0	0
1	1	UID1341056	1	1	0	0
1	1	UID1341070	1	1	0	0
1	1	UID1341072	1	1	0	0
1	1	UID1341073	1	1	0	0
5	6	UID1341084	1	4	2	2
1	1	UID1341085	1	1	0	0
1	1	UID1341086	1	1	0	0
1	1	UID1341088	1	1	0	0
1	1	UID1341093	1	1	0	0
1	1	UID1341109	1	1	0	0
1	1	UID1341114	1	1	0	0
1	1	UID1341116	1	1	0	0
1	1	UID1341117	1	1	0	0
1	1	UID1341128	1	1	0	0
1	1	UID1341135	1	1	0	0
1	1	UID1341136	1	1	0	0
1	1	UID1341156	1	1	0	0
1	1	UID1341164	1	1	0	0
1	1	UID1341178	1	1	0	0
1	1	UID1341193	1	1	0	0
1	1	UID1341204	1	1	0	0
1	1	UID1341205	1	1	0	0
1	1	UID1341211	1	1	0	0
1	1	UID1341234	1	1	0	0
1	1	UID1341242	1	1	0	0
1	1	UID1341243	1	1	0	0
1	1	UID1341245	1	1	0	0
1	1	UID1341253	1	1	0	0
1	1	UID1341258	1	1	0	0
1	1	UID1341262	1	1	0	0
1	1	UID1341265	1	1	0	0
1	1	UID1341266	1	1	0	0
1	1	UID1341271	1	1	0	0
1	1	UID1341277	1	1	0	0
1	1	UID1341286	1	1	0	0
1	1	UID1341297	1	1	0	0
1	1	UID1341299	1	1	0	0
1	1	UID1341314	1	1	0	0
1	1	UID1341342	1	1	0	0
1	1	UID1341363	1	1	0	0
1	1	UID1341376	1	1	0	0
1	1	UID1341395	1	1	0	0
1	1	UID1341511	1	1	0	0
1	1	UID1341533	1	1	0	0
1	1	UID1341544	1	1	0	0
1	1	UID1341554	1	1	0	0
1	1	UID1341562	1	1	0	0
1	1	UID1341564	1	1	0	0
1	1	UID1341606	1	1	0	0
1	1	UID1341607	1	1	0	0
1	1	UID1341616	1	1	0	0
1	1	UID1341617	1	1	0	0
1	1	UID1341643	1	1	0	0
1	1	UID1341649	1	1	0	0
1	1	UID1341674	1	1	0	0
1	1	UID1341684	1	1	0	0
1	1	UID1341685	1	1	0	0
1	1	UID1341689	1	1	0	0
3	3	UID1341691	1	3	2	2
1	1	UID1341694	1	1	0	0
1	1	UID1341698	1	1	0	0
1	1	UID1341702	1	1	0	0
1	1	UID1341714	1	1	0	0
1	1	UID1341726	1	1	0	0
1	1	UID1341733	1	1	0	0
1	1	UID1341736	1	1	0	0
1	1	UID1341741	1	1	0	0
1	1	UID1341773	1	1	0	0
1	1	UID1341775	1	1	0	0
1	1	UID1341780	1	1	0	0
1	1	UID1341787	1	1	0	0
1	1	UID1341790	1	1	0	0
1	1	UID1341791	1	1	0	0
1	1	UID1341792	1	1	0	0
1	1	UID1341794	1	1	0	0
1	1	UID1341801	1	1	0	0
1	1	UID1341808	1	1	0	0
1	1	UID1341809	1	1	0	0
1	1	UID1341810	1	1	0	0
1	1	UID1341815	1	1	0	0
1	1	UID1341816	1	1	0	0
1	1	UID1341820	1	1	0	0
1	1	UID1341821	1	1	0	0
1	1	UID1341835	1	1	0	0
1	1	UID1341889	1	1	0	0
1	1	UID1341898	1	1	0	0
1	1	UID1341966	1	1	0	0
1	1	UID1341979	1	1	0	0
1	1	UID1341998	1	1	0	0
1	1	UID1342000	1	1	0	0
1	1	UID1342020	1	1	0	0
1	1	UID1342021	1	1	0	0
1	1	UID1342023	1	1	0	0
1	1	UID1342039	1	1	0	0
1	1	UID1342041	1	1	0	0
1	1	UID1342051	1	1	0	0
1	1	UID1342056	1	1	0	0
1	1	UID1342061	1	1	0	0
1	1	UID1342076	1	1	0	0
1	1	UID1342086	1	1	0	0
1	1	UID1342087	1	1	0	0
1	1	UID1342088	1	1	0	0
1	1	UID1342090	1	1	0	0
1	1	UID1342093	1	1	0	0
1	1	UID1342095	1	1	0	0
1	1	UID1342105	1	1	0	0
1	1	UID1342109	1	1	0	0
1	1	UID1342118	1	1	0	0
1	1	UID1342124	1	1	0	0
1	1	UID1342137	1	1	0	0
1	1	UID1342139	1	1	0	0
1	1	UID1342143	1	1	0	0
1	1	UID1342144	1	1	0	0
1	1	UID1342146	1	1	0	0
1	1	UID1342156	1	1	0	0
1	1	UID1342162	1	1	0	0
1	1	UID1342166	1	1	0	0
1	1	UID1342168	1	1	0	0
1	1	UID1342169	1	1	0	0
1	1	UID1342180	1	1	0	0
1	1	UID1342181	1	1	0	0
1	1	UID1342187	1	1	0	0
1	1	UID1342194	1	1	0	0
2	2	UID1342195	1	2	1	1
1	1	UID1342198	1	1	0	0
1	1	UID1342203	1	1	0	0
1	1	UID1342212	1	1	0	0
1	1	UID1342214	1	1	0	0
1	1	UID1342216	1	1	0	0
1	1	UID1342217	1	1	0	0
1	1	UID1342221	1	1	0	0
1	1	UID1342228	1	1	0	0
1	1	UID1342229	1	1	0	0
1	1	UID1342230	1	1	0	0
1	1	UID1342232	1	1	0	0
1	1	UID1342233	1	1	0	0
1	1	UID1342236	1	1	0	0
1	1	UID1342237	1	1	0	0
1	1	UID1342239	1	1	0	0
1	1	UID1342240	1	1	0	0
1	1	UID1342241	1	1	0	0
1	1	UID1342242	1	1	0	0
1	1	UID1342243	1	1	0	0
1	1	UID1342244	1	1	0	0
1	1	UID1342265	1	1	0	0
1	1	UID1342266	1	1	0	0
1	1	UID1342267	1	1	0	0
1	1	UID1342268	1	1	0	0
1	1	UID1342276	1	1	0	0
1	1	UID1342287	1	1	0	0
1	1	UID1342288	1	1	0	0
1	1	UID1342291	1	1	0	0
1	1	UID1342292	1	1	0	0
1	1	UID1342296	1	1	0	0
1	1	UID1342311	1	1	0	0
1	1	UID1342315	1	1	0	0
1	1	UID1342318	1	1	0	0
1	1	UID1342319	1	1	0	0
1	1	UID1342322	1	1	0	0
1	1	UID1342323	1	1	0	0
1	1	UID1342324	1	1	0	0
1	1	UID1342325	1	1	0	0
1	1	UID1342331	1	1	0	0
1	1	UID1342342	1	1	0	0
1	1	UID1342343	1	1	0	0
1	1	UID1342348	1	1	0	0
1	1	UID1342349	1	1	0	0
1	1	UID1342355	1	1	0	0
1	1	UID1342367	1	1	0	0
1	1	UID1342375	1	1	0	0
1	1	UID1342377	1	1	0	0
1	1	UID1342378	1	1	0	0
1	1	UID1342379	1	1	0	0
1	1	UID1342381	1	1	0	0
1	1	UID1342382	1	1	0	0
1	1	UID1342383	1	1	0	0
1	1	UID1342384	1	1	0	0
1	1	UID1342387	1	1	0	0
1	1	UID1342388	1	1	0	0
1	1	UID1342390	1	1	0	0
1	1	UID1342394	1	1	0	0
1	1	UID1342397	1	1	0	0
1	1	UID1342402	1	1	0	0
1	1	UID1342409	1	1	0	0
1	1	UID1342416	1	1	0	0
1	1	UID1342432	1	1	0	0
1	1	UID1342437	1	1	0	0
1	1	UID1342438	1	1	0	0
1	1	UID1342458	1	1	0	0
1	1	UID1342462	1	1	0	0
1	1	UID1342468	1	1	0	0
1	1	UID1342487	1	1	0	0
1	1	UID1342491	1	1	0	0
1	1	UID1342499	1	1	0	0
1	1	UID1342500	1	1	0	0
1	1	UID1342507	1	1	0	0
1	1	UID1342521	1	1	0	0
1	1	UID1342528	1	1	0	0
1	1	UID1342533	1	1	0	0
1	1	UID1342534	1	1	0	0
1	1	UID1342540	1	1	0	0
1	1	UID1342545	1	1	0	0
1	1	UID1342548	1	1	0	0
1	1	UID1342549	1	1	0	0
1	1	UID1342557	1	1	0	0
1	1	UID1342560	1	1	0	0
1	1	UID1342573	1	1	0	0
1	1	UID1342574	1	1	0	0
1	1	UID1342577	1	1	0	0
1	1	UID1342596	1	1	0	0
1	1	UID1342598	1	1	0	0
1	1	UID1342614	1	1	0	0
1	1	UID1342619	1	1	0	0
1	1	UID1342623	1	1	0	0
1	1	UID1342628	1	1	0	0
1	1	UID1342638	1	1	0	0
1	1	UID1342643	1	1	0	0
1	1	UID1342648	1	1	0	0
1	1	UID1342650	1	1	0	0
1	1	UID1342659	1	1	0	0
1	1	UID1342660	1	1	0	0
1	1	UID1342661	1	1	0	0
1	1	UID1342662	1	1	0	0
1	1	UID1342663	1	1	0	0
1	1	UID1342665	1	1	0	0
1	1	UID1342682	1	1	0	0
1	1	UID1342694	1	1	0	0
1	1	UID1342702	1	1	0	0
1	1	UID1342728	1	1	0	0
1	1	UID1342730	1	1	0	0
1	1	UID1342733	1	1	0	0
1	1	UID1342736	1	1	0	0
1	1	UID1342738	1	1	0	0
1	1	UID1342739	1	1	0	0
1	1	UID1342740	1	1	0	0
1	1	UID1342756	1	1	0	0
1	1	UID1342769	1	1	0	0
1	1	UID1342771	1	1	0	0
1	1	UID1342774	1	1	0	0
1	1	UID1342782	1	1	0	0
1	1	UID1342789	1	1	0	0
1	1	UID1342805	1	1	0	0
1	1	UID1342810	1	1	0	0
1	1	UID1342814	1	1	0	0
1	1	UID1342816	1	1	0	0
1	1	UID1342822	1	1	0	0
1	1	UID1342823	1	1	0	0
1	1	UID1342836	1	1	0	0
1	1	UID1342840	1	1	0	0
1	1	UID1342863	1	1	0	0
1	1	UID1342864	1	1	0	0
1	1	UID1342865	1	1	0	0
1	1	UID1342872	1	1	0	0
1	1	UID1342874	1	1	0	0
1	1	UID1342880	1	1	0	0
1	1	UID1342886	1	1	0	0
1	1	UID1342907	1	1	0	0
1	1	UID1342911	1	1	0	0
1	1	UID1342920	1	1	0	0
1	1	UID1342921	1	1	0	0
1	1	UID1342925	1	1	0	0
1	1	UID1342936	1	1	0	0
1	1	UID1342941	1	1	0	0
1	1	UID1342962	1	1	0	0
1	1	UID1342975	1	1	0	0
1	1	UID1342986	1	1	0	0
1	1	UID1342991	1	1	0	0
1	1	UID1342992	1	1	0	0
1	1	UID1342994	1	1	0	0
1	1	UID1343001	1	1	0	0
1	1	UID1343006	1	1	0	0
1	1	UID1343007	1	1	0	0
1	1	UID1343016	1	1	0	0
1	1	UID1343020	1	1	0	0
1	1	UID1343025	1	1	0	0
1	1	UID1343036	1	1	0	0
1	1	UID1343038	1	1	0	0
1	1	UID1343060	1	1	0	0
1	1	UID1343066	1	1	0	0
1	1	UID1343075	1	1	0	0
1	1	UID1343095	1	1	0	0
1	1	UID1343107	1	1	0	0
1	1	UID1343108	1	1	0	0
1	1	UID1343126	1	1	0	0
1	1	UID1343127	1	1	0	0
1	1	UID1343128	1	1	0	0
1	1	UID1343129	1	1	0	0
1	1	UID1446	1	1	0	0
2	2	UID1550	1	2	1	1
1	1	UID1563	1	1	0	0
1	1	UID171739	1	1	0	0
1	1	UID184128	1	1	0	0
3	3	UID187034	1	3	2	2
1	1	UID193262	1	1	0	0
1	1	UID19342	1	1	0	0
1	1	UID203425	1	1	0	0
1	1	UID203644	1	1	0	0
1	1	UID208937	1	1	0	0
1	1	UID210934	1	1	0	0
1	1	UID210982	1	1	0	0
1	1	UID211148	1	1	0	0
1	1	UID23	1	1	0	0
1	1	UID27288	1	1	0	0
2	2	UID287	1	2	1	1
1	1	UID437845	1	1	0	0
1	1	UID513127	1	1	0	0
1	1	UID55334	1	1	0	0
1	1	UID648580	1	1	0	0
1	1	UID679445	1	1	0	0
1	1	UID702	1	1	0	0
1	1	UID741754	1	1	0	0
1	1	UID893529	1	1	0	0
1	1	UID913	1	1	0	0
