2997	11204	UID200	4759	2506	4	4
2184	10157	UID1	4753	1761	5	5
1364	4855	UID2	1981	1072	6	6
94	230	UID19343	117	85	2	2
126	233	UID1331730	85	110	3	3
98	168	UID110941	57	89	3	3
110	180	UID40	54	105	3	3
85	142	UID912	51	78	3	3
39	77	UID19	39	38	2	2
63	112	UID1331732	38	56	2	2
60	115	UID19342	36	52	2	2
30	68	UID314	36	26	2	2
63	116	UID913	32	57	4	4
44	77	UID16	31	40	2	2
52	90	UID1333665	26	46	3	3
47	78	UID164661	21	44	2	2
20	38	UID7917	16	17	2	2
24	47	UID506	15	22	2	2
25	38	UID37547	13	23	2	2
27	40	UID55569	13	25	2	2
2	11	UID49070	10	1	1	1
5	14	UID703	10	4	1	1
4	12	UID1334644	9	3	1	1
29	40	UID20	9	27	2	2
10	15	UID914	6	9	1	1
3	7	UID110942	5	2	0	0
1	4	UID1331743	4	0	0	0
1	4	UID27308	4	0	0	0
3	6	UID48383	4	2	1	1
3	6	UID48511	4	2	1	1
2	5	UID48617	4	1	1	1
9	12	UID702	4	8	2	2
3	5	UID128	3	2	0	0
4	6	UID1331739	3	3	1	1
1	3	UID1334653	3	0	0	0
5	7	UID1334656	3	4	1	1
7	9	UID245	3	6	2	2
4	7	UID916	3	2	1	1
1	2	UID1331738	2	0	0	0
4	5	UID1331790	2	3	1	1
1	2	UID1334695	2	0	0	0
1	2	UID1334703	2	0	0	0
1	2	UID1334707	2	0	0	0
5	6	UID1442	2	4	1	1
1	2	UID1447	2	0	0	0
4	5	UID247	2	3	1	1
2	3	UID329	2	1	1	1
5	6	UID584	2	4	1	1
1	1	UID1004554	1	1	0	0
1	1	UID1016209	1	1	0	0
1	1	UID10255	1	1	0	0
1	1	UID1061790	1	1	0	0
2	2	UID111642	1	2	1	1
2	2	UID114374	1	2	1	1
1	1	UID114816	1	1	0	0
1	1	UID118630	1	1	0	0
1	1	UID125384	1	1	0	0
1	1	UID1257954	1	1	0	0
1	1	UID1272362	1	1	0	0
2	2	UID128599	1	2	1	1
1	1	UID1298331	1	1	0	0
1	1	UID130478	1	1	0	0
5	5	UID1331736	1	5	1	1
5	5	UID1331742	1	5	1	1
8	8	UID1331746	1	8	2	2
1	1	UID1331759	1	1	0	0
1	1	UID1334033	1	1	0	0
1	1	UID1334710	1	1	0	0
1	1	UID1334718	1	1	0	0
1	1	UID1334722	1	1	0	0
1	1	UID1334724	1	1	0	0
1	1	UID1334725	1	1	0	0
1	1	UID1334727	1	1	0	0
1	1	UID1334728	1	1	0	0
1	1	UID1334732	1	1	0	0
1	1	UID1334733	1	1	0	0
1	1	UID1334744	1	1	0	0
1	1	UID1334754	1	1	0	0
1	1	UID1334756	1	1	0	0
1	1	UID1334778	1	1	0	0
1	1	UID1334780	1	1	0	0
1	1	UID1334781	1	1	0	0
1	1	UID1334782	1	1	0	0
1	1	UID1334786	1	1	0	0
1	1	UID1334787	1	1	0	0
1	1	UID1334793	1	1	0	0
1	1	UID1334802	1	1	0	0
1	1	UID1334810	1	1	0	0
1	1	UID1334814	1	1	0	0
1	1	UID1334819	1	1	0	0
1	1	UID1334829	1	1	0	0
1	1	UID1334836	1	1	0	0
1	1	UID1334853	1	1	0	0
1	1	UID1334862	1	1	0	0
1	1	UID1334864	1	1	0	0
1	1	UID1334866	1	1	0	0
1	1	UID1334884	1	1	0	0
1	1	UID1334890	1	1	0	0
1	1	UID1334893	1	1	0	0
1	1	UID1334894	1	1	0	0
1	1	UID1334895	1	1	0	0
1	1	UID1334898	1	1	0	0
1	1	UID1334901	1	1	0	0
1	1	UID1334903	1	1	0	0
1	1	UID1334906	1	1	0	0
1	1	UID1334907	1	1	0	0
1	1	UID1334911	1	1	0	0
1	1	UID1334912	1	1	0	0
1	1	UID1334913	1	1	0	0
2	2	UID1334927	1	2	1	1
1	1	UID1334942	1	1	0	0
1	1	UID1334943	1	1	0	0
1	1	UID1334945	1	1	0	0
1	1	UID1334946	1	1	0	0
1	1	UID1334958	1	1	0	0
1	1	UID1334961	1	1	0	0
1	1	UID1334965	1	1	0	0
1	1	UID1334978	1	1	0	0
1	1	UID1334979	1	1	0	0
1	1	UID1334986	1	1	0	0
1	1	UID1334987	1	1	0	0
1	1	UID1334989	1	1	0	0
1	1	UID1334995	1	1	0	0
1	1	UID1335003	1	1	0	0
1	1	UID1335005	1	1	0	0
1	1	UID1335006	1	1	0	0
1	1	UID1335016	1	1	0	0
1	1	UID1335023	1	1	0	0
1	1	UID1335030	1	1	0	0
1	1	UID1335031	1	1	0	0
1	1	UID1335036	1	1	0	0
1	1	UID1335039	1	1	0	0
1	1	UID1335042	1	1	0	0
1	1	UID1335046	1	1	0	0
1	1	UID1335052	1	1	0	0
1	1	UID1335073	1	1	0	0
1	1	UID1335087	1	1	0	0
1	1	UID1335092	1	1	0	0
1	1	UID1335095	1	1	0	0
1	1	UID1335097	1	1	0	0
1	1	UID1335113	1	1	0	0
1	1	UID1335114	1	1	0	0
1	1	UID1335117	1	1	0	0
1	1	UID1335121	1	1	0	0
1	1	UID1335128	1	1	0	0
1	1	UID1335130	1	1	0	0
1	1	UID1335136	1	1	0	0
1	1	UID1335139	1	1	0	0
1	1	UID1335148	1	1	0	0
1	1	UID1335150	1	1	0	0
1	1	UID1335173	1	1	0	0
1	1	UID1335180	1	1	0	0
1	1	UID1335182	1	1	0	0
1	1	UID1335187	1	1	0	0
1	1	UID1335194	1	1	0	0
1	1	UID1335212	1	1	0	0
1	1	UID1335213	1	1	0	0
1	1	UID1335221	1	1	0	0
1	1	UID1335224	1	1	0	0
1	1	UID1335233	1	1	0	0
1	1	UID1335248	1	1	0	0
1	1	UID1335249	1	1	0	0
1	1	UID1335251	1	1	0	0
1	1	UID1335262	1	1	0	0
1	1	UID1335265	1	1	0	0
2	2	UID1335283	1	2	1	1
1	1	UID1335291	1	1	0	0
1	1	UID1335293	1	1	0	0
1	1	UID1335307	1	1	0	0
1	1	UID1335311	1	1	0	0
1	1	UID1335328	1	1	0	0
1	1	UID1335330	1	1	0	0
1	1	UID1335331	1	1	0	0
1	1	UID1335334	1	1	0	0
1	1	UID1335341	1	1	0	0
1	1	UID1335342	1	1	0	0
1	1	UID1335366	1	1	0	0
1	1	UID1335370	1	1	0	0
1	1	UID1335401	1	1	0	0
1	1	UID1335409	1	1	0	0
1	1	UID1335419	1	1	0	0
1	1	UID1335421	1	1	0	0
1	1	UID1335425	1	1	0	0
1	1	UID1335428	1	1	0	0
1	1	UID1335498	1	1	0	0
1	1	UID1335527	1	1	0	0
1	1	UID1335537	1	1	0	0
1	1	UID1335554	1	1	0	0
1	1	UID1335567	1	1	0	0
1	1	UID1335575	1	1	0	0
1	1	UID1335613	1	1	0	0
1	1	UID1335620	1	1	0	0
1	1	UID1335653	1	1	0	0
1	1	UID1335759	1	1	0	0
1	1	UID1335772	1	1	0	0
1	1	UID1335803	1	1	0	0
1	1	UID1335832	1	1	0	0
2	2	UID1335834	1	2	1	1
1	1	UID1335854	1	1	0	0
1	1	UID1335858	1	1	0	0
1	1	UID1335875	1	1	0	0
1	1	UID1335881	1	1	0	0
1	1	UID1335891	1	1	0	0
1	1	UID1335938	1	1	0	0
1	1	UID1336003	1	1	0	0
1	1	UID1336004	1	1	0	0
1	1	UID1336009	1	1	0	0
1	1	UID1336017	1	1	0	0
1	1	UID1336026	1	1	0	0
1	1	UID1336082	1	1	0	0
1	1	UID1336089	1	1	0	0
1	1	UID1336091	1	1	0	0
1	1	UID1336108	1	1	0	0
1	1	UID1336120	1	1	0	0
1	1	UID1336144	1	1	0	0
1	1	UID1336171	1	1	0	0
1	1	UID1336172	1	1	0	0
1	1	UID1336179	1	1	0	0
1	1	UID1336184	1	1	0	0
1	1	UID1336185	1	1	0	0
1	1	UID1336186	1	1	0	0
1	1	UID1336187	1	1	0	0
1	1	UID1336195	1	1	0	0
1	1	UID1336201	1	1	0	0
1	1	UID1336210	1	1	0	0
1	1	UID1336227	1	1	0	0
1	1	UID1336240	1	1	0	0
1	1	UID1336244	1	1	0	0
1	1	UID1336245	1	1	0	0
1	1	UID1336249	1	1	0	0
1	1	UID1336261	1	1	0	0
1	1	UID1336263	1	1	0	0
1	1	UID1336264	1	1	0	0
1	1	UID1336272	1	1	0	0
1	1	UID1336283	1	1	0	0
1	1	UID1336288	1	1	0	0
1	1	UID1336320	1	1	0	0
1	1	UID1336321	1	1	0	0
1	1	UID1336345	1	1	0	0
1	1	UID1336349	1	1	0	0
1	1	UID1336351	1	1	0	0
1	1	UID1336357	1	1	0	0
1	1	UID1336386	1	1	0	0
1	1	UID1336400	1	1	0	0
1	1	UID1336406	1	1	0	0
1	1	UID1336421	1	1	0	0
1	1	UID1336425	1	1	0	0
1	1	UID1336427	1	1	0	0
1	1	UID1336446	1	1	0	0
1	1	UID1336447	1	1	0	0
1	1	UID1336465	1	1	0	0
3	3	UID1336466	1	3	2	2
1	1	UID1336467	1	1	0	0
1	1	UID1336468	1	1	0	0
2	2	UID1336469	1	2	1	1
1	1	UID1336472	1	1	0	0
1	1	UID1336473	1	1	0	0
1	1	UID1336501	1	1	0	0
1	1	UID1336502	1	1	0	0
1	1	UID1336506	1	1	0	0
1	1	UID1336509	1	1	0	0
1	1	UID1336511	1	1	0	0
1	1	UID1336523	1	1	0	0
1	1	UID1336528	1	1	0	0
1	1	UID1336544	1	1	0	0
1	1	UID1336547	1	1	0	0
1	1	UID1336555	1	1	0	0
1	1	UID1336561	1	1	0	0
1	1	UID1336611	1	1	0	0
1	1	UID1336615	1	1	0	0
1	1	UID1336639	1	1	0	0
1	1	UID1336640	1	1	0	0
1	1	UID1336645	1	1	0	0
1	1	UID1336655	1	1	0	0
1	1	UID1336664	1	1	0	0
1	1	UID1336670	1	1	0	0
1	1	UID1336676	1	1	0	0
1	1	UID1336691	1	1	0	0
1	1	UID1336692	1	1	0	0
1	1	UID1336718	1	1	0	0
1	1	UID1336722	1	1	0	0
1	1	UID1336747	1	1	0	0
1	1	UID1336751	1	1	0	0
1	1	UID1336755	1	1	0	0
1	1	UID1336759	1	1	0	0
1	1	UID1336763	1	1	0	0
2	2	UID1336767	1	2	1	1
1	1	UID1336768	1	1	0	0
1	1	UID1336771	1	1	0	0
1	1	UID1336778	1	1	0	0
1	1	UID1336780	1	1	0	0
1	1	UID1336785	1	1	0	0
1	1	UID1336811	1	1	0	0
1	1	UID1336818	1	1	0	0
1	1	UID1336835	1	1	0	0
1	1	UID1336855	1	1	0	0
1	1	UID1336866	1	1	0	0
1	1	UID1336867	1	1	0	0
1	1	UID1336898	1	1	0	0
1	1	UID1336946	1	1	0	0
1	1	UID1336948	1	1	0	0
1	1	UID1336949	1	1	0	0
1	1	UID1336950	1	1	0	0
1	1	UID1336951	1	1	0	0
2	2	UID1336986	1	2	1	1
1	1	UID1337140	1	1	0	0
1	1	UID1337179	1	1	0	0
1	1	UID1337184	1	1	0	0
1	1	UID1337185	1	1	0	0
1	1	UID1337205	1	1	0	0
1	1	UID1337211	1	1	0	0
1	1	UID1337221	1	1	0	0
1	1	UID1337232	1	1	0	0
1	1	UID1337274	1	1	0	0
1	1	UID1337276	1	1	0	0
1	1	UID1337301	1	1	0	0
1	1	UID1337320	1	1	0	0
1	1	UID1337325	1	1	0	0
1	1	UID1337333	1	1	0	0
1	1	UID1337368	1	1	0	0
1	1	UID1337374	1	1	0	0
1	1	UID1337378	1	1	0	0
1	1	UID1337386	1	1	0	0
1	1	UID1337391	1	1	0	0
1	1	UID1337419	1	1	0	0
1	1	UID1337425	1	1	0	0
1	1	UID1337435	1	1	0	0
1	1	UID1337455	1	1	0	0
1	1	UID1337458	1	1	0	0
1	1	UID1337463	1	1	0	0
1	1	UID1337473	1	1	0	0
1	1	UID1337493	1	1	0	0
1	1	UID1337494	1	1	0	0
1	1	UID1337498	1	1	0	0
1	1	UID1337511	1	1	0	0
1	1	UID1337512	1	1	0	0
1	1	UID1337525	1	1	0	0
1	1	UID1337530	1	1	0	0
1	1	UID1337532	1	1	0	0
1	1	UID1337542	1	1	0	0
1	1	UID1337546	1	1	0	0
1	1	UID1337551	1	1	0	0
1	1	UID1337552	1	1	0	0
1	1	UID1337556	1	1	0	0
1	1	UID1337561	1	1	0	0
1	1	UID1337562	1	1	0	0
1	1	UID1337591	1	1	0	0
1	1	UID1337597	1	1	0	0
1	1	UID1337601	1	1	0	0
1	1	UID1337616	1	1	0	0
1	1	UID1337629	1	1	0	0
1	1	UID1337641	1	1	0	0
1	1	UID1337642	1	1	0	0
1	1	UID1337644	1	1	0	0
1	1	UID1337648	1	1	0	0
1	1	UID1337656	1	1	0	0
1	1	UID1337661	1	1	0	0
1	1	UID1337666	1	1	0	0
1	1	UID1337668	1	1	0	0
1	1	UID1337691	1	1	0	0
1	1	UID1337724	1	1	0	0
1	1	UID1337727	1	1	0	0
1	1	UID1337730	1	1	0	0
1	1	UID1337732	1	1	0	0
1	1	UID1337743	1	1	0	0
1	1	UID1337754	1	1	0	0
1	1	UID1337758	1	1	0	0
1	1	UID1337759	1	1	0	0
1	1	UID1337762	1	1	0	0
2	2	UID1337763	1	2	1	1
1	1	UID1337768	1	1	0	0
1	1	UID1337772	1	1	0	0
1	1	UID1337775	1	1	0	0
1	1	UID1337777	1	1	0	0
1	1	UID1337789	1	1	0	0
1	1	UID1337792	1	1	0	0
1	1	UID1337799	1	1	0	0
1	1	UID1337818	1	1	0	0
1	1	UID1337830	1	1	0	0
1	1	UID1337840	1	1	0	0
1	1	UID1337852	1	1	0	0
1	1	UID1337853	1	1	0	0
1	1	UID1337857	1	1	0	0
1	1	UID1337877	1	1	0	0
1	1	UID1337878	1	1	0	0
1	1	UID1337883	1	1	0	0
1	1	UID1337900	1	1	0	0
1	1	UID1337924	1	1	0	0
1	1	UID1337926	1	1	0	0
1	1	UID1337935	1	1	0	0
1	1	UID1337954	1	1	0	0
1	1	UID1337956	1	1	0	0
1	1	UID1337959	1	1	0	0
1	1	UID1337964	1	1	0	0
1	1	UID1337984	1	1	0	0
1	1	UID1337997	1	1	0	0
1	1	UID1337998	1	1	0	0
1	1	UID1338002	1	1	0	0
1	1	UID1338003	1	1	0	0
1	1	UID1338004	1	1	0	0
1	1	UID1338006	1	1	0	0
1	1	UID1338012	1	1	0	0
1	1	UID1338014	1	1	0	0
1	1	UID1338015	1	1	0	0
1	1	UID1338018	1	1	0	0
1	1	UID1338020	1	1	0	0
1	1	UID1338029	1	1	0	0
1	1	UID1338040	1	1	0	0
1	1	UID1338043	1	1	0	0
1	1	UID1338045	1	1	0	0
1	1	UID1338049	1	1	0	0
1	1	UID1338054	1	1	0	0
2	2	UID1338056	1	2	1	1
1	1	UID1338060	1	1	0	0
1	1	UID1338061	1	1	0	0
1	1	UID1338062	1	1	0	0
1	1	UID1338063	1	1	0	0
1	1	UID1338064	1	1	0	0
1	1	UID1338065	1	1	0	0
7	7	UID1338066	1	7	2	2
1	1	UID1338069	1	1	0	0
1	1	UID1338072	1	1	0	0
1	1	UID1338074	1	1	0	0
1	1	UID1338087	1	1	0	0
1	1	UID1338093	1	1	0	0
1	1	UID1338094	1	1	0	0
1	1	UID1338095	1	1	0	0
1	1	UID1338100	1	1	0	0
1	1	UID1338102	1	1	0	0
1	1	UID1338105	1	1	0	0
1	1	UID1338122	1	1	0	0
1	1	UID1338131	1	1	0	0
1	1	UID1338140	1	1	0	0
1	1	UID1338142	1	1	0	0
1	1	UID1338152	1	1	0	0
1	1	UID1338155	1	1	0	0
1	1	UID1338156	1	1	0	0
1	1	UID1338157	1	1	0	0
1	1	UID1338158	1	1	0	0
1	1	UID1338163	1	1	0	0
1	1	UID1338164	1	1	0	0
2	2	UID1338168	1	2	1	1
1	1	UID1338172	1	1	0	0
1	1	UID1338178	1	1	0	0
1	1	UID1338181	1	1	0	0
1	1	UID1338191	1	1	0	0
1	1	UID1338196	1	1	0	0
1	1	UID1338198	1	1	0	0
1	1	UID1338204	1	1	0	0
1	1	UID1338205	1	1	0	0
1	1	UID1338207	1	1	0	0
1	1	UID1338208	1	1	0	0
2	2	UID1338209	1	2	1	1
1	1	UID1338211	1	1	0	0
1	1	UID1338213	1	1	0	0
1	1	UID1338214	1	1	0	0
1	1	UID1338218	1	1	0	0
1	1	UID1338219	1	1	0	0
1	1	UID1338223	1	1	0	0
1	1	UID1338227	1	1	0	0
1	1	UID1338228	1	1	0	0
1	1	UID1338239	1	1	0	0
1	1	UID1338280	1	1	0	0
1	1	UID1338281	1	1	0	0
1	1	UID1338284	1	1	0	0
1	1	UID1338286	1	1	0	0
1	1	UID1338301	1	1	0	0
1	1	UID1338302	1	1	0	0
1	1	UID1338303	1	1	0	0
1	1	UID1338305	1	1	0	0
1	1	UID1338314	1	1	0	0
1	1	UID1338317	1	1	0	0
1	1	UID1338334	1	1	0	0
1	1	UID1338336	1	1	0	0
1	1	UID1338339	1	1	0	0
1	1	UID1338340	1	1	0	0
1	1	UID1338344	1	1	0	0
1	1	UID1338346	1	1	0	0
1	1	UID1338361	1	1	0	0
1	1	UID1338363	1	1	0	0
1	1	UID1338368	1	1	0	0
1	1	UID1338376	1	1	0	0
1	1	UID1338377	1	1	0	0
1	1	UID1338380	1	1	0	0
1	1	UID1338383	1	1	0	0
1	1	UID1338387	1	1	0	0
1	1	UID1338399	1	1	0	0
1	1	UID1338400	1	1	0	0
1	1	UID1338401	1	1	0	0
1	1	UID1338402	1	1	0	0
1	1	UID1338404	1	1	0	0
1	1	UID1338406	1	1	0	0
1	1	UID1338409	1	1	0	0
1	1	UID1338411	1	1	0	0
1	1	UID1338417	1	1	0	0
1	1	UID1338418	1	1	0	0
1	1	UID1338429	1	1	0	0
1	1	UID1338430	1	1	0	0
1	1	UID1338435	1	1	0	0
1	1	UID1338436	1	1	0	0
1	1	UID1338437	1	1	0	0
1	1	UID1338439	1	1	0	0
1	1	UID1338445	1	1	0	0
1	1	UID1338468	1	1	0	0
1	1	UID1338475	1	1	0	0
1	1	UID1338483	1	1	0	0
1	1	UID1338485	1	1	0	0
1	1	UID1338489	1	1	0	0
1	1	UID1338501	1	1	0	0
1	1	UID1338504	1	1	0	0
1	1	UID1338525	1	1	0	0
1	1	UID1338545	1	1	0	0
1	1	UID1338549	1	1	0	0
1	1	UID1338585	1	1	0	0
1	1	UID1338592	1	1	0	0
1	1	UID1338611	1	1	0	0
1	1	UID1338623	1	1	0	0
1	1	UID1338630	1	1	0	0
1	1	UID1338631	1	1	0	0
1	1	UID1338632	1	1	0	0
1	1	UID1338647	1	1	0	0
1	1	UID1338648	1	1	0	0
1	1	UID1338653	1	1	0	0
1	1	UID1338660	1	1	0	0
1	1	UID1338673	1	1	0	0
1	1	UID1338677	1	1	0	0
1	1	UID1338692	1	1	0	0
1	1	UID1338704	1	1	0	0
1	1	UID1338705	1	1	0	0
1	1	UID1338707	1	1	0	0
1	1	UID1338708	1	1	0	0
1	1	UID1338709	1	1	0	0
1	1	UID1338721	1	1	0	0
1	1	UID1338738	1	1	0	0
1	1	UID1338742	1	1	0	0
1	1	UID1338743	1	1	0	0
1	1	UID1338754	1	1	0	0
1	1	UID1338755	1	1	0	0
1	1	UID1338760	1	1	0	0
1	1	UID1338761	1	1	0	0
1	1	UID1338762	1	1	0	0
1	1	UID1338764	1	1	0	0
1	1	UID1338779	1	1	0	0
1	1	UID1338795	1	1	0	0
1	1	UID1338797	1	1	0	0
1	1	UID1338801	1	1	0	0
1	1	UID1338816	1	1	0	0
1	1	UID1338835	1	1	0	0
1	1	UID1338836	1	1	0	0
1	1	UID1338839	1	1	0	0
1	1	UID1338843	1	1	0	0
1	1	UID1338851	1	1	0	0
1	1	UID1338852	1	1	0	0
1	1	UID1338853	1	1	0	0
1	1	UID1338869	1	1	0	0
1	1	UID1338875	1	1	0	0
1	1	UID1338879	1	1	0	0
1	1	UID1338888	1	1	0	0
1	1	UID1338892	1	1	0	0
1	1	UID1338908	1	1	0	0
1	1	UID1338909	1	1	0	0
1	1	UID1338923	1	1	0	0
1	1	UID1338936	1	1	0	0
1	1	UID1338940	1	1	0	0
1	1	UID1338945	1	1	0	0
1	1	UID1338965	1	1	0	0
1	1	UID1338982	1	1	0	0
1	1	UID1338984	1	1	0	0
1	1	UID1338985	1	1	0	0
1	1	UID1338995	1	1	0	0
1	1	UID1339008	1	1	0	0
1	1	UID1339011	1	1	0	0
1	1	UID1339028	1	1	0	0
1	1	UID1339035	1	1	0	0
1	1	UID1339038	1	1	0	0
1	1	UID1339050	1	1	0	0
1	1	UID1339057	1	1	0	0
1	1	UID1339064	1	1	0	0
1	1	UID1339066	1	1	0	0
1	1	UID1339082	1	1	0	0
1	1	UID1339084	1	1	0	0
1	1	UID1339086	1	1	0	0
1	1	UID1339089	1	1	0	0
1	1	UID1339093	1	1	0	0
1	1	UID1339109	1	1	0	0
1	1	UID1339114	1	1	0	0
1	1	UID1339119	1	1	0	0
1	1	UID1339125	1	1	0	0
1	1	UID1339127	1	1	0	0
1	1	UID1339128	1	1	0	0
1	1	UID1339129	1	1	0	0
1	1	UID1339130	1	1	0	0
1	1	UID1339131	1	1	0	0
1	1	UID1339134	1	1	0	0
1	1	UID1339136	1	1	0	0
1	1	UID1339156	1	1	0	0
1	1	UID1339157	1	1	0	0
1	1	UID1339171	1	1	0	0
1	1	UID1339176	1	1	0	0
1	1	UID1339178	1	1	0	0
1	1	UID1339191	1	1	0	0
1	1	UID1339196	1	1	0	0
1	1	UID1339205	1	1	0	0
1	1	UID1339210	1	1	0	0
1	1	UID1339212	1	1	0	0
1	1	UID1339214	1	1	0	0
1	1	UID1339224	1	1	0	0
1	1	UID1339229	1	1	0	0
1	1	UID1339232	1	1	0	0
4	4	UID134173	1	4	2	2
1	1	UID150835	1	1	0	0
1	1	UID174991	1	1	0	0
1	1	UID199119	1	1	0	0
1	1	UID203681	1	1	0	0
2	2	UID404	1	2	1	1
1	1	UID454	1	1	0	0
1	1	UID48752	1	1	0	0
1	1	UID508507	1	1	0	0
1	1	UID515932	1	1	0	0
1	1	UID528400	1	1	0	0
1	1	UID528711	1	1	0	0
1	1	UID68063	1	1	0	0
1	1	UID686241	1	1	0	0
1	1	UID731688	1	1	0	0
1	1	UID733738	1	1	0	0
1	1	UID7518	1	1	0	0
1	1	UID75691	1	1	0	0
1	1	UID7612	1	1	0	0
1	1	UID909	1	1	0	0
1	1	UID9859	1	1	0	0
