8298	89273	UID1	52854	6241	4	4
2	12	UID19343	11	1	1	1
4	11	UID200	8	3	1	1
5	12	UID33597	8	4	1	1
1	4	UID1371231	4	0	0	0
1	4	UID1371232	4	0	0	0
1	4	UID1371235	4	0	0	0
1	4	UID1371236	4	0	0	0
1	4	UID1371237	4	0	0	0
1	4	UID519	4	0	0	0
1	4	UID596669	4	0	0	0
1	3	UID1363955	3	0	0	0
1	3	UID1371238	3	0	0	0
1	3	UID1371240	3	0	0	0
1	3	UID1371244	3	0	0	0
1	3	UID1371250	3	0	0	0
1	3	UID1371251	3	0	0	0
1	3	UID1371257	3	0	0	0
1	3	UID1371262	3	0	0	0
1	3	UID1371264	3	0	0	0
1	3	UID1371266	3	0	0	0
1	3	UID1371268	3	0	0	0
1	3	UID1371270	3	0	0	0
1	3	UID1371271	3	0	0	0
1	3	UID1371272	3	0	0	0
1	3	UID1371275	3	0	0	0
1	3	UID1371276	3	0	0	0
1	3	UID1371278	3	0	0	0
1	3	UID1371279	3	0	0	0
1	3	UID1371280	3	0	0	0
1	3	UID1371282	3	0	0	0
1	3	UID1371285	3	0	0	0
1	3	UID1371288	3	0	0	0
3	5	UID150787	3	2	1	1
1	3	UID196083	3	0	0	0
3	6	UID9455	3	1	1	1
3	5	UID1353188	2	1	1	1
1	2	UID1371326	2	0	0	0
2	3	UID1371341	2	1	1	1
1	2	UID1371366	2	0	0	0
1	2	UID1371510	2	0	0	0
1	2	UID1371512	2	0	0	0
1	2	UID1371558	2	0	0	0
2	3	UID1371567	2	1	1	1
1	2	UID1371609	2	0	0	0
1	2	UID1371617	2	0	0	0
1	2	UID1371622	2	0	0	0
1	2	UID1371631	2	0	0	0
1	2	UID1371634	2	0	0	0
4	5	UID139756	2	3	1	1
1	2	UID27295	2	0	0	0
2	4	UID275	2	0	1	1
1	1	UID1311584	1	1	0	0
1	1	UID13158	1	1	0	0
1	1	UID1334653	1	1	0	0
1	1	UID1353999	1	1	0	0
1	1	UID1363203	1	1	0	0
1	1	UID1371654	1	1	0	0
1	1	UID1371655	1	1	0	0
1	1	UID1371661	1	1	0	0
1	1	UID1371662	1	1	0	0
1	1	UID1371663	1	1	0	0
1	1	UID1371664	1	1	0	0
1	1	UID1371681	1	1	0	0
1	1	UID1371682	1	1	0	0
1	1	UID1371684	1	1	0	0
1	1	UID1371689	1	1	0	0
1	1	UID1371694	1	1	0	0
1	1	UID1371704	1	1	0	0
1	1	UID1371729	1	1	0	0
1	1	UID1371732	1	1	0	0
1	1	UID1371734	1	1	0	0
1	1	UID1371744	1	1	0	0
1	1	UID1371745	1	1	0	0
1	1	UID1371746	1	1	0	0
1	1	UID1371749	1	1	0	0
1	1	UID1371751	1	1	0	0
1	1	UID1371762	1	1	0	0
1	1	UID1371765	1	1	0	0
1	1	UID1371769	1	1	0	0
1	1	UID1371770	1	1	0	0
1	1	UID1371773	1	1	0	0
1	1	UID1371775	1	1	0	0
1	1	UID1371785	1	1	0	0
1	1	UID1371787	1	1	0	0
1	1	UID1371792	1	1	0	0
1	1	UID1371793	1	1	0	0
1	1	UID1371794	1	1	0	0
1	1	UID1371796	1	1	0	0
1	1	UID1371827	1	1	0	0
1	1	UID1371829	1	1	0	0
1	1	UID1371830	1	1	0	0
1	1	UID1371831	1	1	0	0
1	1	UID1371846	1	1	0	0
1	1	UID1371847	1	1	0	0
1	1	UID1371852	1	1	0	0
1	1	UID1371854	1	1	0	0
1	1	UID1371859	1	1	0	0
1	1	UID1371863	1	1	0	0
1	1	UID1371864	1	1	0	0
1	1	UID1371869	1	1	0	0
1	1	UID1371870	1	1	0	0
1	1	UID1371883	1	1	0	0
1	1	UID1371891	1	1	0	0
1	1	UID1371895	1	1	0	0
1	1	UID1371896	1	1	0	0
1	1	UID1371910	1	1	0	0
1	1	UID1371923	1	1	0	0
1	1	UID1371952	1	1	0	0
1	1	UID1371954	1	1	0	0
1	1	UID1371957	1	1	0	0
1	1	UID1371958	1	1	0	0
1	1	UID1371963	1	1	0	0
1	1	UID1371967	1	1	0	0
1	1	UID1371973	1	1	0	0
1	1	UID1371982	1	1	0	0
1	1	UID1371984	1	1	0	0
1	1	UID1371995	1	1	0	0
1	1	UID1372007	1	1	0	0
1	1	UID1372037	1	1	0	0
1	1	UID1372039	1	1	0	0
1	1	UID1372041	1	1	0	0
1	1	UID1372043	1	1	0	0
1	1	UID1372044	1	1	0	0
1	1	UID1372053	1	1	0	0
1	1	UID1372079	1	1	0	0
1	1	UID1372082	1	1	0	0
1	1	UID1372096	1	1	0	0
1	1	UID1372098	1	1	0	0
1	1	UID1372100	1	1	0	0
1	1	UID1372103	1	1	0	0
1	1	UID1372120	1	1	0	0
1	1	UID1372122	1	1	0	0
1	1	UID1372124	1	1	0	0
1	1	UID1372126	1	1	0	0
1	1	UID1372137	1	1	0	0
1	1	UID1372138	1	1	0	0
1	1	UID1372140	1	1	0	0
1	1	UID1372147	1	1	0	0
1	1	UID1372169	1	1	0	0
1	1	UID1372170	1	1	0	0
1	1	UID1372171	1	1	0	0
1	1	UID1372179	1	1	0	0
1	1	UID1372188	1	1	0	0
1	1	UID1372190	1	1	0	0
1	1	UID1372207	1	1	0	0
1	1	UID1372227	1	1	0	0
1	1	UID1372244	1	1	0	0
1	1	UID1372255	1	1	0	0
1	1	UID1372264	1	1	0	0
1	1	UID1372279	1	1	0	0
1	1	UID1372281	1	1	0	0
1	1	UID1372286	1	1	0	0
1	1	UID1372288	1	1	0	0
1	1	UID1372305	1	1	0	0
1	1	UID1372308	1	1	0	0
1	1	UID1372311	1	1	0	0
1	1	UID1372320	1	1	0	0
1	1	UID1372364	1	1	0	0
1	1	UID1372366	1	1	0	0
1	1	UID1372368	1	1	0	0
1	1	UID1372395	1	1	0	0
1	1	UID1372412	1	1	0	0
1	1	UID1372413	1	1	0	0
1	1	UID1372416	1	1	0	0
1	1	UID1372418	1	1	0	0
1	1	UID1372419	1	1	0	0
1	1	UID1372420	1	1	0	0
1	1	UID1372421	1	1	0	0
1	1	UID1372430	1	1	0	0
1	1	UID1372436	1	1	0	0
1	1	UID1372491	1	1	0	0
1	1	UID1372501	1	1	0	0
1	1	UID1372553	1	1	0	0
1	1	UID1372554	1	1	0	0
1	1	UID1372558	1	1	0	0
1	1	UID1372583	1	1	0	0
1	1	UID1372593	1	1	0	0
1	1	UID1372607	1	1	0	0
1	1	UID1372608	1	1	0	0
1	1	UID1372614	1	1	0	0
1	1	UID1372644	1	1	0	0
1	1	UID1372667	1	1	0	0
1	1	UID1372669	1	1	0	0
1	1	UID1372690	1	1	0	0
1	1	UID1372692	1	1	0	0
1	1	UID1372694	1	1	0	0
1	1	UID1372695	1	1	0	0
1	1	UID1372696	1	1	0	0
1	1	UID1372729	1	1	0	0
1	1	UID1372767	1	1	0	0
1	1	UID1372777	1	1	0	0
1	1	UID1372810	1	1	0	0
1	1	UID1372837	1	1	0	0
1	1	UID1372841	1	1	0	0
1	1	UID1372845	1	1	0	0
1	1	UID1372860	1	1	0	0
1	1	UID1372863	1	1	0	0
1	1	UID1372869	1	1	0	0
1	1	UID1372872	1	1	0	0
1	1	UID1372876	1	1	0	0
1	1	UID1372956	1	1	0	0
1	1	UID1372997	1	1	0	0
1	1	UID1373014	1	1	0	0
1	1	UID1373085	1	1	0	0
1	1	UID1373086	1	1	0	0
1	1	UID1373089	1	1	0	0
1	1	UID1373102	1	1	0	0
1	1	UID1373118	1	1	0	0
1	1	UID1373129	1	1	0	0
1	1	UID1373181	1	1	0	0
1	1	UID1373191	1	1	0	0
1	1	UID1373225	1	1	0	0
1	1	UID1373241	1	1	0	0
1	1	UID1373291	1	1	0	0
1	1	UID1373311	1	1	0	0
1	1	UID1373337	1	1	0	0
1	1	UID1373361	1	1	0	0
1	1	UID1373400	1	1	0	0
1	1	UID1373423	1	1	0	0
1	1	UID1373439	1	1	0	0
1	1	UID1373485	1	1	0	0
1	1	UID1373505	1	1	0	0
1	1	UID1373556	1	1	0	0
1	1	UID1373596	1	1	0	0
1	1	UID1373605	1	1	0	0
1	1	UID1373626	1	1	0	0
1	1	UID1373629	1	1	0	0
1	1	UID1373631	1	1	0	0
1	1	UID1373663	1	1	0	0
1	1	UID1373665	1	1	0	0
1	1	UID1373683	1	1	0	0
1	1	UID1373698	1	1	0	0
1	1	UID1373722	1	1	0	0
1	1	UID1373746	1	1	0	0
1	1	UID1373774	1	1	0	0
1	1	UID1373788	1	1	0	0
1	1	UID1373843	1	1	0	0
1	1	UID1373864	1	1	0	0
1	1	UID1373881	1	1	0	0
1	1	UID1373882	1	1	0	0
1	1	UID1373886	1	1	0	0
1	1	UID1373914	1	1	0	0
1	1	UID1373940	1	1	0	0
1	1	UID1373957	1	1	0	0
1	1	UID1374022	1	1	0	0
1	1	UID1374034	1	1	0	0
1	1	UID1374039	1	1	0	0
1	1	UID1374049	1	1	0	0
1	1	UID1374066	1	1	0	0
1	1	UID1374076	1	1	0	0
1	1	UID1374077	1	1	0	0
1	1	UID1374078	1	1	0	0
1	1	UID1374079	1	1	0	0
1	1	UID1374081	1	1	0	0
1	1	UID1374082	1	1	0	0
1	1	UID1374155	1	1	0	0
1	1	UID1374156	1	1	0	0
1	1	UID1374249	1	1	0	0
1	1	UID1374256	1	1	0	0
1	1	UID1374261	1	1	0	0
1	1	UID1374267	1	1	0	0
1	1	UID1374289	1	1	0	0
1	1	UID1374299	1	1	0	0
1	1	UID1374308	1	1	0	0
1	1	UID1374333	1	1	0	0
1	1	UID1374335	1	1	0	0
1	1	UID1374336	1	1	0	0
1	1	UID1374339	1	1	0	0
1	1	UID1374341	1	1	0	0
1	1	UID1374343	1	1	0	0
1	1	UID1374345	1	1	0	0
1	1	UID1374368	1	1	0	0
1	1	UID1374370	1	1	0	0
1	1	UID1374375	1	1	0	0
1	1	UID1374376	1	1	0	0
1	1	UID1374377	1	1	0	0
1	1	UID1374378	1	1	0	0
1	1	UID1374381	1	1	0	0
1	1	UID1374382	1	1	0	0
1	1	UID1374383	1	1	0	0
2	2	UID1374384	1	2	1	1
1	1	UID1374396	1	1	0	0
1	1	UID1374431	1	1	0	0
1	1	UID1374441	1	1	0	0
1	1	UID1374477	1	1	0	0
1	1	UID1374478	1	1	0	0
1	1	UID1374479	1	1	0	0
1	1	UID1374480	1	1	0	0
1	1	UID1374484	1	1	0	0
1	1	UID1374487	1	1	0	0
1	1	UID1374492	1	1	0	0
1	1	UID1374497	1	1	0	0
1	1	UID1374498	1	1	0	0
1	1	UID1374515	1	1	0	0
1	1	UID1374531	1	1	0	0
1	1	UID1374574	1	1	0	0
1	1	UID1374577	1	1	0	0
1	1	UID1374597	1	1	0	0
1	1	UID1374608	1	1	0	0
1	1	UID1374638	1	1	0	0
1	1	UID1374659	1	1	0	0
1	1	UID1374660	1	1	0	0
1	1	UID1374673	1	1	0	0
1	1	UID1374681	1	1	0	0
1	1	UID1374684	1	1	0	0
1	1	UID1374686	1	1	0	0
1	1	UID1374687	1	1	0	0
1	1	UID1374689	1	1	0	0
1	1	UID1374700	1	1	0	0
1	1	UID1374702	1	1	0	0
1	1	UID1374736	1	1	0	0
1	1	UID1374737	1	1	0	0
1	1	UID1374740	1	1	0	0
1	1	UID1374741	1	1	0	0
1	1	UID1374753	1	1	0	0
1	1	UID1374769	1	1	0	0
1	1	UID1374775	1	1	0	0
1	1	UID1374776	1	1	0	0
1	1	UID1374783	1	1	0	0
1	1	UID1374786	1	1	0	0
1	1	UID1374796	1	1	0	0
1	1	UID1374803	1	1	0	0
1	1	UID1374823	1	1	0	0
1	1	UID1374857	1	1	0	0
1	1	UID1374858	1	1	0	0
1	1	UID1374862	1	1	0	0
1	1	UID1374872	1	1	0	0
1	1	UID1374874	1	1	0	0
1	1	UID1374876	1	1	0	0
1	1	UID1374878	1	1	0	0
1	1	UID1374879	1	1	0	0
1	1	UID1374891	1	1	0	0
1	1	UID1374903	1	1	0	0
1	1	UID1374905	1	1	0	0
1	1	UID1374914	1	1	0	0
1	1	UID1374915	1	1	0	0
1	1	UID1374923	1	1	0	0
1	1	UID1374925	1	1	0	0
1	1	UID1374926	1	1	0	0
1	1	UID1374929	1	1	0	0
1	1	UID1374932	1	1	0	0
1	1	UID1374934	1	1	0	0
1	1	UID1374935	1	1	0	0
1	1	UID1374937	1	1	0	0
1	1	UID1374938	1	1	0	0
1	1	UID1374941	1	1	0	0
1	1	UID1374942	1	1	0	0
1	1	UID1374946	1	1	0	0
1	1	UID1374956	1	1	0	0
1	1	UID1374970	1	1	0	0
1	1	UID1374977	1	1	0	0
1	1	UID1374983	1	1	0	0
1	1	UID1374985	1	1	0	0
1	1	UID1374999	1	1	0	0
1	1	UID151180	1	1	0	0
1	1	UID151364	1	1	0	0
2	2	UID165502	1	2	1	1
1	1	UID204333	1	1	0	0
1	1	UID314	1	1	0	0
1	1	UID49412	1	1	0	0
1	1	UID61252	1	1	0	0
1	1	UID742964	1	1	0	0
1	1	UID74715	1	1	0	0
1	1	UID769819	1	1	0	0
