1    -63.7
2    -73.2
3    -58.9
4    -64.7
5    -64.7
6    -64.7
7    -64.7
8    -64.1
9    -64.1
10    -64.7
11    -61.8
12    -64.8
13    -64.7
14    -64.8
15    -87.1
16    -97.8
17   -110.7
18   -108.5
19    -96.8
20    -85.0
21    -93.7
22   -108.1
23   -105.4
24    -65.7
25    -80.7
26   -123.8
27   -115.5
28   -112.8
29    -91.8
30    111.0
31   -102.0
32     77.8
33   -113.4
34   -110.6
35   -117.9
36   -130.2
37   -115.7
38   -117.5
39    -65.6
40    133.4
41    -96.2
42   -103.3
43   -121.5
44   -100.2
45    -70.3
46    -95.2
47   -114.7
48    -90.2
49    -93.0
50   -123.1
51   -105.2
52    -78.8
53   -116.0
54    -93.4
55    -97.7
56    -97.6
57   -113.5
58   -128.8
59   -117.9
60   -132.7
61    -81.8
62   -105.4
63    -96.3
64    -87.8
65    -82.1
66   -100.0
67    -90.3
