67
     0 0.000000 0.111300
     1 0.000000 0.046499
     2 0.000000 -0.561081
     3 0.000000 -0.342051
     4 0.000000 -0.318232
     5 0.000000 -0.666723
     6 0.000000 -0.823651
     7 0.000000 -0.299137
     8 0.000000 -0.406967
     9 0.000000 -0.731028
    10 0.000000 -0.917282
    11 0.000000 -0.341305
    12 0.000000 -0.508793
    13 0.000000 -0.862989
    14 0.000000 -0.214553
    15 0.000000 -0.181336
    16 0.000000 -0.512723
    17 0.000000 -0.754185
    18 0.000000 -0.501238
    19 0.000000 -0.416013
    20 0.000000 -0.235064
    21 0.000000 -0.613872
    22 0.000000 -0.742984
    23 0.000000 -0.433501
    24 0.000000 -0.870111
    25 0.000000 -0.850388
    26 0.000000 -0.842927
    27 0.000000 -0.577213
    28 0.000000 -0.832224
    29 0.000000 -0.625807
    30 0.000000 -0.250779
    31 0.000000 -0.787916
    32 0.000000 -0.740526
    33 0.000000 -0.589820
    34 0.000000 -0.738774
    35 0.000000 -0.471811
    36 0.000000 -0.732062
    37 0.000000 -0.440756
    38 0.000000 -0.430049
    39 0.000000 -0.784127
    40 0.000000 -0.493509
    41 0.000000 -0.466051
    42 0.000000 -0.398449
    43 0.000000 -0.375294
    44 0.000000 -0.392851
    45 0.000000 -0.197272
    46 0.000000 -0.257805
    47 0.000000 -0.242401
    48 0.000000 -0.699912
    49 0.000000 -0.353984
    50 0.000000 -0.434756
    51 0.000000 -0.439424
    52 0.000000 -0.217483
    53 0.000000 -0.313951
    54 0.000000 -0.514572
    55 0.000000 -0.602869
    56 0.000000 -0.597620
    57 0.000000 -0.615969
    58 0.000000 -0.725565
    59 0.000000 -0.914828
    60 0.000000 -0.401059
    61 0.000000 -0.456044
    62 0.000000 -0.377149
    63 0.000000 -0.069804
    64 0.000000 -0.703397
    65 0.000000 -0.184412
    66 0.000000 0.786375
