67
     0  1 -0.968919
     1  1 -0.990499
     2  1 -0.994805
     3  1 -0.996043
     4  1 -0.996053
     5  1 -0.992936
     6  1 -0.996175
     7  1 -0.994434
     8  1 -0.997213
     9  1 -0.996825
    10  1 -0.994279
    11  1 -0.991523
    12  1 -0.971999
    13  1 -0.980765
    14  1 -0.111269
    15  1 -0.003516
    16  1  0.190319
    17  1 -0.646627
    18  1 -0.487513
    19  1 -0.484673
    20  1 -0.350985
    21  1 -0.152206
    22  1 -0.451059
    23  1 -0.401508
    24  1 -0.989744
    25  1 -0.997517
    26  1 -0.840075
    27  1  0.194158
    28  1  0.406080
    29  1  0.283769
    30  1 -0.815639
    31  1 -0.992638
    32  1 -0.993834
    33  1 -0.989996
    34  1 -0.997526
    35  1 -0.736889
    36  1 -0.986969
    37  1 -0.006911
    38  1 -0.527295
    39  1 -0.112970
    40  1  0.200252
    41  1 -0.689120
    42  1 -0.780054
    43  1 -0.817423
    44  1 -0.155856
    45  1 -0.529274
    46  1  0.222133
    47  1  0.031143
    48  1 -0.684026
    49  1 -0.749583
    50  1 -0.116130
    51  1 -0.850339
    52  1  0.021246
    53  1 -0.917619
    54  1 -0.833115
    55  1 -0.974947
    56  1 -0.991333
    57  1 -0.938193
    58  1 -0.959767
    59  1 -0.695296
    60  1 -0.465703
    61  1 -0.465298
    62  1 -0.074192
    63  1 -0.290482
    64  1 -0.992371
    65  1 -0.998515
    66  1 -0.999893
0.119403 8 67
