109
     0 0.000000 0.159204
     1 0.000000 0.143991
     2 0.000000 -0.539707
     3 0.000000 -0.344950
     4 0.000000 -0.416173
     5 0.000000 -0.365850
     6 0.000000 -0.363740
     7 0.000000 -0.219767
     8 0.000000 -0.168818
     9 0.000000 -0.267313
    10 0.000000 -0.500749
    11 0.000000 -0.304669
    12 0.000000 -0.323713
    13 0.000000 -0.284988
    14 0.000000 -0.489472
    15 0.000000 -0.209961
    16 0.000000 -0.490234
    17 0.000000 -0.485111
    18 0.000000 -0.441576
    19 0.000000 -0.471925
    20 0.000000 -0.456399
    21 0.000000 -0.211937
    22 0.000000 -0.341161
    23 0.000000 -0.426432
    24 0.000000 -0.403833
    25 0.000000 -0.327736
    26 0.000000 -0.260999
    27 0.000000 -0.454729
    28 0.000000 -0.752673
    29 0.000000 -0.446574
    30 0.000000 -0.377006
    31 0.000000 -0.320092
    32 0.000000 -0.757691
    33 0.000000 -0.931746
    34 0.000000 -0.296739
    35 0.000000 -0.413642
    36 0.000000 -0.873724
    37 0.000000 -0.903781
    38 0.000000 -0.369185
    39 0.000000 -0.519343
    40 0.000000 -0.909479
    41 0.000000 -0.189351
    42 0.000000 -0.316645
    43 0.000000 -0.486474
    44 0.000000 -0.727811
    45 0.000000 -0.510763
    46 0.000000 -0.412536
    47 0.000000 -0.245990
    48 0.000000 -0.704430
    49 0.000000 -0.779585
    50 0.000000 -0.433237
    51 0.000000 -0.888026
    52 0.000000 -0.891849
    53 0.000000 -0.875126
    54 0.000000 -0.614882
    55 0.000000 -0.823408
    56 0.000000 -0.600583
    57 0.000000 -0.241987
    58 0.000000 -0.794617
    59 0.000000 -0.648838
    60 0.000000 -0.604919
    61 0.000000 -0.723237
    62 0.000000 -0.610443
    63 0.000000 -0.754480
    64 0.000000 -0.421900
    65 0.000000 -0.429511
    66 0.000000 -0.859412
    67 0.000000 -0.425007
    68 0.000000 -0.419691
    69 0.000000 -0.402204
    70 0.000000 -0.314866
    71 0.000000 -0.542311
    72 0.000000 -0.197081
    73 0.000000 -0.284119
    74 0.000000 -0.256682
    75 0.000000 -0.813596
    76 0.000000 -0.417567
    77 0.000000 -0.406738
    78 0.000000 -0.441153
    79 0.000000 -0.206991
    80 0.000000 -0.341338
    81 0.000000 -0.559876
    82 0.000000 -0.620531
    83 0.000000 -0.687744
    84 0.000000 -0.617518
    85 0.000000 -0.749587
    86 0.000000 -0.923636
    87 0.000000 -0.443529
    88 0.000000 -0.764419
    89 0.000000 -0.395252
    90 0.000000 -0.186895
    91 0.000000 -0.811282
    92 0.000000 -0.462553
    93 0.000000 -0.772839
    94 0.000000 -0.905111
    95 0.000000 -0.818500
    96 0.000000 -0.604107
    97 0.000000 -0.874402
    98 0.000000 -0.856855
    99 0.000000 -0.389081
   100 0.000000 -0.500415
   101 0.000000 -0.500834
   102 0.000000 -0.604608
   103 0.000000 -0.809483
   104 0.000000 -0.831365
   105 0.000000 -0.842779
   106 0.000000 -0.875477
   107 0.000000 -0.783923
   108 0.000000 -0.561828
