568	18685	UID10255	14710	396	4	4
1505	5886	UID48500	2810	1174	7	7
1234	4005	UID908	1669	972	4	4
776	2849	UID7456	1381	582	4	4
784	1855	UID608	696	621	3	3
850	1843	UID61189	657	698	3	3
354	1105	UID1	551	278	3	3
456	1269	UID2	529	369	4	4
117	704	UID48553	476	85	3	3
650	1521	UID31413	447	527	4	4
473	1031	UID314	368	389	5	5
794	1769	UID584	327	663	4	4
372	871	UID7463	262	313	6	6
344	652	UID61191	155	306	3	3
56	218	UID56137	139	45	2	2
79	253	UID56136	130	64	3	3
78	222	UID290	129	66	3	3
59	151	UID46	87	53	2	2
201	336	UID61198	77	188	3	3
75	156	UID350	71	64	2	2
334	531	UID61205	62	303	5	5
141	227	UID61214	49	128	3	3
85	164	UID61215	49	79	4	4
36	89	UID27641	45	30	2	2
52	98	UID34893	44	48	2	2
27	64	UID61232	33	24	2	2
189	279	UID61235	32	174	5	5
97	144	UID61240	28	94	3	3
3	29	UID48386	27	2	1	1
82	128	UID61242	27	77	3	3
35	70	UID61244	27	31	3	3
10	34	UID48444	25	9	2	2
55	85	UID519	25	50	3	3
27	52	UID34928	23	23	2	2
80	123	UID61252	22	71	4	4
6	26	UID61253	21	5	2	2
6	27	UID61257	21	4	1	1
10	31	UID61258	21	8	1	1
20	43	UID34927	20	16	2	2
38	58	UID27300	19	35	2	2
37	60	UID61262	19	35	3	3
46	65	UID9557	19	44	2	2
13	30	UID61263	18	12	1	1
60	89	UID61264	18	56	4	4
23	39	UID61268	17	22	2	2
16	29	UID16	14	15	1	1
26	44	UID7457	14	23	2	2
5	17	UID61292	13	4	1	1
7	19	UID61301	12	5	1	1
18	30	UID61316	12	16	2	2
4	14	UID61328	11	3	1	1
19	36	UID37682	10	17	2	2
8	16	UID192	9	7	1	1
8	16	UID56236	9	7	2	2
13	22	UID61394	9	11	1	1
6	14	UID61395	9	5	1	1
20	27	UID34883	8	19	2	2
15	22	UID61409	8	14	1	1
13	23	UID61422	8	11	2	2
31	43	UID61423	8	28	3	3
13	21	UID61446	8	11	2	2
19	26	UID61447	8	18	2	2
24	30	UID55657	7	23	3	3
11	17	UID61489	7	10	1	1
10	16	UID61493	7	9	1	1
13	21	UID61494	7	10	2	2
6	13	UID61514	7	4	1	1
13	20	UID61521	7	11	2	2
12	20	UID10172	6	9	2	2
11	16	UID61549	6	10	2	2
28	38	UID61550	6	25	3	3
26	33	UID61563	6	23	2	2
12	23	UID61566	6	9	2	2
8	13	UID61568	6	7	2	2
36	44	UID61600	6	33	2	2
5	13	UID61611	6	3	2	2
21	26	UID18121	5	19	1	1
11	15	UID19	5	10	2	2
8	12	UID27330	5	7	2	2
7	11	UID34974	5	6	2	2
5	9	UID61626	5	4	1	1
3	7	UID61627	5	2	1	1
6	10	UID61635	5	5	1	1
13	19	UID61658	5	11	3	3
31	41	UID61670	5	27	2	2
18	23	UID61671	5	16	3	3
13	17	UID61682	5	12	2	2
13	17	UID61723	5	12	1	1
20	25	UID61727	5	18	1	1
12	18	UID8077	5	9	1	1
19	24	UID985	5	17	2	2
17	20	UID27279	4	16	2	2
6	9	UID27283	4	5	1	1
3	6	UID27308	4	2	1	1
10	13	UID27645	4	9	1	1
4	7	UID312	4	3	1	1
17	23	UID33597	4	14	3	3
5	8	UID49085	4	4	1	1
9	15	UID61766	4	7	3	3
10	13	UID61770	4	9	2	2
5	8	UID61843	4	4	1	1
1	4	UID61845	4	0	0	0
9	12	UID61852	4	8	1	1
5	8	UID61853	4	4	1	1
9	12	UID61854	4	8	1	1
11	14	UID61901	4	10	1	1
11	14	UID61902	4	10	2	2
7	10	UID61922	4	6	1	1
13	17	UID61924	4	11	1	1
18	21	UID9539	4	17	2	2
6	9	UID242	3	4	2	2
1	3	UID61979	3	0	0	0
5	8	UID61980	3	3	1	1
12	16	UID62075	3	10	2	2
2	4	UID62119	3	1	0	0
2	4	UID62120	3	1	1	1
5	7	UID62126	3	4	1	1
1	3	UID62130	3	0	0	0
8	12	UID62132	3	6	2	2
9	11	UID62198	3	8	2	2
17	21	UID62200	3	14	2	2
7	9	UID62217	3	6	1	1
4	6	UID62222	3	3	1	1
9	11	UID62225	3	8	2	2
6	8	UID62226	3	5	1	1
1	3	UID62227	3	0	0	0
8	10	UID62229	3	7	1	1
17	19	UID62230	3	16	2	2
1	3	UID62232	3	0	0	0
8	12	UID9581	3	5	2	2
13	14	UID27647	2	12	1	1
3	4	UID48384	2	2	1	1
1	2	UID48477	2	0	0	0
4	5	UID48617	2	3	1	1
7	9	UID55839	2	5	1	1
4	5	UID62370	2	3	1	1
11	13	UID62390	2	9	5	5
7	8	UID62399	2	6	1	1
1	2	UID62404	2	0	0	0
5	6	UID62410	2	4	1	1
9	10	UID62473	2	8	3	3
1	2	UID62562	2	0	0	0
3	4	UID62564	2	2	2	2
21	23	UID62567	2	19	2	2
4	5	UID62620	2	3	1	1
6	7	UID62660	2	5	1	1
2	3	UID62687	2	1	1	1
5	6	UID62688	2	4	1	1
1	2	UID62725	2	0	0	0
16	17	UID62727	2	15	4	4
4	5	UID62729	2	3	1	1
6	7	UID62730	2	5	1	1
3	4	UID62743	2	2	1	1
3	4	UID62798	2	2	1	1
3	4	UID62834	2	2	1	1
4	5	UID62835	2	3	1	1
3	4	UID62846	2	2	1	1
14	15	UID62882	2	13	2	2
3	4	UID62900	2	2	1	1
1	2	UID62913	2	0	0	0
6	7	UID62955	2	5	1	1
16	17	UID62958	2	15	2	2
3	4	UID62975	2	2	1	1
8	9	UID62976	2	7	1	1
5	6	UID62981	2	4	2	2
5	6	UID62982	2	4	1	1
3	4	UID62983	2	2	2	2
1	2	UID62984	2	0	0	0
11	12	UID62988	2	10	1	1
2	3	UID62989	2	1	1	1
5	6	UID62991	2	4	1	1
12	13	UID62992	2	11	2	2
2	3	UID62995	2	1	1	1
1	2	UID62996	2	0	0	0
4	5	UID62997	2	3	1	1
6	7	UID62998	2	5	1	1
1	2	UID62999	2	0	0	0
4	5	UID63000	2	3	1	1
1	2	UID63064	2	0	0	0
5	5	UID1573	1	5	2	2
1	1	UID19342	1	1	0	0
1	1	UID200	1	1	0	0
1	1	UID272	1	1	0	0
3	3	UID33216	1	3	1	1
1	1	UID34945	1	1	0	0
1	1	UID452	1	1	0	0
2	2	UID48383	1	2	1	1
5	5	UID48427	1	5	2	2
1	1	UID49038	1	1	0	0
1	1	UID49070	1	1	0	0
1	1	UID49422	1	1	0	0
1	1	UID60257	1	1	0	0
1	1	UID60711	1	1	0	0
1	1	UID63090	1	1	0	0
1	1	UID63092	1	1	0	0
1	1	UID63098	1	1	0	0
1	1	UID63100	1	1	0	0
1	1	UID63101	1	1	0	0
1	1	UID63103	1	1	0	0
1	1	UID63105	1	1	0	0
1	1	UID63120	1	1	0	0
1	1	UID63128	1	1	0	0
1	1	UID63135	1	1	0	0
1	1	UID63140	1	1	0	0
1	1	UID63159	1	1	0	0
1	1	UID63160	1	1	0	0
1	1	UID63170	1	1	0	0
1	1	UID63174	1	1	0	0
1	1	UID63184	1	1	0	0
1	1	UID63190	1	1	0	0
1	1	UID63191	1	1	0	0
1	1	UID63214	1	1	0	0
1	1	UID63217	1	1	0	0
1	1	UID63220	1	1	0	0
1	1	UID63222	1	1	0	0
1	1	UID63229	1	1	0	0
1	1	UID63249	1	1	0	0
1	1	UID63251	1	1	0	0
1	1	UID63256	1	1	0	0
1	1	UID63272	1	1	0	0
1	1	UID63283	1	1	0	0
1	1	UID63285	1	1	0	0
1	1	UID63288	1	1	0	0
1	1	UID63289	1	1	0	0
1	1	UID63290	1	1	0	0
1	1	UID63312	1	1	0	0
1	1	UID63314	1	1	0	0
1	1	UID63331	1	1	0	0
1	1	UID63334	1	1	0	0
1	1	UID63337	1	1	0	0
1	1	UID63347	1	1	0	0
1	1	UID63350	1	1	0	0
1	1	UID63353	1	1	0	0
1	1	UID63361	1	1	0	0
1	1	UID63364	1	1	0	0
1	1	UID63377	1	1	0	0
1	1	UID63379	1	1	0	0
1	1	UID63383	1	1	0	0
2	2	UID63386	1	2	1	1
1	1	UID63398	1	1	0	0
1	1	UID63402	1	1	0	0
1	1	UID63406	1	1	0	0
1	1	UID63412	1	1	0	0
1	1	UID63420	1	1	0	0
1	1	UID63421	1	1	0	0
1	1	UID63426	1	1	0	0
1	1	UID63437	1	1	0	0
1	1	UID63439	1	1	0	0
1	1	UID63440	1	1	0	0
4	4	UID63441	1	4	2	2
1	1	UID63442	1	1	0	0
1	1	UID63443	1	1	0	0
1	1	UID63456	1	1	0	0
1	1	UID63460	1	1	0	0
1	1	UID63471	1	1	0	0
1	1	UID63472	1	1	0	0
1	1	UID63474	1	1	0	0
1	1	UID63490	1	1	0	0
1	1	UID63498	1	1	0	0
1	1	UID63512	1	1	0	0
1	1	UID63535	1	1	0	0
1	1	UID63538	1	1	0	0
1	1	UID63540	1	1	0	0
1	1	UID63542	1	1	0	0
1	1	UID63557	1	1	0	0
1	1	UID63562	1	1	0	0
1	1	UID63570	1	1	0	0
1	1	UID63571	1	1	0	0
1	1	UID63602	1	1	0	0
1	1	UID63607	1	1	0	0
1	1	UID63612	1	1	0	0
1	1	UID63618	1	1	0	0
1	1	UID63626	1	1	0	0
1	1	UID63627	1	1	0	0
1	1	UID63635	1	1	0	0
1	1	UID63662	1	1	0	0
1	1	UID63671	1	1	0	0
1	1	UID63674	1	1	0	0
1	1	UID63676	1	1	0	0
1	1	UID63683	1	1	0	0
1	1	UID63694	1	1	0	0
1	1	UID63712	1	1	0	0
1	1	UID63718	1	1	0	0
1	1	UID63750	1	1	0	0
1	1	UID63755	1	1	0	0
1	1	UID63759	1	1	0	0
1	1	UID63763	1	1	0	0
1	1	UID63767	1	1	0	0
1	1	UID63771	1	1	0	0
1	1	UID63805	1	1	0	0
1	1	UID63820	1	1	0	0
1	1	UID63845	1	1	0	0
1	1	UID63852	1	1	0	0
1	1	UID63857	1	1	0	0
1	1	UID63867	1	1	0	0
1	1	UID63875	1	1	0	0
1	1	UID63876	1	1	0	0
1	1	UID63878	1	1	0	0
1	1	UID63885	1	1	0	0
1	1	UID63889	1	1	0	0
1	1	UID63893	1	1	0	0
1	1	UID63909	1	1	0	0
1	1	UID63913	1	1	0	0
1	1	UID63915	1	1	0	0
1	1	UID63923	1	1	0	0
1	1	UID63939	1	1	0	0
1	1	UID63942	1	1	0	0
1	1	UID63957	1	1	0	0
1	1	UID63963	1	1	0	0
1	1	UID63964	1	1	0	0
1	1	UID63965	1	1	0	0
1	1	UID63971	1	1	0	0
1	1	UID63979	1	1	0	0
1	1	UID63980	1	1	0	0
1	1	UID63987	1	1	0	0
1	1	UID63989	1	1	0	0
1	1	UID64003	1	1	0	0
1	1	UID64018	1	1	0	0
1	1	UID64041	1	1	0	0
1	1	UID64047	1	1	0	0
1	1	UID64048	1	1	0	0
1	1	UID64055	1	1	0	0
1	1	UID64059	1	1	0	0
1	1	UID64062	1	1	0	0
1	1	UID64069	1	1	0	0
1	1	UID64077	1	1	0	0
1	1	UID64080	1	1	0	0
1	1	UID64081	1	1	0	0
1	1	UID64082	1	1	0	0
1	1	UID64084	1	1	0	0
1	1	UID64087	1	1	0	0
1	1	UID64089	1	1	0	0
1	1	UID64090	1	1	0	0
1	1	UID64101	1	1	0	0
1	1	UID64107	1	1	0	0
1	1	UID64113	1	1	0	0
1	1	UID64114	1	1	0	0
1	1	UID64126	1	1	0	0
1	1	UID64131	1	1	0	0
1	1	UID64132	1	1	0	0
1	1	UID64134	1	1	0	0
1	1	UID64138	1	1	0	0
1	1	UID64141	1	1	0	0
1	1	UID64167	1	1	0	0
1	1	UID64176	1	1	0	0
1	1	UID64182	1	1	0	0
1	1	UID64186	1	1	0	0
1	1	UID64189	1	1	0	0
1	1	UID64191	1	1	0	0
1	1	UID64194	1	1	0	0
1	1	UID64196	1	1	0	0
1	1	UID64197	1	1	0	0
1	1	UID64218	1	1	0	0
1	1	UID64234	1	1	0	0
1	1	UID64235	1	1	0	0
1	1	UID64236	1	1	0	0
1	1	UID64237	1	1	0	0
1	1	UID64241	1	1	0	0
1	1	UID64258	1	1	0	0
1	1	UID64267	1	1	0	0
1	1	UID64269	1	1	0	0
1	1	UID64272	1	1	0	0
1	1	UID64273	1	1	0	0
1	1	UID64279	1	1	0	0
1	1	UID64296	1	1	0	0
1	1	UID64305	1	1	0	0
1	1	UID64307	1	1	0	0
1	1	UID64324	1	1	0	0
1	1	UID64333	1	1	0	0
1	1	UID64334	1	1	0	0
1	1	UID64337	1	1	0	0
1	1	UID64341	1	1	0	0
1	1	UID64342	1	1	0	0
1	1	UID64356	1	1	0	0
1	1	UID64364	1	1	0	0
1	1	UID64373	1	1	0	0
1	1	UID64374	1	1	0	0
1	1	UID64375	1	1	0	0
1	1	UID64379	1	1	0	0
1	1	UID64386	1	1	0	0
1	1	UID64395	1	1	0	0
1	1	UID64403	1	1	0	0
1	1	UID64409	1	1	0	0
1	1	UID64412	1	1	0	0
1	1	UID64433	1	1	0	0
1	1	UID64436	1	1	0	0
1	1	UID64441	1	1	0	0
1	1	UID64442	1	1	0	0
1	1	UID64446	1	1	0	0
3	3	UID64451	1	3	2	2
1	1	UID64483	1	1	0	0
1	1	UID64488	1	1	0	0
1	1	UID64497	1	1	0	0
1	1	UID64498	1	1	0	0
1	1	UID64503	1	1	0	0
1	1	UID64519	1	1	0	0
1	1	UID64541	1	1	0	0
1	1	UID64549	1	1	0	0
1	1	UID64593	1	1	0	0
1	1	UID64646	1	1	0	0
1	1	UID64659	1	1	0	0
1	1	UID64702	1	1	0	0
1	1	UID64730	1	1	0	0
1	1	UID64731	1	1	0	0
1	1	UID64734	1	1	0	0
1	1	UID64753	1	1	0	0
1	1	UID64754	1	1	0	0
1	1	UID64761	1	1	0	0
1	1	UID64762	1	1	0	0
1	1	UID64769	1	1	0	0
1	1	UID64778	1	1	0	0
1	1	UID64782	1	1	0	0
1	1	UID64784	1	1	0	0
1	1	UID64786	1	1	0	0
1	1	UID64794	1	1	0	0
1	1	UID64808	1	1	0	0
1	1	UID64809	1	1	0	0
1	1	UID64812	1	1	0	0
1	1	UID64820	1	1	0	0
1	1	UID64833	1	1	0	0
1	1	UID64841	1	1	0	0
1	1	UID64854	1	1	0	0
1	1	UID64856	1	1	0	0
1	1	UID64872	1	1	0	0
1	1	UID64896	1	1	0	0
1	1	UID64921	1	1	0	0
1	1	UID64926	1	1	0	0
1	1	UID64927	1	1	0	0
1	1	UID64932	1	1	0	0
1	1	UID64950	1	1	0	0
1	1	UID64985	1	1	0	0
2	2	UID64990	1	2	1	1
1	1	UID64991	1	1	0	0
1	1	UID64993	1	1	0	0
2	2	UID64994	1	2	1	1
1	1	UID64996	1	1	0	0
1	1	UID64997	1	1	0	0
1	1	UID64998	1	1	0	0
1	1	UID65013	1	1	0	0
1	1	UID65018	1	1	0	0
1	1	UID65019	1	1	0	0
1	1	UID65020	1	1	0	0
1	1	UID65031	1	1	0	0
1	1	UID65036	1	1	0	0
1	1	UID65069	1	1	0	0
1	1	UID65072	1	1	0	0
1	1	UID65078	1	1	0	0
1	1	UID65083	1	1	0	0
1	1	UID65090	1	1	0	0
1	1	UID65092	1	1	0	0
1	1	UID65098	1	1	0	0
1	1	UID65112	1	1	0	0
1	1	UID65117	1	1	0	0
1	1	UID65135	1	1	0	0
1	1	UID65152	1	1	0	0
1	1	UID65166	1	1	0	0
1	1	UID65178	1	1	0	0
1	1	UID65181	1	1	0	0
1	1	UID65189	1	1	0	0
1	1	UID65193	1	1	0	0
1	1	UID65195	1	1	0	0
1	1	UID65197	1	1	0	0
1	1	UID65209	1	1	0	0
1	1	UID65212	1	1	0	0
1	1	UID65216	1	1	0	0
1	1	UID65239	1	1	0	0
1	1	UID65248	1	1	0	0
1	1	UID65285	1	1	0	0
1	1	UID65300	1	1	0	0
1	1	UID65306	1	1	0	0
1	1	UID65309	1	1	0	0
1	1	UID65312	1	1	0	0
1	1	UID65352	1	1	0	0
1	1	UID65401	1	1	0	0
1	1	UID65409	1	1	0	0
1	1	UID65410	1	1	0	0
1	1	UID65415	1	1	0	0
1	1	UID65435	1	1	0	0
1	1	UID65451	1	1	0	0
1	1	UID65452	1	1	0	0
1	1	UID65453	1	1	0	0
1	1	UID65480	1	1	0	0
1	1	UID65481	1	1	0	0
1	1	UID65487	1	1	0	0
1	1	UID65491	1	1	0	0
1	1	UID65498	1	1	0	0
1	1	UID65500	1	1	0	0
1	1	UID65512	1	1	0	0
1	1	UID65515	1	1	0	0
1	1	UID65523	1	1	0	0
1	1	UID65524	1	1	0	0
1	1	UID65525	1	1	0	0
1	1	UID65537	1	1	0	0
1	1	UID65543	1	1	0	0
1	1	UID65544	1	1	0	0
1	1	UID65635	1	1	0	0
1	1	UID65698	1	1	0	0
1	1	UID65799	1	1	0	0
1	1	UID65813	1	1	0	0
1	1	UID65832	1	1	0	0
1	1	UID65833	1	1	0	0
1	1	UID65834	1	1	0	0
1	1	UID65835	1	1	0	0
1	1	UID65849	1	1	0	0
1	1	UID65930	1	1	0	0
1	1	UID65931	1	1	0	0
1	1	UID65932	1	1	0	0
1	1	UID65938	1	1	0	0
1	1	UID65962	1	1	0	0
1	1	UID65984	1	1	0	0
2	2	UID65999	1	2	1	1
1	1	UID66007	1	1	0	0
1	1	UID66014	1	1	0	0
1	1	UID66028	1	1	0	0
1	1	UID66051	1	1	0	0
1	1	UID66095	1	1	0	0
1	1	UID66103	1	1	0	0
1	1	UID66104	1	1	0	0
1	1	UID66105	1	1	0	0
1	1	UID66113	1	1	0	0
1	1	UID66118	1	1	0	0
1	1	UID66120	1	1	0	0
1	1	UID66121	1	1	0	0
1	1	UID66141	1	1	0	0
1	1	UID66213	1	1	0	0
1	1	UID66293	1	1	0	0
1	1	UID66319	1	1	0	0
1	1	UID66376	1	1	0	0
1	1	UID66377	1	1	0	0
1	1	UID66378	1	1	0	0
1	1	UID66387	1	1	0	0
1	1	UID66484	1	1	0	0
1	1	UID66492	1	1	0	0
1	1	UID66501	1	1	0	0
1	1	UID66502	1	1	0	0
1	1	UID66510	1	1	0	0
1	1	UID66513	1	1	0	0
1	1	UID66514	1	1	0	0
1	1	UID66516	1	1	0	0
1	1	UID66551	1	1	0	0
1	1	UID66555	1	1	0	0
1	1	UID66565	1	1	0	0
1	1	UID66572	1	1	0	0
1	1	UID66588	1	1	0	0
1	1	UID66669	1	1	0	0
1	1	UID66672	1	1	0	0
1	1	UID66691	1	1	0	0
1	1	UID66694	1	1	0	0
1	1	UID66697	1	1	0	0
1	1	UID66699	1	1	0	0
1	1	UID66701	1	1	0	0
1	1	UID66730	1	1	0	0
1	1	UID66736	1	1	0	0
1	1	UID66738	1	1	0	0
1	1	UID66741	1	1	0	0
1	1	UID66746	1	1	0	0
1	1	UID66764	1	1	0	0
1	1	UID66774	1	1	0	0
1	1	UID66802	1	1	0	0
1	1	UID66821	1	1	0	0
1	1	UID66847	1	1	0	0
1	1	UID66874	1	1	0	0
1	1	UID66884	1	1	0	0
1	1	UID66889	1	1	0	0
1	1	UID66891	1	1	0	0
1	1	UID66897	1	1	0	0
1	1	UID66902	1	1	0	0
1	1	UID66923	1	1	0	0
1	1	UID66929	1	1	0	0
1	1	UID66948	1	1	0	0
1	1	UID66951	1	1	0	0
1	1	UID66952	1	1	0	0
1	1	UID66977	1	1	0	0
1	1	UID66986	1	1	0	0
1	1	UID66998	1	1	0	0
1	1	UID67009	1	1	0	0
1	1	UID67010	1	1	0	0
1	1	UID67134	1	1	0	0
1	1	UID67143	1	1	0	0
1	1	UID67145	1	1	0	0
1	1	UID67178	1	1	0	0
1	1	UID67180	1	1	0	0
1	1	UID67201	1	1	0	0
1	1	UID67202	1	1	0	0
1	1	UID67214	1	1	0	0
1	1	UID67243	1	1	0	0
1	1	UID67247	1	1	0	0
1	1	UID67248	1	1	0	0
1	1	UID67249	1	1	0	0
1	1	UID67250	1	1	0	0
1	1	UID67251	1	1	0	0
1	1	UID67256	1	1	0	0
1	1	UID67259	1	1	0	0
1	1	UID67264	1	1	0	0
1	1	UID67270	1	1	0	0
1	1	UID67275	1	1	0	0
1	1	UID67279	1	1	0	0
1	1	UID67299	1	1	0	0
1	1	UID67302	1	1	0	0
1	1	UID67335	1	1	0	0
1	1	UID67338	1	1	0	0
1	1	UID67342	1	1	0	0
1	1	UID67345	1	1	0	0
1	1	UID67350	1	1	0	0
1	1	UID67366	1	1	0	0
1	1	UID67371	1	1	0	0
1	1	UID67382	1	1	0	0
1	1	UID67390	1	1	0	0
1	1	UID67399	1	1	0	0
1	1	UID67406	1	1	0	0
1	1	UID67408	1	1	0	0
1	1	UID67469	1	1	0	0
1	1	UID67472	1	1	0	0
1	1	UID67473	1	1	0	0
1	1	UID67474	1	1	0	0
1	1	UID67476	1	1	0	0
1	1	UID67477	1	1	0	0
1	1	UID67508	1	1	0	0
1	1	UID67510	1	1	0	0
1	1	UID67518	1	1	0	0
1	1	UID67519	1	1	0	0
1	1	UID67522	1	1	0	0
1	1	UID67553	1	1	0	0
1	1	UID67616	1	1	0	0
1	1	UID67738	1	1	0	0
1	1	UID67742	1	1	0	0
1	1	UID67750	1	1	0	0
1	1	UID67751	1	1	0	0
1	1	UID67760	1	1	0	0
1	1	UID67764	1	1	0	0
1	1	UID67765	1	1	0	0
1	1	UID67768	1	1	0	0
1	1	UID67777	1	1	0	0
1	1	UID67784	1	1	0	0
1	1	UID67786	1	1	0	0
1	1	UID67787	1	1	0	0
1	1	UID67793	1	1	0	0
1	1	UID67811	1	1	0	0
1	1	UID67836	1	1	0	0
1	1	UID67845	1	1	0	0
1	1	UID67857	1	1	0	0
1	1	UID67863	1	1	0	0
2	2	UID67868	1	2	1	1
1	1	UID67870	1	1	0	0
1	1	UID67877	1	1	0	0
1	1	UID67881	1	1	0	0
1	1	UID67896	1	1	0	0
1	1	UID67900	1	1	0	0
1	1	UID67916	1	1	0	0
1	1	UID67919	1	1	0	0
1	1	UID67924	1	1	0	0
1	1	UID67929	1	1	0	0
1	1	UID67937	1	1	0	0
1	1	UID67942	1	1	0	0
1	1	UID67955	1	1	0	0
1	1	UID67961	1	1	0	0
1	1	UID67974	1	1	0	0
1	1	UID67989	1	1	0	0
1	1	UID67993	1	1	0	0
1	1	UID68002	1	1	0	0
1	1	UID68004	1	1	0	0
1	1	UID68012	1	1	0	0
1	1	UID68019	1	1	0	0
1	1	UID68020	1	1	0	0
1	1	UID68033	1	1	0	0
1	1	UID68043	1	1	0	0
1	1	UID68099	1	1	0	0
1	1	UID68109	1	1	0	0
1	1	UID68119	1	1	0	0
1	1	UID68135	1	1	0	0
1	1	UID68147	1	1	0	0
3	3	UID68159	1	3	2	2
1	1	UID68166	1	1	0	0
1	1	UID68167	1	1	0	0
1	1	UID68169	1	1	0	0
1	1	UID68172	1	1	0	0
1	1	UID68173	1	1	0	0
1	1	UID68183	1	1	0	0
1	1	UID68187	1	1	0	0
1	1	UID68210	1	1	0	0
1	1	UID68237	1	1	0	0
1	1	UID68244	1	1	0	0
1	1	UID68247	1	1	0	0
1	1	UID68277	1	1	0	0
1	1	UID68278	1	1	0	0
1	1	UID68287	1	1	0	0
1	1	UID68290	1	1	0	0
1	1	UID68324	1	1	0	0
1	1	UID68351	1	1	0	0
1	1	UID68373	1	1	0	0
1	1	UID68375	1	1	0	0
1	1	UID68388	1	1	0	0
1	1	UID68404	1	1	0	0
1	1	UID68406	1	1	0	0
1	1	UID68407	1	1	0	0
1	1	UID68409	1	1	0	0
3	3	UID68410	1	3	2	2
1	1	UID68414	1	1	0	0
1	1	UID68421	1	1	0	0
1	1	UID68424	1	1	0	0
1	1	UID68432	1	1	0	0
1	1	UID68433	1	1	0	0
1	1	UID68437	1	1	0	0
1	1	UID68441	1	1	0	0
1	1	UID68471	1	1	0	0
2	2	UID68472	1	2	1	1
5	5	UID68474	1	5	2	2
1	1	UID68475	1	1	0	0
1	1	UID68476	1	1	0	0
1	1	UID68479	1	1	0	0
1	1	UID68481	1	1	0	0
1	1	UID68482	1	1	0	0
1	1	UID68487	1	1	0	0
1	1	UID68496	1	1	0	0
1	1	UID68498	1	1	0	0
3	3	UID68499	1	3	1	1
1	1	UID68505	1	1	0	0
1	1	UID68506	1	1	0	0
1	1	UID68551	1	1	0	0
1	1	UID68558	1	1	0	0
1	1	UID68563	1	1	0	0
1	1	UID68574	1	1	0	0
1	1	UID68580	1	1	0	0
1	1	UID68581	1	1	0	0
1	1	UID68590	1	1	0	0
1	1	UID68597	1	1	0	0
1	1	UID68601	1	1	0	0
2	2	UID68610	1	2	1	1
1	1	UID68611	1	1	0	0
1	1	UID68612	1	1	0	0
1	1	UID68617	1	1	0	0
1	1	UID68618	1	1	0	0
1	1	UID68619	1	1	0	0
1	1	UID68620	1	1	0	0
1	1	UID68635	1	1	0	0
12	12	UID68649	1	12	3	3
1	1	UID68677	1	1	0	0
1	1	UID68691	1	1	0	0
1	1	UID68697	1	1	0	0
6	6	UID68700	1	6	3	3
1	1	UID68703	1	1	0	0
1	1	UID68704	1	1	0	0
1	1	UID68712	1	1	0	0
1	1	UID68713	1	1	0	0
1	1	UID68741	1	1	0	0
1	1	UID68742	1	1	0	0
2	2	UID68748	1	2	1	1
1	1	UID68750	1	1	0	0
1	1	UID68894	1	1	0	0
1	1	UID68896	1	1	0	0
1	1	UID68897	1	1	0	0
1	1	UID68898	1	1	0	0
2	2	UID68899	1	2	1	1
1	1	UID68900	1	1	0	0
1	1	UID68901	1	1	0	0
1	1	UID68902	1	1	0	0
1	1	UID68903	1	1	0	0
1	1	UID68905	1	1	0	0
1	1	UID68917	1	1	0	0
1	1	UID68936	1	1	0	0
1	1	UID68944	1	1	0	0
1	1	UID68945	1	1	0	0
1	1	UID68952	1	1	0	0
1	1	UID68953	1	1	0	0
1	1	UID68954	1	1	0	0
1	1	UID68955	1	1	0	0
1	1	UID68963	1	1	0	0
1	1	UID68964	1	1	0	0
1	1	UID68965	1	1	0	0
1	1	UID68974	1	1	0	0
1	1	UID68978	1	1	0	0
1	1	UID68990	1	1	0	0
1	1	UID69007	1	1	0	0
1	1	UID69008	1	1	0	0
1	1	UID69009	1	1	0	0
1	1	UID69014	1	1	0	0
1	1	UID69050	1	1	0	0
1	1	UID69064	1	1	0	0
1	1	UID69072	1	1	0	0
1	1	UID69074	1	1	0	0
1	1	UID69079	1	1	0	0
1	1	UID69087	1	1	0	0
1	1	UID69093	1	1	0	0
1	1	UID69097	1	1	0	0
1	1	UID69102	1	1	0	0
1	1	UID69108	1	1	0	0
1	1	UID69110	1	1	0	0
1	1	UID69118	1	1	0	0
1	1	UID69120	1	1	0	0
1	1	UID69126	1	1	0	0
1	1	UID69128	1	1	0	0
1	1	UID69157	1	1	0	0
1	1	UID69166	1	1	0	0
1	1	UID69196	1	1	0	0
1	1	UID69199	1	1	0	0
1	1	UID69201	1	1	0	0
1	1	UID69203	1	1	0	0
1	1	UID69316	1	1	0	0
1	1	UID69317	1	1	0	0
1	1	UID69318	1	1	0	0
2	2	UID69319	1	2	1	1
1	1	UID69326	1	1	0	0
1	1	UID69329	1	1	0	0
1	1	UID69334	1	1	0	0
1	1	UID69335	1	1	0	0
1	1	UID69344	1	1	0	0
1	1	UID69345	1	1	0	0
1	1	UID69366	1	1	0	0
1	1	UID69379	1	1	0	0
1	1	UID69387	1	1	0	0
1	1	UID69401	1	1	0	0
1	1	UID69404	1	1	0	0
1	1	UID69410	1	1	0	0
1	1	UID69421	1	1	0	0
1	1	UID69423	1	1	0	0
1	1	UID69434	1	1	0	0
1	1	UID69436	1	1	0	0
1	1	UID69442	1	1	0	0
1	1	UID69458	1	1	0	0
1	1	UID69479	1	1	0	0
1	1	UID69482	1	1	0	0
1	1	UID69509	1	1	0	0
2	2	UID69514	1	2	1	1
1	1	UID69518	1	1	0	0
1	1	UID69535	1	1	0	0
1	1	UID69539	1	1	0	0
1	1	UID69540	1	1	0	0
1	1	UID69547	1	1	0	0
1	1	UID69550	1	1	0	0
1	1	UID69560	1	1	0	0
1	1	UID69565	1	1	0	0
1	1	UID69567	1	1	0	0
1	1	UID69570	1	1	0	0
1	1	UID69579	1	1	0	0
1	1	UID69580	1	1	0	0
1	1	UID69581	1	1	0	0
1	1	UID69587	1	1	0	0
1	1	UID69589	1	1	0	0
1	1	UID69649	1	1	0	0
1	1	UID69650	1	1	0	0
1	1	UID69686	1	1	0	0
1	1	UID69688	1	1	0	0
1	1	UID69710	1	1	0	0
1	1	UID69736	1	1	0	0
1	1	UID69754	1	1	0	0
1	1	UID69763	1	1	0	0
1	1	UID69785	1	1	0	0
1	1	UID69786	1	1	0	0
1	1	UID69791	1	1	0	0
1	1	UID69794	1	1	0	0
1	1	UID69868	1	1	0	0
1	1	UID69871	1	1	0	0
1	1	UID69872	1	1	0	0
1	1	UID69873	1	1	0	0
1	1	UID69877	1	1	0	0
1	1	UID69888	1	1	0	0
1	1	UID69893	1	1	0	0
1	1	UID69909	1	1	0	0
1	1	UID70072	1	1	0	0
1	1	UID70136	1	1	0	0
1	1	UID70165	1	1	0	0
1	1	UID70176	1	1	0	0
1	1	UID70178	1	1	0	0
1	1	UID70181	1	1	0	0
1	1	UID70184	1	1	0	0
1	1	UID70186	1	1	0	0
1	1	UID70188	1	1	0	0
1	1	UID70189	1	1	0	0
1	1	UID70190	1	1	0	0
1	1	UID70191	1	1	0	0
1	1	UID70195	1	1	0	0
1	1	UID70197	1	1	0	0
1	1	UID70201	1	1	0	0
1	1	UID70229	1	1	0	0
1	1	UID70230	1	1	0	0
1	1	UID70239	1	1	0	0
1	1	UID70297	1	1	0	0
1	1	UID70299	1	1	0	0
1	1	UID70304	1	1	0	0
1	1	UID70305	1	1	0	0
1	1	UID70307	1	1	0	0
1	1	UID70322	1	1	0	0
1	1	UID70333	1	1	0	0
1	1	UID70344	1	1	0	0
1	1	UID70381	1	1	0	0
1	1	UID70392	1	1	0	0
1	1	UID70396	1	1	0	0
1	1	UID70397	1	1	0	0
1	1	UID70402	1	1	0	0
1	1	UID70407	1	1	0	0
1	1	UID70428	1	1	0	0
1	1	UID70442	1	1	0	0
1	1	UID70469	1	1	0	0
1	1	UID70479	1	1	0	0
1	1	UID70488	1	1	0	0
1	1	UID70503	1	1	0	0
1	1	UID70517	1	1	0	0
1	1	UID70520	1	1	0	0
1	1	UID70530	1	1	0	0
1	1	UID70549	1	1	0	0
1	1	UID70550	1	1	0	0
1	1	UID70581	1	1	0	0
1	1	UID70587	1	1	0	0
1	1	UID70617	1	1	0	0
1	1	UID70623	1	1	0	0
1	1	UID70645	1	1	0	0
1	1	UID70646	1	1	0	0
1	1	UID70653	1	1	0	0
1	1	UID70676	1	1	0	0
1	1	UID70684	1	1	0	0
1	1	UID70686	1	1	0	0
1	1	UID70694	1	1	0	0
1	1	UID70718	1	1	0	0
1	1	UID70720	1	1	0	0
1	1	UID70726	1	1	0	0
1	1	UID70776	1	1	0	0
1	1	UID70820	1	1	0	0
1	1	UID70830	1	1	0	0
1	1	UID70857	1	1	0	0
1	1	UID70864	1	1	0	0
1	1	UID70870	1	1	0	0
1	1	UID70876	1	1	0	0
1	1	UID70887	1	1	0	0
1	1	UID70899	1	1	0	0
1	1	UID70910	1	1	0	0
1	1	UID70912	1	1	0	0
1	1	UID70942	1	1	0	0
1	1	UID70943	1	1	0	0
1	1	UID70955	1	1	0	0
1	1	UID70969	1	1	0	0
1	1	UID70975	1	1	0	0
1	1	UID70987	1	1	0	0
1	1	UID70988	1	1	0	0
1	1	UID71005	1	1	0	0
1	1	UID71043	1	1	0	0
1	1	UID71054	1	1	0	0
1	1	UID71056	1	1	0	0
1	1	UID71059	1	1	0	0
1	1	UID71065	1	1	0	0
1	1	UID71069	1	1	0	0
1	1	UID71070	1	1	0	0
1	1	UID71072	1	1	0	0
1	1	UID71073	1	1	0	0
1	1	UID71075	1	1	0	0
1	1	UID71079	1	1	0	0
1	1	UID71081	1	1	0	0
1	1	UID71093	1	1	0	0
1	1	UID71096	1	1	0	0
1	1	UID71099	1	1	0	0
1	1	UID71101	1	1	0	0
1	1	UID71103	1	1	0	0
1	1	UID71105	1	1	0	0
1	1	UID71115	1	1	0	0
1	1	UID71122	1	1	0	0
1	1	UID71124	1	1	0	0
1	1	UID71125	1	1	0	0
1	1	UID71134	1	1	0	0
1	1	UID71136	1	1	0	0
1	1	UID71140	1	1	0	0
1	1	UID71141	1	1	0	0
1	1	UID71145	1	1	0	0
1	1	UID71150	1	1	0	0
1	1	UID71155	1	1	0	0
1	1	UID71156	1	1	0	0
1	1	UID71161	1	1	0	0
1	1	UID71162	1	1	0	0
1	1	UID71163	1	1	0	0
1	1	UID71165	1	1	0	0
1	1	UID71169	1	1	0	0
1	1	UID71172	1	1	0	0
1	1	UID71179	1	1	0	0
1	1	UID71181	1	1	0	0
1	1	UID71187	1	1	0	0
1	1	UID71190	1	1	0	0
1	1	UID71194	1	1	0	0
1	1	UID71204	1	1	0	0
1	1	UID71205	1	1	0	0
1	1	UID71222	1	1	0	0
1	1	UID71224	1	1	0	0
1	1	UID71235	1	1	0	0
1	1	UID71241	1	1	0	0
1	1	UID71243	1	1	0	0
1	1	UID71247	1	1	0	0
12	12	UID71248	1	12	2	2
1	1	UID71251	1	1	0	0
1	1	UID71254	1	1	0	0
1	1	UID71279	1	1	0	0
1	1	UID71280	1	1	0	0
1	1	UID71283	1	1	0	0
1	1	UID71285	1	1	0	0
1	1	UID71287	1	1	0	0
1	1	UID71303	1	1	0	0
1	1	UID71321	1	1	0	0
1	1	UID71334	1	1	0	0
1	1	UID71349	1	1	0	0
1	1	UID71359	1	1	0	0
1	1	UID71363	1	1	0	0
1	1	UID71366	1	1	0	0
1	1	UID71368	1	1	0	0
12	12	UID71369	1	12	4	4
1	1	UID71380	1	1	0	0
1	1	UID71383	1	1	0	0
1	1	UID71384	1	1	0	0
2	2	UID71401	1	2	1	1
1	1	UID71405	1	1	0	0
1	1	UID71421	1	1	0	0
1	1	UID71428	1	1	0	0
1	1	UID71429	1	1	0	0
1	1	UID71430	1	1	0	0
1	1	UID71432	1	1	0	0
1	1	UID71434	1	1	0	0
1	1	UID71437	1	1	0	0
1	1	UID71443	1	1	0	0
1	1	UID71444	1	1	0	0
1	1	UID71452	1	1	0	0
1	1	UID71453	1	1	0	0
1	1	UID71454	1	1	0	0
1	1	UID71471	1	1	0	0
1	1	UID71537	1	1	0	0
1	1	UID71542	1	1	0	0
1	1	UID71547	1	1	0	0
1	1	UID71556	1	1	0	0
1	1	UID71560	1	1	0	0
1	1	UID71567	1	1	0	0
1	1	UID71613	1	1	0	0
1	1	UID71639	1	1	0	0
1	1	UID71643	1	1	0	0
1	1	UID71651	1	1	0	0
1	1	UID71653	1	1	0	0
1	1	UID71673	1	1	0	0
1	1	UID71680	1	1	0	0
1	1	UID71685	1	1	0	0
1	1	UID71690	1	1	0	0
1	1	UID71702	1	1	0	0
1	1	UID71704	1	1	0	0
1	1	UID71709	1	1	0	0
1	1	UID71710	1	1	0	0
1	1	UID71719	1	1	0	0
1	1	UID71720	1	1	0	0
1	1	UID71725	1	1	0	0
1	1	UID71727	1	1	0	0
1	1	UID71733	1	1	0	0
1	1	UID71736	1	1	0	0
1	1	UID71737	1	1	0	0
1	1	UID71741	1	1	0	0
1	1	UID71742	1	1	0	0
1	1	UID71743	1	1	0	0
1	1	UID71758	1	1	0	0
1	1	UID71762	1	1	0	0
1	1	UID71764	1	1	0	0
1	1	UID71765	1	1	0	0
1	1	UID71772	1	1	0	0
1	1	UID71774	1	1	0	0
1	1	UID71777	1	1	0	0
1	1	UID71778	1	1	0	0
1	1	UID71779	1	1	0	0
1	1	UID71781	1	1	0	0
1	1	UID71785	1	1	0	0
1	1	UID71786	1	1	0	0
1	1	UID71788	1	1	0	0
1	1	UID71789	1	1	0	0
1	1	UID71791	1	1	0	0
1	1	UID71792	1	1	0	0
1	1	UID71793	1	1	0	0
1	1	UID71794	1	1	0	0
1	1	UID71801	1	1	0	0
1	1	UID71805	1	1	0	0
1	1	UID71806	1	1	0	0
1	1	UID71807	1	1	0	0
1	1	UID71808	1	1	0	0
1	1	UID71809	1	1	0	0
1	1	UID71812	1	1	0	0
2	2	UID71813	1	2	1	1
1	1	UID71817	1	1	0	0
1	1	UID71819	1	1	0	0
1	1	UID71822	1	1	0	0
1	1	UID71824	1	1	0	0
2	2	UID71826	1	2	1	1
1	1	UID71829	1	1	0	0
1	1	UID71830	1	1	0	0
1	1	UID71831	1	1	0	0
1	1	UID71832	1	1	0	0
1	1	UID71833	1	1	0	0
1	1	UID71838	1	1	0	0
2	2	UID71839	1	2	1	1
1	1	UID71841	1	1	0	0
1	1	UID71843	1	1	0	0
1	1	UID71849	1	1	0	0
1	1	UID71851	1	1	0	0
1	1	UID71853	1	1	0	0
1	1	UID71854	1	1	0	0
1	1	UID71856	1	1	0	0
1	1	UID71858	1	1	0	0
1	1	UID71860	1	1	0	0
2	2	UID71877	1	2	1	1
1	1	UID71879	1	1	0	0
1	1	UID71889	1	1	0	0
1	1	UID71903	1	1	0	0
1	1	UID71916	1	1	0	0
1	1	UID71924	1	1	0	0
1	1	UID71928	1	1	0	0
1	1	UID71933	1	1	0	0
1	1	UID71936	1	1	0	0
1	1	UID71938	1	1	0	0
1	1	UID71939	1	1	0	0
1	1	UID71941	1	1	0	0
1	1	UID71942	1	1	0	0
1	1	UID71943	1	1	0	0
1	1	UID71958	1	1	0	0
1	1	UID71961	1	1	0	0
1	1	UID71964	1	1	0	0
1	1	UID71965	1	1	0	0
1	1	UID71966	1	1	0	0
1	1	UID71971	1	1	0	0
1	1	UID71973	1	1	0	0
2	2	UID71975	1	2	1	1
1	1	UID71976	1	1	0	0
1	1	UID71977	1	1	0	0
1	1	UID71980	1	1	0	0
1	1	UID71981	1	1	0	0
1	1	UID71982	1	1	0	0
1	1	UID71987	1	1	0	0
1	1	UID71988	1	1	0	0
1	1	UID71993	1	1	0	0
1	1	UID71995	1	1	0	0
1	1	UID71996	1	1	0	0
1	1	UID71997	1	1	0	0
1	1	UID72001	1	1	0	0
1	1	UID72006	1	1	0	0
1	1	UID72007	1	1	0	0
1	1	UID72010	1	1	0	0
1	1	UID72011	1	1	0	0
1	1	UID72013	1	1	0	0
1	1	UID72015	1	1	0	0
1	1	UID72016	1	1	0	0
1	1	UID72017	1	1	0	0
1	1	UID72018	1	1	0	0
1	1	UID72019	1	1	0	0
1	1	UID72020	1	1	0	0
1	1	UID72021	1	1	0	0
1	1	UID72022	1	1	0	0
1	1	UID72023	1	1	0	0
1	1	UID72024	1	1	0	0
1	1	UID72025	1	1	0	0
1	1	UID72032	1	1	0	0
1	1	UID72033	1	1	0	0
7	7	UID72034	1	7	2	2
3	3	UID72044	1	3	2	2
3	3	UID72062	1	3	1	1
1	1	UID72079	1	1	0	0
1	1	UID72080	1	1	0	0
1	1	UID72081	1	1	0	0
1	1	UID72083	1	1	0	0
1	1	UID72090	1	1	0	0
1	1	UID72091	1	1	0	0
1	1	UID72092	1	1	0	0
1	1	UID72093	1	1	0	0
1	1	UID72094	1	1	0	0
1	1	UID72097	1	1	0	0
1	1	UID72101	1	1	0	0
1	1	UID72106	1	1	0	0
1	1	UID72107	1	1	0	0
1	1	UID72110	1	1	0	0
1	1	UID72111	1	1	0	0
1	1	UID72118	1	1	0	0
1	1	UID72122	1	1	0	0
1	1	UID72124	1	1	0	0
1	1	UID72125	1	1	0	0
1	1	UID72135	1	1	0	0
1	1	UID72136	1	1	0	0
1	1	UID72137	1	1	0	0
1	1	UID72139	1	1	0	0
1	1	UID72146	1	1	0	0
1	1	UID72150	1	1	0	0
1	1	UID72155	1	1	0	0
1	1	UID72158	1	1	0	0
1	1	UID72160	1	1	0	0
1	1	UID72161	1	1	0	0
1	1	UID72166	1	1	0	0
1	1	UID72167	1	1	0	0
1	1	UID72169	1	1	0	0
1	1	UID72172	1	1	0	0
1	1	UID72180	1	1	0	0
1	1	UID72185	1	1	0	0
1	1	UID72197	1	1	0	0
1	1	UID72206	1	1	0	0
1	1	UID72228	1	1	0	0
1	1	UID72231	1	1	0	0
1	1	UID72243	1	1	0	0
1	1	UID72255	1	1	0	0
1	1	UID72256	1	1	0	0
1	1	UID72258	1	1	0	0
1	1	UID72268	1	1	0	0
1	1	UID72275	1	1	0	0
1	1	UID72278	1	1	0	0
1	1	UID72281	1	1	0	0
1	1	UID72285	1	1	0	0
1	1	UID72288	1	1	0	0
1	1	UID72296	1	1	0	0
1	1	UID72297	1	1	0	0
1	1	UID72300	1	1	0	0
1	1	UID72311	1	1	0	0
1	1	UID72321	1	1	0	0
1	1	UID72335	1	1	0	0
1	1	UID72336	1	1	0	0
1	1	UID72364	1	1	0	0
1	1	UID72366	1	1	0	0
1	1	UID72373	1	1	0	0
1	1	UID72399	1	1	0	0
1	1	UID72414	1	1	0	0
1	1	UID72420	1	1	0	0
1	1	UID72425	1	1	0	0
1	1	UID72432	1	1	0	0
1	1	UID72439	1	1	0	0
1	1	UID72442	1	1	0	0
1	1	UID72452	1	1	0	0
1	1	UID72459	1	1	0	0
1	1	UID72463	1	1	0	0
1	1	UID72465	1	1	0	0
1	1	UID72470	1	1	0	0
1	1	UID72473	1	1	0	0
1	1	UID72486	1	1	0	0
1	1	UID72488	1	1	0	0
1	1	UID72489	1	1	0	0
1	1	UID72491	1	1	0	0
1	1	UID72492	1	1	0	0
1	1	UID72517	1	1	0	0
1	1	UID72519	1	1	0	0
1	1	UID72526	1	1	0	0
1	1	UID72545	1	1	0	0
1	1	UID72548	1	1	0	0
1	1	UID72550	1	1	0	0
1	1	UID72551	1	1	0	0
1	1	UID72577	1	1	0	0
1	1	UID72586	1	1	0	0
1	1	UID72593	1	1	0	0
1	1	UID72612	1	1	0	0
1	1	UID72619	1	1	0	0
1	1	UID72620	1	1	0	0
1	1	UID72623	1	1	0	0
1	1	UID72635	1	1	0	0
1	1	UID72648	1	1	0	0
1	1	UID72649	1	1	0	0
1	1	UID72664	1	1	0	0
1	1	UID72691	1	1	0	0
1	1	UID72694	1	1	0	0
1	1	UID72716	1	1	0	0
1	1	UID72717	1	1	0	0
1	1	UID72723	1	1	0	0
1	1	UID72752	1	1	0	0
1	1	UID72759	1	1	0	0
1	1	UID72767	1	1	0	0
1	1	UID72778	1	1	0	0
1	1	UID72779	1	1	0	0
1	1	UID72783	1	1	0	0
1	1	UID72788	1	1	0	0
1	1	UID72790	1	1	0	0
1	1	UID72791	1	1	0	0
1	1	UID72793	1	1	0	0
1	1	UID72794	1	1	0	0
1	1	UID72801	1	1	0	0
1	1	UID72804	1	1	0	0
1	1	UID72820	1	1	0	0
1	1	UID72823	1	1	0	0
1	1	UID72824	1	1	0	0
1	1	UID72825	1	1	0	0
1	1	UID72833	1	1	0	0
1	1	UID72835	1	1	0	0
1	1	UID72836	1	1	0	0
1	1	UID72843	1	1	0	0
1	1	UID72859	1	1	0	0
1	1	UID72860	1	1	0	0
1	1	UID72865	1	1	0	0
1	1	UID72867	1	1	0	0
1	1	UID72868	1	1	0	0
1	1	UID72887	1	1	0	0
1	1	UID72897	1	1	0	0
1	1	UID72910	1	1	0	0
1	1	UID72916	1	1	0	0
1	1	UID72941	1	1	0	0
1	1	UID72948	1	1	0	0
1	1	UID72959	1	1	0	0
1	1	UID72961	1	1	0	0
1	1	UID72974	1	1	0	0
1	1	UID72987	1	1	0	0
1	1	UID72988	1	1	0	0
1	1	UID72995	1	1	0	0
1	1	UID73000	1	1	0	0
1	1	UID73019	1	1	0	0
1	1	UID73025	1	1	0	0
1	1	UID73031	1	1	0	0
1	1	UID73037	1	1	0	0
1	1	UID73040	1	1	0	0
1	1	UID73042	1	1	0	0
1	1	UID73043	1	1	0	0
1	1	UID73051	1	1	0	0
1	1	UID73074	1	1	0	0
1	1	UID73108	1	1	0	0
1	1	UID73112	1	1	0	0
1	1	UID73119	1	1	0	0
1	1	UID73120	1	1	0	0
1	1	UID73129	1	1	0	0
1	1	UID73146	1	1	0	0
1	1	UID73147	1	1	0	0
1	1	UID73148	1	1	0	0
1	1	UID73149	1	1	0	0
1	1	UID73151	1	1	0	0
1	1	UID73166	1	1	0	0
1	1	UID73170	1	1	0	0
1	1	UID73176	1	1	0	0
1	1	UID73178	1	1	0	0
1	1	UID73179	1	1	0	0
1	1	UID73180	1	1	0	0
1	1	UID73193	1	1	0	0
1	1	UID73202	1	1	0	0
1	1	UID73232	1	1	0	0
1	1	UID73244	1	1	0	0
1	1	UID73246	1	1	0	0
1	1	UID73247	1	1	0	0
1	1	UID73264	1	1	0	0
1	1	UID73266	1	1	0	0
1	1	UID73285	1	1	0	0
1	1	UID73287	1	1	0	0
1	1	UID73288	1	1	0	0
1	1	UID73309	1	1	0	0
1	1	UID73312	1	1	0	0
1	1	UID73313	1	1	0	0
1	1	UID73314	1	1	0	0
1	1	UID73317	1	1	0	0
1	1	UID73318	1	1	0	0
1	1	UID73337	1	1	0	0
1	1	UID73341	1	1	0	0
1	1	UID73343	1	1	0	0
1	1	UID73345	1	1	0	0
1	1	UID73355	1	1	0	0
1	1	UID73359	1	1	0	0
1	1	UID73392	1	1	0	0
1	1	UID73401	1	1	0	0
1	1	UID73407	1	1	0	0
1	1	UID73410	1	1	0	0
1	1	UID73420	1	1	0	0
1	1	UID73424	1	1	0	0
1	1	UID73426	1	1	0	0
1	1	UID73437	1	1	0	0
1	1	UID73439	1	1	0	0
1	1	UID73442	1	1	0	0
1	1	UID73444	1	1	0	0
1	1	UID73445	1	1	0	0
1	1	UID73450	1	1	0	0
1	1	UID73467	1	1	0	0
1	1	UID73473	1	1	0	0
1	1	UID73474	1	1	0	0
1	1	UID73487	1	1	0	0
1	1	UID73494	1	1	0	0
1	1	UID73515	1	1	0	0
1	1	UID73528	1	1	0	0
1	1	UID73551	1	1	0	0
1	1	UID73568	1	1	0	0
1	1	UID73583	1	1	0	0
1	1	UID73586	1	1	0	0
1	1	UID73587	1	1	0	0
1	1	UID73608	1	1	0	0
1	1	UID73634	1	1	0	0
1	1	UID73635	1	1	0	0
1	1	UID73639	1	1	0	0
1	1	UID73661	1	1	0	0
1	1	UID73670	1	1	0	0
1	1	UID73676	1	1	0	0
1	1	UID73710	1	1	0	0
1	1	UID73712	1	1	0	0
1	1	UID73723	1	1	0	0
1	1	UID73725	1	1	0	0
1	1	UID73731	1	1	0	0
1	1	UID73733	1	1	0	0
1	1	UID73734	1	1	0	0
1	1	UID73743	1	1	0	0
1	1	UID73753	1	1	0	0
1	1	UID73758	1	1	0	0
1	1	UID73769	1	1	0	0
1	1	UID73782	1	1	0	0
1	1	UID73792	1	1	0	0
1	1	UID73796	1	1	0	0
1	1	UID73797	1	1	0	0
1	1	UID73806	1	1	0	0
1	1	UID73810	1	1	0	0
1	1	UID73815	1	1	0	0
1	1	UID73844	1	1	0	0
1	1	UID73845	1	1	0	0
1	1	UID73848	1	1	0	0
1	1	UID73850	1	1	0	0
1	1	UID73851	1	1	0	0
1	1	UID73852	1	1	0	0
1	1	UID73864	1	1	0	0
1	1	UID73865	1	1	0	0
1	1	UID73868	1	1	0	0
1	1	UID73882	1	1	0	0
1	1	UID73891	1	1	0	0
1	1	UID73914	1	1	0	0
1	1	UID73929	1	1	0	0
1	1	UID73942	1	1	0	0
1	1	UID73943	1	1	0	0
1	1	UID73948	1	1	0	0
1	1	UID73950	1	1	0	0
1	1	UID73958	1	1	0	0
1	1	UID73964	1	1	0	0
1	1	UID73968	1	1	0	0
1	1	UID73977	1	1	0	0
1	1	UID73978	1	1	0	0
1	1	UID73984	1	1	0	0
1	1	UID73987	1	1	0	0
1	1	UID73988	1	1	0	0
1	1	UID73994	1	1	0	0
1	1	UID73995	1	1	0	0
1	1	UID73999	1	1	0	0
1	1	UID74002	1	1	0	0
1	1	UID74014	1	1	0	0
1	1	UID74021	1	1	0	0
1	1	UID74022	1	1	0	0
1	1	UID74027	1	1	0	0
1	1	UID74040	1	1	0	0
1	1	UID74050	1	1	0	0
1	1	UID74053	1	1	0	0
1	1	UID74057	1	1	0	0
1	1	UID74061	1	1	0	0
1	1	UID74076	1	1	0	0
1	1	UID74077	1	1	0	0
1	1	UID74078	1	1	0	0
1	1	UID74091	1	1	0	0
1	1	UID9449	1	1	0	0
