288	733	UID31769	355	220	2	2
246	685	UID48598	327	194	3	3
141	260	UID68692	105	126	2	2
140	272	UID34893	103	127	3	3
55	98	UID101419	43	53	2	2
24	44	UID61211	21	23	2	2
42	63	UID34883	18	39	2	2
39	61	UID246643	15	34	3	3
22	39	UID1180	14	18	2	2
51	72	UID246644	13	43	2	2
19	32	UID61268	11	15	3	3
5	13	UID7991	9	4	1	1
6	13	UID62996	8	5	2	2
6	14	UID31779	7	4	2	2
13	20	UID1444	6	11	2	2
3	7	UID7979	5	2	0	0
9	14	UID908	5	7	2	2
4	7	UID34928	4	3	1	1
2	4	UID246665	3	1	1	1
12	13	UID246709	2	11	1	1
6	7	UID246725	2	5	1	1
10	11	UID246727	2	9	1	1
16	17	UID246728	2	15	2	2
1	2	UID702	2	0	0	0
3	4	UID703	2	2	1	1
1	1	UID119259	1	1	0	0
2	2	UID125611	1	2	1	1
4	4	UID1435	1	4	1	1
1	1	UID167239	1	1	0	0
1	1	UID210	1	1	0	0
1	1	UID246746	1	1	0	0
1	1	UID246747	1	1	0	0
1	1	UID246748	1	1	0	0
1	1	UID246751	1	1	0	0
1	1	UID246754	1	1	0	0
1	1	UID246761	1	1	0	0
1	1	UID246762	1	1	0	0
1	1	UID246764	1	1	0	0
1	1	UID246765	1	1	0	0
1	1	UID246768	1	1	0	0
1	1	UID246773	1	1	0	0
1	1	UID246775	1	1	0	0
1	1	UID246783	1	1	0	0
1	1	UID246785	1	1	0	0
1	1	UID246788	1	1	0	0
1	1	UID246789	1	1	0	0
1	1	UID246792	1	1	0	0
1	1	UID246797	1	1	0	0
1	1	UID246798	1	1	0	0
1	1	UID246799	1	1	0	0
1	1	UID246801	1	1	0	0
1	1	UID246802	1	1	0	0
1	1	UID246807	1	1	0	0
1	1	UID246808	1	1	0	0
1	1	UID246809	1	1	0	0
1	1	UID246816	1	1	0	0
1	1	UID246818	1	1	0	0
1	1	UID246823	1	1	0	0
1	1	UID246835	1	1	0	0
1	1	UID246838	1	1	0	0
1	1	UID246840	1	1	0	0
1	1	UID246841	1	1	0	0
1	1	UID246842	1	1	0	0
1	1	UID246847	1	1	0	0
1	1	UID246855	1	1	0	0
1	1	UID246863	1	1	0	0
1	1	UID246907	1	1	0	0
1	1	UID246917	1	1	0	0
1	1	UID246932	1	1	0	0
1	1	UID246944	1	1	0	0
1	1	UID246945	1	1	0	0
1	1	UID246948	1	1	0	0
1	1	UID246953	1	1	0	0
1	1	UID246962	1	1	0	0
1	1	UID246975	1	1	0	0
1	1	UID246986	1	1	0	0
1	1	UID247003	1	1	0	0
5	5	UID247007	1	5	2	2
1	1	UID247015	1	1	0	0
1	1	UID247022	1	1	0	0
1	1	UID247031	1	1	0	0
1	1	UID247034	1	1	0	0
1	1	UID247067	1	1	0	0
1	1	UID247114	1	1	0	0
1	1	UID247116	1	1	0	0
1	1	UID247129	1	1	0	0
1	1	UID247132	1	1	0	0
1	1	UID247133	1	1	0	0
2	2	UID247189	1	2	1	1
1	1	UID247193	1	1	0	0
1	1	UID247197	1	1	0	0
1	1	UID247200	1	1	0	0
1	1	UID247201	1	1	0	0
1	1	UID247202	1	1	0	0
1	1	UID247203	1	1	0	0
7	7	UID247204	1	7	3	3
1	1	UID247228	1	1	0	0
1	1	UID247232	1	1	0	0
1	1	UID247248	1	1	0	0
1	1	UID247251	1	1	0	0
1	1	UID247252	1	1	0	0
1	1	UID247259	1	1	0	0
1	1	UID247263	1	1	0	0
1	1	UID247265	1	1	0	0
1	1	UID247268	1	1	0	0
1	1	UID247269	1	1	0	0
1	1	UID247277	1	1	0	0
1	1	UID247281	1	1	0	0
1	1	UID247282	1	1	0	0
1	1	UID247289	1	1	0	0
1	1	UID247293	1	1	0	0
1	1	UID247307	1	1	0	0
1	1	UID247311	1	1	0	0
1	1	UID247319	1	1	0	0
1	1	UID247327	1	1	0	0
1	1	UID247334	1	1	0	0
1	1	UID247335	1	1	0	0
1	1	UID247338	1	1	0	0
1	1	UID247339	1	1	0	0
1	1	UID247342	1	1	0	0
1	1	UID247349	1	1	0	0
1	1	UID247351	1	1	0	0
1	1	UID247352	1	1	0	0
1	1	UID247367	1	1	0	0
1	1	UID247383	1	1	0	0
1	1	UID247388	1	1	0	0
1	1	UID247392	1	1	0	0
1	1	UID247393	1	1	0	0
1	1	UID247394	1	1	0	0
1	1	UID247395	1	1	0	0
1	1	UID247396	1	1	0	0
1	1	UID247412	1	1	0	0
1	1	UID247416	1	1	0	0
1	1	UID247417	1	1	0	0
1	1	UID247423	1	1	0	0
1	1	UID247453	1	1	0	0
1	1	UID247466	1	1	0	0
1	1	UID247468	1	1	0	0
1	1	UID247481	1	1	0	0
1	1	UID247483	1	1	0	0
1	1	UID247495	1	1	0	0
1	1	UID247500	1	1	0	0
1	1	UID247504	1	1	0	0
1	1	UID247530	1	1	0	0
1	1	UID247532	1	1	0	0
1	1	UID247533	1	1	0	0
1	1	UID247538	1	1	0	0
1	1	UID247540	1	1	0	0
1	1	UID247543	1	1	0	0
1	1	UID247548	1	1	0	0
1	1	UID247552	1	1	0	0
1	1	UID247553	1	1	0	0
1	1	UID247566	1	1	0	0
1	1	UID247569	1	1	0	0
1	1	UID247582	1	1	0	0
1	1	UID247584	1	1	0	0
1	1	UID247585	1	1	0	0
1	1	UID247588	1	1	0	0
1	1	UID247597	1	1	0	0
1	1	UID247603	1	1	0	0
1	1	UID247605	1	1	0	0
1	1	UID247611	1	1	0	0
1	1	UID247612	1	1	0	0
1	1	UID247619	1	1	0	0
1	1	UID247620	1	1	0	0
1	1	UID247624	1	1	0	0
1	1	UID247630	1	1	0	0
1	1	UID247636	1	1	0	0
1	1	UID247637	1	1	0	0
1	1	UID247640	1	1	0	0
1	1	UID247646	1	1	0	0
1	1	UID247650	1	1	0	0
1	1	UID247660	1	1	0	0
1	1	UID247664	1	1	0	0
1	1	UID247665	1	1	0	0
1	1	UID247669	1	1	0	0
1	1	UID247684	1	1	0	0
1	1	UID247689	1	1	0	0
1	1	UID247692	1	1	0	0
1	1	UID247697	1	1	0	0
1	1	UID247701	1	1	0	0
1	1	UID247705	1	1	0	0
1	1	UID247706	1	1	0	0
1	1	UID247707	1	1	0	0
1	1	UID247721	1	1	0	0
1	1	UID247723	1	1	0	0
1	1	UID247725	1	1	0	0
1	1	UID247735	1	1	0	0
1	1	UID247741	1	1	0	0
1	1	UID247743	1	1	0	0
1	1	UID247746	1	1	0	0
1	1	UID247747	1	1	0	0
1	1	UID247751	1	1	0	0
1	1	UID247752	1	1	0	0
1	1	UID247753	1	1	0	0
1	1	UID247755	1	1	0	0
1	1	UID27279	1	1	0	0
1	1	UID27645	1	1	0	0
1	1	UID37547	1	1	0	0
2	2	UID48477	1	2	1	1
1	1	UID48877	1	1	0	0
1	1	UID50583	1	1	0	0
1	1	UID57814	1	1	0	0
1	1	UID62206	1	1	0	0
1	1	UID75735	1	1	0	0
