30136	192228	UID40	83118	21892	5	5
985	2840	UID506	743	660	5	5
830	2223	UID916	600	570	4	4
611	1745	UID20	561	404	3	3
335	1073	UID7979	497	220	3	3
370	964	UID215767	341	259	4	4
345	825	UID8003	293	257	4	4
222	572	UID7991	263	168	3	3
198	511	UID314	228	138	3	3
141	397	UID702	198	101	2	2
91	229	UID31769	105	67	3	3
65	154	UID404	56	51	3	3
60	125	UID519	53	52	3	3
39	102	UID1447	51	28	2	2
50	111	UID247910	46	37	2	2
100	185	UID1369	39	90	5	5
81	177	UID992	31	63	3	3
30	57	UID1442	25	26	2	2
43	76	UID380	21	35	2	2
30	52	UID68692	19	26	2	2
55	87	UID608	18	44	2	2
36	58	UID201	17	29	2	2
32	55	UID584	17	26	2	2
36	51	UID27288	16	35	3	3
34	62	UID248102	15	28	3	3
11	27	UID210	14	7	2	2
13	30	UID8015	14	9	2	2
26	45	UID217331	13	22	3	3
26	38	UID248135	13	25	3	3
32	63	UID54446	13	22	3	3
18	33	UID77	12	13	2	2
21	38	UID315	10	17	2	2
12	22	UID31291	9	9	1	1
1	8	UID10255	8	0	0	0
3	10	UID189996	8	2	1	1
15	23	UID248269	8	13	1	1
1	8	UID248280	8	0	0	0
2	8	UID216474	7	1	1	1
2	8	UID248335	7	1	1	1
7	18	UID313	6	3	2	2
15	23	UID48617	6	11	2	2
7	12	UID101419	5	5	1	1
5	12	UID210097	5	3	1	1
1	5	UID248464	5	0	0	0
1	5	UID248465	5	0	0	0
1	5	UID248498	5	0	0	0
1	5	UID248595	5	0	0	0
1	5	UID248624	5	0	0	0
1	5	UID248647	5	0	0	0
1	5	UID248657	5	0	0	0
1	5	UID248670	5	0	0	0
1	5	UID248680	5	0	0	0
21	30	UID29460	5	17	3	3
11	19	UID1428	4	7	3	3
7	12	UID193161	4	4	2	2
1	4	UID248735	4	0	0	0
1	4	UID248736	4	0	0	0
1	4	UID248737	4	0	0	0
1	4	UID248780	4	0	0	0
1	4	UID248782	4	0	0	0
1	4	UID248797	4	0	0	0
1	4	UID248802	4	0	0	0
1	4	UID248804	4	0	0	0
1	4	UID248811	4	0	0	0
1	4	UID248822	4	0	0	0
1	4	UID248824	4	0	0	0
1	4	UID248827	4	0	0	0
1	4	UID248828	4	0	0	0
1	4	UID248845	4	0	0	0
1	4	UID248861	4	0	0	0
1	4	UID248878	4	0	0	0
1	4	UID249012	4	0	0	0
1	4	UID249018	4	0	0	0
1	4	UID249022	4	0	0	0
1	4	UID249083	4	0	0	0
1	4	UID249094	4	0	0	0
1	4	UID249140	4	0	0	0
1	4	UID249151	4	0	0	0
1	4	UID249153	4	0	0	0
1	4	UID249176	4	0	0	0
1	4	UID249184	4	0	0	0
1	4	UID249203	4	0	0	0
1	4	UID249210	4	0	0	0
1	4	UID249213	4	0	0	0
1	4	UID249243	4	0	0	0
1	4	UID249244	4	0	0	0
1	4	UID249248	4	0	0	0
1	4	UID249261	4	0	0	0
1	4	UID249264	4	0	0	0
1	4	UID249266	4	0	0	0
1	4	UID249291	4	0	0	0
1	4	UID249314	4	0	0	0
1	4	UID249316	4	0	0	0
4	8	UID27308	4	2	2	2
9	12	UID7893	4	8	2	2
2	6	UID9539	4	0	1	1
3	5	UID1435	3	2	1	1
5	7	UID157974	3	4	1	1
7	12	UID164661	3	3	2	2
1	3	UID188088	3	0	0	0
4	6	UID217605	3	3	1	1
1	3	UID249350	3	0	0	0
1	3	UID249351	3	0	0	0
1	3	UID249355	3	0	0	0
1	3	UID249356	3	0	0	0
1	3	UID249357	3	0	0	0
1	3	UID249362	3	0	0	0
1	3	UID249367	3	0	0	0
1	3	UID249373	3	0	0	0
1	3	UID249376	3	0	0	0
1	3	UID249378	3	0	0	0
1	3	UID249383	3	0	0	0
1	3	UID249387	3	0	0	0
1	3	UID249403	3	0	0	0
1	3	UID249407	3	0	0	0
1	3	UID249408	3	0	0	0
1	3	UID249426	3	0	0	0
1	3	UID249432	3	0	0	0
1	3	UID249450	3	0	0	0
1	3	UID249472	3	0	0	0
1	3	UID249474	3	0	0	0
1	3	UID249477	3	0	0	0
1	3	UID249482	3	0	0	0
1	3	UID249485	3	0	0	0
1	3	UID249488	3	0	0	0
1	3	UID249496	3	0	0	0
1	3	UID249499	3	0	0	0
1	3	UID249505	3	0	0	0
1	3	UID249507	3	0	0	0
1	3	UID249510	3	0	0	0
1	3	UID249513	3	0	0	0
1	3	UID249515	3	0	0	0
1	3	UID249523	3	0	0	0
1	3	UID249525	3	0	0	0
1	3	UID249533	3	0	0	0
1	3	UID249536	3	0	0	0
1	3	UID249541	3	0	0	0
1	3	UID249548	3	0	0	0
1	3	UID249554	3	0	0	0
1	3	UID249557	3	0	0	0
1	3	UID249562	3	0	0	0
14	19	UID249575	3	11	2	2
1	3	UID249577	3	0	0	0
1	3	UID249590	3	0	0	0
1	3	UID249592	3	0	0	0
1	3	UID249599	3	0	0	0
1	3	UID249610	3	0	0	0
1	3	UID249612	3	0	0	0
1	3	UID249613	3	0	0	0
2	4	UID249615	3	1	0	0
1	3	UID249624	3	0	0	0
1	3	UID249631	3	0	0	0
2	4	UID249635	3	1	1	1
1	3	UID249639	3	0	0	0
1	3	UID249644	3	0	0	0
1	3	UID249650	3	0	0	0
1	3	UID249651	3	0	0	0
1	3	UID249672	3	0	0	0
1	3	UID249674	3	0	0	0
2	4	UID249680	3	1	1	1
1	3	UID249688	3	0	0	0
1	3	UID249691	3	0	0	0
1	3	UID249705	3	0	0	0
1	3	UID249714	3	0	0	0
4	7	UID249716	3	2	1	1
1	3	UID249717	3	0	0	0
1	3	UID249718	3	0	0	0
1	3	UID249722	3	0	0	0
1	3	UID249733	3	0	0	0
1	3	UID249734	3	0	0	0
1	3	UID249735	3	0	0	0
1	3	UID249737	3	0	0	0
1	3	UID249742	3	0	0	0
1	3	UID249745	3	0	0	0
1	3	UID249747	3	0	0	0
1	3	UID249752	3	0	0	0
1	3	UID249784	3	0	0	0
1	3	UID249792	3	0	0	0
1	3	UID249823	3	0	0	0
1	3	UID249826	3	0	0	0
1	3	UID249852	3	0	0	0
1	3	UID249859	3	0	0	0
1	3	UID249865	3	0	0	0
1	3	UID249872	3	0	0	0
1	3	UID249873	3	0	0	0
1	3	UID249884	3	0	0	0
1	3	UID249887	3	0	0	0
1	3	UID249891	3	0	0	0
1	3	UID249896	3	0	0	0
1	3	UID249921	3	0	0	0
1	3	UID249932	3	0	0	0
1	3	UID249948	3	0	0	0
1	3	UID249978	3	0	0	0
1	3	UID249981	3	0	0	0
1	3	UID250002	3	0	0	0
1	3	UID250021	3	0	0	0
1	3	UID250027	3	0	0	0
1	3	UID250106	3	0	0	0
1	3	UID250132	3	0	0	0
1	3	UID250142	3	0	0	0
1	3	UID250166	3	0	0	0
1	3	UID250190	3	0	0	0
1	3	UID250246	3	0	0	0
1	3	UID250266	3	0	0	0
1	3	UID250282	3	0	0	0
1	3	UID250305	3	0	0	0
1	3	UID250343	3	0	0	0
1	3	UID250344	3	0	0	0
1	3	UID250364	3	0	0	0
1	3	UID250380	3	0	0	0
1	3	UID250387	3	0	0	0
1	3	UID250401	3	0	0	0
1	3	UID250415	3	0	0	0
1	3	UID250425	3	0	0	0
1	3	UID250430	3	0	0	0
1	3	UID250438	3	0	0	0
1	3	UID250440	3	0	0	0
1	3	UID250452	3	0	0	0
1	3	UID250453	3	0	0	0
1	3	UID250495	3	0	0	0
1	3	UID250504	3	0	0	0
1	3	UID250511	3	0	0	0
1	3	UID250514	3	0	0	0
1	3	UID250524	3	0	0	0
1	3	UID250540	3	0	0	0
1	3	UID250542	3	0	0	0
1	3	UID250543	3	0	0	0
1	3	UID250552	3	0	0	0
1	3	UID250553	3	0	0	0
1	3	UID250561	3	0	0	0
1	3	UID250574	3	0	0	0
1	3	UID250601	3	0	0	0
1	3	UID250606	3	0	0	0
1	3	UID250610	3	0	0	0
1	3	UID250612	3	0	0	0
1	3	UID250623	3	0	0	0
1	3	UID250624	3	0	0	0
1	3	UID250631	3	0	0	0
1	3	UID250640	3	0	0	0
2	4	UID250653	3	1	1	1
1	3	UID250660	3	0	0	0
1	3	UID250714	3	0	0	0
1	3	UID250716	3	0	0	0
1	3	UID250719	3	0	0	0
1	3	UID250722	3	0	0	0
1	3	UID250730	3	0	0	0
2	4	UID250734	3	1	0	0
1	3	UID250749	3	0	0	0
1	3	UID250754	3	0	0	0
1	3	UID250756	3	0	0	0
1	3	UID250766	3	0	0	0
1	3	UID250769	3	0	0	0
1	3	UID250770	3	0	0	0
1	3	UID250775	3	0	0	0
1	3	UID250780	3	0	0	0
1	3	UID250782	3	0	0	0
1	3	UID250784	3	0	0	0
1	3	UID250800	3	0	0	0
1	3	UID250808	3	0	0	0
1	3	UID250810	3	0	0	0
1	3	UID250822	3	0	0	0
2	4	UID250843	3	1	1	1
1	3	UID250846	3	0	0	0
1	3	UID250848	3	0	0	0
1	3	UID250857	3	0	0	0
1	3	UID250861	3	0	0	0
1	3	UID250866	3	0	0	0
1	3	UID250889	3	0	0	0
1	3	UID250894	3	0	0	0
1	3	UID250899	3	0	0	0
1	3	UID250908	3	0	0	0
1	3	UID250913	3	0	0	0
1	3	UID250914	3	0	0	0
1	3	UID250915	3	0	0	0
1	3	UID250918	3	0	0	0
1	3	UID250921	3	0	0	0
1	3	UID250924	3	0	0	0
1	3	UID250929	3	0	0	0
1	3	UID250941	3	0	0	0
1	3	UID250952	3	0	0	0
1	3	UID250957	3	0	0	0
1	3	UID250961	3	0	0	0
1	3	UID250985	3	0	0	0
1	3	UID250993	3	0	0	0
2	4	UID250994	3	1	1	1
1	3	UID251000	3	0	0	0
1	3	UID251003	3	0	0	0
1	3	UID251016	3	0	0	0
2	4	UID251021	3	1	1	1
1	3	UID251026	3	0	0	0
1	3	UID251046	3	0	0	0
1	3	UID251053	3	0	0	0
1	3	UID251054	3	0	0	0
1	3	UID251057	3	0	0	0
1	3	UID251058	3	0	0	0
1	3	UID251076	3	0	0	0
1	3	UID251079	3	0	0	0
1	3	UID251083	3	0	0	0
1	3	UID251084	3	0	0	0
1	3	UID251087	3	0	0	0
1	3	UID251094	3	0	0	0
1	3	UID251095	3	0	0	0
1	3	UID251102	3	0	0	0
1	3	UID251110	3	0	0	0
1	3	UID251112	3	0	0	0
1	3	UID251113	3	0	0	0
1	3	UID251120	3	0	0	0
1	3	UID251124	3	0	0	0
1	3	UID251125	3	0	0	0
1	3	UID251126	3	0	0	0
1	3	UID251127	3	0	0	0
1	3	UID251136	3	0	0	0
1	3	UID251137	3	0	0	0
1	3	UID251138	3	0	0	0
1	3	UID251141	3	0	0	0
1	3	UID251146	3	0	0	0
1	3	UID251147	3	0	0	0
1	3	UID251148	3	0	0	0
1	3	UID251150	3	0	0	0
1	3	UID251155	3	0	0	0
1	3	UID251158	3	0	0	0
1	3	UID251163	3	0	0	0
1	3	UID251167	3	0	0	0
1	3	UID251168	3	0	0	0
1	3	UID251173	3	0	0	0
1	3	UID251182	3	0	0	0
2	4	UID251183	3	1	1	1
1	3	UID251186	3	0	0	0
1	3	UID251189	3	0	0	0
5	8	UID289	3	3	1	1
1	3	UID46	3	0	0	0
1	3	UID62167	3	0	0	0
1	2	UID134179	2	0	0	0
5	7	UID18121	2	3	2	2
2	3	UID190614	2	1	1	1
2	3	UID199871	2	1	1	1
1	2	UID218188	2	0	0	0
1	2	UID251227	2	0	0	0
1	2	UID251276	2	0	0	0
1	2	UID251277	2	0	0	0
1	2	UID251369	2	0	0	0
2	3	UID251379	2	1	1	1
1	2	UID251423	2	0	0	0
1	2	UID251489	2	0	0	0
2	3	UID251524	2	1	1	1
1	2	UID251531	2	0	0	0
1	2	UID251534	2	0	0	0
1	2	UID251558	2	0	0	0
1	2	UID251567	2	0	0	0
2	3	UID251595	2	1	1	1
1	2	UID251596	2	0	0	0
1	2	UID251631	2	0	0	0
1	2	UID251645	2	0	0	0
1	2	UID251655	2	0	0	0
1	2	UID251682	2	0	0	0
1	2	UID251695	2	0	0	0
1	2	UID251700	2	0	0	0
1	2	UID251710	2	0	0	0
1	2	UID251713	2	0	0	0
1	2	UID251722	2	0	0	0
1	2	UID251807	2	0	0	0
1	2	UID251854	2	0	0	0
1	2	UID251860	2	0	0	0
1	2	UID251894	2	0	0	0
2	3	UID251899	2	1	1	1
1	2	UID251933	2	0	0	0
1	2	UID251984	2	0	0	0
1	2	UID252008	2	0	0	0
1	2	UID252095	2	0	0	0
1	2	UID252114	2	0	0	0
2	3	UID252210	2	1	1	1
1	2	UID252300	2	0	0	0
1	2	UID252356	2	0	0	0
2	3	UID252370	2	1	1	1
1	2	UID252414	2	0	0	0
1	2	UID252465	2	0	0	0
1	2	UID252481	2	0	0	0
1	2	UID252536	2	0	0	0
1	2	UID252588	2	0	0	0
2	3	UID252597	2	1	1	1
1	2	UID252732	2	0	0	0
1	2	UID252740	2	0	0	0
1	2	UID252748	2	0	0	0
1	2	UID252751	2	0	0	0
2	3	UID252769	2	1	1	1
1	2	UID252779	2	0	0	0
1	2	UID252927	2	0	0	0
1	2	UID252939	2	0	0	0
1	2	UID253021	2	0	0	0
4	5	UID253110	2	3	1	1
1	2	UID253119	2	0	0	0
2	3	UID253436	2	1	1	1
1	2	UID254089	2	0	0	0
1	2	UID254186	2	0	0	0
1	2	UID254489	2	0	0	0
1	2	UID254555	2	0	0	0
2	3	UID254886	2	1	1	1
1	2	UID254973	2	0	0	0
1	2	UID254975	2	0	0	0
1	2	UID254976	2	0	0	0
6	7	UID254977	2	5	3	3
1	2	UID254978	2	0	0	0
1	2	UID254979	2	0	0	0
1	2	UID254998	2	0	0	0
2	3	UID255018	2	1	1	1
2	3	UID255055	2	1	1	1
2	3	UID255110	2	1	1	1
1	2	UID255128	2	0	0	0
1	2	UID255192	2	0	0	0
1	2	UID255256	2	0	0	0
2	3	UID255435	2	1	1	1
1	2	UID255457	2	0	0	0
1	2	UID255547	2	0	0	0
1	2	UID255553	2	0	0	0
1	2	UID255768	2	0	0	0
2	3	UID255777	2	1	1	1
1	2	UID255848	2	0	0	0
1	2	UID256032	2	0	0	0
1	2	UID256043	2	0	0	0
1	2	UID256086	2	0	0	0
1	2	UID256091	2	0	0	0
1	2	UID256153	2	0	0	0
1	2	UID256203	2	0	0	0
1	2	UID256240	2	0	0	0
2	3	UID256269	2	1	1	1
2	3	UID256272	2	1	1	1
2	3	UID256278	2	1	1	1
1	2	UID256322	2	0	0	0
2	3	UID256368	2	1	1	1
1	2	UID256433	2	0	0	0
2	3	UID256449	2	1	1	1
1	2	UID256554	2	0	0	0
1	2	UID256602	2	0	0	0
1	2	UID256666	2	0	0	0
1	2	UID256728	2	0	0	0
1	2	UID256742	2	0	0	0
2	3	UID256750	2	1	1	1
2	3	UID256781	2	1	1	1
1	2	UID256879	2	0	0	0
1	2	UID256884	2	0	0	0
1	2	UID256900	2	0	0	0
1	2	UID256925	2	0	0	0
1	2	UID256928	2	0	0	0
2	3	UID256946	2	1	1	1
1	2	UID256948	2	0	0	0
1	2	UID256994	2	0	0	0
2	3	UID257055	2	1	1	1
2	3	UID257064	2	1	1	1
1	2	UID257065	2	0	0	0
1	2	UID257072	2	0	0	0
1	2	UID48553	2	0	0	0
1	2	UID607	2	0	0	0
1	2	UID61682	2	0	0	0
8	10	UID61907	2	6	2	2
1	1	UID114820	1	1	0	0
1	1	UID1448	1	1	0	0
1	1	UID150900	1	1	0	0
2	2	UID175185	1	2	1	1
1	1	UID186637	1	1	0	0
1	1	UID186923	1	1	0	0
1	1	UID19	1	1	0	0
7	7	UID203572	1	7	1	1
1	1	UID203629	1	1	0	0
3	3	UID215769	1	3	1	1
1	1	UID228304	1	1	0	0
1	1	UID228306	1	1	0	0
3	3	UID239195	1	3	1	1
1	1	UID257102	1	1	0	0
1	1	UID257103	1	1	0	0
1	1	UID257110	1	1	0	0
1	1	UID257132	1	1	0	0
1	1	UID257134	1	1	0	0
1	1	UID257164	1	1	0	0
1	1	UID257168	1	1	0	0
1	1	UID257169	1	1	0	0
1	1	UID257181	1	1	0	0
1	1	UID257183	1	1	0	0
1	1	UID257190	1	1	0	0
1	1	UID257227	1	1	0	0
1	1	UID257233	1	1	0	0
1	1	UID257239	1	1	0	0
1	1	UID257242	1	1	0	0
1	1	UID257244	1	1	0	0
1	1	UID257246	1	1	0	0
1	1	UID257266	1	1	0	0
1	1	UID257278	1	1	0	0
1	1	UID257301	1	1	0	0
1	1	UID257307	1	1	0	0
1	1	UID257418	1	1	0	0
1	1	UID257462	1	1	0	0
1	1	UID257470	1	1	0	0
1	1	UID257471	1	1	0	0
1	1	UID257476	1	1	0	0
1	1	UID257480	1	1	0	0
1	1	UID257484	1	1	0	0
1	1	UID257490	1	1	0	0
1	1	UID257493	1	1	0	0
1	1	UID257504	1	1	0	0
1	1	UID257505	1	1	0	0
1	1	UID257506	1	1	0	0
1	1	UID257508	1	1	0	0
1	1	UID257509	1	1	0	0
1	1	UID257512	1	1	0	0
1	1	UID257513	1	1	0	0
1	1	UID257514	1	1	0	0
1	1	UID257515	1	1	0	0
1	1	UID257516	1	1	0	0
1	1	UID257517	1	1	0	0
1	1	UID257518	1	1	0	0
1	1	UID257519	1	1	0	0
1	1	UID257520	1	1	0	0
1	1	UID257537	1	1	0	0
1	1	UID257547	1	1	0	0
1	1	UID257548	1	1	0	0
1	1	UID257557	1	1	0	0
1	1	UID257560	1	1	0	0
1	1	UID257568	1	1	0	0
1	1	UID257570	1	1	0	0
1	1	UID257579	1	1	0	0
1	1	UID257597	1	1	0	0
1	1	UID257639	1	1	0	0
1	1	UID257658	1	1	0	0
1	1	UID257662	1	1	0	0
1	1	UID257664	1	1	0	0
1	1	UID257682	1	1	0	0
1	1	UID257686	1	1	0	0
1	1	UID257696	1	1	0	0
1	1	UID257711	1	1	0	0
1	1	UID257713	1	1	0	0
1	1	UID257716	1	1	0	0
1	1	UID257718	1	1	0	0
1	1	UID257722	1	1	0	0
1	1	UID257723	1	1	0	0
1	1	UID257740	1	1	0	0
1	1	UID257743	1	1	0	0
1	1	UID257747	1	1	0	0
1	1	UID257748	1	1	0	0
1	1	UID257759	1	1	0	0
1	1	UID257761	1	1	0	0
1	1	UID257853	1	1	0	0
1	1	UID257854	1	1	0	0
1	1	UID257856	1	1	0	0
1	1	UID257880	1	1	0	0
1	1	UID257892	1	1	0	0
1	1	UID257895	1	1	0	0
1	1	UID257928	1	1	0	0
1	1	UID257936	1	1	0	0
1	1	UID257937	1	1	0	0
1	1	UID257939	1	1	0	0
1	1	UID257940	1	1	0	0
1	1	UID257941	1	1	0	0
1	1	UID257942	1	1	0	0
1	1	UID257943	1	1	0	0
1	1	UID257944	1	1	0	0
1	1	UID257956	1	1	0	0
1	1	UID257960	1	1	0	0
1	1	UID257965	1	1	0	0
1	1	UID257975	1	1	0	0
1	1	UID257978	1	1	0	0
1	1	UID257979	1	1	0	0
1	1	UID257980	1	1	0	0
1	1	UID257992	1	1	0	0
1	1	UID258027	1	1	0	0
1	1	UID258033	1	1	0	0
1	1	UID258035	1	1	0	0
1	1	UID258141	1	1	0	0
1	1	UID258157	1	1	0	0
1	1	UID258174	1	1	0	0
1	1	UID258200	1	1	0	0
1	1	UID258207	1	1	0	0
1	1	UID258226	1	1	0	0
1	1	UID258232	1	1	0	0
1	1	UID258233	1	1	0	0
1	1	UID258234	1	1	0	0
1	1	UID258235	1	1	0	0
1	1	UID258238	1	1	0	0
1	1	UID258240	1	1	0	0
1	1	UID258241	1	1	0	0
1	1	UID258243	1	1	0	0
1	1	UID258248	1	1	0	0
1	1	UID258249	1	1	0	0
1	1	UID258257	1	1	0	0
1	1	UID258267	1	1	0	0
1	1	UID258269	1	1	0	0
1	1	UID258270	1	1	0	0
1	1	UID258271	1	1	0	0
1	1	UID258272	1	1	0	0
1	1	UID258277	1	1	0	0
1	1	UID258278	1	1	0	0
1	1	UID258279	1	1	0	0
1	1	UID258307	1	1	0	0
1	1	UID258311	1	1	0	0
1	1	UID258338	1	1	0	0
1	1	UID258341	1	1	0	0
1	1	UID258473	1	1	0	0
1	1	UID258476	1	1	0	0
1	1	UID258480	1	1	0	0
1	1	UID258487	1	1	0	0
1	1	UID258495	1	1	0	0
1	1	UID258497	1	1	0	0
1	1	UID258498	1	1	0	0
1	1	UID258499	1	1	0	0
1	1	UID258500	1	1	0	0
1	1	UID258501	1	1	0	0
1	1	UID258502	1	1	0	0
1	1	UID258505	1	1	0	0
1	1	UID258506	1	1	0	0
1	1	UID258507	1	1	0	0
1	1	UID258514	1	1	0	0
1	1	UID258532	1	1	0	0
1	1	UID258538	1	1	0	0
1	1	UID258551	1	1	0	0
1	1	UID258555	1	1	0	0
1	1	UID258559	1	1	0	0
1	1	UID258562	1	1	0	0
1	1	UID258563	1	1	0	0
1	1	UID258564	1	1	0	0
1	1	UID258576	1	1	0	0
1	1	UID258581	1	1	0	0
1	1	UID258582	1	1	0	0
1	1	UID258583	1	1	0	0
1	1	UID258590	1	1	0	0
1	1	UID258595	1	1	0	0
1	1	UID258596	1	1	0	0
1	1	UID258607	1	1	0	0
1	1	UID258614	1	1	0	0
1	1	UID258665	1	1	0	0
1	1	UID258672	1	1	0	0
1	1	UID258674	1	1	0	0
1	1	UID258678	1	1	0	0
1	1	UID258689	1	1	0	0
1	1	UID258701	1	1	0	0
1	1	UID258702	1	1	0	0
1	1	UID258711	1	1	0	0
1	1	UID258714	1	1	0	0
1	1	UID258718	1	1	0	0
1	1	UID258719	1	1	0	0
1	1	UID258728	1	1	0	0
1	1	UID258730	1	1	0	0
1	1	UID258732	1	1	0	0
1	1	UID258733	1	1	0	0
1	1	UID258734	1	1	0	0
1	1	UID258754	1	1	0	0
1	1	UID258759	1	1	0	0
1	1	UID258783	1	1	0	0
1	1	UID258798	1	1	0	0
1	1	UID258811	1	1	0	0
1	1	UID258870	1	1	0	0
1	1	UID258871	1	1	0	0
2	2	UID258896	1	2	1	1
1	1	UID258926	1	1	0	0
1	1	UID258950	1	1	0	0
1	1	UID258954	1	1	0	0
1	1	UID258973	1	1	0	0
1	1	UID258979	1	1	0	0
1	1	UID258983	1	1	0	0
1	1	UID258986	1	1	0	0
1	1	UID258994	1	1	0	0
1	1	UID258997	1	1	0	0
1	1	UID258999	1	1	0	0
1	1	UID259000	1	1	0	0
1	1	UID259001	1	1	0	0
1	1	UID259019	1	1	0	0
1	1	UID259021	1	1	0	0
1	1	UID259022	1	1	0	0
1	1	UID259023	1	1	0	0
1	1	UID259031	1	1	0	0
1	1	UID259034	1	1	0	0
1	1	UID259039	1	1	0	0
1	1	UID259041	1	1	0	0
1	1	UID259045	1	1	0	0
1	1	UID259049	1	1	0	0
1	1	UID259057	1	1	0	0
1	1	UID259169	1	1	0	0
1	1	UID259170	1	1	0	0
1	1	UID259172	1	1	0	0
1	1	UID259194	1	1	0	0
1	1	UID259204	1	1	0	0
1	1	UID259229	1	1	0	0
1	1	UID259230	1	1	0	0
1	1	UID259231	1	1	0	0
1	1	UID259233	1	1	0	0
1	1	UID259235	1	1	0	0
1	1	UID259236	1	1	0	0
1	1	UID259238	1	1	0	0
1	1	UID259261	1	1	0	0
1	1	UID259263	1	1	0	0
1	1	UID259268	1	1	0	0
1	1	UID259277	1	1	0	0
2	2	UID259278	1	2	1	1
1	1	UID259312	1	1	0	0
2	2	UID259318	1	2	1	1
1	1	UID259319	1	1	0	0
1	1	UID259341	1	1	0	0
1	1	UID259348	1	1	0	0
1	1	UID259354	1	1	0	0
1	1	UID259393	1	1	0	0
1	1	UID259426	1	1	0	0
1	1	UID259454	1	1	0	0
1	1	UID259457	1	1	0	0
1	1	UID259463	1	1	0	0
1	1	UID259495	1	1	0	0
1	1	UID259496	1	1	0	0
1	1	UID259501	1	1	0	0
1	1	UID259502	1	1	0	0
1	1	UID259504	1	1	0	0
1	1	UID259521	1	1	0	0
1	1	UID259522	1	1	0	0
1	1	UID259525	1	1	0	0
1	1	UID259530	1	1	0	0
1	1	UID259603	1	1	0	0
1	1	UID259608	1	1	0	0
1	1	UID259610	1	1	0	0
1	1	UID259641	1	1	0	0
1	1	UID259644	1	1	0	0
1	1	UID259647	1	1	0	0
1	1	UID259648	1	1	0	0
1	1	UID259668	1	1	0	0
1	1	UID259689	1	1	0	0
1	1	UID259692	1	1	0	0
1	1	UID259701	1	1	0	0
1	1	UID259702	1	1	0	0
1	1	UID259790	1	1	0	0
1	1	UID259819	1	1	0	0
1	1	UID259828	1	1	0	0
1	1	UID259831	1	1	0	0
1	1	UID259842	1	1	0	0
1	1	UID259857	1	1	0	0
1	1	UID259915	1	1	0	0
1	1	UID259922	1	1	0	0
1	1	UID259924	1	1	0	0
1	1	UID259930	1	1	0	0
1	1	UID260004	1	1	0	0
1	1	UID260015	1	1	0	0
1	1	UID260019	1	1	0	0
1	1	UID260026	1	1	0	0
1	1	UID260027	1	1	0	0
1	1	UID260029	1	1	0	0
1	1	UID260030	1	1	0	0
1	1	UID260033	1	1	0	0
1	1	UID260034	1	1	0	0
1	1	UID260097	1	1	0	0
1	1	UID260139	1	1	0	0
1	1	UID260140	1	1	0	0
1	1	UID260157	1	1	0	0
1	1	UID260163	1	1	0	0
1	1	UID260171	1	1	0	0
1	1	UID260188	1	1	0	0
1	1	UID260191	1	1	0	0
1	1	UID260196	1	1	0	0
1	1	UID260197	1	1	0	0
1	1	UID260199	1	1	0	0
1	1	UID260202	1	1	0	0
1	1	UID260205	1	1	0	0
1	1	UID260208	1	1	0	0
1	1	UID260220	1	1	0	0
1	1	UID260229	1	1	0	0
1	1	UID260231	1	1	0	0
1	1	UID260235	1	1	0	0
1	1	UID260241	1	1	0	0
1	1	UID260242	1	1	0	0
1	1	UID260258	1	1	0	0
1	1	UID260275	1	1	0	0
1	1	UID260299	1	1	0	0
1	1	UID260364	1	1	0	0
1	1	UID260367	1	1	0	0
1	1	UID260378	1	1	0	0
1	1	UID260385	1	1	0	0
1	1	UID260391	1	1	0	0
1	1	UID260393	1	1	0	0
1	1	UID260398	1	1	0	0
1	1	UID260404	1	1	0	0
1	1	UID260412	1	1	0	0
1	1	UID260417	1	1	0	0
1	1	UID260438	1	1	0	0
1	1	UID260443	1	1	0	0
1	1	UID260449	1	1	0	0
1	1	UID260454	1	1	0	0
1	1	UID260455	1	1	0	0
1	1	UID260456	1	1	0	0
1	1	UID260466	1	1	0	0
1	1	UID260475	1	1	0	0
1	1	UID260482	1	1	0	0
1	1	UID260542	1	1	0	0
1	1	UID260562	1	1	0	0
1	1	UID260564	1	1	0	0
1	1	UID260574	1	1	0	0
1	1	UID260582	1	1	0	0
1	1	UID260612	1	1	0	0
1	1	UID260613	1	1	0	0
1	1	UID260614	1	1	0	0
1	1	UID260615	1	1	0	0
1	1	UID260618	1	1	0	0
1	1	UID260694	1	1	0	0
1	1	UID260713	1	1	0	0
1	1	UID260717	1	1	0	0
1	1	UID260724	1	1	0	0
1	1	UID260732	1	1	0	0
1	1	UID260735	1	1	0	0
1	1	UID260739	1	1	0	0
1	1	UID260748	1	1	0	0
1	1	UID260749	1	1	0	0
1	1	UID260750	1	1	0	0
1	1	UID260751	1	1	0	0
1	1	UID260760	1	1	0	0
1	1	UID260774	1	1	0	0
1	1	UID260778	1	1	0	0
1	1	UID260809	1	1	0	0
1	1	UID260825	1	1	0	0
1	1	UID260840	1	1	0	0
1	1	UID260870	1	1	0	0
1	1	UID260875	1	1	0	0
1	1	UID260884	1	1	0	0
1	1	UID260903	1	1	0	0
1	1	UID260907	1	1	0	0
1	1	UID260912	1	1	0	0
1	1	UID260922	1	1	0	0
1	1	UID260934	1	1	0	0
1	1	UID260942	1	1	0	0
1	1	UID260950	1	1	0	0
1	1	UID260953	1	1	0	0
1	1	UID260962	1	1	0	0
1	1	UID260965	1	1	0	0
1	1	UID261007	1	1	0	0
1	1	UID261040	1	1	0	0
1	1	UID261048	1	1	0	0
1	1	UID261052	1	1	0	0
1	1	UID261073	1	1	0	0
1	1	UID261081	1	1	0	0
1	1	UID261101	1	1	0	0
1	1	UID261104	1	1	0	0
1	1	UID261110	1	1	0	0
1	1	UID261182	1	1	0	0
1	1	UID261209	1	1	0	0
1	1	UID261211	1	1	0	0
1	1	UID261213	1	1	0	0
1	1	UID261217	1	1	0	0
1	1	UID261225	1	1	0	0
1	1	UID261237	1	1	0	0
1	1	UID261238	1	1	0	0
1	1	UID261240	1	1	0	0
1	1	UID261241	1	1	0	0
1	1	UID261242	1	1	0	0
1	1	UID261244	1	1	0	0
1	1	UID261245	1	1	0	0
1	1	UID261246	1	1	0	0
1	1	UID261263	1	1	0	0
1	1	UID261337	1	1	0	0
1	1	UID261367	1	1	0	0
1	1	UID261380	1	1	0	0
1	1	UID261383	1	1	0	0
1	1	UID261384	1	1	0	0
1	1	UID261391	1	1	0	0
1	1	UID261392	1	1	0	0
1	1	UID261393	1	1	0	0
1	1	UID261394	1	1	0	0
1	1	UID261402	1	1	0	0
1	1	UID261408	1	1	0	0
1	1	UID261411	1	1	0	0
1	1	UID261414	1	1	0	0
1	1	UID261419	1	1	0	0
1	1	UID261470	1	1	0	0
1	1	UID261484	1	1	0	0
1	1	UID261550	1	1	0	0
1	1	UID261554	1	1	0	0
1	1	UID261576	1	1	0	0
1	1	UID261606	1	1	0	0
1	1	UID261620	1	1	0	0
1	1	UID261703	1	1	0	0
1	1	UID261704	1	1	0	0
1	1	UID261712	1	1	0	0
1	1	UID261721	1	1	0	0
1	1	UID261738	1	1	0	0
1	1	UID261744	1	1	0	0
1	1	UID261760	1	1	0	0
1	1	UID261807	1	1	0	0
1	1	UID261824	1	1	0	0
1	1	UID261835	1	1	0	0
1	1	UID261843	1	1	0	0
1	1	UID261849	1	1	0	0
1	1	UID261851	1	1	0	0
1	1	UID261861	1	1	0	0
1	1	UID261862	1	1	0	0
1	1	UID261878	1	1	0	0
1	1	UID261879	1	1	0	0
1	1	UID261881	1	1	0	0
1	1	UID261882	1	1	0	0
1	1	UID261885	1	1	0	0
1	1	UID261886	1	1	0	0
1	1	UID261887	1	1	0	0
1	1	UID261928	1	1	0	0
1	1	UID261950	1	1	0	0
1	1	UID261951	1	1	0	0
1	1	UID261964	1	1	0	0
1	1	UID261969	1	1	0	0
1	1	UID261975	1	1	0	0
1	1	UID262001	1	1	0	0
1	1	UID262009	1	1	0	0
1	1	UID262024	1	1	0	0
1	1	UID262075	1	1	0	0
1	1	UID262089	1	1	0	0
1	1	UID262091	1	1	0	0
1	1	UID262094	1	1	0	0
1	1	UID262155	1	1	0	0
1	1	UID262168	1	1	0	0
1	1	UID262210	1	1	0	0
1	1	UID262212	1	1	0	0
1	1	UID262214	1	1	0	0
1	1	UID262231	1	1	0	0
1	1	UID262240	1	1	0	0
1	1	UID262243	1	1	0	0
1	1	UID262262	1	1	0	0
1	1	UID262264	1	1	0	0
1	1	UID262277	1	1	0	0
1	1	UID262280	1	1	0	0
1	1	UID262301	1	1	0	0
1	1	UID262320	1	1	0	0
1	1	UID262387	1	1	0	0
1	1	UID262439	1	1	0	0
1	1	UID262465	1	1	0	0
1	1	UID262490	1	1	0	0
1	1	UID262504	1	1	0	0
1	1	UID262564	1	1	0	0
1	1	UID262572	1	1	0	0
1	1	UID262601	1	1	0	0
1	1	UID262670	1	1	0	0
1	1	UID262688	1	1	0	0
1	1	UID262722	1	1	0	0
1	1	UID262780	1	1	0	0
1	1	UID262837	1	1	0	0
1	1	UID262859	1	1	0	0
1	1	UID262877	1	1	0	0
1	1	UID262884	1	1	0	0
1	1	UID262895	1	1	0	0
1	1	UID262899	1	1	0	0
1	1	UID263014	1	1	0	0
1	1	UID263046	1	1	0	0
1	1	UID263055	1	1	0	0
1	1	UID263067	1	1	0	0
1	1	UID263074	1	1	0	0
1	1	UID263096	1	1	0	0
1	1	UID263149	1	1	0	0
1	1	UID263157	1	1	0	0
1	1	UID263176	1	1	0	0
1	1	UID263181	1	1	0	0
2	2	UID263204	1	2	1	1
1	1	UID263216	1	1	0	0
1	1	UID263222	1	1	0	0
1	1	UID263224	1	1	0	0
1	1	UID263229	1	1	0	0
1	1	UID263235	1	1	0	0
1	1	UID263247	1	1	0	0
1	1	UID263260	1	1	0	0
1	1	UID263349	1	1	0	0
1	1	UID263354	1	1	0	0
1	1	UID263394	1	1	0	0
1	1	UID263403	1	1	0	0
1	1	UID263429	1	1	0	0
1	1	UID263434	1	1	0	0
1	1	UID263440	1	1	0	0
1	1	UID263446	1	1	0	0
1	1	UID263450	1	1	0	0
1	1	UID263456	1	1	0	0
2	2	UID263479	1	2	1	1
1	1	UID263492	1	1	0	0
1	1	UID263516	1	1	0	0
1	1	UID263519	1	1	0	0
1	1	UID263520	1	1	0	0
1	1	UID263524	1	1	0	0
1	1	UID263528	1	1	0	0
1	1	UID263539	1	1	0	0
1	1	UID263541	1	1	0	0
1	1	UID263654	1	1	0	0
1	1	UID263658	1	1	0	0
1	1	UID263663	1	1	0	0
1	1	UID263668	1	1	0	0
1	1	UID263749	1	1	0	0
1	1	UID263752	1	1	0	0
1	1	UID263774	1	1	0	0
1	1	UID263783	1	1	0	0
1	1	UID263808	1	1	0	0
5	5	UID263814	1	5	1	1
1	1	UID263839	1	1	0	0
1	1	UID263851	1	1	0	0
1	1	UID263955	1	1	0	0
1	1	UID263960	1	1	0	0
1	1	UID263973	1	1	0	0
1	1	UID263992	1	1	0	0
1	1	UID264064	1	1	0	0
2	2	UID264139	1	2	1	1
1	1	UID264150	1	1	0	0
1	1	UID264269	1	1	0	0
1	1	UID264279	1	1	0	0
1	1	UID264309	1	1	0	0
1	1	UID264319	1	1	0	0
1	1	UID264348	1	1	0	0
1	1	UID264388	1	1	0	0
1	1	UID264406	1	1	0	0
1	1	UID264546	1	1	0	0
1	1	UID264596	1	1	0	0
1	1	UID264602	1	1	0	0
1	1	UID264604	1	1	0	0
1	1	UID264619	1	1	0	0
1	1	UID264673	1	1	0	0
1	1	UID264733	1	1	0	0
1	1	UID264778	1	1	0	0
1	1	UID264781	1	1	0	0
1	1	UID264785	1	1	0	0
1	1	UID264791	1	1	0	0
1	1	UID264792	1	1	0	0
1	1	UID264793	1	1	0	0
1	1	UID264820	1	1	0	0
1	1	UID264824	1	1	0	0
1	1	UID264831	1	1	0	0
1	1	UID264833	1	1	0	0
1	1	UID264835	1	1	0	0
1	1	UID264838	1	1	0	0
1	1	UID264839	1	1	0	0
1	1	UID264842	1	1	0	0
1	1	UID264859	1	1	0	0
1	1	UID264920	1	1	0	0
1	1	UID264954	1	1	0	0
1	1	UID264965	1	1	0	0
1	1	UID264966	1	1	0	0
1	1	UID265056	1	1	0	0
1	1	UID265082	1	1	0	0
1	1	UID265089	1	1	0	0
1	1	UID265092	1	1	0	0
1	1	UID265142	1	1	0	0
1	1	UID265208	1	1	0	0
1	1	UID265230	1	1	0	0
1	1	UID265319	1	1	0	0
1	1	UID265348	1	1	0	0
1	1	UID265383	1	1	0	0
1	1	UID265430	1	1	0	0
3	3	UID265440	1	3	2	2
1	1	UID265459	1	1	0	0
1	1	UID265496	1	1	0	0
1	1	UID265577	1	1	0	0
1	1	UID265589	1	1	0	0
1	1	UID265622	1	1	0	0
1	1	UID265644	1	1	0	0
1	1	UID265862	1	1	0	0
1	1	UID265881	1	1	0	0
1	1	UID265884	1	1	0	0
1	1	UID265888	1	1	0	0
1	1	UID265904	1	1	0	0
1	1	UID266055	1	1	0	0
1	1	UID266082	1	1	0	0
1	1	UID266087	1	1	0	0
1	1	UID266145	1	1	0	0
1	1	UID266147	1	1	0	0
1	1	UID266201	1	1	0	0
1	1	UID266216	1	1	0	0
1	1	UID266238	1	1	0	0
1	1	UID266262	1	1	0	0
1	1	UID266357	1	1	0	0
1	1	UID266370	1	1	0	0
1	1	UID266535	1	1	0	0
1	1	UID266623	1	1	0	0
1	1	UID266632	1	1	0	0
1	1	UID266673	1	1	0	0
1	1	UID266709	1	1	0	0
1	1	UID266770	1	1	0	0
1	1	UID266818	1	1	0	0
1	1	UID266827	1	1	0	0
1	1	UID266833	1	1	0	0
1	1	UID266834	1	1	0	0
1	1	UID266903	1	1	0	0
1	1	UID266904	1	1	0	0
1	1	UID266907	1	1	0	0
1	1	UID266908	1	1	0	0
1	1	UID266952	1	1	0	0
1	1	UID267001	1	1	0	0
1	1	UID267002	1	1	0	0
1	1	UID267003	1	1	0	0
1	1	UID267081	1	1	0	0
1	1	UID267125	1	1	0	0
1	1	UID267129	1	1	0	0
1	1	UID267208	1	1	0	0
1	1	UID267209	1	1	0	0
1	1	UID267219	1	1	0	0
1	1	UID267351	1	1	0	0
1	1	UID267384	1	1	0	0
1	1	UID267423	1	1	0	0
1	1	UID267448	1	1	0	0
1	1	UID267483	1	1	0	0
1	1	UID267610	1	1	0	0
1	1	UID267655	1	1	0	0
1	1	UID267664	1	1	0	0
1	1	UID267666	1	1	0	0
1	1	UID267673	1	1	0	0
1	1	UID267681	1	1	0	0
1	1	UID267696	1	1	0	0
1	1	UID267898	1	1	0	0
1	1	UID268041	1	1	0	0
1	1	UID268096	1	1	0	0
1	1	UID268178	1	1	0	0
1	1	UID268261	1	1	0	0
1	1	UID268262	1	1	0	0
1	1	UID268359	1	1	0	0
1	1	UID268397	1	1	0	0
1	1	UID268576	1	1	0	0
1	1	UID268723	1	1	0	0
1	1	UID268791	1	1	0	0
1	1	UID269047	1	1	0	0
1	1	UID269126	1	1	0	0
1	1	UID269158	1	1	0	0
1	1	UID269202	1	1	0	0
1	1	UID269203	1	1	0	0
1	1	UID269254	1	1	0	0
1	1	UID269260	1	1	0	0
1	1	UID269319	1	1	0	0
1	1	UID269342	1	1	0	0
1	1	UID269343	1	1	0	0
1	1	UID269352	1	1	0	0
1	1	UID269367	1	1	0	0
1	1	UID269430	1	1	0	0
1	1	UID269578	1	1	0	0
1	1	UID269617	1	1	0	0
1	1	UID269639	1	1	0	0
1	1	UID269676	1	1	0	0
1	1	UID269697	1	1	0	0
1	1	UID269874	1	1	0	0
1	1	UID269920	1	1	0	0
1	1	UID269922	1	1	0	0
1	1	UID269951	1	1	0	0
1	1	UID270001	1	1	0	0
1	1	UID270043	1	1	0	0
1	1	UID270121	1	1	0	0
1	1	UID270129	1	1	0	0
1	1	UID270181	1	1	0	0
1	1	UID270182	1	1	0	0
1	1	UID270219	1	1	0	0
1	1	UID270302	1	1	0	0
1	1	UID270317	1	1	0	0
1	1	UID270370	1	1	0	0
1	1	UID270371	1	1	0	0
1	1	UID270401	1	1	0	0
1	1	UID270446	1	1	0	0
1	1	UID270528	1	1	0	0
1	1	UID270585	1	1	0	0
1	1	UID270590	1	1	0	0
1	1	UID270635	1	1	0	0
1	1	UID270661	1	1	0	0
1	1	UID270680	1	1	0	0
1	1	UID270751	1	1	0	0
1	1	UID270844	1	1	0	0
1	1	UID270945	1	1	0	0
1	1	UID270949	1	1	0	0
1	1	UID270958	1	1	0	0
1	1	UID270963	1	1	0	0
1	1	UID270973	1	1	0	0
1	1	UID270974	1	1	0	0
1	1	UID270976	1	1	0	0
1	1	UID270988	1	1	0	0
1	1	UID270989	1	1	0	0
2	2	UID271002	1	2	1	1
1	1	UID271025	1	1	0	0
1	1	UID271089	1	1	0	0
1	1	UID271196	1	1	0	0
1	1	UID271201	1	1	0	0
1	1	UID271265	1	1	0	0
1	1	UID271278	1	1	0	0
1	1	UID271330	1	1	0	0
1	1	UID271369	1	1	0	0
1	1	UID271374	1	1	0	0
1	1	UID271412	1	1	0	0
1	1	UID271415	1	1	0	0
1	1	UID271416	1	1	0	0
1	1	UID271448	1	1	0	0
1	1	UID271450	1	1	0	0
1	1	UID271528	1	1	0	0
1	1	UID271541	1	1	0	0
1	1	UID271633	1	1	0	0
1	1	UID271652	1	1	0	0
1	1	UID271676	1	1	0	0
1	1	UID271691	1	1	0	0
1	1	UID271749	1	1	0	0
1	1	UID271953	1	1	0	0
1	1	UID271989	1	1	0	0
1	1	UID272025	1	1	0	0
1	1	UID272028	1	1	0	0
1	1	UID272123	1	1	0	0
1	1	UID272134	1	1	0	0
1	1	UID272172	1	1	0	0
1	1	UID272254	1	1	0	0
1	1	UID272255	1	1	0	0
1	1	UID272266	1	1	0	0
1	1	UID272375	1	1	0	0
1	1	UID272380	1	1	0	0
1	1	UID272393	1	1	0	0
1	1	UID272468	1	1	0	0
1	1	UID272469	1	1	0	0
1	1	UID272470	1	1	0	0
1	1	UID272506	1	1	0	0
1	1	UID272602	1	1	0	0
1	1	UID272630	1	1	0	0
1	1	UID272721	1	1	0	0
1	1	UID272726	1	1	0	0
1	1	UID272731	1	1	0	0
1	1	UID272741	1	1	0	0
1	1	UID272764	1	1	0	0
1	1	UID272768	1	1	0	0
1	1	UID272777	1	1	0	0
1	1	UID272787	1	1	0	0
1	1	UID272810	1	1	0	0
1	1	UID272838	1	1	0	0
1	1	UID273000	1	1	0	0
1	1	UID273022	1	1	0	0
1	1	UID273051	1	1	0	0
1	1	UID273052	1	1	0	0
1	1	UID273151	1	1	0	0
1	1	UID273153	1	1	0	0
1	1	UID273159	1	1	0	0
1	1	UID273174	1	1	0	0
1	1	UID273243	1	1	0	0
1	1	UID273250	1	1	0	0
1	1	UID273265	1	1	0	0
1	1	UID273302	1	1	0	0
1	1	UID273303	1	1	0	0
1	1	UID273312	1	1	0	0
1	1	UID273313	1	1	0	0
1	1	UID273314	1	1	0	0
1	1	UID273320	1	1	0	0
1	1	UID273324	1	1	0	0
1	1	UID273327	1	1	0	0
1	1	UID273343	1	1	0	0
1	1	UID273344	1	1	0	0
1	1	UID273348	1	1	0	0
1	1	UID273350	1	1	0	0
1	1	UID273357	1	1	0	0
1	1	UID273414	1	1	0	0
1	1	UID273435	1	1	0	0
1	1	UID273497	1	1	0	0
1	1	UID273516	1	1	0	0
1	1	UID273528	1	1	0	0
1	1	UID273557	1	1	0	0
1	1	UID273598	1	1	0	0
1	1	UID273665	1	1	0	0
1	1	UID273700	1	1	0	0
1	1	UID273732	1	1	0	0
1	1	UID273736	1	1	0	0
1	1	UID273742	1	1	0	0
1	1	UID273747	1	1	0	0
1	1	UID273753	1	1	0	0
1	1	UID273766	1	1	0	0
1	1	UID273771	1	1	0	0
1	1	UID273774	1	1	0	0
1	1	UID273780	1	1	0	0
1	1	UID273781	1	1	0	0
1	1	UID273796	1	1	0	0
1	1	UID273806	1	1	0	0
1	1	UID273808	1	1	0	0
1	1	UID273821	1	1	0	0
1	1	UID273822	1	1	0	0
1	1	UID273823	1	1	0	0
1	1	UID273829	1	1	0	0
1	1	UID273833	1	1	0	0
1	1	UID273834	1	1	0	0
1	1	UID273847	1	1	0	0
1	1	UID273850	1	1	0	0
1	1	UID273856	1	1	0	0
1	1	UID273907	1	1	0	0
1	1	UID273948	1	1	0	0
1	1	UID273949	1	1	0	0
1	1	UID273950	1	1	0	0
1	1	UID273971	1	1	0	0
1	1	UID273972	1	1	0	0
1	1	UID273986	1	1	0	0
1	1	UID274025	1	1	0	0
1	1	UID274034	1	1	0	0
1	1	UID274094	1	1	0	0
1	1	UID274105	1	1	0	0
1	1	UID274111	1	1	0	0
1	1	UID274150	1	1	0	0
1	1	UID274233	1	1	0	0
1	1	UID274253	1	1	0	0
1	1	UID274261	1	1	0	0
1	1	UID274262	1	1	0	0
1	1	UID274347	1	1	0	0
1	1	UID274353	1	1	0	0
1	1	UID274377	1	1	0	0
1	1	UID274396	1	1	0	0
1	1	UID274413	1	1	0	0
1	1	UID274427	1	1	0	0
1	1	UID274429	1	1	0	0
1	1	UID274430	1	1	0	0
1	1	UID274472	1	1	0	0
1	1	UID274501	1	1	0	0
1	1	UID274502	1	1	0	0
1	1	UID274506	1	1	0	0
1	1	UID274552	1	1	0	0
1	1	UID274561	1	1	0	0
1	1	UID274568	1	1	0	0
1	1	UID274577	1	1	0	0
1	1	UID274578	1	1	0	0
1	1	UID274579	1	1	0	0
1	1	UID274587	1	1	0	0
1	1	UID274589	1	1	0	0
1	1	UID274695	1	1	0	0
1	1	UID274721	1	1	0	0
1	1	UID274724	1	1	0	0
1	1	UID274730	1	1	0	0
1	1	UID274732	1	1	0	0
1	1	UID274752	1	1	0	0
1	1	UID274846	1	1	0	0
1	1	UID274934	1	1	0	0
1	1	UID274953	1	1	0	0
1	1	UID274958	1	1	0	0
1	1	UID274959	1	1	0	0
1	1	UID274968	1	1	0	0
1	1	UID274974	1	1	0	0
1	1	UID274990	1	1	0	0
1	1	UID274998	1	1	0	0
1	1	UID275004	1	1	0	0
1	1	UID275005	1	1	0	0
1	1	UID275006	1	1	0	0
1	1	UID275008	1	1	0	0
1	1	UID275020	1	1	0	0
1	1	UID275021	1	1	0	0
1	1	UID275038	1	1	0	0
1	1	UID275045	1	1	0	0
1	1	UID275151	1	1	0	0
1	1	UID275154	1	1	0	0
1	1	UID275166	1	1	0	0
1	1	UID275168	1	1	0	0
1	1	UID275191	1	1	0	0
1	1	UID275210	1	1	0	0
1	1	UID275220	1	1	0	0
1	1	UID275221	1	1	0	0
1	1	UID275223	1	1	0	0
1	1	UID275224	1	1	0	0
1	1	UID275234	1	1	0	0
1	1	UID275235	1	1	0	0
1	1	UID275317	1	1	0	0
1	1	UID275322	1	1	0	0
1	1	UID275332	1	1	0	0
1	1	UID275342	1	1	0	0
1	1	UID275343	1	1	0	0
1	1	UID275346	1	1	0	0
1	1	UID275362	1	1	0	0
1	1	UID275366	1	1	0	0
1	1	UID275374	1	1	0	0
1	1	UID275398	1	1	0	0
1	1	UID275409	1	1	0	0
1	1	UID275474	1	1	0	0
1	1	UID275475	1	1	0	0
1	1	UID275485	1	1	0	0
1	1	UID275489	1	1	0	0
1	1	UID275512	1	1	0	0
1	1	UID275553	1	1	0	0
1	1	UID275554	1	1	0	0
1	1	UID275632	1	1	0	0
1	1	UID275637	1	1	0	0
1	1	UID275648	1	1	0	0
1	1	UID275651	1	1	0	0
1	1	UID275653	1	1	0	0
1	1	UID275654	1	1	0	0
1	1	UID275659	1	1	0	0
1	1	UID275682	1	1	0	0
1	1	UID275684	1	1	0	0
1	1	UID275685	1	1	0	0
1	1	UID275686	1	1	0	0
1	1	UID275700	1	1	0	0
1	1	UID275701	1	1	0	0
1	1	UID275704	1	1	0	0
1	1	UID275740	1	1	0	0
1	1	UID275749	1	1	0	0
1	1	UID275821	1	1	0	0
1	1	UID275836	1	1	0	0
1	1	UID275838	1	1	0	0
1	1	UID275847	1	1	0	0
1	1	UID275900	1	1	0	0
1	1	UID275914	1	1	0	0
1	1	UID275965	1	1	0	0
1	1	UID275983	1	1	0	0
1	1	UID276071	1	1	0	0
2	2	UID276072	1	2	1	1
1	1	UID276084	1	1	0	0
1	1	UID276103	1	1	0	0
1	1	UID276107	1	1	0	0
1	1	UID276117	1	1	0	0
1	1	UID276121	1	1	0	0
1	1	UID276126	1	1	0	0
1	1	UID276145	1	1	0	0
1	1	UID276151	1	1	0	0
1	1	UID276208	1	1	0	0
1	1	UID276212	1	1	0	0
1	1	UID276220	1	1	0	0
1	1	UID276245	1	1	0	0
1	1	UID276248	1	1	0	0
1	1	UID276252	1	1	0	0
1	1	UID276257	1	1	0	0
1	1	UID276258	1	1	0	0
1	1	UID276260	1	1	0	0
1	1	UID276275	1	1	0	0
1	1	UID276289	1	1	0	0
1	1	UID276291	1	1	0	0
1	1	UID276292	1	1	0	0
1	1	UID276298	1	1	0	0
1	1	UID276300	1	1	0	0
1	1	UID276302	1	1	0	0
1	1	UID276305	1	1	0	0
1	1	UID276308	1	1	0	0
1	1	UID276309	1	1	0	0
1	1	UID276310	1	1	0	0
1	1	UID276311	1	1	0	0
1	1	UID276312	1	1	0	0
1	1	UID276319	1	1	0	0
1	1	UID276331	1	1	0	0
1	1	UID276334	1	1	0	0
1	1	UID276341	1	1	0	0
1	1	UID276345	1	1	0	0
1	1	UID276346	1	1	0	0
1	1	UID276352	1	1	0	0
1	1	UID276384	1	1	0	0
1	1	UID276463	1	1	0	0
1	1	UID276482	1	1	0	0
1	1	UID276502	1	1	0	0
1	1	UID276511	1	1	0	0
1	1	UID276533	1	1	0	0
1	1	UID276542	1	1	0	0
1	1	UID276543	1	1	0	0
1	1	UID276544	1	1	0	0
1	1	UID276563	1	1	0	0
1	1	UID276565	1	1	0	0
1	1	UID276569	1	1	0	0
1	1	UID276573	1	1	0	0
1	1	UID276574	1	1	0	0
1	1	UID276587	1	1	0	0
1	1	UID276597	1	1	0	0
1	1	UID276611	1	1	0	0
1	1	UID276615	1	1	0	0
1	1	UID276702	1	1	0	0
1	1	UID276710	1	1	0	0
1	1	UID276719	1	1	0	0
1	1	UID276721	1	1	0	0
1	1	UID276746	1	1	0	0
1	1	UID276753	1	1	0	0
1	1	UID276758	1	1	0	0
1	1	UID276760	1	1	0	0
1	1	UID276763	1	1	0	0
1	1	UID276777	1	1	0	0
1	1	UID276828	1	1	0	0
1	1	UID276832	1	1	0	0
1	1	UID276846	1	1	0	0
1	1	UID276867	1	1	0	0
1	1	UID276872	1	1	0	0
1	1	UID276875	1	1	0	0
1	1	UID276903	1	1	0	0
1	1	UID276907	1	1	0	0
1	1	UID276931	1	1	0	0
1	1	UID276936	1	1	0	0
1	1	UID276943	1	1	0	0
1	1	UID276951	1	1	0	0
1	1	UID276956	1	1	0	0
1	1	UID276963	1	1	0	0
1	1	UID276990	1	1	0	0
1	1	UID277002	1	1	0	0
1	1	UID277013	1	1	0	0
1	1	UID277053	1	1	0	0
1	1	UID277070	1	1	0	0
1	1	UID277073	1	1	0	0
1	1	UID277079	1	1	0	0
1	1	UID277081	1	1	0	0
1	1	UID277084	1	1	0	0
1	1	UID277096	1	1	0	0
1	1	UID277115	1	1	0	0
1	1	UID277116	1	1	0	0
1	1	UID277154	1	1	0	0
1	1	UID277167	1	1	0	0
1	1	UID277209	1	1	0	0
1	1	UID277250	1	1	0	0
1	1	UID277288	1	1	0	0
1	1	UID277298	1	1	0	0
1	1	UID277357	1	1	0	0
1	1	UID277376	1	1	0	0
1	1	UID277393	1	1	0	0
1	1	UID277399	1	1	0	0
1	1	UID277485	1	1	0	0
1	1	UID277499	1	1	0	0
1	1	UID277515	1	1	0	0
1	1	UID277517	1	1	0	0
1	1	UID277537	1	1	0	0
1	1	UID277555	1	1	0	0
1	1	UID277611	1	1	0	0
1	1	UID277656	1	1	0	0
1	1	UID277673	1	1	0	0
1	1	UID277674	1	1	0	0
1	1	UID277684	1	1	0	0
1	1	UID277690	1	1	0	0
1	1	UID277701	1	1	0	0
1	1	UID277712	1	1	0	0
1	1	UID277718	1	1	0	0
1	1	UID277770	1	1	0	0
1	1	UID277811	1	1	0	0
1	1	UID277855	1	1	0	0
1	1	UID277918	1	1	0	0
1	1	UID277932	1	1	0	0
1	1	UID277999	1	1	0	0
1	1	UID278012	1	1	0	0
1	1	UID278026	1	1	0	0
1	1	UID278032	1	1	0	0
1	1	UID278037	1	1	0	0
1	1	UID278053	1	1	0	0
1	1	UID278062	1	1	0	0
1	1	UID278064	1	1	0	0
1	1	UID278074	1	1	0	0
1	1	UID278099	1	1	0	0
1	1	UID278109	1	1	0	0
1	1	UID278111	1	1	0	0
1	1	UID278114	1	1	0	0
1	1	UID278115	1	1	0	0
1	1	UID278121	1	1	0	0
1	1	UID278126	1	1	0	0
1	1	UID278130	1	1	0	0
1	1	UID278132	1	1	0	0
1	1	UID278167	1	1	0	0
1	1	UID278168	1	1	0	0
1	1	UID278177	1	1	0	0
1	1	UID278181	1	1	0	0
1	1	UID278182	1	1	0	0
1	1	UID278188	1	1	0	0
1	1	UID278189	1	1	0	0
1	1	UID278192	1	1	0	0
1	1	UID278194	1	1	0	0
1	1	UID278195	1	1	0	0
1	1	UID278200	1	1	0	0
1	1	UID278201	1	1	0	0
1	1	UID278208	1	1	0	0
1	1	UID278229	1	1	0	0
1	1	UID278245	1	1	0	0
1	1	UID278253	1	1	0	0
1	1	UID278259	1	1	0	0
1	1	UID278275	1	1	0	0
1	1	UID278286	1	1	0	0
1	1	UID278295	1	1	0	0
1	1	UID278298	1	1	0	0
1	1	UID278373	1	1	0	0
1	1	UID278377	1	1	0	0
1	1	UID278403	1	1	0	0
1	1	UID278433	1	1	0	0
1	1	UID278462	1	1	0	0
1	1	UID278491	1	1	0	0
1	1	UID278498	1	1	0	0
1	1	UID278503	1	1	0	0
1	1	UID278506	1	1	0	0
1	1	UID278508	1	1	0	0
1	1	UID278530	1	1	0	0
1	1	UID278554	1	1	0	0
1	1	UID278560	1	1	0	0
1	1	UID278593	1	1	0	0
1	1	UID278607	1	1	0	0
1	1	UID278626	1	1	0	0
1	1	UID278640	1	1	0	0
1	1	UID278659	1	1	0	0
1	1	UID278664	1	1	0	0
1	1	UID278725	1	1	0	0
1	1	UID278732	1	1	0	0
1	1	UID278735	1	1	0	0
1	1	UID278736	1	1	0	0
1	1	UID278737	1	1	0	0
1	1	UID278740	1	1	0	0
1	1	UID278744	1	1	0	0
1	1	UID278747	1	1	0	0
1	1	UID278753	1	1	0	0
1	1	UID278788	1	1	0	0
1	1	UID278789	1	1	0	0
1	1	UID278791	1	1	0	0
1	1	UID278794	1	1	0	0
1	1	UID278798	1	1	0	0
1	1	UID278800	1	1	0	0
1	1	UID278801	1	1	0	0
1	1	UID278802	1	1	0	0
1	1	UID278811	1	1	0	0
1	1	UID278831	1	1	0	0
1	1	UID278857	1	1	0	0
1	1	UID278866	1	1	0	0
1	1	UID278900	1	1	0	0
1	1	UID278950	1	1	0	0
1	1	UID278964	1	1	0	0
1	1	UID278965	1	1	0	0
1	1	UID279008	1	1	0	0
1	1	UID279019	1	1	0	0
1	1	UID279033	1	1	0	0
1	1	UID279046	1	1	0	0
1	1	UID279053	1	1	0	0
1	1	UID279054	1	1	0	0
1	1	UID279062	1	1	0	0
1	1	UID279063	1	1	0	0
1	1	UID279188	1	1	0	0
1	1	UID279203	1	1	0	0
1	1	UID279223	1	1	0	0
1	1	UID279230	1	1	0	0
1	1	UID279233	1	1	0	0
1	1	UID279235	1	1	0	0
1	1	UID279237	1	1	0	0
1	1	UID279240	1	1	0	0
1	1	UID279241	1	1	0	0
1	1	UID279263	1	1	0	0
1	1	UID279267	1	1	0	0
1	1	UID279274	1	1	0	0
1	1	UID279275	1	1	0	0
1	1	UID279276	1	1	0	0
1	1	UID279277	1	1	0	0
1	1	UID279278	1	1	0	0
1	1	UID279282	1	1	0	0
1	1	UID279293	1	1	0	0
1	1	UID279299	1	1	0	0
1	1	UID279300	1	1	0	0
1	1	UID279303	1	1	0	0
1	1	UID279311	1	1	0	0
1	1	UID279330	1	1	0	0
1	1	UID279333	1	1	0	0
1	1	UID279350	1	1	0	0
1	1	UID279423	1	1	0	0
1	1	UID279463	1	1	0	0
1	1	UID279478	1	1	0	0
1	1	UID279479	1	1	0	0
1	1	UID279499	1	1	0	0
1	1	UID279504	1	1	0	0
1	1	UID279505	1	1	0	0
1	1	UID279520	1	1	0	0
1	1	UID279523	1	1	0	0
1	1	UID279535	1	1	0	0
1	1	UID279546	1	1	0	0
1	1	UID279549	1	1	0	0
1	1	UID279583	1	1	0	0
1	1	UID279630	1	1	0	0
1	1	UID279651	1	1	0	0
1	1	UID279666	1	1	0	0
1	1	UID279670	1	1	0	0
1	1	UID279696	1	1	0	0
2	2	UID279698	1	2	1	1
1	1	UID279710	1	1	0	0
1	1	UID279771	1	1	0	0
1	1	UID279800	1	1	0	0
1	1	UID279804	1	1	0	0
1	1	UID279808	1	1	0	0
1	1	UID279827	1	1	0	0
1	1	UID279897	1	1	0	0
1	1	UID279908	1	1	0	0
1	1	UID279916	1	1	0	0
1	1	UID279941	1	1	0	0
1	1	UID279953	1	1	0	0
1	1	UID279972	1	1	0	0
1	1	UID279974	1	1	0	0
1	1	UID279975	1	1	0	0
1	1	UID279982	1	1	0	0
1	1	UID279984	1	1	0	0
1	1	UID279988	1	1	0	0
1	1	UID279990	1	1	0	0
1	1	UID279991	1	1	0	0
1	1	UID280012	1	1	0	0
1	1	UID280013	1	1	0	0
1	1	UID280015	1	1	0	0
1	1	UID280016	1	1	0	0
1	1	UID280019	1	1	0	0
1	1	UID280020	1	1	0	0
1	1	UID280021	1	1	0	0
1	1	UID280025	1	1	0	0
1	1	UID280026	1	1	0	0
1	1	UID280028	1	1	0	0
1	1	UID280031	1	1	0	0
1	1	UID280041	1	1	0	0
1	1	UID280056	1	1	0	0
1	1	UID280066	1	1	0	0
1	1	UID280075	1	1	0	0
1	1	UID280163	1	1	0	0
1	1	UID280198	1	1	0	0
1	1	UID280199	1	1	0	0
1	1	UID280220	1	1	0	0
1	1	UID280226	1	1	0	0
1	1	UID280236	1	1	0	0
1	1	UID280266	1	1	0	0
1	1	UID280317	1	1	0	0
1	1	UID280381	1	1	0	0
1	1	UID280386	1	1	0	0
1	1	UID280399	1	1	0	0
1	1	UID280404	1	1	0	0
1	1	UID280421	1	1	0	0
1	1	UID280428	1	1	0	0
1	1	UID280430	1	1	0	0
1	1	UID280439	1	1	0	0
1	1	UID280441	1	1	0	0
2	2	UID280446	1	2	1	1
1	1	UID280448	1	1	0	0
2	2	UID280455	1	2	1	1
1	1	UID280458	1	1	0	0
1	1	UID280491	1	1	0	0
1	1	UID280499	1	1	0	0
1	1	UID280536	1	1	0	0
1	1	UID280550	1	1	0	0
1	1	UID280567	1	1	0	0
1	1	UID280577	1	1	0	0
1	1	UID280591	1	1	0	0
1	1	UID280594	1	1	0	0
1	1	UID280607	1	1	0	0
1	1	UID280610	1	1	0	0
1	1	UID280613	1	1	0	0
1	1	UID280635	1	1	0	0
1	1	UID280637	1	1	0	0
1	1	UID280638	1	1	0	0
1	1	UID280649	1	1	0	0
1	1	UID280654	1	1	0	0
1	1	UID280657	1	1	0	0
1	1	UID280664	1	1	0	0
1	1	UID280678	1	1	0	0
1	1	UID280760	1	1	0	0
1	1	UID280765	1	1	0	0
1	1	UID280790	1	1	0	0
1	1	UID280800	1	1	0	0
1	1	UID280803	1	1	0	0
1	1	UID280807	1	1	0	0
1	1	UID280808	1	1	0	0
1	1	UID280814	1	1	0	0
1	1	UID280816	1	1	0	0
1	1	UID280818	1	1	0	0
1	1	UID280826	1	1	0	0
1	1	UID280835	1	1	0	0
1	1	UID280840	1	1	0	0
1	1	UID280857	1	1	0	0
1	1	UID280868	1	1	0	0
1	1	UID280901	1	1	0	0
1	1	UID281045	1	1	0	0
1	1	UID281050	1	1	0	0
1	1	UID281053	1	1	0	0
1	1	UID281064	1	1	0	0
1	1	UID281084	1	1	0	0
1	1	UID281097	1	1	0	0
1	1	UID281100	1	1	0	0
1	1	UID281103	1	1	0	0
1	1	UID281105	1	1	0	0
1	1	UID281106	1	1	0	0
1	1	UID281113	1	1	0	0
1	1	UID281115	1	1	0	0
1	1	UID281123	1	1	0	0
1	1	UID281127	1	1	0	0
1	1	UID281131	1	1	0	0
1	1	UID281145	1	1	0	0
1	1	UID281277	1	1	0	0
1	1	UID281283	1	1	0	0
1	1	UID281285	1	1	0	0
1	1	UID281293	1	1	0	0
1	1	UID281308	1	1	0	0
1	1	UID281310	1	1	0	0
1	1	UID281342	1	1	0	0
1	1	UID281345	1	1	0	0
1	1	UID281347	1	1	0	0
1	1	UID281352	1	1	0	0
1	1	UID281362	1	1	0	0
1	1	UID281364	1	1	0	0
1	1	UID281377	1	1	0	0
1	1	UID281380	1	1	0	0
1	1	UID281401	1	1	0	0
2	2	UID281408	1	2	1	1
1	1	UID281414	1	1	0	0
1	1	UID281492	1	1	0	0
1	1	UID281508	1	1	0	0
1	1	UID281522	1	1	0	0
1	1	UID281544	1	1	0	0
1	1	UID281551	1	1	0	0
1	1	UID281558	1	1	0	0
1	1	UID281559	1	1	0	0
1	1	UID281575	1	1	0	0
1	1	UID281584	1	1	0	0
1	1	UID281585	1	1	0	0
1	1	UID281587	1	1	0	0
1	1	UID281592	1	1	0	0
1	1	UID281593	1	1	0	0
1	1	UID281595	1	1	0	0
1	1	UID281596	1	1	0	0
1	1	UID281599	1	1	0	0
1	1	UID281600	1	1	0	0
1	1	UID281604	1	1	0	0
1	1	UID281615	1	1	0	0
1	1	UID281616	1	1	0	0
1	1	UID281617	1	1	0	0
1	1	UID281619	1	1	0	0
1	1	UID281655	1	1	0	0
1	1	UID281669	1	1	0	0
1	1	UID281685	1	1	0	0
1	1	UID281697	1	1	0	0
1	1	UID281699	1	1	0	0
1	1	UID281738	1	1	0	0
1	1	UID281762	1	1	0	0
1	1	UID281764	1	1	0	0
1	1	UID281787	1	1	0	0
1	1	UID281795	1	1	0	0
1	1	UID281806	1	1	0	0
1	1	UID281811	1	1	0	0
1	1	UID281812	1	1	0	0
1	1	UID281832	1	1	0	0
1	1	UID281833	1	1	0	0
1	1	UID281835	1	1	0	0
1	1	UID281846	1	1	0	0
1	1	UID281848	1	1	0	0
1	1	UID281874	1	1	0	0
1	1	UID281875	1	1	0	0
1	1	UID281882	1	1	0	0
1	1	UID281889	1	1	0	0
1	1	UID281892	1	1	0	0
1	1	UID281906	1	1	0	0
1	1	UID281912	1	1	0	0
1	1	UID282002	1	1	0	0
1	1	UID282005	1	1	0	0
1	1	UID282025	1	1	0	0
1	1	UID282029	1	1	0	0
1	1	UID282041	1	1	0	0
1	1	UID282059	1	1	0	0
1	1	UID282061	1	1	0	0
1	1	UID282063	1	1	0	0
1	1	UID282070	1	1	0	0
1	1	UID282090	1	1	0	0
1	1	UID282096	1	1	0	0
1	1	UID282099	1	1	0	0
1	1	UID282100	1	1	0	0
1	1	UID282108	1	1	0	0
1	1	UID282122	1	1	0	0
1	1	UID282125	1	1	0	0
1	1	UID282126	1	1	0	0
1	1	UID282150	1	1	0	0
1	1	UID282206	1	1	0	0
1	1	UID282226	1	1	0	0
1	1	UID282255	1	1	0	0
1	1	UID282277	1	1	0	0
1	1	UID282286	1	1	0	0
1	1	UID282298	1	1	0	0
1	1	UID282303	1	1	0	0
1	1	UID282308	1	1	0	0
1	1	UID282312	1	1	0	0
1	1	UID282314	1	1	0	0
1	1	UID282315	1	1	0	0
1	1	UID282339	1	1	0	0
1	1	UID282403	1	1	0	0
1	1	UID282430	1	1	0	0
1	1	UID282432	1	1	0	0
1	1	UID282436	1	1	0	0
1	1	UID282463	1	1	0	0
1	1	UID282473	1	1	0	0
1	1	UID282480	1	1	0	0
1	1	UID282486	1	1	0	0
1	1	UID282511	1	1	0	0
1	1	UID282521	1	1	0	0
1	1	UID282538	1	1	0	0
1	1	UID282558	1	1	0	0
1	1	UID282566	1	1	0	0
1	1	UID282626	1	1	0	0
1	1	UID282631	1	1	0	0
1	1	UID282634	1	1	0	0
1	1	UID282643	1	1	0	0
1	1	UID282651	1	1	0	0
1	1	UID282652	1	1	0	0
1	1	UID282657	1	1	0	0
1	1	UID282660	1	1	0	0
1	1	UID282669	1	1	0	0
1	1	UID282672	1	1	0	0
1	1	UID282681	1	1	0	0
1	1	UID282687	1	1	0	0
1	1	UID282714	1	1	0	0
1	1	UID282764	1	1	0	0
1	1	UID282767	1	1	0	0
1	1	UID282769	1	1	0	0
1	1	UID282778	1	1	0	0
1	1	UID282792	1	1	0	0
1	1	UID282799	1	1	0	0
1	1	UID282805	1	1	0	0
1	1	UID282806	1	1	0	0
1	1	UID282825	1	1	0	0
1	1	UID282827	1	1	0	0
1	1	UID282831	1	1	0	0
1	1	UID282850	1	1	0	0
1	1	UID282853	1	1	0	0
1	1	UID282864	1	1	0	0
1	1	UID282865	1	1	0	0
1	1	UID282866	1	1	0	0
1	1	UID282868	1	1	0	0
1	1	UID282876	1	1	0	0
1	1	UID282881	1	1	0	0
1	1	UID282884	1	1	0	0
1	1	UID282885	1	1	0	0
1	1	UID282896	1	1	0	0
1	1	UID282901	1	1	0	0
1	1	UID282955	1	1	0	0
1	1	UID282980	1	1	0	0
1	1	UID282995	1	1	0	0
1	1	UID283006	1	1	0	0
1	1	UID283018	1	1	0	0
1	1	UID283022	1	1	0	0
1	1	UID283023	1	1	0	0
1	1	UID283024	1	1	0	0
1	1	UID283025	1	1	0	0
1	1	UID283026	1	1	0	0
1	1	UID283027	1	1	0	0
1	1	UID283028	1	1	0	0
1	1	UID283029	1	1	0	0
1	1	UID283030	1	1	0	0
1	1	UID283044	1	1	0	0
1	1	UID283045	1	1	0	0
1	1	UID283047	1	1	0	0
1	1	UID283051	1	1	0	0
1	1	UID283053	1	1	0	0
1	1	UID283088	1	1	0	0
1	1	UID283093	1	1	0	0
1	1	UID283104	1	1	0	0
1	1	UID283117	1	1	0	0
1	1	UID283126	1	1	0	0
1	1	UID283128	1	1	0	0
1	1	UID283129	1	1	0	0
1	1	UID283136	1	1	0	0
1	1	UID283137	1	1	0	0
1	1	UID283187	1	1	0	0
1	1	UID283193	1	1	0	0
1	1	UID283290	1	1	0	0
1	1	UID283302	1	1	0	0
1	1	UID283333	1	1	0	0
1	1	UID283336	1	1	0	0
1	1	UID283343	1	1	0	0
1	1	UID283350	1	1	0	0
1	1	UID283351	1	1	0	0
1	1	UID283363	1	1	0	0
1	1	UID283366	1	1	0	0
1	1	UID283374	1	1	0	0
1	1	UID283377	1	1	0	0
1	1	UID283399	1	1	0	0
1	1	UID283401	1	1	0	0
1	1	UID283404	1	1	0	0
1	1	UID283406	1	1	0	0
1	1	UID283407	1	1	0	0
1	1	UID283413	1	1	0	0
1	1	UID283426	1	1	0	0
1	1	UID283432	1	1	0	0
1	1	UID283446	1	1	0	0
1	1	UID283450	1	1	0	0
1	1	UID283460	1	1	0	0
1	1	UID283466	1	1	0	0
1	1	UID283468	1	1	0	0
1	1	UID283477	1	1	0	0
1	1	UID283482	1	1	0	0
1	1	UID37510	1	1	0	0
5	6	UID45137	1	4	2	2
2	2	UID48380	1	2	1	1
1	1	UID48389	1	1	0	0
1	1	UID61211	1	1	0	0
1	1	UID7752	1	1	0	0
1	1	UID7831	1	1	0	0
