316	697	UID519	323	265	2	2
272	543	UID166	197	237	5	5
92	195	UID1369	97	85	2	2
39	81	UID150590	42	37	2	2
56	103	UID240583	37	49	3	3
67	108	UID49440	28	61	3	3
80	129	UID30589	27	77	3	3
34	66	UID324382	23	30	2	2
23	37	UID231678	14	21	3	3
35	46	UID608	10	32	2	2
10	18	UID324384	8	8	1	1
19	23	UID317973	5	18	2	2
13	18	UID985	5	11	2	2
4	6	UID172859	3	3	0	0
3	5	UID248269	3	2	1	1
7	9	UID324386	3	6	2	2
2	4	UID62227	3	1	0	0
10	13	UID12510	2	7	3	3
6	7	UID283494	2	5	1	1
12	14	UID317972	2	10	1	1
4	5	UID324404	2	3	1	1
5	6	UID380	2	4	2	2
4	5	UID61211	2	3	1	1
1	2	UID8077	2	0	0	0
1	1	UID101342	1	1	0	0
1	1	UID101542	1	1	0	0
1	1	UID115390	1	1	0	0
4	4	UID120006	1	4	2	2
1	1	UID128599	1	1	0	0
1	1	UID128735	1	1	0	0
2	2	UID151412	1	2	1	1
1	1	UID157971	1	1	0	0
1	1	UID174276	1	1	0	0
1	1	UID19343	1	1	0	0
1	1	UID199139	1	1	0	0
2	2	UID215767	1	2	1	1
2	2	UID217605	1	2	1	1
1	1	UID220	1	1	0	0
1	1	UID239195	1	1	0	0
1	1	UID289	1	1	0	0
9	9	UID292074	1	9	2	2
1	1	UID324416	1	1	0	0
1	1	UID324418	1	1	0	0
1	1	UID324425	1	1	0	0
1	1	UID324428	1	1	0	0
1	1	UID324434	1	1	0	0
1	1	UID324437	1	1	0	0
1	1	UID324440	1	1	0	0
1	1	UID324444	1	1	0	0
1	1	UID324449	1	1	0	0
1	1	UID324453	1	1	0	0
1	1	UID324459	1	1	0	0
1	1	UID324460	1	1	0	0
1	1	UID324461	1	1	0	0
1	1	UID324464	1	1	0	0
1	1	UID324470	1	1	0	0
1	1	UID324473	1	1	0	0
1	1	UID324474	1	1	0	0
1	1	UID324477	1	1	0	0
1	1	UID324480	1	1	0	0
1	1	UID324483	1	1	0	0
1	1	UID324486	1	1	0	0
1	1	UID324493	1	1	0	0
1	1	UID324494	1	1	0	0
1	1	UID324497	1	1	0	0
1	1	UID324498	1	1	0	0
1	1	UID324499	1	1	0	0
1	1	UID324502	1	1	0	0
1	1	UID324504	1	1	0	0
1	1	UID324508	1	1	0	0
1	1	UID324509	1	1	0	0
1	1	UID324514	1	1	0	0
1	1	UID324516	1	1	0	0
1	1	UID324528	1	1	0	0
1	1	UID324529	1	1	0	0
1	1	UID324530	1	1	0	0
1	1	UID324535	1	1	0	0
1	1	UID324552	1	1	0	0
1	1	UID324557	1	1	0	0
1	1	UID324564	1	1	0	0
1	1	UID324566	1	1	0	0
1	1	UID324577	1	1	0	0
1	1	UID324578	1	1	0	0
1	1	UID324581	1	1	0	0
1	1	UID324611	1	1	0	0
1	1	UID324615	1	1	0	0
1	1	UID324616	1	1	0	0
1	1	UID324617	1	1	0	0
1	1	UID324631	1	1	0	0
1	1	UID324635	1	1	0	0
1	1	UID324637	1	1	0	0
1	1	UID324641	1	1	0	0
1	1	UID324656	1	1	0	0
1	1	UID324659	1	1	0	0
1	1	UID324666	1	1	0	0
1	1	UID324678	1	1	0	0
1	1	UID324683	1	1	0	0
1	1	UID324687	1	1	0	0
1	1	UID324689	1	1	0	0
1	1	UID324693	1	1	0	0
1	1	UID324699	1	1	0	0
1	1	UID324701	1	1	0	0
1	1	UID324702	1	1	0	0
1	1	UID324709	1	1	0	0
1	1	UID324712	1	1	0	0
1	1	UID324714	1	1	0	0
1	1	UID324717	1	1	0	0
1	1	UID324719	1	1	0	0
1	1	UID324720	1	1	0	0
1	1	UID324722	1	1	0	0
1	1	UID324723	1	1	0	0
1	1	UID324726	1	1	0	0
1	1	UID324728	1	1	0	0
1	1	UID324732	1	1	0	0
1	1	UID324734	1	1	0	0
1	1	UID324735	1	1	0	0
1	1	UID324738	1	1	0	0
1	1	UID324739	1	1	0	0
1	1	UID324744	1	1	0	0
1	1	UID324745	1	1	0	0
1	1	UID324746	1	1	0	0
1	1	UID324747	1	1	0	0
1	1	UID324748	1	1	0	0
1	1	UID324749	1	1	0	0
1	1	UID324756	1	1	0	0
1	1	UID324763	1	1	0	0
1	1	UID324764	1	1	0	0
1	1	UID324773	1	1	0	0
1	1	UID324779	1	1	0	0
1	1	UID324780	1	1	0	0
1	1	UID324783	1	1	0	0
2	2	UID324784	1	2	1	1
1	1	UID324785	1	1	0	0
1	1	UID324789	1	1	0	0
1	1	UID324790	1	1	0	0
1	1	UID324791	1	1	0	0
1	1	UID324793	1	1	0	0
1	1	UID324800	1	1	0	0
1	1	UID324801	1	1	0	0
1	1	UID324802	1	1	0	0
1	1	UID324813	1	1	0	0
1	1	UID324822	1	1	0	0
1	1	UID324855	1	1	0	0
1	1	UID324859	1	1	0	0
1	1	UID324865	1	1	0	0
1	1	UID324887	1	1	0	0
1	1	UID324890	1	1	0	0
1	1	UID324894	1	1	0	0
1	1	UID324897	1	1	0	0
1	1	UID324908	1	1	0	0
1	1	UID324910	1	1	0	0
1	1	UID324911	1	1	0	0
1	1	UID324912	1	1	0	0
1	1	UID324913	1	1	0	0
1	1	UID324915	1	1	0	0
1	1	UID324916	1	1	0	0
1	1	UID324920	1	1	0	0
1	1	UID324921	1	1	0	0
1	1	UID324930	1	1	0	0
1	1	UID324933	1	1	0	0
1	1	UID324939	1	1	0	0
1	1	UID324943	1	1	0	0
1	1	UID324950	1	1	0	0
1	1	UID324952	1	1	0	0
1	1	UID324955	1	1	0	0
1	1	UID324957	1	1	0	0
1	1	UID324958	1	1	0	0
2	2	UID324960	1	2	1	1
1	1	UID324961	1	1	0	0
1	1	UID324967	1	1	0	0
1	1	UID324969	1	1	0	0
1	1	UID324973	1	1	0	0
1	1	UID324980	1	1	0	0
1	1	UID324982	1	1	0	0
1	1	UID324984	1	1	0	0
1	1	UID324985	1	1	0	0
1	1	UID324986	1	1	0	0
2	2	UID324987	1	2	1	1
1	1	UID324989	1	1	0	0
1	1	UID324991	1	1	0	0
1	1	UID324992	1	1	0	0
1	1	UID324993	1	1	0	0
1	1	UID324994	1	1	0	0
1	1	UID324996	1	1	0	0
1	1	UID324997	1	1	0	0
1	1	UID325000	1	1	0	0
1	1	UID325002	1	1	0	0
1	1	UID325007	1	1	0	0
1	1	UID325009	1	1	0	0
1	1	UID325013	1	1	0	0
1	1	UID325015	1	1	0	0
1	1	UID325016	1	1	0	0
1	1	UID325020	1	1	0	0
1	1	UID325022	1	1	0	0
1	1	UID325024	1	1	0	0
1	1	UID325028	1	1	0	0
1	1	UID325031	1	1	0	0
1	1	UID325034	1	1	0	0
1	1	UID325035	1	1	0	0
1	1	UID325037	1	1	0	0
1	1	UID325038	1	1	0	0
1	1	UID325040	1	1	0	0
1	1	UID325041	1	1	0	0
1	1	UID325044	1	1	0	0
1	1	UID325045	1	1	0	0
1	1	UID325046	1	1	0	0
1	1	UID325048	1	1	0	0
1	1	UID325049	1	1	0	0
1	1	UID325051	1	1	0	0
1	1	UID325052	1	1	0	0
1	1	UID325053	1	1	0	0
1	1	UID325054	1	1	0	0
1	1	UID325055	1	1	0	0
1	1	UID325058	1	1	0	0
1	1	UID325063	1	1	0	0
1	1	UID325098	1	1	0	0
1	1	UID325099	1	1	0	0
1	1	UID325100	1	1	0	0
1	1	UID325122	1	1	0	0
1	1	UID325124	1	1	0	0
1	1	UID325127	1	1	0	0
1	1	UID325146	1	1	0	0
1	1	UID325147	1	1	0	0
1	1	UID325148	1	1	0	0
1	1	UID325149	1	1	0	0
1	1	UID325150	1	1	0	0
1	1	UID325151	1	1	0	0
1	1	UID325155	1	1	0	0
1	1	UID325159	1	1	0	0
1	1	UID325161	1	1	0	0
1	1	UID325162	1	1	0	0
1	1	UID325165	1	1	0	0
1	1	UID325166	1	1	0	0
1	1	UID325168	1	1	0	0
1	1	UID325169	1	1	0	0
1	1	UID325179	1	1	0	0
1	1	UID325181	1	1	0	0
1	1	UID325186	1	1	0	0
1	1	UID325187	1	1	0	0
1	1	UID325191	1	1	0	0
1	1	UID325193	1	1	0	0
1	1	UID325194	1	1	0	0
1	1	UID325196	1	1	0	0
1	1	UID325199	1	1	0	0
1	1	UID325200	1	1	0	0
1	1	UID325201	1	1	0	0
1	1	UID325202	1	1	0	0
1	1	UID325209	1	1	0	0
1	1	UID325211	1	1	0	0
1	1	UID325218	1	1	0	0
1	1	UID325224	1	1	0	0
1	1	UID325227	1	1	0	0
1	1	UID325228	1	1	0	0
1	1	UID325230	1	1	0	0
1	1	UID325232	1	1	0	0
1	1	UID325235	1	1	0	0
1	1	UID325238	1	1	0	0
1	1	UID325242	1	1	0	0
1	1	UID325243	1	1	0	0
1	1	UID325244	1	1	0	0
1	1	UID325245	1	1	0	0
1	1	UID325246	1	1	0	0
1	1	UID325248	1	1	0	0
1	1	UID325252	1	1	0	0
1	1	UID325253	1	1	0	0
1	1	UID325254	1	1	0	0
1	1	UID325255	1	1	0	0
1	1	UID325256	1	1	0	0
1	1	UID325259	1	1	0	0
1	1	UID325260	1	1	0	0
1	1	UID325261	1	1	0	0
1	1	UID325262	1	1	0	0
1	1	UID325263	1	1	0	0
1	1	UID325264	1	1	0	0
1	1	UID325267	1	1	0	0
1	1	UID325268	1	1	0	0
1	1	UID325269	1	1	0	0
1	1	UID325270	1	1	0	0
1	1	UID325271	1	1	0	0
1	1	UID325273	1	1	0	0
1	1	UID325274	1	1	0	0
1	1	UID325275	1	1	0	0
1	1	UID325276	1	1	0	0
1	1	UID325277	1	1	0	0
1	1	UID325278	1	1	0	0
1	1	UID325279	1	1	0	0
1	1	UID325280	1	1	0	0
1	1	UID325281	1	1	0	0
1	1	UID325282	1	1	0	0
1	1	UID325283	1	1	0	0
1	1	UID325285	1	1	0	0
1	1	UID325286	1	1	0	0
1	1	UID325287	1	1	0	0
1	1	UID325288	1	1	0	0
1	1	UID325290	1	1	0	0
1	1	UID325291	1	1	0	0
1	1	UID325292	1	1	0	0
1	1	UID325294	1	1	0	0
1	1	UID325295	1	1	0	0
1	1	UID325297	1	1	0	0
1	1	UID325299	1	1	0	0
1	1	UID325303	1	1	0	0
1	1	UID325307	1	1	0	0
1	1	UID48752	1	1	0	0
1	1	UID584	1	1	0	0
1	1	UID984	1	1	0	0
1	1	UID9945	1	1	0	0
