219	516	UID314	259	186	2	2
134	262	UID27300	118	123	2	2
33	79	UID48389	41	27	2	2
19	52	UID35115	32	17	1	1
40	73	UID361652	21	35	2	2
1	18	UID10255	18	0	0	0
29	47	UID361958	18	27	2	2
11	27	UID216993	17	10	2	2
27	48	UID1	13	24	2	2
13	23	UID363391	11	12	1	1
10	23	UID48387	9	8	2	2
10	19	UID7575	8	8	2	2
4	9	UID1180	5	2	1	1
12	17	UID136704	5	10	1	1
5	9	UID33597	5	4	1	1
16	21	UID37682	5	14	2	2
4	7	UID383924	4	3	1	1
3	6	UID507774	4	2	1	1
5	8	UID7479	4	4	1	1
4	6	UID102686	3	3	1	1
4	6	UID18126	3	3	1	1
5	7	UID48877	3	4	2	2
2	4	UID62998	3	1	1	1
3	4	UID128492	2	2	1	1
1	2	UID150587	2	0	0	0
4	5	UID157974	2	3	1	1
1	2	UID46	2	0	0	0
9	10	UID507780	2	8	2	2
2	3	UID608	2	1	1	1
1	2	UID62785	2	0	0	0
6	7	UID74331	2	5	1	1
5	6	UID74580	2	4	3	3
1	2	UID74586	2	0	0	0
2	2	UID110674	1	2	1	1
1	1	UID1428	1	1	0	0
1	1	UID1538	1	1	0	0
5	5	UID199894	1	5	1	1
1	1	UID216107	1	1	0	0
1	1	UID216252	1	1	0	0
1	1	UID273837	1	1	0	0
1	1	UID313	1	1	0	0
1	1	UID33616	1	1	0	0
1	1	UID34893	1	1	0	0
1	1	UID372804	1	1	0	0
1	1	UID381515	1	1	0	0
5	5	UID383923	1	5	1	1
1	1	UID384187	1	1	0	0
1	1	UID386158	1	1	0	0
1	1	UID42545	1	1	0	0
1	1	UID507783	1	1	0	0
1	1	UID507790	1	1	0	0
1	1	UID507791	1	1	0	0
1	1	UID507794	1	1	0	0
1	1	UID507797	1	1	0	0
1	1	UID507799	1	1	0	0
1	1	UID507803	1	1	0	0
1	1	UID507805	1	1	0	0
1	1	UID507806	1	1	0	0
1	1	UID507808	1	1	0	0
1	1	UID507811	1	1	0	0
1	1	UID507814	1	1	0	0
1	1	UID507815	1	1	0	0
1	1	UID507816	1	1	0	0
1	1	UID507818	1	1	0	0
1	1	UID507821	1	1	0	0
1	1	UID507822	1	1	0	0
1	1	UID507828	1	1	0	0
1	1	UID507833	1	1	0	0
1	1	UID507839	1	1	0	0
1	1	UID507841	1	1	0	0
1	1	UID507842	1	1	0	0
1	1	UID507846	1	1	0	0
1	1	UID507850	1	1	0	0
1	1	UID507851	1	1	0	0
1	1	UID507854	1	1	0	0
1	1	UID507858	1	1	0	0
1	1	UID507860	1	1	0	0
1	1	UID507861	1	1	0	0
1	1	UID507862	1	1	0	0
1	1	UID507879	1	1	0	0
1	1	UID507883	1	1	0	0
1	1	UID507884	1	1	0	0
1	1	UID507885	1	1	0	0
1	1	UID507897	1	1	0	0
1	1	UID507903	1	1	0	0
1	1	UID507910	1	1	0	0
1	1	UID507911	1	1	0	0
1	1	UID507915	1	1	0	0
1	1	UID507917	1	1	0	0
1	1	UID507918	1	1	0	0
1	1	UID507921	1	1	0	0
1	1	UID507923	1	1	0	0
1	1	UID507932	1	1	0	0
1	1	UID507936	1	1	0	0
1	1	UID507937	1	1	0	0
1	1	UID507946	1	1	0	0
1	1	UID507951	1	1	0	0
1	1	UID507952	1	1	0	0
1	1	UID507976	1	1	0	0
6	6	UID507983	1	6	2	2
1	1	UID507986	1	1	0	0
1	1	UID508003	1	1	0	0
1	1	UID508007	1	1	0	0
1	1	UID508009	1	1	0	0
1	1	UID508010	1	1	0	0
1	1	UID508018	1	1	0	0
1	1	UID508022	1	1	0	0
1	1	UID508025	1	1	0	0
1	1	UID508026	1	1	0	0
1	1	UID508027	1	1	0	0
1	1	UID508037	1	1	0	0
1	1	UID508049	1	1	0	0
1	1	UID508051	1	1	0	0
1	1	UID508053	1	1	0	0
1	1	UID508059	1	1	0	0
1	1	UID508060	1	1	0	0
1	1	UID508064	1	1	0	0
1	1	UID508065	1	1	0	0
1	1	UID508070	1	1	0	0
1	1	UID508071	1	1	0	0
1	1	UID508074	1	1	0	0
1	1	UID508076	1	1	0	0
1	1	UID508080	1	1	0	0
1	1	UID508082	1	1	0	0
1	1	UID508089	1	1	0	0
1	1	UID508091	1	1	0	0
1	1	UID508092	1	1	0	0
1	1	UID508093	1	1	0	0
1	1	UID508105	1	1	0	0
1	1	UID508107	1	1	0	0
1	1	UID508109	1	1	0	0
1	1	UID508115	1	1	0	0
1	1	UID508117	1	1	0	0
1	1	UID508119	1	1	0	0
1	1	UID508125	1	1	0	0
1	1	UID508126	1	1	0	0
1	1	UID508136	1	1	0	0
1	1	UID508139	1	1	0	0
1	1	UID508146	1	1	0	0
1	1	UID508149	1	1	0	0
1	1	UID58316	1	1	0	0
1	1	UID69325	1	1	0	0
