17009	106323	UID34893	31924	11612	5	5
6901	28196	UID34883	6348	4761	5	5
5237	18151	UID246643	4950	4097	6	6
6220	14220	UID246644	2479	4949	4	4
3984	12440	UID71723	1788	2753	5	5
2246	5934	UID246728	1124	1606	5	5
2024	4733	UID246727	669	1488	4	4
1113	2510	UID246725	559	808	5	5
320	979	UID125611	362	220	3	3
367	996	UID35115	267	251	4	4
181	332	UID543760	87	152	3	3
90	167	UID31769	67	79	2	2
238	351	UID543765	67	209	3	3
97	173	UID48598	58	91	3	3
84	171	UID247391	56	69	2	2
145	234	UID543781	48	128	3	3
92	173	UID543798	41	71	2	2
112	180	UID543808	38	92	3	3
47	84	UID543855	31	39	2	2
50	97	UID543856	31	43	3	3
31	63	UID68692	31	28	1	1
82	138	UID543864	30	71	3	3
62	109	UID247337	28	50	2	2
45	96	UID247348	28	34	3	3
78	127	UID543884	28	65	3	3
44	84	UID247397	27	34	2	2
36	78	UID543894	27	28	2	2
62	108	UID543906	26	50	3	3
37	63	UID483083	24	35	2	2
28	49	UID18121	22	27	2	2
32	61	UID543991	21	25	2	2
44	68	UID543992	21	39	2	2
38	66	UID543993	21	31	2	2
56	86	UID543994	21	48	3	3
27	48	UID37510	20	24	2	2
32	62	UID544010	20	25	2	2
29	55	UID483087	18	21	2	2
65	105	UID544066	18	53	2	2
46	77	UID544095	17	34	4	4
38	70	UID544096	17	30	3	3
41	67	UID544097	17	32	2	2
36	58	UID544098	17	31	3	3
39	72	UID544099	17	30	3	3
24	40	UID27288	16	22	1	1
35	66	UID544173	15	25	2	2
24	46	UID544174	15	17	2	2
40	60	UID544175	15	36	2	2
30	54	UID544176	15	23	2	2
27	42	UID544184	15	25	2	2
34	62	UID544185	15	30	2	2
40	64	UID544286	13	32	2	2
24	35	UID387575	12	23	1	1
119	149	UID544350	12	106	4	4
12	22	UID544427	11	11	2	2
32	49	UID544438	11	28	2	2
19	33	UID544439	11	14	2	2
17	29	UID240583	10	15	2	2
10	22	UID314	10	7	2	2
5	14	UID544493	10	4	1	1
17	30	UID544508	10	12	2	2
30	55	UID544529	10	20	2	2
2	10	UID544611	9	1	1	1
9	17	UID544670	9	8	1	1
20	36	UID544695	9	15	2	2
8	18	UID544706	9	5	1	1
15	24	UID608	9	13	1	1
15	25	UID544862	8	11	2	2
21	32	UID544877	8	17	2	2
11	18	UID544921	8	10	1	1
8	14	UID101419	7	7	1	1
15	28	UID247341	7	12	4	4
10	20	UID380	7	8	2	2
23	39	UID545063	7	18	2	2
18	26	UID545067	7	15	2	2
8	17	UID545070	7	5	1	1
17	25	UID545084	7	15	2	2
8	15	UID545116	7	6	2	2
1	7	UID545258	7	0	0	0
7	12	UID1369	6	6	1	1
9	15	UID216252	6	7	2	2
9	17	UID324382	6	7	1	1
16	21	UID545374	6	15	2	2
18	31	UID545376	6	13	4	4
10	18	UID545423	6	8	2	2
13	18	UID545440	6	12	2	2
1	6	UID545527	6	0	0	0
1	5	UID361958	5	0	0	0
12	20	UID502460	5	10	2	2
1	5	UID545653	5	0	0	0
1	5	UID545670	5	0	0	0
1	5	UID545676	5	0	0	0
1	5	UID545714	5	0	0	0
1	5	UID545720	5	0	0	0
1	5	UID545726	5	0	0	0
1	5	UID545727	5	0	0	0
1	5	UID545761	5	0	0	0
1	5	UID545772	5	0	0	0
1	5	UID545800	5	0	0	0
9	14	UID545805	5	7	1	1
9	13	UID545813	5	8	2	2
57	64	UID545817	5	53	5	5
15	22	UID545818	5	12	2	2
2	6	UID545821	5	1	1	1
12	18	UID545824	5	9	1	1
11	19	UID545878	5	8	1	1
11	16	UID545891	5	9	2	2
5	11	UID545907	5	3	3	3
2	6	UID546062	5	1	1	1
1	5	UID546075	5	0	0	0
1	5	UID546081	5	0	0	0
2	6	UID546099	5	1	1	1
1	5	UID546118	5	0	0	0
1	5	UID546181	5	0	0	0
1	5	UID546187	5	0	0	0
4	8	UID61211	5	3	1	1
1	4	UID10255	4	0	0	0
11	14	UID248135	4	10	1	1
7	11	UID29460	4	5	1	1
3	6	UID48389	4	2	1	1
1	4	UID546197	4	0	0	0
1	4	UID546242	4	0	0	0
1	4	UID546251	4	0	0	0
1	4	UID546265	4	0	0	0
1	4	UID546268	4	0	0	0
2	5	UID546279	4	1	0	0
1	4	UID546281	4	0	0	0
1	4	UID546288	4	0	0	0
1	4	UID546289	4	0	0	0
1	4	UID546295	4	0	0	0
1	4	UID546298	4	0	0	0
1	4	UID546315	4	0	0	0
1	4	UID546327	4	0	0	0
1	4	UID546329	4	0	0	0
1	4	UID546335	4	0	0	0
1	4	UID546337	4	0	0	0
1	4	UID546338	4	0	0	0
1	4	UID546357	4	0	0	0
1	4	UID546368	4	0	0	0
1	4	UID546397	4	0	0	0
1	4	UID546432	4	0	0	0
13	17	UID546468	4	11	1	1
3	6	UID546470	4	2	1	1
12	17	UID546484	4	9	1	1
7	10	UID546485	4	6	1	1
1	4	UID546506	4	0	0	0
9	17	UID546521	4	4	1	1
1	4	UID546605	4	0	0	0
18	25	UID546614	4	14	3	3
1	4	UID546754	4	0	0	0
1	4	UID546890	4	0	0	0
1	4	UID546948	4	0	0	0
1	4	UID546967	4	0	0	0
1	4	UID546981	4	0	0	0
1	4	UID546983	4	0	0	0
3	6	UID547007	4	2	1	1
1	4	UID547009	4	0	0	0
1	4	UID547017	4	0	0	0
1	4	UID547037	4	0	0	0
1	4	UID547042	4	0	0	0
1	4	UID547063	4	0	0	0
1	4	UID547068	4	0	0	0
1	4	UID547072	4	0	0	0
1	4	UID547076	4	0	0	0
1	4	UID547155	4	0	0	0
1	4	UID547162	4	0	0	0
1	4	UID547169	4	0	0	0
1	4	UID547176	4	0	0	0
1	4	UID547197	4	0	0	0
1	4	UID547204	4	0	0	0
1	4	UID547210	4	0	0	0
7	9	UID1180	3	6	2	2
7	9	UID360278	3	6	1	1
9	11	UID362460	3	8	2	2
8	10	UID519	3	7	1	1
1	3	UID547220	3	0	0	0
1	3	UID547227	3	0	0	0
1	3	UID547229	3	0	0	0
1	3	UID547230	3	0	0	0
2	4	UID547237	3	1	0	0
1	3	UID547241	3	0	0	0
1	3	UID547252	3	0	0	0
1	3	UID547257	3	0	0	0
9	13	UID547260	3	6	3	3
1	3	UID547268	3	0	0	0
1	3	UID547275	3	0	0	0
1	3	UID547276	3	0	0	0
1	3	UID547277	3	0	0	0
1	3	UID547282	3	0	0	0
1	3	UID547284	3	0	0	0
1	3	UID547286	3	0	0	0
1	3	UID547289	3	0	0	0
1	3	UID547296	3	0	0	0
1	3	UID547300	3	0	0	0
1	3	UID547304	3	0	0	0
1	3	UID547306	3	0	0	0
1	3	UID547315	3	0	0	0
1	3	UID547317	3	0	0	0
1	3	UID547322	3	0	0	0
1	3	UID547323	3	0	0	0
1	3	UID547325	3	0	0	0
1	3	UID547342	3	0	0	0
1	3	UID547343	3	0	0	0
1	3	UID547345	3	0	0	0
1	3	UID547351	3	0	0	0
2	4	UID547357	3	1	1	1
1	3	UID547361	3	0	0	0
1	3	UID547363	3	0	0	0
1	3	UID547369	3	0	0	0
1	3	UID547371	3	0	0	0
1	3	UID547375	3	0	0	0
1	3	UID547376	3	0	0	0
1	3	UID547383	3	0	0	0
1	3	UID547387	3	0	0	0
1	3	UID547394	3	0	0	0
1	3	UID547396	3	0	0	0
1	3	UID547399	3	0	0	0
1	3	UID547406	3	0	0	0
1	3	UID547410	3	0	0	0
1	3	UID547412	3	0	0	0
1	3	UID547413	3	0	0	0
1	3	UID547427	3	0	0	0
2	4	UID547436	3	1	1	1
1	3	UID547455	3	0	0	0
1	3	UID547456	3	0	0	0
1	3	UID547461	3	0	0	0
1	3	UID547468	3	0	0	0
1	3	UID547471	3	0	0	0
1	3	UID547490	3	0	0	0
2	4	UID547498	3	1	1	1
1	3	UID547506	3	0	0	0
1	3	UID547512	3	0	0	0
1	3	UID547520	3	0	0	0
1	3	UID547546	3	0	0	0
1	3	UID547566	3	0	0	0
1	3	UID547575	3	0	0	0
10	14	UID547576	3	7	2	2
1	3	UID547584	3	0	0	0
1	3	UID547590	3	0	0	0
1	3	UID547593	3	0	0	0
2	4	UID547600	3	1	1	1
1	3	UID547617	3	0	0	0
1	3	UID547618	3	0	0	0
1	3	UID547625	3	0	0	0
1	3	UID547626	3	0	0	0
1	3	UID547634	3	0	0	0
1	3	UID547638	3	0	0	0
1	3	UID547640	3	0	0	0
1	3	UID547643	3	0	0	0
1	3	UID547645	3	0	0	0
1	3	UID547658	3	0	0	0
1	3	UID547660	3	0	0	0
1	3	UID547664	3	0	0	0
1	3	UID547672	3	0	0	0
1	3	UID547673	3	0	0	0
1	3	UID547676	3	0	0	0
1	3	UID547677	3	0	0	0
1	3	UID547688	3	0	0	0
1	3	UID547690	3	0	0	0
1	3	UID547708	3	0	0	0
1	3	UID547710	3	0	0	0
1	3	UID547716	3	0	0	0
1	3	UID547727	3	0	0	0
1	3	UID547737	3	0	0	0
3	7	UID547739	3	1	1	1
1	3	UID547741	3	0	0	0
1	3	UID547742	3	0	0	0
1	3	UID547748	3	0	0	0
1	3	UID547785	3	0	0	0
1	3	UID547798	3	0	0	0
2	4	UID547799	3	1	1	1
1	3	UID547803	3	0	0	0
2	4	UID547810	3	1	1	1
1	3	UID547816	3	0	0	0
1	3	UID547825	3	0	0	0
1	3	UID547831	3	0	0	0
1	3	UID547833	3	0	0	0
1	3	UID547834	3	0	0	0
1	3	UID547852	3	0	0	0
1	3	UID547853	3	0	0	0
1	3	UID547855	3	0	0	0
1	3	UID547856	3	0	0	0
1	3	UID547859	3	0	0	0
2	4	UID547863	3	1	1	1
1	3	UID547873	3	0	0	0
1	3	UID547882	3	0	0	0
1	3	UID547886	3	0	0	0
1	3	UID547909	3	0	0	0
1	3	UID547912	3	0	0	0
1	3	UID547926	3	0	0	0
1	3	UID547929	3	0	0	0
1	3	UID547947	3	0	0	0
1	3	UID547964	3	0	0	0
1	3	UID547965	3	0	0	0
1	3	UID547967	3	0	0	0
2	4	UID547985	3	1	0	0
16	21	UID547992	3	13	2	2
1	3	UID547995	3	0	0	0
1	3	UID547997	3	0	0	0
8	11	UID548000	3	6	1	1
6	10	UID548002	3	3	1	1
1	3	UID548007	3	0	0	0
1	3	UID548010	3	0	0	0
9	11	UID548012	3	8	1	1
1	3	UID548025	3	0	0	0
1	3	UID548029	3	0	0	0
1	3	UID548035	3	0	0	0
1	3	UID548045	3	0	0	0
1	3	UID548053	3	0	0	0
1	3	UID548054	3	0	0	0
1	3	UID548064	3	0	0	0
1	3	UID548115	3	0	0	0
2	4	UID548141	3	1	1	1
1	3	UID548174	3	0	0	0
5	8	UID548208	3	3	2	2
1	3	UID548210	3	0	0	0
1	3	UID548221	3	0	0	0
1	3	UID548223	3	0	0	0
1	3	UID548224	3	0	0	0
4	6	UID548230	3	3	2	2
1	3	UID548253	3	0	0	0
1	3	UID548304	3	0	0	0
7	10	UID548305	3	5	2	2
1	3	UID548314	3	0	0	0
1	3	UID548356	3	0	0	0
3	7	UID548360	3	1	1	1
1	3	UID548367	3	0	0	0
1	3	UID548370	3	0	0	0
1	3	UID548388	3	0	0	0
1	3	UID548408	3	0	0	0
1	3	UID548412	3	0	0	0
1	3	UID548423	3	0	0	0
1	3	UID548444	3	0	0	0
1	3	UID548454	3	0	0	0
1	3	UID548466	3	0	0	0
1	3	UID548540	3	0	0	0
1	3	UID548545	3	0	0	0
1	3	UID548561	3	0	0	0
3	5	UID548563	3	2	0	0
1	3	UID548611	3	0	0	0
1	3	UID548614	3	0	0	0
1	3	UID548646	3	0	0	0
1	3	UID548647	3	0	0	0
1	3	UID548649	3	0	0	0
1	3	UID548655	3	0	0	0
1	3	UID548658	3	0	0	0
1	3	UID548659	3	0	0	0
1	3	UID548671	3	0	0	0
1	3	UID548681	3	0	0	0
1	3	UID548695	3	0	0	0
1	3	UID548706	3	0	0	0
1	3	UID548713	3	0	0	0
1	3	UID548715	3	0	0	0
1	3	UID548724	3	0	0	0
1	3	UID548729	3	0	0	0
1	3	UID548734	3	0	0	0
1	3	UID548740	3	0	0	0
1	3	UID548744	3	0	0	0
1	3	UID548745	3	0	0	0
1	3	UID548757	3	0	0	0
1	3	UID548760	3	0	0	0
1	3	UID548762	3	0	0	0
1	3	UID548765	3	0	0	0
1	3	UID548777	3	0	0	0
1	3	UID548779	3	0	0	0
1	3	UID548782	3	0	0	0
1	3	UID548793	3	0	0	0
1	3	UID548801	3	0	0	0
1	3	UID548811	3	0	0	0
1	3	UID548814	3	0	0	0
1	3	UID548818	3	0	0	0
1	3	UID548841	3	0	0	0
1	3	UID548845	3	0	0	0
2	4	UID548852	3	1	1	1
1	3	UID548862	3	0	0	0
1	3	UID548867	3	0	0	0
1	3	UID548868	3	0	0	0
1	3	UID548877	3	0	0	0
1	3	UID548890	3	0	0	0
1	3	UID548899	3	0	0	0
1	3	UID548906	3	0	0	0
1	3	UID548925	3	0	0	0
1	3	UID548938	3	0	0	0
1	3	UID548940	3	0	0	0
1	3	UID548946	3	0	0	0
1	3	UID548950	3	0	0	0
1	3	UID548951	3	0	0	0
1	3	UID548952	3	0	0	0
1	3	UID548967	3	0	0	0
1	3	UID548968	3	0	0	0
1	3	UID548981	3	0	0	0
1	3	UID548993	3	0	0	0
1	3	UID548998	3	0	0	0
1	3	UID549006	3	0	0	0
1	3	UID549012	3	0	0	0
1	3	UID549015	3	0	0	0
1	3	UID549028	3	0	0	0
1	3	UID549030	3	0	0	0
1	3	UID549032	3	0	0	0
1	3	UID549033	3	0	0	0
1	3	UID549045	3	0	0	0
1	3	UID549049	3	0	0	0
2	4	UID549056	3	1	0	0
1	3	UID549061	3	0	0	0
1	3	UID549072	3	0	0	0
1	3	UID549073	3	0	0	0
1	3	UID549082	3	0	0	0
1	3	UID549083	3	0	0	0
1	3	UID549097	3	0	0	0
1	3	UID549102	3	0	0	0
1	3	UID549103	3	0	0	0
1	3	UID549114	3	0	0	0
1	3	UID549127	3	0	0	0
1	3	UID549134	3	0	0	0
1	3	UID549136	3	0	0	0
1	3	UID549142	3	0	0	0
1	3	UID549145	3	0	0	0
1	3	UID549146	3	0	0	0
1	3	UID549153	3	0	0	0
1	3	UID549158	3	0	0	0
1	3	UID549163	3	0	0	0
1	3	UID549164	3	0	0	0
1	3	UID549166	3	0	0	0
1	3	UID549168	3	0	0	0
1	3	UID549173	3	0	0	0
1	3	UID549198	3	0	0	0
1	3	UID549210	3	0	0	0
1	3	UID549228	3	0	0	0
1	3	UID549247	3	0	0	0
1	3	UID549253	3	0	0	0
1	3	UID549256	3	0	0	0
1	3	UID549260	3	0	0	0
1	3	UID549261	3	0	0	0
1	3	UID549271	3	0	0	0
1	3	UID549272	3	0	0	0
1	3	UID549291	3	0	0	0
1	3	UID549295	3	0	0	0
1	3	UID549309	3	0	0	0
1	3	UID549321	3	0	0	0
1	3	UID549329	3	0	0	0
1	3	UID549332	3	0	0	0
1	3	UID549333	3	0	0	0
1	3	UID549343	3	0	0	0
1	3	UID549345	3	0	0	0
1	3	UID549360	3	0	0	0
1	3	UID549366	3	0	0	0
1	3	UID549373	3	0	0	0
1	3	UID549383	3	0	0	0
1	3	UID549389	3	0	0	0
1	3	UID549394	3	0	0	0
1	3	UID549397	3	0	0	0
1	3	UID549399	3	0	0	0
1	3	UID549403	3	0	0	0
1	3	UID549414	3	0	0	0
1	3	UID549422	3	0	0	0
1	3	UID549431	3	0	0	0
1	3	UID549433	3	0	0	0
1	3	UID549438	3	0	0	0
1	3	UID549444	3	0	0	0
1	3	UID549445	3	0	0	0
1	3	UID549456	3	0	0	0
2	4	UID549459	3	1	0	0
1	3	UID549470	3	0	0	0
1	2	UID174986	2	0	0	0
2	3	UID181021	2	1	1	1
3	5	UID220	2	1	1	1
2	3	UID317972	2	1	1	1
1	2	UID34928	2	0	0	0
1	2	UID363391	2	0	0	0
7	8	UID43286	2	6	2	2
11	13	UID48383	2	9	3	3
1	2	UID549480	2	0	0	0
1	2	UID549481	2	0	0	0
1	2	UID549497	2	0	0	0
1	2	UID549500	2	0	0	0
1	2	UID549504	2	0	0	0
1	2	UID549529	2	0	0	0
1	2	UID549538	2	0	0	0
1	2	UID549547	2	0	0	0
1	2	UID549549	2	0	0	0
1	2	UID549562	2	0	0	0
1	2	UID549563	2	0	0	0
2	3	UID549571	2	1	1	1
12	15	UID549573	2	9	3	3
1	2	UID549612	2	0	0	0
1	2	UID549625	2	0	0	0
1	2	UID549643	2	0	0	0
1	2	UID549663	2	0	0	0
1	2	UID549673	2	0	0	0
1	2	UID549697	2	0	0	0
1	2	UID549708	2	0	0	0
1	2	UID549711	2	0	0	0
1	2	UID549721	2	0	0	0
1	2	UID549723	2	0	0	0
1	2	UID549731	2	0	0	0
1	2	UID549753	2	0	0	0
1	2	UID549755	2	0	0	0
1	2	UID549806	2	0	0	0
1	2	UID549836	2	0	0	0
1	2	UID549849	2	0	0	0
1	2	UID549851	2	0	0	0
1	2	UID549857	2	0	0	0
2	3	UID549860	2	1	1	1
1	2	UID549866	2	0	0	0
2	3	UID549870	2	1	1	1
1	2	UID549916	2	0	0	0
1	2	UID549924	2	0	0	0
1	2	UID549930	2	0	0	0
1	2	UID549956	2	0	0	0
1	2	UID549973	2	0	0	0
1	2	UID549997	2	0	0	0
1	2	UID550020	2	0	0	0
1	2	UID550024	2	0	0	0
2	3	UID550028	2	1	1	1
1	2	UID550089	2	0	0	0
1	2	UID550126	2	0	0	0
1	2	UID550127	2	0	0	0
1	2	UID550161	2	0	0	0
1	2	UID550185	2	0	0	0
1	2	UID550186	2	0	0	0
1	2	UID550201	2	0	0	0
1	2	UID550208	2	0	0	0
1	2	UID550211	2	0	0	0
1	2	UID550279	2	0	0	0
1	2	UID550287	2	0	0	0
1	2	UID550296	2	0	0	0
1	2	UID550315	2	0	0	0
1	2	UID550334	2	0	0	0
2	3	UID550340	2	1	1	1
2	3	UID550361	2	1	1	1
2	3	UID550371	2	1	1	1
1	2	UID550390	2	0	0	0
1	2	UID550425	2	0	0	0
1	2	UID550428	2	0	0	0
1	2	UID550440	2	0	0	0
1	2	UID550535	2	0	0	0
1	2	UID550549	2	0	0	0
1	2	UID550567	2	0	0	0
2	3	UID550590	2	1	1	1
1	2	UID550607	2	0	0	0
1	2	UID550632	2	0	0	0
1	2	UID550681	2	0	0	0
1	2	UID550749	2	0	0	0
1	2	UID550810	2	0	0	0
1	2	UID550866	2	0	0	0
1	2	UID550871	2	0	0	0
1	2	UID550922	2	0	0	0
1	2	UID550972	2	0	0	0
2	3	UID551005	2	1	1	1
1	2	UID551007	2	0	0	0
2	3	UID551016	2	1	1	1
1	2	UID551043	2	0	0	0
1	2	UID551044	2	0	0	0
1	2	UID551069	2	0	0	0
1	2	UID551073	2	0	0	0
1	2	UID551125	2	0	0	0
1	2	UID551131	2	0	0	0
1	2	UID551136	2	0	0	0
1	2	UID551193	2	0	0	0
1	2	UID551206	2	0	0	0
1	2	UID551218	2	0	0	0
2	3	UID551220	2	1	1	1
1	2	UID551243	2	0	0	0
1	2	UID551264	2	0	0	0
1	2	UID551294	2	0	0	0
1	2	UID551342	2	0	0	0
1	2	UID551376	2	0	0	0
1	2	UID551469	2	0	0	0
1	2	UID551511	2	0	0	0
2	3	UID551551	2	1	1	1
1	2	UID551571	2	0	0	0
1	2	UID551599	2	0	0	0
2	3	UID551621	2	1	1	1
1	2	UID551664	2	0	0	0
1	2	UID551683	2	0	0	0
1	2	UID551701	2	0	0	0
1	2	UID551854	2	0	0	0
1	2	UID551888	2	0	0	0
3	5	UID551923	2	1	1	1
1	2	UID551930	2	0	0	0
1	2	UID551964	2	0	0	0
1	2	UID551975	2	0	0	0
3	4	UID551977	2	2	1	1
12	16	UID551995	2	8	3	3
1	2	UID552002	2	0	0	0
1	2	UID552007	2	0	0	0
3	4	UID552018	2	2	2	2
2	3	UID552023	2	1	1	1
1	2	UID552038	2	0	0	0
1	2	UID552046	2	0	0	0
1	2	UID552049	2	0	0	0
1	2	UID552078	2	0	0	0
1	2	UID552087	2	0	0	0
1	2	UID552088	2	0	0	0
1	2	UID552119	2	0	0	0
1	2	UID552130	2	0	0	0
3	4	UID552165	2	2	2	2
5	7	UID552166	2	3	2	2
2	3	UID552218	2	1	1	1
4	5	UID552554	2	3	1	1
1	2	UID552563	2	0	0	0
1	2	UID552604	2	0	0	0
4	5	UID552657	2	3	2	2
1	2	UID552660	2	0	0	0
2	3	UID552678	2	1	1	1
1	2	UID552683	2	0	0	0
2	3	UID552751	2	1	1	1
1	2	UID552760	2	0	0	0
5	6	UID552777	2	4	1	1
2	3	UID552838	2	1	1	1
1	2	UID552855	2	0	0	0
1	2	UID552864	2	0	0	0
2	3	UID552874	2	1	1	1
2	3	UID552913	2	1	1	1
1	2	UID553026	2	0	0	0
2	3	UID553038	2	1	1	1
4	5	UID553042	2	3	1	1
1	2	UID553173	2	0	0	0
4	5	UID553576	2	3	2	2
1	2	UID553586	2	0	0	0
1	2	UID553671	2	0	0	0
1	2	UID553718	2	0	0	0
1	2	UID553759	2	0	0	0
1	2	UID553889	2	0	0	0
1	2	UID553902	2	0	0	0
1	2	UID553908	2	0	0	0
1	2	UID554021	2	0	0	0
2	3	UID554077	2	1	1	1
1	2	UID554089	2	0	0	0
1	2	UID554115	2	0	0	0
2	3	UID554133	2	1	1	1
1	2	UID554138	2	0	0	0
1	2	UID554174	2	0	0	0
1	2	UID554188	2	0	0	0
1	2	UID554198	2	0	0	0
1	2	UID554230	2	0	0	0
1	2	UID554246	2	0	0	0
1	2	UID554262	2	0	0	0
1	2	UID554264	2	0	0	0
1	2	UID554288	2	0	0	0
1	2	UID554357	2	0	0	0
1	2	UID554403	2	0	0	0
1	2	UID554462	2	0	0	0
1	2	UID554473	2	0	0	0
2	3	UID554489	2	1	1	1
1	2	UID554522	2	0	0	0
2	3	UID554536	2	1	1	1
1	2	UID554546	2	0	0	0
1	2	UID554577	2	0	0	0
2	3	UID554589	2	1	1	1
1	2	UID554613	2	0	0	0
1	2	UID554633	2	0	0	0
1	2	UID554709	2	0	0	0
1	2	UID554714	2	0	0	0
1	2	UID554729	2	0	0	0
2	3	UID554751	2	1	1	1
1	2	UID554755	2	0	0	0
1	2	UID554757	2	0	0	0
1	2	UID554784	2	0	0	0
1	2	UID554807	2	0	0	0
1	2	UID554819	2	0	0	0
2	3	UID554896	2	1	1	1
4	5	UID554931	2	3	1	1
1	2	UID554933	2	0	0	0
1	2	UID554945	2	0	0	0
2	3	UID554958	2	1	1	1
1	2	UID554963	2	0	0	0
1	2	UID555008	2	0	0	0
1	2	UID555023	2	0	0	0
1	2	UID555067	2	0	0	0
1	2	UID555087	2	0	0	0
1	2	UID555110	2	0	0	0
1	2	UID555112	2	0	0	0
1	2	UID555121	2	0	0	0
1	2	UID555146	2	0	0	0
1	2	UID555176	2	0	0	0
1	2	UID555186	2	0	0	0
1	2	UID555188	2	0	0	0
2	3	UID555202	2	1	1	1
2	3	UID555216	2	1	1	1
1	2	UID555239	2	0	0	0
1	2	UID555240	2	0	0	0
1	2	UID555264	2	0	0	0
1	2	UID555266	2	0	0	0
2	3	UID555273	2	1	1	1
1	2	UID555301	2	0	0	0
1	2	UID555308	2	0	0	0
1	2	UID555310	2	0	0	0
1	2	UID555373	2	0	0	0
1	2	UID555381	2	0	0	0
1	2	UID555433	2	0	0	0
1	2	UID555437	2	0	0	0
1	2	UID555440	2	0	0	0
1	2	UID555447	2	0	0	0
1	2	UID555458	2	0	0	0
1	2	UID555465	2	0	0	0
1	2	UID555495	2	0	0	0
1	2	UID555498	2	0	0	0
1	2	UID555502	2	0	0	0
1	2	UID555511	2	0	0	0
2	3	UID555550	2	1	1	1
1	2	UID555559	2	0	0	0
1	2	UID555563	2	0	0	0
1	2	UID555568	2	0	0	0
1	2	UID555576	2	0	0	0
1	2	UID555581	2	0	0	0
2	3	UID555586	2	1	1	1
1	2	UID555591	2	0	0	0
1	2	UID555598	2	0	0	0
1	2	UID555605	2	0	0	0
1	2	UID555627	2	0	0	0
1	2	UID555628	2	0	0	0
1	2	UID555720	2	0	0	0
2	3	UID555723	2	1	1	1
1	2	UID555724	2	0	0	0
1	2	UID555738	2	0	0	0
2	3	UID555824	2	1	1	1
1	2	UID555830	2	0	0	0
1	2	UID555843	2	0	0	0
1	2	UID555863	2	0	0	0
1	2	UID555864	2	0	0	0
1	2	UID555906	2	0	0	0
1	2	UID555926	2	0	0	0
1	2	UID555945	2	0	0	0
1	2	UID555992	2	0	0	0
1	2	UID556003	2	0	0	0
1	2	UID556034	2	0	0	0
1	2	UID556037	2	0	0	0
1	2	UID556038	2	0	0	0
1	2	UID556055	2	0	0	0
1	2	UID556064	2	0	0	0
1	2	UID556081	2	0	0	0
1	2	UID556129	2	0	0	0
1	2	UID556131	2	0	0	0
1	2	UID556206	2	0	0	0
1	2	UID556217	2	0	0	0
1	2	UID556219	2	0	0	0
1	2	UID556226	2	0	0	0
1	2	UID556241	2	0	0	0
1	2	UID556274	2	0	0	0
1	2	UID556311	2	0	0	0
1	2	UID556319	2	0	0	0
1	2	UID556327	2	0	0	0
1	2	UID556339	2	0	0	0
2	3	UID556351	2	1	1	1
1	2	UID556370	2	0	0	0
2	3	UID556374	2	1	1	1
1	2	UID556375	2	0	0	0
1	2	UID556396	2	0	0	0
1	2	UID556398	2	0	0	0
1	2	UID556404	2	0	0	0
1	2	UID556408	2	0	0	0
1	2	UID556411	2	0	0	0
2	3	UID556436	2	1	1	1
1	2	UID556446	2	0	0	0
1	2	UID556463	2	0	0	0
1	2	UID556475	2	0	0	0
1	2	UID556484	2	0	0	0
1	2	UID556495	2	0	0	0
1	2	UID556496	2	0	0	0
1	2	UID556520	2	0	0	0
1	2	UID556545	2	0	0	0
4	5	UID556547	2	3	3	3
1	2	UID556551	2	0	0	0
1	2	UID556565	2	0	0	0
1	2	UID556591	2	0	0	0
1	2	UID556615	2	0	0	0
1	2	UID556620	2	0	0	0
1	2	UID556642	2	0	0	0
2	3	UID556653	2	1	1	1
1	2	UID556661	2	0	0	0
1	2	UID556663	2	0	0	0
1	2	UID556671	2	0	0	0
1	2	UID556681	2	0	0	0
2	3	UID556706	2	1	1	1
1	2	UID556724	2	0	0	0
1	2	UID556727	2	0	0	0
1	2	UID556733	2	0	0	0
1	2	UID556734	2	0	0	0
1	2	UID556736	2	0	0	0
1	2	UID556738	2	0	0	0
2	3	UID556746	2	1	1	1
1	2	UID556754	2	0	0	0
1	2	UID556790	2	0	0	0
1	2	UID556792	2	0	0	0
1	2	UID556796	2	0	0	0
2	3	UID556828	2	1	1	1
1	2	UID74580	2	0	0	0
1	1	UID120665	1	1	0	0
1	1	UID124719	1	1	0	0
1	1	UID128492	1	1	0	0
1	1	UID157974	1	1	0	0
1	1	UID193602	1	1	0	0
1	1	UID199894	1	1	0	0
2	2	UID242	1	2	1	1
1	1	UID270	1	1	0	0
1	1	UID325330	1	1	0	0
1	1	UID360932	1	1	0	0
1	1	UID37547	1	1	0	0
2	2	UID383924	1	2	1	1
1	1	UID383943	1	1	0	0
1	1	UID387587	1	1	0	0
1	1	UID388137	1	1	0	0
1	1	UID434431	1	1	0	0
1	1	UID435495	1	1	0	0
1	1	UID438569	1	1	0	0
2	2	UID471027	1	2	1	1
1	1	UID48427	1	1	0	0
3	3	UID48561	1	3	1	1
1	1	UID508006	1	1	0	0
1	1	UID508032	1	1	0	0
1	1	UID556831	1	1	0	0
1	1	UID556833	1	1	0	0
1	1	UID556834	1	1	0	0
1	1	UID556837	1	1	0	0
1	1	UID556843	1	1	0	0
1	1	UID556847	1	1	0	0
1	1	UID556849	1	1	0	0
1	1	UID556850	1	1	0	0
1	1	UID556862	1	1	0	0
1	1	UID556868	1	1	0	0
1	1	UID556884	1	1	0	0
1	1	UID556885	1	1	0	0
1	1	UID556890	1	1	0	0
1	1	UID556920	1	1	0	0
1	1	UID556928	1	1	0	0
1	1	UID556931	1	1	0	0
1	1	UID556933	1	1	0	0
1	1	UID556936	1	1	0	0
1	1	UID556939	1	1	0	0
1	1	UID556940	1	1	0	0
1	1	UID556960	1	1	0	0
1	1	UID556961	1	1	0	0
1	1	UID556973	1	1	0	0
1	1	UID556977	1	1	0	0
1	1	UID557002	1	1	0	0
1	1	UID557006	1	1	0	0
1	1	UID557008	1	1	0	0
1	1	UID557009	1	1	0	0
1	1	UID557015	1	1	0	0
1	1	UID557016	1	1	0	0
1	1	UID557017	1	1	0	0
1	1	UID557018	1	1	0	0
1	1	UID557023	1	1	0	0
1	1	UID557044	1	1	0	0
1	1	UID557047	1	1	0	0
1	1	UID557050	1	1	0	0
1	1	UID557056	1	1	0	0
2	2	UID557058	1	2	1	1
1	1	UID557060	1	1	0	0
1	1	UID557062	1	1	0	0
1	1	UID557071	1	1	0	0
1	1	UID557072	1	1	0	0
1	1	UID557078	1	1	0	0
1	1	UID557082	1	1	0	0
1	1	UID557091	1	1	0	0
1	1	UID557094	1	1	0	0
1	1	UID557102	1	1	0	0
1	1	UID557111	1	1	0	0
1	1	UID557114	1	1	0	0
1	1	UID557120	1	1	0	0
1	1	UID557121	1	1	0	0
1	1	UID557123	1	1	0	0
1	1	UID557125	1	1	0	0
1	1	UID557129	1	1	0	0
1	1	UID557141	1	1	0	0
1	1	UID557144	1	1	0	0
1	1	UID557147	1	1	0	0
1	1	UID557164	1	1	0	0
1	1	UID557225	1	1	0	0
1	1	UID557232	1	1	0	0
1	1	UID557235	1	1	0	0
1	1	UID557248	1	1	0	0
1	1	UID557258	1	1	0	0
1	1	UID557266	1	1	0	0
1	1	UID557280	1	1	0	0
1	1	UID557297	1	1	0	0
1	1	UID557304	1	1	0	0
1	1	UID557313	1	1	0	0
1	1	UID557316	1	1	0	0
1	1	UID557318	1	1	0	0
1	1	UID557323	1	1	0	0
1	1	UID557341	1	1	0	0
1	1	UID557342	1	1	0	0
1	1	UID557349	1	1	0	0
1	1	UID557351	1	1	0	0
1	1	UID557352	1	1	0	0
1	1	UID557355	1	1	0	0
1	1	UID557358	1	1	0	0
1	1	UID557359	1	1	0	0
1	1	UID557367	1	1	0	0
1	1	UID557374	1	1	0	0
1	1	UID557379	1	1	0	0
1	1	UID557381	1	1	0	0
1	1	UID557384	1	1	0	0
1	1	UID557395	1	1	0	0
1	1	UID557400	1	1	0	0
1	1	UID557404	1	1	0	0
1	1	UID557426	1	1	0	0
1	1	UID557430	1	1	0	0
1	1	UID557435	1	1	0	0
1	1	UID557440	1	1	0	0
1	1	UID557482	1	1	0	0
1	1	UID557488	1	1	0	0
1	1	UID557538	1	1	0	0
1	1	UID557541	1	1	0	0
1	1	UID557544	1	1	0	0
1	1	UID557546	1	1	0	0
1	1	UID557547	1	1	0	0
1	1	UID557548	1	1	0	0
1	1	UID557553	1	1	0	0
1	1	UID557554	1	1	0	0
1	1	UID557560	1	1	0	0
1	1	UID557565	1	1	0	0
1	1	UID557567	1	1	0	0
1	1	UID557576	1	1	0	0
1	1	UID557590	1	1	0	0
1	1	UID557597	1	1	0	0
1	1	UID557609	1	1	0	0
1	1	UID557616	1	1	0	0
1	1	UID557617	1	1	0	0
1	1	UID557618	1	1	0	0
1	1	UID557619	1	1	0	0
1	1	UID557624	1	1	0	0
1	1	UID557625	1	1	0	0
1	1	UID557626	1	1	0	0
1	1	UID557628	1	1	0	0
1	1	UID557629	1	1	0	0
1	1	UID557636	1	1	0	0
1	1	UID557640	1	1	0	0
1	1	UID557647	1	1	0	0
1	1	UID557648	1	1	0	0
1	1	UID557649	1	1	0	0
1	1	UID557650	1	1	0	0
1	1	UID557654	1	1	0	0
1	1	UID557657	1	1	0	0
1	1	UID557658	1	1	0	0
1	1	UID557663	1	1	0	0
1	1	UID557674	1	1	0	0
1	1	UID557677	1	1	0	0
1	1	UID557701	1	1	0	0
1	1	UID557711	1	1	0	0
1	1	UID557715	1	1	0	0
1	1	UID557721	1	1	0	0
1	1	UID557724	1	1	0	0
1	1	UID557740	1	1	0	0
1	1	UID557774	1	1	0	0
1	1	UID557788	1	1	0	0
1	1	UID557789	1	1	0	0
1	1	UID557791	1	1	0	0
1	1	UID557802	1	1	0	0
1	1	UID557811	1	1	0	0
1	1	UID557815	1	1	0	0
1	1	UID557822	1	1	0	0
1	1	UID557823	1	1	0	0
1	1	UID557834	1	1	0	0
1	1	UID557835	1	1	0	0
1	1	UID557836	1	1	0	0
1	1	UID557841	1	1	0	0
1	1	UID557858	1	1	0	0
1	1	UID557861	1	1	0	0
1	1	UID557863	1	1	0	0
1	1	UID557867	1	1	0	0
1	1	UID557887	1	1	0	0
1	1	UID557888	1	1	0	0
1	1	UID557890	1	1	0	0
1	1	UID557895	1	1	0	0
1	1	UID557899	1	1	0	0
1	1	UID557900	1	1	0	0
1	1	UID557906	1	1	0	0
1	1	UID557907	1	1	0	0
1	1	UID557908	1	1	0	0
1	1	UID557929	1	1	0	0
1	1	UID557932	1	1	0	0
1	1	UID557938	1	1	0	0
1	1	UID557939	1	1	0	0
1	1	UID557951	1	1	0	0
1	1	UID557954	1	1	0	0
1	1	UID557958	1	1	0	0
1	1	UID557964	1	1	0	0
1	1	UID557973	1	1	0	0
1	1	UID557981	1	1	0	0
1	1	UID557982	1	1	0	0
1	1	UID557983	1	1	0	0
1	1	UID557986	1	1	0	0
1	1	UID557991	1	1	0	0
1	1	UID558010	1	1	0	0
1	1	UID558024	1	1	0	0
1	1	UID558025	1	1	0	0
1	1	UID558031	1	1	0	0
1	1	UID558037	1	1	0	0
1	1	UID558073	1	1	0	0
1	1	UID558074	1	1	0	0
1	1	UID558094	1	1	0	0
1	1	UID558144	1	1	0	0
1	1	UID558165	1	1	0	0
1	1	UID558187	1	1	0	0
1	1	UID558206	1	1	0	0
1	1	UID558208	1	1	0	0
1	1	UID558229	1	1	0	0
1	1	UID558251	1	1	0	0
1	1	UID558252	1	1	0	0
1	1	UID558277	1	1	0	0
1	1	UID558281	1	1	0	0
1	1	UID558290	1	1	0	0
1	1	UID558326	1	1	0	0
1	1	UID558328	1	1	0	0
1	1	UID558332	1	1	0	0
1	1	UID558335	1	1	0	0
1	1	UID558341	1	1	0	0
1	1	UID558343	1	1	0	0
1	1	UID558345	1	1	0	0
1	1	UID558346	1	1	0	0
1	1	UID558348	1	1	0	0
1	1	UID558352	1	1	0	0
1	1	UID558353	1	1	0	0
1	1	UID558354	1	1	0	0
1	1	UID558355	1	1	0	0
1	1	UID558356	1	1	0	0
1	1	UID558358	1	1	0	0
1	1	UID558359	1	1	0	0
1	1	UID558364	1	1	0	0
1	1	UID558368	1	1	0	0
1	1	UID558369	1	1	0	0
1	1	UID558376	1	1	0	0
1	1	UID558383	1	1	0	0
1	1	UID558388	1	1	0	0
1	1	UID558394	1	1	0	0
1	1	UID558398	1	1	0	0
1	1	UID558399	1	1	0	0
1	1	UID558402	1	1	0	0
1	1	UID558403	1	1	0	0
1	1	UID558404	1	1	0	0
1	1	UID558414	1	1	0	0
1	1	UID558420	1	1	0	0
1	1	UID558423	1	1	0	0
1	1	UID558424	1	1	0	0
1	1	UID558430	1	1	0	0
1	1	UID558431	1	1	0	0
1	1	UID558443	1	1	0	0
1	1	UID558472	1	1	0	0
1	1	UID558482	1	1	0	0
1	1	UID558484	1	1	0	0
1	1	UID558485	1	1	0	0
1	1	UID558564	1	1	0	0
1	1	UID558571	1	1	0	0
1	1	UID558579	1	1	0	0
1	1	UID558589	1	1	0	0
1	1	UID558593	1	1	0	0
1	1	UID558595	1	1	0	0
1	1	UID558606	1	1	0	0
1	1	UID558612	1	1	0	0
1	1	UID558613	1	1	0	0
1	1	UID558623	1	1	0	0
1	1	UID558624	1	1	0	0
1	1	UID558637	1	1	0	0
1	1	UID558640	1	1	0	0
1	1	UID558641	1	1	0	0
1	1	UID558643	1	1	0	0
1	1	UID558650	1	1	0	0
1	1	UID558653	1	1	0	0
1	1	UID558654	1	1	0	0
1	1	UID558655	1	1	0	0
1	1	UID558668	1	1	0	0
1	1	UID558669	1	1	0	0
1	1	UID558672	1	1	0	0
1	1	UID558673	1	1	0	0
1	1	UID558675	1	1	0	0
1	1	UID558676	1	1	0	0
1	1	UID558678	1	1	0	0
1	1	UID558682	1	1	0	0
1	1	UID558684	1	1	0	0
1	1	UID558690	1	1	0	0
1	1	UID558706	1	1	0	0
1	1	UID558707	1	1	0	0
1	1	UID558708	1	1	0	0
1	1	UID558709	1	1	0	0
1	1	UID558715	1	1	0	0
1	1	UID558716	1	1	0	0
1	1	UID558717	1	1	0	0
1	1	UID558720	1	1	0	0
1	1	UID558737	1	1	0	0
1	1	UID558738	1	1	0	0
1	1	UID558749	1	1	0	0
1	1	UID558750	1	1	0	0
1	1	UID558751	1	1	0	0
1	1	UID558753	1	1	0	0
1	1	UID558757	1	1	0	0
1	1	UID558767	1	1	0	0
1	1	UID558777	1	1	0	0
1	1	UID558782	1	1	0	0
1	1	UID558783	1	1	0	0
1	1	UID558793	1	1	0	0
1	1	UID558794	1	1	0	0
1	1	UID558799	1	1	0	0
1	1	UID558800	1	1	0	0
1	1	UID558810	1	1	0	0
1	1	UID558824	1	1	0	0
1	1	UID558826	1	1	0	0
1	1	UID558828	1	1	0	0
1	1	UID558861	1	1	0	0
1	1	UID558874	1	1	0	0
1	1	UID558877	1	1	0	0
1	1	UID558878	1	1	0	0
1	1	UID558883	1	1	0	0
1	1	UID558887	1	1	0	0
1	1	UID558891	1	1	0	0
1	1	UID558899	1	1	0	0
1	1	UID558907	1	1	0	0
1	1	UID558914	1	1	0	0
1	1	UID558917	1	1	0	0
1	1	UID558918	1	1	0	0
1	1	UID558923	1	1	0	0
1	1	UID558938	1	1	0	0
1	1	UID558941	1	1	0	0
1	1	UID558944	1	1	0	0
1	1	UID558961	1	1	0	0
1	1	UID558963	1	1	0	0
1	1	UID558964	1	1	0	0
1	1	UID558967	1	1	0	0
1	1	UID558977	1	1	0	0
1	1	UID558978	1	1	0	0
1	1	UID558990	1	1	0	0
1	1	UID558991	1	1	0	0
1	1	UID558992	1	1	0	0
1	1	UID558994	1	1	0	0
1	1	UID559011	1	1	0	0
1	1	UID559041	1	1	0	0
1	1	UID559048	1	1	0	0
1	1	UID559049	1	1	0	0
1	1	UID559052	1	1	0	0
1	1	UID559056	1	1	0	0
1	1	UID559058	1	1	0	0
1	1	UID559060	1	1	0	0
1	1	UID559100	1	1	0	0
1	1	UID559162	1	1	0	0
1	1	UID559175	1	1	0	0
1	1	UID559180	1	1	0	0
1	1	UID559189	1	1	0	0
1	1	UID559200	1	1	0	0
1	1	UID559205	1	1	0	0
1	1	UID559207	1	1	0	0
1	1	UID559216	1	1	0	0
1	1	UID559227	1	1	0	0
1	1	UID559235	1	1	0	0
1	1	UID559238	1	1	0	0
1	1	UID559241	1	1	0	0
1	1	UID559271	1	1	0	0
1	1	UID559274	1	1	0	0
1	1	UID559283	1	1	0	0
1	1	UID559285	1	1	0	0
1	1	UID559287	1	1	0	0
1	1	UID559288	1	1	0	0
1	1	UID559289	1	1	0	0
1	1	UID559302	1	1	0	0
1	1	UID559303	1	1	0	0
1	1	UID559305	1	1	0	0
1	1	UID559307	1	1	0	0
1	1	UID559308	1	1	0	0
1	1	UID559309	1	1	0	0
1	1	UID559310	1	1	0	0
1	1	UID559311	1	1	0	0
1	1	UID559312	1	1	0	0
1	1	UID559313	1	1	0	0
1	1	UID559325	1	1	0	0
1	1	UID559327	1	1	0	0
1	1	UID559337	1	1	0	0
1	1	UID559344	1	1	0	0
1	1	UID559346	1	1	0	0
1	1	UID559354	1	1	0	0
1	1	UID559384	1	1	0	0
1	1	UID559387	1	1	0	0
1	1	UID559400	1	1	0	0
1	1	UID559403	1	1	0	0
1	1	UID559405	1	1	0	0
1	1	UID559406	1	1	0	0
1	1	UID559422	1	1	0	0
1	1	UID559470	1	1	0	0
1	1	UID559489	1	1	0	0
1	1	UID559490	1	1	0	0
1	1	UID559492	1	1	0	0
1	1	UID559499	1	1	0	0
1	1	UID559502	1	1	0	0
1	1	UID559503	1	1	0	0
1	1	UID559505	1	1	0	0
1	1	UID559506	1	1	0	0
1	1	UID559515	1	1	0	0
1	1	UID559520	1	1	0	0
1	1	UID559526	1	1	0	0
1	1	UID559529	1	1	0	0
1	1	UID559530	1	1	0	0
1	1	UID559543	1	1	0	0
1	1	UID559558	1	1	0	0
1	1	UID559563	1	1	0	0
1	1	UID559574	1	1	0	0
1	1	UID559575	1	1	0	0
1	1	UID559577	1	1	0	0
1	1	UID559594	1	1	0	0
1	1	UID559602	1	1	0	0
1	1	UID559603	1	1	0	0
1	1	UID559605	1	1	0	0
1	1	UID559611	1	1	0	0
1	1	UID559612	1	1	0	0
1	1	UID559672	1	1	0	0
1	1	UID559690	1	1	0	0
1	1	UID559712	1	1	0	0
1	1	UID559717	1	1	0	0
2	2	UID559726	1	2	1	1
1	1	UID559735	1	1	0	0
1	1	UID559739	1	1	0	0
1	1	UID559748	1	1	0	0
1	1	UID559796	1	1	0	0
1	1	UID559809	1	1	0	0
1	1	UID559823	1	1	0	0
1	1	UID559839	1	1	0	0
1	1	UID559843	1	1	0	0
1	1	UID559844	1	1	0	0
1	1	UID559849	1	1	0	0
1	1	UID559852	1	1	0	0
1	1	UID559856	1	1	0	0
1	1	UID559861	1	1	0	0
1	1	UID559865	1	1	0	0
1	1	UID559871	1	1	0	0
1	1	UID559883	1	1	0	0
1	1	UID559889	1	1	0	0
1	1	UID559890	1	1	0	0
1	1	UID559899	1	1	0	0
1	1	UID559900	1	1	0	0
1	1	UID559901	1	1	0	0
1	1	UID559920	1	1	0	0
1	1	UID559921	1	1	0	0
1	1	UID559922	1	1	0	0
1	1	UID559925	1	1	0	0
1	1	UID559929	1	1	0	0
1	1	UID559932	1	1	0	0
1	1	UID559939	1	1	0	0
1	1	UID559947	1	1	0	0
1	1	UID559958	1	1	0	0
1	1	UID559965	1	1	0	0
1	1	UID559968	1	1	0	0
1	1	UID559985	1	1	0	0
1	1	UID559991	1	1	0	0
1	1	UID560003	1	1	0	0
1	1	UID560006	1	1	0	0
1	1	UID560033	1	1	0	0
1	1	UID560054	1	1	0	0
1	1	UID560055	1	1	0	0
1	1	UID560056	1	1	0	0
1	1	UID560060	1	1	0	0
1	1	UID560061	1	1	0	0
1	1	UID560062	1	1	0	0
1	1	UID560064	1	1	0	0
2	2	UID560065	1	2	1	1
1	1	UID560067	1	1	0	0
1	1	UID560089	1	1	0	0
1	1	UID560106	1	1	0	0
1	1	UID560114	1	1	0	0
1	1	UID560134	1	1	0	0
1	1	UID560152	1	1	0	0
1	1	UID560158	1	1	0	0
1	1	UID560162	1	1	0	0
1	1	UID560165	1	1	0	0
1	1	UID560168	1	1	0	0
1	1	UID560169	1	1	0	0
1	1	UID560178	1	1	0	0
1	1	UID560180	1	1	0	0
1	1	UID560193	1	1	0	0
1	1	UID560194	1	1	0	0
1	1	UID560200	1	1	0	0
1	1	UID560204	1	1	0	0
1	1	UID560214	1	1	0	0
1	1	UID560226	1	1	0	0
1	1	UID560234	1	1	0	0
1	1	UID560235	1	1	0	0
1	1	UID560237	1	1	0	0
1	1	UID560240	1	1	0	0
2	2	UID560268	1	2	1	1
1	1	UID560283	1	1	0	0
1	1	UID560303	1	1	0	0
1	1	UID560319	1	1	0	0
1	1	UID560325	1	1	0	0
1	1	UID560328	1	1	0	0
1	1	UID560335	1	1	0	0
1	1	UID560337	1	1	0	0
1	1	UID560339	1	1	0	0
1	1	UID560343	1	1	0	0
1	1	UID560353	1	1	0	0
1	1	UID560355	1	1	0	0
1	1	UID560356	1	1	0	0
1	1	UID560357	1	1	0	0
1	1	UID560358	1	1	0	0
1	1	UID560365	1	1	0	0
1	1	UID560370	1	1	0	0
1	1	UID560371	1	1	0	0
1	1	UID560378	1	1	0	0
1	1	UID560387	1	1	0	0
1	1	UID560388	1	1	0	0
1	1	UID560393	1	1	0	0
1	1	UID560406	1	1	0	0
1	1	UID560418	1	1	0	0
1	1	UID560452	1	1	0	0
1	1	UID560461	1	1	0	0
1	1	UID560462	1	1	0	0
1	1	UID560473	1	1	0	0
1	1	UID560476	1	1	0	0
1	1	UID560477	1	1	0	0
1	1	UID560484	1	1	0	0
1	1	UID560487	1	1	0	0
1	1	UID560488	1	1	0	0
1	1	UID560495	1	1	0	0
1	1	UID560497	1	1	0	0
1	1	UID560521	1	1	0	0
1	1	UID560526	1	1	0	0
1	1	UID560532	1	1	0	0
1	1	UID560556	1	1	0	0
1	1	UID560560	1	1	0	0
1	1	UID560566	1	1	0	0
1	1	UID560574	1	1	0	0
1	1	UID560575	1	1	0	0
1	1	UID560582	1	1	0	0
1	1	UID560586	1	1	0	0
1	1	UID560606	1	1	0	0
1	1	UID560670	1	1	0	0
1	1	UID560672	1	1	0	0
1	1	UID560673	1	1	0	0
1	1	UID560674	1	1	0	0
1	1	UID560676	1	1	0	0
1	1	UID560681	1	1	0	0
1	1	UID560683	1	1	0	0
1	1	UID560687	1	1	0	0
1	1	UID560688	1	1	0	0
1	1	UID560689	1	1	0	0
1	1	UID560691	1	1	0	0
1	1	UID560694	1	1	0	0
1	1	UID560698	1	1	0	0
1	1	UID560704	1	1	0	0
1	1	UID560705	1	1	0	0
1	1	UID560706	1	1	0	0
1	1	UID560713	1	1	0	0
1	1	UID560717	1	1	0	0
1	1	UID560722	1	1	0	0
1	1	UID560729	1	1	0	0
1	1	UID560739	1	1	0	0
1	1	UID560741	1	1	0	0
1	1	UID560743	1	1	0	0
1	1	UID560753	1	1	0	0
1	1	UID560755	1	1	0	0
1	1	UID560764	1	1	0	0
1	1	UID560775	1	1	0	0
1	1	UID560782	1	1	0	0
1	1	UID560786	1	1	0	0
1	1	UID560787	1	1	0	0
1	1	UID560822	1	1	0	0
1	1	UID560844	1	1	0	0
1	1	UID560865	1	1	0	0
1	1	UID560867	1	1	0	0
1	1	UID560870	1	1	0	0
1	1	UID560882	1	1	0	0
1	1	UID560895	1	1	0	0
1	1	UID560902	1	1	0	0
1	1	UID560905	1	1	0	0
1	1	UID560906	1	1	0	0
1	1	UID560908	1	1	0	0
1	1	UID560910	1	1	0	0
1	1	UID560912	1	1	0	0
1	1	UID560914	1	1	0	0
1	1	UID560923	1	1	0	0
1	1	UID560924	1	1	0	0
1	1	UID560926	1	1	0	0
1	1	UID560927	1	1	0	0
1	1	UID560929	1	1	0	0
1	1	UID560931	1	1	0	0
1	1	UID560934	1	1	0	0
1	1	UID560948	1	1	0	0
1	1	UID560983	1	1	0	0
1	1	UID560984	1	1	0	0
1	1	UID560985	1	1	0	0
1	1	UID560992	1	1	0	0
1	1	UID560997	1	1	0	0
1	1	UID561019	1	1	0	0
1	1	UID561024	1	1	0	0
1	1	UID561025	1	1	0	0
1	1	UID561027	1	1	0	0
2	2	UID561028	1	2	1	1
1	1	UID561033	1	1	0	0
1	1	UID561038	1	1	0	0
1	1	UID561040	1	1	0	0
1	1	UID561041	1	1	0	0
1	1	UID561044	1	1	0	0
1	1	UID561045	1	1	0	0
1	1	UID561048	1	1	0	0
1	1	UID561049	1	1	0	0
1	1	UID561052	1	1	0	0
1	1	UID561068	1	1	0	0
1	1	UID561069	1	1	0	0
1	1	UID561072	1	1	0	0
1	1	UID561073	1	1	0	0
1	1	UID561076	1	1	0	0
1	1	UID561080	1	1	0	0
1	1	UID561095	1	1	0	0
1	1	UID561107	1	1	0	0
1	1	UID561118	1	1	0	0
1	1	UID561120	1	1	0	0
1	1	UID561122	1	1	0	0
1	1	UID561130	1	1	0	0
1	1	UID561144	1	1	0	0
1	1	UID561159	1	1	0	0
1	1	UID561173	1	1	0	0
1	1	UID561208	1	1	0	0
1	1	UID561217	1	1	0	0
1	1	UID561244	1	1	0	0
1	1	UID561252	1	1	0	0
1	1	UID561253	1	1	0	0
1	1	UID561267	1	1	0	0
1	1	UID561269	1	1	0	0
1	1	UID561270	1	1	0	0
1	1	UID561276	1	1	0	0
1	1	UID561277	1	1	0	0
1	1	UID561281	1	1	0	0
1	1	UID561285	1	1	0	0
1	1	UID561287	1	1	0	0
1	1	UID561289	1	1	0	0
1	1	UID561290	1	1	0	0
1	1	UID561294	1	1	0	0
1	1	UID561296	1	1	0	0
1	1	UID561297	1	1	0	0
1	1	UID561300	1	1	0	0
1	1	UID561309	1	1	0	0
1	1	UID561310	1	1	0	0
2	2	UID561350	1	2	1	1
1	1	UID561352	1	1	0	0
1	1	UID561362	1	1	0	0
1	1	UID561369	1	1	0	0
1	1	UID561383	1	1	0	0
1	1	UID561413	1	1	0	0
1	1	UID561418	1	1	0	0
1	1	UID561421	1	1	0	0
1	1	UID561425	1	1	0	0
1	1	UID561426	1	1	0	0
2	2	UID561430	1	2	1	1
1	1	UID561444	1	1	0	0
1	1	UID561473	1	1	0	0
1	1	UID561474	1	1	0	0
1	1	UID561476	1	1	0	0
1	1	UID561478	1	1	0	0
1	1	UID561480	1	1	0	0
1	1	UID561483	1	1	0	0
1	1	UID561484	1	1	0	0
1	1	UID561485	1	1	0	0
1	1	UID561487	1	1	0	0
1	1	UID561488	1	1	0	0
1	1	UID561489	1	1	0	0
1	1	UID561491	1	1	0	0
1	1	UID561493	1	1	0	0
1	1	UID561495	1	1	0	0
1	1	UID561499	1	1	0	0
1	1	UID561504	1	1	0	0
1	1	UID561506	1	1	0	0
1	1	UID561508	1	1	0	0
1	1	UID561510	1	1	0	0
1	1	UID561511	1	1	0	0
1	1	UID561512	1	1	0	0
1	1	UID561513	1	1	0	0
1	1	UID561515	1	1	0	0
1	1	UID561516	1	1	0	0
1	1	UID561521	1	1	0	0
1	1	UID561522	1	1	0	0
1	1	UID561552	1	1	0	0
1	1	UID561556	1	1	0	0
1	1	UID561558	1	1	0	0
4	4	UID561560	1	4	2	2
1	1	UID561561	1	1	0	0
1	1	UID561565	1	1	0	0
1	1	UID561567	1	1	0	0
1	1	UID561568	1	1	0	0
1	1	UID561569	1	1	0	0
1	1	UID561571	1	1	0	0
1	1	UID561582	1	1	0	0
1	1	UID561587	1	1	0	0
1	1	UID561594	1	1	0	0
1	1	UID561604	1	1	0	0
1	1	UID561607	1	1	0	0
1	1	UID561608	1	1	0	0
1	1	UID561609	1	1	0	0
1	1	UID561610	1	1	0	0
1	1	UID561615	1	1	0	0
1	1	UID561616	1	1	0	0
1	1	UID561618	1	1	0	0
1	1	UID561619	1	1	0	0
1	1	UID561620	1	1	0	0
1	1	UID561622	1	1	0	0
1	1	UID561623	1	1	0	0
1	1	UID561625	1	1	0	0
1	1	UID561626	1	1	0	0
1	1	UID561628	1	1	0	0
1	1	UID561629	1	1	0	0
1	1	UID561630	1	1	0	0
1	1	UID561631	1	1	0	0
1	1	UID561633	1	1	0	0
1	1	UID561634	1	1	0	0
1	1	UID561635	1	1	0	0
1	1	UID561636	1	1	0	0
1	1	UID561637	1	1	0	0
1	1	UID561638	1	1	0	0
1	1	UID561640	1	1	0	0
1	1	UID561642	1	1	0	0
1	1	UID561644	1	1	0	0
1	1	UID561646	1	1	0	0
1	1	UID561648	1	1	0	0
1	1	UID561650	1	1	0	0
1	1	UID561654	1	1	0	0
1	1	UID561655	1	1	0	0
1	1	UID561656	1	1	0	0
1	1	UID561658	1	1	0	0
1	1	UID561659	1	1	0	0
1	1	UID561661	1	1	0	0
1	1	UID561662	1	1	0	0
1	1	UID561665	1	1	0	0
1	1	UID561666	1	1	0	0
1	1	UID561675	1	1	0	0
1	1	UID561677	1	1	0	0
1	1	UID561678	1	1	0	0
1	1	UID561683	1	1	0	0
1	1	UID561684	1	1	0	0
1	1	UID561697	1	1	0	0
1	1	UID561707	1	1	0	0
1	1	UID561730	1	1	0	0
1	1	UID561731	1	1	0	0
1	1	UID561732	1	1	0	0
1	1	UID561742	1	1	0	0
1	1	UID561748	1	1	0	0
1	1	UID561751	1	1	0	0
1	1	UID561762	1	1	0	0
1	1	UID561767	1	1	0	0
1	1	UID561768	1	1	0	0
1	1	UID561774	1	1	0	0
1	1	UID561781	1	1	0	0
1	1	UID561794	1	1	0	0
1	1	UID561804	1	1	0	0
1	1	UID561807	1	1	0	0
1	1	UID561808	1	1	0	0
1	1	UID561810	1	1	0	0
1	1	UID561811	1	1	0	0
1	1	UID561812	1	1	0	0
1	1	UID561818	1	1	0	0
1	1	UID561820	1	1	0	0
1	1	UID561824	1	1	0	0
1	1	UID561829	1	1	0	0
1	1	UID561838	1	1	0	0
1	1	UID561862	1	1	0	0
2	2	UID561875	1	2	1	1
1	1	UID561881	1	1	0	0
1	1	UID561882	1	1	0	0
1	1	UID561889	1	1	0	0
1	1	UID561952	1	1	0	0
1	1	UID561973	1	1	0	0
1	1	UID562027	1	1	0	0
1	1	UID562030	1	1	0	0
1	1	UID562053	1	1	0	0
2	2	UID562056	1	2	1	1
1	1	UID562058	1	1	0	0
1	1	UID562060	1	1	0	0
1	1	UID562070	1	1	0	0
1	1	UID562072	1	1	0	0
1	1	UID562075	1	1	0	0
1	1	UID562081	1	1	0	0
1	1	UID562089	1	1	0	0
1	1	UID562094	1	1	0	0
1	1	UID562100	1	1	0	0
1	1	UID562104	1	1	0	0
1	1	UID562118	1	1	0	0
1	1	UID562166	1	1	0	0
1	1	UID562176	1	1	0	0
1	1	UID562177	1	1	0	0
1	1	UID562184	1	1	0	0
1	1	UID562207	1	1	0	0
1	1	UID562248	1	1	0	0
1	1	UID562252	1	1	0	0
1	1	UID562254	1	1	0	0
1	1	UID562260	1	1	0	0
1	1	UID562261	1	1	0	0
1	1	UID562264	1	1	0	0
1	1	UID562269	1	1	0	0
1	1	UID562279	1	1	0	0
1	1	UID562286	1	1	0	0
1	1	UID562331	1	1	0	0
1	1	UID562339	1	1	0	0
1	1	UID562342	1	1	0	0
1	1	UID562349	1	1	0	0
1	1	UID562351	1	1	0	0
1	1	UID562357	1	1	0	0
1	1	UID562360	1	1	0	0
1	1	UID562362	1	1	0	0
1	1	UID562365	1	1	0	0
1	1	UID562370	1	1	0	0
1	1	UID562374	1	1	0	0
1	1	UID562379	1	1	0	0
1	1	UID562380	1	1	0	0
1	1	UID562381	1	1	0	0
1	1	UID562409	1	1	0	0
1	1	UID562436	1	1	0	0
1	1	UID562445	1	1	0	0
1	1	UID562446	1	1	0	0
1	1	UID562449	1	1	0	0
1	1	UID562452	1	1	0	0
1	1	UID562453	1	1	0	0
1	1	UID562456	1	1	0	0
1	1	UID562457	1	1	0	0
1	1	UID562466	1	1	0	0
1	1	UID562481	1	1	0	0
1	1	UID562517	1	1	0	0
1	1	UID562559	1	1	0	0
1	1	UID562572	1	1	0	0
1	1	UID562581	1	1	0	0
1	1	UID562589	1	1	0	0
1	1	UID562600	1	1	0	0
1	1	UID562605	1	1	0	0
1	1	UID562607	1	1	0	0
1	1	UID562609	1	1	0	0
1	1	UID562636	1	1	0	0
1	1	UID562652	1	1	0	0
1	1	UID562660	1	1	0	0
1	1	UID562676	1	1	0	0
1	1	UID562688	1	1	0	0
1	1	UID562699	1	1	0	0
1	1	UID562711	1	1	0	0
1	1	UID562713	1	1	0	0
1	1	UID562715	1	1	0	0
1	1	UID562723	1	1	0	0
1	1	UID562724	1	1	0	0
1	1	UID562727	1	1	0	0
1	1	UID562734	1	1	0	0
1	1	UID562735	1	1	0	0
1	1	UID562751	1	1	0	0
1	1	UID562763	1	1	0	0
1	1	UID562775	1	1	0	0
1	1	UID562781	1	1	0	0
1	1	UID562800	1	1	0	0
1	1	UID562802	1	1	0	0
1	1	UID562804	1	1	0	0
1	1	UID562806	1	1	0	0
1	1	UID562815	1	1	0	0
1	1	UID562823	1	1	0	0
1	1	UID562849	1	1	0	0
1	1	UID562887	1	1	0	0
1	1	UID562888	1	1	0	0
1	1	UID562940	1	1	0	0
1	1	UID562951	1	1	0	0
1	1	UID562967	1	1	0	0
1	1	UID562976	1	1	0	0
1	1	UID562994	1	1	0	0
1	1	UID563004	1	1	0	0
1	1	UID563005	1	1	0	0
1	1	UID563006	1	1	0	0
1	1	UID563007	1	1	0	0
1	1	UID563008	1	1	0	0
1	1	UID563015	1	1	0	0
1	1	UID563019	1	1	0	0
1	1	UID563030	1	1	0	0
1	1	UID563116	1	1	0	0
1	1	UID563123	1	1	0	0
1	1	UID563125	1	1	0	0
1	1	UID563128	1	1	0	0
1	1	UID563130	1	1	0	0
1	1	UID563133	1	1	0	0
1	1	UID563149	1	1	0	0
1	1	UID563151	1	1	0	0
1	1	UID563160	1	1	0	0
1	1	UID563172	1	1	0	0
1	1	UID563177	1	1	0	0
1	1	UID563185	1	1	0	0
1	1	UID563188	1	1	0	0
1	1	UID563197	1	1	0	0
1	1	UID563201	1	1	0	0
1	1	UID563218	1	1	0	0
1	1	UID563219	1	1	0	0
1	1	UID563226	1	1	0	0
1	1	UID563248	1	1	0	0
1	1	UID563251	1	1	0	0
1	1	UID563281	1	1	0	0
1	1	UID563282	1	1	0	0
1	1	UID563292	1	1	0	0
1	1	UID563294	1	1	0	0
1	1	UID563310	1	1	0	0
1	1	UID563318	1	1	0	0
1	1	UID563371	1	1	0	0
1	1	UID563387	1	1	0	0
1	1	UID563393	1	1	0	0
1	1	UID563399	1	1	0	0
1	1	UID563400	1	1	0	0
1	1	UID563402	1	1	0	0
1	1	UID563410	1	1	0	0
1	1	UID563420	1	1	0	0
1	1	UID563429	1	1	0	0
1	1	UID563433	1	1	0	0
1	1	UID563438	1	1	0	0
1	1	UID563451	1	1	0	0
2	2	UID563460	1	2	1	1
1	1	UID563476	1	1	0	0
1	1	UID563477	1	1	0	0
1	1	UID563482	1	1	0	0
1	1	UID563490	1	1	0	0
1	1	UID563493	1	1	0	0
1	1	UID563495	1	1	0	0
1	1	UID563506	1	1	0	0
1	1	UID563507	1	1	0	0
1	1	UID563509	1	1	0	0
1	1	UID563511	1	1	0	0
1	1	UID563523	1	1	0	0
1	1	UID563538	1	1	0	0
1	1	UID563567	1	1	0	0
1	1	UID563573	1	1	0	0
1	1	UID563593	1	1	0	0
1	1	UID563626	1	1	0	0
1	1	UID563627	1	1	0	0
1	1	UID563632	1	1	0	0
1	1	UID563640	1	1	0	0
3	3	UID563641	1	3	2	2
1	1	UID563642	1	1	0	0
1	1	UID563643	1	1	0	0
1	1	UID563644	1	1	0	0
1	1	UID563650	1	1	0	0
1	1	UID563653	1	1	0	0
1	1	UID563656	1	1	0	0
1	1	UID563661	1	1	0	0
1	1	UID563669	1	1	0	0
1	1	UID563670	1	1	0	0
1	1	UID563672	1	1	0	0
1	1	UID563678	1	1	0	0
1	1	UID563680	1	1	0	0
1	1	UID563685	1	1	0	0
1	1	UID563696	1	1	0	0
1	1	UID563699	1	1	0	0
1	1	UID563700	1	1	0	0
1	1	UID563719	1	1	0	0
1	1	UID563763	1	1	0	0
1	1	UID563778	1	1	0	0
4	4	UID563794	1	4	2	2
1	1	UID563796	1	1	0	0
1	1	UID563800	1	1	0	0
1	1	UID563801	1	1	0	0
1	1	UID563803	1	1	0	0
2	2	UID563804	1	2	1	1
1	1	UID563807	1	1	0	0
1	1	UID563819	1	1	0	0
1	1	UID563852	1	1	0	0
1	1	UID563867	1	1	0	0
1	1	UID563871	1	1	0	0
1	1	UID563925	1	1	0	0
1	1	UID563927	1	1	0	0
1	1	UID563940	1	1	0	0
1	1	UID563958	1	1	0	0
1	1	UID563965	1	1	0	0
1	1	UID563982	1	1	0	0
1	1	UID564027	1	1	0	0
1	1	UID564035	1	1	0	0
1	1	UID564036	1	1	0	0
1	1	UID564037	1	1	0	0
1	1	UID564050	1	1	0	0
1	1	UID564056	1	1	0	0
1	1	UID564112	1	1	0	0
1	1	UID564113	1	1	0	0
1	1	UID564139	1	1	0	0
1	1	UID564143	1	1	0	0
1	1	UID564151	1	1	0	0
1	1	UID564156	1	1	0	0
1	1	UID564179	1	1	0	0
1	1	UID564270	1	1	0	0
1	1	UID564274	1	1	0	0
1	1	UID564275	1	1	0	0
1	1	UID564276	1	1	0	0
1	1	UID564281	1	1	0	0
2	2	UID564282	1	2	1	1
1	1	UID564289	1	1	0	0
1	1	UID564295	1	1	0	0
1	1	UID564297	1	1	0	0
1	1	UID564301	1	1	0	0
1	1	UID564302	1	1	0	0
1	1	UID564308	1	1	0	0
1	1	UID564337	1	1	0	0
1	1	UID564339	1	1	0	0
1	1	UID564342	1	1	0	0
1	1	UID564366	1	1	0	0
1	1	UID564374	1	1	0	0
1	1	UID564380	1	1	0	0
1	1	UID564382	1	1	0	0
1	1	UID564385	1	1	0	0
1	1	UID564387	1	1	0	0
1	1	UID564391	1	1	0	0
1	1	UID564394	1	1	0	0
1	1	UID564396	1	1	0	0
1	1	UID564422	1	1	0	0
1	1	UID564480	1	1	0	0
1	1	UID564495	1	1	0	0
1	1	UID564508	1	1	0	0
1	1	UID564516	1	1	0	0
1	1	UID564520	1	1	0	0
1	1	UID564522	1	1	0	0
1	1	UID564524	1	1	0	0
1	1	UID564525	1	1	0	0
1	1	UID564534	1	1	0	0
1	1	UID564535	1	1	0	0
1	1	UID564543	1	1	0	0
1	1	UID564559	1	1	0	0
1	1	UID564584	1	1	0	0
1	1	UID564588	1	1	0	0
1	1	UID564595	1	1	0	0
1	1	UID564608	1	1	0	0
1	1	UID564636	1	1	0	0
1	1	UID564641	1	1	0	0
1	1	UID564644	1	1	0	0
1	1	UID564647	1	1	0	0
1	1	UID564651	1	1	0	0
1	1	UID564674	1	1	0	0
1	1	UID564709	1	1	0	0
1	1	UID564740	1	1	0	0
1	1	UID564742	1	1	0	0
1	1	UID564743	1	1	0	0
1	1	UID564744	1	1	0	0
1	1	UID564745	1	1	0	0
1	1	UID564773	1	1	0	0
1	1	UID564876	1	1	0	0
1	1	UID564877	1	1	0	0
1	1	UID564940	1	1	0	0
1	1	UID564941	1	1	0	0
1	1	UID564942	1	1	0	0
1	1	UID564943	1	1	0	0
1	1	UID564953	1	1	0	0
1	1	UID564971	1	1	0	0
1	1	UID564979	1	1	0	0
1	1	UID564990	1	1	0	0
1	1	UID564997	1	1	0	0
1	1	UID565008	1	1	0	0
1	1	UID565013	1	1	0	0
1	1	UID565015	1	1	0	0
1	1	UID565017	1	1	0	0
1	1	UID565028	1	1	0	0
1	1	UID565031	1	1	0	0
1	1	UID565038	1	1	0	0
1	1	UID565059	1	1	0	0
1	1	UID565062	1	1	0	0
2	2	UID565095	1	2	1	1
1	1	UID565107	1	1	0	0
1	1	UID565110	1	1	0	0
1	1	UID565116	1	1	0	0
1	1	UID565122	1	1	0	0
1	1	UID565128	1	1	0	0
1	1	UID565145	1	1	0	0
1	1	UID565197	1	1	0	0
1	1	UID565209	1	1	0	0
1	1	UID565215	1	1	0	0
1	1	UID565217	1	1	0	0
1	1	UID565224	1	1	0	0
1	1	UID565225	1	1	0	0
1	1	UID565226	1	1	0	0
1	1	UID565233	1	1	0	0
1	1	UID565234	1	1	0	0
1	1	UID565241	1	1	0	0
1	1	UID565249	1	1	0	0
1	1	UID565261	1	1	0	0
1	1	UID565264	1	1	0	0
1	1	UID565270	1	1	0	0
1	1	UID565280	1	1	0	0
1	1	UID565284	1	1	0	0
1	1	UID565290	1	1	0	0
1	1	UID565317	1	1	0	0
1	1	UID565334	1	1	0	0
1	1	UID565403	1	1	0	0
1	1	UID565404	1	1	0	0
1	1	UID565405	1	1	0	0
1	1	UID565411	1	1	0	0
1	1	UID565412	1	1	0	0
1	1	UID565424	1	1	0	0
1	1	UID565439	1	1	0	0
1	1	UID565456	1	1	0	0
1	1	UID565495	1	1	0	0
1	1	UID565500	1	1	0	0
1	1	UID565505	1	1	0	0
1	1	UID565525	1	1	0	0
1	1	UID565532	1	1	0	0
1	1	UID565550	1	1	0	0
1	1	UID565560	1	1	0	0
1	1	UID565583	1	1	0	0
1	1	UID565607	1	1	0	0
1	1	UID565612	1	1	0	0
1	1	UID565615	1	1	0	0
1	1	UID565625	1	1	0	0
1	1	UID565627	1	1	0	0
1	1	UID565628	1	1	0	0
1	1	UID565700	1	1	0	0
1	1	UID565701	1	1	0	0
1	1	UID565702	1	1	0	0
1	1	UID565723	1	1	0	0
1	1	UID565727	1	1	0	0
1	1	UID565744	1	1	0	0
1	1	UID565769	1	1	0	0
1	1	UID565801	1	1	0	0
1	1	UID565818	1	1	0	0
1	1	UID565911	1	1	0	0
1	1	UID565946	1	1	0	0
1	1	UID565983	1	1	0	0
1	1	UID565991	1	1	0	0
1	1	UID566005	1	1	0	0
2	2	UID566059	1	2	1	1
1	1	UID566064	1	1	0	0
1	1	UID566065	1	1	0	0
1	1	UID566075	1	1	0	0
1	1	UID566077	1	1	0	0
1	1	UID566082	1	1	0	0
1	1	UID566101	1	1	0	0
1	1	UID566127	1	1	0	0
1	1	UID566140	1	1	0	0
1	1	UID566154	1	1	0	0
1	1	UID566155	1	1	0	0
1	1	UID566159	1	1	0	0
1	1	UID566160	1	1	0	0
1	1	UID566174	1	1	0	0
1	1	UID566175	1	1	0	0
1	1	UID566176	1	1	0	0
1	1	UID566177	1	1	0	0
1	1	UID566194	1	1	0	0
1	1	UID566206	1	1	0	0
1	1	UID566219	1	1	0	0
1	1	UID566247	1	1	0	0
1	1	UID566249	1	1	0	0
1	1	UID566254	1	1	0	0
1	1	UID566255	1	1	0	0
1	1	UID566272	1	1	0	0
1	1	UID566282	1	1	0	0
1	1	UID566283	1	1	0	0
1	1	UID566284	1	1	0	0
1	1	UID566288	1	1	0	0
1	1	UID566297	1	1	0	0
1	1	UID566310	1	1	0	0
1	1	UID566319	1	1	0	0
1	1	UID566330	1	1	0	0
1	1	UID566372	1	1	0	0
1	1	UID566376	1	1	0	0
1	1	UID566386	1	1	0	0
1	1	UID566389	1	1	0	0
1	1	UID566396	1	1	0	0
1	1	UID566399	1	1	0	0
1	1	UID566407	1	1	0	0
1	1	UID566413	1	1	0	0
1	1	UID566441	1	1	0	0
1	1	UID566443	1	1	0	0
1	1	UID566460	1	1	0	0
1	1	UID566467	1	1	0	0
1	1	UID566478	1	1	0	0
1	1	UID566481	1	1	0	0
1	1	UID566482	1	1	0	0
1	1	UID566491	1	1	0	0
1	1	UID566492	1	1	0	0
1	1	UID566502	1	1	0	0
1	1	UID566508	1	1	0	0
1	1	UID566512	1	1	0	0
1	1	UID566516	1	1	0	0
1	1	UID566518	1	1	0	0
1	1	UID566526	1	1	0	0
1	1	UID566533	1	1	0	0
1	1	UID566541	1	1	0	0
1	1	UID566542	1	1	0	0
1	1	UID566562	1	1	0	0
1	1	UID566568	1	1	0	0
1	1	UID566585	1	1	0	0
1	1	UID566608	1	1	0	0
1	1	UID566613	1	1	0	0
1	1	UID566630	1	1	0	0
1	1	UID566637	1	1	0	0
1	1	UID566640	1	1	0	0
1	1	UID566653	1	1	0	0
1	1	UID566693	1	1	0	0
1	1	UID566747	1	1	0	0
1	1	UID566753	1	1	0	0
1	1	UID566756	1	1	0	0
1	1	UID566761	1	1	0	0
1	1	UID566763	1	1	0	0
1	1	UID566770	1	1	0	0
1	1	UID566814	1	1	0	0
1	1	UID566816	1	1	0	0
1	1	UID566823	1	1	0	0
1	1	UID566841	1	1	0	0
1	1	UID566853	1	1	0	0
1	1	UID566860	1	1	0	0
1	1	UID566879	1	1	0	0
1	1	UID566880	1	1	0	0
1	1	UID566897	1	1	0	0
1	1	UID566898	1	1	0	0
1	1	UID566901	1	1	0	0
1	1	UID566907	1	1	0	0
1	1	UID566909	1	1	0	0
1	1	UID566914	1	1	0	0
1	1	UID566961	1	1	0	0
1	1	UID566962	1	1	0	0
1	1	UID566963	1	1	0	0
1	1	UID566984	1	1	0	0
1	1	UID567002	1	1	0	0
1	1	UID567013	1	1	0	0
1	1	UID567173	1	1	0	0
1	1	UID567174	1	1	0	0
1	1	UID567341	1	1	0	0
1	1	UID567342	1	1	0	0
1	1	UID567363	1	1	0	0
1	1	UID567376	1	1	0	0
1	1	UID567401	1	1	0	0
1	1	UID567409	1	1	0	0
1	1	UID567414	1	1	0	0
1	1	UID567415	1	1	0	0
1	1	UID567416	1	1	0	0
1	1	UID567427	1	1	0	0
1	1	UID567436	1	1	0	0
1	1	UID567448	1	1	0	0
1	1	UID567450	1	1	0	0
1	1	UID567469	1	1	0	0
1	1	UID567498	1	1	0	0
1	1	UID567522	1	1	0	0
1	1	UID567566	1	1	0	0
1	1	UID567581	1	1	0	0
1	1	UID567627	1	1	0	0
1	1	UID567639	1	1	0	0
1	1	UID567674	1	1	0	0
1	1	UID567679	1	1	0	0
1	1	UID567680	1	1	0	0
1	1	UID567683	1	1	0	0
1	1	UID567700	1	1	0	0
1	1	UID567701	1	1	0	0
1	1	UID567714	1	1	0	0
1	1	UID567720	1	1	0	0
1	1	UID567723	1	1	0	0
1	1	UID567729	1	1	0	0
3	3	UID567753	1	3	1	1
1	1	UID567809	1	1	0	0
1	1	UID567812	1	1	0	0
1	1	UID567813	1	1	0	0
1	1	UID567814	1	1	0	0
1	1	UID567815	1	1	0	0
1	1	UID567842	1	1	0	0
1	1	UID567850	1	1	0	0
1	1	UID567855	1	1	0	0
1	1	UID567858	1	1	0	0
1	1	UID567881	1	1	0	0
1	1	UID567884	1	1	0	0
1	1	UID567912	1	1	0	0
1	1	UID567923	1	1	0	0
1	1	UID567926	1	1	0	0
1	1	UID567931	1	1	0	0
1	1	UID567935	1	1	0	0
1	1	UID567939	1	1	0	0
1	1	UID567968	1	1	0	0
1	1	UID567987	1	1	0	0
1	1	UID567988	1	1	0	0
1	1	UID568004	1	1	0	0
1	1	UID568005	1	1	0	0
1	1	UID568035	1	1	0	0
1	1	UID568048	1	1	0	0
1	1	UID568101	1	1	0	0
1	1	UID568144	1	1	0	0
1	1	UID568155	1	1	0	0
1	1	UID568211	1	1	0	0
1	1	UID568214	1	1	0	0
1	1	UID568237	1	1	0	0
1	1	UID568240	1	1	0	0
1	1	UID568318	1	1	0	0
1	1	UID568328	1	1	0	0
1	1	UID568342	1	1	0	0
1	1	UID568351	1	1	0	0
1	1	UID568373	1	1	0	0
1	1	UID568375	1	1	0	0
1	1	UID568378	1	1	0	0
1	1	UID568380	1	1	0	0
1	1	UID568384	1	1	0	0
1	1	UID568419	1	1	0	0
1	1	UID568420	1	1	0	0
1	1	UID568436	1	1	0	0
1	1	UID568439	1	1	0	0
1	1	UID568442	1	1	0	0
1	1	UID568469	1	1	0	0
6	7	UID568489	1	5	2	2
1	1	UID568493	1	1	0	0
1	1	UID568519	1	1	0	0
1	1	UID568539	1	1	0	0
1	1	UID568550	1	1	0	0
1	1	UID568552	1	1	0	0
1	1	UID568555	1	1	0	0
1	1	UID568566	1	1	0	0
1	1	UID568570	1	1	0	0
1	1	UID568647	1	1	0	0
1	1	UID568653	1	1	0	0
1	1	UID568657	1	1	0	0
1	1	UID568659	1	1	0	0
1	1	UID568662	1	1	0	0
1	1	UID568663	1	1	0	0
1	1	UID568664	1	1	0	0
1	1	UID568665	1	1	0	0
1	1	UID568666	1	1	0	0
1	1	UID568667	1	1	0	0
1	1	UID568669	1	1	0	0
1	1	UID568670	1	1	0	0
1	1	UID568671	1	1	0	0
1	1	UID568680	1	1	0	0
1	1	UID568681	1	1	0	0
1	1	UID568688	1	1	0	0
1	1	UID568690	1	1	0	0
1	1	UID568691	1	1	0	0
1	1	UID568706	1	1	0	0
1	1	UID568707	1	1	0	0
1	1	UID568727	1	1	0	0
1	1	UID568733	1	1	0	0
1	1	UID568748	1	1	0	0
1	1	UID568749	1	1	0	0
1	1	UID568768	1	1	0	0
1	1	UID568771	1	1	0	0
1	1	UID568807	1	1	0	0
1	1	UID568827	1	1	0	0
1	1	UID568828	1	1	0	0
1	1	UID568830	1	1	0	0
1	1	UID568831	1	1	0	0
1	1	UID568838	1	1	0	0
1	1	UID568856	1	1	0	0
1	1	UID568903	1	1	0	0
1	1	UID568988	1	1	0	0
1	1	UID569090	1	1	0	0
1	1	UID569095	1	1	0	0
1	1	UID569120	1	1	0	0
1	1	UID569146	1	1	0	0
1	1	UID569163	1	1	0	0
1	1	UID569164	1	1	0	0
1	1	UID569167	1	1	0	0
1	1	UID569169	1	1	0	0
1	1	UID569170	1	1	0	0
1	1	UID569171	1	1	0	0
1	1	UID569188	1	1	0	0
1	1	UID569192	1	1	0	0
1	1	UID569198	1	1	0	0
1	1	UID569201	1	1	0	0
1	1	UID569206	1	1	0	0
1	1	UID569214	1	1	0	0
1	1	UID569216	1	1	0	0
1	1	UID569222	1	1	0	0
1	1	UID569246	1	1	0	0
1	1	UID569253	1	1	0	0
1	1	UID569268	1	1	0	0
1	1	UID569277	1	1	0	0
1	1	UID569297	1	1	0	0
1	1	UID569302	1	1	0	0
1	1	UID569304	1	1	0	0
1	1	UID569307	1	1	0	0
1	1	UID569328	1	1	0	0
1	1	UID569331	1	1	0	0
1	1	UID569341	1	1	0	0
1	1	UID569362	1	1	0	0
1	1	UID569401	1	1	0	0
1	1	UID569406	1	1	0	0
1	1	UID569407	1	1	0	0
1	1	UID569424	1	1	0	0
1	1	UID569428	1	1	0	0
1	1	UID569458	1	1	0	0
1	1	UID569491	1	1	0	0
1	1	UID569500	1	1	0	0
1	1	UID569510	1	1	0	0
1	1	UID569511	1	1	0	0
1	1	UID569522	1	1	0	0
1	1	UID569547	1	1	0	0
1	1	UID569558	1	1	0	0
1	1	UID569562	1	1	0	0
1	1	UID569563	1	1	0	0
1	1	UID569565	1	1	0	0
1	1	UID569567	1	1	0	0
1	1	UID569572	1	1	0	0
1	1	UID569577	1	1	0	0
1	1	UID569610	1	1	0	0
1	1	UID569626	1	1	0	0
3	3	UID569627	1	3	2	2
1	1	UID569655	1	1	0	0
1	1	UID569656	1	1	0	0
1	1	UID569662	1	1	0	0
1	1	UID569664	1	1	0	0
1	1	UID569665	1	1	0	0
1	1	UID569670	1	1	0	0
1	1	UID569689	1	1	0	0
1	1	UID569694	1	1	0	0
1	1	UID569698	1	1	0	0
1	1	UID569703	1	1	0	0
1	1	UID569709	1	1	0	0
1	1	UID569712	1	1	0	0
1	1	UID569713	1	1	0	0
1	1	UID569718	1	1	0	0
1	1	UID569720	1	1	0	0
1	1	UID569723	1	1	0	0
1	1	UID569731	1	1	0	0
1	1	UID569737	1	1	0	0
1	1	UID569744	1	1	0	0
1	1	UID569750	1	1	0	0
1	1	UID569755	1	1	0	0
1	1	UID569760	1	1	0	0
1	1	UID569761	1	1	0	0
1	1	UID569767	1	1	0	0
1	1	UID569778	1	1	0	0
1	1	UID569805	1	1	0	0
1	1	UID569817	1	1	0	0
1	1	UID569818	1	1	0	0
1	1	UID569824	1	1	0	0
1	1	UID569825	1	1	0	0
1	1	UID569829	1	1	0	0
1	1	UID569832	1	1	0	0
1	1	UID569833	1	1	0	0
1	1	UID569845	1	1	0	0
1	1	UID569847	1	1	0	0
1	1	UID569851	1	1	0	0
1	1	UID569852	1	1	0	0
1	1	UID569853	1	1	0	0
2	2	UID569854	1	2	1	1
1	1	UID569859	1	1	0	0
1	1	UID569860	1	1	0	0
1	1	UID569868	1	1	0	0
1	1	UID569871	1	1	0	0
1	1	UID569872	1	1	0	0
1	1	UID569873	1	1	0	0
1	1	UID569911	1	1	0	0
1	1	UID570012	1	1	0	0
1	1	UID570013	1	1	0	0
1	1	UID570014	1	1	0	0
1	1	UID570015	1	1	0	0
1	1	UID570017	1	1	0	0
1	1	UID570019	1	1	0	0
1	1	UID570027	1	1	0	0
1	1	UID570028	1	1	0	0
1	1	UID570031	1	1	0	0
1	1	UID570032	1	1	0	0
1	1	UID570034	1	1	0	0
1	1	UID570041	1	1	0	0
1	1	UID570045	1	1	0	0
1	1	UID570052	1	1	0	0
1	1	UID570053	1	1	0	0
1	1	UID570054	1	1	0	0
1	1	UID570081	1	1	0	0
1	1	UID570102	1	1	0	0
1	1	UID570113	1	1	0	0
1	1	UID570114	1	1	0	0
1	1	UID570115	1	1	0	0
1	1	UID570116	1	1	0	0
1	1	UID570122	1	1	0	0
1	1	UID570125	1	1	0	0
1	1	UID570127	1	1	0	0
1	1	UID570128	1	1	0	0
1	1	UID570129	1	1	0	0
1	1	UID570132	1	1	0	0
1	1	UID570140	1	1	0	0
1	1	UID570144	1	1	0	0
1	1	UID570154	1	1	0	0
1	1	UID570156	1	1	0	0
1	1	UID570162	1	1	0	0
1	1	UID570165	1	1	0	0
1	1	UID570166	1	1	0	0
1	1	UID570170	1	1	0	0
1	1	UID570171	1	1	0	0
1	1	UID570173	1	1	0	0
1	1	UID570183	1	1	0	0
1	1	UID570204	1	1	0	0
1	1	UID570207	1	1	0	0
1	1	UID570212	1	1	0	0
1	1	UID570218	1	1	0	0
1	1	UID570221	1	1	0	0
1	1	UID570227	1	1	0	0
1	1	UID570235	1	1	0	0
1	1	UID570239	1	1	0	0
1	1	UID570246	1	1	0	0
1	1	UID570247	1	1	0	0
1	1	UID570248	1	1	0	0
1	1	UID570250	1	1	0	0
1	1	UID570259	1	1	0	0
1	1	UID570280	1	1	0	0
1	1	UID570284	1	1	0	0
1	1	UID570286	1	1	0	0
1	1	UID570288	1	1	0	0
1	1	UID570289	1	1	0	0
1	1	UID570292	1	1	0	0
1	1	UID570294	1	1	0	0
1	1	UID570295	1	1	0	0
1	1	UID570301	1	1	0	0
1	1	UID570303	1	1	0	0
1	1	UID570312	1	1	0	0
1	1	UID570343	1	1	0	0
1	1	UID570344	1	1	0	0
1	1	UID570345	1	1	0	0
1	1	UID570360	1	1	0	0
1	1	UID570363	1	1	0	0
1	1	UID570367	1	1	0	0
1	1	UID570370	1	1	0	0
1	1	UID570371	1	1	0	0
1	1	UID570372	1	1	0	0
1	1	UID570375	1	1	0	0
1	1	UID570385	1	1	0	0
1	1	UID570406	1	1	0	0
1	1	UID570413	1	1	0	0
1	1	UID570428	1	1	0	0
1	1	UID570436	1	1	0	0
1	1	UID570437	1	1	0	0
1	1	UID570438	1	1	0	0
1	1	UID570440	1	1	0	0
1	1	UID570442	1	1	0	0
1	1	UID570444	1	1	0	0
1	1	UID570465	1	1	0	0
1	1	UID570469	1	1	0	0
1	1	UID570472	1	1	0	0
1	1	UID570473	1	1	0	0
1	1	UID570475	1	1	0	0
1	1	UID570476	1	1	0	0
1	1	UID570486	1	1	0	0
1	1	UID570494	1	1	0	0
1	1	UID570497	1	1	0	0
1	1	UID570498	1	1	0	0
1	1	UID570501	1	1	0	0
1	1	UID570502	1	1	0	0
1	1	UID570504	1	1	0	0
1	1	UID570535	1	1	0	0
1	1	UID570540	1	1	0	0
1	1	UID570559	1	1	0	0
1	1	UID570574	1	1	0	0
1	1	UID570576	1	1	0	0
1	1	UID570577	1	1	0	0
1	1	UID570580	1	1	0	0
1	1	UID570586	1	1	0	0
1	1	UID570587	1	1	0	0
1	1	UID570606	1	1	0	0
1	1	UID570607	1	1	0	0
1	1	UID570613	1	1	0	0
1	1	UID570616	1	1	0	0
1	1	UID570642	1	1	0	0
1	1	UID570643	1	1	0	0
1	1	UID570675	1	1	0	0
1	1	UID570676	1	1	0	0
1	1	UID570677	1	1	0	0
1	1	UID570678	1	1	0	0
1	1	UID570679	1	1	0	0
1	1	UID570693	1	1	0	0
1	1	UID570694	1	1	0	0
1	1	UID570698	1	1	0	0
1	1	UID570699	1	1	0	0
1	1	UID570700	1	1	0	0
1	1	UID570701	1	1	0	0
1	1	UID570702	1	1	0	0
1	1	UID570704	1	1	0	0
1	1	UID570707	1	1	0	0
1	1	UID570711	1	1	0	0
1	1	UID570729	1	1	0	0
1	1	UID570730	1	1	0	0
1	1	UID570732	1	1	0	0
1	1	UID570733	1	1	0	0
1	1	UID570757	1	1	0	0
1	1	UID570759	1	1	0	0
1	1	UID570760	1	1	0	0
1	1	UID570762	1	1	0	0
1	1	UID570765	1	1	0	0
1	1	UID570770	1	1	0	0
1	1	UID570771	1	1	0	0
1	1	UID570772	1	1	0	0
1	1	UID570775	1	1	0	0
1	1	UID570779	1	1	0	0
1	1	UID570780	1	1	0	0
1	1	UID570782	1	1	0	0
1	1	UID570817	1	1	0	0
1	1	UID570840	1	1	0	0
1	1	UID570851	1	1	0	0
1	1	UID570854	1	1	0	0
1	1	UID570879	1	1	0	0
1	1	UID570881	1	1	0	0
1	1	UID570886	1	1	0	0
1	1	UID570893	1	1	0	0
1	1	UID570894	1	1	0	0
1	1	UID570895	1	1	0	0
1	1	UID570899	1	1	0	0
1	1	UID570901	1	1	0	0
1	1	UID570914	1	1	0	0
1	1	UID570915	1	1	0	0
1	1	UID570928	1	1	0	0
1	1	UID570929	1	1	0	0
1	1	UID570939	1	1	0	0
1	1	UID570942	1	1	0	0
1	1	UID570946	1	1	0	0
1	1	UID570950	1	1	0	0
1	1	UID570966	1	1	0	0
1	1	UID570972	1	1	0	0
1	1	UID570977	1	1	0	0
1	1	UID570981	1	1	0	0
1	1	UID570982	1	1	0	0
1	1	UID570983	1	1	0	0
1	1	UID570985	1	1	0	0
1	1	UID570986	1	1	0	0
1	1	UID570987	1	1	0	0
1	1	UID570991	1	1	0	0
1	1	UID571001	1	1	0	0
1	1	UID571003	1	1	0	0
1	1	UID571013	1	1	0	0
1	1	UID571017	1	1	0	0
1	1	UID571024	1	1	0	0
1	1	UID571026	1	1	0	0
1	1	UID571027	1	1	0	0
1	1	UID571028	1	1	0	0
1	1	UID571030	1	1	0	0
1	1	UID571031	1	1	0	0
1	1	UID571032	1	1	0	0
1	1	UID571033	1	1	0	0
1	1	UID571034	1	1	0	0
1	1	UID571037	1	1	0	0
1	1	UID571041	1	1	0	0
1	1	UID571046	1	1	0	0
1	1	UID571052	1	1	0	0
1	1	UID571053	1	1	0	0
1	1	UID571056	1	1	0	0
1	1	UID571059	1	1	0	0
1	1	UID571060	1	1	0	0
1	1	UID571062	1	1	0	0
1	1	UID571068	1	1	0	0
1	1	UID571073	1	1	0	0
1	1	UID571074	1	1	0	0
1	1	UID571105	1	1	0	0
1	1	UID571106	1	1	0	0
1	1	UID571108	1	1	0	0
1	1	UID571122	1	1	0	0
1	1	UID571133	1	1	0	0
1	1	UID571136	1	1	0	0
1	1	UID571139	1	1	0	0
1	1	UID571144	1	1	0	0
1	1	UID571167	1	1	0	0
1	1	UID571170	1	1	0	0
1	1	UID571172	1	1	0	0
1	1	UID571197	1	1	0	0
1	1	UID571200	1	1	0	0
1	1	UID571204	1	1	0	0
1	1	UID571207	1	1	0	0
1	1	UID571208	1	1	0	0
1	1	UID571211	1	1	0	0
1	1	UID571213	1	1	0	0
1	1	UID571225	1	1	0	0
1	1	UID571228	1	1	0	0
1	1	UID571229	1	1	0	0
1	1	UID571230	1	1	0	0
1	1	UID571233	1	1	0	0
1	1	UID571243	1	1	0	0
1	1	UID571244	1	1	0	0
1	1	UID571245	1	1	0	0
1	1	UID571249	1	1	0	0
1	1	UID571251	1	1	0	0
1	1	UID571252	1	1	0	0
1	1	UID571261	1	1	0	0
1	1	UID571275	1	1	0	0
1	1	UID571276	1	1	0	0
1	1	UID571277	1	1	0	0
1	1	UID571290	1	1	0	0
1	1	UID571291	1	1	0	0
1	1	UID571293	1	1	0	0
1	1	UID571296	1	1	0	0
1	1	UID571298	1	1	0	0
1	1	UID571299	1	1	0	0
1	1	UID571301	1	1	0	0
1	1	UID571321	1	1	0	0
1	1	UID571326	1	1	0	0
1	1	UID571327	1	1	0	0
1	1	UID571328	1	1	0	0
1	1	UID571330	1	1	0	0
1	1	UID571333	1	1	0	0
1	1	UID571340	1	1	0	0
1	1	UID571368	1	1	0	0
1	1	UID571379	1	1	0	0
1	1	UID571380	1	1	0	0
1	1	UID571384	1	1	0	0
1	1	UID571385	1	1	0	0
1	1	UID571386	1	1	0	0
1	1	UID571387	1	1	0	0
1	1	UID571389	1	1	0	0
1	1	UID571392	1	1	0	0
1	1	UID571394	1	1	0	0
1	1	UID571405	1	1	0	0
1	1	UID571411	1	1	0	0
1	1	UID571412	1	1	0	0
1	1	UID571414	1	1	0	0
1	1	UID571415	1	1	0	0
1	1	UID571422	1	1	0	0
1	1	UID571424	1	1	0	0
1	1	UID571425	1	1	0	0
1	1	UID571428	1	1	0	0
1	1	UID571431	1	1	0	0
1	1	UID571435	1	1	0	0
1	1	UID571451	1	1	0	0
1	1	UID571454	1	1	0	0
1	1	UID571478	1	1	0	0
1	1	UID571480	1	1	0	0
1	1	UID571481	1	1	0	0
1	1	UID571482	1	1	0	0
1	1	UID571485	1	1	0	0
1	1	UID571496	1	1	0	0
1	1	UID571497	1	1	0	0
1	1	UID571500	1	1	0	0
1	1	UID571531	1	1	0	0
1	1	UID571539	1	1	0	0
1	1	UID571541	1	1	0	0
1	1	UID571560	1	1	0	0
1	1	UID571576	1	1	0	0
1	1	UID571592	1	1	0	0
1	1	UID571597	1	1	0	0
1	1	UID571599	1	1	0	0
1	1	UID571601	1	1	0	0
1	1	UID571608	1	1	0	0
1	1	UID571610	1	1	0	0
1	1	UID571613	1	1	0	0
1	1	UID571649	1	1	0	0
1	1	UID571652	1	1	0	0
1	1	UID571653	1	1	0	0
1	1	UID571654	1	1	0	0
1	1	UID571655	1	1	0	0
1	1	UID571657	1	1	0	0
1	1	UID571659	1	1	0	0
1	1	UID571660	1	1	0	0
1	1	UID571664	1	1	0	0
1	1	UID571672	1	1	0	0
1	1	UID571680	1	1	0	0
1	1	UID571687	1	1	0	0
1	1	UID571689	1	1	0	0
1	1	UID571698	1	1	0	0
1	1	UID571704	1	1	0	0
1	1	UID571714	1	1	0	0
1	1	UID571738	1	1	0	0
1	1	UID571795	1	1	0	0
1	1	UID571799	1	1	0	0
1	1	UID571824	1	1	0	0
1	1	UID571825	1	1	0	0
1	1	UID571842	1	1	0	0
1	1	UID571843	1	1	0	0
1	1	UID571846	1	1	0	0
1	1	UID571857	1	1	0	0
1	1	UID571870	1	1	0	0
1	1	UID571889	1	1	0	0
1	1	UID571896	1	1	0	0
1	1	UID571908	1	1	0	0
1	1	UID571911	1	1	0	0
1	1	UID571914	1	1	0	0
1	1	UID571916	1	1	0	0
1	1	UID571917	1	1	0	0
1	1	UID571921	1	1	0	0
1	1	UID571924	1	1	0	0
1	1	UID571928	1	1	0	0
1	1	UID571939	1	1	0	0
1	1	UID571946	1	1	0	0
1	1	UID571952	1	1	0	0
1	1	UID571954	1	1	0	0
1	1	UID571969	1	1	0	0
1	1	UID571978	1	1	0	0
1	1	UID571995	1	1	0	0
1	1	UID571997	1	1	0	0
1	1	UID571998	1	1	0	0
1	1	UID572004	1	1	0	0
1	1	UID572006	1	1	0	0
1	1	UID572020	1	1	0	0
1	1	UID572121	1	1	0	0
1	1	UID572133	1	1	0	0
1	1	UID572134	1	1	0	0
1	1	UID572159	1	1	0	0
1	1	UID572171	1	1	0	0
1	1	UID572172	1	1	0	0
1	1	UID572177	1	1	0	0
1	1	UID572180	1	1	0	0
1	1	UID572185	1	1	0	0
1	1	UID572241	1	1	0	0
1	1	UID572251	1	1	0	0
1	1	UID572254	1	1	0	0
1	1	UID572276	1	1	0	0
1	1	UID572301	1	1	0	0
1	1	UID572312	1	1	0	0
1	1	UID572314	1	1	0	0
1	1	UID572321	1	1	0	0
1	1	UID572327	1	1	0	0
1	1	UID572330	1	1	0	0
1	1	UID572332	1	1	0	0
1	1	UID572333	1	1	0	0
1	1	UID572351	1	1	0	0
1	1	UID572355	1	1	0	0
1	1	UID572356	1	1	0	0
1	1	UID572357	1	1	0	0
1	1	UID572385	1	1	0	0
1	1	UID572386	1	1	0	0
1	1	UID572395	1	1	0	0
1	1	UID572405	1	1	0	0
1	1	UID572418	1	1	0	0
1	1	UID572420	1	1	0	0
1	1	UID572448	1	1	0	0
1	1	UID572455	1	1	0	0
1	1	UID572485	1	1	0	0
1	1	UID572490	1	1	0	0
1	1	UID572494	1	1	0	0
1	1	UID572533	1	1	0	0
1	1	UID572538	1	1	0	0
1	1	UID572541	1	1	0	0
1	1	UID572542	1	1	0	0
1	1	UID572543	1	1	0	0
1	1	UID572547	1	1	0	0
1	1	UID572556	1	1	0	0
1	1	UID572557	1	1	0	0
1	1	UID572559	1	1	0	0
1	1	UID572574	1	1	0	0
1	1	UID572580	1	1	0	0
1	1	UID572606	1	1	0	0
1	1	UID572628	1	1	0	0
1	1	UID572645	1	1	0	0
1	1	UID572649	1	1	0	0
1	1	UID572653	1	1	0	0
1	1	UID572659	1	1	0	0
1	1	UID572663	1	1	0	0
1	1	UID572671	1	1	0	0
1	1	UID572691	1	1	0	0
1	1	UID572700	1	1	0	0
1	1	UID572727	1	1	0	0
1	1	UID572735	1	1	0	0
1	1	UID572768	1	1	0	0
1	1	UID572822	1	1	0	0
1	1	UID573251	1	1	0	0
1	1	UID573292	1	1	0	0
1	1	UID573424	1	1	0	0
1	1	UID573441	1	1	0	0
1	1	UID573443	1	1	0	0
1	1	UID573453	1	1	0	0
1	1	UID573456	1	1	0	0
1	1	UID573459	1	1	0	0
1	1	UID573463	1	1	0	0
1	1	UID573464	1	1	0	0
1	1	UID573470	1	1	0	0
1	1	UID573488	1	1	0	0
1	1	UID573497	1	1	0	0
1	1	UID573499	1	1	0	0
1	1	UID573506	1	1	0	0
1	1	UID573520	1	1	0	0
1	1	UID573532	1	1	0	0
1	1	UID573558	1	1	0	0
1	1	UID573560	1	1	0	0
1	1	UID573561	1	1	0	0
1	1	UID573563	1	1	0	0
1	1	UID573573	1	1	0	0
1	1	UID573576	1	1	0	0
1	1	UID573582	1	1	0	0
1	1	UID573596	1	1	0	0
1	1	UID573629	1	1	0	0
1	1	UID573736	1	1	0	0
1	1	UID573866	1	1	0	0
1	1	UID573947	1	1	0	0
1	1	UID573949	1	1	0	0
1	1	UID573953	1	1	0	0
1	1	UID573963	1	1	0	0
1	1	UID573973	1	1	0	0
1	1	UID573981	1	1	0	0
1	1	UID573986	1	1	0	0
1	1	UID573990	1	1	0	0
1	1	UID574004	1	1	0	0
1	1	UID574020	1	1	0	0
1	1	UID574080	1	1	0	0
1	1	UID574081	1	1	0	0
1	1	UID574082	1	1	0	0
1	1	UID574083	1	1	0	0
1	1	UID574084	1	1	0	0
1	1	UID574114	1	1	0	0
1	1	UID574116	1	1	0	0
1	1	UID574117	1	1	0	0
1	1	UID574118	1	1	0	0
1	1	UID574130	1	1	0	0
1	1	UID574154	1	1	0	0
1	1	UID574156	1	1	0	0
1	1	UID574172	1	1	0	0
1	1	UID574191	1	1	0	0
1	1	UID574194	1	1	0	0
1	1	UID574195	1	1	0	0
1	1	UID574216	1	1	0	0
1	1	UID574217	1	1	0	0
1	1	UID574239	1	1	0	0
1	1	UID574258	1	1	0	0
1	1	UID574266	1	1	0	0
1	1	UID574270	1	1	0	0
1	1	UID574274	1	1	0	0
1	1	UID574312	1	1	0	0
1	1	UID574313	1	1	0	0
1	1	UID574319	1	1	0	0
1	1	UID574328	1	1	0	0
1	1	UID574329	1	1	0	0
1	1	UID574330	1	1	0	0
1	1	UID574332	1	1	0	0
1	1	UID574334	1	1	0	0
1	1	UID574340	1	1	0	0
1	1	UID574351	1	1	0	0
1	1	UID574355	1	1	0	0
1	1	UID574357	1	1	0	0
1	1	UID574365	1	1	0	0
1	1	UID574371	1	1	0	0
1	1	UID574415	1	1	0	0
1	1	UID574418	1	1	0	0
1	1	UID574420	1	1	0	0
1	1	UID574424	1	1	0	0
1	1	UID574432	1	1	0	0
1	1	UID574433	1	1	0	0
1	1	UID574444	1	1	0	0
1	1	UID574448	1	1	0	0
1	1	UID574460	1	1	0	0
1	1	UID574476	1	1	0	0
1	1	UID574486	1	1	0	0
1	1	UID574506	1	1	0	0
1	1	UID574516	1	1	0	0
8	8	UID574518	1	8	2	2
1	1	UID574519	1	1	0	0
1	1	UID574525	1	1	0	0
1	1	UID574530	1	1	0	0
1	1	UID574534	1	1	0	0
1	1	UID574539	1	1	0	0
1	1	UID574545	1	1	0	0
1	1	UID574652	1	1	0	0
1	1	UID574654	1	1	0	0
1	1	UID574669	1	1	0	0
1	1	UID574670	1	1	0	0
1	1	UID574692	1	1	0	0
1	1	UID574696	1	1	0	0
1	1	UID574703	1	1	0	0
1	1	UID574705	1	1	0	0
1	1	UID574706	1	1	0	0
4	4	UID574805	1	4	2	2
1	1	UID574827	1	1	0	0
1	1	UID574841	1	1	0	0
1	1	UID574883	1	1	0	0
1	1	UID574894	1	1	0	0
1	1	UID574917	1	1	0	0
1	1	UID574923	1	1	0	0
1	1	UID574925	1	1	0	0
1	1	UID574934	1	1	0	0
1	1	UID574936	1	1	0	0
1	1	UID574937	1	1	0	0
1	1	UID574938	1	1	0	0
1	1	UID574939	1	1	0	0
1	1	UID574940	1	1	0	0
1	1	UID574943	1	1	0	0
1	1	UID574944	1	1	0	0
1	1	UID574947	1	1	0	0
1	1	UID574958	1	1	0	0
1	1	UID574960	1	1	0	0
1	1	UID574961	1	1	0	0
1	1	UID574962	1	1	0	0
1	1	UID574963	1	1	0	0
1	1	UID574966	1	1	0	0
1	1	UID574979	1	1	0	0
1	1	UID575001	1	1	0	0
1	1	UID575005	1	1	0	0
1	1	UID575012	1	1	0	0
1	1	UID575015	1	1	0	0
1	1	UID575016	1	1	0	0
1	1	UID575023	1	1	0	0
1	1	UID575038	1	1	0	0
1	1	UID575044	1	1	0	0
1	1	UID575064	1	1	0	0
1	1	UID575065	1	1	0	0
1	1	UID575071	1	1	0	0
1	1	UID575079	1	1	0	0
1	1	UID575080	1	1	0	0
1	1	UID575082	1	1	0	0
1	1	UID575103	1	1	0	0
1	1	UID575104	1	1	0	0
1	1	UID575106	1	1	0	0
1	1	UID575117	1	1	0	0
1	1	UID575140	1	1	0	0
1	1	UID575141	1	1	0	0
1	1	UID575142	1	1	0	0
1	1	UID575144	1	1	0	0
1	1	UID575146	1	1	0	0
1	1	UID575153	1	1	0	0
1	1	UID575161	1	1	0	0
1	1	UID575163	1	1	0	0
1	1	UID575340	1	1	0	0
1	1	UID575363	1	1	0	0
1	1	UID575382	1	1	0	0
1	1	UID575384	1	1	0	0
1	1	UID575395	1	1	0	0
1	1	UID575398	1	1	0	0
2	2	UID575401	1	2	1	1
1	1	UID575403	1	1	0	0
1	1	UID575404	1	1	0	0
1	1	UID575424	1	1	0	0
1	1	UID575437	1	1	0	0
4	4	UID575444	1	4	1	1
1	1	UID575446	1	1	0	0
1	1	UID575460	1	1	0	0
1	1	UID575589	1	1	0	0
1	1	UID575610	1	1	0	0
1	1	UID575620	1	1	0	0
1	1	UID575621	1	1	0	0
1	1	UID575624	1	1	0	0
1	1	UID575625	1	1	0	0
1	1	UID575666	1	1	0	0
1	1	UID575667	1	1	0	0
1	1	UID575695	1	1	0	0
1	1	UID575696	1	1	0	0
1	1	UID575698	1	1	0	0
1	1	UID575706	1	1	0	0
1	1	UID575707	1	1	0	0
1	1	UID575713	1	1	0	0
1	1	UID575714	1	1	0	0
1	1	UID575737	1	1	0	0
1	1	UID575793	1	1	0	0
1	1	UID575794	1	1	0	0
1	1	UID575797	1	1	0	0
1	1	UID575799	1	1	0	0
1	1	UID575800	1	1	0	0
1	1	UID575804	1	1	0	0
1	1	UID575808	1	1	0	0
1	1	UID575815	1	1	0	0
1	1	UID575818	1	1	0	0
1	1	UID575820	1	1	0	0
1	1	UID575825	1	1	0	0
1	1	UID575826	1	1	0	0
1	1	UID575830	1	1	0	0
1	1	UID575831	1	1	0	0
1	1	UID575832	1	1	0	0
1	1	UID575833	1	1	0	0
1	1	UID575837	1	1	0	0
1	1	UID575839	1	1	0	0
1	1	UID575840	1	1	0	0
1	1	UID575842	1	1	0	0
1	1	UID575843	1	1	0	0
1	1	UID575844	1	1	0	0
1	1	UID575856	1	1	0	0
1	1	UID575880	1	1	0	0
1	1	UID575890	1	1	0	0
1	1	UID575895	1	1	0	0
1	1	UID575897	1	1	0	0
1	1	UID575911	1	1	0	0
1	1	UID575912	1	1	0	0
1	1	UID575918	1	1	0	0
1	1	UID575922	1	1	0	0
1	1	UID575936	1	1	0	0
1	1	UID575945	1	1	0	0
1	1	UID575946	1	1	0	0
1	1	UID575949	1	1	0	0
1	1	UID575965	1	1	0	0
1	1	UID575969	1	1	0	0
1	1	UID575976	1	1	0	0
1	1	UID575977	1	1	0	0
1	1	UID575979	1	1	0	0
1	1	UID575980	1	1	0	0
1	1	UID575992	1	1	0	0
1	1	UID575993	1	1	0	0
1	1	UID575997	1	1	0	0
1	1	UID576003	1	1	0	0
1	1	UID576015	1	1	0	0
1	1	UID576035	1	1	0	0
1	1	UID576037	1	1	0	0
1	1	UID576044	1	1	0	0
1	1	UID576045	1	1	0	0
1	1	UID576054	1	1	0	0
1	1	UID576057	1	1	0	0
1	1	UID576068	1	1	0	0
3	3	UID576088	1	3	1	1
1	1	UID576161	1	1	0	0
1	1	UID576215	1	1	0	0
1	1	UID576345	1	1	0	0
1	1	UID576561	1	1	0	0
1	1	UID576572	1	1	0	0
1	1	UID576582	1	1	0	0
1	1	UID576601	1	1	0	0
1	1	UID576628	1	1	0	0
1	1	UID576635	1	1	0	0
1	1	UID576642	1	1	0	0
1	1	UID576656	1	1	0	0
1	1	UID576657	1	1	0	0
1	1	UID576666	1	1	0	0
1	1	UID576679	1	1	0	0
1	1	UID576681	1	1	0	0
1	1	UID576693	1	1	0	0
1	1	UID576697	1	1	0	0
1	1	UID576704	1	1	0	0
1	1	UID576708	1	1	0	0
1	1	UID576735	1	1	0	0
1	1	UID576755	1	1	0	0
2	2	UID576757	1	2	1	1
1	1	UID576759	1	1	0	0
1	1	UID576767	1	1	0	0
1	1	UID576896	1	1	0	0
1	1	UID576897	1	1	0	0
1	1	UID576920	1	1	0	0
1	1	UID576943	1	1	0	0
1	1	UID576952	1	1	0	0
1	1	UID576995	1	1	0	0
1	1	UID577001	1	1	0	0
1	1	UID577011	1	1	0	0
1	1	UID577019	1	1	0	0
1	1	UID577036	1	1	0	0
1	1	UID577044	1	1	0	0
1	1	UID577139	1	1	0	0
1	1	UID577150	1	1	0	0
1	1	UID577161	1	1	0	0
1	1	UID577163	1	1	0	0
1	1	UID577164	1	1	0	0
1	1	UID577170	1	1	0	0
1	1	UID577171	1	1	0	0
2	2	UID577189	1	2	1	1
1	1	UID577190	1	1	0	0
1	1	UID577198	1	1	0	0
1	1	UID577202	1	1	0	0
1	1	UID577204	1	1	0	0
1	1	UID577205	1	1	0	0
1	1	UID577254	1	1	0	0
1	1	UID577282	1	1	0	0
1	1	UID577293	1	1	0	0
1	1	UID577300	1	1	0	0
1	1	UID577310	1	1	0	0
1	1	UID577332	1	1	0	0
1	1	UID577369	1	1	0	0
1	1	UID577404	1	1	0	0
1	1	UID577407	1	1	0	0
1	1	UID577423	1	1	0	0
1	1	UID577443	1	1	0	0
1	1	UID577450	1	1	0	0
1	1	UID577452	1	1	0	0
1	1	UID577474	1	1	0	0
1	1	UID577524	1	1	0	0
1	1	UID577566	1	1	0	0
1	1	UID577572	1	1	0	0
1	1	UID578177	1	1	0	0
1	1	UID578657	1	1	0	0
1	1	UID578747	1	1	0	0
1	1	UID578821	1	1	0	0
1	1	UID579019	1	1	0	0
1	1	UID579049	1	1	0	0
1	1	UID579101	1	1	0	0
1	1	UID579102	1	1	0	0
1	1	UID579103	1	1	0	0
1	1	UID579105	1	1	0	0
1	1	UID579110	1	1	0	0
1	1	UID579176	1	1	0	0
1	1	UID579185	1	1	0	0
1	1	UID579212	1	1	0	0
1	1	UID579220	1	1	0	0
1	1	UID579228	1	1	0	0
1	1	UID579247	1	1	0	0
1	1	UID579250	1	1	0	0
1	1	UID579251	1	1	0	0
1	1	UID579280	1	1	0	0
2	2	UID579282	1	2	1	1
1	1	UID579303	1	1	0	0
1	1	UID579356	1	1	0	0
1	1	UID579367	1	1	0	0
1	1	UID579369	1	1	0	0
1	1	UID579372	1	1	0	0
2	2	UID579384	1	2	1	1
1	1	UID579386	1	1	0	0
1	1	UID579426	1	1	0	0
1	1	UID579440	1	1	0	0
1	1	UID579443	1	1	0	0
1	1	UID579446	1	1	0	0
1	1	UID579453	1	1	0	0
1	1	UID579459	1	1	0	0
1	1	UID579460	1	1	0	0
1	1	UID579462	1	1	0	0
1	1	UID579463	1	1	0	0
1	1	UID579467	1	1	0	0
1	1	UID579469	1	1	0	0
1	1	UID579614	1	1	0	0
1	1	UID579720	1	1	0	0
1	1	UID579728	1	1	0	0
1	1	UID579732	1	1	0	0
1	1	UID579734	1	1	0	0
1	1	UID579735	1	1	0	0
1	1	UID579753	1	1	0	0
1	1	UID579792	1	1	0	0
1	1	UID579797	1	1	0	0
1	1	UID579802	1	1	0	0
1	1	UID579856	1	1	0	0
1	1	UID579859	1	1	0	0
1	1	UID579868	1	1	0	0
1	1	UID579876	1	1	0	0
1	1	UID579889	1	1	0	0
1	1	UID580163	1	1	0	0
1	1	UID580195	1	1	0	0
1	1	UID580242	1	1	0	0
1	1	UID580247	1	1	0	0
1	1	UID580272	1	1	0	0
1	1	UID580277	1	1	0	0
1	1	UID580284	1	1	0	0
1	1	UID580309	1	1	0	0
1	1	UID580310	1	1	0	0
1	1	UID580315	1	1	0	0
1	1	UID580321	1	1	0	0
1	1	UID580347	1	1	0	0
1	1	UID580403	1	1	0	0
1	1	UID580406	1	1	0	0
1	1	UID580411	1	1	0	0
1	1	UID580413	1	1	0	0
1	1	UID580469	1	1	0	0
1	1	UID580470	1	1	0	0
1	1	UID580520	1	1	0	0
1	1	UID580526	1	1	0	0
1	1	UID580532	1	1	0	0
1	1	UID580537	1	1	0	0
1	1	UID580538	1	1	0	0
1	1	UID580539	1	1	0	0
1	1	UID580540	1	1	0	0
1	1	UID580544	1	1	0	0
1	1	UID580546	1	1	0	0
1	1	UID580555	1	1	0	0
1	1	UID580559	1	1	0	0
1	1	UID580560	1	1	0	0
1	1	UID580576	1	1	0	0
1	1	UID580593	1	1	0	0
1	1	UID580594	1	1	0	0
1	1	UID580613	1	1	0	0
1	1	UID580614	1	1	0	0
1	1	UID580617	1	1	0	0
1	1	UID580627	1	1	0	0
1	1	UID580633	1	1	0	0
1	1	UID580646	1	1	0	0
1	1	UID580676	1	1	0	0
1	1	UID580697	1	1	0	0
1	1	UID580759	1	1	0	0
1	1	UID580760	1	1	0	0
1	1	UID580761	1	1	0	0
1	1	UID580766	1	1	0	0
1	1	UID580767	1	1	0	0
1	1	UID580806	1	1	0	0
1	1	UID580824	1	1	0	0
1	1	UID580844	1	1	0	0
1	1	UID580845	1	1	0	0
1	1	UID580848	1	1	0	0
1	1	UID580853	1	1	0	0
1	1	UID580855	1	1	0	0
1	1	UID580858	1	1	0	0
1	1	UID580882	1	1	0	0
1	1	UID580891	1	1	0	0
1	1	UID580985	1	1	0	0
1	1	UID581090	1	1	0	0
1	1	UID581105	1	1	0	0
1	1	UID581106	1	1	0	0
1	1	UID581107	1	1	0	0
1	1	UID581116	1	1	0	0
1	1	UID581214	1	1	0	0
1	1	UID581224	1	1	0	0
1	1	UID581248	1	1	0	0
1	1	UID581260	1	1	0	0
1	1	UID581268	1	1	0	0
1	1	UID581279	1	1	0	0
1	1	UID581280	1	1	0	0
1	1	UID581281	1	1	0	0
1	1	UID581282	1	1	0	0
1	1	UID581283	1	1	0	0
1	1	UID581285	1	1	0	0
1	1	UID581286	1	1	0	0
1	1	UID581287	1	1	0	0
1	1	UID581288	1	1	0	0
1	1	UID581289	1	1	0	0
1	1	UID581291	1	1	0	0
1	1	UID581301	1	1	0	0
1	1	UID581307	1	1	0	0
1	1	UID581319	1	1	0	0
1	1	UID581344	1	1	0	0
1	1	UID581348	1	1	0	0
1	1	UID581351	1	1	0	0
1	1	UID581357	1	1	0	0
1	1	UID581360	1	1	0	0
1	1	UID581376	1	1	0	0
1	1	UID581379	1	1	0	0
1	1	UID581397	1	1	0	0
1	1	UID581463	1	1	0	0
1	1	UID581465	1	1	0	0
1	1	UID581466	1	1	0	0
1	1	UID581482	1	1	0	0
1	1	UID581490	1	1	0	0
1	1	UID581502	1	1	0	0
1	1	UID581504	1	1	0	0
1	1	UID581514	1	1	0	0
1	1	UID581535	1	1	0	0
1	1	UID581543	1	1	0	0
1	1	UID581556	1	1	0	0
1	1	UID581558	1	1	0	0
1	1	UID581569	1	1	0	0
1	1	UID581570	1	1	0	0
1	1	UID581572	1	1	0	0
1	1	UID581573	1	1	0	0
1	1	UID581578	1	1	0	0
1	1	UID581581	1	1	0	0
1	1	UID581595	1	1	0	0
1	1	UID581597	1	1	0	0
1	1	UID581599	1	1	0	0
1	1	UID581621	1	1	0	0
1	1	UID581622	1	1	0	0
1	1	UID581627	1	1	0	0
1	1	UID581628	1	1	0	0
1	1	UID581659	1	1	0	0
1	1	UID581675	1	1	0	0
1	1	UID581685	1	1	0	0
1	1	UID581686	1	1	0	0
1	1	UID581718	1	1	0	0
1	1	UID581719	1	1	0	0
1	1	UID581732	1	1	0	0
1	1	UID581746	1	1	0	0
1	1	UID581749	1	1	0	0
1	1	UID581752	1	1	0	0
1	1	UID581756	1	1	0	0
1	1	UID581813	1	1	0	0
1	1	UID581816	1	1	0	0
1	1	UID581825	1	1	0	0
1	1	UID581829	1	1	0	0
1	1	UID581830	1	1	0	0
1	1	UID581837	1	1	0	0
1	1	UID581845	1	1	0	0
1	1	UID581885	1	1	0	0
1	1	UID581886	1	1	0	0
1	1	UID581891	1	1	0	0
1	1	UID581892	1	1	0	0
1	1	UID581894	1	1	0	0
1	1	UID581896	1	1	0	0
1	1	UID581908	1	1	0	0
1	1	UID581926	1	1	0	0
1	1	UID581928	1	1	0	0
1	1	UID581929	1	1	0	0
1	1	UID581931	1	1	0	0
1	1	UID581946	1	1	0	0
1	1	UID581949	1	1	0	0
1	1	UID581953	1	1	0	0
1	1	UID581954	1	1	0	0
1	1	UID581963	1	1	0	0
1	1	UID581970	1	1	0	0
1	1	UID581975	1	1	0	0
1	1	UID581976	1	1	0	0
1	1	UID582015	1	1	0	0
1	1	UID582079	1	1	0	0
1	1	UID582081	1	1	0	0
1	1	UID582085	1	1	0	0
1	1	UID582086	1	1	0	0
1	1	UID582089	1	1	0	0
1	1	UID582093	1	1	0	0
1	1	UID582113	1	1	0	0
2	2	UID582115	1	2	1	1
1	1	UID582117	1	1	0	0
1	1	UID582122	1	1	0	0
1	1	UID582178	1	1	0	0
1	1	UID582179	1	1	0	0
1	1	UID582182	1	1	0	0
1	1	UID582220	1	1	0	0
1	1	UID582231	1	1	0	0
1	1	UID582234	1	1	0	0
1	1	UID582237	1	1	0	0
1	1	UID582245	1	1	0	0
1	1	UID582248	1	1	0	0
1	1	UID582249	1	1	0	0
1	1	UID582252	1	1	0	0
1	1	UID582253	1	1	0	0
1	1	UID582261	1	1	0	0
1	1	UID582263	1	1	0	0
1	1	UID582275	1	1	0	0
1	1	UID582284	1	1	0	0
1	1	UID582285	1	1	0	0
1	1	UID582306	1	1	0	0
1	1	UID582318	1	1	0	0
1	1	UID582359	1	1	0	0
1	1	UID582385	1	1	0	0
1	1	UID582391	1	1	0	0
1	1	UID582401	1	1	0	0
1	1	UID582442	1	1	0	0
1	1	UID582444	1	1	0	0
1	1	UID582447	1	1	0	0
1	1	UID582448	1	1	0	0
1	1	UID582454	1	1	0	0
1	1	UID582459	1	1	0	0
1	1	UID582460	1	1	0	0
1	1	UID582463	1	1	0	0
1	1	UID582466	1	1	0	0
1	1	UID582471	1	1	0	0
1	1	UID582472	1	1	0	0
1	1	UID582494	1	1	0	0
1	1	UID582510	1	1	0	0
1	1	UID582536	1	1	0	0
1	1	UID582552	1	1	0	0
1	1	UID582566	1	1	0	0
1	1	UID582567	1	1	0	0
1	1	UID582575	1	1	0	0
1	1	UID582623	1	1	0	0
1	1	UID582625	1	1	0	0
1	1	UID582639	1	1	0	0
1	1	UID582661	1	1	0	0
1	1	UID582662	1	1	0	0
1	1	UID582663	1	1	0	0
1	1	UID582686	1	1	0	0
1	1	UID582689	1	1	0	0
1	1	UID582703	1	1	0	0
1	1	UID582705	1	1	0	0
1	1	UID582814	1	1	0	0
1	1	UID582827	1	1	0	0
1	1	UID582828	1	1	0	0
1	1	UID582829	1	1	0	0
1	1	UID582830	1	1	0	0
1	1	UID582865	1	1	0	0
1	1	UID582872	1	1	0	0
1	1	UID582876	1	1	0	0
1	1	UID582880	1	1	0	0
1	1	UID582888	1	1	0	0
1	1	UID582889	1	1	0	0
1	1	UID582908	1	1	0	0
1	1	UID582919	1	1	0	0
1	1	UID582934	1	1	0	0
1	1	UID582949	1	1	0	0
1	1	UID582953	1	1	0	0
1	1	UID582957	1	1	0	0
1	1	UID583027	1	1	0	0
1	1	UID583030	1	1	0	0
1	1	UID583032	1	1	0	0
1	1	UID583036	1	1	0	0
1	1	UID583038	1	1	0	0
1	1	UID583058	1	1	0	0
1	1	UID583072	1	1	0	0
1	1	UID583079	1	1	0	0
1	1	UID583081	1	1	0	0
1	1	UID583082	1	1	0	0
1	1	UID583091	1	1	0	0
1	1	UID583102	1	1	0	0
1	1	UID583121	1	1	0	0
1	1	UID583123	1	1	0	0
1	1	UID583124	1	1	0	0
1	1	UID583141	1	1	0	0
1	1	UID583153	1	1	0	0
1	1	UID583210	1	1	0	0
1	1	UID583211	1	1	0	0
1	1	UID583214	1	1	0	0
1	1	UID583231	1	1	0	0
1	1	UID583233	1	1	0	0
1	1	UID583239	1	1	0	0
1	1	UID583248	1	1	0	0
1	1	UID583254	1	1	0	0
1	1	UID583256	1	1	0	0
1	1	UID583261	1	1	0	0
1	1	UID583277	1	1	0	0
1	1	UID583286	1	1	0	0
1	1	UID583299	1	1	0	0
1	1	UID583306	1	1	0	0
1	1	UID583307	1	1	0	0
1	1	UID583314	1	1	0	0
1	1	UID583317	1	1	0	0
1	1	UID583323	1	1	0	0
1	1	UID583327	1	1	0	0
1	1	UID583333	1	1	0	0
1	1	UID583374	1	1	0	0
1	1	UID583427	1	1	0	0
1	1	UID583438	1	1	0	0
1	1	UID583444	1	1	0	0
1	1	UID583467	1	1	0	0
1	1	UID583476	1	1	0	0
1	1	UID583483	1	1	0	0
1	1	UID583513	1	1	0	0
1	1	UID583519	1	1	0	0
1	1	UID583523	1	1	0	0
1	1	UID583545	1	1	0	0
1	1	UID583555	1	1	0	0
1	1	UID583557	1	1	0	0
1	1	UID583566	1	1	0	0
1	1	UID583579	1	1	0	0
1	1	UID583583	1	1	0	0
1	1	UID583598	1	1	0	0
1	1	UID583648	1	1	0	0
1	1	UID583661	1	1	0	0
1	1	UID583665	1	1	0	0
1	1	UID583672	1	1	0	0
1	1	UID583674	1	1	0	0
1	1	UID583690	1	1	0	0
1	1	UID583691	1	1	0	0
1	1	UID583692	1	1	0	0
1	1	UID583708	1	1	0	0
1	1	UID583711	1	1	0	0
1	1	UID583747	1	1	0	0
1	1	UID583749	1	1	0	0
1	1	UID583750	1	1	0	0
1	1	UID583751	1	1	0	0
1	1	UID583764	1	1	0	0
1	1	UID583767	1	1	0	0
1	1	UID583777	1	1	0	0
1	1	UID583781	1	1	0	0
1	1	UID583783	1	1	0	0
1	1	UID583784	1	1	0	0
1	1	UID583793	1	1	0	0
1	1	UID583798	1	1	0	0
2	2	UID583803	1	2	1	1
1	1	UID583805	1	1	0	0
1	1	UID583895	1	1	0	0
1	1	UID583902	1	1	0	0
1	1	UID583908	1	1	0	0
1	1	UID583912	1	1	0	0
1	1	UID583930	1	1	0	0
1	1	UID583934	1	1	0	0
1	1	UID583943	1	1	0	0
1	1	UID583947	1	1	0	0
1	1	UID583959	1	1	0	0
1	1	UID583965	1	1	0	0
1	1	UID583996	1	1	0	0
1	1	UID583997	1	1	0	0
1	1	UID584017	1	1	0	0
1	1	UID584026	1	1	0	0
1	1	UID584034	1	1	0	0
1	1	UID584039	1	1	0	0
2	2	UID584072	1	2	1	1
1	1	UID584077	1	1	0	0
1	1	UID584080	1	1	0	0
1	1	UID584081	1	1	0	0
1	1	UID584083	1	1	0	0
1	1	UID584090	1	1	0	0
1	1	UID584092	1	1	0	0
1	1	UID584117	1	1	0	0
1	1	UID584137	1	1	0	0
1	1	UID584226	1	1	0	0
1	1	UID584255	1	1	0	0
1	1	UID584268	1	1	0	0
1	1	UID584269	1	1	0	0
1	1	UID584270	1	1	0	0
1	1	UID584272	1	1	0	0
1	1	UID584283	1	1	0	0
1	1	UID584326	1	1	0	0
1	1	UID584330	1	1	0	0
1	1	UID584331	1	1	0	0
1	1	UID584340	1	1	0	0
1	1	UID584342	1	1	0	0
1	1	UID584349	1	1	0	0
1	1	UID584354	1	1	0	0
1	1	UID584356	1	1	0	0
1	1	UID584379	1	1	0	0
1	1	UID584391	1	1	0	0
1	1	UID584398	1	1	0	0
1	1	UID584400	1	1	0	0
1	1	UID584456	1	1	0	0
1	1	UID584457	1	1	0	0
1	1	UID584478	1	1	0	0
1	1	UID584509	1	1	0	0
1	1	UID584524	1	1	0	0
1	1	UID584525	1	1	0	0
1	1	UID584619	1	1	0	0
1	1	UID584640	1	1	0	0
1	1	UID584641	1	1	0	0
1	1	UID584647	1	1	0	0
1	1	UID584675	1	1	0	0
1	1	UID584678	1	1	0	0
1	1	UID584685	1	1	0	0
1	1	UID584697	1	1	0	0
1	1	UID584703	1	1	0	0
1	1	UID584728	1	1	0	0
1	1	UID584743	1	1	0	0
1	1	UID584754	1	1	0	0
1	1	UID584755	1	1	0	0
1	1	UID584756	1	1	0	0
1	1	UID584763	1	1	0	0
1	1	UID584767	1	1	0	0
1	1	UID584768	1	1	0	0
1	1	UID584769	1	1	0	0
1	1	UID584781	1	1	0	0
1	1	UID584791	1	1	0	0
1	1	UID584794	1	1	0	0
1	1	UID584798	1	1	0	0
1	1	UID584802	1	1	0	0
1	1	UID584811	1	1	0	0
1	1	UID584815	1	1	0	0
1	1	UID584825	1	1	0	0
1	1	UID584828	1	1	0	0
1	1	UID584862	1	1	0	0
1	1	UID584916	1	1	0	0
1	1	UID584923	1	1	0	0
1	1	UID584929	1	1	0	0
1	1	UID584938	1	1	0	0
1	1	UID584958	1	1	0	0
1	1	UID584979	1	1	0	0
1	1	UID584984	1	1	0	0
1	1	UID584988	1	1	0	0
1	1	UID584990	1	1	0	0
1	1	UID585021	1	1	0	0
1	1	UID585026	1	1	0	0
1	1	UID585033	1	1	0	0
1	1	UID585042	1	1	0	0
1	1	UID585048	1	1	0	0
1	1	UID585049	1	1	0	0
1	1	UID585051	1	1	0	0
1	1	UID585055	1	1	0	0
1	1	UID585059	1	1	0	0
1	1	UID585060	1	1	0	0
1	1	UID585063	1	1	0	0
1	1	UID585065	1	1	0	0
1	1	UID585066	1	1	0	0
1	1	UID585074	1	1	0	0
1	1	UID585078	1	1	0	0
1	1	UID585079	1	1	0	0
1	1	UID585080	1	1	0	0
1	1	UID585085	1	1	0	0
1	1	UID585095	1	1	0	0
1	1	UID585102	1	1	0	0
1	1	UID585104	1	1	0	0
1	1	UID585105	1	1	0	0
1	1	UID585106	1	1	0	0
1	1	UID585107	1	1	0	0
1	1	UID585108	1	1	0	0
1	1	UID585110	1	1	0	0
1	1	UID585111	1	1	0	0
1	1	UID585112	1	1	0	0
1	1	UID585116	1	1	0	0
1	1	UID585118	1	1	0	0
1	1	UID585128	1	1	0	0
1	1	UID585138	1	1	0	0
1	1	UID585140	1	1	0	0
1	1	UID585143	1	1	0	0
1	1	UID585144	1	1	0	0
1	1	UID585145	1	1	0	0
1	1	UID585147	1	1	0	0
1	1	UID585148	1	1	0	0
1	1	UID585149	1	1	0	0
1	1	UID585170	1	1	0	0
1	1	UID585198	1	1	0	0
1	1	UID585214	1	1	0	0
1	1	UID585217	1	1	0	0
1	1	UID585218	1	1	0	0
1	1	UID585229	1	1	0	0
1	1	UID585298	1	1	0	0
1	1	UID585305	1	1	0	0
1	1	UID585346	1	1	0	0
1	1	UID585350	1	1	0	0
1	1	UID585362	1	1	0	0
1	1	UID585376	1	1	0	0
1	1	UID585387	1	1	0	0
1	1	UID585398	1	1	0	0
1	1	UID585413	1	1	0	0
1	1	UID585420	1	1	0	0
1	1	UID585474	1	1	0	0
1	1	UID585501	1	1	0	0
1	1	UID585506	1	1	0	0
1	1	UID585512	1	1	0	0
1	1	UID585520	1	1	0	0
1	1	UID585530	1	1	0	0
1	1	UID585535	1	1	0	0
1	1	UID585560	1	1	0	0
1	1	UID585565	1	1	0	0
1	1	UID585570	1	1	0	0
1	1	UID585572	1	1	0	0
1	1	UID585573	1	1	0	0
1	1	UID585588	1	1	0	0
1	1	UID585629	1	1	0	0
1	1	UID585645	1	1	0	0
1	1	UID585648	1	1	0	0
1	1	UID585656	1	1	0	0
1	1	UID585657	1	1	0	0
1	1	UID585684	1	1	0	0
1	1	UID585689	1	1	0	0
1	1	UID585695	1	1	0	0
1	1	UID585698	1	1	0	0
1	1	UID585705	1	1	0	0
1	1	UID585745	1	1	0	0
1	1	UID585752	1	1	0	0
1	1	UID585774	1	1	0	0
1	1	UID585780	1	1	0	0
1	1	UID585783	1	1	0	0
1	1	UID585807	1	1	0	0
1	1	UID585813	1	1	0	0
1	1	UID585816	1	1	0	0
1	1	UID585818	1	1	0	0
1	1	UID585822	1	1	0	0
1	1	UID585824	1	1	0	0
1	1	UID585825	1	1	0	0
1	1	UID585826	1	1	0	0
1	1	UID585841	1	1	0	0
1	1	UID585855	1	1	0	0
1	1	UID585859	1	1	0	0
1	1	UID585860	1	1	0	0
1	1	UID585862	1	1	0	0
1	1	UID585872	1	1	0	0
1	1	UID585885	1	1	0	0
1	1	UID585889	1	1	0	0
1	1	UID585899	1	1	0	0
1	1	UID585913	1	1	0	0
1	1	UID585932	1	1	0	0
1	1	UID585944	1	1	0	0
1	1	UID585946	1	1	0	0
1	1	UID585947	1	1	0	0
1	1	UID585981	1	1	0	0
1	1	UID585983	1	1	0	0
1	1	UID585984	1	1	0	0
1	1	UID585999	1	1	0	0
1	1	UID586014	1	1	0	0
1	1	UID586084	1	1	0	0
1	1	UID586093	1	1	0	0
1	1	UID586096	1	1	0	0
1	1	UID586100	1	1	0	0
1	1	UID586104	1	1	0	0
1	1	UID586105	1	1	0	0
1	1	UID586137	1	1	0	0
1	1	UID586147	1	1	0	0
1	1	UID586151	1	1	0	0
1	1	UID586152	1	1	0	0
1	1	UID586153	1	1	0	0
1	1	UID586172	1	1	0	0
1	1	UID586205	1	1	0	0
1	1	UID586209	1	1	0	0
1	1	UID586211	1	1	0	0
1	1	UID586212	1	1	0	0
1	1	UID586214	1	1	0	0
1	1	UID586215	1	1	0	0
1	1	UID586221	1	1	0	0
1	1	UID586238	1	1	0	0
1	1	UID586245	1	1	0	0
1	1	UID586267	1	1	0	0
1	1	UID586271	1	1	0	0
1	1	UID586307	1	1	0	0
1	1	UID586330	1	1	0	0
1	1	UID586335	1	1	0	0
1	1	UID586339	1	1	0	0
1	1	UID586357	1	1	0	0
1	1	UID586360	1	1	0	0
1	1	UID586365	1	1	0	0
1	1	UID586384	1	1	0	0
1	1	UID586385	1	1	0	0
1	1	UID586387	1	1	0	0
1	1	UID586388	1	1	0	0
1	1	UID586391	1	1	0	0
1	1	UID586399	1	1	0	0
1	1	UID586403	1	1	0	0
1	1	UID586406	1	1	0	0
1	1	UID586407	1	1	0	0
1	1	UID586409	1	1	0	0
1	1	UID586410	1	1	0	0
1	1	UID586414	1	1	0	0
1	1	UID586417	1	1	0	0
1	1	UID586429	1	1	0	0
1	1	UID586434	1	1	0	0
1	1	UID586436	1	1	0	0
1	1	UID586438	1	1	0	0
1	1	UID586439	1	1	0	0
1	1	UID586445	1	1	0	0
1	1	UID586446	1	1	0	0
1	1	UID586451	1	1	0	0
1	1	UID586462	1	1	0	0
1	1	UID586463	1	1	0	0
1	1	UID586482	1	1	0	0
1	1	UID586490	1	1	0	0
1	1	UID586491	1	1	0	0
1	1	UID586494	1	1	0	0
1	1	UID586498	1	1	0	0
1	1	UID586516	1	1	0	0
1	1	UID586551	1	1	0	0
1	1	UID586562	1	1	0	0
1	1	UID586564	1	1	0	0
1	1	UID586570	1	1	0	0
1	1	UID586574	1	1	0	0
1	1	UID586607	1	1	0	0
1	1	UID586609	1	1	0	0
1	1	UID586615	1	1	0	0
1	1	UID586624	1	1	0	0
1	1	UID586654	1	1	0	0
1	1	UID586731	1	1	0	0
1	1	UID586743	1	1	0	0
1	1	UID586747	1	1	0	0
1	1	UID586756	1	1	0	0
1	1	UID586763	1	1	0	0
1	1	UID586768	1	1	0	0
1	1	UID586780	1	1	0	0
1	1	UID586796	1	1	0	0
1	1	UID586804	1	1	0	0
1	1	UID586840	1	1	0	0
1	1	UID586841	1	1	0	0
1	1	UID586843	1	1	0	0
1	1	UID586853	1	1	0	0
1	1	UID586865	1	1	0	0
1	1	UID586870	1	1	0	0
1	1	UID586872	1	1	0	0
1	1	UID586912	1	1	0	0
1	1	UID586917	1	1	0	0
1	1	UID586919	1	1	0	0
1	1	UID586930	1	1	0	0
1	1	UID586934	1	1	0	0
1	1	UID586964	1	1	0	0
1	1	UID586967	1	1	0	0
1	1	UID586980	1	1	0	0
1	1	UID587049	1	1	0	0
1	1	UID587058	1	1	0	0
1	1	UID587066	1	1	0	0
1	1	UID587067	1	1	0	0
1	1	UID587070	1	1	0	0
1	1	UID587074	1	1	0	0
1	1	UID587077	1	1	0	0
1	1	UID587090	1	1	0	0
1	1	UID587108	1	1	0	0
1	1	UID587110	1	1	0	0
1	1	UID587135	1	1	0	0
1	1	UID587136	1	1	0	0
1	1	UID587139	1	1	0	0
1	1	UID587142	1	1	0	0
1	1	UID587147	1	1	0	0
1	1	UID587154	1	1	0	0
1	1	UID587156	1	1	0	0
1	1	UID587158	1	1	0	0
1	1	UID587159	1	1	0	0
1	1	UID587172	1	1	0	0
1	1	UID587176	1	1	0	0
1	1	UID587214	1	1	0	0
1	1	UID587220	1	1	0	0
1	1	UID587243	1	1	0	0
1	1	UID587255	1	1	0	0
1	1	UID587279	1	1	0	0
1	1	UID587314	1	1	0	0
1	1	UID587315	1	1	0	0
1	1	UID587319	1	1	0	0
1	1	UID587323	1	1	0	0
1	1	UID587360	1	1	0	0
1	1	UID587370	1	1	0	0
1	1	UID587392	1	1	0	0
1	1	UID587394	1	1	0	0
1	1	UID587399	1	1	0	0
1	1	UID587414	1	1	0	0
1	1	UID587460	1	1	0	0
1	1	UID587479	1	1	0	0
1	1	UID587480	1	1	0	0
1	1	UID587494	1	1	0	0
1	1	UID587496	1	1	0	0
1	1	UID587505	1	1	0	0
1	1	UID587512	1	1	0	0
1	1	UID587517	1	1	0	0
2	2	UID587530	1	2	1	1
1	1	UID587539	1	1	0	0
1	1	UID587541	1	1	0	0
1	1	UID587544	1	1	0	0
1	1	UID587545	1	1	0	0
1	1	UID587554	1	1	0	0
1	1	UID587556	1	1	0	0
1	1	UID587579	1	1	0	0
1	1	UID587586	1	1	0	0
1	1	UID587593	1	1	0	0
1	1	UID587595	1	1	0	0
1	1	UID587617	1	1	0	0
2	2	UID587618	1	2	1	1
1	1	UID587636	1	1	0	0
1	1	UID587639	1	1	0	0
1	1	UID587640	1	1	0	0
1	1	UID587642	1	1	0	0
2	2	UID587646	1	2	1	1
1	1	UID587669	1	1	0	0
1	1	UID587672	1	1	0	0
1	1	UID587675	1	1	0	0
1	1	UID587686	1	1	0	0
1	1	UID587692	1	1	0	0
1	1	UID587695	1	1	0	0
1	1	UID587698	1	1	0	0
1	1	UID587700	1	1	0	0
1	1	UID587705	1	1	0	0
1	1	UID587706	1	1	0	0
1	1	UID587707	1	1	0	0
1	1	UID587709	1	1	0	0
1	1	UID587725	1	1	0	0
1	1	UID587761	1	1	0	0
1	1	UID587783	1	1	0	0
1	1	UID587796	1	1	0	0
1	1	UID587800	1	1	0	0
1	1	UID587802	1	1	0	0
1	1	UID587805	1	1	0	0
1	1	UID587810	1	1	0	0
1	1	UID587811	1	1	0	0
1	1	UID587816	1	1	0	0
1	1	UID587818	1	1	0	0
1	1	UID587829	1	1	0	0
1	1	UID587835	1	1	0	0
1	1	UID587849	1	1	0	0
1	1	UID587851	1	1	0	0
1	1	UID587855	1	1	0	0
1	1	UID587875	1	1	0	0
1	1	UID587884	1	1	0	0
1	1	UID587897	1	1	0	0
1	1	UID587901	1	1	0	0
1	1	UID587916	1	1	0	0
1	1	UID587921	1	1	0	0
1	1	UID587957	1	1	0	0
1	1	UID587962	1	1	0	0
1	1	UID588036	1	1	0	0
1	1	UID588046	1	1	0	0
1	1	UID588048	1	1	0	0
1	1	UID588106	1	1	0	0
1	1	UID588107	1	1	0	0
1	1	UID588108	1	1	0	0
1	1	UID588115	1	1	0	0
1	1	UID588117	1	1	0	0
1	1	UID588128	1	1	0	0
1	1	UID588134	1	1	0	0
1	1	UID588135	1	1	0	0
1	1	UID588137	1	1	0	0
1	1	UID588143	1	1	0	0
1	1	UID588146	1	1	0	0
1	1	UID588147	1	1	0	0
1	1	UID588175	1	1	0	0
1	1	UID588176	1	1	0	0
1	1	UID588196	1	1	0	0
1	1	UID588198	1	1	0	0
1	1	UID588200	1	1	0	0
1	1	UID588201	1	1	0	0
1	1	UID588203	1	1	0	0
1	1	UID588204	1	1	0	0
1	1	UID588205	1	1	0	0
1	1	UID588207	1	1	0	0
1	1	UID588209	1	1	0	0
1	1	UID588211	1	1	0	0
1	1	UID588214	1	1	0	0
1	1	UID588215	1	1	0	0
1	1	UID588218	1	1	0	0
1	1	UID588232	1	1	0	0
1	1	UID588237	1	1	0	0
1	1	UID588238	1	1	0	0
1	1	UID588240	1	1	0	0
1	1	UID588244	1	1	0	0
1	1	UID588245	1	1	0	0
1	1	UID588246	1	1	0	0
1	1	UID588250	1	1	0	0
1	1	UID588255	1	1	0	0
1	1	UID588257	1	1	0	0
1	1	UID588258	1	1	0	0
1	1	UID588260	1	1	0	0
1	1	UID588263	1	1	0	0
1	1	UID588265	1	1	0	0
1	1	UID588286	1	1	0	0
1	1	UID588299	1	1	0	0
1	1	UID588314	1	1	0	0
1	1	UID588319	1	1	0	0
1	1	UID588347	1	1	0	0
1	1	UID588356	1	1	0	0
1	1	UID588384	1	1	0	0
1	1	UID588387	1	1	0	0
1	1	UID588392	1	1	0	0
1	1	UID588398	1	1	0	0
1	1	UID588409	1	1	0	0
1	1	UID588415	1	1	0	0
1	1	UID588418	1	1	0	0
1	1	UID588441	1	1	0	0
1	1	UID588475	1	1	0	0
1	1	UID588487	1	1	0	0
1	1	UID588499	1	1	0	0
1	1	UID588505	1	1	0	0
1	1	UID588509	1	1	0	0
1	1	UID588530	1	1	0	0
1	1	UID588535	1	1	0	0
1	1	UID588545	1	1	0	0
1	1	UID588560	1	1	0	0
1	1	UID588564	1	1	0	0
1	1	UID588566	1	1	0	0
1	1	UID588571	1	1	0	0
1	1	UID588577	1	1	0	0
1	1	UID588626	1	1	0	0
1	1	UID588649	1	1	0	0
1	1	UID588661	1	1	0	0
1	1	UID588715	1	1	0	0
1	1	UID588731	1	1	0	0
1	1	UID588751	1	1	0	0
1	1	UID588752	1	1	0	0
1	1	UID588755	1	1	0	0
1	1	UID588756	1	1	0	0
1	1	UID588762	1	1	0	0
1	1	UID588768	1	1	0	0
1	1	UID588776	1	1	0	0
1	1	UID588787	1	1	0	0
1	1	UID588788	1	1	0	0
1	1	UID588789	1	1	0	0
1	1	UID588818	1	1	0	0
1	1	UID588842	1	1	0	0
1	1	UID588844	1	1	0	0
1	1	UID588845	1	1	0	0
1	1	UID588854	1	1	0	0
1	1	UID588859	1	1	0	0
1	1	UID588877	1	1	0	0
1	1	UID588879	1	1	0	0
1	1	UID588880	1	1	0	0
1	1	UID588890	1	1	0	0
1	1	UID588894	1	1	0	0
1	1	UID588897	1	1	0	0
1	1	UID588898	1	1	0	0
1	1	UID588930	1	1	0	0
1	1	UID588944	1	1	0	0
1	1	UID588950	1	1	0	0
1	1	UID588951	1	1	0	0
1	1	UID588969	1	1	0	0
1	1	UID588984	1	1	0	0
1	1	UID588986	1	1	0	0
1	1	UID588994	1	1	0	0
1	1	UID588996	1	1	0	0
1	1	UID589002	1	1	0	0
1	1	UID589012	1	1	0	0
1	1	UID589013	1	1	0	0
1	1	UID589015	1	1	0	0
1	1	UID589016	1	1	0	0
1	1	UID589036	1	1	0	0
1	1	UID589047	1	1	0	0
1	1	UID589061	1	1	0	0
1	1	UID589079	1	1	0	0
1	1	UID589083	1	1	0	0
1	1	UID589088	1	1	0	0
1	1	UID589091	1	1	0	0
1	1	UID589092	1	1	0	0
1	1	UID589093	1	1	0	0
1	1	UID589094	1	1	0	0
1	1	UID589095	1	1	0	0
1	1	UID589097	1	1	0	0
1	1	UID589101	1	1	0	0
1	1	UID589123	1	1	0	0
1	1	UID589136	1	1	0	0
1	1	UID589137	1	1	0	0
1	1	UID589151	1	1	0	0
1	1	UID589189	1	1	0	0
1	1	UID589197	1	1	0	0
1	1	UID589199	1	1	0	0
1	1	UID589236	1	1	0	0
1	1	UID589242	1	1	0	0
1	1	UID589253	1	1	0	0
1	1	UID589271	1	1	0	0
1	1	UID589274	1	1	0	0
1	1	UID589278	1	1	0	0
1	1	UID589284	1	1	0	0
1	1	UID589285	1	1	0	0
1	1	UID589288	1	1	0	0
1	1	UID589289	1	1	0	0
1	1	UID589303	1	1	0	0
1	1	UID589319	1	1	0	0
1	1	UID589334	1	1	0	0
1	1	UID589337	1	1	0	0
1	1	UID589341	1	1	0	0
1	1	UID589345	1	1	0	0
1	1	UID589379	1	1	0	0
1	1	UID589451	1	1	0	0
1	1	UID589458	1	1	0	0
1	1	UID589482	1	1	0	0
1	1	UID589496	1	1	0	0
1	1	UID589517	1	1	0	0
1	1	UID589521	1	1	0	0
1	1	UID589522	1	1	0	0
1	1	UID589524	1	1	0	0
1	1	UID589528	1	1	0	0
1	1	UID589544	1	1	0	0
1	1	UID589545	1	1	0	0
1	1	UID589546	1	1	0	0
1	1	UID589566	1	1	0	0
1	1	UID589567	1	1	0	0
1	1	UID589587	1	1	0	0
1	1	UID589617	1	1	0	0
1	1	UID589624	1	1	0	0
1	1	UID589626	1	1	0	0
1	1	UID589631	1	1	0	0
1	1	UID589638	1	1	0	0
1	1	UID589767	1	1	0	0
1	1	UID589775	1	1	0	0
1	1	UID589781	1	1	0	0
1	1	UID589939	1	1	0	0
1	1	UID589949	1	1	0	0
1	1	UID589975	1	1	0	0
1	1	UID590008	1	1	0	0
1	1	UID590009	1	1	0	0
1	1	UID590010	1	1	0	0
1	1	UID590015	1	1	0	0
1	1	UID590021	1	1	0	0
1	1	UID590028	1	1	0	0
1	1	UID590040	1	1	0	0
1	1	UID590067	1	1	0	0
1	1	UID590086	1	1	0	0
1	1	UID590092	1	1	0	0
1	1	UID590093	1	1	0	0
1	1	UID590106	1	1	0	0
1	1	UID590111	1	1	0	0
1	1	UID590132	1	1	0	0
1	1	UID590133	1	1	0	0
1	1	UID590148	1	1	0	0
1	1	UID590152	1	1	0	0
1	1	UID590154	1	1	0	0
1	1	UID590170	1	1	0	0
1	1	UID590203	1	1	0	0
1	1	UID590207	1	1	0	0
1	1	UID590228	1	1	0	0
1	1	UID590230	1	1	0	0
1	1	UID590232	1	1	0	0
1	1	UID590249	1	1	0	0
1	1	UID590252	1	1	0	0
1	1	UID590264	1	1	0	0
1	1	UID590274	1	1	0	0
1	1	UID590277	1	1	0	0
1	1	UID590293	1	1	0	0
1	1	UID590295	1	1	0	0
1	1	UID590301	1	1	0	0
1	1	UID590312	1	1	0	0
1	1	UID590314	1	1	0	0
1	1	UID590317	1	1	0	0
1	1	UID590319	1	1	0	0
2	2	UID590322	1	2	1	1
1	1	UID590330	1	1	0	0
1	1	UID590333	1	1	0	0
1	1	UID590344	1	1	0	0
1	1	UID590349	1	1	0	0
1	1	UID590351	1	1	0	0
1	1	UID590353	1	1	0	0
1	1	UID590360	1	1	0	0
1	1	UID590368	1	1	0	0
1	1	UID590371	1	1	0	0
1	1	UID590372	1	1	0	0
1	1	UID590378	1	1	0	0
1	1	UID590383	1	1	0	0
1	1	UID590392	1	1	0	0
1	1	UID590397	1	1	0	0
1	1	UID590413	1	1	0	0
1	1	UID590421	1	1	0	0
1	1	UID590422	1	1	0	0
1	1	UID590427	1	1	0	0
1	1	UID590428	1	1	0	0
1	1	UID590430	1	1	0	0
1	1	UID590441	1	1	0	0
1	1	UID590442	1	1	0	0
1	1	UID590468	1	1	0	0
1	1	UID590471	1	1	0	0
1	1	UID590474	1	1	0	0
1	1	UID590478	1	1	0	0
1	1	UID590479	1	1	0	0
1	1	UID590493	1	1	0	0
1	1	UID590494	1	1	0	0
1	1	UID590495	1	1	0	0
1	1	UID590496	1	1	0	0
1	1	UID590498	1	1	0	0
1	1	UID590502	1	1	0	0
1	1	UID590505	1	1	0	0
1	1	UID590507	1	1	0	0
1	1	UID590516	1	1	0	0
1	1	UID590524	1	1	0	0
1	1	UID590534	1	1	0	0
1	1	UID590544	1	1	0	0
1	1	UID590577	1	1	0	0
1	1	UID590581	1	1	0	0
1	1	UID590586	1	1	0	0
1	1	UID590587	1	1	0	0
1	1	UID590596	1	1	0	0
1	1	UID590604	1	1	0	0
1	1	UID590631	1	1	0	0
1	1	UID590642	1	1	0	0
1	1	UID590686	1	1	0	0
1	1	UID590705	1	1	0	0
1	1	UID590738	1	1	0	0
1	1	UID590739	1	1	0	0
1	1	UID590743	1	1	0	0
1	1	UID590755	1	1	0	0
1	1	UID590763	1	1	0	0
1	1	UID590766	1	1	0	0
1	1	UID590774	1	1	0	0
1	1	UID590786	1	1	0	0
1	1	UID590792	1	1	0	0
1	1	UID590794	1	1	0	0
1	1	UID590801	1	1	0	0
1	1	UID590805	1	1	0	0
1	1	UID590811	1	1	0	0
1	1	UID590812	1	1	0	0
1	1	UID590825	1	1	0	0
1	1	UID590833	1	1	0	0
1	1	UID590861	1	1	0	0
1	1	UID590877	1	1	0	0
1	1	UID590894	1	1	0	0
1	1	UID590895	1	1	0	0
1	1	UID590898	1	1	0	0
1	1	UID590899	1	1	0	0
1	1	UID590906	1	1	0	0
1	1	UID590907	1	1	0	0
1	1	UID590908	1	1	0	0
1	1	UID590911	1	1	0	0
1	1	UID590915	1	1	0	0
1	1	UID590923	1	1	0	0
1	1	UID590996	1	1	0	0
1	1	UID591011	1	1	0	0
1	1	UID591031	1	1	0	0
1	1	UID591032	1	1	0	0
1	1	UID591034	1	1	0	0
1	1	UID591057	1	1	0	0
1	1	UID591063	1	1	0	0
1	1	UID591074	1	1	0	0
1	1	UID591077	1	1	0	0
1	1	UID591081	1	1	0	0
1	1	UID591082	1	1	0	0
1	1	UID591086	1	1	0	0
1	1	UID591096	1	1	0	0
1	1	UID591097	1	1	0	0
1	1	UID591107	1	1	0	0
1	1	UID591108	1	1	0	0
1	1	UID591136	1	1	0	0
1	1	UID591143	1	1	0	0
1	1	UID591145	1	1	0	0
1	1	UID591148	1	1	0	0
1	1	UID591152	1	1	0	0
1	1	UID591164	1	1	0	0
1	1	UID591167	1	1	0	0
1	1	UID591171	1	1	0	0
1	1	UID591179	1	1	0	0
1	1	UID591187	1	1	0	0
1	1	UID591195	1	1	0	0
1	1	UID591197	1	1	0	0
1	1	UID591208	1	1	0	0
1	1	UID591217	1	1	0	0
2	2	UID591224	1	2	1	1
1	1	UID591226	1	1	0	0
1	1	UID591232	1	1	0	0
1	1	UID591235	1	1	0	0
1	1	UID591236	1	1	0	0
1	1	UID591257	1	1	0	0
1	1	UID591276	1	1	0	0
1	1	UID591277	1	1	0	0
1	1	UID591279	1	1	0	0
1	1	UID591294	1	1	0	0
1	1	UID591308	1	1	0	0
1	1	UID591310	1	1	0	0
1	1	UID591313	1	1	0	0
1	1	UID591318	1	1	0	0
1	1	UID591323	1	1	0	0
1	1	UID591324	1	1	0	0
1	1	UID591333	1	1	0	0
1	1	UID591340	1	1	0	0
1	1	UID591353	1	1	0	0
1	1	UID591367	1	1	0	0
1	1	UID591368	1	1	0	0
1	1	UID591390	1	1	0	0
1	1	UID591416	1	1	0	0
1	1	UID591418	1	1	0	0
1	1	UID591425	1	1	0	0
1	1	UID591431	1	1	0	0
1	1	UID591432	1	1	0	0
1	1	UID591444	1	1	0	0
1	1	UID591446	1	1	0	0
1	1	UID591447	1	1	0	0
1	1	UID591453	1	1	0	0
1	1	UID591456	1	1	0	0
1	1	UID591457	1	1	0	0
1	1	UID591465	1	1	0	0
1	1	UID591471	1	1	0	0
1	1	UID591476	1	1	0	0
1	1	UID591487	1	1	0	0
1	1	UID591488	1	1	0	0
1	1	UID591489	1	1	0	0
1	1	UID591497	1	1	0	0
1	1	UID591586	1	1	0	0
1	1	UID591596	1	1	0	0
1	1	UID591598	1	1	0	0
1	1	UID591608	1	1	0	0
1	1	UID591610	1	1	0	0
1	1	UID591614	1	1	0	0
1	1	UID591621	1	1	0	0
1	1	UID591622	1	1	0	0
1	1	UID591648	1	1	0	0
1	1	UID591649	1	1	0	0
1	1	UID591651	1	1	0	0
1	1	UID591654	1	1	0	0
1	1	UID591656	1	1	0	0
1	1	UID591706	1	1	0	0
1	1	UID591733	1	1	0	0
1	1	UID591746	1	1	0	0
1	1	UID591748	1	1	0	0
1	1	UID591750	1	1	0	0
1	1	UID591826	1	1	0	0
1	1	UID591848	1	1	0	0
1	1	UID591911	1	1	0	0
1	1	UID591949	1	1	0	0
1	1	UID591951	1	1	0	0
1	1	UID591954	1	1	0	0
1	1	UID591959	1	1	0	0
1	1	UID591969	1	1	0	0
1	1	UID591976	1	1	0	0
1	1	UID591990	1	1	0	0
1	1	UID591997	1	1	0	0
1	1	UID591999	1	1	0	0
1	1	UID592009	1	1	0	0
1	1	UID592011	1	1	0	0
1	1	UID592015	1	1	0	0
1	1	UID592016	1	1	0	0
1	1	UID592018	1	1	0	0
1	1	UID592022	1	1	0	0
1	1	UID592032	1	1	0	0
1	1	UID592039	1	1	0	0
1	1	UID592041	1	1	0	0
1	1	UID592053	1	1	0	0
1	1	UID592059	1	1	0	0
1	1	UID592063	1	1	0	0
1	1	UID592064	1	1	0	0
1	1	UID592100	1	1	0	0
1	1	UID592112	1	1	0	0
1	1	UID592113	1	1	0	0
1	1	UID592119	1	1	0	0
1	1	UID592121	1	1	0	0
1	1	UID592130	1	1	0	0
1	1	UID592132	1	1	0	0
1	1	UID592133	1	1	0	0
1	1	UID592135	1	1	0	0
1	1	UID592137	1	1	0	0
1	1	UID592154	1	1	0	0
1	1	UID592164	1	1	0	0
1	1	UID592176	1	1	0	0
1	1	UID592178	1	1	0	0
1	1	UID592183	1	1	0	0
1	1	UID592195	1	1	0	0
1	1	UID592196	1	1	0	0
1	1	UID592208	1	1	0	0
1	1	UID592227	1	1	0	0
1	1	UID592231	1	1	0	0
1	1	UID592235	1	1	0	0
1	1	UID592266	1	1	0	0
1	1	UID592269	1	1	0	0
1	1	UID592291	1	1	0	0
1	1	UID592296	1	1	0	0
1	1	UID592299	1	1	0	0
1	1	UID592300	1	1	0	0
1	1	UID592309	1	1	0	0
1	1	UID592319	1	1	0	0
1	1	UID592334	1	1	0	0
1	1	UID592335	1	1	0	0
1	1	UID592347	1	1	0	0
2	2	UID592358	1	2	1	1
1	1	UID592369	1	1	0	0
1	1	UID592379	1	1	0	0
1	1	UID592393	1	1	0	0
1	1	UID592397	1	1	0	0
1	1	UID592407	1	1	0	0
1	1	UID592417	1	1	0	0
1	1	UID592421	1	1	0	0
1	1	UID592453	1	1	0	0
1	1	UID592461	1	1	0	0
1	1	UID592464	1	1	0	0
1	1	UID592479	1	1	0	0
1	1	UID592488	1	1	0	0
1	1	UID592489	1	1	0	0
1	1	UID592499	1	1	0	0
2	2	UID592514	1	2	1	1
1	1	UID592516	1	1	0	0
1	1	UID592530	1	1	0	0
1	1	UID592548	1	1	0	0
1	1	UID592549	1	1	0	0
1	1	UID592562	1	1	0	0
1	1	UID592574	1	1	0	0
1	1	UID592604	1	1	0	0
1	1	UID592613	1	1	0	0
1	1	UID592615	1	1	0	0
1	1	UID592629	1	1	0	0
1	1	UID592630	1	1	0	0
1	1	UID592632	1	1	0	0
1	1	UID592635	1	1	0	0
1	1	UID592640	1	1	0	0
1	1	UID592641	1	1	0	0
1	1	UID592647	1	1	0	0
1	1	UID592651	1	1	0	0
1	1	UID592655	1	1	0	0
1	1	UID592660	1	1	0	0
1	1	UID592665	1	1	0	0
1	1	UID592674	1	1	0	0
1	1	UID592676	1	1	0	0
1	1	UID592679	1	1	0	0
1	1	UID592683	1	1	0	0
1	1	UID592685	1	1	0	0
1	1	UID592686	1	1	0	0
1	1	UID592690	1	1	0	0
1	1	UID592692	1	1	0	0
1	1	UID592736	1	1	0	0
1	1	UID592751	1	1	0	0
1	1	UID592753	1	1	0	0
1	1	UID592754	1	1	0	0
1	1	UID592755	1	1	0	0
1	1	UID592769	1	1	0	0
1	1	UID592777	1	1	0	0
1	1	UID592782	1	1	0	0
1	1	UID592788	1	1	0	0
1	1	UID592790	1	1	0	0
1	1	UID592794	1	1	0	0
1	1	UID592815	1	1	0	0
1	1	UID592824	1	1	0	0
1	1	UID592825	1	1	0	0
1	1	UID592828	1	1	0	0
1	1	UID592831	1	1	0	0
1	1	UID592869	1	1	0	0
1	1	UID592919	1	1	0	0
1	1	UID592936	1	1	0	0
1	1	UID592965	1	1	0	0
1	1	UID592971	1	1	0	0
1	1	UID592974	1	1	0	0
1	1	UID592976	1	1	0	0
1	1	UID592994	1	1	0	0
1	1	UID593000	1	1	0	0
1	1	UID593004	1	1	0	0
1	1	UID593008	1	1	0	0
1	1	UID593009	1	1	0	0
1	1	UID593010	1	1	0	0
1	1	UID593021	1	1	0	0
1	1	UID593024	1	1	0	0
1	1	UID593027	1	1	0	0
1	1	UID593028	1	1	0	0
1	1	UID593029	1	1	0	0
1	1	UID593044	1	1	0	0
1	1	UID593049	1	1	0	0
1	1	UID593050	1	1	0	0
1	1	UID593053	1	1	0	0
1	1	UID593055	1	1	0	0
1	1	UID593109	1	1	0	0
1	1	UID593117	1	1	0	0
1	1	UID593120	1	1	0	0
1	1	UID593121	1	1	0	0
1	1	UID593135	1	1	0	0
1	1	UID593139	1	1	0	0
1	1	UID593140	1	1	0	0
1	1	UID593141	1	1	0	0
1	1	UID593142	1	1	0	0
1	1	UID593157	1	1	0	0
1	1	UID593158	1	1	0	0
1	1	UID593166	1	1	0	0
1	1	UID593171	1	1	0	0
1	1	UID593178	1	1	0	0
1	1	UID593180	1	1	0	0
1	1	UID593182	1	1	0	0
1	1	UID593183	1	1	0	0
1	1	UID593185	1	1	0	0
1	1	UID593188	1	1	0	0
1	1	UID593218	1	1	0	0
1	1	UID593219	1	1	0	0
1	1	UID593223	1	1	0	0
1	1	UID593229	1	1	0	0
1	1	UID593253	1	1	0	0
1	1	UID593298	1	1	0	0
1	1	UID593302	1	1	0	0
1	1	UID593304	1	1	0	0
1	1	UID593323	1	1	0	0
1	1	UID593325	1	1	0	0
1	1	UID593337	1	1	0	0
1	1	UID593341	1	1	0	0
1	1	UID593342	1	1	0	0
1	1	UID593345	1	1	0	0
1	1	UID593347	1	1	0	0
1	1	UID593365	1	1	0	0
1	1	UID593366	1	1	0	0
1	1	UID593386	1	1	0	0
1	1	UID593393	1	1	0	0
1	1	UID593402	1	1	0	0
1	1	UID593406	1	1	0	0
1	1	UID593425	1	1	0	0
1	1	UID593438	1	1	0	0
1	1	UID593443	1	1	0	0
1	1	UID593444	1	1	0	0
1	1	UID593447	1	1	0	0
1	1	UID593448	1	1	0	0
1	1	UID593460	1	1	0	0
1	1	UID593468	1	1	0	0
1	1	UID593481	1	1	0	0
1	1	UID593484	1	1	0	0
1	1	UID593493	1	1	0	0
1	1	UID593495	1	1	0	0
1	1	UID593578	1	1	0	0
1	1	UID593580	1	1	0	0
1	1	UID593581	1	1	0	0
1	1	UID593609	1	1	0	0
1	1	UID593622	1	1	0	0
1	1	UID593624	1	1	0	0
1	1	UID593633	1	1	0	0
1	1	UID593642	1	1	0	0
1	1	UID593648	1	1	0	0
1	1	UID593660	1	1	0	0
1	1	UID593676	1	1	0	0
1	1	UID593679	1	1	0	0
1	1	UID593684	1	1	0	0
1	1	UID593695	1	1	0	0
1	1	UID593698	1	1	0	0
1	1	UID593712	1	1	0	0
1	1	UID593717	1	1	0	0
1	1	UID593740	1	1	0	0
1	1	UID593741	1	1	0	0
1	1	UID593761	1	1	0	0
1	1	UID593785	1	1	0	0
1	1	UID593793	1	1	0	0
1	1	UID593794	1	1	0	0
1	1	UID593818	1	1	0	0
1	1	UID593820	1	1	0	0
1	1	UID593822	1	1	0	0
1	1	UID593836	1	1	0	0
1	1	UID593843	1	1	0	0
1	1	UID593845	1	1	0	0
1	1	UID593848	1	1	0	0
1	1	UID593876	1	1	0	0
1	1	UID593883	1	1	0	0
1	1	UID593886	1	1	0	0
1	1	UID593887	1	1	0	0
1	1	UID593910	1	1	0	0
1	1	UID593920	1	1	0	0
1	1	UID593922	1	1	0	0
1	1	UID593932	1	1	0	0
1	1	UID593933	1	1	0	0
1	1	UID593934	1	1	0	0
1	1	UID594006	1	1	0	0
1	1	UID594008	1	1	0	0
1	1	UID594024	1	1	0	0
1	1	UID594040	1	1	0	0
1	1	UID594044	1	1	0	0
1	1	UID594047	1	1	0	0
1	1	UID594048	1	1	0	0
1	1	UID594050	1	1	0	0
1	1	UID594076	1	1	0	0
1	1	UID594081	1	1	0	0
1	1	UID594088	1	1	0	0
1	1	UID594103	1	1	0	0
1	1	UID594105	1	1	0	0
1	1	UID594106	1	1	0	0
1	1	UID594115	1	1	0	0
1	1	UID594116	1	1	0	0
1	1	UID594122	1	1	0	0
1	1	UID594125	1	1	0	0
1	1	UID594146	1	1	0	0
1	1	UID594157	1	1	0	0
1	1	UID594171	1	1	0	0
1	1	UID594172	1	1	0	0
1	1	UID594176	1	1	0	0
1	1	UID594190	1	1	0	0
1	1	UID594198	1	1	0	0
1	1	UID594199	1	1	0	0
1	1	UID594204	1	1	0	0
1	1	UID594231	1	1	0	0
1	1	UID594238	1	1	0	0
1	1	UID594240	1	1	0	0
1	1	UID594244	1	1	0	0
1	1	UID594253	1	1	0	0
1	1	UID594264	1	1	0	0
1	1	UID594270	1	1	0	0
1	1	UID594274	1	1	0	0
1	1	UID594277	1	1	0	0
1	1	UID594304	1	1	0	0
1	1	UID594308	1	1	0	0
1	1	UID594312	1	1	0	0
1	1	UID594314	1	1	0	0
1	1	UID594332	1	1	0	0
1	1	UID594342	1	1	0	0
1	1	UID594345	1	1	0	0
1	1	UID594348	1	1	0	0
1	1	UID594358	1	1	0	0
1	1	UID594366	1	1	0	0
1	1	UID594377	1	1	0	0
1	1	UID594385	1	1	0	0
1	1	UID594397	1	1	0	0
1	1	UID594401	1	1	0	0
1	1	UID594407	1	1	0	0
1	1	UID594409	1	1	0	0
1	1	UID594410	1	1	0	0
1	1	UID594411	1	1	0	0
1	1	UID594414	1	1	0	0
1	1	UID594423	1	1	0	0
1	1	UID594426	1	1	0	0
1	1	UID594428	1	1	0	0
1	1	UID594429	1	1	0	0
1	1	UID594431	1	1	0	0
1	1	UID594433	1	1	0	0
1	1	UID594436	1	1	0	0
1	1	UID594439	1	1	0	0
1	1	UID594456	1	1	0	0
1	1	UID594460	1	1	0	0
1	1	UID594473	1	1	0	0
1	1	UID594483	1	1	0	0
1	1	UID594489	1	1	0	0
1	1	UID594497	1	1	0	0
1	1	UID594501	1	1	0	0
1	1	UID594521	1	1	0	0
1	1	UID594527	1	1	0	0
1	1	UID594545	1	1	0	0
2	2	UID594546	1	2	1	1
1	1	UID594584	1	1	0	0
1	1	UID594603	1	1	0	0
1	1	UID594606	1	1	0	0
1	1	UID594608	1	1	0	0
1	1	UID594622	1	1	0	0
1	1	UID594623	1	1	0	0
1	1	UID594625	1	1	0	0
1	1	UID594630	1	1	0	0
1	1	UID594631	1	1	0	0
1	1	UID594636	1	1	0	0
1	1	UID594650	1	1	0	0
1	1	UID594662	1	1	0	0
1	1	UID594665	1	1	0	0
1	1	UID594676	1	1	0	0
1	1	UID594678	1	1	0	0
1	1	UID594680	1	1	0	0
1	1	UID594682	1	1	0	0
1	1	UID594683	1	1	0	0
1	1	UID594684	1	1	0	0
1	1	UID594685	1	1	0	0
1	1	UID594686	1	1	0	0
1	1	UID594687	1	1	0	0
1	1	UID594689	1	1	0	0
1	1	UID594691	1	1	0	0
1	1	UID594692	1	1	0	0
1	1	UID594693	1	1	0	0
1	1	UID594694	1	1	0	0
1	1	UID594697	1	1	0	0
1	1	UID594716	1	1	0	0
1	1	UID594727	1	1	0	0
1	1	UID594735	1	1	0	0
1	1	UID594738	1	1	0	0
1	1	UID594740	1	1	0	0
1	1	UID594742	1	1	0	0
1	1	UID594744	1	1	0	0
1	1	UID594747	1	1	0	0
1	1	UID594753	1	1	0	0
1	1	UID594754	1	1	0	0
1	1	UID594756	1	1	0	0
1	1	UID594773	1	1	0	0
1	1	UID594774	1	1	0	0
1	1	UID594797	1	1	0	0
1	1	UID594812	1	1	0	0
1	1	UID594814	1	1	0	0
1	1	UID594816	1	1	0	0
1	1	UID594817	1	1	0	0
1	1	UID594818	1	1	0	0
1	1	UID594819	1	1	0	0
1	1	UID594821	1	1	0	0
1	1	UID594854	1	1	0	0
1	1	UID594918	1	1	0	0
1	1	UID594920	1	1	0	0
1	1	UID594926	1	1	0	0
1	1	UID594936	1	1	0	0
1	1	UID594940	1	1	0	0
1	1	UID594955	1	1	0	0
1	1	UID594957	1	1	0	0
1	1	UID594967	1	1	0	0
1	1	UID594969	1	1	0	0
1	1	UID594975	1	1	0	0
1	1	UID594976	1	1	0	0
1	1	UID594979	1	1	0	0
1	1	UID594984	1	1	0	0
1	1	UID595032	1	1	0	0
1	1	UID595033	1	1	0	0
1	1	UID595042	1	1	0	0
1	1	UID595043	1	1	0	0
1	1	UID595049	1	1	0	0
1	1	UID595050	1	1	0	0
1	1	UID595053	1	1	0	0
1	1	UID595055	1	1	0	0
1	1	UID595058	1	1	0	0
1	1	UID595059	1	1	0	0
1	1	UID595061	1	1	0	0
1	1	UID595063	1	1	0	0
1	1	UID595070	1	1	0	0
1	1	UID595072	1	1	0	0
1	1	UID595073	1	1	0	0
1	1	UID595074	1	1	0	0
1	1	UID595077	1	1	0	0
1	1	UID595081	1	1	0	0
1	1	UID595111	1	1	0	0
1	1	UID595113	1	1	0	0
1	1	UID595114	1	1	0	0
1	1	UID595117	1	1	0	0
1	1	UID595118	1	1	0	0
1	1	UID595120	1	1	0	0
1	1	UID595123	1	1	0	0
1	1	UID595125	1	1	0	0
1	1	UID595129	1	1	0	0
1	1	UID595132	1	1	0	0
1	1	UID595136	1	1	0	0
1	1	UID595140	1	1	0	0
1	1	UID595150	1	1	0	0
1	1	UID595154	1	1	0	0
1	1	UID595156	1	1	0	0
1	1	UID595163	1	1	0	0
1	1	UID595169	1	1	0	0
1	1	UID595176	1	1	0	0
1	1	UID595210	1	1	0	0
1	1	UID595222	1	1	0	0
1	1	UID595231	1	1	0	0
1	1	UID595235	1	1	0	0
1	1	UID595238	1	1	0	0
1	1	UID595246	1	1	0	0
1	1	UID595249	1	1	0	0
1	1	UID595256	1	1	0	0
1	1	UID595257	1	1	0	0
1	1	UID595259	1	1	0	0
1	1	UID595263	1	1	0	0
1	1	UID595290	1	1	0	0
1	1	UID595299	1	1	0	0
1	1	UID595300	1	1	0	0
1	1	UID595309	1	1	0	0
1	1	UID595310	1	1	0	0
1	1	UID595329	1	1	0	0
1	1	UID595376	1	1	0	0
1	1	UID595377	1	1	0	0
1	1	UID595378	1	1	0	0
1	1	UID595382	1	1	0	0
1	1	UID595383	1	1	0	0
1	1	UID595389	1	1	0	0
1	1	UID595415	1	1	0	0
1	1	UID595416	1	1	0	0
1	1	UID595433	1	1	0	0
1	1	UID595456	1	1	0	0
1	1	UID595461	1	1	0	0
1	1	UID595471	1	1	0	0
1	1	UID595472	1	1	0	0
1	1	UID595475	1	1	0	0
1	1	UID595480	1	1	0	0
1	1	UID595481	1	1	0	0
1	1	UID595490	1	1	0	0
1	1	UID595497	1	1	0	0
1	1	UID595506	1	1	0	0
1	1	UID595511	1	1	0	0
1	1	UID595514	1	1	0	0
1	1	UID595524	1	1	0	0
1	1	UID595531	1	1	0	0
1	1	UID595558	1	1	0	0
1	1	UID595599	1	1	0	0
1	1	UID595621	1	1	0	0
1	1	UID595631	1	1	0	0
1	1	UID595652	1	1	0	0
1	1	UID62727	1	1	0	0
1	1	UID62995	1	1	0	0
1	1	UID71814	1	1	0	0
1	1	UID915	1	1	0	0
1	1	UID9455	1	1	0	0
1	1	UID9581	1	1	0	0
1	1	UID985	1	1	0	0
