250	608	UID314	315	217	2	2
151	294	UID27300	124	133	2	2
46	88	UID31769	41	43	2	2
38	80	UID48389	40	34	2	2
57	109	UID361652	36	54	3	3
30	64	UID35115	33	27	1	1
28	82	UID166	30	24	3	3
2	23	UID10255	21	0	1	1
21	40	UID361958	20	20	1	1
10	21	UID136704	11	8	2	2
8	18	UID216993	11	7	1	1
10	20	UID33597	11	9	2	2
8	17	UID363391	10	7	1	1
11	19	UID1180	9	10	2	2
9	18	UID37682	8	7	1	1
24	35	UID48383	8	22	2	2
9	16	UID7575	6	7	2	2
11	15	UID134344	5	10	1	1
7	12	UID429158	5	5	2	2
4	7	UID157974	4	3	1	1
4	6	UID128492	3	3	1	1
3	5	UID129	3	2	0	0
3	5	UID199894	3	2	1	1
1	3	UID216588	3	0	0	0
2	4	UID31779	3	1	1	1
5	7	UID34893	3	4	1	1
1	3	UID427490	3	0	0	0
1	2	UID101261	2	0	0	0
1	2	UID110674	2	0	0	0
5	6	UID128644	2	4	1	1
4	5	UID18126	2	3	1	1
2	3	UID383924	2	1	1	1
5	6	UID508006	2	4	1	1
1	2	UID608	2	0	0	0
1	2	UID617340	2	0	0	0
1	2	UID617342	2	0	0	0
3	4	UID62998	2	2	1	1
1	2	UID9557	2	0	0	0
1	2	UID9859	2	0	0	0
2	2	UID102199	1	2	1	1
12	12	UID102686	1	12	4	4
1	1	UID110680	1	1	0	0
4	4	UID1446	1	4	1	1
1	1	UID174986	1	1	0	0
2	2	UID203677	1	2	1	1
1	1	UID217334	1	1	0	0
1	1	UID243689	1	1	0	0
1	1	UID286	1	1	0	0
1	1	UID361511	1	1	0	0
1	1	UID379135	1	1	0	0
1	1	UID383923	1	1	0	0
3	3	UID387407	1	3	2	2
1	1	UID388197	1	1	0	0
2	2	UID41801	1	2	1	1
1	1	UID470126	1	1	0	0
1	1	UID502871	1	1	0	0
2	2	UID580766	1	2	1	1
1	1	UID61211	1	1	0	0
1	1	UID617343	1	1	0	0
1	1	UID617345	1	1	0	0
1	1	UID617346	1	1	0	0
1	1	UID617347	1	1	0	0
1	1	UID617348	1	1	0	0
1	1	UID617349	1	1	0	0
1	1	UID617350	1	1	0	0
1	1	UID617351	1	1	0	0
1	1	UID617352	1	1	0	0
1	1	UID617353	1	1	0	0
1	1	UID617354	1	1	0	0
1	1	UID617356	1	1	0	0
1	1	UID617357	1	1	0	0
1	1	UID617360	1	1	0	0
1	1	UID617363	1	1	0	0
1	1	UID617364	1	1	0	0
1	1	UID617368	1	1	0	0
1	1	UID617370	1	1	0	0
1	1	UID617380	1	1	0	0
1	1	UID617381	1	1	0	0
1	1	UID617386	1	1	0	0
1	1	UID617387	1	1	0	0
1	1	UID617389	1	1	0	0
1	1	UID617398	1	1	0	0
1	1	UID617400	1	1	0	0
1	1	UID617401	1	1	0	0
1	1	UID617406	1	1	0	0
1	1	UID617407	1	1	0	0
1	1	UID617409	1	1	0	0
1	1	UID617410	1	1	0	0
1	1	UID617411	1	1	0	0
1	1	UID617415	1	1	0	0
1	1	UID617419	1	1	0	0
1	1	UID617422	1	1	0	0
1	1	UID617423	1	1	0	0
1	1	UID617424	1	1	0	0
1	1	UID617425	1	1	0	0
1	1	UID617430	1	1	0	0
1	1	UID617435	1	1	0	0
1	1	UID617449	1	1	0	0
1	1	UID617454	1	1	0	0
1	1	UID617482	1	1	0	0
1	1	UID617487	1	1	0	0
1	1	UID617490	1	1	0	0
1	1	UID617493	1	1	0	0
1	1	UID617499	1	1	0	0
1	1	UID617500	1	1	0	0
1	1	UID617501	1	1	0	0
1	1	UID617506	1	1	0	0
1	1	UID617510	1	1	0	0
1	1	UID617511	1	1	0	0
1	1	UID617512	1	1	0	0
1	1	UID617513	1	1	0	0
1	1	UID617521	1	1	0	0
1	1	UID617534	1	1	0	0
1	1	UID617543	1	1	0	0
1	1	UID617548	1	1	0	0
1	1	UID617555	1	1	0	0
1	1	UID617557	1	1	0	0
1	1	UID617559	1	1	0	0
1	1	UID617560	1	1	0	0
1	1	UID617563	1	1	0	0
1	1	UID617568	1	1	0	0
1	1	UID617570	1	1	0	0
1	1	UID617576	1	1	0	0
1	1	UID617578	1	1	0	0
1	1	UID617582	1	1	0	0
1	1	UID617584	1	1	0	0
1	1	UID617585	1	1	0	0
1	1	UID617587	1	1	0	0
1	1	UID617597	1	1	0	0
1	1	UID617598	1	1	0	0
1	1	UID617609	1	1	0	0
1	1	UID617610	1	1	0	0
1	1	UID617612	1	1	0	0
1	1	UID617615	1	1	0	0
1	1	UID617616	1	1	0	0
1	1	UID617621	1	1	0	0
1	1	UID617623	1	1	0	0
1	1	UID617624	1	1	0	0
1	1	UID617636	1	1	0	0
1	1	UID617638	1	1	0	0
1	1	UID617641	1	1	0	0
1	1	UID617643	1	1	0	0
1	1	UID617648	1	1	0	0
1	1	UID617656	1	1	0	0
1	1	UID617657	1	1	0	0
1	1	UID617658	1	1	0	0
1	1	UID617659	1	1	0	0
1	1	UID617667	1	1	0	0
1	1	UID617668	1	1	0	0
1	1	UID617675	1	1	0	0
1	1	UID617685	1	1	0	0
1	1	UID617686	1	1	0	0
1	1	UID617687	1	1	0	0
1	1	UID617693	1	1	0	0
1	1	UID617694	1	1	0	0
1	1	UID617698	1	1	0	0
1	1	UID617700	1	1	0	0
1	1	UID617701	1	1	0	0
1	1	UID617705	1	1	0	0
1	1	UID617707	1	1	0	0
1	1	UID617710	1	1	0	0
1	1	UID617713	1	1	0	0
1	1	UID617714	1	1	0	0
1	1	UID617719	1	1	0	0
1	1	UID617720	1	1	0	0
1	1	UID617722	1	1	0	0
1	1	UID617729	1	1	0	0
1	1	UID617739	1	1	0	0
1	1	UID617746	1	1	0	0
1	1	UID617747	1	1	0	0
1	1	UID617749	1	1	0	0
1	1	UID617751	1	1	0	0
1	1	UID617752	1	1	0	0
1	1	UID617756	1	1	0	0
1	1	UID617757	1	1	0	0
1	1	UID617758	1	1	0	0
1	1	UID617763	1	1	0	0
1	1	UID617771	1	1	0	0
1	1	UID62995	1	1	0	0
1	1	UID63082	1	1	0	0
