10313	63246	UID200	30024	7966	4	4
154	1938	UID636648	1462	67	2	2
247	1475	UID624644	957	134	3	3
572	1670	UID40	593	408	3	3
310	888	UID913	366	231	3	3
312	813	UID164661	235	235	3	3
184	464	UID37547	220	142	3	3
160	462	UID55569	188	120	3	3
125	359	UID506	181	89	3	3
128	343	UID702	151	90	2	2
122	303	UID48560	130	92	2	2
177	426	UID20	106	141	3	3
122	279	UID7917	102	98	3	3
83	195	UID703	95	68	2	2
67	174	UID914	89	51	2	2
34	88	UID1	54	32	3	3
42	107	UID916	48	35	2	2
61	124	UID7979	46	47	2	2
51	108	UID314	45	39	3	3
50	113	UID8015	44	37	2	2
23	60	UID201	29	15	2	2
29	60	UID48617	28	24	2	2
6	26	UID46	21	5	1	1
26	49	UID27308	20	21	2	2
24	50	UID404	16	17	2	2
11	23	UID164958	12	9	1	1
16	33	UID1428	11	13	3	3
6	15	UID9457	10	5	1	1
10	18	UID380	9	9	2	2
14	24	UID48384	9	11	2	2
8	17	UID992	9	6	2	2
2	8	UID189573	7	1	0	0
6	12	UID48752	7	5	1	1
9	15	UID608	7	8	1	1
7	17	UID388425	6	3	2	2
10	14	UID150841	5	9	2	2
6	14	UID2	5	3	1	1
13	22	UID584	5	8	1	1
9	13	UID617774	5	8	1	1
1	5	UID636761	5	0	0	0
2	5	UID10255	4	1	1	1
10	14	UID128	4	8	2	2
5	10	UID350	4	2	2	2
6	9	UID62995	4	5	1	1
1	4	UID636782	4	0	0	0
1	4	UID636792	4	0	0	0
1	4	UID636822	4	0	0	0
1	4	UID636830	4	0	0	0
1	4	UID636836	4	0	0	0
1	4	UID636839	4	0	0	0
5	8	UID7479	4	4	1	1
6	10	UID8003	4	4	1	1
3	6	UID9188	4	2	2	2
3	7	UID169631	3	0	1	1
8	12	UID210	3	5	1	1
4	6	UID43190	3	3	1	1
1	3	UID62227	3	0	0	0
1	3	UID636871	3	0	0	0
1	3	UID636875	3	0	0	0
1	3	UID636877	3	0	0	0
1	3	UID636878	3	0	0	0
1	3	UID636881	3	0	0	0
1	3	UID636889	3	0	0	0
1	3	UID636893	3	0	0	0
1	3	UID636896	3	0	0	0
1	3	UID636897	3	0	0	0
1	3	UID636898	3	0	0	0
1	3	UID636902	3	0	0	0
1	3	UID636904	3	0	0	0
1	3	UID636907	3	0	0	0
1	3	UID636911	3	0	0	0
1	3	UID636912	3	0	0	0
1	3	UID636913	3	0	0	0
1	3	UID636915	3	0	0	0
1	3	UID636917	3	0	0	0
1	3	UID636939	3	0	0	0
1	3	UID636940	3	0	0	0
1	3	UID636944	3	0	0	0
1	3	UID636950	3	0	0	0
1	3	UID636951	3	0	0	0
1	3	UID636956	3	0	0	0
1	3	UID636969	3	0	0	0
1	3	UID636985	3	0	0	0
1	3	UID636987	3	0	0	0
1	3	UID636988	3	0	0	0
1	3	UID637035	3	0	0	0
1	3	UID637036	3	0	0	0
1	3	UID637061	3	0	0	0
1	3	UID637068	3	0	0	0
1	3	UID637071	3	0	0	0
1	3	UID637074	3	0	0	0
1	3	UID637075	3	0	0	0
1	3	UID637076	3	0	0	0
1	3	UID637080	3	0	0	0
1	3	UID637090	3	0	0	0
1	3	UID637094	3	0	0	0
1	3	UID637108	3	0	0	0
1	3	UID637109	3	0	0	0
1	3	UID637110	3	0	0	0
1	3	UID637114	3	0	0	0
1	3	UID637123	3	0	0	0
1	3	UID637129	3	0	0	0
1	3	UID637148	3	0	0	0
1	3	UID637149	3	0	0	0
1	3	UID637152	3	0	0	0
1	3	UID637167	3	0	0	0
1	3	UID637174	3	0	0	0
1	3	UID637177	3	0	0	0
1	3	UID637178	3	0	0	0
1	3	UID637182	3	0	0	0
1	3	UID637195	3	0	0	0
1	3	UID637203	3	0	0	0
1	3	UID637220	3	0	0	0
1	3	UID637221	3	0	0	0
1	3	UID637227	3	0	0	0
1	3	UID637228	3	0	0	0
1	3	UID637234	3	0	0	0
1	3	UID637237	3	0	0	0
1	3	UID637238	3	0	0	0
3	6	UID7373	3	1	1	1
1	2	UID114363	2	0	0	0
5	7	UID13158	2	3	1	1
10	13	UID1445	2	7	2	2
2	4	UID254709	2	0	1	1
4	5	UID290	2	3	1	1
1	2	UID629532	2	0	0	0
1	2	UID637249	2	0	0	0
1	2	UID637254	2	0	0	0
1	2	UID637267	2	0	0	0
1	2	UID637274	2	0	0	0
1	2	UID637283	2	0	0	0
1	2	UID637303	2	0	0	0
2	3	UID637336	2	1	1	1
1	2	UID637350	2	0	0	0
1	2	UID637375	2	0	0	0
1	2	UID637413	2	0	0	0
2	3	UID637436	2	1	1	1
1	2	UID637472	2	0	0	0
1	2	UID637477	2	0	0	0
1	2	UID637486	2	0	0	0
1	2	UID637526	2	0	0	0
2	3	UID637531	2	1	1	1
1	2	UID637622	2	0	0	0
2	3	UID637685	2	1	1	1
1	2	UID637708	2	0	0	0
1	2	UID637740	2	0	0	0
1	2	UID637785	2	0	0	0
1	2	UID637812	2	0	0	0
1	2	UID637819	2	0	0	0
1	2	UID637839	2	0	0	0
1	2	UID637924	2	0	0	0
1	2	UID638279	2	0	0	0
1	2	UID638380	2	0	0	0
1	2	UID638400	2	0	0	0
1	2	UID638449	2	0	0	0
1	2	UID638466	2	0	0	0
1	2	UID638493	2	0	0	0
1	2	UID638515	2	0	0	0
1	2	UID638533	2	0	0	0
2	3	UID638540	2	1	1	1
1	2	UID638549	2	0	0	0
1	2	UID638561	2	0	0	0
1	2	UID638595	2	0	0	0
1	2	UID638610	2	0	0	0
2	3	UID638613	2	1	1	1
1	2	UID638616	2	0	0	0
1	2	UID638647	2	0	0	0
1	2	UID638669	2	0	0	0
1	2	UID638686	2	0	0	0
1	2	UID638696	2	0	0	0
1	2	UID638716	2	0	0	0
1	2	UID638720	2	0	0	0
2	3	UID638746	2	1	1	1
1	2	UID638754	2	0	0	0
1	2	UID638756	2	0	0	0
2	3	UID638781	2	1	1	1
2	3	UID638798	2	1	1	1
1	2	UID638836	2	0	0	0
2	3	UID638856	2	1	1	1
1	2	UID638867	2	0	0	0
1	2	UID638869	2	0	0	0
2	2	UID102212	1	2	1	1
1	1	UID114736	1	1	0	0
2	2	UID186630	1	2	1	1
1	1	UID189690	1	1	0	0
1	1	UID19343	1	1	0	0
1	1	UID249635	1	1	0	0
1	1	UID270	1	1	0	0
1	1	UID35172	1	1	0	0
5	5	UID414	1	5	1	1
2	2	UID47921	1	2	1	1
1	1	UID54459	1	1	0	0
1	1	UID55482	1	1	0	0
1	1	UID617779	1	1	0	0
1	1	UID618178	1	1	0	0
1	1	UID635606	1	1	0	0
1	1	UID638899	1	1	0	0
1	1	UID638900	1	1	0	0
1	1	UID638903	1	1	0	0
1	1	UID638904	1	1	0	0
1	1	UID638905	1	1	0	0
1	1	UID638906	1	1	0	0
1	1	UID638908	1	1	0	0
1	1	UID638922	1	1	0	0
1	1	UID638935	1	1	0	0
1	1	UID638936	1	1	0	0
1	1	UID638937	1	1	0	0
1	1	UID638938	1	1	0	0
1	1	UID638939	1	1	0	0
1	1	UID638945	1	1	0	0
1	1	UID638948	1	1	0	0
2	2	UID638954	1	2	1	1
1	1	UID638959	1	1	0	0
1	1	UID638980	1	1	0	0
1	1	UID639004	1	1	0	0
1	1	UID639012	1	1	0	0
1	1	UID639020	1	1	0	0
1	1	UID639023	1	1	0	0
1	1	UID639027	1	1	0	0
1	1	UID639031	1	1	0	0
1	1	UID639040	1	1	0	0
1	1	UID639041	1	1	0	0
1	1	UID639045	1	1	0	0
1	1	UID639047	1	1	0	0
1	1	UID639049	1	1	0	0
1	1	UID639052	1	1	0	0
1	1	UID639056	1	1	0	0
1	1	UID639064	1	1	0	0
1	1	UID639066	1	1	0	0
1	1	UID639068	1	1	0	0
1	1	UID639070	1	1	0	0
1	1	UID639075	1	1	0	0
1	1	UID639119	1	1	0	0
1	1	UID639120	1	1	0	0
1	1	UID639122	1	1	0	0
1	1	UID639133	1	1	0	0
1	1	UID639134	1	1	0	0
1	1	UID639136	1	1	0	0
1	1	UID639137	1	1	0	0
1	1	UID639138	1	1	0	0
1	1	UID639139	1	1	0	0
1	1	UID639140	1	1	0	0
1	1	UID639142	1	1	0	0
1	1	UID639147	1	1	0	0
1	1	UID639148	1	1	0	0
1	1	UID639156	1	1	0	0
1	1	UID639207	1	1	0	0
1	1	UID639215	1	1	0	0
1	1	UID639220	1	1	0	0
1	1	UID639221	1	1	0	0
1	1	UID639222	1	1	0	0
1	1	UID639224	1	1	0	0
1	1	UID639225	1	1	0	0
1	1	UID639226	1	1	0	0
1	1	UID639232	1	1	0	0
1	1	UID639239	1	1	0	0
1	1	UID639241	1	1	0	0
1	1	UID639243	1	1	0	0
1	1	UID639246	1	1	0	0
1	1	UID639247	1	1	0	0
1	1	UID639249	1	1	0	0
1	1	UID639250	1	1	0	0
1	1	UID639254	1	1	0	0
1	1	UID639262	1	1	0	0
1	1	UID639263	1	1	0	0
1	1	UID639267	1	1	0	0
1	1	UID639279	1	1	0	0
1	1	UID639295	1	1	0	0
1	1	UID639304	1	1	0	0
1	1	UID639310	1	1	0	0
1	1	UID639325	1	1	0	0
1	1	UID639337	1	1	0	0
1	1	UID639339	1	1	0	0
1	1	UID639340	1	1	0	0
1	1	UID639341	1	1	0	0
1	1	UID639354	1	1	0	0
1	1	UID639356	1	1	0	0
1	1	UID639361	1	1	0	0
1	1	UID639363	1	1	0	0
1	1	UID639365	1	1	0	0
1	1	UID639368	1	1	0	0
1	1	UID639409	1	1	0	0
1	1	UID639413	1	1	0	0
1	1	UID639418	1	1	0	0
1	1	UID639420	1	1	0	0
1	1	UID639421	1	1	0	0
1	1	UID639424	1	1	0	0
1	1	UID639436	1	1	0	0
1	1	UID639438	1	1	0	0
1	1	UID639439	1	1	0	0
1	1	UID639440	1	1	0	0
1	1	UID639441	1	1	0	0
1	1	UID639450	1	1	0	0
1	1	UID639458	1	1	0	0
1	1	UID639470	1	1	0	0
1	1	UID639473	1	1	0	0
1	1	UID639490	1	1	0	0
1	1	UID639493	1	1	0	0
1	1	UID639497	1	1	0	0
1	1	UID639499	1	1	0	0
1	1	UID639501	1	1	0	0
1	1	UID639503	1	1	0	0
1	1	UID639508	1	1	0	0
1	1	UID639509	1	1	0	0
1	1	UID639517	1	1	0	0
1	1	UID639524	1	1	0	0
1	1	UID639565	1	1	0	0
1	1	UID639589	1	1	0	0
1	1	UID639591	1	1	0	0
1	1	UID639599	1	1	0	0
1	1	UID639600	1	1	0	0
1	1	UID639608	1	1	0	0
1	1	UID639611	1	1	0	0
1	1	UID639612	1	1	0	0
1	1	UID639613	1	1	0	0
1	1	UID639614	1	1	0	0
1	1	UID639618	1	1	0	0
1	1	UID639626	1	1	0	0
1	1	UID639629	1	1	0	0
1	1	UID639659	1	1	0	0
1	1	UID639673	1	1	0	0
1	1	UID639685	1	1	0	0
1	1	UID639686	1	1	0	0
1	1	UID639690	1	1	0	0
1	1	UID639697	1	1	0	0
1	1	UID639698	1	1	0	0
1	1	UID639699	1	1	0	0
1	1	UID639701	1	1	0	0
1	1	UID639706	1	1	0	0
2	2	UID639707	1	2	1	1
1	1	UID639744	1	1	0	0
1	1	UID639747	1	1	0	0
1	1	UID639750	1	1	0	0
1	1	UID639755	1	1	0	0
1	1	UID639761	1	1	0	0
1	1	UID639763	1	1	0	0
1	1	UID639764	1	1	0	0
1	1	UID639765	1	1	0	0
1	1	UID639772	1	1	0	0
1	1	UID639774	1	1	0	0
1	1	UID639786	1	1	0	0
1	1	UID639789	1	1	0	0
1	1	UID639800	1	1	0	0
1	1	UID639802	1	1	0	0
1	1	UID639803	1	1	0	0
1	1	UID639804	1	1	0	0
1	1	UID639805	1	1	0	0
1	1	UID639806	1	1	0	0
1	1	UID639812	1	1	0	0
1	1	UID639815	1	1	0	0
1	1	UID639817	1	1	0	0
1	1	UID639823	1	1	0	0
1	1	UID639827	1	1	0	0
2	2	UID639831	1	2	1	1
1	1	UID639863	1	1	0	0
1	1	UID639869	1	1	0	0
1	1	UID639875	1	1	0	0
1	1	UID639880	1	1	0	0
1	1	UID639887	1	1	0	0
1	1	UID639888	1	1	0	0
1	1	UID639912	1	1	0	0
1	1	UID639943	1	1	0	0
1	1	UID639945	1	1	0	0
1	1	UID639958	1	1	0	0
1	1	UID639961	1	1	0	0
1	1	UID639962	1	1	0	0
1	1	UID639964	1	1	0	0
1	1	UID639999	1	1	0	0
1	1	UID640006	1	1	0	0
1	1	UID640015	1	1	0	0
1	1	UID640016	1	1	0	0
1	1	UID640018	1	1	0	0
1	1	UID640024	1	1	0	0
1	1	UID640032	1	1	0	0
1	1	UID640039	1	1	0	0
1	1	UID640040	1	1	0	0
1	1	UID640067	1	1	0	0
1	1	UID640082	1	1	0	0
1	1	UID640085	1	1	0	0
1	1	UID640086	1	1	0	0
1	1	UID640094	1	1	0	0
1	1	UID640112	1	1	0	0
1	1	UID640118	1	1	0	0
1	1	UID640123	1	1	0	0
1	1	UID640126	1	1	0	0
1	1	UID640127	1	1	0	0
1	1	UID640129	1	1	0	0
1	1	UID640130	1	1	0	0
1	1	UID640168	1	1	0	0
1	1	UID640176	1	1	0	0
1	1	UID640186	1	1	0	0
1	1	UID640193	1	1	0	0
1	1	UID640194	1	1	0	0
1	1	UID640196	1	1	0	0
1	1	UID640212	1	1	0	0
1	1	UID640226	1	1	0	0
1	1	UID640233	1	1	0	0
1	1	UID640236	1	1	0	0
1	1	UID640237	1	1	0	0
1	1	UID640251	1	1	0	0
1	1	UID640263	1	1	0	0
1	1	UID640285	1	1	0	0
1	1	UID640293	1	1	0	0
1	1	UID640297	1	1	0	0
1	1	UID640298	1	1	0	0
1	1	UID640299	1	1	0	0
1	1	UID640300	1	1	0	0
1	1	UID640307	1	1	0	0
1	1	UID640327	1	1	0	0
1	1	UID640330	1	1	0	0
1	1	UID640354	1	1	0	0
1	1	UID640355	1	1	0	0
1	1	UID640360	1	1	0	0
1	1	UID640367	1	1	0	0
1	1	UID640372	1	1	0	0
1	1	UID640375	1	1	0	0
1	1	UID640378	1	1	0	0
1	1	UID640382	1	1	0	0
1	1	UID640430	1	1	0	0
1	1	UID640433	1	1	0	0
1	1	UID640434	1	1	0	0
1	1	UID640435	1	1	0	0
1	1	UID640443	1	1	0	0
1	1	UID640454	1	1	0	0
1	1	UID640456	1	1	0	0
1	1	UID640461	1	1	0	0
1	1	UID640475	1	1	0	0
1	1	UID640478	1	1	0	0
1	1	UID640483	1	1	0	0
1	1	UID640488	1	1	0	0
1	1	UID640492	1	1	0	0
1	1	UID640499	1	1	0	0
1	1	UID640501	1	1	0	0
1	1	UID640502	1	1	0	0
1	1	UID640503	1	1	0	0
1	1	UID640504	1	1	0	0
1	1	UID640506	1	1	0	0
1	1	UID640508	1	1	0	0
1	1	UID640559	1	1	0	0
3	3	UID640609	1	3	2	2
1	1	UID640612	1	1	0	0
1	1	UID640617	1	1	0	0
1	1	UID640618	1	1	0	0
1	1	UID640621	1	1	0	0
1	1	UID640622	1	1	0	0
1	1	UID640629	1	1	0	0
1	1	UID640634	1	1	0	0
1	1	UID640635	1	1	0	0
1	1	UID640647	1	1	0	0
1	1	UID640651	1	1	0	0
1	1	UID640657	1	1	0	0
1	1	UID640658	1	1	0	0
1	1	UID640686	1	1	0	0
1	1	UID640695	1	1	0	0
1	1	UID640727	1	1	0	0
1	1	UID640729	1	1	0	0
1	1	UID640742	1	1	0	0
1	1	UID640752	1	1	0	0
1	1	UID640757	1	1	0	0
1	1	UID640760	1	1	0	0
1	1	UID640769	1	1	0	0
1	1	UID640771	1	1	0	0
1	1	UID640773	1	1	0	0
1	1	UID640801	1	1	0	0
1	1	UID640807	1	1	0	0
1	1	UID640832	1	1	0	0
1	1	UID640846	1	1	0	0
1	1	UID640850	1	1	0	0
1	1	UID640864	1	1	0	0
1	1	UID640867	1	1	0	0
1	1	UID640871	1	1	0	0
1	1	UID640872	1	1	0	0
1	1	UID640875	1	1	0	0
1	1	UID640877	1	1	0	0
1	1	UID640878	1	1	0	0
1	1	UID640911	1	1	0	0
1	1	UID640932	1	1	0	0
1	1	UID640980	1	1	0	0
1	1	UID640992	1	1	0	0
1	1	UID641006	1	1	0	0
1	1	UID641041	1	1	0	0
1	1	UID641042	1	1	0	0
1	1	UID641120	1	1	0	0
1	1	UID641151	1	1	0	0
1	1	UID641166	1	1	0	0
1	1	UID641168	1	1	0	0
1	1	UID641170	1	1	0	0
1	1	UID641179	1	1	0	0
2	2	UID641180	1	2	1	1
1	1	UID641184	1	1	0	0
1	1	UID641187	1	1	0	0
1	1	UID641189	1	1	0	0
1	1	UID641197	1	1	0	0
1	1	UID641213	1	1	0	0
1	1	UID641220	1	1	0	0
1	1	UID641221	1	1	0	0
1	1	UID641229	1	1	0	0
1	1	UID641233	1	1	0	0
1	1	UID641234	1	1	0	0
1	1	UID641289	1	1	0	0
1	1	UID641300	1	1	0	0
1	1	UID641301	1	1	0	0
1	1	UID641306	1	1	0	0
1	1	UID641333	1	1	0	0
1	1	UID641337	1	1	0	0
1	1	UID641339	1	1	0	0
1	1	UID641340	1	1	0	0
1	1	UID641342	1	1	0	0
1	1	UID641359	1	1	0	0
1	1	UID641386	1	1	0	0
1	1	UID641405	1	1	0	0
1	1	UID641411	1	1	0	0
1	1	UID641419	1	1	0	0
1	1	UID641420	1	1	0	0
1	1	UID641432	1	1	0	0
1	1	UID641442	1	1	0	0
1	1	UID641497	1	1	0	0
1	1	UID641503	1	1	0	0
1	1	UID641505	1	1	0	0
1	1	UID641512	1	1	0	0
1	1	UID641523	1	1	0	0
1	1	UID641530	1	1	0	0
1	1	UID641538	1	1	0	0
1	1	UID641560	1	1	0	0
1	1	UID641580	1	1	0	0
1	1	UID641582	1	1	0	0
1	1	UID641618	1	1	0	0
1	1	UID641655	1	1	0	0
1	1	UID641689	1	1	0	0
1	1	UID641706	1	1	0	0
1	1	UID641727	1	1	0	0
1	1	UID641754	1	1	0	0
1	1	UID641781	1	1	0	0
1	1	UID641832	1	1	0	0
1	1	UID641838	1	1	0	0
1	1	UID641844	1	1	0	0
1	1	UID641872	1	1	0	0
1	1	UID641874	1	1	0	0
1	1	UID641882	1	1	0	0
1	1	UID641898	1	1	0	0
1	1	UID641946	1	1	0	0
1	1	UID641947	1	1	0	0
1	1	UID641959	1	1	0	0
1	1	UID641994	1	1	0	0
1	1	UID642034	1	1	0	0
1	1	UID642037	1	1	0	0
1	1	UID642045	1	1	0	0
1	1	UID642087	1	1	0	0
1	1	UID642107	1	1	0	0
1	1	UID642130	1	1	0	0
1	1	UID642181	1	1	0	0
1	1	UID642220	1	1	0	0
1	1	UID642257	1	1	0	0
1	1	UID642258	1	1	0	0
1	1	UID642306	1	1	0	0
1	1	UID642318	1	1	0	0
1	1	UID642321	1	1	0	0
1	1	UID642368	1	1	0	0
1	1	UID642379	1	1	0	0
1	1	UID642382	1	1	0	0
1	1	UID642415	1	1	0	0
1	1	UID642447	1	1	0	0
1	1	UID642466	1	1	0	0
1	1	UID642468	1	1	0	0
1	1	UID642470	1	1	0	0
1	1	UID642488	1	1	0	0
1	1	UID642505	1	1	0	0
1	1	UID642524	1	1	0	0
1	1	UID642566	1	1	0	0
1	1	UID642620	1	1	0	0
1	1	UID642621	1	1	0	0
1	1	UID642679	1	1	0	0
1	1	UID642684	1	1	0	0
1	1	UID642718	1	1	0	0
1	1	UID642750	1	1	0	0
1	1	UID642792	1	1	0	0
1	1	UID642824	1	1	0	0
1	1	UID642851	1	1	0	0
1	1	UID642892	1	1	0	0
1	1	UID642941	1	1	0	0
1	1	UID642943	1	1	0	0
1	1	UID642957	1	1	0	0
1	1	UID642978	1	1	0	0
1	1	UID642979	1	1	0	0
1	1	UID643053	1	1	0	0
1	1	UID643118	1	1	0	0
1	1	UID643120	1	1	0	0
1	1	UID643168	1	1	0	0
1	1	UID643181	1	1	0	0
1	1	UID643186	1	1	0	0
1	1	UID643208	1	1	0	0
1	1	UID643347	1	1	0	0
1	1	UID643434	1	1	0	0
1	1	UID643506	1	1	0	0
1	1	UID643521	1	1	0	0
1	1	UID643542	1	1	0	0
1	1	UID643543	1	1	0	0
1	1	UID643544	1	1	0	0
1	1	UID643585	1	1	0	0
1	1	UID643595	1	1	0	0
1	1	UID643597	1	1	0	0
1	1	UID643612	1	1	0	0
1	1	UID643615	1	1	0	0
1	1	UID643616	1	1	0	0
1	1	UID643647	1	1	0	0
1	1	UID643648	1	1	0	0
1	1	UID643649	1	1	0	0
1	1	UID643679	1	1	0	0
1	1	UID643691	1	1	0	0
1	1	UID643693	1	1	0	0
1	1	UID643717	1	1	0	0
1	1	UID643726	1	1	0	0
1	1	UID643733	1	1	0	0
1	1	UID643737	1	1	0	0
1	1	UID643773	1	1	0	0
1	1	UID643801	1	1	0	0
1	1	UID643851	1	1	0	0
1	1	UID643899	1	1	0	0
1	1	UID643900	1	1	0	0
1	1	UID643948	1	1	0	0
1	1	UID643963	1	1	0	0
1	1	UID643991	1	1	0	0
1	1	UID644027	1	1	0	0
1	1	UID644028	1	1	0	0
1	1	UID644043	1	1	0	0
1	1	UID644044	1	1	0	0
1	1	UID644047	1	1	0	0
1	1	UID644082	1	1	0	0
1	1	UID644112	1	1	0	0
1	1	UID644141	1	1	0	0
1	1	UID644147	1	1	0	0
1	1	UID644150	1	1	0	0
1	1	UID644156	1	1	0	0
1	1	UID644168	1	1	0	0
1	1	UID644175	1	1	0	0
1	1	UID644216	1	1	0	0
1	1	UID644222	1	1	0	0
1	1	UID644224	1	1	0	0
1	1	UID644236	1	1	0	0
1	1	UID644241	1	1	0	0
1	1	UID644277	1	1	0	0
1	1	UID644328	1	1	0	0
1	1	UID644343	1	1	0	0
1	1	UID644354	1	1	0	0
1	1	UID644438	1	1	0	0
1	1	UID644453	1	1	0	0
1	1	UID644490	1	1	0	0
1	1	UID644494	1	1	0	0
1	1	UID644515	1	1	0	0
1	1	UID644517	1	1	0	0
1	1	UID644521	1	1	0	0
1	1	UID644532	1	1	0	0
1	1	UID644587	1	1	0	0
1	1	UID644597	1	1	0	0
1	1	UID644609	1	1	0	0
1	1	UID644630	1	1	0	0
1	1	UID644638	1	1	0	0
1	1	UID644673	1	1	0	0
1	1	UID644697	1	1	0	0
1	1	UID644705	1	1	0	0
1	1	UID644725	1	1	0	0
1	1	UID644729	1	1	0	0
1	1	UID644732	1	1	0	0
1	1	UID644822	1	1	0	0
1	1	UID644830	1	1	0	0
1	1	UID644900	1	1	0	0
1	1	UID644911	1	1	0	0
1	1	UID644912	1	1	0	0
1	1	UID644916	1	1	0	0
1	1	UID644940	1	1	0	0
1	1	UID644944	1	1	0	0
1	1	UID645025	1	1	0	0
1	1	UID645027	1	1	0	0
1	1	UID645065	1	1	0	0
1	1	UID645066	1	1	0	0
1	1	UID645067	1	1	0	0
1	1	UID645111	1	1	0	0
1	1	UID645113	1	1	0	0
1	1	UID645114	1	1	0	0
1	1	UID645115	1	1	0	0
1	1	UID645116	1	1	0	0
1	1	UID645119	1	1	0	0
1	1	UID645135	1	1	0	0
1	1	UID645137	1	1	0	0
1	1	UID645179	1	1	0	0
1	1	UID645180	1	1	0	0
1	1	UID645199	1	1	0	0
1	1	UID645207	1	1	0	0
1	1	UID645212	1	1	0	0
1	1	UID645214	1	1	0	0
1	1	UID645239	1	1	0	0
1	1	UID645261	1	1	0	0
1	1	UID645262	1	1	0	0
1	1	UID645296	1	1	0	0
1	1	UID645307	1	1	0	0
1	1	UID645310	1	1	0	0
1	1	UID645324	1	1	0	0
1	1	UID645327	1	1	0	0
1	1	UID645354	1	1	0	0
1	1	UID645389	1	1	0	0
1	1	UID645390	1	1	0	0
1	1	UID645419	1	1	0	0
1	1	UID645456	1	1	0	0
1	1	UID645479	1	1	0	0
1	1	UID645490	1	1	0	0
1	1	UID645500	1	1	0	0
1	1	UID645504	1	1	0	0
1	1	UID645524	1	1	0	0
1	1	UID645544	1	1	0	0
1	1	UID645547	1	1	0	0
1	1	UID645549	1	1	0	0
1	1	UID645551	1	1	0	0
1	1	UID645555	1	1	0	0
1	1	UID645561	1	1	0	0
1	1	UID645564	1	1	0	0
1	1	UID645568	1	1	0	0
1	1	UID645569	1	1	0	0
1	1	UID645575	1	1	0	0
1	1	UID645576	1	1	0	0
1	1	UID645578	1	1	0	0
1	1	UID645581	1	1	0	0
1	1	UID645583	1	1	0	0
1	1	UID645587	1	1	0	0
1	1	UID645595	1	1	0	0
1	1	UID645630	1	1	0	0
1	1	UID645659	1	1	0	0
1	1	UID645663	1	1	0	0
1	1	UID645668	1	1	0	0
1	1	UID645712	1	1	0	0
1	1	UID645730	1	1	0	0
1	1	UID645734	1	1	0	0
1	1	UID645744	1	1	0	0
1	1	UID645781	1	1	0	0
1	1	UID645799	1	1	0	0
1	1	UID645800	1	1	0	0
1	1	UID645805	1	1	0	0
1	1	UID645811	1	1	0	0
1	1	UID645815	1	1	0	0
1	1	UID645818	1	1	0	0
1	1	UID645825	1	1	0	0
1	1	UID645894	1	1	0	0
1	1	UID645897	1	1	0	0
1	1	UID645898	1	1	0	0
1	1	UID645972	1	1	0	0
1	1	UID645973	1	1	0	0
1	1	UID645976	1	1	0	0
1	1	UID645989	1	1	0	0
1	1	UID645991	1	1	0	0
1	1	UID645994	1	1	0	0
1	1	UID645995	1	1	0	0
1	1	UID645996	1	1	0	0
1	1	UID646000	1	1	0	0
1	1	UID646003	1	1	0	0
1	1	UID646005	1	1	0	0
1	1	UID646018	1	1	0	0
1	1	UID646048	1	1	0	0
1	1	UID646057	1	1	0	0
1	1	UID646068	1	1	0	0
1	1	UID646078	1	1	0	0
1	1	UID646088	1	1	0	0
1	1	UID646113	1	1	0	0
1	1	UID646114	1	1	0	0
1	1	UID646118	1	1	0	0
1	1	UID646119	1	1	0	0
1	1	UID646122	1	1	0	0
1	1	UID646190	1	1	0	0
1	1	UID646200	1	1	0	0
1	1	UID646221	1	1	0	0
1	1	UID646225	1	1	0	0
1	1	UID646227	1	1	0	0
1	1	UID646228	1	1	0	0
1	1	UID646231	1	1	0	0
1	1	UID646243	1	1	0	0
1	1	UID646245	1	1	0	0
1	1	UID646247	1	1	0	0
1	1	UID646255	1	1	0	0
1	1	UID646268	1	1	0	0
1	1	UID646276	1	1	0	0
1	1	UID646318	1	1	0	0
1	1	UID646324	1	1	0	0
1	1	UID646338	1	1	0	0
1	1	UID646339	1	1	0	0
1	1	UID646349	1	1	0	0
1	1	UID646397	1	1	0	0
1	1	UID646400	1	1	0	0
1	1	UID646482	1	1	0	0
1	1	UID646485	1	1	0	0
2	2	UID646504	1	2	1	1
1	1	UID646517	1	1	0	0
1	1	UID646519	1	1	0	0
1	1	UID646526	1	1	0	0
1	1	UID646538	1	1	0	0
1	1	UID646544	1	1	0	0
1	1	UID646551	1	1	0	0
1	1	UID646554	1	1	0	0
1	1	UID646560	1	1	0	0
1	1	UID646565	1	1	0	0
1	1	UID646569	1	1	0	0
1	1	UID646570	1	1	0	0
1	1	UID646579	1	1	0	0
1	1	UID646580	1	1	0	0
1	1	UID646581	1	1	0	0
1	1	UID646582	1	1	0	0
1	1	UID646583	1	1	0	0
1	1	UID646584	1	1	0	0
1	1	UID646587	1	1	0	0
1	1	UID646606	1	1	0	0
1	1	UID646611	1	1	0	0
1	1	UID646648	1	1	0	0
1	1	UID646652	1	1	0	0
1	1	UID646663	1	1	0	0
1	1	UID646690	1	1	0	0
1	1	UID646692	1	1	0	0
1	1	UID646698	1	1	0	0
1	1	UID646707	1	1	0	0
1	1	UID646722	1	1	0	0
1	1	UID646729	1	1	0	0
1	1	UID646742	1	1	0	0
1	1	UID646754	1	1	0	0
1	1	UID646755	1	1	0	0
1	1	UID646767	1	1	0	0
1	1	UID646774	1	1	0	0
1	1	UID646808	1	1	0	0
1	1	UID646814	1	1	0	0
1	1	UID646816	1	1	0	0
1	1	UID646826	1	1	0	0
1	1	UID646865	1	1	0	0
1	1	UID646868	1	1	0	0
1	1	UID646870	1	1	0	0
1	1	UID646900	1	1	0	0
1	1	UID646905	1	1	0	0
1	1	UID646941	1	1	0	0
1	1	UID646968	1	1	0	0
1	1	UID646978	1	1	0	0
1	1	UID647003	1	1	0	0
1	1	UID647007	1	1	0	0
1	1	UID647019	1	1	0	0
1	1	UID647043	1	1	0	0
1	1	UID647063	1	1	0	0
1	1	UID647068	1	1	0	0
1	1	UID647069	1	1	0	0
1	1	UID647075	1	1	0	0
1	1	UID647076	1	1	0	0
1	1	UID647080	1	1	0	0
1	1	UID647097	1	1	0	0
1	1	UID647125	1	1	0	0
1	1	UID647138	1	1	0	0
1	1	UID647148	1	1	0	0
1	1	UID647152	1	1	0	0
1	1	UID647160	1	1	0	0
1	1	UID647162	1	1	0	0
1	1	UID647188	1	1	0	0
1	1	UID647196	1	1	0	0
1	1	UID647212	1	1	0	0
1	1	UID647214	1	1	0	0
1	1	UID647216	1	1	0	0
1	1	UID647219	1	1	0	0
1	1	UID647220	1	1	0	0
1	1	UID647223	1	1	0	0
1	1	UID647225	1	1	0	0
1	1	UID647227	1	1	0	0
1	1	UID647230	1	1	0	0
1	1	UID647233	1	1	0	0
1	1	UID647237	1	1	0	0
1	1	UID647245	1	1	0	0
1	1	UID647264	1	1	0	0
1	1	UID647266	1	1	0	0
1	1	UID647270	1	1	0	0
1	1	UID647276	1	1	0	0
1	1	UID647281	1	1	0	0
1	1	UID647288	1	1	0	0
1	1	UID647327	1	1	0	0
1	1	UID647333	1	1	0	0
2	2	UID647334	1	2	1	1
1	1	UID647343	1	1	0	0
4	4	UID647347	1	4	2	2
1	1	UID647349	1	1	0	0
2	2	UID647351	1	2	1	1
2	2	UID647353	1	2	1	1
1	1	UID647355	1	1	0	0
1	1	UID647356	1	1	0	0
1	1	UID647357	1	1	0	0
1	1	UID647361	1	1	0	0
1	1	UID647364	1	1	0	0
1	1	UID647386	1	1	0	0
1	1	UID647414	1	1	0	0
1	1	UID647420	1	1	0	0
1	1	UID647421	1	1	0	0
1	1	UID647423	1	1	0	0
1	1	UID647424	1	1	0	0
1	1	UID647429	1	1	0	0
1	1	UID647432	1	1	0	0
1	1	UID647433	1	1	0	0
1	1	UID647436	1	1	0	0
1	1	UID647437	1	1	0	0
1	1	UID647440	1	1	0	0
1	1	UID647447	1	1	0	0
1	1	UID647448	1	1	0	0
1	1	UID647456	1	1	0	0
1	1	UID647461	1	1	0	0
1	1	UID647462	1	1	0	0
1	1	UID647464	1	1	0	0
1	1	UID647467	1	1	0	0
1	1	UID647468	1	1	0	0
1	1	UID647469	1	1	0	0
1	1	UID647506	1	1	0	0
1	1	UID647524	1	1	0	0
1	1	UID647538	1	1	0	0
1	1	UID647541	1	1	0	0
1	1	UID647550	1	1	0	0
1	1	UID647561	1	1	0	0
1	1	UID647563	1	1	0	0
1	1	UID647565	1	1	0	0
1	1	UID647568	1	1	0	0
1	1	UID647570	1	1	0	0
1	1	UID647574	1	1	0	0
1	1	UID647581	1	1	0	0
1	1	UID647646	1	1	0	0
1	1	UID647648	1	1	0	0
1	1	UID647654	1	1	0	0
1	1	UID647659	1	1	0	0
1	1	UID647660	1	1	0	0
1	1	UID647674	1	1	0	0
1	1	UID647676	1	1	0	0
1	1	UID647714	1	1	0	0
1	1	UID647721	1	1	0	0
1	1	UID647722	1	1	0	0
1	1	UID647725	1	1	0	0
1	1	UID647734	1	1	0	0
1	1	UID647735	1	1	0	0
1	1	UID647738	1	1	0	0
1	1	UID647745	1	1	0	0
1	1	UID647764	1	1	0	0
1	1	UID647789	1	1	0	0
1	1	UID647792	1	1	0	0
1	1	UID647796	1	1	0	0
1	1	UID647811	1	1	0	0
1	1	UID647816	1	1	0	0
1	1	UID647863	1	1	0	0
1	1	UID647864	1	1	0	0
1	1	UID647866	1	1	0	0
1	1	UID647867	1	1	0	0
1	1	UID647870	1	1	0	0
1	1	UID647871	1	1	0	0
1	1	UID647872	1	1	0	0
1	1	UID647873	1	1	0	0
1	1	UID647874	1	1	0	0
1	1	UID647875	1	1	0	0
1	1	UID647876	1	1	0	0
1	1	UID647877	1	1	0	0
1	1	UID647878	1	1	0	0
1	1	UID647880	1	1	0	0
1	1	UID647881	1	1	0	0
1	1	UID647885	1	1	0	0
1	1	UID647886	1	1	0	0
1	1	UID647889	1	1	0	0
1	1	UID647891	1	1	0	0
1	1	UID647893	1	1	0	0
1	1	UID647907	1	1	0	0
1	1	UID647919	1	1	0	0
1	1	UID647948	1	1	0	0
1	1	UID647957	1	1	0	0
1	1	UID647963	1	1	0	0
1	1	UID648020	1	1	0	0
1	1	UID648025	1	1	0	0
1	1	UID648028	1	1	0	0
1	1	UID648032	1	1	0	0
1	1	UID648045	1	1	0	0
1	1	UID648050	1	1	0	0
1	1	UID648085	1	1	0	0
1	1	UID648091	1	1	0	0
1	1	UID648101	1	1	0	0
1	1	UID648103	1	1	0	0
1	1	UID648144	1	1	0	0
1	1	UID648236	1	1	0	0
1	1	UID648238	1	1	0	0
1	1	UID648263	1	1	0	0
1	1	UID648270	1	1	0	0
1	1	UID648274	1	1	0	0
1	1	UID648278	1	1	0	0
1	1	UID648282	1	1	0	0
1	1	UID648290	1	1	0	0
1	1	UID648295	1	1	0	0
1	1	UID648344	1	1	0	0
1	1	UID648354	1	1	0	0
1	1	UID648362	1	1	0	0
1	1	UID648367	1	1	0	0
1	1	UID648371	1	1	0	0
1	1	UID648374	1	1	0	0
1	1	UID648375	1	1	0	0
1	1	UID648418	1	1	0	0
1	1	UID648425	1	1	0	0
1	1	UID648446	1	1	0	0
1	1	UID648448	1	1	0	0
1	1	UID648458	1	1	0	0
1	1	UID648460	1	1	0	0
1	1	UID648463	1	1	0	0
1	1	UID648466	1	1	0	0
1	1	UID648472	1	1	0	0
1	1	UID648528	1	1	0	0
1	1	UID648529	1	1	0	0
1	1	UID648532	1	1	0	0
1	1	UID648534	1	1	0	0
1	1	UID648552	1	1	0	0
1	1	UID648555	1	1	0	0
1	1	UID648561	1	1	0	0
1	1	UID648562	1	1	0	0
1	1	UID648563	1	1	0	0
1	1	UID648565	1	1	0	0
1	1	UID648566	1	1	0	0
1	1	UID648568	1	1	0	0
1	1	UID648576	1	1	0	0
1	1	UID648610	1	1	0	0
1	1	UID648615	1	1	0	0
1	1	UID648625	1	1	0	0
1	1	UID648627	1	1	0	0
1	1	UID648629	1	1	0	0
1	1	UID648643	1	1	0	0
1	1	UID648647	1	1	0	0
1	1	UID648648	1	1	0	0
1	1	UID648650	1	1	0	0
1	1	UID648664	1	1	0	0
1	1	UID648687	1	1	0	0
1	1	UID648693	1	1	0	0
1	1	UID648705	1	1	0	0
1	1	UID648719	1	1	0	0
1	1	UID648721	1	1	0	0
1	1	UID648770	1	1	0	0
1	1	UID648783	1	1	0	0
1	1	UID648786	1	1	0	0
1	1	UID648789	1	1	0	0
1	1	UID648791	1	1	0	0
1	1	UID648792	1	1	0	0
1	1	UID648812	1	1	0	0
1	1	UID648814	1	1	0	0
2	2	UID648815	1	2	1	1
1	1	UID648821	1	1	0	0
1	1	UID648823	1	1	0	0
1	1	UID648825	1	1	0	0
1	1	UID648828	1	1	0	0
1	1	UID648829	1	1	0	0
1	1	UID648834	1	1	0	0
1	1	UID648835	1	1	0	0
1	1	UID648836	1	1	0	0
1	1	UID648842	1	1	0	0
1	1	UID648868	1	1	0	0
1	1	UID648873	1	1	0	0
1	1	UID648878	1	1	0	0
1	1	UID648879	1	1	0	0
1	1	UID648880	1	1	0	0
1	1	UID648881	1	1	0	0
1	1	UID648888	1	1	0	0
1	1	UID648892	1	1	0	0
1	1	UID648932	1	1	0	0
1	1	UID648933	1	1	0	0
1	1	UID648944	1	1	0	0
1	1	UID648945	1	1	0	0
1	1	UID648949	1	1	0	0
1	1	UID648955	1	1	0	0
1	1	UID648956	1	1	0	0
1	1	UID648957	1	1	0	0
1	1	UID648964	1	1	0	0
1	1	UID648965	1	1	0	0
1	1	UID648973	1	1	0	0
1	1	UID648975	1	1	0	0
1	1	UID648977	1	1	0	0
1	1	UID648983	1	1	0	0
1	1	UID648994	1	1	0	0
1	1	UID648999	1	1	0	0
1	1	UID649037	1	1	0	0
1	1	UID649056	1	1	0	0
1	1	UID649064	1	1	0	0
1	1	UID649066	1	1	0	0
1	1	UID649085	1	1	0	0
1	1	UID649087	1	1	0	0
1	1	UID649090	1	1	0	0
1	1	UID649094	1	1	0	0
