362	998	UID1	337	308	3	3
221	424	UID37510	174	195	3	3
94	203	UID985	100	83	2	2
76	137	UID608	55	71	2	2
45	95	UID31769	41	41	2	2
23	40	UID43286	13	20	2	2
18	30	UID314	12	16	2	2
6	11	UID150590	5	4	2	2
7	10	UID134344	4	6	1	1
7	10	UID851034	4	6	1	1
2	4	UID10255	3	1	1	1
11	12	UID1180	2	10	2	2
8	9	UID31421	2	7	2	2
2	3	UID33791	2	1	1	1
4	5	UID370417	2	3	1	1
8	9	UID380	2	7	1	1
10	11	UID519	2	9	2	2
4	5	UID61211	2	3	1	1
4	5	UID8077	2	3	1	1
1	1	UID1002518	1	1	0	0
1	1	UID1014958	1	1	0	0
1	1	UID1124738	1	1	0	0
1	1	UID1141570	1	1	0	0
1	1	UID1141572	1	1	0	0
1	1	UID1141574	1	1	0	0
1	1	UID1141577	1	1	0	0
1	1	UID1141578	1	1	0	0
1	1	UID1141581	1	1	0	0
1	1	UID1141582	1	1	0	0
1	1	UID1141585	1	1	0	0
1	1	UID1141591	1	1	0	0
1	1	UID1141594	1	1	0	0
1	1	UID1141595	1	1	0	0
1	1	UID1141602	1	1	0	0
1	1	UID1141603	1	1	0	0
1	1	UID1141606	1	1	0	0
1	1	UID1141612	1	1	0	0
1	1	UID1141614	1	1	0	0
1	1	UID1141618	1	1	0	0
1	1	UID1141619	1	1	0	0
1	1	UID1141624	1	1	0	0
1	1	UID1141628	1	1	0	0
1	1	UID1141629	1	1	0	0
1	1	UID1141637	1	1	0	0
1	1	UID1141642	1	1	0	0
1	1	UID1141644	1	1	0	0
1	1	UID1141647	1	1	0	0
1	1	UID1141650	1	1	0	0
1	1	UID1141652	1	1	0	0
1	1	UID1141653	1	1	0	0
1	1	UID1141655	1	1	0	0
1	1	UID1141658	1	1	0	0
1	1	UID1141660	1	1	0	0
1	1	UID1141664	1	1	0	0
1	1	UID1141667	1	1	0	0
1	1	UID1141668	1	1	0	0
1	1	UID1141671	1	1	0	0
1	1	UID1141676	1	1	0	0
1	1	UID1141680	1	1	0	0
1	1	UID1141681	1	1	0	0
1	1	UID1141684	1	1	0	0
1	1	UID1141692	1	1	0	0
1	1	UID1141694	1	1	0	0
1	1	UID1141695	1	1	0	0
1	1	UID1141698	1	1	0	0
1	1	UID1141710	1	1	0	0
1	1	UID1141714	1	1	0	0
1	1	UID1141715	1	1	0	0
1	1	UID1141717	1	1	0	0
1	1	UID1141719	1	1	0	0
1	1	UID1141723	1	1	0	0
1	1	UID1141724	1	1	0	0
1	1	UID1141726	1	1	0	0
1	1	UID1141731	1	1	0	0
1	1	UID1141733	1	1	0	0
1	1	UID1141734	1	1	0	0
1	1	UID1141735	1	1	0	0
1	1	UID1141748	1	1	0	0
1	1	UID1141751	1	1	0	0
1	1	UID1141763	1	1	0	0
1	1	UID1141772	1	1	0	0
1	1	UID1141774	1	1	0	0
1	1	UID1141778	1	1	0	0
1	1	UID1141785	1	1	0	0
1	1	UID1141788	1	1	0	0
1	1	UID1141791	1	1	0	0
1	1	UID1141792	1	1	0	0
1	1	UID1141797	1	1	0	0
1	1	UID1141799	1	1	0	0
1	1	UID1141806	1	1	0	0
1	1	UID1141810	1	1	0	0
6	6	UID1141811	1	6	3	3
1	1	UID1141813	1	1	0	0
1	1	UID1141818	1	1	0	0
1	1	UID1141819	1	1	0	0
1	1	UID1141820	1	1	0	0
1	1	UID1141821	1	1	0	0
1	1	UID1141824	1	1	0	0
1	1	UID1141825	1	1	0	0
1	1	UID1141828	1	1	0	0
1	1	UID1141831	1	1	0	0
1	1	UID1141836	1	1	0	0
1	1	UID1141842	1	1	0	0
1	1	UID1141844	1	1	0	0
1	1	UID1141845	1	1	0	0
1	1	UID1141846	1	1	0	0
1	1	UID1141847	1	1	0	0
1	1	UID1141849	1	1	0	0
1	1	UID1141859	1	1	0	0
1	1	UID1141864	1	1	0	0
1	1	UID1141869	1	1	0	0
1	1	UID1141873	1	1	0	0
1	1	UID1141882	1	1	0	0
1	1	UID1141884	1	1	0	0
1	1	UID1141885	1	1	0	0
1	1	UID1141888	1	1	0	0
1	1	UID1435	1	1	0	0
1	1	UID1447	1	1	0	0
1	1	UID186440	1	1	0	0
1	1	UID247544	1	1	0	0
3	3	UID31291	1	3	1	1
1	1	UID324384	1	1	0	0
2	2	UID34883	1	2	1	1
1	1	UID34893	1	1	0	0
1	1	UID34927	1	1	0	0
1	1	UID350	1	1	0	0
1	1	UID365917	1	1	0	0
1	1	UID372190	1	1	0	0
1	1	UID456668	1	1	0	0
1	1	UID467377	1	1	0	0
1	1	UID48553	1	1	0	0
1	1	UID506	1	1	0	0
2	2	UID58316	1	2	1	1
1	1	UID65003	1	1	0	0
1	1	UID65457	1	1	0	0
1	1	UID7290	1	1	0	0
1	1	UID8012	1	1	0	0
1	1	UID851182	1	1	0	0
1	1	UID853348	1	1	0	0
1	1	UID867797	1	1	0	0
1	1	UID915	1	1	0	0
1	1	UID9455	1	1	0	0
