13922	135591	UID166	72366	10222	7	7
7252	48014	UID985	23938	5496	6	6
510	1824	UID8077	827	325	5	5
386	1120	UID9455	502	285	3	3
340	1084	UID54476	365	258	4	4
202	661	UID520046	345	142	4	4
156	497	UID370417	268	111	2	2
94	250	UID988	100	77	3	3
72	143	UID216383	60	59	2	2
60	143	UID150972	49	48	3	3
58	106	UID37510	44	52	3	3
24	58	UID364824	32	20	2	2
30	69	UID372190	31	22	2	2
29	62	UID9558	29	25	2	2
55	109	UID247133	24	43	2	2
31	53	UID181021	19	28	1	1
19	53	UID349099	19	15	2	2
20	37	UID215767	17	18	2	2
10	27	UID362807	17	8	2	2
29	48	UID608	17	26	4	4
14	33	UID1061378	14	7	2	2
12	27	UID1180	13	8	2	2
19	29	UID27300	11	18	2	2
12	25	UID199958	10	8	2	2
11	21	UID1563	9	8	2	2
8	17	UID381052	8	5	2	2
4	10	UID217344	7	3	1	1
2	7	UID1205969	6	1	1	1
1	6	UID1205971	6	0	0	0
7	16	UID511612	6	5	2	2
2	6	UID1124761	5	1	1	1
1	5	UID1205972	5	0	0	0
3	7	UID1205973	5	2	1	1
1	5	UID1205985	5	0	0	0
1	5	UID1205991	5	0	0	0
6	11	UID49255	5	4	1	1
3	8	UID62982	5	1	1	1
14	19	UID9498	5	12	2	2
1	4	UID1206000	4	0	0	0
1	4	UID1206003	4	0	0	0
1	4	UID1206013	4	0	0	0
1	4	UID1206043	4	0	0	0
1	4	UID1206052	4	0	0	0
1	4	UID1206070	4	0	0	0
1	4	UID1206074	4	0	0	0
1	4	UID1206083	4	0	0	0
2	5	UID34893	4	1	1	1
5	8	UID49440	4	4	1	1
9	12	UID62227	4	8	1	1
6	12	UID980753	4	2	1	1
1	3	UID10255	3	0	0	0
1	3	UID1206091	3	0	0	0
1	3	UID1206093	3	0	0	0
1	3	UID1206095	3	0	0	0
1	3	UID1206099	3	0	0	0
1	3	UID1206101	3	0	0	0
1	3	UID1206103	3	0	0	0
1	3	UID1206106	3	0	0	0
1	3	UID1206110	3	0	0	0
1	3	UID1206111	3	0	0	0
1	3	UID1206113	3	0	0	0
1	3	UID1206116	3	0	0	0
1	3	UID1206120	3	0	0	0
1	3	UID1206123	3	0	0	0
1	3	UID1206124	3	0	0	0
1	3	UID1206127	3	0	0	0
1	3	UID1206129	3	0	0	0
1	3	UID1206131	3	0	0	0
1	3	UID1206132	3	0	0	0
1	3	UID1206142	3	0	0	0
1	3	UID1206151	3	0	0	0
1	3	UID1206160	3	0	0	0
1	3	UID1206161	3	0	0	0
1	3	UID1206167	3	0	0	0
1	3	UID1206168	3	0	0	0
1	3	UID1206172	3	0	0	0
1	3	UID1206189	3	0	0	0
1	3	UID1206192	3	0	0	0
1	3	UID1206199	3	0	0	0
1	3	UID1206201	3	0	0	0
1	3	UID1206236	3	0	0	0
1	3	UID1206246	3	0	0	0
1	3	UID1206248	3	0	0	0
1	3	UID1206249	3	0	0	0
1	3	UID1206261	3	0	0	0
1	3	UID1206262	3	0	0	0
1	3	UID1206267	3	0	0	0
1	3	UID1206274	3	0	0	0
1	3	UID1206275	3	0	0	0
2	4	UID1206278	3	1	1	1
1	3	UID1206280	3	0	0	0
1	3	UID1206289	3	0	0	0
1	3	UID1206293	3	0	0	0
1	3	UID1206294	3	0	0	0
1	3	UID1206303	3	0	0	0
1	3	UID1206306	3	0	0	0
1	3	UID1206307	3	0	0	0
1	3	UID1206312	3	0	0	0
1	3	UID1206317	3	0	0	0
1	3	UID1206323	3	0	0	0
1	3	UID1206327	3	0	0	0
1	3	UID1206330	3	0	0	0
1	3	UID1206335	3	0	0	0
1	3	UID1206336	3	0	0	0
1	3	UID1206340	3	0	0	0
1	3	UID1206343	3	0	0	0
1	3	UID1206345	3	0	0	0
2	4	UID1206352	3	1	1	1
1	3	UID1206393	3	0	0	0
1	3	UID1206399	3	0	0	0
1	3	UID1206402	3	0	0	0
1	3	UID1206412	3	0	0	0
4	6	UID1206415	3	3	1	1
1	3	UID1206417	3	0	0	0
1	3	UID1206419	3	0	0	0
1	3	UID1206428	3	0	0	0
1	3	UID1206429	3	0	0	0
1	3	UID1206436	3	0	0	0
1	3	UID1206440	3	0	0	0
1	3	UID1206441	3	0	0	0
1	3	UID1206446	3	0	0	0
1	3	UID1206452	3	0	0	0
1	3	UID1206453	3	0	0	0
1	3	UID1206455	3	0	0	0
1	3	UID1206457	3	0	0	0
1	3	UID1206458	3	0	0	0
1	3	UID1206461	3	0	0	0
1	3	UID1206468	3	0	0	0
1	3	UID1206471	3	0	0	0
1	3	UID1206478	3	0	0	0
1	3	UID1206482	3	0	0	0
1	3	UID1206491	3	0	0	0
1	3	UID1206493	3	0	0	0
1	3	UID1206494	3	0	0	0
1	3	UID1206495	3	0	0	0
2	4	UID1548	3	1	1	1
2	4	UID239195	3	1	1	1
1	3	UID981018	3	0	0	0
1	2	UID1134726	2	0	0	0
3	4	UID1134798	2	2	1	1
1	2	UID1136193	2	0	0	0
1	2	UID1206561	2	0	0	0
2	3	UID1206571	2	1	1	1
1	2	UID1206573	2	0	0	0
1	2	UID1206638	2	0	0	0
1	2	UID1206658	2	0	0	0
1	2	UID1206685	2	0	0	0
1	2	UID1206748	2	0	0	0
1	2	UID1206781	2	0	0	0
1	2	UID1206794	2	0	0	0
1	2	UID1206878	2	0	0	0
1	2	UID1206893	2	0	0	0
1	2	UID1206906	2	0	0	0
2	3	UID1206959	2	1	1	1
1	2	UID1207251	2	0	0	0
2	3	UID1207295	2	1	1	1
1	2	UID1207320	2	0	0	0
1	2	UID1207425	2	0	0	0
1	2	UID1207430	2	0	0	0
1	2	UID1207438	2	0	0	0
1	2	UID1207447	2	0	0	0
1	2	UID1207450	2	0	0	0
1	2	UID1207472	2	0	0	0
1	2	UID1207495	2	0	0	0
1	2	UID1207502	2	0	0	0
1	2	UID1207513	2	0	0	0
1	2	UID1207525	2	0	0	0
1	2	UID1207547	2	0	0	0
1	2	UID1207584	2	0	0	0
1	2	UID1207646	2	0	0	0
2	3	UID1207654	2	1	1	1
1	2	UID1207763	2	0	0	0
1	2	UID1207764	2	0	0	0
2	3	UID1207790	2	1	1	1
1	2	UID1207849	2	0	0	0
1	2	UID1207984	2	0	0	0
2	3	UID1208040	2	1	1	1
1	2	UID1208052	2	0	0	0
1	2	UID1208055	2	0	0	0
2	3	UID1208063	2	1	1	1
2	3	UID1208074	2	1	1	1
1	2	UID1208092	2	0	0	0
1	2	UID1208095	2	0	0	0
2	3	UID1208106	2	1	1	1
1	2	UID1208164	2	0	0	0
1	2	UID1208168	2	0	0	0
1	2	UID1208180	2	0	0	0
2	3	UID1208185	2	1	1	1
2	3	UID1208251	2	1	1	1
1	2	UID1208298	2	0	0	0
1	2	UID1208337	2	0	0	0
1	2	UID1208359	2	0	0	0
1	2	UID1208360	2	0	0	0
2	3	UID1208364	2	1	1	1
1	2	UID1208401	2	0	0	0
1	2	UID1208453	2	0	0	0
1	2	UID133855	2	0	0	0
2	3	UID215769	2	1	1	1
2	3	UID231678	2	1	1	1
1	2	UID248269	2	0	0	0
1	2	UID27308	2	0	0	0
5	6	UID30589	2	4	1	1
2	3	UID314	2	1	1	1
5	6	UID61211	2	4	1	1
1	1	UID101236	1	1	0	0
1	1	UID106	1	1	0	0
1	1	UID107537	1	1	0	0
4	5	UID1125007	1	3	1	1
4	4	UID114411	1	4	2	2
1	1	UID1208468	1	1	0	0
1	1	UID1208469	1	1	0	0
1	1	UID1208470	1	1	0	0
1	1	UID1208471	1	1	0	0
1	1	UID1208474	1	1	0	0
1	1	UID1208475	1	1	0	0
1	1	UID1208476	1	1	0	0
1	1	UID1208478	1	1	0	0
1	1	UID1208480	1	1	0	0
1	1	UID1208490	1	1	0	0
1	1	UID1208491	1	1	0	0
1	1	UID1208493	1	1	0	0
1	1	UID1208494	1	1	0	0
1	1	UID1208495	1	1	0	0
1	1	UID1208496	1	1	0	0
1	1	UID1208497	1	1	0	0
1	1	UID1208500	1	1	0	0
1	1	UID1208528	1	1	0	0
1	1	UID1208531	1	1	0	0
1	1	UID1208560	1	1	0	0
1	1	UID1208564	1	1	0	0
1	1	UID1208565	1	1	0	0
1	1	UID1208567	1	1	0	0
1	1	UID1208579	1	1	0	0
1	1	UID1208586	1	1	0	0
1	1	UID1208594	1	1	0	0
1	1	UID1208595	1	1	0	0
1	1	UID1208598	1	1	0	0
1	1	UID1208604	1	1	0	0
1	1	UID1208609	1	1	0	0
1	1	UID1208612	1	1	0	0
1	1	UID1208647	1	1	0	0
1	1	UID1208655	1	1	0	0
1	1	UID1208702	1	1	0	0
1	1	UID1208708	1	1	0	0
1	1	UID1208724	1	1	0	0
1	1	UID1208733	1	1	0	0
1	1	UID1208738	1	1	0	0
1	1	UID1208740	1	1	0	0
1	1	UID1208746	1	1	0	0
1	1	UID1208748	1	1	0	0
1	1	UID1208750	1	1	0	0
1	1	UID1208751	1	1	0	0
1	1	UID1208752	1	1	0	0
1	1	UID1208755	1	1	0	0
1	1	UID1208756	1	1	0	0
1	1	UID1208775	1	1	0	0
1	1	UID1208789	1	1	0	0
1	1	UID1208820	1	1	0	0
1	1	UID1208825	1	1	0	0
1	1	UID1208859	1	1	0	0
1	1	UID1208865	1	1	0	0
1	1	UID1208872	1	1	0	0
1	1	UID1208874	1	1	0	0
1	1	UID1208877	1	1	0	0
1	1	UID1208880	1	1	0	0
1	1	UID1208881	1	1	0	0
1	1	UID1208882	1	1	0	0
1	1	UID1208883	1	1	0	0
1	1	UID1208884	1	1	0	0
1	1	UID1208885	1	1	0	0
1	1	UID1208886	1	1	0	0
1	1	UID1208888	1	1	0	0
1	1	UID1208900	1	1	0	0
1	1	UID1208903	1	1	0	0
1	1	UID1208908	1	1	0	0
1	1	UID1208910	1	1	0	0
1	1	UID1208912	1	1	0	0
1	1	UID1208919	1	1	0	0
1	1	UID1208924	1	1	0	0
1	1	UID1208982	1	1	0	0
6	6	UID1209003	1	6	3	3
1	1	UID1209021	1	1	0	0
1	1	UID1209022	1	1	0	0
1	1	UID1209032	1	1	0	0
1	1	UID1209038	1	1	0	0
1	1	UID1209041	1	1	0	0
1	1	UID1209044	1	1	0	0
1	1	UID1209107	1	1	0	0
1	1	UID1209110	1	1	0	0
1	1	UID1209139	1	1	0	0
2	2	UID1209141	1	2	1	1
1	1	UID1209143	1	1	0	0
1	1	UID1209150	1	1	0	0
1	1	UID1209157	1	1	0	0
1	1	UID1209161	1	1	0	0
1	1	UID1209172	1	1	0	0
1	1	UID1209173	1	1	0	0
1	1	UID1209178	1	1	0	0
1	1	UID1209195	1	1	0	0
1	1	UID1209196	1	1	0	0
1	1	UID1209204	1	1	0	0
1	1	UID1209206	1	1	0	0
1	1	UID1209232	1	1	0	0
1	1	UID1209291	1	1	0	0
1	1	UID1209303	1	1	0	0
1	1	UID1209319	1	1	0	0
1	1	UID1209333	1	1	0	0
1	1	UID1209335	1	1	0	0
1	1	UID1209337	1	1	0	0
1	1	UID1209343	1	1	0	0
1	1	UID1209362	1	1	0	0
1	1	UID1209367	1	1	0	0
1	1	UID1209383	1	1	0	0
1	1	UID1209388	1	1	0	0
1	1	UID1209424	1	1	0	0
1	1	UID1209427	1	1	0	0
1	1	UID1209450	1	1	0	0
1	1	UID1209473	1	1	0	0
1	1	UID1209499	1	1	0	0
1	1	UID1209507	1	1	0	0
1	1	UID1209555	1	1	0	0
1	1	UID1209560	1	1	0	0
1	1	UID1209562	1	1	0	0
1	1	UID1209581	1	1	0	0
1	1	UID1209582	1	1	0	0
1	1	UID1209596	1	1	0	0
1	1	UID1209600	1	1	0	0
1	1	UID1209604	1	1	0	0
1	1	UID1209645	1	1	0	0
1	1	UID1209646	1	1	0	0
1	1	UID1209647	1	1	0	0
1	1	UID1209689	1	1	0	0
1	1	UID1209735	1	1	0	0
1	1	UID1209739	1	1	0	0
1	1	UID1209752	1	1	0	0
1	1	UID1209757	1	1	0	0
1	1	UID1209768	1	1	0	0
1	1	UID1209771	1	1	0	0
1	1	UID1209774	1	1	0	0
1	1	UID1209779	1	1	0	0
1	1	UID1209782	1	1	0	0
1	1	UID1209795	1	1	0	0
1	1	UID1209803	1	1	0	0
1	1	UID1209807	1	1	0	0
1	1	UID1209856	1	1	0	0
1	1	UID1209860	1	1	0	0
1	1	UID1209866	1	1	0	0
1	1	UID1209903	1	1	0	0
1	1	UID1209914	1	1	0	0
1	1	UID1209919	1	1	0	0
1	1	UID1209926	1	1	0	0
1	1	UID1209937	1	1	0	0
1	1	UID1209941	1	1	0	0
1	1	UID1209943	1	1	0	0
1	1	UID1209945	1	1	0	0
1	1	UID1209946	1	1	0	0
1	1	UID1209948	1	1	0	0
1	1	UID1209949	1	1	0	0
2	2	UID120994	1	2	1	1
1	1	UID1209963	1	1	0	0
1	1	UID1209996	1	1	0	0
1	1	UID1209999	1	1	0	0
1	1	UID1210000	1	1	0	0
1	1	UID1210002	1	1	0	0
1	1	UID1210016	1	1	0	0
1	1	UID1210033	1	1	0	0
1	1	UID1210041	1	1	0	0
1	1	UID1210072	1	1	0	0
1	1	UID1210149	1	1	0	0
1	1	UID1210188	1	1	0	0
1	1	UID1210191	1	1	0	0
1	1	UID1210247	1	1	0	0
1	1	UID1210287	1	1	0	0
1	1	UID1210289	1	1	0	0
1	1	UID1210290	1	1	0	0
1	1	UID1210298	1	1	0	0
1	1	UID1210303	1	1	0	0
1	1	UID1210304	1	1	0	0
1	1	UID1210307	1	1	0	0
1	1	UID1210308	1	1	0	0
1	1	UID1210313	1	1	0	0
1	1	UID1210316	1	1	0	0
1	1	UID1210320	1	1	0	0
1	1	UID1210364	1	1	0	0
1	1	UID1210382	1	1	0	0
1	1	UID1210391	1	1	0	0
1	1	UID1210392	1	1	0	0
1	1	UID1210409	1	1	0	0
1	1	UID1210410	1	1	0	0
1	1	UID1210412	1	1	0	0
1	1	UID1210416	1	1	0	0
1	1	UID1210422	1	1	0	0
1	1	UID1210423	1	1	0	0
1	1	UID1210428	1	1	0	0
1	1	UID1210447	1	1	0	0
1	1	UID1210451	1	1	0	0
1	1	UID1210456	1	1	0	0
1	1	UID1210467	1	1	0	0
1	1	UID1210484	1	1	0	0
1	1	UID1210489	1	1	0	0
1	1	UID1210503	1	1	0	0
1	1	UID1210523	1	1	0	0
1	1	UID1210536	1	1	0	0
1	1	UID1210563	1	1	0	0
1	1	UID1210580	1	1	0	0
1	1	UID1210588	1	1	0	0
1	1	UID1210630	1	1	0	0
1	1	UID1210681	1	1	0	0
1	1	UID1210720	1	1	0	0
1	1	UID1210722	1	1	0	0
1	1	UID1210729	1	1	0	0
1	1	UID1210731	1	1	0	0
1	1	UID1210788	1	1	0	0
1	1	UID1210832	1	1	0	0
1	1	UID1210846	1	1	0	0
1	1	UID1210855	1	1	0	0
1	1	UID1210868	1	1	0	0
1	1	UID1210876	1	1	0	0
1	1	UID1210923	1	1	0	0
1	1	UID1210924	1	1	0	0
1	1	UID1210930	1	1	0	0
1	1	UID1210962	1	1	0	0
1	1	UID1210965	1	1	0	0
1	1	UID1210995	1	1	0	0
1	1	UID1211020	1	1	0	0
1	1	UID1211108	1	1	0	0
1	1	UID1211110	1	1	0	0
1	1	UID1211131	1	1	0	0
1	1	UID1211133	1	1	0	0
1	1	UID1211134	1	1	0	0
1	1	UID1211136	1	1	0	0
1	1	UID1211147	1	1	0	0
1	1	UID1211148	1	1	0	0
1	1	UID1211149	1	1	0	0
1	1	UID1211162	1	1	0	0
1	1	UID1211183	1	1	0	0
1	1	UID1211184	1	1	0	0
1	1	UID1211241	1	1	0	0
1	1	UID1211246	1	1	0	0
1	1	UID1211266	1	1	0	0
1	1	UID1211290	1	1	0	0
1	1	UID1211292	1	1	0	0
1	1	UID1211293	1	1	0	0
1	1	UID1211324	1	1	0	0
1	1	UID1211328	1	1	0	0
1	1	UID1211343	1	1	0	0
1	1	UID1211367	1	1	0	0
1	1	UID1211369	1	1	0	0
1	1	UID1211373	1	1	0	0
1	1	UID1211403	1	1	0	0
1	1	UID1211432	1	1	0	0
1	1	UID1211435	1	1	0	0
1	1	UID1211459	1	1	0	0
1	1	UID1211482	1	1	0	0
1	1	UID1211512	1	1	0	0
1	1	UID1211536	1	1	0	0
1	1	UID1211650	1	1	0	0
1	1	UID1211652	1	1	0	0
1	1	UID1211659	1	1	0	0
1	1	UID1211668	1	1	0	0
1	1	UID1211696	1	1	0	0
1	1	UID1211700	1	1	0	0
1	1	UID1211811	1	1	0	0
1	1	UID1211813	1	1	0	0
1	1	UID1211827	1	1	0	0
1	1	UID1211831	1	1	0	0
1	1	UID1211857	1	1	0	0
1	1	UID1211898	1	1	0	0
1	1	UID1211911	1	1	0	0
1	1	UID1211938	1	1	0	0
1	1	UID1211971	1	1	0	0
1	1	UID1212026	1	1	0	0
1	1	UID1212038	1	1	0	0
1	1	UID1212061	1	1	0	0
1	1	UID1212068	1	1	0	0
1	1	UID1212106	1	1	0	0
1	1	UID1212145	1	1	0	0
1	1	UID1212220	1	1	0	0
1	1	UID1212237	1	1	0	0
1	1	UID1212325	1	1	0	0
1	1	UID1212424	1	1	0	0
1	1	UID1212580	1	1	0	0
1	1	UID1212745	1	1	0	0
1	1	UID1212782	1	1	0	0
1	1	UID1212837	1	1	0	0
1	1	UID1212853	1	1	0	0
1	1	UID1213019	1	1	0	0
1	1	UID1213067	1	1	0	0
1	1	UID1213103	1	1	0	0
1	1	UID1213104	1	1	0	0
1	1	UID1213138	1	1	0	0
1	1	UID1213178	1	1	0	0
1	1	UID1213267	1	1	0	0
1	1	UID1213276	1	1	0	0
1	1	UID1213277	1	1	0	0
1	1	UID1213316	1	1	0	0
1	1	UID1213360	1	1	0	0
1	1	UID1213375	1	1	0	0
1	1	UID1213386	1	1	0	0
1	1	UID1213393	1	1	0	0
1	1	UID1213467	1	1	0	0
1	1	UID1213483	1	1	0	0
1	1	UID1213649	1	1	0	0
1	1	UID1213663	1	1	0	0
1	1	UID1213668	1	1	0	0
1	1	UID1213701	1	1	0	0
1	1	UID1213704	1	1	0	0
1	1	UID1213823	1	1	0	0
1	1	UID1213874	1	1	0	0
1	1	UID1213882	1	1	0	0
1	1	UID1213896	1	1	0	0
1	1	UID1213966	1	1	0	0
1	1	UID1214005	1	1	0	0
1	1	UID1214074	1	1	0	0
1	1	UID1214091	1	1	0	0
1	1	UID1214107	1	1	0	0
1	1	UID1214132	1	1	0	0
1	1	UID1214133	1	1	0	0
1	1	UID1214139	1	1	0	0
1	1	UID1214171	1	1	0	0
1	1	UID1214187	1	1	0	0
1	1	UID1214215	1	1	0	0
1	1	UID1214265	1	1	0	0
1	1	UID1214318	1	1	0	0
1	1	UID1214322	1	1	0	0
1	1	UID1214323	1	1	0	0
1	1	UID1214363	1	1	0	0
1	1	UID1214378	1	1	0	0
1	1	UID1214382	1	1	0	0
1	1	UID1214392	1	1	0	0
1	1	UID1214394	1	1	0	0
1	1	UID1214496	1	1	0	0
1	1	UID1214503	1	1	0	0
1	1	UID1214513	1	1	0	0
1	1	UID1214514	1	1	0	0
1	1	UID1214515	1	1	0	0
1	1	UID1214519	1	1	0	0
1	1	UID1214552	1	1	0	0
1	1	UID1214558	1	1	0	0
1	1	UID1214596	1	1	0	0
1	1	UID1214602	1	1	0	0
1	1	UID1214604	1	1	0	0
1	1	UID1214645	1	1	0	0
1	1	UID1214664	1	1	0	0
1	1	UID1214697	1	1	0	0
1	1	UID1214717	1	1	0	0
1	1	UID1214800	1	1	0	0
1	1	UID1214806	1	1	0	0
1	1	UID1214818	1	1	0	0
1	1	UID1214874	1	1	0	0
1	1	UID1214879	1	1	0	0
1	1	UID1214889	1	1	0	0
1	1	UID1214926	1	1	0	0
1	1	UID1214928	1	1	0	0
1	1	UID1214934	1	1	0	0
1	1	UID1214937	1	1	0	0
1	1	UID1214941	1	1	0	0
1	1	UID1214949	1	1	0	0
1	1	UID1214956	1	1	0	0
1	1	UID1214968	1	1	0	0
1	1	UID1214974	1	1	0	0
1	1	UID1214986	1	1	0	0
1	1	UID1214989	1	1	0	0
1	1	UID1214990	1	1	0	0
1	1	UID1214991	1	1	0	0
1	1	UID1215015	1	1	0	0
1	1	UID1215016	1	1	0	0
1	1	UID1215021	1	1	0	0
1	1	UID1215023	1	1	0	0
1	1	UID1215025	1	1	0	0
1	1	UID1215030	1	1	0	0
1	1	UID1215031	1	1	0	0
1	1	UID1215043	1	1	0	0
1	1	UID1215046	1	1	0	0
1	1	UID1215047	1	1	0	0
1	1	UID1215054	1	1	0	0
1	1	UID1215055	1	1	0	0
1	1	UID1215090	1	1	0	0
1	1	UID1215095	1	1	0	0
1	1	UID1215096	1	1	0	0
1	1	UID1215121	1	1	0	0
1	1	UID1215125	1	1	0	0
1	1	UID1215140	1	1	0	0
1	1	UID1215141	1	1	0	0
1	1	UID1215179	1	1	0	0
1	1	UID1215201	1	1	0	0
1	1	UID1215205	1	1	0	0
1	1	UID1215207	1	1	0	0
1	1	UID1215208	1	1	0	0
1	1	UID1215209	1	1	0	0
1	1	UID1215220	1	1	0	0
1	1	UID1215223	1	1	0	0
1	1	UID1215271	1	1	0	0
1	1	UID1215283	1	1	0	0
1	1	UID1215291	1	1	0	0
1	1	UID1215297	1	1	0	0
1	1	UID1215304	1	1	0	0
1	1	UID1215306	1	1	0	0
1	1	UID1215319	1	1	0	0
1	1	UID1215320	1	1	0	0
1	1	UID1215332	1	1	0	0
1	1	UID1215348	1	1	0	0
1	1	UID1215354	1	1	0	0
1	1	UID1215378	1	1	0	0
1	1	UID1215384	1	1	0	0
1	1	UID1215401	1	1	0	0
1	1	UID1215405	1	1	0	0
1	1	UID1215425	1	1	0	0
1	1	UID1215427	1	1	0	0
1	1	UID1215444	1	1	0	0
1	1	UID1215456	1	1	0	0
1	1	UID1215464	1	1	0	0
1	1	UID1215472	1	1	0	0
1	1	UID1215517	1	1	0	0
1	1	UID1215522	1	1	0	0
1	1	UID1215540	1	1	0	0
1	1	UID1215545	1	1	0	0
1	1	UID1215596	1	1	0	0
1	1	UID1215597	1	1	0	0
1	1	UID1215599	1	1	0	0
1	1	UID1215611	1	1	0	0
1	1	UID1215613	1	1	0	0
1	1	UID1215621	1	1	0	0
1	1	UID1215622	1	1	0	0
1	1	UID1215626	1	1	0	0
1	1	UID1215631	1	1	0	0
1	1	UID1215656	1	1	0	0
1	1	UID1215697	1	1	0	0
1	1	UID1215727	1	1	0	0
1	1	UID1215748	1	1	0	0
1	1	UID1215758	1	1	0	0
1	1	UID1215766	1	1	0	0
1	1	UID1215790	1	1	0	0
1	1	UID1215798	1	1	0	0
1	1	UID1215854	1	1	0	0
1	1	UID1215857	1	1	0	0
1	1	UID1215858	1	1	0	0
1	1	UID1215859	1	1	0	0
1	1	UID1215867	1	1	0	0
5	5	UID1215868	1	5	3	3
1	1	UID1215872	1	1	0	0
1	1	UID1215875	1	1	0	0
1	1	UID1215902	1	1	0	0
1	1	UID1215905	1	1	0	0
1	1	UID1215910	1	1	0	0
1	1	UID1215922	1	1	0	0
1	1	UID1215923	1	1	0	0
1	1	UID1216007	1	1	0	0
1	1	UID1216009	1	1	0	0
1	1	UID1216011	1	1	0	0
1	1	UID1216015	1	1	0	0
1	1	UID1216016	1	1	0	0
1	1	UID1216017	1	1	0	0
1	1	UID1216045	1	1	0	0
2	2	UID1216068	1	2	1	1
1	1	UID1216097	1	1	0	0
1	1	UID1216108	1	1	0	0
1	1	UID1216152	1	1	0	0
1	1	UID1216159	1	1	0	0
1	1	UID1216214	1	1	0	0
1	1	UID1216251	1	1	0	0
1	1	UID1216269	1	1	0	0
1	1	UID1216282	1	1	0	0
1	1	UID1216302	1	1	0	0
1	1	UID1216309	1	1	0	0
1	1	UID1216331	1	1	0	0
1	1	UID1216349	1	1	0	0
1	1	UID1216404	1	1	0	0
1	1	UID1216438	1	1	0	0
1	1	UID1216449	1	1	0	0
1	1	UID1216454	1	1	0	0
1	1	UID1216493	1	1	0	0
1	1	UID1216504	1	1	0	0
1	1	UID1216558	1	1	0	0
1	1	UID1216600	1	1	0	0
1	1	UID1216602	1	1	0	0
1	1	UID1216622	1	1	0	0
1	1	UID1216651	1	1	0	0
1	1	UID1216663	1	1	0	0
1	1	UID1216665	1	1	0	0
1	1	UID1216688	1	1	0	0
1	1	UID1216710	1	1	0	0
1	1	UID1216724	1	1	0	0
1	1	UID1216734	1	1	0	0
1	1	UID1216744	1	1	0	0
1	1	UID1216748	1	1	0	0
1	1	UID1216773	1	1	0	0
1	1	UID1216806	1	1	0	0
1	1	UID1216844	1	1	0	0
1	1	UID1216884	1	1	0	0
1	1	UID1216894	1	1	0	0
1	1	UID1216922	1	1	0	0
1	1	UID1216951	1	1	0	0
1	1	UID1216956	1	1	0	0
1	1	UID1216960	1	1	0	0
1	1	UID1217038	1	1	0	0
1	1	UID1217143	1	1	0	0
1	1	UID1217228	1	1	0	0
1	1	UID1217280	1	1	0	0
1	1	UID1217281	1	1	0	0
1	1	UID1217298	1	1	0	0
1	1	UID1217301	1	1	0	0
1	1	UID1217373	1	1	0	0
1	1	UID1217420	1	1	0	0
1	1	UID1217445	1	1	0	0
1	1	UID1217490	1	1	0	0
1	1	UID1217491	1	1	0	0
1	1	UID1217492	1	1	0	0
1	1	UID1217506	1	1	0	0
1	1	UID1217507	1	1	0	0
1	1	UID1217538	1	1	0	0
1	1	UID1217541	1	1	0	0
1	1	UID1217584	1	1	0	0
1	1	UID1217588	1	1	0	0
1	1	UID1217589	1	1	0	0
1	1	UID1217595	1	1	0	0
1	1	UID1217631	1	1	0	0
1	1	UID1217641	1	1	0	0
1	1	UID1217649	1	1	0	0
1	1	UID1217656	1	1	0	0
1	1	UID1217657	1	1	0	0
1	1	UID1217712	1	1	0	0
1	1	UID1217729	1	1	0	0
1	1	UID1217781	1	1	0	0
1	1	UID1217782	1	1	0	0
1	1	UID1217808	1	1	0	0
1	1	UID1217852	1	1	0	0
1	1	UID1217856	1	1	0	0
1	1	UID1217873	1	1	0	0
1	1	UID1217875	1	1	0	0
1	1	UID1217887	1	1	0	0
1	1	UID1217888	1	1	0	0
1	1	UID1217891	1	1	0	0
1	1	UID1217923	1	1	0	0
1	1	UID1217925	1	1	0	0
1	1	UID1217938	1	1	0	0
1	1	UID1217940	1	1	0	0
1	1	UID1217953	1	1	0	0
1	1	UID1217969	1	1	0	0
1	1	UID1218017	1	1	0	0
1	1	UID1218022	1	1	0	0
1	1	UID1218026	1	1	0	0
1	1	UID1218027	1	1	0	0
1	1	UID1218030	1	1	0	0
1	1	UID1218031	1	1	0	0
1	1	UID1218050	1	1	0	0
1	1	UID1218051	1	1	0	0
1	1	UID1218077	1	1	0	0
1	1	UID1218097	1	1	0	0
1	1	UID1218130	1	1	0	0
1	1	UID1218140	1	1	0	0
1	1	UID1218141	1	1	0	0
1	1	UID1218160	1	1	0	0
1	1	UID1218223	1	1	0	0
1	1	UID1218252	1	1	0	0
1	1	UID1218263	1	1	0	0
1	1	UID1218301	1	1	0	0
1	1	UID1218308	1	1	0	0
1	1	UID1218357	1	1	0	0
1	1	UID1218370	1	1	0	0
1	1	UID1218373	1	1	0	0
1	1	UID1218379	1	1	0	0
1	1	UID1218384	1	1	0	0
1	1	UID1218409	1	1	0	0
1	1	UID1218434	1	1	0	0
1	1	UID1218437	1	1	0	0
1	1	UID1218460	1	1	0	0
1	1	UID1218471	1	1	0	0
1	1	UID1218480	1	1	0	0
1	1	UID1218482	1	1	0	0
1	1	UID1218546	1	1	0	0
1	1	UID1218555	1	1	0	0
1	1	UID1218556	1	1	0	0
1	1	UID1218592	1	1	0	0
1	1	UID1218609	1	1	0	0
1	1	UID1218620	1	1	0	0
1	1	UID1218661	1	1	0	0
1	1	UID1218702	1	1	0	0
1	1	UID1218717	1	1	0	0
1	1	UID1218729	1	1	0	0
1	1	UID1218732	1	1	0	0
1	1	UID1218753	1	1	0	0
1	1	UID1218761	1	1	0	0
1	1	UID1218783	1	1	0	0
1	1	UID1218790	1	1	0	0
1	1	UID1218800	1	1	0	0
1	1	UID1218817	1	1	0	0
1	1	UID1218819	1	1	0	0
1	1	UID1218820	1	1	0	0
1	1	UID1218823	1	1	0	0
1	1	UID1218824	1	1	0	0
1	1	UID1218827	1	1	0	0
1	1	UID1218830	1	1	0	0
1	1	UID1218831	1	1	0	0
1	1	UID1218833	1	1	0	0
1	1	UID1218835	1	1	0	0
1	1	UID1218873	1	1	0	0
1	1	UID1218910	1	1	0	0
1	1	UID1218916	1	1	0	0
1	1	UID1218945	1	1	0	0
1	1	UID1218948	1	1	0	0
1	1	UID1218952	1	1	0	0
1	1	UID1218953	1	1	0	0
1	1	UID1218977	1	1	0	0
1	1	UID1218978	1	1	0	0
1	1	UID1218979	1	1	0	0
1	1	UID1218980	1	1	0	0
1	1	UID1218986	1	1	0	0
1	1	UID1218990	1	1	0	0
1	1	UID1219035	1	1	0	0
1	1	UID1219038	1	1	0	0
1	1	UID1219076	1	1	0	0
1	1	UID1219097	1	1	0	0
1	1	UID1219127	1	1	0	0
1	1	UID1219139	1	1	0	0
1	1	UID1219160	1	1	0	0
1	1	UID1219165	1	1	0	0
1	1	UID1219169	1	1	0	0
1	1	UID1219176	1	1	0	0
1	1	UID1219197	1	1	0	0
1	1	UID1219205	1	1	0	0
1	1	UID1219211	1	1	0	0
1	1	UID1219232	1	1	0	0
1	1	UID1219235	1	1	0	0
1	1	UID1219252	1	1	0	0
2	2	UID1219287	1	2	1	1
1	1	UID1219309	1	1	0	0
1	1	UID1219353	1	1	0	0
1	1	UID1219406	1	1	0	0
1	1	UID1219408	1	1	0	0
1	1	UID1219409	1	1	0	0
1	1	UID1219411	1	1	0	0
1	1	UID1219413	1	1	0	0
1	1	UID1219419	1	1	0	0
1	1	UID1219421	1	1	0	0
1	1	UID1219429	1	1	0	0
1	1	UID1219435	1	1	0	0
1	1	UID1219436	1	1	0	0
1	1	UID1219453	1	1	0	0
1	1	UID1219477	1	1	0	0
1	1	UID1219484	1	1	0	0
1	1	UID1219485	1	1	0	0
1	1	UID1219486	1	1	0	0
1	1	UID1219487	1	1	0	0
1	1	UID1219488	1	1	0	0
1	1	UID1219491	1	1	0	0
1	1	UID1219492	1	1	0	0
1	1	UID1219494	1	1	0	0
1	1	UID1219519	1	1	0	0
1	1	UID1219525	1	1	0	0
1	1	UID1219527	1	1	0	0
1	1	UID1219528	1	1	0	0
1	1	UID1219536	1	1	0	0
1	1	UID1219542	1	1	0	0
1	1	UID1219545	1	1	0	0
1	1	UID1219550	1	1	0	0
1	1	UID1219554	1	1	0	0
1	1	UID1219556	1	1	0	0
1	1	UID1219558	1	1	0	0
1	1	UID1219563	1	1	0	0
1	1	UID1219565	1	1	0	0
1	1	UID1219566	1	1	0	0
1	1	UID1219596	1	1	0	0
1	1	UID1219616	1	1	0	0
1	1	UID1219621	1	1	0	0
1	1	UID1219634	1	1	0	0
1	1	UID1219656	1	1	0	0
1	1	UID1219684	1	1	0	0
1	1	UID1219686	1	1	0	0
1	1	UID1219687	1	1	0	0
1	1	UID1219751	1	1	0	0
1	1	UID1219789	1	1	0	0
1	1	UID1219841	1	1	0	0
1	1	UID1219846	1	1	0	0
1	1	UID1219847	1	1	0	0
1	1	UID1219857	1	1	0	0
1	1	UID1219885	1	1	0	0
1	1	UID1219886	1	1	0	0
1	1	UID1219916	1	1	0	0
1	1	UID1219922	1	1	0	0
1	1	UID1219933	1	1	0	0
1	1	UID1219939	1	1	0	0
1	1	UID1219940	1	1	0	0
1	1	UID1219951	1	1	0	0
1	1	UID1220017	1	1	0	0
1	1	UID1220035	1	1	0	0
1	1	UID1220039	1	1	0	0
1	1	UID1220060	1	1	0	0
1	1	UID1220063	1	1	0	0
1	1	UID1220065	1	1	0	0
1	1	UID1220066	1	1	0	0
1	1	UID1220108	1	1	0	0
1	1	UID1220140	1	1	0	0
1	1	UID1220160	1	1	0	0
1	1	UID1220192	1	1	0	0
1	1	UID1220195	1	1	0	0
1	1	UID1220196	1	1	0	0
1	1	UID1220248	1	1	0	0
1	1	UID1220266	1	1	0	0
1	1	UID1220270	1	1	0	0
1	1	UID1220282	1	1	0	0
1	1	UID1220284	1	1	0	0
1	1	UID1220294	1	1	0	0
1	1	UID1220296	1	1	0	0
1	1	UID1220300	1	1	0	0
1	1	UID1220303	1	1	0	0
1	1	UID1220307	1	1	0	0
1	1	UID1220311	1	1	0	0
1	1	UID1220313	1	1	0	0
1	1	UID1220317	1	1	0	0
1	1	UID1220318	1	1	0	0
1	1	UID1220322	1	1	0	0
1	1	UID1220336	1	1	0	0
1	1	UID1220340	1	1	0	0
1	1	UID1220342	1	1	0	0
1	1	UID1220343	1	1	0	0
1	1	UID1220355	1	1	0	0
1	1	UID1220356	1	1	0	0
1	1	UID1220357	1	1	0	0
1	1	UID1220363	1	1	0	0
1	1	UID1220427	1	1	0	0
1	1	UID1220432	1	1	0	0
1	1	UID1220452	1	1	0	0
1	1	UID1220465	1	1	0	0
1	1	UID1220483	1	1	0	0
1	1	UID1220502	1	1	0	0
1	1	UID1220509	1	1	0	0
1	1	UID1220519	1	1	0	0
1	1	UID1220536	1	1	0	0
1	1	UID1220537	1	1	0	0
1	1	UID1220546	1	1	0	0
1	1	UID1220553	1	1	0	0
1	1	UID1220557	1	1	0	0
1	1	UID1220562	1	1	0	0
1	1	UID1220566	1	1	0	0
1	1	UID1220588	1	1	0	0
1	1	UID1220628	1	1	0	0
1	1	UID1220630	1	1	0	0
1	1	UID1220634	1	1	0	0
1	1	UID1220636	1	1	0	0
1	1	UID1220683	1	1	0	0
1	1	UID1220694	1	1	0	0
1	1	UID1220697	1	1	0	0
1	1	UID1220698	1	1	0	0
1	1	UID1220700	1	1	0	0
1	1	UID1220701	1	1	0	0
1	1	UID1220708	1	1	0	0
1	1	UID1220735	1	1	0	0
1	1	UID1220741	1	1	0	0
1	1	UID1220754	1	1	0	0
1	1	UID1220758	1	1	0	0
1	1	UID1220778	1	1	0	0
1	1	UID1220793	1	1	0	0
1	1	UID1220797	1	1	0	0
1	1	UID1220799	1	1	0	0
1	1	UID1220809	1	1	0	0
1	1	UID1220824	1	1	0	0
1	1	UID1220833	1	1	0	0
1	1	UID1220886	1	1	0	0
1	1	UID1220937	1	1	0	0
1	1	UID1220951	1	1	0	0
1	1	UID1220955	1	1	0	0
1	1	UID1220960	1	1	0	0
1	1	UID1220961	1	1	0	0
1	1	UID1220964	1	1	0	0
1	1	UID1220981	1	1	0	0
1	1	UID1221032	1	1	0	0
1	1	UID1221044	1	1	0	0
1	1	UID1221070	1	1	0	0
1	1	UID1221090	1	1	0	0
1	1	UID1221108	1	1	0	0
1	1	UID1221152	1	1	0	0
1	1	UID1221166	1	1	0	0
1	1	UID1221198	1	1	0	0
1	1	UID1221207	1	1	0	0
1	1	UID1221208	1	1	0	0
1	1	UID1221211	1	1	0	0
1	1	UID1221212	1	1	0	0
1	1	UID1221222	1	1	0	0
1	1	UID1221225	1	1	0	0
1	1	UID1221227	1	1	0	0
1	1	UID1221231	1	1	0	0
1	1	UID1221232	1	1	0	0
1	1	UID1221234	1	1	0	0
1	1	UID1221245	1	1	0	0
1	1	UID1221250	1	1	0	0
1	1	UID1221252	1	1	0	0
1	1	UID1221269	1	1	0	0
1	1	UID1221274	1	1	0	0
1	1	UID1221285	1	1	0	0
1	1	UID1221287	1	1	0	0
1	1	UID1221326	1	1	0	0
1	1	UID1221329	1	1	0	0
1	1	UID1221362	1	1	0	0
1	1	UID1221367	1	1	0	0
1	1	UID1221373	1	1	0	0
1	1	UID1221376	1	1	0	0
1	1	UID1221388	1	1	0	0
1	1	UID1221389	1	1	0	0
1	1	UID1221416	1	1	0	0
1	1	UID1221428	1	1	0	0
1	1	UID1221429	1	1	0	0
1	1	UID1221434	1	1	0	0
1	1	UID1221453	1	1	0	0
1	1	UID1221518	1	1	0	0
1	1	UID1221536	1	1	0	0
1	1	UID1221546	1	1	0	0
1	1	UID1221549	1	1	0	0
1	1	UID1221551	1	1	0	0
1	1	UID1221555	1	1	0	0
1	1	UID1221560	1	1	0	0
1	1	UID1221585	1	1	0	0
1	1	UID1221590	1	1	0	0
1	1	UID1221615	1	1	0	0
1	1	UID1221620	1	1	0	0
1	1	UID1221622	1	1	0	0
1	1	UID1221629	1	1	0	0
1	1	UID1221630	1	1	0	0
1	1	UID1221666	1	1	0	0
1	1	UID1221672	1	1	0	0
1	1	UID1221682	1	1	0	0
1	1	UID1221693	1	1	0	0
1	1	UID1221719	1	1	0	0
1	1	UID1221757	1	1	0	0
1	1	UID1221759	1	1	0	0
1	1	UID1221765	1	1	0	0
1	1	UID1221792	1	1	0	0
1	1	UID1221794	1	1	0	0
1	1	UID1221816	1	1	0	0
1	1	UID1221825	1	1	0	0
1	1	UID1221828	1	1	0	0
1	1	UID1221838	1	1	0	0
1	1	UID1221870	1	1	0	0
1	1	UID1221883	1	1	0	0
1	1	UID1221885	1	1	0	0
1	1	UID1221893	1	1	0	0
1	1	UID1221898	1	1	0	0
1	1	UID1221914	1	1	0	0
1	1	UID1221928	1	1	0	0
1	1	UID1221971	1	1	0	0
1	1	UID1221979	1	1	0	0
1	1	UID1222003	1	1	0	0
1	1	UID1222015	1	1	0	0
1	1	UID1222024	1	1	0	0
1	1	UID1222036	1	1	0	0
1	1	UID1222039	1	1	0	0
1	1	UID1222042	1	1	0	0
1	1	UID1222043	1	1	0	0
1	1	UID1222044	1	1	0	0
1	1	UID1222054	1	1	0	0
1	1	UID1222055	1	1	0	0
1	1	UID1222057	1	1	0	0
1	1	UID1222063	1	1	0	0
1	1	UID1222072	1	1	0	0
1	1	UID1222074	1	1	0	0
1	1	UID1222076	1	1	0	0
1	1	UID1222085	1	1	0	0
1	1	UID1222086	1	1	0	0
1	1	UID1222088	1	1	0	0
1	1	UID1222090	1	1	0	0
1	1	UID1222093	1	1	0	0
1	1	UID1222099	1	1	0	0
1	1	UID1222108	1	1	0	0
1	1	UID1222116	1	1	0	0
1	1	UID1222160	1	1	0	0
1	1	UID1222176	1	1	0	0
1	1	UID1222179	1	1	0	0
1	1	UID1222181	1	1	0	0
1	1	UID1222208	1	1	0	0
1	1	UID1222214	1	1	0	0
1	1	UID1222215	1	1	0	0
1	1	UID1222216	1	1	0	0
1	1	UID1222219	1	1	0	0
1	1	UID1222221	1	1	0	0
2	2	UID1222222	1	2	1	1
1	1	UID1222224	1	1	0	0
1	1	UID1222226	1	1	0	0
1	1	UID1222234	1	1	0	0
1	1	UID1222241	1	1	0	0
1	1	UID1222272	1	1	0	0
1	1	UID1222288	1	1	0	0
1	1	UID1222302	1	1	0	0
1	1	UID129	1	1	0	0
1	1	UID1447	1	1	0	0
1	1	UID150587	1	1	0	0
1	1	UID158390	1	1	0	0
2	2	UID220	1	2	1	1
1	1	UID223368	1	1	0	0
1	1	UID224885	1	1	0	0
2	2	UID237459	1	2	1	1
1	1	UID240583	1	1	0	0
1	1	UID262511	1	1	0	0
1	1	UID263271	1	1	0	0
1	1	UID283594	1	1	0	0
1	1	UID283875	1	1	0	0
1	1	UID288647	1	1	0	0
1	1	UID291514	1	1	0	0
1	1	UID324967	1	1	0	0
2	2	UID349102	1	2	1	1
1	1	UID361700	1	1	0	0
1	1	UID37682	1	1	0	0
1	1	UID43242	1	1	0	0
1	1	UID483976	1	1	0	0
1	1	UID508842	1	1	0	0
1	1	UID515953	1	1	0	0
1	1	UID523530	1	1	0	0
1	1	UID62727	1	1	0	0
1	1	UID650882	1	1	0	0
1	1	UID702	1	1	0	0
1	1	UID713042	1	1	0	0
1	1	UID71814	1	1	0	0
1	1	UID7607	1	1	0	0
1	1	UID7752	1	1	0	0
1	1	UID912	1	1	0	0
1	1	UID948065	1	1	0	0
