4772	24496	UID192	11955	4084	3	3
248	550	UID25545	223	215	3	3
132	302	UID61349	92	122	3	3
45	76	UID27301	31	43	2	2
15	33	UID34380	18	13	1	1
9	19	UID1286004	11	8	1	1
11	19	UID34311	9	10	1	1
16	30	UID88733	9	14	2	2
4	11	UID1	8	3	1	1
5	12	UID2	8	4	1	1
5	8	UID1286164	4	4	1	1
3	4	UID27283	2	2	1	1
2	3	UID61588	2	1	1	1
3	3	UID10172	1	3	1	1
1	1	UID1257723	1	1	0	0
1	1	UID1286457	1	1	0	0
1	1	UID1286484	1	1	0	0
1	1	UID1286490	1	1	0	0
1	1	UID1286492	1	1	0	0
1	1	UID1286504	1	1	0	0
1	1	UID1286517	1	1	0	0
1	1	UID1286521	1	1	0	0
1	1	UID1286526	1	1	0	0
1	1	UID1286537	1	1	0	0
1	1	UID1286549	1	1	0	0
1	1	UID1286559	1	1	0	0
1	1	UID1286585	1	1	0	0
1	1	UID1286596	1	1	0	0
1	1	UID1286605	1	1	0	0
1	1	UID1286606	1	1	0	0
1	1	UID1286612	1	1	0	0
1	1	UID1286619	1	1	0	0
1	1	UID1286622	1	1	0	0
1	1	UID1286627	1	1	0	0
1	1	UID1286658	1	1	0	0
1	1	UID1286707	1	1	0	0
1	1	UID1286716	1	1	0	0
1	1	UID1286725	1	1	0	0
1	1	UID1286731	1	1	0	0
1	1	UID1286748	1	1	0	0
1	1	UID1286785	1	1	0	0
1	1	UID1286837	1	1	0	0
1	1	UID1286878	1	1	0	0
1	1	UID1286886	1	1	0	0
1	1	UID1286950	1	1	0	0
1	1	UID1286959	1	1	0	0
1	1	UID1286967	1	1	0	0
1	1	UID1286972	1	1	0	0
1	1	UID1286979	1	1	0	0
1	1	UID1287004	1	1	0	0
1	1	UID1287012	1	1	0	0
1	1	UID1287013	1	1	0	0
1	1	UID1287034	1	1	0	0
1	1	UID1287064	1	1	0	0
1	1	UID1287091	1	1	0	0
1	1	UID1287092	1	1	0	0
1	1	UID1287093	1	1	0	0
1	1	UID1287095	1	1	0	0
1	1	UID1287096	1	1	0	0
1	1	UID1287100	1	1	0	0
1	1	UID1287103	1	1	0	0
1	1	UID1287119	1	1	0	0
1	1	UID1287121	1	1	0	0
1	1	UID1287124	1	1	0	0
1	1	UID1287125	1	1	0	0
1	1	UID1287128	1	1	0	0
1	1	UID1287129	1	1	0	0
1	1	UID1287135	1	1	0	0
1	1	UID1287213	1	1	0	0
1	1	UID1287221	1	1	0	0
1	1	UID1287233	1	1	0	0
1	1	UID1287250	1	1	0	0
1	1	UID1287262	1	1	0	0
1	1	UID1287265	1	1	0	0
1	1	UID1287270	1	1	0	0
1	1	UID1287272	1	1	0	0
1	1	UID1287289	1	1	0	0
1	1	UID1287291	1	1	0	0
1	1	UID1287301	1	1	0	0
1	1	UID1287317	1	1	0	0
1	1	UID1287319	1	1	0	0
1	1	UID1287324	1	1	0	0
1	1	UID1287361	1	1	0	0
1	1	UID1287365	1	1	0	0
1	1	UID1287424	1	1	0	0
1	1	UID1287450	1	1	0	0
1	1	UID1287469	1	1	0	0
1	1	UID1287491	1	1	0	0
1	1	UID1287499	1	1	0	0
1	1	UID1287501	1	1	0	0
1	1	UID1287502	1	1	0	0
1	1	UID1287541	1	1	0	0
1	1	UID1287573	1	1	0	0
1	1	UID1287645	1	1	0	0
1	1	UID1287698	1	1	0	0
1	1	UID1287826	1	1	0	0
1	1	UID1287849	1	1	0	0
1	1	UID1287852	1	1	0	0
1	1	UID1287885	1	1	0	0
1	1	UID1287887	1	1	0	0
1	1	UID1287941	1	1	0	0
1	1	UID1287946	1	1	0	0
1	1	UID1287960	1	1	0	0
1	1	UID1287966	1	1	0	0
1	1	UID1287987	1	1	0	0
1	1	UID1288008	1	1	0	0
1	1	UID1288011	1	1	0	0
1	1	UID1288028	1	1	0	0
1	1	UID1288034	1	1	0	0
1	1	UID1288082	1	1	0	0
1	1	UID1288501	1	1	0	0
1	1	UID1288551	1	1	0	0
1	1	UID1288552	1	1	0	0
1	1	UID1288567	1	1	0	0
1	1	UID1288586	1	1	0	0
1	1	UID1288645	1	1	0	0
1	1	UID1288739	1	1	0	0
1	1	UID1288865	1	1	0	0
1	1	UID1288881	1	1	0	0
1	1	UID1289013	1	1	0	0
1	1	UID1289127	1	1	0	0
1	1	UID1289168	1	1	0	0
1	1	UID1289245	1	1	0	0
1	1	UID1289278	1	1	0	0
1	1	UID1289299	1	1	0	0
9	9	UID1289334	1	9	3	3
1	1	UID1289411	1	1	0	0
1	1	UID1289451	1	1	0	0
1	1	UID1289498	1	1	0	0
1	1	UID1289517	1	1	0	0
1	1	UID1289551	1	1	0	0
1	1	UID1289601	1	1	0	0
1	1	UID1289604	1	1	0	0
1	1	UID1289634	1	1	0	0
1	1	UID1289673	1	1	0	0
1	1	UID1289744	1	1	0	0
1	1	UID1289758	1	1	0	0
1	1	UID1289787	1	1	0	0
1	1	UID1289830	1	1	0	0
1	1	UID1289852	1	1	0	0
1	1	UID1289853	1	1	0	0
1	1	UID1289885	1	1	0	0
1	1	UID1289900	1	1	0	0
1	1	UID1289952	1	1	0	0
1	1	UID1289973	1	1	0	0
1	1	UID1289997	1	1	0	0
1	1	UID1290012	1	1	0	0
1	1	UID1290014	1	1	0	0
1	1	UID1290017	1	1	0	0
1	1	UID1290044	1	1	0	0
1	1	UID1290046	1	1	0	0
1	1	UID1290071	1	1	0	0
1	1	UID1290127	1	1	0	0
1	1	UID1290130	1	1	0	0
1	1	UID1290137	1	1	0	0
1	1	UID1290184	1	1	0	0
1	1	UID1290188	1	1	0	0
1	1	UID1290189	1	1	0	0
1	1	UID1290225	1	1	0	0
1	1	UID1290227	1	1	0	0
1	1	UID1290262	1	1	0	0
1	1	UID1290266	1	1	0	0
1	1	UID1290267	1	1	0	0
1	1	UID1290268	1	1	0	0
1	1	UID1290270	1	1	0	0
1	1	UID1290279	1	1	0	0
1	1	UID1290311	1	1	0	0
1	1	UID1290312	1	1	0	0
1	1	UID1290343	1	1	0	0
1	1	UID1290347	1	1	0	0
1	1	UID1290349	1	1	0	0
1	1	UID1290371	1	1	0	0
1	1	UID1290376	1	1	0	0
1	1	UID1290407	1	1	0	0
1	1	UID1290412	1	1	0	0
1	1	UID1290413	1	1	0	0
1	1	UID1290417	1	1	0	0
1	1	UID1290418	1	1	0	0
1	1	UID1290419	1	1	0	0
1	1	UID1290422	1	1	0	0
1	1	UID1290423	1	1	0	0
1	1	UID1290424	1	1	0	0
1	1	UID1290430	1	1	0	0
1	1	UID1290452	1	1	0	0
1	1	UID1290463	1	1	0	0
1	1	UID1290473	1	1	0	0
1	1	UID1290494	1	1	0	0
1	1	UID1290496	1	1	0	0
1	1	UID1290522	1	1	0	0
1	1	UID1290523	1	1	0	0
1	1	UID1290532	1	1	0	0
1	1	UID1290539	1	1	0	0
1	1	UID1290546	1	1	0	0
1	1	UID1290592	1	1	0	0
1	1	UID1290598	1	1	0	0
1	1	UID1290616	1	1	0	0
1	1	UID1290625	1	1	0	0
1	1	UID1290628	1	1	0	0
1	1	UID1290658	1	1	0	0
1	1	UID1290671	1	1	0	0
1	1	UID1290676	1	1	0	0
1	1	UID1290707	1	1	0	0
1	1	UID1290713	1	1	0	0
1	1	UID1290748	1	1	0	0
1	1	UID1290753	1	1	0	0
1	1	UID1290787	1	1	0	0
1	1	UID1290799	1	1	0	0
1	1	UID1290828	1	1	0	0
1	1	UID1290843	1	1	0	0
1	1	UID1290879	1	1	0	0
1	1	UID1290900	1	1	0	0
1	1	UID1290937	1	1	0	0
1	1	UID1290965	1	1	0	0
1	1	UID1290970	1	1	0	0
1	1	UID1290988	1	1	0	0
1	1	UID1290992	1	1	0	0
1	1	UID1291010	1	1	0	0
1	1	UID1291013	1	1	0	0
1	1	UID1291015	1	1	0	0
1	1	UID1291018	1	1	0	0
1	1	UID1291034	1	1	0	0
1	1	UID1291041	1	1	0	0
1	1	UID1291064	1	1	0	0
1	1	UID1291065	1	1	0	0
1	1	UID1291082	1	1	0	0
1	1	UID1291090	1	1	0	0
1	1	UID1291092	1	1	0	0
1	1	UID1291094	1	1	0	0
1	1	UID1291108	1	1	0	0
1	1	UID1291128	1	1	0	0
1	1	UID1291152	1	1	0	0
1	1	UID1291153	1	1	0	0
1	1	UID1291154	1	1	0	0
1	1	UID158931	1	1	0	0
2	2	UID27279	1	2	1	1
1	1	UID349090	1	1	0	0
1	1	UID61277	1	1	0	0
1	1	UID62833	1	1	0	0
1	1	UID70408	1	1	0	0
