3964	26528	UID1	14318	3323	4	4
1348	5127	UID33288	2533	1022	5	5
678	2265	UID2	1043	500	4	4
323	783	UID1066857	345	265	4	4
27	44	UID37682	17	25	2	2
25	40	UID16	16	24	1	1
17	31	UID49444	15	16	2	2
5	13	UID245	9	4	1	1
14	22	UID19	8	12	1	1
6	12	UID1309296	7	5	2	2
5	11	UID247	7	4	1	1
3	6	UID150835	4	2	1	1
7	10	UID54500	4	6	1	1
3	5	UID19343	3	2	1	1
3	4	UID1309503	2	2	1	1
3	4	UID1445	2	2	1	1
3	4	UID30106	2	2	1	1
1	2	UID454	2	0	0	0
1	2	UID7979	2	0	0	0
1	1	UID114914	1	1	0	0
10	10	UID12395	1	10	2	2
1	1	UID1264455	1	1	0	0
1	1	UID1309612	1	1	0	0
1	1	UID1309621	1	1	0	0
1	1	UID1309623	1	1	0	0
1	1	UID1309629	1	1	0	0
1	1	UID1309630	1	1	0	0
1	1	UID1309642	1	1	0	0
1	1	UID1309656	1	1	0	0
1	1	UID1309666	1	1	0	0
1	1	UID1309672	1	1	0	0
1	1	UID1309673	1	1	0	0
1	1	UID1309675	1	1	0	0
1	1	UID1309676	1	1	0	0
1	1	UID1309677	1	1	0	0
1	1	UID1309697	1	1	0	0
1	1	UID1309711	1	1	0	0
1	1	UID1309734	1	1	0	0
1	1	UID1309740	1	1	0	0
1	1	UID1309743	1	1	0	0
1	1	UID1309746	1	1	0	0
1	1	UID1309747	1	1	0	0
1	1	UID1309762	1	1	0	0
1	1	UID1309773	1	1	0	0
1	1	UID1309776	1	1	0	0
1	1	UID1309809	1	1	0	0
1	1	UID1309813	1	1	0	0
1	1	UID1309822	1	1	0	0
1	1	UID1309833	1	1	0	0
1	1	UID1309843	1	1	0	0
1	1	UID1309849	1	1	0	0
1	1	UID1309863	1	1	0	0
1	1	UID1309871	1	1	0	0
1	1	UID1309874	1	1	0	0
1	1	UID1309904	1	1	0	0
1	1	UID1309906	1	1	0	0
1	1	UID1309912	1	1	0	0
1	1	UID1309914	1	1	0	0
1	1	UID1309922	1	1	0	0
1	1	UID1309931	1	1	0	0
1	1	UID1309938	1	1	0	0
1	1	UID1309950	1	1	0	0
1	1	UID1309953	1	1	0	0
1	1	UID1309959	1	1	0	0
1	1	UID1310004	1	1	0	0
1	1	UID1310008	1	1	0	0
1	1	UID1310017	1	1	0	0
1	1	UID1310031	1	1	0	0
1	1	UID1310035	1	1	0	0
1	1	UID1310037	1	1	0	0
1	1	UID1310039	1	1	0	0
1	1	UID1310045	1	1	0	0
1	1	UID1310068	1	1	0	0
1	1	UID1310077	1	1	0	0
1	1	UID1310082	1	1	0	0
1	1	UID1310086	1	1	0	0
1	1	UID1310091	1	1	0	0
1	1	UID1310140	1	1	0	0
1	1	UID1310145	1	1	0	0
1	1	UID1310148	1	1	0	0
1	1	UID1310150	1	1	0	0
1	1	UID1310163	1	1	0	0
1	1	UID1310176	1	1	0	0
1	1	UID1310185	1	1	0	0
1	1	UID1310212	1	1	0	0
1	1	UID1310217	1	1	0	0
1	1	UID1310220	1	1	0	0
1	1	UID1310270	1	1	0	0
1	1	UID1310296	1	1	0	0
1	1	UID1310319	1	1	0	0
1	1	UID1310320	1	1	0	0
1	1	UID1310326	1	1	0	0
1	1	UID1310333	1	1	0	0
1	1	UID1310344	1	1	0	0
1	1	UID1310396	1	1	0	0
1	1	UID1310397	1	1	0	0
1	1	UID1310448	1	1	0	0
1	1	UID1310519	1	1	0	0
1	1	UID1310546	1	1	0	0
1	1	UID1310547	1	1	0	0
1	1	UID1310567	1	1	0	0
1	1	UID1310581	1	1	0	0
1	1	UID1310587	1	1	0	0
1	1	UID1310688	1	1	0	0
1	1	UID1310729	1	1	0	0
1	1	UID1310789	1	1	0	0
1	1	UID1310987	1	1	0	0
1	1	UID1310989	1	1	0	0
1	1	UID1310992	1	1	0	0
1	1	UID1311036	1	1	0	0
1	1	UID1311047	1	1	0	0
1	1	UID1311081	1	1	0	0
1	1	UID1311120	1	1	0	0
1	1	UID1311124	1	1	0	0
1	1	UID1311138	1	1	0	0
1	1	UID1311139	1	1	0	0
1	1	UID1311146	1	1	0	0
1	1	UID1311166	1	1	0	0
1	1	UID1311180	1	1	0	0
1	1	UID1311184	1	1	0	0
1	1	UID1311186	1	1	0	0
1	1	UID1311190	1	1	0	0
1	1	UID1311200	1	1	0	0
1	1	UID1311204	1	1	0	0
1	1	UID1311207	1	1	0	0
1	1	UID1311218	1	1	0	0
1	1	UID1311227	1	1	0	0
1	1	UID1311233	1	1	0	0
1	1	UID1311252	1	1	0	0
1	1	UID1311268	1	1	0	0
1	1	UID1311274	1	1	0	0
1	1	UID1311302	1	1	0	0
1	1	UID1311306	1	1	0	0
1	1	UID1311319	1	1	0	0
1	1	UID1311328	1	1	0	0
1	1	UID1311353	1	1	0	0
1	1	UID1311355	1	1	0	0
1	1	UID1311369	1	1	0	0
1	1	UID1311373	1	1	0	0
1	1	UID1311416	1	1	0	0
1	1	UID1311417	1	1	0	0
1	1	UID1311421	1	1	0	0
1	1	UID1311447	1	1	0	0
1	1	UID1311463	1	1	0	0
1	1	UID1311465	1	1	0	0
1	1	UID1311468	1	1	0	0
1	1	UID1311472	1	1	0	0
1	1	UID1311528	1	1	0	0
1	1	UID1311548	1	1	0	0
1	1	UID1311550	1	1	0	0
1	1	UID1311552	1	1	0	0
1	1	UID1311598	1	1	0	0
1	1	UID1311613	1	1	0	0
1	1	UID1311618	1	1	0	0
1	1	UID1311639	1	1	0	0
1	1	UID1311664	1	1	0	0
1	1	UID1311719	1	1	0	0
1	1	UID1311728	1	1	0	0
1	1	UID1311754	1	1	0	0
1	1	UID1311755	1	1	0	0
1	1	UID1311763	1	1	0	0
1	1	UID1311890	1	1	0	0
1	1	UID1311898	1	1	0	0
1	1	UID1311941	1	1	0	0
1	1	UID1312040	1	1	0	0
1	1	UID1312050	1	1	0	0
1	1	UID1312058	1	1	0	0
1	1	UID1312066	1	1	0	0
1	1	UID1312088	1	1	0	0
1	1	UID1312115	1	1	0	0
1	1	UID1312129	1	1	0	0
1	1	UID1312136	1	1	0	0
1	1	UID1312139	1	1	0	0
1	1	UID1312166	1	1	0	0
1	1	UID1312170	1	1	0	0
1	1	UID1312193	1	1	0	0
1	1	UID1312201	1	1	0	0
1	1	UID1312214	1	1	0	0
1	1	UID1312224	1	1	0	0
1	1	UID1312254	1	1	0	0
1	1	UID1312256	1	1	0	0
1	1	UID1312266	1	1	0	0
1	1	UID1312278	1	1	0	0
1	1	UID1312283	1	1	0	0
1	1	UID1312294	1	1	0	0
1	1	UID1312305	1	1	0	0
1	1	UID1312315	1	1	0	0
1	1	UID1312334	1	1	0	0
1	1	UID1312344	1	1	0	0
1	1	UID1312349	1	1	0	0
1	1	UID1312358	1	1	0	0
1	1	UID1312366	1	1	0	0
1	1	UID1312372	1	1	0	0
1	1	UID1312385	1	1	0	0
1	1	UID1312403	1	1	0	0
1	1	UID1312410	1	1	0	0
1	1	UID1312424	1	1	0	0
1	1	UID1312427	1	1	0	0
1	1	UID1312441	1	1	0	0
1	1	UID1312443	1	1	0	0
1	1	UID1312468	1	1	0	0
1	1	UID1312479	1	1	0	0
1	1	UID1312496	1	1	0	0
1	1	UID1312506	1	1	0	0
1	1	UID1312518	1	1	0	0
1	1	UID1312524	1	1	0	0
1	1	UID1312527	1	1	0	0
1	1	UID1312551	1	1	0	0
1	1	UID1312552	1	1	0	0
1	1	UID1312556	1	1	0	0
1	1	UID1312574	1	1	0	0
1	1	UID1312587	1	1	0	0
1	1	UID1312613	1	1	0	0
1	1	UID1312626	1	1	0	0
1	1	UID1312629	1	1	0	0
1	1	UID1312638	1	1	0	0
1	1	UID1312649	1	1	0	0
1	1	UID1312652	1	1	0	0
1	1	UID1312661	1	1	0	0
1	1	UID1312662	1	1	0	0
1	1	UID1312678	1	1	0	0
1	1	UID1312684	1	1	0	0
1	1	UID1312694	1	1	0	0
1	1	UID1312696	1	1	0	0
1	1	UID1312699	1	1	0	0
1	1	UID1312705	1	1	0	0
1	1	UID1312725	1	1	0	0
1	1	UID1312733	1	1	0	0
1	1	UID1312734	1	1	0	0
1	1	UID1312760	1	1	0	0
1	1	UID1312779	1	1	0	0
1	1	UID1312787	1	1	0	0
1	1	UID1312788	1	1	0	0
1	1	UID1312791	1	1	0	0
1	1	UID1312804	1	1	0	0
1	1	UID1312817	1	1	0	0
1	1	UID1312820	1	1	0	0
1	1	UID1312829	1	1	0	0
1	1	UID1312867	1	1	0	0
1	1	UID1312868	1	1	0	0
1	1	UID1312869	1	1	0	0
1	1	UID1312870	1	1	0	0
1	1	UID1312886	1	1	0	0
1	1	UID1312898	1	1	0	0
1	1	UID1312908	1	1	0	0
1	1	UID1312913	1	1	0	0
1	1	UID1312921	1	1	0	0
1	1	UID1312922	1	1	0	0
1	1	UID1312923	1	1	0	0
1	1	UID1312933	1	1	0	0
1	1	UID1312943	1	1	0	0
1	1	UID1312951	1	1	0	0
1	1	UID1312960	1	1	0	0
1	1	UID1312964	1	1	0	0
3	3	UID19342	1	3	1	1
2	2	UID217332	1	2	1	1
1	1	UID27279	1	1	0	0
1	1	UID27330	1	1	0	0
1	1	UID27334	1	1	0	0
1	1	UID34883	1	1	0	0
1	1	UID37200	1	1	0	0
1	1	UID519	1	1	0	0
1	1	UID702	1	1	0	0
1	1	UID705285	1	1	0	0
