2377	15559	UID1	8634	1897	4	4
1362	5135	UID40	2530	1034	4	4
586	2068	UID2	1005	433	4	4
232	506	UID1442	223	205	3	3
181	455	UID506	220	144	4	4
9	31	UID16	23	8	1	1
10	25	UID19	16	9	1	1
21	35	UID102416	14	19	2	2
15	26	UID20	12	14	1	1
20	33	UID916	9	18	2	2
5	11	UID1350610	7	4	1	1
4	6	UID104919	3	3	0	0
4	6	UID245	3	3	1	1
4	6	UID314	3	3	2	2
4	5	UID247	2	3	1	1
1	2	UID315	2	0	0	0
1	2	UID584	2	0	0	0
1	2	UID702	2	0	0	0
2	3	UID7979	2	1	1	1
1	1	UID1239427	1	1	0	0
4	4	UID1348182	1	4	2	2
1	1	UID1350637	1	1	0	0
1	1	UID1350645	1	1	0	0
1	1	UID1350649	1	1	0	0
1	1	UID1350653	1	1	0	0
1	1	UID1350655	1	1	0	0
1	1	UID1350665	1	1	0	0
1	1	UID1350667	1	1	0	0
1	1	UID1350674	1	1	0	0
1	1	UID1350677	1	1	0	0
1	1	UID1350678	1	1	0	0
1	1	UID1350680	1	1	0	0
1	1	UID1350681	1	1	0	0
1	1	UID1350684	1	1	0	0
1	1	UID1350689	1	1	0	0
1	1	UID1350712	1	1	0	0
1	1	UID1350713	1	1	0	0
1	1	UID1350722	1	1	0	0
1	1	UID1350737	1	1	0	0
1	1	UID1350738	1	1	0	0
1	1	UID1350740	1	1	0	0
1	1	UID1350742	1	1	0	0
1	1	UID1350743	1	1	0	0
1	1	UID1350750	1	1	0	0
1	1	UID1350755	1	1	0	0
1	1	UID1350758	1	1	0	0
1	1	UID1350759	1	1	0	0
1	1	UID1350763	1	1	0	0
1	1	UID1350764	1	1	0	0
1	1	UID1350776	1	1	0	0
1	1	UID1350780	1	1	0	0
1	1	UID1350792	1	1	0	0
1	1	UID1350804	1	1	0	0
1	1	UID1350806	1	1	0	0
1	1	UID1350809	1	1	0	0
1	1	UID1350812	1	1	0	0
1	1	UID1350827	1	1	0	0
1	1	UID1350842	1	1	0	0
1	1	UID1350866	1	1	0	0
1	1	UID1350869	1	1	0	0
1	1	UID1350870	1	1	0	0
1	1	UID1350871	1	1	0	0
1	1	UID1350884	1	1	0	0
1	1	UID1350885	1	1	0	0
1	1	UID1350888	1	1	0	0
1	1	UID1350890	1	1	0	0
1	1	UID1350897	1	1	0	0
1	1	UID1350903	1	1	0	0
1	1	UID1350921	1	1	0	0
1	1	UID1350929	1	1	0	0
1	1	UID1350942	1	1	0	0
1	1	UID1350943	1	1	0	0
1	1	UID1350946	1	1	0	0
1	1	UID1350949	1	1	0	0
1	1	UID1350953	1	1	0	0
1	1	UID1350959	1	1	0	0
1	1	UID1350968	1	1	0	0
1	1	UID1350986	1	1	0	0
1	1	UID1350987	1	1	0	0
1	1	UID1351006	1	1	0	0
1	1	UID1351007	1	1	0	0
1	1	UID1351011	1	1	0	0
1	1	UID1351027	1	1	0	0
1	1	UID1351074	1	1	0	0
1	1	UID1351091	1	1	0	0
1	1	UID1351121	1	1	0	0
1	1	UID1351134	1	1	0	0
1	1	UID1351152	1	1	0	0
1	1	UID1351157	1	1	0	0
1	1	UID1351175	1	1	0	0
1	1	UID1351190	1	1	0	0
1	1	UID1351191	1	1	0	0
1	1	UID1351255	1	1	0	0
1	1	UID1351281	1	1	0	0
1	1	UID1351282	1	1	0	0
1	1	UID1351290	1	1	0	0
1	1	UID1351305	1	1	0	0
1	1	UID1351344	1	1	0	0
1	1	UID1351370	1	1	0	0
1	1	UID1351449	1	1	0	0
1	1	UID1351455	1	1	0	0
1	1	UID1351487	1	1	0	0
1	1	UID1351495	1	1	0	0
1	1	UID1351496	1	1	0	0
1	1	UID1351499	1	1	0	0
1	1	UID1351520	1	1	0	0
1	1	UID1351535	1	1	0	0
1	1	UID1351551	1	1	0	0
1	1	UID1351560	1	1	0	0
1	1	UID1351589	1	1	0	0
1	1	UID1351593	1	1	0	0
1	1	UID1351594	1	1	0	0
1	1	UID1351610	1	1	0	0
1	1	UID1351625	1	1	0	0
1	1	UID1351634	1	1	0	0
1	1	UID1351639	1	1	0	0
1	1	UID1351681	1	1	0	0
1	1	UID1351685	1	1	0	0
3	3	UID1351687	1	3	2	2
1	1	UID1351688	1	1	0	0
1	1	UID1351698	1	1	0	0
1	1	UID1351699	1	1	0	0
1	1	UID1351703	1	1	0	0
1	1	UID1351710	1	1	0	0
1	1	UID1351729	1	1	0	0
1	1	UID1351731	1	1	0	0
1	1	UID1351733	1	1	0	0
1	1	UID1351741	1	1	0	0
1	1	UID1351758	1	1	0	0
1	1	UID1351778	1	1	0	0
1	1	UID1351787	1	1	0	0
1	1	UID1351803	1	1	0	0
1	1	UID1351807	1	1	0	0
1	1	UID1351808	1	1	0	0
1	1	UID1351812	1	1	0	0
1	1	UID1351814	1	1	0	0
1	1	UID1351818	1	1	0	0
1	1	UID1351844	1	1	0	0
1	1	UID1351846	1	1	0	0
1	1	UID1351847	1	1	0	0
1	1	UID1351852	1	1	0	0
1	1	UID1351868	1	1	0	0
1	1	UID1351871	1	1	0	0
1	1	UID1351886	1	1	0	0
1	1	UID1351931	1	1	0	0
1	1	UID1351942	1	1	0	0
1	1	UID1351949	1	1	0	0
1	1	UID1351951	1	1	0	0
1	1	UID1351969	1	1	0	0
1	1	UID1351974	1	1	0	0
1	1	UID1351980	1	1	0	0
1	1	UID1352027	1	1	0	0
1	1	UID1352055	1	1	0	0
1	1	UID1352082	1	1	0	0
1	1	UID1352086	1	1	0	0
1	1	UID1352091	1	1	0	0
1	1	UID1352092	1	1	0	0
1	1	UID1352102	1	1	0	0
1	1	UID1352113	1	1	0	0
1	1	UID1352144	1	1	0	0
1	1	UID1352148	1	1	0	0
1	1	UID1352151	1	1	0	0
1	1	UID1352170	1	1	0	0
1	1	UID1352193	1	1	0	0
1	1	UID1352199	1	1	0	0
1	1	UID1352200	1	1	0	0
1	1	UID1352201	1	1	0	0
1	1	UID1352203	1	1	0	0
1	1	UID1352216	1	1	0	0
1	1	UID1352227	1	1	0	0
1	1	UID1352261	1	1	0	0
1	1	UID1352269	1	1	0	0
1	1	UID1352270	1	1	0	0
1	1	UID1352282	1	1	0	0
1	1	UID1352298	1	1	0	0
1	1	UID1352301	1	1	0	0
1	1	UID1352308	1	1	0	0
1	1	UID1352326	1	1	0	0
1	1	UID1352329	1	1	0	0
1	1	UID1352333	1	1	0	0
1	1	UID1352336	1	1	0	0
1	1	UID1352355	1	1	0	0
1	1	UID1352389	1	1	0	0
1	1	UID1352397	1	1	0	0
1	1	UID1352408	1	1	0	0
1	1	UID1352411	1	1	0	0
1	1	UID1352427	1	1	0	0
1	1	UID1352430	1	1	0	0
1	1	UID1352435	1	1	0	0
1	1	UID1352442	1	1	0	0
1	1	UID1352447	1	1	0	0
1	1	UID1352454	1	1	0	0
1	1	UID1352458	1	1	0	0
1	1	UID1352462	1	1	0	0
1	1	UID1352471	1	1	0	0
1	1	UID1352487	1	1	0	0
1	1	UID1352490	1	1	0	0
1	1	UID1352492	1	1	0	0
1	1	UID1352494	1	1	0	0
1	1	UID1352502	1	1	0	0
1	1	UID1352510	1	1	0	0
1	1	UID1352517	1	1	0	0
1	1	UID1352519	1	1	0	0
1	1	UID1352528	1	1	0	0
1	1	UID1352540	1	1	0	0
1	1	UID1352543	1	1	0	0
1	1	UID1352548	1	1	0	0
1	1	UID1352556	1	1	0	0
1	1	UID1352574	1	1	0	0
1	1	UID1352584	1	1	0	0
1	1	UID1352594	1	1	0	0
1	1	UID1352595	1	1	0	0
1	1	UID1352607	1	1	0	0
1	1	UID1352617	1	1	0	0
1	1	UID1352618	1	1	0	0
1	1	UID1352635	1	1	0	0
1	1	UID1352644	1	1	0	0
1	1	UID1352658	1	1	0	0
1	1	UID1352664	1	1	0	0
1	1	UID1352665	1	1	0	0
1	1	UID1352666	1	1	0	0
1	1	UID1352678	1	1	0	0
1	1	UID1352682	1	1	0	0
1	1	UID1352692	1	1	0	0
1	1	UID1352694	1	1	0	0
1	1	UID1352700	1	1	0	0
1	1	UID1352702	1	1	0	0
1	1	UID1352705	1	1	0	0
1	1	UID1352706	1	1	0	0
1	1	UID1352707	1	1	0	0
1	1	UID1352721	1	1	0	0
1	1	UID1352747	1	1	0	0
1	1	UID1352755	1	1	0	0
1	1	UID1352759	1	1	0	0
1	1	UID1352761	1	1	0	0
1	1	UID1352768	1	1	0	0
1	1	UID1352777	1	1	0	0
1	1	UID1352782	1	1	0	0
1	1	UID1352784	1	1	0	0
1	1	UID1352791	1	1	0	0
1	1	UID1352793	1	1	0	0
1	1	UID1352794	1	1	0	0
1	1	UID1352800	1	1	0	0
1	1	UID1352811	1	1	0	0
1	1	UID1352812	1	1	0	0
1	1	UID1352819	1	1	0	0
1	1	UID1352831	1	1	0	0
1	1	UID1352838	1	1	0	0
1	1	UID1352841	1	1	0	0
1	1	UID1352842	1	1	0	0
1	1	UID1352847	1	1	0	0
1	1	UID1352863	1	1	0	0
1	1	UID1352870	1	1	0	0
1	1	UID209463	1	1	0	0
1	1	UID252938	1	1	0	0
1	1	UID260896	1	1	0	0
1	1	UID638284	1	1	0	0
1	1	UID64593	1	1	0	0
1	1	UID7457	1	1	0	0
1	1	UID77	1	1	0	0
1	1	UID8015	1	1	0	0
