7368	37715	UID484	17051	6285	4	4
16	131	UID1	112	12	2	2
43	241	UID4	99	37	3	3
2	24	UID7291	23	1	1	1
3	24	UID5	22	2	1	1
1	15	UID6	15	0	0	0
3	9	UID16	7	2	1	1
2	12	UID57	7	0	1	1
2	7	UID7471	6	1	1	1
2	5	UID12	4	1	1	1
2	5	UID21	4	1	1	1
1	4	UID22	4	0	0	0
1	3	UID7577	3	0	0	0
5	6	UID5998	2	4	1	1
1	2	UID7732	2	0	0	0
1	2	UID8093	2	0	0	0
4	5	UID8106	2	3	2	2
2	3	UID8150	2	1	1	1
1	1	UID10018	1	1	0	0
1	1	UID10049	1	1	0	0
1	1	UID10058	1	1	0	0
1	1	UID10077	1	1	0	0
1	1	UID10110	1	1	0	0
1	1	UID10113	1	1	0	0
1	1	UID10118	1	1	0	0
1	1	UID10121	1	1	0	0
1	1	UID10129	1	1	0	0
1	1	UID10130	1	1	0	0
1	1	UID10141	1	1	0	0
1	1	UID10143	1	1	0	0
1	1	UID10176	1	1	0	0
1	1	UID10185	1	1	0	0
1	1	UID10225	1	1	0	0
1	1	UID10233	1	1	0	0
1	1	UID10250	1	1	0	0
1	1	UID10252	1	1	0	0
1	1	UID10269	1	1	0	0
1	1	UID10282	1	1	0	0
1	1	UID10283	1	1	0	0
1	1	UID10292	1	1	0	0
1	1	UID10320	1	1	0	0
1	1	UID10355	1	1	0	0
1	1	UID10361	1	1	0	0
1	1	UID10366	1	1	0	0
1	1	UID10370	1	1	0	0
1	1	UID10374	1	1	0	0
1	1	UID10375	1	1	0	0
1	1	UID10377	1	1	0	0
1	1	UID10388	1	1	0	0
1	1	UID10416	1	1	0	0
1	1	UID10444	1	1	0	0
1	1	UID10450	1	1	0	0
1	1	UID10458	1	1	0	0
1	1	UID10483	1	1	0	0
1	1	UID10495	1	1	0	0
1	1	UID10501	1	1	0	0
1	1	UID10541	1	1	0	0
1	1	UID10552	1	1	0	0
1	1	UID10561	1	1	0	0
1	1	UID10608	1	1	0	0
1	1	UID10751	1	1	0	0
1	1	UID10770	1	1	0	0
1	1	UID10773	1	1	0	0
1	1	UID10806	1	1	0	0
1	1	UID10809	1	1	0	0
1	1	UID10811	1	1	0	0
1	1	UID10863	1	1	0	0
1	1	UID10915	1	1	0	0
1	1	UID10949	1	1	0	0
1	1	UID10982	1	1	0	0
1	1	UID11012	1	1	0	0
1	1	UID11025	1	1	0	0
1	1	UID11027	1	1	0	0
1	1	UID11030	1	1	0	0
1	1	UID11040	1	1	0	0
1	1	UID11054	1	1	0	0
1	1	UID11055	1	1	0	0
1	1	UID11080	1	1	0	0
1	1	UID11112	1	1	0	0
1	1	UID11122	1	1	0	0
1	1	UID11123	1	1	0	0
1	1	UID11196	1	1	0	0
1	1	UID11207	1	1	0	0
1	1	UID11255	1	1	0	0
1	1	UID11377	1	1	0	0
1	1	UID11421	1	1	0	0
1	1	UID11481	1	1	0	0
1	1	UID11486	1	1	0	0
1	1	UID11545	1	1	0	0
1	1	UID11549	1	1	0	0
1	1	UID11560	1	1	0	0
1	1	UID11564	1	1	0	0
1	1	UID11585	1	1	0	0
1	1	UID11591	1	1	0	0
1	1	UID11620	1	1	0	0
1	1	UID11708	1	1	0	0
1	1	UID11709	1	1	0	0
1	1	UID11797	1	1	0	0
1	1	UID11890	1	1	0	0
1	1	UID11892	1	1	0	0
1	1	UID11919	1	1	0	0
1	1	UID11988	1	1	0	0
1	1	UID12035	1	1	0	0
1	1	UID12040	1	1	0	0
1	1	UID12051	1	1	0	0
1	1	UID12064	1	1	0	0
1	1	UID12104	1	1	0	0
1	1	UID12125	1	1	0	0
1	1	UID12219	1	1	0	0
1	1	UID12230	1	1	0	0
1	1	UID12249	1	1	0	0
1	1	UID12291	1	1	0	0
1	1	UID12341	1	1	0	0
1	1	UID1235	1	1	0	0
1	1	UID12385	1	1	0	0
1	1	UID12410	1	1	0	0
1	1	UID12449	1	1	0	0
1	1	UID12498	1	1	0	0
1	1	UID12507	1	1	0	0
1	1	UID12517	1	1	0	0
1	1	UID12621	1	1	0	0
1	1	UID12630	1	1	0	0
1	1	UID12688	1	1	0	0
1	1	UID12690	1	1	0	0
1	1	UID12698	1	1	0	0
1	1	UID12710	1	1	0	0
1	1	UID12753	1	1	0	0
1	1	UID12780	1	1	0	0
1	1	UID12783	1	1	0	0
1	1	UID12807	1	1	0	0
1	1	UID12812	1	1	0	0
1	1	UID12835	1	1	0	0
1	1	UID12839	1	1	0	0
1	1	UID12845	1	1	0	0
1	1	UID12852	1	1	0	0
1	1	UID12927	1	1	0	0
1	1	UID12931	1	1	0	0
1	1	UID12960	1	1	0	0
1	1	UID12973	1	1	0	0
1	1	UID12981	1	1	0	0
1	1	UID12988	1	1	0	0
1	1	UID13008	1	1	0	0
1	1	UID13054	1	1	0	0
1	1	UID13058	1	1	0	0
1	1	UID13072	1	1	0	0
1	1	UID13088	1	1	0	0
1	1	UID13090	1	1	0	0
1	1	UID13122	1	1	0	0
1	1	UID13126	1	1	0	0
1	1	UID13138	1	1	0	0
1	1	UID13175	1	1	0	0
1	1	UID13190	1	1	0	0
1	1	UID13242	1	1	0	0
1	1	UID13264	1	1	0	0
1	1	UID13268	1	1	0	0
1	1	UID13286	1	1	0	0
1	1	UID13294	1	1	0	0
1	1	UID13295	1	1	0	0
1	1	UID13319	1	1	0	0
1	1	UID13322	1	1	0	0
1	1	UID13352	1	1	0	0
1	1	UID13371	1	1	0	0
1	1	UID13374	1	1	0	0
1	1	UID13390	1	1	0	0
1	1	UID13392	1	1	0	0
1	1	UID13427	1	1	0	0
1	1	UID13432	1	1	0	0
1	1	UID13442	1	1	0	0
1	1	UID13466	1	1	0	0
1	1	UID13474	1	1	0	0
1	1	UID13486	1	1	0	0
1	1	UID13496	1	1	0	0
1	1	UID13513	1	1	0	0
1	1	UID13514	1	1	0	0
1	1	UID13522	1	1	0	0
1	1	UID13523	1	1	0	0
1	1	UID13528	1	1	0	0
1	1	UID13538	1	1	0	0
1	1	UID13542	1	1	0	0
1	1	UID13561	1	1	0	0
1	1	UID13562	1	1	0	0
1	1	UID13579	1	1	0	0
1	1	UID13626	1	1	0	0
1	1	UID13658	1	1	0	0
1	1	UID1368	1	1	0	0
2	2	UID136	1	2	1	1
1	1	UID13740	1	1	0	0
1	1	UID13744	1	1	0	0
1	1	UID13779	1	1	0	0
1	1	UID13786	1	1	0	0
1	1	UID13836	1	1	0	0
1	1	UID13847	1	1	0	0
1	1	UID13866	1	1	0	0
1	1	UID13879	1	1	0	0
1	1	UID13894	1	1	0	0
1	1	UID13934	1	1	0	0
1	1	UID13935	1	1	0	0
1	1	UID13945	1	1	0	0
1	1	UID13975	1	1	0	0
1	1	UID13978	1	1	0	0
1	1	UID13981	1	1	0	0
1	1	UID14004	1	1	0	0
1	1	UID14011	1	1	0	0
1	1	UID14013	1	1	0	0
1	1	UID14014	1	1	0	0
1	1	UID14015	1	1	0	0
1	1	UID14016	1	1	0	0
1	1	UID14018	1	1	0	0
1	1	UID14025	1	1	0	0
1	1	UID14043	1	1	0	0
1	1	UID14045	1	1	0	0
1	1	UID14047	1	1	0	0
1	1	UID14050	1	1	0	0
1	1	UID14062	1	1	0	0
1	1	UID14063	1	1	0	0
1	1	UID14066	1	1	0	0
1	1	UID14067	1	1	0	0
1	1	UID14073	1	1	0	0
1	1	UID14116	1	1	0	0
1	1	UID14119	1	1	0	0
1	1	UID14120	1	1	0	0
1	1	UID14121	1	1	0	0
1	1	UID14126	1	1	0	0
1	1	UID14128	1	1	0	0
1	1	UID14147	1	1	0	0
1	1	UID14149	1	1	0	0
1	1	UID14152	1	1	0	0
1	1	UID14176	1	1	0	0
1	1	UID14177	1	1	0	0
1	1	UID14179	1	1	0	0
1	1	UID14182	1	1	0	0
1	1	UID14199	1	1	0	0
1	1	UID14202	1	1	0	0
1	1	UID14204	1	1	0	0
1	1	UID14205	1	1	0	0
1	1	UID14210	1	1	0	0
1	1	UID14279	1	1	0	0
1	1	UID14282	1	1	0	0
1	1	UID14285	1	1	0	0
1	1	UID14293	1	1	0	0
1	1	UID14308	1	1	0	0
1	1	UID14321	1	1	0	0
1	1	UID14329	1	1	0	0
1	1	UID14333	1	1	0	0
1	1	UID14337	1	1	0	0
1	1	UID14358	1	1	0	0
1	1	UID14369	1	1	0	0
1	1	UID14389	1	1	0	0
1	1	UID14447	1	1	0	0
1	1	UID14458	1	1	0	0
2	2	UID14460	1	2	1	1
1	1	UID14461	1	1	0	0
1	1	UID14487	1	1	0	0
1	1	UID14497	1	1	0	0
1	1	UID14498	1	1	0	0
1	1	UID14505	1	1	0	0
1	1	UID14509	1	1	0	0
1	1	UID14511	1	1	0	0
1	1	UID14512	1	1	0	0
1	1	UID14513	1	1	0	0
1	1	UID14514	1	1	0	0
1	1	UID14525	1	1	0	0
1	1	UID14528	1	1	0	0
1	1	UID14530	1	1	0	0
1	1	UID14537	1	1	0	0
1	1	UID14544	1	1	0	0
1	1	UID14569	1	1	0	0
1	1	UID14581	1	1	0	0
1	1	UID14586	1	1	0	0
1	1	UID14625	1	1	0	0
1	1	UID14627	1	1	0	0
1	1	UID14637	1	1	0	0
1	1	UID14638	1	1	0	0
1	1	UID14640	1	1	0	0
1	1	UID14641	1	1	0	0
1	1	UID14642	1	1	0	0
1	1	UID14665	1	1	0	0
1	1	UID14667	1	1	0	0
1	1	UID14668	1	1	0	0
1	1	UID14674	1	1	0	0
1	1	UID14685	1	1	0	0
1	1	UID14689	1	1	0	0
1	1	UID14690	1	1	0	0
2	2	UID14691	1	2	1	1
1	1	UID14695	1	1	0	0
1	1	UID14705	1	1	0	0
1	1	UID14726	1	1	0	0
1	1	UID14735	1	1	0	0
1	1	UID14742	1	1	0	0
1	1	UID14748	1	1	0	0
1	1	UID14752	1	1	0	0
1	1	UID14765	1	1	0	0
1	1	UID14787	1	1	0	0
1	1	UID14789	1	1	0	0
1	1	UID14792	1	1	0	0
1	1	UID14799	1	1	0	0
1	1	UID14804	1	1	0	0
1	1	UID14806	1	1	0	0
1	1	UID14814	1	1	0	0
1	1	UID14825	1	1	0	0
1	1	UID14826	1	1	0	0
1	1	UID14827	1	1	0	0
1	1	UID14832	1	1	0	0
1	1	UID14861	1	1	0	0
1	1	UID14876	1	1	0	0
1	1	UID14882	1	1	0	0
1	1	UID19	1	1	0	0
1	1	UID267	1	1	0	0
1	1	UID271	1	1	0	0
1	1	UID29	1	1	0	0
1	1	UID399	1	1	0	0
1	1	UID7	1	1	0	0
1	1	UID8192	1	1	0	0
1	1	UID8214	1	1	0	0
1	1	UID8224	1	1	0	0
1	1	UID8226	1	1	0	0
1	1	UID8227	1	1	0	0
1	1	UID8234	1	1	0	0
1	1	UID8235	1	1	0	0
1	1	UID8238	1	1	0	0
1	1	UID8243	1	1	0	0
1	1	UID8260	1	1	0	0
1	1	UID8262	1	1	0	0
1	1	UID8271	1	1	0	0
1	1	UID8285	1	1	0	0
1	1	UID8287	1	1	0	0
1	1	UID8288	1	1	0	0
1	1	UID8292	1	1	0	0
1	1	UID8332	1	1	0	0
1	1	UID8344	1	1	0	0
1	1	UID8384	1	1	0	0
1	1	UID8392	1	1	0	0
1	1	UID8396	1	1	0	0
1	1	UID8398	1	1	0	0
1	1	UID8399	1	1	0	0
1	1	UID8403	1	1	0	0
1	1	UID8418	1	1	0	0
1	1	UID8446	1	1	0	0
1	1	UID8469	1	1	0	0
1	1	UID8472	1	1	0	0
1	1	UID8474	1	1	0	0
1	1	UID8479	1	1	0	0
1	1	UID8483	1	1	0	0
1	1	UID8484	1	1	0	0
1	1	UID8494	1	1	0	0
1	1	UID8498	1	1	0	0
1	1	UID8499	1	1	0	0
1	1	UID8507	1	1	0	0
1	1	UID8531	1	1	0	0
1	1	UID8546	1	1	0	0
1	1	UID8562	1	1	0	0
1	1	UID8565	1	1	0	0
1	1	UID8569	1	1	0	0
1	1	UID8581	1	1	0	0
1	1	UID8586	1	1	0	0
1	1	UID8587	1	1	0	0
1	1	UID8588	1	1	0	0
1	1	UID8590	1	1	0	0
1	1	UID8594	1	1	0	0
1	1	UID8595	1	1	0	0
1	1	UID8625	1	1	0	0
1	1	UID8628	1	1	0	0
1	1	UID8629	1	1	0	0
1	1	UID8646	1	1	0	0
1	1	UID8650	1	1	0	0
1	1	UID8651	1	1	0	0
1	1	UID8653	1	1	0	0
1	1	UID8659	1	1	0	0
1	1	UID8681	1	1	0	0
1	1	UID8683	1	1	0	0
1	1	UID8684	1	1	0	0
1	1	UID8687	1	1	0	0
1	1	UID8735	1	1	0	0
1	1	UID8736	1	1	0	0
1	1	UID8754	1	1	0	0
1	1	UID8758	1	1	0	0
1	1	UID8796	1	1	0	0
1	1	UID8798	1	1	0	0
1	1	UID8805	1	1	0	0
1	1	UID8807	1	1	0	0
1	1	UID8809	1	1	0	0
1	1	UID8840	1	1	0	0
1	1	UID8853	1	1	0	0
1	1	UID8856	1	1	0	0
1	1	UID8860	1	1	0	0
1	1	UID8872	1	1	0	0
1	1	UID8889	1	1	0	0
1	1	UID8894	1	1	0	0
1	1	UID8902	1	1	0	0
1	1	UID8907	1	1	0	0
1	1	UID8910	1	1	0	0
1	1	UID8913	1	1	0	0
1	1	UID8919	1	1	0	0
1	1	UID8941	1	1	0	0
1	1	UID8951	1	1	0	0
1	1	UID8955	1	1	0	0
1	1	UID8967	1	1	0	0
1	1	UID8971	1	1	0	0
1	1	UID8973	1	1	0	0
1	1	UID8974	1	1	0	0
1	1	UID8978	1	1	0	0
1	1	UID9012	1	1	0	0
1	1	UID9017	1	1	0	0
1	1	UID9020	1	1	0	0
1	1	UID9033	1	1	0	0
1	1	UID9036	1	1	0	0
1	1	UID9039	1	1	0	0
1	1	UID9064	1	1	0	0
1	1	UID9068	1	1	0	0
1	1	UID9078	1	1	0	0
1	1	UID9079	1	1	0	0
1	1	UID9085	1	1	0	0
1	1	UID9108	1	1	0	0
1	1	UID9122	1	1	0	0
1	1	UID9150	1	1	0	0
1	1	UID9203	1	1	0	0
1	1	UID9205	1	1	0	0
1	1	UID9228	1	1	0	0
1	1	UID9248	1	1	0	0
1	1	UID9264	1	1	0	0
1	1	UID9266	1	1	0	0
1	1	UID9269	1	1	0	0
1	1	UID9274	1	1	0	0
1	1	UID9296	1	1	0	0
1	1	UID9331	1	1	0	0
1	1	UID9337	1	1	0	0
1	1	UID9338	1	1	0	0
1	1	UID9340	1	1	0	0
1	1	UID9341	1	1	0	0
1	1	UID9349	1	1	0	0
1	1	UID9355	1	1	0	0
1	1	UID9364	1	1	0	0
1	1	UID9374	1	1	0	0
1	1	UID9380	1	1	0	0
1	1	UID9408	1	1	0	0
1	1	UID9423	1	1	0	0
1	1	UID9426	1	1	0	0
1	1	UID9458	1	1	0	0
1	1	UID9479	1	1	0	0
1	1	UID9542	1	1	0	0
1	1	UID9552	1	1	0	0
1	1	UID9572	1	1	0	0
1	1	UID9576	1	1	0	0
1	1	UID9578	1	1	0	0
1	1	UID9596	1	1	0	0
1	1	UID9597	1	1	0	0
1	1	UID9606	1	1	0	0
1	1	UID9610	1	1	0	0
1	1	UID9612	1	1	0	0
1	1	UID9633	1	1	0	0
1	1	UID9672	1	1	0	0
1	1	UID9674	1	1	0	0
1	1	UID9683	1	1	0	0
1	1	UID9759	1	1	0	0
1	1	UID9787	1	1	0	0
1	1	UID9790	1	1	0	0
1	1	UID9834	1	1	0	0
1	1	UID9987	1	1	0	0
