285	10116	UID1	8502	168	4	4
700	9659	UID4	6776	470	3	3
258	3636	UID8	2722	146	2	2
1929	5443	UID2251	1936	1552	6	6
210	2213	UID5	1691	118	2	2
62	1045	UID6	923	34	2	2
278	1097	UID16	678	213	3	3
204	1016	UID15	627	144	5	5
117	642	UID12	473	95	2	2
37	403	UID123225	353	24	2	2
88	468	UID7577	325	68	2	2
31	372	UID15245	322	20	2	2
106	408	UID14897	283	90	2	2
112	419	UID21	269	95	3	3
33	279	UID14898	230	22	2	2
95	369	UID136	193	85	3	3
27	216	UID11	185	22	2	2
442	808	UID27	176	398	6	6
37	196	UID267	157	33	2	2
70	233	UID25	149	57	2	2
42	201	UID19	146	33	2	2
380	651	UID123226	143	345	4	4
49	183	UID1235	122	42	2	2
15	139	UID22	114	12	2	2
16	126	UID15323	110	14	2	2
26	116	UID48655	87	21	2	2
51	134	UID428	80	48	2	2
159	272	UID484	76	145	4	4
157	263	UID4982	64	144	3	3
10	73	UID123229	63	8	2	2
8	68	UID123230	61	7	1	1
8	61	UID14965	54	7	2	2
13	59	UID6474	47	12	1	1
109	194	UID31712	43	102	3	3
24	69	UID57	43	20	2	2
6	41	UID23258	36	5	1	1
67	107	UID123232	33	63	2	2
3	33	UID31682	31	2	1	1
20	51	UID612	30	17	1	1
5	32	UID137	28	4	1	1
6	31	UID32107	26	5	1	1
9	34	UID23352	25	7	1	1
114	169	UID123235	24	104	6	6
7	29	UID123236	23	6	1	1
20	43	UID123237	23	18	1	1
14	36	UID32085	23	13	1	1
20	42	UID86635	23	19	1	1
23	44	UID10357	20	20	2	2
7	26	UID1420	20	6	1	1
25	45	UID274	19	22	2	2
10	28	UID399	19	9	1	1
11	29	UID880	19	10	2	2
80	129	UID80081	18	73	4	4
10	26	UID123241	17	9	1	1
5	20	UID244	16	4	1	1
34	53	UID25144	16	30	2	2
12	26	UID123243	15	11	2	2
10	25	UID1290	15	8	2	2
10	24	UID14967	14	8	1	1
45	63	UID31733	14	42	3	3
2	15	UID39603	14	1	1	1
3	15	UID427	13	2	1	1
2	13	UID123252	12	1	1	1
10	21	UID23255	12	9	1	1
8	22	UID669	12	6	2	2
15	25	UID105166	11	14	2	2
3	13	UID23658	11	2	1	1
2	12	UID7471	11	1	1	1
22	34	UID123266	10	19	2	2
5	13	UID31717	9	4	1	1
1	9	UID70467	9	0	0	0
4	11	UID123292	8	3	1	1
1	8	UID15230	8	0	0	0
4	11	UID467	8	3	1	1
17	23	UID123310	7	16	2	2
4	10	UID123318	7	3	1	1
5	11	UID6555	7	4	1	1
4	10	UID7048	7	3	1	1
8	15	UID80142	7	6	1	1
7	12	UID114535	6	6	1	1
13	21	UID5025	6	10	2	2
4	8	UID105578	5	3	1	1
3	7	UID123391	5	2	1	1
3	7	UID123393	5	2	1	1
9	13	UID16802	5	8	2	2
9	13	UID38792	5	8	2	2
10	14	UID408	5	9	1	1
1	5	UID6010	5	0	0	0
2	5	UID1242	4	1	1	1
1	4	UID23595	4	0	0	0
7	11	UID37754	4	5	1	1
2	5	UID49952	4	1	1	1
26	32	UID715	4	23	2	2
11	13	UID123484	3	10	1	1
2	4	UID1234	3	1	0	0
1	3	UID123570	3	0	0	0
8	10	UID194	3	7	1	1
1	3	UID250	3	0	0	0
6	8	UID2	3	5	1	1
7	9	UID33212	3	6	1	1
3	5	UID38909	3	2	1	1
1	3	UID41925	3	0	0	0
1	3	UID49211	3	0	0	0
2	4	UID49215	3	1	1	1
3	5	UID59593	3	2	1	1
5	7	UID6351	3	4	1	1
2	3	UID123593	2	1	1	1
1	2	UID123725	2	0	0	0
10	11	UID123739	2	9	1	1
2	3	UID123742	2	1	1	1
3	4	UID123795	2	2	1	1
2	3	UID123836	2	1	1	1
1	2	UID123842	2	0	0	0
1	2	UID123862	2	0	0	0
2	3	UID14882	2	1	1	1
3	4	UID14961	2	2	1	1
2	3	UID1497	2	1	1	1
1	2	UID32023	2	0	0	0
1	2	UID35946	2	0	0	0
2	3	UID36566	2	1	1	1
6	7	UID37329	2	5	1	1
3	4	UID39031	2	2	1	1
1	2	UID50690	2	0	0	0
1	2	UID79970	2	0	0	0
25	29	UID80077	2	21	4	4
3	4	UID80358	2	2	1	1
3	4	UID97654	2	2	1	1
1	1	UID105256	1	1	0	0
2	2	UID105687	1	2	1	1
1	1	UID115080	1	1	0	0
1	1	UID122983	1	1	0	0
1	1	UID123867	1	1	0	0
1	1	UID123874	1	1	0	0
1	1	UID123875	1	1	0	0
1	1	UID123881	1	1	0	0
1	1	UID123882	1	1	0	0
1	1	UID123888	1	1	0	0
1	1	UID123891	1	1	0	0
1	1	UID123941	1	1	0	0
1	1	UID123978	1	1	0	0
1	1	UID123999	1	1	0	0
1	1	UID124008	1	1	0	0
1	1	UID124035	1	1	0	0
1	1	UID124071	1	1	0	0
1	1	UID124077	1	1	0	0
1	1	UID124105	1	1	0	0
1	1	UID124119	1	1	0	0
1	1	UID124137	1	1	0	0
1	1	UID124145	1	1	0	0
1	1	UID124171	1	1	0	0
1	1	UID124238	1	1	0	0
1	1	UID124239	1	1	0	0
1	1	UID124247	1	1	0	0
1	1	UID124260	1	1	0	0
1	1	UID124261	1	1	0	0
1	1	UID124266	1	1	0	0
1	1	UID124268	1	1	0	0
1	1	UID124282	1	1	0	0
1	1	UID124287	1	1	0	0
1	1	UID124295	1	1	0	0
1	1	UID124300	1	1	0	0
1	1	UID124301	1	1	0	0
1	1	UID124303	1	1	0	0
1	1	UID124304	1	1	0	0
1	1	UID124309	1	1	0	0
1	1	UID124312	1	1	0	0
1	1	UID124315	1	1	0	0
1	1	UID124320	1	1	0	0
1	1	UID124333	1	1	0	0
1	1	UID124334	1	1	0	0
1	1	UID124339	1	1	0	0
1	1	UID124340	1	1	0	0
1	1	UID124343	1	1	0	0
1	1	UID124348	1	1	0	0
1	1	UID124352	1	1	0	0
1	1	UID124364	1	1	0	0
1	1	UID124373	1	1	0	0
1	1	UID124384	1	1	0	0
1	1	UID124387	1	1	0	0
1	1	UID124391	1	1	0	0
1	1	UID124399	1	1	0	0
1	1	UID124403	1	1	0	0
1	1	UID124406	1	1	0	0
1	1	UID124407	1	1	0	0
1	1	UID124414	1	1	0	0
1	1	UID124416	1	1	0	0
1	1	UID124427	1	1	0	0
1	1	UID124445	1	1	0	0
1	1	UID124456	1	1	0	0
1	1	UID124457	1	1	0	0
1	1	UID124459	1	1	0	0
1	1	UID124470	1	1	0	0
1	1	UID124472	1	1	0	0
1	1	UID124475	1	1	0	0
1	1	UID124478	1	1	0	0
1	1	UID124480	1	1	0	0
1	1	UID124481	1	1	0	0
1	1	UID124486	1	1	0	0
1	1	UID124487	1	1	0	0
1	1	UID124492	1	1	0	0
1	1	UID124493	1	1	0	0
1	1	UID124508	1	1	0	0
1	1	UID124510	1	1	0	0
1	1	UID124511	1	1	0	0
1	1	UID124519	1	1	0	0
1	1	UID124522	1	1	0	0
1	1	UID124540	1	1	0	0
1	1	UID124542	1	1	0	0
1	1	UID124544	1	1	0	0
1	1	UID124551	1	1	0	0
1	1	UID124556	1	1	0	0
1	1	UID124582	1	1	0	0
1	1	UID124595	1	1	0	0
1	1	UID124605	1	1	0	0
1	1	UID124619	1	1	0	0
1	1	UID124632	1	1	0	0
1	1	UID124639	1	1	0	0
1	1	UID124644	1	1	0	0
1	1	UID124648	1	1	0	0
1	1	UID124657	1	1	0	0
1	1	UID124660	1	1	0	0
1	1	UID124664	1	1	0	0
1	1	UID124668	1	1	0	0
1	1	UID124671	1	1	0	0
1	1	UID124672	1	1	0	0
1	1	UID124711	1	1	0	0
1	1	UID124717	1	1	0	0
1	1	UID124719	1	1	0	0
1	1	UID124725	1	1	0	0
1	1	UID124743	1	1	0	0
1	1	UID124748	1	1	0	0
1	1	UID124753	1	1	0	0
1	1	UID124754	1	1	0	0
1	1	UID124756	1	1	0	0
1	1	UID124762	1	1	0	0
1	1	UID124767	1	1	0	0
1	1	UID124768	1	1	0	0
1	1	UID124775	1	1	0	0
1	1	UID124777	1	1	0	0
1	1	UID124782	1	1	0	0
1	1	UID124784	1	1	0	0
1	1	UID124790	1	1	0	0
1	1	UID124791	1	1	0	0
1	1	UID124803	1	1	0	0
1	1	UID124826	1	1	0	0
1	1	UID124829	1	1	0	0
1	1	UID124935	1	1	0	0
1	1	UID124941	1	1	0	0
1	1	UID124976	1	1	0	0
1	1	UID124992	1	1	0	0
1	1	UID125005	1	1	0	0
1	1	UID125006	1	1	0	0
1	1	UID125017	1	1	0	0
1	1	UID125025	1	1	0	0
1	1	UID125028	1	1	0	0
1	1	UID125046	1	1	0	0
1	1	UID125047	1	1	0	0
1	1	UID125098	1	1	0	0
1	1	UID125174	1	1	0	0
1	1	UID125188	1	1	0	0
1	1	UID125196	1	1	0	0
1	1	UID125201	1	1	0	0
1	1	UID125264	1	1	0	0
1	1	UID125320	1	1	0	0
1	1	UID125343	1	1	0	0
1	1	UID125432	1	1	0	0
1	1	UID125509	1	1	0	0
1	1	UID125547	1	1	0	0
1	1	UID125627	1	1	0	0
1	1	UID125684	1	1	0	0
1	1	UID125736	1	1	0	0
1	1	UID125747	1	1	0	0
1	1	UID125763	1	1	0	0
1	1	UID125778	1	1	0	0
1	1	UID125795	1	1	0	0
1	1	UID125796	1	1	0	0
1	1	UID125799	1	1	0	0
1	1	UID125808	1	1	0	0
1	1	UID125811	1	1	0	0
1	1	UID125820	1	1	0	0
1	1	UID125835	1	1	0	0
1	1	UID125838	1	1	0	0
1	1	UID125862	1	1	0	0
1	1	UID125866	1	1	0	0
1	1	UID125867	1	1	0	0
1	1	UID125870	1	1	0	0
1	1	UID125885	1	1	0	0
1	1	UID125890	1	1	0	0
1	1	UID125891	1	1	0	0
1	1	UID125893	1	1	0	0
1	1	UID125896	1	1	0	0
1	1	UID125897	1	1	0	0
1	1	UID125902	1	1	0	0
1	1	UID125911	1	1	0	0
1	1	UID125912	1	1	0	0
1	1	UID125924	1	1	0	0
1	1	UID125929	1	1	0	0
1	1	UID125935	1	1	0	0
1	1	UID125945	1	1	0	0
1	1	UID125949	1	1	0	0
1	1	UID125970	1	1	0	0
1	1	UID125991	1	1	0	0
1	1	UID125996	1	1	0	0
1	1	UID126018	1	1	0	0
1	1	UID126027	1	1	0	0
1	1	UID126029	1	1	0	0
1	1	UID126040	1	1	0	0
1	1	UID126041	1	1	0	0
1	1	UID126059	1	1	0	0
1	1	UID126067	1	1	0	0
1	1	UID126072	1	1	0	0
1	1	UID126079	1	1	0	0
1	1	UID126089	1	1	0	0
1	1	UID126094	1	1	0	0
1	1	UID126095	1	1	0	0
1	1	UID126100	1	1	0	0
1	1	UID126101	1	1	0	0
1	1	UID126117	1	1	0	0
1	1	UID126124	1	1	0	0
1	1	UID126125	1	1	0	0
1	1	UID126126	1	1	0	0
1	1	UID126128	1	1	0	0
1	1	UID126161	1	1	0	0
1	1	UID126175	1	1	0	0
1	1	UID126181	1	1	0	0
1	1	UID126206	1	1	0	0
1	1	UID126209	1	1	0	0
1	1	UID126214	1	1	0	0
1	1	UID126249	1	1	0	0
1	1	UID126292	1	1	0	0
1	1	UID126307	1	1	0	0
1	1	UID126308	1	1	0	0
1	1	UID126328	1	1	0	0
1	1	UID126338	1	1	0	0
1	1	UID126352	1	1	0	0
1	1	UID126364	1	1	0	0
1	1	UID126365	1	1	0	0
1	1	UID126366	1	1	0	0
1	1	UID126368	1	1	0	0
1	1	UID126373	1	1	0	0
1	1	UID126383	1	1	0	0
1	1	UID126387	1	1	0	0
1	1	UID126388	1	1	0	0
1	1	UID126389	1	1	0	0
1	1	UID126393	1	1	0	0
1	1	UID126395	1	1	0	0
1	1	UID126410	1	1	0	0
1	1	UID126411	1	1	0	0
1	1	UID126412	1	1	0	0
1	1	UID126416	1	1	0	0
1	1	UID126421	1	1	0	0
1	1	UID126426	1	1	0	0
1	1	UID126446	1	1	0	0
1	1	UID126497	1	1	0	0
1	1	UID126506	1	1	0	0
1	1	UID126525	1	1	0	0
1	1	UID126535	1	1	0	0
1	1	UID126540	1	1	0	0
1	1	UID126544	1	1	0	0
1	1	UID126545	1	1	0	0
1	1	UID126546	1	1	0	0
1	1	UID126549	1	1	0	0
1	1	UID126550	1	1	0	0
1	1	UID126551	1	1	0	0
1	1	UID126559	1	1	0	0
1	1	UID126630	1	1	0	0
1	1	UID126650	1	1	0	0
1	1	UID126651	1	1	0	0
1	1	UID126662	1	1	0	0
1	1	UID126671	1	1	0	0
1	1	UID126675	1	1	0	0
1	1	UID126683	1	1	0	0
1	1	UID126686	1	1	0	0
1	1	UID126691	1	1	0	0
1	1	UID126692	1	1	0	0
1	1	UID126693	1	1	0	0
1	1	UID126697	1	1	0	0
1	1	UID126711	1	1	0	0
1	1	UID126717	1	1	0	0
1	1	UID126719	1	1	0	0
1	1	UID126720	1	1	0	0
1	1	UID126721	1	1	0	0
1	1	UID126724	1	1	0	0
1	1	UID126728	1	1	0	0
1	1	UID126742	1	1	0	0
1	1	UID126744	1	1	0	0
1	1	UID126767	1	1	0	0
1	1	UID126779	1	1	0	0
1	1	UID126780	1	1	0	0
1	1	UID126789	1	1	0	0
1	1	UID126807	1	1	0	0
1	1	UID126808	1	1	0	0
1	1	UID126819	1	1	0	0
1	1	UID126821	1	1	0	0
1	1	UID126822	1	1	0	0
2	2	UID126823	1	2	1	1
1	1	UID126826	1	1	0	0
1	1	UID126831	1	1	0	0
1	1	UID126842	1	1	0	0
1	1	UID126853	1	1	0	0
1	1	UID126856	1	1	0	0
1	1	UID126858	1	1	0	0
1	1	UID126859	1	1	0	0
1	1	UID126860	1	1	0	0
1	1	UID126865	1	1	0	0
1	1	UID126873	1	1	0	0
1	1	UID126874	1	1	0	0
1	1	UID126875	1	1	0	0
1	1	UID126876	1	1	0	0
1	1	UID126877	1	1	0	0
1	1	UID126882	1	1	0	0
1	1	UID126885	1	1	0	0
1	1	UID126891	1	1	0	0
1	1	UID126906	1	1	0	0
1	1	UID126927	1	1	0	0
1	1	UID126929	1	1	0	0
1	1	UID126936	1	1	0	0
1	1	UID126947	1	1	0	0
1	1	UID126952	1	1	0	0
1	1	UID126953	1	1	0	0
1	1	UID126955	1	1	0	0
1	1	UID126961	1	1	0	0
1	1	UID126969	1	1	0	0
1	1	UID126976	1	1	0	0
1	1	UID126981	1	1	0	0
1	1	UID126982	1	1	0	0
1	1	UID126990	1	1	0	0
1	1	UID126995	1	1	0	0
1	1	UID126996	1	1	0	0
1	1	UID126997	1	1	0	0
1	1	UID126999	1	1	0	0
1	1	UID127011	1	1	0	0
1	1	UID127012	1	1	0	0
1	1	UID127013	1	1	0	0
1	1	UID127017	1	1	0	0
1	1	UID127021	1	1	0	0
1	1	UID127022	1	1	0	0
1	1	UID127028	1	1	0	0
1	1	UID127030	1	1	0	0
1	1	UID127037	1	1	0	0
1	1	UID127039	1	1	0	0
1	1	UID127042	1	1	0	0
1	1	UID127044	1	1	0	0
1	1	UID127046	1	1	0	0
1	1	UID127051	1	1	0	0
1	1	UID127057	1	1	0	0
1	1	UID127066	1	1	0	0
1	1	UID127068	1	1	0	0
1	1	UID127070	1	1	0	0
1	1	UID127074	1	1	0	0
1	1	UID127075	1	1	0	0
1	1	UID127085	1	1	0	0
1	1	UID127088	1	1	0	0
1	1	UID127089	1	1	0	0
1	1	UID127090	1	1	0	0
1	1	UID127092	1	1	0	0
1	1	UID127099	1	1	0	0
1	1	UID127101	1	1	0	0
1	1	UID127103	1	1	0	0
1	1	UID127111	1	1	0	0
1	1	UID127112	1	1	0	0
1	1	UID127114	1	1	0	0
1	1	UID127118	1	1	0	0
1	1	UID127119	1	1	0	0
1	1	UID127120	1	1	0	0
1	1	UID127122	1	1	0	0
1	1	UID127128	1	1	0	0
1	1	UID127132	1	1	0	0
1	1	UID127133	1	1	0	0
1	1	UID127134	1	1	0	0
1	1	UID127137	1	1	0	0
1	1	UID127140	1	1	0	0
1	1	UID127147	1	1	0	0
1	1	UID127148	1	1	0	0
1	1	UID127150	1	1	0	0
1	1	UID127151	1	1	0	0
1	1	UID127152	1	1	0	0
1	1	UID127153	1	1	0	0
1	1	UID127156	1	1	0	0
1	1	UID127157	1	1	0	0
1	1	UID127161	1	1	0	0
1	1	UID127166	1	1	0	0
1	1	UID127168	1	1	0	0
1	1	UID127172	1	1	0	0
1	1	UID127173	1	1	0	0
1	1	UID127177	1	1	0	0
1	1	UID127178	1	1	0	0
1	1	UID127179	1	1	0	0
1	1	UID127195	1	1	0	0
1	1	UID127208	1	1	0	0
1	1	UID127213	1	1	0	0
1	1	UID127214	1	1	0	0
1	1	UID127221	1	1	0	0
1	1	UID127224	1	1	0	0
1	1	UID127225	1	1	0	0
1	1	UID127233	1	1	0	0
1	1	UID127235	1	1	0	0
1	1	UID127244	1	1	0	0
1	1	UID127247	1	1	0	0
1	1	UID127249	1	1	0	0
1	1	UID127250	1	1	0	0
1	1	UID127255	1	1	0	0
1	1	UID127258	1	1	0	0
1	1	UID127264	1	1	0	0
1	1	UID127272	1	1	0	0
1	1	UID127276	1	1	0	0
1	1	UID127285	1	1	0	0
1	1	UID127286	1	1	0	0
1	1	UID127288	1	1	0	0
1	1	UID127350	1	1	0	0
1	1	UID127351	1	1	0	0
1	1	UID127373	1	1	0	0
1	1	UID127374	1	1	0	0
1	1	UID127375	1	1	0	0
1	1	UID127376	1	1	0	0
1	1	UID127419	1	1	0	0
1	1	UID127420	1	1	0	0
1	1	UID127434	1	1	0	0
4	4	UID127499	1	4	2	2
1	1	UID1274	1	1	0	0
1	1	UID127612	1	1	0	0
1	1	UID127623	1	1	0	0
1	1	UID127629	1	1	0	0
1	1	UID127720	1	1	0	0
1	1	UID127738	1	1	0	0
1	1	UID127755	1	1	0	0
1	1	UID127781	1	1	0	0
1	1	UID127804	1	1	0	0
1	1	UID127817	1	1	0	0
1	1	UID127820	1	1	0	0
1	1	UID127821	1	1	0	0
2	2	UID127830	1	2	1	1
1	1	UID127832	1	1	0	0
1	1	UID127836	1	1	0	0
1	1	UID127837	1	1	0	0
1	1	UID127877	1	1	0	0
1	1	UID127880	1	1	0	0
1	1	UID127887	1	1	0	0
1	1	UID127908	1	1	0	0
1	1	UID127925	1	1	0	0
1	1	UID127934	1	1	0	0
1	1	UID127938	1	1	0	0
1	1	UID127943	1	1	0	0
1	1	UID127976	1	1	0	0
1	1	UID127978	1	1	0	0
1	1	UID127979	1	1	0	0
1	1	UID127980	1	1	0	0
1	1	UID127986	1	1	0	0
1	1	UID128026	1	1	0	0
1	1	UID128046	1	1	0	0
1	1	UID128092	1	1	0	0
2	2	UID128130	1	2	1	1
1	1	UID128132	1	1	0	0
1	1	UID128134	1	1	0	0
1	1	UID128138	1	1	0	0
1	1	UID128141	1	1	0	0
1	1	UID128156	1	1	0	0
1	1	UID128185	1	1	0	0
1	1	UID128196	1	1	0	0
1	1	UID128197	1	1	0	0
2	2	UID128198	1	2	1	1
1	1	UID128200	1	1	0	0
1	1	UID128203	1	1	0	0
1	1	UID128220	1	1	0	0
1	1	UID128221	1	1	0	0
1	1	UID128222	1	1	0	0
1	1	UID128229	1	1	0	0
1	1	UID128239	1	1	0	0
1	1	UID128251	1	1	0	0
2	2	UID128252	1	2	1	1
1	1	UID128256	1	1	0	0
1	1	UID128284	1	1	0	0
1	1	UID128298	1	1	0	0
1	1	UID128311	1	1	0	0
1	1	UID128313	1	1	0	0
1	1	UID128314	1	1	0	0
1	1	UID128317	1	1	0	0
1	1	UID128320	1	1	0	0
1	1	UID128332	1	1	0	0
1	1	UID128344	1	1	0	0
1	1	UID128367	1	1	0	0
1	1	UID128368	1	1	0	0
1	1	UID128373	1	1	0	0
1	1	UID128385	1	1	0	0
1	1	UID128387	1	1	0	0
1	1	UID128388	1	1	0	0
1	1	UID128436	1	1	0	0
1	1	UID128476	1	1	0	0
1	1	UID128478	1	1	0	0
1	1	UID128480	1	1	0	0
1	1	UID128485	1	1	0	0
1	1	UID128486	1	1	0	0
1	1	UID128488	1	1	0	0
1	1	UID128496	1	1	0	0
1	1	UID128500	1	1	0	0
1	1	UID128501	1	1	0	0
1	1	UID128506	1	1	0	0
1	1	UID128507	1	1	0	0
3	3	UID128525	1	3	2	2
1	1	UID128573	1	1	0	0
1	1	UID128629	1	1	0	0
1	1	UID128631	1	1	0	0
1	1	UID128633	1	1	0	0
1	1	UID128645	1	1	0	0
1	1	UID128646	1	1	0	0
1	1	UID128662	1	1	0	0
1	1	UID128663	1	1	0	0
1	1	UID128679	1	1	0	0
1	1	UID128720	1	1	0	0
1	1	UID128731	1	1	0	0
1	1	UID128742	1	1	0	0
1	1	UID128759	1	1	0	0
1	1	UID128760	1	1	0	0
1	1	UID128763	1	1	0	0
1	1	UID128764	1	1	0	0
1	1	UID128765	1	1	0	0
1	1	UID128766	1	1	0	0
1	1	UID128792	1	1	0	0
1	1	UID128798	1	1	0	0
2	2	UID128799	1	2	1	1
1	1	UID128802	1	1	0	0
1	1	UID128803	1	1	0	0
2	2	UID128805	1	2	1	1
1	1	UID128839	1	1	0	0
1	1	UID128843	1	1	0	0
1	1	UID128851	1	1	0	0
1	1	UID128852	1	1	0	0
1	1	UID128859	1	1	0	0
1	1	UID128862	1	1	0	0
1	1	UID128868	1	1	0	0
1	1	UID128869	1	1	0	0
1	1	UID128894	1	1	0	0
1	1	UID128898	1	1	0	0
1	1	UID128907	1	1	0	0
1	1	UID128913	1	1	0	0
2	2	UID14	1	2	1	1
1	1	UID23589	1	1	0	0
1	1	UID271	1	1	0	0
1	1	UID31678	1	1	0	0
1	1	UID32573	1	1	0	0
1	1	UID35977	1	1	0	0
1	1	UID38906	1	1	0	0
1	1	UID49088	1	1	0	0
1	1	UID58151	1	1	0	0
1	1	UID60603	1	1	0	0
