681	9306	UID3	6500	464	3	3
206	6387	UID1	5506	116	3	3
246	3392	UID8	2645	146	2	2
219	2044	UID5	1492	129	3	3
245	1068	UID16	682	170	2	2
35	652	UID6	595	22	2	2
131	817	UID15	553	85	2	2
140	647	UID21	436	106	2	2
1009	1838	UID615	363	893	7	7
1638	2920	UID95362	333	1469	7	7
63	350	UID427	241	49	2	2
23	251	UID38098	228	21	2	2
28	245	UID39603	208	23	3	3
70	290	UID19	163	61	2	2
31	168	UID179966	135	27	1	1
8	134	UID31675	127	7	1	1
975	1541	UID44965	125	902	8	8
383	750	UID31712	121	345	4	4
15	132	UID137	117	13	1	1
106	378	UID37387	110	94	3	3
10	108	UID1420	93	6	1	1
210	347	UID38792	91	194	7	7
7	91	UID15323	85	6	1	1
32	114	UID95216	83	31	2	2
7	85	UID38909	79	6	1	1
166	281	UID28004	77	151	7	7
12	87	UID14898	76	11	1	1
9	83	UID179967	74	7	1	1
32	104	UID26	70	30	2	2
30	95	UID179968	64	28	2	2
28	87	UID179969	58	26	2	2
5	47	UID179970	43	4	2	2
196	307	UID27	43	182	4	4
30	79	UID428	43	27	2	2
19	59	UID179972	41	18	2	2
20	61	UID612	38	18	2	2
181	286	UID44342	36	164	4	4
26	60	UID23255	35	25	2	2
24	57	UID14961	32	21	2	2
2	32	UID22	31	1	1	1
16	65	UID179973	30	14	2	2
7	34	UID179974	28	6	1	1
85	140	UID166173	27	76	3	3
14	38	UID49215	25	13	1	1
12	34	UID32085	22	10	2	2
13	33	UID14967	21	12	1	1
3	23	UID179975	21	2	1	1
9	29	UID669	20	7	1	1
6	24	UID1235	19	5	1	1
13	33	UID179977	19	11	1	1
16	36	UID49367	19	13	1	1
5	25	UID8150	19	3	2	2
8	25	UID179978	18	7	2	2
24	42	UID131622	17	21	2	2
49	69	UID166178	17	45	3	3
14	30	UID1234	16	12	2	2
43	64	UID166175	16	40	3	3
83	123	UID59852	16	74	3	3
4	19	UID1290	14	2	1	1
53	85	UID132660	14	46	4	4
52	71	UID613	14	47	7	7
5	26	UID12	13	2	2	2
6	29	UID179979	13	4	2	2
3	15	UID7471	13	2	1	1
11	22	UID244	12	10	2	2
9	24	UID7048	12	7	2	2
21	32	UID715	12	20	1	1
9	19	UID105578	11	8	1	1
8	18	UID274	11	7	1	1
18	28	UID41925	11	17	1	1
33	47	UID80073	10	29	3	3
5	11	UID11	7	4	1	1
2	8	UID179987	7	1	1	1
1	7	UID38240	7	0	0	0
8	14	UID38917	7	7	1	1
7	12	UID123628	6	6	2	2
44	53	UID179988	6	39	4	4
13	18	UID179991	6	12	2	2
2	7	UID23658	6	1	1	1
1	6	UID6555	6	0	0	0
2	6	UID15230	5	1	1	1
14	19	UID179992	5	12	2	2
3	7	UID25144	5	2	0	0
2	6	UID399	5	1	1	1
2	6	UID70467	5	1	1	1
3	6	UID159497	4	2	1	1
1	4	UID180005	4	0	0	0
5	8	UID180006	4	4	1	1
8	11	UID21621	4	7	1	1
2	5	UID267	4	1	1	1
2	5	UID31859	4	1	1	1
4	7	UID49496	4	3	1	1
8	11	UID53093	4	7	3	3
4	7	UID80087	4	3	1	1
6	9	UID81694	4	5	1	1
2	5	UID165484	3	0	1	1
1	3	UID180023	3	0	0	0
3	5	UID25	3	2	1	1
5	7	UID31734	3	4	2	2
3	6	UID37164	3	1	1	1
2	4	UID467	3	1	1	1
1	3	UID6350	3	0	0	0
1	2	UID123795	2	0	0	0
7	8	UID125898	2	6	2	2
13	14	UID133556	2	12	1	1
2	3	UID13738	2	1	1	1
6	7	UID179833	2	5	1	1
3	4	UID180036	2	2	1	1
1	2	UID180078	2	0	0	0
2	3	UID180085	2	1	1	1
1	2	UID180097	2	0	0	0
1	2	UID180106	2	0	0	0
1	2	UID180119	2	0	0	0
6	7	UID32023	2	5	1	1
1	2	UID49294	2	0	0	0
3	5	UID58151	2	1	1	1
1	2	UID60159	2	0	0	0
4	5	UID80082	2	3	1	1
17	18	UID95596	2	16	3	3
1	1	UID122983	1	1	0	0
1	1	UID128388	1	1	0	0
1	1	UID128679	1	1	0	0
1	1	UID138872	1	1	0	0
2	2	UID149681	1	2	1	1
1	1	UID14	1	1	0	0
11	11	UID154915	1	11	2	2
1	1	UID180148	1	1	0	0
1	1	UID180160	1	1	0	0
1	1	UID180161	1	1	0	0
1	1	UID180164	1	1	0	0
1	1	UID180168	1	1	0	0
1	1	UID180181	1	1	0	0
1	1	UID180182	1	1	0	0
1	1	UID180183	1	1	0	0
1	1	UID180184	1	1	0	0
1	1	UID180185	1	1	0	0
1	1	UID180188	1	1	0	0
1	1	UID180223	1	1	0	0
1	1	UID180225	1	1	0	0
1	1	UID180231	1	1	0	0
1	1	UID180232	1	1	0	0
1	1	UID180234	1	1	0	0
1	1	UID180239	1	1	0	0
1	1	UID180257	1	1	0	0
1	1	UID180277	1	1	0	0
1	1	UID180281	1	1	0	0
1	1	UID180282	1	1	0	0
1	1	UID180283	1	1	0	0
1	1	UID180296	1	1	0	0
1	1	UID180339	1	1	0	0
1	1	UID180340	1	1	0	0
1	1	UID180341	1	1	0	0
1	1	UID180344	1	1	0	0
1	1	UID180348	1	1	0	0
1	1	UID180349	1	1	0	0
1	1	UID180355	1	1	0	0
1	1	UID180356	1	1	0	0
1	1	UID180367	1	1	0	0
1	1	UID180369	1	1	0	0
1	1	UID180373	1	1	0	0
1	1	UID180384	1	1	0	0
1	1	UID180385	1	1	0	0
1	1	UID180388	1	1	0	0
1	1	UID180389	1	1	0	0
1	1	UID180393	1	1	0	0
1	1	UID180396	1	1	0	0
1	1	UID180397	1	1	0	0
1	1	UID180399	1	1	0	0
1	1	UID180406	1	1	0	0
1	1	UID180408	1	1	0	0
1	1	UID180410	1	1	0	0
1	1	UID180420	1	1	0	0
1	1	UID180427	1	1	0	0
1	1	UID180428	1	1	0	0
1	1	UID180436	1	1	0	0
1	1	UID180437	1	1	0	0
1	1	UID180446	1	1	0	0
1	1	UID180448	1	1	0	0
1	1	UID180449	1	1	0	0
1	1	UID180450	1	1	0	0
1	1	UID180452	1	1	0	0
1	1	UID180453	1	1	0	0
1	1	UID180456	1	1	0	0
1	1	UID180462	1	1	0	0
1	1	UID180464	1	1	0	0
1	1	UID180465	1	1	0	0
2	2	UID180466	1	2	1	1
1	1	UID180469	1	1	0	0
1	1	UID180470	1	1	0	0
1	1	UID180473	1	1	0	0
1	1	UID180476	1	1	0	0
1	1	UID180485	1	1	0	0
1	1	UID180486	1	1	0	0
1	1	UID180489	1	1	0	0
1	1	UID180491	1	1	0	0
1	1	UID180509	1	1	0	0
1	1	UID180515	1	1	0	0
1	1	UID180516	1	1	0	0
1	1	UID180517	1	1	0	0
1	1	UID180518	1	1	0	0
1	1	UID180520	1	1	0	0
1	1	UID180522	1	1	0	0
1	1	UID180526	1	1	0	0
1	1	UID180529	1	1	0	0
1	1	UID180530	1	1	0	0
1	1	UID180534	1	1	0	0
1	1	UID180539	1	1	0	0
1	1	UID180540	1	1	0	0
1	1	UID180544	1	1	0	0
1	1	UID180547	1	1	0	0
1	1	UID180549	1	1	0	0
1	1	UID180551	1	1	0	0
1	1	UID180569	1	1	0	0
1	1	UID180575	1	1	0	0
1	1	UID180576	1	1	0	0
1	1	UID180577	1	1	0	0
1	1	UID180590	1	1	0	0
1	1	UID180596	1	1	0	0
1	1	UID180598	1	1	0	0
1	1	UID180599	1	1	0	0
1	1	UID180608	1	1	0	0
1	1	UID180609	1	1	0	0
1	1	UID180610	1	1	0	0
1	1	UID180616	1	1	0	0
1	1	UID180623	1	1	0	0
1	1	UID180624	1	1	0	0
1	1	UID180630	1	1	0	0
1	1	UID180631	1	1	0	0
1	1	UID180655	1	1	0	0
1	1	UID180670	1	1	0	0
1	1	UID180675	1	1	0	0
1	1	UID180678	1	1	0	0
1	1	UID180683	1	1	0	0
1	1	UID180686	1	1	0	0
1	1	UID180691	1	1	0	0
1	1	UID180694	1	1	0	0
1	1	UID180701	1	1	0	0
1	1	UID180719	1	1	0	0
1	1	UID180723	1	1	0	0
1	1	UID180725	1	1	0	0
1	1	UID180728	1	1	0	0
1	1	UID180730	1	1	0	0
1	1	UID180732	1	1	0	0
1	1	UID180741	1	1	0	0
1	1	UID180746	1	1	0	0
1	1	UID180752	1	1	0	0
1	1	UID180753	1	1	0	0
1	1	UID180760	1	1	0	0
1	1	UID180778	1	1	0	0
1	1	UID180781	1	1	0	0
1	1	UID180788	1	1	0	0
1	1	UID180796	1	1	0	0
1	1	UID180803	1	1	0	0
1	1	UID180809	1	1	0	0
1	1	UID180817	1	1	0	0
1	1	UID180824	1	1	0	0
1	1	UID180834	1	1	0	0
1	1	UID180837	1	1	0	0
1	1	UID180838	1	1	0	0
1	1	UID180848	1	1	0	0
1	1	UID180849	1	1	0	0
1	1	UID180862	1	1	0	0
1	1	UID180869	1	1	0	0
1	1	UID180875	1	1	0	0
1	1	UID180908	1	1	0	0
1	1	UID180915	1	1	0	0
1	1	UID180927	1	1	0	0
1	1	UID180930	1	1	0	0
1	1	UID180945	1	1	0	0
1	1	UID180948	1	1	0	0
1	1	UID180951	1	1	0	0
1	1	UID180968	1	1	0	0
1	1	UID180971	1	1	0	0
1	1	UID180973	1	1	0	0
1	1	UID181013	1	1	0	0
1	1	UID181016	1	1	0	0
1	1	UID181026	1	1	0	0
1	1	UID181041	1	1	0	0
1	1	UID181044	1	1	0	0
1	1	UID181049	1	1	0	0
1	1	UID181051	1	1	0	0
1	1	UID181055	1	1	0	0
1	1	UID181057	1	1	0	0
1	1	UID181058	1	1	0	0
1	1	UID181059	1	1	0	0
1	1	UID181060	1	1	0	0
1	1	UID181063	1	1	0	0
1	1	UID181077	1	1	0	0
1	1	UID181080	1	1	0	0
1	1	UID181089	1	1	0	0
1	1	UID181097	1	1	0	0
1	1	UID181099	1	1	0	0
1	1	UID181105	1	1	0	0
1	1	UID181109	1	1	0	0
1	1	UID181116	1	1	0	0
1	1	UID181128	1	1	0	0
1	1	UID181129	1	1	0	0
1	1	UID181133	1	1	0	0
1	1	UID181135	1	1	0	0
1	1	UID181137	1	1	0	0
1	1	UID181139	1	1	0	0
1	1	UID181150	1	1	0	0
1	1	UID181151	1	1	0	0
1	1	UID181153	1	1	0	0
1	1	UID181156	1	1	0	0
1	1	UID181168	1	1	0	0
1	1	UID181172	1	1	0	0
1	1	UID181174	1	1	0	0
1	1	UID181179	1	1	0	0
1	1	UID181186	1	1	0	0
1	1	UID181193	1	1	0	0
1	1	UID181194	1	1	0	0
1	1	UID181198	1	1	0	0
1	1	UID181203	1	1	0	0
1	1	UID181205	1	1	0	0
1	1	UID181216	1	1	0	0
1	1	UID181217	1	1	0	0
1	1	UID181223	1	1	0	0
1	1	UID181232	1	1	0	0
1	1	UID181236	1	1	0	0
1	1	UID181242	1	1	0	0
1	1	UID181248	1	1	0	0
1	1	UID181249	1	1	0	0
1	1	UID181264	1	1	0	0
1	1	UID181277	1	1	0	0
1	1	UID181278	1	1	0	0
1	1	UID181285	1	1	0	0
1	1	UID181300	1	1	0	0
1	1	UID181303	1	1	0	0
1	1	UID181304	1	1	0	0
1	1	UID181307	1	1	0	0
1	1	UID181330	1	1	0	0
1	1	UID181331	1	1	0	0
1	1	UID181341	1	1	0	0
1	1	UID181343	1	1	0	0
1	1	UID181344	1	1	0	0
1	1	UID181345	1	1	0	0
1	1	UID181347	1	1	0	0
1	1	UID181349	1	1	0	0
1	1	UID181350	1	1	0	0
1	1	UID181353	1	1	0	0
1	1	UID181355	1	1	0	0
1	1	UID181374	1	1	0	0
1	1	UID181379	1	1	0	0
1	1	UID181385	1	1	0	0
1	1	UID181394	1	1	0	0
1	1	UID181400	1	1	0	0
1	1	UID181401	1	1	0	0
1	1	UID181409	1	1	0	0
1	1	UID181410	1	1	0	0
1	1	UID181415	1	1	0	0
1	1	UID181422	1	1	0	0
1	1	UID181432	1	1	0	0
1	1	UID181433	1	1	0	0
1	1	UID181435	1	1	0	0
1	1	UID181438	1	1	0	0
1	1	UID181478	1	1	0	0
1	1	UID181480	1	1	0	0
1	1	UID181499	1	1	0	0
1	1	UID181507	1	1	0	0
1	1	UID181513	1	1	0	0
1	1	UID181537	1	1	0	0
1	1	UID181542	1	1	0	0
1	1	UID181551	1	1	0	0
1	1	UID181615	1	1	0	0
1	1	UID181624	1	1	0	0
1	1	UID181625	1	1	0	0
1	1	UID181632	1	1	0	0
1	1	UID181633	1	1	0	0
1	1	UID181634	1	1	0	0
1	1	UID181640	1	1	0	0
1	1	UID181705	1	1	0	0
1	1	UID181706	1	1	0	0
1	1	UID181711	1	1	0	0
1	1	UID181712	1	1	0	0
1	1	UID181737	1	1	0	0
1	1	UID181744	1	1	0	0
1	1	UID181763	1	1	0	0
1	1	UID181774	1	1	0	0
1	1	UID181786	1	1	0	0
1	1	UID181788	1	1	0	0
1	1	UID181801	1	1	0	0
1	1	UID181818	1	1	0	0
1	1	UID181826	1	1	0	0
1	1	UID181836	1	1	0	0
1	1	UID181838	1	1	0	0
1	1	UID181845	1	1	0	0
1	1	UID181853	1	1	0	0
1	1	UID181857	1	1	0	0
1	1	UID181861	1	1	0	0
1	1	UID181866	1	1	0	0
1	1	UID181875	1	1	0	0
1	1	UID181882	1	1	0	0
1	1	UID181884	1	1	0	0
1	1	UID181892	1	1	0	0
1	1	UID181894	1	1	0	0
1	1	UID181903	1	1	0	0
1	1	UID181908	1	1	0	0
1	1	UID181924	1	1	0	0
1	1	UID181940	1	1	0	0
1	1	UID181942	1	1	0	0
1	1	UID181986	1	1	0	0
1	1	UID182012	1	1	0	0
1	1	UID182035	1	1	0	0
1	1	UID182065	1	1	0	0
1	1	UID182066	1	1	0	0
1	1	UID182069	1	1	0	0
1	1	UID182070	1	1	0	0
1	1	UID182101	1	1	0	0
1	1	UID182103	1	1	0	0
1	1	UID182105	1	1	0	0
1	1	UID182107	1	1	0	0
1	1	UID182132	1	1	0	0
1	1	UID182142	1	1	0	0
1	1	UID182147	1	1	0	0
1	1	UID182163	1	1	0	0
1	1	UID182175	1	1	0	0
1	1	UID182215	1	1	0	0
1	1	UID182225	1	1	0	0
1	1	UID182232	1	1	0	0
1	1	UID182253	1	1	0	0
1	1	UID182273	1	1	0	0
1	1	UID182304	1	1	0	0
1	1	UID182317	1	1	0	0
1	1	UID182318	1	1	0	0
1	1	UID182319	1	1	0	0
1	1	UID182357	1	1	0	0
1	1	UID182359	1	1	0	0
1	1	UID182363	1	1	0	0
1	1	UID182367	1	1	0	0
1	1	UID182371	1	1	0	0
1	1	UID182382	1	1	0	0
1	1	UID182389	1	1	0	0
1	1	UID182391	1	1	0	0
1	1	UID182392	1	1	0	0
1	1	UID182399	1	1	0	0
1	1	UID182427	1	1	0	0
1	1	UID182443	1	1	0	0
1	1	UID182445	1	1	0	0
1	1	UID182446	1	1	0	0
1	1	UID182450	1	1	0	0
1	1	UID182458	1	1	0	0
1	1	UID182460	1	1	0	0
1	1	UID182478	1	1	0	0
1	1	UID182481	1	1	0	0
1	1	UID182486	1	1	0	0
1	1	UID182510	1	1	0	0
1	1	UID182511	1	1	0	0
1	1	UID182517	1	1	0	0
1	1	UID182522	1	1	0	0
1	1	UID182524	1	1	0	0
1	1	UID182528	1	1	0	0
1	1	UID182530	1	1	0	0
1	1	UID182532	1	1	0	0
1	1	UID182540	1	1	0	0
1	1	UID182542	1	1	0	0
1	1	UID182546	1	1	0	0
1	1	UID182549	1	1	0	0
1	1	UID182581	1	1	0	0
1	1	UID182582	1	1	0	0
1	1	UID182586	1	1	0	0
1	1	UID182591	1	1	0	0
1	1	UID182593	1	1	0	0
1	1	UID182603	1	1	0	0
1	1	UID182611	1	1	0	0
1	1	UID182613	1	1	0	0
1	1	UID182614	1	1	0	0
1	1	UID182615	1	1	0	0
1	1	UID182616	1	1	0	0
1	1	UID182632	1	1	0	0
1	1	UID182636	1	1	0	0
1	1	UID182637	1	1	0	0
1	1	UID182646	1	1	0	0
1	1	UID182652	1	1	0	0
1	1	UID182653	1	1	0	0
1	1	UID182668	1	1	0	0
1	1	UID182670	1	1	0	0
1	1	UID182673	1	1	0	0
1	1	UID182677	1	1	0	0
1	1	UID182684	1	1	0	0
1	1	UID182689	1	1	0	0
1	1	UID182690	1	1	0	0
1	1	UID182691	1	1	0	0
1	1	UID182696	1	1	0	0
1	1	UID182702	1	1	0	0
1	1	UID182703	1	1	0	0
1	1	UID182705	1	1	0	0
1	1	UID182708	1	1	0	0
1	1	UID182714	1	1	0	0
1	1	UID182715	1	1	0	0
1	1	UID182716	1	1	0	0
1	1	UID182721	1	1	0	0
1	1	UID182724	1	1	0	0
1	1	UID182725	1	1	0	0
1	1	UID182726	1	1	0	0
1	1	UID182733	1	1	0	0
1	1	UID182736	1	1	0	0
1	1	UID182737	1	1	0	0
1	1	UID182740	1	1	0	0
1	1	UID182756	1	1	0	0
1	1	UID182765	1	1	0	0
1	1	UID182771	1	1	0	0
1	1	UID182779	1	1	0	0
1	1	UID182792	1	1	0	0
1	1	UID182794	1	1	0	0
1	1	UID182805	1	1	0	0
1	1	UID182811	1	1	0	0
1	1	UID182816	1	1	0	0
1	1	UID182818	1	1	0	0
1	1	UID182822	1	1	0	0
1	1	UID182829	1	1	0	0
1	1	UID182831	1	1	0	0
1	1	UID182835	1	1	0	0
1	1	UID182836	1	1	0	0
1	1	UID182837	1	1	0	0
1	1	UID182838	1	1	0	0
1	1	UID182839	1	1	0	0
1	1	UID182842	1	1	0	0
1	1	UID182843	1	1	0	0
1	1	UID182849	1	1	0	0
1	1	UID182856	1	1	0	0
1	1	UID182859	1	1	0	0
1	1	UID182861	1	1	0	0
1	1	UID182863	1	1	0	0
1	1	UID182865	1	1	0	0
1	1	UID182871	1	1	0	0
1	1	UID182875	1	1	0	0
1	1	UID182884	1	1	0	0
1	1	UID182890	1	1	0	0
1	1	UID182895	1	1	0	0
1	1	UID182897	1	1	0	0
1	1	UID182902	1	1	0	0
1	1	UID182912	1	1	0	0
1	1	UID182916	1	1	0	0
1	1	UID182917	1	1	0	0
1	1	UID182927	1	1	0	0
1	1	UID182928	1	1	0	0
1	1	UID182930	1	1	0	0
1	1	UID182932	1	1	0	0
1	1	UID182941	1	1	0	0
1	1	UID182944	1	1	0	0
1	1	UID182945	1	1	0	0
1	1	UID182948	1	1	0	0
1	1	UID182951	1	1	0	0
1	1	UID182953	1	1	0	0
1	1	UID182959	1	1	0	0
1	1	UID182960	1	1	0	0
1	1	UID182962	1	1	0	0
1	1	UID182964	1	1	0	0
1	1	UID182970	1	1	0	0
1	1	UID182972	1	1	0	0
1	1	UID182978	1	1	0	0
1	1	UID182979	1	1	0	0
1	1	UID182982	1	1	0	0
1	1	UID182989	1	1	0	0
1	1	UID182990	1	1	0	0
1	1	UID182992	1	1	0	0
1	1	UID182996	1	1	0	0
1	1	UID182999	1	1	0	0
1	1	UID183008	1	1	0	0
1	1	UID183011	1	1	0	0
1	1	UID183013	1	1	0	0
1	1	UID183026	1	1	0	0
1	1	UID183046	1	1	0	0
1	1	UID183075	1	1	0	0
1	1	UID183084	1	1	0	0
1	1	UID183098	1	1	0	0
1	1	UID183131	1	1	0	0
1	1	UID183138	1	1	0	0
1	1	UID183141	1	1	0	0
1	1	UID183144	1	1	0	0
1	1	UID183145	1	1	0	0
1	1	UID183150	1	1	0	0
1	1	UID183152	1	1	0	0
1	1	UID183161	1	1	0	0
1	1	UID183165	1	1	0	0
1	1	UID183166	1	1	0	0
1	1	UID183172	1	1	0	0
1	1	UID183198	1	1	0	0
1	1	UID183226	1	1	0	0
1	1	UID183240	1	1	0	0
1	1	UID183242	1	1	0	0
1	1	UID183252	1	1	0	0
1	1	UID183260	1	1	0	0
1	1	UID183268	1	1	0	0
1	1	UID183279	1	1	0	0
1	1	UID183284	1	1	0	0
1	1	UID183302	1	1	0	0
1	1	UID183307	1	1	0	0
1	1	UID183309	1	1	0	0
1	1	UID183385	1	1	0	0
1	1	UID183422	1	1	0	0
1	1	UID183444	1	1	0	0
1	1	UID183476	1	1	0	0
1	1	UID183484	1	1	0	0
1	1	UID183495	1	1	0	0
1	1	UID183505	1	1	0	0
1	1	UID183507	1	1	0	0
1	1	UID183511	1	1	0	0
1	1	UID183515	1	1	0	0
1	1	UID183522	1	1	0	0
1	1	UID183523	1	1	0	0
1	1	UID183526	1	1	0	0
1	1	UID183531	1	1	0	0
1	1	UID183535	1	1	0	0
1	1	UID183537	1	1	0	0
1	1	UID183546	1	1	0	0
1	1	UID183549	1	1	0	0
1	1	UID183556	1	1	0	0
1	1	UID183569	1	1	0	0
1	1	UID183575	1	1	0	0
1	1	UID183579	1	1	0	0
1	1	UID183591	1	1	0	0
1	1	UID183595	1	1	0	0
1	1	UID183599	1	1	0	0
1	1	UID183601	1	1	0	0
1	1	UID183609	1	1	0	0
1	1	UID183611	1	1	0	0
1	1	UID183614	1	1	0	0
1	1	UID183616	1	1	0	0
1	1	UID183622	1	1	0	0
1	1	UID183637	1	1	0	0
1	1	UID183642	1	1	0	0
1	1	UID183649	1	1	0	0
1	1	UID183653	1	1	0	0
1	1	UID183655	1	1	0	0
1	1	UID183657	1	1	0	0
1	1	UID183662	1	1	0	0
1	1	UID183673	1	1	0	0
1	1	UID183676	1	1	0	0
1	1	UID183677	1	1	0	0
1	1	UID183685	1	1	0	0
1	1	UID183689	1	1	0	0
1	1	UID183691	1	1	0	0
1	1	UID183692	1	1	0	0
1	1	UID183693	1	1	0	0
1	1	UID183695	1	1	0	0
1	1	UID183708	1	1	0	0
1	1	UID183715	1	1	0	0
1	1	UID183717	1	1	0	0
1	1	UID183718	1	1	0	0
1	1	UID183725	1	1	0	0
1	1	UID183726	1	1	0	0
1	1	UID183729	1	1	0	0
1	1	UID183731	1	1	0	0
1	1	UID183736	1	1	0	0
1	1	UID183747	1	1	0	0
1	1	UID183748	1	1	0	0
1	1	UID183749	1	1	0	0
1	1	UID183751	1	1	0	0
1	1	UID183752	1	1	0	0
1	1	UID183757	1	1	0	0
1	1	UID183758	1	1	0	0
1	1	UID183762	1	1	0	0
1	1	UID183767	1	1	0	0
1	1	UID183774	1	1	0	0
1	1	UID183775	1	1	0	0
1	1	UID183780	1	1	0	0
1	1	UID183783	1	1	0	0
1	1	UID183784	1	1	0	0
1	1	UID183786	1	1	0	0
1	1	UID183787	1	1	0	0
1	1	UID183791	1	1	0	0
1	1	UID183792	1	1	0	0
1	1	UID183797	1	1	0	0
1	1	UID183804	1	1	0	0
1	1	UID183809	1	1	0	0
1	1	UID183810	1	1	0	0
1	1	UID183821	1	1	0	0
1	1	UID183823	1	1	0	0
1	1	UID183826	1	1	0	0
1	1	UID183834	1	1	0	0
1	1	UID183835	1	1	0	0
1	1	UID183837	1	1	0	0
1	1	UID183841	1	1	0	0
1	1	UID183851	1	1	0	0
1	1	UID183853	1	1	0	0
1	1	UID183857	1	1	0	0
1	1	UID183866	1	1	0	0
1	1	UID183871	1	1	0	0
1	1	UID183876	1	1	0	0
1	1	UID183893	1	1	0	0
1	1	UID183898	1	1	0	0
1	1	UID183904	1	1	0	0
1	1	UID183907	1	1	0	0
1	1	UID183910	1	1	0	0
1	1	UID183912	1	1	0	0
1	1	UID183918	1	1	0	0
1	1	UID183921	1	1	0	0
1	1	UID183922	1	1	0	0
1	1	UID183923	1	1	0	0
1	1	UID183931	1	1	0	0
1	1	UID183932	1	1	0	0
1	1	UID183935	1	1	0	0
1	1	UID183936	1	1	0	0
1	1	UID183940	1	1	0	0
1	1	UID183947	1	1	0	0
1	1	UID183967	1	1	0	0
1	1	UID183978	1	1	0	0
1	1	UID183982	1	1	0	0
1	1	UID183983	1	1	0	0
1	1	UID183984	1	1	0	0
1	1	UID183985	1	1	0	0
1	1	UID183986	1	1	0	0
1	1	UID183988	1	1	0	0
1	1	UID183991	1	1	0	0
1	1	UID183995	1	1	0	0
1	1	UID183999	1	1	0	0
1	1	UID184001	1	1	0	0
1	1	UID184007	1	1	0	0
1	1	UID184012	1	1	0	0
1	1	UID184014	1	1	0	0
1	1	UID184018	1	1	0	0
1	1	UID184019	1	1	0	0
1	1	UID184020	1	1	0	0
1	1	UID184026	1	1	0	0
1	1	UID184028	1	1	0	0
1	1	UID184031	1	1	0	0
1	1	UID184033	1	1	0	0
1	1	UID184034	1	1	0	0
1	1	UID184041	1	1	0	0
1	1	UID184042	1	1	0	0
1	1	UID184044	1	1	0	0
1	1	UID184046	1	1	0	0
1	1	UID184048	1	1	0	0
1	1	UID184049	1	1	0	0
1	1	UID184052	1	1	0	0
1	1	UID184061	1	1	0	0
1	1	UID184064	1	1	0	0
1	1	UID184067	1	1	0	0
1	1	UID184072	1	1	0	0
1	1	UID184074	1	1	0	0
1	1	UID184075	1	1	0	0
1	1	UID184079	1	1	0	0
1	1	UID184080	1	1	0	0
1	1	UID184081	1	1	0	0
1	1	UID184084	1	1	0	0
1	1	UID184087	1	1	0	0
1	1	UID184091	1	1	0	0
1	1	UID184094	1	1	0	0
1	1	UID184095	1	1	0	0
1	1	UID184097	1	1	0	0
1	1	UID184099	1	1	0	0
1	1	UID184100	1	1	0	0
1	1	UID184102	1	1	0	0
1	1	UID184104	1	1	0	0
1	1	UID184107	1	1	0	0
1	1	UID184117	1	1	0	0
1	1	UID184118	1	1	0	0
1	1	UID184120	1	1	0	0
1	1	UID184125	1	1	0	0
1	1	UID184131	1	1	0	0
1	1	UID184134	1	1	0	0
1	1	UID184140	1	1	0	0
1	1	UID184142	1	1	0	0
1	1	UID184143	1	1	0	0
1	1	UID184146	1	1	0	0
1	1	UID184149	1	1	0	0
1	1	UID184151	1	1	0	0
1	1	UID184154	1	1	0	0
1	1	UID184157	1	1	0	0
1	1	UID184159	1	1	0	0
1	1	UID184164	1	1	0	0
1	1	UID184167	1	1	0	0
1	1	UID184170	1	1	0	0
1	1	UID184171	1	1	0	0
1	1	UID184177	1	1	0	0
1	1	UID184180	1	1	0	0
1	1	UID184183	1	1	0	0
1	1	UID184188	1	1	0	0
1	1	UID184191	1	1	0	0
1	1	UID184202	1	1	0	0
1	1	UID184204	1	1	0	0
1	1	UID184217	1	1	0	0
1	1	UID184223	1	1	0	0
1	1	UID184228	1	1	0	0
1	1	UID184233	1	1	0	0
1	1	UID184234	1	1	0	0
1	1	UID184237	1	1	0	0
1	1	UID184240	1	1	0	0
1	1	UID184244	1	1	0	0
1	1	UID184254	1	1	0	0
1	1	UID184255	1	1	0	0
1	1	UID184303	1	1	0	0
1	1	UID184312	1	1	0	0
1	1	UID184322	1	1	0	0
1	1	UID184323	1	1	0	0
1	1	UID184348	1	1	0	0
1	1	UID184351	1	1	0	0
1	1	UID184352	1	1	0	0
1	1	UID184355	1	1	0	0
1	1	UID184363	1	1	0	0
1	1	UID184380	1	1	0	0
1	1	UID184396	1	1	0	0
1	1	UID184397	1	1	0	0
1	1	UID184399	1	1	0	0
1	1	UID184417	1	1	0	0
1	1	UID184426	1	1	0	0
1	1	UID184427	1	1	0	0
1	1	UID184430	1	1	0	0
1	1	UID184431	1	1	0	0
1	1	UID184432	1	1	0	0
1	1	UID184433	1	1	0	0
1	1	UID184434	1	1	0	0
1	1	UID184435	1	1	0	0
1	1	UID184437	1	1	0	0
1	1	UID184439	1	1	0	0
1	1	UID184440	1	1	0	0
1	1	UID184441	1	1	0	0
1	1	UID184472	1	1	0	0
1	1	UID184497	1	1	0	0
4	4	UID184502	1	4	2	2
1	1	UID184507	1	1	0	0
1	1	UID184510	1	1	0	0
1	1	UID184530	1	1	0	0
1	1	UID184536	1	1	0	0
1	1	UID184537	1	1	0	0
1	1	UID184540	1	1	0	0
1	1	UID184545	1	1	0	0
1	1	UID184547	1	1	0	0
1	1	UID184556	1	1	0	0
2	2	UID184558	1	2	1	1
1	1	UID184559	1	1	0	0
1	1	UID184568	1	1	0	0
1	1	UID184569	1	1	0	0
1	1	UID184570	1	1	0	0
1	1	UID184590	1	1	0	0
1	1	UID184599	1	1	0	0
1	1	UID184601	1	1	0	0
1	1	UID184616	1	1	0	0
1	1	UID184617	1	1	0	0
1	1	UID184623	1	1	0	0
2	2	UID184625	1	2	1	1
1	1	UID184634	1	1	0	0
2	2	UID184655	1	2	1	1
1	1	UID184694	1	1	0	0
1	1	UID184709	1	1	0	0
1	1	UID184717	1	1	0	0
1	1	UID184721	1	1	0	0
1	1	UID184726	1	1	0	0
1	1	UID184749	1	1	0	0
1	1	UID184750	1	1	0	0
1	1	UID184751	1	1	0	0
1	1	UID184752	1	1	0	0
1	1	UID184753	1	1	0	0
1	1	UID184754	1	1	0	0
1	1	UID184775	1	1	0	0
1	1	UID184780	1	1	0	0
1	1	UID184824	1	1	0	0
1	1	UID184862	1	1	0	0
1	1	UID184863	1	1	0	0
1	1	UID184879	1	1	0	0
1	1	UID184898	1	1	0	0
1	1	UID184903	1	1	0	0
7	7	UID184928	1	7	2	2
1	1	UID184935	1	1	0	0
2	2	UID184940	1	2	1	1
1	1	UID184974	1	1	0	0
1	1	UID184978	1	1	0	0
1	1	UID184984	1	1	0	0
1	1	UID184990	1	1	0	0
1	1	UID184993	1	1	0	0
2	2	UID185021	1	2	1	1
1	1	UID185023	1	1	0	0
2	2	UID185024	1	2	1	1
1	1	UID185025	1	1	0	0
1	1	UID185062	1	1	0	0
1	1	UID185066	1	1	0	0
1	1	UID185097	1	1	0	0
1	1	UID185112	1	1	0	0
1	1	UID185113	1	1	0	0
1	1	UID185117	1	1	0	0
1	1	UID185120	1	1	0	0
1	1	UID185121	1	1	0	0
1	1	UID185122	1	1	0	0
1	1	UID185132	1	1	0	0
1	1	UID185135	1	1	0	0
1	1	UID185210	1	1	0	0
1	1	UID185400	1	1	0	0
1	1	UID185476	1	1	0	0
1	1	UID185494	1	1	0	0
1	1	UID185517	1	1	0	0
1	1	UID185518	1	1	0	0
1	1	UID185519	1	1	0	0
1	1	UID185549	1	1	0	0
1	1	UID185617	1	1	0	0
1	1	UID185631	1	1	0	0
1	1	UID185635	1	1	0	0
1	1	UID185636	1	1	0	0
6	6	UID185637	1	6	2	2
1	1	UID185647	1	1	0	0
1	1	UID185658	1	1	0	0
1	1	UID185684	1	1	0	0
1	1	UID185697	1	1	0	0
7	7	UID185729	1	7	2	2
2	2	UID185731	1	2	1	1
1	1	UID185743	1	1	0	0
1	1	UID185747	1	1	0	0
1	1	UID185751	1	1	0	0
1	1	UID185759	1	1	0	0
1	1	UID185761	1	1	0	0
1	1	UID185763	1	1	0	0
1	1	UID185764	1	1	0	0
1	1	UID185765	1	1	0	0
1	1	UID185767	1	1	0	0
1	1	UID185771	1	1	0	0
1	1	UID19966	1	1	0	0
1	1	UID23337	1	1	0	0
1	1	UID31684	1	1	0	0
1	1	UID35977	1	1	0	0
1	1	UID38073	1	1	0	0
1	1	UID39740	1	1	0	0
1	1	UID49088	1	1	0	0
1	1	UID6922	1	1	0	0
1	1	UID70724	1	1	0	0
1	1	UID81679	1	1	0	0
1	1	UID96216	1	1	0	0
