36323	154853	UID33336	52289	28739	9	9
1176	2745	UID254	835	901	9	9
835	2046	UID930	591	616	5	5
58	408	UID227	329	42	2	2
593	1278	UID98714	327	470	4	4
32	151	UID4	113	26	2	2
172	309	UID31712	106	160	2	2
158	282	UID493	105	143	2	2
82	173	UID163302	70	65	3	3
164	305	UID27	54	141	3	3
38	71	UID145821	27	32	2	2
46	73	UID44965	27	44	2	2
44	71	UID166178	25	41	2	2
25	47	UID166743	22	23	2	2
43	75	UID80073	21	38	3	3
19	33	UID346187	15	18	1	1
26	40	UID166175	14	24	2	2
8	20	UID32023	12	6	1	1
14	25	UID186088	10	12	2	2
36	48	UID346514	7	30	2	2
2	8	UID612	7	1	1	1
2	7	UID346668	6	1	1	1
1	5	UID346696	5	0	0	0
2	6	UID346829	5	1	1	1
2	6	UID346855	5	1	1	1
2	6	UID346872	5	1	1	1
2	6	UID346876	5	1	1	1
1	5	UID57	5	0	0	0
3	6	UID138069	4	2	1	1
1	4	UID346890	4	0	0	0
1	4	UID346895	4	0	0	0
1	4	UID346897	4	0	0	0
1	4	UID346900	4	0	0	0
2	5	UID346910	4	1	1	1
1	4	UID346928	4	0	0	0
1	4	UID346932	4	0	0	0
1	4	UID346933	4	0	0	0
1	4	UID346936	4	0	0	0
1	4	UID346939	4	0	0	0
1	4	UID346949	4	0	0	0
2	5	UID346965	4	1	1	1
1	4	UID346968	4	0	0	0
1	4	UID346969	4	0	0	0
2	5	UID346978	4	1	1	1
1	4	UID346988	4	0	0	0
1	4	UID347007	4	0	0	0
1	4	UID347085	4	0	0	0
1	4	UID347096	4	0	0	0
1	4	UID347107	4	0	0	0
1	4	UID347136	4	0	0	0
1	4	UID347154	4	0	0	0
1	4	UID347155	4	0	0	0
1	4	UID347160	4	0	0	0
1	4	UID347184	4	0	0	0
1	4	UID347189	4	0	0	0
1	4	UID347199	4	0	0	0
1	4	UID347215	4	0	0	0
3	6	UID347217	4	2	2	2
1	4	UID347224	4	0	0	0
1	4	UID347256	4	0	0	0
1	4	UID347268	4	0	0	0
2	5	UID347277	4	1	0	0
1	4	UID347284	4	0	0	0
1	4	UID347285	4	0	0	0
1	4	UID347296	4	0	0	0
1	4	UID347299	4	0	0	0
1	4	UID347315	4	0	0	0
1	4	UID347322	4	0	0	0
1	4	UID347325	4	0	0	0
1	4	UID347329	4	0	0	0
2	5	UID347332	4	1	1	1
4	7	UID6474	4	3	1	1
1	3	UID347359	3	0	0	0
1	3	UID347367	3	0	0	0
1	3	UID347369	3	0	0	0
1	3	UID347379	3	0	0	0
3	5	UID347384	3	2	1	1
1	3	UID347404	3	0	0	0
1	3	UID347405	3	0	0	0
1	3	UID347409	3	0	0	0
1	3	UID347410	3	0	0	0
1	3	UID347412	3	0	0	0
1	3	UID347421	3	0	0	0
1	3	UID347432	3	0	0	0
1	3	UID347439	3	0	0	0
1	3	UID347441	3	0	0	0
1	3	UID347463	3	0	0	0
1	3	UID347464	3	0	0	0
1	3	UID347490	3	0	0	0
1	3	UID347496	3	0	0	0
1	3	UID347500	3	0	0	0
1	3	UID347511	3	0	0	0
1	3	UID347512	3	0	0	0
2	6	UID347515	3	0	1	1
1	3	UID347517	3	0	0	0
1	3	UID347529	3	0	0	0
1	3	UID347535	3	0	0	0
1	3	UID347543	3	0	0	0
1	3	UID347550	3	0	0	0
1	3	UID347552	3	0	0	0
1	3	UID347556	3	0	0	0
1	3	UID347557	3	0	0	0
1	3	UID347558	3	0	0	0
1	3	UID347574	3	0	0	0
1	3	UID347578	3	0	0	0
1	3	UID347587	3	0	0	0
1	3	UID347593	3	0	0	0
1	3	UID347617	3	0	0	0
1	3	UID347623	3	0	0	0
1	3	UID347637	3	0	0	0
1	3	UID347682	3	0	0	0
1	3	UID347697	3	0	0	0
2	4	UID347707	3	1	1	1
1	3	UID347734	3	0	0	0
1	3	UID347818	3	0	0	0
1	3	UID347869	3	0	0	0
1	3	UID347891	3	0	0	0
1	3	UID347905	3	0	0	0
1	3	UID347907	3	0	0	0
1	3	UID347908	3	0	0	0
1	3	UID347928	3	0	0	0
1	3	UID347946	3	0	0	0
1	3	UID347952	3	0	0	0
1	3	UID347957	3	0	0	0
1	3	UID347963	3	0	0	0
1	3	UID347993	3	0	0	0
1	3	UID347998	3	0	0	0
1	3	UID348003	3	0	0	0
2	4	UID348008	3	1	1	1
3	5	UID348010	3	2	1	1
2	4	UID348033	3	1	1	1
1	3	UID348042	3	0	0	0
1	3	UID348050	3	0	0	0
2	4	UID348053	3	1	0	0
1	3	UID348058	3	0	0	0
1	3	UID348064	3	0	0	0
2	4	UID348067	3	1	1	1
1	3	UID348071	3	0	0	0
1	3	UID348074	3	0	0	0
1	3	UID348077	3	0	0	0
1	3	UID348079	3	0	0	0
1	3	UID348088	3	0	0	0
2	4	UID348090	3	1	1	1
1	3	UID348099	3	0	0	0
1	3	UID348106	3	0	0	0
1	3	UID348110	3	0	0	0
1	3	UID348114	3	0	0	0
1	3	UID348116	3	0	0	0
1	3	UID348127	3	0	0	0
1	3	UID348129	3	0	0	0
1	3	UID348140	3	0	0	0
2	4	UID348149	3	1	1	1
1	3	UID348157	3	0	0	0
1	3	UID348167	3	0	0	0
1	3	UID348174	3	0	0	0
1	3	UID348175	3	0	0	0
1	3	UID348176	3	0	0	0
1	3	UID348178	3	0	0	0
2	4	UID348187	3	1	1	1
1	3	UID348198	3	0	0	0
1	3	UID348199	3	0	0	0
1	3	UID348204	3	0	0	0
1	3	UID348214	3	0	0	0
1	3	UID348215	3	0	0	0
2	4	UID348216	3	1	1	1
1	3	UID348219	3	0	0	0
1	3	UID348250	3	0	0	0
1	3	UID348253	3	0	0	0
1	3	UID348254	3	0	0	0
1	3	UID348259	3	0	0	0
1	3	UID348261	3	0	0	0
1	3	UID348275	3	0	0	0
1	3	UID348278	3	0	0	0
1	3	UID348282	3	0	0	0
1	3	UID348290	3	0	0	0
1	3	UID348306	3	0	0	0
1	3	UID348319	3	0	0	0
1	3	UID348322	3	0	0	0
1	3	UID348329	3	0	0	0
1	3	UID348330	3	0	0	0
1	3	UID348336	3	0	0	0
1	3	UID348337	3	0	0	0
1	3	UID348350	3	0	0	0
1	3	UID348365	3	0	0	0
1	3	UID348373	3	0	0	0
3	5	UID348374	3	2	1	1
1	3	UID348378	3	0	0	0
1	3	UID348386	3	0	0	0
1	3	UID348391	3	0	0	0
1	3	UID348407	3	0	0	0
1	3	UID348425	3	0	0	0
1	3	UID348438	3	0	0	0
1	3	UID348440	3	0	0	0
1	3	UID348443	3	0	0	0
1	3	UID348447	3	0	0	0
1	3	UID348459	3	0	0	0
1	3	UID348462	3	0	0	0
1	3	UID348466	3	0	0	0
1	3	UID348472	3	0	0	0
1	3	UID348478	3	0	0	0
1	3	UID348482	3	0	0	0
1	3	UID348487	3	0	0	0
1	3	UID348490	3	0	0	0
1	3	UID348507	3	0	0	0
1	3	UID348515	3	0	0	0
1	3	UID348519	3	0	0	0
1	3	UID348528	3	0	0	0
1	3	UID348532	3	0	0	0
1	3	UID348533	3	0	0	0
1	3	UID348540	3	0	0	0
2	4	UID348542	3	1	0	0
1	3	UID348544	3	0	0	0
1	3	UID348552	3	0	0	0
1	3	UID348563	3	0	0	0
1	3	UID348575	3	0	0	0
1	3	UID348578	3	0	0	0
1	3	UID348587	3	0	0	0
1	3	UID348599	3	0	0	0
1	3	UID348605	3	0	0	0
1	3	UID348608	3	0	0	0
1	3	UID348613	3	0	0	0
2	4	UID348638	3	1	1	1
1	3	UID348644	3	0	0	0
1	3	UID348645	3	0	0	0
2	4	UID348647	3	1	0	0
1	3	UID348648	3	0	0	0
1	3	UID348653	3	0	0	0
1	3	UID348658	3	0	0	0
1	3	UID348668	3	0	0	0
1	3	UID348670	3	0	0	0
1	3	UID348673	3	0	0	0
1	3	UID348674	3	0	0	0
1	3	UID348678	3	0	0	0
1	3	UID348680	3	0	0	0
1	3	UID348683	3	0	0	0
1	3	UID348688	3	0	0	0
1	3	UID348690	3	0	0	0
2	4	UID348692	3	1	1	1
1	3	UID348700	3	0	0	0
1	3	UID348701	3	0	0	0
1	3	UID348704	3	0	0	0
1	3	UID348705	3	0	0	0
5	8	UID188341	2	2	2	2
2	3	UID348739	2	1	1	1
2	3	UID348783	2	1	1	1
2	3	UID348785	2	1	1	1
1	2	UID348789	2	0	0	0
1	2	UID348812	2	0	0	0
2	3	UID348823	2	1	1	1
1	2	UID348847	2	0	0	0
1	2	UID348848	2	0	0	0
2	3	UID348860	2	1	1	1
1	2	UID348866	2	0	0	0
2	3	UID348920	2	1	1	1
1	2	UID348921	2	0	0	0
1	2	UID348931	2	0	0	0
1	2	UID348960	2	0	0	0
1	2	UID348964	2	0	0	0
1	2	UID349005	2	0	0	0
1	2	UID349025	2	0	0	0
1	2	UID349048	2	0	0	0
1	2	UID349055	2	0	0	0
1	2	UID349067	2	0	0	0
1	2	UID349074	2	0	0	0
3	4	UID349094	2	2	1	1
1	2	UID349102	2	0	0	0
2	3	UID349105	2	1	1	1
1	2	UID349161	2	0	0	0
1	2	UID349180	2	0	0	0
1	2	UID349207	2	0	0	0
1	2	UID349210	2	0	0	0
2	3	UID349231	2	1	1	1
1	2	UID349256	2	0	0	0
2	4	UID349269	2	0	1	1
2	3	UID349281	2	1	1	1
1	2	UID349310	2	0	0	0
1	2	UID349316	2	0	0	0
1	2	UID349334	2	0	0	0
1	2	UID349367	2	0	0	0
1	2	UID349373	2	0	0	0
1	2	UID349442	2	0	0	0
1	2	UID349476	2	0	0	0
1	2	UID349588	2	0	0	0
2	3	UID349631	2	1	1	1
1	2	UID349633	2	0	0	0
1	2	UID349656	2	0	0	0
2	3	UID349699	2	1	1	1
1	2	UID349735	2	0	0	0
2	3	UID349737	2	1	1	1
1	2	UID349836	2	0	0	0
1	2	UID349853	2	0	0	0
1	2	UID349860	2	0	0	0
1	2	UID350151	2	0	0	0
2	3	UID350444	2	1	1	1
2	3	UID350733	2	1	1	1
2	3	UID350842	2	1	1	1
2	3	UID350893	2	1	1	1
2	3	UID351201	2	1	1	1
2	3	UID351242	2	1	1	1
2	3	UID351332	2	1	1	1
2	3	UID351336	2	1	1	1
1	2	UID351405	2	0	0	0
1	2	UID351429	2	0	0	0
1	2	UID351501	2	0	0	0
2	3	UID351504	2	1	1	1
1	2	UID351517	2	0	0	0
2	3	UID351556	2	1	1	1
2	3	UID351577	2	1	1	1
1	2	UID351580	2	0	0	0
1	2	UID351593	2	0	0	0
2	3	UID351689	2	1	1	1
1	2	UID351717	2	0	0	0
1	2	UID351749	2	0	0	0
2	3	UID351774	2	1	1	1
1	2	UID351787	2	0	0	0
2	3	UID351821	2	1	1	1
2	3	UID351913	2	1	1	1
1	2	UID351932	2	0	0	0
2	3	UID351935	2	1	1	1
2	3	UID351942	2	1	1	1
1	2	UID351987	2	0	0	0
1	2	UID352045	2	0	0	0
1	2	UID352067	2	0	0	0
2	3	UID352111	2	1	1	1
3	5	UID352125	2	1	1	1
1	2	UID352157	2	0	0	0
1	2	UID352163	2	0	0	0
1	2	UID352170	2	0	0	0
1	2	UID352173	2	0	0	0
2	3	UID352175	2	1	1	1
1	2	UID352239	2	0	0	0
1	2	UID352266	2	0	0	0
2	3	UID352296	2	1	1	1
1	2	UID352380	2	0	0	0
1	2	UID352400	2	0	0	0
1	2	UID352401	2	0	0	0
2	3	UID352448	2	1	1	1
1	2	UID352487	2	0	0	0
2	3	UID352497	2	1	1	1
2	3	UID352514	2	1	1	1
1	2	UID352529	2	0	0	0
1	2	UID352531	2	0	0	0
1	2	UID352564	2	0	0	0
1	2	UID352570	2	0	0	0
1	2	UID352584	2	0	0	0
1	2	UID352606	2	0	0	0
1	2	UID352610	2	0	0	0
1	2	UID352624	2	0	0	0
1	2	UID352662	2	0	0	0
2	3	UID352665	2	1	1	1
1	2	UID352766	2	0	0	0
1	2	UID352784	2	0	0	0
2	3	UID352787	2	1	1	1
1	2	UID352812	2	0	0	0
2	3	UID352880	2	1	1	1
2	3	UID352950	2	1	1	1
1	2	UID353008	2	0	0	0
1	2	UID353021	2	0	0	0
2	3	UID353053	2	1	1	1
2	3	UID353112	2	1	1	1
1	2	UID353132	2	0	0	0
1	2	UID353143	2	0	0	0
1	2	UID353168	2	0	0	0
2	3	UID353170	2	1	1	1
1	2	UID353173	2	0	0	0
1	2	UID353178	2	0	0	0
1	2	UID353207	2	0	0	0
1	2	UID353220	2	0	0	0
1	2	UID353256	2	0	0	0
1	2	UID353259	2	0	0	0
2	3	UID353276	2	1	1	1
1	2	UID353277	2	0	0	0
1	2	UID353303	2	0	0	0
1	2	UID353319	2	0	0	0
1	2	UID353360	2	0	0	0
1	2	UID353368	2	0	0	0
1	2	UID353408	2	0	0	0
2	3	UID353415	2	1	1	1
2	3	UID353440	2	1	1	1
1	2	UID353441	2	0	0	0
1	2	UID353455	2	0	0	0
1	2	UID353482	2	0	0	0
1	2	UID353487	2	0	0	0
1	2	UID353522	2	0	0	0
1	2	UID353525	2	0	0	0
1	2	UID353528	2	0	0	0
3	4	UID353530	2	2	1	1
3	4	UID353575	2	2	2	2
1	2	UID353594	2	0	0	0
1	2	UID353597	2	0	0	0
1	2	UID353624	2	0	0	0
2	3	UID353636	2	1	1	1
1	2	UID353658	2	0	0	0
1	2	UID353676	2	0	0	0
1	2	UID353684	2	0	0	0
2	3	UID353721	2	1	1	1
2	3	UID353745	2	1	1	1
1	2	UID353752	2	0	0	0
1	2	UID353771	2	0	0	0
1	2	UID353773	2	0	0	0
1	2	UID353784	2	0	0	0
1	2	UID353800	2	0	0	0
1	2	UID353811	2	0	0	0
1	2	UID353829	2	0	0	0
2	3	UID80358	2	1	1	1
1	1	UID340343	1	1	0	0
1	1	UID353841	1	1	0	0
1	1	UID353842	1	1	0	0
1	1	UID353843	1	1	0	0
1	1	UID353845	1	1	0	0
1	1	UID353849	1	1	0	0
1	1	UID353850	1	1	0	0
1	1	UID353852	1	1	0	0
1	1	UID353854	1	1	0	0
1	1	UID353855	1	1	0	0
1	1	UID353856	1	1	0	0
1	1	UID353857	1	1	0	0
1	1	UID353858	1	1	0	0
1	1	UID353859	1	1	0	0
1	1	UID353860	1	1	0	0
1	1	UID353862	1	1	0	0
1	1	UID353864	1	1	0	0
1	1	UID353865	1	1	0	0
1	1	UID353867	1	1	0	0
1	1	UID353868	1	1	0	0
1	1	UID353874	1	1	0	0
1	1	UID353876	1	1	0	0
1	1	UID353889	1	1	0	0
1	1	UID353945	1	1	0	0
1	1	UID353946	1	1	0	0
1	1	UID353949	1	1	0	0
1	1	UID353951	1	1	0	0
1	1	UID353953	1	1	0	0
1	1	UID353957	1	1	0	0
1	1	UID353961	1	1	0	0
1	1	UID353965	1	1	0	0
1	1	UID353967	1	1	0	0
1	1	UID353969	1	1	0	0
1	1	UID353974	1	1	0	0
1	1	UID353977	1	1	0	0
1	1	UID353979	1	1	0	0
1	1	UID353980	1	1	0	0
1	1	UID353982	1	1	0	0
1	1	UID353986	1	1	0	0
2	2	UID353993	1	2	1	1
1	1	UID353999	1	1	0	0
1	1	UID354001	1	1	0	0
1	1	UID354006	1	1	0	0
1	1	UID354010	1	1	0	0
1	1	UID354011	1	1	0	0
1	1	UID354013	1	1	0	0
1	1	UID354014	1	1	0	0
1	1	UID354016	1	1	0	0
1	1	UID354017	1	1	0	0
1	1	UID354018	1	1	0	0
1	1	UID354022	1	1	0	0
1	1	UID354023	1	1	0	0
1	1	UID354024	1	1	0	0
1	1	UID354025	1	1	0	0
1	1	UID354037	1	1	0	0
1	1	UID354042	1	1	0	0
1	1	UID354045	1	1	0	0
1	1	UID354046	1	1	0	0
1	1	UID354047	1	1	0	0
1	1	UID354077	1	1	0	0
1	1	UID354084	1	1	0	0
1	1	UID354095	1	1	0	0
1	1	UID354100	1	1	0	0
1	1	UID354107	1	1	0	0
1	1	UID354130	1	1	0	0
1	1	UID354135	1	1	0	0
1	1	UID354146	1	1	0	0
1	1	UID354155	1	1	0	0
1	1	UID354157	1	1	0	0
1	1	UID354163	1	1	0	0
1	1	UID354167	1	1	0	0
1	1	UID354200	1	1	0	0
1	1	UID354201	1	1	0	0
1	1	UID354202	1	1	0	0
1	1	UID354203	1	1	0	0
1	1	UID354204	1	1	0	0
1	1	UID354208	1	1	0	0
1	1	UID354211	1	1	0	0
1	1	UID354212	1	1	0	0
1	1	UID354213	1	1	0	0
1	1	UID354214	1	1	0	0
1	1	UID354215	1	1	0	0
1	1	UID354255	1	1	0	0
1	1	UID354269	1	1	0	0
1	1	UID354270	1	1	0	0
1	1	UID354272	1	1	0	0
1	1	UID354273	1	1	0	0
1	1	UID354275	1	1	0	0
1	1	UID354279	1	1	0	0
1	1	UID354282	1	1	0	0
1	1	UID354291	1	1	0	0
1	1	UID354297	1	1	0	0
1	1	UID354298	1	1	0	0
1	1	UID354301	1	1	0	0
1	1	UID354302	1	1	0	0
1	1	UID354315	1	1	0	0
1	1	UID354316	1	1	0	0
1	1	UID354326	1	1	0	0
1	1	UID354403	1	1	0	0
1	1	UID354404	1	1	0	0
1	1	UID354406	1	1	0	0
1	1	UID354439	1	1	0	0
1	1	UID354441	1	1	0	0
1	1	UID354453	1	1	0	0
1	1	UID354456	1	1	0	0
1	1	UID354457	1	1	0	0
1	1	UID354467	1	1	0	0
1	1	UID354471	1	1	0	0
1	1	UID354474	1	1	0	0
1	1	UID354475	1	1	0	0
1	1	UID354479	1	1	0	0
1	1	UID354480	1	1	0	0
2	2	UID354495	1	2	1	1
1	1	UID354500	1	1	0	0
1	1	UID354508	1	1	0	0
1	1	UID354509	1	1	0	0
1	1	UID354512	1	1	0	0
1	1	UID354514	1	1	0	0
1	1	UID354517	1	1	0	0
1	1	UID354525	1	1	0	0
1	1	UID354527	1	1	0	0
1	1	UID354534	1	1	0	0
1	1	UID354538	1	1	0	0
1	1	UID354542	1	1	0	0
1	1	UID354547	1	1	0	0
1	1	UID354598	1	1	0	0
1	1	UID354604	1	1	0	0
1	1	UID354617	1	1	0	0
1	1	UID354630	1	1	0	0
1	1	UID354634	1	1	0	0
1	1	UID354636	1	1	0	0
1	1	UID354640	1	1	0	0
1	1	UID354641	1	1	0	0
1	1	UID354655	1	1	0	0
1	1	UID354656	1	1	0	0
1	1	UID354659	1	1	0	0
1	1	UID354667	1	1	0	0
1	1	UID354668	1	1	0	0
1	1	UID354673	1	1	0	0
1	1	UID354674	1	1	0	0
1	1	UID354676	1	1	0	0
1	1	UID354678	1	1	0	0
1	1	UID354683	1	1	0	0
1	1	UID354684	1	1	0	0
1	1	UID354685	1	1	0	0
1	1	UID354686	1	1	0	0
1	1	UID354687	1	1	0	0
1	1	UID354692	1	1	0	0
1	1	UID354695	1	1	0	0
1	1	UID354698	1	1	0	0
1	1	UID354699	1	1	0	0
1	1	UID354701	1	1	0	0
1	1	UID354702	1	1	0	0
1	1	UID354703	1	1	0	0
1	1	UID354706	1	1	0	0
1	1	UID354708	1	1	0	0
1	1	UID354709	1	1	0	0
1	1	UID354711	1	1	0	0
1	1	UID354712	1	1	0	0
1	1	UID354715	1	1	0	0
1	1	UID354721	1	1	0	0
1	1	UID354722	1	1	0	0
1	1	UID354723	1	1	0	0
1	1	UID354724	1	1	0	0
1	1	UID354726	1	1	0	0
1	1	UID354727	1	1	0	0
1	1	UID354729	1	1	0	0
1	1	UID354733	1	1	0	0
1	1	UID354735	1	1	0	0
1	1	UID354740	1	1	0	0
1	1	UID354743	1	1	0	0
1	1	UID354744	1	1	0	0
1	1	UID354751	1	1	0	0
1	1	UID354753	1	1	0	0
1	1	UID354759	1	1	0	0
1	1	UID354761	1	1	0	0
1	1	UID354762	1	1	0	0
1	1	UID354763	1	1	0	0
1	1	UID354767	1	1	0	0
1	1	UID354768	1	1	0	0
1	1	UID354770	1	1	0	0
1	1	UID354795	1	1	0	0
1	1	UID354849	1	1	0	0
1	1	UID354850	1	1	0	0
1	1	UID354884	1	1	0	0
1	1	UID354902	1	1	0	0
1	1	UID354903	1	1	0	0
1	1	UID354906	1	1	0	0
1	1	UID354928	1	1	0	0
1	1	UID354937	1	1	0	0
1	1	UID354942	1	1	0	0
1	1	UID354943	1	1	0	0
1	1	UID354947	1	1	0	0
1	1	UID354950	1	1	0	0
1	1	UID354951	1	1	0	0
1	1	UID354966	1	1	0	0
1	1	UID354968	1	1	0	0
1	1	UID354974	1	1	0	0
1	1	UID354976	1	1	0	0
1	1	UID354977	1	1	0	0
1	1	UID355018	1	1	0	0
1	1	UID355024	1	1	0	0
1	1	UID355032	1	1	0	0
1	1	UID355033	1	1	0	0
1	1	UID355038	1	1	0	0
1	1	UID355041	1	1	0	0
1	1	UID355042	1	1	0	0
1	1	UID355047	1	1	0	0
1	1	UID355065	1	1	0	0
1	1	UID355075	1	1	0	0
1	1	UID355077	1	1	0	0
1	1	UID355078	1	1	0	0
1	1	UID355079	1	1	0	0
1	1	UID355081	1	1	0	0
1	1	UID355083	1	1	0	0
1	1	UID355084	1	1	0	0
1	1	UID355085	1	1	0	0
1	1	UID355091	1	1	0	0
1	1	UID355093	1	1	0	0
1	1	UID355094	1	1	0	0
1	1	UID355096	1	1	0	0
1	1	UID355097	1	1	0	0
1	1	UID355098	1	1	0	0
1	1	UID355100	1	1	0	0
1	1	UID355101	1	1	0	0
1	1	UID355118	1	1	0	0
1	1	UID355123	1	1	0	0
1	1	UID355130	1	1	0	0
1	1	UID355131	1	1	0	0
1	1	UID355132	1	1	0	0
1	1	UID355133	1	1	0	0
1	1	UID355134	1	1	0	0
1	1	UID355137	1	1	0	0
1	1	UID355139	1	1	0	0
1	1	UID355141	1	1	0	0
1	1	UID355164	1	1	0	0
1	1	UID355171	1	1	0	0
1	1	UID355175	1	1	0	0
2	2	UID355190	1	2	1	1
1	1	UID355194	1	1	0	0
1	1	UID355195	1	1	0	0
1	1	UID355202	1	1	0	0
1	1	UID355204	1	1	0	0
1	1	UID355205	1	1	0	0
1	1	UID355207	1	1	0	0
1	1	UID355210	1	1	0	0
1	1	UID355214	1	1	0	0
1	1	UID355215	1	1	0	0
1	1	UID355219	1	1	0	0
1	1	UID355225	1	1	0	0
1	1	UID355231	1	1	0	0
1	1	UID355239	1	1	0	0
1	1	UID355242	1	1	0	0
1	1	UID355261	1	1	0	0
1	1	UID355266	1	1	0	0
1	1	UID355276	1	1	0	0
1	1	UID355277	1	1	0	0
1	1	UID355278	1	1	0	0
1	1	UID355281	1	1	0	0
1	1	UID355285	1	1	0	0
1	1	UID355286	1	1	0	0
1	1	UID355288	1	1	0	0
1	1	UID355296	1	1	0	0
1	1	UID355302	1	1	0	0
1	1	UID355303	1	1	0	0
1	1	UID355305	1	1	0	0
1	1	UID355306	1	1	0	0
1	1	UID355308	1	1	0	0
1	1	UID355311	1	1	0	0
1	1	UID355315	1	1	0	0
1	1	UID355316	1	1	0	0
1	1	UID355319	1	1	0	0
1	1	UID355321	1	1	0	0
1	1	UID355322	1	1	0	0
1	1	UID355323	1	1	0	0
1	1	UID355325	1	1	0	0
1	1	UID355326	1	1	0	0
1	1	UID355327	1	1	0	0
1	1	UID355328	1	1	0	0
1	1	UID355335	1	1	0	0
1	1	UID355340	1	1	0	0
1	1	UID355341	1	1	0	0
1	1	UID355360	1	1	0	0
1	1	UID355372	1	1	0	0
1	1	UID355377	1	1	0	0
1	1	UID355379	1	1	0	0
1	1	UID355390	1	1	0	0
1	1	UID355394	1	1	0	0
1	1	UID355452	1	1	0	0
1	1	UID355463	1	1	0	0
1	1	UID355471	1	1	0	0
1	1	UID355495	1	1	0	0
1	1	UID355508	1	1	0	0
1	1	UID355518	1	1	0	0
1	1	UID355522	1	1	0	0
1	1	UID355523	1	1	0	0
1	1	UID355527	1	1	0	0
1	1	UID355529	1	1	0	0
1	1	UID355530	1	1	0	0
1	1	UID355539	1	1	0	0
1	1	UID355541	1	1	0	0
1	1	UID355544	1	1	0	0
1	1	UID355545	1	1	0	0
1	1	UID355550	1	1	0	0
1	1	UID355551	1	1	0	0
1	1	UID355576	1	1	0	0
1	1	UID355580	1	1	0	0
1	1	UID355596	1	1	0	0
1	1	UID355598	1	1	0	0
1	1	UID355599	1	1	0	0
1	1	UID355600	1	1	0	0
1	1	UID355601	1	1	0	0
1	1	UID355602	1	1	0	0
1	1	UID355603	1	1	0	0
1	1	UID355604	1	1	0	0
1	1	UID355605	1	1	0	0
1	1	UID355607	1	1	0	0
1	1	UID355614	1	1	0	0
1	1	UID355617	1	1	0	0
1	1	UID355618	1	1	0	0
1	1	UID355621	1	1	0	0
1	1	UID355623	1	1	0	0
1	1	UID355625	1	1	0	0
1	1	UID355627	1	1	0	0
1	1	UID355636	1	1	0	0
1	1	UID355637	1	1	0	0
1	1	UID355641	1	1	0	0
1	1	UID355704	1	1	0	0
1	1	UID355707	1	1	0	0
1	1	UID355713	1	1	0	0
1	1	UID355725	1	1	0	0
1	1	UID355745	1	1	0	0
2	2	UID355756	1	2	1	1
1	1	UID355759	1	1	0	0
1	1	UID355762	1	1	0	0
1	1	UID355769	1	1	0	0
1	1	UID355770	1	1	0	0
1	1	UID355772	1	1	0	0
1	1	UID355774	1	1	0	0
1	1	UID355776	1	1	0	0
1	1	UID355785	1	1	0	0
1	1	UID355786	1	1	0	0
1	1	UID355797	1	1	0	0
1	1	UID355799	1	1	0	0
4	4	UID355800	1	4	2	2
1	1	UID355806	1	1	0	0
1	1	UID355808	1	1	0	0
1	1	UID355811	1	1	0	0
1	1	UID355812	1	1	0	0
1	1	UID355813	1	1	0	0
1	1	UID355830	1	1	0	0
1	1	UID355877	1	1	0	0
1	1	UID355885	1	1	0	0
1	1	UID355889	1	1	0	0
1	1	UID355890	1	1	0	0
1	1	UID355900	1	1	0	0
1	1	UID355907	1	1	0	0
1	1	UID355912	1	1	0	0
1	1	UID355915	1	1	0	0
1	1	UID355923	1	1	0	0
1	1	UID355946	1	1	0	0
1	1	UID355955	1	1	0	0
1	1	UID355998	1	1	0	0
1	1	UID356000	1	1	0	0
1	1	UID356016	1	1	0	0
1	1	UID356018	1	1	0	0
1	1	UID356021	1	1	0	0
1	1	UID356032	1	1	0	0
1	1	UID356033	1	1	0	0
1	1	UID356038	1	1	0	0
1	1	UID356043	1	1	0	0
1	1	UID356076	1	1	0	0
1	1	UID356083	1	1	0	0
1	1	UID356087	1	1	0	0
1	1	UID356095	1	1	0	0
1	1	UID356097	1	1	0	0
1	1	UID356101	1	1	0	0
1	1	UID356102	1	1	0	0
1	1	UID356107	1	1	0	0
1	1	UID356111	1	1	0	0
1	1	UID356119	1	1	0	0
1	1	UID356123	1	1	0	0
1	1	UID356129	1	1	0	0
1	1	UID356149	1	1	0	0
1	1	UID356150	1	1	0	0
1	1	UID356153	1	1	0	0
1	1	UID356160	1	1	0	0
1	1	UID356166	1	1	0	0
1	1	UID356173	1	1	0	0
1	1	UID356178	1	1	0	0
1	1	UID356180	1	1	0	0
1	1	UID356186	1	1	0	0
1	1	UID356189	1	1	0	0
1	1	UID356192	1	1	0	0
1	1	UID356195	1	1	0	0
1	1	UID356232	1	1	0	0
1	1	UID356236	1	1	0	0
1	1	UID356247	1	1	0	0
1	1	UID356251	1	1	0	0
1	1	UID356252	1	1	0	0
1	1	UID356258	1	1	0	0
1	1	UID356259	1	1	0	0
1	1	UID356263	1	1	0	0
1	1	UID356276	1	1	0	0
1	1	UID356277	1	1	0	0
1	1	UID356287	1	1	0	0
1	1	UID356295	1	1	0	0
1	1	UID356311	1	1	0	0
1	1	UID356312	1	1	0	0
1	1	UID356370	1	1	0	0
1	1	UID356378	1	1	0	0
1	1	UID356388	1	1	0	0
1	1	UID356393	1	1	0	0
1	1	UID356404	1	1	0	0
1	1	UID356405	1	1	0	0
1	1	UID356410	1	1	0	0
1	1	UID356413	1	1	0	0
1	1	UID356415	1	1	0	0
1	1	UID356417	1	1	0	0
1	1	UID356419	1	1	0	0
1	1	UID356434	1	1	0	0
1	1	UID356435	1	1	0	0
1	1	UID356437	1	1	0	0
1	1	UID356447	1	1	0	0
1	1	UID356514	1	1	0	0
1	1	UID356516	1	1	0	0
1	1	UID356523	1	1	0	0
1	1	UID356530	1	1	0	0
1	1	UID356534	1	1	0	0
1	1	UID356535	1	1	0	0
1	1	UID356536	1	1	0	0
1	1	UID356537	1	1	0	0
1	1	UID356542	1	1	0	0
1	1	UID356543	1	1	0	0
1	1	UID356547	1	1	0	0
1	1	UID356548	1	1	0	0
1	1	UID356549	1	1	0	0
1	1	UID356550	1	1	0	0
1	1	UID356551	1	1	0	0
1	1	UID356552	1	1	0	0
1	1	UID356555	1	1	0	0
1	1	UID356556	1	1	0	0
1	1	UID356569	1	1	0	0
1	1	UID356571	1	1	0	0
1	1	UID356572	1	1	0	0
1	1	UID356575	1	1	0	0
1	1	UID356576	1	1	0	0
1	1	UID356577	1	1	0	0
1	1	UID356586	1	1	0	0
1	1	UID356591	1	1	0	0
1	1	UID356598	1	1	0	0
1	1	UID356664	1	1	0	0
1	1	UID356665	1	1	0	0
1	1	UID356678	1	1	0	0
1	1	UID356681	1	1	0	0
1	1	UID356688	1	1	0	0
1	1	UID356698	1	1	0	0
1	1	UID356701	1	1	0	0
1	1	UID356702	1	1	0	0
2	2	UID356703	1	2	1	1
1	1	UID356704	1	1	0	0
1	1	UID356706	1	1	0	0
1	1	UID356713	1	1	0	0
1	1	UID356723	1	1	0	0
1	1	UID356727	1	1	0	0
1	1	UID356728	1	1	0	0
1	1	UID356736	1	1	0	0
1	1	UID356738	1	1	0	0
1	1	UID356741	1	1	0	0
1	1	UID356742	1	1	0	0
1	1	UID356743	1	1	0	0
1	1	UID356744	1	1	0	0
1	1	UID356745	1	1	0	0
1	1	UID356746	1	1	0	0
1	1	UID356748	1	1	0	0
1	1	UID356749	1	1	0	0
1	1	UID356751	1	1	0	0
1	1	UID356755	1	1	0	0
1	1	UID356761	1	1	0	0
1	1	UID356767	1	1	0	0
1	1	UID356780	1	1	0	0
1	1	UID356782	1	1	0	0
1	1	UID356785	1	1	0	0
1	1	UID356786	1	1	0	0
1	1	UID356788	1	1	0	0
1	1	UID356789	1	1	0	0
1	1	UID356793	1	1	0	0
1	1	UID356799	1	1	0	0
1	1	UID356800	1	1	0	0
1	1	UID356805	1	1	0	0
1	1	UID356828	1	1	0	0
1	1	UID356834	1	1	0	0
1	1	UID356844	1	1	0	0
1	1	UID356849	1	1	0	0
1	1	UID356851	1	1	0	0
1	1	UID356853	1	1	0	0
1	1	UID356856	1	1	0	0
1	1	UID356857	1	1	0	0
1	1	UID356859	1	1	0	0
1	1	UID356860	1	1	0	0
1	1	UID356862	1	1	0	0
1	1	UID356864	1	1	0	0
1	1	UID356865	1	1	0	0
1	1	UID356871	1	1	0	0
1	1	UID356874	1	1	0	0
1	1	UID356876	1	1	0	0
1	1	UID356887	1	1	0	0
1	1	UID356888	1	1	0	0
1	1	UID356981	1	1	0	0
1	1	UID356993	1	1	0	0
1	1	UID357001	1	1	0	0
1	1	UID357016	1	1	0	0
1	1	UID357017	1	1	0	0
1	1	UID357020	1	1	0	0
1	1	UID357021	1	1	0	0
1	1	UID357029	1	1	0	0
1	1	UID357036	1	1	0	0
1	1	UID357038	1	1	0	0
1	1	UID357050	1	1	0	0
1	1	UID357076	1	1	0	0
1	1	UID357079	1	1	0	0
1	1	UID357080	1	1	0	0
1	1	UID357092	1	1	0	0
1	1	UID357104	1	1	0	0
1	1	UID357139	1	1	0	0
1	1	UID357156	1	1	0	0
1	1	UID357160	1	1	0	0
1	1	UID357161	1	1	0	0
3	3	UID357166	1	3	2	2
1	1	UID357170	1	1	0	0
1	1	UID357179	1	1	0	0
1	1	UID357194	1	1	0	0
1	1	UID357196	1	1	0	0
1	1	UID357213	1	1	0	0
1	1	UID357214	1	1	0	0
1	1	UID357215	1	1	0	0
1	1	UID357217	1	1	0	0
1	1	UID357219	1	1	0	0
1	1	UID357221	1	1	0	0
1	1	UID357225	1	1	0	0
1	1	UID357236	1	1	0	0
1	1	UID357237	1	1	0	0
1	1	UID357241	1	1	0	0
1	1	UID357242	1	1	0	0
1	1	UID357244	1	1	0	0
1	1	UID357245	1	1	0	0
1	1	UID357246	1	1	0	0
1	1	UID357249	1	1	0	0
1	1	UID357250	1	1	0	0
1	1	UID357251	1	1	0	0
1	1	UID357253	1	1	0	0
1	1	UID357254	1	1	0	0
1	1	UID357257	1	1	0	0
1	1	UID357259	1	1	0	0
1	1	UID357260	1	1	0	0
1	1	UID357264	1	1	0	0
1	1	UID357267	1	1	0	0
1	1	UID357268	1	1	0	0
1	1	UID357269	1	1	0	0
1	1	UID357270	1	1	0	0
1	1	UID357275	1	1	0	0
1	1	UID357277	1	1	0	0
1	1	UID357288	1	1	0	0
1	1	UID357289	1	1	0	0
1	1	UID357295	1	1	0	0
1	1	UID357297	1	1	0	0
1	1	UID357307	1	1	0	0
1	1	UID357308	1	1	0	0
1	1	UID357309	1	1	0	0
1	1	UID357310	1	1	0	0
1	1	UID357311	1	1	0	0
1	1	UID357312	1	1	0	0
1	1	UID357315	1	1	0	0
1	1	UID357317	1	1	0	0
1	1	UID357336	1	1	0	0
1	1	UID357338	1	1	0	0
1	1	UID357347	1	1	0	0
1	1	UID357421	1	1	0	0
1	1	UID357425	1	1	0	0
1	1	UID357427	1	1	0	0
1	1	UID357428	1	1	0	0
1	1	UID357433	1	1	0	0
1	1	UID357450	1	1	0	0
1	1	UID357452	1	1	0	0
1	1	UID357462	1	1	0	0
1	1	UID357463	1	1	0	0
1	1	UID357465	1	1	0	0
1	1	UID357467	1	1	0	0
1	1	UID357471	1	1	0	0
1	1	UID357474	1	1	0	0
1	1	UID357499	1	1	0	0
1	1	UID357501	1	1	0	0
1	1	UID357506	1	1	0	0
1	1	UID357518	1	1	0	0
1	1	UID357519	1	1	0	0
1	1	UID357521	1	1	0	0
1	1	UID357523	1	1	0	0
1	1	UID357524	1	1	0	0
1	1	UID357527	1	1	0	0
1	1	UID357533	1	1	0	0
1	1	UID357535	1	1	0	0
1	1	UID357536	1	1	0	0
1	1	UID357537	1	1	0	0
1	1	UID357540	1	1	0	0
1	1	UID357567	1	1	0	0
1	1	UID357579	1	1	0	0
1	1	UID357582	1	1	0	0
1	1	UID357585	1	1	0	0
1	1	UID357591	1	1	0	0
1	1	UID357592	1	1	0	0
1	1	UID357594	1	1	0	0
1	1	UID357599	1	1	0	0
1	1	UID357613	1	1	0	0
1	1	UID357615	1	1	0	0
1	1	UID357617	1	1	0	0
1	1	UID357620	1	1	0	0
1	1	UID357622	1	1	0	0
1	1	UID357626	1	1	0	0
1	1	UID357630	1	1	0	0
1	1	UID357633	1	1	0	0
1	1	UID357635	1	1	0	0
1	1	UID357637	1	1	0	0
1	1	UID357640	1	1	0	0
1	1	UID357641	1	1	0	0
1	1	UID357642	1	1	0	0
1	1	UID357644	1	1	0	0
1	1	UID357646	1	1	0	0
1	1	UID357650	1	1	0	0
1	1	UID357653	1	1	0	0
1	1	UID357668	1	1	0	0
1	1	UID357678	1	1	0	0
1	1	UID357710	1	1	0	0
1	1	UID357714	1	1	0	0
1	1	UID357726	1	1	0	0
1	1	UID357812	1	1	0	0
1	1	UID357818	1	1	0	0
1	1	UID357821	1	1	0	0
1	1	UID357824	1	1	0	0
1	1	UID357839	1	1	0	0
1	1	UID357848	1	1	0	0
1	1	UID357855	1	1	0	0
1	1	UID357875	1	1	0	0
1	1	UID357881	1	1	0	0
1	1	UID357882	1	1	0	0
1	1	UID357883	1	1	0	0
1	1	UID357887	1	1	0	0
1	1	UID357891	1	1	0	0
1	1	UID357894	1	1	0	0
1	1	UID357905	1	1	0	0
1	1	UID357908	1	1	0	0
1	1	UID357917	1	1	0	0
1	1	UID357918	1	1	0	0
1	1	UID357922	1	1	0	0
1	1	UID357924	1	1	0	0
1	1	UID357931	1	1	0	0
1	1	UID357938	1	1	0	0
1	1	UID357948	1	1	0	0
1	1	UID357954	1	1	0	0
1	1	UID357956	1	1	0	0
2	2	UID357959	1	2	1	1
1	1	UID357968	1	1	0	0
1	1	UID357997	1	1	0	0
1	1	UID358003	1	1	0	0
1	1	UID358004	1	1	0	0
1	1	UID358020	1	1	0	0
1	1	UID358022	1	1	0	0
1	1	UID358026	1	1	0	0
1	1	UID358027	1	1	0	0
1	1	UID358028	1	1	0	0
1	1	UID358031	1	1	0	0
1	1	UID358043	1	1	0	0
1	1	UID358045	1	1	0	0
1	1	UID358047	1	1	0	0
1	1	UID358050	1	1	0	0
1	1	UID358051	1	1	0	0
1	1	UID358054	1	1	0	0
1	1	UID358074	1	1	0	0
1	1	UID358080	1	1	0	0
1	1	UID358085	1	1	0	0
1	1	UID358112	1	1	0	0
1	1	UID358128	1	1	0	0
1	1	UID358143	1	1	0	0
1	1	UID358163	1	1	0	0
1	1	UID358165	1	1	0	0
1	1	UID358166	1	1	0	0
1	1	UID358167	1	1	0	0
1	1	UID358177	1	1	0	0
1	1	UID358178	1	1	0	0
1	1	UID358181	1	1	0	0
1	1	UID358183	1	1	0	0
1	1	UID358185	1	1	0	0
1	1	UID358186	1	1	0	0
1	1	UID358189	1	1	0	0
1	1	UID358190	1	1	0	0
1	1	UID358195	1	1	0	0
1	1	UID358206	1	1	0	0
1	1	UID358210	1	1	0	0
1	1	UID358227	1	1	0	0
1	1	UID358236	1	1	0	0
1	1	UID358247	1	1	0	0
1	1	UID358260	1	1	0	0
1	1	UID358264	1	1	0	0
1	1	UID358269	1	1	0	0
1	1	UID358296	1	1	0	0
1	1	UID358297	1	1	0	0
1	1	UID358322	1	1	0	0
1	1	UID358343	1	1	0	0
1	1	UID358348	1	1	0	0
1	1	UID358349	1	1	0	0
1	1	UID358351	1	1	0	0
1	1	UID358352	1	1	0	0
1	1	UID358353	1	1	0	0
1	1	UID358354	1	1	0	0
1	1	UID358357	1	1	0	0
1	1	UID358358	1	1	0	0
1	1	UID358362	1	1	0	0
1	1	UID358417	1	1	0	0
1	1	UID358419	1	1	0	0
1	1	UID358423	1	1	0	0
1	1	UID358430	1	1	0	0
1	1	UID358446	1	1	0	0
1	1	UID358449	1	1	0	0
1	1	UID358451	1	1	0	0
1	1	UID358452	1	1	0	0
1	1	UID358454	1	1	0	0
1	1	UID358456	1	1	0	0
1	1	UID358460	1	1	0	0
1	1	UID358470	1	1	0	0
1	1	UID358472	1	1	0	0
1	1	UID358475	1	1	0	0
1	1	UID358476	1	1	0	0
1	1	UID358478	1	1	0	0
1	1	UID358485	1	1	0	0
1	1	UID358488	1	1	0	0
1	1	UID358493	1	1	0	0
1	1	UID358540	1	1	0	0
1	1	UID358543	1	1	0	0
1	1	UID358560	1	1	0	0
1	1	UID358562	1	1	0	0
1	1	UID358565	1	1	0	0
1	1	UID358580	1	1	0	0
3	3	UID358585	1	3	2	2
1	1	UID358598	1	1	0	0
1	1	UID358599	1	1	0	0
1	1	UID358602	1	1	0	0
1	1	UID358603	1	1	0	0
1	1	UID358612	1	1	0	0
1	1	UID358613	1	1	0	0
1	1	UID358614	1	1	0	0
1	1	UID358615	1	1	0	0
1	1	UID358617	1	1	0	0
1	1	UID358618	1	1	0	0
1	1	UID358619	1	1	0	0
1	1	UID358624	1	1	0	0
1	1	UID358630	1	1	0	0
1	1	UID358631	1	1	0	0
1	1	UID358645	1	1	0	0
1	1	UID358650	1	1	0	0
1	1	UID358671	1	1	0	0
1	1	UID358695	1	1	0	0
1	1	UID358704	1	1	0	0
1	1	UID358711	1	1	0	0
1	1	UID358733	1	1	0	0
1	1	UID358743	1	1	0	0
1	1	UID358753	1	1	0	0
1	1	UID358754	1	1	0	0
1	1	UID358760	1	1	0	0
1	1	UID358761	1	1	0	0
1	1	UID358762	1	1	0	0
1	1	UID358764	1	1	0	0
1	1	UID358765	1	1	0	0
1	1	UID358766	1	1	0	0
1	1	UID358769	1	1	0	0
1	1	UID358773	1	1	0	0
1	1	UID358782	1	1	0	0
1	1	UID358784	1	1	0	0
1	1	UID358800	1	1	0	0
1	1	UID358804	1	1	0	0
1	1	UID358805	1	1	0	0
1	1	UID358806	1	1	0	0
1	1	UID358807	1	1	0	0
1	1	UID358837	1	1	0	0
1	1	UID358847	1	1	0	0
1	1	UID358850	1	1	0	0
1	1	UID358851	1	1	0	0
1	1	UID358853	1	1	0	0
1	1	UID358859	1	1	0	0
1	1	UID358860	1	1	0	0
1	1	UID358863	1	1	0	0
1	1	UID358864	1	1	0	0
1	1	UID358870	1	1	0	0
1	1	UID358893	1	1	0	0
1	1	UID358897	1	1	0	0
1	1	UID358898	1	1	0	0
1	1	UID358902	1	1	0	0
1	1	UID358904	1	1	0	0
1	1	UID358906	1	1	0	0
1	1	UID358916	1	1	0	0
1	1	UID358917	1	1	0	0
1	1	UID358918	1	1	0	0
1	1	UID358933	1	1	0	0
1	1	UID358934	1	1	0	0
1	1	UID358946	1	1	0	0
1	1	UID359001	1	1	0	0
1	1	UID359008	1	1	0	0
1	1	UID359014	1	1	0	0
1	1	UID359019	1	1	0	0
1	1	UID359022	1	1	0	0
1	1	UID359025	1	1	0	0
1	1	UID359046	1	1	0	0
1	1	UID359051	1	1	0	0
1	1	UID359066	1	1	0	0
1	1	UID359071	1	1	0	0
1	1	UID359081	1	1	0	0
1	1	UID359083	1	1	0	0
1	1	UID359098	1	1	0	0
1	1	UID359118	1	1	0	0
1	1	UID359130	1	1	0	0
1	1	UID359133	1	1	0	0
1	1	UID359134	1	1	0	0
1	1	UID359212	1	1	0	0
1	1	UID359243	1	1	0	0
1	1	UID359244	1	1	0	0
1	1	UID359246	1	1	0	0
1	1	UID359278	1	1	0	0
1	1	UID359282	1	1	0	0
1	1	UID359288	1	1	0	0
1	1	UID359291	1	1	0	0
1	1	UID359295	1	1	0	0
1	1	UID359311	1	1	0	0
1	1	UID359312	1	1	0	0
1	1	UID359313	1	1	0	0
1	1	UID359314	1	1	0	0
1	1	UID359319	1	1	0	0
1	1	UID359322	1	1	0	0
1	1	UID359352	1	1	0	0
1	1	UID359357	1	1	0	0
1	1	UID359358	1	1	0	0
1	1	UID359400	1	1	0	0
1	1	UID359411	1	1	0	0
1	1	UID359412	1	1	0	0
1	1	UID359429	1	1	0	0
1	1	UID359430	1	1	0	0
1	1	UID359470	1	1	0	0
1	1	UID359485	1	1	0	0
1	1	UID359486	1	1	0	0
1	1	UID359489	1	1	0	0
1	1	UID359490	1	1	0	0
1	1	UID359492	1	1	0	0
1	1	UID359494	1	1	0	0
1	1	UID359495	1	1	0	0
1	1	UID359497	1	1	0	0
1	1	UID359509	1	1	0	0
1	1	UID359512	1	1	0	0
1	1	UID359515	1	1	0	0
1	1	UID359516	1	1	0	0
1	1	UID359519	1	1	0	0
1	1	UID359524	1	1	0	0
1	1	UID359529	1	1	0	0
1	1	UID359531	1	1	0	0
1	1	UID359538	1	1	0	0
1	1	UID359558	1	1	0	0
1	1	UID359562	1	1	0	0
1	1	UID359570	1	1	0	0
1	1	UID359573	1	1	0	0
1	1	UID359575	1	1	0	0
1	1	UID359583	1	1	0	0
1	1	UID359585	1	1	0	0
1	1	UID359587	1	1	0	0
1	1	UID359592	1	1	0	0
1	1	UID359609	1	1	0	0
1	1	UID359642	1	1	0	0
1	1	UID359648	1	1	0	0
1	1	UID359651	1	1	0	0
1	1	UID359663	1	1	0	0
1	1	UID359678	1	1	0	0
1	1	UID359727	1	1	0	0
1	1	UID359728	1	1	0	0
1	1	UID359795	1	1	0	0
1	1	UID359814	1	1	0	0
1	1	UID359822	1	1	0	0
1	1	UID359824	1	1	0	0
1	1	UID359825	1	1	0	0
1	1	UID359831	1	1	0	0
1	1	UID359853	1	1	0	0
1	1	UID359871	1	1	0	0
2	2	UID359882	1	2	1	1
1	1	UID359892	1	1	0	0
1	1	UID359895	1	1	0	0
1	1	UID359898	1	1	0	0
1	1	UID359970	1	1	0	0
1	1	UID359976	1	1	0	0
1	1	UID359979	1	1	0	0
1	1	UID359982	1	1	0	0
2	2	UID359985	1	2	1	1
1	1	UID359992	1	1	0	0
1	1	UID359994	1	1	0	0
1	1	UID359999	1	1	0	0
1	1	UID360017	1	1	0	0
1	1	UID360038	1	1	0	0
1	1	UID360039	1	1	0	0
1	1	UID360081	1	1	0	0
1	1	UID360091	1	1	0	0
1	1	UID360106	1	1	0	0
1	1	UID360109	1	1	0	0
1	1	UID360112	1	1	0	0
1	1	UID360136	1	1	0	0
1	1	UID360141	1	1	0	0
1	1	UID360146	1	1	0	0
1	1	UID360147	1	1	0	0
1	1	UID360155	1	1	0	0
1	1	UID360156	1	1	0	0
1	1	UID360158	1	1	0	0
1	1	UID360159	1	1	0	0
1	1	UID360166	1	1	0	0
1	1	UID360199	1	1	0	0
1	1	UID360202	1	1	0	0
1	1	UID360206	1	1	0	0
1	1	UID360222	1	1	0	0
1	1	UID360225	1	1	0	0
1	1	UID360235	1	1	0	0
1	1	UID360241	1	1	0	0
1	1	UID360253	1	1	0	0
1	1	UID360255	1	1	0	0
1	1	UID360291	1	1	0	0
1	1	UID360299	1	1	0	0
1	1	UID360334	1	1	0	0
1	1	UID360345	1	1	0	0
1	1	UID360348	1	1	0	0
1	1	UID360362	1	1	0	0
1	1	UID360363	1	1	0	0
1	1	UID360365	1	1	0	0
1	1	UID360378	1	1	0	0
1	1	UID360387	1	1	0	0
1	1	UID360392	1	1	0	0
1	1	UID360408	1	1	0	0
1	1	UID360473	1	1	0	0
1	1	UID360482	1	1	0	0
1	1	UID360497	1	1	0	0
1	1	UID360498	1	1	0	0
1	1	UID360501	1	1	0	0
1	1	UID360502	1	1	0	0
1	1	UID360512	1	1	0	0
1	1	UID360517	1	1	0	0
1	1	UID360524	1	1	0	0
1	1	UID360525	1	1	0	0
1	1	UID360526	1	1	0	0
1	1	UID360527	1	1	0	0
1	1	UID360535	1	1	0	0
1	1	UID360542	1	1	0	0
1	1	UID360596	1	1	0	0
1	1	UID360609	1	1	0	0
1	1	UID360620	1	1	0	0
1	1	UID360622	1	1	0	0
1	1	UID360635	1	1	0	0
1	1	UID360642	1	1	0	0
1	1	UID360712	1	1	0	0
1	1	UID360724	1	1	0	0
1	1	UID360727	1	1	0	0
1	1	UID360736	1	1	0	0
1	1	UID360743	1	1	0	0
1	1	UID360753	1	1	0	0
1	1	UID360757	1	1	0	0
1	1	UID360766	1	1	0	0
1	1	UID360773	1	1	0	0
1	1	UID360774	1	1	0	0
1	1	UID360779	1	1	0	0
1	1	UID360781	1	1	0	0
1	1	UID360793	1	1	0	0
1	1	UID360798	1	1	0	0
1	1	UID360835	1	1	0	0
1	1	UID360852	1	1	0	0
1	1	UID360870	1	1	0	0
1	1	UID360871	1	1	0	0
1	1	UID360900	1	1	0	0
1	1	UID360904	1	1	0	0
1	1	UID360909	1	1	0	0
1	1	UID360919	1	1	0	0
1	1	UID360997	1	1	0	0
1	1	UID361015	1	1	0	0
1	1	UID361017	1	1	0	0
1	1	UID361032	1	1	0	0
1	1	UID361033	1	1	0	0
1	1	UID361048	1	1	0	0
1	1	UID361052	1	1	0	0
1	1	UID361053	1	1	0	0
1	1	UID361060	1	1	0	0
1	1	UID361062	1	1	0	0
1	1	UID361077	1	1	0	0
1	1	UID361086	1	1	0	0
1	1	UID361104	1	1	0	0
1	1	UID361113	1	1	0	0
1	1	UID361167	1	1	0	0
1	1	UID361179	1	1	0	0
1	1	UID361197	1	1	0	0
1	1	UID361206	1	1	0	0
1	1	UID361224	1	1	0	0
1	1	UID361225	1	1	0	0
1	1	UID361236	1	1	0	0
1	1	UID361250	1	1	0	0
1	1	UID361258	1	1	0	0
1	1	UID361263	1	1	0	0
1	1	UID361318	1	1	0	0
1	1	UID361331	1	1	0	0
1	1	UID361337	1	1	0	0
1	1	UID361351	1	1	0	0
1	1	UID361356	1	1	0	0
1	1	UID361358	1	1	0	0
1	1	UID361360	1	1	0	0
1	1	UID361375	1	1	0	0
1	1	UID361404	1	1	0	0
1	1	UID361415	1	1	0	0
1	1	UID361464	1	1	0	0
1	1	UID361481	1	1	0	0
1	1	UID361488	1	1	0	0
1	1	UID361554	1	1	0	0
1	1	UID361581	1	1	0	0
1	1	UID361592	1	1	0	0
1	1	UID361594	1	1	0	0
1	1	UID361598	1	1	0	0
1	1	UID361600	1	1	0	0
1	1	UID361615	1	1	0	0
1	1	UID361617	1	1	0	0
1	1	UID361627	1	1	0	0
1	1	UID361628	1	1	0	0
1	1	UID361652	1	1	0	0
1	1	UID361656	1	1	0	0
1	1	UID361658	1	1	0	0
1	1	UID361660	1	1	0	0
1	1	UID361672	1	1	0	0
1	1	UID361673	1	1	0	0
1	1	UID361679	1	1	0	0
1	1	UID361687	1	1	0	0
1	1	UID361689	1	1	0	0
1	1	UID361699	1	1	0	0
1	1	UID361700	1	1	0	0
1	1	UID361701	1	1	0	0
1	1	UID361789	1	1	0	0
1	1	UID361843	1	1	0	0
1	1	UID361861	1	1	0	0
1	1	UID361877	1	1	0	0
1	1	UID361895	1	1	0	0
1	1	UID361912	1	1	0	0
1	1	UID361913	1	1	0	0
1	1	UID361914	1	1	0	0
1	1	UID361915	1	1	0	0
1	1	UID361916	1	1	0	0
1	1	UID361923	1	1	0	0
1	1	UID361966	1	1	0	0
1	1	UID361990	1	1	0	0
1	1	UID362053	1	1	0	0
1	1	UID362060	1	1	0	0
1	1	UID362075	1	1	0	0
1	1	UID362106	1	1	0	0
1	1	UID362203	1	1	0	0
1	1	UID362217	1	1	0	0
1	1	UID362218	1	1	0	0
1	1	UID362220	1	1	0	0
1	1	UID362223	1	1	0	0
1	1	UID362234	1	1	0	0
1	1	UID362248	1	1	0	0
1	1	UID362253	1	1	0	0
1	1	UID362263	1	1	0	0
1	1	UID362269	1	1	0	0
1	1	UID362277	1	1	0	0
1	1	UID362350	1	1	0	0
1	1	UID362354	1	1	0	0
1	1	UID362356	1	1	0	0
1	1	UID362357	1	1	0	0
1	1	UID362370	1	1	0	0
1	1	UID362371	1	1	0	0
1	1	UID362374	1	1	0	0
1	1	UID362403	1	1	0	0
1	1	UID362417	1	1	0	0
1	1	UID362481	1	1	0	0
1	1	UID362506	1	1	0	0
1	1	UID362522	1	1	0	0
1	1	UID362540	1	1	0	0
1	1	UID362545	1	1	0	0
1	1	UID362546	1	1	0	0
1	1	UID362547	1	1	0	0
1	1	UID362556	1	1	0	0
1	1	UID362614	1	1	0	0
1	1	UID362621	1	1	0	0
1	1	UID362632	1	1	0	0
1	1	UID362637	1	1	0	0
1	1	UID362641	1	1	0	0
1	1	UID362642	1	1	0	0
1	1	UID362651	1	1	0	0
1	1	UID362652	1	1	0	0
1	1	UID362669	1	1	0	0
1	1	UID362674	1	1	0	0
1	1	UID362697	1	1	0	0
1	1	UID362698	1	1	0	0
1	1	UID362810	1	1	0	0
1	1	UID362812	1	1	0	0
1	1	UID362878	1	1	0	0
1	1	UID362887	1	1	0	0
1	1	UID362896	1	1	0	0
1	1	UID362897	1	1	0	0
1	1	UID362929	1	1	0	0
1	1	UID362932	1	1	0	0
1	1	UID362953	1	1	0	0
1	1	UID362991	1	1	0	0
1	1	UID362996	1	1	0	0
1	1	UID363004	1	1	0	0
1	1	UID363008	1	1	0	0
1	1	UID363073	1	1	0	0
1	1	UID363078	1	1	0	0
1	1	UID363084	1	1	0	0
1	1	UID363173	1	1	0	0
1	1	UID363216	1	1	0	0
1	1	UID363224	1	1	0	0
1	1	UID363243	1	1	0	0
1	1	UID363251	1	1	0	0
1	1	UID363270	1	1	0	0
1	1	UID363300	1	1	0	0
1	1	UID363303	1	1	0	0
1	1	UID363306	1	1	0	0
1	1	UID363308	1	1	0	0
1	1	UID363357	1	1	0	0
1	1	UID363371	1	1	0	0
1	1	UID363375	1	1	0	0
1	1	UID363393	1	1	0	0
1	1	UID363426	1	1	0	0
1	1	UID363444	1	1	0	0
1	1	UID363460	1	1	0	0
1	1	UID363465	1	1	0	0
1	1	UID363485	1	1	0	0
1	1	UID363501	1	1	0	0
1	1	UID363527	1	1	0	0
1	1	UID363557	1	1	0	0
1	1	UID363561	1	1	0	0
1	1	UID363564	1	1	0	0
1	1	UID363565	1	1	0	0
1	1	UID363574	1	1	0	0
1	1	UID363584	1	1	0	0
1	1	UID363586	1	1	0	0
1	1	UID363611	1	1	0	0
1	1	UID363674	1	1	0	0
1	1	UID363685	1	1	0	0
1	1	UID363715	1	1	0	0
1	1	UID363773	1	1	0	0
1	1	UID363774	1	1	0	0
1	1	UID363795	1	1	0	0
1	1	UID363932	1	1	0	0
1	1	UID363937	1	1	0	0
1	1	UID364005	1	1	0	0
1	1	UID364065	1	1	0	0
1	1	UID364067	1	1	0	0
1	1	UID364076	1	1	0	0
1	1	UID364079	1	1	0	0
1	1	UID364110	1	1	0	0
1	1	UID364111	1	1	0	0
1	1	UID364116	1	1	0	0
1	1	UID364120	1	1	0	0
1	1	UID364188	1	1	0	0
1	1	UID364189	1	1	0	0
1	1	UID364206	1	1	0	0
1	1	UID364207	1	1	0	0
1	1	UID364248	1	1	0	0
1	1	UID364314	1	1	0	0
1	1	UID364317	1	1	0	0
1	1	UID364319	1	1	0	0
1	1	UID364360	1	1	0	0
1	1	UID364422	1	1	0	0
1	1	UID364425	1	1	0	0
1	1	UID364427	1	1	0	0
1	1	UID364478	1	1	0	0
1	1	UID364494	1	1	0	0
1	1	UID364563	1	1	0	0
1	1	UID364573	1	1	0	0
1	1	UID364622	1	1	0	0
1	1	UID364666	1	1	0	0
1	1	UID364685	1	1	0	0
1	1	UID364740	1	1	0	0
1	1	UID364799	1	1	0	0
1	1	UID364837	1	1	0	0
1	1	UID364851	1	1	0	0
1	1	UID364909	1	1	0	0
1	1	UID365187	1	1	0	0
1	1	UID365577	1	1	0	0
1	1	UID365754	1	1	0	0
1	1	UID365906	1	1	0	0
1	1	UID365932	1	1	0	0
1	1	UID365955	1	1	0	0
1	1	UID366004	1	1	0	0
1	1	UID366006	1	1	0	0
1	1	UID366061	1	1	0	0
1	1	UID366122	1	1	0	0
1	1	UID366138	1	1	0	0
1	1	UID366221	1	1	0	0
1	1	UID366234	1	1	0	0
1	1	UID366279	1	1	0	0
1	1	UID366293	1	1	0	0
1	1	UID366295	1	1	0	0
1	1	UID366345	1	1	0	0
1	1	UID366409	1	1	0	0
1	1	UID366444	1	1	0	0
1	1	UID366504	1	1	0	0
1	1	UID366531	1	1	0	0
1	1	UID366545	1	1	0	0
1	1	UID366548	1	1	0	0
1	1	UID366552	1	1	0	0
1	1	UID366591	1	1	0	0
1	1	UID366688	1	1	0	0
1	1	UID366707	1	1	0	0
1	1	UID366709	1	1	0	0
1	1	UID366710	1	1	0	0
1	1	UID366712	1	1	0	0
1	1	UID366724	1	1	0	0
1	1	UID366728	1	1	0	0
1	1	UID366808	1	1	0	0
1	1	UID366811	1	1	0	0
1	1	UID366819	1	1	0	0
1	1	UID366821	1	1	0	0
1	1	UID366840	1	1	0	0
1	1	UID366841	1	1	0	0
1	1	UID366844	1	1	0	0
1	1	UID366895	1	1	0	0
1	1	UID366964	1	1	0	0
1	1	UID366970	1	1	0	0
1	1	UID366975	1	1	0	0
1	1	UID366982	1	1	0	0
1	1	UID366989	1	1	0	0
1	1	UID366990	1	1	0	0
1	1	UID367016	1	1	0	0
1	1	UID367017	1	1	0	0
1	1	UID367038	1	1	0	0
1	1	UID367040	1	1	0	0
1	1	UID367041	1	1	0	0
1	1	UID367059	1	1	0	0
1	1	UID367114	1	1	0	0
1	1	UID367115	1	1	0	0
1	1	UID367116	1	1	0	0
1	1	UID367140	1	1	0	0
1	1	UID367183	1	1	0	0
1	1	UID367188	1	1	0	0
1	1	UID367194	1	1	0	0
1	1	UID367195	1	1	0	0
1	1	UID367197	1	1	0	0
1	1	UID367200	1	1	0	0
1	1	UID367273	1	1	0	0
1	1	UID367277	1	1	0	0
1	1	UID367278	1	1	0	0
1	1	UID367283	1	1	0	0
1	1	UID367312	1	1	0	0
1	1	UID367314	1	1	0	0
1	1	UID367322	1	1	0	0
1	1	UID367323	1	1	0	0
1	1	UID367332	1	1	0	0
1	1	UID367335	1	1	0	0
1	1	UID367337	1	1	0	0
1	1	UID367339	1	1	0	0
1	1	UID367341	1	1	0	0
1	1	UID367347	1	1	0	0
1	1	UID367353	1	1	0	0
1	1	UID367359	1	1	0	0
1	1	UID367388	1	1	0	0
1	1	UID367394	1	1	0	0
1	1	UID367404	1	1	0	0
1	1	UID367406	1	1	0	0
1	1	UID367408	1	1	0	0
1	1	UID367410	1	1	0	0
1	1	UID367431	1	1	0	0
1	1	UID367443	1	1	0	0
1	1	UID367446	1	1	0	0
1	1	UID367447	1	1	0	0
1	1	UID367495	1	1	0	0
1	1	UID367498	1	1	0	0
1	1	UID367499	1	1	0	0
1	1	UID367500	1	1	0	0
1	1	UID367540	1	1	0	0
1	1	UID367542	1	1	0	0
1	1	UID367552	1	1	0	0
1	1	UID367597	1	1	0	0
1	1	UID367601	1	1	0	0
1	1	UID367631	1	1	0	0
1	1	UID367647	1	1	0	0
1	1	UID367650	1	1	0	0
1	1	UID367652	1	1	0	0
1	1	UID367710	1	1	0	0
1	1	UID367720	1	1	0	0
1	1	UID367722	1	1	0	0
1	1	UID367723	1	1	0	0
1	1	UID367747	1	1	0	0
1	1	UID367755	1	1	0	0
1	1	UID367832	1	1	0	0
3	3	UID367857	1	3	2	2
1	1	UID367869	1	1	0	0
1	1	UID367870	1	1	0	0
1	1	UID367874	1	1	0	0
1	1	UID367880	1	1	0	0
1	1	UID367881	1	1	0	0
1	1	UID367899	1	1	0	0
1	1	UID367908	1	1	0	0
1	1	UID367913	1	1	0	0
1	1	UID367915	1	1	0	0
1	1	UID367916	1	1	0	0
1	1	UID367962	1	1	0	0
1	1	UID367963	1	1	0	0
1	1	UID367986	1	1	0	0
1	1	UID367995	1	1	0	0
1	1	UID368032	1	1	0	0
1	1	UID368055	1	1	0	0
1	1	UID368072	1	1	0	0
1	1	UID368073	1	1	0	0
1	1	UID368088	1	1	0	0
1	1	UID368163	1	1	0	0
1	1	UID368176	1	1	0	0
1	1	UID368214	1	1	0	0
1	1	UID368235	1	1	0	0
1	1	UID368275	1	1	0	0
1	1	UID368294	1	1	0	0
1	1	UID368334	1	1	0	0
1	1	UID368383	1	1	0	0
1	1	UID368387	1	1	0	0
1	1	UID368393	1	1	0	0
1	1	UID368394	1	1	0	0
1	1	UID368395	1	1	0	0
1	1	UID368412	1	1	0	0
1	1	UID368415	1	1	0	0
1	1	UID368417	1	1	0	0
1	1	UID368452	1	1	0	0
1	1	UID368483	1	1	0	0
1	1	UID368488	1	1	0	0
1	1	UID368507	1	1	0	0
1	1	UID368519	1	1	0	0
1	1	UID368522	1	1	0	0
1	1	UID368526	1	1	0	0
1	1	UID368540	1	1	0	0
1	1	UID368541	1	1	0	0
1	1	UID368543	1	1	0	0
1	1	UID368545	1	1	0	0
1	1	UID368548	1	1	0	0
1	1	UID368612	1	1	0	0
1	1	UID368613	1	1	0	0
1	1	UID368614	1	1	0	0
1	1	UID368634	1	1	0	0
1	1	UID368635	1	1	0	0
1	1	UID368638	1	1	0	0
1	1	UID368711	1	1	0	0
1	1	UID368740	1	1	0	0
1	1	UID368751	1	1	0	0
1	1	UID368762	1	1	0	0
1	1	UID368764	1	1	0	0
1	1	UID368790	1	1	0	0
1	1	UID368866	1	1	0	0
1	1	UID368886	1	1	0	0
1	1	UID368889	1	1	0	0
1	1	UID368891	1	1	0	0
1	1	UID368988	1	1	0	0
1	1	UID368991	1	1	0	0
1	1	UID369037	1	1	0	0
1	1	UID369041	1	1	0	0
1	1	UID369042	1	1	0	0
1	1	UID369065	1	1	0	0
1	1	UID369066	1	1	0	0
1	1	UID369068	1	1	0	0
1	1	UID369071	1	1	0	0
1	1	UID369076	1	1	0	0
1	1	UID369089	1	1	0	0
1	1	UID369163	1	1	0	0
1	1	UID369166	1	1	0	0
1	1	UID369171	1	1	0	0
1	1	UID369187	1	1	0	0
1	1	UID369188	1	1	0	0
1	1	UID369189	1	1	0	0
1	1	UID369198	1	1	0	0
1	1	UID369256	1	1	0	0
1	1	UID369289	1	1	0	0
1	1	UID369292	1	1	0	0
1	1	UID369311	1	1	0	0
1	1	UID369374	1	1	0	0
1	1	UID369440	1	1	0	0
1	1	UID369443	1	1	0	0
1	1	UID369465	1	1	0	0
1	1	UID369466	1	1	0	0
1	1	UID369494	1	1	0	0
1	1	UID369503	1	1	0	0
1	1	UID369506	1	1	0	0
1	1	UID369509	1	1	0	0
1	1	UID369510	1	1	0	0
1	1	UID369524	1	1	0	0
1	1	UID369528	1	1	0	0
1	1	UID369599	1	1	0	0
1	1	UID369603	1	1	0	0
1	1	UID369604	1	1	0	0
1	1	UID369638	1	1	0	0
1	1	UID369653	1	1	0	0
1	1	UID369655	1	1	0	0
1	1	UID369660	1	1	0	0
1	1	UID369661	1	1	0	0
1	1	UID369662	1	1	0	0
1	1	UID369670	1	1	0	0
1	1	UID369685	1	1	0	0
1	1	UID369693	1	1	0	0
1	1	UID369701	1	1	0	0
1	1	UID369711	1	1	0	0
1	1	UID369747	1	1	0	0
1	1	UID369755	1	1	0	0
1	1	UID369765	1	1	0	0
1	1	UID369807	1	1	0	0
1	1	UID369808	1	1	0	0
1	1	UID369897	1	1	0	0
1	1	UID369898	1	1	0	0
1	1	UID369921	1	1	0	0
1	1	UID369937	1	1	0	0
1	1	UID369941	1	1	0	0
1	1	UID369942	1	1	0	0
1	1	UID369953	1	1	0	0
1	1	UID369957	1	1	0	0
1	1	UID369959	1	1	0	0
1	1	UID369966	1	1	0	0
1	1	UID369979	1	1	0	0
1	1	UID369983	1	1	0	0
1	1	UID370005	1	1	0	0
1	1	UID370019	1	1	0	0
1	1	UID370093	1	1	0	0
1	1	UID370107	1	1	0	0
1	1	UID370114	1	1	0	0
1	1	UID370126	1	1	0	0
1	1	UID370127	1	1	0	0
1	1	UID370129	1	1	0	0
1	1	UID370173	1	1	0	0
1	1	UID370194	1	1	0	0
1	1	UID370209	1	1	0	0
1	1	UID370217	1	1	0	0
1	1	UID370226	1	1	0	0
1	1	UID370229	1	1	0	0
1	1	UID370239	1	1	0	0
1	1	UID370243	1	1	0	0
1	1	UID370249	1	1	0	0
1	1	UID370255	1	1	0	0
1	1	UID370312	1	1	0	0
1	1	UID370318	1	1	0	0
1	1	UID370337	1	1	0	0
1	1	UID370340	1	1	0	0
1	1	UID370356	1	1	0	0
1	1	UID370376	1	1	0	0
1	1	UID370426	1	1	0	0
1	1	UID370434	1	1	0	0
1	1	UID370436	1	1	0	0
1	1	UID370437	1	1	0	0
1	1	UID370451	1	1	0	0
1	1	UID370458	1	1	0	0
1	1	UID370463	1	1	0	0
1	1	UID370466	1	1	0	0
1	1	UID370500	1	1	0	0
1	1	UID370517	1	1	0	0
1	1	UID370529	1	1	0	0
1	1	UID370556	1	1	0	0
1	1	UID370568	1	1	0	0
1	1	UID370577	1	1	0	0
1	1	UID370586	1	1	0	0
1	1	UID370594	1	1	0	0
1	1	UID370613	1	1	0	0
1	1	UID370633	1	1	0	0
1	1	UID370668	1	1	0	0
1	1	UID370681	1	1	0	0
1	1	UID370695	1	1	0	0
1	1	UID370705	1	1	0	0
1	1	UID370707	1	1	0	0
1	1	UID370708	1	1	0	0
1	1	UID370714	1	1	0	0
1	1	UID370726	1	1	0	0
1	1	UID370734	1	1	0	0
1	1	UID370741	1	1	0	0
1	1	UID370744	1	1	0	0
1	1	UID370754	1	1	0	0
1	1	UID370761	1	1	0	0
1	1	UID370814	1	1	0	0
1	1	UID370818	1	1	0	0
1	1	UID370821	1	1	0	0
1	1	UID370828	1	1	0	0
1	1	UID370848	1	1	0	0
1	1	UID370852	1	1	0	0
1	1	UID370875	1	1	0	0
1	1	UID370886	1	1	0	0
1	1	UID370892	1	1	0	0
1	1	UID370908	1	1	0	0
1	1	UID370911	1	1	0	0
1	1	UID370945	1	1	0	0
1	1	UID370959	1	1	0	0
1	1	UID370962	1	1	0	0
1	1	UID370979	1	1	0	0
1	1	UID370980	1	1	0	0
1	1	UID370993	1	1	0	0
1	1	UID371017	1	1	0	0
1	1	UID371019	1	1	0	0
1	1	UID371022	1	1	0	0
1	1	UID371030	1	1	0	0
1	1	UID371067	1	1	0	0
1	1	UID371070	1	1	0	0
1	1	UID371071	1	1	0	0
1	1	UID371076	1	1	0	0
1	1	UID371152	1	1	0	0
1	1	UID371153	1	1	0	0
1	1	UID371204	1	1	0	0
1	1	UID371216	1	1	0	0
1	1	UID371238	1	1	0	0
1	1	UID371240	1	1	0	0
1	1	UID371243	1	1	0	0
1	1	UID371263	1	1	0	0
1	1	UID371295	1	1	0	0
1	1	UID371297	1	1	0	0
1	1	UID371302	1	1	0	0
1	1	UID371370	1	1	0	0
1	1	UID371373	1	1	0	0
1	1	UID371377	1	1	0	0
1	1	UID371379	1	1	0	0
1	1	UID371386	1	1	0	0
1	1	UID371400	1	1	0	0
1	1	UID371440	1	1	0	0
1	1	UID371460	1	1	0	0
1	1	UID371505	1	1	0	0
3	3	UID371512	1	3	2	2
1	1	UID371516	1	1	0	0
1	1	UID371517	1	1	0	0
1	1	UID371588	1	1	0	0
1	1	UID371600	1	1	0	0
1	1	UID371603	1	1	0	0
1	1	UID371609	1	1	0	0
1	1	UID371629	1	1	0	0
1	1	UID371681	1	1	0	0
1	1	UID371694	1	1	0	0
1	1	UID371714	1	1	0	0
1	1	UID371724	1	1	0	0
1	1	UID371734	1	1	0	0
1	1	UID371785	1	1	0	0
1	1	UID371789	1	1	0	0
1	1	UID371790	1	1	0	0
1	1	UID371796	1	1	0	0
1	1	UID371849	1	1	0	0
1	1	UID371862	1	1	0	0
1	1	UID371901	1	1	0	0
1	1	UID371927	1	1	0	0
1	1	UID371949	1	1	0	0
1	1	UID371962	1	1	0	0
1	1	UID371966	1	1	0	0
1	1	UID371971	1	1	0	0
1	1	UID371974	1	1	0	0
1	1	UID371988	1	1	0	0
1	1	UID371998	1	1	0	0
1	1	UID372047	1	1	0	0
1	1	UID372088	1	1	0	0
1	1	UID372092	1	1	0	0
1	1	UID372109	1	1	0	0
1	1	UID372110	1	1	0	0
1	1	UID372127	1	1	0	0
1	1	UID372129	1	1	0	0
1	1	UID372131	1	1	0	0
1	1	UID372188	1	1	0	0
1	1	UID372208	1	1	0	0
1	1	UID372257	1	1	0	0
1	1	UID372272	1	1	0	0
1	1	UID372278	1	1	0	0
1	1	UID372305	1	1	0	0
1	1	UID372321	1	1	0	0
1	1	UID372324	1	1	0	0
1	1	UID372330	1	1	0	0
1	1	UID372331	1	1	0	0
1	1	UID372347	1	1	0	0
1	1	UID372354	1	1	0	0
1	1	UID372467	1	1	0	0
1	1	UID372472	1	1	0	0
1	1	UID372500	1	1	0	0
1	1	UID372501	1	1	0	0
1	1	UID372524	1	1	0	0
1	1	UID372529	1	1	0	0
1	1	UID372548	1	1	0	0
1	1	UID372605	1	1	0	0
1	1	UID372608	1	1	0	0
1	1	UID372645	1	1	0	0
1	1	UID372656	1	1	0	0
1	1	UID372663	1	1	0	0
1	1	UID372669	1	1	0	0
1	1	UID372712	1	1	0	0
1	1	UID372716	1	1	0	0
1	1	UID372725	1	1	0	0
1	1	UID372733	1	1	0	0
1	1	UID372734	1	1	0	0
1	1	UID372738	1	1	0	0
1	1	UID372740	1	1	0	0
1	1	UID372742	1	1	0	0
1	1	UID372847	1	1	0	0
1	1	UID372871	1	1	0	0
1	1	UID372901	1	1	0	0
1	1	UID372912	1	1	0	0
1	1	UID372913	1	1	0	0
1	1	UID372914	1	1	0	0
1	1	UID372922	1	1	0	0
1	1	UID372943	1	1	0	0
1	1	UID372975	1	1	0	0
1	1	UID372999	1	1	0	0
1	1	UID373024	1	1	0	0
1	1	UID373028	1	1	0	0
1	1	UID373029	1	1	0	0
1	1	UID373030	1	1	0	0
1	1	UID373031	1	1	0	0
1	1	UID373037	1	1	0	0
1	1	UID373045	1	1	0	0
1	1	UID373046	1	1	0	0
1	1	UID373050	1	1	0	0
1	1	UID373051	1	1	0	0
1	1	UID373052	1	1	0	0
1	1	UID373054	1	1	0	0
1	1	UID373065	1	1	0	0
1	1	UID373069	1	1	0	0
1	1	UID373078	1	1	0	0
1	1	UID373087	1	1	0	0
1	1	UID373093	1	1	0	0
1	1	UID373094	1	1	0	0
1	1	UID373105	1	1	0	0
1	1	UID373167	1	1	0	0
1	1	UID373171	1	1	0	0
1	1	UID373198	1	1	0	0
1	1	UID373204	1	1	0	0
1	1	UID373219	1	1	0	0
1	1	UID373220	1	1	0	0
1	1	UID373228	1	1	0	0
1	1	UID373230	1	1	0	0
1	1	UID373237	1	1	0	0
1	1	UID373244	1	1	0	0
1	1	UID373254	1	1	0	0
1	1	UID373305	1	1	0	0
1	1	UID373308	1	1	0	0
1	1	UID373312	1	1	0	0
1	1	UID373334	1	1	0	0
1	1	UID373338	1	1	0	0
1	1	UID373353	1	1	0	0
1	1	UID373356	1	1	0	0
1	1	UID373357	1	1	0	0
1	1	UID373405	1	1	0	0
1	1	UID373407	1	1	0	0
1	1	UID373416	1	1	0	0
1	1	UID373418	1	1	0	0
1	1	UID373422	1	1	0	0
1	1	UID373440	1	1	0	0
1	1	UID373453	1	1	0	0
1	1	UID373486	1	1	0	0
1	1	UID373501	1	1	0	0
1	1	UID373503	1	1	0	0
1	1	UID373506	1	1	0	0
1	1	UID373516	1	1	0	0
1	1	UID373517	1	1	0	0
3	3	UID373520	1	3	2	2
1	1	UID373522	1	1	0	0
1	1	UID373533	1	1	0	0
1	1	UID373538	1	1	0	0
1	1	UID373539	1	1	0	0
1	1	UID373543	1	1	0	0
1	1	UID373555	1	1	0	0
1	1	UID373568	1	1	0	0
1	1	UID373570	1	1	0	0
1	1	UID373605	1	1	0	0
1	1	UID373608	1	1	0	0
1	1	UID373625	1	1	0	0
1	1	UID373651	1	1	0	0
1	1	UID373656	1	1	0	0
1	1	UID373663	1	1	0	0
1	1	UID373667	1	1	0	0
1	1	UID373677	1	1	0	0
1	1	UID373681	1	1	0	0
1	1	UID373713	1	1	0	0
1	1	UID373714	1	1	0	0
1	1	UID373731	1	1	0	0
1	1	UID373782	1	1	0	0
1	1	UID373784	1	1	0	0
1	1	UID373789	1	1	0	0
1	1	UID373809	1	1	0	0
1	1	UID373850	1	1	0	0
1	1	UID373854	1	1	0	0
1	1	UID373874	1	1	0	0
1	1	UID373931	1	1	0	0
1	1	UID373944	1	1	0	0
1	1	UID373972	1	1	0	0
1	1	UID373982	1	1	0	0
1	1	UID373988	1	1	0	0
1	1	UID373992	1	1	0	0
1	1	UID374016	1	1	0	0
1	1	UID374023	1	1	0	0
1	1	UID374039	1	1	0	0
1	1	UID374048	1	1	0	0
1	1	UID374056	1	1	0	0
1	1	UID374160	1	1	0	0
1	1	UID374161	1	1	0	0
1	1	UID374178	1	1	0	0
1	1	UID374191	1	1	0	0
1	1	UID374196	1	1	0	0
1	1	UID374201	1	1	0	0
1	1	UID374202	1	1	0	0
1	1	UID374205	1	1	0	0
1	1	UID374211	1	1	0	0
1	1	UID374213	1	1	0	0
1	1	UID374218	1	1	0	0
1	1	UID374248	1	1	0	0
1	1	UID374260	1	1	0	0
1	1	UID374262	1	1	0	0
1	1	UID374288	1	1	0	0
1	1	UID374301	1	1	0	0
1	1	UID374355	1	1	0	0
1	1	UID374374	1	1	0	0
1	1	UID374438	1	1	0	0
1	1	UID374473	1	1	0	0
1	1	UID374494	1	1	0	0
1	1	UID374497	1	1	0	0
1	1	UID374501	1	1	0	0
1	1	UID374506	1	1	0	0
1	1	UID374516	1	1	0	0
1	1	UID374537	1	1	0	0
1	1	UID374541	1	1	0	0
1	1	UID374597	1	1	0	0
1	1	UID374615	1	1	0	0
1	1	UID374672	1	1	0	0
1	1	UID374687	1	1	0	0
1	1	UID374709	1	1	0	0
1	1	UID374712	1	1	0	0
1	1	UID374714	1	1	0	0
1	1	UID374731	1	1	0	0
1	1	UID374732	1	1	0	0
1	1	UID374733	1	1	0	0
1	1	UID374735	1	1	0	0
1	1	UID374743	1	1	0	0
1	1	UID374768	1	1	0	0
1	1	UID374781	1	1	0	0
1	1	UID374787	1	1	0	0
1	1	UID374791	1	1	0	0
1	1	UID374834	1	1	0	0
1	1	UID374835	1	1	0	0
1	1	UID374841	1	1	0	0
1	1	UID374842	1	1	0	0
1	1	UID374843	1	1	0	0
1	1	UID374844	1	1	0	0
1	1	UID374851	1	1	0	0
1	1	UID374869	1	1	0	0
1	1	UID374878	1	1	0	0
1	1	UID374881	1	1	0	0
1	1	UID374883	1	1	0	0
1	1	UID374885	1	1	0	0
1	1	UID374890	1	1	0	0
1	1	UID374891	1	1	0	0
1	1	UID374897	1	1	0	0
1	1	UID374899	1	1	0	0
1	1	UID374901	1	1	0	0
1	1	UID374908	1	1	0	0
1	1	UID374913	1	1	0	0
1	1	UID374919	1	1	0	0
1	1	UID374921	1	1	0	0
1	1	UID374924	1	1	0	0
1	1	UID374936	1	1	0	0
1	1	UID374949	1	1	0	0
1	1	UID374951	1	1	0	0
1	1	UID374958	1	1	0	0
1	1	UID374987	1	1	0	0
1	1	UID375047	1	1	0	0
1	1	UID375049	1	1	0	0
1	1	UID375053	1	1	0	0
1	1	UID375057	1	1	0	0
1	1	UID375064	1	1	0	0
1	1	UID375075	1	1	0	0
1	1	UID375112	1	1	0	0
1	1	UID375128	1	1	0	0
1	1	UID375133	1	1	0	0
1	1	UID375146	1	1	0	0
1	1	UID375148	1	1	0	0
1	1	UID375153	1	1	0	0
1	1	UID375154	1	1	0	0
1	1	UID375254	1	1	0	0
1	1	UID375273	1	1	0	0
1	1	UID375276	1	1	0	0
1	1	UID375277	1	1	0	0
1	1	UID375278	1	1	0	0
1	1	UID375289	1	1	0	0
1	1	UID375291	1	1	0	0
1	1	UID375301	1	1	0	0
1	1	UID375313	1	1	0	0
1	1	UID375317	1	1	0	0
1	1	UID375321	1	1	0	0
1	1	UID375338	1	1	0	0
1	1	UID375343	1	1	0	0
1	1	UID375359	1	1	0	0
1	1	UID375370	1	1	0	0
1	1	UID375398	1	1	0	0
1	1	UID375430	1	1	0	0
1	1	UID375431	1	1	0	0
1	1	UID375432	1	1	0	0
1	1	UID375539	1	1	0	0
1	1	UID375541	1	1	0	0
1	1	UID375583	1	1	0	0
1	1	UID375585	1	1	0	0
1	1	UID375587	1	1	0	0
1	1	UID375588	1	1	0	0
1	1	UID375598	1	1	0	0
1	1	UID375606	1	1	0	0
2	2	UID375615	1	2	1	1
1	1	UID375621	1	1	0	0
1	1	UID375642	1	1	0	0
1	1	UID375666	1	1	0	0
1	1	UID375677	1	1	0	0
1	1	UID375684	1	1	0	0
1	1	UID375687	1	1	0	0
1	1	UID375694	1	1	0	0
1	1	UID375699	1	1	0	0
1	1	UID375707	1	1	0	0
1	1	UID375711	1	1	0	0
1	1	UID375714	1	1	0	0
1	1	UID375720	1	1	0	0
1	1	UID375723	1	1	0	0
1	1	UID375725	1	1	0	0
1	1	UID375729	1	1	0	0
1	1	UID375735	1	1	0	0
1	1	UID375737	1	1	0	0
1	1	UID375738	1	1	0	0
2	2	UID375739	1	2	1	1
1	1	UID375749	1	1	0	0
1	1	UID375757	1	1	0	0
1	1	UID375762	1	1	0	0
1	1	UID375769	1	1	0	0
1	1	UID375775	1	1	0	0
1	1	UID375845	1	1	0	0
1	1	UID375848	1	1	0	0
1	1	UID375852	1	1	0	0
1	1	UID375853	1	1	0	0
1	1	UID375856	1	1	0	0
1	1	UID375858	1	1	0	0
1	1	UID375859	1	1	0	0
1	1	UID375861	1	1	0	0
1	1	UID375862	1	1	0	0
1	1	UID375863	1	1	0	0
1	1	UID375875	1	1	0	0
1	1	UID375877	1	1	0	0
1	1	UID375884	1	1	0	0
1	1	UID375886	1	1	0	0
1	1	UID375897	1	1	0	0
1	1	UID375905	1	1	0	0
1	1	UID375918	1	1	0	0
1	1	UID375925	1	1	0	0
1	1	UID375926	1	1	0	0
1	1	UID375930	1	1	0	0
1	1	UID375931	1	1	0	0
1	1	UID375932	1	1	0	0
1	1	UID375934	1	1	0	0
1	1	UID375946	1	1	0	0
1	1	UID375977	1	1	0	0
1	1	UID375986	1	1	0	0
1	1	UID376005	1	1	0	0
1	1	UID376015	1	1	0	0
1	1	UID376020	1	1	0	0
1	1	UID376025	1	1	0	0
1	1	UID376028	1	1	0	0
1	1	UID376045	1	1	0	0
1	1	UID376048	1	1	0	0
1	1	UID376116	1	1	0	0
1	1	UID376118	1	1	0	0
1	1	UID376153	1	1	0	0
1	1	UID376164	1	1	0	0
1	1	UID376167	1	1	0	0
1	1	UID376194	1	1	0	0
1	1	UID376195	1	1	0	0
1	1	UID376197	1	1	0	0
2	2	UID376220	1	2	1	1
1	1	UID376235	1	1	0	0
1	1	UID376276	1	1	0	0
1	1	UID376301	1	1	0	0
1	1	UID376306	1	1	0	0
1	1	UID376319	1	1	0	0
1	1	UID376322	1	1	0	0
1	1	UID376331	1	1	0	0
1	1	UID376338	1	1	0	0
1	1	UID376342	1	1	0	0
1	1	UID376344	1	1	0	0
1	1	UID376357	1	1	0	0
1	1	UID376368	1	1	0	0
1	1	UID376369	1	1	0	0
1	1	UID376372	1	1	0	0
1	1	UID376396	1	1	0	0
1	1	UID376401	1	1	0	0
1	1	UID376407	1	1	0	0
1	1	UID376408	1	1	0	0
1	1	UID376410	1	1	0	0
1	1	UID376411	1	1	0	0
1	1	UID376412	1	1	0	0
1	1	UID376413	1	1	0	0
1	1	UID376434	1	1	0	0
1	1	UID376435	1	1	0	0
1	1	UID376436	1	1	0	0
1	1	UID376438	1	1	0	0
1	1	UID376445	1	1	0	0
2	2	UID376459	1	2	1	1
1	1	UID376462	1	1	0	0
1	1	UID376471	1	1	0	0
1	1	UID376538	1	1	0	0
1	1	UID376567	1	1	0	0
1	1	UID376576	1	1	0	0
1	1	UID376580	1	1	0	0
1	1	UID376584	1	1	0	0
1	1	UID376586	1	1	0	0
1	1	UID376594	1	1	0	0
1	1	UID376597	1	1	0	0
1	1	UID376621	1	1	0	0
1	1	UID376643	1	1	0	0
1	1	UID376644	1	1	0	0
1	1	UID376659	1	1	0	0
1	1	UID376718	1	1	0	0
1	1	UID376725	1	1	0	0
1	1	UID376726	1	1	0	0
1	1	UID376753	1	1	0	0
1	1	UID376756	1	1	0	0
1	1	UID376762	1	1	0	0
1	1	UID376768	1	1	0	0
1	1	UID376776	1	1	0	0
1	1	UID376810	1	1	0	0
1	1	UID376817	1	1	0	0
1	1	UID376826	1	1	0	0
1	1	UID376834	1	1	0	0
1	1	UID376839	1	1	0	0
1	1	UID376855	1	1	0	0
1	1	UID376896	1	1	0	0
1	1	UID376966	1	1	0	0
1	1	UID376971	1	1	0	0
1	1	UID376979	1	1	0	0
1	1	UID376980	1	1	0	0
1	1	UID377032	1	1	0	0
1	1	UID377040	1	1	0	0
1	1	UID377047	1	1	0	0
1	1	UID377110	1	1	0	0
1	1	UID377115	1	1	0	0
1	1	UID377127	1	1	0	0
1	1	UID377129	1	1	0	0
1	1	UID377132	1	1	0	0
1	1	UID377144	1	1	0	0
1	1	UID377148	1	1	0	0
1	1	UID377159	1	1	0	0
1	1	UID377161	1	1	0	0
1	1	UID377187	1	1	0	0
1	1	UID377188	1	1	0	0
1	1	UID377230	1	1	0	0
3	3	UID377254	1	3	2	2
2	2	UID377288	1	2	1	1
1	1	UID377297	1	1	0	0
1	1	UID377298	1	1	0	0
1	1	UID377309	1	1	0	0
1	1	UID377311	1	1	0	0
1	1	UID377315	1	1	0	0
1	1	UID377327	1	1	0	0
1	1	UID377341	1	1	0	0
1	1	UID377349	1	1	0	0
1	1	UID377351	1	1	0	0
1	1	UID377352	1	1	0	0
1	1	UID377354	1	1	0	0
1	1	UID377356	1	1	0	0
1	1	UID377357	1	1	0	0
1	1	UID377363	1	1	0	0
1	1	UID377366	1	1	0	0
1	1	UID377368	1	1	0	0
1	1	UID377372	1	1	0	0
1	1	UID377375	1	1	0	0
1	1	UID377377	1	1	0	0
1	1	UID377378	1	1	0	0
1	1	UID377382	1	1	0	0
1	1	UID377383	1	1	0	0
1	1	UID377386	1	1	0	0
1	1	UID377388	1	1	0	0
1	1	UID377394	1	1	0	0
1	1	UID377397	1	1	0	0
1	1	UID377399	1	1	0	0
1	1	UID377425	1	1	0	0
1	1	UID377426	1	1	0	0
1	1	UID377429	1	1	0	0
1	1	UID377431	1	1	0	0
1	1	UID377435	1	1	0	0
1	1	UID377440	1	1	0	0
1	1	UID377441	1	1	0	0
1	1	UID377442	1	1	0	0
1	1	UID377445	1	1	0	0
1	1	UID377448	1	1	0	0
1	1	UID377454	1	1	0	0
1	1	UID377455	1	1	0	0
1	1	UID377456	1	1	0	0
1	1	UID377457	1	1	0	0
1	1	UID377458	1	1	0	0
1	1	UID377459	1	1	0	0
1	1	UID377461	1	1	0	0
1	1	UID377464	1	1	0	0
1	1	UID377466	1	1	0	0
1	1	UID377470	1	1	0	0
1	1	UID377471	1	1	0	0
1	1	UID377472	1	1	0	0
1	1	UID377473	1	1	0	0
1	1	UID377475	1	1	0	0
1	1	UID377482	1	1	0	0
1	1	UID377486	1	1	0	0
1	1	UID377497	1	1	0	0
1	1	UID377528	1	1	0	0
1	1	UID377538	1	1	0	0
1	1	UID377540	1	1	0	0
1	1	UID377544	1	1	0	0
1	1	UID377634	1	1	0	0
1	1	UID377644	1	1	0	0
1	1	UID377660	1	1	0	0
1	1	UID377668	1	1	0	0
1	1	UID377669	1	1	0	0
1	1	UID377676	1	1	0	0
1	1	UID377677	1	1	0	0
1	1	UID377679	1	1	0	0
1	1	UID377680	1	1	0	0
1	1	UID377686	1	1	0	0
1	1	UID377714	1	1	0	0
1	1	UID377717	1	1	0	0
1	1	UID377721	1	1	0	0
1	1	UID377723	1	1	0	0
1	1	UID377734	1	1	0	0
1	1	UID377737	1	1	0	0
1	1	UID377746	1	1	0	0
1	1	UID377788	1	1	0	0
1	1	UID377798	1	1	0	0
1	1	UID377803	1	1	0	0
1	1	UID377829	1	1	0	0
1	1	UID377839	1	1	0	0
1	1	UID377845	1	1	0	0
1	1	UID377862	1	1	0	0
1	1	UID377863	1	1	0	0
1	1	UID377864	1	1	0	0
1	1	UID377865	1	1	0	0
1	1	UID377866	1	1	0	0
1	1	UID377867	1	1	0	0
1	1	UID377868	1	1	0	0
1	1	UID377869	1	1	0	0
1	1	UID377890	1	1	0	0
1	1	UID377895	1	1	0	0
1	1	UID377896	1	1	0	0
1	1	UID377901	1	1	0	0
1	1	UID377904	1	1	0	0
1	1	UID377906	1	1	0	0
1	1	UID377907	1	1	0	0
1	1	UID377909	1	1	0	0
1	1	UID377910	1	1	0	0
1	1	UID377916	1	1	0	0
1	1	UID377927	1	1	0	0
1	1	UID377931	1	1	0	0
1	1	UID377967	1	1	0	0
1	1	UID377976	1	1	0	0
1	1	UID377982	1	1	0	0
1	1	UID377996	1	1	0	0
1	1	UID378004	1	1	0	0
1	1	UID378013	1	1	0	0
1	1	UID378017	1	1	0	0
1	1	UID378018	1	1	0	0
1	1	UID378081	1	1	0	0
1	1	UID378084	1	1	0	0
1	1	UID378086	1	1	0	0
1	1	UID378101	1	1	0	0
1	1	UID378122	1	1	0	0
1	1	UID378128	1	1	0	0
1	1	UID378132	1	1	0	0
1	1	UID378134	1	1	0	0
1	1	UID378138	1	1	0	0
1	1	UID378139	1	1	0	0
1	1	UID378141	1	1	0	0
1	1	UID378197	1	1	0	0
1	1	UID378225	1	1	0	0
1	1	UID378244	1	1	0	0
1	1	UID378250	1	1	0	0
1	1	UID378253	1	1	0	0
1	1	UID378259	1	1	0	0
1	1	UID378262	1	1	0	0
1	1	UID378268	1	1	0	0
1	1	UID378269	1	1	0	0
1	1	UID378272	1	1	0	0
1	1	UID378296	1	1	0	0
1	1	UID378345	1	1	0	0
1	1	UID378349	1	1	0	0
1	1	UID378371	1	1	0	0
1	1	UID378377	1	1	0	0
1	1	UID378412	1	1	0	0
1	1	UID378413	1	1	0	0
1	1	UID378475	1	1	0	0
1	1	UID378490	1	1	0	0
1	1	UID378500	1	1	0	0
1	1	UID378511	1	1	0	0
1	1	UID378512	1	1	0	0
1	1	UID378517	1	1	0	0
1	1	UID378530	1	1	0	0
1	1	UID378550	1	1	0	0
1	1	UID378570	1	1	0	0
1	1	UID378575	1	1	0	0
1	1	UID378581	1	1	0	0
1	1	UID378589	1	1	0	0
1	1	UID378611	1	1	0	0
1	1	UID378618	1	1	0	0
1	1	UID378632	1	1	0	0
1	1	UID378636	1	1	0	0
1	1	UID378639	1	1	0	0
1	1	UID378652	1	1	0	0
1	1	UID378656	1	1	0	0
1	1	UID378705	1	1	0	0
1	1	UID378720	1	1	0	0
1	1	UID378726	1	1	0	0
1	1	UID378727	1	1	0	0
1	1	UID378733	1	1	0	0
1	1	UID378736	1	1	0	0
1	1	UID378737	1	1	0	0
1	1	UID378739	1	1	0	0
1	1	UID378766	1	1	0	0
1	1	UID378767	1	1	0	0
2	2	UID378768	1	2	1	1
1	1	UID378773	1	1	0	0
1	1	UID378788	1	1	0	0
1	1	UID378794	1	1	0	0
1	1	UID378802	1	1	0	0
1	1	UID378881	1	1	0	0
1	1	UID378888	1	1	0	0
1	1	UID378902	1	1	0	0
1	1	UID378907	1	1	0	0
1	1	UID378921	1	1	0	0
1	1	UID378924	1	1	0	0
1	1	UID378932	1	1	0	0
1	1	UID378934	1	1	0	0
1	1	UID378941	1	1	0	0
1	1	UID378948	1	1	0	0
1	1	UID378959	1	1	0	0
1	1	UID378973	1	1	0	0
1	1	UID378980	1	1	0	0
1	1	UID379043	1	1	0	0
1	1	UID379045	1	1	0	0
1	1	UID379071	1	1	0	0
1	1	UID379092	1	1	0	0
1	1	UID379097	1	1	0	0
1	1	UID379122	1	1	0	0
1	1	UID379126	1	1	0	0
1	1	UID379128	1	1	0	0
1	1	UID379142	1	1	0	0
1	1	UID379152	1	1	0	0
1	1	UID379153	1	1	0	0
1	1	UID379154	1	1	0	0
1	1	UID379155	1	1	0	0
1	1	UID379164	1	1	0	0
1	1	UID379171	1	1	0	0
1	1	UID379173	1	1	0	0
1	1	UID379174	1	1	0	0
1	1	UID379180	1	1	0	0
1	1	UID379185	1	1	0	0
1	1	UID379191	1	1	0	0
1	1	UID379202	1	1	0	0
1	1	UID379205	1	1	0	0
1	1	UID379212	1	1	0	0
1	1	UID379220	1	1	0	0
1	1	UID379239	1	1	0	0
1	1	UID379245	1	1	0	0
1	1	UID379282	1	1	0	0
1	1	UID379284	1	1	0	0
1	1	UID379297	1	1	0	0
1	1	UID379311	1	1	0	0
1	1	UID379313	1	1	0	0
1	1	UID379315	1	1	0	0
1	1	UID379316	1	1	0	0
1	1	UID379324	1	1	0	0
1	1	UID379330	1	1	0	0
1	1	UID379331	1	1	0	0
1	1	UID379332	1	1	0	0
1	1	UID379341	1	1	0	0
1	1	UID379346	1	1	0	0
1	1	UID379350	1	1	0	0
1	1	UID379357	1	1	0	0
1	1	UID379392	1	1	0	0
1	1	UID379433	1	1	0	0
1	1	UID379437	1	1	0	0
1	1	UID379446	1	1	0	0
1	1	UID379457	1	1	0	0
1	1	UID379459	1	1	0	0
1	1	UID379460	1	1	0	0
1	1	UID379484	1	1	0	0
1	1	UID379485	1	1	0	0
1	1	UID379495	1	1	0	0
1	1	UID379509	1	1	0	0
1	1	UID379511	1	1	0	0
1	1	UID379515	1	1	0	0
1	1	UID379520	1	1	0	0
1	1	UID379525	1	1	0	0
1	1	UID379532	1	1	0	0
1	1	UID379534	1	1	0	0
1	1	UID379539	1	1	0	0
1	1	UID379597	1	1	0	0
1	1	UID379608	1	1	0	0
1	1	UID379622	1	1	0	0
1	1	UID379642	1	1	0	0
1	1	UID379645	1	1	0	0
1	1	UID379649	1	1	0	0
1	1	UID379658	1	1	0	0
1	1	UID379663	1	1	0	0
1	1	UID379664	1	1	0	0
1	1	UID379669	1	1	0	0
1	1	UID379687	1	1	0	0
1	1	UID379691	1	1	0	0
1	1	UID379697	1	1	0	0
1	1	UID379698	1	1	0	0
1	1	UID379699	1	1	0	0
1	1	UID379700	1	1	0	0
1	1	UID379701	1	1	0	0
1	1	UID379714	1	1	0	0
1	1	UID379718	1	1	0	0
1	1	UID379721	1	1	0	0
1	1	UID379725	1	1	0	0
1	1	UID379726	1	1	0	0
1	1	UID379748	1	1	0	0
1	1	UID379800	1	1	0	0
1	1	UID379815	1	1	0	0
1	1	UID379816	1	1	0	0
1	1	UID379833	1	1	0	0
1	1	UID379837	1	1	0	0
1	1	UID379875	1	1	0	0
1	1	UID379877	1	1	0	0
1	1	UID379881	1	1	0	0
1	1	UID379937	1	1	0	0
1	1	UID379943	1	1	0	0
1	1	UID379946	1	1	0	0
1	1	UID379960	1	1	0	0
1	1	UID379961	1	1	0	0
1	1	UID379973	1	1	0	0
1	1	UID379986	1	1	0	0
1	1	UID379990	1	1	0	0
1	1	UID379992	1	1	0	0
1	1	UID379993	1	1	0	0
1	1	UID380000	1	1	0	0
1	1	UID380050	1	1	0	0
1	1	UID380054	1	1	0	0
1	1	UID380063	1	1	0	0
1	1	UID380066	1	1	0	0
1	1	UID380070	1	1	0	0
1	1	UID380072	1	1	0	0
1	1	UID380081	1	1	0	0
1	1	UID380084	1	1	0	0
1	1	UID380085	1	1	0	0
1	1	UID380087	1	1	0	0
1	1	UID380095	1	1	0	0
1	1	UID380096	1	1	0	0
1	1	UID380099	1	1	0	0
1	1	UID380101	1	1	0	0
1	1	UID380102	1	1	0	0
1	1	UID380104	1	1	0	0
1	1	UID380110	1	1	0	0
1	1	UID380114	1	1	0	0
1	1	UID380116	1	1	0	0
1	1	UID380117	1	1	0	0
1	1	UID380120	1	1	0	0
1	1	UID380132	1	1	0	0
1	1	UID380139	1	1	0	0
1	1	UID380143	1	1	0	0
1	1	UID380144	1	1	0	0
1	1	UID380146	1	1	0	0
1	1	UID380151	1	1	0	0
1	1	UID380152	1	1	0	0
1	1	UID380155	1	1	0	0
1	1	UID380158	1	1	0	0
1	1	UID380160	1	1	0	0
1	1	UID380161	1	1	0	0
2	2	UID380164	1	2	1	1
1	1	UID380168	1	1	0	0
1	1	UID380177	1	1	0	0
1	1	UID380179	1	1	0	0
1	1	UID380184	1	1	0	0
1	1	UID380191	1	1	0	0
1	1	UID380192	1	1	0	0
1	1	UID380197	1	1	0	0
1	1	UID380209	1	1	0	0
1	1	UID380224	1	1	0	0
1	1	UID380296	1	1	0	0
1	1	UID380303	1	1	0	0
1	1	UID380304	1	1	0	0
1	1	UID380306	1	1	0	0
1	1	UID380316	1	1	0	0
1	1	UID380320	1	1	0	0
1	1	UID380322	1	1	0	0
1	1	UID380326	1	1	0	0
1	1	UID380339	1	1	0	0
1	1	UID380342	1	1	0	0
1	1	UID380361	1	1	0	0
1	1	UID380367	1	1	0	0
1	1	UID380385	1	1	0	0
1	1	UID380388	1	1	0	0
1	1	UID380389	1	1	0	0
1	1	UID380394	1	1	0	0
1	1	UID380396	1	1	0	0
1	1	UID380400	1	1	0	0
1	1	UID380407	1	1	0	0
1	1	UID380413	1	1	0	0
1	1	UID380478	1	1	0	0
1	1	UID380485	1	1	0	0
1	1	UID380489	1	1	0	0
1	1	UID380491	1	1	0	0
1	1	UID380493	1	1	0	0
1	1	UID380494	1	1	0	0
1	1	UID380499	1	1	0	0
1	1	UID380500	1	1	0	0
1	1	UID380501	1	1	0	0
1	1	UID380502	1	1	0	0
1	1	UID380504	1	1	0	0
1	1	UID380506	1	1	0	0
1	1	UID380513	1	1	0	0
1	1	UID380521	1	1	0	0
1	1	UID380529	1	1	0	0
1	1	UID380535	1	1	0	0
1	1	UID380538	1	1	0	0
1	1	UID380547	1	1	0	0
1	1	UID380590	1	1	0	0
1	1	UID380591	1	1	0	0
1	1	UID380597	1	1	0	0
1	1	UID380603	1	1	0	0
1	1	UID380607	1	1	0	0
1	1	UID380637	1	1	0	0
1	1	UID380641	1	1	0	0
1	1	UID380647	1	1	0	0
1	1	UID380655	1	1	0	0
1	1	UID380662	1	1	0	0
1	1	UID380663	1	1	0	0
1	1	UID380664	1	1	0	0
1	1	UID380677	1	1	0	0
1	1	UID380689	1	1	0	0
1	1	UID380692	1	1	0	0
1	1	UID380698	1	1	0	0
1	1	UID380701	1	1	0	0
1	1	UID380712	1	1	0	0
1	1	UID380720	1	1	0	0
1	1	UID380804	1	1	0	0
1	1	UID380809	1	1	0	0
1	1	UID380815	1	1	0	0
1	1	UID380824	1	1	0	0
1	1	UID380842	1	1	0	0
1	1	UID380856	1	1	0	0
1	1	UID380860	1	1	0	0
1	1	UID380863	1	1	0	0
1	1	UID380881	1	1	0	0
1	1	UID380882	1	1	0	0
1	1	UID380885	1	1	0	0
1	1	UID380889	1	1	0	0
1	1	UID380896	1	1	0	0
1	1	UID380899	1	1	0	0
1	1	UID380909	1	1	0	0
1	1	UID380920	1	1	0	0
1	1	UID380931	1	1	0	0
1	1	UID380978	1	1	0	0
1	1	UID381018	1	1	0	0
1	1	UID381028	1	1	0	0
1	1	UID381038	1	1	0	0
1	1	UID381041	1	1	0	0
1	1	UID381042	1	1	0	0
1	1	UID381052	1	1	0	0
1	1	UID381056	1	1	0	0
1	1	UID381058	1	1	0	0
1	1	UID381061	1	1	0	0
1	1	UID381063	1	1	0	0
1	1	UID381064	1	1	0	0
1	1	UID381065	1	1	0	0
1	1	UID381067	1	1	0	0
1	1	UID381073	1	1	0	0
1	1	UID381075	1	1	0	0
1	1	UID381080	1	1	0	0
1	1	UID381082	1	1	0	0
1	1	UID381098	1	1	0	0
1	1	UID381108	1	1	0	0
1	1	UID381123	1	1	0	0
1	1	UID381127	1	1	0	0
1	1	UID381128	1	1	0	0
1	1	UID381132	1	1	0	0
1	1	UID381149	1	1	0	0
1	1	UID381154	1	1	0	0
1	1	UID381180	1	1	0	0
1	1	UID381197	1	1	0	0
1	1	UID381201	1	1	0	0
1	1	UID381210	1	1	0	0
1	1	UID381223	1	1	0	0
1	1	UID381225	1	1	0	0
1	1	UID381236	1	1	0	0
1	1	UID381237	1	1	0	0
1	1	UID381238	1	1	0	0
1	1	UID381263	1	1	0	0
1	1	UID381264	1	1	0	0
1	1	UID381278	1	1	0	0
1	1	UID381312	1	1	0	0
1	1	UID381314	1	1	0	0
1	1	UID381320	1	1	0	0
1	1	UID381330	1	1	0	0
1	1	UID381331	1	1	0	0
1	1	UID381338	1	1	0	0
1	1	UID381339	1	1	0	0
1	1	UID381361	1	1	0	0
1	1	UID381362	1	1	0	0
1	1	UID381371	1	1	0	0
1	1	UID381381	1	1	0	0
1	1	UID381382	1	1	0	0
1	1	UID381384	1	1	0	0
1	1	UID381389	1	1	0	0
1	1	UID381392	1	1	0	0
1	1	UID381441	1	1	0	0
1	1	UID381449	1	1	0	0
1	1	UID381452	1	1	0	0
1	1	UID381455	1	1	0	0
1	1	UID381463	1	1	0	0
1	1	UID381483	1	1	0	0
1	1	UID381486	1	1	0	0
1	1	UID381491	1	1	0	0
1	1	UID381513	1	1	0	0
1	1	UID381552	1	1	0	0
1	1	UID381562	1	1	0	0
1	1	UID381563	1	1	0	0
1	1	UID381564	1	1	0	0
1	1	UID381565	1	1	0	0
1	1	UID381577	1	1	0	0
1	1	UID381580	1	1	0	0
1	1	UID381582	1	1	0	0
1	1	UID381586	1	1	0	0
1	1	UID381588	1	1	0	0
1	1	UID381591	1	1	0	0
1	1	UID381592	1	1	0	0
1	1	UID381593	1	1	0	0
1	1	UID381603	1	1	0	0
1	1	UID381612	1	1	0	0
1	1	UID381618	1	1	0	0
1	1	UID381625	1	1	0	0
1	1	UID381627	1	1	0	0
1	1	UID381635	1	1	0	0
1	1	UID381645	1	1	0	0
1	1	UID381654	1	1	0	0
1	1	UID381657	1	1	0	0
1	1	UID381695	1	1	0	0
1	1	UID381697	1	1	0	0
1	1	UID381698	1	1	0	0
1	1	UID381714	1	1	0	0
1	1	UID381725	1	1	0	0
1	1	UID381732	1	1	0	0
1	1	UID381736	1	1	0	0
1	1	UID381738	1	1	0	0
1	1	UID381750	1	1	0	0
1	1	UID381754	1	1	0	0
1	1	UID381772	1	1	0	0
1	1	UID381786	1	1	0	0
1	1	UID381844	1	1	0	0
1	1	UID381848	1	1	0	0
1	1	UID381854	1	1	0	0
1	1	UID381868	1	1	0	0
1	1	UID381869	1	1	0	0
1	1	UID381870	1	1	0	0
1	1	UID381871	1	1	0	0
1	1	UID381872	1	1	0	0
1	1	UID381873	1	1	0	0
1	1	UID381874	1	1	0	0
1	1	UID381881	1	1	0	0
1	1	UID381882	1	1	0	0
1	1	UID381883	1	1	0	0
1	1	UID381884	1	1	0	0
1	1	UID381886	1	1	0	0
1	1	UID381894	1	1	0	0
1	1	UID381895	1	1	0	0
1	1	UID381896	1	1	0	0
1	1	UID381898	1	1	0	0
1	1	UID381905	1	1	0	0
1	1	UID381909	1	1	0	0
1	1	UID381935	1	1	0	0
1	1	UID382015	1	1	0	0
1	1	UID382038	1	1	0	0
1	1	UID382051	1	1	0	0
1	1	UID382060	1	1	0	0
1	1	UID382065	1	1	0	0
1	1	UID382072	1	1	0	0
1	1	UID382078	1	1	0	0
1	1	UID382081	1	1	0	0
1	1	UID382084	1	1	0	0
1	1	UID382089	1	1	0	0
1	1	UID382097	1	1	0	0
1	1	UID382113	1	1	0	0
1	1	UID382121	1	1	0	0
1	1	UID382125	1	1	0	0
1	1	UID382126	1	1	0	0
1	1	UID382127	1	1	0	0
1	1	UID382128	1	1	0	0
1	1	UID382141	1	1	0	0
1	1	UID382146	1	1	0	0
1	1	UID382148	1	1	0	0
1	1	UID382153	1	1	0	0
1	1	UID382155	1	1	0	0
1	1	UID382161	1	1	0	0
1	1	UID382162	1	1	0	0
1	1	UID382167	1	1	0	0
1	1	UID382170	1	1	0	0
1	1	UID382184	1	1	0	0
1	1	UID382191	1	1	0	0
1	1	UID382192	1	1	0	0
1	1	UID382262	1	1	0	0
1	1	UID382268	1	1	0	0
1	1	UID382300	1	1	0	0
1	1	UID382314	1	1	0	0
1	1	UID382315	1	1	0	0
1	1	UID382317	1	1	0	0
1	1	UID382326	1	1	0	0
1	1	UID382338	1	1	0	0
1	1	UID382340	1	1	0	0
1	1	UID382365	1	1	0	0
1	1	UID382375	1	1	0	0
1	1	UID382378	1	1	0	0
1	1	UID382382	1	1	0	0
1	1	UID382408	1	1	0	0
1	1	UID382410	1	1	0	0
1	1	UID382411	1	1	0	0
1	1	UID382420	1	1	0	0
1	1	UID382427	1	1	0	0
1	1	UID382428	1	1	0	0
1	1	UID382429	1	1	0	0
1	1	UID382430	1	1	0	0
1	1	UID382431	1	1	0	0
1	1	UID382433	1	1	0	0
1	1	UID382434	1	1	0	0
1	1	UID382436	1	1	0	0
1	1	UID382438	1	1	0	0
1	1	UID382440	1	1	0	0
1	1	UID382448	1	1	0	0
1	1	UID382452	1	1	0	0
1	1	UID382453	1	1	0	0
1	1	UID382464	1	1	0	0
1	1	UID382481	1	1	0	0
1	1	UID382486	1	1	0	0
1	1	UID382585	1	1	0	0
1	1	UID382594	1	1	0	0
1	1	UID382603	1	1	0	0
1	1	UID382613	1	1	0	0
1	1	UID382620	1	1	0	0
1	1	UID382623	1	1	0	0
1	1	UID382628	1	1	0	0
1	1	UID382632	1	1	0	0
1	1	UID382638	1	1	0	0
1	1	UID382639	1	1	0	0
1	1	UID382643	1	1	0	0
1	1	UID382646	1	1	0	0
1	1	UID382656	1	1	0	0
1	1	UID382658	1	1	0	0
1	1	UID382667	1	1	0	0
1	1	UID382668	1	1	0	0
1	1	UID382689	1	1	0	0
1	1	UID382699	1	1	0	0
1	1	UID382704	1	1	0	0
1	1	UID382712	1	1	0	0
1	1	UID382716	1	1	0	0
1	1	UID382717	1	1	0	0
1	1	UID382763	1	1	0	0
1	1	UID382801	1	1	0	0
1	1	UID382812	1	1	0	0
1	1	UID382823	1	1	0	0
1	1	UID382827	1	1	0	0
1	1	UID382850	1	1	0	0
1	1	UID382873	1	1	0	0
1	1	UID382874	1	1	0	0
1	1	UID382885	1	1	0	0
1	1	UID382886	1	1	0	0
1	1	UID382888	1	1	0	0
1	1	UID382910	1	1	0	0
1	1	UID382914	1	1	0	0
1	1	UID382918	1	1	0	0
1	1	UID382919	1	1	0	0
1	1	UID382921	1	1	0	0
1	1	UID382923	1	1	0	0
1	1	UID382924	1	1	0	0
1	1	UID382926	1	1	0	0
1	1	UID382927	1	1	0	0
1	1	UID382928	1	1	0	0
1	1	UID382932	1	1	0	0
1	1	UID382934	1	1	0	0
1	1	UID382935	1	1	0	0
1	1	UID382936	1	1	0	0
1	1	UID382939	1	1	0	0
1	1	UID382945	1	1	0	0
1	1	UID382947	1	1	0	0
1	1	UID382950	1	1	0	0
1	1	UID382959	1	1	0	0
1	1	UID382962	1	1	0	0
1	1	UID382964	1	1	0	0
1	1	UID382968	1	1	0	0
1	1	UID382970	1	1	0	0
1	1	UID382975	1	1	0	0
1	1	UID382983	1	1	0	0
1	1	UID382984	1	1	0	0
1	1	UID382987	1	1	0	0
1	1	UID383060	1	1	0	0
1	1	UID383079	1	1	0	0
1	1	UID383083	1	1	0	0
1	1	UID383088	1	1	0	0
1	1	UID383091	1	1	0	0
1	1	UID383093	1	1	0	0
1	1	UID383094	1	1	0	0
1	1	UID383111	1	1	0	0
1	1	UID383112	1	1	0	0
1	1	UID383124	1	1	0	0
1	1	UID383128	1	1	0	0
1	1	UID383130	1	1	0	0
1	1	UID383131	1	1	0	0
1	1	UID383133	1	1	0	0
1	1	UID383135	1	1	0	0
1	1	UID383153	1	1	0	0
1	1	UID383155	1	1	0	0
1	1	UID383158	1	1	0	0
1	1	UID383159	1	1	0	0
1	1	UID383160	1	1	0	0
1	1	UID383168	1	1	0	0
1	1	UID383169	1	1	0	0
1	1	UID383170	1	1	0	0
1	1	UID383171	1	1	0	0
1	1	UID383172	1	1	0	0
1	1	UID383173	1	1	0	0
1	1	UID383174	1	1	0	0
1	1	UID383175	1	1	0	0
1	1	UID383177	1	1	0	0
1	1	UID383178	1	1	0	0
1	1	UID383182	1	1	0	0
1	1	UID383183	1	1	0	0
1	1	UID383186	1	1	0	0
1	1	UID383189	1	1	0	0
1	1	UID383196	1	1	0	0
1	1	UID383197	1	1	0	0
1	1	UID383198	1	1	0	0
1	1	UID383203	1	1	0	0
1	1	UID383206	1	1	0	0
1	1	UID383207	1	1	0	0
1	1	UID383209	1	1	0	0
1	1	UID383210	1	1	0	0
1	1	UID383211	1	1	0	0
1	1	UID383212	1	1	0	0
1	1	UID383214	1	1	0	0
1	1	UID383217	1	1	0	0
1	1	UID383220	1	1	0	0
1	1	UID383221	1	1	0	0
1	1	UID383222	1	1	0	0
1	1	UID383225	1	1	0	0
1	1	UID383226	1	1	0	0
1	1	UID383227	1	1	0	0
1	1	UID383229	1	1	0	0
1	1	UID383231	1	1	0	0
1	1	UID383232	1	1	0	0
1	1	UID383233	1	1	0	0
1	1	UID383240	1	1	0	0
1	1	UID383247	1	1	0	0
1	1	UID383267	1	1	0	0
1	1	UID383272	1	1	0	0
1	1	UID383279	1	1	0	0
1	1	UID383281	1	1	0	0
1	1	UID383358	1	1	0	0
1	1	UID383404	1	1	0	0
1	1	UID383411	1	1	0	0
1	1	UID383420	1	1	0	0
1	1	UID383427	1	1	0	0
1	1	UID383438	1	1	0	0
1	1	UID383443	1	1	0	0
1	1	UID383452	1	1	0	0
1	1	UID383459	1	1	0	0
1	1	UID383461	1	1	0	0
1	1	UID383469	1	1	0	0
1	1	UID383473	1	1	0	0
1	1	UID383474	1	1	0	0
1	1	UID383478	1	1	0	0
1	1	UID383480	1	1	0	0
1	1	UID383484	1	1	0	0
1	1	UID383494	1	1	0	0
1	1	UID383499	1	1	0	0
1	1	UID383508	1	1	0	0
1	1	UID383512	1	1	0	0
1	1	UID383532	1	1	0	0
1	1	UID383533	1	1	0	0
1	1	UID383536	1	1	0	0
1	1	UID383581	1	1	0	0
1	1	UID383642	1	1	0	0
1	1	UID383652	1	1	0	0
1	1	UID383653	1	1	0	0
1	1	UID383679	1	1	0	0
1	1	UID383683	1	1	0	0
1	1	UID383690	1	1	0	0
1	1	UID383693	1	1	0	0
1	1	UID383704	1	1	0	0
1	1	UID383711	1	1	0	0
1	1	UID383713	1	1	0	0
1	1	UID383714	1	1	0	0
1	1	UID383715	1	1	0	0
1	1	UID383716	1	1	0	0
1	1	UID383718	1	1	0	0
1	1	UID383730	1	1	0	0
1	1	UID383731	1	1	0	0
1	1	UID383735	1	1	0	0
1	1	UID383736	1	1	0	0
1	1	UID383737	1	1	0	0
1	1	UID383745	1	1	0	0
1	1	UID383746	1	1	0	0
1	1	UID383749	1	1	0	0
1	1	UID383775	1	1	0	0
1	1	UID383781	1	1	0	0
1	1	UID383787	1	1	0	0
1	1	UID383794	1	1	0	0
1	1	UID383800	1	1	0	0
1	1	UID383812	1	1	0	0
1	1	UID383870	1	1	0	0
1	1	UID383905	1	1	0	0
1	1	UID383909	1	1	0	0
1	1	UID383922	1	1	0	0
1	1	UID383923	1	1	0	0
1	1	UID383926	1	1	0	0
1	1	UID383933	1	1	0	0
1	1	UID383941	1	1	0	0
1	1	UID383948	1	1	0	0
1	1	UID383951	1	1	0	0
1	1	UID383966	1	1	0	0
1	1	UID383969	1	1	0	0
1	1	UID383970	1	1	0	0
1	1	UID383971	1	1	0	0
1	1	UID383972	1	1	0	0
1	1	UID383973	1	1	0	0
1	1	UID383982	1	1	0	0
1	1	UID383984	1	1	0	0
2	2	UID384001	1	2	1	1
1	1	UID384006	1	1	0	0
1	1	UID384008	1	1	0	0
2	2	UID384009	1	2	1	1
1	1	UID384018	1	1	0	0
1	1	UID384021	1	1	0	0
1	1	UID384029	1	1	0	0
1	1	UID384069	1	1	0	0
1	1	UID384080	1	1	0	0
1	1	UID384093	1	1	0	0
1	1	UID384097	1	1	0	0
1	1	UID384102	1	1	0	0
1	1	UID384115	1	1	0	0
1	1	UID384127	1	1	0	0
1	1	UID384134	1	1	0	0
1	1	UID384137	1	1	0	0
1	1	UID384139	1	1	0	0
1	1	UID384140	1	1	0	0
1	1	UID384142	1	1	0	0
1	1	UID384149	1	1	0	0
1	1	UID384159	1	1	0	0
1	1	UID384173	1	1	0	0
1	1	UID384175	1	1	0	0
1	1	UID384176	1	1	0	0
1	1	UID384177	1	1	0	0
1	1	UID384179	1	1	0	0
1	1	UID384180	1	1	0	0
1	1	UID384182	1	1	0	0
1	1	UID384186	1	1	0	0
1	1	UID384188	1	1	0	0
1	1	UID384189	1	1	0	0
1	1	UID384190	1	1	0	0
1	1	UID384194	1	1	0	0
1	1	UID384195	1	1	0	0
1	1	UID384196	1	1	0	0
1	1	UID384198	1	1	0	0
1	1	UID384199	1	1	0	0
1	1	UID384201	1	1	0	0
1	1	UID384205	1	1	0	0
1	1	UID384209	1	1	0	0
1	1	UID384216	1	1	0	0
1	1	UID384217	1	1	0	0
1	1	UID384229	1	1	0	0
1	1	UID384282	1	1	0	0
1	1	UID384286	1	1	0	0
1	1	UID384287	1	1	0	0
1	1	UID384288	1	1	0	0
1	1	UID384297	1	1	0	0
1	1	UID384302	1	1	0	0
1	1	UID384303	1	1	0	0
1	1	UID384314	1	1	0	0
1	1	UID384319	1	1	0	0
1	1	UID384342	1	1	0	0
1	1	UID384343	1	1	0	0
1	1	UID384344	1	1	0	0
1	1	UID384347	1	1	0	0
1	1	UID384351	1	1	0	0
1	1	UID384353	1	1	0	0
1	1	UID384375	1	1	0	0
1	1	UID384411	1	1	0	0
1	1	UID384413	1	1	0	0
1	1	UID384415	1	1	0	0
2	2	UID384418	1	2	1	1
1	1	UID384426	1	1	0	0
1	1	UID384427	1	1	0	0
1	1	UID384441	1	1	0	0
1	1	UID384443	1	1	0	0
1	1	UID384485	1	1	0	0
1	1	UID384486	1	1	0	0
1	1	UID384490	1	1	0	0
1	1	UID384500	1	1	0	0
1	1	UID384502	1	1	0	0
1	1	UID384506	1	1	0	0
1	1	UID384517	1	1	0	0
1	1	UID384586	1	1	0	0
1	1	UID384588	1	1	0	0
1	1	UID384590	1	1	0	0
1	1	UID384595	1	1	0	0
1	1	UID384599	1	1	0	0
1	1	UID384606	1	1	0	0
1	1	UID384607	1	1	0	0
1	1	UID384608	1	1	0	0
1	1	UID384612	1	1	0	0
1	1	UID384616	1	1	0	0
1	1	UID384629	1	1	0	0
1	1	UID384639	1	1	0	0
1	1	UID384647	1	1	0	0
1	1	UID384650	1	1	0	0
1	1	UID384652	1	1	0	0
1	1	UID384660	1	1	0	0
1	1	UID384666	1	1	0	0
1	1	UID384668	1	1	0	0
1	1	UID384670	1	1	0	0
1	1	UID384673	1	1	0	0
1	1	UID384675	1	1	0	0
1	1	UID384677	1	1	0	0
1	1	UID384678	1	1	0	0
1	1	UID384684	1	1	0	0
1	1	UID384685	1	1	0	0
1	1	UID384686	1	1	0	0
1	1	UID384689	1	1	0	0
1	1	UID384705	1	1	0	0
1	1	UID384706	1	1	0	0
1	1	UID384708	1	1	0	0
1	1	UID384712	1	1	0	0
1	1	UID384717	1	1	0	0
1	1	UID384724	1	1	0	0
1	1	UID384726	1	1	0	0
1	1	UID384734	1	1	0	0
1	1	UID384736	1	1	0	0
1	1	UID384737	1	1	0	0
1	1	UID384739	1	1	0	0
1	1	UID384752	1	1	0	0
2	2	UID384753	1	2	1	1
1	1	UID384761	1	1	0	0
1	1	UID384769	1	1	0	0
1	1	UID384791	1	1	0	0
1	1	UID384817	1	1	0	0
1	1	UID384836	1	1	0	0
1	1	UID384864	1	1	0	0
1	1	UID384866	1	1	0	0
1	1	UID384870	1	1	0	0
1	1	UID384881	1	1	0	0
1	1	UID384882	1	1	0	0
1	1	UID384909	1	1	0	0
1	1	UID384921	1	1	0	0
1	1	UID384927	1	1	0	0
1	1	UID384937	1	1	0	0
1	1	UID384948	1	1	0	0
1	1	UID384954	1	1	0	0
1	1	UID384957	1	1	0	0
1	1	UID384966	1	1	0	0
1	1	UID385027	1	1	0	0
1	1	UID385051	1	1	0	0
1	1	UID385053	1	1	0	0
1	1	UID385062	1	1	0	0
1	1	UID385067	1	1	0	0
1	1	UID385080	1	1	0	0
1	1	UID385082	1	1	0	0
1	1	UID385097	1	1	0	0
1	1	UID385098	1	1	0	0
1	1	UID385106	1	1	0	0
1	1	UID385117	1	1	0	0
1	1	UID385132	1	1	0	0
1	1	UID385145	1	1	0	0
1	1	UID385147	1	1	0	0
1	1	UID385160	1	1	0	0
1	1	UID385227	1	1	0	0
1	1	UID385229	1	1	0	0
1	1	UID385231	1	1	0	0
1	1	UID385234	1	1	0	0
1	1	UID385244	1	1	0	0
1	1	UID385248	1	1	0	0
1	1	UID385249	1	1	0	0
1	1	UID385251	1	1	0	0
1	1	UID385264	1	1	0	0
1	1	UID385271	1	1	0	0
1	1	UID385272	1	1	0	0
1	1	UID385317	1	1	0	0
1	1	UID385331	1	1	0	0
1	1	UID385332	1	1	0	0
1	1	UID385344	1	1	0	0
1	1	UID385353	1	1	0	0
1	1	UID385358	1	1	0	0
1	1	UID385361	1	1	0	0
1	1	UID385363	1	1	0	0
1	1	UID385366	1	1	0	0
1	1	UID385375	1	1	0	0
1	1	UID385385	1	1	0	0
1	1	UID385407	1	1	0	0
1	1	UID385426	1	1	0	0
1	1	UID385431	1	1	0	0
1	1	UID385451	1	1	0	0
1	1	UID385452	1	1	0	0
1	1	UID385465	1	1	0	0
1	1	UID385466	1	1	0	0
1	1	UID385470	1	1	0	0
1	1	UID385480	1	1	0	0
1	1	UID385493	1	1	0	0
1	1	UID385599	1	1	0	0
1	1	UID385612	1	1	0	0
1	1	UID385616	1	1	0	0
1	1	UID385617	1	1	0	0
1	1	UID385631	1	1	0	0
1	1	UID385635	1	1	0	0
1	1	UID385649	1	1	0	0
1	1	UID385655	1	1	0	0
1	1	UID385660	1	1	0	0
1	1	UID385661	1	1	0	0
1	1	UID385665	1	1	0	0
1	1	UID385679	1	1	0	0
1	1	UID385686	1	1	0	0
1	1	UID385689	1	1	0	0
1	1	UID385692	1	1	0	0
1	1	UID385733	1	1	0	0
1	1	UID385734	1	1	0	0
1	1	UID385735	1	1	0	0
1	1	UID385737	1	1	0	0
1	1	UID385742	1	1	0	0
1	1	UID385744	1	1	0	0
1	1	UID385752	1	1	0	0
1	1	UID385753	1	1	0	0
1	1	UID385759	1	1	0	0
1	1	UID385769	1	1	0	0
1	1	UID385771	1	1	0	0
1	1	UID385772	1	1	0	0
1	1	UID385783	1	1	0	0
1	1	UID385785	1	1	0	0
1	1	UID385808	1	1	0	0
1	1	UID385863	1	1	0	0
1	1	UID385880	1	1	0	0
1	1	UID385887	1	1	0	0
1	1	UID385905	1	1	0	0
1	1	UID385911	1	1	0	0
1	1	UID385915	1	1	0	0
1	1	UID385918	1	1	0	0
1	1	UID385921	1	1	0	0
1	1	UID385929	1	1	0	0
1	1	UID385946	1	1	0	0
1	1	UID385951	1	1	0	0
1	1	UID385957	1	1	0	0
1	1	UID385961	1	1	0	0
1	1	UID385963	1	1	0	0
1	1	UID385969	1	1	0	0
1	1	UID385975	1	1	0	0
1	1	UID385980	1	1	0	0
1	1	UID385982	1	1	0	0
1	1	UID385984	1	1	0	0
1	1	UID386014	1	1	0	0
1	1	UID386018	1	1	0	0
1	1	UID386025	1	1	0	0
1	1	UID386032	1	1	0	0
1	1	UID386034	1	1	0	0
1	1	UID386042	1	1	0	0
1	1	UID386048	1	1	0	0
1	1	UID386049	1	1	0	0
1	1	UID386052	1	1	0	0
1	1	UID386054	1	1	0	0
1	1	UID386055	1	1	0	0
1	1	UID386059	1	1	0	0
1	1	UID386060	1	1	0	0
1	1	UID386065	1	1	0	0
1	1	UID386068	1	1	0	0
1	1	UID386077	1	1	0	0
1	1	UID386083	1	1	0	0
1	1	UID386096	1	1	0	0
1	1	UID386141	1	1	0	0
1	1	UID386150	1	1	0	0
1	1	UID386158	1	1	0	0
1	1	UID386180	1	1	0	0
1	1	UID386182	1	1	0	0
1	1	UID386185	1	1	0	0
1	1	UID386190	1	1	0	0
1	1	UID386211	1	1	0	0
1	1	UID386221	1	1	0	0
1	1	UID386228	1	1	0	0
1	1	UID386236	1	1	0	0
1	1	UID386238	1	1	0	0
1	1	UID386239	1	1	0	0
1	1	UID386241	1	1	0	0
1	1	UID386246	1	1	0	0
1	1	UID386247	1	1	0	0
1	1	UID386248	1	1	0	0
1	1	UID386253	1	1	0	0
1	1	UID386254	1	1	0	0
1	1	UID386258	1	1	0	0
1	1	UID386263	1	1	0	0
1	1	UID386268	1	1	0	0
1	1	UID386270	1	1	0	0
1	1	UID386277	1	1	0	0
1	1	UID386278	1	1	0	0
1	1	UID386280	1	1	0	0
1	1	UID386282	1	1	0	0
1	1	UID386353	1	1	0	0
1	1	UID386360	1	1	0	0
1	1	UID386366	1	1	0	0
1	1	UID386405	1	1	0	0
1	1	UID386415	1	1	0	0
1	1	UID386421	1	1	0	0
1	1	UID386437	1	1	0	0
1	1	UID386439	1	1	0	0
1	1	UID386442	1	1	0	0
1	1	UID386444	1	1	0	0
1	1	UID386446	1	1	0	0
1	1	UID386459	1	1	0	0
1	1	UID386460	1	1	0	0
2	2	UID386464	1	2	1	1
1	1	UID386475	1	1	0	0
1	1	UID386479	1	1	0	0
1	1	UID386490	1	1	0	0
1	1	UID386497	1	1	0	0
1	1	UID386530	1	1	0	0
1	1	UID386532	1	1	0	0
1	1	UID386535	1	1	0	0
1	1	UID386537	1	1	0	0
1	1	UID386540	1	1	0	0
1	1	UID386542	1	1	0	0
1	1	UID386544	1	1	0	0
1	1	UID386551	1	1	0	0
1	1	UID386552	1	1	0	0
1	1	UID386582	1	1	0	0
1	1	UID386594	1	1	0	0
1	1	UID386595	1	1	0	0
1	1	UID386613	1	1	0	0
1	1	UID386616	1	1	0	0
1	1	UID386617	1	1	0	0
1	1	UID386624	1	1	0	0
1	1	UID386628	1	1	0	0
1	1	UID386630	1	1	0	0
1	1	UID386638	1	1	0	0
1	1	UID386639	1	1	0	0
1	1	UID386642	1	1	0	0
1	1	UID386650	1	1	0	0
1	1	UID386684	1	1	0	0
1	1	UID386688	1	1	0	0
1	1	UID386696	1	1	0	0
1	1	UID386705	1	1	0	0
1	1	UID386708	1	1	0	0
1	1	UID386715	1	1	0	0
1	1	UID386716	1	1	0	0
1	1	UID386724	1	1	0	0
1	1	UID386725	1	1	0	0
1	1	UID386727	1	1	0	0
1	1	UID386729	1	1	0	0
1	1	UID386730	1	1	0	0
1	1	UID386732	1	1	0	0
1	1	UID386735	1	1	0	0
1	1	UID386737	1	1	0	0
1	1	UID386741	1	1	0	0
1	1	UID386742	1	1	0	0
1	1	UID386744	1	1	0	0
1	1	UID386753	1	1	0	0
1	1	UID386761	1	1	0	0
1	1	UID386770	1	1	0	0
1	1	UID386772	1	1	0	0
1	1	UID386815	1	1	0	0
1	1	UID386818	1	1	0	0
1	1	UID386823	1	1	0	0
1	1	UID386828	1	1	0	0
1	1	UID386837	1	1	0	0
1	1	UID386844	1	1	0	0
1	1	UID386849	1	1	0	0
1	1	UID386860	1	1	0	0
1	1	UID386863	1	1	0	0
1	1	UID386873	1	1	0	0
1	1	UID386876	1	1	0	0
1	1	UID386880	1	1	0	0
1	1	UID386881	1	1	0	0
1	1	UID386899	1	1	0	0
1	1	UID386904	1	1	0	0
1	1	UID386908	1	1	0	0
1	1	UID386922	1	1	0	0
1	1	UID386933	1	1	0	0
1	1	UID386940	1	1	0	0
1	1	UID386941	1	1	0	0
1	1	UID386943	1	1	0	0
1	1	UID386946	1	1	0	0
1	1	UID386948	1	1	0	0
1	1	UID386959	1	1	0	0
1	1	UID386966	1	1	0	0
1	1	UID386967	1	1	0	0
1	1	UID386987	1	1	0	0
1	1	UID386991	1	1	0	0
1	1	UID387036	1	1	0	0
1	1	UID387048	1	1	0	0
1	1	UID387060	1	1	0	0
1	1	UID387063	1	1	0	0
1	1	UID387069	1	1	0	0
1	1	UID387075	1	1	0	0
1	1	UID387094	1	1	0	0
1	1	UID387110	1	1	0	0
1	1	UID387125	1	1	0	0
1	1	UID387128	1	1	0	0
1	1	UID387129	1	1	0	0
1	1	UID387137	1	1	0	0
1	1	UID387144	1	1	0	0
1	1	UID387159	1	1	0	0
1	1	UID387171	1	1	0	0
1	1	UID387172	1	1	0	0
1	1	UID387187	1	1	0	0
1	1	UID387199	1	1	0	0
1	1	UID387205	1	1	0	0
1	1	UID387214	1	1	0	0
1	1	UID387215	1	1	0	0
1	1	UID387282	1	1	0	0
1	1	UID387286	1	1	0	0
1	1	UID387292	1	1	0	0
1	1	UID387308	1	1	0	0
1	1	UID387314	1	1	0	0
1	1	UID387319	1	1	0	0
1	1	UID387320	1	1	0	0
1	1	UID387322	1	1	0	0
1	1	UID387329	1	1	0	0
1	1	UID387338	1	1	0	0
1	1	UID387371	1	1	0	0
1	1	UID387387	1	1	0	0
1	1	UID387397	1	1	0	0
1	1	UID387403	1	1	0	0
1	1	UID387409	1	1	0	0
1	1	UID387418	1	1	0	0
1	1	UID387420	1	1	0	0
1	1	UID387423	1	1	0	0
1	1	UID387424	1	1	0	0
1	1	UID387443	1	1	0	0
1	1	UID387445	1	1	0	0
1	1	UID387448	1	1	0	0
1	1	UID387451	1	1	0	0
1	1	UID387456	1	1	0	0
1	1	UID387460	1	1	0	0
1	1	UID387477	1	1	0	0
1	1	UID387497	1	1	0	0
1	1	UID387515	1	1	0	0
1	1	UID387529	1	1	0	0
1	1	UID387531	1	1	0	0
1	1	UID387536	1	1	0	0
1	1	UID387542	1	1	0	0
1	1	UID387546	1	1	0	0
1	1	UID387547	1	1	0	0
1	1	UID387553	1	1	0	0
1	1	UID387554	1	1	0	0
1	1	UID387555	1	1	0	0
1	1	UID387567	1	1	0	0
1	1	UID387575	1	1	0	0
1	1	UID387577	1	1	0	0
1	1	UID387588	1	1	0	0
1	1	UID387589	1	1	0	0
1	1	UID387591	1	1	0	0
1	1	UID387595	1	1	0	0
1	1	UID387613	1	1	0	0
1	1	UID387615	1	1	0	0
1	1	UID387621	1	1	0	0
1	1	UID387636	1	1	0	0
1	1	UID387693	1	1	0	0
1	1	UID387718	1	1	0	0
1	1	UID387722	1	1	0	0
1	1	UID387724	1	1	0	0
1	1	UID387740	1	1	0	0
1	1	UID387741	1	1	0	0
1	1	UID387743	1	1	0	0
1	1	UID387749	1	1	0	0
1	1	UID387755	1	1	0	0
1	1	UID387756	1	1	0	0
1	1	UID387757	1	1	0	0
1	1	UID387767	1	1	0	0
1	1	UID387771	1	1	0	0
1	1	UID387780	1	1	0	0
1	1	UID387796	1	1	0	0
1	1	UID387832	1	1	0	0
1	1	UID387833	1	1	0	0
1	1	UID387837	1	1	0	0
1	1	UID387843	1	1	0	0
1	1	UID387859	1	1	0	0
1	1	UID387877	1	1	0	0
1	1	UID387878	1	1	0	0
1	1	UID387881	1	1	0	0
1	1	UID387883	1	1	0	0
1	1	UID387888	1	1	0	0
1	1	UID50104	1	1	0	0
