27449	131836	UID493	48910	21234	11	11
8100	33052	UID166178	12413	6251	10	10
211	8774	UID227	7126	94	3	3
4389	16018	UID346187	5707	3288	7	7
4361	16039	UID166175	5394	3151	4	4
3275	11857	UID254	4311	2370	6	6
508	1339	UID166183	556	354	3	3
284	482	UID33336	139	251	4	4
45	234	UID3	130	28	2	2
312	588	UID31712	74	264	6	6
162	282	UID28004	65	135	3	3
75	122	UID2251	43	69	2	2
8	41	UID15230	34	7	1	1
57	109	UID80073	34	48	3	3
14	36	UID122961	22	12	1	1
16	33	UID58892	16	13	2	2
3	15	UID105578	13	2	1	1
18	32	UID613	13	15	1	1
20	34	UID930	13	18	2	2
2	13	UID6	12	1	1	1
24	44	UID715	12	16	2	2
16	32	UID44998	11	10	1	1
5	17	UID223036	10	1	1	1
24	52	UID38192	10	15	2	2
14	22	UID182403	8	12	1	1
19	32	UID740250	8	13	2	2
12	20	UID38792	6	9	2	2
1	6	UID740636	6	0	0	0
3	7	UID740684	5	2	1	1
1	5	UID740708	5	0	0	0
7	11	UID740717	5	6	1	1
16	22	UID740822	5	13	1	1
1	5	UID740830	5	0	0	0
1	5	UID740989	5	0	0	0
1	5	UID740996	5	0	0	0
10	14	UID27	4	8	2	2
1	4	UID658488	4	0	0	0
1	4	UID67417	4	0	0	0
1	4	UID741011	4	0	0	0
1	4	UID741030	4	0	0	0
1	4	UID741049	4	0	0	0
6	9	UID741061	4	5	2	2
1	4	UID741076	4	0	0	0
1	4	UID741079	4	0	0	0
1	4	UID741086	4	0	0	0
1	4	UID741087	4	0	0	0
1	4	UID741090	4	0	0	0
1	4	UID741096	4	0	0	0
1	4	UID741173	4	0	0	0
1	4	UID741236	4	0	0	0
1	4	UID741245	4	0	0	0
2	5	UID741246	4	1	0	0
1	4	UID741271	4	0	0	0
1	4	UID741274	4	0	0	0
1	4	UID741277	4	0	0	0
1	4	UID741300	4	0	0	0
1	4	UID741301	4	0	0	0
1	4	UID741365	4	0	0	0
1	4	UID741378	4	0	0	0
1	4	UID741380	4	0	0	0
2	5	UID741393	4	1	1	1
1	4	UID741417	4	0	0	0
1	4	UID741418	4	0	0	0
1	4	UID741445	4	0	0	0
1	4	UID741450	4	0	0	0
1	4	UID741452	4	0	0	0
2	5	UID741465	4	1	1	1
1	4	UID741474	4	0	0	0
1	4	UID741490	4	0	0	0
1	4	UID741506	4	0	0	0
1	4	UID741508	4	0	0	0
1	4	UID741519	4	0	0	0
1	4	UID741530	4	0	0	0
1	4	UID741535	4	0	0	0
1	4	UID741538	4	0	0	0
1	4	UID741544	4	0	0	0
1	4	UID741548	4	0	0	0
1	4	UID741553	4	0	0	0
1	4	UID741554	4	0	0	0
1	4	UID741555	4	0	0	0
1	4	UID741565	4	0	0	0
1	4	UID741568	4	0	0	0
1	4	UID741569	4	0	0	0
18	26	UID80356	4	13	3	3
7	10	UID937	4	6	1	1
1	3	UID144203	3	0	0	0
1	3	UID25	3	0	0	0
1	3	UID741571	3	0	0	0
1	3	UID741578	3	0	0	0
1	3	UID741580	3	0	0	0
1	3	UID741591	3	0	0	0
1	3	UID741593	3	0	0	0
1	3	UID741594	3	0	0	0
1	3	UID741597	3	0	0	0
1	3	UID741603	3	0	0	0
1	3	UID741606	3	0	0	0
1	3	UID741607	3	0	0	0
1	3	UID741609	3	0	0	0
1	3	UID741613	3	0	0	0
1	3	UID741617	3	0	0	0
2	4	UID741618	3	1	0	0
1	3	UID741619	3	0	0	0
1	3	UID741621	3	0	0	0
1	3	UID741635	3	0	0	0
1	3	UID741645	3	0	0	0
1	3	UID741646	3	0	0	0
1	3	UID741659	3	0	0	0
1	3	UID741663	3	0	0	0
1	3	UID741665	3	0	0	0
2	4	UID741668	3	1	1	1
1	3	UID741673	3	0	0	0
1	3	UID741678	3	0	0	0
1	3	UID741690	3	0	0	0
1	3	UID741694	3	0	0	0
1	3	UID741697	3	0	0	0
1	3	UID741698	3	0	0	0
1	3	UID741701	3	0	0	0
3	5	UID741702	3	2	1	1
1	3	UID741713	3	0	0	0
1	3	UID741715	3	0	0	0
1	3	UID741732	3	0	0	0
1	3	UID741738	3	0	0	0
1	3	UID741742	3	0	0	0
1	3	UID741759	3	0	0	0
1	3	UID741762	3	0	0	0
1	3	UID741764	3	0	0	0
1	3	UID741766	3	0	0	0
1	3	UID741768	3	0	0	0
9	12	UID741769	3	7	2	2
1	3	UID741770	3	0	0	0
1	3	UID741774	3	0	0	0
1	3	UID741786	3	0	0	0
1	3	UID741792	3	0	0	0
1	3	UID741796	3	0	0	0
1	3	UID741799	3	0	0	0
1	3	UID741800	3	0	0	0
1	3	UID741802	3	0	0	0
1	3	UID741812	3	0	0	0
1	3	UID741815	3	0	0	0
1	3	UID741818	3	0	0	0
1	3	UID741827	3	0	0	0
1	3	UID741831	3	0	0	0
1	3	UID741838	3	0	0	0
1	3	UID741840	3	0	0	0
1	3	UID741843	3	0	0	0
2	5	UID741846	3	0	0	0
1	3	UID741865	3	0	0	0
1	3	UID741870	3	0	0	0
1	3	UID741872	3	0	0	0
1	3	UID741874	3	0	0	0
1	3	UID741876	3	0	0	0
1	3	UID741886	3	0	0	0
1	3	UID741888	3	0	0	0
1	3	UID741894	3	0	0	0
1	3	UID741897	3	0	0	0
1	3	UID741904	3	0	0	0
1	3	UID741909	3	0	0	0
1	3	UID741917	3	0	0	0
1	3	UID741920	3	0	0	0
1	3	UID741941	3	0	0	0
1	3	UID742053	3	0	0	0
1	3	UID742071	3	0	0	0
1	3	UID742183	3	0	0	0
1	3	UID742202	3	0	0	0
1	3	UID742212	3	0	0	0
2	4	UID742251	3	1	1	1
1	3	UID742270	3	0	0	0
1	3	UID742287	3	0	0	0
1	3	UID742298	3	0	0	0
1	3	UID742303	3	0	0	0
1	3	UID742322	3	0	0	0
1	3	UID742326	3	0	0	0
1	3	UID742334	3	0	0	0
1	3	UID742353	3	0	0	0
1	3	UID742360	3	0	0	0
1	3	UID742366	3	0	0	0
1	3	UID742367	3	0	0	0
1	3	UID742374	3	0	0	0
1	3	UID742395	3	0	0	0
1	3	UID742407	3	0	0	0
1	3	UID742408	3	0	0	0
1	3	UID742423	3	0	0	0
1	3	UID742444	3	0	0	0
1	3	UID742539	3	0	0	0
1	3	UID742540	3	0	0	0
1	3	UID742543	3	0	0	0
1	3	UID742544	3	0	0	0
1	3	UID742558	3	0	0	0
1	3	UID742567	3	0	0	0
1	3	UID742573	3	0	0	0
1	3	UID742580	3	0	0	0
1	3	UID742581	3	0	0	0
1	3	UID742595	3	0	0	0
1	3	UID742601	3	0	0	0
1	3	UID742602	3	0	0	0
1	3	UID742609	3	0	0	0
1	3	UID742622	3	0	0	0
1	3	UID742634	3	0	0	0
1	3	UID742649	3	0	0	0
1	3	UID742667	3	0	0	0
1	3	UID742674	3	0	0	0
1	3	UID742690	3	0	0	0
1	3	UID742697	3	0	0	0
1	3	UID742701	3	0	0	0
1	3	UID742707	3	0	0	0
1	3	UID742710	3	0	0	0
1	3	UID742711	3	0	0	0
1	3	UID742722	3	0	0	0
1	3	UID742724	3	0	0	0
1	3	UID742728	3	0	0	0
1	3	UID742739	3	0	0	0
1	3	UID742744	3	0	0	0
1	3	UID742746	3	0	0	0
1	3	UID742752	3	0	0	0
1	3	UID742755	3	0	0	0
1	3	UID742765	3	0	0	0
1	3	UID742768	3	0	0	0
1	3	UID742769	3	0	0	0
1	3	UID742776	3	0	0	0
1	3	UID742779	3	0	0	0
1	3	UID742785	3	0	0	0
1	3	UID742787	3	0	0	0
1	3	UID742793	3	0	0	0
2	4	UID742794	3	1	1	1
1	3	UID742798	3	0	0	0
1	3	UID742804	3	0	0	0
1	3	UID742808	3	0	0	0
1	3	UID742810	3	0	0	0
1	3	UID742813	3	0	0	0
1	3	UID742819	3	0	0	0
1	3	UID742823	3	0	0	0
1	3	UID742829	3	0	0	0
1	3	UID742836	3	0	0	0
1	3	UID742844	3	0	0	0
2	4	UID742852	3	1	1	1
1	3	UID742854	3	0	0	0
1	3	UID742867	3	0	0	0
1	3	UID742870	3	0	0	0
1	3	UID742872	3	0	0	0
1	3	UID742873	3	0	0	0
1	3	UID742878	3	0	0	0
1	3	UID742879	3	0	0	0
1	3	UID742884	3	0	0	0
1	3	UID742894	3	0	0	0
1	3	UID742898	3	0	0	0
1	3	UID742902	3	0	0	0
1	3	UID742910	3	0	0	0
1	3	UID742912	3	0	0	0
1	3	UID742913	3	0	0	0
1	3	UID742921	3	0	0	0
1	3	UID742925	3	0	0	0
1	3	UID742927	3	0	0	0
1	3	UID742929	3	0	0	0
1	3	UID742930	3	0	0	0
1	3	UID742934	3	0	0	0
1	3	UID742946	3	0	0	0
1	3	UID742955	3	0	0	0
1	3	UID742956	3	0	0	0
1	3	UID742964	3	0	0	0
1	3	UID742965	3	0	0	0
1	3	UID742966	3	0	0	0
1	3	UID742969	3	0	0	0
1	3	UID742971	3	0	0	0
1	3	UID742986	3	0	0	0
1	3	UID742994	3	0	0	0
1	3	UID742995	3	0	0	0
1	3	UID742996	3	0	0	0
1	3	UID743001	3	0	0	0
1	3	UID743010	3	0	0	0
1	3	UID743013	3	0	0	0
1	3	UID743017	3	0	0	0
1	3	UID743024	3	0	0	0
1	3	UID743028	3	0	0	0
1	3	UID743034	3	0	0	0
1	3	UID743039	3	0	0	0
1	3	UID743044	3	0	0	0
1	3	UID743047	3	0	0	0
1	3	UID743052	3	0	0	0
1	3	UID743059	3	0	0	0
1	3	UID743061	3	0	0	0
1	3	UID743063	3	0	0	0
1	3	UID743066	3	0	0	0
1	3	UID743068	3	0	0	0
2	4	UID743072	3	1	0	0
1	3	UID743074	3	0	0	0
1	3	UID743092	3	0	0	0
1	3	UID743099	3	0	0	0
1	3	UID743110	3	0	0	0
1	3	UID743121	3	0	0	0
1	3	UID743127	3	0	0	0
1	3	UID743129	3	0	0	0
1	3	UID743131	3	0	0	0
1	3	UID743136	3	0	0	0
1	3	UID743143	3	0	0	0
1	3	UID743145	3	0	0	0
2	4	UID743151	3	1	1	1
1	3	UID743155	3	0	0	0
2	5	UID743162	3	0	1	1
1	3	UID743164	3	0	0	0
1	3	UID743165	3	0	0	0
8	10	UID83277	3	7	2	2
2	3	UID170795	2	1	1	1
1	2	UID743177	2	0	0	0
1	2	UID743200	2	0	0	0
1	2	UID743225	2	0	0	0
1	2	UID743232	2	0	0	0
1	2	UID743237	2	0	0	0
2	3	UID743240	2	1	1	1
1	2	UID743241	2	0	0	0
1	2	UID743243	2	0	0	0
1	2	UID743254	2	0	0	0
1	2	UID743305	2	0	0	0
1	2	UID743306	2	0	0	0
1	2	UID743307	2	0	0	0
2	3	UID743314	2	1	1	1
1	2	UID743353	2	0	0	0
1	2	UID743400	2	0	0	0
1	2	UID743407	2	0	0	0
1	2	UID743420	2	0	0	0
1	2	UID743429	2	0	0	0
1	2	UID743468	2	0	0	0
1	2	UID743531	2	0	0	0
1	2	UID743569	2	0	0	0
1	2	UID743570	2	0	0	0
1	2	UID743576	2	0	0	0
1	2	UID743589	2	0	0	0
1	2	UID743600	2	0	0	0
1	2	UID743634	2	0	0	0
1	2	UID743648	2	0	0	0
1	2	UID743656	2	0	0	0
1	2	UID743661	2	0	0	0
1	2	UID743671	2	0	0	0
2	3	UID743679	2	1	1	1
1	2	UID743696	2	0	0	0
1	2	UID743722	2	0	0	0
1	2	UID743742	2	0	0	0
1	2	UID743744	2	0	0	0
1	2	UID743745	2	0	0	0
1	2	UID743747	2	0	0	0
1	2	UID743754	2	0	0	0
1	2	UID743786	2	0	0	0
2	3	UID743805	2	1	1	1
1	2	UID743837	2	0	0	0
2	3	UID743873	2	1	1	1
1	2	UID743874	2	0	0	0
1	2	UID743879	2	0	0	0
2	3	UID743895	2	1	1	1
1	2	UID743909	2	0	0	0
1	2	UID743939	2	0	0	0
1	2	UID743960	2	0	0	0
1	2	UID743962	2	0	0	0
1	2	UID743982	2	0	0	0
1	2	UID743990	2	0	0	0
2	3	UID744009	2	1	1	1
1	2	UID744023	2	0	0	0
1	2	UID744040	2	0	0	0
1	2	UID744055	2	0	0	0
2	3	UID744104	2	1	1	1
1	2	UID744127	2	0	0	0
1	2	UID744176	2	0	0	0
5	6	UID744212	2	4	1	1
1	2	UID744214	2	0	0	0
2	3	UID744217	2	1	1	1
1	2	UID744224	2	0	0	0
2	3	UID744227	2	1	1	1
1	2	UID744241	2	0	0	0
1	2	UID744243	2	0	0	0
1	2	UID744276	2	0	0	0
1	2	UID744292	2	0	0	0
3	4	UID744377	2	2	1	1
1	2	UID744492	2	0	0	0
2	3	UID744660	2	1	1	1
1	2	UID744673	2	0	0	0
1	2	UID744825	2	0	0	0
1	2	UID744848	2	0	0	0
1	2	UID744855	2	0	0	0
1	2	UID745006	2	0	0	0
1	2	UID745192	2	0	0	0
1	2	UID745225	2	0	0	0
2	3	UID745689	2	1	1	1
1	2	UID745830	2	0	0	0
2	3	UID745950	2	1	1	1
1	2	UID746024	2	0	0	0
1	2	UID746173	2	0	0	0
1	2	UID746189	2	0	0	0
1	2	UID746195	2	0	0	0
1	2	UID746263	2	0	0	0
1	2	UID746286	2	0	0	0
2	3	UID746309	2	1	1	1
2	3	UID746318	2	1	1	1
2	3	UID746346	2	1	1	1
1	2	UID746369	2	0	0	0
1	2	UID746404	2	0	0	0
1	2	UID746425	2	0	0	0
1	2	UID746426	2	0	0	0
1	2	UID746431	2	0	0	0
2	3	UID746521	2	1	1	1
2	3	UID746571	2	1	1	1
2	3	UID746776	2	1	1	1
1	2	UID746798	2	0	0	0
1	2	UID746887	2	0	0	0
1	2	UID746889	2	0	0	0
1	2	UID746914	2	0	0	0
1	2	UID746988	2	0	0	0
1	2	UID746995	2	0	0	0
1	2	UID747008	2	0	0	0
1	2	UID747019	2	0	0	0
1	2	UID747030	2	0	0	0
1	2	UID747039	2	0	0	0
1	2	UID747058	2	0	0	0
1	2	UID747060	2	0	0	0
1	2	UID747099	2	0	0	0
2	3	UID747127	2	1	1	1
1	2	UID747135	2	0	0	0
2	3	UID747143	2	1	1	1
1	2	UID747192	2	0	0	0
1	2	UID747196	2	0	0	0
2	3	UID747226	2	1	1	1
1	2	UID747271	2	0	0	0
2	3	UID747314	2	1	1	1
1	2	UID747380	2	0	0	0
2	3	UID747382	2	1	1	1
2	3	UID747479	2	1	1	1
1	2	UID747523	2	0	0	0
1	2	UID747561	2	0	0	0
1	2	UID747569	2	0	0	0
1	2	UID747577	2	0	0	0
1	2	UID747624	2	0	0	0
1	2	UID747636	2	0	0	0
1	2	UID747649	2	0	0	0
1	2	UID747652	2	0	0	0
1	2	UID747661	2	0	0	0
2	3	UID747689	2	1	1	1
1	2	UID747694	2	0	0	0
1	2	UID747706	2	0	0	0
1	2	UID747733	2	0	0	0
1	2	UID747766	2	0	0	0
1	2	UID747776	2	0	0	0
1	2	UID747777	2	0	0	0
1	2	UID747838	2	0	0	0
2	3	UID747854	2	1	1	1
1	2	UID747926	2	0	0	0
1	2	UID747932	2	0	0	0
1	2	UID747941	2	0	0	0
1	2	UID747981	2	0	0	0
1	2	UID747985	2	0	0	0
1	2	UID748007	2	0	0	0
1	2	UID748095	2	0	0	0
1	2	UID748147	2	0	0	0
1	2	UID748151	2	0	0	0
1	2	UID748245	2	0	0	0
1	2	UID748249	2	0	0	0
1	2	UID748272	2	0	0	0
1	2	UID748276	2	0	0	0
1	2	UID748347	2	0	0	0
1	2	UID748371	2	0	0	0
1	2	UID748382	2	0	0	0
1	2	UID748400	2	0	0	0
2	3	UID748432	2	1	1	1
1	2	UID748496	2	0	0	0
1	2	UID748512	2	0	0	0
1	2	UID748518	2	0	0	0
1	2	UID748563	2	0	0	0
1	2	UID748567	2	0	0	0
1	2	UID748637	2	0	0	0
1	2	UID748640	2	0	0	0
2	3	UID748666	2	1	1	1
1	2	UID748686	2	0	0	0
1	2	UID748687	2	0	0	0
1	2	UID748726	2	0	0	0
1	2	UID748739	2	0	0	0
1	2	UID748752	2	0	0	0
1	2	UID748754	2	0	0	0
2	3	UID748756	2	1	1	1
1	2	UID748780	2	0	0	0
1	2	UID748810	2	0	0	0
1	2	UID748832	2	0	0	0
1	2	UID748874	2	0	0	0
1	2	UID748881	2	0	0	0
2	3	UID748900	2	1	1	1
1	2	UID748909	2	0	0	0
1	2	UID748912	2	0	0	0
1	2	UID748950	2	0	0	0
1	2	UID748961	2	0	0	0
1	2	UID748971	2	0	0	0
1	2	UID748972	2	0	0	0
2	3	UID748977	2	1	1	1
1	2	UID748978	2	0	0	0
1	2	UID749016	2	0	0	0
1	2	UID749039	2	0	0	0
2	3	UID749047	2	1	1	1
1	2	UID749048	2	0	0	0
1	2	UID749052	2	0	0	0
1	2	UID749057	2	0	0	0
2	3	UID749058	2	1	1	1
1	2	UID749070	2	0	0	0
1	2	UID749092	2	0	0	0
1	2	UID749095	2	0	0	0
1	2	UID749116	2	0	0	0
1	2	UID749128	2	0	0	0
1	2	UID749152	2	0	0	0
1	2	UID749213	2	0	0	0
1	2	UID749231	2	0	0	0
1	2	UID749232	2	0	0	0
2	3	UID749266	2	1	1	1
1	2	UID749301	2	0	0	0
1	2	UID749310	2	0	0	0
1	2	UID749325	2	0	0	0
1	2	UID749353	2	0	0	0
1	2	UID749392	2	0	0	0
2	3	UID749401	2	1	1	1
1	2	UID749410	2	0	0	0
2	3	UID749411	2	1	1	1
1	2	UID749423	2	0	0	0
1	2	UID749427	2	0	0	0
1	2	UID749480	2	0	0	0
1	2	UID749491	2	0	0	0
1	2	UID749520	2	0	0	0
1	2	UID749526	2	0	0	0
1	2	UID749531	2	0	0	0
2	3	UID749568	2	1	1	1
1	2	UID749569	2	0	0	0
1	2	UID749614	2	0	0	0
1	2	UID749628	2	0	0	0
1	2	UID749653	2	0	0	0
1	2	UID749664	2	0	0	0
1	2	UID749667	2	0	0	0
1	2	UID749668	2	0	0	0
2	3	UID749676	2	1	1	1
1	2	UID749744	2	0	0	0
2	3	UID7912	2	1	1	1
1	1	UID428	1	1	0	0
1	1	UID650655	1	1	0	0
1	1	UID749772	1	1	0	0
1	1	UID749773	1	1	0	0
1	1	UID749774	1	1	0	0
1	1	UID749778	1	1	0	0
1	1	UID749791	1	1	0	0
1	1	UID749797	1	1	0	0
1	1	UID749800	1	1	0	0
1	1	UID749809	1	1	0	0
1	1	UID749810	1	1	0	0
1	1	UID749811	1	1	0	0
1	1	UID749820	1	1	0	0
1	1	UID749822	1	1	0	0
1	1	UID749823	1	1	0	0
1	1	UID749825	1	1	0	0
1	1	UID749836	1	1	0	0
1	1	UID749880	1	1	0	0
1	1	UID749886	1	1	0	0
1	1	UID749906	1	1	0	0
1	1	UID749926	1	1	0	0
1	1	UID749955	1	1	0	0
1	1	UID749960	1	1	0	0
1	1	UID749961	1	1	0	0
1	1	UID749964	1	1	0	0
1	1	UID749968	1	1	0	0
1	1	UID749970	1	1	0	0
1	1	UID749974	1	1	0	0
1	1	UID749979	1	1	0	0
1	1	UID749982	1	1	0	0
1	1	UID749987	1	1	0	0
1	1	UID749988	1	1	0	0
1	1	UID749994	1	1	0	0
1	1	UID749995	1	1	0	0
1	1	UID749997	1	1	0	0
1	1	UID750009	1	1	0	0
1	1	UID750010	1	1	0	0
1	1	UID750012	1	1	0	0
1	1	UID750016	1	1	0	0
1	1	UID750018	1	1	0	0
1	1	UID750030	1	1	0	0
1	1	UID750031	1	1	0	0
1	1	UID750033	1	1	0	0
1	1	UID750038	1	1	0	0
1	1	UID750039	1	1	0	0
1	1	UID750040	1	1	0	0
1	1	UID750041	1	1	0	0
1	1	UID750042	1	1	0	0
1	1	UID750044	1	1	0	0
1	1	UID750046	1	1	0	0
1	1	UID750053	1	1	0	0
1	1	UID750057	1	1	0	0
1	1	UID750060	1	1	0	0
1	1	UID750063	1	1	0	0
1	1	UID750070	1	1	0	0
1	1	UID750071	1	1	0	0
1	1	UID750073	1	1	0	0
1	1	UID750074	1	1	0	0
1	1	UID750075	1	1	0	0
1	1	UID750076	1	1	0	0
1	1	UID750077	1	1	0	0
1	1	UID750078	1	1	0	0
1	1	UID750079	1	1	0	0
1	1	UID750080	1	1	0	0
1	1	UID750081	1	1	0	0
1	1	UID750153	1	1	0	0
1	1	UID750155	1	1	0	0
1	1	UID750160	1	1	0	0
1	1	UID750167	1	1	0	0
1	1	UID750168	1	1	0	0
1	1	UID750196	1	1	0	0
1	1	UID750221	1	1	0	0
1	1	UID750236	1	1	0	0
1	1	UID750255	1	1	0	0
1	1	UID750263	1	1	0	0
1	1	UID750264	1	1	0	0
1	1	UID750268	1	1	0	0
1	1	UID750271	1	1	0	0
1	1	UID750276	1	1	0	0
1	1	UID750277	1	1	0	0
1	1	UID750279	1	1	0	0
1	1	UID750281	1	1	0	0
1	1	UID750286	1	1	0	0
1	1	UID750295	1	1	0	0
1	1	UID750301	1	1	0	0
1	1	UID750303	1	1	0	0
1	1	UID750323	1	1	0	0
1	1	UID750337	1	1	0	0
1	1	UID750338	1	1	0	0
1	1	UID750342	1	1	0	0
1	1	UID750343	1	1	0	0
1	1	UID750345	1	1	0	0
1	1	UID750346	1	1	0	0
1	1	UID750347	1	1	0	0
1	1	UID750349	1	1	0	0
1	1	UID750350	1	1	0	0
1	1	UID750351	1	1	0	0
1	1	UID750354	1	1	0	0
1	1	UID750381	1	1	0	0
1	1	UID750410	1	1	0	0
1	1	UID750411	1	1	0	0
1	1	UID750413	1	1	0	0
1	1	UID750415	1	1	0	0
1	1	UID750416	1	1	0	0
1	1	UID750417	1	1	0	0
1	1	UID750419	1	1	0	0
1	1	UID750431	1	1	0	0
1	1	UID750432	1	1	0	0
1	1	UID750434	1	1	0	0
1	1	UID750435	1	1	0	0
1	1	UID750436	1	1	0	0
1	1	UID750437	1	1	0	0
1	1	UID750438	1	1	0	0
1	1	UID750439	1	1	0	0
1	1	UID750441	1	1	0	0
1	1	UID750445	1	1	0	0
1	1	UID750451	1	1	0	0
1	1	UID750457	1	1	0	0
1	1	UID750465	1	1	0	0
1	1	UID750466	1	1	0	0
1	1	UID750467	1	1	0	0
1	1	UID750471	1	1	0	0
1	1	UID750476	1	1	0	0
1	1	UID750477	1	1	0	0
1	1	UID750526	1	1	0	0
1	1	UID750531	1	1	0	0
1	1	UID750588	1	1	0	0
1	1	UID750600	1	1	0	0
1	1	UID750603	1	1	0	0
1	1	UID750608	1	1	0	0
1	1	UID750622	1	1	0	0
1	1	UID750631	1	1	0	0
1	1	UID750650	1	1	0	0
1	1	UID750659	1	1	0	0
1	1	UID750665	1	1	0	0
1	1	UID750669	1	1	0	0
1	1	UID750671	1	1	0	0
1	1	UID750675	1	1	0	0
1	1	UID750676	1	1	0	0
1	1	UID750691	1	1	0	0
1	1	UID750696	1	1	0	0
1	1	UID750702	1	1	0	0
1	1	UID750714	1	1	0	0
1	1	UID750715	1	1	0	0
1	1	UID750719	1	1	0	0
1	1	UID750723	1	1	0	0
1	1	UID750732	1	1	0	0
1	1	UID750733	1	1	0	0
1	1	UID750739	1	1	0	0
1	1	UID750740	1	1	0	0
1	1	UID750741	1	1	0	0
1	1	UID750743	1	1	0	0
1	1	UID750775	1	1	0	0
1	1	UID750790	1	1	0	0
1	1	UID750796	1	1	0	0
1	1	UID750799	1	1	0	0
1	1	UID750804	1	1	0	0
1	1	UID750813	1	1	0	0
1	1	UID750815	1	1	0	0
1	1	UID750816	1	1	0	0
1	1	UID750822	1	1	0	0
2	2	UID750824	1	2	1	1
1	1	UID750912	1	1	0	0
1	1	UID750919	1	1	0	0
1	1	UID750922	1	1	0	0
1	1	UID750924	1	1	0	0
1	1	UID750951	1	1	0	0
1	1	UID750953	1	1	0	0
1	1	UID750965	1	1	0	0
1	1	UID750976	1	1	0	0
1	1	UID750985	1	1	0	0
1	1	UID750987	1	1	0	0
1	1	UID750990	1	1	0	0
1	1	UID750991	1	1	0	0
1	1	UID750992	1	1	0	0
1	1	UID750996	1	1	0	0
1	1	UID750997	1	1	0	0
1	1	UID751000	1	1	0	0
1	1	UID751001	1	1	0	0
1	1	UID751002	1	1	0	0
1	1	UID751004	1	1	0	0
1	1	UID751005	1	1	0	0
1	1	UID751006	1	1	0	0
1	1	UID751007	1	1	0	0
1	1	UID751009	1	1	0	0
1	1	UID751010	1	1	0	0
1	1	UID751011	1	1	0	0
1	1	UID751017	1	1	0	0
1	1	UID751025	1	1	0	0
1	1	UID751027	1	1	0	0
1	1	UID751033	1	1	0	0
1	1	UID751036	1	1	0	0
1	1	UID751038	1	1	0	0
1	1	UID751040	1	1	0	0
1	1	UID751041	1	1	0	0
1	1	UID751042	1	1	0	0
1	1	UID751043	1	1	0	0
1	1	UID751046	1	1	0	0
1	1	UID751065	1	1	0	0
1	1	UID751069	1	1	0	0
1	1	UID751070	1	1	0	0
1	1	UID751071	1	1	0	0
1	1	UID751072	1	1	0	0
1	1	UID751073	1	1	0	0
1	1	UID751074	1	1	0	0
1	1	UID751076	1	1	0	0
1	1	UID751080	1	1	0	0
1	1	UID751086	1	1	0	0
1	1	UID751096	1	1	0	0
1	1	UID751098	1	1	0	0
1	1	UID751099	1	1	0	0
1	1	UID751104	1	1	0	0
1	1	UID751108	1	1	0	0
1	1	UID751112	1	1	0	0
1	1	UID751122	1	1	0	0
1	1	UID751135	1	1	0	0
1	1	UID751143	1	1	0	0
1	1	UID751191	1	1	0	0
1	1	UID751204	1	1	0	0
1	1	UID751217	1	1	0	0
1	1	UID751239	1	1	0	0
1	1	UID751241	1	1	0	0
1	1	UID751243	1	1	0	0
2	2	UID751270	1	2	1	1
1	1	UID751279	1	1	0	0
1	1	UID751282	1	1	0	0
1	1	UID751283	1	1	0	0
1	1	UID751289	1	1	0	0
1	1	UID751319	1	1	0	0
1	1	UID751332	1	1	0	0
1	1	UID751338	1	1	0	0
1	1	UID751346	1	1	0	0
1	1	UID751349	1	1	0	0
1	1	UID751351	1	1	0	0
1	1	UID751352	1	1	0	0
1	1	UID751354	1	1	0	0
1	1	UID751355	1	1	0	0
1	1	UID751358	1	1	0	0
1	1	UID751365	1	1	0	0
1	1	UID751397	1	1	0	0
1	1	UID751416	1	1	0	0
1	1	UID751431	1	1	0	0
1	1	UID751436	1	1	0	0
1	1	UID751448	1	1	0	0
1	1	UID751452	1	1	0	0
1	1	UID751453	1	1	0	0
1	1	UID751454	1	1	0	0
1	1	UID751455	1	1	0	0
1	1	UID751460	1	1	0	0
1	1	UID751461	1	1	0	0
1	1	UID751462	1	1	0	0
1	1	UID751463	1	1	0	0
1	1	UID751464	1	1	0	0
1	1	UID751465	1	1	0	0
1	1	UID751466	1	1	0	0
1	1	UID751467	1	1	0	0
1	1	UID751469	1	1	0	0
1	1	UID751478	1	1	0	0
1	1	UID751497	1	1	0	0
1	1	UID751502	1	1	0	0
1	1	UID751513	1	1	0	0
1	1	UID751523	1	1	0	0
1	1	UID751524	1	1	0	0
1	1	UID751526	1	1	0	0
1	1	UID751530	1	1	0	0
1	1	UID751531	1	1	0	0
1	1	UID751534	1	1	0	0
1	1	UID751535	1	1	0	0
1	1	UID751537	1	1	0	0
1	1	UID751538	1	1	0	0
1	1	UID751545	1	1	0	0
1	1	UID751561	1	1	0	0
1	1	UID751564	1	1	0	0
1	1	UID751565	1	1	0	0
1	1	UID751569	1	1	0	0
1	1	UID751572	1	1	0	0
1	1	UID751574	1	1	0	0
1	1	UID751575	1	1	0	0
1	1	UID751576	1	1	0	0
1	1	UID751577	1	1	0	0
1	1	UID751578	1	1	0	0
1	1	UID751579	1	1	0	0
1	1	UID751587	1	1	0	0
1	1	UID751590	1	1	0	0
1	1	UID751595	1	1	0	0
1	1	UID751618	1	1	0	0
1	1	UID751622	1	1	0	0
1	1	UID751636	1	1	0	0
1	1	UID751637	1	1	0	0
1	1	UID751644	1	1	0	0
1	1	UID751647	1	1	0	0
1	1	UID751648	1	1	0	0
1	1	UID751649	1	1	0	0
1	1	UID751650	1	1	0	0
1	1	UID751651	1	1	0	0
1	1	UID751653	1	1	0	0
1	1	UID751663	1	1	0	0
1	1	UID751664	1	1	0	0
1	1	UID751665	1	1	0	0
1	1	UID751670	1	1	0	0
1	1	UID751672	1	1	0	0
1	1	UID751677	1	1	0	0
1	1	UID751678	1	1	0	0
1	1	UID751683	1	1	0	0
1	1	UID751692	1	1	0	0
1	1	UID751694	1	1	0	0
1	1	UID751701	1	1	0	0
1	1	UID751703	1	1	0	0
1	1	UID751735	1	1	0	0
1	1	UID751744	1	1	0	0
1	1	UID751758	1	1	0	0
1	1	UID751767	1	1	0	0
1	1	UID751768	1	1	0	0
1	1	UID751770	1	1	0	0
1	1	UID751774	1	1	0	0
1	1	UID751777	1	1	0	0
1	1	UID751778	1	1	0	0
1	1	UID751780	1	1	0	0
1	1	UID751785	1	1	0	0
1	1	UID751788	1	1	0	0
1	1	UID751796	1	1	0	0
1	1	UID751798	1	1	0	0
1	1	UID751799	1	1	0	0
1	1	UID751803	1	1	0	0
1	1	UID751804	1	1	0	0
1	1	UID751805	1	1	0	0
1	1	UID751806	1	1	0	0
1	1	UID751808	1	1	0	0
1	1	UID751813	1	1	0	0
1	1	UID751818	1	1	0	0
1	1	UID751822	1	1	0	0
1	1	UID751827	1	1	0	0
2	2	UID751829	1	2	1	1
1	1	UID751831	1	1	0	0
1	1	UID751838	1	1	0	0
1	1	UID751843	1	1	0	0
1	1	UID751844	1	1	0	0
1	1	UID751881	1	1	0	0
1	1	UID751928	1	1	0	0
1	1	UID751934	1	1	0	0
3	3	UID751950	1	3	2	2
1	1	UID751987	1	1	0	0
1	1	UID751996	1	1	0	0
1	1	UID751997	1	1	0	0
1	1	UID751998	1	1	0	0
1	1	UID752003	1	1	0	0
1	1	UID752013	1	1	0	0
1	1	UID752022	1	1	0	0
1	1	UID752025	1	1	0	0
1	1	UID752032	1	1	0	0
1	1	UID752033	1	1	0	0
2	2	UID752036	1	2	1	1
1	1	UID752040	1	1	0	0
1	1	UID752046	1	1	0	0
1	1	UID752047	1	1	0	0
1	1	UID752051	1	1	0	0
1	1	UID752054	1	1	0	0
1	1	UID752056	1	1	0	0
1	1	UID752058	1	1	0	0
1	1	UID752059	1	1	0	0
1	1	UID752060	1	1	0	0
1	1	UID752061	1	1	0	0
1	1	UID752062	1	1	0	0
1	1	UID752063	1	1	0	0
1	1	UID752064	1	1	0	0
1	1	UID752087	1	1	0	0
1	1	UID752088	1	1	0	0
1	1	UID752091	1	1	0	0
1	1	UID752093	1	1	0	0
1	1	UID752095	1	1	0	0
1	1	UID752098	1	1	0	0
1	1	UID752099	1	1	0	0
1	1	UID752136	1	1	0	0
1	1	UID752161	1	1	0	0
1	1	UID752162	1	1	0	0
1	1	UID752163	1	1	0	0
1	1	UID752170	1	1	0	0
1	1	UID752177	1	1	0	0
1	1	UID752180	1	1	0	0
1	1	UID752181	1	1	0	0
1	1	UID752184	1	1	0	0
1	1	UID752185	1	1	0	0
1	1	UID752189	1	1	0	0
1	1	UID752191	1	1	0	0
1	1	UID752192	1	1	0	0
1	1	UID752200	1	1	0	0
1	1	UID752202	1	1	0	0
1	1	UID752203	1	1	0	0
1	1	UID752207	1	1	0	0
1	1	UID752210	1	1	0	0
1	1	UID752211	1	1	0	0
1	1	UID752213	1	1	0	0
1	1	UID752216	1	1	0	0
1	1	UID752218	1	1	0	0
1	1	UID752219	1	1	0	0
1	1	UID752221	1	1	0	0
1	1	UID752230	1	1	0	0
1	1	UID752234	1	1	0	0
1	1	UID752249	1	1	0	0
1	1	UID752250	1	1	0	0
1	1	UID752280	1	1	0	0
1	1	UID752326	1	1	0	0
1	1	UID752359	1	1	0	0
1	1	UID752375	1	1	0	0
1	1	UID752382	1	1	0	0
1	1	UID752395	1	1	0	0
1	1	UID752399	1	1	0	0
1	1	UID752401	1	1	0	0
1	1	UID752416	1	1	0	0
1	1	UID752417	1	1	0	0
1	1	UID752420	1	1	0	0
1	1	UID752423	1	1	0	0
1	1	UID752424	1	1	0	0
1	1	UID752425	1	1	0	0
1	1	UID752431	1	1	0	0
1	1	UID752442	1	1	0	0
1	1	UID752448	1	1	0	0
1	1	UID752451	1	1	0	0
1	1	UID752454	1	1	0	0
1	1	UID752500	1	1	0	0
1	1	UID752509	1	1	0	0
1	1	UID752514	1	1	0	0
1	1	UID752537	1	1	0	0
1	1	UID752548	1	1	0	0
1	1	UID752549	1	1	0	0
1	1	UID752550	1	1	0	0
1	1	UID752554	1	1	0	0
1	1	UID752557	1	1	0	0
1	1	UID752558	1	1	0	0
1	1	UID752563	1	1	0	0
1	1	UID752564	1	1	0	0
1	1	UID752570	1	1	0	0
1	1	UID752588	1	1	0	0
1	1	UID752596	1	1	0	0
1	1	UID752598	1	1	0	0
1	1	UID752601	1	1	0	0
1	1	UID752616	1	1	0	0
1	1	UID752629	1	1	0	0
1	1	UID752634	1	1	0	0
1	1	UID752649	1	1	0	0
1	1	UID752653	1	1	0	0
1	1	UID752709	1	1	0	0
1	1	UID752718	1	1	0	0
1	1	UID752719	1	1	0	0
1	1	UID752736	1	1	0	0
1	1	UID752738	1	1	0	0
1	1	UID752739	1	1	0	0
1	1	UID752752	1	1	0	0
1	1	UID752775	1	1	0	0
1	1	UID752777	1	1	0	0
1	1	UID752778	1	1	0	0
1	1	UID752781	1	1	0	0
1	1	UID752788	1	1	0	0
1	1	UID752790	1	1	0	0
1	1	UID752801	1	1	0	0
1	1	UID752811	1	1	0	0
1	1	UID752821	1	1	0	0
1	1	UID752824	1	1	0	0
1	1	UID752826	1	1	0	0
1	1	UID752828	1	1	0	0
1	1	UID752829	1	1	0	0
1	1	UID752832	1	1	0	0
1	1	UID752834	1	1	0	0
1	1	UID752835	1	1	0	0
1	1	UID752837	1	1	0	0
1	1	UID752839	1	1	0	0
1	1	UID752841	1	1	0	0
1	1	UID752847	1	1	0	0
1	1	UID752848	1	1	0	0
1	1	UID752850	1	1	0	0
1	1	UID752857	1	1	0	0
1	1	UID752859	1	1	0	0
1	1	UID752862	1	1	0	0
1	1	UID752884	1	1	0	0
1	1	UID752894	1	1	0	0
1	1	UID752895	1	1	0	0
1	1	UID752916	1	1	0	0
1	1	UID752922	1	1	0	0
1	1	UID752926	1	1	0	0
1	1	UID752927	1	1	0	0
1	1	UID752928	1	1	0	0
1	1	UID752929	1	1	0	0
1	1	UID752930	1	1	0	0
1	1	UID752932	1	1	0	0
1	1	UID752936	1	1	0	0
1	1	UID752938	1	1	0	0
1	1	UID752939	1	1	0	0
1	1	UID752942	1	1	0	0
1	1	UID752943	1	1	0	0
1	1	UID752944	1	1	0	0
1	1	UID752947	1	1	0	0
1	1	UID752948	1	1	0	0
1	1	UID752950	1	1	0	0
1	1	UID752956	1	1	0	0
1	1	UID752958	1	1	0	0
1	1	UID752962	1	1	0	0
1	1	UID752974	1	1	0	0
1	1	UID753010	1	1	0	0
1	1	UID753017	1	1	0	0
1	1	UID753022	1	1	0	0
1	1	UID753024	1	1	0	0
1	1	UID753026	1	1	0	0
1	1	UID753028	1	1	0	0
1	1	UID753029	1	1	0	0
1	1	UID753031	1	1	0	0
1	1	UID753032	1	1	0	0
1	1	UID753048	1	1	0	0
1	1	UID753050	1	1	0	0
1	1	UID753051	1	1	0	0
1	1	UID753055	1	1	0	0
1	1	UID753056	1	1	0	0
1	1	UID753057	1	1	0	0
1	1	UID753059	1	1	0	0
1	1	UID753061	1	1	0	0
1	1	UID753070	1	1	0	0
1	1	UID753073	1	1	0	0
1	1	UID753085	1	1	0	0
1	1	UID753086	1	1	0	0
1	1	UID753145	1	1	0	0
1	1	UID753150	1	1	0	0
1	1	UID753184	1	1	0	0
1	1	UID753196	1	1	0	0
1	1	UID753197	1	1	0	0
1	1	UID753207	1	1	0	0
1	1	UID753218	1	1	0	0
1	1	UID753232	1	1	0	0
1	1	UID753255	1	1	0	0
1	1	UID753257	1	1	0	0
1	1	UID753342	1	1	0	0
1	1	UID753348	1	1	0	0
1	1	UID753352	1	1	0	0
1	1	UID753365	1	1	0	0
1	1	UID753368	1	1	0	0
1	1	UID753369	1	1	0	0
1	1	UID753370	1	1	0	0
1	1	UID753371	1	1	0	0
1	1	UID753373	1	1	0	0
1	1	UID753374	1	1	0	0
1	1	UID753375	1	1	0	0
1	1	UID753377	1	1	0	0
1	1	UID753379	1	1	0	0
1	1	UID753393	1	1	0	0
1	1	UID753407	1	1	0	0
1	1	UID753411	1	1	0	0
1	1	UID753413	1	1	0	0
1	1	UID753414	1	1	0	0
1	1	UID753419	1	1	0	0
1	1	UID753433	1	1	0	0
1	1	UID753438	1	1	0	0
1	1	UID753439	1	1	0	0
1	1	UID753444	1	1	0	0
1	1	UID753446	1	1	0	0
1	1	UID753452	1	1	0	0
1	1	UID753463	1	1	0	0
1	1	UID753503	1	1	0	0
1	1	UID753510	1	1	0	0
1	1	UID753535	1	1	0	0
1	1	UID753541	1	1	0	0
1	1	UID753556	1	1	0	0
1	1	UID753568	1	1	0	0
1	1	UID753576	1	1	0	0
1	1	UID753582	1	1	0	0
1	1	UID753583	1	1	0	0
1	1	UID753585	1	1	0	0
1	1	UID753595	1	1	0	0
1	1	UID753599	1	1	0	0
1	1	UID753602	1	1	0	0
1	1	UID753609	1	1	0	0
1	1	UID753615	1	1	0	0
1	1	UID753619	1	1	0	0
1	1	UID753622	1	1	0	0
1	1	UID753627	1	1	0	0
1	1	UID753628	1	1	0	0
1	1	UID753631	1	1	0	0
1	1	UID753633	1	1	0	0
1	1	UID753645	1	1	0	0
1	1	UID753648	1	1	0	0
1	1	UID753650	1	1	0	0
1	1	UID753651	1	1	0	0
1	1	UID753653	1	1	0	0
1	1	UID753654	1	1	0	0
1	1	UID753655	1	1	0	0
1	1	UID753656	1	1	0	0
1	1	UID753660	1	1	0	0
1	1	UID753661	1	1	0	0
1	1	UID753662	1	1	0	0
1	1	UID753663	1	1	0	0
1	1	UID753664	1	1	0	0
1	1	UID753665	1	1	0	0
1	1	UID753666	1	1	0	0
1	1	UID753667	1	1	0	0
1	1	UID753669	1	1	0	0
1	1	UID753678	1	1	0	0
1	1	UID753682	1	1	0	0
1	1	UID753686	1	1	0	0
1	1	UID753688	1	1	0	0
1	1	UID753695	1	1	0	0
1	1	UID753700	1	1	0	0
1	1	UID753701	1	1	0	0
1	1	UID753703	1	1	0	0
1	1	UID753707	1	1	0	0
1	1	UID753708	1	1	0	0
1	1	UID753709	1	1	0	0
1	1	UID753710	1	1	0	0
1	1	UID753712	1	1	0	0
1	1	UID753715	1	1	0	0
1	1	UID753718	1	1	0	0
1	1	UID753722	1	1	0	0
1	1	UID753727	1	1	0	0
1	1	UID753728	1	1	0	0
1	1	UID753729	1	1	0	0
1	1	UID753732	1	1	0	0
1	1	UID753735	1	1	0	0
1	1	UID753737	1	1	0	0
1	1	UID753741	1	1	0	0
1	1	UID753748	1	1	0	0
1	1	UID753764	1	1	0	0
1	1	UID753780	1	1	0	0
1	1	UID753783	1	1	0	0
1	1	UID753785	1	1	0	0
1	1	UID753791	1	1	0	0
1	1	UID753794	1	1	0	0
1	1	UID753795	1	1	0	0
1	1	UID753797	1	1	0	0
1	1	UID753803	1	1	0	0
1	1	UID753804	1	1	0	0
1	1	UID753812	1	1	0	0
1	1	UID753815	1	1	0	0
1	1	UID753816	1	1	0	0
1	1	UID753817	1	1	0	0
1	1	UID753818	1	1	0	0
1	1	UID753824	1	1	0	0
1	1	UID753831	1	1	0	0
1	1	UID753832	1	1	0	0
1	1	UID753834	1	1	0	0
1	1	UID753838	1	1	0	0
1	1	UID753839	1	1	0	0
1	1	UID753842	1	1	0	0
1	1	UID753851	1	1	0	0
1	1	UID753862	1	1	0	0
1	1	UID753863	1	1	0	0
1	1	UID753874	1	1	0	0
1	1	UID753879	1	1	0	0
1	1	UID753891	1	1	0	0
1	1	UID753909	1	1	0	0
1	1	UID753933	1	1	0	0
1	1	UID753934	1	1	0	0
1	1	UID753935	1	1	0	0
1	1	UID753964	1	1	0	0
1	1	UID753973	1	1	0	0
1	1	UID753975	1	1	0	0
1	1	UID754006	1	1	0	0
1	1	UID754007	1	1	0	0
1	1	UID754035	1	1	0	0
1	1	UID754036	1	1	0	0
1	1	UID754037	1	1	0	0
1	1	UID754041	1	1	0	0
1	1	UID754055	1	1	0	0
1	1	UID754058	1	1	0	0
1	1	UID754063	1	1	0	0
1	1	UID754076	1	1	0	0
1	1	UID754089	1	1	0	0
1	1	UID754097	1	1	0	0
1	1	UID754099	1	1	0	0
1	1	UID754102	1	1	0	0
1	1	UID754103	1	1	0	0
2	2	UID754109	1	2	1	1
1	1	UID754116	1	1	0	0
1	1	UID754119	1	1	0	0
1	1	UID754122	1	1	0	0
1	1	UID754153	1	1	0	0
1	1	UID754170	1	1	0	0
1	1	UID754171	1	1	0	0
1	1	UID754177	1	1	0	0
1	1	UID754206	1	1	0	0
1	1	UID754207	1	1	0	0
1	1	UID754215	1	1	0	0
1	1	UID754217	1	1	0	0
1	1	UID754219	1	1	0	0
1	1	UID754227	1	1	0	0
1	1	UID754241	1	1	0	0
1	1	UID754242	1	1	0	0
1	1	UID754246	1	1	0	0
1	1	UID754248	1	1	0	0
1	1	UID754249	1	1	0	0
1	1	UID754250	1	1	0	0
1	1	UID754255	1	1	0	0
1	1	UID754256	1	1	0	0
1	1	UID754259	1	1	0	0
1	1	UID754267	1	1	0	0
1	1	UID754268	1	1	0	0
1	1	UID754276	1	1	0	0
1	1	UID754277	1	1	0	0
1	1	UID754282	1	1	0	0
1	1	UID754284	1	1	0	0
1	1	UID754291	1	1	0	0
1	1	UID754299	1	1	0	0
1	1	UID754300	1	1	0	0
1	1	UID754318	1	1	0	0
1	1	UID754320	1	1	0	0
1	1	UID754321	1	1	0	0
1	1	UID754322	1	1	0	0
1	1	UID754326	1	1	0	0
1	1	UID754329	1	1	0	0
1	1	UID754332	1	1	0	0
1	1	UID754333	1	1	0	0
1	1	UID754334	1	1	0	0
1	1	UID754338	1	1	0	0
1	1	UID754340	1	1	0	0
1	1	UID754344	1	1	0	0
1	1	UID754347	1	1	0	0
1	1	UID754348	1	1	0	0
1	1	UID754350	1	1	0	0
1	1	UID754352	1	1	0	0
1	1	UID754353	1	1	0	0
1	1	UID754356	1	1	0	0
1	1	UID754358	1	1	0	0
1	1	UID754364	1	1	0	0
1	1	UID754375	1	1	0	0
1	1	UID754381	1	1	0	0
1	1	UID754385	1	1	0	0
1	1	UID754389	1	1	0	0
1	1	UID754392	1	1	0	0
1	1	UID754396	1	1	0	0
1	1	UID754400	1	1	0	0
1	1	UID754403	1	1	0	0
1	1	UID754405	1	1	0	0
1	1	UID754409	1	1	0	0
1	1	UID754412	1	1	0	0
1	1	UID754414	1	1	0	0
1	1	UID754415	1	1	0	0
1	1	UID754424	1	1	0	0
1	1	UID754428	1	1	0	0
1	1	UID754437	1	1	0	0
1	1	UID754457	1	1	0	0
1	1	UID754459	1	1	0	0
1	1	UID754516	1	1	0	0
1	1	UID754530	1	1	0	0
1	1	UID754557	1	1	0	0
1	1	UID754560	1	1	0	0
1	1	UID754561	1	1	0	0
1	1	UID754567	1	1	0	0
1	1	UID754584	1	1	0	0
1	1	UID754591	1	1	0	0
1	1	UID754594	1	1	0	0
1	1	UID754595	1	1	0	0
1	1	UID754598	1	1	0	0
1	1	UID754602	1	1	0	0
2	2	UID754603	1	2	1	1
1	1	UID754610	1	1	0	0
1	1	UID754628	1	1	0	0
1	1	UID754630	1	1	0	0
1	1	UID754635	1	1	0	0
1	1	UID754636	1	1	0	0
1	1	UID754648	1	1	0	0
1	1	UID754649	1	1	0	0
1	1	UID754654	1	1	0	0
1	1	UID754659	1	1	0	0
1	1	UID754661	1	1	0	0
1	1	UID754667	1	1	0	0
1	1	UID754671	1	1	0	0
1	1	UID754674	1	1	0	0
1	1	UID754675	1	1	0	0
1	1	UID754683	1	1	0	0
1	1	UID754685	1	1	0	0
1	1	UID754726	1	1	0	0
1	1	UID754746	1	1	0	0
1	1	UID754751	1	1	0	0
1	1	UID754777	1	1	0	0
1	1	UID754778	1	1	0	0
1	1	UID754779	1	1	0	0
1	1	UID754780	1	1	0	0
1	1	UID754781	1	1	0	0
1	1	UID754782	1	1	0	0
1	1	UID754788	1	1	0	0
1	1	UID754791	1	1	0	0
1	1	UID754792	1	1	0	0
1	1	UID754793	1	1	0	0
1	1	UID754795	1	1	0	0
1	1	UID754797	1	1	0	0
1	1	UID754798	1	1	0	0
1	1	UID754808	1	1	0	0
1	1	UID754811	1	1	0	0
1	1	UID754812	1	1	0	0
1	1	UID754813	1	1	0	0
1	1	UID754815	1	1	0	0
1	1	UID754822	1	1	0	0
1	1	UID754823	1	1	0	0
1	1	UID754825	1	1	0	0
1	1	UID754826	1	1	0	0
1	1	UID754830	1	1	0	0
1	1	UID754832	1	1	0	0
1	1	UID754837	1	1	0	0
1	1	UID754843	1	1	0	0
1	1	UID754861	1	1	0	0
1	1	UID754864	1	1	0	0
1	1	UID754867	1	1	0	0
1	1	UID754878	1	1	0	0
1	1	UID754903	1	1	0	0
1	1	UID754925	1	1	0	0
1	1	UID754951	1	1	0	0
1	1	UID754984	1	1	0	0
1	1	UID754987	1	1	0	0
1	1	UID754999	1	1	0	0
1	1	UID755014	1	1	0	0
1	1	UID755019	1	1	0	0
1	1	UID755038	1	1	0	0
1	1	UID755039	1	1	0	0
1	1	UID755040	1	1	0	0
1	1	UID755071	1	1	0	0
1	1	UID755103	1	1	0	0
1	1	UID755104	1	1	0	0
1	1	UID755106	1	1	0	0
1	1	UID755116	1	1	0	0
1	1	UID755119	1	1	0	0
1	1	UID755120	1	1	0	0
1	1	UID755122	1	1	0	0
1	1	UID755124	1	1	0	0
1	1	UID755125	1	1	0	0
1	1	UID755127	1	1	0	0
1	1	UID755143	1	1	0	0
1	1	UID755151	1	1	0	0
1	1	UID755155	1	1	0	0
1	1	UID755156	1	1	0	0
1	1	UID755159	1	1	0	0
1	1	UID755160	1	1	0	0
1	1	UID755183	1	1	0	0
1	1	UID755188	1	1	0	0
1	1	UID755190	1	1	0	0
1	1	UID755192	1	1	0	0
1	1	UID755199	1	1	0	0
1	1	UID755200	1	1	0	0
1	1	UID755204	1	1	0	0
1	1	UID755214	1	1	0	0
1	1	UID755215	1	1	0	0
2	2	UID755217	1	2	1	1
1	1	UID755247	1	1	0	0
1	1	UID755259	1	1	0	0
1	1	UID755265	1	1	0	0
1	1	UID755270	1	1	0	0
1	1	UID755272	1	1	0	0
1	1	UID755277	1	1	0	0
1	1	UID755278	1	1	0	0
1	1	UID755279	1	1	0	0
1	1	UID755286	1	1	0	0
1	1	UID755303	1	1	0	0
1	1	UID755307	1	1	0	0
1	1	UID755342	1	1	0	0
1	1	UID755345	1	1	0	0
1	1	UID755380	1	1	0	0
1	1	UID755382	1	1	0	0
1	1	UID755388	1	1	0	0
1	1	UID755390	1	1	0	0
1	1	UID755398	1	1	0	0
1	1	UID755415	1	1	0	0
1	1	UID755419	1	1	0	0
1	1	UID755420	1	1	0	0
1	1	UID755421	1	1	0	0
1	1	UID755426	1	1	0	0
1	1	UID755437	1	1	0	0
1	1	UID755439	1	1	0	0
1	1	UID755444	1	1	0	0
1	1	UID755447	1	1	0	0
1	1	UID755450	1	1	0	0
1	1	UID755468	1	1	0	0
1	1	UID755470	1	1	0	0
1	1	UID755471	1	1	0	0
1	1	UID755474	1	1	0	0
1	1	UID755475	1	1	0	0
1	1	UID755478	1	1	0	0
1	1	UID755484	1	1	0	0
1	1	UID755487	1	1	0	0
1	1	UID755496	1	1	0	0
1	1	UID755497	1	1	0	0
1	1	UID755501	1	1	0	0
1	1	UID755504	1	1	0	0
1	1	UID755506	1	1	0	0
1	1	UID755507	1	1	0	0
1	1	UID755513	1	1	0	0
1	1	UID755521	1	1	0	0
1	1	UID755525	1	1	0	0
1	1	UID755527	1	1	0	0
1	1	UID755532	1	1	0	0
1	1	UID755535	1	1	0	0
1	1	UID755572	1	1	0	0
1	1	UID755580	1	1	0	0
1	1	UID755581	1	1	0	0
1	1	UID755582	1	1	0	0
1	1	UID755584	1	1	0	0
1	1	UID755588	1	1	0	0
1	1	UID755630	1	1	0	0
1	1	UID755658	1	1	0	0
1	1	UID755662	1	1	0	0
1	1	UID755663	1	1	0	0
1	1	UID755670	1	1	0	0
1	1	UID755675	1	1	0	0
1	1	UID755680	1	1	0	0
1	1	UID755683	1	1	0	0
1	1	UID755684	1	1	0	0
1	1	UID755690	1	1	0	0
1	1	UID755697	1	1	0	0
2	2	UID755700	1	2	1	1
1	1	UID755702	1	1	0	0
1	1	UID755754	1	1	0	0
1	1	UID755760	1	1	0	0
1	1	UID755761	1	1	0	0
1	1	UID755768	1	1	0	0
1	1	UID755781	1	1	0	0
1	1	UID755783	1	1	0	0
1	1	UID755788	1	1	0	0
1	1	UID755791	1	1	0	0
1	1	UID755802	1	1	0	0
1	1	UID755803	1	1	0	0
1	1	UID755804	1	1	0	0
1	1	UID755806	1	1	0	0
1	1	UID755807	1	1	0	0
1	1	UID755818	1	1	0	0
1	1	UID755827	1	1	0	0
1	1	UID755828	1	1	0	0
1	1	UID755829	1	1	0	0
1	1	UID755834	1	1	0	0
1	1	UID755835	1	1	0	0
1	1	UID755836	1	1	0	0
1	1	UID755837	1	1	0	0
1	1	UID755843	1	1	0	0
1	1	UID755844	1	1	0	0
1	1	UID755846	1	1	0	0
1	1	UID755847	1	1	0	0
1	1	UID755896	1	1	0	0
1	1	UID755902	1	1	0	0
1	1	UID755927	1	1	0	0
1	1	UID755931	1	1	0	0
1	1	UID755933	1	1	0	0
1	1	UID755935	1	1	0	0
6	7	UID755942	1	5	2	2
2	2	UID755953	1	2	1	1
1	1	UID755955	1	1	0	0
1	1	UID755962	1	1	0	0
1	1	UID755965	1	1	0	0
1	1	UID755970	1	1	0	0
1	1	UID755980	1	1	0	0
1	1	UID755983	1	1	0	0
1	1	UID755984	1	1	0	0
1	1	UID755985	1	1	0	0
1	1	UID755987	1	1	0	0
1	1	UID755996	1	1	0	0
1	1	UID756022	1	1	0	0
1	1	UID756034	1	1	0	0
2	2	UID756038	1	2	1	1
1	1	UID756051	1	1	0	0
1	1	UID756069	1	1	0	0
1	1	UID756079	1	1	0	0
1	1	UID756080	1	1	0	0
1	1	UID756082	1	1	0	0
1	1	UID756088	1	1	0	0
1	1	UID756131	1	1	0	0
1	1	UID756133	1	1	0	0
1	1	UID756134	1	1	0	0
1	1	UID756139	1	1	0	0
1	1	UID756143	1	1	0	0
1	1	UID756147	1	1	0	0
1	1	UID756152	1	1	0	0
1	1	UID756156	1	1	0	0
1	1	UID756157	1	1	0	0
1	1	UID756158	1	1	0	0
1	1	UID756160	1	1	0	0
1	1	UID756161	1	1	0	0
1	1	UID756162	1	1	0	0
1	1	UID756164	1	1	0	0
1	1	UID756167	1	1	0	0
1	1	UID756168	1	1	0	0
1	1	UID756171	1	1	0	0
2	2	UID756181	1	2	1	1
1	1	UID756191	1	1	0	0
1	1	UID756193	1	1	0	0
1	1	UID756197	1	1	0	0
1	1	UID756198	1	1	0	0
1	1	UID756200	1	1	0	0
1	1	UID756212	1	1	0	0
1	1	UID756213	1	1	0	0
1	1	UID756214	1	1	0	0
1	1	UID756217	1	1	0	0
1	1	UID756221	1	1	0	0
1	1	UID756223	1	1	0	0
1	1	UID756232	1	1	0	0
1	1	UID756233	1	1	0	0
1	1	UID756235	1	1	0	0
1	1	UID756243	1	1	0	0
1	1	UID756248	1	1	0	0
1	1	UID756253	1	1	0	0
1	1	UID756271	1	1	0	0
1	1	UID756288	1	1	0	0
1	1	UID756291	1	1	0	0
1	1	UID756295	1	1	0	0
1	1	UID756297	1	1	0	0
1	1	UID756299	1	1	0	0
1	1	UID756302	1	1	0	0
1	1	UID756331	1	1	0	0
1	1	UID756335	1	1	0	0
1	1	UID756336	1	1	0	0
1	1	UID756341	1	1	0	0
1	1	UID756351	1	1	0	0
1	1	UID756354	1	1	0	0
1	1	UID756355	1	1	0	0
1	1	UID756388	1	1	0	0
1	1	UID756434	1	1	0	0
1	1	UID756454	1	1	0	0
1	1	UID756471	1	1	0	0
1	1	UID756475	1	1	0	0
1	1	UID756485	1	1	0	0
1	1	UID756527	1	1	0	0
1	1	UID756530	1	1	0	0
1	1	UID756545	1	1	0	0
1	1	UID756554	1	1	0	0
1	1	UID756561	1	1	0	0
1	1	UID756562	1	1	0	0
1	1	UID756563	1	1	0	0
1	1	UID756565	1	1	0	0
1	1	UID756568	1	1	0	0
1	1	UID756572	1	1	0	0
1	1	UID756587	1	1	0	0
1	1	UID756622	1	1	0	0
1	1	UID756639	1	1	0	0
1	1	UID756642	1	1	0	0
1	1	UID756646	1	1	0	0
1	1	UID756647	1	1	0	0
1	1	UID756656	1	1	0	0
1	1	UID756660	1	1	0	0
1	1	UID756663	1	1	0	0
1	1	UID756664	1	1	0	0
1	1	UID756677	1	1	0	0
1	1	UID756684	1	1	0	0
1	1	UID756686	1	1	0	0
1	1	UID756749	1	1	0	0
1	1	UID756762	1	1	0	0
1	1	UID756767	1	1	0	0
1	1	UID756786	1	1	0	0
1	1	UID756800	1	1	0	0
1	1	UID756806	1	1	0	0
1	1	UID756813	1	1	0	0
1	1	UID756830	1	1	0	0
1	1	UID756831	1	1	0	0
1	1	UID756834	1	1	0	0
1	1	UID756835	1	1	0	0
1	1	UID756836	1	1	0	0
1	1	UID756837	1	1	0	0
1	1	UID756842	1	1	0	0
1	1	UID756847	1	1	0	0
1	1	UID756852	1	1	0	0
1	1	UID756853	1	1	0	0
1	1	UID756854	1	1	0	0
1	1	UID756856	1	1	0	0
1	1	UID756860	1	1	0	0
1	1	UID756861	1	1	0	0
1	1	UID756863	1	1	0	0
1	1	UID756867	1	1	0	0
1	1	UID756868	1	1	0	0
1	1	UID756878	1	1	0	0
1	1	UID756883	1	1	0	0
1	1	UID756885	1	1	0	0
1	1	UID756886	1	1	0	0
1	1	UID756926	1	1	0	0
1	1	UID756927	1	1	0	0
1	1	UID756930	1	1	0	0
1	1	UID756932	1	1	0	0
1	1	UID756935	1	1	0	0
1	1	UID756936	1	1	0	0
1	1	UID756954	1	1	0	0
1	1	UID756955	1	1	0	0
1	1	UID756966	1	1	0	0
1	1	UID756969	1	1	0	0
1	1	UID756973	1	1	0	0
1	1	UID756975	1	1	0	0
1	1	UID756997	1	1	0	0
1	1	UID756998	1	1	0	0
1	1	UID757001	1	1	0	0
1	1	UID757005	1	1	0	0
1	1	UID757006	1	1	0	0
1	1	UID757007	1	1	0	0
1	1	UID757019	1	1	0	0
1	1	UID757024	1	1	0	0
1	1	UID757025	1	1	0	0
1	1	UID757031	1	1	0	0
1	1	UID757034	1	1	0	0
1	1	UID757038	1	1	0	0
1	1	UID757039	1	1	0	0
1	1	UID757053	1	1	0	0
1	1	UID757055	1	1	0	0
1	1	UID757058	1	1	0	0
1	1	UID757066	1	1	0	0
1	1	UID757100	1	1	0	0
1	1	UID757108	1	1	0	0
1	1	UID757112	1	1	0	0
1	1	UID757115	1	1	0	0
1	1	UID757134	1	1	0	0
1	1	UID757139	1	1	0	0
1	1	UID757147	1	1	0	0
1	1	UID757148	1	1	0	0
1	1	UID757154	1	1	0	0
1	1	UID757156	1	1	0	0
1	1	UID757159	1	1	0	0
1	1	UID757169	1	1	0	0
1	1	UID757170	1	1	0	0
1	1	UID757172	1	1	0	0
1	1	UID757174	1	1	0	0
1	1	UID757232	1	1	0	0
1	1	UID757236	1	1	0	0
1	1	UID757251	1	1	0	0
1	1	UID757255	1	1	0	0
1	1	UID757267	1	1	0	0
1	1	UID757268	1	1	0	0
1	1	UID757270	1	1	0	0
1	1	UID757274	1	1	0	0
1	1	UID757277	1	1	0	0
1	1	UID757279	1	1	0	0
1	1	UID757280	1	1	0	0
1	1	UID757291	1	1	0	0
1	1	UID757294	1	1	0	0
1	1	UID757301	1	1	0	0
1	1	UID757307	1	1	0	0
1	1	UID757308	1	1	0	0
1	1	UID757311	1	1	0	0
1	1	UID757317	1	1	0	0
1	1	UID757347	1	1	0	0
1	1	UID757419	1	1	0	0
1	1	UID757429	1	1	0	0
1	1	UID757431	1	1	0	0
1	1	UID757435	1	1	0	0
1	1	UID757473	1	1	0	0
1	1	UID757475	1	1	0	0
1	1	UID757484	1	1	0	0
1	1	UID757487	1	1	0	0
1	1	UID757489	1	1	0	0
1	1	UID757490	1	1	0	0
1	1	UID757494	1	1	0	0
1	1	UID757498	1	1	0	0
1	1	UID757537	1	1	0	0
1	1	UID757539	1	1	0	0
1	1	UID757540	1	1	0	0
1	1	UID757593	1	1	0	0
1	1	UID757599	1	1	0	0
1	1	UID757615	1	1	0	0
1	1	UID757619	1	1	0	0
1	1	UID757620	1	1	0	0
1	1	UID757623	1	1	0	0
1	1	UID757632	1	1	0	0
1	1	UID757642	1	1	0	0
1	1	UID757644	1	1	0	0
1	1	UID757652	1	1	0	0
1	1	UID757698	1	1	0	0
1	1	UID757723	1	1	0	0
1	1	UID757732	1	1	0	0
1	1	UID757747	1	1	0	0
1	1	UID757749	1	1	0	0
1	1	UID757750	1	1	0	0
1	1	UID757773	1	1	0	0
1	1	UID757796	1	1	0	0
1	1	UID757804	1	1	0	0
1	1	UID757805	1	1	0	0
1	1	UID757813	1	1	0	0
1	1	UID757819	1	1	0	0
1	1	UID757836	1	1	0	0
1	1	UID757840	1	1	0	0
1	1	UID757897	1	1	0	0
2	2	UID757939	1	2	1	1
1	1	UID757949	1	1	0	0
1	1	UID757958	1	1	0	0
1	1	UID757962	1	1	0	0
1	1	UID757970	1	1	0	0
1	1	UID757971	1	1	0	0
1	1	UID757972	1	1	0	0
1	1	UID757999	1	1	0	0
1	1	UID758004	1	1	0	0
1	1	UID758008	1	1	0	0
1	1	UID758009	1	1	0	0
1	1	UID758038	1	1	0	0
1	1	UID758056	1	1	0	0
1	1	UID758075	1	1	0	0
1	1	UID758086	1	1	0	0
1	1	UID758100	1	1	0	0
1	1	UID758102	1	1	0	0
1	1	UID758112	1	1	0	0
1	1	UID758121	1	1	0	0
1	1	UID758139	1	1	0	0
1	1	UID758145	1	1	0	0
1	1	UID758148	1	1	0	0
1	1	UID758149	1	1	0	0
1	1	UID758150	1	1	0	0
1	1	UID758189	1	1	0	0
1	1	UID758197	1	1	0	0
1	1	UID758199	1	1	0	0
1	1	UID758202	1	1	0	0
1	1	UID758206	1	1	0	0
1	1	UID758251	1	1	0	0
1	1	UID758269	1	1	0	0
1	1	UID758280	1	1	0	0
1	1	UID758281	1	1	0	0
1	1	UID758283	1	1	0	0
1	1	UID758288	1	1	0	0
1	1	UID758302	1	1	0	0
1	1	UID758314	1	1	0	0
1	1	UID758316	1	1	0	0
1	1	UID758321	1	1	0	0
1	1	UID758331	1	1	0	0
1	1	UID758338	1	1	0	0
1	1	UID758349	1	1	0	0
1	1	UID758362	1	1	0	0
1	1	UID758373	1	1	0	0
1	1	UID758379	1	1	0	0
1	1	UID758383	1	1	0	0
1	1	UID758388	1	1	0	0
1	1	UID758410	1	1	0	0
1	1	UID758445	1	1	0	0
1	1	UID758447	1	1	0	0
1	1	UID758452	1	1	0	0
1	1	UID758461	1	1	0	0
1	1	UID758462	1	1	0	0
1	1	UID758595	1	1	0	0
1	1	UID758700	1	1	0	0
1	1	UID758715	1	1	0	0
1	1	UID758748	1	1	0	0
1	1	UID758753	1	1	0	0
1	1	UID758771	1	1	0	0
1	1	UID758776	1	1	0	0
1	1	UID758802	1	1	0	0
1	1	UID758803	1	1	0	0
1	1	UID758823	1	1	0	0
1	1	UID758830	1	1	0	0
1	1	UID758840	1	1	0	0
1	1	UID758855	1	1	0	0
1	1	UID758891	1	1	0	0
1	1	UID758893	1	1	0	0
1	1	UID758900	1	1	0	0
1	1	UID758917	1	1	0	0
1	1	UID758919	1	1	0	0
1	1	UID758920	1	1	0	0
1	1	UID758924	1	1	0	0
1	1	UID758965	1	1	0	0
1	1	UID758967	1	1	0	0
1	1	UID758985	1	1	0	0
1	1	UID758998	1	1	0	0
1	1	UID758999	1	1	0	0
1	1	UID759002	1	1	0	0
1	1	UID759006	1	1	0	0
1	1	UID759013	1	1	0	0
1	1	UID759024	1	1	0	0
1	1	UID759035	1	1	0	0
1	1	UID759048	1	1	0	0
1	1	UID759064	1	1	0	0
1	1	UID759085	1	1	0	0
1	1	UID759122	1	1	0	0
1	1	UID759123	1	1	0	0
1	1	UID759126	1	1	0	0
1	1	UID759134	1	1	0	0
1	1	UID759145	1	1	0	0
1	1	UID759147	1	1	0	0
1	1	UID759150	1	1	0	0
1	1	UID759151	1	1	0	0
1	1	UID759171	1	1	0	0
1	1	UID759172	1	1	0	0
1	1	UID759186	1	1	0	0
1	1	UID759196	1	1	0	0
1	1	UID759235	1	1	0	0
1	1	UID759242	1	1	0	0
1	1	UID759243	1	1	0	0
1	1	UID759253	1	1	0	0
1	1	UID759264	1	1	0	0
1	1	UID759269	1	1	0	0
1	1	UID759271	1	1	0	0
1	1	UID759272	1	1	0	0
1	1	UID759274	1	1	0	0
1	1	UID759275	1	1	0	0
1	1	UID759277	1	1	0	0
1	1	UID759280	1	1	0	0
1	1	UID759294	1	1	0	0
1	1	UID759295	1	1	0	0
2	2	UID759307	1	2	1	1
1	1	UID759312	1	1	0	0
1	1	UID759314	1	1	0	0
1	1	UID759321	1	1	0	0
1	1	UID759371	1	1	0	0
1	1	UID759372	1	1	0	0
1	1	UID759374	1	1	0	0
1	1	UID759380	1	1	0	0
1	1	UID759401	1	1	0	0
1	1	UID759404	1	1	0	0
1	1	UID759415	1	1	0	0
1	1	UID759417	1	1	0	0
1	1	UID759419	1	1	0	0
1	1	UID759423	1	1	0	0
1	1	UID759442	1	1	0	0
1	1	UID759443	1	1	0	0
1	1	UID759444	1	1	0	0
1	1	UID759468	1	1	0	0
1	1	UID759494	1	1	0	0
1	1	UID759536	1	1	0	0
1	1	UID759548	1	1	0	0
1	1	UID759561	1	1	0	0
1	1	UID759570	1	1	0	0
1	1	UID759586	1	1	0	0
1	1	UID759595	1	1	0	0
1	1	UID759691	1	1	0	0
1	1	UID759693	1	1	0	0
2	2	UID759702	1	2	1	1
1	1	UID759726	1	1	0	0
1	1	UID759731	1	1	0	0
1	1	UID759760	1	1	0	0
1	1	UID759831	1	1	0	0
2	2	UID759855	1	2	1	1
1	1	UID759859	1	1	0	0
1	1	UID759864	1	1	0	0
1	1	UID759875	1	1	0	0
1	1	UID759887	1	1	0	0
1	1	UID759897	1	1	0	0
1	1	UID759905	1	1	0	0
1	1	UID759909	1	1	0	0
1	1	UID759958	1	1	0	0
1	1	UID759965	1	1	0	0
1	1	UID759974	1	1	0	0
1	1	UID759979	1	1	0	0
1	1	UID759992	1	1	0	0
1	1	UID759997	1	1	0	0
1	1	UID760026	1	1	0	0
1	1	UID760109	1	1	0	0
1	1	UID760112	1	1	0	0
1	1	UID760113	1	1	0	0
1	1	UID760116	1	1	0	0
1	1	UID760119	1	1	0	0
1	1	UID760120	1	1	0	0
1	1	UID760124	1	1	0	0
1	1	UID760127	1	1	0	0
1	1	UID760128	1	1	0	0
1	1	UID760158	1	1	0	0
1	1	UID760159	1	1	0	0
1	1	UID760173	1	1	0	0
1	1	UID760199	1	1	0	0
1	1	UID760206	1	1	0	0
1	1	UID760223	1	1	0	0
1	1	UID760245	1	1	0	0
1	1	UID760251	1	1	0	0
1	1	UID760260	1	1	0	0
1	1	UID760281	1	1	0	0
1	1	UID760309	1	1	0	0
1	1	UID760331	1	1	0	0
1	1	UID760392	1	1	0	0
1	1	UID760395	1	1	0	0
1	1	UID760403	1	1	0	0
1	1	UID760504	1	1	0	0
1	1	UID760506	1	1	0	0
1	1	UID760563	1	1	0	0
1	1	UID760568	1	1	0	0
1	1	UID760571	1	1	0	0
1	1	UID760577	1	1	0	0
1	1	UID760607	1	1	0	0
1	1	UID760608	1	1	0	0
1	1	UID760621	1	1	0	0
1	1	UID760626	1	1	0	0
1	1	UID760629	1	1	0	0
1	1	UID760639	1	1	0	0
1	1	UID760642	1	1	0	0
1	1	UID760647	1	1	0	0
1	1	UID760649	1	1	0	0
1	1	UID760654	1	1	0	0
1	1	UID760658	1	1	0	0
1	1	UID760659	1	1	0	0
1	1	UID760660	1	1	0	0
1	1	UID760786	1	1	0	0
1	1	UID760787	1	1	0	0
1	1	UID760795	1	1	0	0
1	1	UID760801	1	1	0	0
1	1	UID760827	1	1	0	0
1	1	UID760870	1	1	0	0
1	1	UID760871	1	1	0	0
1	1	UID760913	1	1	0	0
1	1	UID760921	1	1	0	0
1	1	UID760924	1	1	0	0
1	1	UID760927	1	1	0	0
1	1	UID760974	1	1	0	0
1	1	UID760979	1	1	0	0
1	1	UID761062	1	1	0	0
1	1	UID761072	1	1	0	0
1	1	UID761094	1	1	0	0
1	1	UID761095	1	1	0	0
1	1	UID761106	1	1	0	0
1	1	UID761111	1	1	0	0
1	1	UID761117	1	1	0	0
1	1	UID761168	1	1	0	0
1	1	UID761170	1	1	0	0
1	1	UID761173	1	1	0	0
1	1	UID761174	1	1	0	0
1	1	UID761182	1	1	0	0
1	1	UID761185	1	1	0	0
1	1	UID761206	1	1	0	0
1	1	UID761268	1	1	0	0
1	1	UID761290	1	1	0	0
1	1	UID761333	1	1	0	0
1	1	UID761355	1	1	0	0
1	1	UID761373	1	1	0	0
1	1	UID761413	1	1	0	0
1	1	UID761414	1	1	0	0
1	1	UID761467	1	1	0	0
1	1	UID761479	1	1	0	0
1	1	UID761488	1	1	0	0
1	1	UID761489	1	1	0	0
1	1	UID761491	1	1	0	0
1	1	UID761505	1	1	0	0
1	1	UID761551	1	1	0	0
1	1	UID761558	1	1	0	0
1	1	UID761624	1	1	0	0
1	1	UID761636	1	1	0	0
1	1	UID761639	1	1	0	0
1	1	UID761692	1	1	0	0
1	1	UID761715	1	1	0	0
1	1	UID761742	1	1	0	0
1	1	UID761746	1	1	0	0
1	1	UID761751	1	1	0	0
1	1	UID761754	1	1	0	0
1	1	UID761795	1	1	0	0
1	1	UID761841	1	1	0	0
1	1	UID761892	1	1	0	0
1	1	UID761905	1	1	0	0
1	1	UID761906	1	1	0	0
1	1	UID761941	1	1	0	0
1	1	UID761942	1	1	0	0
1	1	UID761945	1	1	0	0
1	1	UID761951	1	1	0	0
1	1	UID761994	1	1	0	0
1	1	UID761997	1	1	0	0
1	1	UID762027	1	1	0	0
1	1	UID762065	1	1	0	0
1	1	UID762069	1	1	0	0
1	1	UID762092	1	1	0	0
1	1	UID762098	1	1	0	0
1	1	UID762127	1	1	0	0
1	1	UID762136	1	1	0	0
1	1	UID762155	1	1	0	0
1	1	UID762255	1	1	0	0
1	1	UID762274	1	1	0	0
1	1	UID762283	1	1	0	0
1	1	UID762284	1	1	0	0
1	1	UID762306	1	1	0	0
1	1	UID762365	1	1	0	0
1	1	UID762369	1	1	0	0
1	1	UID762487	1	1	0	0
1	1	UID762490	1	1	0	0
1	1	UID762491	1	1	0	0
1	1	UID762492	1	1	0	0
1	1	UID762501	1	1	0	0
1	1	UID762504	1	1	0	0
1	1	UID762556	1	1	0	0
1	1	UID762600	1	1	0	0
1	1	UID762682	1	1	0	0
1	1	UID762685	1	1	0	0
1	1	UID762686	1	1	0	0
1	1	UID762692	1	1	0	0
1	1	UID762697	1	1	0	0
1	1	UID762783	1	1	0	0
1	1	UID762786	1	1	0	0
1	1	UID762797	1	1	0	0
1	1	UID762954	1	1	0	0
1	1	UID763084	1	1	0	0
1	1	UID763096	1	1	0	0
1	1	UID763147	1	1	0	0
1	1	UID763163	1	1	0	0
1	1	UID763172	1	1	0	0
1	1	UID763173	1	1	0	0
1	1	UID763177	1	1	0	0
1	1	UID763179	1	1	0	0
1	1	UID763254	1	1	0	0
1	1	UID763259	1	1	0	0
1	1	UID763371	1	1	0	0
1	1	UID763529	1	1	0	0
1	1	UID763598	1	1	0	0
1	1	UID763639	1	1	0	0
1	1	UID763737	1	1	0	0
1	1	UID763904	1	1	0	0
1	1	UID764035	1	1	0	0
1	1	UID764126	1	1	0	0
1	1	UID764263	1	1	0	0
1	1	UID764397	1	1	0	0
1	1	UID764520	1	1	0	0
1	1	UID764556	1	1	0	0
1	1	UID764574	1	1	0	0
1	1	UID764588	1	1	0	0
1	1	UID764597	1	1	0	0
1	1	UID764667	1	1	0	0
1	1	UID764704	1	1	0	0
1	1	UID764707	1	1	0	0
1	1	UID764769	1	1	0	0
1	1	UID764785	1	1	0	0
1	1	UID764790	1	1	0	0
1	1	UID764826	1	1	0	0
1	1	UID764827	1	1	0	0
1	1	UID764837	1	1	0	0
1	1	UID764838	1	1	0	0
1	1	UID764839	1	1	0	0
1	1	UID764843	1	1	0	0
1	1	UID764844	1	1	0	0
1	1	UID764845	1	1	0	0
1	1	UID764847	1	1	0	0
1	1	UID764848	1	1	0	0
1	1	UID764851	1	1	0	0
1	1	UID764854	1	1	0	0
1	1	UID764855	1	1	0	0
1	1	UID764856	1	1	0	0
1	1	UID764857	1	1	0	0
1	1	UID764867	1	1	0	0
1	1	UID764870	1	1	0	0
1	1	UID764872	1	1	0	0
1	1	UID764885	1	1	0	0
1	1	UID764896	1	1	0	0
1	1	UID764916	1	1	0	0
1	1	UID764920	1	1	0	0
1	1	UID764925	1	1	0	0
1	1	UID764926	1	1	0	0
1	1	UID764931	1	1	0	0
1	1	UID764934	1	1	0	0
1	1	UID764941	1	1	0	0
1	1	UID764987	1	1	0	0
1	1	UID765007	1	1	0	0
1	1	UID765038	1	1	0	0
1	1	UID765056	1	1	0	0
1	1	UID765064	1	1	0	0
1	1	UID765065	1	1	0	0
1	1	UID765077	1	1	0	0
1	1	UID765118	1	1	0	0
1	1	UID765148	1	1	0	0
1	1	UID765199	1	1	0	0
1	1	UID765204	1	1	0	0
1	1	UID765214	1	1	0	0
1	1	UID765222	1	1	0	0
1	1	UID765238	1	1	0	0
1	1	UID765247	1	1	0	0
1	1	UID765274	1	1	0	0
1	1	UID765280	1	1	0	0
1	1	UID765281	1	1	0	0
1	1	UID765294	1	1	0	0
1	1	UID765312	1	1	0	0
1	1	UID765316	1	1	0	0
1	1	UID765355	1	1	0	0
1	1	UID765418	1	1	0	0
1	1	UID765431	1	1	0	0
1	1	UID765447	1	1	0	0
1	1	UID765473	1	1	0	0
1	1	UID765478	1	1	0	0
1	1	UID765529	1	1	0	0
1	1	UID765550	1	1	0	0
1	1	UID765569	1	1	0	0
1	1	UID765613	1	1	0	0
1	1	UID765614	1	1	0	0
1	1	UID765631	1	1	0	0
1	1	UID765637	1	1	0	0
1	1	UID765655	1	1	0	0
1	1	UID765660	1	1	0	0
1	1	UID765694	1	1	0	0
1	1	UID765718	1	1	0	0
1	1	UID765737	1	1	0	0
1	1	UID765750	1	1	0	0
1	1	UID765805	1	1	0	0
1	1	UID765811	1	1	0	0
1	1	UID765818	1	1	0	0
1	1	UID765883	1	1	0	0
1	1	UID765922	1	1	0	0
1	1	UID765960	1	1	0	0
1	1	UID765988	1	1	0	0
1	1	UID766035	1	1	0	0
1	1	UID766036	1	1	0	0
1	1	UID766131	1	1	0	0
1	1	UID766182	1	1	0	0
1	1	UID766195	1	1	0	0
1	1	UID766201	1	1	0	0
1	1	UID766246	1	1	0	0
1	1	UID766261	1	1	0	0
1	1	UID766262	1	1	0	0
1	1	UID766269	1	1	0	0
1	1	UID766277	1	1	0	0
1	1	UID766278	1	1	0	0
1	1	UID766284	1	1	0	0
1	1	UID766287	1	1	0	0
1	1	UID766290	1	1	0	0
1	1	UID766337	1	1	0	0
1	1	UID766428	1	1	0	0
1	1	UID766450	1	1	0	0
1	1	UID766489	1	1	0	0
1	1	UID766506	1	1	0	0
1	1	UID766507	1	1	0	0
1	1	UID766521	1	1	0	0
1	1	UID766526	1	1	0	0
1	1	UID766540	1	1	0	0
1	1	UID766609	1	1	0	0
1	1	UID766614	1	1	0	0
1	1	UID766615	1	1	0	0
1	1	UID766641	1	1	0	0
1	1	UID766645	1	1	0	0
1	1	UID766656	1	1	0	0
1	1	UID766659	1	1	0	0
1	1	UID766660	1	1	0	0
1	1	UID766664	1	1	0	0
1	1	UID766665	1	1	0	0
1	1	UID766673	1	1	0	0
1	1	UID766678	1	1	0	0
1	1	UID766696	1	1	0	0
1	1	UID766729	1	1	0	0
1	1	UID766785	1	1	0	0
1	1	UID766787	1	1	0	0
1	1	UID766788	1	1	0	0
1	1	UID766790	1	1	0	0
1	1	UID766802	1	1	0	0
1	1	UID766805	1	1	0	0
1	1	UID766839	1	1	0	0
1	1	UID766848	1	1	0	0
1	1	UID766849	1	1	0	0
1	1	UID766853	1	1	0	0
1	1	UID766861	1	1	0	0
1	1	UID766866	1	1	0	0
1	1	UID766867	1	1	0	0
1	1	UID766874	1	1	0	0
1	1	UID766875	1	1	0	0
1	1	UID766877	1	1	0	0
1	1	UID766878	1	1	0	0
1	1	UID766879	1	1	0	0
1	1	UID766890	1	1	0	0
1	1	UID766901	1	1	0	0
1	1	UID766903	1	1	0	0
1	1	UID766905	1	1	0	0
1	1	UID766906	1	1	0	0
1	1	UID766914	1	1	0	0
1	1	UID766938	1	1	0	0
1	1	UID766947	1	1	0	0
1	1	UID766999	1	1	0	0
1	1	UID767001	1	1	0	0
1	1	UID767018	1	1	0	0
1	1	UID767086	1	1	0	0
1	1	UID767093	1	1	0	0
1	1	UID767101	1	1	0	0
1	1	UID767110	1	1	0	0
1	1	UID767117	1	1	0	0
1	1	UID767118	1	1	0	0
1	1	UID767182	1	1	0	0
1	1	UID767284	1	1	0	0
1	1	UID767290	1	1	0	0
1	1	UID767314	1	1	0	0
1	1	UID767325	1	1	0	0
1	1	UID767354	1	1	0	0
1	1	UID767360	1	1	0	0
1	1	UID767380	1	1	0	0
1	1	UID767383	1	1	0	0
1	1	UID767385	1	1	0	0
1	1	UID767388	1	1	0	0
1	1	UID767415	1	1	0	0
1	1	UID767445	1	1	0	0
1	1	UID767455	1	1	0	0
1	1	UID767473	1	1	0	0
1	1	UID767477	1	1	0	0
1	1	UID767480	1	1	0	0
1	1	UID767492	1	1	0	0
1	1	UID767508	1	1	0	0
1	1	UID767512	1	1	0	0
1	1	UID767527	1	1	0	0
1	1	UID767530	1	1	0	0
1	1	UID767606	1	1	0	0
1	1	UID767620	1	1	0	0
1	1	UID767634	1	1	0	0
1	1	UID767655	1	1	0	0
1	1	UID767658	1	1	0	0
1	1	UID767683	1	1	0	0
1	1	UID767721	1	1	0	0
1	1	UID767761	1	1	0	0
1	1	UID767774	1	1	0	0
1	1	UID767775	1	1	0	0
1	1	UID767798	1	1	0	0
1	1	UID767809	1	1	0	0
1	1	UID767811	1	1	0	0
1	1	UID767817	1	1	0	0
1	1	UID767837	1	1	0	0
1	1	UID767841	1	1	0	0
1	1	UID767861	1	1	0	0
1	1	UID767864	1	1	0	0
1	1	UID767887	1	1	0	0
1	1	UID767895	1	1	0	0
1	1	UID767900	1	1	0	0
1	1	UID767904	1	1	0	0
1	1	UID767921	1	1	0	0
1	1	UID767932	1	1	0	0
1	1	UID767987	1	1	0	0
1	1	UID767997	1	1	0	0
1	1	UID768047	1	1	0	0
1	1	UID768065	1	1	0	0
1	1	UID768086	1	1	0	0
1	1	UID768094	1	1	0	0
1	1	UID768095	1	1	0	0
1	1	UID768181	1	1	0	0
1	1	UID768182	1	1	0	0
1	1	UID768185	1	1	0	0
1	1	UID768201	1	1	0	0
1	1	UID768221	1	1	0	0
1	1	UID768230	1	1	0	0
1	1	UID768288	1	1	0	0
1	1	UID768294	1	1	0	0
1	1	UID768301	1	1	0	0
1	1	UID768305	1	1	0	0
1	1	UID768306	1	1	0	0
1	1	UID768323	1	1	0	0
1	1	UID768330	1	1	0	0
1	1	UID768421	1	1	0	0
1	1	UID768453	1	1	0	0
1	1	UID768551	1	1	0	0
1	1	UID768572	1	1	0	0
1	1	UID768574	1	1	0	0
1	1	UID768616	1	1	0	0
1	1	UID768625	1	1	0	0
1	1	UID768674	1	1	0	0
1	1	UID768682	1	1	0	0
1	1	UID768687	1	1	0	0
1	1	UID768699	1	1	0	0
1	1	UID768706	1	1	0	0
1	1	UID768707	1	1	0	0
1	1	UID768797	1	1	0	0
1	1	UID768799	1	1	0	0
1	1	UID768800	1	1	0	0
1	1	UID768802	1	1	0	0
1	1	UID768815	1	1	0	0
1	1	UID768876	1	1	0	0
1	1	UID768878	1	1	0	0
1	1	UID768879	1	1	0	0
1	1	UID768884	1	1	0	0
1	1	UID768888	1	1	0	0
1	1	UID768899	1	1	0	0
1	1	UID768911	1	1	0	0
1	1	UID768922	1	1	0	0
1	1	UID768925	1	1	0	0
1	1	UID768978	1	1	0	0
1	1	UID768999	1	1	0	0
1	1	UID769003	1	1	0	0
1	1	UID769005	1	1	0	0
1	1	UID769016	1	1	0	0
1	1	UID769017	1	1	0	0
1	1	UID769019	1	1	0	0
1	1	UID769025	1	1	0	0
1	1	UID769043	1	1	0	0
1	1	UID769109	1	1	0	0
1	1	UID769117	1	1	0	0
1	1	UID769121	1	1	0	0
1	1	UID769135	1	1	0	0
1	1	UID769148	1	1	0	0
1	1	UID769157	1	1	0	0
1	1	UID769165	1	1	0	0
1	1	UID769168	1	1	0	0
1	1	UID769180	1	1	0	0
1	1	UID769185	1	1	0	0
1	1	UID769188	1	1	0	0
1	1	UID769195	1	1	0	0
1	1	UID769203	1	1	0	0
1	1	UID769204	1	1	0	0
1	1	UID769234	1	1	0	0
1	1	UID769235	1	1	0	0
1	1	UID769239	1	1	0	0
1	1	UID769291	1	1	0	0
1	1	UID769320	1	1	0	0
1	1	UID769338	1	1	0	0
1	1	UID769357	1	1	0	0
1	1	UID769364	1	1	0	0
1	1	UID769376	1	1	0	0
1	1	UID769389	1	1	0	0
1	1	UID769395	1	1	0	0
1	1	UID769400	1	1	0	0
1	1	UID769407	1	1	0	0
1	1	UID769410	1	1	0	0
1	1	UID769414	1	1	0	0
1	1	UID769438	1	1	0	0
1	1	UID769439	1	1	0	0
1	1	UID769446	1	1	0	0
1	1	UID769447	1	1	0	0
1	1	UID769448	1	1	0	0
1	1	UID769457	1	1	0	0
1	1	UID769466	1	1	0	0
1	1	UID769483	1	1	0	0
1	1	UID769491	1	1	0	0
1	1	UID769499	1	1	0	0
1	1	UID769505	1	1	0	0
1	1	UID769507	1	1	0	0
1	1	UID769572	1	1	0	0
1	1	UID769607	1	1	0	0
1	1	UID769651	1	1	0	0
1	1	UID769671	1	1	0	0
1	1	UID769707	1	1	0	0
1	1	UID769718	1	1	0	0
1	1	UID769723	1	1	0	0
1	1	UID769732	1	1	0	0
1	1	UID769749	1	1	0	0
1	1	UID769751	1	1	0	0
1	1	UID769785	1	1	0	0
1	1	UID769790	1	1	0	0
1	1	UID769833	1	1	0	0
1	1	UID769845	1	1	0	0
1	1	UID769863	1	1	0	0
1	1	UID769887	1	1	0	0
1	1	UID769904	1	1	0	0
1	1	UID769910	1	1	0	0
1	1	UID769931	1	1	0	0
1	1	UID769938	1	1	0	0
1	1	UID769963	1	1	0	0
1	1	UID769965	1	1	0	0
1	1	UID769977	1	1	0	0
1	1	UID769989	1	1	0	0
1	1	UID770030	1	1	0	0
1	1	UID770078	1	1	0	0
1	1	UID770079	1	1	0	0
1	1	UID770081	1	1	0	0
1	1	UID770096	1	1	0	0
1	1	UID770120	1	1	0	0
1	1	UID770129	1	1	0	0
1	1	UID770212	1	1	0	0
1	1	UID770214	1	1	0	0
1	1	UID770236	1	1	0	0
1	1	UID770242	1	1	0	0
1	1	UID770267	1	1	0	0
1	1	UID770282	1	1	0	0
1	1	UID770286	1	1	0	0
1	1	UID770301	1	1	0	0
1	1	UID770321	1	1	0	0
1	1	UID770348	1	1	0	0
1	1	UID770367	1	1	0	0
1	1	UID770375	1	1	0	0
1	1	UID770393	1	1	0	0
1	1	UID770395	1	1	0	0
1	1	UID770419	1	1	0	0
1	1	UID770426	1	1	0	0
1	1	UID770477	1	1	0	0
1	1	UID770544	1	1	0	0
1	1	UID770569	1	1	0	0
1	1	UID770627	1	1	0	0
1	1	UID770650	1	1	0	0
1	1	UID770678	1	1	0	0
1	1	UID770702	1	1	0	0
1	1	UID770714	1	1	0	0
1	1	UID770723	1	1	0	0
1	1	UID770748	1	1	0	0
1	1	UID770753	1	1	0	0
1	1	UID770803	1	1	0	0
1	1	UID770840	1	1	0	0
1	1	UID770854	1	1	0	0
1	1	UID771125	1	1	0	0
1	1	UID771126	1	1	0	0
1	1	UID771247	1	1	0	0
1	1	UID771252	1	1	0	0
1	1	UID771262	1	1	0	0
1	1	UID771322	1	1	0	0
1	1	UID771328	1	1	0	0
1	1	UID771336	1	1	0	0
1	1	UID771349	1	1	0	0
1	1	UID771350	1	1	0	0
1	1	UID771376	1	1	0	0
1	1	UID771399	1	1	0	0
1	1	UID771411	1	1	0	0
1	1	UID771552	1	1	0	0
1	1	UID771649	1	1	0	0
1	1	UID771659	1	1	0	0
1	1	UID771671	1	1	0	0
1	1	UID771687	1	1	0	0
1	1	UID771691	1	1	0	0
1	1	UID771692	1	1	0	0
1	1	UID771693	1	1	0	0
1	1	UID771697	1	1	0	0
1	1	UID771703	1	1	0	0
1	1	UID771704	1	1	0	0
1	1	UID771714	1	1	0	0
1	1	UID771715	1	1	0	0
1	1	UID771718	1	1	0	0
1	1	UID771734	1	1	0	0
1	1	UID771740	1	1	0	0
1	1	UID771800	1	1	0	0
1	1	UID771810	1	1	0	0
1	1	UID771816	1	1	0	0
1	1	UID771820	1	1	0	0
1	1	UID771834	1	1	0	0
1	1	UID771846	1	1	0	0
1	1	UID771864	1	1	0	0
1	1	UID771876	1	1	0	0
1	1	UID771908	1	1	0	0
1	1	UID771963	1	1	0	0
1	1	UID771999	1	1	0	0
1	1	UID772014	1	1	0	0
1	1	UID772029	1	1	0	0
1	1	UID772035	1	1	0	0
1	1	UID772038	1	1	0	0
1	1	UID772044	1	1	0	0
1	1	UID772068	1	1	0	0
1	1	UID772096	1	1	0	0
1	1	UID772099	1	1	0	0
1	1	UID772119	1	1	0	0
1	1	UID772123	1	1	0	0
1	1	UID772146	1	1	0	0
1	1	UID772150	1	1	0	0
1	1	UID772240	1	1	0	0
1	1	UID772247	1	1	0	0
1	1	UID772250	1	1	0	0
1	1	UID772359	1	1	0	0
1	1	UID772360	1	1	0	0
1	1	UID772361	1	1	0	0
1	1	UID772367	1	1	0	0
1	1	UID772377	1	1	0	0
1	1	UID772381	1	1	0	0
1	1	UID772420	1	1	0	0
1	1	UID772421	1	1	0	0
1	1	UID772424	1	1	0	0
1	1	UID772426	1	1	0	0
1	1	UID772452	1	1	0	0
1	1	UID772459	1	1	0	0
1	1	UID772471	1	1	0	0
1	1	UID772475	1	1	0	0
1	1	UID772514	1	1	0	0
1	1	UID772526	1	1	0	0
1	1	UID772528	1	1	0	0
1	1	UID772551	1	1	0	0
1	1	UID772553	1	1	0	0
1	1	UID772577	1	1	0	0
1	1	UID772580	1	1	0	0
1	1	UID772611	1	1	0	0
1	1	UID772613	1	1	0	0
1	1	UID772614	1	1	0	0
1	1	UID772627	1	1	0	0
1	1	UID772723	1	1	0	0
1	1	UID772746	1	1	0	0
1	1	UID772749	1	1	0	0
1	1	UID772750	1	1	0	0
1	1	UID772764	1	1	0	0
1	1	UID772767	1	1	0	0
1	1	UID772810	1	1	0	0
1	1	UID772827	1	1	0	0
1	1	UID772882	1	1	0	0
1	1	UID772886	1	1	0	0
1	1	UID772892	1	1	0	0
1	1	UID772910	1	1	0	0
1	1	UID772912	1	1	0	0
1	1	UID772919	1	1	0	0
1	1	UID772950	1	1	0	0
1	1	UID772953	1	1	0	0
1	1	UID773017	1	1	0	0
1	1	UID773036	1	1	0	0
1	1	UID773047	1	1	0	0
1	1	UID773073	1	1	0	0
1	1	UID773075	1	1	0	0
1	1	UID773084	1	1	0	0
1	1	UID773098	1	1	0	0
1	1	UID773112	1	1	0	0
1	1	UID773115	1	1	0	0
1	1	UID773135	1	1	0	0
1	1	UID773140	1	1	0	0
1	1	UID773172	1	1	0	0
1	1	UID773233	1	1	0	0
1	1	UID773241	1	1	0	0
1	1	UID773250	1	1	0	0
1	1	UID773272	1	1	0	0
1	1	UID773285	1	1	0	0
1	1	UID773289	1	1	0	0
1	1	UID773292	1	1	0	0
1	1	UID773355	1	1	0	0
1	1	UID773385	1	1	0	0
1	1	UID773395	1	1	0	0
1	1	UID773397	1	1	0	0
1	1	UID773401	1	1	0	0
1	1	UID773434	1	1	0	0
1	1	UID773452	1	1	0	0
1	1	UID773453	1	1	0	0
1	1	UID773522	1	1	0	0
1	1	UID773543	1	1	0	0
1	1	UID773624	1	1	0	0
1	1	UID773630	1	1	0	0
1	1	UID773631	1	1	0	0
1	1	UID773651	1	1	0	0
1	1	UID773652	1	1	0	0
1	1	UID773716	1	1	0	0
1	1	UID773717	1	1	0	0
1	1	UID773732	1	1	0	0
1	1	UID773853	1	1	0	0
1	1	UID773885	1	1	0	0
1	1	UID773912	1	1	0	0
1	1	UID773925	1	1	0	0
1	1	UID773931	1	1	0	0
1	1	UID773941	1	1	0	0
1	1	UID773943	1	1	0	0
1	1	UID773944	1	1	0	0
1	1	UID773965	1	1	0	0
1	1	UID773977	1	1	0	0
1	1	UID773978	1	1	0	0
1	1	UID773984	1	1	0	0
1	1	UID773997	1	1	0	0
1	1	UID773999	1	1	0	0
1	1	UID774011	1	1	0	0
1	1	UID774020	1	1	0	0
1	1	UID774049	1	1	0	0
1	1	UID774068	1	1	0	0
1	1	UID774079	1	1	0	0
1	1	UID774100	1	1	0	0
1	1	UID774107	1	1	0	0
1	1	UID774110	1	1	0	0
1	1	UID774119	1	1	0	0
1	1	UID774122	1	1	0	0
1	1	UID774135	1	1	0	0
2	2	UID774137	1	2	1	1
1	1	UID774146	1	1	0	0
1	1	UID774147	1	1	0	0
1	1	UID774149	1	1	0	0
1	1	UID774153	1	1	0	0
1	1	UID774159	1	1	0	0
1	1	UID774161	1	1	0	0
1	1	UID774162	1	1	0	0
1	1	UID774174	1	1	0	0
1	1	UID774176	1	1	0	0
1	1	UID774197	1	1	0	0
1	1	UID774284	1	1	0	0
1	1	UID774290	1	1	0	0
1	1	UID774293	1	1	0	0
1	1	UID774297	1	1	0	0
1	1	UID774298	1	1	0	0
1	1	UID774300	1	1	0	0
1	1	UID774303	1	1	0	0
1	1	UID774312	1	1	0	0
1	1	UID774313	1	1	0	0
1	1	UID774345	1	1	0	0
1	1	UID774347	1	1	0	0
1	1	UID774352	1	1	0	0
1	1	UID774354	1	1	0	0
1	1	UID774383	1	1	0	0
1	1	UID774414	1	1	0	0
1	1	UID774418	1	1	0	0
1	1	UID774419	1	1	0	0
1	1	UID774427	1	1	0	0
1	1	UID774431	1	1	0	0
1	1	UID774433	1	1	0	0
1	1	UID774435	1	1	0	0
1	1	UID774443	1	1	0	0
1	1	UID774516	1	1	0	0
1	1	UID774561	1	1	0	0
1	1	UID774576	1	1	0	0
1	1	UID774602	1	1	0	0
1	1	UID774659	1	1	0	0
1	1	UID774676	1	1	0	0
1	1	UID774692	1	1	0	0
1	1	UID774695	1	1	0	0
1	1	UID774718	1	1	0	0
1	1	UID774723	1	1	0	0
1	1	UID774747	1	1	0	0
1	1	UID774751	1	1	0	0
1	1	UID774754	1	1	0	0
1	1	UID774760	1	1	0	0
1	1	UID774762	1	1	0	0
1	1	UID774763	1	1	0	0
1	1	UID774768	1	1	0	0
1	1	UID774769	1	1	0	0
1	1	UID774770	1	1	0	0
1	1	UID774772	1	1	0	0
1	1	UID774775	1	1	0	0
1	1	UID774791	1	1	0	0
1	1	UID774792	1	1	0	0
1	1	UID774802	1	1	0	0
1	1	UID774805	1	1	0	0
1	1	UID774809	1	1	0	0
1	1	UID774810	1	1	0	0
1	1	UID774818	1	1	0	0
1	1	UID774819	1	1	0	0
1	1	UID774829	1	1	0	0
1	1	UID774832	1	1	0	0
1	1	UID774834	1	1	0	0
1	1	UID774835	1	1	0	0
1	1	UID774840	1	1	0	0
1	1	UID774843	1	1	0	0
1	1	UID774855	1	1	0	0
1	1	UID774856	1	1	0	0
1	1	UID774859	1	1	0	0
1	1	UID774860	1	1	0	0
1	1	UID774864	1	1	0	0
1	1	UID774918	1	1	0	0
1	1	UID774929	1	1	0	0
1	1	UID774980	1	1	0	0
1	1	UID774981	1	1	0	0
2	2	UID774993	1	2	1	1
1	1	UID775003	1	1	0	0
1	1	UID775005	1	1	0	0
1	1	UID775063	1	1	0	0
1	1	UID775074	1	1	0	0
1	1	UID775078	1	1	0	0
1	1	UID775084	1	1	0	0
1	1	UID775085	1	1	0	0
1	1	UID775117	1	1	0	0
1	1	UID775130	1	1	0	0
1	1	UID775159	1	1	0	0
1	1	UID775170	1	1	0	0
1	1	UID775176	1	1	0	0
1	1	UID775203	1	1	0	0
1	1	UID775223	1	1	0	0
1	1	UID775226	1	1	0	0
1	1	UID775230	1	1	0	0
1	1	UID775238	1	1	0	0
1	1	UID775253	1	1	0	0
1	1	UID775262	1	1	0	0
1	1	UID775268	1	1	0	0
1	1	UID775322	1	1	0	0
1	1	UID775328	1	1	0	0
1	1	UID775381	1	1	0	0
1	1	UID775385	1	1	0	0
1	1	UID775386	1	1	0	0
1	1	UID775388	1	1	0	0
1	1	UID775389	1	1	0	0
1	1	UID775390	1	1	0	0
1	1	UID775428	1	1	0	0
1	1	UID775439	1	1	0	0
1	1	UID775451	1	1	0	0
1	1	UID775459	1	1	0	0
1	1	UID775525	1	1	0	0
1	1	UID775528	1	1	0	0
1	1	UID775531	1	1	0	0
1	1	UID775533	1	1	0	0
1	1	UID775550	1	1	0	0
1	1	UID775551	1	1	0	0
1	1	UID775555	1	1	0	0
1	1	UID775561	1	1	0	0
1	1	UID775562	1	1	0	0
1	1	UID775570	1	1	0	0
1	1	UID775571	1	1	0	0
1	1	UID775575	1	1	0	0
1	1	UID775587	1	1	0	0
1	1	UID775593	1	1	0	0
1	1	UID775690	1	1	0	0
1	1	UID775694	1	1	0	0
1	1	UID775718	1	1	0	0
1	1	UID775739	1	1	0	0
1	1	UID775740	1	1	0	0
1	1	UID775751	1	1	0	0
1	1	UID775760	1	1	0	0
1	1	UID775763	1	1	0	0
1	1	UID775767	1	1	0	0
1	1	UID775768	1	1	0	0
1	1	UID775770	1	1	0	0
1	1	UID775773	1	1	0	0
1	1	UID775791	1	1	0	0
1	1	UID775815	1	1	0	0
1	1	UID775823	1	1	0	0
1	1	UID775827	1	1	0	0
1	1	UID775829	1	1	0	0
1	1	UID775913	1	1	0	0
1	1	UID775929	1	1	0	0
1	1	UID775936	1	1	0	0
1	1	UID775946	1	1	0	0
1	1	UID776010	1	1	0	0
1	1	UID776034	1	1	0	0
1	1	UID776039	1	1	0	0
1	1	UID776051	1	1	0	0
1	1	UID776078	1	1	0	0
1	1	UID776089	1	1	0	0
1	1	UID776097	1	1	0	0
1	1	UID776099	1	1	0	0
1	1	UID776101	1	1	0	0
1	1	UID776111	1	1	0	0
1	1	UID776131	1	1	0	0
1	1	UID776145	1	1	0	0
1	1	UID776157	1	1	0	0
1	1	UID776165	1	1	0	0
1	1	UID776166	1	1	0	0
1	1	UID776169	1	1	0	0
1	1	UID776170	1	1	0	0
1	1	UID776171	1	1	0	0
1	1	UID776183	1	1	0	0
1	1	UID776186	1	1	0	0
1	1	UID776188	1	1	0	0
1	1	UID776193	1	1	0	0
1	1	UID776195	1	1	0	0
1	1	UID776197	1	1	0	0
1	1	UID776198	1	1	0	0
1	1	UID776200	1	1	0	0
1	1	UID776205	1	1	0	0
1	1	UID776226	1	1	0	0
1	1	UID776238	1	1	0	0
1	1	UID776254	1	1	0	0
1	1	UID776312	1	1	0	0
1	1	UID776376	1	1	0	0
1	1	UID776401	1	1	0	0
1	1	UID776402	1	1	0	0
1	1	UID776411	1	1	0	0
1	1	UID776414	1	1	0	0
1	1	UID776421	1	1	0	0
1	1	UID776422	1	1	0	0
1	1	UID776423	1	1	0	0
1	1	UID776428	1	1	0	0
1	1	UID776431	1	1	0	0
1	1	UID776432	1	1	0	0
1	1	UID776438	1	1	0	0
1	1	UID776446	1	1	0	0
1	1	UID776461	1	1	0	0
1	1	UID776545	1	1	0	0
1	1	UID776554	1	1	0	0
1	1	UID776559	1	1	0	0
1	1	UID776560	1	1	0	0
1	1	UID776566	1	1	0	0
1	1	UID776567	1	1	0	0
1	1	UID776596	1	1	0	0
1	1	UID776614	1	1	0	0
1	1	UID776615	1	1	0	0
1	1	UID776625	1	1	0	0
1	1	UID776681	1	1	0	0
1	1	UID776686	1	1	0	0
1	1	UID776700	1	1	0	0
1	1	UID776706	1	1	0	0
1	1	UID776707	1	1	0	0
1	1	UID776730	1	1	0	0
1	1	UID776735	1	1	0	0
1	1	UID776754	1	1	0	0
1	1	UID776766	1	1	0	0
1	1	UID776767	1	1	0	0
1	1	UID776775	1	1	0	0
1	1	UID776783	1	1	0	0
1	1	UID776790	1	1	0	0
1	1	UID776799	1	1	0	0
1	1	UID776801	1	1	0	0
1	1	UID776806	1	1	0	0
1	1	UID776820	1	1	0	0
1	1	UID776943	1	1	0	0
1	1	UID776955	1	1	0	0
1	1	UID776997	1	1	0	0
1	1	UID777007	1	1	0	0
1	1	UID777009	1	1	0	0
1	1	UID777031	1	1	0	0
1	1	UID777043	1	1	0	0
1	1	UID777114	1	1	0	0
1	1	UID777144	1	1	0	0
1	1	UID777151	1	1	0	0
1	1	UID777177	1	1	0	0
1	1	UID777178	1	1	0	0
1	1	UID777179	1	1	0	0
1	1	UID777180	1	1	0	0
1	1	UID777182	1	1	0	0
1	1	UID777195	1	1	0	0
1	1	UID777207	1	1	0	0
1	1	UID777213	1	1	0	0
1	1	UID777237	1	1	0	0
1	1	UID777240	1	1	0	0
1	1	UID777247	1	1	0	0
1	1	UID777248	1	1	0	0
1	1	UID777249	1	1	0	0
1	1	UID777251	1	1	0	0
1	1	UID777252	1	1	0	0
1	1	UID777254	1	1	0	0
1	1	UID777256	1	1	0	0
1	1	UID777257	1	1	0	0
1	1	UID777261	1	1	0	0
1	1	UID777263	1	1	0	0
1	1	UID777265	1	1	0	0
1	1	UID777266	1	1	0	0
1	1	UID777267	1	1	0	0
1	1	UID777268	1	1	0	0
1	1	UID777273	1	1	0	0
1	1	UID777275	1	1	0	0
1	1	UID777276	1	1	0	0
1	1	UID777277	1	1	0	0
1	1	UID777280	1	1	0	0
1	1	UID777282	1	1	0	0
1	1	UID777287	1	1	0	0
1	1	UID777290	1	1	0	0
1	1	UID777291	1	1	0	0
1	1	UID777293	1	1	0	0
1	1	UID777300	1	1	0	0
1	1	UID777303	1	1	0	0
1	1	UID777305	1	1	0	0
1	1	UID777313	1	1	0	0
1	1	UID777319	1	1	0	0
1	1	UID777330	1	1	0	0
1	1	UID777344	1	1	0	0
1	1	UID777350	1	1	0	0
1	1	UID777351	1	1	0	0
1	1	UID777356	1	1	0	0
1	1	UID777357	1	1	0	0
1	1	UID777358	1	1	0	0
1	1	UID777360	1	1	0	0
1	1	UID777361	1	1	0	0
1	1	UID777363	1	1	0	0
1	1	UID777369	1	1	0	0
1	1	UID777371	1	1	0	0
1	1	UID777376	1	1	0	0
1	1	UID777378	1	1	0	0
1	1	UID777379	1	1	0	0
1	1	UID777380	1	1	0	0
1	1	UID777395	1	1	0	0
1	1	UID777397	1	1	0	0
1	1	UID777398	1	1	0	0
1	1	UID777404	1	1	0	0
1	1	UID777405	1	1	0	0
1	1	UID777413	1	1	0	0
1	1	UID777419	1	1	0	0
1	1	UID777427	1	1	0	0
1	1	UID777433	1	1	0	0
1	1	UID777444	1	1	0	0
1	1	UID777447	1	1	0	0
1	1	UID777459	1	1	0	0
1	1	UID777464	1	1	0	0
1	1	UID777482	1	1	0	0
1	1	UID777490	1	1	0	0
1	1	UID777555	1	1	0	0
1	1	UID777565	1	1	0	0
1	1	UID777578	1	1	0	0
1	1	UID777614	1	1	0	0
1	1	UID777637	1	1	0	0
1	1	UID777641	1	1	0	0
1	1	UID777679	1	1	0	0
1	1	UID777692	1	1	0	0
1	1	UID777697	1	1	0	0
1	1	UID777703	1	1	0	0
2	2	UID777766	1	2	1	1
1	1	UID777809	1	1	0	0
1	1	UID777810	1	1	0	0
1	1	UID777821	1	1	0	0
1	1	UID777829	1	1	0	0
1	1	UID777842	1	1	0	0
1	1	UID777862	1	1	0	0
1	1	UID777863	1	1	0	0
1	1	UID777864	1	1	0	0
1	1	UID777866	1	1	0	0
1	1	UID777867	1	1	0	0
1	1	UID777872	1	1	0	0
1	1	UID777874	1	1	0	0
1	1	UID777876	1	1	0	0
1	1	UID777879	1	1	0	0
1	1	UID777882	1	1	0	0
1	1	UID777889	1	1	0	0
1	1	UID777891	1	1	0	0
1	1	UID777893	1	1	0	0
1	1	UID777894	1	1	0	0
1	1	UID777904	1	1	0	0
1	1	UID777907	1	1	0	0
1	1	UID777908	1	1	0	0
1	1	UID777912	1	1	0	0
1	1	UID777913	1	1	0	0
1	1	UID777914	1	1	0	0
1	1	UID777917	1	1	0	0
1	1	UID777920	1	1	0	0
1	1	UID777921	1	1	0	0
1	1	UID777934	1	1	0	0
1	1	UID777939	1	1	0	0
1	1	UID777983	1	1	0	0
1	1	UID778002	1	1	0	0
1	1	UID778007	1	1	0	0
1	1	UID778019	1	1	0	0
1	1	UID778024	1	1	0	0
1	1	UID778044	1	1	0	0
1	1	UID778049	1	1	0	0
1	1	UID778050	1	1	0	0
1	1	UID778062	1	1	0	0
1	1	UID778085	1	1	0	0
1	1	UID778112	1	1	0	0
1	1	UID778129	1	1	0	0
1	1	UID778130	1	1	0	0
1	1	UID778134	1	1	0	0
1	1	UID778135	1	1	0	0
1	1	UID778137	1	1	0	0
1	1	UID778138	1	1	0	0
3	3	UID778142	1	3	1	1
1	1	UID778149	1	1	0	0
1	1	UID778155	1	1	0	0
1	1	UID778156	1	1	0	0
1	1	UID778160	1	1	0	0
1	1	UID778164	1	1	0	0
1	1	UID778182	1	1	0	0
1	1	UID778197	1	1	0	0
1	1	UID778199	1	1	0	0
1	1	UID778201	1	1	0	0
1	1	UID778205	1	1	0	0
1	1	UID778206	1	1	0	0
1	1	UID778209	1	1	0	0
1	1	UID778252	1	1	0	0
1	1	UID778256	1	1	0	0
1	1	UID778262	1	1	0	0
1	1	UID778264	1	1	0	0
1	1	UID778279	1	1	0	0
1	1	UID778287	1	1	0	0
1	1	UID778301	1	1	0	0
1	1	UID778303	1	1	0	0
1	1	UID778306	1	1	0	0
1	1	UID778307	1	1	0	0
1	1	UID778309	1	1	0	0
1	1	UID778313	1	1	0	0
1	1	UID778333	1	1	0	0
1	1	UID778338	1	1	0	0
1	1	UID778339	1	1	0	0
1	1	UID778419	1	1	0	0
1	1	UID778463	1	1	0	0
1	1	UID778469	1	1	0	0
1	1	UID778476	1	1	0	0
1	1	UID778490	1	1	0	0
1	1	UID778493	1	1	0	0
1	1	UID778501	1	1	0	0
1	1	UID778504	1	1	0	0
1	1	UID778511	1	1	0	0
1	1	UID778564	1	1	0	0
1	1	UID778566	1	1	0	0
1	1	UID778610	1	1	0	0
1	1	UID778629	1	1	0	0
1	1	UID778631	1	1	0	0
1	1	UID778637	1	1	0	0
1	1	UID778644	1	1	0	0
1	1	UID778651	1	1	0	0
1	1	UID778667	1	1	0	0
1	1	UID778668	1	1	0	0
1	1	UID778672	1	1	0	0
1	1	UID778780	1	1	0	0
1	1	UID778788	1	1	0	0
1	1	UID778792	1	1	0	0
1	1	UID778809	1	1	0	0
1	1	UID778811	1	1	0	0
1	1	UID778812	1	1	0	0
1	1	UID778817	1	1	0	0
1	1	UID778821	1	1	0	0
1	1	UID778824	1	1	0	0
1	1	UID778825	1	1	0	0
1	1	UID778833	1	1	0	0
1	1	UID778856	1	1	0	0
1	1	UID778860	1	1	0	0
1	1	UID778861	1	1	0	0
1	1	UID778865	1	1	0	0
1	1	UID778867	1	1	0	0
1	1	UID778880	1	1	0	0
1	1	UID778885	1	1	0	0
1	1	UID778920	1	1	0	0
1	1	UID778921	1	1	0	0
1	1	UID778928	1	1	0	0
1	1	UID778938	1	1	0	0
1	1	UID778940	1	1	0	0
1	1	UID778974	1	1	0	0
1	1	UID778981	1	1	0	0
1	1	UID778988	1	1	0	0
1	1	UID778991	1	1	0	0
1	1	UID779000	1	1	0	0
1	1	UID779001	1	1	0	0
1	1	UID779006	1	1	0	0
1	1	UID779013	1	1	0	0
1	1	UID779019	1	1	0	0
1	1	UID779028	1	1	0	0
1	1	UID779049	1	1	0	0
1	1	UID779077	1	1	0	0
1	1	UID779093	1	1	0	0
1	1	UID779101	1	1	0	0
1	1	UID779112	1	1	0	0
1	1	UID779115	1	1	0	0
1	1	UID779117	1	1	0	0
1	1	UID779147	1	1	0	0
1	1	UID779148	1	1	0	0
1	1	UID779156	1	1	0	0
1	1	UID779166	1	1	0	0
1	1	UID779169	1	1	0	0
1	1	UID779179	1	1	0	0
1	1	UID779181	1	1	0	0
1	1	UID779183	1	1	0	0
1	1	UID779185	1	1	0	0
1	1	UID779186	1	1	0	0
1	1	UID779188	1	1	0	0
1	1	UID779189	1	1	0	0
1	1	UID779191	1	1	0	0
1	1	UID779234	1	1	0	0
1	1	UID779235	1	1	0	0
1	1	UID779311	1	1	0	0
1	1	UID779329	1	1	0	0
1	1	UID779332	1	1	0	0
1	1	UID779355	1	1	0	0
1	1	UID779358	1	1	0	0
1	1	UID779437	1	1	0	0
1	1	UID779452	1	1	0	0
1	1	UID779475	1	1	0	0
1	1	UID779482	1	1	0	0
1	1	UID779483	1	1	0	0
1	1	UID779484	1	1	0	0
1	1	UID779485	1	1	0	0
1	1	UID779488	1	1	0	0
1	1	UID779491	1	1	0	0
1	1	UID779500	1	1	0	0
1	1	UID779501	1	1	0	0
1	1	UID779502	1	1	0	0
1	1	UID779503	1	1	0	0
1	1	UID779505	1	1	0	0
1	1	UID779524	1	1	0	0
1	1	UID779531	1	1	0	0
1	1	UID779534	1	1	0	0
1	1	UID779540	1	1	0	0
1	1	UID779543	1	1	0	0
1	1	UID779549	1	1	0	0
1	1	UID779566	1	1	0	0
1	1	UID779567	1	1	0	0
1	1	UID779577	1	1	0	0
1	1	UID779606	1	1	0	0
1	1	UID779649	1	1	0	0
1	1	UID779654	1	1	0	0
1	1	UID779670	1	1	0	0
1	1	UID779671	1	1	0	0
1	1	UID779672	1	1	0	0
1	1	UID779688	1	1	0	0
1	1	UID779690	1	1	0	0
1	1	UID779694	1	1	0	0
1	1	UID779697	1	1	0	0
1	1	UID779709	1	1	0	0
1	1	UID779711	1	1	0	0
1	1	UID779713	1	1	0	0
1	1	UID779718	1	1	0	0
1	1	UID779724	1	1	0	0
1	1	UID779738	1	1	0	0
1	1	UID779759	1	1	0	0
1	1	UID779824	1	1	0	0
1	1	UID779846	1	1	0	0
1	1	UID779881	1	1	0	0
1	1	UID779885	1	1	0	0
1	1	UID779895	1	1	0	0
1	1	UID779898	1	1	0	0
1	1	UID779899	1	1	0	0
1	1	UID779911	1	1	0	0
1	1	UID779918	1	1	0	0
1	1	UID779927	1	1	0	0
1	1	UID779932	1	1	0	0
1	1	UID779935	1	1	0	0
1	1	UID779947	1	1	0	0
1	1	UID779949	1	1	0	0
1	1	UID779954	1	1	0	0
1	1	UID779955	1	1	0	0
1	1	UID779957	1	1	0	0
1	1	UID779965	1	1	0	0
1	1	UID779966	1	1	0	0
1	1	UID779968	1	1	0	0
1	1	UID779969	1	1	0	0
1	1	UID779995	1	1	0	0
1	1	UID780048	1	1	0	0
1	1	UID780050	1	1	0	0
1	1	UID780065	1	1	0	0
1	1	UID780069	1	1	0	0
1	1	UID780075	1	1	0	0
1	1	UID780079	1	1	0	0
1	1	UID780098	1	1	0	0
1	1	UID780101	1	1	0	0
1	1	UID780108	1	1	0	0
1	1	UID780115	1	1	0	0
1	1	UID780116	1	1	0	0
1	1	UID780134	1	1	0	0
1	1	UID780143	1	1	0	0
1	1	UID780151	1	1	0	0
1	1	UID780153	1	1	0	0
1	1	UID780156	1	1	0	0
1	1	UID780161	1	1	0	0
1	1	UID780163	1	1	0	0
1	1	UID780169	1	1	0	0
1	1	UID780172	1	1	0	0
1	1	UID780173	1	1	0	0
1	1	UID780174	1	1	0	0
1	1	UID780188	1	1	0	0
1	1	UID780195	1	1	0	0
1	1	UID780248	1	1	0	0
1	1	UID780298	1	1	0	0
1	1	UID780301	1	1	0	0
1	1	UID780304	1	1	0	0
1	1	UID780308	1	1	0	0
1	1	UID780309	1	1	0	0
1	1	UID780310	1	1	0	0
1	1	UID780316	1	1	0	0
1	1	UID780329	1	1	0	0
1	1	UID780348	1	1	0	0
1	1	UID780353	1	1	0	0
1	1	UID780368	1	1	0	0
1	1	UID780373	1	1	0	0
1	1	UID780377	1	1	0	0
1	1	UID780379	1	1	0	0
1	1	UID780381	1	1	0	0
1	1	UID780396	1	1	0	0
1	1	UID780403	1	1	0	0
1	1	UID780456	1	1	0	0
1	1	UID780458	1	1	0	0
1	1	UID780461	1	1	0	0
1	1	UID780496	1	1	0	0
1	1	UID780501	1	1	0	0
1	1	UID780504	1	1	0	0
1	1	UID780524	1	1	0	0
1	1	UID780526	1	1	0	0
1	1	UID780532	1	1	0	0
1	1	UID780539	1	1	0	0
1	1	UID780548	1	1	0	0
1	1	UID780585	1	1	0	0
1	1	UID780588	1	1	0	0
1	1	UID780596	1	1	0	0
1	1	UID780599	1	1	0	0
1	1	UID780601	1	1	0	0
1	1	UID780602	1	1	0	0
1	1	UID780603	1	1	0	0
1	1	UID780604	1	1	0	0
1	1	UID780605	1	1	0	0
1	1	UID780606	1	1	0	0
1	1	UID780608	1	1	0	0
1	1	UID780614	1	1	0	0
1	1	UID780621	1	1	0	0
1	1	UID780622	1	1	0	0
1	1	UID780623	1	1	0	0
1	1	UID780625	1	1	0	0
1	1	UID780626	1	1	0	0
1	1	UID780628	1	1	0	0
1	1	UID780629	1	1	0	0
1	1	UID780633	1	1	0	0
1	1	UID780639	1	1	0	0
1	1	UID780643	1	1	0	0
1	1	UID780645	1	1	0	0
1	1	UID780660	1	1	0	0
1	1	UID780661	1	1	0	0
1	1	UID780663	1	1	0	0
1	1	UID780669	1	1	0	0
1	1	UID780671	1	1	0	0
1	1	UID780685	1	1	0	0
1	1	UID780687	1	1	0	0
1	1	UID780694	1	1	0	0
1	1	UID780698	1	1	0	0
1	1	UID780700	1	1	0	0
1	1	UID780701	1	1	0	0
1	1	UID780794	1	1	0	0
1	1	UID780821	1	1	0	0
1	1	UID780825	1	1	0	0
1	1	UID780830	1	1	0	0
1	1	UID780832	1	1	0	0
1	1	UID780842	1	1	0	0
1	1	UID780858	1	1	0	0
1	1	UID780863	1	1	0	0
1	1	UID780864	1	1	0	0
1	1	UID780867	1	1	0	0
1	1	UID780868	1	1	0	0
1	1	UID780879	1	1	0	0
1	1	UID780880	1	1	0	0
1	1	UID780887	1	1	0	0
1	1	UID780888	1	1	0	0
1	1	UID780889	1	1	0	0
1	1	UID780890	1	1	0	0
1	1	UID780891	1	1	0	0
1	1	UID780902	1	1	0	0
1	1	UID780904	1	1	0	0
1	1	UID780908	1	1	0	0
1	1	UID780909	1	1	0	0
2	2	UID780911	1	2	1	1
1	1	UID780915	1	1	0	0
1	1	UID780916	1	1	0	0
1	1	UID780937	1	1	0	0
1	1	UID780948	1	1	0	0
1	1	UID780958	1	1	0	0
1	1	UID780996	1	1	0	0
1	1	UID781023	1	1	0	0
1	1	UID781041	1	1	0	0
1	1	UID781054	1	1	0	0
1	1	UID781071	1	1	0	0
1	1	UID781074	1	1	0	0
1	1	UID781086	1	1	0	0
1	1	UID781087	1	1	0	0
1	1	UID781092	1	1	0	0
1	1	UID781097	1	1	0	0
1	1	UID781115	1	1	0	0
1	1	UID781117	1	1	0	0
1	1	UID781124	1	1	0	0
1	1	UID781125	1	1	0	0
1	1	UID781129	1	1	0	0
1	1	UID781136	1	1	0	0
1	1	UID781177	1	1	0	0
1	1	UID781181	1	1	0	0
1	1	UID781203	1	1	0	0
1	1	UID781216	1	1	0	0
1	1	UID781221	1	1	0	0
1	1	UID781225	1	1	0	0
1	1	UID781230	1	1	0	0
1	1	UID781231	1	1	0	0
1	1	UID781237	1	1	0	0
1	1	UID781238	1	1	0	0
1	1	UID781242	1	1	0	0
1	1	UID781249	1	1	0	0
1	1	UID781256	1	1	0	0
1	1	UID781257	1	1	0	0
1	1	UID781325	1	1	0	0
1	1	UID781326	1	1	0	0
1	1	UID781334	1	1	0	0
1	1	UID781347	1	1	0	0
1	1	UID781379	1	1	0	0
1	1	UID781382	1	1	0	0
1	1	UID781400	1	1	0	0
1	1	UID781439	1	1	0	0
1	1	UID781459	1	1	0	0
1	1	UID781460	1	1	0	0
1	1	UID781464	1	1	0	0
1	1	UID781465	1	1	0	0
1	1	UID781469	1	1	0	0
1	1	UID781480	1	1	0	0
1	1	UID781481	1	1	0	0
1	1	UID781488	1	1	0	0
1	1	UID781494	1	1	0	0
1	1	UID781497	1	1	0	0
1	1	UID781505	1	1	0	0
1	1	UID781527	1	1	0	0
1	1	UID781593	1	1	0	0
1	1	UID781598	1	1	0	0
1	1	UID781602	1	1	0	0
1	1	UID781614	1	1	0	0
1	1	UID781635	1	1	0	0
1	1	UID781639	1	1	0	0
1	1	UID781655	1	1	0	0
1	1	UID781656	1	1	0	0
1	1	UID781662	1	1	0	0
1	1	UID781663	1	1	0	0
1	1	UID781691	1	1	0	0
1	1	UID781692	1	1	0	0
1	1	UID781703	1	1	0	0
1	1	UID781710	1	1	0	0
1	1	UID781717	1	1	0	0
1	1	UID781759	1	1	0	0
1	1	UID781764	1	1	0	0
1	1	UID781766	1	1	0	0
1	1	UID781781	1	1	0	0
1	1	UID781789	1	1	0	0
1	1	UID781797	1	1	0	0
1	1	UID781837	1	1	0	0
1	1	UID781849	1	1	0	0
1	1	UID781859	1	1	0	0
1	1	UID781860	1	1	0	0
1	1	UID781862	1	1	0	0
1	1	UID781888	1	1	0	0
1	1	UID781889	1	1	0	0
1	1	UID781896	1	1	0	0
1	1	UID781898	1	1	0	0
1	1	UID781927	1	1	0	0
1	1	UID781941	1	1	0	0
1	1	UID781945	1	1	0	0
1	1	UID781957	1	1	0	0
1	1	UID781959	1	1	0	0
1	1	UID781965	1	1	0	0
1	1	UID781973	1	1	0	0
1	1	UID782019	1	1	0	0
1	1	UID782021	1	1	0	0
1	1	UID782028	1	1	0	0
1	1	UID782059	1	1	0	0
1	1	UID782068	1	1	0	0
1	1	UID782071	1	1	0	0
1	1	UID782074	1	1	0	0
1	1	UID782078	1	1	0	0
1	1	UID782079	1	1	0	0
1	1	UID782081	1	1	0	0
1	1	UID782082	1	1	0	0
1	1	UID782089	1	1	0	0
1	1	UID782101	1	1	0	0
1	1	UID782104	1	1	0	0
1	1	UID782110	1	1	0	0
1	1	UID782113	1	1	0	0
1	1	UID782118	1	1	0	0
1	1	UID782122	1	1	0	0
1	1	UID782134	1	1	0	0
1	1	UID782137	1	1	0	0
1	1	UID782160	1	1	0	0
1	1	UID782184	1	1	0	0
1	1	UID782185	1	1	0	0
1	1	UID782211	1	1	0	0
1	1	UID782220	1	1	0	0
1	1	UID782224	1	1	0	0
1	1	UID782228	1	1	0	0
1	1	UID782229	1	1	0	0
1	1	UID782234	1	1	0	0
1	1	UID782237	1	1	0	0
1	1	UID782240	1	1	0	0
1	1	UID782244	1	1	0	0
1	1	UID782247	1	1	0	0
1	1	UID782248	1	1	0	0
1	1	UID782257	1	1	0	0
1	1	UID782259	1	1	0	0
1	1	UID782260	1	1	0	0
1	1	UID782261	1	1	0	0
1	1	UID782295	1	1	0	0
1	1	UID782298	1	1	0	0
1	1	UID782304	1	1	0	0
1	1	UID782309	1	1	0	0
1	1	UID782312	1	1	0	0
1	1	UID782317	1	1	0	0
1	1	UID782318	1	1	0	0
1	1	UID782319	1	1	0	0
1	1	UID782323	1	1	0	0
1	1	UID782324	1	1	0	0
1	1	UID782334	1	1	0	0
1	1	UID782346	1	1	0	0
1	1	UID782349	1	1	0	0
1	1	UID782350	1	1	0	0
1	1	UID782361	1	1	0	0
1	1	UID782387	1	1	0	0
1	1	UID782389	1	1	0	0
1	1	UID782390	1	1	0	0
1	1	UID782391	1	1	0	0
1	1	UID782396	1	1	0	0
1	1	UID782400	1	1	0	0
1	1	UID782409	1	1	0	0
1	1	UID782430	1	1	0	0
1	1	UID782435	1	1	0	0
1	1	UID782439	1	1	0	0
1	1	UID782465	1	1	0	0
1	1	UID782468	1	1	0	0
1	1	UID782478	1	1	0	0
1	1	UID782487	1	1	0	0
1	1	UID782516	1	1	0	0
1	1	UID782522	1	1	0	0
1	1	UID782528	1	1	0	0
1	1	UID782531	1	1	0	0
1	1	UID782543	1	1	0	0
1	1	UID782548	1	1	0	0
1	1	UID782549	1	1	0	0
1	1	UID782566	1	1	0	0
1	1	UID782569	1	1	0	0
1	1	UID782574	1	1	0	0
1	1	UID782577	1	1	0	0
1	1	UID782581	1	1	0	0
1	1	UID782584	1	1	0	0
1	1	UID782589	1	1	0	0
1	1	UID782593	1	1	0	0
1	1	UID782633	1	1	0	0
1	1	UID782637	1	1	0	0
1	1	UID782643	1	1	0	0
1	1	UID782655	1	1	0	0
1	1	UID782667	1	1	0	0
1	1	UID782673	1	1	0	0
1	1	UID782682	1	1	0	0
1	1	UID782686	1	1	0	0
1	1	UID782689	1	1	0	0
1	1	UID782690	1	1	0	0
1	1	UID782692	1	1	0	0
1	1	UID782693	1	1	0	0
1	1	UID782695	1	1	0	0
1	1	UID782696	1	1	0	0
1	1	UID782702	1	1	0	0
1	1	UID782711	1	1	0	0
1	1	UID782712	1	1	0	0
1	1	UID782714	1	1	0	0
1	1	UID782716	1	1	0	0
1	1	UID782717	1	1	0	0
1	1	UID782718	1	1	0	0
1	1	UID782719	1	1	0	0
1	1	UID782720	1	1	0	0
1	1	UID782734	1	1	0	0
1	1	UID782735	1	1	0	0
1	1	UID782740	1	1	0	0
1	1	UID782746	1	1	0	0
1	1	UID782750	1	1	0	0
1	1	UID782762	1	1	0	0
1	1	UID782776	1	1	0	0
1	1	UID782778	1	1	0	0
1	1	UID782789	1	1	0	0
1	1	UID782792	1	1	0	0
1	1	UID782863	1	1	0	0
1	1	UID782866	1	1	0	0
1	1	UID782871	1	1	0	0
1	1	UID782907	1	1	0	0
1	1	UID782908	1	1	0	0
1	1	UID782913	1	1	0	0
1	1	UID782914	1	1	0	0
1	1	UID782920	1	1	0	0
1	1	UID782925	1	1	0	0
1	1	UID782927	1	1	0	0
1	1	UID782931	1	1	0	0
1	1	UID782939	1	1	0	0
1	1	UID782943	1	1	0	0
1	1	UID782944	1	1	0	0
1	1	UID782958	1	1	0	0
1	1	UID782964	1	1	0	0
1	1	UID782965	1	1	0	0
1	1	UID782966	1	1	0	0
1	1	UID782970	1	1	0	0
1	1	UID782978	1	1	0	0
1	1	UID782981	1	1	0	0
1	1	UID782994	1	1	0	0
1	1	UID783006	1	1	0	0
1	1	UID783011	1	1	0	0
1	1	UID783018	1	1	0	0
1	1	UID783020	1	1	0	0
1	1	UID783033	1	1	0	0
1	1	UID783037	1	1	0	0
1	1	UID783038	1	1	0	0
1	1	UID783040	1	1	0	0
2	2	UID783042	1	2	1	1
1	1	UID783044	1	1	0	0
1	1	UID783045	1	1	0	0
1	1	UID783047	1	1	0	0
1	1	UID783053	1	1	0	0
1	1	UID783055	1	1	0	0
1	1	UID783059	1	1	0	0
1	1	UID783060	1	1	0	0
1	1	UID783061	1	1	0	0
1	1	UID783062	1	1	0	0
1	1	UID783066	1	1	0	0
2	2	UID783067	1	2	1	1
1	1	UID783070	1	1	0	0
1	1	UID783077	1	1	0	0
1	1	UID783081	1	1	0	0
1	1	UID783082	1	1	0	0
1	1	UID783094	1	1	0	0
1	1	UID783133	1	1	0	0
1	1	UID783201	1	1	0	0
1	1	UID783234	1	1	0	0
1	1	UID783250	1	1	0	0
1	1	UID783252	1	1	0	0
1	1	UID783263	1	1	0	0
1	1	UID783269	1	1	0	0
1	1	UID783275	1	1	0	0
1	1	UID783293	1	1	0	0
1	1	UID783309	1	1	0	0
1	1	UID783330	1	1	0	0
1	1	UID783332	1	1	0	0
1	1	UID783333	1	1	0	0
1	1	UID783335	1	1	0	0
1	1	UID783341	1	1	0	0
1	1	UID783343	1	1	0	0
1	1	UID783348	1	1	0	0
1	1	UID783349	1	1	0	0
1	1	UID783352	1	1	0	0
1	1	UID783370	1	1	0	0
1	1	UID783396	1	1	0	0
1	1	UID783403	1	1	0	0
1	1	UID783479	1	1	0	0
1	1	UID783489	1	1	0	0
1	1	UID783492	1	1	0	0
1	1	UID783501	1	1	0	0
1	1	UID783529	1	1	0	0
1	1	UID783552	1	1	0	0
1	1	UID783553	1	1	0	0
1	1	UID783557	1	1	0	0
1	1	UID783566	1	1	0	0
1	1	UID783570	1	1	0	0
1	1	UID783577	1	1	0	0
1	1	UID783579	1	1	0	0
1	1	UID783591	1	1	0	0
1	1	UID783592	1	1	0	0
1	1	UID783594	1	1	0	0
1	1	UID783609	1	1	0	0
1	1	UID783621	1	1	0	0
1	1	UID783632	1	1	0	0
1	1	UID783636	1	1	0	0
1	1	UID783639	1	1	0	0
1	1	UID783640	1	1	0	0
1	1	UID783643	1	1	0	0
1	1	UID783737	1	1	0	0
1	1	UID783749	1	1	0	0
1	1	UID783754	1	1	0	0
1	1	UID783800	1	1	0	0
1	1	UID783804	1	1	0	0
1	1	UID783815	1	1	0	0
1	1	UID783817	1	1	0	0
1	1	UID783821	1	1	0	0
1	1	UID783822	1	1	0	0
1	1	UID783830	1	1	0	0
1	1	UID783841	1	1	0	0
1	1	UID783843	1	1	0	0
1	1	UID783844	1	1	0	0
1	1	UID783850	1	1	0	0
1	1	UID783854	1	1	0	0
1	1	UID783858	1	1	0	0
1	1	UID783866	1	1	0	0
1	1	UID783868	1	1	0	0
1	1	UID783878	1	1	0	0
1	1	UID783882	1	1	0	0
1	1	UID783896	1	1	0	0
1	1	UID783903	1	1	0	0
1	1	UID783907	1	1	0	0
1	1	UID783908	1	1	0	0
1	1	UID783913	1	1	0	0
1	1	UID783914	1	1	0	0
1	1	UID783921	1	1	0	0
1	1	UID783923	1	1	0	0
1	1	UID783930	1	1	0	0
1	1	UID783939	1	1	0	0
1	1	UID783940	1	1	0	0
1	1	UID783943	1	1	0	0
1	1	UID783944	1	1	0	0
1	1	UID783954	1	1	0	0
1	1	UID783964	1	1	0	0
1	1	UID783985	1	1	0	0
1	1	UID783989	1	1	0	0
1	1	UID784048	1	1	0	0
1	1	UID784064	1	1	0	0
1	1	UID784067	1	1	0	0
1	1	UID784068	1	1	0	0
1	1	UID784069	1	1	0	0
1	1	UID784078	1	1	0	0
1	1	UID784103	1	1	0	0
1	1	UID784104	1	1	0	0
1	1	UID784108	1	1	0	0
1	1	UID784112	1	1	0	0
1	1	UID784121	1	1	0	0
1	1	UID784125	1	1	0	0
1	1	UID784135	1	1	0	0
1	1	UID784143	1	1	0	0
1	1	UID784149	1	1	0	0
1	1	UID784160	1	1	0	0
1	1	UID784166	1	1	0	0
1	1	UID784167	1	1	0	0
1	1	UID784168	1	1	0	0
1	1	UID784174	1	1	0	0
1	1	UID784183	1	1	0	0
1	1	UID784185	1	1	0	0
1	1	UID784187	1	1	0	0
1	1	UID784193	1	1	0	0
1	1	UID784200	1	1	0	0
1	1	UID784202	1	1	0	0
1	1	UID784203	1	1	0	0
1	1	UID784204	1	1	0	0
1	1	UID784210	1	1	0	0
1	1	UID784211	1	1	0	0
1	1	UID784212	1	1	0	0
1	1	UID784213	1	1	0	0
1	1	UID784214	1	1	0	0
1	1	UID784215	1	1	0	0
1	1	UID784217	1	1	0	0
1	1	UID784218	1	1	0	0
1	1	UID784219	1	1	0	0
1	1	UID784220	1	1	0	0
1	1	UID784221	1	1	0	0
1	1	UID784224	1	1	0	0
1	1	UID784229	1	1	0	0
1	1	UID784233	1	1	0	0
1	1	UID784235	1	1	0	0
1	1	UID784250	1	1	0	0
1	1	UID784252	1	1	0	0
1	1	UID784263	1	1	0	0
1	1	UID784265	1	1	0	0
1	1	UID784266	1	1	0	0
1	1	UID784269	1	1	0	0
1	1	UID784270	1	1	0	0
1	1	UID784275	1	1	0	0
1	1	UID784276	1	1	0	0
1	1	UID784277	1	1	0	0
1	1	UID784278	1	1	0	0
1	1	UID784281	1	1	0	0
1	1	UID784282	1	1	0	0
1	1	UID784285	1	1	0	0
1	1	UID784286	1	1	0	0
1	1	UID784292	1	1	0	0
1	1	UID784294	1	1	0	0
1	1	UID784302	1	1	0	0
1	1	UID784315	1	1	0	0
1	1	UID784317	1	1	0	0
1	1	UID784319	1	1	0	0
1	1	UID784320	1	1	0	0
1	1	UID784323	1	1	0	0
1	1	UID784326	1	1	0	0
1	1	UID784340	1	1	0	0
1	1	UID784345	1	1	0	0
1	1	UID784347	1	1	0	0
1	1	UID784350	1	1	0	0
1	1	UID784352	1	1	0	0
1	1	UID784362	1	1	0	0
1	1	UID784364	1	1	0	0
1	1	UID784375	1	1	0	0
1	1	UID784433	1	1	0	0
1	1	UID784447	1	1	0	0
1	1	UID784469	1	1	0	0
1	1	UID784470	1	1	0	0
1	1	UID784478	1	1	0	0
1	1	UID784482	1	1	0	0
1	1	UID784488	1	1	0	0
1	1	UID784489	1	1	0	0
1	1	UID784492	1	1	0	0
1	1	UID784499	1	1	0	0
1	1	UID784504	1	1	0	0
1	1	UID784505	1	1	0	0
1	1	UID784508	1	1	0	0
1	1	UID784531	1	1	0	0
1	1	UID784532	1	1	0	0
1	1	UID784540	1	1	0	0
1	1	UID784544	1	1	0	0
1	1	UID784547	1	1	0	0
1	1	UID784553	1	1	0	0
1	1	UID784556	1	1	0	0
1	1	UID784558	1	1	0	0
1	1	UID784561	1	1	0	0
1	1	UID784574	1	1	0	0
1	1	UID784575	1	1	0	0
1	1	UID784579	1	1	0	0
1	1	UID784588	1	1	0	0
1	1	UID784601	1	1	0	0
1	1	UID784607	1	1	0	0
1	1	UID784610	1	1	0	0
1	1	UID784627	1	1	0	0
1	1	UID784634	1	1	0	0
1	1	UID784639	1	1	0	0
1	1	UID784694	1	1	0	0
1	1	UID784697	1	1	0	0
1	1	UID784699	1	1	0	0
1	1	UID784710	1	1	0	0
1	1	UID784711	1	1	0	0
1	1	UID784716	1	1	0	0
1	1	UID784721	1	1	0	0
1	1	UID784757	1	1	0	0
1	1	UID784766	1	1	0	0
1	1	UID784775	1	1	0	0
1	1	UID784779	1	1	0	0
1	1	UID784788	1	1	0	0
1	1	UID784831	1	1	0	0
1	1	UID784840	1	1	0	0
1	1	UID784845	1	1	0	0
1	1	UID784847	1	1	0	0
1	1	UID784850	1	1	0	0
1	1	UID784855	1	1	0	0
1	1	UID784856	1	1	0	0
1	1	UID784862	1	1	0	0
1	1	UID784881	1	1	0	0
1	1	UID784889	1	1	0	0
1	1	UID784891	1	1	0	0
1	1	UID784892	1	1	0	0
1	1	UID784894	1	1	0	0
1	1	UID784895	1	1	0	0
1	1	UID784898	1	1	0	0
1	1	UID784923	1	1	0	0
1	1	UID784924	1	1	0	0
1	1	UID784930	1	1	0	0
1	1	UID784933	1	1	0	0
1	1	UID784936	1	1	0	0
1	1	UID784939	1	1	0	0
1	1	UID784942	1	1	0	0
1	1	UID784944	1	1	0	0
1	1	UID784948	1	1	0	0
1	1	UID784952	1	1	0	0
1	1	UID784954	1	1	0	0
1	1	UID784955	1	1	0	0
1	1	UID784957	1	1	0	0
1	1	UID784963	1	1	0	0
1	1	UID784980	1	1	0	0
1	1	UID785064	1	1	0	0
1	1	UID785066	1	1	0	0
1	1	UID785082	1	1	0	0
1	1	UID785100	1	1	0	0
1	1	UID785110	1	1	0	0
1	1	UID785112	1	1	0	0
1	1	UID785114	1	1	0	0
2	2	UID785115	1	2	1	1
1	1	UID785136	1	1	0	0
1	1	UID785147	1	1	0	0
1	1	UID785156	1	1	0	0
1	1	UID785158	1	1	0	0
1	1	UID785167	1	1	0	0
1	1	UID785180	1	1	0	0
1	1	UID785188	1	1	0	0
1	1	UID785191	1	1	0	0
1	1	UID785220	1	1	0	0
1	1	UID785228	1	1	0	0
1	1	UID785229	1	1	0	0
1	1	UID785231	1	1	0	0
1	1	UID785234	1	1	0	0
1	1	UID785235	1	1	0	0
1	1	UID785251	1	1	0	0
1	1	UID785286	1	1	0	0
1	1	UID785299	1	1	0	0
1	1	UID785309	1	1	0	0
1	1	UID785317	1	1	0	0
1	1	UID785343	1	1	0	0
1	1	UID785349	1	1	0	0
1	1	UID785350	1	1	0	0
1	1	UID785363	1	1	0	0
1	1	UID785364	1	1	0	0
1	1	UID785366	1	1	0	0
1	1	UID785371	1	1	0	0
1	1	UID785375	1	1	0	0
1	1	UID785378	1	1	0	0
1	1	UID785396	1	1	0	0
1	1	UID785399	1	1	0	0
1	1	UID785413	1	1	0	0
1	1	UID785421	1	1	0	0
1	1	UID785424	1	1	0	0
1	1	UID785427	1	1	0	0
1	1	UID785435	1	1	0	0
1	1	UID785436	1	1	0	0
1	1	UID785437	1	1	0	0
1	1	UID785449	1	1	0	0
1	1	UID785451	1	1	0	0
1	1	UID785452	1	1	0	0
1	1	UID785453	1	1	0	0
1	1	UID785454	1	1	0	0
1	1	UID785495	1	1	0	0
1	1	UID785544	1	1	0	0
1	1	UID785559	1	1	0	0
1	1	UID785561	1	1	0	0
1	1	UID785565	1	1	0	0
1	1	UID785571	1	1	0	0
1	1	UID785573	1	1	0	0
1	1	UID785581	1	1	0	0
1	1	UID785623	1	1	0	0
1	1	UID785626	1	1	0	0
1	1	UID785633	1	1	0	0
1	1	UID785653	1	1	0	0
1	1	UID785662	1	1	0	0
1	1	UID785678	1	1	0	0
1	1	UID785683	1	1	0	0
1	1	UID785732	1	1	0	0
1	1	UID785741	1	1	0	0
1	1	UID785759	1	1	0	0
1	1	UID785764	1	1	0	0
1	1	UID785768	1	1	0	0
1	1	UID785771	1	1	0	0
1	1	UID785772	1	1	0	0
1	1	UID785778	1	1	0	0
1	1	UID785780	1	1	0	0
1	1	UID785785	1	1	0	0
1	1	UID785786	1	1	0	0
1	1	UID785857	1	1	0	0
1	1	UID785858	1	1	0	0
1	1	UID785864	1	1	0	0
1	1	UID785865	1	1	0	0
1	1	UID785884	1	1	0	0
1	1	UID785923	1	1	0	0
1	1	UID785937	1	1	0	0
1	1	UID785952	1	1	0	0
1	1	UID785953	1	1	0	0
1	1	UID785973	1	1	0	0
1	1	UID786002	1	1	0	0
1	1	UID786012	1	1	0	0
1	1	UID786014	1	1	0	0
1	1	UID786015	1	1	0	0
1	1	UID786018	1	1	0	0
1	1	UID786023	1	1	0	0
1	1	UID786026	1	1	0	0
1	1	UID786027	1	1	0	0
1	1	UID786031	1	1	0	0
1	1	UID786034	1	1	0	0
1	1	UID786079	1	1	0	0
1	1	UID786081	1	1	0	0
1	1	UID786082	1	1	0	0
1	1	UID786086	1	1	0	0
1	1	UID786087	1	1	0	0
1	1	UID786091	1	1	0	0
1	1	UID786092	1	1	0	0
1	1	UID786093	1	1	0	0
1	1	UID786094	1	1	0	0
1	1	UID786096	1	1	0	0
2	2	UID786123	1	2	1	1
1	1	UID786133	1	1	0	0
1	1	UID786139	1	1	0	0
1	1	UID786152	1	1	0	0
1	1	UID786171	1	1	0	0
1	1	UID786184	1	1	0	0
1	1	UID786188	1	1	0	0
1	1	UID786190	1	1	0	0
1	1	UID786201	1	1	0	0
2	2	UID786204	1	2	1	1
1	1	UID786239	1	1	0	0
1	1	UID786243	1	1	0	0
1	1	UID786249	1	1	0	0
1	1	UID786256	1	1	0	0
1	1	UID786257	1	1	0	0
1	1	UID786265	1	1	0	0
1	1	UID786272	1	1	0	0
1	1	UID786273	1	1	0	0
1	1	UID786283	1	1	0	0
1	1	UID786284	1	1	0	0
1	1	UID786289	1	1	0	0
1	1	UID786291	1	1	0	0
1	1	UID786310	1	1	0	0
1	1	UID786313	1	1	0	0
1	1	UID786320	1	1	0	0
1	1	UID786351	1	1	0	0
1	1	UID786352	1	1	0	0
1	1	UID786367	1	1	0	0
1	1	UID786368	1	1	0	0
1	1	UID786387	1	1	0	0
1	1	UID786388	1	1	0	0
1	1	UID786390	1	1	0	0
1	1	UID786393	1	1	0	0
1	1	UID786400	1	1	0	0
1	1	UID786422	1	1	0	0
1	1	UID786452	1	1	0	0
1	1	UID786465	1	1	0	0
1	1	UID786474	1	1	0	0
1	1	UID786502	1	1	0	0
1	1	UID786503	1	1	0	0
1	1	UID786505	1	1	0	0
1	1	UID786508	1	1	0	0
1	1	UID786515	1	1	0	0
1	1	UID786520	1	1	0	0
1	1	UID786532	1	1	0	0
1	1	UID786533	1	1	0	0
1	1	UID786538	1	1	0	0
1	1	UID786543	1	1	0	0
1	1	UID786551	1	1	0	0
1	1	UID786552	1	1	0	0
1	1	UID786553	1	1	0	0
1	1	UID786556	1	1	0	0
1	1	UID786559	1	1	0	0
1	1	UID786590	1	1	0	0
1	1	UID786592	1	1	0	0
1	1	UID786596	1	1	0	0
1	1	UID786599	1	1	0	0
1	1	UID786600	1	1	0	0
1	1	UID786607	1	1	0	0
1	1	UID786609	1	1	0	0
1	1	UID786613	1	1	0	0
1	1	UID786620	1	1	0	0
1	1	UID786621	1	1	0	0
1	1	UID786627	1	1	0	0
1	1	UID786653	1	1	0	0
1	1	UID786677	1	1	0	0
1	1	UID786681	1	1	0	0
1	1	UID786685	1	1	0	0
1	1	UID786692	1	1	0	0
1	1	UID786718	1	1	0	0
1	1	UID786721	1	1	0	0
1	1	UID786723	1	1	0	0
1	1	UID786726	1	1	0	0
1	1	UID786727	1	1	0	0
1	1	UID786732	1	1	0	0
1	1	UID786736	1	1	0	0
1	1	UID786748	1	1	0	0
1	1	UID786765	1	1	0	0
1	1	UID786788	1	1	0	0
1	1	UID786800	1	1	0	0
1	1	UID786806	1	1	0	0
1	1	UID786817	1	1	0	0
1	1	UID786819	1	1	0	0
1	1	UID786832	1	1	0	0
1	1	UID786846	1	1	0	0
1	1	UID786850	1	1	0	0
1	1	UID786851	1	1	0	0
1	1	UID786861	1	1	0	0
1	1	UID786865	1	1	0	0
1	1	UID786867	1	1	0	0
2	2	UID786874	1	2	1	1
1	1	UID786878	1	1	0	0
1	1	UID786879	1	1	0	0
1	1	UID786884	1	1	0	0
1	1	UID786889	1	1	0	0
1	1	UID786890	1	1	0	0
1	1	UID786892	1	1	0	0
1	1	UID786896	1	1	0	0
1	1	UID786903	1	1	0	0
1	1	UID786906	1	1	0	0
1	1	UID786928	1	1	0	0
1	1	UID786938	1	1	0	0
1	1	UID786942	1	1	0	0
1	1	UID786948	1	1	0	0
1	1	UID786949	1	1	0	0
2	2	UID786951	1	2	1	1
1	1	UID786963	1	1	0	0
1	1	UID786969	1	1	0	0
1	1	UID786970	1	1	0	0
1	1	UID786974	1	1	0	0
2	2	UID786982	1	2	1	1
1	1	UID786988	1	1	0	0
1	1	UID787011	1	1	0	0
1	1	UID787012	1	1	0	0
1	1	UID787022	1	1	0	0
1	1	UID787025	1	1	0	0
1	1	UID787026	1	1	0	0
1	1	UID787031	1	1	0	0
1	1	UID787032	1	1	0	0
2	2	UID787033	1	2	1	1
1	1	UID787041	1	1	0	0
1	1	UID787086	1	1	0	0
1	1	UID787091	1	1	0	0
1	1	UID787124	1	1	0	0
1	1	UID787129	1	1	0	0
1	1	UID787144	1	1	0	0
1	1	UID787151	1	1	0	0
1	1	UID787154	1	1	0	0
1	1	UID787158	1	1	0	0
1	1	UID787164	1	1	0	0
1	1	UID787165	1	1	0	0
1	1	UID787166	1	1	0	0
1	1	UID787177	1	1	0	0
1	1	UID787181	1	1	0	0
1	1	UID787186	1	1	0	0
1	1	UID787187	1	1	0	0
1	1	UID787188	1	1	0	0
1	1	UID787190	1	1	0	0
1	1	UID787192	1	1	0	0
1	1	UID787196	1	1	0	0
1	1	UID787209	1	1	0	0
1	1	UID787212	1	1	0	0
1	1	UID787213	1	1	0	0
1	1	UID787216	1	1	0	0
1	1	UID787218	1	1	0	0
1	1	UID787223	1	1	0	0
1	1	UID787226	1	1	0	0
1	1	UID787231	1	1	0	0
1	1	UID787232	1	1	0	0
1	1	UID787246	1	1	0	0
1	1	UID787248	1	1	0	0
1	1	UID787254	1	1	0	0
1	1	UID787265	1	1	0	0
1	1	UID787270	1	1	0	0
1	1	UID787272	1	1	0	0
1	1	UID787273	1	1	0	0
1	1	UID787274	1	1	0	0
1	1	UID787276	1	1	0	0
1	1	UID787285	1	1	0	0
1	1	UID787288	1	1	0	0
1	1	UID787289	1	1	0	0
1	1	UID787293	1	1	0	0
1	1	UID787294	1	1	0	0
1	1	UID787297	1	1	0	0
1	1	UID787303	1	1	0	0
1	1	UID787304	1	1	0	0
1	1	UID787305	1	1	0	0
1	1	UID787308	1	1	0	0
1	1	UID787309	1	1	0	0
1	1	UID787319	1	1	0	0
1	1	UID787320	1	1	0	0
1	1	UID787321	1	1	0	0
1	1	UID787328	1	1	0	0
1	1	UID787333	1	1	0	0
1	1	UID787341	1	1	0	0
1	1	UID787343	1	1	0	0
1	1	UID787351	1	1	0	0
1	1	UID787352	1	1	0	0
1	1	UID787443	1	1	0	0
1	1	UID787457	1	1	0	0
1	1	UID787462	1	1	0	0
1	1	UID787465	1	1	0	0
1	1	UID787475	1	1	0	0
1	1	UID787481	1	1	0	0
1	1	UID787494	1	1	0	0
1	1	UID787496	1	1	0	0
1	1	UID787505	1	1	0	0
2	2	UID787506	1	2	1	1
1	1	UID787508	1	1	0	0
1	1	UID787512	1	1	0	0
1	1	UID787514	1	1	0	0
2	2	UID787516	1	2	1	1
1	1	UID787519	1	1	0	0
1	1	UID787528	1	1	0	0
1	1	UID787532	1	1	0	0
2	2	UID787535	1	2	1	1
1	1	UID787560	1	1	0	0
1	1	UID787574	1	1	0	0
1	1	UID787576	1	1	0	0
1	1	UID787583	1	1	0	0
1	1	UID787591	1	1	0	0
1	1	UID787592	1	1	0	0
1	1	UID787602	1	1	0	0
1	1	UID787603	1	1	0	0
1	1	UID787606	1	1	0	0
1	1	UID787607	1	1	0	0
1	1	UID787610	1	1	0	0
1	1	UID787613	1	1	0	0
1	1	UID787620	1	1	0	0
1	1	UID787623	1	1	0	0
1	1	UID787624	1	1	0	0
1	1	UID787625	1	1	0	0
1	1	UID787628	1	1	0	0
1	1	UID787639	1	1	0	0
1	1	UID787649	1	1	0	0
1	1	UID787651	1	1	0	0
1	1	UID787694	1	1	0	0
1	1	UID787696	1	1	0	0
1	1	UID787699	1	1	0	0
1	1	UID787702	1	1	0	0
1	1	UID787741	1	1	0	0
1	1	UID787742	1	1	0	0
1	1	UID787756	1	1	0	0
1	1	UID787768	1	1	0	0
1	1	UID787776	1	1	0	0
1	1	UID787779	1	1	0	0
1	1	UID787807	1	1	0	0
1	1	UID787815	1	1	0	0
1	1	UID787816	1	1	0	0
1	1	UID787835	1	1	0	0
1	1	UID787838	1	1	0	0
1	1	UID787840	1	1	0	0
1	1	UID787843	1	1	0	0
1	1	UID787845	1	1	0	0
1	1	UID787847	1	1	0	0
1	1	UID787866	1	1	0	0
1	1	UID787869	1	1	0	0
1	1	UID787872	1	1	0	0
1	1	UID787874	1	1	0	0
1	1	UID787885	1	1	0	0
1	1	UID787889	1	1	0	0
1	1	UID787897	1	1	0	0
1	1	UID787962	1	1	0	0
1	1	UID787975	1	1	0	0
1	1	UID787999	1	1	0	0
1	1	UID788017	1	1	0	0
1	1	UID788021	1	1	0	0
1	1	UID788031	1	1	0	0
1	1	UID788043	1	1	0	0
1	1	UID788051	1	1	0	0
1	1	UID788053	1	1	0	0
1	1	UID788058	1	1	0	0
1	1	UID788076	1	1	0	0
1	1	UID788083	1	1	0	0
1	1	UID788087	1	1	0	0
1	1	UID788088	1	1	0	0
1	1	UID788091	1	1	0	0
1	1	UID788092	1	1	0	0
1	1	UID788102	1	1	0	0
1	1	UID788103	1	1	0	0
1	1	UID788105	1	1	0	0
1	1	UID788132	1	1	0	0
1	1	UID788144	1	1	0	0
1	1	UID788159	1	1	0	0
1	1	UID788171	1	1	0	0
1	1	UID788174	1	1	0	0
1	1	UID788181	1	1	0	0
1	1	UID788184	1	1	0	0
1	1	UID788187	1	1	0	0
1	1	UID788191	1	1	0	0
1	1	UID788202	1	1	0	0
1	1	UID788204	1	1	0	0
1	1	UID788230	1	1	0	0
1	1	UID788238	1	1	0	0
1	1	UID788248	1	1	0	0
1	1	UID788253	1	1	0	0
1	1	UID788267	1	1	0	0
1	1	UID788275	1	1	0	0
1	1	UID788280	1	1	0	0
1	1	UID788282	1	1	0	0
1	1	UID788291	1	1	0	0
1	1	UID788298	1	1	0	0
1	1	UID788306	1	1	0	0
1	1	UID788309	1	1	0	0
1	1	UID788310	1	1	0	0
1	1	UID788314	1	1	0	0
1	1	UID788315	1	1	0	0
1	1	UID788318	1	1	0	0
1	1	UID788341	1	1	0	0
1	1	UID788352	1	1	0	0
1	1	UID788355	1	1	0	0
1	1	UID788374	1	1	0	0
1	1	UID788381	1	1	0	0
1	1	UID788382	1	1	0	0
1	1	UID788388	1	1	0	0
1	1	UID788395	1	1	0	0
1	1	UID788400	1	1	0	0
1	1	UID788402	1	1	0	0
1	1	UID788403	1	1	0	0
1	1	UID788404	1	1	0	0
1	1	UID788414	1	1	0	0
1	1	UID788415	1	1	0	0
1	1	UID788416	1	1	0	0
1	1	UID788417	1	1	0	0
1	1	UID788430	1	1	0	0
1	1	UID788431	1	1	0	0
1	1	UID788437	1	1	0	0
1	1	UID788449	1	1	0	0
1	1	UID788456	1	1	0	0
1	1	UID788461	1	1	0	0
1	1	UID788463	1	1	0	0
1	1	UID788466	1	1	0	0
1	1	UID788503	1	1	0	0
1	1	UID788510	1	1	0	0
1	1	UID788538	1	1	0	0
1	1	UID788539	1	1	0	0
1	1	UID788540	1	1	0	0
1	1	UID788558	1	1	0	0
1	1	UID788563	1	1	0	0
1	1	UID788564	1	1	0	0
1	1	UID788569	1	1	0	0
1	1	UID788577	1	1	0	0
1	1	UID788581	1	1	0	0
1	1	UID788598	1	1	0	0
1	1	UID788601	1	1	0	0
1	1	UID788603	1	1	0	0
1	1	UID788610	1	1	0	0
1	1	UID788617	1	1	0	0
1	1	UID788619	1	1	0	0
1	1	UID788625	1	1	0	0
1	1	UID788630	1	1	0	0
1	1	UID788641	1	1	0	0
1	1	UID788654	1	1	0	0
1	1	UID788667	1	1	0	0
1	1	UID788678	1	1	0	0
1	1	UID788685	1	1	0	0
1	1	UID788750	1	1	0	0
1	1	UID788752	1	1	0	0
1	1	UID788756	1	1	0	0
1	1	UID788810	1	1	0	0
1	1	UID788817	1	1	0	0
1	1	UID788818	1	1	0	0
1	1	UID788822	1	1	0	0
1	1	UID788842	1	1	0	0
1	1	UID788849	1	1	0	0
1	1	UID788859	1	1	0	0
1	1	UID788860	1	1	0	0
1	1	UID788862	1	1	0	0
1	1	UID788869	1	1	0	0
1	1	UID788880	1	1	0	0
1	1	UID788889	1	1	0	0
1	1	UID788915	1	1	0	0
1	1	UID788928	1	1	0	0
1	1	UID788932	1	1	0	0
1	1	UID788938	1	1	0	0
1	1	UID788942	1	1	0	0
1	1	UID788943	1	1	0	0
2	2	UID788946	1	2	1	1
1	1	UID788948	1	1	0	0
1	1	UID788954	1	1	0	0
1	1	UID788955	1	1	0	0
1	1	UID788980	1	1	0	0
1	1	UID789036	1	1	0	0
1	1	UID789052	1	1	0	0
1	1	UID789057	1	1	0	0
1	1	UID789065	1	1	0	0
1	1	UID789072	1	1	0	0
1	1	UID789119	1	1	0	0
1	1	UID789123	1	1	0	0
1	1	UID789129	1	1	0	0
1	1	UID789132	1	1	0	0
1	1	UID789137	1	1	0	0
1	1	UID789140	1	1	0	0
1	1	UID789145	1	1	0	0
1	1	UID789147	1	1	0	0
1	1	UID789148	1	1	0	0
1	1	UID789149	1	1	0	0
1	1	UID789153	1	1	0	0
1	1	UID789155	1	1	0	0
1	1	UID789165	1	1	0	0
1	1	UID789170	1	1	0	0
1	1	UID789177	1	1	0	0
1	1	UID789178	1	1	0	0
1	1	UID789183	1	1	0	0
1	1	UID789192	1	1	0	0
1	1	UID789199	1	1	0	0
1	1	UID789201	1	1	0	0
1	1	UID789216	1	1	0	0
1	1	UID789228	1	1	0	0
1	1	UID789233	1	1	0	0
1	1	UID789234	1	1	0	0
1	1	UID789237	1	1	0	0
1	1	UID789239	1	1	0	0
1	1	UID789240	1	1	0	0
1	1	UID789244	1	1	0	0
1	1	UID789246	1	1	0	0
1	1	UID789248	1	1	0	0
1	1	UID789253	1	1	0	0
1	1	UID789255	1	1	0	0
1	1	UID789257	1	1	0	0
1	1	UID789260	1	1	0	0
1	1	UID789321	1	1	0	0
1	1	UID789331	1	1	0	0
1	1	UID789339	1	1	0	0
1	1	UID789347	1	1	0	0
1	1	UID789351	1	1	0	0
1	1	UID789352	1	1	0	0
1	1	UID789353	1	1	0	0
1	1	UID789367	1	1	0	0
1	1	UID789369	1	1	0	0
1	1	UID789374	1	1	0	0
1	1	UID789375	1	1	0	0
1	1	UID789376	1	1	0	0
1	1	UID789381	1	1	0	0
1	1	UID789384	1	1	0	0
1	1	UID789386	1	1	0	0
1	1	UID789391	1	1	0	0
1	1	UID789392	1	1	0	0
1	1	UID789396	1	1	0	0
1	1	UID789422	1	1	0	0
1	1	UID789435	1	1	0	0
1	1	UID789440	1	1	0	0
1	1	UID789495	1	1	0	0
1	1	UID789513	1	1	0	0
1	1	UID789525	1	1	0	0
1	1	UID789536	1	1	0	0
1	1	UID789545	1	1	0	0
1	1	UID789548	1	1	0	0
1	1	UID789550	1	1	0	0
1	1	UID789558	1	1	0	0
1	1	UID789559	1	1	0	0
1	1	UID789560	1	1	0	0
1	1	UID789567	1	1	0	0
1	1	UID789572	1	1	0	0
1	1	UID789578	1	1	0	0
1	1	UID789579	1	1	0	0
1	1	UID789582	1	1	0	0
1	1	UID789594	1	1	0	0
1	1	UID789601	1	1	0	0
1	1	UID789602	1	1	0	0
1	1	UID789607	1	1	0	0
1	1	UID789610	1	1	0	0
1	1	UID789616	1	1	0	0
1	1	UID789618	1	1	0	0
1	1	UID789619	1	1	0	0
1	1	UID789633	1	1	0	0
1	1	UID789645	1	1	0	0
1	1	UID789661	1	1	0	0
1	1	UID789679	1	1	0	0
1	1	UID789681	1	1	0	0
1	1	UID789688	1	1	0	0
1	1	UID789710	1	1	0	0
1	1	UID789712	1	1	0	0
1	1	UID789733	1	1	0	0
1	1	UID789741	1	1	0	0
1	1	UID789746	1	1	0	0
1	1	UID789749	1	1	0	0
1	1	UID789750	1	1	0	0
1	1	UID789751	1	1	0	0
