30811	107663	UID38792	24961	23352	8	8
418	26435	UID37460	22438	224	3	3
8430	23993	UID715	4468	6363	11	11
638	4574	UID25	2758	373	3	3
2661	7731	UID254	2270	1939	6	6
252	2550	UID4	1888	131	2	2
71	1151	UID31750	995	35	2	2
1057	2374	UID44342	547	781	4	4
1300	2564	UID59342	469	1028	5	5
327	592	UID613	117	253	4	4
151	258	UID31712	96	142	3	3
20	75	UID694837	52	15	1	1
23	71	UID6555	46	20	1	1
54	99	UID411593	36	45	2	2
68	106	UID163302	35	65	2	2
83	126	UID44965	35	75	4	4
54	95	UID141	34	45	2	2
7	24	UID227	18	6	1	1
32	57	UID10357	16	29	2	2
51	67	UID80073	16	49	2	2
7	21	UID57	11	3	1	1
2	10	UID7291	9	1	1	1
5	15	UID790246	9	2	1	1
5	12	UID5	8	4	1	1
21	36	UID59575	7	15	3	3
26	36	UID790480	7	21	2	2
1	7	UID790520	7	0	0	0
12	18	UID186088	6	10	2	2
1	5	UID790790	5	0	0	0
1	5	UID790861	5	0	0	0
1	5	UID790873	5	0	0	0
1	5	UID790917	5	0	0	0
1	5	UID790974	5	0	0	0
1	5	UID791017	5	0	0	0
1	5	UID791045	5	0	0	0
8	12	UID791052	5	7	1	1
1	5	UID791069	5	0	0	0
2	6	UID791076	5	1	1	1
3	6	UID166743	4	2	1	1
3	6	UID61749	4	2	1	1
1	4	UID791109	4	0	0	0
1	4	UID791110	4	0	0	0
1	4	UID791112	4	0	0	0
1	4	UID791115	4	0	0	0
1	4	UID791126	4	0	0	0
1	4	UID791132	4	0	0	0
1	4	UID791137	4	0	0	0
1	4	UID791139	4	0	0	0
1	4	UID791144	4	0	0	0
1	4	UID791156	4	0	0	0
1	4	UID791160	4	0	0	0
1	4	UID791173	4	0	0	0
1	4	UID791195	4	0	0	0
2	5	UID791262	4	1	1	1
1	4	UID791278	4	0	0	0
1	4	UID791293	4	0	0	0
1	4	UID791298	4	0	0	0
1	4	UID791309	4	0	0	0
1	4	UID791365	4	0	0	0
1	4	UID791367	4	0	0	0
1	4	UID791387	4	0	0	0
1	4	UID791398	4	0	0	0
1	4	UID791410	4	0	0	0
1	4	UID791437	4	0	0	0
1	4	UID791465	4	0	0	0
2	5	UID791473	4	1	1	1
1	4	UID791531	4	0	0	0
1	4	UID791536	4	0	0	0
1	4	UID791541	4	0	0	0
1	4	UID791553	4	0	0	0
1	4	UID791554	4	0	0	0
2	5	UID791562	4	1	1	1
1	4	UID791565	4	0	0	0
1	4	UID791599	4	0	0	0
1	4	UID791600	4	0	0	0
1	4	UID791610	4	0	0	0
2	5	UID791612	4	1	1	1
1	4	UID791649	4	0	0	0
2	5	UID791653	4	1	1	1
1	4	UID791666	4	0	0	0
1	4	UID791667	4	0	0	0
1	4	UID791669	4	0	0	0
1	4	UID791671	4	0	0	0
1	4	UID791672	4	0	0	0
1	4	UID791687	4	0	0	0
1	4	UID791693	4	0	0	0
1	4	UID791707	4	0	0	0
1	4	UID791708	4	0	0	0
1	4	UID791712	4	0	0	0
1	4	UID791714	4	0	0	0
1	4	UID791721	4	0	0	0
1	4	UID791726	4	0	0	0
1	4	UID791731	4	0	0	0
1	4	UID791735	4	0	0	0
1	4	UID791739	4	0	0	0
3	5	UID188341	3	2	1	1
1	3	UID791770	3	0	0	0
1	3	UID791772	3	0	0	0
1	3	UID791782	3	0	0	0
1	3	UID791791	3	0	0	0
1	3	UID791796	3	0	0	0
1	3	UID791798	3	0	0	0
1	3	UID791804	3	0	0	0
1	3	UID791806	3	0	0	0
1	3	UID791807	3	0	0	0
1	3	UID791812	3	0	0	0
1	3	UID791818	3	0	0	0
1	3	UID791825	3	0	0	0
1	3	UID791828	3	0	0	0
2	4	UID791842	3	1	1	1
1	3	UID791849	3	0	0	0
1	3	UID791854	3	0	0	0
1	3	UID791859	3	0	0	0
1	3	UID791861	3	0	0	0
1	3	UID791864	3	0	0	0
1	3	UID791867	3	0	0	0
1	3	UID791869	3	0	0	0
1	3	UID791871	3	0	0	0
1	3	UID791872	3	0	0	0
1	3	UID791881	3	0	0	0
1	3	UID791893	3	0	0	0
1	3	UID791896	3	0	0	0
1	3	UID791899	3	0	0	0
1	3	UID791908	3	0	0	0
1	3	UID791919	3	0	0	0
2	4	UID791923	3	1	1	1
1	3	UID791930	3	0	0	0
1	3	UID791937	3	0	0	0
1	3	UID791940	3	0	0	0
1	3	UID791944	3	0	0	0
1	3	UID791946	3	0	0	0
1	3	UID791951	3	0	0	0
1	3	UID791960	3	0	0	0
1	3	UID791962	3	0	0	0
1	3	UID791963	3	0	0	0
1	3	UID791972	3	0	0	0
1	3	UID791975	3	0	0	0
1	3	UID791979	3	0	0	0
2	4	UID791984	3	1	1	1
1	3	UID791985	3	0	0	0
1	3	UID791986	3	0	0	0
1	3	UID791997	3	0	0	0
1	3	UID792015	3	0	0	0
1	3	UID792017	3	0	0	0
1	3	UID792049	3	0	0	0
1	3	UID792106	3	0	0	0
1	3	UID792119	3	0	0	0
1	3	UID792126	3	0	0	0
1	3	UID792133	3	0	0	0
1	3	UID792139	3	0	0	0
1	3	UID792140	3	0	0	0
1	3	UID792142	3	0	0	0
1	3	UID792148	3	0	0	0
1	3	UID792150	3	0	0	0
1	3	UID792154	3	0	0	0
1	3	UID792155	3	0	0	0
1	3	UID792165	3	0	0	0
1	3	UID792181	3	0	0	0
1	3	UID792190	3	0	0	0
1	3	UID792193	3	0	0	0
1	3	UID792194	3	0	0	0
1	3	UID792203	3	0	0	0
2	4	UID792206	3	1	1	1
1	3	UID792210	3	0	0	0
1	3	UID792214	3	0	0	0
1	3	UID792235	3	0	0	0
1	3	UID792257	3	0	0	0
1	3	UID792265	3	0	0	0
1	3	UID792268	3	0	0	0
1	3	UID792270	3	0	0	0
1	3	UID792275	3	0	0	0
1	3	UID792278	3	0	0	0
1	3	UID792288	3	0	0	0
1	3	UID792305	3	0	0	0
1	3	UID792310	3	0	0	0
2	4	UID792311	3	1	1	1
2	4	UID792312	3	1	1	1
1	3	UID792367	3	0	0	0
1	3	UID792388	3	0	0	0
1	3	UID792426	3	0	0	0
1	3	UID792461	3	0	0	0
1	3	UID792496	3	0	0	0
1	3	UID792507	3	0	0	0
1	3	UID792516	3	0	0	0
1	3	UID792520	3	0	0	0
1	3	UID792529	3	0	0	0
1	3	UID792544	3	0	0	0
1	3	UID792545	3	0	0	0
1	3	UID792566	3	0	0	0
1	3	UID792599	3	0	0	0
1	3	UID792605	3	0	0	0
1	3	UID792623	3	0	0	0
1	3	UID792625	3	0	0	0
1	3	UID792629	3	0	0	0
1	3	UID792648	3	0	0	0
1	3	UID792659	3	0	0	0
1	3	UID792660	3	0	0	0
1	3	UID792663	3	0	0	0
1	3	UID792666	3	0	0	0
1	3	UID792668	3	0	0	0
1	3	UID792669	3	0	0	0
1	3	UID792675	3	0	0	0
1	3	UID792678	3	0	0	0
1	3	UID792700	3	0	0	0
1	3	UID792734	3	0	0	0
1	3	UID792737	3	0	0	0
2	4	UID792748	3	1	1	1
1	3	UID792749	3	0	0	0
1	3	UID792752	3	0	0	0
2	4	UID792758	3	1	0	0
1	3	UID792762	3	0	0	0
1	3	UID792782	3	0	0	0
1	3	UID792788	3	0	0	0
1	3	UID792789	3	0	0	0
1	3	UID792792	3	0	0	0
1	3	UID792798	3	0	0	0
1	3	UID792799	3	0	0	0
1	3	UID792804	3	0	0	0
1	3	UID792806	3	0	0	0
1	3	UID792807	3	0	0	0
1	3	UID792808	3	0	0	0
1	3	UID792809	3	0	0	0
1	3	UID792814	3	0	0	0
1	3	UID792815	3	0	0	0
1	3	UID792823	3	0	0	0
1	3	UID792824	3	0	0	0
1	3	UID792825	3	0	0	0
1	3	UID792832	3	0	0	0
1	3	UID792838	3	0	0	0
1	3	UID792841	3	0	0	0
3	6	UID792842	3	1	1	1
1	3	UID792843	3	0	0	0
1	3	UID792845	3	0	0	0
1	3	UID792848	3	0	0	0
1	3	UID792860	3	0	0	0
1	3	UID792875	3	0	0	0
2	4	UID792881	3	1	0	0
1	3	UID792882	3	0	0	0
1	3	UID792889	3	0	0	0
1	3	UID792895	3	0	0	0
1	3	UID792915	3	0	0	0
1	3	UID792916	3	0	0	0
1	3	UID792918	3	0	0	0
1	3	UID792919	3	0	0	0
1	3	UID792922	3	0	0	0
1	3	UID792923	3	0	0	0
1	3	UID792924	3	0	0	0
1	3	UID792925	3	0	0	0
1	3	UID792927	3	0	0	0
1	3	UID792932	3	0	0	0
1	3	UID792933	3	0	0	0
2	4	UID792945	3	1	1	1
1	3	UID792948	3	0	0	0
1	3	UID792949	3	0	0	0
1	3	UID792953	3	0	0	0
1	3	UID792974	3	0	0	0
1	3	UID792975	3	0	0	0
1	3	UID792976	3	0	0	0
1	3	UID792980	3	0	0	0
1	3	UID792989	3	0	0	0
1	3	UID792996	3	0	0	0
1	3	UID793026	3	0	0	0
1	3	UID793031	3	0	0	0
1	3	UID793035	3	0	0	0
1	3	UID793037	3	0	0	0
1	3	UID793038	3	0	0	0
1	3	UID793041	3	0	0	0
1	3	UID793042	3	0	0	0
1	3	UID793045	3	0	0	0
1	3	UID793046	3	0	0	0
1	3	UID793054	3	0	0	0
1	3	UID793059	3	0	0	0
1	3	UID793061	3	0	0	0
2	4	UID793071	3	1	0	0
2	4	UID793074	3	1	1	1
1	3	UID793075	3	0	0	0
1	3	UID793086	3	0	0	0
1	3	UID793092	3	0	0	0
2	4	UID793093	3	1	0	0
1	3	UID793095	3	0	0	0
1	3	UID793096	3	0	0	0
1	3	UID793099	3	0	0	0
1	3	UID793112	3	0	0	0
1	3	UID793114	3	0	0	0
1	3	UID793116	3	0	0	0
1	3	UID793125	3	0	0	0
1	3	UID793128	3	0	0	0
1	3	UID793135	3	0	0	0
1	3	UID793136	3	0	0	0
1	3	UID793138	3	0	0	0
1	3	UID793146	3	0	0	0
1	3	UID793159	3	0	0	0
1	3	UID793161	3	0	0	0
1	3	UID793162	3	0	0	0
1	3	UID793175	3	0	0	0
1	3	UID793176	3	0	0	0
1	3	UID793177	3	0	0	0
1	3	UID793178	3	0	0	0
1	3	UID793181	3	0	0	0
1	3	UID793184	3	0	0	0
2	4	UID793186	3	1	1	1
1	3	UID793188	3	0	0	0
1	3	UID793190	3	0	0	0
1	3	UID793192	3	0	0	0
1	3	UID793194	3	0	0	0
1	3	UID793198	3	0	0	0
1	3	UID793199	3	0	0	0
1	3	UID793202	3	0	0	0
1	3	UID793203	3	0	0	0
1	3	UID793204	3	0	0	0
1	3	UID793205	3	0	0	0
1	3	UID793209	3	0	0	0
1	3	UID793210	3	0	0	0
1	3	UID793213	3	0	0	0
1	3	UID793214	3	0	0	0
1	3	UID793216	3	0	0	0
1	3	UID793217	3	0	0	0
1	3	UID793225	3	0	0	0
1	3	UID793226	3	0	0	0
2	4	UID793227	3	1	0	0
1	3	UID793229	3	0	0	0
1	3	UID793232	3	0	0	0
1	3	UID793233	3	0	0	0
1	3	UID793238	3	0	0	0
1	3	UID793239	3	0	0	0
1	3	UID793242	3	0	0	0
1	3	UID793248	3	0	0	0
1	3	UID793249	3	0	0	0
1	3	UID793252	3	0	0	0
1	3	UID793254	3	0	0	0
1	3	UID793259	3	0	0	0
1	3	UID793267	3	0	0	0
1	3	UID793273	3	0	0	0
1	3	UID793275	3	0	0	0
1	3	UID793276	3	0	0	0
1	3	UID793285	3	0	0	0
1	3	UID793288	3	0	0	0
1	3	UID793291	3	0	0	0
1	3	UID793293	3	0	0	0
1	3	UID793298	3	0	0	0
1	3	UID793301	3	0	0	0
2	5	UID793303	3	0	1	1
1	3	UID793309	3	0	0	0
1	3	UID793318	3	0	0	0
1	3	UID793319	3	0	0	0
1	3	UID793322	3	0	0	0
1	3	UID793323	3	0	0	0
1	3	UID793325	3	0	0	0
1	3	UID793326	3	0	0	0
1	3	UID793327	3	0	0	0
1	3	UID793330	3	0	0	0
1	3	UID793331	3	0	0	0
1	3	UID793336	3	0	0	0
1	3	UID793338	3	0	0	0
1	3	UID793340	3	0	0	0
1	3	UID793341	3	0	0	0
1	3	UID793347	3	0	0	0
1	3	UID793348	3	0	0	0
1	3	UID793349	3	0	0	0
1	3	UID793351	3	0	0	0
1	3	UID793358	3	0	0	0
1	3	UID793360	3	0	0	0
1	3	UID793361	3	0	0	0
1	3	UID793362	3	0	0	0
1	3	UID793371	3	0	0	0
1	3	UID793372	3	0	0	0
1	3	UID793376	3	0	0	0
1	3	UID793379	3	0	0	0
1	3	UID793381	3	0	0	0
1	3	UID793382	3	0	0	0
1	3	UID793384	3	0	0	0
1	3	UID793385	3	0	0	0
1	3	UID793387	3	0	0	0
1	3	UID793389	3	0	0	0
1	3	UID793390	3	0	0	0
1	3	UID793392	3	0	0	0
1	3	UID793395	3	0	0	0
1	3	UID793400	3	0	0	0
1	3	UID793428	3	0	0	0
1	3	UID793432	3	0	0	0
1	3	UID793454	3	0	0	0
1	3	UID793455	3	0	0	0
1	3	UID793456	3	0	0	0
1	3	UID793458	3	0	0	0
1	3	UID793461	3	0	0	0
1	3	UID793463	3	0	0	0
1	3	UID793464	3	0	0	0
1	2	UID664136	2	0	0	0
1	2	UID793469	2	0	0	0
1	2	UID793474	2	0	0	0
1	2	UID793490	2	0	0	0
1	2	UID793496	2	0	0	0
2	3	UID793498	2	1	1	1
1	2	UID793505	2	0	0	0
2	3	UID793514	2	1	1	1
2	3	UID793526	2	1	1	1
2	3	UID793528	2	1	1	1
2	3	UID793540	2	1	1	1
1	2	UID793543	2	0	0	0
1	2	UID793554	2	0	0	0
1	2	UID793559	2	0	0	0
2	3	UID793586	2	1	1	1
1	2	UID793609	2	0	0	0
1	2	UID793625	2	0	0	0
1	2	UID793627	2	0	0	0
1	2	UID793639	2	0	0	0
1	2	UID793657	2	0	0	0
1	2	UID793659	2	0	0	0
1	2	UID793661	2	0	0	0
1	2	UID793664	2	0	0	0
1	2	UID793666	2	0	0	0
1	2	UID793668	2	0	0	0
1	2	UID793685	2	0	0	0
1	2	UID793695	2	0	0	0
1	2	UID793701	2	0	0	0
1	2	UID793740	2	0	0	0
2	3	UID793742	2	1	1	1
1	2	UID793744	2	0	0	0
1	2	UID793745	2	0	0	0
1	2	UID793747	2	0	0	0
1	2	UID793762	2	0	0	0
2	3	UID793801	2	1	1	1
1	2	UID793802	2	0	0	0
1	2	UID793843	2	0	0	0
1	2	UID793860	2	0	0	0
1	2	UID793874	2	0	0	0
1	2	UID793903	2	0	0	0
2	3	UID793918	2	1	1	1
1	2	UID793921	2	0	0	0
1	2	UID793931	2	0	0	0
1	2	UID793948	2	0	0	0
2	3	UID793979	2	1	1	1
1	2	UID793987	2	0	0	0
2	3	UID793988	2	1	1	1
1	2	UID793991	2	0	0	0
1	2	UID793992	2	0	0	0
2	3	UID793999	2	1	1	1
1	2	UID794017	2	0	0	0
1	2	UID794018	2	0	0	0
2	3	UID794038	2	1	1	1
1	2	UID794046	2	0	0	0
1	2	UID794048	2	0	0	0
1	2	UID794059	2	0	0	0
1	2	UID794120	2	0	0	0
1	2	UID794132	2	0	0	0
1	2	UID794135	2	0	0	0
1	2	UID794140	2	0	0	0
4	5	UID794158	2	3	1	1
1	2	UID794200	2	0	0	0
1	2	UID794214	2	0	0	0
2	3	UID794221	2	1	1	1
1	2	UID794249	2	0	0	0
1	2	UID794264	2	0	0	0
1	2	UID794269	2	0	0	0
1	2	UID794297	2	0	0	0
2	3	UID794343	2	1	1	1
1	2	UID794352	2	0	0	0
2	3	UID794353	2	1	1	1
2	3	UID794359	2	1	1	1
1	2	UID794400	2	0	0	0
2	3	UID794412	2	1	1	1
5	6	UID794420	2	4	2	2
1	2	UID794423	2	0	0	0
1	2	UID794461	2	0	0	0
1	2	UID794472	2	0	0	0
2	3	UID794527	2	1	1	1
1	2	UID794581	2	0	0	0
2	3	UID794589	2	1	1	1
1	2	UID794722	2	0	0	0
1	2	UID794744	2	0	0	0
1	2	UID794769	2	0	0	0
1	2	UID794770	2	0	0	0
1	2	UID794792	2	0	0	0
2	4	UID794871	2	0	1	1
2	3	UID794896	2	1	1	1
1	2	UID794906	2	0	0	0
2	3	UID794922	2	1	1	1
1	2	UID794935	2	0	0	0
1	2	UID794942	2	0	0	0
1	2	UID794946	2	0	0	0
2	3	UID794957	2	1	1	1
2	4	UID795008	2	0	1	1
2	3	UID795033	2	1	1	1
1	2	UID795137	2	0	0	0
2	3	UID795169	2	1	1	1
1	2	UID795194	2	0	0	0
1	2	UID795314	2	0	0	0
1	2	UID795344	2	0	0	0
1	2	UID795374	2	0	0	0
2	3	UID795377	2	1	1	1
2	3	UID795907	2	1	1	1
2	3	UID796067	2	1	1	1
2	3	UID796113	2	1	1	1
2	3	UID796158	2	1	1	1
1	2	UID796173	2	0	0	0
1	2	UID796182	2	0	0	0
2	3	UID796305	2	1	1	1
1	2	UID796387	2	0	0	0
1	2	UID796391	2	0	0	0
1	2	UID796393	2	0	0	0
1	2	UID796398	2	0	0	0
1	2	UID796444	2	0	0	0
1	2	UID796478	2	0	0	0
1	2	UID796483	2	0	0	0
1	2	UID796514	2	0	0	0
2	3	UID796571	2	1	1	1
1	2	UID796586	2	0	0	0
1	2	UID796603	2	0	0	0
1	2	UID796647	2	0	0	0
2	3	UID796674	2	1	1	1
1	2	UID796691	2	0	0	0
3	4	UID796705	2	2	1	1
1	2	UID796717	2	0	0	0
2	3	UID796718	2	1	1	1
2	3	UID796820	2	1	1	1
2	3	UID796852	2	1	1	1
1	2	UID796898	2	0	0	0
2	3	UID796946	2	1	1	1
1	2	UID796973	2	0	0	0
1	2	UID796975	2	0	0	0
1	2	UID796996	2	0	0	0
1	2	UID797019	2	0	0	0
1	2	UID797035	2	0	0	0
1	2	UID797055	2	0	0	0
1	2	UID797073	2	0	0	0
1	2	UID797103	2	0	0	0
2	3	UID797113	2	1	1	1
1	2	UID797153	2	0	0	0
1	2	UID797155	2	0	0	0
2	3	UID797161	2	1	1	1
1	2	UID797179	2	0	0	0
2	3	UID797205	2	1	1	1
1	2	UID797208	2	0	0	0
1	2	UID797246	2	0	0	0
1	2	UID797278	2	0	0	0
1	2	UID797288	2	0	0	0
1	2	UID797290	2	0	0	0
2	3	UID797293	2	1	1	1
2	3	UID797304	2	1	1	1
1	2	UID797309	2	0	0	0
2	3	UID797317	2	1	1	1
1	2	UID797319	2	0	0	0
1	2	UID797377	2	0	0	0
1	2	UID797384	2	0	0	0
1	2	UID797391	2	0	0	0
1	2	UID797406	2	0	0	0
1	2	UID797413	2	0	0	0
1	2	UID797469	2	0	0	0
1	2	UID797502	2	0	0	0
1	2	UID797513	2	0	0	0
1	2	UID797592	2	0	0	0
1	2	UID797601	2	0	0	0
1	2	UID797608	2	0	0	0
1	2	UID797619	2	0	0	0
2	3	UID797651	2	1	1	1
2	3	UID797671	2	1	1	1
2	3	UID797674	2	1	1	1
1	2	UID797699	2	0	0	0
1	2	UID797716	2	0	0	0
2	3	UID797757	2	1	1	1
1	2	UID797765	2	0	0	0
2	3	UID797801	2	1	1	1
1	2	UID797804	2	0	0	0
1	2	UID797807	2	0	0	0
2	3	UID797817	2	1	1	1
1	2	UID797828	2	0	0	0
1	2	UID797836	2	0	0	0
2	3	UID797840	2	1	1	1
2	3	UID797864	2	1	1	1
1	2	UID797875	2	0	0	0
1	2	UID797883	2	0	0	0
1	2	UID797901	2	0	0	0
1	2	UID797913	2	0	0	0
1	2	UID797976	2	0	0	0
1	2	UID798071	2	0	0	0
1	2	UID798106	2	0	0	0
1	2	UID798116	2	0	0	0
1	2	UID798219	2	0	0	0
1	2	UID798223	2	0	0	0
1	2	UID798244	2	0	0	0
1	2	UID798245	2	0	0	0
2	3	UID798249	2	1	1	1
2	3	UID798261	2	1	1	1
1	2	UID798269	2	0	0	0
2	3	UID798273	2	1	1	1
2	3	UID798280	2	1	1	1
1	2	UID798284	2	0	0	0
1	2	UID798304	2	0	0	0
1	2	UID798312	2	0	0	0
1	2	UID798349	2	0	0	0
1	2	UID798355	2	0	0	0
2	3	UID798358	2	1	1	1
1	2	UID798361	2	0	0	0
1	2	UID798368	2	0	0	0
2	3	UID798378	2	1	1	1
1	2	UID798383	2	0	0	0
1	2	UID798385	2	0	0	0
1	2	UID798423	2	0	0	0
1	2	UID798449	2	0	0	0
1	2	UID798460	2	0	0	0
1	2	UID798461	2	0	0	0
3	4	UID798466	2	2	2	2
2	3	UID798468	2	1	1	1
1	2	UID798490	2	0	0	0
1	2	UID798493	2	0	0	0
1	2	UID798510	2	0	0	0
1	2	UID798511	2	0	0	0
2	3	UID798525	2	1	1	1
1	2	UID798530	2	0	0	0
1	2	UID798537	2	0	0	0
1	2	UID798543	2	0	0	0
1	2	UID798550	2	0	0	0
2	3	UID798553	2	1	1	1
1	2	UID798581	2	0	0	0
3	4	UID798592	2	2	1	1
1	2	UID798627	2	0	0	0
1	2	UID798628	2	0	0	0
1	2	UID798629	2	0	0	0
1	2	UID798631	2	0	0	0
1	2	UID798632	2	0	0	0
1	2	UID798639	2	0	0	0
1	2	UID798643	2	0	0	0
1	2	UID798649	2	0	0	0
1	2	UID798676	2	0	0	0
1	2	UID798682	2	0	0	0
1	2	UID798693	2	0	0	0
1	2	UID798695	2	0	0	0
1	2	UID798703	2	0	0	0
1	2	UID798704	2	0	0	0
1	2	UID798719	2	0	0	0
1	2	UID798722	2	0	0	0
1	2	UID798727	2	0	0	0
1	2	UID798728	2	0	0	0
1	2	UID798785	2	0	0	0
2	3	UID798794	2	1	1	1
2	3	UID798823	2	1	1	1
1	2	UID798835	2	0	0	0
1	2	UID798836	2	0	0	0
2	3	UID798840	2	1	1	1
2	3	UID798843	2	1	1	1
1	2	UID798857	2	0	0	0
1	2	UID798904	2	0	0	0
1	2	UID798927	2	0	0	0
1	2	UID798957	2	0	0	0
1	2	UID798962	2	0	0	0
3	4	UID798963	2	2	1	1
1	2	UID798967	2	0	0	0
1	2	UID798970	2	0	0	0
1	2	UID798971	2	0	0	0
1	2	UID798995	2	0	0	0
2	3	UID798997	2	1	1	1
1	2	UID799000	2	0	0	0
1	2	UID799004	2	0	0	0
1	2	UID799025	2	0	0	0
1	2	UID799039	2	0	0	0
1	2	UID799048	2	0	0	0
1	2	UID799059	2	0	0	0
1	2	UID799085	2	0	0	0
1	2	UID799091	2	0	0	0
1	2	UID799135	2	0	0	0
1	2	UID799184	2	0	0	0
2	3	UID799194	2	1	1	1
1	2	UID799201	2	0	0	0
1	2	UID799211	2	0	0	0
1	2	UID799229	2	0	0	0
1	2	UID799259	2	0	0	0
1	2	UID799271	2	0	0	0
1	2	UID799318	2	0	0	0
2	3	UID799337	2	1	1	1
1	2	UID799340	2	0	0	0
1	2	UID799380	2	0	0	0
2	3	UID799391	2	1	1	1
1	2	UID799404	2	0	0	0
1	2	UID799405	2	0	0	0
1	2	UID799407	2	0	0	0
1	2	UID799408	2	0	0	0
1	2	UID799450	2	0	0	0
1	2	UID799452	2	0	0	0
2	3	UID799453	2	1	1	1
1	2	UID799456	2	0	0	0
1	2	UID799465	2	0	0	0
1	2	UID799481	2	0	0	0
1	2	UID799505	2	0	0	0
1	2	UID799554	2	0	0	0
1	2	UID799555	2	0	0	0
1	2	UID799589	2	0	0	0
1	2	UID799595	2	0	0	0
1	2	UID799599	2	0	0	0
1	2	UID799602	2	0	0	0
1	2	UID799606	2	0	0	0
1	2	UID799607	2	0	0	0
1	2	UID799660	2	0	0	0
1	2	UID799667	2	0	0	0
1	2	UID799668	2	0	0	0
1	2	UID799675	2	0	0	0
2	3	UID799676	2	1	1	1
1	2	UID799677	2	0	0	0
2	3	UID799691	2	1	1	1
1	2	UID799692	2	0	0	0
1	2	UID799695	2	0	0	0
8	8	UID109287	1	8	3	3
1	1	UID160491	1	1	0	0
1	1	UID241618	1	1	0	0
1	1	UID251486	1	1	0	0
1	1	UID541981	1	1	0	0
1	1	UID620033	1	1	0	0
1	1	UID650627	1	1	0	0
1	1	UID653297	1	1	0	0
1	1	UID70787	1	1	0	0
1	1	UID799696	1	1	0	0
1	1	UID799698	1	1	0	0
1	1	UID799699	1	1	0	0
1	1	UID799703	1	1	0	0
1	1	UID799710	1	1	0	0
1	1	UID799713	1	1	0	0
1	1	UID799717	1	1	0	0
1	1	UID799721	1	1	0	0
1	1	UID799723	1	1	0	0
1	1	UID799725	1	1	0	0
1	1	UID799726	1	1	0	0
1	1	UID799732	1	1	0	0
1	1	UID799738	1	1	0	0
1	1	UID799745	1	1	0	0
1	1	UID799763	1	1	0	0
1	1	UID799764	1	1	0	0
1	1	UID799784	1	1	0	0
1	1	UID799848	1	1	0	0
1	1	UID799868	1	1	0	0
1	1	UID799873	1	1	0	0
1	1	UID799887	1	1	0	0
1	1	UID799894	1	1	0	0
1	1	UID799895	1	1	0	0
1	1	UID799901	1	1	0	0
1	1	UID799906	1	1	0	0
1	1	UID799908	1	1	0	0
1	1	UID799913	1	1	0	0
1	1	UID799914	1	1	0	0
1	1	UID799915	1	1	0	0
1	1	UID799916	1	1	0	0
1	1	UID799937	1	1	0	0
1	1	UID799940	1	1	0	0
1	1	UID799942	1	1	0	0
1	1	UID799946	1	1	0	0
1	1	UID799953	1	1	0	0
1	1	UID799959	1	1	0	0
1	1	UID799968	1	1	0	0
1	1	UID799984	1	1	0	0
1	1	UID799986	1	1	0	0
1	1	UID799994	1	1	0	0
1	1	UID800017	1	1	0	0
1	1	UID800018	1	1	0	0
1	1	UID800020	1	1	0	0
1	1	UID800021	1	1	0	0
1	1	UID800028	1	1	0	0
1	1	UID800030	1	1	0	0
1	1	UID800032	1	1	0	0
1	1	UID800034	1	1	0	0
1	1	UID800035	1	1	0	0
1	1	UID800038	1	1	0	0
1	1	UID800042	1	1	0	0
1	1	UID800044	1	1	0	0
1	1	UID800076	1	1	0	0
1	1	UID800077	1	1	0	0
1	1	UID800079	1	1	0	0
1	1	UID800080	1	1	0	0
1	1	UID800085	1	1	0	0
1	1	UID800091	1	1	0	0
1	1	UID800093	1	1	0	0
1	1	UID800106	1	1	0	0
1	1	UID800110	1	1	0	0
1	1	UID800111	1	1	0	0
1	1	UID800112	1	1	0	0
1	1	UID800113	1	1	0	0
1	1	UID800116	1	1	0	0
1	1	UID800117	1	1	0	0
1	1	UID800120	1	1	0	0
1	1	UID800121	1	1	0	0
1	1	UID800122	1	1	0	0
1	1	UID800124	1	1	0	0
1	1	UID800132	1	1	0	0
1	1	UID800153	1	1	0	0
1	1	UID800158	1	1	0	0
1	1	UID800163	1	1	0	0
1	1	UID800172	1	1	0	0
1	1	UID800183	1	1	0	0
1	1	UID800186	1	1	0	0
1	1	UID800196	1	1	0	0
1	1	UID800201	1	1	0	0
1	1	UID800205	1	1	0	0
1	1	UID800210	1	1	0	0
1	1	UID800218	1	1	0	0
1	1	UID800225	1	1	0	0
1	1	UID800227	1	1	0	0
1	1	UID800229	1	1	0	0
1	1	UID800230	1	1	0	0
1	1	UID800231	1	1	0	0
1	1	UID800236	1	1	0	0
1	1	UID800242	1	1	0	0
1	1	UID800244	1	1	0	0
1	1	UID800245	1	1	0	0
1	1	UID800251	1	1	0	0
1	1	UID800252	1	1	0	0
1	1	UID800253	1	1	0	0
1	1	UID800254	1	1	0	0
1	1	UID800256	1	1	0	0
1	1	UID800258	1	1	0	0
1	1	UID800262	1	1	0	0
1	1	UID800279	1	1	0	0
1	1	UID800281	1	1	0	0
1	1	UID800283	1	1	0	0
1	1	UID800286	1	1	0	0
1	1	UID800287	1	1	0	0
1	1	UID800291	1	1	0	0
1	1	UID800293	1	1	0	0
1	1	UID800295	1	1	0	0
1	1	UID800296	1	1	0	0
1	1	UID800299	1	1	0	0
1	1	UID800304	1	1	0	0
1	1	UID800306	1	1	0	0
1	1	UID800307	1	1	0	0
1	1	UID800308	1	1	0	0
1	1	UID800309	1	1	0	0
1	1	UID800311	1	1	0	0
1	1	UID800314	1	1	0	0
1	1	UID800323	1	1	0	0
1	1	UID800327	1	1	0	0
1	1	UID800350	1	1	0	0
1	1	UID800352	1	1	0	0
1	1	UID800354	1	1	0	0
1	1	UID800358	1	1	0	0
1	1	UID800361	1	1	0	0
1	1	UID800403	1	1	0	0
1	1	UID800414	1	1	0	0
1	1	UID800423	1	1	0	0
1	1	UID800430	1	1	0	0
1	1	UID800442	1	1	0	0
1	1	UID800451	1	1	0	0
1	1	UID800466	1	1	0	0
1	1	UID800470	1	1	0	0
2	2	UID800472	1	2	1	1
1	1	UID800485	1	1	0	0
1	1	UID800491	1	1	0	0
1	1	UID800494	1	1	0	0
1	1	UID800500	1	1	0	0
1	1	UID800501	1	1	0	0
2	2	UID800503	1	2	1	1
1	1	UID800507	1	1	0	0
1	1	UID800510	1	1	0	0
1	1	UID800515	1	1	0	0
1	1	UID800519	1	1	0	0
1	1	UID800522	1	1	0	0
1	1	UID800527	1	1	0	0
1	1	UID800528	1	1	0	0
1	1	UID800543	1	1	0	0
1	1	UID800561	1	1	0	0
1	1	UID800562	1	1	0	0
1	1	UID800563	1	1	0	0
1	1	UID800564	1	1	0	0
1	1	UID800565	1	1	0	0
1	1	UID800571	1	1	0	0
1	1	UID800574	1	1	0	0
1	1	UID800576	1	1	0	0
1	1	UID800579	1	1	0	0
1	1	UID800599	1	1	0	0
1	1	UID800600	1	1	0	0
1	1	UID800618	1	1	0	0
1	1	UID800648	1	1	0	0
1	1	UID800662	1	1	0	0
1	1	UID800669	1	1	0	0
1	1	UID800672	1	1	0	0
1	1	UID800680	1	1	0	0
1	1	UID800683	1	1	0	0
1	1	UID800684	1	1	0	0
1	1	UID800685	1	1	0	0
1	1	UID800686	1	1	0	0
1	1	UID800687	1	1	0	0
1	1	UID800689	1	1	0	0
1	1	UID800690	1	1	0	0
1	1	UID800691	1	1	0	0
1	1	UID800695	1	1	0	0
1	1	UID800696	1	1	0	0
1	1	UID800697	1	1	0	0
1	1	UID800698	1	1	0	0
1	1	UID800699	1	1	0	0
1	1	UID800706	1	1	0	0
1	1	UID800707	1	1	0	0
1	1	UID800710	1	1	0	0
1	1	UID800712	1	1	0	0
1	1	UID800713	1	1	0	0
1	1	UID800723	1	1	0	0
1	1	UID800724	1	1	0	0
1	1	UID800726	1	1	0	0
1	1	UID800727	1	1	0	0
1	1	UID800728	1	1	0	0
1	1	UID800729	1	1	0	0
1	1	UID800732	1	1	0	0
1	1	UID800733	1	1	0	0
1	1	UID800734	1	1	0	0
1	1	UID800736	1	1	0	0
1	1	UID800743	1	1	0	0
1	1	UID800746	1	1	0	0
1	1	UID800747	1	1	0	0
1	1	UID800753	1	1	0	0
1	1	UID800755	1	1	0	0
1	1	UID800756	1	1	0	0
1	1	UID800762	1	1	0	0
1	1	UID800770	1	1	0	0
1	1	UID800772	1	1	0	0
1	1	UID800777	1	1	0	0
1	1	UID800782	1	1	0	0
1	1	UID800783	1	1	0	0
1	1	UID800784	1	1	0	0
1	1	UID800796	1	1	0	0
1	1	UID800816	1	1	0	0
1	1	UID800822	1	1	0	0
1	1	UID800827	1	1	0	0
1	1	UID800830	1	1	0	0
1	1	UID800869	1	1	0	0
1	1	UID800873	1	1	0	0
1	1	UID800911	1	1	0	0
1	1	UID800921	1	1	0	0
1	1	UID800932	1	1	0	0
1	1	UID800937	1	1	0	0
1	1	UID800939	1	1	0	0
1	1	UID800955	1	1	0	0
1	1	UID800963	1	1	0	0
1	1	UID800966	1	1	0	0
1	1	UID800971	1	1	0	0
1	1	UID800990	1	1	0	0
1	1	UID800993	1	1	0	0
1	1	UID800995	1	1	0	0
1	1	UID800998	1	1	0	0
1	1	UID801000	1	1	0	0
1	1	UID801001	1	1	0	0
1	1	UID801026	1	1	0	0
1	1	UID801028	1	1	0	0
1	1	UID80102	1	1	0	0
1	1	UID801032	1	1	0	0
1	1	UID801033	1	1	0	0
1	1	UID801039	1	1	0	0
1	1	UID801045	1	1	0	0
1	1	UID801046	1	1	0	0
1	1	UID801048	1	1	0	0
1	1	UID801050	1	1	0	0
1	1	UID801056	1	1	0	0
1	1	UID801058	1	1	0	0
1	1	UID801060	1	1	0	0
1	1	UID801063	1	1	0	0
1	1	UID801064	1	1	0	0
1	1	UID801095	1	1	0	0
1	1	UID801102	1	1	0	0
1	1	UID801105	1	1	0	0
1	1	UID801106	1	1	0	0
1	1	UID801112	1	1	0	0
1	1	UID801114	1	1	0	0
1	1	UID801126	1	1	0	0
1	1	UID801127	1	1	0	0
1	1	UID801129	1	1	0	0
1	1	UID801141	1	1	0	0
1	1	UID801144	1	1	0	0
1	1	UID801145	1	1	0	0
1	1	UID801147	1	1	0	0
1	1	UID801148	1	1	0	0
1	1	UID801154	1	1	0	0
1	1	UID801180	1	1	0	0
1	1	UID801199	1	1	0	0
1	1	UID801200	1	1	0	0
1	1	UID801201	1	1	0	0
1	1	UID801203	1	1	0	0
1	1	UID801204	1	1	0	0
1	1	UID801205	1	1	0	0
1	1	UID801210	1	1	0	0
1	1	UID801211	1	1	0	0
1	1	UID801212	1	1	0	0
2	2	UID801213	1	2	1	1
1	1	UID801214	1	1	0	0
1	1	UID801215	1	1	0	0
1	1	UID801216	1	1	0	0
1	1	UID801218	1	1	0	0
1	1	UID801226	1	1	0	0
1	1	UID801228	1	1	0	0
1	1	UID801229	1	1	0	0
1	1	UID801232	1	1	0	0
1	1	UID801248	1	1	0	0
1	1	UID801273	1	1	0	0
1	1	UID801276	1	1	0	0
1	1	UID801289	1	1	0	0
1	1	UID801297	1	1	0	0
1	1	UID801307	1	1	0	0
1	1	UID801311	1	1	0	0
1	1	UID801312	1	1	0	0
1	1	UID801316	1	1	0	0
1	1	UID801317	1	1	0	0
1	1	UID801319	1	1	0	0
1	1	UID801320	1	1	0	0
1	1	UID801333	1	1	0	0
1	1	UID801334	1	1	0	0
1	1	UID801336	1	1	0	0
1	1	UID801347	1	1	0	0
1	1	UID801348	1	1	0	0
1	1	UID801374	1	1	0	0
1	1	UID801441	1	1	0	0
1	1	UID801442	1	1	0	0
1	1	UID801454	1	1	0	0
1	1	UID801464	1	1	0	0
2	2	UID801475	1	2	1	1
1	1	UID801483	1	1	0	0
1	1	UID801490	1	1	0	0
1	1	UID801507	1	1	0	0
1	1	UID801519	1	1	0	0
1	1	UID801527	1	1	0	0
1	1	UID801528	1	1	0	0
1	1	UID801532	1	1	0	0
1	1	UID801547	1	1	0	0
1	1	UID801548	1	1	0	0
1	1	UID801553	1	1	0	0
1	1	UID801562	1	1	0	0
1	1	UID801563	1	1	0	0
1	1	UID801564	1	1	0	0
1	1	UID801565	1	1	0	0
1	1	UID801566	1	1	0	0
1	1	UID801568	1	1	0	0
1	1	UID801569	1	1	0	0
1	1	UID801573	1	1	0	0
1	1	UID801594	1	1	0	0
1	1	UID801595	1	1	0	0
3	3	UID801614	1	3	2	2
1	1	UID801617	1	1	0	0
1	1	UID801628	1	1	0	0
1	1	UID801629	1	1	0	0
1	1	UID801630	1	1	0	0
1	1	UID801631	1	1	0	0
1	1	UID801632	1	1	0	0
1	1	UID801633	1	1	0	0
1	1	UID801634	1	1	0	0
1	1	UID801635	1	1	0	0
1	1	UID801636	1	1	0	0
1	1	UID801638	1	1	0	0
1	1	UID801642	1	1	0	0
1	1	UID801651	1	1	0	0
1	1	UID801654	1	1	0	0
1	1	UID801658	1	1	0	0
1	1	UID801659	1	1	0	0
1	1	UID801660	1	1	0	0
1	1	UID801662	1	1	0	0
1	1	UID801664	1	1	0	0
1	1	UID801665	1	1	0	0
1	1	UID801667	1	1	0	0
1	1	UID801669	1	1	0	0
1	1	UID801685	1	1	0	0
1	1	UID801700	1	1	0	0
1	1	UID801722	1	1	0	0
1	1	UID801723	1	1	0	0
1	1	UID801737	1	1	0	0
1	1	UID801754	1	1	0	0
1	1	UID801760	1	1	0	0
1	1	UID801769	1	1	0	0
1	1	UID801775	1	1	0	0
1	1	UID801782	1	1	0	0
1	1	UID801784	1	1	0	0
1	1	UID801793	1	1	0	0
1	1	UID801796	1	1	0	0
2	2	UID801804	1	2	1	1
1	1	UID801809	1	1	0	0
1	1	UID801810	1	1	0	0
1	1	UID801811	1	1	0	0
1	1	UID801816	1	1	0	0
1	1	UID801819	1	1	0	0
1	1	UID801821	1	1	0	0
1	1	UID801823	1	1	0	0
1	1	UID801824	1	1	0	0
1	1	UID801826	1	1	0	0
1	1	UID801832	1	1	0	0
1	1	UID801833	1	1	0	0
1	1	UID801841	1	1	0	0
1	1	UID801863	1	1	0	0
1	1	UID801867	1	1	0	0
1	1	UID801870	1	1	0	0
1	1	UID801871	1	1	0	0
1	1	UID801875	1	1	0	0
1	1	UID801878	1	1	0	0
1	1	UID801884	1	1	0	0
1	1	UID801890	1	1	0	0
1	1	UID801894	1	1	0	0
1	1	UID801897	1	1	0	0
1	1	UID801904	1	1	0	0
1	1	UID801906	1	1	0	0
1	1	UID801908	1	1	0	0
1	1	UID801923	1	1	0	0
1	1	UID801927	1	1	0	0
1	1	UID801928	1	1	0	0
1	1	UID801934	1	1	0	0
1	1	UID801936	1	1	0	0
1	1	UID801947	1	1	0	0
1	1	UID801970	1	1	0	0
1	1	UID801998	1	1	0	0
1	1	UID802013	1	1	0	0
1	1	UID802014	1	1	0	0
1	1	UID802025	1	1	0	0
1	1	UID802031	1	1	0	0
1	1	UID802039	1	1	0	0
1	1	UID802040	1	1	0	0
1	1	UID802041	1	1	0	0
1	1	UID802042	1	1	0	0
1	1	UID802061	1	1	0	0
1	1	UID802064	1	1	0	0
1	1	UID802065	1	1	0	0
1	1	UID802066	1	1	0	0
1	1	UID802067	1	1	0	0
1	1	UID802068	1	1	0	0
1	1	UID802069	1	1	0	0
1	1	UID802084	1	1	0	0
1	1	UID802090	1	1	0	0
1	1	UID802094	1	1	0	0
1	1	UID802117	1	1	0	0
1	1	UID802120	1	1	0	0
2	2	UID802124	1	2	1	1
1	1	UID802128	1	1	0	0
1	1	UID802132	1	1	0	0
1	1	UID802134	1	1	0	0
1	1	UID802141	1	1	0	0
1	1	UID802143	1	1	0	0
1	1	UID802150	1	1	0	0
1	1	UID802151	1	1	0	0
1	1	UID802153	1	1	0	0
1	1	UID802154	1	1	0	0
1	1	UID802166	1	1	0	0
1	1	UID802189	1	1	0	0
1	1	UID802191	1	1	0	0
2	2	UID802197	1	2	1	1
1	1	UID802200	1	1	0	0
1	1	UID802204	1	1	0	0
1	1	UID802210	1	1	0	0
1	1	UID802212	1	1	0	0
1	1	UID802214	1	1	0	0
1	1	UID802218	1	1	0	0
1	1	UID802220	1	1	0	0
1	1	UID802221	1	1	0	0
1	1	UID802286	1	1	0	0
1	1	UID802300	1	1	0	0
1	1	UID802316	1	1	0	0
1	1	UID802318	1	1	0	0
1	1	UID802319	1	1	0	0
1	1	UID802331	1	1	0	0
1	1	UID802336	1	1	0	0
1	1	UID802337	1	1	0	0
1	1	UID802340	1	1	0	0
1	1	UID802358	1	1	0	0
1	1	UID802360	1	1	0	0
1	1	UID802361	1	1	0	0
1	1	UID802363	1	1	0	0
1	1	UID802377	1	1	0	0
1	1	UID802385	1	1	0	0
1	1	UID802387	1	1	0	0
1	1	UID802395	1	1	0	0
1	1	UID802401	1	1	0	0
1	1	UID802416	1	1	0	0
1	1	UID802420	1	1	0	0
1	1	UID802421	1	1	0	0
1	1	UID802422	1	1	0	0
1	1	UID802423	1	1	0	0
1	1	UID802424	1	1	0	0
1	1	UID802427	1	1	0	0
1	1	UID802430	1	1	0	0
1	1	UID802435	1	1	0	0
1	1	UID802452	1	1	0	0
1	1	UID802458	1	1	0	0
1	1	UID802459	1	1	0	0
1	1	UID802463	1	1	0	0
1	1	UID802464	1	1	0	0
1	1	UID802465	1	1	0	0
1	1	UID802471	1	1	0	0
1	1	UID802473	1	1	0	0
1	1	UID802499	1	1	0	0
1	1	UID802508	1	1	0	0
1	1	UID802571	1	1	0	0
2	2	UID802572	1	2	1	1
1	1	UID802576	1	1	0	0
1	1	UID802577	1	1	0	0
1	1	UID802582	1	1	0	0
1	1	UID802597	1	1	0	0
1	1	UID802599	1	1	0	0
1	1	UID802601	1	1	0	0
1	1	UID802608	1	1	0	0
1	1	UID802610	1	1	0	0
1	1	UID802613	1	1	0	0
1	1	UID802621	1	1	0	0
1	1	UID802622	1	1	0	0
1	1	UID802629	1	1	0	0
1	1	UID802632	1	1	0	0
1	1	UID802636	1	1	0	0
1	1	UID802637	1	1	0	0
1	1	UID802638	1	1	0	0
1	1	UID802639	1	1	0	0
1	1	UID802640	1	1	0	0
1	1	UID802641	1	1	0	0
1	1	UID802642	1	1	0	0
1	1	UID802643	1	1	0	0
1	1	UID802644	1	1	0	0
1	1	UID802645	1	1	0	0
1	1	UID802647	1	1	0	0
1	1	UID802650	1	1	0	0
1	1	UID802656	1	1	0	0
1	1	UID802658	1	1	0	0
1	1	UID802665	1	1	0	0
1	1	UID802667	1	1	0	0
1	1	UID802671	1	1	0	0
1	1	UID802673	1	1	0	0
1	1	UID802676	1	1	0	0
1	1	UID802678	1	1	0	0
1	1	UID802684	1	1	0	0
1	1	UID802689	1	1	0	0
1	1	UID802698	1	1	0	0
1	1	UID802703	1	1	0	0
1	1	UID802704	1	1	0	0
1	1	UID802707	1	1	0	0
1	1	UID802710	1	1	0	0
1	1	UID802713	1	1	0	0
1	1	UID802714	1	1	0	0
1	1	UID802716	1	1	0	0
1	1	UID802717	1	1	0	0
1	1	UID802718	1	1	0	0
1	1	UID802720	1	1	0	0
1	1	UID802721	1	1	0	0
1	1	UID802722	1	1	0	0
1	1	UID802724	1	1	0	0
1	1	UID802725	1	1	0	0
1	1	UID802729	1	1	0	0
1	1	UID802734	1	1	0	0
1	1	UID802735	1	1	0	0
1	1	UID802737	1	1	0	0
1	1	UID802739	1	1	0	0
1	1	UID802743	1	1	0	0
1	1	UID802789	1	1	0	0
2	2	UID802795	1	2	1	1
1	1	UID802807	1	1	0	0
1	1	UID802846	1	1	0	0
1	1	UID802855	1	1	0	0
1	1	UID802856	1	1	0	0
1	1	UID802869	1	1	0	0
1	1	UID802871	1	1	0	0
1	1	UID802873	1	1	0	0
1	1	UID802874	1	1	0	0
1	1	UID802884	1	1	0	0
1	1	UID802885	1	1	0	0
1	1	UID802886	1	1	0	0
1	1	UID802889	1	1	0	0
1	1	UID802893	1	1	0	0
1	1	UID802897	1	1	0	0
1	1	UID802901	1	1	0	0
1	1	UID802913	1	1	0	0
1	1	UID802914	1	1	0	0
2	2	UID802928	1	2	1	1
1	1	UID802941	1	1	0	0
1	1	UID802946	1	1	0	0
1	1	UID802949	1	1	0	0
1	1	UID802951	1	1	0	0
1	1	UID802956	1	1	0	0
1	1	UID802969	1	1	0	0
1	1	UID802987	1	1	0	0
1	1	UID803021	1	1	0	0
1	1	UID803022	1	1	0	0
1	1	UID803038	1	1	0	0
1	1	UID803043	1	1	0	0
1	1	UID803045	1	1	0	0
1	1	UID803048	1	1	0	0
1	1	UID803052	1	1	0	0
1	1	UID803054	1	1	0	0
1	1	UID803055	1	1	0	0
1	1	UID803056	1	1	0	0
1	1	UID803057	1	1	0	0
1	1	UID803058	1	1	0	0
1	1	UID803059	1	1	0	0
1	1	UID803060	1	1	0	0
1	1	UID803061	1	1	0	0
1	1	UID803062	1	1	0	0
1	1	UID803063	1	1	0	0
1	1	UID803070	1	1	0	0
1	1	UID803074	1	1	0	0
1	1	UID803077	1	1	0	0
1	1	UID803078	1	1	0	0
1	1	UID803086	1	1	0	0
1	1	UID803087	1	1	0	0
1	1	UID803090	1	1	0	0
1	1	UID803091	1	1	0	0
1	1	UID803092	1	1	0	0
1	1	UID803093	1	1	0	0
1	1	UID803094	1	1	0	0
1	1	UID803095	1	1	0	0
1	1	UID803096	1	1	0	0
1	1	UID803097	1	1	0	0
1	1	UID803101	1	1	0	0
1	1	UID803102	1	1	0	0
1	1	UID803104	1	1	0	0
1	1	UID803112	1	1	0	0
1	1	UID803122	1	1	0	0
1	1	UID803123	1	1	0	0
1	1	UID803124	1	1	0	0
1	1	UID803125	1	1	0	0
1	1	UID803127	1	1	0	0
1	1	UID803129	1	1	0	0
1	1	UID803131	1	1	0	0
1	1	UID803132	1	1	0	0
1	1	UID803138	1	1	0	0
1	1	UID803139	1	1	0	0
2	2	UID803164	1	2	1	1
1	1	UID803181	1	1	0	0
1	1	UID803203	1	1	0	0
1	1	UID803205	1	1	0	0
1	1	UID803235	1	1	0	0
1	1	UID803241	1	1	0	0
1	1	UID803247	1	1	0	0
1	1	UID803249	1	1	0	0
1	1	UID803250	1	1	0	0
1	1	UID803251	1	1	0	0
1	1	UID803254	1	1	0	0
1	1	UID803261	1	1	0	0
1	1	UID803263	1	1	0	0
1	1	UID803298	1	1	0	0
1	1	UID803303	1	1	0	0
1	1	UID803306	1	1	0	0
1	1	UID803330	1	1	0	0
1	1	UID803332	1	1	0	0
1	1	UID803339	1	1	0	0
1	1	UID803340	1	1	0	0
1	1	UID803341	1	1	0	0
1	1	UID803342	1	1	0	0
1	1	UID803343	1	1	0	0
1	1	UID803345	1	1	0	0
1	1	UID803346	1	1	0	0
1	1	UID803347	1	1	0	0
1	1	UID803349	1	1	0	0
1	1	UID803353	1	1	0	0
1	1	UID803366	1	1	0	0
1	1	UID803379	1	1	0	0
1	1	UID803392	1	1	0	0
1	1	UID803393	1	1	0	0
1	1	UID803406	1	1	0	0
1	1	UID803407	1	1	0	0
1	1	UID803412	1	1	0	0
1	1	UID803420	1	1	0	0
1	1	UID803433	1	1	0	0
1	1	UID803434	1	1	0	0
1	1	UID803435	1	1	0	0
1	1	UID803436	1	1	0	0
1	1	UID803439	1	1	0	0
1	1	UID803440	1	1	0	0
1	1	UID803445	1	1	0	0
1	1	UID803447	1	1	0	0
1	1	UID803448	1	1	0	0
1	1	UID803452	1	1	0	0
1	1	UID803455	1	1	0	0
1	1	UID803456	1	1	0	0
1	1	UID803459	1	1	0	0
1	1	UID803460	1	1	0	0
1	1	UID803462	1	1	0	0
1	1	UID803463	1	1	0	0
1	1	UID803475	1	1	0	0
1	1	UID803481	1	1	0	0
1	1	UID803488	1	1	0	0
1	1	UID803491	1	1	0	0
1	1	UID803492	1	1	0	0
1	1	UID803493	1	1	0	0
1	1	UID803499	1	1	0	0
1	1	UID803519	1	1	0	0
1	1	UID803530	1	1	0	0
1	1	UID803532	1	1	0	0
1	1	UID803537	1	1	0	0
1	1	UID803561	1	1	0	0
1	1	UID80356	1	1	0	0
1	1	UID803583	1	1	0	0
1	1	UID803593	1	1	0	0
1	1	UID803599	1	1	0	0
1	1	UID803604	1	1	0	0
1	1	UID803608	1	1	0	0
1	1	UID803612	1	1	0	0
1	1	UID803624	1	1	0	0
1	1	UID803630	1	1	0	0
1	1	UID803636	1	1	0	0
1	1	UID803648	1	1	0	0
1	1	UID803669	1	1	0	0
1	1	UID803679	1	1	0	0
1	1	UID803681	1	1	0	0
1	1	UID803682	1	1	0	0
1	1	UID803684	1	1	0	0
1	1	UID803686	1	1	0	0
1	1	UID803687	1	1	0	0
1	1	UID803701	1	1	0	0
1	1	UID803702	1	1	0	0
1	1	UID803706	1	1	0	0
1	1	UID803713	1	1	0	0
1	1	UID803714	1	1	0	0
1	1	UID803715	1	1	0	0
1	1	UID803716	1	1	0	0
1	1	UID803746	1	1	0	0
1	1	UID803747	1	1	0	0
1	1	UID803752	1	1	0	0
1	1	UID803753	1	1	0	0
1	1	UID803757	1	1	0	0
1	1	UID803761	1	1	0	0
1	1	UID803765	1	1	0	0
1	1	UID803766	1	1	0	0
1	1	UID803767	1	1	0	0
1	1	UID803768	1	1	0	0
1	1	UID803776	1	1	0	0
1	1	UID803780	1	1	0	0
1	1	UID803783	1	1	0	0
1	1	UID803785	1	1	0	0
1	1	UID803786	1	1	0	0
1	1	UID803788	1	1	0	0
1	1	UID803835	1	1	0	0
1	1	UID803898	1	1	0	0
1	1	UID803903	1	1	0	0
1	1	UID803905	1	1	0	0
1	1	UID803906	1	1	0	0
1	1	UID803911	1	1	0	0
1	1	UID803922	1	1	0	0
1	1	UID803928	1	1	0	0
1	1	UID803934	1	1	0	0
1	1	UID803936	1	1	0	0
1	1	UID803937	1	1	0	0
1	1	UID803940	1	1	0	0
1	1	UID803945	1	1	0	0
1	1	UID803947	1	1	0	0
1	1	UID803950	1	1	0	0
1	1	UID803951	1	1	0	0
1	1	UID803952	1	1	0	0
1	1	UID803953	1	1	0	0
1	1	UID803954	1	1	0	0
1	1	UID803955	1	1	0	0
1	1	UID803958	1	1	0	0
1	1	UID803960	1	1	0	0
1	1	UID803967	1	1	0	0
1	1	UID803971	1	1	0	0
1	1	UID803973	1	1	0	0
1	1	UID803979	1	1	0	0
1	1	UID803980	1	1	0	0
1	1	UID803981	1	1	0	0
1	1	UID803984	1	1	0	0
1	1	UID803985	1	1	0	0
1	1	UID803986	1	1	0	0
1	1	UID803987	1	1	0	0
1	1	UID803988	1	1	0	0
1	1	UID804000	1	1	0	0
1	1	UID804002	1	1	0	0
1	1	UID804014	1	1	0	0
1	1	UID804015	1	1	0	0
1	1	UID804030	1	1	0	0
1	1	UID804040	1	1	0	0
1	1	UID804045	1	1	0	0
1	1	UID804046	1	1	0	0
1	1	UID804051	1	1	0	0
1	1	UID804052	1	1	0	0
1	1	UID804053	1	1	0	0
1	1	UID804081	1	1	0	0
1	1	UID804084	1	1	0	0
1	1	UID804089	1	1	0	0
1	1	UID804090	1	1	0	0
1	1	UID804115	1	1	0	0
1	1	UID804133	1	1	0	0
1	1	UID804135	1	1	0	0
1	1	UID804137	1	1	0	0
1	1	UID804145	1	1	0	0
1	1	UID804159	1	1	0	0
1	1	UID804161	1	1	0	0
1	1	UID804165	1	1	0	0
1	1	UID804169	1	1	0	0
1	1	UID804174	1	1	0	0
1	1	UID804180	1	1	0	0
1	1	UID804181	1	1	0	0
1	1	UID804200	1	1	0	0
1	1	UID804201	1	1	0	0
3	3	UID804202	1	3	1	1
1	1	UID804209	1	1	0	0
1	1	UID804210	1	1	0	0
1	1	UID804220	1	1	0	0
1	1	UID804225	1	1	0	0
1	1	UID804226	1	1	0	0
1	1	UID804229	1	1	0	0
1	1	UID804233	1	1	0	0
1	1	UID804234	1	1	0	0
1	1	UID804236	1	1	0	0
1	1	UID804240	1	1	0	0
1	1	UID804242	1	1	0	0
1	1	UID804249	1	1	0	0
1	1	UID804250	1	1	0	0
1	1	UID804252	1	1	0	0
2	2	UID804261	1	2	1	1
1	1	UID804283	1	1	0	0
1	1	UID804287	1	1	0	0
1	1	UID804293	1	1	0	0
1	1	UID804312	1	1	0	0
1	1	UID804313	1	1	0	0
1	1	UID804314	1	1	0	0
1	1	UID804318	1	1	0	0
1	1	UID804325	1	1	0	0
1	1	UID804326	1	1	0	0
1	1	UID804327	1	1	0	0
1	1	UID804328	1	1	0	0
1	1	UID804330	1	1	0	0
1	1	UID804331	1	1	0	0
1	1	UID804333	1	1	0	0
1	1	UID804348	1	1	0	0
1	1	UID804350	1	1	0	0
1	1	UID804351	1	1	0	0
1	1	UID804357	1	1	0	0
1	1	UID804363	1	1	0	0
1	1	UID804366	1	1	0	0
1	1	UID804389	1	1	0	0
1	1	UID804431	1	1	0	0
1	1	UID804432	1	1	0	0
1	1	UID804443	1	1	0	0
1	1	UID804448	1	1	0	0
1	1	UID804463	1	1	0	0
1	1	UID804467	1	1	0	0
1	1	UID804469	1	1	0	0
1	1	UID804470	1	1	0	0
1	1	UID804475	1	1	0	0
1	1	UID804476	1	1	0	0
1	1	UID804478	1	1	0	0
1	1	UID804479	1	1	0	0
1	1	UID804485	1	1	0	0
1	1	UID804486	1	1	0	0
1	1	UID804487	1	1	0	0
1	1	UID804491	1	1	0	0
1	1	UID804492	1	1	0	0
1	1	UID804495	1	1	0	0
1	1	UID804497	1	1	0	0
1	1	UID804500	1	1	0	0
2	2	UID804501	1	2	1	1
1	1	UID804504	1	1	0	0
1	1	UID804512	1	1	0	0
1	1	UID804514	1	1	0	0
1	1	UID804520	1	1	0	0
1	1	UID804521	1	1	0	0
1	1	UID804541	1	1	0	0
1	1	UID804559	1	1	0	0
1	1	UID804565	1	1	0	0
1	1	UID804566	1	1	0	0
1	1	UID804574	1	1	0	0
1	1	UID804593	1	1	0	0
1	1	UID804602	1	1	0	0
1	1	UID804604	1	1	0	0
1	1	UID804613	1	1	0	0
1	1	UID804615	1	1	0	0
1	1	UID804616	1	1	0	0
1	1	UID804618	1	1	0	0
1	1	UID804619	1	1	0	0
1	1	UID804621	1	1	0	0
1	1	UID804626	1	1	0	0
1	1	UID804629	1	1	0	0
1	1	UID804633	1	1	0	0
1	1	UID804634	1	1	0	0
1	1	UID804639	1	1	0	0
1	1	UID804651	1	1	0	0
1	1	UID804655	1	1	0	0
1	1	UID804656	1	1	0	0
1	1	UID804706	1	1	0	0
1	1	UID804707	1	1	0	0
1	1	UID804725	1	1	0	0
1	1	UID804730	1	1	0	0
1	1	UID804740	1	1	0	0
1	1	UID804750	1	1	0	0
1	1	UID804751	1	1	0	0
4	4	UID804754	1	4	2	2
1	1	UID804773	1	1	0	0
1	1	UID804776	1	1	0	0
1	1	UID804777	1	1	0	0
1	1	UID804778	1	1	0	0
1	1	UID804790	1	1	0	0
1	1	UID804791	1	1	0	0
1	1	UID804812	1	1	0	0
1	1	UID804862	1	1	0	0
1	1	UID804866	1	1	0	0
1	1	UID804901	1	1	0	0
1	1	UID804902	1	1	0	0
1	1	UID804909	1	1	0	0
1	1	UID804910	1	1	0	0
1	1	UID804921	1	1	0	0
1	1	UID804952	1	1	0	0
1	1	UID804954	1	1	0	0
1	1	UID804962	1	1	0	0
1	1	UID804966	1	1	0	0
1	1	UID804967	1	1	0	0
1	1	UID805016	1	1	0	0
1	1	UID805022	1	1	0	0
1	1	UID805023	1	1	0	0
1	1	UID805026	1	1	0	0
1	1	UID805045	1	1	0	0
1	1	UID805048	1	1	0	0
1	1	UID805050	1	1	0	0
1	1	UID805069	1	1	0	0
1	1	UID805075	1	1	0	0
1	1	UID805083	1	1	0	0
1	1	UID805084	1	1	0	0
1	1	UID805096	1	1	0	0
1	1	UID805104	1	1	0	0
1	1	UID805120	1	1	0	0
1	1	UID805139	1	1	0	0
1	1	UID805141	1	1	0	0
1	1	UID805158	1	1	0	0
1	1	UID805160	1	1	0	0
1	1	UID805162	1	1	0	0
1	1	UID805163	1	1	0	0
1	1	UID805169	1	1	0	0
1	1	UID805175	1	1	0	0
1	1	UID805176	1	1	0	0
1	1	UID805179	1	1	0	0
1	1	UID805182	1	1	0	0
1	1	UID805186	1	1	0	0
1	1	UID805198	1	1	0	0
1	1	UID805200	1	1	0	0
1	1	UID805201	1	1	0	0
1	1	UID805211	1	1	0	0
1	1	UID805217	1	1	0	0
1	1	UID805223	1	1	0	0
1	1	UID805246	1	1	0	0
1	1	UID805287	1	1	0	0
1	1	UID805292	1	1	0	0
1	1	UID805304	1	1	0	0
1	1	UID805308	1	1	0	0
1	1	UID805319	1	1	0	0
1	1	UID805320	1	1	0	0
1	1	UID805326	1	1	0	0
1	1	UID805330	1	1	0	0
1	1	UID805333	1	1	0	0
1	1	UID805338	1	1	0	0
1	1	UID805358	1	1	0	0
1	1	UID805369	1	1	0	0
1	1	UID805372	1	1	0	0
1	1	UID805390	1	1	0	0
1	1	UID805399	1	1	0	0
1	1	UID805400	1	1	0	0
1	1	UID805402	1	1	0	0
1	1	UID805414	1	1	0	0
1	1	UID805458	1	1	0	0
1	1	UID805463	1	1	0	0
1	1	UID805468	1	1	0	0
1	1	UID805493	1	1	0	0
1	1	UID805502	1	1	0	0
1	1	UID805577	1	1	0	0
1	1	UID805583	1	1	0	0
1	1	UID805585	1	1	0	0
1	1	UID805592	1	1	0	0
1	1	UID805599	1	1	0	0
1	1	UID805607	1	1	0	0
1	1	UID805609	1	1	0	0
1	1	UID805618	1	1	0	0
1	1	UID805619	1	1	0	0
1	1	UID805628	1	1	0	0
1	1	UID805630	1	1	0	0
1	1	UID805643	1	1	0	0
1	1	UID805645	1	1	0	0
1	1	UID805650	1	1	0	0
1	1	UID805653	1	1	0	0
1	1	UID805679	1	1	0	0
1	1	UID805691	1	1	0	0
1	1	UID805702	1	1	0	0
1	1	UID805705	1	1	0	0
1	1	UID805706	1	1	0	0
1	1	UID805724	1	1	0	0
1	1	UID805730	1	1	0	0
1	1	UID805743	1	1	0	0
1	1	UID805764	1	1	0	0
1	1	UID805786	1	1	0	0
1	1	UID805788	1	1	0	0
1	1	UID805820	1	1	0	0
1	1	UID805852	1	1	0	0
1	1	UID805855	1	1	0	0
1	1	UID805858	1	1	0	0
1	1	UID805869	1	1	0	0
1	1	UID805876	1	1	0	0
1	1	UID805885	1	1	0	0
1	1	UID805890	1	1	0	0
1	1	UID805904	1	1	0	0
1	1	UID805912	1	1	0	0
1	1	UID805917	1	1	0	0
1	1	UID805963	1	1	0	0
1	1	UID805976	1	1	0	0
1	1	UID805978	1	1	0	0
1	1	UID805981	1	1	0	0
1	1	UID806001	1	1	0	0
1	1	UID806016	1	1	0	0
1	1	UID806038	1	1	0	0
1	1	UID806045	1	1	0	0
1	1	UID806069	1	1	0	0
1	1	UID806084	1	1	0	0
1	1	UID806110	1	1	0	0
1	1	UID806119	1	1	0	0
1	1	UID806143	1	1	0	0
1	1	UID806146	1	1	0	0
1	1	UID806162	1	1	0	0
1	1	UID806171	1	1	0	0
1	1	UID806173	1	1	0	0
1	1	UID806213	1	1	0	0
1	1	UID806223	1	1	0	0
1	1	UID806351	1	1	0	0
1	1	UID806352	1	1	0	0
1	1	UID806356	1	1	0	0
1	1	UID806409	1	1	0	0
1	1	UID806434	1	1	0	0
1	1	UID806436	1	1	0	0
1	1	UID806447	1	1	0	0
1	1	UID806454	1	1	0	0
1	1	UID806459	1	1	0	0
1	1	UID806462	1	1	0	0
1	1	UID806488	1	1	0	0
1	1	UID806502	1	1	0	0
1	1	UID806542	1	1	0	0
1	1	UID806581	1	1	0	0
1	1	UID806595	1	1	0	0
1	1	UID806623	1	1	0	0
1	1	UID806627	1	1	0	0
1	1	UID806629	1	1	0	0
1	1	UID806677	1	1	0	0
1	1	UID806755	1	1	0	0
1	1	UID806767	1	1	0	0
1	1	UID806831	1	1	0	0
1	1	UID806862	1	1	0	0
1	1	UID806909	1	1	0	0
1	1	UID806931	1	1	0	0
1	1	UID806952	1	1	0	0
1	1	UID806972	1	1	0	0
1	1	UID806989	1	1	0	0
1	1	UID807228	1	1	0	0
1	1	UID807250	1	1	0	0
1	1	UID807267	1	1	0	0
1	1	UID807302	1	1	0	0
1	1	UID807303	1	1	0	0
1	1	UID807314	1	1	0	0
1	1	UID807332	1	1	0	0
1	1	UID807347	1	1	0	0
1	1	UID807383	1	1	0	0
1	1	UID807395	1	1	0	0
1	1	UID807400	1	1	0	0
1	1	UID807404	1	1	0	0
1	1	UID807413	1	1	0	0
1	1	UID807444	1	1	0	0
1	1	UID807468	1	1	0	0
1	1	UID807497	1	1	0	0
1	1	UID807510	1	1	0	0
1	1	UID807523	1	1	0	0
1	1	UID807582	1	1	0	0
1	1	UID807585	1	1	0	0
1	1	UID807592	1	1	0	0
1	1	UID807594	1	1	0	0
1	1	UID807618	1	1	0	0
1	1	UID807620	1	1	0	0
1	1	UID807650	1	1	0	0
1	1	UID807660	1	1	0	0
1	1	UID807681	1	1	0	0
1	1	UID807734	1	1	0	0
1	1	UID807738	1	1	0	0
1	1	UID807739	1	1	0	0
1	1	UID807757	1	1	0	0
1	1	UID807773	1	1	0	0
1	1	UID807774	1	1	0	0
1	1	UID807781	1	1	0	0
1	1	UID807791	1	1	0	0
1	1	UID807792	1	1	0	0
1	1	UID807793	1	1	0	0
1	1	UID807822	1	1	0	0
1	1	UID807825	1	1	0	0
1	1	UID807835	1	1	0	0
1	1	UID807841	1	1	0	0
1	1	UID807851	1	1	0	0
1	1	UID807864	1	1	0	0
1	1	UID807873	1	1	0	0
1	1	UID807874	1	1	0	0
1	1	UID807876	1	1	0	0
1	1	UID807877	1	1	0	0
1	1	UID807891	1	1	0	0
1	1	UID807911	1	1	0	0
1	1	UID807925	1	1	0	0
1	1	UID807926	1	1	0	0
1	1	UID807932	1	1	0	0
1	1	UID807934	1	1	0	0
1	1	UID807944	1	1	0	0
1	1	UID807974	1	1	0	0
1	1	UID808000	1	1	0	0
1	1	UID808001	1	1	0	0
1	1	UID808008	1	1	0	0
1	1	UID808061	1	1	0	0
1	1	UID808062	1	1	0	0
1	1	UID808064	1	1	0	0
1	1	UID808072	1	1	0	0
1	1	UID808076	1	1	0	0
1	1	UID808077	1	1	0	0
1	1	UID808109	1	1	0	0
1	1	UID808110	1	1	0	0
1	1	UID808136	1	1	0	0
1	1	UID808137	1	1	0	0
1	1	UID808153	1	1	0	0
1	1	UID808155	1	1	0	0
1	1	UID808156	1	1	0	0
1	1	UID808163	1	1	0	0
1	1	UID808177	1	1	0	0
1	1	UID808184	1	1	0	0
1	1	UID808202	1	1	0	0
1	1	UID808228	1	1	0	0
1	1	UID808229	1	1	0	0
1	1	UID808247	1	1	0	0
1	1	UID808262	1	1	0	0
1	1	UID808265	1	1	0	0
1	1	UID808271	1	1	0	0
1	1	UID808279	1	1	0	0
1	1	UID808317	1	1	0	0
1	1	UID808322	1	1	0	0
1	1	UID808336	1	1	0	0
1	1	UID808337	1	1	0	0
1	1	UID808365	1	1	0	0
1	1	UID808373	1	1	0	0
1	1	UID808403	1	1	0	0
1	1	UID808411	1	1	0	0
1	1	UID808415	1	1	0	0
1	1	UID808440	1	1	0	0
1	1	UID808475	1	1	0	0
1	1	UID808481	1	1	0	0
1	1	UID808490	1	1	0	0
1	1	UID808512	1	1	0	0
1	1	UID808524	1	1	0	0
1	1	UID808525	1	1	0	0
1	1	UID808543	1	1	0	0
1	1	UID808545	1	1	0	0
1	1	UID808552	1	1	0	0
1	1	UID808557	1	1	0	0
1	1	UID808558	1	1	0	0
1	1	UID808560	1	1	0	0
1	1	UID808562	1	1	0	0
1	1	UID808570	1	1	0	0
1	1	UID808575	1	1	0	0
1	1	UID808579	1	1	0	0
1	1	UID808591	1	1	0	0
1	1	UID808621	1	1	0	0
1	1	UID808623	1	1	0	0
1	1	UID808625	1	1	0	0
1	1	UID808646	1	1	0	0
1	1	UID808648	1	1	0	0
1	1	UID808675	1	1	0	0
1	1	UID808683	1	1	0	0
1	1	UID808687	1	1	0	0
1	1	UID808696	1	1	0	0
1	1	UID808698	1	1	0	0
1	1	UID808700	1	1	0	0
1	1	UID808724	1	1	0	0
1	1	UID808726	1	1	0	0
1	1	UID808741	1	1	0	0
1	1	UID808742	1	1	0	0
1	1	UID808762	1	1	0	0
1	1	UID808780	1	1	0	0
1	1	UID808784	1	1	0	0
1	1	UID808790	1	1	0	0
1	1	UID808791	1	1	0	0
1	1	UID808792	1	1	0	0
1	1	UID808795	1	1	0	0
1	1	UID808803	1	1	0	0
1	1	UID808807	1	1	0	0
1	1	UID808812	1	1	0	0
1	1	UID808828	1	1	0	0
1	1	UID808847	1	1	0	0
1	1	UID808849	1	1	0	0
1	1	UID808851	1	1	0	0
1	1	UID808852	1	1	0	0
1	1	UID808900	1	1	0	0
1	1	UID808908	1	1	0	0
1	1	UID808910	1	1	0	0
1	1	UID808911	1	1	0	0
1	1	UID808916	1	1	0	0
1	1	UID808918	1	1	0	0
1	1	UID808920	1	1	0	0
1	1	UID808922	1	1	0	0
1	1	UID808923	1	1	0	0
1	1	UID808929	1	1	0	0
1	1	UID808934	1	1	0	0
1	1	UID808944	1	1	0	0
1	1	UID808949	1	1	0	0
1	1	UID808965	1	1	0	0
1	1	UID808992	1	1	0	0
1	1	UID808998	1	1	0	0
1	1	UID809001	1	1	0	0
1	1	UID809002	1	1	0	0
1	1	UID809007	1	1	0	0
1	1	UID809015	1	1	0	0
1	1	UID809024	1	1	0	0
1	1	UID809037	1	1	0	0
1	1	UID809052	1	1	0	0
1	1	UID809053	1	1	0	0
1	1	UID809057	1	1	0	0
1	1	UID809060	1	1	0	0
1	1	UID809066	1	1	0	0
1	1	UID809083	1	1	0	0
1	1	UID809086	1	1	0	0
1	1	UID809089	1	1	0	0
1	1	UID809141	1	1	0	0
1	1	UID809160	1	1	0	0
1	1	UID809161	1	1	0	0
1	1	UID809163	1	1	0	0
1	1	UID809176	1	1	0	0
1	1	UID809186	1	1	0	0
1	1	UID809196	1	1	0	0
1	1	UID809200	1	1	0	0
1	1	UID809204	1	1	0	0
1	1	UID809205	1	1	0	0
1	1	UID809207	1	1	0	0
1	1	UID809212	1	1	0	0
1	1	UID809216	1	1	0	0
2	2	UID809225	1	2	1	1
1	1	UID809227	1	1	0	0
1	1	UID809231	1	1	0	0
1	1	UID809236	1	1	0	0
1	1	UID809244	1	1	0	0
1	1	UID809255	1	1	0	0
1	1	UID809256	1	1	0	0
1	1	UID809262	1	1	0	0
1	1	UID809307	1	1	0	0
1	1	UID809310	1	1	0	0
1	1	UID809334	1	1	0	0
1	1	UID809395	1	1	0	0
1	1	UID809402	1	1	0	0
1	1	UID809410	1	1	0	0
1	1	UID809411	1	1	0	0
1	1	UID809419	1	1	0	0
1	1	UID809427	1	1	0	0
1	1	UID809446	1	1	0	0
1	1	UID809448	1	1	0	0
1	1	UID809474	1	1	0	0
1	1	UID809479	1	1	0	0
1	1	UID809480	1	1	0	0
1	1	UID809487	1	1	0	0
1	1	UID809488	1	1	0	0
1	1	UID809518	1	1	0	0
1	1	UID809527	1	1	0	0
1	1	UID809541	1	1	0	0
1	1	UID809545	1	1	0	0
1	1	UID809546	1	1	0	0
1	1	UID809553	1	1	0	0
1	1	UID809584	1	1	0	0
1	1	UID809593	1	1	0	0
1	1	UID809605	1	1	0	0
1	1	UID809611	1	1	0	0
1	1	UID809613	1	1	0	0
1	1	UID809615	1	1	0	0
1	1	UID809621	1	1	0	0
1	1	UID809647	1	1	0	0
1	1	UID809663	1	1	0	0
1	1	UID809664	1	1	0	0
1	1	UID809665	1	1	0	0
1	1	UID809678	1	1	0	0
1	1	UID809679	1	1	0	0
1	1	UID809689	1	1	0	0
1	1	UID809691	1	1	0	0
1	1	UID809711	1	1	0	0
1	1	UID809722	1	1	0	0
1	1	UID809746	1	1	0	0
1	1	UID809755	1	1	0	0
1	1	UID809756	1	1	0	0
1	1	UID809761	1	1	0	0
1	1	UID809762	1	1	0	0
1	1	UID809798	1	1	0	0
1	1	UID809799	1	1	0	0
1	1	UID809803	1	1	0	0
1	1	UID809805	1	1	0	0
1	1	UID809811	1	1	0	0
1	1	UID809816	1	1	0	0
1	1	UID809821	1	1	0	0
1	1	UID809835	1	1	0	0
1	1	UID809850	1	1	0	0
1	1	UID809854	1	1	0	0
1	1	UID809882	1	1	0	0
1	1	UID809901	1	1	0	0
1	1	UID809935	1	1	0	0
1	1	UID809940	1	1	0	0
1	1	UID809959	1	1	0	0
1	1	UID809980	1	1	0	0
1	1	UID809986	1	1	0	0
1	1	UID809988	1	1	0	0
1	1	UID810000	1	1	0	0
1	1	UID810041	1	1	0	0
1	1	UID810064	1	1	0	0
1	1	UID810085	1	1	0	0
1	1	UID810087	1	1	0	0
1	1	UID810099	1	1	0	0
1	1	UID810106	1	1	0	0
1	1	UID810148	1	1	0	0
1	1	UID810172	1	1	0	0
1	1	UID810183	1	1	0	0
1	1	UID810186	1	1	0	0
1	1	UID810188	1	1	0	0
1	1	UID810190	1	1	0	0
1	1	UID810192	1	1	0	0
1	1	UID810198	1	1	0	0
1	1	UID810199	1	1	0	0
1	1	UID810200	1	1	0	0
1	1	UID810203	1	1	0	0
1	1	UID810211	1	1	0	0
1	1	UID810219	1	1	0	0
1	1	UID810224	1	1	0	0
1	1	UID810248	1	1	0	0
1	1	UID810250	1	1	0	0
1	1	UID810256	1	1	0	0
1	1	UID810285	1	1	0	0
1	1	UID810315	1	1	0	0
2	2	UID810330	1	2	1	1
1	1	UID810334	1	1	0	0
1	1	UID810335	1	1	0	0
1	1	UID810339	1	1	0	0
1	1	UID810363	1	1	0	0
1	1	UID810386	1	1	0	0
1	1	UID810416	1	1	0	0
1	1	UID810421	1	1	0	0
1	1	UID810422	1	1	0	0
1	1	UID810432	1	1	0	0
1	1	UID810452	1	1	0	0
1	1	UID810464	1	1	0	0
1	1	UID810473	1	1	0	0
1	1	UID810475	1	1	0	0
1	1	UID810494	1	1	0	0
1	1	UID810495	1	1	0	0
1	1	UID810521	1	1	0	0
1	1	UID810542	1	1	0	0
1	1	UID810587	1	1	0	0
1	1	UID810631	1	1	0	0
1	1	UID810640	1	1	0	0
1	1	UID810643	1	1	0	0
1	1	UID810654	1	1	0	0
1	1	UID810665	1	1	0	0
1	1	UID810667	1	1	0	0
1	1	UID810690	1	1	0	0
1	1	UID810702	1	1	0	0
1	1	UID810720	1	1	0	0
1	1	UID810773	1	1	0	0
1	1	UID810778	1	1	0	0
1	1	UID810784	1	1	0	0
1	1	UID810877	1	1	0	0
1	1	UID810911	1	1	0	0
1	1	UID810927	1	1	0	0
1	1	UID810969	1	1	0	0
1	1	UID810974	1	1	0	0
1	1	UID810976	1	1	0	0
1	1	UID810979	1	1	0	0
1	1	UID810998	1	1	0	0
1	1	UID811001	1	1	0	0
1	1	UID811003	1	1	0	0
1	1	UID811004	1	1	0	0
1	1	UID811005	1	1	0	0
1	1	UID811007	1	1	0	0
1	1	UID811008	1	1	0	0
1	1	UID811013	1	1	0	0
1	1	UID811019	1	1	0	0
1	1	UID811024	1	1	0	0
1	1	UID811048	1	1	0	0
1	1	UID811081	1	1	0	0
1	1	UID811086	1	1	0	0
1	1	UID811087	1	1	0	0
1	1	UID811090	1	1	0	0
1	1	UID811101	1	1	0	0
1	1	UID811104	1	1	0	0
1	1	UID811141	1	1	0	0
1	1	UID811143	1	1	0	0
1	1	UID811158	1	1	0	0
1	1	UID811182	1	1	0	0
1	1	UID811183	1	1	0	0
1	1	UID811222	1	1	0	0
1	1	UID811229	1	1	0	0
1	1	UID811239	1	1	0	0
1	1	UID811247	1	1	0	0
1	1	UID811269	1	1	0	0
1	1	UID811304	1	1	0	0
1	1	UID811330	1	1	0	0
1	1	UID811333	1	1	0	0
1	1	UID811346	1	1	0	0
1	1	UID811347	1	1	0	0
1	1	UID811361	1	1	0	0
1	1	UID811370	1	1	0	0
1	1	UID811375	1	1	0	0
1	1	UID811381	1	1	0	0
1	1	UID811403	1	1	0	0
1	1	UID811406	1	1	0	0
1	1	UID811411	1	1	0	0
1	1	UID811416	1	1	0	0
1	1	UID811433	1	1	0	0
1	1	UID811434	1	1	0	0
1	1	UID811451	1	1	0	0
1	1	UID811452	1	1	0	0
1	1	UID811457	1	1	0	0
1	1	UID811470	1	1	0	0
1	1	UID811494	1	1	0	0
1	1	UID811549	1	1	0	0
1	1	UID811592	1	1	0	0
1	1	UID811614	1	1	0	0
1	1	UID811626	1	1	0	0
1	1	UID811627	1	1	0	0
1	1	UID811628	1	1	0	0
1	1	UID811640	1	1	0	0
1	1	UID811642	1	1	0	0
1	1	UID811655	1	1	0	0
1	1	UID811699	1	1	0	0
1	1	UID811754	1	1	0	0
1	1	UID811769	1	1	0	0
1	1	UID811796	1	1	0	0
1	1	UID811811	1	1	0	0
1	1	UID811819	1	1	0	0
1	1	UID811831	1	1	0	0
1	1	UID811836	1	1	0	0
1	1	UID811838	1	1	0	0
1	1	UID811898	1	1	0	0
1	1	UID811928	1	1	0	0
1	1	UID811929	1	1	0	0
1	1	UID811965	1	1	0	0
1	1	UID811978	1	1	0	0
1	1	UID811984	1	1	0	0
1	1	UID811986	1	1	0	0
1	1	UID812000	1	1	0	0
1	1	UID812004	1	1	0	0
1	1	UID812005	1	1	0	0
1	1	UID812028	1	1	0	0
1	1	UID812050	1	1	0	0
1	1	UID812124	1	1	0	0
1	1	UID812165	1	1	0	0
1	1	UID812173	1	1	0	0
1	1	UID812174	1	1	0	0
1	1	UID812177	1	1	0	0
1	1	UID812193	1	1	0	0
1	1	UID812217	1	1	0	0
1	1	UID812250	1	1	0	0
1	1	UID812256	1	1	0	0
1	1	UID812310	1	1	0	0
1	1	UID812333	1	1	0	0
1	1	UID812336	1	1	0	0
1	1	UID812363	1	1	0	0
1	1	UID812436	1	1	0	0
1	1	UID812442	1	1	0	0
1	1	UID812448	1	1	0	0
1	1	UID812459	1	1	0	0
1	1	UID812496	1	1	0	0
1	1	UID812798	1	1	0	0
1	1	UID812857	1	1	0	0
1	1	UID812875	1	1	0	0
1	1	UID813236	1	1	0	0
1	1	UID813237	1	1	0	0
1	1	UID813295	1	1	0	0
1	1	UID813297	1	1	0	0
1	1	UID813317	1	1	0	0
1	1	UID813386	1	1	0	0
1	1	UID813487	1	1	0	0
1	1	UID813536	1	1	0	0
1	1	UID813542	1	1	0	0
1	1	UID813543	1	1	0	0
1	1	UID813563	1	1	0	0
1	1	UID813566	1	1	0	0
1	1	UID813590	1	1	0	0
1	1	UID813596	1	1	0	0
1	1	UID813625	1	1	0	0
1	1	UID813637	1	1	0	0
1	1	UID813649	1	1	0	0
1	1	UID813679	1	1	0	0
1	1	UID813682	1	1	0	0
1	1	UID813809	1	1	0	0
1	1	UID813866	1	1	0	0
1	1	UID813879	1	1	0	0
1	1	UID813887	1	1	0	0
1	1	UID813899	1	1	0	0
1	1	UID813900	1	1	0	0
1	1	UID813903	1	1	0	0
1	1	UID813912	1	1	0	0
1	1	UID813915	1	1	0	0
1	1	UID813916	1	1	0	0
1	1	UID813936	1	1	0	0
1	1	UID813946	1	1	0	0
1	1	UID813967	1	1	0	0
1	1	UID813977	1	1	0	0
1	1	UID813986	1	1	0	0
1	1	UID814030	1	1	0	0
1	1	UID814038	1	1	0	0
1	1	UID814042	1	1	0	0
1	1	UID814084	1	1	0	0
1	1	UID814095	1	1	0	0
1	1	UID814100	1	1	0	0
1	1	UID814116	1	1	0	0
1	1	UID814136	1	1	0	0
1	1	UID814157	1	1	0	0
1	1	UID814160	1	1	0	0
1	1	UID814176	1	1	0	0
1	1	UID814202	1	1	0	0
1	1	UID814223	1	1	0	0
1	1	UID814227	1	1	0	0
1	1	UID814234	1	1	0	0
1	1	UID814237	1	1	0	0
1	1	UID814262	1	1	0	0
1	1	UID814278	1	1	0	0
1	1	UID814338	1	1	0	0
1	1	UID814399	1	1	0	0
1	1	UID814440	1	1	0	0
1	1	UID814441	1	1	0	0
1	1	UID814496	1	1	0	0
1	1	UID814499	1	1	0	0
1	1	UID814534	1	1	0	0
1	1	UID814549	1	1	0	0
1	1	UID814577	1	1	0	0
1	1	UID814584	1	1	0	0
1	1	UID814585	1	1	0	0
1	1	UID814590	1	1	0	0
1	1	UID814596	1	1	0	0
1	1	UID814648	1	1	0	0
1	1	UID814649	1	1	0	0
1	1	UID814655	1	1	0	0
1	1	UID814714	1	1	0	0
1	1	UID814725	1	1	0	0
1	1	UID814737	1	1	0	0
1	1	UID814739	1	1	0	0
1	1	UID814800	1	1	0	0
1	1	UID814801	1	1	0	0
1	1	UID814823	1	1	0	0
1	1	UID814870	1	1	0	0
1	1	UID814887	1	1	0	0
1	1	UID814947	1	1	0	0
1	1	UID814949	1	1	0	0
1	1	UID814957	1	1	0	0
1	1	UID814959	1	1	0	0
1	1	UID814967	1	1	0	0
1	1	UID814999	1	1	0	0
1	1	UID815000	1	1	0	0
1	1	UID815010	1	1	0	0
1	1	UID815025	1	1	0	0
1	1	UID815033	1	1	0	0
1	1	UID815034	1	1	0	0
1	1	UID815037	1	1	0	0
1	1	UID815039	1	1	0	0
1	1	UID815041	1	1	0	0
1	1	UID815045	1	1	0	0
1	1	UID815060	1	1	0	0
1	1	UID815094	1	1	0	0
1	1	UID815097	1	1	0	0
1	1	UID815105	1	1	0	0
1	1	UID815106	1	1	0	0
1	1	UID815107	1	1	0	0
1	1	UID815115	1	1	0	0
1	1	UID815120	1	1	0	0
1	1	UID815176	1	1	0	0
1	1	UID815182	1	1	0	0
1	1	UID815211	1	1	0	0
1	1	UID815212	1	1	0	0
1	1	UID815214	1	1	0	0
1	1	UID815219	1	1	0	0
1	1	UID815221	1	1	0	0
1	1	UID815224	1	1	0	0
1	1	UID815228	1	1	0	0
1	1	UID815246	1	1	0	0
1	1	UID815342	1	1	0	0
1	1	UID815370	1	1	0	0
1	1	UID815398	1	1	0	0
1	1	UID815404	1	1	0	0
1	1	UID815405	1	1	0	0
1	1	UID815406	1	1	0	0
1	1	UID815431	1	1	0	0
1	1	UID815468	1	1	0	0
1	1	UID815483	1	1	0	0
1	1	UID815497	1	1	0	0
1	1	UID815498	1	1	0	0
1	1	UID815541	1	1	0	0
1	1	UID815546	1	1	0	0
1	1	UID815569	1	1	0	0
1	1	UID815572	1	1	0	0
1	1	UID815581	1	1	0	0
1	1	UID815585	1	1	0	0
1	1	UID815590	1	1	0	0
1	1	UID815596	1	1	0	0
1	1	UID815606	1	1	0	0
1	1	UID815610	1	1	0	0
1	1	UID815616	1	1	0	0
1	1	UID815639	1	1	0	0
1	1	UID815667	1	1	0	0
1	1	UID815671	1	1	0	0
1	1	UID815685	1	1	0	0
1	1	UID815701	1	1	0	0
1	1	UID815725	1	1	0	0
1	1	UID815726	1	1	0	0
1	1	UID815739	1	1	0	0
1	1	UID815757	1	1	0	0
1	1	UID815762	1	1	0	0
1	1	UID815766	1	1	0	0
1	1	UID815769	1	1	0	0
1	1	UID815772	1	1	0	0
1	1	UID815777	1	1	0	0
1	1	UID815832	1	1	0	0
1	1	UID815838	1	1	0	0
1	1	UID815854	1	1	0	0
1	1	UID815938	1	1	0	0
1	1	UID815943	1	1	0	0
1	1	UID815947	1	1	0	0
1	1	UID815959	1	1	0	0
1	1	UID815982	1	1	0	0
1	1	UID815990	1	1	0	0
1	1	UID815994	1	1	0	0
1	1	UID816003	1	1	0	0
1	1	UID816006	1	1	0	0
1	1	UID816008	1	1	0	0
1	1	UID816018	1	1	0	0
1	1	UID816067	1	1	0	0
1	1	UID816096	1	1	0	0
1	1	UID816111	1	1	0	0
1	1	UID816113	1	1	0	0
1	1	UID816114	1	1	0	0
1	1	UID816120	1	1	0	0
1	1	UID816141	1	1	0	0
1	1	UID816145	1	1	0	0
1	1	UID816148	1	1	0	0
1	1	UID816157	1	1	0	0
1	1	UID816168	1	1	0	0
1	1	UID816195	1	1	0	0
1	1	UID816206	1	1	0	0
1	1	UID816210	1	1	0	0
1	1	UID816215	1	1	0	0
1	1	UID816240	1	1	0	0
1	1	UID816266	1	1	0	0
1	1	UID816269	1	1	0	0
1	1	UID816290	1	1	0	0
1	1	UID816304	1	1	0	0
1	1	UID816336	1	1	0	0
1	1	UID816343	1	1	0	0
1	1	UID816350	1	1	0	0
1	1	UID816387	1	1	0	0
1	1	UID816398	1	1	0	0
1	1	UID816404	1	1	0	0
1	1	UID816422	1	1	0	0
1	1	UID816425	1	1	0	0
1	1	UID816426	1	1	0	0
1	1	UID816440	1	1	0	0
1	1	UID816450	1	1	0	0
1	1	UID816455	1	1	0	0
1	1	UID816498	1	1	0	0
1	1	UID816504	1	1	0	0
1	1	UID816521	1	1	0	0
1	1	UID816523	1	1	0	0
1	1	UID816537	1	1	0	0
1	1	UID816583	1	1	0	0
1	1	UID816794	1	1	0	0
1	1	UID816807	1	1	0	0
1	1	UID816814	1	1	0	0
1	1	UID816825	1	1	0	0
1	1	UID816827	1	1	0	0
1	1	UID816884	1	1	0	0
1	1	UID816887	1	1	0	0
1	1	UID816888	1	1	0	0
1	1	UID816889	1	1	0	0
1	1	UID816901	1	1	0	0
1	1	UID816905	1	1	0	0
1	1	UID816916	1	1	0	0
1	1	UID816918	1	1	0	0
1	1	UID816923	1	1	0	0
1	1	UID816952	1	1	0	0
2	2	UID816977	1	2	1	1
1	1	UID816988	1	1	0	0
1	1	UID817006	1	1	0	0
1	1	UID817020	1	1	0	0
1	1	UID817049	1	1	0	0
1	1	UID817054	1	1	0	0
1	1	UID817087	1	1	0	0
1	1	UID817113	1	1	0	0
1	1	UID817124	1	1	0	0
1	1	UID817126	1	1	0	0
1	1	UID817132	1	1	0	0
1	1	UID817174	1	1	0	0
1	1	UID817201	1	1	0	0
1	1	UID817206	1	1	0	0
1	1	UID817228	1	1	0	0
1	1	UID817267	1	1	0	0
1	1	UID817292	1	1	0	0
1	1	UID817295	1	1	0	0
1	1	UID817299	1	1	0	0
1	1	UID817315	1	1	0	0
1	1	UID817372	1	1	0	0
1	1	UID817380	1	1	0	0
1	1	UID817381	1	1	0	0
1	1	UID817426	1	1	0	0
1	1	UID817448	1	1	0	0
1	1	UID817456	1	1	0	0
1	1	UID817462	1	1	0	0
1	1	UID817494	1	1	0	0
1	1	UID817553	1	1	0	0
1	1	UID817555	1	1	0	0
1	1	UID817574	1	1	0	0
1	1	UID817660	1	1	0	0
1	1	UID817665	1	1	0	0
1	1	UID817677	1	1	0	0
1	1	UID817679	1	1	0	0
1	1	UID817682	1	1	0	0
1	1	UID817697	1	1	0	0
1	1	UID817727	1	1	0	0
1	1	UID817774	1	1	0	0
1	1	UID817786	1	1	0	0
1	1	UID817806	1	1	0	0
1	1	UID817832	1	1	0	0
1	1	UID817838	1	1	0	0
1	1	UID817840	1	1	0	0
1	1	UID817841	1	1	0	0
1	1	UID817845	1	1	0	0
1	1	UID817847	1	1	0	0
1	1	UID817848	1	1	0	0
1	1	UID817853	1	1	0	0
1	1	UID817870	1	1	0	0
1	1	UID817940	1	1	0	0
1	1	UID817952	1	1	0	0
1	1	UID817965	1	1	0	0
1	1	UID817972	1	1	0	0
1	1	UID817973	1	1	0	0
1	1	UID817975	1	1	0	0
1	1	UID817979	1	1	0	0
1	1	UID817983	1	1	0	0
1	1	UID817995	1	1	0	0
1	1	UID818002	1	1	0	0
1	1	UID818005	1	1	0	0
1	1	UID818018	1	1	0	0
1	1	UID818073	1	1	0	0
1	1	UID818074	1	1	0	0
1	1	UID818118	1	1	0	0
1	1	UID818120	1	1	0	0
1	1	UID818125	1	1	0	0
1	1	UID818128	1	1	0	0
1	1	UID818275	1	1	0	0
1	1	UID818297	1	1	0	0
1	1	UID818303	1	1	0	0
1	1	UID818305	1	1	0	0
1	1	UID818319	1	1	0	0
1	1	UID818338	1	1	0	0
1	1	UID818344	1	1	0	0
1	1	UID818350	1	1	0	0
1	1	UID818351	1	1	0	0
1	1	UID818354	1	1	0	0
1	1	UID818365	1	1	0	0
1	1	UID818373	1	1	0	0
1	1	UID818395	1	1	0	0
1	1	UID818411	1	1	0	0
1	1	UID818430	1	1	0	0
1	1	UID818432	1	1	0	0
1	1	UID818437	1	1	0	0
1	1	UID818442	1	1	0	0
1	1	UID818486	1	1	0	0
1	1	UID818518	1	1	0	0
1	1	UID818520	1	1	0	0
1	1	UID818523	1	1	0	0
1	1	UID818526	1	1	0	0
1	1	UID818528	1	1	0	0
1	1	UID818529	1	1	0	0
1	1	UID818536	1	1	0	0
1	1	UID818537	1	1	0	0
1	1	UID818606	1	1	0	0
3	3	UID818613	1	3	2	2
1	1	UID818622	1	1	0	0
1	1	UID818630	1	1	0	0
1	1	UID818691	1	1	0	0
1	1	UID818714	1	1	0	0
1	1	UID818715	1	1	0	0
1	1	UID818740	1	1	0	0
1	1	UID818742	1	1	0	0
1	1	UID818743	1	1	0	0
1	1	UID818764	1	1	0	0
1	1	UID818788	1	1	0	0
1	1	UID818797	1	1	0	0
1	1	UID818799	1	1	0	0
1	1	UID818802	1	1	0	0
1	1	UID818808	1	1	0	0
1	1	UID818812	1	1	0	0
1	1	UID818821	1	1	0	0
1	1	UID818827	1	1	0	0
1	1	UID818829	1	1	0	0
1	1	UID818851	1	1	0	0
1	1	UID818854	1	1	0	0
1	1	UID818861	1	1	0	0
1	1	UID818904	1	1	0	0
1	1	UID818911	1	1	0	0
1	1	UID818925	1	1	0	0
1	1	UID818931	1	1	0	0
1	1	UID818945	1	1	0	0
1	1	UID818950	1	1	0	0
1	1	UID818954	1	1	0	0
1	1	UID818958	1	1	0	0
1	1	UID818959	1	1	0	0
1	1	UID818960	1	1	0	0
1	1	UID819040	1	1	0	0
1	1	UID819054	1	1	0	0
1	1	UID819062	1	1	0	0
1	1	UID819090	1	1	0	0
1	1	UID819092	1	1	0	0
1	1	UID819094	1	1	0	0
1	1	UID819116	1	1	0	0
1	1	UID819128	1	1	0	0
1	1	UID819132	1	1	0	0
1	1	UID819139	1	1	0	0
1	1	UID819141	1	1	0	0
1	1	UID819156	1	1	0	0
1	1	UID819161	1	1	0	0
1	1	UID819164	1	1	0	0
1	1	UID819183	1	1	0	0
1	1	UID819211	1	1	0	0
1	1	UID819214	1	1	0	0
1	1	UID819291	1	1	0	0
1	1	UID819414	1	1	0	0
1	1	UID819416	1	1	0	0
1	1	UID819425	1	1	0	0
1	1	UID819429	1	1	0	0
1	1	UID819452	1	1	0	0
1	1	UID819456	1	1	0	0
1	1	UID819472	1	1	0	0
1	1	UID819477	1	1	0	0
1	1	UID819484	1	1	0	0
1	1	UID819495	1	1	0	0
1	1	UID819497	1	1	0	0
1	1	UID819498	1	1	0	0
1	1	UID819514	1	1	0	0
1	1	UID819516	1	1	0	0
1	1	UID819525	1	1	0	0
1	1	UID819544	1	1	0	0
1	1	UID819555	1	1	0	0
1	1	UID819556	1	1	0	0
1	1	UID819568	1	1	0	0
1	1	UID819571	1	1	0	0
1	1	UID819575	1	1	0	0
1	1	UID819674	1	1	0	0
1	1	UID819717	1	1	0	0
1	1	UID819748	1	1	0	0
1	1	UID819751	1	1	0	0
1	1	UID819767	1	1	0	0
1	1	UID819768	1	1	0	0
1	1	UID819788	1	1	0	0
1	1	UID819791	1	1	0	0
1	1	UID819799	1	1	0	0
1	1	UID819800	1	1	0	0
1	1	UID819832	1	1	0	0
1	1	UID819836	1	1	0	0
1	1	UID819844	1	1	0	0
1	1	UID819854	1	1	0	0
1	1	UID819863	1	1	0	0
1	1	UID819874	1	1	0	0
1	1	UID819892	1	1	0	0
1	1	UID819914	1	1	0	0
1	1	UID819924	1	1	0	0
1	1	UID819930	1	1	0	0
1	1	UID819943	1	1	0	0
1	1	UID819951	1	1	0	0
1	1	UID819972	1	1	0	0
1	1	UID819983	1	1	0	0
1	1	UID820001	1	1	0	0
1	1	UID820002	1	1	0	0
1	1	UID820004	1	1	0	0
1	1	UID820022	1	1	0	0
1	1	UID820037	1	1	0	0
1	1	UID820049	1	1	0	0
1	1	UID820051	1	1	0	0
1	1	UID820066	1	1	0	0
1	1	UID820073	1	1	0	0
1	1	UID820107	1	1	0	0
1	1	UID820108	1	1	0	0
1	1	UID820125	1	1	0	0
1	1	UID820126	1	1	0	0
1	1	UID820130	1	1	0	0
1	1	UID820137	1	1	0	0
1	1	UID820139	1	1	0	0
1	1	UID820144	1	1	0	0
1	1	UID820145	1	1	0	0
1	1	UID820149	1	1	0	0
1	1	UID820160	1	1	0	0
1	1	UID820179	1	1	0	0
1	1	UID820227	1	1	0	0
1	1	UID820236	1	1	0	0
1	1	UID820254	1	1	0	0
1	1	UID820272	1	1	0	0
1	1	UID820273	1	1	0	0
1	1	UID820284	1	1	0	0
1	1	UID820298	1	1	0	0
1	1	UID820352	1	1	0	0
1	1	UID820367	1	1	0	0
1	1	UID820375	1	1	0	0
1	1	UID820376	1	1	0	0
1	1	UID820383	1	1	0	0
1	1	UID820409	1	1	0	0
1	1	UID820411	1	1	0	0
1	1	UID820440	1	1	0	0
1	1	UID820460	1	1	0	0
1	1	UID820461	1	1	0	0
1	1	UID820472	1	1	0	0
1	1	UID820479	1	1	0	0
1	1	UID820529	1	1	0	0
1	1	UID820532	1	1	0	0
1	1	UID820538	1	1	0	0
1	1	UID820548	1	1	0	0
1	1	UID820553	1	1	0	0
1	1	UID820555	1	1	0	0
1	1	UID820559	1	1	0	0
1	1	UID820560	1	1	0	0
1	1	UID820561	1	1	0	0
1	1	UID820562	1	1	0	0
1	1	UID820568	1	1	0	0
1	1	UID820571	1	1	0	0
1	1	UID820574	1	1	0	0
1	1	UID820575	1	1	0	0
1	1	UID820576	1	1	0	0
1	1	UID820577	1	1	0	0
1	1	UID820582	1	1	0	0
1	1	UID820584	1	1	0	0
1	1	UID820605	1	1	0	0
1	1	UID820607	1	1	0	0
1	1	UID820610	1	1	0	0
1	1	UID820611	1	1	0	0
1	1	UID820622	1	1	0	0
1	1	UID820625	1	1	0	0
1	1	UID820631	1	1	0	0
1	1	UID820633	1	1	0	0
1	1	UID820634	1	1	0	0
1	1	UID820649	1	1	0	0
1	1	UID820650	1	1	0	0
1	1	UID820663	1	1	0	0
1	1	UID820669	1	1	0	0
1	1	UID820696	1	1	0	0
1	1	UID820707	1	1	0	0
1	1	UID820731	1	1	0	0
1	1	UID820761	1	1	0	0
1	1	UID820764	1	1	0	0
1	1	UID820773	1	1	0	0
1	1	UID820813	1	1	0	0
1	1	UID820828	1	1	0	0
1	1	UID820838	1	1	0	0
1	1	UID820861	1	1	0	0
1	1	UID820890	1	1	0	0
1	1	UID820891	1	1	0	0
1	1	UID820919	1	1	0	0
1	1	UID820933	1	1	0	0
1	1	UID820941	1	1	0	0
1	1	UID820942	1	1	0	0
1	1	UID820946	1	1	0	0
1	1	UID820947	1	1	0	0
1	1	UID820966	1	1	0	0
1	1	UID820992	1	1	0	0
1	1	UID821005	1	1	0	0
1	1	UID821007	1	1	0	0
1	1	UID821064	1	1	0	0
1	1	UID821075	1	1	0	0
1	1	UID821108	1	1	0	0
1	1	UID821111	1	1	0	0
1	1	UID821112	1	1	0	0
1	1	UID821113	1	1	0	0
1	1	UID821117	1	1	0	0
1	1	UID821125	1	1	0	0
1	1	UID821126	1	1	0	0
1	1	UID821145	1	1	0	0
1	1	UID821158	1	1	0	0
1	1	UID821169	1	1	0	0
1	1	UID821170	1	1	0	0
1	1	UID821172	1	1	0	0
1	1	UID821173	1	1	0	0
1	1	UID821177	1	1	0	0
1	1	UID821181	1	1	0	0
1	1	UID821182	1	1	0	0
1	1	UID821184	1	1	0	0
1	1	UID821185	1	1	0	0
1	1	UID821200	1	1	0	0
1	1	UID821201	1	1	0	0
1	1	UID821207	1	1	0	0
1	1	UID821209	1	1	0	0
1	1	UID821221	1	1	0	0
1	1	UID821235	1	1	0	0
1	1	UID821248	1	1	0	0
1	1	UID821274	1	1	0	0
1	1	UID821280	1	1	0	0
1	1	UID821306	1	1	0	0
1	1	UID821328	1	1	0	0
1	1	UID821331	1	1	0	0
1	1	UID821333	1	1	0	0
1	1	UID821341	1	1	0	0
1	1	UID821348	1	1	0	0
1	1	UID821352	1	1	0	0
1	1	UID821370	1	1	0	0
1	1	UID821378	1	1	0	0
1	1	UID821387	1	1	0	0
1	1	UID821396	1	1	0	0
1	1	UID821397	1	1	0	0
1	1	UID821399	1	1	0	0
1	1	UID821407	1	1	0	0
1	1	UID821412	1	1	0	0
1	1	UID821429	1	1	0	0
1	1	UID821431	1	1	0	0
1	1	UID821439	1	1	0	0
1	1	UID821463	1	1	0	0
1	1	UID821472	1	1	0	0
1	1	UID821485	1	1	0	0
1	1	UID821513	1	1	0	0
1	1	UID821517	1	1	0	0
1	1	UID821519	1	1	0	0
1	1	UID821521	1	1	0	0
1	1	UID821522	1	1	0	0
1	1	UID821528	1	1	0	0
1	1	UID821536	1	1	0	0
1	1	UID821555	1	1	0	0
1	1	UID821557	1	1	0	0
1	1	UID821678	1	1	0	0
1	1	UID821680	1	1	0	0
1	1	UID821681	1	1	0	0
1	1	UID821692	1	1	0	0
1	1	UID821705	1	1	0	0
1	1	UID821710	1	1	0	0
1	1	UID821715	1	1	0	0
1	1	UID821718	1	1	0	0
1	1	UID821725	1	1	0	0
1	1	UID821726	1	1	0	0
1	1	UID821728	1	1	0	0
1	1	UID821759	1	1	0	0
1	1	UID821795	1	1	0	0
1	1	UID821820	1	1	0	0
1	1	UID821821	1	1	0	0
1	1	UID821835	1	1	0	0
1	1	UID821868	1	1	0	0
1	1	UID821877	1	1	0	0
1	1	UID821881	1	1	0	0
1	1	UID821888	1	1	0	0
1	1	UID821910	1	1	0	0
1	1	UID821921	1	1	0	0
1	1	UID821927	1	1	0	0
1	1	UID821942	1	1	0	0
1	1	UID821952	1	1	0	0
1	1	UID822028	1	1	0	0
1	1	UID822029	1	1	0	0
1	1	UID822038	1	1	0	0
1	1	UID822064	1	1	0	0
1	1	UID822127	1	1	0	0
1	1	UID822177	1	1	0	0
1	1	UID822183	1	1	0	0
1	1	UID822212	1	1	0	0
1	1	UID822226	1	1	0	0
1	1	UID822233	1	1	0	0
1	1	UID822262	1	1	0	0
1	1	UID822289	1	1	0	0
1	1	UID822295	1	1	0	0
1	1	UID822304	1	1	0	0
1	1	UID822318	1	1	0	0
1	1	UID822338	1	1	0	0
1	1	UID822340	1	1	0	0
1	1	UID822372	1	1	0	0
1	1	UID822378	1	1	0	0
1	1	UID822396	1	1	0	0
1	1	UID822414	1	1	0	0
1	1	UID822415	1	1	0	0
1	1	UID822417	1	1	0	0
1	1	UID822431	1	1	0	0
1	1	UID822433	1	1	0	0
1	1	UID822434	1	1	0	0
1	1	UID822436	1	1	0	0
1	1	UID822437	1	1	0	0
1	1	UID822446	1	1	0	0
1	1	UID822452	1	1	0	0
2	2	UID822453	1	2	1	1
1	1	UID822456	1	1	0	0
1	1	UID822464	1	1	0	0
1	1	UID822465	1	1	0	0
1	1	UID822467	1	1	0	0
1	1	UID822472	1	1	0	0
1	1	UID822478	1	1	0	0
1	1	UID822481	1	1	0	0
1	1	UID822483	1	1	0	0
1	1	UID822484	1	1	0	0
1	1	UID822486	1	1	0	0
1	1	UID822487	1	1	0	0
1	1	UID822493	1	1	0	0
1	1	UID822500	1	1	0	0
1	1	UID822505	1	1	0	0
1	1	UID822515	1	1	0	0
1	1	UID822516	1	1	0	0
1	1	UID822522	1	1	0	0
1	1	UID822526	1	1	0	0
1	1	UID822532	1	1	0	0
1	1	UID822533	1	1	0	0
1	1	UID822544	1	1	0	0
1	1	UID822569	1	1	0	0
1	1	UID822592	1	1	0	0
1	1	UID822602	1	1	0	0
1	1	UID822612	1	1	0	0
1	1	UID822617	1	1	0	0
1	1	UID822620	1	1	0	0
1	1	UID822621	1	1	0	0
1	1	UID822623	1	1	0	0
1	1	UID822639	1	1	0	0
1	1	UID822654	1	1	0	0
1	1	UID822661	1	1	0	0
1	1	UID822662	1	1	0	0
1	1	UID822667	1	1	0	0
1	1	UID822670	1	1	0	0
1	1	UID822672	1	1	0	0
1	1	UID822673	1	1	0	0
1	1	UID822674	1	1	0	0
1	1	UID822675	1	1	0	0
1	1	UID822683	1	1	0	0
1	1	UID822696	1	1	0	0
1	1	UID822704	1	1	0	0
1	1	UID822717	1	1	0	0
1	1	UID822726	1	1	0	0
1	1	UID822727	1	1	0	0
1	1	UID822738	1	1	0	0
1	1	UID822739	1	1	0	0
1	1	UID822767	1	1	0	0
1	1	UID822770	1	1	0	0
1	1	UID822777	1	1	0	0
1	1	UID822782	1	1	0	0
1	1	UID822786	1	1	0	0
1	1	UID822787	1	1	0	0
1	1	UID822795	1	1	0	0
1	1	UID822799	1	1	0	0
1	1	UID822809	1	1	0	0
1	1	UID822819	1	1	0	0
1	1	UID822825	1	1	0	0
1	1	UID822831	1	1	0	0
1	1	UID822834	1	1	0	0
1	1	UID822841	1	1	0	0
1	1	UID822886	1	1	0	0
1	1	UID822893	1	1	0	0
1	1	UID822914	1	1	0	0
1	1	UID822915	1	1	0	0
1	1	UID822947	1	1	0	0
1	1	UID822950	1	1	0	0
1	1	UID822955	1	1	0	0
1	1	UID822963	1	1	0	0
1	1	UID822967	1	1	0	0
1	1	UID822973	1	1	0	0
1	1	UID822975	1	1	0	0
1	1	UID822987	1	1	0	0
1	1	UID822991	1	1	0	0
1	1	UID822995	1	1	0	0
1	1	UID823005	1	1	0	0
1	1	UID823007	1	1	0	0
1	1	UID823008	1	1	0	0
1	1	UID823017	1	1	0	0
1	1	UID823019	1	1	0	0
1	1	UID823021	1	1	0	0
1	1	UID823028	1	1	0	0
1	1	UID823031	1	1	0	0
1	1	UID823035	1	1	0	0
1	1	UID823036	1	1	0	0
1	1	UID823038	1	1	0	0
1	1	UID823039	1	1	0	0
1	1	UID823040	1	1	0	0
1	1	UID823041	1	1	0	0
1	1	UID823045	1	1	0	0
1	1	UID823053	1	1	0	0
1	1	UID823054	1	1	0	0
1	1	UID823060	1	1	0	0
1	1	UID823061	1	1	0	0
1	1	UID823062	1	1	0	0
1	1	UID823064	1	1	0	0
1	1	UID823073	1	1	0	0
1	1	UID823087	1	1	0	0
1	1	UID823090	1	1	0	0
1	1	UID823095	1	1	0	0
1	1	UID823131	1	1	0	0
1	1	UID823133	1	1	0	0
1	1	UID823139	1	1	0	0
1	1	UID823140	1	1	0	0
1	1	UID823161	1	1	0	0
1	1	UID823163	1	1	0	0
1	1	UID823166	1	1	0	0
1	1	UID823179	1	1	0	0
1	1	UID823185	1	1	0	0
2	2	UID823191	1	2	1	1
1	1	UID823193	1	1	0	0
1	1	UID823219	1	1	0	0
1	1	UID823221	1	1	0	0
1	1	UID823231	1	1	0	0
1	1	UID823232	1	1	0	0
1	1	UID823233	1	1	0	0
1	1	UID823247	1	1	0	0
1	1	UID823257	1	1	0	0
1	1	UID823258	1	1	0	0
1	1	UID823283	1	1	0	0
1	1	UID823326	1	1	0	0
1	1	UID823346	1	1	0	0
1	1	UID823347	1	1	0	0
1	1	UID823354	1	1	0	0
1	1	UID823356	1	1	0	0
1	1	UID823381	1	1	0	0
1	1	UID823383	1	1	0	0
1	1	UID823397	1	1	0	0
1	1	UID823439	1	1	0	0
1	1	UID823466	1	1	0	0
1	1	UID823470	1	1	0	0
1	1	UID823475	1	1	0	0
1	1	UID823481	1	1	0	0
1	1	UID823482	1	1	0	0
1	1	UID823493	1	1	0	0
1	1	UID823494	1	1	0	0
1	1	UID823496	1	1	0	0
1	1	UID823497	1	1	0	0
1	1	UID823499	1	1	0	0
1	1	UID823518	1	1	0	0
1	1	UID823520	1	1	0	0
1	1	UID823522	1	1	0	0
1	1	UID823524	1	1	0	0
1	1	UID823526	1	1	0	0
1	1	UID823535	1	1	0	0
1	1	UID823545	1	1	0	0
1	1	UID823553	1	1	0	0
1	1	UID823558	1	1	0	0
1	1	UID823559	1	1	0	0
2	2	UID823560	1	2	1	1
1	1	UID823594	1	1	0	0
1	1	UID823604	1	1	0	0
1	1	UID823641	1	1	0	0
1	1	UID823648	1	1	0	0
1	1	UID823655	1	1	0	0
1	1	UID823658	1	1	0	0
1	1	UID823662	1	1	0	0
1	1	UID823666	1	1	0	0
1	1	UID823679	1	1	0	0
1	1	UID823687	1	1	0	0
1	1	UID823690	1	1	0	0
1	1	UID823693	1	1	0	0
1	1	UID823696	1	1	0	0
1	1	UID823701	1	1	0	0
1	1	UID823709	1	1	0	0
1	1	UID823720	1	1	0	0
1	1	UID823734	1	1	0	0
1	1	UID823735	1	1	0	0
1	1	UID823736	1	1	0	0
1	1	UID823763	1	1	0	0
1	1	UID823768	1	1	0	0
1	1	UID823781	1	1	0	0
1	1	UID823847	1	1	0	0
1	1	UID823858	1	1	0	0
1	1	UID823859	1	1	0	0
1	1	UID823861	1	1	0	0
1	1	UID823867	1	1	0	0
1	1	UID823868	1	1	0	0
1	1	UID823877	1	1	0	0
1	1	UID823882	1	1	0	0
1	1	UID823888	1	1	0	0
1	1	UID823894	1	1	0	0
1	1	UID823895	1	1	0	0
1	1	UID823900	1	1	0	0
1	1	UID823913	1	1	0	0
1	1	UID823924	1	1	0	0
1	1	UID823927	1	1	0	0
1	1	UID823928	1	1	0	0
1	1	UID823931	1	1	0	0
1	1	UID823932	1	1	0	0
1	1	UID823933	1	1	0	0
1	1	UID823934	1	1	0	0
1	1	UID823935	1	1	0	0
1	1	UID823937	1	1	0	0
1	1	UID823938	1	1	0	0
1	1	UID823939	1	1	0	0
1	1	UID823942	1	1	0	0
1	1	UID823944	1	1	0	0
1	1	UID823946	1	1	0	0
1	1	UID823956	1	1	0	0
1	1	UID823959	1	1	0	0
1	1	UID823960	1	1	0	0
1	1	UID823964	1	1	0	0
1	1	UID823965	1	1	0	0
1	1	UID823966	1	1	0	0
1	1	UID823979	1	1	0	0
1	1	UID823986	1	1	0	0
1	1	UID823989	1	1	0	0
1	1	UID823991	1	1	0	0
1	1	UID823993	1	1	0	0
1	1	UID823994	1	1	0	0
1	1	UID823996	1	1	0	0
1	1	UID824000	1	1	0	0
1	1	UID824003	1	1	0	0
1	1	UID824009	1	1	0	0
1	1	UID824010	1	1	0	0
1	1	UID824013	1	1	0	0
1	1	UID824024	1	1	0	0
1	1	UID824027	1	1	0	0
1	1	UID824029	1	1	0	0
1	1	UID824030	1	1	0	0
1	1	UID824035	1	1	0	0
1	1	UID824040	1	1	0	0
1	1	UID824047	1	1	0	0
1	1	UID824084	1	1	0	0
1	1	UID824088	1	1	0	0
1	1	UID824136	1	1	0	0
1	1	UID824157	1	1	0	0
1	1	UID824159	1	1	0	0
1	1	UID824165	1	1	0	0
1	1	UID824166	1	1	0	0
1	1	UID824167	1	1	0	0
1	1	UID824186	1	1	0	0
1	1	UID824208	1	1	0	0
1	1	UID824215	1	1	0	0
1	1	UID824231	1	1	0	0
1	1	UID824233	1	1	0	0
1	1	UID824238	1	1	0	0
1	1	UID824241	1	1	0	0
1	1	UID824242	1	1	0	0
1	1	UID824249	1	1	0	0
1	1	UID824271	1	1	0	0
1	1	UID824272	1	1	0	0
1	1	UID824273	1	1	0	0
1	1	UID824286	1	1	0	0
1	1	UID824288	1	1	0	0
1	1	UID824289	1	1	0	0
1	1	UID824301	1	1	0	0
1	1	UID824307	1	1	0	0
1	1	UID824309	1	1	0	0
1	1	UID824311	1	1	0	0
1	1	UID824379	1	1	0	0
1	1	UID824424	1	1	0	0
1	1	UID824427	1	1	0	0
1	1	UID824452	1	1	0	0
1	1	UID824457	1	1	0	0
1	1	UID824469	1	1	0	0
1	1	UID824482	1	1	0	0
1	1	UID824485	1	1	0	0
1	1	UID824486	1	1	0	0
1	1	UID824487	1	1	0	0
1	1	UID824488	1	1	0	0
1	1	UID824493	1	1	0	0
1	1	UID824494	1	1	0	0
1	1	UID824495	1	1	0	0
1	1	UID824501	1	1	0	0
1	1	UID824502	1	1	0	0
1	1	UID824510	1	1	0	0
1	1	UID824512	1	1	0	0
1	1	UID824513	1	1	0	0
1	1	UID824520	1	1	0	0
1	1	UID824526	1	1	0	0
1	1	UID824527	1	1	0	0
1	1	UID824543	1	1	0	0
1	1	UID824570	1	1	0	0
1	1	UID824573	1	1	0	0
1	1	UID824576	1	1	0	0
1	1	UID824602	1	1	0	0
1	1	UID824615	1	1	0	0
1	1	UID824622	1	1	0	0
1	1	UID824624	1	1	0	0
1	1	UID824643	1	1	0	0
1	1	UID824646	1	1	0	0
1	1	UID824651	1	1	0	0
1	1	UID824653	1	1	0	0
1	1	UID824662	1	1	0	0
1	1	UID824695	1	1	0	0
1	1	UID824702	1	1	0	0
1	1	UID824703	1	1	0	0
1	1	UID824719	1	1	0	0
1	1	UID824722	1	1	0	0
1	1	UID824731	1	1	0	0
1	1	UID824741	1	1	0	0
1	1	UID824747	1	1	0	0
1	1	UID824771	1	1	0	0
1	1	UID824792	1	1	0	0
1	1	UID824800	1	1	0	0
1	1	UID824803	1	1	0	0
1	1	UID824806	1	1	0	0
1	1	UID824830	1	1	0	0
1	1	UID824878	1	1	0	0
1	1	UID824892	1	1	0	0
1	1	UID824912	1	1	0	0
1	1	UID824914	1	1	0	0
1	1	UID824916	1	1	0	0
1	1	UID824917	1	1	0	0
1	1	UID824922	1	1	0	0
1	1	UID824935	1	1	0	0
1	1	UID824940	1	1	0	0
1	1	UID824945	1	1	0	0
1	1	UID824958	1	1	0	0
1	1	UID824974	1	1	0	0
1	1	UID824975	1	1	0	0
1	1	UID824976	1	1	0	0
1	1	UID824978	1	1	0	0
1	1	UID824984	1	1	0	0
1	1	UID824995	1	1	0	0
1	1	UID824996	1	1	0	0
1	1	UID825001	1	1	0	0
1	1	UID825021	1	1	0	0
1	1	UID825035	1	1	0	0
1	1	UID825050	1	1	0	0
1	1	UID825067	1	1	0	0
1	1	UID825074	1	1	0	0
1	1	UID825075	1	1	0	0
1	1	UID825079	1	1	0	0
1	1	UID825098	1	1	0	0
1	1	UID825113	1	1	0	0
1	1	UID825116	1	1	0	0
1	1	UID825125	1	1	0	0
1	1	UID825126	1	1	0	0
1	1	UID825127	1	1	0	0
1	1	UID825129	1	1	0	0
1	1	UID825133	1	1	0	0
1	1	UID825135	1	1	0	0
1	1	UID825149	1	1	0	0
1	1	UID825150	1	1	0	0
1	1	UID825177	1	1	0	0
1	1	UID825180	1	1	0	0
2	2	UID825186	1	2	1	1
1	1	UID825208	1	1	0	0
1	1	UID825225	1	1	0	0
1	1	UID825234	1	1	0	0
1	1	UID825238	1	1	0	0
1	1	UID825241	1	1	0	0
1	1	UID825242	1	1	0	0
1	1	UID825289	1	1	0	0
1	1	UID825295	1	1	0	0
1	1	UID825313	1	1	0	0
1	1	UID825320	1	1	0	0
1	1	UID825322	1	1	0	0
1	1	UID825329	1	1	0	0
1	1	UID825332	1	1	0	0
1	1	UID825361	1	1	0	0
1	1	UID825362	1	1	0	0
1	1	UID825372	1	1	0	0
1	1	UID825373	1	1	0	0
1	1	UID825375	1	1	0	0
1	1	UID825381	1	1	0	0
1	1	UID825385	1	1	0	0
1	1	UID825406	1	1	0	0
1	1	UID825468	1	1	0	0
1	1	UID825476	1	1	0	0
1	1	UID825490	1	1	0	0
1	1	UID825494	1	1	0	0
1	1	UID825500	1	1	0	0
1	1	UID825505	1	1	0	0
1	1	UID825510	1	1	0	0
1	1	UID825511	1	1	0	0
1	1	UID825521	1	1	0	0
1	1	UID825531	1	1	0	0
1	1	UID825537	1	1	0	0
1	1	UID825540	1	1	0	0
1	1	UID825541	1	1	0	0
1	1	UID825542	1	1	0	0
1	1	UID825577	1	1	0	0
1	1	UID825579	1	1	0	0
1	1	UID825580	1	1	0	0
1	1	UID825584	1	1	0	0
1	1	UID825593	1	1	0	0
1	1	UID825651	1	1	0	0
1	1	UID825655	1	1	0	0
1	1	UID825673	1	1	0	0
1	1	UID825678	1	1	0	0
1	1	UID825688	1	1	0	0
1	1	UID825702	1	1	0	0
1	1	UID825714	1	1	0	0
1	1	UID825716	1	1	0	0
1	1	UID825719	1	1	0	0
1	1	UID825721	1	1	0	0
1	1	UID825722	1	1	0	0
1	1	UID825723	1	1	0	0
1	1	UID825725	1	1	0	0
1	1	UID825728	1	1	0	0
1	1	UID825729	1	1	0	0
1	1	UID825730	1	1	0	0
1	1	UID825738	1	1	0	0
1	1	UID825759	1	1	0	0
1	1	UID825760	1	1	0	0
1	1	UID825804	1	1	0	0
1	1	UID825814	1	1	0	0
1	1	UID825827	1	1	0	0
1	1	UID825841	1	1	0	0
1	1	UID825853	1	1	0	0
1	1	UID825856	1	1	0	0
1	1	UID825884	1	1	0	0
1	1	UID825911	1	1	0	0
1	1	UID825924	1	1	0	0
1	1	UID825925	1	1	0	0
1	1	UID825950	1	1	0	0
1	1	UID825954	1	1	0	0
1	1	UID825963	1	1	0	0
1	1	UID825975	1	1	0	0
1	1	UID825980	1	1	0	0
1	1	UID825981	1	1	0	0
1	1	UID825984	1	1	0	0
1	1	UID825990	1	1	0	0
1	1	UID826010	1	1	0	0
1	1	UID826023	1	1	0	0
1	1	UID826031	1	1	0	0
1	1	UID826032	1	1	0	0
1	1	UID826047	1	1	0	0
1	1	UID826052	1	1	0	0
1	1	UID826067	1	1	0	0
1	1	UID826068	1	1	0	0
1	1	UID826076	1	1	0	0
1	1	UID826079	1	1	0	0
1	1	UID826083	1	1	0	0
1	1	UID826109	1	1	0	0
1	1	UID826114	1	1	0	0
1	1	UID826115	1	1	0	0
1	1	UID826119	1	1	0	0
1	1	UID826124	1	1	0	0
1	1	UID826134	1	1	0	0
1	1	UID826163	1	1	0	0
1	1	UID826164	1	1	0	0
1	1	UID826177	1	1	0	0
1	1	UID826187	1	1	0	0
1	1	UID826197	1	1	0	0
1	1	UID826205	1	1	0	0
1	1	UID826219	1	1	0	0
1	1	UID826229	1	1	0	0
1	1	UID826235	1	1	0	0
1	1	UID826240	1	1	0	0
1	1	UID826245	1	1	0	0
1	1	UID826248	1	1	0	0
1	1	UID826250	1	1	0	0
1	1	UID826268	1	1	0	0
1	1	UID826269	1	1	0	0
1	1	UID826287	1	1	0	0
1	1	UID826301	1	1	0	0
1	1	UID826306	1	1	0	0
1	1	UID826309	1	1	0	0
1	1	UID826319	1	1	0	0
1	1	UID826348	1	1	0	0
1	1	UID826353	1	1	0	0
1	1	UID826355	1	1	0	0
1	1	UID826356	1	1	0	0
1	1	UID826439	1	1	0	0
1	1	UID826458	1	1	0	0
1	1	UID826482	1	1	0	0
1	1	UID826529	1	1	0	0
1	1	UID826530	1	1	0	0
1	1	UID826534	1	1	0	0
1	1	UID826535	1	1	0	0
1	1	UID826540	1	1	0	0
1	1	UID826548	1	1	0	0
1	1	UID826561	1	1	0	0
1	1	UID826562	1	1	0	0
1	1	UID826567	1	1	0	0
1	1	UID826586	1	1	0	0
1	1	UID826592	1	1	0	0
1	1	UID826595	1	1	0	0
1	1	UID826599	1	1	0	0
1	1	UID826623	1	1	0	0
1	1	UID826660	1	1	0	0
1	1	UID826666	1	1	0	0
1	1	UID826673	1	1	0	0
1	1	UID826682	1	1	0	0
1	1	UID826774	1	1	0	0
1	1	UID826823	1	1	0	0
1	1	UID826858	1	1	0	0
1	1	UID826904	1	1	0	0
1	1	UID826909	1	1	0	0
1	1	UID826920	1	1	0	0
1	1	UID826924	1	1	0	0
1	1	UID826925	1	1	0	0
1	1	UID827027	1	1	0	0
1	1	UID827032	1	1	0	0
1	1	UID827035	1	1	0	0
1	1	UID827068	1	1	0	0
1	1	UID827070	1	1	0	0
1	1	UID827076	1	1	0	0
1	1	UID827077	1	1	0	0
1	1	UID827086	1	1	0	0
1	1	UID827102	1	1	0	0
1	1	UID827106	1	1	0	0
1	1	UID827108	1	1	0	0
1	1	UID827111	1	1	0	0
1	1	UID827122	1	1	0	0
1	1	UID827128	1	1	0	0
1	1	UID827148	1	1	0	0
1	1	UID827156	1	1	0	0
1	1	UID827157	1	1	0	0
1	1	UID827167	1	1	0	0
1	1	UID827169	1	1	0	0
1	1	UID827170	1	1	0	0
1	1	UID827190	1	1	0	0
1	1	UID827195	1	1	0	0
1	1	UID827198	1	1	0	0
1	1	UID827202	1	1	0	0
1	1	UID827204	1	1	0	0
1	1	UID827209	1	1	0	0
1	1	UID827210	1	1	0	0
1	1	UID827219	1	1	0	0
1	1	UID827222	1	1	0	0
1	1	UID827223	1	1	0	0
1	1	UID827240	1	1	0	0
1	1	UID827244	1	1	0	0
1	1	UID827249	1	1	0	0
1	1	UID827252	1	1	0	0
1	1	UID827257	1	1	0	0
1	1	UID827261	1	1	0	0
1	1	UID827265	1	1	0	0
1	1	UID827271	1	1	0	0
1	1	UID827272	1	1	0	0
1	1	UID827275	1	1	0	0
1	1	UID827292	1	1	0	0
1	1	UID827307	1	1	0	0
1	1	UID827317	1	1	0	0
1	1	UID827318	1	1	0	0
1	1	UID827370	1	1	0	0
1	1	UID827393	1	1	0	0
1	1	UID827399	1	1	0	0
1	1	UID827404	1	1	0	0
1	1	UID827406	1	1	0	0
1	1	UID827407	1	1	0	0
1	1	UID827408	1	1	0	0
1	1	UID827418	1	1	0	0
1	1	UID827424	1	1	0	0
1	1	UID827428	1	1	0	0
1	1	UID827429	1	1	0	0
1	1	UID827431	1	1	0	0
1	1	UID827438	1	1	0	0
1	1	UID827444	1	1	0	0
1	1	UID827465	1	1	0	0
1	1	UID827470	1	1	0	0
1	1	UID827481	1	1	0	0
1	1	UID827483	1	1	0	0
1	1	UID827484	1	1	0	0
1	1	UID827491	1	1	0	0
1	1	UID827493	1	1	0	0
1	1	UID827496	1	1	0	0
1	1	UID827498	1	1	0	0
1	1	UID827501	1	1	0	0
1	1	UID827502	1	1	0	0
1	1	UID827504	1	1	0	0
1	1	UID827521	1	1	0	0
1	1	UID827529	1	1	0	0
1	1	UID827532	1	1	0	0
1	1	UID827535	1	1	0	0
1	1	UID827562	1	1	0	0
1	1	UID827566	1	1	0	0
1	1	UID827627	1	1	0	0
1	1	UID827634	1	1	0	0
1	1	UID827635	1	1	0	0
1	1	UID827636	1	1	0	0
1	1	UID827643	1	1	0	0
1	1	UID827647	1	1	0	0
1	1	UID827650	1	1	0	0
1	1	UID827652	1	1	0	0
1	1	UID827663	1	1	0	0
2	2	UID827667	1	2	1	1
1	1	UID827676	1	1	0	0
1	1	UID827682	1	1	0	0
1	1	UID827690	1	1	0	0
1	1	UID827691	1	1	0	0
1	1	UID827717	1	1	0	0
1	1	UID827721	1	1	0	0
1	1	UID827723	1	1	0	0
1	1	UID827724	1	1	0	0
1	1	UID827730	1	1	0	0
1	1	UID827733	1	1	0	0
1	1	UID827736	1	1	0	0
1	1	UID827739	1	1	0	0
1	1	UID827751	1	1	0	0
2	2	UID827778	1	2	1	1
1	1	UID827822	1	1	0	0
1	1	UID827827	1	1	0	0
1	1	UID827829	1	1	0	0
1	1	UID827832	1	1	0	0
1	1	UID827837	1	1	0	0
1	1	UID827851	1	1	0	0
1	1	UID827861	1	1	0	0
1	1	UID827864	1	1	0	0
1	1	UID827867	1	1	0	0
1	1	UID827874	1	1	0	0
1	1	UID827875	1	1	0	0
1	1	UID827878	1	1	0	0
1	1	UID827918	1	1	0	0
1	1	UID827937	1	1	0	0
1	1	UID827938	1	1	0	0
1	1	UID827945	1	1	0	0
1	1	UID827946	1	1	0	0
1	1	UID827947	1	1	0	0
1	1	UID827956	1	1	0	0
1	1	UID827958	1	1	0	0
1	1	UID827959	1	1	0	0
1	1	UID827960	1	1	0	0
1	1	UID827961	1	1	0	0
1	1	UID827962	1	1	0	0
1	1	UID827964	1	1	0	0
1	1	UID827969	1	1	0	0
1	1	UID827977	1	1	0	0
1	1	UID827987	1	1	0	0
1	1	UID827994	1	1	0	0
1	1	UID827995	1	1	0	0
1	1	UID827996	1	1	0	0
1	1	UID828003	1	1	0	0
1	1	UID828006	1	1	0	0
1	1	UID828039	1	1	0	0
1	1	UID828048	1	1	0	0
1	1	UID828050	1	1	0	0
1	1	UID828085	1	1	0	0
1	1	UID828089	1	1	0	0
1	1	UID828105	1	1	0	0
1	1	UID828107	1	1	0	0
1	1	UID828126	1	1	0	0
1	1	UID828129	1	1	0	0
1	1	UID828130	1	1	0	0
1	1	UID828143	1	1	0	0
1	1	UID828149	1	1	0	0
1	1	UID828150	1	1	0	0
1	1	UID828155	1	1	0	0
1	1	UID828158	1	1	0	0
1	1	UID828174	1	1	0	0
1	1	UID828177	1	1	0	0
1	1	UID828178	1	1	0	0
1	1	UID828179	1	1	0	0
1	1	UID828181	1	1	0	0
1	1	UID828184	1	1	0	0
1	1	UID828194	1	1	0	0
1	1	UID828231	1	1	0	0
1	1	UID828238	1	1	0	0
1	1	UID828242	1	1	0	0
1	1	UID828243	1	1	0	0
1	1	UID828274	1	1	0	0
1	1	UID828282	1	1	0	0
1	1	UID828317	1	1	0	0
1	1	UID828318	1	1	0	0
1	1	UID828324	1	1	0	0
1	1	UID828326	1	1	0	0
1	1	UID828331	1	1	0	0
1	1	UID828352	1	1	0	0
1	1	UID828356	1	1	0	0
1	1	UID828359	1	1	0	0
1	1	UID828369	1	1	0	0
1	1	UID828373	1	1	0	0
1	1	UID828380	1	1	0	0
1	1	UID828395	1	1	0	0
1	1	UID828409	1	1	0	0
1	1	UID828419	1	1	0	0
1	1	UID828420	1	1	0	0
1	1	UID828421	1	1	0	0
1	1	UID828424	1	1	0	0
1	1	UID828451	1	1	0	0
2	2	UID828452	1	2	1	1
1	1	UID828457	1	1	0	0
1	1	UID828460	1	1	0	0
1	1	UID828470	1	1	0	0
2	2	UID828475	1	2	1	1
1	1	UID828480	1	1	0	0
1	1	UID828481	1	1	0	0
1	1	UID828491	1	1	0	0
1	1	UID828494	1	1	0	0
1	1	UID828500	1	1	0	0
1	1	UID828530	1	1	0	0
1	1	UID828552	1	1	0	0
1	1	UID828564	1	1	0	0
1	1	UID828570	1	1	0	0
1	1	UID828581	1	1	0	0
1	1	UID828585	1	1	0	0
1	1	UID828587	1	1	0	0
1	1	UID828600	1	1	0	0
1	1	UID828609	1	1	0	0
1	1	UID828621	1	1	0	0
1	1	UID828625	1	1	0	0
1	1	UID828629	1	1	0	0
1	1	UID828641	1	1	0	0
1	1	UID828642	1	1	0	0
1	1	UID828668	1	1	0	0
1	1	UID828696	1	1	0	0
1	1	UID828711	1	1	0	0
1	1	UID828734	1	1	0	0
1	1	UID828743	1	1	0	0
1	1	UID828753	1	1	0	0
1	1	UID828805	1	1	0	0
1	1	UID828816	1	1	0	0
1	1	UID828818	1	1	0	0
1	1	UID828827	1	1	0	0
1	1	UID828838	1	1	0	0
1	1	UID828843	1	1	0	0
1	1	UID828850	1	1	0	0
1	1	UID828860	1	1	0	0
1	1	UID828863	1	1	0	0
1	1	UID828865	1	1	0	0
1	1	UID828869	1	1	0	0
1	1	UID828876	1	1	0	0
1	1	UID828877	1	1	0	0
1	1	UID828878	1	1	0	0
1	1	UID828880	1	1	0	0
1	1	UID828885	1	1	0	0
1	1	UID828888	1	1	0	0
1	1	UID828899	1	1	0	0
1	1	UID828900	1	1	0	0
1	1	UID828908	1	1	0	0
1	1	UID828911	1	1	0	0
1	1	UID828919	1	1	0	0
1	1	UID828920	1	1	0	0
1	1	UID828929	1	1	0	0
1	1	UID828963	1	1	0	0
1	1	UID828966	1	1	0	0
1	1	UID828979	1	1	0	0
1	1	UID828983	1	1	0	0
1	1	UID828986	1	1	0	0
1	1	UID828993	1	1	0	0
1	1	UID828999	1	1	0	0
1	1	UID829000	1	1	0	0
1	1	UID829009	1	1	0	0
1	1	UID829013	1	1	0	0
1	1	UID829015	1	1	0	0
1	1	UID829026	1	1	0	0
1	1	UID829027	1	1	0	0
1	1	UID829043	1	1	0	0
1	1	UID829061	1	1	0	0
1	1	UID829070	1	1	0	0
1	1	UID829076	1	1	0	0
1	1	UID829077	1	1	0	0
1	1	UID829083	1	1	0	0
1	1	UID829120	1	1	0	0
1	1	UID829161	1	1	0	0
1	1	UID829162	1	1	0	0
1	1	UID829164	1	1	0	0
1	1	UID829176	1	1	0	0
1	1	UID829183	1	1	0	0
1	1	UID829184	1	1	0	0
1	1	UID829193	1	1	0	0
1	1	UID829194	1	1	0	0
1	1	UID829196	1	1	0	0
1	1	UID829200	1	1	0	0
1	1	UID829203	1	1	0	0
1	1	UID829206	1	1	0	0
1	1	UID829212	1	1	0	0
1	1	UID829223	1	1	0	0
1	1	UID829242	1	1	0	0
1	1	UID829288	1	1	0	0
1	1	UID829302	1	1	0	0
1	1	UID829309	1	1	0	0
1	1	UID829310	1	1	0	0
1	1	UID829325	1	1	0	0
1	1	UID829327	1	1	0	0
1	1	UID829351	1	1	0	0
1	1	UID829355	1	1	0	0
1	1	UID829359	1	1	0	0
1	1	UID829378	1	1	0	0
1	1	UID829384	1	1	0	0
1	1	UID829387	1	1	0	0
1	1	UID829394	1	1	0	0
1	1	UID829396	1	1	0	0
1	1	UID829398	1	1	0	0
1	1	UID829400	1	1	0	0
1	1	UID829403	1	1	0	0
1	1	UID829415	1	1	0	0
1	1	UID829416	1	1	0	0
1	1	UID829425	1	1	0	0
1	1	UID829428	1	1	0	0
1	1	UID829447	1	1	0	0
1	1	UID829448	1	1	0	0
1	1	UID829450	1	1	0	0
1	1	UID829454	1	1	0	0
1	1	UID829478	1	1	0	0
1	1	UID829488	1	1	0	0
1	1	UID829497	1	1	0	0
1	1	UID829505	1	1	0	0
1	1	UID829512	1	1	0	0
1	1	UID829513	1	1	0	0
1	1	UID829517	1	1	0	0
1	1	UID829528	1	1	0	0
1	1	UID829530	1	1	0	0
1	1	UID829536	1	1	0	0
1	1	UID829570	1	1	0	0
1	1	UID829571	1	1	0	0
1	1	UID829572	1	1	0	0
1	1	UID829573	1	1	0	0
1	1	UID829577	1	1	0	0
1	1	UID829582	1	1	0	0
1	1	UID829585	1	1	0	0
1	1	UID829586	1	1	0	0
1	1	UID829602	1	1	0	0
1	1	UID829624	1	1	0	0
1	1	UID829629	1	1	0	0
1	1	UID829649	1	1	0	0
1	1	UID829656	1	1	0	0
1	1	UID829660	1	1	0	0
1	1	UID829661	1	1	0	0
1	1	UID829665	1	1	0	0
1	1	UID829666	1	1	0	0
1	1	UID829667	1	1	0	0
1	1	UID829668	1	1	0	0
1	1	UID829669	1	1	0	0
1	1	UID829672	1	1	0	0
1	1	UID829674	1	1	0	0
1	1	UID829678	1	1	0	0
1	1	UID829681	1	1	0	0
1	1	UID829683	1	1	0	0
1	1	UID829686	1	1	0	0
1	1	UID829688	1	1	0	0
1	1	UID829694	1	1	0	0
1	1	UID829696	1	1	0	0
1	1	UID829700	1	1	0	0
1	1	UID829705	1	1	0	0
1	1	UID829706	1	1	0	0
1	1	UID829714	1	1	0	0
1	1	UID829725	1	1	0	0
2	2	UID829729	1	2	1	1
1	1	UID829735	1	1	0	0
1	1	UID829736	1	1	0	0
1	1	UID829738	1	1	0	0
1	1	UID829790	1	1	0	0
1	1	UID829800	1	1	0	0
1	1	UID829809	1	1	0	0
1	1	UID829830	1	1	0	0
1	1	UID829839	1	1	0	0
1	1	UID829842	1	1	0	0
1	1	UID829844	1	1	0	0
1	1	UID829849	1	1	0	0
1	1	UID829860	1	1	0	0
1	1	UID829861	1	1	0	0
1	1	UID829886	1	1	0	0
1	1	UID829901	1	1	0	0
1	1	UID829911	1	1	0	0
3	3	UID829918	1	3	2	2
1	1	UID829922	1	1	0	0
1	1	UID829927	1	1	0	0
1	1	UID829946	1	1	0	0
1	1	UID829950	1	1	0	0
1	1	UID829951	1	1	0	0
1	1	UID829952	1	1	0	0
1	1	UID829953	1	1	0	0
1	1	UID829956	1	1	0	0
1	1	UID829957	1	1	0	0
1	1	UID829968	1	1	0	0
1	1	UID829977	1	1	0	0
1	1	UID829987	1	1	0	0
1	1	UID829993	1	1	0	0
1	1	UID829996	1	1	0	0
1	1	UID830001	1	1	0	0
1	1	UID830002	1	1	0	0
1	1	UID830006	1	1	0	0
1	1	UID830034	1	1	0	0
1	1	UID830039	1	1	0	0
1	1	UID830080	1	1	0	0
1	1	UID830088	1	1	0	0
1	1	UID830104	1	1	0	0
1	1	UID830129	1	1	0	0
1	1	UID830135	1	1	0	0
1	1	UID830136	1	1	0	0
1	1	UID830154	1	1	0	0
1	1	UID830156	1	1	0	0
1	1	UID830162	1	1	0	0
1	1	UID830165	1	1	0	0
1	1	UID830166	1	1	0	0
1	1	UID830169	1	1	0	0
1	1	UID830177	1	1	0	0
1	1	UID830182	1	1	0	0
1	1	UID830183	1	1	0	0
1	1	UID830185	1	1	0	0
1	1	UID830189	1	1	0	0
1	1	UID830192	1	1	0	0
1	1	UID830199	1	1	0	0
1	1	UID830200	1	1	0	0
1	1	UID830202	1	1	0	0
1	1	UID830209	1	1	0	0
1	1	UID830217	1	1	0	0
1	1	UID830226	1	1	0	0
1	1	UID830228	1	1	0	0
1	1	UID830229	1	1	0	0
1	1	UID830234	1	1	0	0
1	1	UID830242	1	1	0	0
1	1	UID830244	1	1	0	0
1	1	UID830247	1	1	0	0
1	1	UID830249	1	1	0	0
1	1	UID830251	1	1	0	0
1	1	UID830252	1	1	0	0
1	1	UID830253	1	1	0	0
1	1	UID830260	1	1	0	0
1	1	UID830261	1	1	0	0
1	1	UID830268	1	1	0	0
1	1	UID830269	1	1	0	0
1	1	UID830275	1	1	0	0
1	1	UID830281	1	1	0	0
1	1	UID830289	1	1	0	0
1	1	UID830293	1	1	0	0
1	1	UID830364	1	1	0	0
1	1	UID830366	1	1	0	0
1	1	UID830383	1	1	0	0
1	1	UID830385	1	1	0	0
1	1	UID830387	1	1	0	0
1	1	UID830395	1	1	0	0
1	1	UID830399	1	1	0	0
1	1	UID830411	1	1	0	0
1	1	UID830420	1	1	0	0
1	1	UID830423	1	1	0	0
1	1	UID830433	1	1	0	0
1	1	UID830437	1	1	0	0
1	1	UID830439	1	1	0	0
1	1	UID830469	1	1	0	0
1	1	UID830471	1	1	0	0
1	1	UID830481	1	1	0	0
1	1	UID830511	1	1	0	0
1	1	UID830512	1	1	0	0
1	1	UID830514	1	1	0	0
1	1	UID830516	1	1	0	0
1	1	UID830519	1	1	0	0
1	1	UID830520	1	1	0	0
1	1	UID830527	1	1	0	0
1	1	UID830534	1	1	0	0
1	1	UID830537	1	1	0	0
1	1	UID830542	1	1	0	0
1	1	UID830570	1	1	0	0
1	1	UID830572	1	1	0	0
1	1	UID830573	1	1	0	0
1	1	UID830624	1	1	0	0
1	1	UID830632	1	1	0	0
1	1	UID830637	1	1	0	0
1	1	UID830638	1	1	0	0
1	1	UID830639	1	1	0	0
1	1	UID830640	1	1	0	0
1	1	UID830658	1	1	0	0
1	1	UID830682	1	1	0	0
1	1	UID830683	1	1	0	0
1	1	UID830691	1	1	0	0
1	1	UID830693	1	1	0	0
1	1	UID830710	1	1	0	0
1	1	UID830720	1	1	0	0
1	1	UID830723	1	1	0	0
1	1	UID830726	1	1	0	0
1	1	UID830730	1	1	0	0
1	1	UID830731	1	1	0	0
1	1	UID830783	1	1	0	0
1	1	UID830785	1	1	0	0
1	1	UID830788	1	1	0	0
1	1	UID830790	1	1	0	0
1	1	UID830795	1	1	0	0
1	1	UID830796	1	1	0	0
1	1	UID830812	1	1	0	0
1	1	UID830816	1	1	0	0
1	1	UID830817	1	1	0	0
1	1	UID830818	1	1	0	0
1	1	UID830822	1	1	0	0
1	1	UID830825	1	1	0	0
1	1	UID830833	1	1	0	0
1	1	UID830850	1	1	0	0
1	1	UID830870	1	1	0	0
1	1	UID830871	1	1	0	0
1	1	UID830873	1	1	0	0
1	1	UID830944	1	1	0	0
1	1	UID830950	1	1	0	0
1	1	UID830958	1	1	0	0
1	1	UID830962	1	1	0	0
1	1	UID830976	1	1	0	0
1	1	UID830979	1	1	0	0
1	1	UID830986	1	1	0	0
1	1	UID830996	1	1	0	0
1	1	UID831005	1	1	0	0
1	1	UID831017	1	1	0	0
1	1	UID831021	1	1	0	0
1	1	UID831025	1	1	0	0
1	1	UID831030	1	1	0	0
1	1	UID831031	1	1	0	0
1	1	UID831038	1	1	0	0
1	1	UID831039	1	1	0	0
1	1	UID831043	1	1	0	0
1	1	UID831050	1	1	0	0
1	1	UID831051	1	1	0	0
1	1	UID831073	1	1	0	0
1	1	UID831074	1	1	0	0
1	1	UID831075	1	1	0	0
1	1	UID831076	1	1	0	0
1	1	UID831079	1	1	0	0
1	1	UID831085	1	1	0	0
1	1	UID831091	1	1	0	0
1	1	UID831100	1	1	0	0
1	1	UID831105	1	1	0	0
1	1	UID831110	1	1	0	0
1	1	UID831111	1	1	0	0
1	1	UID831115	1	1	0	0
1	1	UID831116	1	1	0	0
2	2	UID831124	1	2	1	1
1	1	UID831128	1	1	0	0
1	1	UID831130	1	1	0	0
1	1	UID831132	1	1	0	0
1	1	UID831135	1	1	0	0
1	1	UID831137	1	1	0	0
1	1	UID831140	1	1	0	0
1	1	UID831143	1	1	0	0
1	1	UID831145	1	1	0	0
1	1	UID831146	1	1	0	0
1	1	UID831147	1	1	0	0
1	1	UID831150	1	1	0	0
1	1	UID831158	1	1	0	0
1	1	UID831159	1	1	0	0
1	1	UID831160	1	1	0	0
1	1	UID831162	1	1	0	0
1	1	UID831164	1	1	0	0
1	1	UID831166	1	1	0	0
1	1	UID831167	1	1	0	0
1	1	UID831168	1	1	0	0
1	1	UID831171	1	1	0	0
1	1	UID831172	1	1	0	0
1	1	UID831175	1	1	0	0
1	1	UID831176	1	1	0	0
1	1	UID831177	1	1	0	0
1	1	UID831179	1	1	0	0
1	1	UID831180	1	1	0	0
1	1	UID831181	1	1	0	0
1	1	UID831183	1	1	0	0
1	1	UID831184	1	1	0	0
1	1	UID831185	1	1	0	0
1	1	UID831186	1	1	0	0
1	1	UID831187	1	1	0	0
1	1	UID831191	1	1	0	0
1	1	UID831197	1	1	0	0
1	1	UID831199	1	1	0	0
1	1	UID831201	1	1	0	0
1	1	UID831203	1	1	0	0
1	1	UID831216	1	1	0	0
1	1	UID831219	1	1	0	0
1	1	UID831220	1	1	0	0
1	1	UID831227	1	1	0	0
1	1	UID831232	1	1	0	0
1	1	UID831243	1	1	0	0
1	1	UID831245	1	1	0	0
1	1	UID831248	1	1	0	0
1	1	UID831260	1	1	0	0
1	1	UID831289	1	1	0	0
1	1	UID831301	1	1	0	0
1	1	UID831302	1	1	0	0
1	1	UID831310	1	1	0	0
1	1	UID831321	1	1	0	0
1	1	UID831324	1	1	0	0
1	1	UID831336	1	1	0	0
1	1	UID831341	1	1	0	0
1	1	UID831344	1	1	0	0
1	1	UID831356	1	1	0	0
1	1	UID831358	1	1	0	0
1	1	UID831360	1	1	0	0
1	1	UID831371	1	1	0	0
1	1	UID831375	1	1	0	0
1	1	UID831382	1	1	0	0
1	1	UID831385	1	1	0	0
1	1	UID831390	1	1	0	0
1	1	UID831394	1	1	0	0
1	1	UID831397	1	1	0	0
1	1	UID831398	1	1	0	0
1	1	UID831411	1	1	0	0
1	1	UID831416	1	1	0	0
1	1	UID831417	1	1	0	0
1	1	UID831418	1	1	0	0
1	1	UID831420	1	1	0	0
1	1	UID831424	1	1	0	0
1	1	UID831425	1	1	0	0
1	1	UID831426	1	1	0	0
1	1	UID831427	1	1	0	0
1	1	UID831429	1	1	0	0
1	1	UID831447	1	1	0	0
1	1	UID831452	1	1	0	0
1	1	UID831461	1	1	0	0
1	1	UID831482	1	1	0	0
1	1	UID831487	1	1	0	0
1	1	UID831496	1	1	0	0
1	1	UID831500	1	1	0	0
1	1	UID831534	1	1	0	0
1	1	UID831535	1	1	0	0
1	1	UID831545	1	1	0	0
1	1	UID831548	1	1	0	0
1	1	UID831559	1	1	0	0
1	1	UID831587	1	1	0	0
1	1	UID831595	1	1	0	0
1	1	UID831598	1	1	0	0
1	1	UID831600	1	1	0	0
1	1	UID831601	1	1	0	0
1	1	UID831603	1	1	0	0
1	1	UID831607	1	1	0	0
1	1	UID831608	1	1	0	0
1	1	UID831616	1	1	0	0
1	1	UID831620	1	1	0	0
1	1	UID831631	1	1	0	0
2	2	UID831637	1	2	1	1
1	1	UID831639	1	1	0	0
1	1	UID831643	1	1	0	0
1	1	UID831644	1	1	0	0
1	1	UID831651	1	1	0	0
1	1	UID831652	1	1	0	0
1	1	UID831654	1	1	0	0
2	2	UID831655	1	2	1	1
1	1	UID831658	1	1	0	0
1	1	UID831659	1	1	0	0
1	1	UID831663	1	1	0	0
1	1	UID831668	1	1	0	0
1	1	UID831685	1	1	0	0
1	1	UID831689	1	1	0	0
1	1	UID831696	1	1	0	0
1	1	UID831697	1	1	0	0
1	1	UID831705	1	1	0	0
1	1	UID831710	1	1	0	0
1	1	UID831715	1	1	0	0
1	1	UID831716	1	1	0	0
1	1	UID831719	1	1	0	0
1	1	UID831730	1	1	0	0
1	1	UID831733	1	1	0	0
1	1	UID831738	1	1	0	0
1	1	UID831739	1	1	0	0
1	1	UID831744	1	1	0	0
1	1	UID831769	1	1	0	0
1	1	UID831770	1	1	0	0
1	1	UID831778	1	1	0	0
1	1	UID831786	1	1	0	0
1	1	UID831848	1	1	0	0
1	1	UID831853	1	1	0	0
1	1	UID831863	1	1	0	0
1	1	UID831872	1	1	0	0
1	1	UID831875	1	1	0	0
1	1	UID831878	1	1	0	0
1	1	UID831892	1	1	0	0
1	1	UID831895	1	1	0	0
1	1	UID831897	1	1	0	0
1	1	UID831902	1	1	0	0
1	1	UID831915	1	1	0	0
1	1	UID831916	1	1	0	0
1	1	UID831919	1	1	0	0
1	1	UID831926	1	1	0	0
1	1	UID831931	1	1	0	0
1	1	UID831933	1	1	0	0
1	1	UID831934	1	1	0	0
1	1	UID831935	1	1	0	0
1	1	UID831939	1	1	0	0
1	1	UID831941	1	1	0	0
1	1	UID831947	1	1	0	0
1	1	UID831951	1	1	0	0
1	1	UID831952	1	1	0	0
1	1	UID831953	1	1	0	0
1	1	UID831958	1	1	0	0
1	1	UID831960	1	1	0	0
1	1	UID831990	1	1	0	0
1	1	UID831991	1	1	0	0
1	1	UID831992	1	1	0	0
1	1	UID832015	1	1	0	0
1	1	UID832018	1	1	0	0
1	1	UID832043	1	1	0	0
1	1	UID832070	1	1	0	0
1	1	UID832074	1	1	0	0
1	1	UID832076	1	1	0	0
1	1	UID832121	1	1	0	0
1	1	UID832125	1	1	0	0
1	1	UID832129	1	1	0	0
1	1	UID832134	1	1	0	0
1	1	UID832142	1	1	0	0
1	1	UID832143	1	1	0	0
1	1	UID832150	1	1	0	0
1	1	UID832153	1	1	0	0
1	1	UID832154	1	1	0	0
1	1	UID832160	1	1	0	0
1	1	UID832179	1	1	0	0
1	1	UID832184	1	1	0	0
1	1	UID832188	1	1	0	0
1	1	UID832189	1	1	0	0
1	1	UID832190	1	1	0	0
1	1	UID832191	1	1	0	0
1	1	UID832193	1	1	0	0
1	1	UID832195	1	1	0	0
1	1	UID832199	1	1	0	0
1	1	UID832200	1	1	0	0
1	1	UID832201	1	1	0	0
1	1	UID832203	1	1	0	0
1	1	UID832207	1	1	0	0
1	1	UID832212	1	1	0	0
1	1	UID832214	1	1	0	0
1	1	UID832216	1	1	0	0
1	1	UID832220	1	1	0	0
1	1	UID832241	1	1	0	0
1	1	UID832243	1	1	0	0
1	1	UID832272	1	1	0	0
1	1	UID832292	1	1	0	0
1	1	UID832298	1	1	0	0
1	1	UID832301	1	1	0	0
1	1	UID832305	1	1	0	0
1	1	UID832322	1	1	0	0
1	1	UID832329	1	1	0	0
1	1	UID832330	1	1	0	0
1	1	UID832331	1	1	0	0
1	1	UID832332	1	1	0	0
1	1	UID832333	1	1	0	0
1	1	UID832382	1	1	0	0
1	1	UID832393	1	1	0	0
1	1	UID832398	1	1	0	0
1	1	UID832401	1	1	0	0
1	1	UID832408	1	1	0	0
1	1	UID832410	1	1	0	0
1	1	UID832411	1	1	0	0
1	1	UID832415	1	1	0	0
1	1	UID832421	1	1	0	0
1	1	UID832431	1	1	0	0
1	1	UID832441	1	1	0	0
1	1	UID832448	1	1	0	0
1	1	UID832462	1	1	0	0
1	1	UID832465	1	1	0	0
1	1	UID832466	1	1	0	0
1	1	UID832471	1	1	0	0
1	1	UID832483	1	1	0	0
1	1	UID832491	1	1	0	0
1	1	UID832502	1	1	0	0
1	1	UID832504	1	1	0	0
1	1	UID832542	1	1	0	0
1	1	UID832559	1	1	0	0
1	1	UID832566	1	1	0	0
1	1	UID832601	1	1	0	0
1	1	UID832608	1	1	0	0
1	1	UID832613	1	1	0	0
1	1	UID832619	1	1	0	0
1	1	UID832620	1	1	0	0
1	1	UID832621	1	1	0	0
1	1	UID832628	1	1	0	0
1	1	UID832629	1	1	0	0
1	1	UID832631	1	1	0	0
1	1	UID832632	1	1	0	0
1	1	UID832638	1	1	0	0
1	1	UID832641	1	1	0	0
1	1	UID832647	1	1	0	0
1	1	UID832655	1	1	0	0
1	1	UID832658	1	1	0	0
1	1	UID832659	1	1	0	0
1	1	UID832662	1	1	0	0
1	1	UID832664	1	1	0	0
1	1	UID832672	1	1	0	0
1	1	UID832675	1	1	0	0
1	1	UID832676	1	1	0	0
1	1	UID832684	1	1	0	0
1	1	UID832688	1	1	0	0
1	1	UID832709	1	1	0	0
1	1	UID832718	1	1	0	0
1	1	UID832720	1	1	0	0
1	1	UID832723	1	1	0	0
1	1	UID832725	1	1	0	0
1	1	UID832734	1	1	0	0
1	1	UID832735	1	1	0	0
1	1	UID832737	1	1	0	0
1	1	UID832744	1	1	0	0
1	1	UID832749	1	1	0	0
1	1	UID832759	1	1	0	0
1	1	UID832763	1	1	0	0
2	2	UID832768	1	2	1	1
1	1	UID832771	1	1	0	0
1	1	UID832774	1	1	0	0
1	1	UID832778	1	1	0	0
1	1	UID832803	1	1	0	0
1	1	UID832804	1	1	0	0
1	1	UID832813	1	1	0	0
1	1	UID832841	1	1	0	0
1	1	UID832848	1	1	0	0
1	1	UID832872	1	1	0	0
1	1	UID832875	1	1	0	0
1	1	UID832887	1	1	0	0
1	1	UID832895	1	1	0	0
1	1	UID832897	1	1	0	0
1	1	UID832900	1	1	0	0
1	1	UID832902	1	1	0	0
1	1	UID832903	1	1	0	0
1	1	UID832905	1	1	0	0
1	1	UID832910	1	1	0	0
1	1	UID832912	1	1	0	0
1	1	UID832919	1	1	0	0
1	1	UID832929	1	1	0	0
1	1	UID832930	1	1	0	0
1	1	UID832934	1	1	0	0
1	1	UID832941	1	1	0	0
1	1	UID832947	1	1	0	0
1	1	UID832949	1	1	0	0
1	1	UID832957	1	1	0	0
1	1	UID832962	1	1	0	0
1	1	UID832963	1	1	0	0
1	1	UID832978	1	1	0	0
1	1	UID832987	1	1	0	0
1	1	UID832989	1	1	0	0
1	1	UID832990	1	1	0	0
1	1	UID832997	1	1	0	0
1	1	UID833000	1	1	0	0
1	1	UID833001	1	1	0	0
1	1	UID833016	1	1	0	0
1	1	UID833023	1	1	0	0
1	1	UID833024	1	1	0	0
1	1	UID833034	1	1	0	0
1	1	UID833049	1	1	0	0
1	1	UID833109	1	1	0	0
1	1	UID833119	1	1	0	0
1	1	UID833122	1	1	0	0
1	1	UID833123	1	1	0	0
1	1	UID833132	1	1	0	0
1	1	UID833150	1	1	0	0
1	1	UID833157	1	1	0	0
1	1	UID833162	1	1	0	0
1	1	UID833165	1	1	0	0
1	1	UID833166	1	1	0	0
1	1	UID833167	1	1	0	0
1	1	UID833173	1	1	0	0
1	1	UID833174	1	1	0	0
1	1	UID833175	1	1	0	0
1	1	UID833182	1	1	0	0
1	1	UID833187	1	1	0	0
1	1	UID833188	1	1	0	0
1	1	UID833190	1	1	0	0
1	1	UID833194	1	1	0	0
1	1	UID833198	1	1	0	0
1	1	UID833206	1	1	0	0
1	1	UID833211	1	1	0	0
1	1	UID833221	1	1	0	0
1	1	UID833259	1	1	0	0
1	1	UID833270	1	1	0	0
1	1	UID833274	1	1	0	0
1	1	UID833279	1	1	0	0
1	1	UID833281	1	1	0	0
1	1	UID833283	1	1	0	0
1	1	UID833290	1	1	0	0
1	1	UID833293	1	1	0	0
1	1	UID833309	1	1	0	0
1	1	UID833310	1	1	0	0
1	1	UID833337	1	1	0	0
1	1	UID833339	1	1	0	0
1	1	UID833359	1	1	0	0
1	1	UID833365	1	1	0	0
1	1	UID833367	1	1	0	0
1	1	UID833369	1	1	0	0
1	1	UID833384	1	1	0	0
1	1	UID833395	1	1	0	0
1	1	UID833398	1	1	0	0
1	1	UID833400	1	1	0	0
1	1	UID833417	1	1	0	0
1	1	UID833420	1	1	0	0
1	1	UID833421	1	1	0	0
1	1	UID833433	1	1	0	0
1	1	UID833436	1	1	0	0
1	1	UID833470	1	1	0	0
1	1	UID833476	1	1	0	0
1	1	UID833494	1	1	0	0
1	1	UID833497	1	1	0	0
1	1	UID833498	1	1	0	0
1	1	UID833500	1	1	0	0
1	1	UID833505	1	1	0	0
1	1	UID833506	1	1	0	0
1	1	UID833507	1	1	0	0
1	1	UID833508	1	1	0	0
1	1	UID833510	1	1	0	0
1	1	UID833514	1	1	0	0
1	1	UID833516	1	1	0	0
1	1	UID833528	1	1	0	0
1	1	UID833535	1	1	0	0
1	1	UID833537	1	1	0	0
1	1	UID833539	1	1	0	0
1	1	UID833541	1	1	0	0
1	1	UID833560	1	1	0	0
1	1	UID833562	1	1	0	0
1	1	UID833565	1	1	0	0
1	1	UID833571	1	1	0	0
1	1	UID833581	1	1	0	0
1	1	UID833605	1	1	0	0
1	1	UID833639	1	1	0	0
1	1	UID833647	1	1	0	0
1	1	UID833662	1	1	0	0
1	1	UID833673	1	1	0	0
1	1	UID833677	1	1	0	0
1	1	UID833685	1	1	0	0
1	1	UID833687	1	1	0	0
1	1	UID833701	1	1	0	0
1	1	UID833722	1	1	0	0
1	1	UID833723	1	1	0	0
1	1	UID833728	1	1	0	0
1	1	UID833735	1	1	0	0
1	1	UID833794	1	1	0	0
1	1	UID833813	1	1	0	0
1	1	UID833815	1	1	0	0
1	1	UID833816	1	1	0	0
1	1	UID833818	1	1	0	0
1	1	UID833819	1	1	0	0
1	1	UID833826	1	1	0	0
1	1	UID833857	1	1	0	0
1	1	UID833869	1	1	0	0
1	1	UID833876	1	1	0	0
1	1	UID833884	1	1	0	0
1	1	UID833891	1	1	0	0
1	1	UID833899	1	1	0	0
1	1	UID833904	1	1	0	0
1	1	UID833906	1	1	0	0
1	1	UID833907	1	1	0	0
1	1	UID833911	1	1	0	0
1	1	UID833922	1	1	0	0
1	1	UID833937	1	1	0	0
1	1	UID833958	1	1	0	0
2	2	UID833959	1	2	1	1
1	1	UID833969	1	1	0	0
1	1	UID833978	1	1	0	0
1	1	UID833979	1	1	0	0
1	1	UID833983	1	1	0	0
1	1	UID833989	1	1	0	0
1	1	UID833991	1	1	0	0
1	1	UID833999	1	1	0	0
1	1	UID834001	1	1	0	0
2	2	UID834008	1	2	1	1
1	1	UID834014	1	1	0	0
1	1	UID834022	1	1	0	0
1	1	UID834026	1	1	0	0
1	1	UID834027	1	1	0	0
1	1	UID834032	1	1	0	0
1	1	UID834033	1	1	0	0
1	1	UID834034	1	1	0	0
1	1	UID834037	1	1	0	0
1	1	UID834042	1	1	0	0
1	1	UID834044	1	1	0	0
1	1	UID834046	1	1	0	0
1	1	UID834054	1	1	0	0
1	1	UID834055	1	1	0	0
1	1	UID834057	1	1	0	0
1	1	UID834070	1	1	0	0
1	1	UID834072	1	1	0	0
1	1	UID834073	1	1	0	0
1	1	UID834074	1	1	0	0
1	1	UID834075	1	1	0	0
1	1	UID834080	1	1	0	0
1	1	UID834081	1	1	0	0
1	1	UID834082	1	1	0	0
1	1	UID834083	1	1	0	0
1	1	UID834084	1	1	0	0
1	1	UID834086	1	1	0	0
1	1	UID834097	1	1	0	0
1	1	UID834102	1	1	0	0
1	1	UID834109	1	1	0	0
1	1	UID834110	1	1	0	0
1	1	UID834111	1	1	0	0
1	1	UID834112	1	1	0	0
1	1	UID834114	1	1	0	0
1	1	UID834123	1	1	0	0
1	1	UID834124	1	1	0	0
1	1	UID834129	1	1	0	0
1	1	UID834133	1	1	0	0
1	1	UID834136	1	1	0	0
1	1	UID834144	1	1	0	0
1	1	UID834164	1	1	0	0
1	1	UID834173	1	1	0	0
1	1	UID834186	1	1	0	0
1	1	UID834192	1	1	0	0
1	1	UID834224	1	1	0	0
1	1	UID834229	1	1	0	0
1	1	UID834247	1	1	0	0
1	1	UID834249	1	1	0	0
1	1	UID834251	1	1	0	0
1	1	UID834264	1	1	0	0
1	1	UID834265	1	1	0	0
1	1	UID834283	1	1	0	0
1	1	UID834284	1	1	0	0
1	1	UID834285	1	1	0	0
1	1	UID834287	1	1	0	0
1	1	UID834290	1	1	0	0
1	1	UID834291	1	1	0	0
1	1	UID834308	1	1	0	0
1	1	UID834315	1	1	0	0
1	1	UID834317	1	1	0	0
1	1	UID834319	1	1	0	0
1	1	UID834320	1	1	0	0
1	1	UID834322	1	1	0	0
1	1	UID834325	1	1	0	0
1	1	UID834326	1	1	0	0
1	1	UID834330	1	1	0	0
1	1	UID834335	1	1	0	0
1	1	UID834337	1	1	0	0
1	1	UID834349	1	1	0	0
1	1	UID834350	1	1	0	0
1	1	UID834357	1	1	0	0
1	1	UID834358	1	1	0	0
1	1	UID834368	1	1	0	0
1	1	UID834370	1	1	0	0
1	1	UID834371	1	1	0	0
1	1	UID834377	1	1	0	0
1	1	UID834390	1	1	0	0
1	1	UID834393	1	1	0	0
1	1	UID834395	1	1	0	0
1	1	UID834397	1	1	0	0
1	1	UID834398	1	1	0	0
1	1	UID834429	1	1	0	0
1	1	UID834458	1	1	0	0
1	1	UID834471	1	1	0	0
1	1	UID834479	1	1	0	0
1	1	UID834514	1	1	0	0
1	1	UID834515	1	1	0	0
1	1	UID834517	1	1	0	0
1	1	UID834520	1	1	0	0
2	2	UID834523	1	2	1	1
1	1	UID834526	1	1	0	0
1	1	UID834527	1	1	0	0
1	1	UID834528	1	1	0	0
1	1	UID834532	1	1	0	0
1	1	UID834535	1	1	0	0
1	1	UID834537	1	1	0	0
1	1	UID834545	1	1	0	0
1	1	UID834552	1	1	0	0
1	1	UID834553	1	1	0	0
1	1	UID834555	1	1	0	0
1	1	UID834562	1	1	0	0
1	1	UID834579	1	1	0	0
1	1	UID834582	1	1	0	0
1	1	UID834591	1	1	0	0
1	1	UID834593	1	1	0	0
1	1	UID834594	1	1	0	0
1	1	UID834596	1	1	0	0
1	1	UID834612	1	1	0	0
1	1	UID834613	1	1	0	0
1	1	UID834619	1	1	0	0
1	1	UID834624	1	1	0	0
1	1	UID834644	1	1	0	0
1	1	UID834645	1	1	0	0
1	1	UID834652	1	1	0	0
1	1	UID834661	1	1	0	0
1	1	UID834673	1	1	0	0
1	1	UID834712	1	1	0	0
1	1	UID834726	1	1	0	0
1	1	UID834727	1	1	0	0
1	1	UID834742	1	1	0	0
1	1	UID834746	1	1	0	0
1	1	UID834755	1	1	0	0
1	1	UID834763	1	1	0	0
1	1	UID834765	1	1	0	0
1	1	UID834769	1	1	0	0
1	1	UID834773	1	1	0	0
1	1	UID834776	1	1	0	0
1	1	UID834781	1	1	0	0
1	1	UID834784	1	1	0	0
1	1	UID834788	1	1	0	0
1	1	UID834794	1	1	0	0
1	1	UID834806	1	1	0	0
1	1	UID834813	1	1	0	0
1	1	UID834814	1	1	0	0
1	1	UID834815	1	1	0	0
1	1	UID834820	1	1	0	0
1	1	UID834821	1	1	0	0
1	1	UID834826	1	1	0	0
1	1	UID834829	1	1	0	0
1	1	UID834830	1	1	0	0
1	1	UID834831	1	1	0	0
1	1	UID834835	1	1	0	0
1	1	UID834847	1	1	0	0
1	1	UID834849	1	1	0	0
1	1	UID834870	1	1	0	0
1	1	UID834873	1	1	0	0
1	1	UID834882	1	1	0	0
1	1	UID834883	1	1	0	0
1	1	UID834898	1	1	0	0
1	1	UID834912	1	1	0	0
1	1	UID834948	1	1	0	0
1	1	UID834954	1	1	0	0
1	1	UID834963	1	1	0	0
1	1	UID834968	1	1	0	0
1	1	UID834976	1	1	0	0
1	1	UID834989	1	1	0	0
1	1	UID834993	1	1	0	0
1	1	UID834994	1	1	0	0
1	1	UID834996	1	1	0	0
1	1	UID834997	1	1	0	0
1	1	UID835007	1	1	0	0
1	1	UID835015	1	1	0	0
1	1	UID835029	1	1	0	0
1	1	UID835039	1	1	0	0
1	1	UID835041	1	1	0	0
1	1	UID835073	1	1	0	0
1	1	UID835077	1	1	0	0
3	3	UID835091	1	3	2	2
1	1	UID835098	1	1	0	0
1	1	UID835104	1	1	0	0
1	1	UID835105	1	1	0	0
1	1	UID835111	1	1	0	0
1	1	UID835112	1	1	0	0
1	1	UID835114	1	1	0	0
1	1	UID835119	1	1	0	0
1	1	UID835120	1	1	0	0
1	1	UID835121	1	1	0	0
1	1	UID835122	1	1	0	0
1	1	UID835123	1	1	0	0
1	1	UID835124	1	1	0	0
1	1	UID835128	1	1	0	0
1	1	UID835142	1	1	0	0
1	1	UID835155	1	1	0	0
1	1	UID835171	1	1	0	0
1	1	UID835176	1	1	0	0
1	1	UID835178	1	1	0	0
1	1	UID835217	1	1	0	0
1	1	UID835230	1	1	0	0
1	1	UID835239	1	1	0	0
1	1	UID835243	1	1	0	0
1	1	UID835251	1	1	0	0
1	1	UID835257	1	1	0	0
1	1	UID835259	1	1	0	0
1	1	UID835261	1	1	0	0
1	1	UID835267	1	1	0	0
1	1	UID835270	1	1	0	0
1	1	UID835274	1	1	0	0
1	1	UID835277	1	1	0	0
1	1	UID835286	1	1	0	0
1	1	UID835290	1	1	0	0
1	1	UID835337	1	1	0	0
1	1	UID835365	1	1	0	0
1	1	UID835368	1	1	0	0
1	1	UID835370	1	1	0	0
1	1	UID835372	1	1	0	0
1	1	UID835376	1	1	0	0
1	1	UID835395	1	1	0	0
1	1	UID835415	1	1	0	0
1	1	UID835419	1	1	0	0
1	1	UID835427	1	1	0	0
1	1	UID835465	1	1	0	0
1	1	UID835475	1	1	0	0
1	1	UID835487	1	1	0	0
1	1	UID835491	1	1	0	0
1	1	UID835496	1	1	0	0
1	1	UID835499	1	1	0	0
1	1	UID835507	1	1	0	0
1	1	UID835523	1	1	0	0
1	1	UID835524	1	1	0	0
1	1	UID835529	1	1	0	0
1	1	UID835530	1	1	0	0
1	1	UID835531	1	1	0	0
1	1	UID835533	1	1	0	0
1	1	UID835534	1	1	0	0
1	1	UID835539	1	1	0	0
1	1	UID835541	1	1	0	0
2	2	UID835543	1	2	1	1
1	1	UID835546	1	1	0	0
1	1	UID835549	1	1	0	0
1	1	UID835550	1	1	0	0
1	1	UID835569	1	1	0	0
1	1	UID835582	1	1	0	0
1	1	UID835585	1	1	0	0
1	1	UID835589	1	1	0	0
1	1	UID835590	1	1	0	0
1	1	UID835596	1	1	0	0
1	1	UID835602	1	1	0	0
1	1	UID835604	1	1	0	0
1	1	UID835607	1	1	0	0
1	1	UID835609	1	1	0	0
1	1	UID835615	1	1	0	0
1	1	UID835651	1	1	0	0
1	1	UID835655	1	1	0	0
1	1	UID835657	1	1	0	0
1	1	UID835662	1	1	0	0
1	1	UID835698	1	1	0	0
1	1	UID835716	1	1	0	0
1	1	UID835736	1	1	0	0
1	1	UID835744	1	1	0	0
1	1	UID835762	1	1	0	0
1	1	UID835769	1	1	0	0
1	1	UID835771	1	1	0	0
1	1	UID835772	1	1	0	0
1	1	UID835777	1	1	0	0
1	1	UID835778	1	1	0	0
1	1	UID835783	1	1	0	0
1	1	UID835784	1	1	0	0
1	1	UID835789	1	1	0	0
1	1	UID835793	1	1	0	0
1	1	UID835794	1	1	0	0
1	1	UID835804	1	1	0	0
1	1	UID835809	1	1	0	0
1	1	UID835812	1	1	0	0
1	1	UID835819	1	1	0	0
1	1	UID835821	1	1	0	0
1	1	UID835822	1	1	0	0
1	1	UID835824	1	1	0	0
1	1	UID835825	1	1	0	0
1	1	UID835835	1	1	0	0
1	1	UID835839	1	1	0	0
1	1	UID835848	1	1	0	0
1	1	UID835852	1	1	0	0
1	1	UID835855	1	1	0	0
1	1	UID835870	1	1	0	0
1	1	UID835875	1	1	0	0
1	1	UID835888	1	1	0	0
1	1	UID835889	1	1	0	0
1	1	UID835890	1	1	0	0
1	1	UID835897	1	1	0	0
1	1	UID835900	1	1	0	0
1	1	UID835901	1	1	0	0
1	1	UID835908	1	1	0	0
1	1	UID835909	1	1	0	0
1	1	UID835922	1	1	0	0
1	1	UID835924	1	1	0	0
1	1	UID835933	1	1	0	0
1	1	UID835935	1	1	0	0
1	1	UID835937	1	1	0	0
1	1	UID835941	1	1	0	0
1	1	UID835943	1	1	0	0
1	1	UID835945	1	1	0	0
1	1	UID835950	1	1	0	0
1	1	UID835951	1	1	0	0
1	1	UID835964	1	1	0	0
1	1	UID835968	1	1	0	0
1	1	UID836039	1	1	0	0
1	1	UID836186	1	1	0	0
1	1	UID836191	1	1	0	0
1	1	UID836198	1	1	0	0
1	1	UID836199	1	1	0	0
1	1	UID836209	1	1	0	0
1	1	UID836221	1	1	0	0
1	1	UID836225	1	1	0	0
1	1	UID836230	1	1	0	0
1	1	UID836231	1	1	0	0
3	3	UID836249	1	3	2	2
1	1	UID836256	1	1	0	0
1	1	UID836258	1	1	0	0
1	1	UID836272	1	1	0	0
1	1	UID836273	1	1	0	0
1	1	UID836278	1	1	0	0
1	1	UID836282	1	1	0	0
1	1	UID836301	1	1	0	0
1	1	UID836307	1	1	0	0
1	1	UID836319	1	1	0	0
1	1	UID836324	1	1	0	0
1	1	UID836330	1	1	0	0
1	1	UID836373	1	1	0	0
1	1	UID836384	1	1	0	0
1	1	UID836389	1	1	0	0
1	1	UID836390	1	1	0	0
1	1	UID836401	1	1	0	0
1	1	UID836421	1	1	0	0
1	1	UID836427	1	1	0	0
1	1	UID836434	1	1	0	0
1	1	UID836437	1	1	0	0
1	1	UID836438	1	1	0	0
1	1	UID836440	1	1	0	0
1	1	UID836441	1	1	0	0
1	1	UID836446	1	1	0	0
1	1	UID836454	1	1	0	0
1	1	UID836473	1	1	0	0
1	1	UID836474	1	1	0	0
1	1	UID836484	1	1	0	0
1	1	UID836497	1	1	0	0
1	1	UID836506	1	1	0	0
1	1	UID836508	1	1	0	0
1	1	UID836535	1	1	0	0
1	1	UID836541	1	1	0	0
1	1	UID836817	1	1	0	0
1	1	UID836825	1	1	0	0
1	1	UID836849	1	1	0	0
1	1	UID836852	1	1	0	0
1	1	UID836853	1	1	0	0
1	1	UID836856	1	1	0	0
1	1	UID836857	1	1	0	0
1	1	UID836861	1	1	0	0
1	1	UID836862	1	1	0	0
1	1	UID836898	1	1	0	0
1	1	UID836899	1	1	0	0
1	1	UID836903	1	1	0	0
1	1	UID836934	1	1	0	0
1	1	UID836938	1	1	0	0
1	1	UID836941	1	1	0	0
1	1	UID836942	1	1	0	0
1	1	UID836944	1	1	0	0
1	1	UID836945	1	1	0	0
1	1	UID836947	1	1	0	0
1	1	UID836952	1	1	0	0
1	1	UID836953	1	1	0	0
1	1	UID836954	1	1	0	0
1	1	UID836959	1	1	0	0
1	1	UID836965	1	1	0	0
