55774	288968	UID2	106325	42607	6	6
258	468	UID31712	162	232	3	3
17	85	UID4	65	14	2	2
62	117	UID44172	41	49	2	2
64	104	UID186088	38	61	2	2
82	125	UID27	38	75	2	2
58	91	UID58700	32	55	2	2
4	15	UID1	12	3	1	1
1	5	UID1117938	5	0	0	0
1	5	UID1118007	5	0	0	0
1	4	UID1118061	4	0	0	0
1	4	UID1118063	4	0	0	0
1	4	UID1118080	4	0	0	0
2	5	UID1118081	4	1	1	1
1	4	UID1118104	4	0	0	0
1	4	UID1118117	4	0	0	0
1	4	UID1118121	4	0	0	0
1	4	UID1118125	4	0	0	0
1	4	UID1118157	4	0	0	0
1	4	UID1118180	4	0	0	0
1	4	UID1118223	4	0	0	0
1	4	UID1118235	4	0	0	0
3	6	UID1118243	4	2	1	1
1	4	UID1118245	4	0	0	0
1	4	UID1118250	4	0	0	0
1	4	UID1118251	4	0	0	0
1	4	UID1118252	4	0	0	0
1	4	UID1118258	4	0	0	0
1	4	UID1118265	4	0	0	0
1	4	UID1118269	4	0	0	0
1	4	UID1118270	4	0	0	0
1	4	UID1118286	4	0	0	0
1	4	UID1118305	4	0	0	0
1	4	UID1118309	4	0	0	0
1	4	UID1118323	4	0	0	0
2	6	UID1118340	4	0	1	1
1	4	UID1118345	4	0	0	0
1	4	UID1118362	4	0	0	0
1	4	UID1118363	4	0	0	0
1	4	UID1118370	4	0	0	0
2	5	UID1118371	4	1	1	1
1	4	UID1118381	4	0	0	0
1	4	UID1118386	4	0	0	0
1	4	UID1118387	4	0	0	0
1	4	UID1118398	4	0	0	0
1	4	UID1118404	4	0	0	0
1	4	UID1118409	4	0	0	0
1	4	UID1118410	4	0	0	0
1	4	UID1118422	4	0	0	0
1	4	UID1118423	4	0	0	0
1	4	UID1118424	4	0	0	0
1	3	UID1118425	3	0	0	0
1	3	UID1118429	3	0	0	0
1	3	UID1118433	3	0	0	0
1	3	UID1118435	3	0	0	0
1	3	UID1118438	3	0	0	0
1	3	UID1118441	3	0	0	0
1	3	UID1118442	3	0	0	0
1	3	UID1118444	3	0	0	0
1	3	UID1118445	3	0	0	0
1	3	UID1118457	3	0	0	0
1	3	UID1118462	3	0	0	0
1	3	UID1118466	3	0	0	0
1	3	UID1118470	3	0	0	0
1	3	UID1118472	3	0	0	0
1	3	UID1118475	3	0	0	0
1	3	UID1118482	3	0	0	0
1	3	UID1118487	3	0	0	0
1	3	UID1118491	3	0	0	0
1	3	UID1118492	3	0	0	0
1	3	UID1118493	3	0	0	0
1	3	UID1118497	3	0	0	0
1	3	UID1118500	3	0	0	0
1	3	UID1118503	3	0	0	0
1	3	UID1118504	3	0	0	0
1	3	UID1118506	3	0	0	0
1	3	UID1118515	3	0	0	0
1	3	UID1118517	3	0	0	0
1	3	UID1118527	3	0	0	0
1	3	UID1118530	3	0	0	0
1	3	UID1118534	3	0	0	0
1	3	UID1118535	3	0	0	0
1	3	UID1118539	3	0	0	0
1	3	UID1118541	3	0	0	0
1	3	UID1118553	3	0	0	0
1	3	UID1118561	3	0	0	0
1	3	UID1118566	3	0	0	0
1	3	UID1118570	3	0	0	0
1	3	UID1118575	3	0	0	0
1	3	UID1118579	3	0	0	0
1	3	UID1118585	3	0	0	0
1	3	UID1118588	3	0	0	0
1	3	UID1118591	3	0	0	0
1	3	UID1118596	3	0	0	0
1	3	UID1118598	3	0	0	0
1	3	UID1118609	3	0	0	0
1	3	UID1118611	3	0	0	0
1	3	UID1118612	3	0	0	0
1	3	UID1118617	3	0	0	0
1	3	UID1118619	3	0	0	0
1	3	UID1118620	3	0	0	0
1	3	UID1118621	3	0	0	0
1	3	UID1118627	3	0	0	0
1	3	UID1118630	3	0	0	0
1	3	UID1118632	3	0	0	0
1	3	UID1118643	3	0	0	0
1	3	UID1118644	3	0	0	0
1	3	UID1118650	3	0	0	0
1	3	UID1118655	3	0	0	0
1	3	UID1118657	3	0	0	0
2	4	UID1118658	3	1	1	1
1	3	UID1118661	3	0	0	0
1	3	UID1118687	3	0	0	0
1	3	UID1118704	3	0	0	0
1	3	UID1118708	3	0	0	0
1	3	UID1118716	3	0	0	0
1	3	UID1118717	3	0	0	0
1	3	UID1118721	3	0	0	0
1	3	UID1118737	3	0	0	0
1	3	UID1118749	3	0	0	0
1	3	UID1118774	3	0	0	0
1	3	UID1118779	3	0	0	0
1	3	UID1118789	3	0	0	0
2	4	UID1118791	3	1	1	1
1	3	UID1118795	3	0	0	0
1	3	UID1118808	3	0	0	0
1	3	UID1118816	3	0	0	0
1	3	UID1118821	3	0	0	0
1	3	UID1118836	3	0	0	0
1	3	UID1118838	3	0	0	0
1	3	UID1118865	3	0	0	0
1	3	UID1118886	3	0	0	0
2	4	UID1118888	3	1	1	1
1	3	UID1118901	3	0	0	0
1	3	UID1118905	3	0	0	0
1	3	UID1118934	3	0	0	0
1	3	UID1118941	3	0	0	0
1	3	UID1118944	3	0	0	0
1	3	UID1118976	3	0	0	0
1	3	UID1119019	3	0	0	0
1	3	UID1119029	3	0	0	0
1	3	UID1119037	3	0	0	0
1	3	UID1119052	3	0	0	0
1	3	UID1119087	3	0	0	0
1	3	UID1119090	3	0	0	0
1	3	UID1119095	3	0	0	0
1	3	UID1119100	3	0	0	0
1	3	UID1119116	3	0	0	0
1	3	UID1119124	3	0	0	0
1	3	UID1119130	3	0	0	0
1	3	UID1119131	3	0	0	0
1	3	UID1119133	3	0	0	0
1	3	UID1119134	3	0	0	0
1	3	UID1119142	3	0	0	0
1	3	UID1119157	3	0	0	0
1	3	UID1119161	3	0	0	0
1	3	UID1119164	3	0	0	0
1	3	UID1119171	3	0	0	0
1	3	UID1119185	3	0	0	0
1	3	UID1119187	3	0	0	0
1	3	UID1119194	3	0	0	0
1	3	UID1119210	3	0	0	0
1	3	UID1119211	3	0	0	0
1	3	UID1119212	3	0	0	0
1	3	UID1119214	3	0	0	0
1	3	UID1119224	3	0	0	0
1	3	UID1119228	3	0	0	0
1	3	UID1119229	3	0	0	0
1	3	UID1119237	3	0	0	0
1	3	UID1119251	3	0	0	0
1	3	UID1119259	3	0	0	0
1	3	UID1119260	3	0	0	0
1	3	UID1119267	3	0	0	0
1	3	UID1119270	3	0	0	0
1	3	UID1119275	3	0	0	0
1	3	UID1119276	3	0	0	0
1	3	UID1119287	3	0	0	0
1	3	UID1119290	3	0	0	0
1	3	UID1119292	3	0	0	0
2	4	UID1119293	3	1	1	1
1	3	UID1119294	3	0	0	0
1	3	UID1119302	3	0	0	0
1	3	UID1119308	3	0	0	0
1	3	UID1119309	3	0	0	0
1	3	UID1119315	3	0	0	0
1	3	UID1119316	3	0	0	0
1	3	UID1119317	3	0	0	0
1	3	UID1119323	3	0	0	0
1	3	UID1119342	3	0	0	0
1	3	UID1119345	3	0	0	0
1	3	UID1119346	3	0	0	0
1	3	UID1119362	3	0	0	0
1	3	UID1119368	3	0	0	0
1	3	UID1119377	3	0	0	0
1	3	UID1119379	3	0	0	0
1	3	UID1119381	3	0	0	0
1	3	UID1119383	3	0	0	0
1	3	UID1119388	3	0	0	0
1	3	UID1119400	3	0	0	0
1	3	UID1119409	3	0	0	0
1	3	UID1119418	3	0	0	0
1	3	UID1119420	3	0	0	0
1	3	UID1119424	3	0	0	0
1	3	UID1119454	3	0	0	0
1	3	UID1119457	3	0	0	0
1	3	UID1119460	3	0	0	0
1	3	UID1119469	3	0	0	0
1	3	UID1119498	3	0	0	0
1	3	UID1119501	3	0	0	0
1	3	UID1119504	3	0	0	0
2	4	UID1119510	3	1	1	1
1	3	UID1119519	3	0	0	0
1	3	UID1119529	3	0	0	0
1	3	UID1119531	3	0	0	0
2	4	UID1119538	3	1	0	0
1	3	UID1119550	3	0	0	0
1	3	UID1119558	3	0	0	0
3	5	UID1119561	3	2	1	1
1	3	UID1119564	3	0	0	0
1	3	UID1119570	3	0	0	0
1	3	UID1119577	3	0	0	0
1	3	UID1119579	3	0	0	0
1	3	UID1119596	3	0	0	0
1	3	UID1119603	3	0	0	0
1	3	UID1119604	3	0	0	0
1	3	UID1119607	3	0	0	0
1	3	UID1119610	3	0	0	0
1	3	UID1119614	3	0	0	0
1	3	UID1119622	3	0	0	0
1	3	UID1119624	3	0	0	0
1	3	UID1119629	3	0	0	0
1	3	UID1119633	3	0	0	0
1	3	UID1119635	3	0	0	0
1	3	UID1119636	3	0	0	0
1	3	UID1119642	3	0	0	0
1	3	UID1119645	3	0	0	0
1	3	UID1119646	3	0	0	0
1	3	UID1119648	3	0	0	0
1	3	UID1119649	3	0	0	0
1	3	UID1119650	3	0	0	0
1	3	UID1119651	3	0	0	0
1	3	UID1119652	3	0	0	0
1	3	UID1119661	3	0	0	0
1	3	UID1119672	3	0	0	0
1	3	UID1119675	3	0	0	0
1	3	UID1119676	3	0	0	0
1	3	UID1119685	3	0	0	0
1	3	UID1119691	3	0	0	0
1	3	UID1119692	3	0	0	0
1	3	UID1119696	3	0	0	0
1	3	UID1119699	3	0	0	0
1	3	UID1119701	3	0	0	0
1	3	UID1119702	3	0	0	0
1	3	UID1119705	3	0	0	0
1	3	UID1119712	3	0	0	0
1	3	UID1119717	3	0	0	0
1	3	UID1119722	3	0	0	0
1	3	UID1119729	3	0	0	0
1	3	UID1119731	3	0	0	0
1	3	UID1119732	3	0	0	0
1	3	UID1119752	3	0	0	0
2	4	UID1119758	3	1	1	1
1	3	UID1119762	3	0	0	0
1	3	UID1119764	3	0	0	0
2	4	UID1119770	3	1	1	1
1	3	UID1119784	3	0	0	0
1	3	UID1119785	3	0	0	0
1	3	UID1119786	3	0	0	0
1	3	UID1119792	3	0	0	0
1	3	UID1119801	3	0	0	0
1	3	UID1119805	3	0	0	0
1	3	UID1119817	3	0	0	0
1	3	UID1119820	3	0	0	0
1	3	UID1119823	3	0	0	0
1	3	UID1119825	3	0	0	0
1	3	UID1119826	3	0	0	0
1	3	UID1119836	3	0	0	0
1	3	UID1119837	3	0	0	0
1	3	UID1119838	3	0	0	0
1	3	UID1119840	3	0	0	0
1	3	UID1119847	3	0	0	0
1	3	UID1119848	3	0	0	0
1	3	UID1119857	3	0	0	0
1	3	UID1119860	3	0	0	0
1	3	UID1119865	3	0	0	0
1	3	UID1119867	3	0	0	0
1	3	UID1119869	3	0	0	0
1	3	UID1119871	3	0	0	0
1	3	UID1119880	3	0	0	0
1	3	UID1119887	3	0	0	0
1	3	UID1119896	3	0	0	0
1	3	UID1119901	3	0	0	0
1	3	UID1119904	3	0	0	0
1	3	UID1119907	3	0	0	0
1	3	UID1119920	3	0	0	0
1	3	UID1119921	3	0	0	0
1	3	UID1119925	3	0	0	0
2	4	UID1119928	3	1	0	0
1	3	UID759666	3	0	0	0
1	2	UID1119930	2	0	0	0
1	2	UID1119962	2	0	0	0
1	2	UID1120004	2	0	0	0
2	3	UID1120013	2	1	1	1
1	2	UID1120022	2	0	0	0
2	3	UID1120046	2	1	1	1
1	2	UID1120072	2	0	0	0
1	2	UID1120080	2	0	0	0
2	3	UID1120116	2	1	1	1
1	2	UID1120157	2	0	0	0
1	2	UID1120203	2	0	0	0
2	3	UID1120238	2	1	1	1
2	3	UID1120248	2	1	1	1
1	2	UID1120296	2	0	0	0
2	3	UID1120333	2	1	1	1
1	2	UID1120340	2	0	0	0
2	3	UID1120364	2	1	1	1
1	2	UID1120376	2	0	0	0
1	2	UID1120379	2	0	0	0
2	3	UID1120389	2	1	1	1
2	3	UID1120424	2	1	1	1
1	2	UID1120457	2	0	0	0
2	3	UID1120494	2	1	1	1
1	2	UID1120500	2	0	0	0
1	2	UID1120532	2	0	0	0
2	3	UID1120536	2	1	1	1
1	2	UID1120549	2	0	0	0
1	2	UID1120568	2	0	0	0
3	4	UID1120574	2	2	1	1
1	2	UID1120609	2	0	0	0
1	2	UID1120709	2	0	0	0
2	3	UID1120734	2	1	1	1
1	2	UID1120742	2	0	0	0
1	2	UID1120743	2	0	0	0
2	3	UID1120748	2	1	1	1
2	3	UID1120778	2	1	1	1
1	2	UID1120803	2	0	0	0
2	3	UID1120850	2	1	1	1
2	3	UID1120922	2	1	1	1
1	2	UID1121149	2	0	0	0
2	3	UID1121873	2	1	1	1
2	3	UID1122521	2	1	1	1
2	3	UID1122667	2	1	1	1
2	3	UID1122760	2	1	1	1
1	2	UID1122865	2	0	0	0
1	2	UID1122907	2	0	0	0
1	2	UID1122908	2	0	0	0
2	3	UID1123046	2	1	1	1
1	2	UID1123246	2	0	0	0
1	2	UID1123265	2	0	0	0
1	2	UID1123296	2	0	0	0
1	2	UID1123381	2	0	0	0
1	2	UID1123382	2	0	0	0
1	2	UID1123489	2	0	0	0
1	2	UID1123574	2	0	0	0
2	3	UID1123605	2	1	1	1
1	2	UID1123735	2	0	0	0
1	2	UID1123766	2	0	0	0
2	3	UID1123793	2	1	1	1
1	2	UID1123817	2	0	0	0
1	2	UID1123824	2	0	0	0
2	3	UID1123842	2	1	1	1
1	2	UID1123855	2	0	0	0
2	3	UID1123861	2	1	1	1
1	2	UID1123863	2	0	0	0
1	2	UID1123867	2	0	0	0
1	2	UID1123937	2	0	0	0
2	3	UID1123970	2	1	1	1
1	2	UID1123985	2	0	0	0
2	3	UID1124107	2	1	1	1
1	2	UID1124140	2	0	0	0
2	3	UID1124156	2	1	1	1
1	2	UID1124161	2	0	0	0
1	2	UID1124171	2	0	0	0
1	2	UID1124209	2	0	0	0
1	2	UID1124250	2	0	0	0
1	2	UID1124255	2	0	0	0
1	2	UID1124273	2	0	0	0
1	2	UID1124370	2	0	0	0
2	3	UID1124390	2	1	1	1
1	2	UID1124560	2	0	0	0
1	2	UID1124574	2	0	0	0
2	3	UID1124616	2	1	1	1
1	2	UID1124638	2	0	0	0
1	2	UID1124705	2	0	0	0
1	2	UID1124727	2	0	0	0
1	2	UID1124739	2	0	0	0
2	3	UID1124755	2	1	1	1
1	2	UID1124772	2	0	0	0
1	2	UID1124834	2	0	0	0
1	2	UID1124901	2	0	0	0
2	3	UID1124905	2	1	1	1
1	2	UID1124913	2	0	0	0
1	2	UID1124926	2	0	0	0
1	2	UID1124929	2	0	0	0
2	3	UID1124934	2	1	1	1
1	2	UID1124940	2	0	0	0
1	2	UID1124964	2	0	0	0
2	3	UID1124996	2	1	1	1
1	2	UID1125089	2	0	0	0
1	2	UID1125117	2	0	0	0
1	2	UID1125128	2	0	0	0
1	2	UID1125163	2	0	0	0
1	2	UID1125172	2	0	0	0
1	2	UID1125174	2	0	0	0
1	2	UID1125175	2	0	0	0
1	2	UID1125176	2	0	0	0
1	2	UID1125198	2	0	0	0
1	2	UID1125203	2	0	0	0
1	2	UID1125252	2	0	0	0
1	2	UID1125320	2	0	0	0
1	2	UID1125321	2	0	0	0
1	2	UID1125344	2	0	0	0
1	2	UID1125348	2	0	0	0
1	2	UID1125350	2	0	0	0
1	2	UID1125383	2	0	0	0
1	2	UID1125385	2	0	0	0
3	4	UID1125417	2	2	1	1
2	3	UID1125429	2	1	1	1
1	2	UID1125431	2	0	0	0
1	2	UID1125455	2	0	0	0
1	2	UID1125485	2	0	0	0
1	2	UID1125505	2	0	0	0
1	2	UID1125532	2	0	0	0
1	2	UID1125598	2	0	0	0
1	2	UID1125624	2	0	0	0
1	2	UID1125629	2	0	0	0
1	2	UID1125633	2	0	0	0
1	2	UID1125639	2	0	0	0
2	3	UID1125650	2	1	1	1
1	2	UID1125691	2	0	0	0
1	2	UID1125692	2	0	0	0
1	2	UID1125706	2	0	0	0
1	2	UID1125726	2	0	0	0
1	2	UID1125744	2	0	0	0
1	2	UID1125785	2	0	0	0
1	2	UID1125791	2	0	0	0
1	2	UID1125841	2	0	0	0
1	2	UID1125848	2	0	0	0
1	2	UID1125854	2	0	0	0
1	2	UID1125886	2	0	0	0
1	2	UID1125898	2	0	0	0
1	2	UID1125941	2	0	0	0
1	2	UID1125988	2	0	0	0
1	2	UID129016	2	0	0	0
4	5	UID40811	2	3	1	1
1	2	UID57	2	0	0	0
1	1	UID1126020	1	1	0	0
1	1	UID1126022	1	1	0	0
1	1	UID1126023	1	1	0	0
1	1	UID1126024	1	1	0	0
1	1	UID1126025	1	1	0	0
1	1	UID1126037	1	1	0	0
1	1	UID1126039	1	1	0	0
1	1	UID1126043	1	1	0	0
1	1	UID1126049	1	1	0	0
1	1	UID1126052	1	1	0	0
1	1	UID1126054	1	1	0	0
1	1	UID1126055	1	1	0	0
1	1	UID1126066	1	1	0	0
1	1	UID1126069	1	1	0	0
1	1	UID1126089	1	1	0	0
1	1	UID1126090	1	1	0	0
1	1	UID1126126	1	1	0	0
1	1	UID1126143	1	1	0	0
1	1	UID1126144	1	1	0	0
1	1	UID1126200	1	1	0	0
1	1	UID1126232	1	1	0	0
1	1	UID1126249	1	1	0	0
1	1	UID1126257	1	1	0	0
1	1	UID1126258	1	1	0	0
1	1	UID1126277	1	1	0	0
1	1	UID1126290	1	1	0	0
1	1	UID1126293	1	1	0	0
1	1	UID1126300	1	1	0	0
1	1	UID1126302	1	1	0	0
1	1	UID1126317	1	1	0	0
1	1	UID1126318	1	1	0	0
1	1	UID1126320	1	1	0	0
1	1	UID1126326	1	1	0	0
1	1	UID1126332	1	1	0	0
1	1	UID1126334	1	1	0	0
1	1	UID1126335	1	1	0	0
1	1	UID1126337	1	1	0	0
1	1	UID1126340	1	1	0	0
1	1	UID1126346	1	1	0	0
1	1	UID1126349	1	1	0	0
1	1	UID1126351	1	1	0	0
1	1	UID1126356	1	1	0	0
1	1	UID1126359	1	1	0	0
1	1	UID1126360	1	1	0	0
1	1	UID1126361	1	1	0	0
1	1	UID1126366	1	1	0	0
1	1	UID1126367	1	1	0	0
1	1	UID1126368	1	1	0	0
1	1	UID1126369	1	1	0	0
1	1	UID1126371	1	1	0	0
1	1	UID1126372	1	1	0	0
1	1	UID1126374	1	1	0	0
1	1	UID1126375	1	1	0	0
1	1	UID1126376	1	1	0	0
1	1	UID1126377	1	1	0	0
1	1	UID1126379	1	1	0	0
1	1	UID1126380	1	1	0	0
1	1	UID1126382	1	1	0	0
1	1	UID1126383	1	1	0	0
1	1	UID1126384	1	1	0	0
1	1	UID1126385	1	1	0	0
1	1	UID1126386	1	1	0	0
1	1	UID1126388	1	1	0	0
1	1	UID1126390	1	1	0	0
1	1	UID1126391	1	1	0	0
1	1	UID1126392	1	1	0	0
1	1	UID1126393	1	1	0	0
1	1	UID1126395	1	1	0	0
1	1	UID1126397	1	1	0	0
1	1	UID1126399	1	1	0	0
1	1	UID1126409	1	1	0	0
1	1	UID1126413	1	1	0	0
1	1	UID1126414	1	1	0	0
1	1	UID1126416	1	1	0	0
1	1	UID1126417	1	1	0	0
1	1	UID1126420	1	1	0	0
1	1	UID1126421	1	1	0	0
1	1	UID1126423	1	1	0	0
1	1	UID1126432	1	1	0	0
1	1	UID1126455	1	1	0	0
1	1	UID1126475	1	1	0	0
1	1	UID1126483	1	1	0	0
1	1	UID1126502	1	1	0	0
1	1	UID1126508	1	1	0	0
1	1	UID1126512	1	1	0	0
1	1	UID1126524	1	1	0	0
1	1	UID1126530	1	1	0	0
1	1	UID1126548	1	1	0	0
1	1	UID1126551	1	1	0	0
1	1	UID1126553	1	1	0	0
1	1	UID1126555	1	1	0	0
1	1	UID1126561	1	1	0	0
1	1	UID1126562	1	1	0	0
1	1	UID1126583	1	1	0	0
1	1	UID1126584	1	1	0	0
1	1	UID1126585	1	1	0	0
1	1	UID1126586	1	1	0	0
1	1	UID1126590	1	1	0	0
1	1	UID1126593	1	1	0	0
1	1	UID1126601	1	1	0	0
1	1	UID1126603	1	1	0	0
1	1	UID1126606	1	1	0	0
1	1	UID1126663	1	1	0	0
1	1	UID1126669	1	1	0	0
1	1	UID1126670	1	1	0	0
1	1	UID1126677	1	1	0	0
1	1	UID1126681	1	1	0	0
1	1	UID1126683	1	1	0	0
1	1	UID1126688	1	1	0	0
1	1	UID1126699	1	1	0	0
1	1	UID1126701	1	1	0	0
1	1	UID1126702	1	1	0	0
1	1	UID1126712	1	1	0	0
1	1	UID1126714	1	1	0	0
1	1	UID1126716	1	1	0	0
1	1	UID1126719	1	1	0	0
1	1	UID1126720	1	1	0	0
1	1	UID1126722	1	1	0	0
1	1	UID1126765	1	1	0	0
1	1	UID1126778	1	1	0	0
1	1	UID1126847	1	1	0	0
1	1	UID1126853	1	1	0	0
1	1	UID1126865	1	1	0	0
1	1	UID1126872	1	1	0	0
1	1	UID1126893	1	1	0	0
1	1	UID1126897	1	1	0	0
1	1	UID1126901	1	1	0	0
1	1	UID1126920	1	1	0	0
1	1	UID1126924	1	1	0	0
1	1	UID1126925	1	1	0	0
1	1	UID1126960	1	1	0	0
1	1	UID1126982	1	1	0	0
1	1	UID1126983	1	1	0	0
1	1	UID1126986	1	1	0	0
1	1	UID1126992	1	1	0	0
1	1	UID1127008	1	1	0	0
1	1	UID1127017	1	1	0	0
1	1	UID1127025	1	1	0	0
1	1	UID1127042	1	1	0	0
1	1	UID1127067	1	1	0	0
1	1	UID1127110	1	1	0	0
1	1	UID1127113	1	1	0	0
1	1	UID1127131	1	1	0	0
1	1	UID1127148	1	1	0	0
1	1	UID1127162	1	1	0	0
1	1	UID1127165	1	1	0	0
1	1	UID1127169	1	1	0	0
1	1	UID1127181	1	1	0	0
1	1	UID1127190	1	1	0	0
1	1	UID1127206	1	1	0	0
1	1	UID1127207	1	1	0	0
1	1	UID1127208	1	1	0	0
1	1	UID1127209	1	1	0	0
1	1	UID1127210	1	1	0	0
1	1	UID1127211	1	1	0	0
1	1	UID1127213	1	1	0	0
1	1	UID1127217	1	1	0	0
1	1	UID1127225	1	1	0	0
1	1	UID1127226	1	1	0	0
1	1	UID1127228	1	1	0	0
1	1	UID1127233	1	1	0	0
1	1	UID1127239	1	1	0	0
1	1	UID1127240	1	1	0	0
1	1	UID1127241	1	1	0	0
1	1	UID1127242	1	1	0	0
1	1	UID1127243	1	1	0	0
1	1	UID1127246	1	1	0	0
1	1	UID1127247	1	1	0	0
1	1	UID1127248	1	1	0	0
1	1	UID1127252	1	1	0	0
1	1	UID1127253	1	1	0	0
1	1	UID1127254	1	1	0	0
1	1	UID1127255	1	1	0	0
1	1	UID1127256	1	1	0	0
1	1	UID1127257	1	1	0	0
1	1	UID1127258	1	1	0	0
1	1	UID1127259	1	1	0	0
1	1	UID1127260	1	1	0	0
1	1	UID1127268	1	1	0	0
1	1	UID1127282	1	1	0	0
1	1	UID1127283	1	1	0	0
1	1	UID1127291	1	1	0	0
1	1	UID1127295	1	1	0	0
1	1	UID1127301	1	1	0	0
1	1	UID1127303	1	1	0	0
1	1	UID1127304	1	1	0	0
1	1	UID1127309	1	1	0	0
1	1	UID1127315	1	1	0	0
1	1	UID1127328	1	1	0	0
1	1	UID1127329	1	1	0	0
1	1	UID1127333	1	1	0	0
1	1	UID1127362	1	1	0	0
1	1	UID1127379	1	1	0	0
1	1	UID1127386	1	1	0	0
1	1	UID1127407	1	1	0	0
1	1	UID1127435	1	1	0	0
1	1	UID1127441	1	1	0	0
1	1	UID1127450	1	1	0	0
1	1	UID1127475	1	1	0	0
1	1	UID1127492	1	1	0	0
1	1	UID1127504	1	1	0	0
1	1	UID1127526	1	1	0	0
1	1	UID1127534	1	1	0	0
1	1	UID1127553	1	1	0	0
1	1	UID1127555	1	1	0	0
1	1	UID1127556	1	1	0	0
1	1	UID1127593	1	1	0	0
1	1	UID1127594	1	1	0	0
1	1	UID1127619	1	1	0	0
1	1	UID1127648	1	1	0	0
1	1	UID1127655	1	1	0	0
1	1	UID1127665	1	1	0	0
1	1	UID1127674	1	1	0	0
1	1	UID1127685	1	1	0	0
1	1	UID1127686	1	1	0	0
1	1	UID1127687	1	1	0	0
1	1	UID1127689	1	1	0	0
1	1	UID1127692	1	1	0	0
1	1	UID1127695	1	1	0	0
1	1	UID1127697	1	1	0	0
1	1	UID1127698	1	1	0	0
1	1	UID1127699	1	1	0	0
1	1	UID1127700	1	1	0	0
1	1	UID1127701	1	1	0	0
1	1	UID1127702	1	1	0	0
1	1	UID1127705	1	1	0	0
1	1	UID1127708	1	1	0	0
1	1	UID1127712	1	1	0	0
1	1	UID1127748	1	1	0	0
1	1	UID1127749	1	1	0	0
1	1	UID1127756	1	1	0	0
1	1	UID1127758	1	1	0	0
1	1	UID1127761	1	1	0	0
1	1	UID1127764	1	1	0	0
1	1	UID1127767	1	1	0	0
1	1	UID1127772	1	1	0	0
1	1	UID1127773	1	1	0	0
1	1	UID1127774	1	1	0	0
1	1	UID1127776	1	1	0	0
1	1	UID1127777	1	1	0	0
1	1	UID1127780	1	1	0	0
1	1	UID1127781	1	1	0	0
1	1	UID1127782	1	1	0	0
1	1	UID1127783	1	1	0	0
1	1	UID1127787	1	1	0	0
1	1	UID1127789	1	1	0	0
1	1	UID1127793	1	1	0	0
1	1	UID1127794	1	1	0	0
1	1	UID1127796	1	1	0	0
1	1	UID1127819	1	1	0	0
1	1	UID1127829	1	1	0	0
1	1	UID1127832	1	1	0	0
1	1	UID1127834	1	1	0	0
1	1	UID1127835	1	1	0	0
1	1	UID1127840	1	1	0	0
1	1	UID1127841	1	1	0	0
1	1	UID1127871	1	1	0	0
1	1	UID1127873	1	1	0	0
1	1	UID1127877	1	1	0	0
1	1	UID1127880	1	1	0	0
1	1	UID1127895	1	1	0	0
1	1	UID1127898	1	1	0	0
1	1	UID1127902	1	1	0	0
1	1	UID1127908	1	1	0	0
1	1	UID1127912	1	1	0	0
1	1	UID1127914	1	1	0	0
1	1	UID1127921	1	1	0	0
1	1	UID1127923	1	1	0	0
1	1	UID1127924	1	1	0	0
1	1	UID1127925	1	1	0	0
1	1	UID1127933	1	1	0	0
1	1	UID1127936	1	1	0	0
1	1	UID1127938	1	1	0	0
1	1	UID1127939	1	1	0	0
1	1	UID1127943	1	1	0	0
1	1	UID1127954	1	1	0	0
1	1	UID1127960	1	1	0	0
1	1	UID1127962	1	1	0	0
1	1	UID1127963	1	1	0	0
1	1	UID1127965	1	1	0	0
1	1	UID1127966	1	1	0	0
1	1	UID1127973	1	1	0	0
1	1	UID1127974	1	1	0	0
1	1	UID1128068	1	1	0	0
1	1	UID1128077	1	1	0	0
1	1	UID1128094	1	1	0	0
1	1	UID1128098	1	1	0	0
1	1	UID1128100	1	1	0	0
1	1	UID1128103	1	1	0	0
1	1	UID1128104	1	1	0	0
1	1	UID1128108	1	1	0	0
1	1	UID1128120	1	1	0	0
1	1	UID1128125	1	1	0	0
1	1	UID1128130	1	1	0	0
1	1	UID1128151	1	1	0	0
1	1	UID1128152	1	1	0	0
1	1	UID1128155	1	1	0	0
1	1	UID1128163	1	1	0	0
1	1	UID1128168	1	1	0	0
1	1	UID1128176	1	1	0	0
1	1	UID1128177	1	1	0	0
1	1	UID1128179	1	1	0	0
1	1	UID1128182	1	1	0	0
1	1	UID1128185	1	1	0	0
1	1	UID1128187	1	1	0	0
1	1	UID1128192	1	1	0	0
1	1	UID1128195	1	1	0	0
1	1	UID1128201	1	1	0	0
1	1	UID1128202	1	1	0	0
1	1	UID1128208	1	1	0	0
1	1	UID1128232	1	1	0	0
1	1	UID1128251	1	1	0	0
1	1	UID1128288	1	1	0	0
1	1	UID1128312	1	1	0	0
1	1	UID1128321	1	1	0	0
1	1	UID1128333	1	1	0	0
1	1	UID1128343	1	1	0	0
1	1	UID1128345	1	1	0	0
1	1	UID1128361	1	1	0	0
1	1	UID1128366	1	1	0	0
1	1	UID1128371	1	1	0	0
1	1	UID1128375	1	1	0	0
1	1	UID1128377	1	1	0	0
1	1	UID1128381	1	1	0	0
1	1	UID1128387	1	1	0	0
1	1	UID1128390	1	1	0	0
1	1	UID1128393	1	1	0	0
1	1	UID1128403	1	1	0	0
1	1	UID1128406	1	1	0	0
1	1	UID1128408	1	1	0	0
1	1	UID1128409	1	1	0	0
1	1	UID1128412	1	1	0	0
1	1	UID1128413	1	1	0	0
1	1	UID1128414	1	1	0	0
1	1	UID1128428	1	1	0	0
1	1	UID1128434	1	1	0	0
1	1	UID1128449	1	1	0	0
1	1	UID1128450	1	1	0	0
1	1	UID1128461	1	1	0	0
1	1	UID1128483	1	1	0	0
1	1	UID1128525	1	1	0	0
1	1	UID1128527	1	1	0	0
1	1	UID1128540	1	1	0	0
1	1	UID1128549	1	1	0	0
1	1	UID1128550	1	1	0	0
1	1	UID1128559	1	1	0	0
1	1	UID1128568	1	1	0	0
1	1	UID1128569	1	1	0	0
1	1	UID1128572	1	1	0	0
1	1	UID1128573	1	1	0	0
1	1	UID1128574	1	1	0	0
1	1	UID1128575	1	1	0	0
1	1	UID1128576	1	1	0	0
1	1	UID1128577	1	1	0	0
1	1	UID1128583	1	1	0	0
1	1	UID1128584	1	1	0	0
1	1	UID1128585	1	1	0	0
1	1	UID1128586	1	1	0	0
1	1	UID1128587	1	1	0	0
1	1	UID1128589	1	1	0	0
1	1	UID1128590	1	1	0	0
1	1	UID1128592	1	1	0	0
1	1	UID1128595	1	1	0	0
1	1	UID1128596	1	1	0	0
1	1	UID1128597	1	1	0	0
1	1	UID1128598	1	1	0	0
1	1	UID1128601	1	1	0	0
1	1	UID1128615	1	1	0	0
1	1	UID1128617	1	1	0	0
1	1	UID1128618	1	1	0	0
1	1	UID1128620	1	1	0	0
1	1	UID1128621	1	1	0	0
1	1	UID1128623	1	1	0	0
1	1	UID1128625	1	1	0	0
1	1	UID1128627	1	1	0	0
1	1	UID1128631	1	1	0	0
1	1	UID1128633	1	1	0	0
1	1	UID1128634	1	1	0	0
1	1	UID1128635	1	1	0	0
1	1	UID1128636	1	1	0	0
1	1	UID1128637	1	1	0	0
1	1	UID1128638	1	1	0	0
1	1	UID1128641	1	1	0	0
1	1	UID1128643	1	1	0	0
1	1	UID1128648	1	1	0	0
1	1	UID1128659	1	1	0	0
1	1	UID1128681	1	1	0	0
1	1	UID1128759	1	1	0	0
1	1	UID1128764	1	1	0	0
1	1	UID1128768	1	1	0	0
1	1	UID1128771	1	1	0	0
1	1	UID1128780	1	1	0	0
1	1	UID1128791	1	1	0	0
1	1	UID1128800	1	1	0	0
1	1	UID1128806	1	1	0	0
1	1	UID1128807	1	1	0	0
1	1	UID1128816	1	1	0	0
1	1	UID1128839	1	1	0	0
1	1	UID1128841	1	1	0	0
1	1	UID1128851	1	1	0	0
1	1	UID1128853	1	1	0	0
1	1	UID1128855	1	1	0	0
1	1	UID1128857	1	1	0	0
1	1	UID1128859	1	1	0	0
1	1	UID1128865	1	1	0	0
1	1	UID1128871	1	1	0	0
1	1	UID1128874	1	1	0	0
1	1	UID1128906	1	1	0	0
1	1	UID1128928	1	1	0	0
1	1	UID1128945	1	1	0	0
1	1	UID1128948	1	1	0	0
1	1	UID1128953	1	1	0	0
1	1	UID1128962	1	1	0	0
1	1	UID1128992	1	1	0	0
1	1	UID1128996	1	1	0	0
1	1	UID1128999	1	1	0	0
1	1	UID1129000	1	1	0	0
1	1	UID1129002	1	1	0	0
1	1	UID1129003	1	1	0	0
1	1	UID1129004	1	1	0	0
1	1	UID1129028	1	1	0	0
1	1	UID1129050	1	1	0	0
1	1	UID1129064	1	1	0	0
1	1	UID1129083	1	1	0	0
1	1	UID1129090	1	1	0	0
1	1	UID1129176	1	1	0	0
1	1	UID1129179	1	1	0	0
1	1	UID1129181	1	1	0	0
1	1	UID1129203	1	1	0	0
1	1	UID1129207	1	1	0	0
1	1	UID1129210	1	1	0	0
1	1	UID1129219	1	1	0	0
1	1	UID1129224	1	1	0	0
1	1	UID1129226	1	1	0	0
1	1	UID1129240	1	1	0	0
1	1	UID1129243	1	1	0	0
1	1	UID1129244	1	1	0	0
1	1	UID1129249	1	1	0	0
1	1	UID1129251	1	1	0	0
1	1	UID1129252	1	1	0	0
1	1	UID1129253	1	1	0	0
1	1	UID1129256	1	1	0	0
1	1	UID1129257	1	1	0	0
1	1	UID1129259	1	1	0	0
1	1	UID1129260	1	1	0	0
1	1	UID1129262	1	1	0	0
1	1	UID1129274	1	1	0	0
1	1	UID1129284	1	1	0	0
1	1	UID1129285	1	1	0	0
1	1	UID1129286	1	1	0	0
1	1	UID1129288	1	1	0	0
1	1	UID1129290	1	1	0	0
1	1	UID1129291	1	1	0	0
1	1	UID1129302	1	1	0	0
1	1	UID1129305	1	1	0	0
1	1	UID1129307	1	1	0	0
1	1	UID1129313	1	1	0	0
1	1	UID1129342	1	1	0	0
1	1	UID1129349	1	1	0	0
1	1	UID1129365	1	1	0	0
1	1	UID1129376	1	1	0	0
1	1	UID1129383	1	1	0	0
1	1	UID1129385	1	1	0	0
1	1	UID1129390	1	1	0	0
1	1	UID1129391	1	1	0	0
1	1	UID1129392	1	1	0	0
1	1	UID1129394	1	1	0	0
1	1	UID1129395	1	1	0	0
1	1	UID1129400	1	1	0	0
1	1	UID1129406	1	1	0	0
1	1	UID1129407	1	1	0	0
1	1	UID1129411	1	1	0	0
1	1	UID1129412	1	1	0	0
1	1	UID1129417	1	1	0	0
1	1	UID1129418	1	1	0	0
1	1	UID1129420	1	1	0	0
1	1	UID1129421	1	1	0	0
1	1	UID1129426	1	1	0	0
1	1	UID1129428	1	1	0	0
1	1	UID1129432	1	1	0	0
1	1	UID1129445	1	1	0	0
1	1	UID1129463	1	1	0	0
1	1	UID1129464	1	1	0	0
1	1	UID1129470	1	1	0	0
1	1	UID1129491	1	1	0	0
1	1	UID1129495	1	1	0	0
1	1	UID1129496	1	1	0	0
1	1	UID1129498	1	1	0	0
1	1	UID1129506	1	1	0	0
1	1	UID1129509	1	1	0	0
1	1	UID1129511	1	1	0	0
1	1	UID1129512	1	1	0	0
1	1	UID1129513	1	1	0	0
1	1	UID1129515	1	1	0	0
1	1	UID1129516	1	1	0	0
1	1	UID1129517	1	1	0	0
1	1	UID1129518	1	1	0	0
1	1	UID1129519	1	1	0	0
1	1	UID1129522	1	1	0	0
1	1	UID1129527	1	1	0	0
1	1	UID1129534	1	1	0	0
1	1	UID1129535	1	1	0	0
1	1	UID1129539	1	1	0	0
1	1	UID1129540	1	1	0	0
1	1	UID1129545	1	1	0	0
1	1	UID1129553	1	1	0	0
1	1	UID1129570	1	1	0	0
1	1	UID1129575	1	1	0	0
1	1	UID1129591	1	1	0	0
1	1	UID1129647	1	1	0	0
1	1	UID1129660	1	1	0	0
1	1	UID1129662	1	1	0	0
1	1	UID1129673	1	1	0	0
1	1	UID1129680	1	1	0	0
1	1	UID1129717	1	1	0	0
1	1	UID1129718	1	1	0	0
1	1	UID1129727	1	1	0	0
1	1	UID1129729	1	1	0	0
1	1	UID1129730	1	1	0	0
1	1	UID1129737	1	1	0	0
1	1	UID1129739	1	1	0	0
1	1	UID1129746	1	1	0	0
1	1	UID1129747	1	1	0	0
1	1	UID1129748	1	1	0	0
1	1	UID1129760	1	1	0	0
1	1	UID1129790	1	1	0	0
1	1	UID1129818	1	1	0	0
1	1	UID1129857	1	1	0	0
1	1	UID1129858	1	1	0	0
1	1	UID1129875	1	1	0	0
1	1	UID1129876	1	1	0	0
1	1	UID1129877	1	1	0	0
1	1	UID1129882	1	1	0	0
1	1	UID1129884	1	1	0	0
1	1	UID1129886	1	1	0	0
1	1	UID1129887	1	1	0	0
1	1	UID1129892	1	1	0	0
1	1	UID1129896	1	1	0	0
1	1	UID1129897	1	1	0	0
1	1	UID1129898	1	1	0	0
1	1	UID1129899	1	1	0	0
1	1	UID1129900	1	1	0	0
1	1	UID1129905	1	1	0	0
1	1	UID1129906	1	1	0	0
1	1	UID1129907	1	1	0	0
1	1	UID1129918	1	1	0	0
1	1	UID1129927	1	1	0	0
1	1	UID1129929	1	1	0	0
1	1	UID1129930	1	1	0	0
1	1	UID1129934	1	1	0	0
1	1	UID1129935	1	1	0	0
1	1	UID1129938	1	1	0	0
1	1	UID1129939	1	1	0	0
1	1	UID1129940	1	1	0	0
1	1	UID1129946	1	1	0	0
1	1	UID1129950	1	1	0	0
1	1	UID1129951	1	1	0	0
1	1	UID1129952	1	1	0	0
1	1	UID1129953	1	1	0	0
2	2	UID1129971	1	2	1	1
1	1	UID1130043	1	1	0	0
1	1	UID1130058	1	1	0	0
1	1	UID1130061	1	1	0	0
1	1	UID1130108	1	1	0	0
1	1	UID1130112	1	1	0	0
1	1	UID1130120	1	1	0	0
1	1	UID1130130	1	1	0	0
1	1	UID1130148	1	1	0	0
1	1	UID1130155	1	1	0	0
1	1	UID1130159	1	1	0	0
1	1	UID1130160	1	1	0	0
1	1	UID1130163	1	1	0	0
1	1	UID1130165	1	1	0	0
1	1	UID1130166	1	1	0	0
1	1	UID1130168	1	1	0	0
1	1	UID1130172	1	1	0	0
1	1	UID1130173	1	1	0	0
1	1	UID1130180	1	1	0	0
1	1	UID1130182	1	1	0	0
1	1	UID1130184	1	1	0	0
1	1	UID1130185	1	1	0	0
1	1	UID1130193	1	1	0	0
1	1	UID1130197	1	1	0	0
1	1	UID1130198	1	1	0	0
1	1	UID1130204	1	1	0	0
1	1	UID1130211	1	1	0	0
1	1	UID1130221	1	1	0	0
1	1	UID1130224	1	1	0	0
1	1	UID1130226	1	1	0	0
1	1	UID1130243	1	1	0	0
1	1	UID1130244	1	1	0	0
1	1	UID1130253	1	1	0	0
1	1	UID1130254	1	1	0	0
1	1	UID1130267	1	1	0	0
1	1	UID1130271	1	1	0	0
1	1	UID1130272	1	1	0	0
1	1	UID1130273	1	1	0	0
1	1	UID1130274	1	1	0	0
1	1	UID1130278	1	1	0	0
1	1	UID1130283	1	1	0	0
1	1	UID1130284	1	1	0	0
1	1	UID1130285	1	1	0	0
1	1	UID1130288	1	1	0	0
1	1	UID1130292	1	1	0	0
1	1	UID1130293	1	1	0	0
1	1	UID1130297	1	1	0	0
1	1	UID1130302	1	1	0	0
1	1	UID1130303	1	1	0	0
1	1	UID1130305	1	1	0	0
1	1	UID1130306	1	1	0	0
1	1	UID1130308	1	1	0	0
1	1	UID1130309	1	1	0	0
1	1	UID1130311	1	1	0	0
1	1	UID1130317	1	1	0	0
1	1	UID1130329	1	1	0	0
1	1	UID1130331	1	1	0	0
1	1	UID1130354	1	1	0	0
1	1	UID1130362	1	1	0	0
1	1	UID1130368	1	1	0	0
1	1	UID1130373	1	1	0	0
1	1	UID1130424	1	1	0	0
1	1	UID1130458	1	1	0	0
1	1	UID1130463	1	1	0	0
1	1	UID1130491	1	1	0	0
1	1	UID1130497	1	1	0	0
1	1	UID1130521	1	1	0	0
1	1	UID1130523	1	1	0	0
1	1	UID1130535	1	1	0	0
1	1	UID1130537	1	1	0	0
1	1	UID1130545	1	1	0	0
1	1	UID1130550	1	1	0	0
1	1	UID1130553	1	1	0	0
1	1	UID1130575	1	1	0	0
1	1	UID1130588	1	1	0	0
1	1	UID1130590	1	1	0	0
1	1	UID1130618	1	1	0	0
1	1	UID1130641	1	1	0	0
1	1	UID1130672	1	1	0	0
1	1	UID1130679	1	1	0	0
1	1	UID1130689	1	1	0	0
1	1	UID1130704	1	1	0	0
1	1	UID1130707	1	1	0	0
1	1	UID1130719	1	1	0	0
1	1	UID1130738	1	1	0	0
1	1	UID1130744	1	1	0	0
1	1	UID1130745	1	1	0	0
1	1	UID1130763	1	1	0	0
1	1	UID1130764	1	1	0	0
1	1	UID1130765	1	1	0	0
1	1	UID1130767	1	1	0	0
1	1	UID1130768	1	1	0	0
1	1	UID1130769	1	1	0	0
1	1	UID1130772	1	1	0	0
1	1	UID1130776	1	1	0	0
1	1	UID1130777	1	1	0	0
1	1	UID1130778	1	1	0	0
1	1	UID1130792	1	1	0	0
1	1	UID1130798	1	1	0	0
1	1	UID1130801	1	1	0	0
1	1	UID1130802	1	1	0	0
1	1	UID1130804	1	1	0	0
1	1	UID1130805	1	1	0	0
1	1	UID1130807	1	1	0	0
1	1	UID1130810	1	1	0	0
1	1	UID1130812	1	1	0	0
1	1	UID1130823	1	1	0	0
1	1	UID1130826	1	1	0	0
1	1	UID1130828	1	1	0	0
1	1	UID1130829	1	1	0	0
1	1	UID1130837	1	1	0	0
1	1	UID1130845	1	1	0	0
1	1	UID1130847	1	1	0	0
1	1	UID1130851	1	1	0	0
1	1	UID1130857	1	1	0	0
1	1	UID1130877	1	1	0	0
1	1	UID1130878	1	1	0	0
1	1	UID1130880	1	1	0	0
1	1	UID1130881	1	1	0	0
1	1	UID1130882	1	1	0	0
1	1	UID1130883	1	1	0	0
1	1	UID1130885	1	1	0	0
1	1	UID1130887	1	1	0	0
1	1	UID1130888	1	1	0	0
1	1	UID1130890	1	1	0	0
1	1	UID1130891	1	1	0	0
1	1	UID1130893	1	1	0	0
1	1	UID1130895	1	1	0	0
1	1	UID1130897	1	1	0	0
1	1	UID1130898	1	1	0	0
1	1	UID1130899	1	1	0	0
1	1	UID1130900	1	1	0	0
1	1	UID1130901	1	1	0	0
1	1	UID1130905	1	1	0	0
1	1	UID1130906	1	1	0	0
1	1	UID1130907	1	1	0	0
1	1	UID1130914	1	1	0	0
1	1	UID1130915	1	1	0	0
1	1	UID1130917	1	1	0	0
1	1	UID1130918	1	1	0	0
1	1	UID1130919	1	1	0	0
1	1	UID1130923	1	1	0	0
1	1	UID1130945	1	1	0	0
1	1	UID1130954	1	1	0	0
1	1	UID1130958	1	1	0	0
1	1	UID1130959	1	1	0	0
1	1	UID1130963	1	1	0	0
1	1	UID1130970	1	1	0	0
1	1	UID1130973	1	1	0	0
1	1	UID1130974	1	1	0	0
1	1	UID1130977	1	1	0	0
1	1	UID1130978	1	1	0	0
1	1	UID1130983	1	1	0	0
1	1	UID1131005	1	1	0	0
1	1	UID1131011	1	1	0	0
1	1	UID1131036	1	1	0	0
1	1	UID1131043	1	1	0	0
1	1	UID1131090	1	1	0	0
1	1	UID1131093	1	1	0	0
1	1	UID1131145	1	1	0	0
1	1	UID1131164	1	1	0	0
1	1	UID1131186	1	1	0	0
1	1	UID1131196	1	1	0	0
1	1	UID1131197	1	1	0	0
1	1	UID1131198	1	1	0	0
1	1	UID1131200	1	1	0	0
1	1	UID1131201	1	1	0	0
1	1	UID1131205	1	1	0	0
1	1	UID1131206	1	1	0	0
1	1	UID1131208	1	1	0	0
1	1	UID1131214	1	1	0	0
1	1	UID1131216	1	1	0	0
1	1	UID1131218	1	1	0	0
1	1	UID1131221	1	1	0	0
1	1	UID1131233	1	1	0	0
1	1	UID1131247	1	1	0	0
1	1	UID1131260	1	1	0	0
1	1	UID1131262	1	1	0	0
1	1	UID1131273	1	1	0	0
1	1	UID1131277	1	1	0	0
1	1	UID1131279	1	1	0	0
1	1	UID1131280	1	1	0	0
1	1	UID1131281	1	1	0	0
1	1	UID1131286	1	1	0	0
1	1	UID1131294	1	1	0	0
1	1	UID1131301	1	1	0	0
1	1	UID1131318	1	1	0	0
1	1	UID1131405	1	1	0	0
1	1	UID1131406	1	1	0	0
1	1	UID1131422	1	1	0	0
1	1	UID1131424	1	1	0	0
1	1	UID1131425	1	1	0	0
1	1	UID1131426	1	1	0	0
1	1	UID1131429	1	1	0	0
1	1	UID1131433	1	1	0	0
1	1	UID1131435	1	1	0	0
1	1	UID1131448	1	1	0	0
1	1	UID1131449	1	1	0	0
1	1	UID1131455	1	1	0	0
1	1	UID1131460	1	1	0	0
1	1	UID1131464	1	1	0	0
1	1	UID1131466	1	1	0	0
1	1	UID1131468	1	1	0	0
1	1	UID1131469	1	1	0	0
1	1	UID1131472	1	1	0	0
1	1	UID1131473	1	1	0	0
1	1	UID1131476	1	1	0	0
1	1	UID1131490	1	1	0	0
1	1	UID1131503	1	1	0	0
1	1	UID1131504	1	1	0	0
1	1	UID1131523	1	1	0	0
1	1	UID1131527	1	1	0	0
1	1	UID1131571	1	1	0	0
1	1	UID1131653	1	1	0	0
1	1	UID1131657	1	1	0	0
1	1	UID1131671	1	1	0	0
1	1	UID1131676	1	1	0	0
1	1	UID1131689	1	1	0	0
1	1	UID1131715	1	1	0	0
1	1	UID1131733	1	1	0	0
1	1	UID1131735	1	1	0	0
1	1	UID1131738	1	1	0	0
1	1	UID1131743	1	1	0	0
1	1	UID1131769	1	1	0	0
1	1	UID1131776	1	1	0	0
1	1	UID1131778	1	1	0	0
1	1	UID1131783	1	1	0	0
1	1	UID1131786	1	1	0	0
1	1	UID1131796	1	1	0	0
1	1	UID1131801	1	1	0	0
1	1	UID1131858	1	1	0	0
1	1	UID1131859	1	1	0	0
1	1	UID1131864	1	1	0	0
1	1	UID1131874	1	1	0	0
1	1	UID1131878	1	1	0	0
1	1	UID1131884	1	1	0	0
1	1	UID1131886	1	1	0	0
1	1	UID1131888	1	1	0	0
1	1	UID1131894	1	1	0	0
1	1	UID1131898	1	1	0	0
1	1	UID1131899	1	1	0	0
1	1	UID1131900	1	1	0	0
1	1	UID1131901	1	1	0	0
1	1	UID1131909	1	1	0	0
1	1	UID1131912	1	1	0	0
1	1	UID1131922	1	1	0	0
1	1	UID1131999	1	1	0	0
1	1	UID1132002	1	1	0	0
1	1	UID1132008	1	1	0	0
1	1	UID1132010	1	1	0	0
1	1	UID1132011	1	1	0	0
1	1	UID1132014	1	1	0	0
1	1	UID1132016	1	1	0	0
1	1	UID1132019	1	1	0	0
1	1	UID1132047	1	1	0	0
1	1	UID1132048	1	1	0	0
1	1	UID1132052	1	1	0	0
1	1	UID1132054	1	1	0	0
1	1	UID1132057	1	1	0	0
1	1	UID1132063	1	1	0	0
1	1	UID1132064	1	1	0	0
1	1	UID1132066	1	1	0	0
1	1	UID1132069	1	1	0	0
1	1	UID1132070	1	1	0	0
1	1	UID1132071	1	1	0	0
1	1	UID1132074	1	1	0	0
1	1	UID1132078	1	1	0	0
1	1	UID1132089	1	1	0	0
1	1	UID1132093	1	1	0	0
1	1	UID1132095	1	1	0	0
1	1	UID1132097	1	1	0	0
1	1	UID1132098	1	1	0	0
1	1	UID1132099	1	1	0	0
1	1	UID1132138	1	1	0	0
1	1	UID1132142	1	1	0	0
1	1	UID1132148	1	1	0	0
1	1	UID1132149	1	1	0	0
1	1	UID1132199	1	1	0	0
1	1	UID1132206	1	1	0	0
1	1	UID1132221	1	1	0	0
1	1	UID1132238	1	1	0	0
1	1	UID1132245	1	1	0	0
1	1	UID1132246	1	1	0	0
1	1	UID1132247	1	1	0	0
1	1	UID1132248	1	1	0	0
1	1	UID1132251	1	1	0	0
1	1	UID1132252	1	1	0	0
1	1	UID1132255	1	1	0	0
1	1	UID1132259	1	1	0	0
1	1	UID1132265	1	1	0	0
1	1	UID1132274	1	1	0	0
1	1	UID1132278	1	1	0	0
1	1	UID1132289	1	1	0	0
1	1	UID1132364	1	1	0	0
1	1	UID1132370	1	1	0	0
1	1	UID1132371	1	1	0	0
1	1	UID1132383	1	1	0	0
1	1	UID1132385	1	1	0	0
1	1	UID1132387	1	1	0	0
1	1	UID1132388	1	1	0	0
1	1	UID1132391	1	1	0	0
1	1	UID1132396	1	1	0	0
1	1	UID1132400	1	1	0	0
1	1	UID1132418	1	1	0	0
1	1	UID1132426	1	1	0	0
1	1	UID1132428	1	1	0	0
1	1	UID1132429	1	1	0	0
1	1	UID1132430	1	1	0	0
1	1	UID1132434	1	1	0	0
1	1	UID1132436	1	1	0	0
1	1	UID1132437	1	1	0	0
1	1	UID1132438	1	1	0	0
1	1	UID1132439	1	1	0	0
1	1	UID1132443	1	1	0	0
1	1	UID1132490	1	1	0	0
1	1	UID1132494	1	1	0	0
1	1	UID1132540	1	1	0	0
1	1	UID1132543	1	1	0	0
2	2	UID1132549	1	2	1	1
1	1	UID1132572	1	1	0	0
1	1	UID1132576	1	1	0	0
1	1	UID1132578	1	1	0	0
1	1	UID1132581	1	1	0	0
1	1	UID1132583	1	1	0	0
1	1	UID1132589	1	1	0	0
1	1	UID1132591	1	1	0	0
1	1	UID1132594	1	1	0	0
1	1	UID1132597	1	1	0	0
1	1	UID1132601	1	1	0	0
1	1	UID1132614	1	1	0	0
1	1	UID1132618	1	1	0	0
1	1	UID1132655	1	1	0	0
1	1	UID1132683	1	1	0	0
1	1	UID1132689	1	1	0	0
1	1	UID1132696	1	1	0	0
1	1	UID1132745	1	1	0	0
1	1	UID1132774	1	1	0	0
1	1	UID1132779	1	1	0	0
1	1	UID1132809	1	1	0	0
1	1	UID1132810	1	1	0	0
1	1	UID1132811	1	1	0	0
1	1	UID1132815	1	1	0	0
1	1	UID1132832	1	1	0	0
1	1	UID1132836	1	1	0	0
1	1	UID1132837	1	1	0	0
1	1	UID1132839	1	1	0	0
1	1	UID1132841	1	1	0	0
1	1	UID1132843	1	1	0	0
1	1	UID1132849	1	1	0	0
1	1	UID1132852	1	1	0	0
1	1	UID1132853	1	1	0	0
1	1	UID1132854	1	1	0	0
1	1	UID1132860	1	1	0	0
1	1	UID1132867	1	1	0	0
1	1	UID1132887	1	1	0	0
1	1	UID1132889	1	1	0	0
1	1	UID1132893	1	1	0	0
1	1	UID1132894	1	1	0	0
1	1	UID1132897	1	1	0	0
1	1	UID1132903	1	1	0	0
1	1	UID1132906	1	1	0	0
1	1	UID1132916	1	1	0	0
1	1	UID1132919	1	1	0	0
1	1	UID1132922	1	1	0	0
1	1	UID1132934	1	1	0	0
1	1	UID1132935	1	1	0	0
1	1	UID1132947	1	1	0	0
1	1	UID1132994	1	1	0	0
1	1	UID1133001	1	1	0	0
1	1	UID1133003	1	1	0	0
1	1	UID1133006	1	1	0	0
1	1	UID1133030	1	1	0	0
1	1	UID1133041	1	1	0	0
1	1	UID1133042	1	1	0	0
1	1	UID1133043	1	1	0	0
1	1	UID1133044	1	1	0	0
1	1	UID1133046	1	1	0	0
1	1	UID1133049	1	1	0	0
1	1	UID1133060	1	1	0	0
1	1	UID1133067	1	1	0	0
1	1	UID1133068	1	1	0	0
1	1	UID1133102	1	1	0	0
1	1	UID1133110	1	1	0	0
1	1	UID1133113	1	1	0	0
1	1	UID1133120	1	1	0	0
1	1	UID1133131	1	1	0	0
1	1	UID1133135	1	1	0	0
1	1	UID1133187	1	1	0	0
1	1	UID1133241	1	1	0	0
1	1	UID1133250	1	1	0	0
1	1	UID1133258	1	1	0	0
1	1	UID1133262	1	1	0	0
1	1	UID1133269	1	1	0	0
1	1	UID1133277	1	1	0	0
1	1	UID1133279	1	1	0	0
1	1	UID1133282	1	1	0	0
1	1	UID1133283	1	1	0	0
1	1	UID1133308	1	1	0	0
1	1	UID1133320	1	1	0	0
1	1	UID1133376	1	1	0	0
1	1	UID1133401	1	1	0	0
1	1	UID1133402	1	1	0	0
1	1	UID1133419	1	1	0	0
1	1	UID1133420	1	1	0	0
1	1	UID1133423	1	1	0	0
1	1	UID1133428	1	1	0	0
1	1	UID1133454	1	1	0	0
1	1	UID1133502	1	1	0	0
1	1	UID1133530	1	1	0	0
1	1	UID1133531	1	1	0	0
1	1	UID1133545	1	1	0	0
1	1	UID1133560	1	1	0	0
1	1	UID1133578	1	1	0	0
1	1	UID1133583	1	1	0	0
1	1	UID1133588	1	1	0	0
1	1	UID1133595	1	1	0	0
1	1	UID1133596	1	1	0	0
1	1	UID1133601	1	1	0	0
1	1	UID1133602	1	1	0	0
1	1	UID1133603	1	1	0	0
1	1	UID1133609	1	1	0	0
1	1	UID1133611	1	1	0	0
1	1	UID1133628	1	1	0	0
1	1	UID1133629	1	1	0	0
1	1	UID1133657	1	1	0	0
1	1	UID1133662	1	1	0	0
1	1	UID1133665	1	1	0	0
1	1	UID1133666	1	1	0	0
1	1	UID1133667	1	1	0	0
1	1	UID1133671	1	1	0	0
1	1	UID1133672	1	1	0	0
1	1	UID1133673	1	1	0	0
1	1	UID1133688	1	1	0	0
1	1	UID1133689	1	1	0	0
1	1	UID1133699	1	1	0	0
1	1	UID1133727	1	1	0	0
1	1	UID1133739	1	1	0	0
1	1	UID1133745	1	1	0	0
1	1	UID1133767	1	1	0	0
1	1	UID1133773	1	1	0	0
1	1	UID1133784	1	1	0	0
1	1	UID1133790	1	1	0	0
1	1	UID1133798	1	1	0	0
1	1	UID1133813	1	1	0	0
1	1	UID1133814	1	1	0	0
1	1	UID1133818	1	1	0	0
1	1	UID1133819	1	1	0	0
1	1	UID1133827	1	1	0	0
1	1	UID1133836	1	1	0	0
1	1	UID1133838	1	1	0	0
1	1	UID1133840	1	1	0	0
1	1	UID1133841	1	1	0	0
1	1	UID1133868	1	1	0	0
1	1	UID1133879	1	1	0	0
1	1	UID1133881	1	1	0	0
1	1	UID1133937	1	1	0	0
1	1	UID1133941	1	1	0	0
1	1	UID1133959	1	1	0	0
1	1	UID1133966	1	1	0	0
1	1	UID1133968	1	1	0	0
1	1	UID1133969	1	1	0	0
1	1	UID1133971	1	1	0	0
1	1	UID1133981	1	1	0	0
1	1	UID1134016	1	1	0	0
1	1	UID1134022	1	1	0	0
1	1	UID1134033	1	1	0	0
1	1	UID1134035	1	1	0	0
1	1	UID1134039	1	1	0	0
1	1	UID1134040	1	1	0	0
1	1	UID1134041	1	1	0	0
1	1	UID1134042	1	1	0	0
1	1	UID1134098	1	1	0	0
1	1	UID1134111	1	1	0	0
1	1	UID1134126	1	1	0	0
1	1	UID1134137	1	1	0	0
1	1	UID1134149	1	1	0	0
1	1	UID1134205	1	1	0	0
1	1	UID1134212	1	1	0	0
1	1	UID1134241	1	1	0	0
1	1	UID1134247	1	1	0	0
1	1	UID1134250	1	1	0	0
1	1	UID1134264	1	1	0	0
1	1	UID1134287	1	1	0	0
1	1	UID1134288	1	1	0	0
1	1	UID1134292	1	1	0	0
1	1	UID1134302	1	1	0	0
1	1	UID1134309	1	1	0	0
1	1	UID1134326	1	1	0	0
1	1	UID1134336	1	1	0	0
1	1	UID1134375	1	1	0	0
1	1	UID1134412	1	1	0	0
1	1	UID1134417	1	1	0	0
1	1	UID1134419	1	1	0	0
1	1	UID1134421	1	1	0	0
1	1	UID1134423	1	1	0	0
1	1	UID1134437	1	1	0	0
1	1	UID1134445	1	1	0	0
1	1	UID1134449	1	1	0	0
1	1	UID1134497	1	1	0	0
1	1	UID1134500	1	1	0	0
1	1	UID1134519	1	1	0	0
1	1	UID1134521	1	1	0	0
1	1	UID1134530	1	1	0	0
1	1	UID1134556	1	1	0	0
1	1	UID1134563	1	1	0	0
1	1	UID1134568	1	1	0	0
1	1	UID1134569	1	1	0	0
1	1	UID1134580	1	1	0	0
1	1	UID1134585	1	1	0	0
1	1	UID1134587	1	1	0	0
1	1	UID1134588	1	1	0	0
1	1	UID1134597	1	1	0	0
1	1	UID1134598	1	1	0	0
1	1	UID1134599	1	1	0	0
1	1	UID1134601	1	1	0	0
1	1	UID1134602	1	1	0	0
1	1	UID1134606	1	1	0	0
1	1	UID1134607	1	1	0	0
1	1	UID1134612	1	1	0	0
1	1	UID1134613	1	1	0	0
1	1	UID1134618	1	1	0	0
1	1	UID1134623	1	1	0	0
1	1	UID1134640	1	1	0	0
1	1	UID1134641	1	1	0	0
1	1	UID1134642	1	1	0	0
1	1	UID1134643	1	1	0	0
1	1	UID1134646	1	1	0	0
1	1	UID1134647	1	1	0	0
1	1	UID1134649	1	1	0	0
1	1	UID1134658	1	1	0	0
1	1	UID1134659	1	1	0	0
1	1	UID1134663	1	1	0	0
1	1	UID1134669	1	1	0	0
1	1	UID1134710	1	1	0	0
1	1	UID1134725	1	1	0	0
1	1	UID1134733	1	1	0	0
1	1	UID1134737	1	1	0	0
1	1	UID1134738	1	1	0	0
1	1	UID1134741	1	1	0	0
1	1	UID1134742	1	1	0	0
1	1	UID1134743	1	1	0	0
1	1	UID1134744	1	1	0	0
1	1	UID1134749	1	1	0	0
1	1	UID1134753	1	1	0	0
1	1	UID1134754	1	1	0	0
1	1	UID1134756	1	1	0	0
1	1	UID1134757	1	1	0	0
1	1	UID1134763	1	1	0	0
1	1	UID1134769	1	1	0	0
1	1	UID1134789	1	1	0	0
1	1	UID1134794	1	1	0	0
1	1	UID1134811	1	1	0	0
1	1	UID1134891	1	1	0	0
1	1	UID1134896	1	1	0	0
1	1	UID1134940	1	1	0	0
1	1	UID1134944	1	1	0	0
1	1	UID1134967	1	1	0	0
1	1	UID1134977	1	1	0	0
1	1	UID1134982	1	1	0	0
1	1	UID1134985	1	1	0	0
1	1	UID1135000	1	1	0	0
1	1	UID1135018	1	1	0	0
1	1	UID1135026	1	1	0	0
1	1	UID1135029	1	1	0	0
1	1	UID1135102	1	1	0	0
2	2	UID1135112	1	2	1	1
1	1	UID1135124	1	1	0	0
1	1	UID1135141	1	1	0	0
1	1	UID1135143	1	1	0	0
1	1	UID1135162	1	1	0	0
1	1	UID1135163	1	1	0	0
1	1	UID1135165	1	1	0	0
1	1	UID1135183	1	1	0	0
1	1	UID1135200	1	1	0	0
1	1	UID1135202	1	1	0	0
1	1	UID1135209	1	1	0	0
1	1	UID1135267	1	1	0	0
1	1	UID1135322	1	1	0	0
1	1	UID1135324	1	1	0	0
1	1	UID1135328	1	1	0	0
1	1	UID1135329	1	1	0	0
1	1	UID1135364	1	1	0	0
1	1	UID1135366	1	1	0	0
1	1	UID1135369	1	1	0	0
1	1	UID1135381	1	1	0	0
1	1	UID1135415	1	1	0	0
1	1	UID1135472	1	1	0	0
1	1	UID1135473	1	1	0	0
1	1	UID1135494	1	1	0	0
1	1	UID1135495	1	1	0	0
1	1	UID1135504	1	1	0	0
1	1	UID1135509	1	1	0	0
1	1	UID1135516	1	1	0	0
1	1	UID1135534	1	1	0	0
1	1	UID1135535	1	1	0	0
1	1	UID1135542	1	1	0	0
1	1	UID1135553	1	1	0	0
1	1	UID1135556	1	1	0	0
1	1	UID1135564	1	1	0	0
1	1	UID1135565	1	1	0	0
1	1	UID1135573	1	1	0	0
1	1	UID1135580	1	1	0	0
1	1	UID1135636	1	1	0	0
1	1	UID1135647	1	1	0	0
1	1	UID1135648	1	1	0	0
1	1	UID1135684	1	1	0	0
1	1	UID1135685	1	1	0	0
1	1	UID1135686	1	1	0	0
1	1	UID1135690	1	1	0	0
1	1	UID1135700	1	1	0	0
1	1	UID1135709	1	1	0	0
1	1	UID1135729	1	1	0	0
1	1	UID1135731	1	1	0	0
1	1	UID1135733	1	1	0	0
1	1	UID1135743	1	1	0	0
1	1	UID1135768	1	1	0	0
1	1	UID1135791	1	1	0	0
1	1	UID1135832	1	1	0	0
1	1	UID1135867	1	1	0	0
1	1	UID1135869	1	1	0	0
1	1	UID1135870	1	1	0	0
1	1	UID1135874	1	1	0	0
1	1	UID1135879	1	1	0	0
1	1	UID1135896	1	1	0	0
1	1	UID1135897	1	1	0	0
1	1	UID1135900	1	1	0	0
1	1	UID1135903	1	1	0	0
1	1	UID1135907	1	1	0	0
1	1	UID1135938	1	1	0	0
1	1	UID1135940	1	1	0	0
1	1	UID1135946	1	1	0	0
1	1	UID1135986	1	1	0	0
1	1	UID1135994	1	1	0	0
1	1	UID1136001	1	1	0	0
1	1	UID1136078	1	1	0	0
1	1	UID1136086	1	1	0	0
1	1	UID1136194	1	1	0	0
1	1	UID1136200	1	1	0	0
1	1	UID1136210	1	1	0	0
1	1	UID1136216	1	1	0	0
1	1	UID1136217	1	1	0	0
1	1	UID1136236	1	1	0	0
1	1	UID1136256	1	1	0	0
1	1	UID1136292	1	1	0	0
1	1	UID1136336	1	1	0	0
1	1	UID1136344	1	1	0	0
1	1	UID1136348	1	1	0	0
1	1	UID1136368	1	1	0	0
1	1	UID1136379	1	1	0	0
1	1	UID1136395	1	1	0	0
1	1	UID1136401	1	1	0	0
1	1	UID1136407	1	1	0	0
1	1	UID1136416	1	1	0	0
1	1	UID1136420	1	1	0	0
1	1	UID1136434	1	1	0	0
1	1	UID1136466	1	1	0	0
1	1	UID1136479	1	1	0	0
1	1	UID1136483	1	1	0	0
1	1	UID1136493	1	1	0	0
1	1	UID1136544	1	1	0	0
1	1	UID1136575	1	1	0	0
1	1	UID1136576	1	1	0	0
1	1	UID1136583	1	1	0	0
1	1	UID1136588	1	1	0	0
1	1	UID1136589	1	1	0	0
1	1	UID1136592	1	1	0	0
1	1	UID1136595	1	1	0	0
1	1	UID1136599	1	1	0	0
1	1	UID1136616	1	1	0	0
1	1	UID1136617	1	1	0	0
1	1	UID1136621	1	1	0	0
1	1	UID1136627	1	1	0	0
1	1	UID1136634	1	1	0	0
1	1	UID1136637	1	1	0	0
1	1	UID1136645	1	1	0	0
1	1	UID1136648	1	1	0	0
1	1	UID1136650	1	1	0	0
1	1	UID1136652	1	1	0	0
1	1	UID1136654	1	1	0	0
1	1	UID1136703	1	1	0	0
1	1	UID1136742	1	1	0	0
1	1	UID1136753	1	1	0	0
1	1	UID1136762	1	1	0	0
1	1	UID1136808	1	1	0	0
1	1	UID1136814	1	1	0	0
1	1	UID1136816	1	1	0	0
1	1	UID1136843	1	1	0	0
1	1	UID1136847	1	1	0	0
1	1	UID1136850	1	1	0	0
1	1	UID1136857	1	1	0	0
1	1	UID1136875	1	1	0	0
1	1	UID1136882	1	1	0	0
1	1	UID1136893	1	1	0	0
1	1	UID1136940	1	1	0	0
1	1	UID1136943	1	1	0	0
1	1	UID1136957	1	1	0	0
1	1	UID1136960	1	1	0	0
1	1	UID1136967	1	1	0	0
1	1	UID1137021	1	1	0	0
1	1	UID1137046	1	1	0	0
1	1	UID1137118	1	1	0	0
1	1	UID1137137	1	1	0	0
1	1	UID1137141	1	1	0	0
1	1	UID1137172	1	1	0	0
1	1	UID1137204	1	1	0	0
1	1	UID1137224	1	1	0	0
1	1	UID1137247	1	1	0	0
1	1	UID1137254	1	1	0	0
1	1	UID1137268	1	1	0	0
1	1	UID1137322	1	1	0	0
1	1	UID1137330	1	1	0	0
1	1	UID1137369	1	1	0	0
1	1	UID1137398	1	1	0	0
1	1	UID1137403	1	1	0	0
1	1	UID1137416	1	1	0	0
1	1	UID1137418	1	1	0	0
1	1	UID1137419	1	1	0	0
1	1	UID1137422	1	1	0	0
1	1	UID1137495	1	1	0	0
1	1	UID1137530	1	1	0	0
1	1	UID1137537	1	1	0	0
1	1	UID1137539	1	1	0	0
1	1	UID1137560	1	1	0	0
1	1	UID1137565	1	1	0	0
1	1	UID1137570	1	1	0	0
1	1	UID1137595	1	1	0	0
1	1	UID1137689	1	1	0	0
1	1	UID1137700	1	1	0	0
1	1	UID1137753	1	1	0	0
1	1	UID1137765	1	1	0	0
1	1	UID1137779	1	1	0	0
1	1	UID1137782	1	1	0	0
1	1	UID1137796	1	1	0	0
1	1	UID1137857	1	1	0	0
1	1	UID1137859	1	1	0	0
1	1	UID1137861	1	1	0	0
1	1	UID1137869	1	1	0	0
1	1	UID1137870	1	1	0	0
1	1	UID1137913	1	1	0	0
1	1	UID1137931	1	1	0	0
1	1	UID1137975	1	1	0	0
1	1	UID1138014	1	1	0	0
1	1	UID1138019	1	1	0	0
1	1	UID1138020	1	1	0	0
1	1	UID1138087	1	1	0	0
1	1	UID1138128	1	1	0	0
1	1	UID1138134	1	1	0	0
1	1	UID1138181	1	1	0	0
1	1	UID1138205	1	1	0	0
1	1	UID1138240	1	1	0	0
1	1	UID1138259	1	1	0	0
1	1	UID1138342	1	1	0	0
1	1	UID1138355	1	1	0	0
1	1	UID1138358	1	1	0	0
1	1	UID1138360	1	1	0	0
1	1	UID1138370	1	1	0	0
1	1	UID1138389	1	1	0	0
1	1	UID1138394	1	1	0	0
1	1	UID1138431	1	1	0	0
1	1	UID1138442	1	1	0	0
1	1	UID1138462	1	1	0	0
1	1	UID1138484	1	1	0	0
1	1	UID1138485	1	1	0	0
1	1	UID1138538	1	1	0	0
1	1	UID1138543	1	1	0	0
1	1	UID1138629	1	1	0	0
1	1	UID1138654	1	1	0	0
1	1	UID1138673	1	1	0	0
1	1	UID1138680	1	1	0	0
1	1	UID1138682	1	1	0	0
1	1	UID1138756	1	1	0	0
1	1	UID1138764	1	1	0	0
1	1	UID1138772	1	1	0	0
1	1	UID1138817	1	1	0	0
1	1	UID1138818	1	1	0	0
1	1	UID1138838	1	1	0	0
1	1	UID1138846	1	1	0	0
1	1	UID1138940	1	1	0	0
1	1	UID1138942	1	1	0	0
1	1	UID1138976	1	1	0	0
1	1	UID1139013	1	1	0	0
1	1	UID1139045	1	1	0	0
1	1	UID1139056	1	1	0	0
1	1	UID1139128	1	1	0	0
1	1	UID1139214	1	1	0	0
1	1	UID1139271	1	1	0	0
1	1	UID1139280	1	1	0	0
1	1	UID1139296	1	1	0	0
1	1	UID1139299	1	1	0	0
1	1	UID1139316	1	1	0	0
1	1	UID1139367	1	1	0	0
1	1	UID1139443	1	1	0	0
1	1	UID1139543	1	1	0	0
1	1	UID1139549	1	1	0	0
1	1	UID1139552	1	1	0	0
1	1	UID1139574	1	1	0	0
1	1	UID1139589	1	1	0	0
1	1	UID1139621	1	1	0	0
1	1	UID1139623	1	1	0	0
1	1	UID1139714	1	1	0	0
1	1	UID1139761	1	1	0	0
1	1	UID1139806	1	1	0	0
1	1	UID1139831	1	1	0	0
1	1	UID1139848	1	1	0	0
1	1	UID1139851	1	1	0	0
1	1	UID1139865	1	1	0	0
1	1	UID1139866	1	1	0	0
1	1	UID1139872	1	1	0	0
1	1	UID1139962	1	1	0	0
1	1	UID1139971	1	1	0	0
1	1	UID1139972	1	1	0	0
1	1	UID1139977	1	1	0	0
1	1	UID1140159	1	1	0	0
1	1	UID1140343	1	1	0	0
1	1	UID1140875	1	1	0	0
1	1	UID1140942	1	1	0	0
1	1	UID1140972	1	1	0	0
1	1	UID1141034	1	1	0	0
1	1	UID1141079	1	1	0	0
1	1	UID1141115	1	1	0	0
1	1	UID1141466	1	1	0	0
1	1	UID1141502	1	1	0	0
1	1	UID1141691	1	1	0	0
1	1	UID1141694	1	1	0	0
1	1	UID1141696	1	1	0	0
1	1	UID1141698	1	1	0	0
1	1	UID1141699	1	1	0	0
1	1	UID1141724	1	1	0	0
1	1	UID1141732	1	1	0	0
1	1	UID1141777	1	1	0	0
1	1	UID1141784	1	1	0	0
1	1	UID1141785	1	1	0	0
1	1	UID1141871	1	1	0	0
1	1	UID1141892	1	1	0	0
1	1	UID1141929	1	1	0	0
1	1	UID1141979	1	1	0	0
1	1	UID1142024	1	1	0	0
1	1	UID1142030	1	1	0	0
1	1	UID1142052	1	1	0	0
1	1	UID1142095	1	1	0	0
1	1	UID1142105	1	1	0	0
1	1	UID1142112	1	1	0	0
1	1	UID1142152	1	1	0	0
1	1	UID1142169	1	1	0	0
1	1	UID1142174	1	1	0	0
1	1	UID1142209	1	1	0	0
1	1	UID1142211	1	1	0	0
1	1	UID1142234	1	1	0	0
1	1	UID1142240	1	1	0	0
1	1	UID1142241	1	1	0	0
1	1	UID1142248	1	1	0	0
1	1	UID1142249	1	1	0	0
1	1	UID1142250	1	1	0	0
1	1	UID1142255	1	1	0	0
1	1	UID1142257	1	1	0	0
1	1	UID1142259	1	1	0	0
1	1	UID1142260	1	1	0	0
1	1	UID1142304	1	1	0	0
1	1	UID1142305	1	1	0	0
1	1	UID1142306	1	1	0	0
1	1	UID1142329	1	1	0	0
1	1	UID1142331	1	1	0	0
1	1	UID1142334	1	1	0	0
1	1	UID1142337	1	1	0	0
1	1	UID1142340	1	1	0	0
1	1	UID1142346	1	1	0	0
1	1	UID1142350	1	1	0	0
1	1	UID1142379	1	1	0	0
1	1	UID1142381	1	1	0	0
1	1	UID1142385	1	1	0	0
1	1	UID1142386	1	1	0	0
1	1	UID1142390	1	1	0	0
1	1	UID1142396	1	1	0	0
1	1	UID1142408	1	1	0	0
1	1	UID1142411	1	1	0	0
1	1	UID1142423	1	1	0	0
1	1	UID1142474	1	1	0	0
1	1	UID1142475	1	1	0	0
1	1	UID1142500	1	1	0	0
1	1	UID1142502	1	1	0	0
1	1	UID1142504	1	1	0	0
1	1	UID1142507	1	1	0	0
1	1	UID1142513	1	1	0	0
1	1	UID1142514	1	1	0	0
1	1	UID1142516	1	1	0	0
1	1	UID1142524	1	1	0	0
1	1	UID1142578	1	1	0	0
1	1	UID1142581	1	1	0	0
1	1	UID1142650	1	1	0	0
1	1	UID1142657	1	1	0	0
1	1	UID1142746	1	1	0	0
1	1	UID1142782	1	1	0	0
1	1	UID1142790	1	1	0	0
1	1	UID1142802	1	1	0	0
1	1	UID1142817	1	1	0	0
1	1	UID1142825	1	1	0	0
1	1	UID1142827	1	1	0	0
1	1	UID1142870	1	1	0	0
1	1	UID1142926	1	1	0	0
1	1	UID1142938	1	1	0	0
1	1	UID1142973	1	1	0	0
1	1	UID1142978	1	1	0	0
1	1	UID1142981	1	1	0	0
1	1	UID1143021	1	1	0	0
1	1	UID1143094	1	1	0	0
1	1	UID1143109	1	1	0	0
1	1	UID1143181	1	1	0	0
1	1	UID1143187	1	1	0	0
1	1	UID1143193	1	1	0	0
1	1	UID1143219	1	1	0	0
1	1	UID1143293	1	1	0	0
1	1	UID1143447	1	1	0	0
1	1	UID1143469	1	1	0	0
1	1	UID1143516	1	1	0	0
1	1	UID1143518	1	1	0	0
1	1	UID1143538	1	1	0	0
1	1	UID1143539	1	1	0	0
1	1	UID1143589	1	1	0	0
1	1	UID1143591	1	1	0	0
1	1	UID1143631	1	1	0	0
1	1	UID1143670	1	1	0	0
1	1	UID1143677	1	1	0	0
1	1	UID1143686	1	1	0	0
1	1	UID1143691	1	1	0	0
1	1	UID1143701	1	1	0	0
1	1	UID1143705	1	1	0	0
1	1	UID1143716	1	1	0	0
1	1	UID1143718	1	1	0	0
1	1	UID1143730	1	1	0	0
1	1	UID1143735	1	1	0	0
1	1	UID1143785	1	1	0	0
1	1	UID1143829	1	1	0	0
1	1	UID1143840	1	1	0	0
1	1	UID1143842	1	1	0	0
1	1	UID1143852	1	1	0	0
1	1	UID1143853	1	1	0	0
1	1	UID1143892	1	1	0	0
1	1	UID1143894	1	1	0	0
1	1	UID1143916	1	1	0	0
1	1	UID1143986	1	1	0	0
1	1	UID1143991	1	1	0	0
1	1	UID1144053	1	1	0	0
1	1	UID1144075	1	1	0	0
1	1	UID1144088	1	1	0	0
1	1	UID1144095	1	1	0	0
1	1	UID1144144	1	1	0	0
1	1	UID1144152	1	1	0	0
1	1	UID1144169	1	1	0	0
1	1	UID1144197	1	1	0	0
1	1	UID1144227	1	1	0	0
1	1	UID1144251	1	1	0	0
1	1	UID1144292	1	1	0	0
1	1	UID1144311	1	1	0	0
1	1	UID1144323	1	1	0	0
1	1	UID1144328	1	1	0	0
1	1	UID1144330	1	1	0	0
1	1	UID1144331	1	1	0	0
1	1	UID1144335	1	1	0	0
1	1	UID1144348	1	1	0	0
1	1	UID1144358	1	1	0	0
1	1	UID1144359	1	1	0	0
1	1	UID1144362	1	1	0	0
1	1	UID1144363	1	1	0	0
1	1	UID1144367	1	1	0	0
1	1	UID1144369	1	1	0	0
1	1	UID1144371	1	1	0	0
1	1	UID1144381	1	1	0	0
1	1	UID1144382	1	1	0	0
1	1	UID1144434	1	1	0	0
1	1	UID1144445	1	1	0	0
1	1	UID1144449	1	1	0	0
1	1	UID1144450	1	1	0	0
1	1	UID1144463	1	1	0	0
1	1	UID1144471	1	1	0	0
1	1	UID1144474	1	1	0	0
1	1	UID1144475	1	1	0	0
1	1	UID1144477	1	1	0	0
1	1	UID1144479	1	1	0	0
1	1	UID1144485	1	1	0	0
1	1	UID1144496	1	1	0	0
1	1	UID1144498	1	1	0	0
1	1	UID1144501	1	1	0	0
1	1	UID1144502	1	1	0	0
1	1	UID1144596	1	1	0	0
1	1	UID1144597	1	1	0	0
1	1	UID1144606	1	1	0	0
1	1	UID1144658	1	1	0	0
1	1	UID1144762	1	1	0	0
1	1	UID1144763	1	1	0	0
1	1	UID1144772	1	1	0	0
1	1	UID1144786	1	1	0	0
1	1	UID1144788	1	1	0	0
1	1	UID1144791	1	1	0	0
1	1	UID1144794	1	1	0	0
1	1	UID1144802	1	1	0	0
1	1	UID1144804	1	1	0	0
1	1	UID1144822	1	1	0	0
1	1	UID1144824	1	1	0	0
1	1	UID1144826	1	1	0	0
1	1	UID1144834	1	1	0	0
1	1	UID1144835	1	1	0	0
1	1	UID1144838	1	1	0	0
1	1	UID1144839	1	1	0	0
1	1	UID1144845	1	1	0	0
1	1	UID1144849	1	1	0	0
1	1	UID1144852	1	1	0	0
1	1	UID1144854	1	1	0	0
1	1	UID1144873	1	1	0	0
1	1	UID1144949	1	1	0	0
1	1	UID1144983	1	1	0	0
1	1	UID1145001	1	1	0	0
1	1	UID1145003	1	1	0	0
1	1	UID1145006	1	1	0	0
1	1	UID1145008	1	1	0	0
1	1	UID1145015	1	1	0	0
1	1	UID1145024	1	1	0	0
1	1	UID1145103	1	1	0	0
1	1	UID1145104	1	1	0	0
1	1	UID1145109	1	1	0	0
1	1	UID1145132	1	1	0	0
1	1	UID1145162	1	1	0	0
1	1	UID1145172	1	1	0	0
1	1	UID1145211	1	1	0	0
1	1	UID1145288	1	1	0	0
1	1	UID1145292	1	1	0	0
1	1	UID1145301	1	1	0	0
1	1	UID1145321	1	1	0	0
1	1	UID1145332	1	1	0	0
1	1	UID1145344	1	1	0	0
1	1	UID1145348	1	1	0	0
1	1	UID1145352	1	1	0	0
1	1	UID1145354	1	1	0	0
1	1	UID1145356	1	1	0	0
1	1	UID1145369	1	1	0	0
1	1	UID1145370	1	1	0	0
1	1	UID1145377	1	1	0	0
1	1	UID1145379	1	1	0	0
1	1	UID1145393	1	1	0	0
1	1	UID1145406	1	1	0	0
1	1	UID1145442	1	1	0	0
1	1	UID1145453	1	1	0	0
1	1	UID1145483	1	1	0	0
1	1	UID1145490	1	1	0	0
1	1	UID1145494	1	1	0	0
1	1	UID1145578	1	1	0	0
1	1	UID1145639	1	1	0	0
1	1	UID1145655	1	1	0	0
1	1	UID1145657	1	1	0	0
1	1	UID1145660	1	1	0	0
1	1	UID1145662	1	1	0	0
1	1	UID1145664	1	1	0	0
1	1	UID1145678	1	1	0	0
1	1	UID1145753	1	1	0	0
1	1	UID1145754	1	1	0	0
1	1	UID1145756	1	1	0	0
1	1	UID1145766	1	1	0	0
1	1	UID1145769	1	1	0	0
1	1	UID1145788	1	1	0	0
1	1	UID1145795	1	1	0	0
1	1	UID1145856	1	1	0	0
1	1	UID1145864	1	1	0	0
1	1	UID1145867	1	1	0	0
1	1	UID1145882	1	1	0	0
1	1	UID1145888	1	1	0	0
1	1	UID1145893	1	1	0	0
1	1	UID1145970	1	1	0	0
1	1	UID1145973	1	1	0	0
1	1	UID1146033	1	1	0	0
1	1	UID1146048	1	1	0	0
1	1	UID1146056	1	1	0	0
1	1	UID1146079	1	1	0	0
1	1	UID1146080	1	1	0	0
1	1	UID1146145	1	1	0	0
1	1	UID1146194	1	1	0	0
1	1	UID1146204	1	1	0	0
1	1	UID1146205	1	1	0	0
1	1	UID1146206	1	1	0	0
1	1	UID1146207	1	1	0	0
1	1	UID1146208	1	1	0	0
1	1	UID1146209	1	1	0	0
1	1	UID1146222	1	1	0	0
1	1	UID1146241	1	1	0	0
1	1	UID1146254	1	1	0	0
1	1	UID1146261	1	1	0	0
1	1	UID1146266	1	1	0	0
1	1	UID1146291	1	1	0	0
1	1	UID1146298	1	1	0	0
1	1	UID1146321	1	1	0	0
1	1	UID1146341	1	1	0	0
1	1	UID1146368	1	1	0	0
1	1	UID1146393	1	1	0	0
1	1	UID1146457	1	1	0	0
1	1	UID1146514	1	1	0	0
1	1	UID1146527	1	1	0	0
1	1	UID1146537	1	1	0	0
1	1	UID1146568	1	1	0	0
1	1	UID1146574	1	1	0	0
1	1	UID1146577	1	1	0	0
1	1	UID1146584	1	1	0	0
1	1	UID1146586	1	1	0	0
1	1	UID1146587	1	1	0	0
1	1	UID1146588	1	1	0	0
1	1	UID1146599	1	1	0	0
1	1	UID1146612	1	1	0	0
1	1	UID1146643	1	1	0	0
1	1	UID1146712	1	1	0	0
1	1	UID1146762	1	1	0	0
1	1	UID1146786	1	1	0	0
1	1	UID1146820	1	1	0	0
1	1	UID1146829	1	1	0	0
1	1	UID1146885	1	1	0	0
1	1	UID1146907	1	1	0	0
1	1	UID1146908	1	1	0	0
1	1	UID1146912	1	1	0	0
1	1	UID1146919	1	1	0	0
1	1	UID1146944	1	1	0	0
1	1	UID1146982	1	1	0	0
1	1	UID1146984	1	1	0	0
2	2	UID1146999	1	2	1	1
1	1	UID1147012	1	1	0	0
1	1	UID1147046	1	1	0	0
1	1	UID1147056	1	1	0	0
1	1	UID1147066	1	1	0	0
1	1	UID1147071	1	1	0	0
1	1	UID1147113	1	1	0	0
1	1	UID1147119	1	1	0	0
1	1	UID1147124	1	1	0	0
1	1	UID1147137	1	1	0	0
1	1	UID1147144	1	1	0	0
1	1	UID1147149	1	1	0	0
1	1	UID1147153	1	1	0	0
1	1	UID1147231	1	1	0	0
1	1	UID1147243	1	1	0	0
1	1	UID1147257	1	1	0	0
1	1	UID1147262	1	1	0	0
1	1	UID1147271	1	1	0	0
1	1	UID1147272	1	1	0	0
1	1	UID1147287	1	1	0	0
1	1	UID1147301	1	1	0	0
1	1	UID1147306	1	1	0	0
1	1	UID1147325	1	1	0	0
1	1	UID1147388	1	1	0	0
1	1	UID1147408	1	1	0	0
1	1	UID1147409	1	1	0	0
1	1	UID1147413	1	1	0	0
1	1	UID1147414	1	1	0	0
1	1	UID1147430	1	1	0	0
1	1	UID1147437	1	1	0	0
1	1	UID1147439	1	1	0	0
1	1	UID1147440	1	1	0	0
1	1	UID1147455	1	1	0	0
1	1	UID1147459	1	1	0	0
1	1	UID1147463	1	1	0	0
1	1	UID1147543	1	1	0	0
1	1	UID1147584	1	1	0	0
1	1	UID1147592	1	1	0	0
1	1	UID1147600	1	1	0	0
1	1	UID1147630	1	1	0	0
1	1	UID1147635	1	1	0	0
1	1	UID1147705	1	1	0	0
1	1	UID1147710	1	1	0	0
1	1	UID1147712	1	1	0	0
1	1	UID1147737	1	1	0	0
1	1	UID1147756	1	1	0	0
1	1	UID1147777	1	1	0	0
1	1	UID1147788	1	1	0	0
1	1	UID1147796	1	1	0	0
1	1	UID1147836	1	1	0	0
1	1	UID1147849	1	1	0	0
1	1	UID1147856	1	1	0	0
1	1	UID1147861	1	1	0	0
1	1	UID1147874	1	1	0	0
1	1	UID1147878	1	1	0	0
1	1	UID1147881	1	1	0	0
1	1	UID1147927	1	1	0	0
1	1	UID1147936	1	1	0	0
1	1	UID1147958	1	1	0	0
1	1	UID1147970	1	1	0	0
1	1	UID1147972	1	1	0	0
1	1	UID1147986	1	1	0	0
1	1	UID1147998	1	1	0	0
1	1	UID1148027	1	1	0	0
1	1	UID1148107	1	1	0	0
1	1	UID1148136	1	1	0	0
1	1	UID1148140	1	1	0	0
1	1	UID1148224	1	1	0	0
1	1	UID1148233	1	1	0	0
1	1	UID1148234	1	1	0	0
1	1	UID1148256	1	1	0	0
1	1	UID1148267	1	1	0	0
1	1	UID1148308	1	1	0	0
1	1	UID1148315	1	1	0	0
1	1	UID1148333	1	1	0	0
1	1	UID1148334	1	1	0	0
1	1	UID1148336	1	1	0	0
1	1	UID1148337	1	1	0	0
1	1	UID1148338	1	1	0	0
1	1	UID1148339	1	1	0	0
1	1	UID1148345	1	1	0	0
1	1	UID1148349	1	1	0	0
1	1	UID1148355	1	1	0	0
1	1	UID1148381	1	1	0	0
1	1	UID1148441	1	1	0	0
1	1	UID1148475	1	1	0	0
1	1	UID1148477	1	1	0	0
1	1	UID1148490	1	1	0	0
1	1	UID1148514	1	1	0	0
1	1	UID1148515	1	1	0	0
1	1	UID1148516	1	1	0	0
1	1	UID1148517	1	1	0	0
1	1	UID1148518	1	1	0	0
1	1	UID1148520	1	1	0	0
1	1	UID1148521	1	1	0	0
1	1	UID1148524	1	1	0	0
1	1	UID1148525	1	1	0	0
1	1	UID1148532	1	1	0	0
1	1	UID1148547	1	1	0	0
1	1	UID1148551	1	1	0	0
1	1	UID1148552	1	1	0	0
1	1	UID1148555	1	1	0	0
1	1	UID1148556	1	1	0	0
1	1	UID1148560	1	1	0	0
1	1	UID1148564	1	1	0	0
1	1	UID1148565	1	1	0	0
1	1	UID1148568	1	1	0	0
1	1	UID1148569	1	1	0	0
1	1	UID1148570	1	1	0	0
1	1	UID1148576	1	1	0	0
1	1	UID1148591	1	1	0	0
1	1	UID1148601	1	1	0	0
1	1	UID1148613	1	1	0	0
1	1	UID1148614	1	1	0	0
1	1	UID1148617	1	1	0	0
1	1	UID1148728	1	1	0	0
1	1	UID1148736	1	1	0	0
1	1	UID1148744	1	1	0	0
1	1	UID1148754	1	1	0	0
1	1	UID1148756	1	1	0	0
1	1	UID1148758	1	1	0	0
1	1	UID1148764	1	1	0	0
1	1	UID1148765	1	1	0	0
1	1	UID1148767	1	1	0	0
1	1	UID1148770	1	1	0	0
1	1	UID1148773	1	1	0	0
1	1	UID1148776	1	1	0	0
1	1	UID1148779	1	1	0	0
1	1	UID1148780	1	1	0	0
1	1	UID1148785	1	1	0	0
1	1	UID1148803	1	1	0	0
1	1	UID1148814	1	1	0	0
1	1	UID1148816	1	1	0	0
1	1	UID1148886	1	1	0	0
1	1	UID1148887	1	1	0	0
1	1	UID1148911	1	1	0	0
1	1	UID1148922	1	1	0	0
1	1	UID1148927	1	1	0	0
1	1	UID1148964	1	1	0	0
1	1	UID1148988	1	1	0	0
1	1	UID1148993	1	1	0	0
1	1	UID1149026	1	1	0	0
1	1	UID1149049	1	1	0	0
1	1	UID1149095	1	1	0	0
1	1	UID1149097	1	1	0	0
1	1	UID1149110	1	1	0	0
1	1	UID1149126	1	1	0	0
1	1	UID1149139	1	1	0	0
1	1	UID1149148	1	1	0	0
1	1	UID1149153	1	1	0	0
1	1	UID1149167	1	1	0	0
1	1	UID1149250	1	1	0	0
1	1	UID1149253	1	1	0	0
1	1	UID1149315	1	1	0	0
1	1	UID1149317	1	1	0	0
1	1	UID1149333	1	1	0	0
1	1	UID1149335	1	1	0	0
1	1	UID1149348	1	1	0	0
1	1	UID1149353	1	1	0	0
1	1	UID1149364	1	1	0	0
1	1	UID1149377	1	1	0	0
1	1	UID1149403	1	1	0	0
1	1	UID1149428	1	1	0	0
1	1	UID1149445	1	1	0	0
1	1	UID1149451	1	1	0	0
1	1	UID1149466	1	1	0	0
1	1	UID1149468	1	1	0	0
1	1	UID1149469	1	1	0	0
1	1	UID1149471	1	1	0	0
1	1	UID1149481	1	1	0	0
1	1	UID1149501	1	1	0	0
1	1	UID1149512	1	1	0	0
1	1	UID1149548	1	1	0	0
1	1	UID1149599	1	1	0	0
1	1	UID1149602	1	1	0	0
1	1	UID1149614	1	1	0	0
1	1	UID1149619	1	1	0	0
1	1	UID1149622	1	1	0	0
1	1	UID1149636	1	1	0	0
1	1	UID1149637	1	1	0	0
1	1	UID1149647	1	1	0	0
1	1	UID1149677	1	1	0	0
1	1	UID1149683	1	1	0	0
1	1	UID1149687	1	1	0	0
1	1	UID1149688	1	1	0	0
1	1	UID1149693	1	1	0	0
1	1	UID1149715	1	1	0	0
1	1	UID1149719	1	1	0	0
1	1	UID1149720	1	1	0	0
1	1	UID1149794	1	1	0	0
1	1	UID1149797	1	1	0	0
1	1	UID1149818	1	1	0	0
1	1	UID1149835	1	1	0	0
1	1	UID1149842	1	1	0	0
1	1	UID1149844	1	1	0	0
1	1	UID1149845	1	1	0	0
1	1	UID1149848	1	1	0	0
1	1	UID1149870	1	1	0	0
1	1	UID1149871	1	1	0	0
1	1	UID1149891	1	1	0	0
1	1	UID1149956	1	1	0	0
1	1	UID1149968	1	1	0	0
1	1	UID1149978	1	1	0	0
1	1	UID1149988	1	1	0	0
1	1	UID1149998	1	1	0	0
1	1	UID1149999	1	1	0	0
1	1	UID1150020	1	1	0	0
1	1	UID1150025	1	1	0	0
1	1	UID1150026	1	1	0	0
1	1	UID1150029	1	1	0	0
1	1	UID1150031	1	1	0	0
1	1	UID1150033	1	1	0	0
1	1	UID1150043	1	1	0	0
1	1	UID1150045	1	1	0	0
1	1	UID1150047	1	1	0	0
1	1	UID1150048	1	1	0	0
1	1	UID1150054	1	1	0	0
1	1	UID1150056	1	1	0	0
1	1	UID1150100	1	1	0	0
1	1	UID1150101	1	1	0	0
1	1	UID1150102	1	1	0	0
1	1	UID1150104	1	1	0	0
1	1	UID1150105	1	1	0	0
1	1	UID1150106	1	1	0	0
1	1	UID1150108	1	1	0	0
1	1	UID1150112	1	1	0	0
1	1	UID1150114	1	1	0	0
1	1	UID1150118	1	1	0	0
1	1	UID1150120	1	1	0	0
1	1	UID1150121	1	1	0	0
1	1	UID1150124	1	1	0	0
1	1	UID1150125	1	1	0	0
1	1	UID1150126	1	1	0	0
1	1	UID1150131	1	1	0	0
1	1	UID1150133	1	1	0	0
1	1	UID1150135	1	1	0	0
1	1	UID1150141	1	1	0	0
1	1	UID1150145	1	1	0	0
1	1	UID1150161	1	1	0	0
1	1	UID1150163	1	1	0	0
1	1	UID1150222	1	1	0	0
1	1	UID1150228	1	1	0	0
1	1	UID1150271	1	1	0	0
1	1	UID1150280	1	1	0	0
1	1	UID1150301	1	1	0	0
1	1	UID1150304	1	1	0	0
1	1	UID1150306	1	1	0	0
1	1	UID1150326	1	1	0	0
1	1	UID1150370	1	1	0	0
1	1	UID1150387	1	1	0	0
1	1	UID1150390	1	1	0	0
1	1	UID1150423	1	1	0	0
1	1	UID1150446	1	1	0	0
1	1	UID1150476	1	1	0	0
1	1	UID1150526	1	1	0	0
1	1	UID1150528	1	1	0	0
1	1	UID1150561	1	1	0	0
1	1	UID1150562	1	1	0	0
1	1	UID1150571	1	1	0	0
1	1	UID1150586	1	1	0	0
1	1	UID1150600	1	1	0	0
1	1	UID1150602	1	1	0	0
1	1	UID1150604	1	1	0	0
1	1	UID1150680	1	1	0	0
1	1	UID1150696	1	1	0	0
1	1	UID1150726	1	1	0	0
1	1	UID1150755	1	1	0	0
1	1	UID1150770	1	1	0	0
1	1	UID1150779	1	1	0	0
1	1	UID1150791	1	1	0	0
1	1	UID1150795	1	1	0	0
1	1	UID1150800	1	1	0	0
1	1	UID1150853	1	1	0	0
1	1	UID1150863	1	1	0	0
1	1	UID1150874	1	1	0	0
1	1	UID1150905	1	1	0	0
1	1	UID1150909	1	1	0	0
1	1	UID1150910	1	1	0	0
1	1	UID1150917	1	1	0	0
1	1	UID1150930	1	1	0	0
1	1	UID1150933	1	1	0	0
1	1	UID1150942	1	1	0	0
1	1	UID1150946	1	1	0	0
1	1	UID1150971	1	1	0	0
1	1	UID1150973	1	1	0	0
1	1	UID1150974	1	1	0	0
1	1	UID1150983	1	1	0	0
1	1	UID1150994	1	1	0	0
1	1	UID1151079	1	1	0	0
1	1	UID1151114	1	1	0	0
1	1	UID1151116	1	1	0	0
1	1	UID1151152	1	1	0	0
1	1	UID1151174	1	1	0	0
1	1	UID1151191	1	1	0	0
1	1	UID1151303	1	1	0	0
1	1	UID1151312	1	1	0	0
1	1	UID1151321	1	1	0	0
1	1	UID1151324	1	1	0	0
1	1	UID1151325	1	1	0	0
1	1	UID1151327	1	1	0	0
1	1	UID1151328	1	1	0	0
1	1	UID1151362	1	1	0	0
1	1	UID1151464	1	1	0	0
1	1	UID1151465	1	1	0	0
1	1	UID1151477	1	1	0	0
1	1	UID1151506	1	1	0	0
1	1	UID1151516	1	1	0	0
1	1	UID1151524	1	1	0	0
1	1	UID1151534	1	1	0	0
1	1	UID1151550	1	1	0	0
1	1	UID1151559	1	1	0	0
1	1	UID1151567	1	1	0	0
1	1	UID1151569	1	1	0	0
1	1	UID1151570	1	1	0	0
1	1	UID1151571	1	1	0	0
1	1	UID1151575	1	1	0	0
1	1	UID1151578	1	1	0	0
1	1	UID1151589	1	1	0	0
1	1	UID1151602	1	1	0	0
1	1	UID1151611	1	1	0	0
1	1	UID1151615	1	1	0	0
1	1	UID1151616	1	1	0	0
1	1	UID1151625	1	1	0	0
1	1	UID1151628	1	1	0	0
1	1	UID1151638	1	1	0	0
1	1	UID1151756	1	1	0	0
1	1	UID1151792	1	1	0	0
1	1	UID1151794	1	1	0	0
1	1	UID1151816	1	1	0	0
1	1	UID1151842	1	1	0	0
1	1	UID1151868	1	1	0	0
1	1	UID1151888	1	1	0	0
1	1	UID1151889	1	1	0	0
1	1	UID1151898	1	1	0	0
1	1	UID1151986	1	1	0	0
1	1	UID1151991	1	1	0	0
1	1	UID1151993	1	1	0	0
1	1	UID1151995	1	1	0	0
1	1	UID1152023	1	1	0	0
1	1	UID1152031	1	1	0	0
1	1	UID1152032	1	1	0	0
1	1	UID1152033	1	1	0	0
1	1	UID1152044	1	1	0	0
1	1	UID1152058	1	1	0	0
1	1	UID1152061	1	1	0	0
1	1	UID1152068	1	1	0	0
1	1	UID1152087	1	1	0	0
1	1	UID1152088	1	1	0	0
1	1	UID1152089	1	1	0	0
1	1	UID1152101	1	1	0	0
1	1	UID1152106	1	1	0	0
1	1	UID1152108	1	1	0	0
1	1	UID1152109	1	1	0	0
1	1	UID1152114	1	1	0	0
1	1	UID1152140	1	1	0	0
1	1	UID1152142	1	1	0	0
1	1	UID1152148	1	1	0	0
1	1	UID1152195	1	1	0	0
1	1	UID1152200	1	1	0	0
1	1	UID1152213	1	1	0	0
1	1	UID1152255	1	1	0	0
1	1	UID1152274	1	1	0	0
1	1	UID1152275	1	1	0	0
1	1	UID1152298	1	1	0	0
1	1	UID1152335	1	1	0	0
1	1	UID1152356	1	1	0	0
1	1	UID1152363	1	1	0	0
1	1	UID1152367	1	1	0	0
1	1	UID1152392	1	1	0	0
1	1	UID1152405	1	1	0	0
1	1	UID1152406	1	1	0	0
1	1	UID1152407	1	1	0	0
1	1	UID1152424	1	1	0	0
1	1	UID1152458	1	1	0	0
1	1	UID1152499	1	1	0	0
1	1	UID1152549	1	1	0	0
1	1	UID1152560	1	1	0	0
1	1	UID1152582	1	1	0	0
2	2	UID1152583	1	2	1	1
1	1	UID1152588	1	1	0	0
1	1	UID1152598	1	1	0	0
1	1	UID1152631	1	1	0	0
1	1	UID1152669	1	1	0	0
1	1	UID1152703	1	1	0	0
1	1	UID1152732	1	1	0	0
1	1	UID1152752	1	1	0	0
1	1	UID1152753	1	1	0	0
1	1	UID1152780	1	1	0	0
1	1	UID1152788	1	1	0	0
1	1	UID1152794	1	1	0	0
1	1	UID1152797	1	1	0	0
1	1	UID1152826	1	1	0	0
1	1	UID1152827	1	1	0	0
1	1	UID1152848	1	1	0	0
1	1	UID1152856	1	1	0	0
1	1	UID1152857	1	1	0	0
1	1	UID1152862	1	1	0	0
1	1	UID1152863	1	1	0	0
1	1	UID1152865	1	1	0	0
1	1	UID1152869	1	1	0	0
1	1	UID1152871	1	1	0	0
1	1	UID1152873	1	1	0	0
1	1	UID1152874	1	1	0	0
1	1	UID1152885	1	1	0	0
1	1	UID1152886	1	1	0	0
1	1	UID1152890	1	1	0	0
1	1	UID1152891	1	1	0	0
1	1	UID1152893	1	1	0	0
1	1	UID1152899	1	1	0	0
1	1	UID1152901	1	1	0	0
1	1	UID1152912	1	1	0	0
1	1	UID1152913	1	1	0	0
1	1	UID1152914	1	1	0	0
1	1	UID1152916	1	1	0	0
1	1	UID1152964	1	1	0	0
1	1	UID1152967	1	1	0	0
1	1	UID1152979	1	1	0	0
1	1	UID1152982	1	1	0	0
1	1	UID1152985	1	1	0	0
1	1	UID1152986	1	1	0	0
1	1	UID1152992	1	1	0	0
1	1	UID1152993	1	1	0	0
1	1	UID1152996	1	1	0	0
1	1	UID1153004	1	1	0	0
1	1	UID1153006	1	1	0	0
1	1	UID1153007	1	1	0	0
1	1	UID1153008	1	1	0	0
1	1	UID1153014	1	1	0	0
1	1	UID1153018	1	1	0	0
1	1	UID1153019	1	1	0	0
1	1	UID1153020	1	1	0	0
1	1	UID1153024	1	1	0	0
1	1	UID1153027	1	1	0	0
1	1	UID1153031	1	1	0	0
1	1	UID1153033	1	1	0	0
1	1	UID1153034	1	1	0	0
1	1	UID1153036	1	1	0	0
1	1	UID1153037	1	1	0	0
1	1	UID1153038	1	1	0	0
1	1	UID1153042	1	1	0	0
1	1	UID1153050	1	1	0	0
1	1	UID1153052	1	1	0	0
1	1	UID1153069	1	1	0	0
1	1	UID1153079	1	1	0	0
1	1	UID1153152	1	1	0	0
1	1	UID1153175	1	1	0	0
1	1	UID1153185	1	1	0	0
1	1	UID1153194	1	1	0	0
1	1	UID1153208	1	1	0	0
1	1	UID1153223	1	1	0	0
1	1	UID1153234	1	1	0	0
1	1	UID1153242	1	1	0	0
1	1	UID1153271	1	1	0	0
1	1	UID1153296	1	1	0	0
1	1	UID1153301	1	1	0	0
1	1	UID1153305	1	1	0	0
1	1	UID1153307	1	1	0	0
1	1	UID1153350	1	1	0	0
1	1	UID1153384	1	1	0	0
1	1	UID1153388	1	1	0	0
1	1	UID1153405	1	1	0	0
1	1	UID1153409	1	1	0	0
1	1	UID1153416	1	1	0	0
1	1	UID1153419	1	1	0	0
1	1	UID1153435	1	1	0	0
1	1	UID1153441	1	1	0	0
1	1	UID1153443	1	1	0	0
1	1	UID1153446	1	1	0	0
1	1	UID1153447	1	1	0	0
1	1	UID1153448	1	1	0	0
1	1	UID1153450	1	1	0	0
1	1	UID1153451	1	1	0	0
1	1	UID1153454	1	1	0	0
1	1	UID1153460	1	1	0	0
1	1	UID1153469	1	1	0	0
1	1	UID1153471	1	1	0	0
1	1	UID1153472	1	1	0	0
1	1	UID1153488	1	1	0	0
1	1	UID1153490	1	1	0	0
1	1	UID1153493	1	1	0	0
1	1	UID1153494	1	1	0	0
1	1	UID1153495	1	1	0	0
1	1	UID1153500	1	1	0	0
1	1	UID1153503	1	1	0	0
1	1	UID1153509	1	1	0	0
1	1	UID1153511	1	1	0	0
1	1	UID1153512	1	1	0	0
1	1	UID1153513	1	1	0	0
1	1	UID1153515	1	1	0	0
1	1	UID1153517	1	1	0	0
1	1	UID1153518	1	1	0	0
1	1	UID1153546	1	1	0	0
1	1	UID1153549	1	1	0	0
1	1	UID1153559	1	1	0	0
1	1	UID1153561	1	1	0	0
1	1	UID1153624	1	1	0	0
1	1	UID1153641	1	1	0	0
1	1	UID1153645	1	1	0	0
1	1	UID1153651	1	1	0	0
1	1	UID1153671	1	1	0	0
1	1	UID1153693	1	1	0	0
1	1	UID1153720	1	1	0	0
1	1	UID1153740	1	1	0	0
1	1	UID1153763	1	1	0	0
1	1	UID1153783	1	1	0	0
1	1	UID1153791	1	1	0	0
1	1	UID1153804	1	1	0	0
1	1	UID1153809	1	1	0	0
1	1	UID1153823	1	1	0	0
1	1	UID1153835	1	1	0	0
1	1	UID1153836	1	1	0	0
1	1	UID1153838	1	1	0	0
1	1	UID1153847	1	1	0	0
1	1	UID1153856	1	1	0	0
1	1	UID1153859	1	1	0	0
1	1	UID1153863	1	1	0	0
1	1	UID1153879	1	1	0	0
1	1	UID1153947	1	1	0	0
1	1	UID1153950	1	1	0	0
1	1	UID1153965	1	1	0	0
1	1	UID1153978	1	1	0	0
1	1	UID1153983	1	1	0	0
1	1	UID1153984	1	1	0	0
1	1	UID1153997	1	1	0	0
1	1	UID1154008	1	1	0	0
1	1	UID1154009	1	1	0	0
1	1	UID1154134	1	1	0	0
1	1	UID1154138	1	1	0	0
1	1	UID1154141	1	1	0	0
1	1	UID1154144	1	1	0	0
1	1	UID1154145	1	1	0	0
1	1	UID1154157	1	1	0	0
1	1	UID1154206	1	1	0	0
1	1	UID1154226	1	1	0	0
1	1	UID1154255	1	1	0	0
1	1	UID1154261	1	1	0	0
1	1	UID1154268	1	1	0	0
1	1	UID1154270	1	1	0	0
1	1	UID1154281	1	1	0	0
1	1	UID1154285	1	1	0	0
1	1	UID1154298	1	1	0	0
1	1	UID1154299	1	1	0	0
1	1	UID1154334	1	1	0	0
1	1	UID1154391	1	1	0	0
1	1	UID1154447	1	1	0	0
1	1	UID1154448	1	1	0	0
1	1	UID1154456	1	1	0	0
1	1	UID1154457	1	1	0	0
1	1	UID1154477	1	1	0	0
1	1	UID1154488	1	1	0	0
1	1	UID1154491	1	1	0	0
1	1	UID1154501	1	1	0	0
1	1	UID1154502	1	1	0	0
1	1	UID1154510	1	1	0	0
1	1	UID1154511	1	1	0	0
1	1	UID1154581	1	1	0	0
1	1	UID1154614	1	1	0	0
1	1	UID1154624	1	1	0	0
1	1	UID1154626	1	1	0	0
1	1	UID1154645	1	1	0	0
1	1	UID1154646	1	1	0	0
1	1	UID1154655	1	1	0	0
1	1	UID1154712	1	1	0	0
1	1	UID1154739	1	1	0	0
1	1	UID1154744	1	1	0	0
1	1	UID1154746	1	1	0	0
1	1	UID1154773	1	1	0	0
1	1	UID1154777	1	1	0	0
1	1	UID1154790	1	1	0	0
3	3	UID1154799	1	3	1	1
1	1	UID1154813	1	1	0	0
1	1	UID1154829	1	1	0	0
1	1	UID1154830	1	1	0	0
1	1	UID1154835	1	1	0	0
1	1	UID1154836	1	1	0	0
1	1	UID1154844	1	1	0	0
1	1	UID1154848	1	1	0	0
1	1	UID1154852	1	1	0	0
1	1	UID1154862	1	1	0	0
1	1	UID1154869	1	1	0	0
1	1	UID1154876	1	1	0	0
1	1	UID1154889	1	1	0	0
1	1	UID1154937	1	1	0	0
1	1	UID1154941	1	1	0	0
1	1	UID1154955	1	1	0	0
1	1	UID1154983	1	1	0	0
1	1	UID1154986	1	1	0	0
1	1	UID1154996	1	1	0	0
1	1	UID1155009	1	1	0	0
1	1	UID1155010	1	1	0	0
1	1	UID1155018	1	1	0	0
1	1	UID1155022	1	1	0	0
1	1	UID1155027	1	1	0	0
1	1	UID1155028	1	1	0	0
1	1	UID1155034	1	1	0	0
1	1	UID1155038	1	1	0	0
1	1	UID1155045	1	1	0	0
1	1	UID1155062	1	1	0	0
1	1	UID1155070	1	1	0	0
1	1	UID1155072	1	1	0	0
1	1	UID1155095	1	1	0	0
1	1	UID1155099	1	1	0	0
1	1	UID1155100	1	1	0	0
1	1	UID1155112	1	1	0	0
1	1	UID1155118	1	1	0	0
1	1	UID1155136	1	1	0	0
1	1	UID1155159	1	1	0	0
1	1	UID1155163	1	1	0	0
1	1	UID1155195	1	1	0	0
1	1	UID1155206	1	1	0	0
1	1	UID1155219	1	1	0	0
1	1	UID1155225	1	1	0	0
1	1	UID1155241	1	1	0	0
1	1	UID1155244	1	1	0	0
1	1	UID1155247	1	1	0	0
1	1	UID1155259	1	1	0	0
1	1	UID1155279	1	1	0	0
1	1	UID1155282	1	1	0	0
1	1	UID1155283	1	1	0	0
1	1	UID1155284	1	1	0	0
1	1	UID1155293	1	1	0	0
1	1	UID1155305	1	1	0	0
1	1	UID1155314	1	1	0	0
1	1	UID1155323	1	1	0	0
1	1	UID1155324	1	1	0	0
1	1	UID1155328	1	1	0	0
1	1	UID1155335	1	1	0	0
1	1	UID1155340	1	1	0	0
1	1	UID1155341	1	1	0	0
1	1	UID1155349	1	1	0	0
1	1	UID1155378	1	1	0	0
1	1	UID1155382	1	1	0	0
1	1	UID1155383	1	1	0	0
1	1	UID1155384	1	1	0	0
1	1	UID1155404	1	1	0	0
1	1	UID1155419	1	1	0	0
1	1	UID1155422	1	1	0	0
1	1	UID1155446	1	1	0	0
1	1	UID1155447	1	1	0	0
1	1	UID1155455	1	1	0	0
1	1	UID1155457	1	1	0	0
1	1	UID1155458	1	1	0	0
1	1	UID1155500	1	1	0	0
1	1	UID1155532	1	1	0	0
1	1	UID1155542	1	1	0	0
1	1	UID1155580	1	1	0	0
1	1	UID1155585	1	1	0	0
1	1	UID1155586	1	1	0	0
1	1	UID1155589	1	1	0	0
1	1	UID1155618	1	1	0	0
1	1	UID1155619	1	1	0	0
1	1	UID1155624	1	1	0	0
1	1	UID1155644	1	1	0	0
1	1	UID1155661	1	1	0	0
1	1	UID1155662	1	1	0	0
1	1	UID1155675	1	1	0	0
1	1	UID1155677	1	1	0	0
1	1	UID1155681	1	1	0	0
1	1	UID1155682	1	1	0	0
1	1	UID1155693	1	1	0	0
1	1	UID1155695	1	1	0	0
1	1	UID1155702	1	1	0	0
1	1	UID1155706	1	1	0	0
1	1	UID1155709	1	1	0	0
1	1	UID1155710	1	1	0	0
1	1	UID1155715	1	1	0	0
1	1	UID1155731	1	1	0	0
1	1	UID1155735	1	1	0	0
1	1	UID1155744	1	1	0	0
1	1	UID1155805	1	1	0	0
1	1	UID1155821	1	1	0	0
1	1	UID1155842	1	1	0	0
1	1	UID1155844	1	1	0	0
1	1	UID1155849	1	1	0	0
1	1	UID1155865	1	1	0	0
1	1	UID1155897	1	1	0	0
1	1	UID1155905	1	1	0	0
1	1	UID1155910	1	1	0	0
1	1	UID1155914	1	1	0	0
1	1	UID1155917	1	1	0	0
1	1	UID1155934	1	1	0	0
1	1	UID1155961	1	1	0	0
1	1	UID1156001	1	1	0	0
1	1	UID1156008	1	1	0	0
1	1	UID1156015	1	1	0	0
1	1	UID1156021	1	1	0	0
1	1	UID1156022	1	1	0	0
1	1	UID1156036	1	1	0	0
1	1	UID1156038	1	1	0	0
1	1	UID1156046	1	1	0	0
1	1	UID1156059	1	1	0	0
1	1	UID1156070	1	1	0	0
1	1	UID1156072	1	1	0	0
1	1	UID1156078	1	1	0	0
1	1	UID1156080	1	1	0	0
1	1	UID1156089	1	1	0	0
1	1	UID1156090	1	1	0	0
1	1	UID1156095	1	1	0	0
1	1	UID1156096	1	1	0	0
1	1	UID1156119	1	1	0	0
1	1	UID1156123	1	1	0	0
1	1	UID1156169	1	1	0	0
1	1	UID1156177	1	1	0	0
1	1	UID1156181	1	1	0	0
1	1	UID1156198	1	1	0	0
1	1	UID1156215	1	1	0	0
1	1	UID1156218	1	1	0	0
1	1	UID1156223	1	1	0	0
1	1	UID1156225	1	1	0	0
1	1	UID1156234	1	1	0	0
1	1	UID1156239	1	1	0	0
1	1	UID1156247	1	1	0	0
1	1	UID1156248	1	1	0	0
1	1	UID1156249	1	1	0	0
1	1	UID1156250	1	1	0	0
1	1	UID1156254	1	1	0	0
1	1	UID1156255	1	1	0	0
1	1	UID1156257	1	1	0	0
1	1	UID1156259	1	1	0	0
1	1	UID1156266	1	1	0	0
1	1	UID1156277	1	1	0	0
1	1	UID1156299	1	1	0	0
1	1	UID1156300	1	1	0	0
1	1	UID1156305	1	1	0	0
1	1	UID1156315	1	1	0	0
1	1	UID1156316	1	1	0	0
1	1	UID1156318	1	1	0	0
1	1	UID1156320	1	1	0	0
1	1	UID1156322	1	1	0	0
1	1	UID1156325	1	1	0	0
1	1	UID1156327	1	1	0	0
1	1	UID1156333	1	1	0	0
1	1	UID1156347	1	1	0	0
1	1	UID1156410	1	1	0	0
1	1	UID1156411	1	1	0	0
1	1	UID1156416	1	1	0	0
1	1	UID1156422	1	1	0	0
1	1	UID1156432	1	1	0	0
1	1	UID1156434	1	1	0	0
1	1	UID1156440	1	1	0	0
1	1	UID1156441	1	1	0	0
1	1	UID1156445	1	1	0	0
1	1	UID1156450	1	1	0	0
1	1	UID1156469	1	1	0	0
1	1	UID1156473	1	1	0	0
1	1	UID1156474	1	1	0	0
1	1	UID1156479	1	1	0	0
1	1	UID1156480	1	1	0	0
1	1	UID1156495	1	1	0	0
1	1	UID1156498	1	1	0	0
1	1	UID1156503	1	1	0	0
1	1	UID1156509	1	1	0	0
1	1	UID1156524	1	1	0	0
1	1	UID1156527	1	1	0	0
1	1	UID1156530	1	1	0	0
1	1	UID1156593	1	1	0	0
1	1	UID1156603	1	1	0	0
1	1	UID1156624	1	1	0	0
1	1	UID1156640	1	1	0	0
1	1	UID1156649	1	1	0	0
1	1	UID1156655	1	1	0	0
1	1	UID1156662	1	1	0	0
1	1	UID1156665	1	1	0	0
1	1	UID1156668	1	1	0	0
1	1	UID1156671	1	1	0	0
1	1	UID1156673	1	1	0	0
1	1	UID1156686	1	1	0	0
1	1	UID1156687	1	1	0	0
1	1	UID1156689	1	1	0	0
1	1	UID1156706	1	1	0	0
1	1	UID1156725	1	1	0	0
1	1	UID1156727	1	1	0	0
1	1	UID1156739	1	1	0	0
1	1	UID1156740	1	1	0	0
1	1	UID1156746	1	1	0	0
1	1	UID1156748	1	1	0	0
1	1	UID1156749	1	1	0	0
1	1	UID1156750	1	1	0	0
1	1	UID1156756	1	1	0	0
1	1	UID1156802	1	1	0	0
1	1	UID1156816	1	1	0	0
1	1	UID1156824	1	1	0	0
1	1	UID1156840	1	1	0	0
1	1	UID1156861	1	1	0	0
1	1	UID1156875	1	1	0	0
1	1	UID1156890	1	1	0	0
1	1	UID1156894	1	1	0	0
1	1	UID1156895	1	1	0	0
1	1	UID1156901	1	1	0	0
1	1	UID1156915	1	1	0	0
1	1	UID1156937	1	1	0	0
1	1	UID1156981	1	1	0	0
1	1	UID1156998	1	1	0	0
1	1	UID1157015	1	1	0	0
1	1	UID1157018	1	1	0	0
1	1	UID1157021	1	1	0	0
1	1	UID1157022	1	1	0	0
1	1	UID1157023	1	1	0	0
1	1	UID1157031	1	1	0	0
1	1	UID1157048	1	1	0	0
1	1	UID1157057	1	1	0	0
1	1	UID1157067	1	1	0	0
1	1	UID1157074	1	1	0	0
1	1	UID1157107	1	1	0	0
1	1	UID1157144	1	1	0	0
1	1	UID1157214	1	1	0	0
1	1	UID1157228	1	1	0	0
1	1	UID1157234	1	1	0	0
1	1	UID1157267	1	1	0	0
1	1	UID1157272	1	1	0	0
1	1	UID1157277	1	1	0	0
1	1	UID1157280	1	1	0	0
1	1	UID1157291	1	1	0	0
1	1	UID1157306	1	1	0	0
1	1	UID1157314	1	1	0	0
1	1	UID1157315	1	1	0	0
1	1	UID1157319	1	1	0	0
1	1	UID1157330	1	1	0	0
1	1	UID1157337	1	1	0	0
1	1	UID1157343	1	1	0	0
1	1	UID1157364	1	1	0	0
1	1	UID1157376	1	1	0	0
1	1	UID1157377	1	1	0	0
2	2	UID1157378	1	2	1	1
1	1	UID1157381	1	1	0	0
1	1	UID1157396	1	1	0	0
1	1	UID1157426	1	1	0	0
1	1	UID1157456	1	1	0	0
1	1	UID1157508	1	1	0	0
1	1	UID1157530	1	1	0	0
1	1	UID1157542	1	1	0	0
1	1	UID1157566	1	1	0	0
1	1	UID1157570	1	1	0	0
1	1	UID1157576	1	1	0	0
1	1	UID1157624	1	1	0	0
1	1	UID1157642	1	1	0	0
1	1	UID1157726	1	1	0	0
1	1	UID1157733	1	1	0	0
1	1	UID1157737	1	1	0	0
1	1	UID1157740	1	1	0	0
1	1	UID1157743	1	1	0	0
1	1	UID1157764	1	1	0	0
2	2	UID1157772	1	2	1	1
1	1	UID1157777	1	1	0	0
1	1	UID1157778	1	1	0	0
1	1	UID1157789	1	1	0	0
1	1	UID1157799	1	1	0	0
1	1	UID1157800	1	1	0	0
1	1	UID1157801	1	1	0	0
1	1	UID1157803	1	1	0	0
1	1	UID1157804	1	1	0	0
1	1	UID1157805	1	1	0	0
1	1	UID1157811	1	1	0	0
1	1	UID1157813	1	1	0	0
1	1	UID1157817	1	1	0	0
1	1	UID1157826	1	1	0	0
1	1	UID1157828	1	1	0	0
1	1	UID1157829	1	1	0	0
1	1	UID1157831	1	1	0	0
1	1	UID1157842	1	1	0	0
1	1	UID1157844	1	1	0	0
1	1	UID1157854	1	1	0	0
1	1	UID1157872	1	1	0	0
1	1	UID1157911	1	1	0	0
1	1	UID1157917	1	1	0	0
1	1	UID1157925	1	1	0	0
1	1	UID1157932	1	1	0	0
1	1	UID1157939	1	1	0	0
1	1	UID1157950	1	1	0	0
1	1	UID1157980	1	1	0	0
1	1	UID1157985	1	1	0	0
1	1	UID1157999	1	1	0	0
1	1	UID1158002	1	1	0	0
1	1	UID1158003	1	1	0	0
1	1	UID1158019	1	1	0	0
1	1	UID1158027	1	1	0	0
1	1	UID1158031	1	1	0	0
1	1	UID1158038	1	1	0	0
1	1	UID1158042	1	1	0	0
1	1	UID1158044	1	1	0	0
1	1	UID1158051	1	1	0	0
1	1	UID1158081	1	1	0	0
1	1	UID1158082	1	1	0	0
1	1	UID1158086	1	1	0	0
1	1	UID1158092	1	1	0	0
1	1	UID1158094	1	1	0	0
1	1	UID1158095	1	1	0	0
1	1	UID1158097	1	1	0	0
1	1	UID1158100	1	1	0	0
1	1	UID1158107	1	1	0	0
1	1	UID1158127	1	1	0	0
1	1	UID1158130	1	1	0	0
1	1	UID1158136	1	1	0	0
1	1	UID1158139	1	1	0	0
1	1	UID1158148	1	1	0	0
1	1	UID1158149	1	1	0	0
1	1	UID1158151	1	1	0	0
1	1	UID1158153	1	1	0	0
1	1	UID1158166	1	1	0	0
1	1	UID1158188	1	1	0	0
1	1	UID1158191	1	1	0	0
1	1	UID1158198	1	1	0	0
1	1	UID1158230	1	1	0	0
1	1	UID1158231	1	1	0	0
1	1	UID1158260	1	1	0	0
1	1	UID1158278	1	1	0	0
1	1	UID1158279	1	1	0	0
1	1	UID1158282	1	1	0	0
1	1	UID1158291	1	1	0	0
1	1	UID1158301	1	1	0	0
1	1	UID1158304	1	1	0	0
1	1	UID1158315	1	1	0	0
1	1	UID1158322	1	1	0	0
1	1	UID1158334	1	1	0	0
1	1	UID1158335	1	1	0	0
1	1	UID1158344	1	1	0	0
1	1	UID1158356	1	1	0	0
1	1	UID1158358	1	1	0	0
1	1	UID1158365	1	1	0	0
1	1	UID1158376	1	1	0	0
1	1	UID1158378	1	1	0	0
1	1	UID1158386	1	1	0	0
1	1	UID1158391	1	1	0	0
1	1	UID1158395	1	1	0	0
1	1	UID1158422	1	1	0	0
1	1	UID1158423	1	1	0	0
1	1	UID1158426	1	1	0	0
1	1	UID1158449	1	1	0	0
1	1	UID1158467	1	1	0	0
1	1	UID1158473	1	1	0	0
1	1	UID1158475	1	1	0	0
1	1	UID1158477	1	1	0	0
1	1	UID1158479	1	1	0	0
1	1	UID1158486	1	1	0	0
1	1	UID1158487	1	1	0	0
1	1	UID1158497	1	1	0	0
1	1	UID1158499	1	1	0	0
1	1	UID1158502	1	1	0	0
1	1	UID1158503	1	1	0	0
1	1	UID1158504	1	1	0	0
1	1	UID1158505	1	1	0	0
1	1	UID1158510	1	1	0	0
1	1	UID1158515	1	1	0	0
1	1	UID1158520	1	1	0	0
1	1	UID1158526	1	1	0	0
1	1	UID1158527	1	1	0	0
1	1	UID1158539	1	1	0	0
1	1	UID1158548	1	1	0	0
1	1	UID1158560	1	1	0	0
1	1	UID1158567	1	1	0	0
1	1	UID1158575	1	1	0	0
1	1	UID1158618	1	1	0	0
1	1	UID1158634	1	1	0	0
1	1	UID1158656	1	1	0	0
1	1	UID1158704	1	1	0	0
1	1	UID1158716	1	1	0	0
1	1	UID1158719	1	1	0	0
1	1	UID1158727	1	1	0	0
1	1	UID1158728	1	1	0	0
1	1	UID1158775	1	1	0	0
1	1	UID1158794	1	1	0	0
1	1	UID1158795	1	1	0	0
1	1	UID1158796	1	1	0	0
1	1	UID1158803	1	1	0	0
1	1	UID1158805	1	1	0	0
1	1	UID1158810	1	1	0	0
1	1	UID1158811	1	1	0	0
1	1	UID1158819	1	1	0	0
1	1	UID1158826	1	1	0	0
1	1	UID1158839	1	1	0	0
1	1	UID1158841	1	1	0	0
1	1	UID1158851	1	1	0	0
1	1	UID1158855	1	1	0	0
1	1	UID1158857	1	1	0	0
1	1	UID1158859	1	1	0	0
1	1	UID1158861	1	1	0	0
1	1	UID1158868	1	1	0	0
1	1	UID1158887	1	1	0	0
1	1	UID1158908	1	1	0	0
1	1	UID1158912	1	1	0	0
1	1	UID1158921	1	1	0	0
1	1	UID1159019	1	1	0	0
1	1	UID1159027	1	1	0	0
1	1	UID1159042	1	1	0	0
1	1	UID1159045	1	1	0	0
1	1	UID1159048	1	1	0	0
1	1	UID1159049	1	1	0	0
1	1	UID1159069	1	1	0	0
1	1	UID1159080	1	1	0	0
1	1	UID1159085	1	1	0	0
1	1	UID1159086	1	1	0	0
1	1	UID1159088	1	1	0	0
1	1	UID1159097	1	1	0	0
1	1	UID1159104	1	1	0	0
1	1	UID1159111	1	1	0	0
1	1	UID1159131	1	1	0	0
1	1	UID1159135	1	1	0	0
1	1	UID1159136	1	1	0	0
1	1	UID1159143	1	1	0	0
1	1	UID1159146	1	1	0	0
1	1	UID1159211	1	1	0	0
1	1	UID1159223	1	1	0	0
1	1	UID1159264	1	1	0	0
1	1	UID1159276	1	1	0	0
1	1	UID1159295	1	1	0	0
1	1	UID1159303	1	1	0	0
1	1	UID1159304	1	1	0	0
1	1	UID1159330	1	1	0	0
1	1	UID1159371	1	1	0	0
1	1	UID1159374	1	1	0	0
1	1	UID1159379	1	1	0	0
1	1	UID1159404	1	1	0	0
1	1	UID1159407	1	1	0	0
1	1	UID1159415	1	1	0	0
1	1	UID1159416	1	1	0	0
1	1	UID1159431	1	1	0	0
1	1	UID1159433	1	1	0	0
1	1	UID1159434	1	1	0	0
1	1	UID1159438	1	1	0	0
1	1	UID1159462	1	1	0	0
1	1	UID1159489	1	1	0	0
1	1	UID1159495	1	1	0	0
1	1	UID1159572	1	1	0	0
1	1	UID1159573	1	1	0	0
1	1	UID1159584	1	1	0	0
1	1	UID1159587	1	1	0	0
1	1	UID1159594	1	1	0	0
1	1	UID1159597	1	1	0	0
1	1	UID1159645	1	1	0	0
1	1	UID1159647	1	1	0	0
1	1	UID1159657	1	1	0	0
1	1	UID1159665	1	1	0	0
1	1	UID1159681	1	1	0	0
1	1	UID1159696	1	1	0	0
1	1	UID1159699	1	1	0	0
1	1	UID1159700	1	1	0	0
1	1	UID1159701	1	1	0	0
1	1	UID1159710	1	1	0	0
1	1	UID1159711	1	1	0	0
1	1	UID1159712	1	1	0	0
1	1	UID1159713	1	1	0	0
1	1	UID1159728	1	1	0	0
1	1	UID1159743	1	1	0	0
1	1	UID1159763	1	1	0	0
1	1	UID1159773	1	1	0	0
1	1	UID1159778	1	1	0	0
1	1	UID1159830	1	1	0	0
1	1	UID1159843	1	1	0	0
1	1	UID1159853	1	1	0	0
1	1	UID1159854	1	1	0	0
1	1	UID1159855	1	1	0	0
1	1	UID1159858	1	1	0	0
1	1	UID1159872	1	1	0	0
1	1	UID1159873	1	1	0	0
1	1	UID1159885	1	1	0	0
1	1	UID1159906	1	1	0	0
1	1	UID1159907	1	1	0	0
1	1	UID1159912	1	1	0	0
1	1	UID1159935	1	1	0	0
1	1	UID1159940	1	1	0	0
1	1	UID1159941	1	1	0	0
1	1	UID1159948	1	1	0	0
1	1	UID1159950	1	1	0	0
1	1	UID1159993	1	1	0	0
1	1	UID1159998	1	1	0	0
1	1	UID1160003	1	1	0	0
1	1	UID1160005	1	1	0	0
1	1	UID1160008	1	1	0	0
1	1	UID1160014	1	1	0	0
1	1	UID1160017	1	1	0	0
1	1	UID1160019	1	1	0	0
1	1	UID1160020	1	1	0	0
1	1	UID1160021	1	1	0	0
1	1	UID1160022	1	1	0	0
1	1	UID1160023	1	1	0	0
1	1	UID1160024	1	1	0	0
1	1	UID1160030	1	1	0	0
1	1	UID1160032	1	1	0	0
1	1	UID1160033	1	1	0	0
1	1	UID1160035	1	1	0	0
1	1	UID1160038	1	1	0	0
1	1	UID1160040	1	1	0	0
1	1	UID1160041	1	1	0	0
1	1	UID1160043	1	1	0	0
1	1	UID1160045	1	1	0	0
1	1	UID1160046	1	1	0	0
1	1	UID1160062	1	1	0	0
1	1	UID1160064	1	1	0	0
1	1	UID1160065	1	1	0	0
1	1	UID1160085	1	1	0	0
1	1	UID1160095	1	1	0	0
1	1	UID1160098	1	1	0	0
1	1	UID1160100	1	1	0	0
1	1	UID1160106	1	1	0	0
1	1	UID1160107	1	1	0	0
1	1	UID1160109	1	1	0	0
1	1	UID1160114	1	1	0	0
1	1	UID1160117	1	1	0	0
1	1	UID1160118	1	1	0	0
1	1	UID1160125	1	1	0	0
1	1	UID1160126	1	1	0	0
1	1	UID1160127	1	1	0	0
1	1	UID1160129	1	1	0	0
1	1	UID1160134	1	1	0	0
1	1	UID1160135	1	1	0	0
1	1	UID1160140	1	1	0	0
1	1	UID1160143	1	1	0	0
1	1	UID1160150	1	1	0	0
1	1	UID1160158	1	1	0	0
1	1	UID1160159	1	1	0	0
1	1	UID1160160	1	1	0	0
1	1	UID1160161	1	1	0	0
1	1	UID1160164	1	1	0	0
1	1	UID1160170	1	1	0	0
1	1	UID1160172	1	1	0	0
1	1	UID1160173	1	1	0	0
1	1	UID1160174	1	1	0	0
1	1	UID1160178	1	1	0	0
1	1	UID1160186	1	1	0	0
1	1	UID1160191	1	1	0	0
1	1	UID1160196	1	1	0	0
1	1	UID1160239	1	1	0	0
1	1	UID1160259	1	1	0	0
1	1	UID1160312	1	1	0	0
1	1	UID1160338	1	1	0	0
1	1	UID1160354	1	1	0	0
1	1	UID1160361	1	1	0	0
1	1	UID1160388	1	1	0	0
1	1	UID1160404	1	1	0	0
1	1	UID1160406	1	1	0	0
1	1	UID1160407	1	1	0	0
1	1	UID1160408	1	1	0	0
1	1	UID1160409	1	1	0	0
1	1	UID1160411	1	1	0	0
1	1	UID1160417	1	1	0	0
1	1	UID1160419	1	1	0	0
1	1	UID1160420	1	1	0	0
1	1	UID1160422	1	1	0	0
1	1	UID1160423	1	1	0	0
1	1	UID1160424	1	1	0	0
1	1	UID1160426	1	1	0	0
1	1	UID1160429	1	1	0	0
1	1	UID1160430	1	1	0	0
1	1	UID1160449	1	1	0	0
1	1	UID1160454	1	1	0	0
1	1	UID1160457	1	1	0	0
1	1	UID1160459	1	1	0	0
1	1	UID1160460	1	1	0	0
1	1	UID1160463	1	1	0	0
1	1	UID1160469	1	1	0	0
1	1	UID1160509	1	1	0	0
1	1	UID1160510	1	1	0	0
1	1	UID1160572	1	1	0	0
1	1	UID1160578	1	1	0	0
1	1	UID1160581	1	1	0	0
1	1	UID1160592	1	1	0	0
1	1	UID1160597	1	1	0	0
1	1	UID1160602	1	1	0	0
1	1	UID1160603	1	1	0	0
1	1	UID1160611	1	1	0	0
1	1	UID1160623	1	1	0	0
1	1	UID1160624	1	1	0	0
1	1	UID1160626	1	1	0	0
1	1	UID1160628	1	1	0	0
1	1	UID1160635	1	1	0	0
1	1	UID1160636	1	1	0	0
1	1	UID1160657	1	1	0	0
1	1	UID1160662	1	1	0	0
1	1	UID1160664	1	1	0	0
1	1	UID1160667	1	1	0	0
1	1	UID1160670	1	1	0	0
1	1	UID1160672	1	1	0	0
1	1	UID1160673	1	1	0	0
1	1	UID1160690	1	1	0	0
1	1	UID1160693	1	1	0	0
1	1	UID1160708	1	1	0	0
1	1	UID1160728	1	1	0	0
1	1	UID1160730	1	1	0	0
1	1	UID1160736	1	1	0	0
1	1	UID1160742	1	1	0	0
1	1	UID1160755	1	1	0	0
1	1	UID1160758	1	1	0	0
1	1	UID1160761	1	1	0	0
1	1	UID1160773	1	1	0	0
1	1	UID1160775	1	1	0	0
1	1	UID1160778	1	1	0	0
1	1	UID1160779	1	1	0	0
1	1	UID1160782	1	1	0	0
1	1	UID1160791	1	1	0	0
1	1	UID1160795	1	1	0	0
1	1	UID1160832	1	1	0	0
1	1	UID1160894	1	1	0	0
1	1	UID1160903	1	1	0	0
1	1	UID1160957	1	1	0	0
1	1	UID1160977	1	1	0	0
1	1	UID1160980	1	1	0	0
2	2	UID1160981	1	2	1	1
1	1	UID1160985	1	1	0	0
1	1	UID1160993	1	1	0	0
1	1	UID1161029	1	1	0	0
1	1	UID1161036	1	1	0	0
1	1	UID1161094	1	1	0	0
1	1	UID1161127	1	1	0	0
1	1	UID1161143	1	1	0	0
1	1	UID1161145	1	1	0	0
1	1	UID1161146	1	1	0	0
1	1	UID1161158	1	1	0	0
1	1	UID1161161	1	1	0	0
1	1	UID1161164	1	1	0	0
1	1	UID1161166	1	1	0	0
1	1	UID1161178	1	1	0	0
1	1	UID1161182	1	1	0	0
1	1	UID1161183	1	1	0	0
1	1	UID1161185	1	1	0	0
1	1	UID1161186	1	1	0	0
1	1	UID1161191	1	1	0	0
1	1	UID1161220	1	1	0	0
1	1	UID1161221	1	1	0	0
1	1	UID1161222	1	1	0	0
1	1	UID1161224	1	1	0	0
1	1	UID1161228	1	1	0	0
1	1	UID1161229	1	1	0	0
1	1	UID1161232	1	1	0	0
1	1	UID1161236	1	1	0	0
1	1	UID1161239	1	1	0	0
1	1	UID1161240	1	1	0	0
1	1	UID1161241	1	1	0	0
1	1	UID1161243	1	1	0	0
1	1	UID1161246	1	1	0	0
1	1	UID1161261	1	1	0	0
1	1	UID1161263	1	1	0	0
1	1	UID1161268	1	1	0	0
1	1	UID1161269	1	1	0	0
1	1	UID1161277	1	1	0	0
1	1	UID1161279	1	1	0	0
1	1	UID1161292	1	1	0	0
1	1	UID1161294	1	1	0	0
1	1	UID1161308	1	1	0	0
1	1	UID1161373	1	1	0	0
1	1	UID1161386	1	1	0	0
1	1	UID1161397	1	1	0	0
1	1	UID1161402	1	1	0	0
1	1	UID1161421	1	1	0	0
1	1	UID1161429	1	1	0	0
1	1	UID1161432	1	1	0	0
1	1	UID1161449	1	1	0	0
1	1	UID1161453	1	1	0	0
1	1	UID1161464	1	1	0	0
1	1	UID1161470	1	1	0	0
1	1	UID1161471	1	1	0	0
1	1	UID1161476	1	1	0	0
1	1	UID1161477	1	1	0	0
1	1	UID1161492	1	1	0	0
1	1	UID1161496	1	1	0	0
1	1	UID1161498	1	1	0	0
1	1	UID1161510	1	1	0	0
1	1	UID1161531	1	1	0	0
1	1	UID1161591	1	1	0	0
1	1	UID1161611	1	1	0	0
1	1	UID1161628	1	1	0	0
1	1	UID1161632	1	1	0	0
1	1	UID1161633	1	1	0	0
1	1	UID1161652	1	1	0	0
1	1	UID1161653	1	1	0	0
1	1	UID1161654	1	1	0	0
1	1	UID1161656	1	1	0	0
1	1	UID1161674	1	1	0	0
2	2	UID1161680	1	2	1	1
1	1	UID1161682	1	1	0	0
1	1	UID1161687	1	1	0	0
1	1	UID1161699	1	1	0	0
1	1	UID1161707	1	1	0	0
1	1	UID1161714	1	1	0	0
1	1	UID1161750	1	1	0	0
1	1	UID1161759	1	1	0	0
1	1	UID1161768	1	1	0	0
1	1	UID1161841	1	1	0	0
1	1	UID1161863	1	1	0	0
1	1	UID1161877	1	1	0	0
1	1	UID1161888	1	1	0	0
1	1	UID1161901	1	1	0	0
1	1	UID1161905	1	1	0	0
1	1	UID1161908	1	1	0	0
1	1	UID1161913	1	1	0	0
1	1	UID1161918	1	1	0	0
1	1	UID1161933	1	1	0	0
1	1	UID1161934	1	1	0	0
1	1	UID1161940	1	1	0	0
1	1	UID1161955	1	1	0	0
1	1	UID1161960	1	1	0	0
1	1	UID1161961	1	1	0	0
1	1	UID1161963	1	1	0	0
1	1	UID1161965	1	1	0	0
1	1	UID1161966	1	1	0	0
1	1	UID1161971	1	1	0	0
1	1	UID1161972	1	1	0	0
1	1	UID1161981	1	1	0	0
1	1	UID1161982	1	1	0	0
1	1	UID1161983	1	1	0	0
1	1	UID1161991	1	1	0	0
1	1	UID1162015	1	1	0	0
1	1	UID1162019	1	1	0	0
1	1	UID1162021	1	1	0	0
1	1	UID1162024	1	1	0	0
1	1	UID1162026	1	1	0	0
1	1	UID1162029	1	1	0	0
1	1	UID1162030	1	1	0	0
1	1	UID1162032	1	1	0	0
1	1	UID1162037	1	1	0	0
1	1	UID1162041	1	1	0	0
1	1	UID1162044	1	1	0	0
1	1	UID1162056	1	1	0	0
1	1	UID1162058	1	1	0	0
1	1	UID1162065	1	1	0	0
1	1	UID1162070	1	1	0	0
1	1	UID1162075	1	1	0	0
1	1	UID1162202	1	1	0	0
1	1	UID1162211	1	1	0	0
1	1	UID1162212	1	1	0	0
1	1	UID1162217	1	1	0	0
1	1	UID1162219	1	1	0	0
1	1	UID1162225	1	1	0	0
1	1	UID1162236	1	1	0	0
1	1	UID1162245	1	1	0	0
1	1	UID1162262	1	1	0	0
1	1	UID1162305	1	1	0	0
1	1	UID1162311	1	1	0	0
1	1	UID1162316	1	1	0	0
1	1	UID1162323	1	1	0	0
1	1	UID1162326	1	1	0	0
1	1	UID1162356	1	1	0	0
1	1	UID1162427	1	1	0	0
1	1	UID1162432	1	1	0	0
1	1	UID1162433	1	1	0	0
1	1	UID1162444	1	1	0	0
2	2	UID1162445	1	2	1	1
1	1	UID1162449	1	1	0	0
1	1	UID1162457	1	1	0	0
1	1	UID1162467	1	1	0	0
1	1	UID1162468	1	1	0	0
1	1	UID1162478	1	1	0	0
1	1	UID1162486	1	1	0	0
1	1	UID1162487	1	1	0	0
1	1	UID1162513	1	1	0	0
3	3	UID1162518	1	3	1	1
1	1	UID1162528	1	1	0	0
1	1	UID1162535	1	1	0	0
1	1	UID1162538	1	1	0	0
1	1	UID1162541	1	1	0	0
1	1	UID1162564	1	1	0	0
1	1	UID1162569	1	1	0	0
1	1	UID1162612	1	1	0	0
1	1	UID1162617	1	1	0	0
1	1	UID1162624	1	1	0	0
1	1	UID1162626	1	1	0	0
1	1	UID1162636	1	1	0	0
1	1	UID1162638	1	1	0	0
1	1	UID1162643	1	1	0	0
1	1	UID1162651	1	1	0	0
1	1	UID1162652	1	1	0	0
1	1	UID1162654	1	1	0	0
1	1	UID1162663	1	1	0	0
1	1	UID1162671	1	1	0	0
1	1	UID1162686	1	1	0	0
1	1	UID1162687	1	1	0	0
3	3	UID1162688	1	3	1	1
1	1	UID1162695	1	1	0	0
1	1	UID1162700	1	1	0	0
1	1	UID1162708	1	1	0	0
1	1	UID1162716	1	1	0	0
1	1	UID1162733	1	1	0	0
1	1	UID1162755	1	1	0	0
1	1	UID1162788	1	1	0	0
1	1	UID1162809	1	1	0	0
1	1	UID1162832	1	1	0	0
1	1	UID1162833	1	1	0	0
1	1	UID1162839	1	1	0	0
1	1	UID1162846	1	1	0	0
1	1	UID1162848	1	1	0	0
1	1	UID1162861	1	1	0	0
1	1	UID1162866	1	1	0	0
1	1	UID1162881	1	1	0	0
1	1	UID1162882	1	1	0	0
1	1	UID1162889	1	1	0	0
1	1	UID1162904	1	1	0	0
1	1	UID1162920	1	1	0	0
1	1	UID1162921	1	1	0	0
1	1	UID1162960	1	1	0	0
1	1	UID1162966	1	1	0	0
1	1	UID1162972	1	1	0	0
1	1	UID1162975	1	1	0	0
1	1	UID1162989	1	1	0	0
1	1	UID1162994	1	1	0	0
1	1	UID1162996	1	1	0	0
1	1	UID1162999	1	1	0	0
1	1	UID1163014	1	1	0	0
1	1	UID1163015	1	1	0	0
1	1	UID1163019	1	1	0	0
1	1	UID1163020	1	1	0	0
1	1	UID1163023	1	1	0	0
1	1	UID1163028	1	1	0	0
1	1	UID1163037	1	1	0	0
1	1	UID1163049	1	1	0	0
1	1	UID1163054	1	1	0	0
1	1	UID1163065	1	1	0	0
1	1	UID1163071	1	1	0	0
1	1	UID1163074	1	1	0	0
1	1	UID1163082	1	1	0	0
1	1	UID1163103	1	1	0	0
1	1	UID1163119	1	1	0	0
1	1	UID1163156	1	1	0	0
1	1	UID1163158	1	1	0	0
1	1	UID1163167	1	1	0	0
2	2	UID1163172	1	2	1	1
1	1	UID1163175	1	1	0	0
1	1	UID1163190	1	1	0	0
1	1	UID1163211	1	1	0	0
1	1	UID1163225	1	1	0	0
1	1	UID1163227	1	1	0	0
1	1	UID1163235	1	1	0	0
1	1	UID1163246	1	1	0	0
1	1	UID1163255	1	1	0	0
1	1	UID1163276	1	1	0	0
1	1	UID1163283	1	1	0	0
1	1	UID1163290	1	1	0	0
1	1	UID1163296	1	1	0	0
1	1	UID1163303	1	1	0	0
1	1	UID1163310	1	1	0	0
1	1	UID1163315	1	1	0	0
1	1	UID1163339	1	1	0	0
1	1	UID1163340	1	1	0	0
1	1	UID1163344	1	1	0	0
1	1	UID1163348	1	1	0	0
1	1	UID1163350	1	1	0	0
1	1	UID1163351	1	1	0	0
1	1	UID1163352	1	1	0	0
1	1	UID1163355	1	1	0	0
1	1	UID1163357	1	1	0	0
1	1	UID1163359	1	1	0	0
1	1	UID1163365	1	1	0	0
1	1	UID1163367	1	1	0	0
1	1	UID1163371	1	1	0	0
1	1	UID1163372	1	1	0	0
1	1	UID1163373	1	1	0	0
1	1	UID1163374	1	1	0	0
1	1	UID1163397	1	1	0	0
1	1	UID1163407	1	1	0	0
1	1	UID1163415	1	1	0	0
1	1	UID1163420	1	1	0	0
1	1	UID1163421	1	1	0	0
1	1	UID1163464	1	1	0	0
1	1	UID1163496	1	1	0	0
1	1	UID1163541	1	1	0	0
1	1	UID1163560	1	1	0	0
1	1	UID1163568	1	1	0	0
1	1	UID1163577	1	1	0	0
1	1	UID1163597	1	1	0	0
1	1	UID1163604	1	1	0	0
1	1	UID1163611	1	1	0	0
1	1	UID1163615	1	1	0	0
1	1	UID1163620	1	1	0	0
1	1	UID1163621	1	1	0	0
1	1	UID1163661	1	1	0	0
1	1	UID1163668	1	1	0	0
1	1	UID1163669	1	1	0	0
1	1	UID1163678	1	1	0	0
1	1	UID1163681	1	1	0	0
1	1	UID1163701	1	1	0	0
1	1	UID1163703	1	1	0	0
1	1	UID1163707	1	1	0	0
1	1	UID1163711	1	1	0	0
1	1	UID1163724	1	1	0	0
1	1	UID1163738	1	1	0	0
1	1	UID1163740	1	1	0	0
1	1	UID1163754	1	1	0	0
2	2	UID1163758	1	2	1	1
1	1	UID1163762	1	1	0	0
1	1	UID1163785	1	1	0	0
1	1	UID1163837	1	1	0	0
1	1	UID1163848	1	1	0	0
1	1	UID1163854	1	1	0	0
1	1	UID1163855	1	1	0	0
1	1	UID1163874	1	1	0	0
1	1	UID1163881	1	1	0	0
1	1	UID1163884	1	1	0	0
1	1	UID1163906	1	1	0	0
1	1	UID1163907	1	1	0	0
1	1	UID1163921	1	1	0	0
1	1	UID1163923	1	1	0	0
1	1	UID1163926	1	1	0	0
1	1	UID1163931	1	1	0	0
1	1	UID1163932	1	1	0	0
1	1	UID1163933	1	1	0	0
1	1	UID1163935	1	1	0	0
1	1	UID1163938	1	1	0	0
1	1	UID1163943	1	1	0	0
1	1	UID1163956	1	1	0	0
1	1	UID1163962	1	1	0	0
1	1	UID1163963	1	1	0	0
1	1	UID1163968	1	1	0	0
1	1	UID1163975	1	1	0	0
1	1	UID1163976	1	1	0	0
1	1	UID1163982	1	1	0	0
1	1	UID1163991	1	1	0	0
1	1	UID1163994	1	1	0	0
1	1	UID1163998	1	1	0	0
1	1	UID1164010	1	1	0	0
1	1	UID1164069	1	1	0	0
1	1	UID1164074	1	1	0	0
1	1	UID1164090	1	1	0	0
1	1	UID1164122	1	1	0	0
1	1	UID1164131	1	1	0	0
1	1	UID1164132	1	1	0	0
1	1	UID1164140	1	1	0	0
1	1	UID1164141	1	1	0	0
1	1	UID1164153	1	1	0	0
1	1	UID1164166	1	1	0	0
1	1	UID1164169	1	1	0	0
1	1	UID1164189	1	1	0	0
1	1	UID1164190	1	1	0	0
1	1	UID1164192	1	1	0	0
1	1	UID1164197	1	1	0	0
1	1	UID1164198	1	1	0	0
1	1	UID1164203	1	1	0	0
1	1	UID1164246	1	1	0	0
1	1	UID1164261	1	1	0	0
1	1	UID1164284	1	1	0	0
1	1	UID1164293	1	1	0	0
1	1	UID1164294	1	1	0	0
1	1	UID1164296	1	1	0	0
1	1	UID1164323	1	1	0	0
1	1	UID1164401	1	1	0	0
1	1	UID1164424	1	1	0	0
1	1	UID1164436	1	1	0	0
1	1	UID1164440	1	1	0	0
1	1	UID1164450	1	1	0	0
1	1	UID1164451	1	1	0	0
1	1	UID1164487	1	1	0	0
1	1	UID1164494	1	1	0	0
1	1	UID1164504	1	1	0	0
1	1	UID1164506	1	1	0	0
1	1	UID1164551	1	1	0	0
1	1	UID1164563	1	1	0	0
1	1	UID1164596	1	1	0	0
1	1	UID1164621	1	1	0	0
1	1	UID1164628	1	1	0	0
1	1	UID1164633	1	1	0	0
1	1	UID1164637	1	1	0	0
1	1	UID1164640	1	1	0	0
1	1	UID1164646	1	1	0	0
1	1	UID1164655	1	1	0	0
1	1	UID1164666	1	1	0	0
1	1	UID1164667	1	1	0	0
1	1	UID1164668	1	1	0	0
1	1	UID1164669	1	1	0	0
1	1	UID1164670	1	1	0	0
1	1	UID1164687	1	1	0	0
1	1	UID1164697	1	1	0	0
1	1	UID1164701	1	1	0	0
1	1	UID1164702	1	1	0	0
1	1	UID1164703	1	1	0	0
1	1	UID1164704	1	1	0	0
1	1	UID1164705	1	1	0	0
1	1	UID1164722	1	1	0	0
1	1	UID1164725	1	1	0	0
1	1	UID1164743	1	1	0	0
1	1	UID1164802	1	1	0	0
1	1	UID1164866	1	1	0	0
1	1	UID1164869	1	1	0	0
1	1	UID1164873	1	1	0	0
1	1	UID1164874	1	1	0	0
1	1	UID1164875	1	1	0	0
1	1	UID1164884	1	1	0	0
1	1	UID1164891	1	1	0	0
1	1	UID1164906	1	1	0	0
1	1	UID1164908	1	1	0	0
1	1	UID1164910	1	1	0	0
1	1	UID1164911	1	1	0	0
1	1	UID1164920	1	1	0	0
1	1	UID1164924	1	1	0	0
1	1	UID1164927	1	1	0	0
1	1	UID1164929	1	1	0	0
1	1	UID1164940	1	1	0	0
1	1	UID1164950	1	1	0	0
1	1	UID1164951	1	1	0	0
1	1	UID1165042	1	1	0	0
1	1	UID1165052	1	1	0	0
1	1	UID1165059	1	1	0	0
1	1	UID1165068	1	1	0	0
1	1	UID1165073	1	1	0	0
1	1	UID1165075	1	1	0	0
1	1	UID1165079	1	1	0	0
1	1	UID1165086	1	1	0	0
1	1	UID1165090	1	1	0	0
2	2	UID1165095	1	2	1	1
1	1	UID1165104	1	1	0	0
1	1	UID1165107	1	1	0	0
1	1	UID1165108	1	1	0	0
1	1	UID1165114	1	1	0	0
1	1	UID1165117	1	1	0	0
1	1	UID1165118	1	1	0	0
1	1	UID1165119	1	1	0	0
1	1	UID1165120	1	1	0	0
1	1	UID1165124	1	1	0	0
1	1	UID1165125	1	1	0	0
1	1	UID1165127	1	1	0	0
1	1	UID1165130	1	1	0	0
2	2	UID1165138	1	2	1	1
1	1	UID1165152	1	1	0	0
1	1	UID1165153	1	1	0	0
1	1	UID1165158	1	1	0	0
1	1	UID1165165	1	1	0	0
1	1	UID1165168	1	1	0	0
1	1	UID1165178	1	1	0	0
1	1	UID1165190	1	1	0	0
1	1	UID1165203	1	1	0	0
1	1	UID1165205	1	1	0	0
1	1	UID1165209	1	1	0	0
1	1	UID1165213	1	1	0	0
1	1	UID1165219	1	1	0	0
1	1	UID1165229	1	1	0	0
1	1	UID1165232	1	1	0	0
1	1	UID1165235	1	1	0	0
1	1	UID1165253	1	1	0	0
1	1	UID1165269	1	1	0	0
1	1	UID1165321	1	1	0	0
1	1	UID1165323	1	1	0	0
1	1	UID1165324	1	1	0	0
1	1	UID1165346	1	1	0	0
1	1	UID1165361	1	1	0	0
1	1	UID1165371	1	1	0	0
1	1	UID1165382	1	1	0	0
1	1	UID1165383	1	1	0	0
1	1	UID1165398	1	1	0	0
1	1	UID1165405	1	1	0	0
1	1	UID1165419	1	1	0	0
1	1	UID1165422	1	1	0	0
1	1	UID1165423	1	1	0	0
1	1	UID1165426	1	1	0	0
1	1	UID1165450	1	1	0	0
1	1	UID1165471	1	1	0	0
1	1	UID1165473	1	1	0	0
1	1	UID1165478	1	1	0	0
1	1	UID1165481	1	1	0	0
1	1	UID1165511	1	1	0	0
1	1	UID1165538	1	1	0	0
1	1	UID1165549	1	1	0	0
1	1	UID1165551	1	1	0	0
1	1	UID1165558	1	1	0	0
1	1	UID1165571	1	1	0	0
1	1	UID1165582	1	1	0	0
1	1	UID1165590	1	1	0	0
1	1	UID1165598	1	1	0	0
1	1	UID1165611	1	1	0	0
1	1	UID1165615	1	1	0	0
1	1	UID1165619	1	1	0	0
1	1	UID1165622	1	1	0	0
1	1	UID1165626	1	1	0	0
1	1	UID1165631	1	1	0	0
1	1	UID1165640	1	1	0	0
1	1	UID1165653	1	1	0	0
1	1	UID1165654	1	1	0	0
1	1	UID1165661	1	1	0	0
1	1	UID1165665	1	1	0	0
1	1	UID1165671	1	1	0	0
1	1	UID1165691	1	1	0	0
1	1	UID1165700	1	1	0	0
1	1	UID1165759	1	1	0	0
1	1	UID1165767	1	1	0	0
1	1	UID1165774	1	1	0	0
1	1	UID1165794	1	1	0	0
1	1	UID1165799	1	1	0	0
1	1	UID1165812	1	1	0	0
1	1	UID1165855	1	1	0	0
1	1	UID1165865	1	1	0	0
1	1	UID1165870	1	1	0	0
1	1	UID1165880	1	1	0	0
1	1	UID1165884	1	1	0	0
1	1	UID1165894	1	1	0	0
1	1	UID1165897	1	1	0	0
1	1	UID1165907	1	1	0	0
1	1	UID1165913	1	1	0	0
1	1	UID1165914	1	1	0	0
1	1	UID1165926	1	1	0	0
1	1	UID1165946	1	1	0	0
1	1	UID1166010	1	1	0	0
1	1	UID1166024	1	1	0	0
1	1	UID1166036	1	1	0	0
1	1	UID1166039	1	1	0	0
1	1	UID1166045	1	1	0	0
1	1	UID1166049	1	1	0	0
1	1	UID1166051	1	1	0	0
1	1	UID1166052	1	1	0	0
1	1	UID11	1	1	0	0
1	1	UID129087	1	1	0	0
1	1	UID129189	1	1	0	0
1	1	UID129376	1	1	0	0
1	1	UID129477	1	1	0	0
1	1	UID129994	1	1	0	0
