191	5266	UID1	4260	92	3	3
2979	7897	UID64387	2329	2288	10	10
2978	8210	UID38192	2328	2242	5	5
303	3106	UID15	2267	169	3	3
2239	4558	UID484	612	1770	5	5
954	2045	UID222916	346	725	4	4
450	941	UID38201	227	344	6	6
220	576	UID31712	157	177	4	4
48	137	UID38730	77	36	2	2
96	173	UID27197	45	78	3	3
20	58	UID1043115	37	17	2	2
58	96	UID1043117	23	44	2	2
39	70	UID1043119	22	34	3	3
41	68	UID1043120	22	36	2	2
58	88	UID27	17	47	4	4
54	85	UID1043134	12	44	3	3
67	104	UID2	9	51	4	4
5	10	UID11093	5	3	1	1
1	4	UID1043290	4	0	0	0
5	8	UID1043303	4	4	1	1
1	4	UID1043340	4	0	0	0
1	3	UID1043354	3	0	0	0
1	3	UID1043357	3	0	0	0
1	3	UID1043362	3	0	0	0
1	3	UID1043364	3	0	0	0
1	3	UID1043365	3	0	0	0
1	3	UID1043369	3	0	0	0
1	3	UID1043370	3	0	0	0
1	3	UID1043371	3	0	0	0
1	3	UID1043375	3	0	0	0
1	3	UID1043376	3	0	0	0
1	3	UID1043377	3	0	0	0
1	3	UID1043381	3	0	0	0
1	3	UID1043384	3	0	0	0
1	3	UID1043387	3	0	0	0
1	3	UID1043388	3	0	0	0
1	3	UID1043399	3	0	0	0
1	3	UID1043402	3	0	0	0
1	3	UID1043404	3	0	0	0
1	3	UID1043411	3	0	0	0
1	3	UID1043422	3	0	0	0
1	3	UID1043427	3	0	0	0
1	3	UID1043430	3	0	0	0
2	4	UID1043439	3	1	1	1
1	3	UID1043482	3	0	0	0
1	3	UID1043483	3	0	0	0
1	3	UID1043486	3	0	0	0
1	3	UID1043490	3	0	0	0
1	3	UID1043492	3	0	0	0
1	3	UID1043494	3	0	0	0
3	5	UID1043497	3	2	1	1
1	3	UID1043502	3	0	0	0
1	3	UID1043504	3	0	0	0
1	3	UID1043513	3	0	0	0
1	3	UID1043518	3	0	0	0
1	3	UID1043529	3	0	0	0
1	3	UID1043531	3	0	0	0
1	3	UID1043534	3	0	0	0
1	3	UID1043537	3	0	0	0
1	3	UID1043543	3	0	0	0
1	3	UID1043547	3	0	0	0
1	3	UID1043548	3	0	0	0
1	3	UID1043549	3	0	0	0
1	3	UID1043550	3	0	0	0
4	6	UID38792	3	3	1	1
1	2	UID1043551	2	0	0	0
1	2	UID1043589	2	0	0	0
1	2	UID1043603	2	0	0	0
1	2	UID1043611	2	0	0	0
1	2	UID1043617	2	0	0	0
1	2	UID1043620	2	0	0	0
2	3	UID1043624	2	1	1	1
1	2	UID1043636	2	0	0	0
1	2	UID1043640	2	0	0	0
1	2	UID1043660	2	0	0	0
1	2	UID1043666	2	0	0	0
1	2	UID1043682	2	0	0	0
1	2	UID1043684	2	0	0	0
1	2	UID1043692	2	0	0	0
1	2	UID1043699	2	0	0	0
1	2	UID1043703	2	0	0	0
1	2	UID1043725	2	0	0	0
1	2	UID1043737	2	0	0	0
9	11	UID1043768	2	7	2	2
2	3	UID1043809	2	1	1	1
1	2	UID1043839	2	0	0	0
1	2	UID1043842	2	0	0	0
1	2	UID1043873	2	0	0	0
1	2	UID1043927	2	0	0	0
1	2	UID1043936	2	0	0	0
1	2	UID1043947	2	0	0	0
1	2	UID1043990	2	0	0	0
2	3	UID1044013	2	1	1	1
1	2	UID1044132	2	0	0	0
1	2	UID1044163	2	0	0	0
4	6	UID1044189	2	2	2	2
1	2	UID1044199	2	0	0	0
2	3	UID1044208	2	1	1	1
1	2	UID1044222	2	0	0	0
1	2	UID1044234	2	0	0	0
1	2	UID1044242	2	0	0	0
1	2	UID1044255	2	0	0	0
1	2	UID1044264	2	0	0	0
1	2	UID1044269	2	0	0	0
1	2	UID1044290	2	0	0	0
1	2	UID1044293	2	0	0	0
1	2	UID1044297	2	0	0	0
1	2	UID1044301	2	0	0	0
1	2	UID1044302	2	0	0	0
1	2	UID1044303	2	0	0	0
1	2	UID1044338	2	0	0	0
1	2	UID1044339	2	0	0	0
2	3	UID1044354	2	1	1	1
1	2	UID1044378	2	0	0	0
1	2	UID1044384	2	0	0	0
1	2	UID1044397	2	0	0	0
1	2	UID1044398	2	0	0	0
1	2	UID1044404	2	0	0	0
1	2	UID1044406	2	0	0	0
1	2	UID1044414	2	0	0	0
1	2	UID1044427	2	0	0	0
1	2	UID1044440	2	0	0	0
1	2	UID1044457	2	0	0	0
1	2	UID1044460	2	0	0	0
1	2	UID1044464	2	0	0	0
1	2	UID1044467	2	0	0	0
2	3	UID1044470	2	1	1	1
1	2	UID1044500	2	0	0	0
1	2	UID1044501	2	0	0	0
1	2	UID1044508	2	0	0	0
1	1	UID1044518	1	1	0	0
1	1	UID1044520	1	1	0	0
1	1	UID1044521	1	1	0	0
1	1	UID1044536	1	1	0	0
1	1	UID1044538	1	1	0	0
1	1	UID1044541	1	1	0	0
1	1	UID1044557	1	1	0	0
1	1	UID1044560	1	1	0	0
1	1	UID1044561	1	1	0	0
1	1	UID1044565	1	1	0	0
1	1	UID1044567	1	1	0	0
1	1	UID1044569	1	1	0	0
1	1	UID1044570	1	1	0	0
1	1	UID1044571	1	1	0	0
1	1	UID1044572	1	1	0	0
1	1	UID1044576	1	1	0	0
1	1	UID1044578	1	1	0	0
1	1	UID1044579	1	1	0	0
1	1	UID1044582	1	1	0	0
1	1	UID1044711	1	1	0	0
1	1	UID1044712	1	1	0	0
1	1	UID1044713	1	1	0	0
1	1	UID1044714	1	1	0	0
1	1	UID1044715	1	1	0	0
1	1	UID1044721	1	1	0	0
1	1	UID1044722	1	1	0	0
1	1	UID1044723	1	1	0	0
1	1	UID1044746	1	1	0	0
1	1	UID1044763	1	1	0	0
1	1	UID1044767	1	1	0	0
1	1	UID1044771	1	1	0	0
1	1	UID1044781	1	1	0	0
1	1	UID1044783	1	1	0	0
1	1	UID1044784	1	1	0	0
1	1	UID1044785	1	1	0	0
1	1	UID1044788	1	1	0	0
1	1	UID1044796	1	1	0	0
1	1	UID1044800	1	1	0	0
1	1	UID1044802	1	1	0	0
1	1	UID1044830	1	1	0	0
1	1	UID1044837	1	1	0	0
1	1	UID1044839	1	1	0	0
1	1	UID1044843	1	1	0	0
1	1	UID1044844	1	1	0	0
1	1	UID1044847	1	1	0	0
1	1	UID1044853	1	1	0	0
1	1	UID1044854	1	1	0	0
1	1	UID1044856	1	1	0	0
1	1	UID1044862	1	1	0	0
1	1	UID1044877	1	1	0	0
1	1	UID1044878	1	1	0	0
1	1	UID1044881	1	1	0	0
1	1	UID1044885	1	1	0	0
1	1	UID1044889	1	1	0	0
1	1	UID1044890	1	1	0	0
2	2	UID1044894	1	2	1	1
1	1	UID1044896	1	1	0	0
1	1	UID1044902	1	1	0	0
1	1	UID1044904	1	1	0	0
1	1	UID1044908	1	1	0	0
1	1	UID1044909	1	1	0	0
1	1	UID1044913	1	1	0	0
1	1	UID1044916	1	1	0	0
1	1	UID1044917	1	1	0	0
1	1	UID1044920	1	1	0	0
1	1	UID1044925	1	1	0	0
1	1	UID1044930	1	1	0	0
1	1	UID1044933	1	1	0	0
1	1	UID1044935	1	1	0	0
1	1	UID1044936	1	1	0	0
1	1	UID1044952	1	1	0	0
1	1	UID1044953	1	1	0	0
1	1	UID1044956	1	1	0	0
1	1	UID1044958	1	1	0	0
1	1	UID1044962	1	1	0	0
1	1	UID1044963	1	1	0	0
1	1	UID1044969	1	1	0	0
1	1	UID1044972	1	1	0	0
1	1	UID1044978	1	1	0	0
1	1	UID1044979	1	1	0	0
1	1	UID1044980	1	1	0	0
1	1	UID1044984	1	1	0	0
1	1	UID1044985	1	1	0	0
1	1	UID1044986	1	1	0	0
1	1	UID1044988	1	1	0	0
1	1	UID1044997	1	1	0	0
1	1	UID1045002	1	1	0	0
1	1	UID1045013	1	1	0	0
1	1	UID1045014	1	1	0	0
1	1	UID1045015	1	1	0	0
1	1	UID1045016	1	1	0	0
1	1	UID1045017	1	1	0	0
1	1	UID1045023	1	1	0	0
1	1	UID1045024	1	1	0	0
1	1	UID1045025	1	1	0	0
1	1	UID1045038	1	1	0	0
1	1	UID1045042	1	1	0	0
1	1	UID1045045	1	1	0	0
1	1	UID1045052	1	1	0	0
1	1	UID1045053	1	1	0	0
1	1	UID1045058	1	1	0	0
1	1	UID1045062	1	1	0	0
1	1	UID1045064	1	1	0	0
1	1	UID1045065	1	1	0	0
1	1	UID1045071	1	1	0	0
1	1	UID1045079	1	1	0	0
1	1	UID1045087	1	1	0	0
1	1	UID1045091	1	1	0	0
1	1	UID1045095	1	1	0	0
1	1	UID1045098	1	1	0	0
1	1	UID1045099	1	1	0	0
1	1	UID1045104	1	1	0	0
1	1	UID1045105	1	1	0	0
1	1	UID1045109	1	1	0	0
1	1	UID1045114	1	1	0	0
1	1	UID1045117	1	1	0	0
1	1	UID1045123	1	1	0	0
1	1	UID1045124	1	1	0	0
1	1	UID1045125	1	1	0	0
1	1	UID1045126	1	1	0	0
1	1	UID1045127	1	1	0	0
1	1	UID1045135	1	1	0	0
1	1	UID1045137	1	1	0	0
1	1	UID1045149	1	1	0	0
1	1	UID1045151	1	1	0	0
1	1	UID1045152	1	1	0	0
1	1	UID1045155	1	1	0	0
1	1	UID1045158	1	1	0	0
1	1	UID1045162	1	1	0	0
1	1	UID1045163	1	1	0	0
1	1	UID1045165	1	1	0	0
1	1	UID1045179	1	1	0	0
1	1	UID1045181	1	1	0	0
1	1	UID1045192	1	1	0	0
1	1	UID1045206	1	1	0	0
1	1	UID1045219	1	1	0	0
1	1	UID1045220	1	1	0	0
1	1	UID1045222	1	1	0	0
1	1	UID1045225	1	1	0	0
1	1	UID1045232	1	1	0	0
1	1	UID1045234	1	1	0	0
1	1	UID1045245	1	1	0	0
1	1	UID1045246	1	1	0	0
1	1	UID1045249	1	1	0	0
1	1	UID1045251	1	1	0	0
1	1	UID1045254	1	1	0	0
1	1	UID1045258	1	1	0	0
1	1	UID1045262	1	1	0	0
1	1	UID1045264	1	1	0	0
1	1	UID1045266	1	1	0	0
1	1	UID1045267	1	1	0	0
1	1	UID1045268	1	1	0	0
1	1	UID1045270	1	1	0	0
1	1	UID1045271	1	1	0	0
1	1	UID1045274	1	1	0	0
1	1	UID1045277	1	1	0	0
1	1	UID1045285	1	1	0	0
1	1	UID1045286	1	1	0	0
1	1	UID1045311	1	1	0	0
1	1	UID1045316	1	1	0	0
1	1	UID1045317	1	1	0	0
1	1	UID1045337	1	1	0	0
1	1	UID1045340	1	1	0	0
1	1	UID1045347	1	1	0	0
1	1	UID1045354	1	1	0	0
1	1	UID1045358	1	1	0	0
1	1	UID1045360	1	1	0	0
1	1	UID1045361	1	1	0	0
1	1	UID1045364	1	1	0	0
1	1	UID1045367	1	1	0	0
1	1	UID1045375	1	1	0	0
1	1	UID1045395	1	1	0	0
1	1	UID1045405	1	1	0	0
1	1	UID1045406	1	1	0	0
1	1	UID1045410	1	1	0	0
1	1	UID1045420	1	1	0	0
1	1	UID1045422	1	1	0	0
1	1	UID1045425	1	1	0	0
1	1	UID1045426	1	1	0	0
1	1	UID1045457	1	1	0	0
1	1	UID1045475	1	1	0	0
1	1	UID1045511	1	1	0	0
1	1	UID1045512	1	1	0	0
1	1	UID1045526	1	1	0	0
1	1	UID1045527	1	1	0	0
1	1	UID1045540	1	1	0	0
1	1	UID1045546	1	1	0	0
1	1	UID1045548	1	1	0	0
1	1	UID1045578	1	1	0	0
1	1	UID1045593	1	1	0	0
1	1	UID1045594	1	1	0	0
1	1	UID1045598	1	1	0	0
1	1	UID1045599	1	1	0	0
1	1	UID1045603	1	1	0	0
1	1	UID1045605	1	1	0	0
1	1	UID1045614	1	1	0	0
1	1	UID1045617	1	1	0	0
1	1	UID1045621	1	1	0	0
1	1	UID1045622	1	1	0	0
1	1	UID1045632	1	1	0	0
1	1	UID1045643	1	1	0	0
1	1	UID1045644	1	1	0	0
1	1	UID1045654	1	1	0	0
1	1	UID1045663	1	1	0	0
1	1	UID1045671	1	1	0	0
1	1	UID1045675	1	1	0	0
1	1	UID1045678	1	1	0	0
1	1	UID1045700	1	1	0	0
1	1	UID1045701	1	1	0	0
1	1	UID1045702	1	1	0	0
1	1	UID1045706	1	1	0	0
1	1	UID1045715	1	1	0	0
1	1	UID1045716	1	1	0	0
1	1	UID1045717	1	1	0	0
1	1	UID1045741	1	1	0	0
1	1	UID1045743	1	1	0	0
1	1	UID1045748	1	1	0	0
1	1	UID1045751	1	1	0	0
1	1	UID1045752	1	1	0	0
1	1	UID1045755	1	1	0	0
1	1	UID1045758	1	1	0	0
1	1	UID1045762	1	1	0	0
1	1	UID1045770	1	1	0	0
1	1	UID1045775	1	1	0	0
1	1	UID1045776	1	1	0	0
1	1	UID1045777	1	1	0	0
1	1	UID1045778	1	1	0	0
1	1	UID1045786	1	1	0	0
1	1	UID1045787	1	1	0	0
1	1	UID1045788	1	1	0	0
1	1	UID1045795	1	1	0	0
1	1	UID1045796	1	1	0	0
1	1	UID1045808	1	1	0	0
1	1	UID1045811	1	1	0	0
1	1	UID1045815	1	1	0	0
1	1	UID1045821	1	1	0	0
1	1	UID1045841	1	1	0	0
1	1	UID1045848	1	1	0	0
1	1	UID1045850	1	1	0	0
1	1	UID1045853	1	1	0	0
1	1	UID1045858	1	1	0	0
1	1	UID1045860	1	1	0	0
1	1	UID1045872	1	1	0	0
1	1	UID1045874	1	1	0	0
1	1	UID1045877	1	1	0	0
1	1	UID1045883	1	1	0	0
1	1	UID1045889	1	1	0	0
1	1	UID1045890	1	1	0	0
1	1	UID1045892	1	1	0	0
1	1	UID1045901	1	1	0	0
1	1	UID1045903	1	1	0	0
1	1	UID1045905	1	1	0	0
1	1	UID1045907	1	1	0	0
1	1	UID1045908	1	1	0	0
1	1	UID1045915	1	1	0	0
1	1	UID1045919	1	1	0	0
1	1	UID1045920	1	1	0	0
1	1	UID1045921	1	1	0	0
1	1	UID1045924	1	1	0	0
1	1	UID1045929	1	1	0	0
1	1	UID1045931	1	1	0	0
1	1	UID1045934	1	1	0	0
1	1	UID1045937	1	1	0	0
1	1	UID1045939	1	1	0	0
1	1	UID1045948	1	1	0	0
1	1	UID1045951	1	1	0	0
1	1	UID1045953	1	1	0	0
1	1	UID1045954	1	1	0	0
1	1	UID1045962	1	1	0	0
1	1	UID1045963	1	1	0	0
1	1	UID1045966	1	1	0	0
1	1	UID1046008	1	1	0	0
1	1	UID1046017	1	1	0	0
1	1	UID1046018	1	1	0	0
1	1	UID1046019	1	1	0	0
1	1	UID1046021	1	1	0	0
1	1	UID1046040	1	1	0	0
1	1	UID1046045	1	1	0	0
1	1	UID1046046	1	1	0	0
1	1	UID1046047	1	1	0	0
1	1	UID1046048	1	1	0	0
1	1	UID1046049	1	1	0	0
1	1	UID1046050	1	1	0	0
1	1	UID1046056	1	1	0	0
1	1	UID1046061	1	1	0	0
1	1	UID1046062	1	1	0	0
1	1	UID1046064	1	1	0	0
1	1	UID1046065	1	1	0	0
1	1	UID1046068	1	1	0	0
1	1	UID1046073	1	1	0	0
1	1	UID1046074	1	1	0	0
1	1	UID1046075	1	1	0	0
1	1	UID1046076	1	1	0	0
1	1	UID1046084	1	1	0	0
1	1	UID1046095	1	1	0	0
1	1	UID1046123	1	1	0	0
1	1	UID1046128	1	1	0	0
1	1	UID1046130	1	1	0	0
1	1	UID1046151	1	1	0	0
1	1	UID1046167	1	1	0	0
1	1	UID1046174	1	1	0	0
1	1	UID1046179	1	1	0	0
1	1	UID1046190	1	1	0	0
1	1	UID1046219	1	1	0	0
1	1	UID1046226	1	1	0	0
1	1	UID1046242	1	1	0	0
1	1	UID1046265	1	1	0	0
1	1	UID1046272	1	1	0	0
1	1	UID1046278	1	1	0	0
1	1	UID1046306	1	1	0	0
1	1	UID1046311	1	1	0	0
1	1	UID1046325	1	1	0	0
1	1	UID1046328	1	1	0	0
1	1	UID1046329	1	1	0	0
1	1	UID1046332	1	1	0	0
1	1	UID1046367	1	1	0	0
1	1	UID1046401	1	1	0	0
1	1	UID1046432	1	1	0	0
1	1	UID1046443	1	1	0	0
1	1	UID1046444	1	1	0	0
1	1	UID1046447	1	1	0	0
1	1	UID1046448	1	1	0	0
1	1	UID1046471	1	1	0	0
1	1	UID1046473	1	1	0	0
1	1	UID1046485	1	1	0	0
1	1	UID1046487	1	1	0	0
1	1	UID1046491	1	1	0	0
1	1	UID1046512	1	1	0	0
1	1	UID1046545	1	1	0	0
1	1	UID1046553	1	1	0	0
1	1	UID1046562	1	1	0	0
1	1	UID1046576	1	1	0	0
1	1	UID1046627	1	1	0	0
1	1	UID1046634	1	1	0	0
1	1	UID1046640	1	1	0	0
1	1	UID1046642	1	1	0	0
1	1	UID1046671	1	1	0	0
1	1	UID1046677	1	1	0	0
1	1	UID1046698	1	1	0	0
1	1	UID1046709	1	1	0	0
1	1	UID1046710	1	1	0	0
1	1	UID1046724	1	1	0	0
1	1	UID1046727	1	1	0	0
1	1	UID1046729	1	1	0	0
1	1	UID1046731	1	1	0	0
1	1	UID1046757	1	1	0	0
1	1	UID1046774	1	1	0	0
1	1	UID1046777	1	1	0	0
1	1	UID1046780	1	1	0	0
1	1	UID1046781	1	1	0	0
1	1	UID1046793	1	1	0	0
1	1	UID1046824	1	1	0	0
1	1	UID1046846	1	1	0	0
1	1	UID1046857	1	1	0	0
1	1	UID1046866	1	1	0	0
1	1	UID1046872	1	1	0	0
1	1	UID1046874	1	1	0	0
1	1	UID1046879	1	1	0	0
1	1	UID1046880	1	1	0	0
1	1	UID1046900	1	1	0	0
1	1	UID1046915	1	1	0	0
1	1	UID1046938	1	1	0	0
1	1	UID1046955	1	1	0	0
1	1	UID1046958	1	1	0	0
1	1	UID1046979	1	1	0	0
1	1	UID1046980	1	1	0	0
1	1	UID1046988	1	1	0	0
1	1	UID1047007	1	1	0	0
1	1	UID1047009	1	1	0	0
1	1	UID1047019	1	1	0	0
1	1	UID1047042	1	1	0	0
1	1	UID1047044	1	1	0	0
1	1	UID1047047	1	1	0	0
1	1	UID1047049	1	1	0	0
1	1	UID1047054	1	1	0	0
1	1	UID1047071	1	1	0	0
1	1	UID1047076	1	1	0	0
1	1	UID1047079	1	1	0	0
1	1	UID1047089	1	1	0	0
1	1	UID1047091	1	1	0	0
1	1	UID1047098	1	1	0	0
1	1	UID1047104	1	1	0	0
1	1	UID1047111	1	1	0	0
1	1	UID1047118	1	1	0	0
1	1	UID1047125	1	1	0	0
1	1	UID1047128	1	1	0	0
1	1	UID1047129	1	1	0	0
1	1	UID1047130	1	1	0	0
1	1	UID1047141	1	1	0	0
1	1	UID1047147	1	1	0	0
1	1	UID1047148	1	1	0	0
1	1	UID1047152	1	1	0	0
1	1	UID1047165	1	1	0	0
1	1	UID1047168	1	1	0	0
1	1	UID1047177	1	1	0	0
1	1	UID1047195	1	1	0	0
1	1	UID1047202	1	1	0	0
1	1	UID1047223	1	1	0	0
1	1	UID1047224	1	1	0	0
1	1	UID1047226	1	1	0	0
1	1	UID1047243	1	1	0	0
1	1	UID1047246	1	1	0	0
1	1	UID1047248	1	1	0	0
1	1	UID1047254	1	1	0	0
1	1	UID1047261	1	1	0	0
2	2	UID1047288	1	2	1	1
1	1	UID1047311	1	1	0	0
1	1	UID1047325	1	1	0	0
1	1	UID1047330	1	1	0	0
1	1	UID1047393	1	1	0	0
1	1	UID1047396	1	1	0	0
1	1	UID1047397	1	1	0	0
1	1	UID1047399	1	1	0	0
1	1	UID1047462	1	1	0	0
1	1	UID1047473	1	1	0	0
1	1	UID1047474	1	1	0	0
1	1	UID1047487	1	1	0	0
1	1	UID1047514	1	1	0	0
1	1	UID1047554	1	1	0	0
1	1	UID1047560	1	1	0	0
1	1	UID1047586	1	1	0	0
1	1	UID1047588	1	1	0	0
1	1	UID1047592	1	1	0	0
1	1	UID1047604	1	1	0	0
1	1	UID1047612	1	1	0	0
1	1	UID1047613	1	1	0	0
1	1	UID1047619	1	1	0	0
1	1	UID1047620	1	1	0	0
1	1	UID1047621	1	1	0	0
1	1	UID1047635	1	1	0	0
1	1	UID1047636	1	1	0	0
1	1	UID1047642	1	1	0	0
1	1	UID1047687	1	1	0	0
1	1	UID1047688	1	1	0	0
1	1	UID1047696	1	1	0	0
1	1	UID1047699	1	1	0	0
1	1	UID1047707	1	1	0	0
1	1	UID1047708	1	1	0	0
1	1	UID1047716	1	1	0	0
1	1	UID1047725	1	1	0	0
1	1	UID1047747	1	1	0	0
1	1	UID1047751	1	1	0	0
1	1	UID1047761	1	1	0	0
1	1	UID1047763	1	1	0	0
1	1	UID1047767	1	1	0	0
1	1	UID1047769	1	1	0	0
1	1	UID1047772	1	1	0	0
1	1	UID1047782	1	1	0	0
1	1	UID1047784	1	1	0	0
1	1	UID1047795	1	1	0	0
1	1	UID1047820	1	1	0	0
1	1	UID1047823	1	1	0	0
1	1	UID1047830	1	1	0	0
1	1	UID1047835	1	1	0	0
1	1	UID1047837	1	1	0	0
1	1	UID1047872	1	1	0	0
2	2	UID1047873	1	2	1	1
1	1	UID1047874	1	1	0	0
1	1	UID1047876	1	1	0	0
1	1	UID1047894	1	1	0	0
1	1	UID1047914	1	1	0	0
1	1	UID1047928	1	1	0	0
1	1	UID1047935	1	1	0	0
1	1	UID1047972	1	1	0	0
1	1	UID1047973	1	1	0	0
1	1	UID1047974	1	1	0	0
1	1	UID1047977	1	1	0	0
1	1	UID1047991	1	1	0	0
1	1	UID1047999	1	1	0	0
1	1	UID1048011	1	1	0	0
1	1	UID1048016	1	1	0	0
1	1	UID1048050	1	1	0	0
1	1	UID1048156	1	1	0	0
1	1	UID1048174	1	1	0	0
1	1	UID1048227	1	1	0	0
1	1	UID1048241	1	1	0	0
1	1	UID1048243	1	1	0	0
1	1	UID1048252	1	1	0	0
1	1	UID1048264	1	1	0	0
1	1	UID1048271	1	1	0	0
1	1	UID1048305	1	1	0	0
1	1	UID1048425	1	1	0	0
1	1	UID1048426	1	1	0	0
1	1	UID1048436	1	1	0	0
1	1	UID1048448	1	1	0	0
1	1	UID1048456	1	1	0	0
1	1	UID1048458	1	1	0	0
1	1	UID1048481	1	1	0	0
1	1	UID1048499	1	1	0	0
1	1	UID1048529	1	1	0	0
1	1	UID1048536	1	1	0	0
1	1	UID1048563	1	1	0	0
1	1	UID1048577	1	1	0	0
1	1	UID1048584	1	1	0	0
1	1	UID1048586	1	1	0	0
1	1	UID1048587	1	1	0	0
1	1	UID1048623	1	1	0	0
1	1	UID1048631	1	1	0	0
1	1	UID1048652	1	1	0	0
1	1	UID1048653	1	1	0	0
1	1	UID1048656	1	1	0	0
1	1	UID1048686	1	1	0	0
1	1	UID1048709	1	1	0	0
1	1	UID1048731	1	1	0	0
1	1	UID1048754	1	1	0	0
1	1	UID1048776	1	1	0	0
1	1	UID1048787	1	1	0	0
1	1	UID1048802	1	1	0	0
1	1	UID1048811	1	1	0	0
1	1	UID1048812	1	1	0	0
1	1	UID1048814	1	1	0	0
1	1	UID1048820	1	1	0	0
1	1	UID1048823	1	1	0	0
1	1	UID1048826	1	1	0	0
1	1	UID1048830	1	1	0	0
1	1	UID1048836	1	1	0	0
1	1	UID1048839	1	1	0	0
1	1	UID1048853	1	1	0	0
1	1	UID1048868	1	1	0	0
1	1	UID1048869	1	1	0	0
1	1	UID1048876	1	1	0	0
1	1	UID1048877	1	1	0	0
1	1	UID1048889	1	1	0	0
1	1	UID1048893	1	1	0	0
1	1	UID1048894	1	1	0	0
1	1	UID1048911	1	1	0	0
1	1	UID1048948	1	1	0	0
1	1	UID1048987	1	1	0	0
1	1	UID1048990	1	1	0	0
1	1	UID1049000	1	1	0	0
1	1	UID1049001	1	1	0	0
1	1	UID1049013	1	1	0	0
1	1	UID1049057	1	1	0	0
1	1	UID1049062	1	1	0	0
1	1	UID1049071	1	1	0	0
1	1	UID1049072	1	1	0	0
1	1	UID1049074	1	1	0	0
1	1	UID1049075	1	1	0	0
1	1	UID1049076	1	1	0	0
1	1	UID1049091	1	1	0	0
1	1	UID1049099	1	1	0	0
1	1	UID1049110	1	1	0	0
1	1	UID1049129	1	1	0	0
1	1	UID1049135	1	1	0	0
1	1	UID1049136	1	1	0	0
1	1	UID1049140	1	1	0	0
1	1	UID1049142	1	1	0	0
1	1	UID1049143	1	1	0	0
1	1	UID1049161	1	1	0	0
1	1	UID1049163	1	1	0	0
1	1	UID1049165	1	1	0	0
1	1	UID1049167	1	1	0	0
1	1	UID1049170	1	1	0	0
1	1	UID1049178	1	1	0	0
1	1	UID1049180	1	1	0	0
1	1	UID1049184	1	1	0	0
1	1	UID1049185	1	1	0	0
1	1	UID1049222	1	1	0	0
1	1	UID1049228	1	1	0	0
1	1	UID1049235	1	1	0	0
1	1	UID1049242	1	1	0	0
1	1	UID1049272	1	1	0	0
1	1	UID1049329	1	1	0	0
1	1	UID1049363	1	1	0	0
1	1	UID1049364	1	1	0	0
1	1	UID1049370	1	1	0	0
1	1	UID1049372	1	1	0	0
1	1	UID1049414	1	1	0	0
1	1	UID1049424	1	1	0	0
1	1	UID1049433	1	1	0	0
1	1	UID1049434	1	1	0	0
1	1	UID1049435	1	1	0	0
1	1	UID1049439	1	1	0	0
1	1	UID1049441	1	1	0	0
1	1	UID1049443	1	1	0	0
1	1	UID1049449	1	1	0	0
1	1	UID1049451	1	1	0	0
1	1	UID1049459	1	1	0	0
1	1	UID1049461	1	1	0	0
1	1	UID1049462	1	1	0	0
1	1	UID1049474	1	1	0	0
1	1	UID1049476	1	1	0	0
1	1	UID1049477	1	1	0	0
1	1	UID1049482	1	1	0	0
1	1	UID1049485	1	1	0	0
1	1	UID1049486	1	1	0	0
1	1	UID1049503	1	1	0	0
1	1	UID1049519	1	1	0	0
1	1	UID1049524	1	1	0	0
1	1	UID1049527	1	1	0	0
1	1	UID1049532	1	1	0	0
1	1	UID1049533	1	1	0	0
1	1	UID1049537	1	1	0	0
1	1	UID1049570	1	1	0	0
1	1	UID1049572	1	1	0	0
1	1	UID1049577	1	1	0	0
1	1	UID1049590	1	1	0	0
1	1	UID1049598	1	1	0	0
1	1	UID1049623	1	1	0	0
1	1	UID1049624	1	1	0	0
1	1	UID1049626	1	1	0	0
1	1	UID1049631	1	1	0	0
1	1	UID1049646	1	1	0	0
1	1	UID1049649	1	1	0	0
1	1	UID1049652	1	1	0	0
1	1	UID1049653	1	1	0	0
1	1	UID1049654	1	1	0	0
1	1	UID1049667	1	1	0	0
1	1	UID1049689	1	1	0	0
1	1	UID1049702	1	1	0	0
1	1	UID1049703	1	1	0	0
1	1	UID1049726	1	1	0	0
1	1	UID1049731	1	1	0	0
1	1	UID1049734	1	1	0	0
1	1	UID1049735	1	1	0	0
1	1	UID1049738	1	1	0	0
1	1	UID1049740	1	1	0	0
1	1	UID1049741	1	1	0	0
1	1	UID1049748	1	1	0	0
1	1	UID1049756	1	1	0	0
1	1	UID1049759	1	1	0	0
1	1	UID1049761	1	1	0	0
1	1	UID1049762	1	1	0	0
1	1	UID1049795	1	1	0	0
1	1	UID1049799	1	1	0	0
1	1	UID1049819	1	1	0	0
1	1	UID1049824	1	1	0	0
1	1	UID1049835	1	1	0	0
1	1	UID1049839	1	1	0	0
1	1	UID1049851	1	1	0	0
1	1	UID1049858	1	1	0	0
1	1	UID1049867	1	1	0	0
1	1	UID1049871	1	1	0	0
1	1	UID1049873	1	1	0	0
1	1	UID1049885	1	1	0	0
1	1	UID1049893	1	1	0	0
1	1	UID1049900	1	1	0	0
1	1	UID1049914	1	1	0	0
1	1	UID1049915	1	1	0	0
1	1	UID1049916	1	1	0	0
1	1	UID1049924	1	1	0	0
1	1	UID1049926	1	1	0	0
1	1	UID1049930	1	1	0	0
1	1	UID1049931	1	1	0	0
1	1	UID1049932	1	1	0	0
1	1	UID1049933	1	1	0	0
1	1	UID1049936	1	1	0	0
1	1	UID1049937	1	1	0	0
1	1	UID1049939	1	1	0	0
1	1	UID1049941	1	1	0	0
1	1	UID1049942	1	1	0	0
1	1	UID1049954	1	1	0	0
1	1	UID1049974	1	1	0	0
1	1	UID1049976	1	1	0	0
1	1	UID1049980	1	1	0	0
1	1	UID1050029	1	1	0	0
1	1	UID1050036	1	1	0	0
1	1	UID1050045	1	1	0	0
1	1	UID1050054	1	1	0	0
1	1	UID1050058	1	1	0	0
1	1	UID1050061	1	1	0	0
1	1	UID1050073	1	1	0	0
1	1	UID1050082	1	1	0	0
1	1	UID1050084	1	1	0	0
1	1	UID1050092	1	1	0	0
1	1	UID1050097	1	1	0	0
1	1	UID1050117	1	1	0	0
1	1	UID1050118	1	1	0	0
1	1	UID1050122	1	1	0	0
1	1	UID1050126	1	1	0	0
1	1	UID1050132	1	1	0	0
1	1	UID1050138	1	1	0	0
1	1	UID1050142	1	1	0	0
1	1	UID1050146	1	1	0	0
1	1	UID1050151	1	1	0	0
1	1	UID1050154	1	1	0	0
1	1	UID1050168	1	1	0	0
1	1	UID1050169	1	1	0	0
1	1	UID1050174	1	1	0	0
1	1	UID1050185	1	1	0	0
1	1	UID1050188	1	1	0	0
1	1	UID1050198	1	1	0	0
1	1	UID1050199	1	1	0	0
1	1	UID1050207	1	1	0	0
1	1	UID1050210	1	1	0	0
1	1	UID1050214	1	1	0	0
1	1	UID1050227	1	1	0	0
1	1	UID1050228	1	1	0	0
1	1	UID1050236	1	1	0	0
1	1	UID1050248	1	1	0	0
1	1	UID1050251	1	1	0	0
1	1	UID1050253	1	1	0	0
1	1	UID1050254	1	1	0	0
1	1	UID1050263	1	1	0	0
1	1	UID1050283	1	1	0	0
1	1	UID1050290	1	1	0	0
1	1	UID1050293	1	1	0	0
1	1	UID1050296	1	1	0	0
1	1	UID1050301	1	1	0	0
1	1	UID1050322	1	1	0	0
1	1	UID1050328	1	1	0	0
1	1	UID1050334	1	1	0	0
1	1	UID1050345	1	1	0	0
1	1	UID1050359	1	1	0	0
1	1	UID1050371	1	1	0	0
1	1	UID1050389	1	1	0	0
1	1	UID1050399	1	1	0	0
1	1	UID1050411	1	1	0	0
1	1	UID1050417	1	1	0	0
2	2	UID1050420	1	2	1	1
1	1	UID1050423	1	1	0	0
1	1	UID1050431	1	1	0	0
1	1	UID1050432	1	1	0	0
1	1	UID1050433	1	1	0	0
1	1	UID1050443	1	1	0	0
1	1	UID1050455	1	1	0	0
1	1	UID1050456	1	1	0	0
1	1	UID1050458	1	1	0	0
1	1	UID1050463	1	1	0	0
1	1	UID1050484	1	1	0	0
1	1	UID1050498	1	1	0	0
1	1	UID1050499	1	1	0	0
1	1	UID1050501	1	1	0	0
1	1	UID1050506	1	1	0	0
1	1	UID1050514	1	1	0	0
1	1	UID1050536	1	1	0	0
1	1	UID1050550	1	1	0	0
1	1	UID1050552	1	1	0	0
1	1	UID1050561	1	1	0	0
1	1	UID1050566	1	1	0	0
1	1	UID1050567	1	1	0	0
1	1	UID1050570	1	1	0	0
1	1	UID1050581	1	1	0	0
1	1	UID1050586	1	1	0	0
1	1	UID1050587	1	1	0	0
1	1	UID1050593	1	1	0	0
1	1	UID1050595	1	1	0	0
1	1	UID1050596	1	1	0	0
1	1	UID1050613	1	1	0	0
1	1	UID1050619	1	1	0	0
1	1	UID1050625	1	1	0	0
1	1	UID1050626	1	1	0	0
1	1	UID1050635	1	1	0	0
1	1	UID1050638	1	1	0	0
1	1	UID1050639	1	1	0	0
1	1	UID1050640	1	1	0	0
1	1	UID1050642	1	1	0	0
1	1	UID1050650	1	1	0	0
1	1	UID1050655	1	1	0	0
1	1	UID1050660	1	1	0	0
1	1	UID1050667	1	1	0	0
1	1	UID1050668	1	1	0	0
1	1	UID1050676	1	1	0	0
1	1	UID1050677	1	1	0	0
1	1	UID1050678	1	1	0	0
1	1	UID1050680	1	1	0	0
1	1	UID1050681	1	1	0	0
1	1	UID1050692	1	1	0	0
1	1	UID1050694	1	1	0	0
1	1	UID1050698	1	1	0	0
1	1	UID1050702	1	1	0	0
1	1	UID1050705	1	1	0	0
1	1	UID1050706	1	1	0	0
1	1	UID1050707	1	1	0	0
1	1	UID1050708	1	1	0	0
1	1	UID1050709	1	1	0	0
1	1	UID1050710	1	1	0	0
1	1	UID1050713	1	1	0	0
1	1	UID1050724	1	1	0	0
1	1	UID1050747	1	1	0	0
1	1	UID1050759	1	1	0	0
1	1	UID1050761	1	1	0	0
1	1	UID1050764	1	1	0	0
1	1	UID1050775	1	1	0	0
1	1	UID1050777	1	1	0	0
1	1	UID1050779	1	1	0	0
1	1	UID1050785	1	1	0	0
1	1	UID1050793	1	1	0	0
1	1	UID1050803	1	1	0	0
1	1	UID1050805	1	1	0	0
1	1	UID1050807	1	1	0	0
1	1	UID1050808	1	1	0	0
1	1	UID1050812	1	1	0	0
1	1	UID1050813	1	1	0	0
1	1	UID1050814	1	1	0	0
1	1	UID1050832	1	1	0	0
1	1	UID1050841	1	1	0	0
1	1	UID1050847	1	1	0	0
1	1	UID1050850	1	1	0	0
1	1	UID1050853	1	1	0	0
1	1	UID1050863	1	1	0	0
1	1	UID1050869	1	1	0	0
1	1	UID1050873	1	1	0	0
1	1	UID1050881	1	1	0	0
1	1	UID1050883	1	1	0	0
1	1	UID1050895	1	1	0	0
1	1	UID1050901	1	1	0	0
1	1	UID1050902	1	1	0	0
1	1	UID1050904	1	1	0	0
1	1	UID1050918	1	1	0	0
1	1	UID1050927	1	1	0	0
1	1	UID1050928	1	1	0	0
1	1	UID1050929	1	1	0	0
1	1	UID1050932	1	1	0	0
1	1	UID1050936	1	1	0	0
1	1	UID1050937	1	1	0	0
1	1	UID1050943	1	1	0	0
1	1	UID1050962	1	1	0	0
1	1	UID1050964	1	1	0	0
1	1	UID1050965	1	1	0	0
1	1	UID1050966	1	1	0	0
1	1	UID1050975	1	1	0	0
1	1	UID1050978	1	1	0	0
1	1	UID1050980	1	1	0	0
1	1	UID1050981	1	1	0	0
2	2	UID1050984	1	2	1	1
1	1	UID1050993	1	1	0	0
1	1	UID1050994	1	1	0	0
1	1	UID1051007	1	1	0	0
1	1	UID1051013	1	1	0	0
1	1	UID1051015	1	1	0	0
1	1	UID1051019	1	1	0	0
1	1	UID1051022	1	1	0	0
1	1	UID1051025	1	1	0	0
1	1	UID1051034	1	1	0	0
1	1	UID1051051	1	1	0	0
1	1	UID1051052	1	1	0	0
1	1	UID1051064	1	1	0	0
1	1	UID1051066	1	1	0	0
1	1	UID1051075	1	1	0	0
1	1	UID1051083	1	1	0	0
1	1	UID1051092	1	1	0	0
1	1	UID1051096	1	1	0	0
1	1	UID1051098	1	1	0	0
1	1	UID1051100	1	1	0	0
1	1	UID1051111	1	1	0	0
1	1	UID1051123	1	1	0	0
2	2	UID1051124	1	2	1	1
1	1	UID1051128	1	1	0	0
1	1	UID1051135	1	1	0	0
1	1	UID1051138	1	1	0	0
1	1	UID1051141	1	1	0	0
1	1	UID1051143	1	1	0	0
1	1	UID1051153	1	1	0	0
1	1	UID1051155	1	1	0	0
1	1	UID1051162	1	1	0	0
1	1	UID1051164	1	1	0	0
1	1	UID1051173	1	1	0	0
1	1	UID1051174	1	1	0	0
1	1	UID1051182	1	1	0	0
1	1	UID1051184	1	1	0	0
1	1	UID1051188	1	1	0	0
1	1	UID1051203	1	1	0	0
1	1	UID1051210	1	1	0	0
1	1	UID1051215	1	1	0	0
1	1	UID1051216	1	1	0	0
1	1	UID1051219	1	1	0	0
1	1	UID1051221	1	1	0	0
1	1	UID1051227	1	1	0	0
1	1	UID1051232	1	1	0	0
1	1	UID1051248	1	1	0	0
1	1	UID1051251	1	1	0	0
1	1	UID1051264	1	1	0	0
1	1	UID1051277	1	1	0	0
1	1	UID1051278	1	1	0	0
1	1	UID1051287	1	1	0	0
1	1	UID1051294	1	1	0	0
1	1	UID1051300	1	1	0	0
1	1	UID1051303	1	1	0	0
1	1	UID1051304	1	1	0	0
1	1	UID1051306	1	1	0	0
1	1	UID1051314	1	1	0	0
1	1	UID1051319	1	1	0	0
1	1	UID1051322	1	1	0	0
1	1	UID1051323	1	1	0	0
1	1	UID1051324	1	1	0	0
1	1	UID1051339	1	1	0	0
1	1	UID1051341	1	1	0	0
1	1	UID1051343	1	1	0	0
1	1	UID1051346	1	1	0	0
1	1	UID1051353	1	1	0	0
1	1	UID1051360	1	1	0	0
1	1	UID1051363	1	1	0	0
1	1	UID1051368	1	1	0	0
1	1	UID1051370	1	1	0	0
1	1	UID1051382	1	1	0	0
1	1	UID1051384	1	1	0	0
1	1	UID1051385	1	1	0	0
1	1	UID1051393	1	1	0	0
1	1	UID1051399	1	1	0	0
1	1	UID1051404	1	1	0	0
1	1	UID1051405	1	1	0	0
1	1	UID1051406	1	1	0	0
1	1	UID1051409	1	1	0	0
1	1	UID1051426	1	1	0	0
1	1	UID1051433	1	1	0	0
1	1	UID1051446	1	1	0	0
1	1	UID1051447	1	1	0	0
1	1	UID1051453	1	1	0	0
1	1	UID1051460	1	1	0	0
1	1	UID1051462	1	1	0	0
1	1	UID1051463	1	1	0	0
1	1	UID1051464	1	1	0	0
1	1	UID1051465	1	1	0	0
1	1	UID1051467	1	1	0	0
1	1	UID1051470	1	1	0	0
1	1	UID1051471	1	1	0	0
1	1	UID1051472	1	1	0	0
1	1	UID1051482	1	1	0	0
1	1	UID1051483	1	1	0	0
1	1	UID1051484	1	1	0	0
1	1	UID1051491	1	1	0	0
1	1	UID1051492	1	1	0	0
1	1	UID1051495	1	1	0	0
1	1	UID1051499	1	1	0	0
1	1	UID1051507	1	1	0	0
1	1	UID1051511	1	1	0	0
1	1	UID1051522	1	1	0	0
1	1	UID1051539	1	1	0	0
1	1	UID1051545	1	1	0	0
1	1	UID1051548	1	1	0	0
1	1	UID1051551	1	1	0	0
1	1	UID1051555	1	1	0	0
1	1	UID1051556	1	1	0	0
1	1	UID1051563	1	1	0	0
1	1	UID1051566	1	1	0	0
1	1	UID1051591	1	1	0	0
1	1	UID1051599	1	1	0	0
1	1	UID1051612	1	1	0	0
1	1	UID1051613	1	1	0	0
1	1	UID1051619	1	1	0	0
1	1	UID1051622	1	1	0	0
1	1	UID1051624	1	1	0	0
1	1	UID1051625	1	1	0	0
1	1	UID1051644	1	1	0	0
1	1	UID1051648	1	1	0	0
1	1	UID1051650	1	1	0	0
1	1	UID1051653	1	1	0	0
1	1	UID1051668	1	1	0	0
1	1	UID1051674	1	1	0	0
2	2	UID1051683	1	2	1	1
1	1	UID1051691	1	1	0	0
1	1	UID1051692	1	1	0	0
1	1	UID1051694	1	1	0	0
1	1	UID1051697	1	1	0	0
1	1	UID1051699	1	1	0	0
1	1	UID1051704	1	1	0	0
1	1	UID1051708	1	1	0	0
1	1	UID1051725	1	1	0	0
1	1	UID1051727	1	1	0	0
1	1	UID1051735	1	1	0	0
1	1	UID1051738	1	1	0	0
1	1	UID1051739	1	1	0	0
1	1	UID1051762	1	1	0	0
1	1	UID1051764	1	1	0	0
1	1	UID1051765	1	1	0	0
1	1	UID1051766	1	1	0	0
1	1	UID1051768	1	1	0	0
1	1	UID1051769	1	1	0	0
1	1	UID1051779	1	1	0	0
1	1	UID1051780	1	1	0	0
1	1	UID1051783	1	1	0	0
1	1	UID1051791	1	1	0	0
1	1	UID1051800	1	1	0	0
1	1	UID1051801	1	1	0	0
1	1	UID1051802	1	1	0	0
1	1	UID1051810	1	1	0	0
1	1	UID1051825	1	1	0	0
1	1	UID1051833	1	1	0	0
1	1	UID1051836	1	1	0	0
1	1	UID1051837	1	1	0	0
1	1	UID1051839	1	1	0	0
1	1	UID1051849	1	1	0	0
1	1	UID1051855	1	1	0	0
1	1	UID1051857	1	1	0	0
1	1	UID1051859	1	1	0	0
1	1	UID1051861	1	1	0	0
1	1	UID1051868	1	1	0	0
1	1	UID1051873	1	1	0	0
1	1	UID1051900	1	1	0	0
1	1	UID1051903	1	1	0	0
1	1	UID1051905	1	1	0	0
1	1	UID1051906	1	1	0	0
1	1	UID1051907	1	1	0	0
1	1	UID1051908	1	1	0	0
1	1	UID1051913	1	1	0	0
1	1	UID1051918	1	1	0	0
1	1	UID1051919	1	1	0	0
1	1	UID1051937	1	1	0	0
1	1	UID1051944	1	1	0	0
1	1	UID1051953	1	1	0	0
1	1	UID1051959	1	1	0	0
1	1	UID1051961	1	1	0	0
1	1	UID1051963	1	1	0	0
1	1	UID1051965	1	1	0	0
1	1	UID1051977	1	1	0	0
1	1	UID1051978	1	1	0	0
1	1	UID1051980	1	1	0	0
1	1	UID1051981	1	1	0	0
1	1	UID1051983	1	1	0	0
1	1	UID1051985	1	1	0	0
1	1	UID1051997	1	1	0	0
1	1	UID1052003	1	1	0	0
1	1	UID1052005	1	1	0	0
1	1	UID1052007	1	1	0	0
1	1	UID1052009	1	1	0	0
1	1	UID1052011	1	1	0	0
1	1	UID1052014	1	1	0	0
1	1	UID1052023	1	1	0	0
1	1	UID1052035	1	1	0	0
1	1	UID1052049	1	1	0	0
1	1	UID1052051	1	1	0	0
1	1	UID1052055	1	1	0	0
1	1	UID1052057	1	1	0	0
1	1	UID1052065	1	1	0	0
1	1	UID1052066	1	1	0	0
1	1	UID1052068	1	1	0	0
1	1	UID1052069	1	1	0	0
1	1	UID1052079	1	1	0	0
1	1	UID1052084	1	1	0	0
1	1	UID1052089	1	1	0	0
1	1	UID1052091	1	1	0	0
1	1	UID1052093	1	1	0	0
1	1	UID1052096	1	1	0	0
1	1	UID1052120	1	1	0	0
1	1	UID1052122	1	1	0	0
1	1	UID1052126	1	1	0	0
1	1	UID1052130	1	1	0	0
1	1	UID1052136	1	1	0	0
1	1	UID1052140	1	1	0	0
1	1	UID1052148	1	1	0	0
1	1	UID1052150	1	1	0	0
1	1	UID1052156	1	1	0	0
1	1	UID1052162	1	1	0	0
1	1	UID1052168	1	1	0	0
1	1	UID1052171	1	1	0	0
1	1	UID1052173	1	1	0	0
1	1	UID1052174	1	1	0	0
1	1	UID1052175	1	1	0	0
1	1	UID1052182	1	1	0	0
1	1	UID1052183	1	1	0	0
1	1	UID1052194	1	1	0	0
1	1	UID1052195	1	1	0	0
1	1	UID1052199	1	1	0	0
1	1	UID1052201	1	1	0	0
1	1	UID1052205	1	1	0	0
1	1	UID1052210	1	1	0	0
1	1	UID1052221	1	1	0	0
