897	1663	UID254	254	803	4	4
277	467	UID58700	142	255	3	3
75	131	UID2251	53	71	2	2
37	53	UID80073	14	34	2	2
9	17	UID166178	9	8	1	1
15	23	UID186088	9	14	2	2
4	9	UID346187	6	3	1	1
6	8	UID83277	3	5	1	1
1	2	UID1426724	2	0	0	0
1	2	UID689119	2	0	0	0
6	7	UID7418	2	5	2	2
1	1	UID1213693	1	1	0	0
3	3	UID125898	1	3	1	1
1	1	UID1426725	1	1	0	0
1	1	UID1426726	1	1	0	0
1	1	UID1426729	1	1	0	0
1	1	UID1426731	1	1	0	0
1	1	UID1426732	1	1	0	0
1	1	UID1426733	1	1	0	0
1	1	UID1426734	1	1	0	0
1	1	UID1426735	1	1	0	0
1	1	UID1426737	1	1	0	0
1	1	UID1426738	1	1	0	0
1	1	UID1426742	1	1	0	0
1	1	UID1426744	1	1	0	0
1	1	UID1426745	1	1	0	0
1	1	UID1426746	1	1	0	0
1	1	UID1426747	1	1	0	0
1	1	UID1426751	1	1	0	0
1	1	UID1426752	1	1	0	0
1	1	UID1426753	1	1	0	0
1	1	UID1426755	1	1	0	0
1	1	UID1426757	1	1	0	0
1	1	UID1426759	1	1	0	0
1	1	UID1426760	1	1	0	0
1	1	UID1426761	1	1	0	0
1	1	UID1426763	1	1	0	0
1	1	UID1426765	1	1	0	0
1	1	UID1426766	1	1	0	0
1	1	UID1426767	1	1	0	0
1	1	UID1426770	1	1	0	0
1	1	UID1426774	1	1	0	0
1	1	UID1426775	1	1	0	0
1	1	UID1426777	1	1	0	0
1	1	UID1426778	1	1	0	0
1	1	UID1426784	1	1	0	0
1	1	UID1426786	1	1	0	0
1	1	UID1426791	1	1	0	0
1	1	UID1426795	1	1	0	0
1	1	UID1426796	1	1	0	0
1	1	UID1426802	1	1	0	0
1	1	UID1426804	1	1	0	0
1	1	UID1426805	1	1	0	0
1	1	UID1426807	1	1	0	0
1	1	UID1426808	1	1	0	0
1	1	UID1426812	1	1	0	0
1	1	UID1426813	1	1	0	0
1	1	UID1426816	1	1	0	0
1	1	UID1426817	1	1	0	0
1	1	UID1426820	1	1	0	0
1	1	UID1426821	1	1	0	0
1	1	UID1426822	1	1	0	0
1	1	UID1426826	1	1	0	0
1	1	UID1426827	1	1	0	0
1	1	UID1426828	1	1	0	0
1	1	UID1426832	1	1	0	0
1	1	UID1426835	1	1	0	0
1	1	UID1426836	1	1	0	0
1	1	UID1426837	1	1	0	0
1	1	UID1426838	1	1	0	0
1	1	UID1426841	1	1	0	0
1	1	UID1426843	1	1	0	0
1	1	UID1426844	1	1	0	0
1	1	UID1426846	1	1	0	0
1	1	UID1426849	1	1	0	0
1	1	UID1426851	1	1	0	0
1	1	UID1426853	1	1	0	0
1	1	UID1426854	1	1	0	0
1	1	UID1426858	1	1	0	0
1	1	UID1426861	1	1	0	0
1	1	UID1426863	1	1	0	0
1	1	UID1426865	1	1	0	0
1	1	UID1426866	1	1	0	0
1	1	UID1426867	1	1	0	0
1	1	UID1426868	1	1	0	0
1	1	UID1426874	1	1	0	0
1	1	UID1426879	1	1	0	0
1	1	UID1426880	1	1	0	0
1	1	UID1426881	1	1	0	0
1	1	UID1426883	1	1	0	0
1	1	UID1426884	1	1	0	0
1	1	UID1426885	1	1	0	0
1	1	UID1426893	1	1	0	0
1	1	UID1426897	1	1	0	0
1	1	UID1426901	1	1	0	0
1	1	UID1426903	1	1	0	0
1	1	UID1426906	1	1	0	0
1	1	UID1426907	1	1	0	0
1	1	UID1426915	1	1	0	0
1	1	UID1426922	1	1	0	0
1	1	UID1426932	1	1	0	0
1	1	UID1426933	1	1	0	0
1	1	UID1426936	1	1	0	0
1	1	UID1426938	1	1	0	0
1	1	UID1426940	1	1	0	0
1	1	UID1426944	1	1	0	0
1	1	UID1426946	1	1	0	0
1	1	UID1426948	1	1	0	0
1	1	UID1426955	1	1	0	0
1	1	UID1426956	1	1	0	0
1	1	UID1426959	1	1	0	0
1	1	UID1426960	1	1	0	0
1	1	UID1426964	1	1	0	0
1	1	UID1426968	1	1	0	0
1	1	UID1426972	1	1	0	0
1	1	UID1426973	1	1	0	0
1	1	UID1426974	1	1	0	0
1	1	UID1426976	1	1	0	0
1	1	UID1426978	1	1	0	0
1	1	UID1426980	1	1	0	0
1	1	UID1426984	1	1	0	0
1	1	UID1426985	1	1	0	0
1	1	UID1426991	1	1	0	0
1	1	UID1426996	1	1	0	0
1	1	UID1427011	1	1	0	0
1	1	UID1427015	1	1	0	0
1	1	UID1427016	1	1	0	0
1	1	UID1427021	1	1	0	0
1	1	UID1427026	1	1	0	0
1	1	UID1427029	1	1	0	0
1	1	UID1427033	1	1	0	0
1	1	UID1427035	1	1	0	0
1	1	UID1427046	1	1	0	0
1	1	UID1427047	1	1	0	0
1	1	UID1427048	1	1	0	0
1	1	UID1427050	1	1	0	0
1	1	UID1427052	1	1	0	0
1	1	UID1427053	1	1	0	0
1	1	UID1427059	1	1	0	0
1	1	UID1427060	1	1	0	0
1	1	UID1427062	1	1	0	0
1	1	UID1427063	1	1	0	0
1	1	UID1427065	1	1	0	0
1	1	UID1427075	1	1	0	0
1	1	UID1427077	1	1	0	0
1	1	UID1427078	1	1	0	0
1	1	UID1427085	1	1	0	0
1	1	UID1427087	1	1	0	0
1	1	UID1427090	1	1	0	0
1	1	UID1427094	1	1	0	0
1	1	UID1427095	1	1	0	0
1	1	UID1427097	1	1	0	0
1	1	UID1427099	1	1	0	0
1	1	UID1427102	1	1	0	0
1	1	UID1427103	1	1	0	0
1	1	UID1427105	1	1	0	0
1	1	UID1427110	1	1	0	0
1	1	UID1427112	1	1	0	0
1	1	UID1427114	1	1	0	0
1	1	UID1427121	1	1	0	0
1	1	UID1427123	1	1	0	0
1	1	UID1427124	1	1	0	0
1	1	UID1427126	1	1	0	0
1	1	UID1427127	1	1	0	0
1	1	UID1427128	1	1	0	0
1	1	UID1427130	1	1	0	0
1	1	UID1427132	1	1	0	0
1	1	UID1427134	1	1	0	0
1	1	UID1427138	1	1	0	0
1	1	UID1427139	1	1	0	0
1	1	UID1427140	1	1	0	0
1	1	UID1427145	1	1	0	0
1	1	UID1427148	1	1	0	0
1	1	UID1427157	1	1	0	0
1	1	UID1427161	1	1	0	0
1	1	UID1427162	1	1	0	0
1	1	UID1427163	1	1	0	0
1	1	UID1427165	1	1	0	0
1	1	UID1427167	1	1	0	0
1	1	UID1427168	1	1	0	0
1	1	UID1427170	1	1	0	0
1	1	UID1427171	1	1	0	0
1	1	UID1427172	1	1	0	0
1	1	UID1427173	1	1	0	0
1	1	UID1427174	1	1	0	0
1	1	UID1427178	1	1	0	0
1	1	UID1427181	1	1	0	0
1	1	UID1427182	1	1	0	0
1	1	UID1427183	1	1	0	0
1	1	UID1427185	1	1	0	0
1	1	UID1427187	1	1	0	0
1	1	UID1427190	1	1	0	0
1	1	UID1427192	1	1	0	0
1	1	UID1427194	1	1	0	0
1	1	UID1427195	1	1	0	0
1	1	UID1427199	1	1	0	0
1	1	UID1427202	1	1	0	0
1	1	UID1427203	1	1	0	0
1	1	UID1427206	1	1	0	0
1	1	UID1427207	1	1	0	0
1	1	UID1427212	1	1	0	0
1	1	UID1427213	1	1	0	0
1	1	UID1427216	1	1	0	0
1	1	UID1427218	1	1	0	0
1	1	UID1427219	1	1	0	0
1	1	UID1427221	1	1	0	0
1	1	UID1427229	1	1	0	0
1	1	UID1427230	1	1	0	0
1	1	UID1427232	1	1	0	0
1	1	UID1427234	1	1	0	0
1	1	UID1427238	1	1	0	0
1	1	UID1427240	1	1	0	0
1	1	UID1427241	1	1	0	0
1	1	UID1427244	1	1	0	0
1	1	UID1427245	1	1	0	0
1	1	UID1427246	1	1	0	0
1	1	UID1427247	1	1	0	0
1	1	UID1427250	1	1	0	0
1	1	UID1427252	1	1	0	0
1	1	UID1427253	1	1	0	0
1	1	UID1427258	1	1	0	0
1	1	UID1427259	1	1	0	0
1	1	UID1427262	1	1	0	0
1	1	UID1427264	1	1	0	0
1	1	UID1427266	1	1	0	0
1	1	UID1427267	1	1	0	0
1	1	UID1427270	1	1	0	0
1	1	UID1427272	1	1	0	0
1	1	UID1427273	1	1	0	0
1	1	UID1427274	1	1	0	0
1	1	UID1427277	1	1	0	0
1	1	UID1427285	1	1	0	0
1	1	UID1427286	1	1	0	0
1	1	UID1427294	1	1	0	0
1	1	UID1427295	1	1	0	0
1	1	UID1427296	1	1	0	0
1	1	UID1427297	1	1	0	0
1	1	UID1427303	1	1	0	0
1	1	UID1427304	1	1	0	0
1	1	UID1427305	1	1	0	0
1	1	UID1427306	1	1	0	0
1	1	UID1427308	1	1	0	0
1	1	UID1427315	1	1	0	0
1	1	UID1427319	1	1	0	0
1	1	UID1427320	1	1	0	0
1	1	UID1427327	1	1	0	0
1	1	UID1427331	1	1	0	0
1	1	UID1427332	1	1	0	0
1	1	UID1427338	1	1	0	0
1	1	UID166422	1	1	0	0
1	1	UID167118	1	1	0	0
5	5	UID188341	1	5	2	2
1	1	UID227	1	1	0	0
1	1	UID679691	1	1	0	0
1	1	UID741511	1	1	0	0
1	1	UID746733	1	1	0	0
1	1	UID753873	1	1	0	0
1	1	UID843582	1	1	0	0
