30582	175274	UID254	72761	24016	8	8
1547	5830	UID58892	2491	1041	3	3
928	2419	UID716	352	695	4	4
9	31	UID1	22	7	2	2
4	21	UID4	18	3	1	1
17	29	UID97425	9	13	2	2
8	14	UID6474	6	6	1	1
1	5	UID1427349	5	0	0	0
1	5	UID1427354	5	0	0	0
1	5	UID1427359	5	0	0	0
1	5	UID1427364	5	0	0	0
1	4	UID11	4	0	0	0
1	4	UID1427369	4	0	0	0
1	4	UID1427371	4	0	0	0
1	4	UID1427372	4	0	0	0
1	4	UID1427373	4	0	0	0
1	4	UID1427377	4	0	0	0
1	4	UID1427380	4	0	0	0
1	4	UID1427383	4	0	0	0
1	4	UID1427384	4	0	0	0
1	4	UID1427385	4	0	0	0
1	4	UID1427395	4	0	0	0
1	4	UID1427396	4	0	0	0
1	4	UID1427397	4	0	0	0
1	4	UID1427403	4	0	0	0
1	4	UID1427406	4	0	0	0
1	4	UID1427409	4	0	0	0
1	4	UID1427410	4	0	0	0
2	5	UID1427413	4	1	1	1
1	4	UID1427422	4	0	0	0
2	5	UID1427424	4	1	1	1
1	4	UID1427434	4	0	0	0
1	4	UID1427438	4	0	0	0
1	4	UID1427439	4	0	0	0
1	4	UID1427443	4	0	0	0
3	7	UID58391	4	1	1	1
1	3	UID1427446	3	0	0	0
1	3	UID1427450	3	0	0	0
1	3	UID1427452	3	0	0	0
1	3	UID1427457	3	0	0	0
1	3	UID1427462	3	0	0	0
1	3	UID1427463	3	0	0	0
1	3	UID1427464	3	0	0	0
2	4	UID1427467	3	1	1	1
1	3	UID1427469	3	0	0	0
1	3	UID1427472	3	0	0	0
1	3	UID1427477	3	0	0	0
1	3	UID1427478	3	0	0	0
1	3	UID1427479	3	0	0	0
1	3	UID1427480	3	0	0	0
1	3	UID1427481	3	0	0	0
1	3	UID1427482	3	0	0	0
1	3	UID1427484	3	0	0	0
1	3	UID1427486	3	0	0	0
1	3	UID1427487	3	0	0	0
1	3	UID1427488	3	0	0	0
1	3	UID1427490	3	0	0	0
1	3	UID1427491	3	0	0	0
1	3	UID1427492	3	0	0	0
1	3	UID1427496	3	0	0	0
1	3	UID1427497	3	0	0	0
1	3	UID1427498	3	0	0	0
1	3	UID1427499	3	0	0	0
2	4	UID1427507	3	1	1	1
1	3	UID1427510	3	0	0	0
1	3	UID1427511	3	0	0	0
1	3	UID1427513	3	0	0	0
1	3	UID1427514	3	0	0	0
1	3	UID1427520	3	0	0	0
1	3	UID1427521	3	0	0	0
1	3	UID1427524	3	0	0	0
1	3	UID1427528	3	0	0	0
1	3	UID1427531	3	0	0	0
1	3	UID1427540	3	0	0	0
1	3	UID1427548	3	0	0	0
1	3	UID1427549	3	0	0	0
1	3	UID1427551	3	0	0	0
1	3	UID1427552	3	0	0	0
1	3	UID1427559	3	0	0	0
1	3	UID1427561	3	0	0	0
1	3	UID1427569	3	0	0	0
1	3	UID1427579	3	0	0	0
1	3	UID1427582	3	0	0	0
1	3	UID1427583	3	0	0	0
1	3	UID1427587	3	0	0	0
1	3	UID1427591	3	0	0	0
1	3	UID1427595	3	0	0	0
1	3	UID1427597	3	0	0	0
1	3	UID1427620	3	0	0	0
1	3	UID1427622	3	0	0	0
1	3	UID1427624	3	0	0	0
1	3	UID1427626	3	0	0	0
1	3	UID1427631	3	0	0	0
1	3	UID1427635	3	0	0	0
2	4	UID1427637	3	1	1	1
1	3	UID1427639	3	0	0	0
1	3	UID1427645	3	0	0	0
1	3	UID1427647	3	0	0	0
1	3	UID1427648	3	0	0	0
1	3	UID1427657	3	0	0	0
1	3	UID1427658	3	0	0	0
1	3	UID1427666	3	0	0	0
1	3	UID1427667	3	0	0	0
1	3	UID1427668	3	0	0	0
1	3	UID1427672	3	0	0	0
1	3	UID1427673	3	0	0	0
2	4	UID1427678	3	1	1	1
1	3	UID1427679	3	0	0	0
1	3	UID1427680	3	0	0	0
1	3	UID1427684	3	0	0	0
1	3	UID1427688	3	0	0	0
1	3	UID1427693	3	0	0	0
1	3	UID1427694	3	0	0	0
1	3	UID1427695	3	0	0	0
1	3	UID1427698	3	0	0	0
1	3	UID1427706	3	0	0	0
1	3	UID1427708	3	0	0	0
1	3	UID1427712	3	0	0	0
1	3	UID1427714	3	0	0	0
1	3	UID1427717	3	0	0	0
1	3	UID1427719	3	0	0	0
2	4	UID1427723	3	1	1	1
1	3	UID1427726	3	0	0	0
1	3	UID1427728	3	0	0	0
1	3	UID1427732	3	0	0	0
1	3	UID1427734	3	0	0	0
1	3	UID1427743	3	0	0	0
1	3	UID1427744	3	0	0	0
1	3	UID1427749	3	0	0	0
1	3	UID1427750	3	0	0	0
1	3	UID1427752	3	0	0	0
1	3	UID1427753	3	0	0	0
1	3	UID1427754	3	0	0	0
1	3	UID1427755	3	0	0	0
1	3	UID1427758	3	0	0	0
1	3	UID1427760	3	0	0	0
1	3	UID1427765	3	0	0	0
1	3	UID1427767	3	0	0	0
1	3	UID1427770	3	0	0	0
1	3	UID1427771	3	0	0	0
1	3	UID1427775	3	0	0	0
1	3	UID1427777	3	0	0	0
1	3	UID1427781	3	0	0	0
1	3	UID1427782	3	0	0	0
1	3	UID1427784	3	0	0	0
3	5	UID1427785	3	2	1	1
1	3	UID1427786	3	0	0	0
1	3	UID1427787	3	0	0	0
1	3	UID1427791	3	0	0	0
1	3	UID1427794	3	0	0	0
1	3	UID1427796	3	0	0	0
1	3	UID1427797	3	0	0	0
1	3	UID1427800	3	0	0	0
1	3	UID1427803	3	0	0	0
1	3	UID1427805	3	0	0	0
1	3	UID1427811	3	0	0	0
1	3	UID1427812	3	0	0	0
1	3	UID1427826	3	0	0	0
1	3	UID1427827	3	0	0	0
1	3	UID1427831	3	0	0	0
1	3	UID1427835	3	0	0	0
1	3	UID1427836	3	0	0	0
2	4	UID1427837	3	1	0	0
1	3	UID1427842	3	0	0	0
1	3	UID1427845	3	0	0	0
1	3	UID1427848	3	0	0	0
1	3	UID1427858	3	0	0	0
1	3	UID1427859	3	0	0	0
1	3	UID1427860	3	0	0	0
2	4	UID1427862	3	1	1	1
1	3	UID1427863	3	0	0	0
1	3	UID1427866	3	0	0	0
1	3	UID1427867	3	0	0	0
1	3	UID1427868	3	0	0	0
1	3	UID631389	3	0	0	0
1	2	UID1427872	2	0	0	0
1	2	UID1427880	2	0	0	0
2	3	UID1427915	2	1	1	1
1	2	UID1427917	2	0	0	0
1	2	UID1427930	2	0	0	0
1	2	UID1427936	2	0	0	0
1	2	UID1427940	2	0	0	0
1	2	UID1427952	2	0	0	0
1	2	UID1427971	2	0	0	0
1	2	UID1428010	2	0	0	0
1	2	UID1428012	2	0	0	0
1	2	UID1428018	2	0	0	0
1	2	UID1428038	2	0	0	0
1	2	UID1428081	2	0	0	0
1	2	UID1428095	2	0	0	0
1	2	UID1428097	2	0	0	0
1	2	UID1428098	2	0	0	0
1	2	UID1428107	2	0	0	0
1	2	UID1428111	2	0	0	0
2	3	UID1428112	2	1	1	1
1	2	UID1428123	2	0	0	0
1	2	UID1428135	2	0	0	0
1	2	UID1428175	2	0	0	0
1	2	UID1428195	2	0	0	0
1	2	UID1428200	2	0	0	0
1	2	UID1428246	2	0	0	0
2	3	UID1428258	2	1	1	1
1	2	UID1428262	2	0	0	0
2	3	UID1428271	2	1	1	1
1	2	UID1428335	2	0	0	0
1	2	UID1428481	2	0	0	0
1	2	UID1428513	2	0	0	0
2	3	UID1428530	2	1	1	1
2	4	UID1428558	2	0	1	1
1	2	UID1428586	2	0	0	0
1	2	UID1428616	2	0	0	0
1	2	UID1428680	2	0	0	0
2	3	UID1428694	2	1	1	1
1	2	UID1428864	2	0	0	0
1	2	UID1428892	2	0	0	0
1	2	UID1428907	2	0	0	0
2	3	UID1428918	2	1	1	1
2	3	UID1428935	2	1	1	1
2	3	UID1428938	2	1	1	1
2	3	UID1428972	2	1	1	1
2	3	UID1429000	2	1	1	1
1	2	UID1429030	2	0	0	0
1	2	UID1429065	2	0	0	0
1	2	UID1429101	2	0	0	0
1	2	UID1429103	2	0	0	0
2	3	UID1429123	2	1	1	1
2	3	UID1429285	2	1	1	1
2	3	UID1429286	2	1	1	1
1	2	UID1429288	2	0	0	0
1	2	UID1429309	2	0	0	0
2	3	UID1429335	2	1	1	1
1	2	UID1429367	2	0	0	0
1	2	UID1429373	2	0	0	0
1	2	UID1429394	2	0	0	0
1	2	UID1429418	2	0	0	0
1	2	UID1429419	2	0	0	0
1	2	UID1429441	2	0	0	0
1	2	UID1429504	2	0	0	0
3	4	UID1429517	2	2	1	1
1	2	UID1429525	2	0	0	0
1	2	UID1429539	2	0	0	0
1	2	UID1429548	2	0	0	0
2	3	UID1429561	2	1	1	1
2	3	UID1429577	2	1	1	1
1	2	UID1429601	2	0	0	0
1	2	UID1429630	2	0	0	0
1	2	UID1429661	2	0	0	0
1	2	UID1429662	2	0	0	0
1	2	UID1429690	2	0	0	0
2	3	UID1429691	2	1	1	1
1	2	UID1429764	2	0	0	0
1	2	UID1429789	2	0	0	0
1	2	UID1429805	2	0	0	0
1	2	UID1429815	2	0	0	0
1	2	UID1429848	2	0	0	0
1	2	UID1429874	2	0	0	0
1	2	UID1429877	2	0	0	0
2	3	UID1429878	2	1	1	1
1	2	UID1429889	2	0	0	0
1	2	UID1429895	2	0	0	0
1	2	UID1429940	2	0	0	0
1	2	UID1429971	2	0	0	0
2	3	UID1429998	2	1	1	1
1	2	UID1430026	2	0	0	0
1	2	UID1430029	2	0	0	0
1	2	UID1430033	2	0	0	0
1	2	UID1430047	2	0	0	0
2	3	UID1430065	2	1	1	1
1	2	UID1430105	2	0	0	0
1	2	UID1430125	2	0	0	0
1	2	UID145400	2	0	0	0
1	1	UID1029790	1	1	0	0
1	1	UID1112	1	1	0	0
1	1	UID137918	1	1	0	0
1	1	UID1414764	1	1	0	0
1	1	UID1430135	1	1	0	0
1	1	UID1430136	1	1	0	0
1	1	UID1430137	1	1	0	0
1	1	UID1430138	1	1	0	0
1	1	UID1430140	1	1	0	0
1	1	UID1430141	1	1	0	0
1	1	UID1430142	1	1	0	0
1	1	UID1430143	1	1	0	0
1	1	UID1430163	1	1	0	0
1	1	UID1430171	1	1	0	0
1	1	UID1430180	1	1	0	0
1	1	UID1430182	1	1	0	0
1	1	UID1430189	1	1	0	0
1	1	UID1430203	1	1	0	0
1	1	UID1430240	1	1	0	0
1	1	UID1430254	1	1	0	0
1	1	UID1430260	1	1	0	0
1	1	UID1430261	1	1	0	0
1	1	UID1430286	1	1	0	0
1	1	UID1430287	1	1	0	0
1	1	UID1430288	1	1	0	0
1	1	UID1430291	1	1	0	0
1	1	UID1430292	1	1	0	0
1	1	UID1430293	1	1	0	0
1	1	UID1430294	1	1	0	0
1	1	UID1430295	1	1	0	0
1	1	UID1430296	1	1	0	0
1	1	UID1430297	1	1	0	0
1	1	UID1430300	1	1	0	0
1	1	UID1430302	1	1	0	0
1	1	UID1430303	1	1	0	0
1	1	UID1430304	1	1	0	0
1	1	UID1430305	1	1	0	0
1	1	UID1430307	1	1	0	0
1	1	UID1430308	1	1	0	0
1	1	UID1430309	1	1	0	0
1	1	UID1430312	1	1	0	0
1	1	UID1430314	1	1	0	0
1	1	UID1430317	1	1	0	0
1	1	UID1430321	1	1	0	0
1	1	UID1430323	1	1	0	0
3	3	UID1430324	1	3	2	2
1	1	UID1430332	1	1	0	0
1	1	UID1430334	1	1	0	0
1	1	UID1430335	1	1	0	0
1	1	UID1430336	1	1	0	0
1	1	UID1430338	1	1	0	0
1	1	UID1430339	1	1	0	0
1	1	UID1430342	1	1	0	0
1	1	UID1430376	1	1	0	0
1	1	UID1430407	1	1	0	0
1	1	UID1430411	1	1	0	0
1	1	UID1430415	1	1	0	0
1	1	UID1430418	1	1	0	0
1	1	UID1430421	1	1	0	0
1	1	UID1430422	1	1	0	0
1	1	UID1430424	1	1	0	0
1	1	UID1430429	1	1	0	0
1	1	UID1430436	1	1	0	0
1	1	UID1430437	1	1	0	0
1	1	UID1430439	1	1	0	0
1	1	UID1430440	1	1	0	0
1	1	UID1430442	1	1	0	0
1	1	UID1430443	1	1	0	0
1	1	UID1430449	1	1	0	0
1	1	UID1430452	1	1	0	0
1	1	UID1430460	1	1	0	0
1	1	UID1430472	1	1	0	0
1	1	UID1430473	1	1	0	0
1	1	UID1430478	1	1	0	0
1	1	UID1430488	1	1	0	0
1	1	UID1430490	1	1	0	0
1	1	UID1430497	1	1	0	0
1	1	UID1430500	1	1	0	0
1	1	UID1430504	1	1	0	0
1	1	UID1430533	1	1	0	0
1	1	UID1430582	1	1	0	0
1	1	UID1430587	1	1	0	0
1	1	UID1430592	1	1	0	0
1	1	UID1430605	1	1	0	0
1	1	UID1430609	1	1	0	0
1	1	UID1430610	1	1	0	0
1	1	UID1430618	1	1	0	0
1	1	UID1430631	1	1	0	0
1	1	UID1430646	1	1	0	0
1	1	UID1430647	1	1	0	0
1	1	UID1430648	1	1	0	0
1	1	UID1430649	1	1	0	0
1	1	UID1430654	1	1	0	0
1	1	UID1430660	1	1	0	0
1	1	UID1430679	1	1	0	0
1	1	UID1430694	1	1	0	0
1	1	UID1430705	1	1	0	0
1	1	UID1430732	1	1	0	0
1	1	UID1430738	1	1	0	0
1	1	UID1430739	1	1	0	0
1	1	UID1430745	1	1	0	0
1	1	UID1430751	1	1	0	0
1	1	UID1430752	1	1	0	0
1	1	UID1430753	1	1	0	0
1	1	UID1430755	1	1	0	0
1	1	UID1430758	1	1	0	0
1	1	UID1430762	1	1	0	0
1	1	UID1430763	1	1	0	0
1	1	UID1430764	1	1	0	0
1	1	UID1430765	1	1	0	0
1	1	UID1430766	1	1	0	0
1	1	UID1430767	1	1	0	0
1	1	UID1430768	1	1	0	0
1	1	UID1430769	1	1	0	0
1	1	UID1430770	1	1	0	0
1	1	UID1430771	1	1	0	0
1	1	UID1430774	1	1	0	0
1	1	UID1430775	1	1	0	0
1	1	UID1430776	1	1	0	0
1	1	UID1430777	1	1	0	0
1	1	UID1430779	1	1	0	0
1	1	UID1430780	1	1	0	0
1	1	UID1430781	1	1	0	0
1	1	UID1430782	1	1	0	0
1	1	UID1430786	1	1	0	0
1	1	UID1430787	1	1	0	0
1	1	UID1430790	1	1	0	0
1	1	UID1430792	1	1	0	0
1	1	UID1430796	1	1	0	0
1	1	UID1430800	1	1	0	0
1	1	UID1430801	1	1	0	0
1	1	UID1430804	1	1	0	0
1	1	UID1430808	1	1	0	0
1	1	UID1430814	1	1	0	0
1	1	UID1430825	1	1	0	0
1	1	UID1430837	1	1	0	0
1	1	UID1430841	1	1	0	0
1	1	UID1430864	1	1	0	0
1	1	UID1430878	1	1	0	0
1	1	UID1430896	1	1	0	0
1	1	UID1430903	1	1	0	0
1	1	UID1430925	1	1	0	0
1	1	UID1430947	1	1	0	0
1	1	UID1430952	1	1	0	0
1	1	UID1430984	1	1	0	0
1	1	UID1430996	1	1	0	0
1	1	UID1431000	1	1	0	0
1	1	UID1431003	1	1	0	0
1	1	UID1431010	1	1	0	0
1	1	UID1431012	1	1	0	0
1	1	UID1431013	1	1	0	0
1	1	UID1431014	1	1	0	0
1	1	UID1431019	1	1	0	0
1	1	UID1431022	1	1	0	0
1	1	UID1431024	1	1	0	0
1	1	UID1431025	1	1	0	0
1	1	UID1431027	1	1	0	0
1	1	UID1431028	1	1	0	0
1	1	UID1431030	1	1	0	0
1	1	UID1431045	1	1	0	0
1	1	UID1431048	1	1	0	0
1	1	UID1431050	1	1	0	0
1	1	UID1431053	1	1	0	0
1	1	UID1431054	1	1	0	0
1	1	UID1431056	1	1	0	0
1	1	UID1431057	1	1	0	0
1	1	UID1431059	1	1	0	0
1	1	UID1431061	1	1	0	0
1	1	UID1431063	1	1	0	0
1	1	UID1431070	1	1	0	0
1	1	UID1431080	1	1	0	0
1	1	UID1431081	1	1	0	0
1	1	UID1431084	1	1	0	0
1	1	UID1431088	1	1	0	0
1	1	UID1431089	1	1	0	0
1	1	UID1431092	1	1	0	0
1	1	UID1431094	1	1	0	0
1	1	UID1431095	1	1	0	0
1	1	UID1431096	1	1	0	0
1	1	UID1431112	1	1	0	0
1	1	UID1431113	1	1	0	0
1	1	UID1431114	1	1	0	0
1	1	UID1431117	1	1	0	0
1	1	UID1431120	1	1	0	0
1	1	UID1431121	1	1	0	0
1	1	UID1431127	1	1	0	0
1	1	UID1431128	1	1	0	0
1	1	UID1431130	1	1	0	0
1	1	UID1431131	1	1	0	0
1	1	UID1431133	1	1	0	0
1	1	UID1431134	1	1	0	0
1	1	UID1431135	1	1	0	0
1	1	UID1431136	1	1	0	0
1	1	UID1431141	1	1	0	0
1	1	UID1431142	1	1	0	0
1	1	UID1431148	1	1	0	0
1	1	UID1431150	1	1	0	0
1	1	UID1431151	1	1	0	0
1	1	UID1431152	1	1	0	0
1	1	UID1431213	1	1	0	0
1	1	UID1431216	1	1	0	0
1	1	UID1431217	1	1	0	0
1	1	UID1431220	1	1	0	0
1	1	UID1431221	1	1	0	0
1	1	UID1431222	1	1	0	0
1	1	UID1431223	1	1	0	0
1	1	UID1431225	1	1	0	0
1	1	UID1431226	1	1	0	0
1	1	UID1431227	1	1	0	0
1	1	UID1431228	1	1	0	0
1	1	UID1431229	1	1	0	0
1	1	UID1431236	1	1	0	0
1	1	UID1431243	1	1	0	0
1	1	UID1431247	1	1	0	0
1	1	UID1431248	1	1	0	0
1	1	UID1431250	1	1	0	0
1	1	UID1431258	1	1	0	0
1	1	UID1431264	1	1	0	0
1	1	UID1431281	1	1	0	0
1	1	UID1431292	1	1	0	0
1	1	UID1431333	1	1	0	0
1	1	UID1431337	1	1	0	0
1	1	UID1431338	1	1	0	0
1	1	UID1431339	1	1	0	0
1	1	UID1431342	1	1	0	0
1	1	UID1431354	1	1	0	0
1	1	UID1431357	1	1	0	0
1	1	UID1431364	1	1	0	0
1	1	UID1431365	1	1	0	0
1	1	UID1431371	1	1	0	0
1	1	UID1431372	1	1	0	0
1	1	UID1431380	1	1	0	0
1	1	UID1431386	1	1	0	0
1	1	UID1431403	1	1	0	0
1	1	UID1431418	1	1	0	0
1	1	UID1431419	1	1	0	0
1	1	UID1431433	1	1	0	0
1	1	UID1431435	1	1	0	0
1	1	UID1431438	1	1	0	0
1	1	UID1431439	1	1	0	0
1	1	UID1431440	1	1	0	0
1	1	UID1431441	1	1	0	0
1	1	UID1431500	1	1	0	0
1	1	UID1431503	1	1	0	0
1	1	UID1431509	1	1	0	0
1	1	UID1431512	1	1	0	0
1	1	UID1431517	1	1	0	0
1	1	UID1431524	1	1	0	0
1	1	UID1431530	1	1	0	0
1	1	UID1431544	1	1	0	0
1	1	UID1431546	1	1	0	0
1	1	UID1431548	1	1	0	0
1	1	UID1431549	1	1	0	0
1	1	UID1431551	1	1	0	0
1	1	UID1431564	1	1	0	0
1	1	UID1431587	1	1	0	0
1	1	UID1431597	1	1	0	0
1	1	UID1431598	1	1	0	0
1	1	UID1431600	1	1	0	0
1	1	UID1431609	1	1	0	0
1	1	UID1431614	1	1	0	0
1	1	UID1431620	1	1	0	0
1	1	UID1431621	1	1	0	0
1	1	UID1431623	1	1	0	0
1	1	UID1431631	1	1	0	0
1	1	UID1431635	1	1	0	0
1	1	UID1431646	1	1	0	0
1	1	UID1431650	1	1	0	0
1	1	UID1431651	1	1	0	0
1	1	UID1431652	1	1	0	0
1	1	UID1431656	1	1	0	0
1	1	UID1431657	1	1	0	0
1	1	UID1431682	1	1	0	0
1	1	UID1431701	1	1	0	0
1	1	UID1431721	1	1	0	0
1	1	UID1431723	1	1	0	0
1	1	UID1431730	1	1	0	0
1	1	UID1431737	1	1	0	0
1	1	UID1431738	1	1	0	0
1	1	UID1431739	1	1	0	0
1	1	UID1431740	1	1	0	0
1	1	UID1431744	1	1	0	0
1	1	UID1431747	1	1	0	0
1	1	UID1431748	1	1	0	0
1	1	UID1431753	1	1	0	0
1	1	UID1431755	1	1	0	0
1	1	UID1431760	1	1	0	0
1	1	UID1431765	1	1	0	0
1	1	UID1431766	1	1	0	0
1	1	UID1431770	1	1	0	0
1	1	UID1431790	1	1	0	0
1	1	UID1431797	1	1	0	0
1	1	UID1431806	1	1	0	0
1	1	UID1431807	1	1	0	0
1	1	UID1431810	1	1	0	0
1	1	UID1431811	1	1	0	0
1	1	UID1431812	1	1	0	0
1	1	UID1431814	1	1	0	0
1	1	UID1431815	1	1	0	0
1	1	UID1431816	1	1	0	0
1	1	UID1431818	1	1	0	0
1	1	UID1431823	1	1	0	0
1	1	UID1431834	1	1	0	0
1	1	UID1431836	1	1	0	0
1	1	UID1431837	1	1	0	0
1	1	UID1431846	1	1	0	0
1	1	UID1431885	1	1	0	0
1	1	UID1431889	1	1	0	0
1	1	UID1431893	1	1	0	0
1	1	UID1431895	1	1	0	0
1	1	UID1431896	1	1	0	0
1	1	UID1431901	1	1	0	0
1	1	UID1431902	1	1	0	0
1	1	UID1431903	1	1	0	0
1	1	UID1431905	1	1	0	0
1	1	UID1431912	1	1	0	0
1	1	UID1431915	1	1	0	0
1	1	UID1431921	1	1	0	0
1	1	UID1431942	1	1	0	0
1	1	UID1431950	1	1	0	0
1	1	UID1431953	1	1	0	0
1	1	UID1431956	1	1	0	0
1	1	UID1431959	1	1	0	0
1	1	UID1431967	1	1	0	0
1	1	UID1431974	1	1	0	0
1	1	UID1432015	1	1	0	0
1	1	UID1432017	1	1	0	0
1	1	UID1432023	1	1	0	0
1	1	UID1432039	1	1	0	0
1	1	UID1432040	1	1	0	0
1	1	UID1432043	1	1	0	0
1	1	UID1432053	1	1	0	0
1	1	UID1432056	1	1	0	0
1	1	UID1432058	1	1	0	0
1	1	UID1432059	1	1	0	0
1	1	UID1432060	1	1	0	0
1	1	UID1432061	1	1	0	0
1	1	UID1432068	1	1	0	0
1	1	UID1432070	1	1	0	0
1	1	UID1432073	1	1	0	0
1	1	UID1432075	1	1	0	0
1	1	UID1432076	1	1	0	0
1	1	UID1432077	1	1	0	0
1	1	UID1432078	1	1	0	0
1	1	UID1432085	1	1	0	0
1	1	UID1432092	1	1	0	0
1	1	UID1432095	1	1	0	0
3	3	UID1432103	1	3	1	1
1	1	UID1432109	1	1	0	0
1	1	UID1432116	1	1	0	0
1	1	UID1432139	1	1	0	0
1	1	UID1432156	1	1	0	0
1	1	UID1432162	1	1	0	0
1	1	UID1432163	1	1	0	0
1	1	UID1432165	1	1	0	0
1	1	UID1432166	1	1	0	0
1	1	UID1432181	1	1	0	0
1	1	UID1432185	1	1	0	0
1	1	UID1432191	1	1	0	0
1	1	UID1432192	1	1	0	0
1	1	UID1432196	1	1	0	0
1	1	UID1432202	1	1	0	0
1	1	UID1432209	1	1	0	0
1	1	UID1432210	1	1	0	0
1	1	UID1432213	1	1	0	0
1	1	UID1432215	1	1	0	0
1	1	UID1432218	1	1	0	0
1	1	UID1432219	1	1	0	0
1	1	UID1432225	1	1	0	0
1	1	UID1432236	1	1	0	0
1	1	UID1432238	1	1	0	0
1	1	UID1432240	1	1	0	0
1	1	UID1432254	1	1	0	0
1	1	UID1432286	1	1	0	0
1	1	UID1432292	1	1	0	0
1	1	UID1432295	1	1	0	0
1	1	UID1432315	1	1	0	0
1	1	UID1432316	1	1	0	0
1	1	UID1432344	1	1	0	0
1	1	UID1432347	1	1	0	0
1	1	UID1432374	1	1	0	0
1	1	UID1432379	1	1	0	0
1	1	UID1432395	1	1	0	0
1	1	UID1432405	1	1	0	0
1	1	UID1432408	1	1	0	0
1	1	UID1432415	1	1	0	0
1	1	UID1432420	1	1	0	0
1	1	UID1432428	1	1	0	0
1	1	UID1432433	1	1	0	0
1	1	UID1432439	1	1	0	0
1	1	UID1432449	1	1	0	0
1	1	UID1432450	1	1	0	0
1	1	UID1432455	1	1	0	0
1	1	UID1432456	1	1	0	0
2	2	UID1432457	1	2	1	1
1	1	UID1432475	1	1	0	0
1	1	UID1432478	1	1	0	0
1	1	UID1432483	1	1	0	0
1	1	UID1432487	1	1	0	0
1	1	UID1432516	1	1	0	0
1	1	UID1432517	1	1	0	0
1	1	UID1432520	1	1	0	0
1	1	UID1432541	1	1	0	0
1	1	UID1432558	1	1	0	0
1	1	UID1432562	1	1	0	0
1	1	UID1432567	1	1	0	0
1	1	UID1432571	1	1	0	0
1	1	UID1432579	1	1	0	0
1	1	UID1432586	1	1	0	0
1	1	UID1432590	1	1	0	0
1	1	UID1432604	1	1	0	0
1	1	UID1432605	1	1	0	0
1	1	UID1432620	1	1	0	0
1	1	UID1432681	1	1	0	0
1	1	UID1432694	1	1	0	0
1	1	UID1432695	1	1	0	0
1	1	UID1432704	1	1	0	0
1	1	UID1432705	1	1	0	0
1	1	UID1432707	1	1	0	0
1	1	UID1432709	1	1	0	0
1	1	UID1432710	1	1	0	0
1	1	UID1432711	1	1	0	0
1	1	UID1432712	1	1	0	0
1	1	UID1432713	1	1	0	0
1	1	UID1432716	1	1	0	0
1	1	UID1432723	1	1	0	0
1	1	UID1432726	1	1	0	0
1	1	UID1432727	1	1	0	0
1	1	UID1432728	1	1	0	0
1	1	UID1432729	1	1	0	0
1	1	UID1432731	1	1	0	0
1	1	UID1432735	1	1	0	0
1	1	UID1432738	1	1	0	0
1	1	UID1432739	1	1	0	0
1	1	UID1432744	1	1	0	0
1	1	UID1432751	1	1	0	0
1	1	UID1432752	1	1	0	0
1	1	UID1432754	1	1	0	0
1	1	UID1432755	1	1	0	0
1	1	UID1432756	1	1	0	0
1	1	UID1432763	1	1	0	0
1	1	UID1432764	1	1	0	0
1	1	UID1432765	1	1	0	0
1	1	UID1432767	1	1	0	0
1	1	UID1432773	1	1	0	0
1	1	UID1432776	1	1	0	0
1	1	UID1432780	1	1	0	0
1	1	UID1432781	1	1	0	0
1	1	UID1432782	1	1	0	0
1	1	UID1432783	1	1	0	0
1	1	UID1432784	1	1	0	0
1	1	UID1432785	1	1	0	0
1	1	UID1432787	1	1	0	0
1	1	UID1432793	1	1	0	0
1	1	UID1432794	1	1	0	0
1	1	UID1432797	1	1	0	0
1	1	UID1432799	1	1	0	0
1	1	UID1432801	1	1	0	0
1	1	UID1432812	1	1	0	0
1	1	UID1432813	1	1	0	0
1	1	UID1432814	1	1	0	0
1	1	UID1432817	1	1	0	0
1	1	UID1432819	1	1	0	0
1	1	UID1432820	1	1	0	0
1	1	UID1432824	1	1	0	0
1	1	UID1432826	1	1	0	0
1	1	UID1432832	1	1	0	0
1	1	UID1432833	1	1	0	0
1	1	UID1432835	1	1	0	0
1	1	UID1432839	1	1	0	0
1	1	UID1432840	1	1	0	0
1	1	UID1432841	1	1	0	0
1	1	UID1432843	1	1	0	0
1	1	UID1432846	1	1	0	0
1	1	UID1432847	1	1	0	0
1	1	UID1432848	1	1	0	0
1	1	UID1432849	1	1	0	0
1	1	UID1432851	1	1	0	0
1	1	UID1432853	1	1	0	0
1	1	UID1432861	1	1	0	0
1	1	UID1432870	1	1	0	0
1	1	UID1432874	1	1	0	0
1	1	UID1432897	1	1	0	0
1	1	UID1432904	1	1	0	0
1	1	UID1432908	1	1	0	0
1	1	UID1432909	1	1	0	0
1	1	UID1432914	1	1	0	0
1	1	UID1432917	1	1	0	0
1	1	UID1432918	1	1	0	0
1	1	UID1432919	1	1	0	0
1	1	UID1432922	1	1	0	0
1	1	UID1432924	1	1	0	0
1	1	UID1432926	1	1	0	0
1	1	UID1432933	1	1	0	0
1	1	UID1432939	1	1	0	0
1	1	UID1432941	1	1	0	0
1	1	UID1432943	1	1	0	0
1	1	UID1432953	1	1	0	0
1	1	UID1432977	1	1	0	0
1	1	UID1432992	1	1	0	0
1	1	UID1433005	1	1	0	0
1	1	UID1433015	1	1	0	0
1	1	UID1433016	1	1	0	0
1	1	UID1433022	1	1	0	0
1	1	UID1433024	1	1	0	0
1	1	UID1433026	1	1	0	0
1	1	UID1433029	1	1	0	0
1	1	UID1433044	1	1	0	0
1	1	UID1433046	1	1	0	0
1	1	UID1433050	1	1	0	0
1	1	UID1433051	1	1	0	0
1	1	UID1433053	1	1	0	0
1	1	UID1433056	1	1	0	0
1	1	UID1433063	1	1	0	0
1	1	UID1433065	1	1	0	0
1	1	UID1433071	1	1	0	0
1	1	UID1433080	1	1	0	0
1	1	UID1433116	1	1	0	0
1	1	UID1433131	1	1	0	0
1	1	UID1433146	1	1	0	0
1	1	UID1433154	1	1	0	0
1	1	UID1433161	1	1	0	0
1	1	UID1433178	1	1	0	0
1	1	UID1433180	1	1	0	0
1	1	UID1433183	1	1	0	0
1	1	UID1433192	1	1	0	0
1	1	UID1433203	1	1	0	0
1	1	UID1433205	1	1	0	0
1	1	UID1433206	1	1	0	0
1	1	UID1433239	1	1	0	0
1	1	UID1433244	1	1	0	0
1	1	UID1433245	1	1	0	0
1	1	UID1433246	1	1	0	0
1	1	UID1433249	1	1	0	0
1	1	UID1433252	1	1	0	0
1	1	UID1433253	1	1	0	0
1	1	UID1433254	1	1	0	0
1	1	UID1433256	1	1	0	0
1	1	UID1433262	1	1	0	0
1	1	UID1433265	1	1	0	0
1	1	UID1433273	1	1	0	0
1	1	UID1433275	1	1	0	0
1	1	UID1433280	1	1	0	0
1	1	UID1433289	1	1	0	0
1	1	UID1433291	1	1	0	0
1	1	UID1433306	1	1	0	0
1	1	UID1433318	1	1	0	0
1	1	UID1433319	1	1	0	0
1	1	UID1433332	1	1	0	0
1	1	UID1433339	1	1	0	0
1	1	UID1433340	1	1	0	0
1	1	UID1433346	1	1	0	0
1	1	UID1433347	1	1	0	0
1	1	UID1433348	1	1	0	0
1	1	UID1433350	1	1	0	0
1	1	UID1433352	1	1	0	0
1	1	UID1433353	1	1	0	0
1	1	UID1433359	1	1	0	0
1	1	UID1433361	1	1	0	0
1	1	UID1433362	1	1	0	0
1	1	UID1433369	1	1	0	0
1	1	UID1433380	1	1	0	0
1	1	UID1433385	1	1	0	0
1	1	UID1433388	1	1	0	0
1	1	UID1433407	1	1	0	0
1	1	UID1433409	1	1	0	0
1	1	UID1433416	1	1	0	0
1	1	UID1433417	1	1	0	0
1	1	UID1433419	1	1	0	0
1	1	UID1433420	1	1	0	0
1	1	UID1433423	1	1	0	0
1	1	UID1433430	1	1	0	0
1	1	UID1433438	1	1	0	0
1	1	UID1433461	1	1	0	0
1	1	UID1433469	1	1	0	0
1	1	UID1433473	1	1	0	0
1	1	UID1433477	1	1	0	0
1	1	UID1433481	1	1	0	0
1	1	UID1433483	1	1	0	0
1	1	UID1433484	1	1	0	0
1	1	UID1433485	1	1	0	0
1	1	UID1433487	1	1	0	0
1	1	UID1433489	1	1	0	0
1	1	UID1433491	1	1	0	0
1	1	UID1433496	1	1	0	0
1	1	UID1433498	1	1	0	0
1	1	UID1433500	1	1	0	0
1	1	UID1433504	1	1	0	0
1	1	UID1433505	1	1	0	0
1	1	UID1433507	1	1	0	0
1	1	UID1433512	1	1	0	0
1	1	UID1433513	1	1	0	0
1	1	UID1433515	1	1	0	0
1	1	UID1433548	1	1	0	0
1	1	UID1433551	1	1	0	0
1	1	UID1433564	1	1	0	0
1	1	UID1433565	1	1	0	0
1	1	UID1433566	1	1	0	0
1	1	UID1433568	1	1	0	0
1	1	UID1433571	1	1	0	0
1	1	UID1433576	1	1	0	0
1	1	UID1433581	1	1	0	0
1	1	UID1433582	1	1	0	0
1	1	UID1433586	1	1	0	0
1	1	UID1433587	1	1	0	0
1	1	UID1433589	1	1	0	0
1	1	UID1433606	1	1	0	0
1	1	UID1433608	1	1	0	0
1	1	UID1433626	1	1	0	0
1	1	UID1433630	1	1	0	0
1	1	UID1433631	1	1	0	0
1	1	UID1433639	1	1	0	0
1	1	UID1433659	1	1	0	0
1	1	UID1433660	1	1	0	0
1	1	UID1433669	1	1	0	0
1	1	UID1433671	1	1	0	0
1	1	UID1433673	1	1	0	0
1	1	UID1433678	1	1	0	0
1	1	UID1433683	1	1	0	0
1	1	UID1433686	1	1	0	0
1	1	UID1433687	1	1	0	0
1	1	UID1433689	1	1	0	0
1	1	UID1433694	1	1	0	0
1	1	UID1433698	1	1	0	0
1	1	UID1433700	1	1	0	0
1	1	UID1433702	1	1	0	0
1	1	UID1433703	1	1	0	0
1	1	UID1433705	1	1	0	0
1	1	UID1433708	1	1	0	0
1	1	UID1433711	1	1	0	0
1	1	UID1433713	1	1	0	0
1	1	UID1433729	1	1	0	0
1	1	UID1433737	1	1	0	0
1	1	UID1433743	1	1	0	0
1	1	UID1433745	1	1	0	0
1	1	UID1433748	1	1	0	0
1	1	UID1433753	1	1	0	0
1	1	UID1433766	1	1	0	0
1	1	UID1433808	1	1	0	0
1	1	UID1433811	1	1	0	0
1	1	UID1433815	1	1	0	0
1	1	UID1433818	1	1	0	0
1	1	UID1433825	1	1	0	0
1	1	UID1433837	1	1	0	0
1	1	UID1433843	1	1	0	0
1	1	UID1433849	1	1	0	0
1	1	UID1433852	1	1	0	0
1	1	UID1433854	1	1	0	0
1	1	UID1433855	1	1	0	0
1	1	UID1433856	1	1	0	0
1	1	UID1433861	1	1	0	0
1	1	UID1433911	1	1	0	0
1	1	UID1433915	1	1	0	0
1	1	UID1433927	1	1	0	0
1	1	UID1433930	1	1	0	0
1	1	UID1433935	1	1	0	0
1	1	UID1433937	1	1	0	0
1	1	UID1433947	1	1	0	0
1	1	UID1433954	1	1	0	0
1	1	UID1433994	1	1	0	0
1	1	UID1434014	1	1	0	0
1	1	UID1434016	1	1	0	0
1	1	UID1434020	1	1	0	0
1	1	UID1434024	1	1	0	0
1	1	UID1434037	1	1	0	0
1	1	UID1434040	1	1	0	0
1	1	UID1434048	1	1	0	0
1	1	UID1434051	1	1	0	0
1	1	UID1434082	1	1	0	0
1	1	UID1434094	1	1	0	0
1	1	UID1434096	1	1	0	0
1	1	UID1434105	1	1	0	0
1	1	UID1434108	1	1	0	0
1	1	UID1434113	1	1	0	0
1	1	UID1434116	1	1	0	0
1	1	UID1434117	1	1	0	0
1	1	UID1434121	1	1	0	0
1	1	UID1434124	1	1	0	0
1	1	UID1434126	1	1	0	0
1	1	UID1434139	1	1	0	0
1	1	UID1434151	1	1	0	0
1	1	UID1434155	1	1	0	0
1	1	UID1434168	1	1	0	0
1	1	UID1434177	1	1	0	0
1	1	UID1434220	1	1	0	0
1	1	UID1434227	1	1	0	0
1	1	UID1434238	1	1	0	0
1	1	UID1434240	1	1	0	0
1	1	UID1434252	1	1	0	0
1	1	UID1434258	1	1	0	0
1	1	UID1434262	1	1	0	0
1	1	UID1434263	1	1	0	0
1	1	UID1434264	1	1	0	0
1	1	UID1434277	1	1	0	0
1	1	UID1434291	1	1	0	0
1	1	UID1434300	1	1	0	0
1	1	UID1434308	1	1	0	0
1	1	UID1434310	1	1	0	0
1	1	UID1434319	1	1	0	0
1	1	UID1434320	1	1	0	0
1	1	UID1434321	1	1	0	0
1	1	UID1434322	1	1	0	0
1	1	UID1434323	1	1	0	0
1	1	UID1434324	1	1	0	0
1	1	UID1434330	1	1	0	0
1	1	UID1434332	1	1	0	0
1	1	UID1434333	1	1	0	0
1	1	UID1434338	1	1	0	0
1	1	UID1434340	1	1	0	0
1	1	UID1434341	1	1	0	0
1	1	UID1434361	1	1	0	0
1	1	UID1434363	1	1	0	0
1	1	UID1434365	1	1	0	0
1	1	UID1434369	1	1	0	0
1	1	UID1434372	1	1	0	0
1	1	UID1434375	1	1	0	0
1	1	UID1434377	1	1	0	0
1	1	UID1434379	1	1	0	0
1	1	UID1434399	1	1	0	0
1	1	UID1434405	1	1	0	0
1	1	UID1434409	1	1	0	0
1	1	UID1434410	1	1	0	0
1	1	UID1434413	1	1	0	0
1	1	UID1434417	1	1	0	0
1	1	UID1434422	1	1	0	0
1	1	UID1434446	1	1	0	0
1	1	UID1434450	1	1	0	0
1	1	UID1434451	1	1	0	0
1	1	UID1434453	1	1	0	0
1	1	UID1434455	1	1	0	0
1	1	UID1434459	1	1	0	0
1	1	UID1434461	1	1	0	0
1	1	UID1434479	1	1	0	0
1	1	UID1434481	1	1	0	0
1	1	UID1434494	1	1	0	0
1	1	UID1434495	1	1	0	0
1	1	UID1434558	1	1	0	0
1	1	UID1434590	1	1	0	0
1	1	UID1434596	1	1	0	0
1	1	UID1434602	1	1	0	0
1	1	UID1434608	1	1	0	0
1	1	UID1434609	1	1	0	0
1	1	UID1434613	1	1	0	0
1	1	UID1434617	1	1	0	0
1	1	UID1434620	1	1	0	0
1	1	UID1434631	1	1	0	0
1	1	UID1434636	1	1	0	0
1	1	UID1434644	1	1	0	0
1	1	UID1434655	1	1	0	0
1	1	UID1434668	1	1	0	0
1	1	UID1434687	1	1	0	0
1	1	UID1434696	1	1	0	0
1	1	UID1434700	1	1	0	0
1	1	UID1434702	1	1	0	0
1	1	UID1434708	1	1	0	0
1	1	UID1434717	1	1	0	0
1	1	UID1434720	1	1	0	0
1	1	UID1434760	1	1	0	0
1	1	UID1434780	1	1	0	0
1	1	UID1434792	1	1	0	0
1	1	UID1434797	1	1	0	0
1	1	UID1434801	1	1	0	0
1	1	UID1434806	1	1	0	0
1	1	UID1434809	1	1	0	0
1	1	UID1434810	1	1	0	0
1	1	UID1434821	1	1	0	0
1	1	UID1434825	1	1	0	0
1	1	UID1434840	1	1	0	0
1	1	UID1434869	1	1	0	0
1	1	UID1434876	1	1	0	0
1	1	UID1434888	1	1	0	0
1	1	UID1434918	1	1	0	0
1	1	UID1434926	1	1	0	0
1	1	UID1434956	1	1	0	0
1	1	UID1435029	1	1	0	0
1	1	UID1435053	1	1	0	0
1	1	UID1435054	1	1	0	0
1	1	UID1435060	1	1	0	0
1	1	UID1435098	1	1	0	0
1	1	UID1435114	1	1	0	0
1	1	UID1435117	1	1	0	0
1	1	UID1435120	1	1	0	0
1	1	UID1435136	1	1	0	0
1	1	UID1435141	1	1	0	0
1	1	UID1435170	1	1	0	0
1	1	UID1435171	1	1	0	0
1	1	UID1435180	1	1	0	0
1	1	UID1435182	1	1	0	0
1	1	UID1435187	1	1	0	0
1	1	UID1435188	1	1	0	0
1	1	UID1435192	1	1	0	0
1	1	UID1435193	1	1	0	0
1	1	UID1435217	1	1	0	0
1	1	UID1435226	1	1	0	0
1	1	UID1435228	1	1	0	0
1	1	UID1435242	1	1	0	0
1	1	UID1435243	1	1	0	0
1	1	UID1435246	1	1	0	0
1	1	UID1435249	1	1	0	0
1	1	UID1435256	1	1	0	0
1	1	UID1435268	1	1	0	0
1	1	UID1435279	1	1	0	0
1	1	UID1435287	1	1	0	0
1	1	UID1435303	1	1	0	0
1	1	UID1435326	1	1	0	0
1	1	UID1435345	1	1	0	0
1	1	UID1435347	1	1	0	0
1	1	UID1435363	1	1	0	0
1	1	UID1435365	1	1	0	0
1	1	UID1435367	1	1	0	0
1	1	UID1435376	1	1	0	0
1	1	UID1435377	1	1	0	0
1	1	UID1435382	1	1	0	0
1	1	UID1435384	1	1	0	0
1	1	UID1435400	1	1	0	0
1	1	UID1435405	1	1	0	0
1	1	UID1435408	1	1	0	0
1	1	UID1435424	1	1	0	0
1	1	UID1435425	1	1	0	0
1	1	UID1435449	1	1	0	0
1	1	UID1435450	1	1	0	0
1	1	UID1435452	1	1	0	0
1	1	UID1435457	1	1	0	0
1	1	UID1435461	1	1	0	0
1	1	UID1435468	1	1	0	0
1	1	UID1435469	1	1	0	0
1	1	UID1435470	1	1	0	0
1	1	UID1435474	1	1	0	0
1	1	UID1435481	1	1	0	0
1	1	UID1435484	1	1	0	0
1	1	UID1435508	1	1	0	0
1	1	UID1435536	1	1	0	0
1	1	UID1435548	1	1	0	0
1	1	UID1435551	1	1	0	0
1	1	UID1435554	1	1	0	0
1	1	UID1435560	1	1	0	0
1	1	UID1435562	1	1	0	0
1	1	UID1435565	1	1	0	0
1	1	UID1435574	1	1	0	0
1	1	UID1435602	1	1	0	0
1	1	UID1435618	1	1	0	0
1	1	UID1435620	1	1	0	0
1	1	UID1435623	1	1	0	0
1	1	UID1435636	1	1	0	0
1	1	UID1435644	1	1	0	0
1	1	UID1435645	1	1	0	0
1	1	UID1435668	1	1	0	0
1	1	UID1435670	1	1	0	0
1	1	UID1435673	1	1	0	0
1	1	UID1435680	1	1	0	0
1	1	UID1435693	1	1	0	0
1	1	UID1435718	1	1	0	0
1	1	UID1435745	1	1	0	0
1	1	UID1435749	1	1	0	0
1	1	UID1435781	1	1	0	0
1	1	UID1435788	1	1	0	0
1	1	UID1435795	1	1	0	0
1	1	UID1435798	1	1	0	0
1	1	UID1435801	1	1	0	0
1	1	UID1435802	1	1	0	0
1	1	UID1435849	1	1	0	0
1	1	UID1435876	1	1	0	0
1	1	UID1435896	1	1	0	0
1	1	UID1435915	1	1	0	0
1	1	UID1435916	1	1	0	0
1	1	UID1435917	1	1	0	0
1	1	UID1435930	1	1	0	0
1	1	UID1435936	1	1	0	0
1	1	UID1435948	1	1	0	0
1	1	UID1435952	1	1	0	0
1	1	UID1435966	1	1	0	0
1	1	UID1435970	1	1	0	0
1	1	UID1435973	1	1	0	0
1	1	UID1435977	1	1	0	0
1	1	UID1435996	1	1	0	0
1	1	UID1436031	1	1	0	0
1	1	UID1436032	1	1	0	0
1	1	UID1436057	1	1	0	0
1	1	UID1436079	1	1	0	0
1	1	UID1436080	1	1	0	0
1	1	UID1436091	1	1	0	0
1	1	UID1436102	1	1	0	0
1	1	UID1436103	1	1	0	0
1	1	UID1436107	1	1	0	0
1	1	UID1436109	1	1	0	0
1	1	UID1436110	1	1	0	0
1	1	UID1436115	1	1	0	0
1	1	UID1436116	1	1	0	0
1	1	UID1436124	1	1	0	0
1	1	UID1436127	1	1	0	0
1	1	UID1436131	1	1	0	0
1	1	UID1436134	1	1	0	0
1	1	UID1436146	1	1	0	0
1	1	UID1436147	1	1	0	0
1	1	UID1436150	1	1	0	0
1	1	UID1436154	1	1	0	0
1	1	UID1436155	1	1	0	0
1	1	UID1436163	1	1	0	0
1	1	UID1436165	1	1	0	0
1	1	UID1436166	1	1	0	0
1	1	UID1436194	1	1	0	0
1	1	UID1436234	1	1	0	0
1	1	UID1436264	1	1	0	0
1	1	UID1436272	1	1	0	0
1	1	UID1436306	1	1	0	0
1	1	UID1436314	1	1	0	0
1	1	UID1436381	1	1	0	0
1	1	UID1436389	1	1	0	0
1	1	UID1436420	1	1	0	0
1	1	UID1436437	1	1	0	0
1	1	UID1436446	1	1	0	0
1	1	UID1436469	1	1	0	0
1	1	UID1436477	1	1	0	0
1	1	UID1436496	1	1	0	0
1	1	UID1436505	1	1	0	0
1	1	UID1436535	1	1	0	0
1	1	UID1436539	1	1	0	0
1	1	UID1436545	1	1	0	0
1	1	UID1436554	1	1	0	0
1	1	UID1436555	1	1	0	0
1	1	UID1436557	1	1	0	0
1	1	UID1436558	1	1	0	0
1	1	UID1436560	1	1	0	0
1	1	UID1436575	1	1	0	0
1	1	UID1436606	1	1	0	0
1	1	UID1436608	1	1	0	0
1	1	UID1436618	1	1	0	0
1	1	UID1436623	1	1	0	0
1	1	UID1436627	1	1	0	0
1	1	UID1436631	1	1	0	0
1	1	UID1436633	1	1	0	0
1	1	UID1436638	1	1	0	0
1	1	UID1436702	1	1	0	0
1	1	UID1436707	1	1	0	0
1	1	UID1436709	1	1	0	0
1	1	UID1436710	1	1	0	0
1	1	UID1436719	1	1	0	0
1	1	UID1436720	1	1	0	0
1	1	UID1436722	1	1	0	0
1	1	UID1436727	1	1	0	0
1	1	UID1436753	1	1	0	0
1	1	UID1436848	1	1	0	0
1	1	UID1436861	1	1	0	0
1	1	UID1436862	1	1	0	0
1	1	UID1436942	1	1	0	0
1	1	UID1436983	1	1	0	0
1	1	UID1436986	1	1	0	0
1	1	UID1436987	1	1	0	0
1	1	UID1437029	1	1	0	0
1	1	UID1437074	1	1	0	0
1	1	UID1437078	1	1	0	0
1	1	UID1437117	1	1	0	0
1	1	UID1437120	1	1	0	0
1	1	UID1437214	1	1	0	0
1	1	UID1437221	1	1	0	0
1	1	UID1437228	1	1	0	0
1	1	UID1437231	1	1	0	0
1	1	UID1437233	1	1	0	0
1	1	UID1437234	1	1	0	0
1	1	UID1437236	1	1	0	0
1	1	UID1437242	1	1	0	0
1	1	UID1437245	1	1	0	0
1	1	UID1437246	1	1	0	0
1	1	UID1437260	1	1	0	0
1	1	UID1437278	1	1	0	0
1	1	UID1437283	1	1	0	0
1	1	UID1437328	1	1	0	0
1	1	UID1437342	1	1	0	0
1	1	UID1437397	1	1	0	0
1	1	UID1437401	1	1	0	0
1	1	UID1437420	1	1	0	0
1	1	UID1437444	1	1	0	0
1	1	UID1437446	1	1	0	0
1	1	UID1437479	1	1	0	0
1	1	UID1437484	1	1	0	0
1	1	UID1437513	1	1	0	0
1	1	UID1437519	1	1	0	0
1	1	UID1437522	1	1	0	0
1	1	UID1437587	1	1	0	0
1	1	UID1437589	1	1	0	0
1	1	UID1437609	1	1	0	0
1	1	UID1437611	1	1	0	0
1	1	UID1437638	1	1	0	0
1	1	UID1437642	1	1	0	0
1	1	UID1437644	1	1	0	0
1	1	UID1437652	1	1	0	0
1	1	UID1437685	1	1	0	0
1	1	UID1437696	1	1	0	0
1	1	UID1437699	1	1	0	0
1	1	UID1437753	1	1	0	0
1	1	UID1437756	1	1	0	0
1	1	UID1437790	1	1	0	0
1	1	UID1437794	1	1	0	0
1	1	UID1437835	1	1	0	0
1	1	UID1437836	1	1	0	0
1	1	UID1437856	1	1	0	0
1	1	UID1437861	1	1	0	0
1	1	UID1437862	1	1	0	0
1	1	UID1437896	1	1	0	0
1	1	UID1437897	1	1	0	0
1	1	UID1437952	1	1	0	0
1	1	UID1437962	1	1	0	0
1	1	UID1437968	1	1	0	0
1	1	UID1437977	1	1	0	0
1	1	UID1437980	1	1	0	0
1	1	UID1438019	1	1	0	0
1	1	UID1438067	1	1	0	0
1	1	UID1438071	1	1	0	0
1	1	UID1438281	1	1	0	0
1	1	UID1438433	1	1	0	0
1	1	UID1438436	1	1	0	0
1	1	UID1438607	1	1	0	0
1	1	UID1438612	1	1	0	0
1	1	UID1438644	1	1	0	0
1	1	UID1438663	1	1	0	0
1	1	UID1438665	1	1	0	0
1	1	UID1438675	1	1	0	0
1	1	UID1438704	1	1	0	0
1	1	UID1438732	1	1	0	0
1	1	UID1438779	1	1	0	0
1	1	UID1438844	1	1	0	0
1	1	UID1438848	1	1	0	0
1	1	UID1438852	1	1	0	0
1	1	UID1438855	1	1	0	0
1	1	UID1438856	1	1	0	0
1	1	UID1438859	1	1	0	0
1	1	UID1438891	1	1	0	0
1	1	UID1438895	1	1	0	0
1	1	UID1438896	1	1	0	0
1	1	UID1438913	1	1	0	0
1	1	UID1438914	1	1	0	0
1	1	UID1438918	1	1	0	0
1	1	UID1438937	1	1	0	0
1	1	UID1438949	1	1	0	0
1	1	UID1438958	1	1	0	0
1	1	UID1438961	1	1	0	0
1	1	UID1438973	1	1	0	0
1	1	UID1438974	1	1	0	0
1	1	UID1438977	1	1	0	0
1	1	UID1438979	1	1	0	0
1	1	UID1438985	1	1	0	0
1	1	UID1439001	1	1	0	0
1	1	UID1439002	1	1	0	0
1	1	UID1439008	1	1	0	0
1	1	UID1439013	1	1	0	0
1	1	UID1439016	1	1	0	0
1	1	UID1439017	1	1	0	0
1	1	UID1439036	1	1	0	0
1	1	UID1439047	1	1	0	0
1	1	UID1439049	1	1	0	0
1	1	UID1439050	1	1	0	0
1	1	UID1439053	1	1	0	0
1	1	UID1439057	1	1	0	0
1	1	UID1439061	1	1	0	0
1	1	UID1439095	1	1	0	0
1	1	UID1439098	1	1	0	0
1	1	UID1439099	1	1	0	0
1	1	UID1439110	1	1	0	0
1	1	UID1439119	1	1	0	0
1	1	UID1439206	1	1	0	0
1	1	UID1439227	1	1	0	0
1	1	UID1439228	1	1	0	0
1	1	UID1439245	1	1	0	0
1	1	UID1439249	1	1	0	0
1	1	UID1439254	1	1	0	0
1	1	UID1439270	1	1	0	0
1	1	UID1439289	1	1	0	0
1	1	UID1439290	1	1	0	0
1	1	UID1439294	1	1	0	0
1	1	UID1439298	1	1	0	0
1	1	UID1439358	1	1	0	0
1	1	UID1439430	1	1	0	0
1	1	UID1439432	1	1	0	0
1	1	UID1439454	1	1	0	0
1	1	UID1439470	1	1	0	0
1	1	UID1439479	1	1	0	0
1	1	UID1439480	1	1	0	0
1	1	UID1439515	1	1	0	0
1	1	UID1439530	1	1	0	0
1	1	UID1439536	1	1	0	0
1	1	UID1439546	1	1	0	0
1	1	UID1439576	1	1	0	0
1	1	UID1439614	1	1	0	0
1	1	UID1439648	1	1	0	0
1	1	UID1439651	1	1	0	0
1	1	UID1439655	1	1	0	0
1	1	UID1439656	1	1	0	0
1	1	UID1439661	1	1	0	0
1	1	UID1439671	1	1	0	0
1	1	UID1439672	1	1	0	0
1	1	UID1439697	1	1	0	0
1	1	UID1439699	1	1	0	0
1	1	UID1439729	1	1	0	0
1	1	UID1439730	1	1	0	0
1	1	UID1439739	1	1	0	0
1	1	UID1439741	1	1	0	0
1	1	UID1439742	1	1	0	0
1	1	UID1439759	1	1	0	0
1	1	UID1439760	1	1	0	0
1	1	UID1439768	1	1	0	0
1	1	UID1439771	1	1	0	0
1	1	UID1439817	1	1	0	0
1	1	UID1439835	1	1	0	0
1	1	UID1439840	1	1	0	0
1	1	UID1439841	1	1	0	0
1	1	UID1439878	1	1	0	0
1	1	UID1439958	1	1	0	0
1	1	UID1439962	1	1	0	0
1	1	UID1439977	1	1	0	0
1	1	UID1439982	1	1	0	0
1	1	UID1440001	1	1	0	0
1	1	UID1440011	1	1	0	0
1	1	UID1440016	1	1	0	0
1	1	UID1440026	1	1	0	0
1	1	UID1440030	1	1	0	0
1	1	UID1440032	1	1	0	0
1	1	UID1440040	1	1	0	0
1	1	UID1440041	1	1	0	0
1	1	UID1440046	1	1	0	0
1	1	UID1440054	1	1	0	0
1	1	UID1440090	1	1	0	0
1	1	UID1440097	1	1	0	0
1	1	UID1440099	1	1	0	0
1	1	UID1440108	1	1	0	0
1	1	UID1440138	1	1	0	0
1	1	UID1440142	1	1	0	0
1	1	UID1440149	1	1	0	0
1	1	UID1440151	1	1	0	0
1	1	UID1440178	1	1	0	0
1	1	UID1440196	1	1	0	0
1	1	UID1440197	1	1	0	0
1	1	UID1440211	1	1	0	0
1	1	UID1440230	1	1	0	0
1	1	UID1440239	1	1	0	0
1	1	UID1440240	1	1	0	0
1	1	UID1440241	1	1	0	0
1	1	UID1440247	1	1	0	0
1	1	UID1440250	1	1	0	0
1	1	UID1440253	1	1	0	0
1	1	UID1440275	1	1	0	0
1	1	UID1440283	1	1	0	0
1	1	UID1440314	1	1	0	0
1	1	UID1440323	1	1	0	0
1	1	UID1440358	1	1	0	0
1	1	UID1440376	1	1	0	0
1	1	UID1440379	1	1	0	0
1	1	UID1440392	1	1	0	0
1	1	UID1440437	1	1	0	0
1	1	UID1440442	1	1	0	0
1	1	UID1440456	1	1	0	0
1	1	UID1440463	1	1	0	0
1	1	UID1440464	1	1	0	0
1	1	UID1440466	1	1	0	0
1	1	UID1440467	1	1	0	0
1	1	UID1440468	1	1	0	0
1	1	UID1440471	1	1	0	0
1	1	UID1440484	1	1	0	0
1	1	UID1440485	1	1	0	0
1	1	UID1440487	1	1	0	0
1	1	UID1440490	1	1	0	0
1	1	UID1440496	1	1	0	0
1	1	UID1440498	1	1	0	0
1	1	UID1440499	1	1	0	0
1	1	UID1440503	1	1	0	0
1	1	UID1440522	1	1	0	0
1	1	UID1440532	1	1	0	0
1	1	UID1440537	1	1	0	0
1	1	UID1440566	1	1	0	0
1	1	UID1440595	1	1	0	0
1	1	UID1440602	1	1	0	0
1	1	UID1440634	1	1	0	0
1	1	UID1440637	1	1	0	0
1	1	UID1440659	1	1	0	0
1	1	UID1440671	1	1	0	0
1	1	UID1440696	1	1	0	0
1	1	UID1440697	1	1	0	0
1	1	UID1440710	1	1	0	0
1	1	UID1440713	1	1	0	0
1	1	UID1440758	1	1	0	0
1	1	UID1440768	1	1	0	0
1	1	UID1440812	1	1	0	0
1	1	UID1440816	1	1	0	0
1	1	UID1440819	1	1	0	0
1	1	UID1440850	1	1	0	0
1	1	UID1440885	1	1	0	0
1	1	UID1440887	1	1	0	0
1	1	UID1440904	1	1	0	0
1	1	UID1440951	1	1	0	0
1	1	UID1440961	1	1	0	0
1	1	UID1440971	1	1	0	0
1	1	UID1440981	1	1	0	0
1	1	UID1440983	1	1	0	0
1	1	UID1440994	1	1	0	0
1	1	UID1440996	1	1	0	0
1	1	UID1441009	1	1	0	0
1	1	UID1441011	1	1	0	0
1	1	UID1441060	1	1	0	0
1	1	UID1441084	1	1	0	0
1	1	UID1441087	1	1	0	0
1	1	UID1441088	1	1	0	0
1	1	UID1441092	1	1	0	0
1	1	UID1441126	1	1	0	0
1	1	UID1441131	1	1	0	0
1	1	UID1441146	1	1	0	0
1	1	UID1441148	1	1	0	0
1	1	UID1441150	1	1	0	0
1	1	UID1441158	1	1	0	0
1	1	UID1441165	1	1	0	0
1	1	UID1441224	1	1	0	0
1	1	UID1441260	1	1	0	0
1	1	UID1441309	1	1	0	0
1	1	UID1441325	1	1	0	0
1	1	UID1441332	1	1	0	0
1	1	UID1441340	1	1	0	0
1	1	UID1441351	1	1	0	0
1	1	UID1441435	1	1	0	0
1	1	UID1441443	1	1	0	0
1	1	UID1441475	1	1	0	0
1	1	UID1441486	1	1	0	0
1	1	UID1441520	1	1	0	0
1	1	UID1441528	1	1	0	0
1	1	UID1441535	1	1	0	0
1	1	UID1441554	1	1	0	0
1	1	UID1441556	1	1	0	0
1	1	UID1441561	1	1	0	0
1	1	UID1441562	1	1	0	0
1	1	UID1441615	1	1	0	0
1	1	UID1441658	1	1	0	0
1	1	UID1441696	1	1	0	0
1	1	UID1441710	1	1	0	0
1	1	UID1441717	1	1	0	0
1	1	UID1441723	1	1	0	0
1	1	UID1441729	1	1	0	0
1	1	UID1441739	1	1	0	0
1	1	UID1441740	1	1	0	0
1	1	UID1441760	1	1	0	0
1	1	UID1441774	1	1	0	0
1	1	UID1441780	1	1	0	0
1	1	UID1441783	1	1	0	0
1	1	UID1441786	1	1	0	0
1	1	UID1441787	1	1	0	0
1	1	UID1441793	1	1	0	0
1	1	UID1441796	1	1	0	0
1	1	UID1441826	1	1	0	0
1	1	UID1441828	1	1	0	0
1	1	UID1441839	1	1	0	0
1	1	UID1441850	1	1	0	0
1	1	UID1441880	1	1	0	0
1	1	UID1441910	1	1	0	0
1	1	UID1441920	1	1	0	0
1	1	UID1441932	1	1	0	0
1	1	UID1441936	1	1	0	0
1	1	UID1441957	1	1	0	0
1	1	UID1441993	1	1	0	0
1	1	UID1441994	1	1	0	0
1	1	UID1442000	1	1	0	0
1	1	UID1442014	1	1	0	0
1	1	UID1442016	1	1	0	0
1	1	UID1442018	1	1	0	0
1	1	UID1442028	1	1	0	0
1	1	UID1442032	1	1	0	0
1	1	UID1442035	1	1	0	0
1	1	UID1442036	1	1	0	0
1	1	UID1442041	1	1	0	0
1	1	UID1442045	1	1	0	0
1	1	UID1442095	1	1	0	0
1	1	UID1442119	1	1	0	0
1	1	UID1442120	1	1	0	0
1	1	UID1442121	1	1	0	0
1	1	UID1442124	1	1	0	0
1	1	UID1442126	1	1	0	0
1	1	UID1442128	1	1	0	0
1	1	UID1442150	1	1	0	0
1	1	UID1442151	1	1	0	0
1	1	UID1442158	1	1	0	0
1	1	UID1442159	1	1	0	0
1	1	UID1442164	1	1	0	0
1	1	UID1442168	1	1	0	0
1	1	UID1442183	1	1	0	0
1	1	UID1442225	1	1	0	0
1	1	UID1442234	1	1	0	0
1	1	UID1442243	1	1	0	0
1	1	UID1442245	1	1	0	0
1	1	UID1442247	1	1	0	0
1	1	UID1442251	1	1	0	0
1	1	UID1442256	1	1	0	0
1	1	UID1442261	1	1	0	0
1	1	UID1442283	1	1	0	0
1	1	UID1442289	1	1	0	0
1	1	UID1442299	1	1	0	0
1	1	UID1442327	1	1	0	0
1	1	UID1442337	1	1	0	0
1	1	UID1442344	1	1	0	0
1	1	UID1442345	1	1	0	0
1	1	UID1442369	1	1	0	0
1	1	UID1442380	1	1	0	0
1	1	UID1442383	1	1	0	0
1	1	UID1442392	1	1	0	0
1	1	UID1442400	1	1	0	0
1	1	UID1442425	1	1	0	0
1	1	UID1442431	1	1	0	0
1	1	UID1442446	1	1	0	0
1	1	UID1442447	1	1	0	0
1	1	UID1442472	1	1	0	0
1	1	UID1442475	1	1	0	0
1	1	UID1442482	1	1	0	0
1	1	UID1442484	1	1	0	0
1	1	UID1442488	1	1	0	0
1	1	UID1442490	1	1	0	0
1	1	UID1442494	1	1	0	0
1	1	UID1442497	1	1	0	0
1	1	UID1442499	1	1	0	0
1	1	UID1442500	1	1	0	0
1	1	UID1442503	1	1	0	0
1	1	UID1442522	1	1	0	0
1	1	UID1442533	1	1	0	0
1	1	UID1442543	1	1	0	0
1	1	UID1442551	1	1	0	0
1	1	UID1442553	1	1	0	0
1	1	UID1442560	1	1	0	0
1	1	UID1442562	1	1	0	0
1	1	UID1442563	1	1	0	0
1	1	UID1442565	1	1	0	0
1	1	UID1442582	1	1	0	0
1	1	UID1442639	1	1	0	0
1	1	UID1442650	1	1	0	0
1	1	UID1442651	1	1	0	0
1	1	UID1442654	1	1	0	0
1	1	UID1442656	1	1	0	0
1	1	UID1442661	1	1	0	0
1	1	UID1442667	1	1	0	0
1	1	UID1442677	1	1	0	0
1	1	UID1442681	1	1	0	0
1	1	UID1442726	1	1	0	0
1	1	UID1442727	1	1	0	0
1	1	UID1442735	1	1	0	0
1	1	UID1442743	1	1	0	0
1	1	UID1442744	1	1	0	0
1	1	UID1442749	1	1	0	0
1	1	UID1442762	1	1	0	0
1	1	UID1442787	1	1	0	0
1	1	UID1442797	1	1	0	0
1	1	UID1442800	1	1	0	0
1	1	UID1442804	1	1	0	0
1	1	UID1442805	1	1	0	0
1	1	UID1442815	1	1	0	0
1	1	UID1442816	1	1	0	0
1	1	UID1442819	1	1	0	0
1	1	UID1442820	1	1	0	0
1	1	UID1442823	1	1	0	0
1	1	UID1442826	1	1	0	0
1	1	UID1442827	1	1	0	0
1	1	UID1442837	1	1	0	0
1	1	UID1442849	1	1	0	0
1	1	UID1442868	1	1	0	0
1	1	UID1442878	1	1	0	0
1	1	UID1442879	1	1	0	0
1	1	UID1442881	1	1	0	0
1	1	UID1442894	1	1	0	0
1	1	UID1442912	1	1	0	0
1	1	UID1442917	1	1	0	0
1	1	UID1442920	1	1	0	0
1	1	UID1442946	1	1	0	0
1	1	UID1442948	1	1	0	0
1	1	UID1442950	1	1	0	0
1	1	UID1442959	1	1	0	0
1	1	UID1443013	1	1	0	0
1	1	UID1443069	1	1	0	0
1	1	UID1443072	1	1	0	0
1	1	UID1443107	1	1	0	0
1	1	UID1443127	1	1	0	0
1	1	UID1443132	1	1	0	0
1	1	UID1443141	1	1	0	0
1	1	UID1443146	1	1	0	0
1	1	UID1443153	1	1	0	0
1	1	UID1443183	1	1	0	0
1	1	UID1443200	1	1	0	0
1	1	UID1443217	1	1	0	0
1	1	UID1443218	1	1	0	0
1	1	UID1443219	1	1	0	0
1	1	UID1443220	1	1	0	0
1	1	UID1443222	1	1	0	0
1	1	UID1443224	1	1	0	0
1	1	UID1443226	1	1	0	0
1	1	UID1443227	1	1	0	0
1	1	UID1443236	1	1	0	0
1	1	UID1443238	1	1	0	0
1	1	UID1443239	1	1	0	0
1	1	UID1443240	1	1	0	0
1	1	UID1443246	1	1	0	0
1	1	UID1443248	1	1	0	0
1	1	UID1443249	1	1	0	0
1	1	UID1443254	1	1	0	0
1	1	UID1443259	1	1	0	0
1	1	UID1443264	1	1	0	0
1	1	UID1443276	1	1	0	0
1	1	UID1443296	1	1	0	0
1	1	UID1443322	1	1	0	0
1	1	UID1443324	1	1	0	0
1	1	UID1443327	1	1	0	0
1	1	UID1443329	1	1	0	0
1	1	UID1443340	1	1	0	0
1	1	UID1443354	1	1	0	0
1	1	UID1443355	1	1	0	0
1	1	UID1443364	1	1	0	0
1	1	UID1443432	1	1	0	0
1	1	UID1443435	1	1	0	0
1	1	UID1443437	1	1	0	0
1	1	UID1443449	1	1	0	0
1	1	UID1443450	1	1	0	0
1	1	UID1443496	1	1	0	0
1	1	UID1443509	1	1	0	0
1	1	UID1443522	1	1	0	0
1	1	UID1443523	1	1	0	0
1	1	UID1443528	1	1	0	0
1	1	UID1443547	1	1	0	0
1	1	UID1443548	1	1	0	0
1	1	UID1443556	1	1	0	0
1	1	UID1443558	1	1	0	0
1	1	UID1443565	1	1	0	0
1	1	UID1443568	1	1	0	0
1	1	UID1443572	1	1	0	0
1	1	UID1443574	1	1	0	0
1	1	UID1443576	1	1	0	0
1	1	UID1443578	1	1	0	0
1	1	UID1443596	1	1	0	0
1	1	UID1443598	1	1	0	0
1	1	UID1443601	1	1	0	0
1	1	UID1443602	1	1	0	0
1	1	UID1443611	1	1	0	0
1	1	UID1443613	1	1	0	0
1	1	UID1443621	1	1	0	0
1	1	UID1443623	1	1	0	0
1	1	UID1443624	1	1	0	0
1	1	UID1443625	1	1	0	0
1	1	UID1443637	1	1	0	0
1	1	UID1443669	1	1	0	0
1	1	UID1443670	1	1	0	0
1	1	UID1443677	1	1	0	0
1	1	UID1443680	1	1	0	0
1	1	UID1443712	1	1	0	0
1	1	UID1443719	1	1	0	0
1	1	UID1443757	1	1	0	0
1	1	UID1443763	1	1	0	0
1	1	UID1443771	1	1	0	0
1	1	UID1443784	1	1	0	0
1	1	UID1443795	1	1	0	0
1	1	UID1443806	1	1	0	0
1	1	UID1443824	1	1	0	0
1	1	UID1443849	1	1	0	0
1	1	UID1443859	1	1	0	0
1	1	UID1443873	1	1	0	0
1	1	UID1443878	1	1	0	0
1	1	UID1443882	1	1	0	0
1	1	UID1443889	1	1	0	0
1	1	UID1443916	1	1	0	0
1	1	UID1443936	1	1	0	0
1	1	UID1443937	1	1	0	0
1	1	UID1443941	1	1	0	0
1	1	UID1443942	1	1	0	0
1	1	UID1443943	1	1	0	0
1	1	UID1443951	1	1	0	0
1	1	UID1443959	1	1	0	0
1	1	UID1443960	1	1	0	0
1	1	UID1443972	1	1	0	0
1	1	UID1443975	1	1	0	0
1	1	UID1443984	1	1	0	0
1	1	UID1444033	1	1	0	0
1	1	UID1444035	1	1	0	0
1	1	UID1444036	1	1	0	0
1	1	UID1444050	1	1	0	0
1	1	UID1444053	1	1	0	0
1	1	UID1444058	1	1	0	0
1	1	UID1444067	1	1	0	0
1	1	UID1444070	1	1	0	0
1	1	UID1444082	1	1	0	0
1	1	UID1444130	1	1	0	0
1	1	UID1444145	1	1	0	0
1	1	UID1444148	1	1	0	0
1	1	UID1444152	1	1	0	0
1	1	UID1444155	1	1	0	0
1	1	UID1444162	1	1	0	0
1	1	UID1444169	1	1	0	0
1	1	UID1444179	1	1	0	0
1	1	UID1444184	1	1	0	0
1	1	UID1444185	1	1	0	0
1	1	UID1444191	1	1	0	0
1	1	UID1444193	1	1	0	0
1	1	UID1444201	1	1	0	0
1	1	UID1444204	1	1	0	0
1	1	UID1444205	1	1	0	0
1	1	UID1444206	1	1	0	0
1	1	UID1444207	1	1	0	0
1	1	UID1444208	1	1	0	0
1	1	UID1444209	1	1	0	0
1	1	UID1444218	1	1	0	0
1	1	UID1444219	1	1	0	0
1	1	UID1444220	1	1	0	0
1	1	UID1444222	1	1	0	0
1	1	UID1444224	1	1	0	0
1	1	UID1444232	1	1	0	0
1	1	UID1444260	1	1	0	0
1	1	UID1444262	1	1	0	0
1	1	UID1444263	1	1	0	0
1	1	UID1444264	1	1	0	0
1	1	UID1444266	1	1	0	0
1	1	UID1444268	1	1	0	0
1	1	UID1444270	1	1	0	0
1	1	UID1444273	1	1	0	0
1	1	UID1444276	1	1	0	0
1	1	UID1444277	1	1	0	0
1	1	UID1444281	1	1	0	0
1	1	UID1444284	1	1	0	0
1	1	UID1444286	1	1	0	0
1	1	UID1444289	1	1	0	0
1	1	UID1444299	1	1	0	0
1	1	UID1444307	1	1	0	0
3	3	UID1444311	1	3	2	2
1	1	UID1444328	1	1	0	0
1	1	UID1444366	1	1	0	0
1	1	UID1444379	1	1	0	0
1	1	UID1444451	1	1	0	0
1	1	UID1444459	1	1	0	0
1	1	UID1444477	1	1	0	0
1	1	UID1444479	1	1	0	0
1	1	UID1444483	1	1	0	0
1	1	UID1444494	1	1	0	0
1	1	UID1444495	1	1	0	0
1	1	UID1444496	1	1	0	0
1	1	UID1444497	1	1	0	0
1	1	UID1444498	1	1	0	0
1	1	UID1444501	1	1	0	0
1	1	UID1444502	1	1	0	0
1	1	UID1444507	1	1	0	0
1	1	UID1444515	1	1	0	0
1	1	UID1444537	1	1	0	0
1	1	UID1444539	1	1	0	0
1	1	UID1444551	1	1	0	0
1	1	UID1444553	1	1	0	0
1	1	UID1444559	1	1	0	0
1	1	UID1444582	1	1	0	0
1	1	UID1444599	1	1	0	0
1	1	UID1444614	1	1	0	0
1	1	UID1444616	1	1	0	0
1	1	UID1444629	1	1	0	0
1	1	UID1444632	1	1	0	0
1	1	UID1444666	1	1	0	0
1	1	UID1444681	1	1	0	0
1	1	UID1444685	1	1	0	0
1	1	UID1444690	1	1	0	0
1	1	UID1444698	1	1	0	0
1	1	UID1444705	1	1	0	0
1	1	UID1444711	1	1	0	0
1	1	UID1444713	1	1	0	0
1	1	UID1444722	1	1	0	0
1	1	UID1444724	1	1	0	0
1	1	UID1444726	1	1	0	0
1	1	UID1444727	1	1	0	0
1	1	UID1444728	1	1	0	0
1	1	UID1444731	1	1	0	0
1	1	UID1444735	1	1	0	0
1	1	UID1444743	1	1	0	0
1	1	UID1444757	1	1	0	0
1	1	UID1444777	1	1	0	0
1	1	UID1444799	1	1	0	0
1	1	UID1444828	1	1	0	0
1	1	UID1444849	1	1	0	0
1	1	UID1444869	1	1	0	0
1	1	UID1444872	1	1	0	0
1	1	UID1444873	1	1	0	0
1	1	UID1444941	1	1	0	0
1	1	UID1444943	1	1	0	0
1	1	UID1444957	1	1	0	0
1	1	UID1444961	1	1	0	0
1	1	UID1444998	1	1	0	0
1	1	UID1445011	1	1	0	0
1	1	UID1445012	1	1	0	0
1	1	UID1445023	1	1	0	0
1	1	UID1445037	1	1	0	0
1	1	UID1445044	1	1	0	0
1	1	UID1445051	1	1	0	0
1	1	UID1445079	1	1	0	0
1	1	UID1445109	1	1	0	0
1	1	UID1445123	1	1	0	0
1	1	UID1445142	1	1	0	0
1	1	UID1445161	1	1	0	0
1	1	UID1445172	1	1	0	0
1	1	UID1445210	1	1	0	0
1	1	UID1445225	1	1	0	0
1	1	UID1445243	1	1	0	0
1	1	UID1445244	1	1	0	0
1	1	UID1445247	1	1	0	0
1	1	UID1445248	1	1	0	0
1	1	UID1445254	1	1	0	0
1	1	UID1445256	1	1	0	0
1	1	UID1445266	1	1	0	0
1	1	UID1445270	1	1	0	0
1	1	UID1445272	1	1	0	0
1	1	UID1445284	1	1	0	0
1	1	UID1445313	1	1	0	0
1	1	UID1445326	1	1	0	0
2	2	UID1445331	1	2	1	1
1	1	UID1445364	1	1	0	0
1	1	UID1445372	1	1	0	0
1	1	UID1445378	1	1	0	0
1	1	UID1445386	1	1	0	0
1	1	UID1445387	1	1	0	0
1	1	UID1445392	1	1	0	0
1	1	UID1445397	1	1	0	0
1	1	UID1445447	1	1	0	0
1	1	UID1445449	1	1	0	0
1	1	UID1445451	1	1	0	0
1	1	UID1445465	1	1	0	0
1	1	UID1445469	1	1	0	0
1	1	UID1445485	1	1	0	0
1	1	UID1445488	1	1	0	0
1	1	UID1445492	1	1	0	0
1	1	UID1445505	1	1	0	0
1	1	UID1445515	1	1	0	0
1	1	UID1445525	1	1	0	0
1	1	UID1445527	1	1	0	0
1	1	UID1445551	1	1	0	0
1	1	UID1445556	1	1	0	0
1	1	UID1445557	1	1	0	0
1	1	UID1445558	1	1	0	0
1	1	UID1445561	1	1	0	0
1	1	UID1445563	1	1	0	0
1	1	UID1445566	1	1	0	0
1	1	UID1445568	1	1	0	0
1	1	UID1445571	1	1	0	0
1	1	UID1445602	1	1	0	0
1	1	UID1445609	1	1	0	0
1	1	UID1445610	1	1	0	0
1	1	UID1445635	1	1	0	0
1	1	UID1445650	1	1	0	0
1	1	UID1445652	1	1	0	0
1	1	UID1445658	1	1	0	0
1	1	UID1445661	1	1	0	0
1	1	UID1445663	1	1	0	0
1	1	UID1445674	1	1	0	0
1	1	UID1445678	1	1	0	0
1	1	UID1445686	1	1	0	0
1	1	UID1445707	1	1	0	0
1	1	UID1445721	1	1	0	0
1	1	UID1445728	1	1	0	0
1	1	UID1445731	1	1	0	0
1	1	UID1445739	1	1	0	0
1	1	UID1445744	1	1	0	0
1	1	UID1445745	1	1	0	0
1	1	UID1445747	1	1	0	0
1	1	UID1445753	1	1	0	0
1	1	UID1445757	1	1	0	0
1	1	UID1445765	1	1	0	0
1	1	UID1445806	1	1	0	0
1	1	UID1445817	1	1	0	0
1	1	UID1445825	1	1	0	0
1	1	UID1445826	1	1	0	0
1	1	UID1445828	1	1	0	0
1	1	UID1445830	1	1	0	0
1	1	UID1445833	1	1	0	0
1	1	UID1445839	1	1	0	0
1	1	UID1445841	1	1	0	0
1	1	UID1445847	1	1	0	0
1	1	UID1445848	1	1	0	0
1	1	UID1445849	1	1	0	0
1	1	UID1445850	1	1	0	0
1	1	UID1445851	1	1	0	0
1	1	UID1445852	1	1	0	0
1	1	UID1445855	1	1	0	0
1	1	UID1445857	1	1	0	0
1	1	UID1445861	1	1	0	0
1	1	UID1445869	1	1	0	0
1	1	UID1445872	1	1	0	0
1	1	UID1445875	1	1	0	0
1	1	UID1445877	1	1	0	0
1	1	UID1445878	1	1	0	0
1	1	UID1445879	1	1	0	0
1	1	UID1445888	1	1	0	0
1	1	UID1445889	1	1	0	0
1	1	UID1445911	1	1	0	0
1	1	UID1445914	1	1	0	0
1	1	UID1445941	1	1	0	0
1	1	UID1445942	1	1	0	0
1	1	UID1445959	1	1	0	0
1	1	UID1445966	1	1	0	0
1	1	UID1445972	1	1	0	0
1	1	UID1445994	1	1	0	0
1	1	UID1445998	1	1	0	0
1	1	UID1446031	1	1	0	0
1	1	UID1446035	1	1	0	0
1	1	UID1446049	1	1	0	0
1	1	UID1446051	1	1	0	0
1	1	UID1446127	1	1	0	0
1	1	UID1446135	1	1	0	0
1	1	UID1446143	1	1	0	0
1	1	UID1446153	1	1	0	0
1	1	UID1446155	1	1	0	0
1	1	UID1446161	1	1	0	0
1	1	UID1446163	1	1	0	0
1	1	UID1446164	1	1	0	0
1	1	UID1446166	1	1	0	0
1	1	UID1446178	1	1	0	0
1	1	UID1446185	1	1	0	0
1	1	UID1446221	1	1	0	0
1	1	UID1446231	1	1	0	0
1	1	UID1446240	1	1	0	0
1	1	UID1446273	1	1	0	0
1	1	UID1446274	1	1	0	0
1	1	UID1446285	1	1	0	0
1	1	UID1446297	1	1	0	0
1	1	UID1446302	1	1	0	0
1	1	UID1446320	1	1	0	0
1	1	UID1446324	1	1	0	0
1	1	UID1446335	1	1	0	0
1	1	UID1446339	1	1	0	0
1	1	UID1446350	1	1	0	0
1	1	UID1446355	1	1	0	0
1	1	UID1446362	1	1	0	0
1	1	UID1446379	1	1	0	0
1	1	UID1446386	1	1	0	0
1	1	UID1446388	1	1	0	0
1	1	UID1446391	1	1	0	0
1	1	UID1446401	1	1	0	0
1	1	UID1446409	1	1	0	0
1	1	UID1446431	1	1	0	0
1	1	UID1446450	1	1	0	0
1	1	UID1446460	1	1	0	0
1	1	UID1446475	1	1	0	0
1	1	UID1446482	1	1	0	0
1	1	UID1446483	1	1	0	0
1	1	UID1446490	1	1	0	0
1	1	UID1446491	1	1	0	0
1	1	UID1446503	1	1	0	0
1	1	UID1446525	1	1	0	0
1	1	UID1446526	1	1	0	0
1	1	UID1446544	1	1	0	0
1	1	UID1446564	1	1	0	0
1	1	UID1446569	1	1	0	0
1	1	UID1446573	1	1	0	0
1	1	UID1446575	1	1	0	0
1	1	UID1446576	1	1	0	0
1	1	UID1446584	1	1	0	0
1	1	UID1446585	1	1	0	0
1	1	UID1446586	1	1	0	0
1	1	UID1446587	1	1	0	0
1	1	UID1446588	1	1	0	0
1	1	UID1446589	1	1	0	0
1	1	UID1446590	1	1	0	0
1	1	UID1446592	1	1	0	0
1	1	UID1446600	1	1	0	0
1	1	UID1446610	1	1	0	0
1	1	UID1446614	1	1	0	0
1	1	UID1446616	1	1	0	0
1	1	UID1446624	1	1	0	0
1	1	UID1446639	1	1	0	0
1	1	UID1446655	1	1	0	0
1	1	UID1446665	1	1	0	0
1	1	UID1446667	1	1	0	0
1	1	UID1446672	1	1	0	0
1	1	UID1446673	1	1	0	0
1	1	UID1446681	1	1	0	0
1	1	UID1446686	1	1	0	0
1	1	UID1446696	1	1	0	0
1	1	UID1446711	1	1	0	0
1	1	UID1446716	1	1	0	0
1	1	UID1446723	1	1	0	0
1	1	UID1446739	1	1	0	0
1	1	UID1446742	1	1	0	0
1	1	UID1446743	1	1	0	0
1	1	UID1446760	1	1	0	0
1	1	UID1446772	1	1	0	0
1	1	UID1446775	1	1	0	0
1	1	UID1446782	1	1	0	0
1	1	UID1446791	1	1	0	0
1	1	UID1446800	1	1	0	0
1	1	UID1446812	1	1	0	0
1	1	UID1446830	1	1	0	0
1	1	UID1446845	1	1	0	0
1	1	UID1446849	1	1	0	0
1	1	UID1446860	1	1	0	0
1	1	UID1446862	1	1	0	0
1	1	UID1446872	1	1	0	0
1	1	UID1446875	1	1	0	0
1	1	UID1446876	1	1	0	0
1	1	UID1446880	1	1	0	0
1	1	UID1446887	1	1	0	0
1	1	UID1446892	1	1	0	0
1	1	UID1446900	1	1	0	0
1	1	UID1446901	1	1	0	0
1	1	UID1446917	1	1	0	0
1	1	UID1446925	1	1	0	0
1	1	UID1446927	1	1	0	0
1	1	UID1446931	1	1	0	0
1	1	UID1446938	1	1	0	0
1	1	UID1446958	1	1	0	0
1	1	UID1446977	1	1	0	0
1	1	UID1446991	1	1	0	0
1	1	UID1446996	1	1	0	0
1	1	UID1447010	1	1	0	0
1	1	UID1447011	1	1	0	0
1	1	UID1447022	1	1	0	0
1	1	UID1447026	1	1	0	0
1	1	UID1447052	1	1	0	0
1	1	UID1447054	1	1	0	0
1	1	UID1447057	1	1	0	0
1	1	UID1447071	1	1	0	0
1	1	UID1447076	1	1	0	0
1	1	UID1447090	1	1	0	0
1	1	UID1447109	1	1	0	0
1	1	UID1447121	1	1	0	0
2	2	UID1447126	1	2	1	1
1	1	UID1447134	1	1	0	0
1	1	UID1447145	1	1	0	0
1	1	UID1447148	1	1	0	0
1	1	UID1447152	1	1	0	0
1	1	UID1447177	1	1	0	0
1	1	UID1447182	1	1	0	0
1	1	UID1447184	1	1	0	0
1	1	UID1447185	1	1	0	0
1	1	UID1447192	1	1	0	0
1	1	UID1447199	1	1	0	0
1	1	UID1447201	1	1	0	0
1	1	UID1447225	1	1	0	0
1	1	UID1447243	1	1	0	0
1	1	UID1447245	1	1	0	0
1	1	UID1447259	1	1	0	0
1	1	UID1447281	1	1	0	0
1	1	UID1447287	1	1	0	0
1	1	UID1447295	1	1	0	0
1	1	UID1447296	1	1	0	0
1	1	UID1447309	1	1	0	0
1	1	UID1447310	1	1	0	0
1	1	UID1447317	1	1	0	0
1	1	UID1447319	1	1	0	0
1	1	UID1447320	1	1	0	0
1	1	UID1447323	1	1	0	0
1	1	UID1447376	1	1	0	0
1	1	UID1447396	1	1	0	0
1	1	UID1447405	1	1	0	0
1	1	UID1447407	1	1	0	0
1	1	UID1447414	1	1	0	0
1	1	UID1447427	1	1	0	0
1	1	UID1447434	1	1	0	0
1	1	UID1447436	1	1	0	0
1	1	UID1447443	1	1	0	0
1	1	UID1447445	1	1	0	0
1	1	UID1447446	1	1	0	0
1	1	UID1447447	1	1	0	0
1	1	UID1447448	1	1	0	0
1	1	UID1447449	1	1	0	0
1	1	UID1447450	1	1	0	0
1	1	UID1447451	1	1	0	0
1	1	UID1447457	1	1	0	0
1	1	UID1447474	1	1	0	0
1	1	UID1447479	1	1	0	0
1	1	UID1447511	1	1	0	0
1	1	UID1447549	1	1	0	0
1	1	UID1447560	1	1	0	0
1	1	UID1447564	1	1	0	0
1	1	UID1447566	1	1	0	0
1	1	UID1447577	1	1	0	0
1	1	UID1447583	1	1	0	0
1	1	UID1447599	1	1	0	0
1	1	UID1447607	1	1	0	0
1	1	UID1447608	1	1	0	0
1	1	UID1447609	1	1	0	0
1	1	UID1447610	1	1	0	0
1	1	UID1447613	1	1	0	0
1	1	UID1447614	1	1	0	0
1	1	UID1447615	1	1	0	0
1	1	UID1447616	1	1	0	0
1	1	UID1447617	1	1	0	0
1	1	UID1447619	1	1	0	0
1	1	UID1447620	1	1	0	0
1	1	UID1447621	1	1	0	0
1	1	UID1447622	1	1	0	0
1	1	UID1447623	1	1	0	0
1	1	UID1447625	1	1	0	0
1	1	UID1447626	1	1	0	0
1	1	UID1447627	1	1	0	0
1	1	UID1447628	1	1	0	0
1	1	UID1447629	1	1	0	0
1	1	UID1447630	1	1	0	0
1	1	UID1447631	1	1	0	0
1	1	UID1447632	1	1	0	0
1	1	UID1447637	1	1	0	0
1	1	UID1447645	1	1	0	0
1	1	UID1447656	1	1	0	0
1	1	UID1447659	1	1	0	0
1	1	UID1447661	1	1	0	0
1	1	UID1447664	1	1	0	0
1	1	UID1447665	1	1	0	0
1	1	UID1447671	1	1	0	0
1	1	UID1447672	1	1	0	0
1	1	UID1447673	1	1	0	0
1	1	UID1447674	1	1	0	0
1	1	UID1447676	1	1	0	0
1	1	UID1447677	1	1	0	0
1	1	UID1447678	1	1	0	0
1	1	UID1447679	1	1	0	0
1	1	UID1447681	1	1	0	0
1	1	UID1447683	1	1	0	0
1	1	UID1447687	1	1	0	0
1	1	UID1447692	1	1	0	0
1	1	UID1447696	1	1	0	0
1	1	UID1447697	1	1	0	0
1	1	UID1447700	1	1	0	0
1	1	UID1447701	1	1	0	0
1	1	UID1447702	1	1	0	0
1	1	UID1447710	1	1	0	0
1	1	UID1447743	1	1	0	0
1	1	UID1447747	1	1	0	0
1	1	UID1447752	1	1	0	0
1	1	UID1447756	1	1	0	0
1	1	UID1447759	1	1	0	0
1	1	UID1447768	1	1	0	0
1	1	UID1447771	1	1	0	0
1	1	UID1447774	1	1	0	0
1	1	UID1447804	1	1	0	0
1	1	UID1447806	1	1	0	0
1	1	UID1447807	1	1	0	0
1	1	UID1447808	1	1	0	0
1	1	UID1447810	1	1	0	0
1	1	UID1447811	1	1	0	0
1	1	UID1447814	1	1	0	0
1	1	UID1447815	1	1	0	0
1	1	UID1447818	1	1	0	0
1	1	UID1447819	1	1	0	0
1	1	UID1447820	1	1	0	0
1	1	UID1447821	1	1	0	0
1	1	UID1447823	1	1	0	0
1	1	UID1447825	1	1	0	0
1	1	UID1447827	1	1	0	0
1	1	UID1447836	1	1	0	0
1	1	UID1447840	1	1	0	0
1	1	UID1447841	1	1	0	0
1	1	UID1447845	1	1	0	0
1	1	UID1447846	1	1	0	0
1	1	UID1447848	1	1	0	0
1	1	UID1447851	1	1	0	0
1	1	UID1447853	1	1	0	0
1	1	UID1447856	1	1	0	0
1	1	UID1447858	1	1	0	0
1	1	UID1447884	1	1	0	0
1	1	UID1447892	1	1	0	0
1	1	UID1447904	1	1	0	0
1	1	UID1447937	1	1	0	0
1	1	UID1447939	1	1	0	0
1	1	UID1447949	1	1	0	0
1	1	UID1447957	1	1	0	0
1	1	UID1447961	1	1	0	0
1	1	UID1447969	1	1	0	0
1	1	UID1447975	1	1	0	0
1	1	UID1447976	1	1	0	0
1	1	UID1447977	1	1	0	0
1	1	UID1447983	1	1	0	0
1	1	UID1447985	1	1	0	0
1	1	UID1447987	1	1	0	0
1	1	UID1447989	1	1	0	0
1	1	UID1447995	1	1	0	0
1	1	UID1448008	1	1	0	0
1	1	UID1448014	1	1	0	0
1	1	UID1448062	1	1	0	0
1	1	UID1448065	1	1	0	0
1	1	UID1448086	1	1	0	0
1	1	UID1448087	1	1	0	0
1	1	UID1448092	1	1	0	0
1	1	UID1448102	1	1	0	0
1	1	UID1448108	1	1	0	0
1	1	UID1448133	1	1	0	0
1	1	UID1448186	1	1	0	0
1	1	UID1448192	1	1	0	0
1	1	UID1448194	1	1	0	0
1	1	UID1448195	1	1	0	0
1	1	UID1448202	1	1	0	0
1	1	UID1448211	1	1	0	0
1	1	UID1448216	1	1	0	0
1	1	UID1448220	1	1	0	0
1	1	UID1448231	1	1	0	0
1	1	UID1448233	1	1	0	0
1	1	UID1448236	1	1	0	0
1	1	UID1448245	1	1	0	0
1	1	UID1448251	1	1	0	0
1	1	UID1448254	1	1	0	0
1	1	UID1448259	1	1	0	0
1	1	UID1448261	1	1	0	0
1	1	UID1448284	1	1	0	0
1	1	UID1448294	1	1	0	0
1	1	UID1448304	1	1	0	0
1	1	UID1448308	1	1	0	0
1	1	UID1448309	1	1	0	0
1	1	UID1448322	1	1	0	0
1	1	UID1448334	1	1	0	0
1	1	UID1448336	1	1	0	0
1	1	UID1448338	1	1	0	0
1	1	UID1448339	1	1	0	0
1	1	UID1448349	1	1	0	0
1	1	UID1448368	1	1	0	0
1	1	UID1448380	1	1	0	0
1	1	UID1448393	1	1	0	0
1	1	UID1448394	1	1	0	0
1	1	UID1448400	1	1	0	0
1	1	UID1448401	1	1	0	0
1	1	UID1448411	1	1	0	0
1	1	UID1448415	1	1	0	0
1	1	UID1448416	1	1	0	0
1	1	UID1448432	1	1	0	0
1	1	UID1448442	1	1	0	0
1	1	UID1448462	1	1	0	0
1	1	UID1448480	1	1	0	0
1	1	UID1448519	1	1	0	0
1	1	UID1448524	1	1	0	0
1	1	UID1448527	1	1	0	0
1	1	UID1448529	1	1	0	0
1	1	UID1448530	1	1	0	0
1	1	UID1448536	1	1	0	0
1	1	UID1448540	1	1	0	0
1	1	UID1448545	1	1	0	0
1	1	UID1448548	1	1	0	0
1	1	UID1448571	1	1	0	0
1	1	UID1448576	1	1	0	0
1	1	UID1448577	1	1	0	0
1	1	UID1448579	1	1	0	0
1	1	UID1448581	1	1	0	0
1	1	UID1448610	1	1	0	0
1	1	UID1448622	1	1	0	0
1	1	UID1448627	1	1	0	0
1	1	UID1448628	1	1	0	0
1	1	UID1448630	1	1	0	0
1	1	UID1448637	1	1	0	0
1	1	UID1448641	1	1	0	0
1	1	UID1448642	1	1	0	0
1	1	UID1448643	1	1	0	0
1	1	UID1448645	1	1	0	0
1	1	UID1448646	1	1	0	0
1	1	UID1448647	1	1	0	0
1	1	UID1448652	1	1	0	0
1	1	UID1448659	1	1	0	0
1	1	UID1448663	1	1	0	0
1	1	UID1448672	1	1	0	0
1	1	UID1448682	1	1	0	0
1	1	UID1448701	1	1	0	0
1	1	UID1448706	1	1	0	0
1	1	UID1448716	1	1	0	0
1	1	UID1448719	1	1	0	0
1	1	UID1448745	1	1	0	0
1	1	UID1448749	1	1	0	0
1	1	UID1448754	1	1	0	0
1	1	UID1448755	1	1	0	0
1	1	UID1448763	1	1	0	0
1	1	UID1448783	1	1	0	0
1	1	UID1448789	1	1	0	0
1	1	UID1448797	1	1	0	0
1	1	UID1448803	1	1	0	0
1	1	UID1448821	1	1	0	0
1	1	UID1448832	1	1	0	0
1	1	UID1448840	1	1	0	0
1	1	UID1448841	1	1	0	0
1	1	UID1448844	1	1	0	0
1	1	UID1448858	1	1	0	0
1	1	UID1448861	1	1	0	0
1	1	UID1448878	1	1	0	0
1	1	UID1448882	1	1	0	0
1	1	UID1448892	1	1	0	0
1	1	UID1448895	1	1	0	0
1	1	UID1448901	1	1	0	0
1	1	UID1448907	1	1	0	0
1	1	UID1448911	1	1	0	0
1	1	UID1448915	1	1	0	0
1	1	UID1448918	1	1	0	0
1	1	UID1448920	1	1	0	0
1	1	UID1448922	1	1	0	0
1	1	UID1448923	1	1	0	0
1	1	UID1448933	1	1	0	0
1	1	UID1448934	1	1	0	0
1	1	UID1448977	1	1	0	0
1	1	UID1448986	1	1	0	0
1	1	UID1448996	1	1	0	0
1	1	UID1449006	1	1	0	0
1	1	UID1449015	1	1	0	0
1	1	UID1449019	1	1	0	0
1	1	UID1449021	1	1	0	0
1	1	UID1449022	1	1	0	0
1	1	UID1449026	1	1	0	0
1	1	UID1449031	1	1	0	0
1	1	UID1449040	1	1	0	0
1	1	UID1449045	1	1	0	0
1	1	UID1449046	1	1	0	0
1	1	UID1449081	1	1	0	0
1	1	UID1449085	1	1	0	0
1	1	UID1449088	1	1	0	0
1	1	UID1449089	1	1	0	0
1	1	UID1449098	1	1	0	0
1	1	UID1449100	1	1	0	0
1	1	UID1449105	1	1	0	0
1	1	UID1449110	1	1	0	0
1	1	UID1449114	1	1	0	0
1	1	UID1449115	1	1	0	0
1	1	UID1449120	1	1	0	0
1	1	UID1449125	1	1	0	0
1	1	UID1449130	1	1	0	0
1	1	UID1449140	1	1	0	0
1	1	UID1449144	1	1	0	0
1	1	UID1449150	1	1	0	0
1	1	UID1449157	1	1	0	0
1	1	UID1449176	1	1	0	0
1	1	UID1449178	1	1	0	0
1	1	UID1449181	1	1	0	0
1	1	UID1449203	1	1	0	0
1	1	UID1449211	1	1	0	0
1	1	UID1449224	1	1	0	0
1	1	UID1449225	1	1	0	0
1	1	UID1449228	1	1	0	0
1	1	UID1449229	1	1	0	0
1	1	UID1449240	1	1	0	0
1	1	UID1449244	1	1	0	0
1	1	UID1449247	1	1	0	0
1	1	UID1449248	1	1	0	0
1	1	UID1449250	1	1	0	0
1	1	UID1449251	1	1	0	0
1	1	UID1449254	1	1	0	0
1	1	UID1449255	1	1	0	0
1	1	UID1449256	1	1	0	0
1	1	UID1449257	1	1	0	0
1	1	UID1449258	1	1	0	0
1	1	UID1449259	1	1	0	0
1	1	UID1449260	1	1	0	0
1	1	UID1449261	1	1	0	0
1	1	UID1449262	1	1	0	0
1	1	UID1449264	1	1	0	0
1	1	UID1449265	1	1	0	0
1	1	UID1449266	1	1	0	0
1	1	UID1449272	1	1	0	0
1	1	UID1449273	1	1	0	0
1	1	UID1449276	1	1	0	0
1	1	UID1449277	1	1	0	0
1	1	UID1449278	1	1	0	0
1	1	UID1449283	1	1	0	0
1	1	UID1449284	1	1	0	0
1	1	UID1449287	1	1	0	0
1	1	UID1449288	1	1	0	0
1	1	UID1449289	1	1	0	0
1	1	UID1449298	1	1	0	0
1	1	UID1449328	1	1	0	0
1	1	UID1449344	1	1	0	0
1	1	UID1449358	1	1	0	0
1	1	UID1449364	1	1	0	0
1	1	UID1449370	1	1	0	0
1	1	UID1449371	1	1	0	0
1	1	UID1449392	1	1	0	0
1	1	UID1449393	1	1	0	0
1	1	UID1449396	1	1	0	0
1	1	UID1449397	1	1	0	0
1	1	UID1449399	1	1	0	0
1	1	UID1449414	1	1	0	0
1	1	UID1449415	1	1	0	0
1	1	UID1449417	1	1	0	0
1	1	UID1449423	1	1	0	0
1	1	UID1449425	1	1	0	0
1	1	UID1449427	1	1	0	0
1	1	UID1449436	1	1	0	0
1	1	UID1449437	1	1	0	0
1	1	UID1449440	1	1	0	0
1	1	UID1449443	1	1	0	0
1	1	UID1449497	1	1	0	0
1	1	UID1449501	1	1	0	0
1	1	UID1449502	1	1	0	0
1	1	UID1449503	1	1	0	0
1	1	UID1449507	1	1	0	0
1	1	UID1449526	1	1	0	0
1	1	UID1449527	1	1	0	0
1	1	UID1449530	1	1	0	0
1	1	UID1449532	1	1	0	0
1	1	UID1449533	1	1	0	0
1	1	UID1449537	1	1	0	0
1	1	UID1449538	1	1	0	0
1	1	UID1449539	1	1	0	0
1	1	UID1449540	1	1	0	0
1	1	UID1449548	1	1	0	0
1	1	UID1449557	1	1	0	0
1	1	UID1449560	1	1	0	0
1	1	UID1449597	1	1	0	0
1	1	UID1449603	1	1	0	0
1	1	UID1449612	1	1	0	0
1	1	UID1449613	1	1	0	0
1	1	UID1449618	1	1	0	0
1	1	UID1449621	1	1	0	0
1	1	UID1449627	1	1	0	0
1	1	UID1449641	1	1	0	0
1	1	UID1449644	1	1	0	0
1	1	UID1449647	1	1	0	0
1	1	UID1449652	1	1	0	0
1	1	UID1449654	1	1	0	0
1	1	UID1449667	1	1	0	0
1	1	UID1449671	1	1	0	0
1	1	UID1449706	1	1	0	0
1	1	UID1449712	1	1	0	0
1	1	UID1449716	1	1	0	0
1	1	UID1449722	1	1	0	0
1	1	UID1449725	1	1	0	0
1	1	UID1449731	1	1	0	0
1	1	UID1449739	1	1	0	0
1	1	UID1449741	1	1	0	0
1	1	UID1449744	1	1	0	0
1	1	UID1449745	1	1	0	0
1	1	UID1449746	1	1	0	0
1	1	UID1449753	1	1	0	0
1	1	UID1449761	1	1	0	0
1	1	UID1449787	1	1	0	0
1	1	UID1449789	1	1	0	0
1	1	UID1449795	1	1	0	0
1	1	UID1449813	1	1	0	0
1	1	UID1449816	1	1	0	0
1	1	UID1449822	1	1	0	0
1	1	UID1449830	1	1	0	0
1	1	UID1449831	1	1	0	0
1	1	UID1449835	1	1	0	0
1	1	UID1449839	1	1	0	0
1	1	UID1449841	1	1	0	0
1	1	UID1449842	1	1	0	0
1	1	UID1449844	1	1	0	0
1	1	UID1449848	1	1	0	0
1	1	UID1449855	1	1	0	0
1	1	UID1449857	1	1	0	0
1	1	UID1449859	1	1	0	0
1	1	UID1449860	1	1	0	0
1	1	UID1449907	1	1	0	0
1	1	UID1449919	1	1	0	0
1	1	UID1449929	1	1	0	0
1	1	UID1449932	1	1	0	0
1	1	UID1449938	1	1	0	0
1	1	UID1449942	1	1	0	0
1	1	UID1449943	1	1	0	0
1	1	UID1449944	1	1	0	0
1	1	UID1449945	1	1	0	0
1	1	UID1449949	1	1	0	0
1	1	UID1449950	1	1	0	0
1	1	UID1449953	1	1	0	0
1	1	UID1449954	1	1	0	0
1	1	UID1449964	1	1	0	0
1	1	UID1449974	1	1	0	0
1	1	UID1449975	1	1	0	0
1	1	UID1449983	1	1	0	0
1	1	UID1450025	1	1	0	0
1	1	UID1450036	1	1	0	0
1	1	UID1450037	1	1	0	0
1	1	UID1450051	1	1	0	0
1	1	UID1450055	1	1	0	0
1	1	UID1450066	1	1	0	0
1	1	UID1450068	1	1	0	0
1	1	UID1450069	1	1	0	0
1	1	UID1450071	1	1	0	0
1	1	UID1450073	1	1	0	0
1	1	UID1450074	1	1	0	0
1	1	UID1450076	1	1	0	0
1	1	UID1450081	1	1	0	0
1	1	UID1450083	1	1	0	0
1	1	UID1450084	1	1	0	0
1	1	UID1450089	1	1	0	0
1	1	UID1450093	1	1	0	0
1	1	UID1450097	1	1	0	0
1	1	UID1450111	1	1	0	0
1	1	UID1450112	1	1	0	0
1	1	UID1450114	1	1	0	0
1	1	UID1450142	1	1	0	0
1	1	UID1450160	1	1	0	0
1	1	UID1450171	1	1	0	0
1	1	UID1450178	1	1	0	0
1	1	UID1450200	1	1	0	0
1	1	UID1450204	1	1	0	0
1	1	UID1450206	1	1	0	0
1	1	UID1450208	1	1	0	0
1	1	UID1450220	1	1	0	0
1	1	UID1450221	1	1	0	0
1	1	UID1450230	1	1	0	0
1	1	UID1450236	1	1	0	0
1	1	UID1450244	1	1	0	0
1	1	UID1450274	1	1	0	0
1	1	UID1450275	1	1	0	0
1	1	UID1450278	1	1	0	0
1	1	UID1450282	1	1	0	0
1	1	UID1450283	1	1	0	0
1	1	UID1450295	1	1	0	0
1	1	UID1450298	1	1	0	0
1	1	UID1450299	1	1	0	0
1	1	UID1450300	1	1	0	0
1	1	UID1450313	1	1	0	0
1	1	UID1450329	1	1	0	0
1	1	UID1450330	1	1	0	0
1	1	UID1450335	1	1	0	0
1	1	UID1450383	1	1	0	0
1	1	UID1450384	1	1	0	0
1	1	UID1450388	1	1	0	0
1	1	UID1450393	1	1	0	0
1	1	UID1450403	1	1	0	0
1	1	UID1450410	1	1	0	0
1	1	UID1450423	1	1	0	0
1	1	UID1450427	1	1	0	0
1	1	UID1450460	1	1	0	0
1	1	UID1450472	1	1	0	0
1	1	UID1450479	1	1	0	0
1	1	UID293446	1	1	0	0
1	1	UID29	1	1	0	0
1	1	UID620059	1	1	0	0
2	2	UID650968	1	2	1	1
