43348	186082	UID44965	60311	33439	9	9
237	2206	UID3	1384	142	3	3
1350	3347	UID493	664	980	6	6
34	466	UID1	416	22	2	2
156	455	UID31838	219	113	2	2
280	544	UID31712	213	241	2	2
77	233	UID184601	127	58	2	2
167	312	UID80073	122	150	3	3
119	348	UID1597735	110	93	3	3
231	448	UID254	109	182	4	4
8	85	UID37460	78	7	1	1
7	63	UID1420	57	6	1	1
32	95	UID23255	55	22	1	1
134	201	UID38792	52	124	2	2
9	48	UID49952	38	6	1	1
54	134	UID37399	35	46	3	3
66	118	UID186088	31	58	3	3
3	25	UID7471	23	2	1	1
8	32	UID8	23	6	1	1
40	66	UID129414	21	34	2	2
33	55	UID33336	21	30	2	2
37	53	UID27	16	35	2	2
6	18	UID16	13	5	1	1
10	22	UID26	13	9	2	2
5	15	UID5	11	4	1	1
35	47	UID715	10	32	2	2
12	25	UID1597779	9	8	2	2
6	14	UID428	9	5	1	1
1	8	UID6	8	0	0	0
2	8	UID25	7	1	1	1
23	29	UID83277	7	22	2	2
1	6	UID1597868	6	0	0	0
6	13	UID1597901	6	4	2	2
16	23	UID188341	6	14	1	1
1	6	UID31750	6	0	0	0
1	5	UID1597910	5	0	0	0
1	5	UID1598014	5	0	0	0
1	5	UID1598019	5	0	0	0
13	20	UID1598046	5	9	3	3
5	10	UID1598047	5	3	2	2
10	15	UID141	4	7	1	1
1	4	UID1586914	4	0	0	0
1	4	UID1598065	4	0	0	0
1	4	UID1598068	4	0	0	0
2	5	UID1598077	4	1	1	1
1	4	UID1598091	4	0	0	0
1	4	UID1598092	4	0	0	0
1	4	UID1598094	4	0	0	0
1	4	UID1598107	4	0	0	0
1	4	UID1598110	4	0	0	0
1	4	UID1598112	4	0	0	0
1	4	UID1598113	4	0	0	0
1	4	UID1598124	4	0	0	0
1	4	UID1598174	4	0	0	0
1	4	UID1598252	4	0	0	0
1	4	UID1598284	4	0	0	0
1	4	UID1598296	4	0	0	0
1	4	UID1598310	4	0	0	0
1	4	UID1598328	4	0	0	0
1	4	UID1598334	4	0	0	0
1	4	UID1598422	4	0	0	0
1	4	UID1598436	4	0	0	0
1	4	UID1598440	4	0	0	0
1	4	UID1598445	4	0	0	0
1	4	UID1598449	4	0	0	0
1	4	UID1598455	4	0	0	0
1	4	UID1598456	4	0	0	0
1	4	UID1598474	4	0	0	0
1	4	UID1598484	4	0	0	0
2	5	UID1598491	4	1	1	1
1	4	UID1598492	4	0	0	0
1	4	UID1598494	4	0	0	0
1	4	UID1598504	4	0	0	0
1	4	UID1598510	4	0	0	0
1	4	UID1598511	4	0	0	0
1	4	UID1598526	4	0	0	0
1	4	UID1598527	4	0	0	0
1	4	UID1598528	4	0	0	0
2	6	UID1598532	4	0	1	1
1	4	UID7235	4	0	0	0
4	9	UID835964	4	2	1	1
1	3	UID1219152	3	0	0	0
1	3	UID133751	3	0	0	0
1	3	UID1419622	3	0	0	0
2	4	UID1598534	3	1	1	1
1	3	UID1598535	3	0	0	0
1	3	UID1598539	3	0	0	0
1	3	UID1598540	3	0	0	0
1	3	UID1598543	3	0	0	0
1	3	UID1598545	3	0	0	0
1	3	UID1598546	3	0	0	0
1	3	UID1598554	3	0	0	0
1	3	UID1598555	3	0	0	0
1	3	UID1598556	3	0	0	0
1	3	UID1598566	3	0	0	0
1	3	UID1598574	3	0	0	0
1	3	UID1598575	3	0	0	0
1	3	UID1598584	3	0	0	0
1	3	UID1598588	3	0	0	0
1	3	UID1598589	3	0	0	0
2	4	UID1598591	3	1	1	1
1	3	UID1598594	3	0	0	0
1	3	UID1598597	3	0	0	0
1	3	UID1598599	3	0	0	0
1	3	UID1598606	3	0	0	0
1	3	UID1598609	3	0	0	0
1	3	UID1598611	3	0	0	0
1	3	UID1598620	3	0	0	0
1	3	UID1598631	3	0	0	0
1	3	UID1598635	3	0	0	0
1	3	UID1598638	3	0	0	0
1	3	UID1598639	3	0	0	0
1	3	UID1598642	3	0	0	0
1	3	UID1598643	3	0	0	0
1	3	UID1598644	3	0	0	0
1	3	UID1598647	3	0	0	0
1	3	UID1598654	3	0	0	0
1	3	UID1598656	3	0	0	0
1	3	UID1598661	3	0	0	0
1	3	UID1598662	3	0	0	0
2	4	UID1598663	3	1	1	1
1	3	UID1598667	3	0	0	0
1	3	UID1598674	3	0	0	0
1	3	UID1598681	3	0	0	0
1	3	UID1598684	3	0	0	0
2	4	UID1598687	3	1	1	1
1	3	UID1598689	3	0	0	0
1	3	UID1598697	3	0	0	0
1	3	UID1598698	3	0	0	0
1	3	UID1598707	3	0	0	0
2	4	UID1598709	3	1	1	1
1	3	UID1598712	3	0	0	0
3	5	UID1598717	3	2	1	1
1	3	UID1598729	3	0	0	0
1	3	UID1598739	3	0	0	0
1	3	UID1598741	3	0	0	0
1	3	UID1598751	3	0	0	0
1	3	UID1598752	3	0	0	0
1	3	UID1598753	3	0	0	0
1	3	UID1598763	3	0	0	0
1	3	UID1598773	3	0	0	0
1	3	UID1598786	3	0	0	0
1	3	UID1598789	3	0	0	0
1	3	UID1598798	3	0	0	0
1	3	UID1598801	3	0	0	0
1	3	UID1598819	3	0	0	0
1	3	UID1598824	3	0	0	0
1	3	UID1598830	3	0	0	0
1	3	UID1598842	3	0	0	0
1	3	UID1598851	3	0	0	0
1	3	UID1598853	3	0	0	0
1	3	UID1598854	3	0	0	0
1	3	UID1598861	3	0	0	0
1	3	UID1598880	3	0	0	0
1	3	UID1598900	3	0	0	0
1	3	UID1598905	3	0	0	0
1	3	UID1598927	3	0	0	0
1	3	UID1598930	3	0	0	0
1	3	UID1598931	3	0	0	0
1	3	UID1598959	3	0	0	0
1	3	UID1598962	3	0	0	0
1	3	UID1598987	3	0	0	0
1	3	UID1599087	3	0	0	0
1	3	UID1599103	3	0	0	0
1	3	UID1599131	3	0	0	0
1	3	UID1599141	3	0	0	0
1	3	UID1599143	3	0	0	0
1	3	UID1599147	3	0	0	0
1	3	UID1599156	3	0	0	0
1	3	UID1599157	3	0	0	0
1	3	UID1599191	3	0	0	0
1	3	UID1599194	3	0	0	0
1	3	UID1599200	3	0	0	0
1	3	UID1599207	3	0	0	0
1	3	UID1599215	3	0	0	0
1	3	UID1599221	3	0	0	0
1	3	UID1599233	3	0	0	0
1	3	UID1599234	3	0	0	0
1	3	UID1599243	3	0	0	0
2	4	UID1599257	3	1	1	1
1	3	UID1599262	3	0	0	0
1	3	UID1599271	3	0	0	0
1	3	UID1599286	3	0	0	0
1	3	UID1599291	3	0	0	0
1	3	UID1599292	3	0	0	0
1	3	UID1599296	3	0	0	0
1	3	UID1599298	3	0	0	0
1	3	UID1599303	3	0	0	0
1	3	UID1599313	3	0	0	0
1	3	UID1599321	3	0	0	0
1	3	UID1599322	3	0	0	0
1	3	UID1599325	3	0	0	0
1	3	UID1599330	3	0	0	0
1	3	UID1599353	3	0	0	0
1	3	UID1599387	3	0	0	0
1	3	UID1599389	3	0	0	0
1	3	UID1599392	3	0	0	0
1	3	UID1599399	3	0	0	0
1	3	UID1599404	3	0	0	0
1	3	UID1599406	3	0	0	0
2	4	UID1599408	3	1	1	1
1	3	UID1599415	3	0	0	0
1	3	UID1599419	3	0	0	0
1	3	UID1599423	3	0	0	0
1	3	UID1599430	3	0	0	0
1	3	UID1599431	3	0	0	0
1	3	UID1599447	3	0	0	0
2	4	UID1599457	3	1	1	1
1	3	UID1599463	3	0	0	0
1	3	UID1599465	3	0	0	0
1	3	UID1599468	3	0	0	0
1	3	UID1599470	3	0	0	0
1	3	UID1599479	3	0	0	0
1	3	UID1599490	3	0	0	0
1	3	UID1599492	3	0	0	0
1	3	UID1599493	3	0	0	0
1	3	UID1599497	3	0	0	0
1	3	UID1599514	3	0	0	0
1	3	UID1599517	3	0	0	0
1	3	UID1599526	3	0	0	0
1	3	UID1599535	3	0	0	0
1	3	UID1599539	3	0	0	0
1	3	UID1599540	3	0	0	0
1	3	UID1599579	3	0	0	0
1	3	UID1599585	3	0	0	0
1	3	UID1599589	3	0	0	0
1	3	UID1599596	3	0	0	0
1	3	UID1599605	3	0	0	0
1	3	UID1599613	3	0	0	0
1	3	UID1599617	3	0	0	0
1	3	UID1599624	3	0	0	0
1	3	UID1599625	3	0	0	0
1	3	UID1599626	3	0	0	0
1	3	UID1599629	3	0	0	0
1	3	UID1599632	3	0	0	0
1	3	UID1599648	3	0	0	0
1	3	UID1599659	3	0	0	0
2	4	UID1599661	3	1	1	1
1	3	UID1599662	3	0	0	0
1	3	UID1599675	3	0	0	0
1	3	UID1599676	3	0	0	0
1	3	UID1599682	3	0	0	0
1	3	UID1599683	3	0	0	0
1	3	UID1599686	3	0	0	0
1	3	UID1599701	3	0	0	0
1	3	UID1599705	3	0	0	0
1	3	UID1599708	3	0	0	0
1	3	UID1599711	3	0	0	0
1	3	UID1599713	3	0	0	0
1	3	UID1599725	3	0	0	0
1	3	UID1599730	3	0	0	0
1	3	UID1599733	3	0	0	0
1	3	UID1599735	3	0	0	0
1	3	UID1599737	3	0	0	0
1	3	UID1599739	3	0	0	0
2	4	UID1599740	3	1	1	1
1	3	UID1599747	3	0	0	0
1	3	UID1599756	3	0	0	0
1	3	UID1599759	3	0	0	0
1	3	UID1599760	3	0	0	0
1	3	UID1599761	3	0	0	0
1	3	UID1599770	3	0	0	0
1	3	UID1599772	3	0	0	0
1	3	UID1599773	3	0	0	0
1	3	UID1599777	3	0	0	0
1	3	UID1599779	3	0	0	0
1	3	UID1599783	3	0	0	0
1	3	UID1599785	3	0	0	0
1	3	UID1599788	3	0	0	0
1	3	UID1599792	3	0	0	0
1	3	UID1599793	3	0	0	0
1	3	UID1599795	3	0	0	0
1	3	UID1599805	3	0	0	0
1	3	UID1599807	3	0	0	0
1	3	UID1599818	3	0	0	0
1	3	UID1599824	3	0	0	0
1	3	UID1599826	3	0	0	0
1	3	UID1599828	3	0	0	0
1	3	UID1599830	3	0	0	0
1	3	UID1599831	3	0	0	0
2	4	UID1599834	3	1	1	1
1	3	UID1599845	3	0	0	0
1	3	UID1599847	3	0	0	0
1	3	UID1599852	3	0	0	0
1	3	UID1599854	3	0	0	0
1	3	UID1599855	3	0	0	0
2	4	UID1599856	3	1	1	1
1	3	UID1599857	3	0	0	0
1	3	UID1599860	3	0	0	0
1	3	UID1599861	3	0	0	0
1	3	UID1599878	3	0	0	0
1	3	UID1599883	3	0	0	0
1	3	UID1599885	3	0	0	0
1	3	UID1599889	3	0	0	0
1	3	UID1599896	3	0	0	0
1	3	UID1599901	3	0	0	0
1	3	UID1599902	3	0	0	0
2	4	UID1599909	3	1	1	1
1	3	UID1599915	3	0	0	0
1	3	UID1599918	3	0	0	0
1	3	UID1599922	3	0	0	0
1	3	UID1599923	3	0	0	0
1	3	UID1599928	3	0	0	0
1	3	UID1599929	3	0	0	0
1	3	UID1599931	3	0	0	0
1	3	UID1599932	3	0	0	0
1	3	UID1599933	3	0	0	0
1	3	UID1599938	3	0	0	0
1	3	UID1599947	3	0	0	0
1	3	UID1599948	3	0	0	0
1	3	UID1599952	3	0	0	0
1	3	UID1599955	3	0	0	0
1	3	UID1599962	3	0	0	0
1	3	UID1599974	3	0	0	0
1	3	UID1599976	3	0	0	0
1	3	UID1599977	3	0	0	0
1	3	UID1599979	3	0	0	0
1	3	UID1599980	3	0	0	0
1	3	UID1599983	3	0	0	0
1	3	UID1599984	3	0	0	0
1	3	UID1599994	3	0	0	0
1	3	UID1600007	3	0	0	0
1	3	UID1600011	3	0	0	0
1	3	UID1600012	3	0	0	0
1	3	UID1600013	3	0	0	0
1	3	UID1600014	3	0	0	0
1	3	UID1600017	3	0	0	0
1	3	UID1600022	3	0	0	0
1	3	UID1600023	3	0	0	0
1	3	UID1600025	3	0	0	0
1	3	UID1600027	3	0	0	0
5	7	UID1600036	3	4	1	1
1	3	UID1600050	3	0	0	0
1	3	UID1600053	3	0	0	0
1	3	UID1600055	3	0	0	0
1	3	UID311783	3	0	0	0
1	3	UID603090	3	0	0	0
1	3	UID766979	3	0	0	0
1	2	UID1600084	2	0	0	0
2	3	UID1600085	2	1	1	1
1	2	UID1600095	2	0	0	0
1	2	UID1600097	2	0	0	0
1	2	UID1600100	2	0	0	0
1	2	UID1600101	2	0	0	0
1	2	UID1600126	2	0	0	0
1	2	UID1600162	2	0	0	0
2	3	UID1600167	2	1	1	1
1	2	UID1600169	2	0	0	0
1	2	UID1600171	2	0	0	0
1	2	UID1600172	2	0	0	0
1	2	UID1600176	2	0	0	0
1	2	UID1600205	2	0	0	0
1	2	UID1600208	2	0	0	0
1	2	UID1600210	2	0	0	0
1	2	UID1600250	2	0	0	0
1	2	UID1600251	2	0	0	0
1	2	UID1600271	2	0	0	0
2	3	UID1600278	2	1	1	1
2	3	UID1600314	2	1	1	1
1	2	UID1600385	2	0	0	0
1	2	UID1600412	2	0	0	0
1	2	UID1600422	2	0	0	0
1	2	UID1600445	2	0	0	0
1	2	UID1600502	2	0	0	0
1	2	UID1600582	2	0	0	0
1	2	UID1600587	2	0	0	0
1	2	UID1600592	2	0	0	0
1	2	UID1600692	2	0	0	0
1	2	UID1600701	2	0	0	0
1	2	UID1600714	2	0	0	0
1	2	UID1600751	2	0	0	0
1	2	UID1600757	2	0	0	0
1	2	UID1600765	2	0	0	0
1	2	UID1600800	2	0	0	0
2	3	UID1600819	2	1	1	1
1	2	UID1600820	2	0	0	0
1	2	UID1600948	2	0	0	0
2	3	UID1600950	2	1	1	1
2	3	UID1601038	2	1	1	1
1	2	UID1601061	2	0	0	0
1	2	UID1601085	2	0	0	0
1	2	UID1601086	2	0	0	0
1	2	UID1601107	2	0	0	0
1	2	UID1601188	2	0	0	0
1	2	UID1601206	2	0	0	0
2	3	UID1601246	2	1	1	1
1	2	UID1601299	2	0	0	0
2	3	UID1601457	2	1	1	1
1	2	UID1601636	2	0	0	0
1	2	UID1601837	2	0	0	0
1	2	UID1601936	2	0	0	0
2	3	UID1602203	2	1	1	1
2	3	UID1602284	2	1	1	1
2	3	UID1602307	2	1	1	1
1	2	UID1602322	2	0	0	0
2	3	UID1602470	2	1	1	1
1	2	UID1602490	2	0	0	0
1	2	UID1602500	2	0	0	0
2	3	UID1602554	2	1	1	1
1	2	UID1602596	2	0	0	0
1	2	UID1602625	2	0	0	0
1	2	UID1602637	2	0	0	0
2	3	UID1602644	2	1	1	1
1	2	UID1602717	2	0	0	0
1	2	UID1602718	2	0	0	0
2	3	UID1602813	2	1	1	1
1	2	UID1602847	2	0	0	0
1	2	UID1602947	2	0	0	0
2	3	UID1603064	2	1	1	1
1	2	UID1603097	2	0	0	0
1	2	UID1603135	2	0	0	0
2	3	UID1603155	2	1	1	1
1	2	UID1603177	2	0	0	0
1	2	UID1603182	2	0	0	0
1	2	UID1603183	2	0	0	0
2	3	UID1603242	2	1	1	1
2	3	UID1603293	2	1	1	1
1	2	UID1603294	2	0	0	0
1	2	UID1603455	2	0	0	0
1	2	UID1603483	2	0	0	0
1	2	UID1603527	2	0	0	0
2	3	UID1603554	2	1	1	1
1	2	UID1603630	2	0	0	0
1	2	UID1603671	2	0	0	0
2	3	UID1603736	2	1	1	1
1	2	UID1603792	2	0	0	0
1	2	UID1603799	2	0	0	0
1	2	UID1603815	2	0	0	0
1	2	UID1603816	2	0	0	0
1	2	UID1603899	2	0	0	0
1	2	UID1603900	2	0	0	0
3	4	UID1603917	2	2	1	1
1	2	UID1603962	2	0	0	0
2	3	UID1603994	2	1	1	1
1	2	UID1604000	2	0	0	0
2	3	UID1604001	2	1	1	1
1	2	UID1604018	2	0	0	0
1	2	UID1604027	2	0	0	0
1	2	UID1604054	2	0	0	0
2	4	UID1604056	2	0	1	1
1	2	UID1604109	2	0	0	0
1	2	UID1604144	2	0	0	0
1	2	UID1604146	2	0	0	0
1	2	UID1604192	2	0	0	0
1	2	UID1604215	2	0	0	0
1	2	UID1604265	2	0	0	0
1	2	UID1604438	2	0	0	0
1	2	UID1604471	2	0	0	0
1	2	UID1604480	2	0	0	0
1	2	UID1604507	2	0	0	0
1	2	UID1604548	2	0	0	0
1	2	UID1604577	2	0	0	0
1	2	UID1604600	2	0	0	0
1	2	UID1604605	2	0	0	0
1	2	UID1604625	2	0	0	0
1	2	UID1604649	2	0	0	0
1	2	UID1604655	2	0	0	0
1	2	UID1604656	2	0	0	0
2	3	UID1604677	2	1	1	1
1	2	UID1604683	2	0	0	0
1	2	UID1604698	2	0	0	0
1	2	UID1604704	2	0	0	0
2	3	UID1604705	2	1	1	1
2	3	UID1604744	2	1	1	1
1	2	UID1604802	2	0	0	0
2	3	UID1604809	2	1	1	1
1	2	UID1604860	2	0	0	0
1	2	UID1604886	2	0	0	0
2	3	UID1604888	2	1	1	1
1	2	UID1604909	2	0	0	0
1	2	UID1604914	2	0	0	0
1	2	UID1604918	2	0	0	0
1	2	UID1604997	2	0	0	0
1	2	UID1604999	2	0	0	0
2	3	UID1605032	2	1	1	1
1	2	UID1605082	2	0	0	0
1	2	UID1605087	2	0	0	0
2	3	UID1605172	2	1	1	1
1	2	UID1605183	2	0	0	0
1	2	UID1605237	2	0	0	0
2	3	UID1605266	2	1	1	1
1	2	UID1605278	2	0	0	0
1	2	UID1605347	2	0	0	0
1	2	UID1605355	2	0	0	0
2	3	UID1605366	2	1	1	1
1	2	UID1605408	2	0	0	0
1	2	UID1605409	2	0	0	0
1	2	UID1605417	2	0	0	0
1	2	UID1605426	2	0	0	0
1	2	UID1605466	2	0	0	0
1	2	UID1605468	2	0	0	0
1	2	UID1605509	2	0	0	0
2	3	UID1605553	2	1	1	1
1	2	UID1605580	2	0	0	0
1	2	UID1605581	2	0	0	0
1	2	UID1605583	2	0	0	0
1	2	UID1605616	2	0	0	0
1	2	UID1605661	2	0	0	0
1	2	UID1605675	2	0	0	0
1	2	UID1605685	2	0	0	0
1	2	UID1605739	2	0	0	0
1	2	UID1605768	2	0	0	0
1	2	UID1605776	2	0	0	0
1	2	UID1605780	2	0	0	0
2	3	UID1605803	2	1	1	1
1	2	UID1605828	2	0	0	0
1	2	UID1605861	2	0	0	0
1	2	UID1605862	2	0	0	0
1	2	UID1605955	2	0	0	0
1	2	UID1606019	2	0	0	0
4	6	UID1606065	2	2	2	2
1	2	UID1606099	2	0	0	0
1	2	UID1606102	2	0	0	0
1	2	UID1606110	2	0	0	0
1	2	UID1606112	2	0	0	0
1	2	UID1606119	2	0	0	0
1	2	UID1606122	2	0	0	0
1	2	UID1606126	2	0	0	0
2	3	UID1606149	2	1	1	1
1	2	UID1606191	2	0	0	0
1	2	UID1606192	2	0	0	0
1	2	UID21	2	0	0	0
1	1	UID1575483	1	1	0	0
1	1	UID1606194	1	1	0	0
1	1	UID1606195	1	1	0	0
1	1	UID1606196	1	1	0	0
1	1	UID1606198	1	1	0	0
1	1	UID1606201	1	1	0	0
1	1	UID1606214	1	1	0	0
1	1	UID1606219	1	1	0	0
1	1	UID1606222	1	1	0	0
1	1	UID1606224	1	1	0	0
1	1	UID1606225	1	1	0	0
1	1	UID1606236	1	1	0	0
1	1	UID1606252	1	1	0	0
1	1	UID1606257	1	1	0	0
1	1	UID1606266	1	1	0	0
1	1	UID1606338	1	1	0	0
1	1	UID1606339	1	1	0	0
1	1	UID1606344	1	1	0	0
1	1	UID1606347	1	1	0	0
1	1	UID1606356	1	1	0	0
1	1	UID1606368	1	1	0	0
1	1	UID1606375	1	1	0	0
1	1	UID1606379	1	1	0	0
1	1	UID1606382	1	1	0	0
1	1	UID1606384	1	1	0	0
1	1	UID1606394	1	1	0	0
1	1	UID1606402	1	1	0	0
1	1	UID1606406	1	1	0	0
1	1	UID1606407	1	1	0	0
1	1	UID1606410	1	1	0	0
1	1	UID1606426	1	1	0	0
1	1	UID1606427	1	1	0	0
1	1	UID1606429	1	1	0	0
1	1	UID1606430	1	1	0	0
1	1	UID1606431	1	1	0	0
1	1	UID1606432	1	1	0	0
1	1	UID1606434	1	1	0	0
1	1	UID1606436	1	1	0	0
1	1	UID1606437	1	1	0	0
1	1	UID1606438	1	1	0	0
1	1	UID1606442	1	1	0	0
1	1	UID1606443	1	1	0	0
1	1	UID1606451	1	1	0	0
1	1	UID1606458	1	1	0	0
1	1	UID1606460	1	1	0	0
1	1	UID1606462	1	1	0	0
1	1	UID1606463	1	1	0	0
1	1	UID1606464	1	1	0	0
1	1	UID1606483	1	1	0	0
1	1	UID1606484	1	1	0	0
1	1	UID1606486	1	1	0	0
1	1	UID1606488	1	1	0	0
1	1	UID1606489	1	1	0	0
1	1	UID1606501	1	1	0	0
1	1	UID1606503	1	1	0	0
1	1	UID1606517	1	1	0	0
1	1	UID1606533	1	1	0	0
1	1	UID1606549	1	1	0	0
1	1	UID1606561	1	1	0	0
1	1	UID1606576	1	1	0	0
1	1	UID1606578	1	1	0	0
1	1	UID1606591	1	1	0	0
1	1	UID1606593	1	1	0	0
1	1	UID1606597	1	1	0	0
1	1	UID1606601	1	1	0	0
1	1	UID1606602	1	1	0	0
1	1	UID1606608	1	1	0	0
1	1	UID1606620	1	1	0	0
1	1	UID1606622	1	1	0	0
1	1	UID1606624	1	1	0	0
1	1	UID1606631	1	1	0	0
1	1	UID1606633	1	1	0	0
1	1	UID1606634	1	1	0	0
1	1	UID1606635	1	1	0	0
1	1	UID1606637	1	1	0	0
1	1	UID1606639	1	1	0	0
1	1	UID1606647	1	1	0	0
1	1	UID1606679	1	1	0	0
1	1	UID1606681	1	1	0	0
1	1	UID1606683	1	1	0	0
1	1	UID1606684	1	1	0	0
1	1	UID1606690	1	1	0	0
1	1	UID1606695	1	1	0	0
1	1	UID1606696	1	1	0	0
1	1	UID1606697	1	1	0	0
1	1	UID1606698	1	1	0	0
1	1	UID1606699	1	1	0	0
1	1	UID1606700	1	1	0	0
1	1	UID1606702	1	1	0	0
1	1	UID1606713	1	1	0	0
1	1	UID1606714	1	1	0	0
1	1	UID1606717	1	1	0	0
1	1	UID1606720	1	1	0	0
1	1	UID1606728	1	1	0	0
1	1	UID1606731	1	1	0	0
1	1	UID1606732	1	1	0	0
1	1	UID1606735	1	1	0	0
1	1	UID1606808	1	1	0	0
1	1	UID1606861	1	1	0	0
1	1	UID1606868	1	1	0	0
1	1	UID1606870	1	1	0	0
1	1	UID1606881	1	1	0	0
1	1	UID1606885	1	1	0	0
1	1	UID1606895	1	1	0	0
1	1	UID1606907	1	1	0	0
1	1	UID1606911	1	1	0	0
1	1	UID1606912	1	1	0	0
1	1	UID1606913	1	1	0	0
1	1	UID1606920	1	1	0	0
1	1	UID1606924	1	1	0	0
1	1	UID1606927	1	1	0	0
1	1	UID1606947	1	1	0	0
1	1	UID1606952	1	1	0	0
1	1	UID1606955	1	1	0	0
1	1	UID1606956	1	1	0	0
1	1	UID1606963	1	1	0	0
1	1	UID1606966	1	1	0	0
1	1	UID1606975	1	1	0	0
1	1	UID1606976	1	1	0	0
1	1	UID1606982	1	1	0	0
1	1	UID1606989	1	1	0	0
1	1	UID1606990	1	1	0	0
1	1	UID1606994	1	1	0	0
1	1	UID1607009	1	1	0	0
1	1	UID1607015	1	1	0	0
1	1	UID1607026	1	1	0	0
1	1	UID1607032	1	1	0	0
1	1	UID1607069	1	1	0	0
1	1	UID1607078	1	1	0	0
1	1	UID1607087	1	1	0	0
1	1	UID1607091	1	1	0	0
1	1	UID1607094	1	1	0	0
1	1	UID1607100	1	1	0	0
1	1	UID1607103	1	1	0	0
1	1	UID1607106	1	1	0	0
1	1	UID1607108	1	1	0	0
1	1	UID1607115	1	1	0	0
1	1	UID1607125	1	1	0	0
1	1	UID1607126	1	1	0	0
1	1	UID1607128	1	1	0	0
1	1	UID1607146	1	1	0	0
1	1	UID1607148	1	1	0	0
1	1	UID1607149	1	1	0	0
1	1	UID1607150	1	1	0	0
1	1	UID1607159	1	1	0	0
1	1	UID1607161	1	1	0	0
1	1	UID1607162	1	1	0	0
1	1	UID1607163	1	1	0	0
1	1	UID1607177	1	1	0	0
1	1	UID1607181	1	1	0	0
1	1	UID1607185	1	1	0	0
1	1	UID1607187	1	1	0	0
1	1	UID1607188	1	1	0	0
1	1	UID1607189	1	1	0	0
1	1	UID1607190	1	1	0	0
1	1	UID1607191	1	1	0	0
1	1	UID1607196	1	1	0	0
1	1	UID1607208	1	1	0	0
1	1	UID1607210	1	1	0	0
1	1	UID1607215	1	1	0	0
1	1	UID1607219	1	1	0	0
1	1	UID1607220	1	1	0	0
1	1	UID1607224	1	1	0	0
1	1	UID1607233	1	1	0	0
1	1	UID1607244	1	1	0	0
1	1	UID1607247	1	1	0	0
1	1	UID1607249	1	1	0	0
1	1	UID1607250	1	1	0	0
1	1	UID1607261	1	1	0	0
1	1	UID1607266	1	1	0	0
1	1	UID1607267	1	1	0	0
1	1	UID1607350	1	1	0	0
1	1	UID1607355	1	1	0	0
1	1	UID1607359	1	1	0	0
1	1	UID1607370	1	1	0	0
1	1	UID1607378	1	1	0	0
1	1	UID1607419	1	1	0	0
1	1	UID1607420	1	1	0	0
1	1	UID1607427	1	1	0	0
1	1	UID1607429	1	1	0	0
1	1	UID1607430	1	1	0	0
1	1	UID1607437	1	1	0	0
1	1	UID1607438	1	1	0	0
1	1	UID1607443	1	1	0	0
1	1	UID1607453	1	1	0	0
1	1	UID1607455	1	1	0	0
1	1	UID1607457	1	1	0	0
1	1	UID1607458	1	1	0	0
1	1	UID1607459	1	1	0	0
1	1	UID1607460	1	1	0	0
1	1	UID1607466	1	1	0	0
1	1	UID1607483	1	1	0	0
1	1	UID1607486	1	1	0	0
1	1	UID1607494	1	1	0	0
1	1	UID1607499	1	1	0	0
1	1	UID1607538	1	1	0	0
1	1	UID1607539	1	1	0	0
1	1	UID1607540	1	1	0	0
1	1	UID1607547	1	1	0	0
1	1	UID1607549	1	1	0	0
1	1	UID1607554	1	1	0	0
1	1	UID1607556	1	1	0	0
1	1	UID1607561	1	1	0	0
1	1	UID1607565	1	1	0	0
1	1	UID1607572	1	1	0	0
1	1	UID1607577	1	1	0	0
1	1	UID1607582	1	1	0	0
1	1	UID1607584	1	1	0	0
1	1	UID1607586	1	1	0	0
1	1	UID1607587	1	1	0	0
1	1	UID1607589	1	1	0	0
1	1	UID1607590	1	1	0	0
1	1	UID1607593	1	1	0	0
1	1	UID1607596	1	1	0	0
1	1	UID1607600	1	1	0	0
1	1	UID1607606	1	1	0	0
1	1	UID1607607	1	1	0	0
1	1	UID1607614	1	1	0	0
1	1	UID1607632	1	1	0	0
1	1	UID1607633	1	1	0	0
1	1	UID1607643	1	1	0	0
1	1	UID1607649	1	1	0	0
1	1	UID1607667	1	1	0	0
1	1	UID1607668	1	1	0	0
1	1	UID1607669	1	1	0	0
1	1	UID1607670	1	1	0	0
1	1	UID1607671	1	1	0	0
1	1	UID1607673	1	1	0	0
1	1	UID1607674	1	1	0	0
1	1	UID1607692	1	1	0	0
1	1	UID1607696	1	1	0	0
1	1	UID1607698	1	1	0	0
1	1	UID1607707	1	1	0	0
1	1	UID1607711	1	1	0	0
1	1	UID1607717	1	1	0	0
1	1	UID1607718	1	1	0	0
1	1	UID1607720	1	1	0	0
1	1	UID1607721	1	1	0	0
1	1	UID1607724	1	1	0	0
1	1	UID1607725	1	1	0	0
1	1	UID1607729	1	1	0	0
1	1	UID1607740	1	1	0	0
1	1	UID1607759	1	1	0	0
1	1	UID1607761	1	1	0	0
1	1	UID1607763	1	1	0	0
1	1	UID1607766	1	1	0	0
1	1	UID1607768	1	1	0	0
1	1	UID1607769	1	1	0	0
1	1	UID1607774	1	1	0	0
1	1	UID1607775	1	1	0	0
1	1	UID1607777	1	1	0	0
1	1	UID1607783	1	1	0	0
1	1	UID1607788	1	1	0	0
1	1	UID1607789	1	1	0	0
1	1	UID1607790	1	1	0	0
1	1	UID1607792	1	1	0	0
1	1	UID1607793	1	1	0	0
1	1	UID1607845	1	1	0	0
1	1	UID1607847	1	1	0	0
1	1	UID1607848	1	1	0	0
1	1	UID1607856	1	1	0	0
1	1	UID1607858	1	1	0	0
1	1	UID1607871	1	1	0	0
1	1	UID1607873	1	1	0	0
1	1	UID1607875	1	1	0	0
1	1	UID1607876	1	1	0	0
1	1	UID1607878	1	1	0	0
1	1	UID1607880	1	1	0	0
1	1	UID1607881	1	1	0	0
1	1	UID1607889	1	1	0	0
1	1	UID1607893	1	1	0	0
1	1	UID1607896	1	1	0	0
1	1	UID1607897	1	1	0	0
1	1	UID1607898	1	1	0	0
1	1	UID1607903	1	1	0	0
1	1	UID1607905	1	1	0	0
1	1	UID1607908	1	1	0	0
1	1	UID1607909	1	1	0	0
1	1	UID1607925	1	1	0	0
1	1	UID1607940	1	1	0	0
1	1	UID1607952	1	1	0	0
1	1	UID1608003	1	1	0	0
1	1	UID1608008	1	1	0	0
1	1	UID1608019	1	1	0	0
1	1	UID1608051	1	1	0	0
1	1	UID1608063	1	1	0	0
1	1	UID1608067	1	1	0	0
1	1	UID1608069	1	1	0	0
1	1	UID1608072	1	1	0	0
1	1	UID1608076	1	1	0	0
1	1	UID1608078	1	1	0	0
1	1	UID1608103	1	1	0	0
1	1	UID1608104	1	1	0	0
1	1	UID1608105	1	1	0	0
1	1	UID1608110	1	1	0	0
1	1	UID1608114	1	1	0	0
1	1	UID1608117	1	1	0	0
1	1	UID1608127	1	1	0	0
1	1	UID1608129	1	1	0	0
1	1	UID1608133	1	1	0	0
1	1	UID1608136	1	1	0	0
1	1	UID1608138	1	1	0	0
1	1	UID1608142	1	1	0	0
1	1	UID1608143	1	1	0	0
1	1	UID1608147	1	1	0	0
1	1	UID1608151	1	1	0	0
1	1	UID1608155	1	1	0	0
1	1	UID1608160	1	1	0	0
1	1	UID1608211	1	1	0	0
1	1	UID1608212	1	1	0	0
1	1	UID1608213	1	1	0	0
1	1	UID1608216	1	1	0	0
1	1	UID1608217	1	1	0	0
1	1	UID1608218	1	1	0	0
1	1	UID1608219	1	1	0	0
1	1	UID1608222	1	1	0	0
1	1	UID1608225	1	1	0	0
1	1	UID1608226	1	1	0	0
1	1	UID1608230	1	1	0	0
1	1	UID1608231	1	1	0	0
1	1	UID1608232	1	1	0	0
1	1	UID1608237	1	1	0	0
1	1	UID1608246	1	1	0	0
1	1	UID1608254	1	1	0	0
1	1	UID1608321	1	1	0	0
1	1	UID1608327	1	1	0	0
1	1	UID1608343	1	1	0	0
1	1	UID1608366	1	1	0	0
1	1	UID1608379	1	1	0	0
1	1	UID1608387	1	1	0	0
1	1	UID1608389	1	1	0	0
1	1	UID1608395	1	1	0	0
1	1	UID1608396	1	1	0	0
1	1	UID1608398	1	1	0	0
1	1	UID1608400	1	1	0	0
1	1	UID1608412	1	1	0	0
1	1	UID1608415	1	1	0	0
1	1	UID1608416	1	1	0	0
1	1	UID1608417	1	1	0	0
1	1	UID1608418	1	1	0	0
1	1	UID1608427	1	1	0	0
1	1	UID1608428	1	1	0	0
1	1	UID1608429	1	1	0	0
1	1	UID1608432	1	1	0	0
1	1	UID1608433	1	1	0	0
1	1	UID1608435	1	1	0	0
1	1	UID1608436	1	1	0	0
1	1	UID1608437	1	1	0	0
1	1	UID1608440	1	1	0	0
1	1	UID1608441	1	1	0	0
1	1	UID1608442	1	1	0	0
1	1	UID1608447	1	1	0	0
1	1	UID1608449	1	1	0	0
1	1	UID1608451	1	1	0	0
1	1	UID1608454	1	1	0	0
1	1	UID1608456	1	1	0	0
1	1	UID1608457	1	1	0	0
1	1	UID1608462	1	1	0	0
1	1	UID1608465	1	1	0	0
1	1	UID1608467	1	1	0	0
1	1	UID1608468	1	1	0	0
1	1	UID1608477	1	1	0	0
1	1	UID1608486	1	1	0	0
1	1	UID1608487	1	1	0	0
1	1	UID1608488	1	1	0	0
1	1	UID1608492	1	1	0	0
1	1	UID1608501	1	1	0	0
1	1	UID1608504	1	1	0	0
1	1	UID1608510	1	1	0	0
1	1	UID1608512	1	1	0	0
1	1	UID1608539	1	1	0	0
1	1	UID1608565	1	1	0	0
1	1	UID1608571	1	1	0	0
1	1	UID1608584	1	1	0	0
1	1	UID1608585	1	1	0	0
1	1	UID1608588	1	1	0	0
1	1	UID1608591	1	1	0	0
1	1	UID1608592	1	1	0	0
1	1	UID1608594	1	1	0	0
1	1	UID1608596	1	1	0	0
1	1	UID1608602	1	1	0	0
1	1	UID1608603	1	1	0	0
1	1	UID1608605	1	1	0	0
1	1	UID1608606	1	1	0	0
1	1	UID1608608	1	1	0	0
1	1	UID1608614	1	1	0	0
1	1	UID1608624	1	1	0	0
1	1	UID1608625	1	1	0	0
1	1	UID1608630	1	1	0	0
1	1	UID1608631	1	1	0	0
1	1	UID1608636	1	1	0	0
1	1	UID1608641	1	1	0	0
1	1	UID1608646	1	1	0	0
1	1	UID1608655	1	1	0	0
1	1	UID1608660	1	1	0	0
1	1	UID1608672	1	1	0	0
1	1	UID1608747	1	1	0	0
1	1	UID1608751	1	1	0	0
1	1	UID1608755	1	1	0	0
1	1	UID1608770	1	1	0	0
1	1	UID1608784	1	1	0	0
1	1	UID1608787	1	1	0	0
2	2	UID1608810	1	2	1	1
1	1	UID1608818	1	1	0	0
2	2	UID1608827	1	2	1	1
1	1	UID1608830	1	1	0	0
2	2	UID1608834	1	2	1	1
1	1	UID1608842	1	1	0	0
1	1	UID1608843	1	1	0	0
1	1	UID1608844	1	1	0	0
1	1	UID1608845	1	1	0	0
1	1	UID1608846	1	1	0	0
1	1	UID1608851	1	1	0	0
1	1	UID1608852	1	1	0	0
1	1	UID1608855	1	1	0	0
1	1	UID1608857	1	1	0	0
1	1	UID1608858	1	1	0	0
1	1	UID1608861	1	1	0	0
1	1	UID1608864	1	1	0	0
1	1	UID1608868	1	1	0	0
1	1	UID1608870	1	1	0	0
1	1	UID1608876	1	1	0	0
2	2	UID1608878	1	2	1	1
1	1	UID1608881	1	1	0	0
1	1	UID1608885	1	1	0	0
1	1	UID1608886	1	1	0	0
1	1	UID1608913	1	1	0	0
1	1	UID1608934	1	1	0	0
1	1	UID1608936	1	1	0	0
1	1	UID1608944	1	1	0	0
1	1	UID1608948	1	1	0	0
1	1	UID1608954	1	1	0	0
1	1	UID1608956	1	1	0	0
1	1	UID1608959	1	1	0	0
1	1	UID1608961	1	1	0	0
1	1	UID1608963	1	1	0	0
1	1	UID1608968	1	1	0	0
1	1	UID1608969	1	1	0	0
1	1	UID1608970	1	1	0	0
1	1	UID1608973	1	1	0	0
1	1	UID1608979	1	1	0	0
1	1	UID1608980	1	1	0	0
1	1	UID1608981	1	1	0	0
1	1	UID1608988	1	1	0	0
1	1	UID1608989	1	1	0	0
1	1	UID1608990	1	1	0	0
1	1	UID1608991	1	1	0	0
1	1	UID1608993	1	1	0	0
1	1	UID1609041	1	1	0	0
1	1	UID1609043	1	1	0	0
1	1	UID1609048	1	1	0	0
1	1	UID1609050	1	1	0	0
1	1	UID1609052	1	1	0	0
1	1	UID1609054	1	1	0	0
1	1	UID1609059	1	1	0	0
1	1	UID1609064	1	1	0	0
1	1	UID1609081	1	1	0	0
1	1	UID1609082	1	1	0	0
1	1	UID1609088	1	1	0	0
1	1	UID1609123	1	1	0	0
1	1	UID1609139	1	1	0	0
1	1	UID1609206	1	1	0	0
1	1	UID1609209	1	1	0	0
1	1	UID1609214	1	1	0	0
1	1	UID1609218	1	1	0	0
1	1	UID1609221	1	1	0	0
1	1	UID1609246	1	1	0	0
1	1	UID1609248	1	1	0	0
1	1	UID1609261	1	1	0	0
1	1	UID1609267	1	1	0	0
1	1	UID1609274	1	1	0	0
1	1	UID1609276	1	1	0	0
1	1	UID1609289	1	1	0	0
1	1	UID1609290	1	1	0	0
1	1	UID1609331	1	1	0	0
1	1	UID1609367	1	1	0	0
1	1	UID1609372	1	1	0	0
1	1	UID1609374	1	1	0	0
1	1	UID1609375	1	1	0	0
1	1	UID1609382	1	1	0	0
1	1	UID1609384	1	1	0	0
1	1	UID1609389	1	1	0	0
1	1	UID1609393	1	1	0	0
1	1	UID1609394	1	1	0	0
1	1	UID1609395	1	1	0	0
1	1	UID1609398	1	1	0	0
1	1	UID1609399	1	1	0	0
1	1	UID1609400	1	1	0	0
1	1	UID1609403	1	1	0	0
1	1	UID1609415	1	1	0	0
1	1	UID1609434	1	1	0	0
1	1	UID1609440	1	1	0	0
1	1	UID1609444	1	1	0	0
1	1	UID1609454	1	1	0	0
1	1	UID1609459	1	1	0	0
1	1	UID1609468	1	1	0	0
2	2	UID1609469	1	2	1	1
1	1	UID1609498	1	1	0	0
1	1	UID1609519	1	1	0	0
1	1	UID1609526	1	1	0	0
1	1	UID1609533	1	1	0	0
1	1	UID1609537	1	1	0	0
1	1	UID1609555	1	1	0	0
1	1	UID1609557	1	1	0	0
1	1	UID1609578	1	1	0	0
1	1	UID1609580	1	1	0	0
1	1	UID1609584	1	1	0	0
1	1	UID1609595	1	1	0	0
1	1	UID1609597	1	1	0	0
1	1	UID1609598	1	1	0	0
1	1	UID1609599	1	1	0	0
1	1	UID1609602	1	1	0	0
1	1	UID1609607	1	1	0	0
1	1	UID1609608	1	1	0	0
1	1	UID1609613	1	1	0	0
1	1	UID1609616	1	1	0	0
1	1	UID1609628	1	1	0	0
1	1	UID1609630	1	1	0	0
1	1	UID1609633	1	1	0	0
1	1	UID1609636	1	1	0	0
1	1	UID1609639	1	1	0	0
1	1	UID1609641	1	1	0	0
1	1	UID1609644	1	1	0	0
1	1	UID1609646	1	1	0	0
1	1	UID1609650	1	1	0	0
1	1	UID1609671	1	1	0	0
1	1	UID1609673	1	1	0	0
1	1	UID1609674	1	1	0	0
1	1	UID1609677	1	1	0	0
1	1	UID1609686	1	1	0	0
1	1	UID1609692	1	1	0	0
1	1	UID1609693	1	1	0	0
1	1	UID1609694	1	1	0	0
1	1	UID1609697	1	1	0	0
1	1	UID1609702	1	1	0	0
1	1	UID1609703	1	1	0	0
1	1	UID1609706	1	1	0	0
1	1	UID1609708	1	1	0	0
1	1	UID1609710	1	1	0	0
1	1	UID1609711	1	1	0	0
1	1	UID1609714	1	1	0	0
1	1	UID1609715	1	1	0	0
1	1	UID1609718	1	1	0	0
1	1	UID1609727	1	1	0	0
1	1	UID1609732	1	1	0	0
1	1	UID1609734	1	1	0	0
1	1	UID1609740	1	1	0	0
1	1	UID1609758	1	1	0	0
1	1	UID1609776	1	1	0	0
1	1	UID1609842	1	1	0	0
1	1	UID1609851	1	1	0	0
1	1	UID1609865	1	1	0	0
1	1	UID1609871	1	1	0	0
1	1	UID1609872	1	1	0	0
1	1	UID1609876	1	1	0	0
1	1	UID1609893	1	1	0	0
1	1	UID1609911	1	1	0	0
1	1	UID1609912	1	1	0	0
1	1	UID1609933	1	1	0	0
1	1	UID1609938	1	1	0	0
1	1	UID1609940	1	1	0	0
1	1	UID1609949	1	1	0	0
1	1	UID1609958	1	1	0	0
1	1	UID1609964	1	1	0	0
1	1	UID1609977	1	1	0	0
1	1	UID1609978	1	1	0	0
1	1	UID1610027	1	1	0	0
1	1	UID1610037	1	1	0	0
1	1	UID1610050	1	1	0	0
1	1	UID1610056	1	1	0	0
1	1	UID1610060	1	1	0	0
1	1	UID1610075	1	1	0	0
1	1	UID1610077	1	1	0	0
1	1	UID1610079	1	1	0	0
1	1	UID1610087	1	1	0	0
1	1	UID1610090	1	1	0	0
1	1	UID1610091	1	1	0	0
1	1	UID1610092	1	1	0	0
1	1	UID1610093	1	1	0	0
1	1	UID1610101	1	1	0	0
1	1	UID1610106	1	1	0	0
1	1	UID1610111	1	1	0	0
1	1	UID1610113	1	1	0	0
1	1	UID1610114	1	1	0	0
1	1	UID1610116	1	1	0	0
1	1	UID1610123	1	1	0	0
1	1	UID1610127	1	1	0	0
1	1	UID1610128	1	1	0	0
1	1	UID1610131	1	1	0	0
1	1	UID1610133	1	1	0	0
1	1	UID1610135	1	1	0	0
1	1	UID1610144	1	1	0	0
1	1	UID1610145	1	1	0	0
1	1	UID1610147	1	1	0	0
1	1	UID1610148	1	1	0	0
1	1	UID1610149	1	1	0	0
1	1	UID1610151	1	1	0	0
1	1	UID1610156	1	1	0	0
1	1	UID1610159	1	1	0	0
1	1	UID1610161	1	1	0	0
1	1	UID1610163	1	1	0	0
1	1	UID1610164	1	1	0	0
1	1	UID1610165	1	1	0	0
1	1	UID1610171	1	1	0	0
1	1	UID1610175	1	1	0	0
1	1	UID1610190	1	1	0	0
1	1	UID1610198	1	1	0	0
1	1	UID1610204	1	1	0	0
1	1	UID1610205	1	1	0	0
1	1	UID1610209	1	1	0	0
1	1	UID1610211	1	1	0	0
1	1	UID1610213	1	1	0	0
1	1	UID1610218	1	1	0	0
1	1	UID1610222	1	1	0	0
1	1	UID1610234	1	1	0	0
1	1	UID1610240	1	1	0	0
1	1	UID1610253	1	1	0	0
1	1	UID1610255	1	1	0	0
1	1	UID1610278	1	1	0	0
1	1	UID1610281	1	1	0	0
1	1	UID1610325	1	1	0	0
1	1	UID1610348	1	1	0	0
1	1	UID1610359	1	1	0	0
1	1	UID1610376	1	1	0	0
1	1	UID1610387	1	1	0	0
1	1	UID1610391	1	1	0	0
1	1	UID1610409	1	1	0	0
1	1	UID1610410	1	1	0	0
1	1	UID1610417	1	1	0	0
1	1	UID1610418	1	1	0	0
1	1	UID1610419	1	1	0	0
1	1	UID1610421	1	1	0	0
1	1	UID1610424	1	1	0	0
1	1	UID1610434	1	1	0	0
1	1	UID1610440	1	1	0	0
1	1	UID1610444	1	1	0	0
1	1	UID1610448	1	1	0	0
1	1	UID1610452	1	1	0	0
1	1	UID1610453	1	1	0	0
1	1	UID1610455	1	1	0	0
1	1	UID1610456	1	1	0	0
1	1	UID1610460	1	1	0	0
1	1	UID1610462	1	1	0	0
1	1	UID1610464	1	1	0	0
1	1	UID1610467	1	1	0	0
1	1	UID1610468	1	1	0	0
1	1	UID1610469	1	1	0	0
1	1	UID1610472	1	1	0	0
1	1	UID1610489	1	1	0	0
1	1	UID1610512	1	1	0	0
1	1	UID1610519	1	1	0	0
1	1	UID1610521	1	1	0	0
1	1	UID1610523	1	1	0	0
1	1	UID1610527	1	1	0	0
1	1	UID1610532	1	1	0	0
1	1	UID1610546	1	1	0	0
1	1	UID1610549	1	1	0	0
1	1	UID1610550	1	1	0	0
1	1	UID1610553	1	1	0	0
1	1	UID1610554	1	1	0	0
1	1	UID1610555	1	1	0	0
1	1	UID1610556	1	1	0	0
1	1	UID1610569	1	1	0	0
1	1	UID1610570	1	1	0	0
1	1	UID1610574	1	1	0	0
1	1	UID1610577	1	1	0	0
1	1	UID1610585	1	1	0	0
1	1	UID1610587	1	1	0	0
1	1	UID1610601	1	1	0	0
1	1	UID1610604	1	1	0	0
1	1	UID1610606	1	1	0	0
1	1	UID1610607	1	1	0	0
1	1	UID1610608	1	1	0	0
1	1	UID1610610	1	1	0	0
1	1	UID1610611	1	1	0	0
1	1	UID1610615	1	1	0	0
1	1	UID1610620	1	1	0	0
1	1	UID1610636	1	1	0	0
1	1	UID1610637	1	1	0	0
1	1	UID1610672	1	1	0	0
1	1	UID1610714	1	1	0	0
1	1	UID1610719	1	1	0	0
2	2	UID1610746	1	2	1	1
1	1	UID1610798	1	1	0	0
1	1	UID1610803	1	1	0	0
1	1	UID1610818	1	1	0	0
1	1	UID1610839	1	1	0	0
1	1	UID1610853	1	1	0	0
1	1	UID1610859	1	1	0	0
1	1	UID1610863	1	1	0	0
1	1	UID1610878	1	1	0	0
1	1	UID1610879	1	1	0	0
1	1	UID1610903	1	1	0	0
1	1	UID1610932	1	1	0	0
1	1	UID1610940	1	1	0	0
1	1	UID1610949	1	1	0	0
1	1	UID1610971	1	1	0	0
1	1	UID1610973	1	1	0	0
1	1	UID1610976	1	1	0	0
1	1	UID1610979	1	1	0	0
1	1	UID1610980	1	1	0	0
1	1	UID1610988	1	1	0	0
1	1	UID1611000	1	1	0	0
1	1	UID1611073	1	1	0	0
1	1	UID1611086	1	1	0	0
1	1	UID1611091	1	1	0	0
1	1	UID1611100	1	1	0	0
1	1	UID1611101	1	1	0	0
1	1	UID1611112	1	1	0	0
1	1	UID1611113	1	1	0	0
1	1	UID1611114	1	1	0	0
1	1	UID1611126	1	1	0	0
1	1	UID1611130	1	1	0	0
1	1	UID1611131	1	1	0	0
1	1	UID1611133	1	1	0	0
1	1	UID1611137	1	1	0	0
1	1	UID1611138	1	1	0	0
1	1	UID1611140	1	1	0	0
1	1	UID1611147	1	1	0	0
1	1	UID1611150	1	1	0	0
1	1	UID1611160	1	1	0	0
1	1	UID1611168	1	1	0	0
1	1	UID1611169	1	1	0	0
1	1	UID1611170	1	1	0	0
1	1	UID1611172	1	1	0	0
1	1	UID1611173	1	1	0	0
1	1	UID1611175	1	1	0	0
1	1	UID1611176	1	1	0	0
1	1	UID1611178	1	1	0	0
1	1	UID1611211	1	1	0	0
1	1	UID1611227	1	1	0	0
1	1	UID1611254	1	1	0	0
1	1	UID1611298	1	1	0	0
1	1	UID1611306	1	1	0	0
1	1	UID1611307	1	1	0	0
1	1	UID1611318	1	1	0	0
1	1	UID1611321	1	1	0	0
1	1	UID1611323	1	1	0	0
1	1	UID1611331	1	1	0	0
1	1	UID1611349	1	1	0	0
1	1	UID1611409	1	1	0	0
1	1	UID1611430	1	1	0	0
1	1	UID1611431	1	1	0	0
1	1	UID1611442	1	1	0	0
1	1	UID1611445	1	1	0	0
1	1	UID1611446	1	1	0	0
1	1	UID1611460	1	1	0	0
1	1	UID1611464	1	1	0	0
1	1	UID1611468	1	1	0	0
1	1	UID1611472	1	1	0	0
1	1	UID1611473	1	1	0	0
1	1	UID1611475	1	1	0	0
1	1	UID1611476	1	1	0	0
1	1	UID1611479	1	1	0	0
1	1	UID1611490	1	1	0	0
1	1	UID1611499	1	1	0	0
1	1	UID1611535	1	1	0	0
1	1	UID1611551	1	1	0	0
1	1	UID1611558	1	1	0	0
1	1	UID1611567	1	1	0	0
1	1	UID1611576	1	1	0	0
1	1	UID1611596	1	1	0	0
1	1	UID1611599	1	1	0	0
1	1	UID1611600	1	1	0	0
1	1	UID1611601	1	1	0	0
1	1	UID1611606	1	1	0	0
1	1	UID1611618	1	1	0	0
1	1	UID1611619	1	1	0	0
1	1	UID1611621	1	1	0	0
1	1	UID1611628	1	1	0	0
1	1	UID1611639	1	1	0	0
1	1	UID1611640	1	1	0	0
1	1	UID1611641	1	1	0	0
1	1	UID1611653	1	1	0	0
1	1	UID1611656	1	1	0	0
1	1	UID1611693	1	1	0	0
1	1	UID1611696	1	1	0	0
1	1	UID1611713	1	1	0	0
1	1	UID1611734	1	1	0	0
1	1	UID1611741	1	1	0	0
1	1	UID1611761	1	1	0	0
1	1	UID1611768	1	1	0	0
1	1	UID1611778	1	1	0	0
1	1	UID1611779	1	1	0	0
1	1	UID1611780	1	1	0	0
1	1	UID1611782	1	1	0	0
1	1	UID1611792	1	1	0	0
1	1	UID1611795	1	1	0	0
1	1	UID1611796	1	1	0	0
1	1	UID1611803	1	1	0	0
1	1	UID1611807	1	1	0	0
1	1	UID1611816	1	1	0	0
1	1	UID1611817	1	1	0	0
1	1	UID1611820	1	1	0	0
1	1	UID1611822	1	1	0	0
1	1	UID1611827	1	1	0	0
1	1	UID1611829	1	1	0	0
1	1	UID1611830	1	1	0	0
1	1	UID1611831	1	1	0	0
1	1	UID1611832	1	1	0	0
1	1	UID1611833	1	1	0	0
1	1	UID1611835	1	1	0	0
1	1	UID1611836	1	1	0	0
1	1	UID1611837	1	1	0	0
1	1	UID1611838	1	1	0	0
1	1	UID1611840	1	1	0	0
1	1	UID1611841	1	1	0	0
1	1	UID1611842	1	1	0	0
1	1	UID1611843	1	1	0	0
1	1	UID1611847	1	1	0	0
1	1	UID1611848	1	1	0	0
1	1	UID1611866	1	1	0	0
1	1	UID1611880	1	1	0	0
1	1	UID1611881	1	1	0	0
1	1	UID1611898	1	1	0	0
1	1	UID1611901	1	1	0	0
1	1	UID1611912	1	1	0	0
1	1	UID1611918	1	1	0	0
1	1	UID1611919	1	1	0	0
1	1	UID1611949	1	1	0	0
1	1	UID1611953	1	1	0	0
1	1	UID1611955	1	1	0	0
1	1	UID1611959	1	1	0	0
1	1	UID1611960	1	1	0	0
1	1	UID1611965	1	1	0	0
1	1	UID1611973	1	1	0	0
1	1	UID1611975	1	1	0	0
1	1	UID1611994	1	1	0	0
1	1	UID1612114	1	1	0	0
1	1	UID1612134	1	1	0	0
1	1	UID1612140	1	1	0	0
1	1	UID1612142	1	1	0	0
1	1	UID1612150	1	1	0	0
1	1	UID1612174	1	1	0	0
1	1	UID1612178	1	1	0	0
1	1	UID1612180	1	1	0	0
1	1	UID1612182	1	1	0	0
1	1	UID1612187	1	1	0	0
1	1	UID1612188	1	1	0	0
1	1	UID1612189	1	1	0	0
1	1	UID1612198	1	1	0	0
1	1	UID1612235	1	1	0	0
1	1	UID1612242	1	1	0	0
1	1	UID1612243	1	1	0	0
1	1	UID1612251	1	1	0	0
1	1	UID1612252	1	1	0	0
1	1	UID1612254	1	1	0	0
1	1	UID1612257	1	1	0	0
1	1	UID1612258	1	1	0	0
1	1	UID1612261	1	1	0	0
1	1	UID1612262	1	1	0	0
1	1	UID1612270	1	1	0	0
1	1	UID1612322	1	1	0	0
1	1	UID1612324	1	1	0	0
1	1	UID1612327	1	1	0	0
1	1	UID1612330	1	1	0	0
1	1	UID1612341	1	1	0	0
1	1	UID1612348	1	1	0	0
1	1	UID1612352	1	1	0	0
1	1	UID1612356	1	1	0	0
1	1	UID1612394	1	1	0	0
1	1	UID1612397	1	1	0	0
1	1	UID1612410	1	1	0	0
1	1	UID1612416	1	1	0	0
1	1	UID1612417	1	1	0	0
1	1	UID1612418	1	1	0	0
1	1	UID1612421	1	1	0	0
1	1	UID1612426	1	1	0	0
1	1	UID1612427	1	1	0	0
1	1	UID1612428	1	1	0	0
1	1	UID1612432	1	1	0	0
1	1	UID1612439	1	1	0	0
1	1	UID1612440	1	1	0	0
1	1	UID1612444	1	1	0	0
1	1	UID1612445	1	1	0	0
1	1	UID1612455	1	1	0	0
1	1	UID1612457	1	1	0	0
1	1	UID1612472	1	1	0	0
1	1	UID1612480	1	1	0	0
1	1	UID1612516	1	1	0	0
1	1	UID1612534	1	1	0	0
1	1	UID1612543	1	1	0	0
1	1	UID1612560	1	1	0	0
1	1	UID1612564	1	1	0	0
1	1	UID1612566	1	1	0	0
1	1	UID1612567	1	1	0	0
1	1	UID1612587	1	1	0	0
1	1	UID1612593	1	1	0	0
1	1	UID1612596	1	1	0	0
1	1	UID1612632	1	1	0	0
1	1	UID1612635	1	1	0	0
1	1	UID1612638	1	1	0	0
1	1	UID1612643	1	1	0	0
1	1	UID1612645	1	1	0	0
1	1	UID1612646	1	1	0	0
1	1	UID1612651	1	1	0	0
1	1	UID1612654	1	1	0	0
1	1	UID1612655	1	1	0	0
1	1	UID1612656	1	1	0	0
1	1	UID1612657	1	1	0	0
1	1	UID1612666	1	1	0	0
1	1	UID1612673	1	1	0	0
1	1	UID1612686	1	1	0	0
1	1	UID1612688	1	1	0	0
1	1	UID1612690	1	1	0	0
1	1	UID1612691	1	1	0	0
1	1	UID1612692	1	1	0	0
1	1	UID1612695	1	1	0	0
1	1	UID1612700	1	1	0	0
1	1	UID1612740	1	1	0	0
1	1	UID1612751	1	1	0	0
1	1	UID1612753	1	1	0	0
1	1	UID1612760	1	1	0	0
1	1	UID1612762	1	1	0	0
1	1	UID1612763	1	1	0	0
1	1	UID1612765	1	1	0	0
1	1	UID1612767	1	1	0	0
1	1	UID1612769	1	1	0	0
1	1	UID1612778	1	1	0	0
1	1	UID1612779	1	1	0	0
1	1	UID1612781	1	1	0	0
1	1	UID1612786	1	1	0	0
1	1	UID1612791	1	1	0	0
1	1	UID1612793	1	1	0	0
1	1	UID1612794	1	1	0	0
1	1	UID1612833	1	1	0	0
1	1	UID1612855	1	1	0	0
1	1	UID1612856	1	1	0	0
1	1	UID1612859	1	1	0	0
1	1	UID1612864	1	1	0	0
1	1	UID1612871	1	1	0	0
1	1	UID1612873	1	1	0	0
1	1	UID1612875	1	1	0	0
1	1	UID1612878	1	1	0	0
1	1	UID1612881	1	1	0	0
1	1	UID1612889	1	1	0	0
1	1	UID1612897	1	1	0	0
1	1	UID1612906	1	1	0	0
1	1	UID1612924	1	1	0	0
1	1	UID1612963	1	1	0	0
1	1	UID1612976	1	1	0	0
1	1	UID1612989	1	1	0	0
1	1	UID1612992	1	1	0	0
1	1	UID1612993	1	1	0	0
1	1	UID1612995	1	1	0	0
1	1	UID1612999	1	1	0	0
1	1	UID1613010	1	1	0	0
1	1	UID1613027	1	1	0	0
1	1	UID1613044	1	1	0	0
1	1	UID1613092	1	1	0	0
1	1	UID1613134	1	1	0	0
1	1	UID1613158	1	1	0	0
1	1	UID1613165	1	1	0	0
1	1	UID1613166	1	1	0	0
1	1	UID1613175	1	1	0	0
1	1	UID1613185	1	1	0	0
1	1	UID1613189	1	1	0	0
1	1	UID1613190	1	1	0	0
1	1	UID1613199	1	1	0	0
1	1	UID1613218	1	1	0	0
1	1	UID1613257	1	1	0	0
1	1	UID1613273	1	1	0	0
1	1	UID1613303	1	1	0	0
1	1	UID1613304	1	1	0	0
1	1	UID1613306	1	1	0	0
1	1	UID1613307	1	1	0	0
1	1	UID1613309	1	1	0	0
1	1	UID1613311	1	1	0	0
1	1	UID1613315	1	1	0	0
1	1	UID1613320	1	1	0	0
1	1	UID1613321	1	1	0	0
1	1	UID1613367	1	1	0	0
1	1	UID1613384	1	1	0	0
1	1	UID1613388	1	1	0	0
1	1	UID1613402	1	1	0	0
1	1	UID1613435	1	1	0	0
1	1	UID1613454	1	1	0	0
1	1	UID1613456	1	1	0	0
1	1	UID1613459	1	1	0	0
1	1	UID1613460	1	1	0	0
1	1	UID1613465	1	1	0	0
1	1	UID1613471	1	1	0	0
1	1	UID1613482	1	1	0	0
1	1	UID1613484	1	1	0	0
1	1	UID1613486	1	1	0	0
1	1	UID1613488	1	1	0	0
1	1	UID1613505	1	1	0	0
1	1	UID1613524	1	1	0	0
1	1	UID1613596	1	1	0	0
1	1	UID1613611	1	1	0	0
1	1	UID1613626	1	1	0	0
1	1	UID1613662	1	1	0	0
1	1	UID1613674	1	1	0	0
1	1	UID1613711	1	1	0	0
1	1	UID1613780	1	1	0	0
1	1	UID1613785	1	1	0	0
1	1	UID1613801	1	1	0	0
1	1	UID1613806	1	1	0	0
1	1	UID1613807	1	1	0	0
1	1	UID1613822	1	1	0	0
1	1	UID1613823	1	1	0	0
1	1	UID1613827	1	1	0	0
1	1	UID1613853	1	1	0	0
1	1	UID1613869	1	1	0	0
1	1	UID1613927	1	1	0	0
1	1	UID1613934	1	1	0	0
1	1	UID1613972	1	1	0	0
1	1	UID1613975	1	1	0	0
1	1	UID1613993	1	1	0	0
1	1	UID1614002	1	1	0	0
1	1	UID1614023	1	1	0	0
1	1	UID1614049	1	1	0	0
1	1	UID1614102	1	1	0	0
1	1	UID1614110	1	1	0	0
1	1	UID1614123	1	1	0	0
1	1	UID1614131	1	1	0	0
1	1	UID1614139	1	1	0	0
1	1	UID1614142	1	1	0	0
1	1	UID1614152	1	1	0	0
1	1	UID1614160	1	1	0	0
1	1	UID1614164	1	1	0	0
1	1	UID1614165	1	1	0	0
1	1	UID1614176	1	1	0	0
1	1	UID1614187	1	1	0	0
1	1	UID1614188	1	1	0	0
1	1	UID1614196	1	1	0	0
1	1	UID1614197	1	1	0	0
1	1	UID1614231	1	1	0	0
1	1	UID1614251	1	1	0	0
1	1	UID1614269	1	1	0	0
1	1	UID1614270	1	1	0	0
1	1	UID1614280	1	1	0	0
1	1	UID1614291	1	1	0	0
1	1	UID1614293	1	1	0	0
1	1	UID1614312	1	1	0	0
1	1	UID1614314	1	1	0	0
1	1	UID1614422	1	1	0	0
1	1	UID1614431	1	1	0	0
1	1	UID1614446	1	1	0	0
1	1	UID1614456	1	1	0	0
1	1	UID1614469	1	1	0	0
1	1	UID1614471	1	1	0	0
1	1	UID1614472	1	1	0	0
1	1	UID1614473	1	1	0	0
1	1	UID1614480	1	1	0	0
1	1	UID1614481	1	1	0	0
1	1	UID1614483	1	1	0	0
1	1	UID1614484	1	1	0	0
1	1	UID1614486	1	1	0	0
1	1	UID1614487	1	1	0	0
1	1	UID1614510	1	1	0	0
1	1	UID1614524	1	1	0	0
1	1	UID1614575	1	1	0	0
1	1	UID1614584	1	1	0	0
1	1	UID1614597	1	1	0	0
1	1	UID1614601	1	1	0	0
1	1	UID1614606	1	1	0	0
1	1	UID1614624	1	1	0	0
1	1	UID1614626	1	1	0	0
1	1	UID1614663	1	1	0	0
1	1	UID1614715	1	1	0	0
1	1	UID1614721	1	1	0	0
1	1	UID1614735	1	1	0	0
1	1	UID1614781	1	1	0	0
1	1	UID1614782	1	1	0	0
1	1	UID1614786	1	1	0	0
1	1	UID1614799	1	1	0	0
1	1	UID1614802	1	1	0	0
1	1	UID1614817	1	1	0	0
1	1	UID1614819	1	1	0	0
1	1	UID1614873	1	1	0	0
1	1	UID1614879	1	1	0	0
1	1	UID1614890	1	1	0	0
1	1	UID1614905	1	1	0	0
1	1	UID1614941	1	1	0	0
1	1	UID1614943	1	1	0	0
1	1	UID1614970	1	1	0	0
1	1	UID1614980	1	1	0	0
1	1	UID1615059	1	1	0	0
1	1	UID1615060	1	1	0	0
1	1	UID1615110	1	1	0	0
1	1	UID1615121	1	1	0	0
1	1	UID1615144	1	1	0	0
1	1	UID1615145	1	1	0	0
1	1	UID1615148	1	1	0	0
1	1	UID1615150	1	1	0	0
1	1	UID1615152	1	1	0	0
1	1	UID1615181	1	1	0	0
1	1	UID1615184	1	1	0	0
1	1	UID1615242	1	1	0	0
1	1	UID1615251	1	1	0	0
1	1	UID1615265	1	1	0	0
1	1	UID1615266	1	1	0	0
1	1	UID1615272	1	1	0	0
1	1	UID1615283	1	1	0	0
1	1	UID1615343	1	1	0	0
1	1	UID1615370	1	1	0	0
1	1	UID1615377	1	1	0	0
1	1	UID1615400	1	1	0	0
1	1	UID1615404	1	1	0	0
1	1	UID1615462	1	1	0	0
1	1	UID1615472	1	1	0	0
1	1	UID1615537	1	1	0	0
1	1	UID1615542	1	1	0	0
1	1	UID1615566	1	1	0	0
1	1	UID1615574	1	1	0	0
1	1	UID1615588	1	1	0	0
1	1	UID1615607	1	1	0	0
1	1	UID1615609	1	1	0	0
1	1	UID1615680	1	1	0	0
1	1	UID1615689	1	1	0	0
1	1	UID1615694	1	1	0	0
1	1	UID1615704	1	1	0	0
1	1	UID1615707	1	1	0	0
1	1	UID1615708	1	1	0	0
1	1	UID1615741	1	1	0	0
1	1	UID1615772	1	1	0	0
1	1	UID1615837	1	1	0	0
1	1	UID1615858	1	1	0	0
1	1	UID1615859	1	1	0	0
1	1	UID1615860	1	1	0	0
1	1	UID1615871	1	1	0	0
1	1	UID1615872	1	1	0	0
1	1	UID1615876	1	1	0	0
1	1	UID1615879	1	1	0	0
1	1	UID1615880	1	1	0	0
1	1	UID1615881	1	1	0	0
1	1	UID1615929	1	1	0	0
1	1	UID1615996	1	1	0	0
1	1	UID1615997	1	1	0	0
1	1	UID1616002	1	1	0	0
1	1	UID1616016	1	1	0	0
1	1	UID1616025	1	1	0	0
1	1	UID1616045	1	1	0	0
1	1	UID1616052	1	1	0	0
1	1	UID1616054	1	1	0	0
1	1	UID1616092	1	1	0	0
1	1	UID1616133	1	1	0	0
1	1	UID1616139	1	1	0	0
1	1	UID1616161	1	1	0	0
1	1	UID1616167	1	1	0	0
1	1	UID1616169	1	1	0	0
1	1	UID1616170	1	1	0	0
1	1	UID1616193	1	1	0	0
1	1	UID1616259	1	1	0	0
1	1	UID1616264	1	1	0	0
1	1	UID1616265	1	1	0	0
1	1	UID1616278	1	1	0	0
1	1	UID1616289	1	1	0	0
1	1	UID1616327	1	1	0	0
1	1	UID1616332	1	1	0	0
1	1	UID1616347	1	1	0	0
1	1	UID1616358	1	1	0	0
1	1	UID1616475	1	1	0	0
1	1	UID1616514	1	1	0	0
1	1	UID1616573	1	1	0	0
1	1	UID1616578	1	1	0	0
1	1	UID1616584	1	1	0	0
1	1	UID1616586	1	1	0	0
1	1	UID1616587	1	1	0	0
1	1	UID1616606	1	1	0	0
1	1	UID1616622	1	1	0	0
1	1	UID1616676	1	1	0	0
1	1	UID1616693	1	1	0	0
1	1	UID1616708	1	1	0	0
1	1	UID1616711	1	1	0	0
1	1	UID1616718	1	1	0	0
1	1	UID1616772	1	1	0	0
1	1	UID1616803	1	1	0	0
1	1	UID1616861	1	1	0	0
1	1	UID1616867	1	1	0	0
1	1	UID1616871	1	1	0	0
1	1	UID1616904	1	1	0	0
1	1	UID1616967	1	1	0	0
1	1	UID1617076	1	1	0	0
1	1	UID1617078	1	1	0	0
1	1	UID1617080	1	1	0	0
1	1	UID1617086	1	1	0	0
1	1	UID1617088	1	1	0	0
1	1	UID1617092	1	1	0	0
1	1	UID1617206	1	1	0	0
1	1	UID1617217	1	1	0	0
1	1	UID1617279	1	1	0	0
1	1	UID1617463	1	1	0	0
1	1	UID1617486	1	1	0	0
1	1	UID1617542	1	1	0	0
1	1	UID1617543	1	1	0	0
1	1	UID1617544	1	1	0	0
1	1	UID1617579	1	1	0	0
1	1	UID1617623	1	1	0	0
1	1	UID1617654	1	1	0	0
1	1	UID1617675	1	1	0	0
1	1	UID1617688	1	1	0	0
1	1	UID1617690	1	1	0	0
1	1	UID1617692	1	1	0	0
1	1	UID1617721	1	1	0	0
1	1	UID1617744	1	1	0	0
1	1	UID1617809	1	1	0	0
1	1	UID1617821	1	1	0	0
1	1	UID1617879	1	1	0	0
1	1	UID1617941	1	1	0	0
1	1	UID1617984	1	1	0	0
1	1	UID1617994	1	1	0	0
1	1	UID1618044	1	1	0	0
1	1	UID1618069	1	1	0	0
1	1	UID1618106	1	1	0	0
1	1	UID1618137	1	1	0	0
1	1	UID1618157	1	1	0	0
1	1	UID1618200	1	1	0	0
1	1	UID1618564	1	1	0	0
1	1	UID1618924	1	1	0	0
1	1	UID1619317	1	1	0	0
1	1	UID1619459	1	1	0	0
1	1	UID1619460	1	1	0	0
1	1	UID1619462	1	1	0	0
1	1	UID1619464	1	1	0	0
1	1	UID1619500	1	1	0	0
1	1	UID1619553	1	1	0	0
1	1	UID1619598	1	1	0	0
1	1	UID1619655	1	1	0	0
1	1	UID1619691	1	1	0	0
1	1	UID1619694	1	1	0	0
1	1	UID1619707	1	1	0	0
1	1	UID1619735	1	1	0	0
1	1	UID1619778	1	1	0	0
1	1	UID1619850	1	1	0	0
1	1	UID1619929	1	1	0	0
1	1	UID1619931	1	1	0	0
1	1	UID1620000	1	1	0	0
1	1	UID1620059	1	1	0	0
1	1	UID1620074	1	1	0	0
1	1	UID1620097	1	1	0	0
1	1	UID1620120	1	1	0	0
1	1	UID1620125	1	1	0	0
1	1	UID1620161	1	1	0	0
1	1	UID1620179	1	1	0	0
1	1	UID1620189	1	1	0	0
1	1	UID1620192	1	1	0	0
1	1	UID1620195	1	1	0	0
1	1	UID1620246	1	1	0	0
1	1	UID1620266	1	1	0	0
1	1	UID1620272	1	1	0	0
1	1	UID1620279	1	1	0	0
1	1	UID1620280	1	1	0	0
1	1	UID1620284	1	1	0	0
1	1	UID1620300	1	1	0	0
1	1	UID1620304	1	1	0	0
1	1	UID1620305	1	1	0	0
1	1	UID1620308	1	1	0	0
1	1	UID1620310	1	1	0	0
1	1	UID1620311	1	1	0	0
1	1	UID1620313	1	1	0	0
1	1	UID1620319	1	1	0	0
1	1	UID1620321	1	1	0	0
1	1	UID1620367	1	1	0	0
1	1	UID1620368	1	1	0	0
1	1	UID1620371	1	1	0	0
1	1	UID1620450	1	1	0	0
1	1	UID1620455	1	1	0	0
1	1	UID1620498	1	1	0	0
1	1	UID1620520	1	1	0	0
1	1	UID1620540	1	1	0	0
1	1	UID1620541	1	1	0	0
1	1	UID1620576	1	1	0	0
1	1	UID1620579	1	1	0	0
1	1	UID1620625	1	1	0	0
1	1	UID1620632	1	1	0	0
1	1	UID1620648	1	1	0	0
1	1	UID1620677	1	1	0	0
1	1	UID1620678	1	1	0	0
1	1	UID1620754	1	1	0	0
1	1	UID1620773	1	1	0	0
1	1	UID1620776	1	1	0	0
1	1	UID1620797	1	1	0	0
1	1	UID1620863	1	1	0	0
1	1	UID1620887	1	1	0	0
1	1	UID1620888	1	1	0	0
3	3	UID1620921	1	3	1	1
1	1	UID1620925	1	1	0	0
1	1	UID1620983	1	1	0	0
1	1	UID1621000	1	1	0	0
1	1	UID1621047	1	1	0	0
1	1	UID1621057	1	1	0	0
1	1	UID1621070	1	1	0	0
1	1	UID1621072	1	1	0	0
1	1	UID1621073	1	1	0	0
1	1	UID1621084	1	1	0	0
1	1	UID1621092	1	1	0	0
1	1	UID1621132	1	1	0	0
1	1	UID1621150	1	1	0	0
1	1	UID1621241	1	1	0	0
1	1	UID1621249	1	1	0	0
1	1	UID1621338	1	1	0	0
1	1	UID1621432	1	1	0	0
1	1	UID1621437	1	1	0	0
1	1	UID1621456	1	1	0	0
1	1	UID1621498	1	1	0	0
1	1	UID1621504	1	1	0	0
1	1	UID1621526	1	1	0	0
1	1	UID1621536	1	1	0	0
1	1	UID1621537	1	1	0	0
1	1	UID1621546	1	1	0	0
1	1	UID1621553	1	1	0	0
1	1	UID1621569	1	1	0	0
1	1	UID1621657	1	1	0	0
1	1	UID1621711	1	1	0	0
1	1	UID1621727	1	1	0	0
1	1	UID1621739	1	1	0	0
1	1	UID1621740	1	1	0	0
1	1	UID1621779	1	1	0	0
1	1	UID1621794	1	1	0	0
1	1	UID1621795	1	1	0	0
1	1	UID1621867	1	1	0	0
1	1	UID1621871	1	1	0	0
1	1	UID1621932	1	1	0	0
1	1	UID1621941	1	1	0	0
1	1	UID1621942	1	1	0	0
1	1	UID1621943	1	1	0	0
1	1	UID1621951	1	1	0	0
1	1	UID1621961	1	1	0	0
1	1	UID1621977	1	1	0	0
1	1	UID1621979	1	1	0	0
1	1	UID1621980	1	1	0	0
1	1	UID1621984	1	1	0	0
1	1	UID1621986	1	1	0	0
1	1	UID1621999	1	1	0	0
1	1	UID1622052	1	1	0	0
1	1	UID1622077	1	1	0	0
1	1	UID1622091	1	1	0	0
1	1	UID1622191	1	1	0	0
1	1	UID1622195	1	1	0	0
1	1	UID1622196	1	1	0	0
1	1	UID1622268	1	1	0	0
1	1	UID1622270	1	1	0	0
1	1	UID1622308	1	1	0	0
1	1	UID1622339	1	1	0	0
1	1	UID1622400	1	1	0	0
1	1	UID1622402	1	1	0	0
1	1	UID1622404	1	1	0	0
1	1	UID1622414	1	1	0	0
1	1	UID1622450	1	1	0	0
1	1	UID1622464	1	1	0	0
1	1	UID1622465	1	1	0	0
1	1	UID1622469	1	1	0	0
1	1	UID1622471	1	1	0	0
1	1	UID1622473	1	1	0	0
1	1	UID1622536	1	1	0	0
1	1	UID1622546	1	1	0	0
1	1	UID1622599	1	1	0	0
1	1	UID1622602	1	1	0	0
1	1	UID1622603	1	1	0	0
1	1	UID1622604	1	1	0	0
1	1	UID1622606	1	1	0	0
1	1	UID1622607	1	1	0	0
1	1	UID1622611	1	1	0	0
1	1	UID1622618	1	1	0	0
1	1	UID1622626	1	1	0	0
1	1	UID1622637	1	1	0	0
1	1	UID1622670	1	1	0	0
1	1	UID1622694	1	1	0	0
1	1	UID1622720	1	1	0	0
1	1	UID1622726	1	1	0	0
1	1	UID1622735	1	1	0	0
1	1	UID1622738	1	1	0	0
1	1	UID1622759	1	1	0	0
1	1	UID1622760	1	1	0	0
1	1	UID1622767	1	1	0	0
1	1	UID1622769	1	1	0	0
1	1	UID1622867	1	1	0	0
1	1	UID1622871	1	1	0	0
1	1	UID1622882	1	1	0	0
1	1	UID1622884	1	1	0	0
1	1	UID1622887	1	1	0	0
1	1	UID1622889	1	1	0	0
1	1	UID1622898	1	1	0	0
1	1	UID1622900	1	1	0	0
1	1	UID1622902	1	1	0	0
1	1	UID1622904	1	1	0	0
1	1	UID1622905	1	1	0	0
1	1	UID1622912	1	1	0	0
1	1	UID1622917	1	1	0	0
1	1	UID1622918	1	1	0	0
1	1	UID1622919	1	1	0	0
1	1	UID1622920	1	1	0	0
1	1	UID1622927	1	1	0	0
1	1	UID1622930	1	1	0	0
1	1	UID1622956	1	1	0	0
1	1	UID1623040	1	1	0	0
1	1	UID1623041	1	1	0	0
1	1	UID1623062	1	1	0	0
1	1	UID1623117	1	1	0	0
1	1	UID1623125	1	1	0	0
1	1	UID1623140	1	1	0	0
1	1	UID1623141	1	1	0	0
1	1	UID1623157	1	1	0	0
1	1	UID1623161	1	1	0	0
1	1	UID1623175	1	1	0	0
1	1	UID1623179	1	1	0	0
1	1	UID1623238	1	1	0	0
1	1	UID1623257	1	1	0	0
1	1	UID1623263	1	1	0	0
1	1	UID1623264	1	1	0	0
1	1	UID1623330	1	1	0	0
1	1	UID1623346	1	1	0	0
1	1	UID1623353	1	1	0	0
1	1	UID1623370	1	1	0	0
1	1	UID1623381	1	1	0	0
2	2	UID1623384	1	2	1	1
1	1	UID1623447	1	1	0	0
1	1	UID1623485	1	1	0	0
1	1	UID1623493	1	1	0	0
1	1	UID1623525	1	1	0	0
1	1	UID1623532	1	1	0	0
1	1	UID1623566	1	1	0	0
1	1	UID1623576	1	1	0	0
1	1	UID1623587	1	1	0	0
1	1	UID1623588	1	1	0	0
1	1	UID1623610	1	1	0	0
1	1	UID1623613	1	1	0	0
1	1	UID1623621	1	1	0	0
1	1	UID1623632	1	1	0	0
1	1	UID1623654	1	1	0	0
1	1	UID1623656	1	1	0	0
1	1	UID1623658	1	1	0	0
1	1	UID1623664	1	1	0	0
1	1	UID1623666	1	1	0	0
1	1	UID1623668	1	1	0	0
1	1	UID1623679	1	1	0	0
1	1	UID1623687	1	1	0	0
1	1	UID1623689	1	1	0	0
1	1	UID1623694	1	1	0	0
1	1	UID1623752	1	1	0	0
1	1	UID1623763	1	1	0	0
1	1	UID1623773	1	1	0	0
1	1	UID1623829	1	1	0	0
1	1	UID1623877	1	1	0	0
1	1	UID1623878	1	1	0	0
1	1	UID1623885	1	1	0	0
1	1	UID1623886	1	1	0	0
1	1	UID1623892	1	1	0	0
1	1	UID1623897	1	1	0	0
1	1	UID1623920	1	1	0	0
1	1	UID1623937	1	1	0	0
1	1	UID1623938	1	1	0	0
1	1	UID1623948	1	1	0	0
1	1	UID1624025	1	1	0	0
1	1	UID1624076	1	1	0	0
1	1	UID1624084	1	1	0	0
1	1	UID1624101	1	1	0	0
1	1	UID1624109	1	1	0	0
1	1	UID1624200	1	1	0	0
1	1	UID1624216	1	1	0	0
1	1	UID1624243	1	1	0	0
1	1	UID1624288	1	1	0	0
1	1	UID1624302	1	1	0	0
1	1	UID1624326	1	1	0	0
1	1	UID1624367	1	1	0	0
1	1	UID1624371	1	1	0	0
1	1	UID1624398	1	1	0	0
1	1	UID1624410	1	1	0	0
1	1	UID1624414	1	1	0	0
1	1	UID1624420	1	1	0	0
1	1	UID1624466	1	1	0	0
1	1	UID1624488	1	1	0	0
1	1	UID1624500	1	1	0	0
1	1	UID1624510	1	1	0	0
1	1	UID1624516	1	1	0	0
1	1	UID1624520	1	1	0	0
1	1	UID1624521	1	1	0	0
1	1	UID1624532	1	1	0	0
1	1	UID1624542	1	1	0	0
1	1	UID1624543	1	1	0	0
1	1	UID1624611	1	1	0	0
1	1	UID1624617	1	1	0	0
1	1	UID1624625	1	1	0	0
1	1	UID1624644	1	1	0	0
1	1	UID1624646	1	1	0	0
1	1	UID1624661	1	1	0	0
1	1	UID1624666	1	1	0	0
1	1	UID1624667	1	1	0	0
1	1	UID1624671	1	1	0	0
1	1	UID1624681	1	1	0	0
1	1	UID1624780	1	1	0	0
1	1	UID1624801	1	1	0	0
1	1	UID1624803	1	1	0	0
1	1	UID1624853	1	1	0	0
1	1	UID1624856	1	1	0	0
1	1	UID1624861	1	1	0	0
1	1	UID1624864	1	1	0	0
1	1	UID1624902	1	1	0	0
1	1	UID1624942	1	1	0	0
1	1	UID1624960	1	1	0	0
1	1	UID1624978	1	1	0	0
1	1	UID1624979	1	1	0	0
1	1	UID1624983	1	1	0	0
1	1	UID1624990	1	1	0	0
1	1	UID1625000	1	1	0	0
1	1	UID1625008	1	1	0	0
1	1	UID1625035	1	1	0	0
1	1	UID1625058	1	1	0	0
1	1	UID1625077	1	1	0	0
1	1	UID1625091	1	1	0	0
1	1	UID1625152	1	1	0	0
1	1	UID1625195	1	1	0	0
1	1	UID1625196	1	1	0	0
1	1	UID1625197	1	1	0	0
1	1	UID1625198	1	1	0	0
1	1	UID1625219	1	1	0	0
1	1	UID1625226	1	1	0	0
1	1	UID1625237	1	1	0	0
1	1	UID1625340	1	1	0	0
1	1	UID1625350	1	1	0	0
1	1	UID1625357	1	1	0	0
1	1	UID1625362	1	1	0	0
1	1	UID1625459	1	1	0	0
1	1	UID1625477	1	1	0	0
1	1	UID1625495	1	1	0	0
1	1	UID1625505	1	1	0	0
1	1	UID1625508	1	1	0	0
1	1	UID1625524	1	1	0	0
1	1	UID1625541	1	1	0	0
1	1	UID1625591	1	1	0	0
1	1	UID1625617	1	1	0	0
1	1	UID1625633	1	1	0	0
1	1	UID1625637	1	1	0	0
1	1	UID1625639	1	1	0	0
1	1	UID1625645	1	1	0	0
1	1	UID1625650	1	1	0	0
1	1	UID1625652	1	1	0	0
1	1	UID1625653	1	1	0	0
1	1	UID1625662	1	1	0	0
1	1	UID1625669	1	1	0	0
1	1	UID1625768	1	1	0	0
1	1	UID1625775	1	1	0	0
1	1	UID1625777	1	1	0	0
1	1	UID1625789	1	1	0	0
1	1	UID1625812	1	1	0	0
1	1	UID1625814	1	1	0	0
1	1	UID1625816	1	1	0	0
1	1	UID1625823	1	1	0	0
1	1	UID1625826	1	1	0	0
1	1	UID1625833	1	1	0	0
1	1	UID1625837	1	1	0	0
1	1	UID1625979	1	1	0	0
1	1	UID1625981	1	1	0	0
1	1	UID1626006	1	1	0	0
1	1	UID1626015	1	1	0	0
1	1	UID1626019	1	1	0	0
1	1	UID1626022	1	1	0	0
1	1	UID1626032	1	1	0	0
1	1	UID1626038	1	1	0	0
1	1	UID1626084	1	1	0	0
1	1	UID1626148	1	1	0	0
1	1	UID1626163	1	1	0	0
1	1	UID1626166	1	1	0	0
6	6	UID1626167	1	6	2	2
1	1	UID1626170	1	1	0	0
1	1	UID1626236	1	1	0	0
1	1	UID1626246	1	1	0	0
1	1	UID1626352	1	1	0	0
1	1	UID1626376	1	1	0	0
1	1	UID1626379	1	1	0	0
1	1	UID1626380	1	1	0	0
1	1	UID1626386	1	1	0	0
1	1	UID1626407	1	1	0	0
1	1	UID1626443	1	1	0	0
1	1	UID1626445	1	1	0	0
1	1	UID1626458	1	1	0	0
1	1	UID1626471	1	1	0	0
1	1	UID1626536	1	1	0	0
1	1	UID1626629	1	1	0	0
1	1	UID1626633	1	1	0	0
1	1	UID1626634	1	1	0	0
1	1	UID1626651	1	1	0	0
1	1	UID1626662	1	1	0	0
1	1	UID1626682	1	1	0	0
1	1	UID1626685	1	1	0	0
1	1	UID1626687	1	1	0	0
1	1	UID1626688	1	1	0	0
1	1	UID1626691	1	1	0	0
1	1	UID1626692	1	1	0	0
1	1	UID1626711	1	1	0	0
1	1	UID1626712	1	1	0	0
1	1	UID1626767	1	1	0	0
1	1	UID1626768	1	1	0	0
1	1	UID1626807	1	1	0	0
1	1	UID1626867	1	1	0	0
1	1	UID1626868	1	1	0	0
1	1	UID1626870	1	1	0	0
1	1	UID1626893	1	1	0	0
1	1	UID1626902	1	1	0	0
1	1	UID1626905	1	1	0	0
1	1	UID1626933	1	1	0	0
1	1	UID1626935	1	1	0	0
1	1	UID1626951	1	1	0	0
1	1	UID1627032	1	1	0	0
1	1	UID1627063	1	1	0	0
2	2	UID1627074	1	2	1	1
1	1	UID1627079	1	1	0	0
1	1	UID1627083	1	1	0	0
1	1	UID1627101	1	1	0	0
1	1	UID1627105	1	1	0	0
1	1	UID1627108	1	1	0	0
1	1	UID1627109	1	1	0	0
1	1	UID1627111	1	1	0	0
1	1	UID1627113	1	1	0	0
1	1	UID1627119	1	1	0	0
1	1	UID1627135	1	1	0	0
1	1	UID1627136	1	1	0	0
1	1	UID1627138	1	1	0	0
1	1	UID1627142	1	1	0	0
1	1	UID1627143	1	1	0	0
1	1	UID1627145	1	1	0	0
1	1	UID1627147	1	1	0	0
1	1	UID1627152	1	1	0	0
1	1	UID1627153	1	1	0	0
1	1	UID1627154	1	1	0	0
1	1	UID1627155	1	1	0	0
1	1	UID1627181	1	1	0	0
1	1	UID1627186	1	1	0	0
1	1	UID1627200	1	1	0	0
1	1	UID1627211	1	1	0	0
1	1	UID1627236	1	1	0	0
1	1	UID1627246	1	1	0	0
1	1	UID1627251	1	1	0	0
1	1	UID1627255	1	1	0	0
1	1	UID1627261	1	1	0	0
1	1	UID1627262	1	1	0	0
1	1	UID1627274	1	1	0	0
1	1	UID1627295	1	1	0	0
1	1	UID1627300	1	1	0	0
1	1	UID1627305	1	1	0	0
1	1	UID1627313	1	1	0	0
1	1	UID1627324	1	1	0	0
1	1	UID1627326	1	1	0	0
1	1	UID1627333	1	1	0	0
1	1	UID1627335	1	1	0	0
1	1	UID1627343	1	1	0	0
1	1	UID1627442	1	1	0	0
1	1	UID1627445	1	1	0	0
1	1	UID1627451	1	1	0	0
1	1	UID1627458	1	1	0	0
1	1	UID1627469	1	1	0	0
1	1	UID1627482	1	1	0	0
1	1	UID1627484	1	1	0	0
1	1	UID1627485	1	1	0	0
1	1	UID1627505	1	1	0	0
1	1	UID1627528	1	1	0	0
1	1	UID1627555	1	1	0	0
1	1	UID1627568	1	1	0	0
1	1	UID1627576	1	1	0	0
1	1	UID1627590	1	1	0	0
1	1	UID1627591	1	1	0	0
1	1	UID1627604	1	1	0	0
1	1	UID1627636	1	1	0	0
1	1	UID1627683	1	1	0	0
1	1	UID1627689	1	1	0	0
1	1	UID1627695	1	1	0	0
1	1	UID1627697	1	1	0	0
1	1	UID1627707	1	1	0	0
1	1	UID1627749	1	1	0	0
1	1	UID1627751	1	1	0	0
1	1	UID1627752	1	1	0	0
1	1	UID1627756	1	1	0	0
1	1	UID1627760	1	1	0	0
1	1	UID1627803	1	1	0	0
1	1	UID1627818	1	1	0	0
1	1	UID1627824	1	1	0	0
1	1	UID1627828	1	1	0	0
1	1	UID1627829	1	1	0	0
1	1	UID1627830	1	1	0	0
1	1	UID1627833	1	1	0	0
1	1	UID1627834	1	1	0	0
1	1	UID1627835	1	1	0	0
1	1	UID1627848	1	1	0	0
1	1	UID1627871	1	1	0	0
1	1	UID1627882	1	1	0	0
1	1	UID1627885	1	1	0	0
1	1	UID1627888	1	1	0	0
1	1	UID1627890	1	1	0	0
1	1	UID1627893	1	1	0	0
1	1	UID1627895	1	1	0	0
1	1	UID1627896	1	1	0	0
1	1	UID1627897	1	1	0	0
1	1	UID1627899	1	1	0	0
1	1	UID1627902	1	1	0	0
1	1	UID1627903	1	1	0	0
1	1	UID1627904	1	1	0	0
1	1	UID1627907	1	1	0	0
1	1	UID1627916	1	1	0	0
1	1	UID1627921	1	1	0	0
1	1	UID1627945	1	1	0	0
1	1	UID1627949	1	1	0	0
1	1	UID1627965	1	1	0	0
1	1	UID1627966	1	1	0	0
1	1	UID1627992	1	1	0	0
1	1	UID1628051	1	1	0	0
1	1	UID1628053	1	1	0	0
1	1	UID1628062	1	1	0	0
1	1	UID1628067	1	1	0	0
1	1	UID1628072	1	1	0	0
1	1	UID1628080	1	1	0	0
1	1	UID1628084	1	1	0	0
1	1	UID1628087	1	1	0	0
1	1	UID1628088	1	1	0	0
1	1	UID1628092	1	1	0	0
1	1	UID1628121	1	1	0	0
1	1	UID1628126	1	1	0	0
1	1	UID1628128	1	1	0	0
1	1	UID1628134	1	1	0	0
1	1	UID1628148	1	1	0	0
1	1	UID1628149	1	1	0	0
1	1	UID1628151	1	1	0	0
1	1	UID1628153	1	1	0	0
1	1	UID1628155	1	1	0	0
1	1	UID1628158	1	1	0	0
1	1	UID1628159	1	1	0	0
1	1	UID1628163	1	1	0	0
1	1	UID1628169	1	1	0	0
1	1	UID1628187	1	1	0	0
1	1	UID1628191	1	1	0	0
1	1	UID1628192	1	1	0	0
1	1	UID1628207	1	1	0	0
1	1	UID1628219	1	1	0	0
1	1	UID1628228	1	1	0	0
1	1	UID1628229	1	1	0	0
1	1	UID1628231	1	1	0	0
1	1	UID1628236	1	1	0	0
1	1	UID1628241	1	1	0	0
1	1	UID1628245	1	1	0	0
1	1	UID1628262	1	1	0	0
1	1	UID1628272	1	1	0	0
1	1	UID1628289	1	1	0	0
1	1	UID1628301	1	1	0	0
1	1	UID1628303	1	1	0	0
1	1	UID1628304	1	1	0	0
1	1	UID1628341	1	1	0	0
1	1	UID1628346	1	1	0	0
1	1	UID1628353	1	1	0	0
1	1	UID1628370	1	1	0	0
1	1	UID1628374	1	1	0	0
1	1	UID1628468	1	1	0	0
1	1	UID1628476	1	1	0	0
1	1	UID1628478	1	1	0	0
1	1	UID1628520	1	1	0	0
1	1	UID1628543	1	1	0	0
1	1	UID1628544	1	1	0	0
1	1	UID1628545	1	1	0	0
1	1	UID1628552	1	1	0	0
1	1	UID1628567	1	1	0	0
1	1	UID1628587	1	1	0	0
1	1	UID1628596	1	1	0	0
1	1	UID1628604	1	1	0	0
1	1	UID1628615	1	1	0	0
1	1	UID1628616	1	1	0	0
1	1	UID1628618	1	1	0	0
1	1	UID1628634	1	1	0	0
1	1	UID1628638	1	1	0	0
1	1	UID1628639	1	1	0	0
1	1	UID1628646	1	1	0	0
1	1	UID1628654	1	1	0	0
1	1	UID1628667	1	1	0	0
1	1	UID1628696	1	1	0	0
1	1	UID1628699	1	1	0	0
1	1	UID1628708	1	1	0	0
1	1	UID1628710	1	1	0	0
1	1	UID1628715	1	1	0	0
1	1	UID1628725	1	1	0	0
1	1	UID1628734	1	1	0	0
1	1	UID1628735	1	1	0	0
1	1	UID1628748	1	1	0	0
1	1	UID1628810	1	1	0	0
1	1	UID1628828	1	1	0	0
1	1	UID1628830	1	1	0	0
1	1	UID1628860	1	1	0	0
1	1	UID1628889	1	1	0	0
1	1	UID1628894	1	1	0	0
1	1	UID1628904	1	1	0	0
1	1	UID1628923	1	1	0	0
1	1	UID1628925	1	1	0	0
1	1	UID1629035	1	1	0	0
1	1	UID1629039	1	1	0	0
1	1	UID1629053	1	1	0	0
1	1	UID1629058	1	1	0	0
1	1	UID1629060	1	1	0	0
1	1	UID1629063	1	1	0	0
1	1	UID1629069	1	1	0	0
1	1	UID1629110	1	1	0	0
1	1	UID1629124	1	1	0	0
1	1	UID1629132	1	1	0	0
1	1	UID1629134	1	1	0	0
1	1	UID1629136	1	1	0	0
1	1	UID1629143	1	1	0	0
1	1	UID1629149	1	1	0	0
1	1	UID1629154	1	1	0	0
1	1	UID1629158	1	1	0	0
1	1	UID1629159	1	1	0	0
1	1	UID1629161	1	1	0	0
1	1	UID1629164	1	1	0	0
1	1	UID1629172	1	1	0	0
1	1	UID1629177	1	1	0	0
1	1	UID1629186	1	1	0	0
1	1	UID1629191	1	1	0	0
1	1	UID1629194	1	1	0	0
1	1	UID1629200	1	1	0	0
1	1	UID1629212	1	1	0	0
1	1	UID1629220	1	1	0	0
1	1	UID1629222	1	1	0	0
1	1	UID1629230	1	1	0	0
1	1	UID1629269	1	1	0	0
1	1	UID1629298	1	1	0	0
1	1	UID1629313	1	1	0	0
1	1	UID1629316	1	1	0	0
1	1	UID1629320	1	1	0	0
1	1	UID1629324	1	1	0	0
1	1	UID1629335	1	1	0	0
1	1	UID1629452	1	1	0	0
1	1	UID1629464	1	1	0	0
1	1	UID1629482	1	1	0	0
1	1	UID1629490	1	1	0	0
1	1	UID1629494	1	1	0	0
1	1	UID1629518	1	1	0	0
1	1	UID1629545	1	1	0	0
1	1	UID1629546	1	1	0	0
1	1	UID1629566	1	1	0	0
1	1	UID1629583	1	1	0	0
1	1	UID1629594	1	1	0	0
1	1	UID1629660	1	1	0	0
2	2	UID1629664	1	2	1	1
1	1	UID1629670	1	1	0	0
1	1	UID1629673	1	1	0	0
1	1	UID1629677	1	1	0	0
1	1	UID1629679	1	1	0	0
1	1	UID1629739	1	1	0	0
1	1	UID1629741	1	1	0	0
1	1	UID1629742	1	1	0	0
1	1	UID1629746	1	1	0	0
1	1	UID1629752	1	1	0	0
1	1	UID1629756	1	1	0	0
1	1	UID1629765	1	1	0	0
2	2	UID1629787	1	2	1	1
1	1	UID1629843	1	1	0	0
1	1	UID1629875	1	1	0	0
1	1	UID1629891	1	1	0	0
1	1	UID1629912	1	1	0	0
1	1	UID1629913	1	1	0	0
1	1	UID1629918	1	1	0	0
1	1	UID1629922	1	1	0	0
1	1	UID1629931	1	1	0	0
1	1	UID1629940	1	1	0	0
1	1	UID1629962	1	1	0	0
1	1	UID1629963	1	1	0	0
1	1	UID1629967	1	1	0	0
1	1	UID1629984	1	1	0	0
1	1	UID1629991	1	1	0	0
1	1	UID1629998	1	1	0	0
1	1	UID1630011	1	1	0	0
1	1	UID1630046	1	1	0	0
1	1	UID1630061	1	1	0	0
1	1	UID1630063	1	1	0	0
1	1	UID1630097	1	1	0	0
1	1	UID1630114	1	1	0	0
1	1	UID1630123	1	1	0	0
1	1	UID1630137	1	1	0	0
1	1	UID1630144	1	1	0	0
1	1	UID1630150	1	1	0	0
1	1	UID1630164	1	1	0	0
1	1	UID1630168	1	1	0	0
1	1	UID1630173	1	1	0	0
1	1	UID1630180	1	1	0	0
1	1	UID1630186	1	1	0	0
1	1	UID1630188	1	1	0	0
1	1	UID1630190	1	1	0	0
1	1	UID1630192	1	1	0	0
1	1	UID1630195	1	1	0	0
1	1	UID1630196	1	1	0	0
1	1	UID1630201	1	1	0	0
1	1	UID1630204	1	1	0	0
1	1	UID1630210	1	1	0	0
1	1	UID1630213	1	1	0	0
1	1	UID1630217	1	1	0	0
1	1	UID1630222	1	1	0	0
1	1	UID1630243	1	1	0	0
1	1	UID1630248	1	1	0	0
1	1	UID1630249	1	1	0	0
1	1	UID1630257	1	1	0	0
1	1	UID1630266	1	1	0	0
1	1	UID1630267	1	1	0	0
1	1	UID1630269	1	1	0	0
1	1	UID1630272	1	1	0	0
1	1	UID1630276	1	1	0	0
1	1	UID1630277	1	1	0	0
1	1	UID1630280	1	1	0	0
1	1	UID1630281	1	1	0	0
1	1	UID1630282	1	1	0	0
1	1	UID1630287	1	1	0	0
1	1	UID1630296	1	1	0	0
1	1	UID1630313	1	1	0	0
1	1	UID1630316	1	1	0	0
1	1	UID1630322	1	1	0	0
1	1	UID1630350	1	1	0	0
1	1	UID1630361	1	1	0	0
1	1	UID1630479	1	1	0	0
1	1	UID1630488	1	1	0	0
1	1	UID1630523	1	1	0	0
1	1	UID1630524	1	1	0	0
1	1	UID1630525	1	1	0	0
2	2	UID1630526	1	2	1	1
2	2	UID1630552	1	2	1	1
1	1	UID1630562	1	1	0	0
1	1	UID1630564	1	1	0	0
1	1	UID1630574	1	1	0	0
1	1	UID1630636	1	1	0	0
1	1	UID1630665	1	1	0	0
1	1	UID1630679	1	1	0	0
1	1	UID1630685	1	1	0	0
1	1	UID1630690	1	1	0	0
1	1	UID1630713	1	1	0	0
1	1	UID1630730	1	1	0	0
1	1	UID1630734	1	1	0	0
1	1	UID1630735	1	1	0	0
1	1	UID1630738	1	1	0	0
1	1	UID1630741	1	1	0	0
1	1	UID1630757	1	1	0	0
1	1	UID1630762	1	1	0	0
1	1	UID1630764	1	1	0	0
1	1	UID1630765	1	1	0	0
1	1	UID1630767	1	1	0	0
1	1	UID1630769	1	1	0	0
1	1	UID1630771	1	1	0	0
1	1	UID1630772	1	1	0	0
1	1	UID1630775	1	1	0	0
1	1	UID1630776	1	1	0	0
1	1	UID1630785	1	1	0	0
1	1	UID1630827	1	1	0	0
1	1	UID1630828	1	1	0	0
1	1	UID1630831	1	1	0	0
1	1	UID1630849	1	1	0	0
1	1	UID1630852	1	1	0	0
1	1	UID1630859	1	1	0	0
1	1	UID1630862	1	1	0	0
1	1	UID1630865	1	1	0	0
1	1	UID1630874	1	1	0	0
1	1	UID1630878	1	1	0	0
1	1	UID1630936	1	1	0	0
1	1	UID1630954	1	1	0	0
1	1	UID1630960	1	1	0	0
1	1	UID1630969	1	1	0	0
1	1	UID1630973	1	1	0	0
1	1	UID1630978	1	1	0	0
1	1	UID1630988	1	1	0	0
1	1	UID1630994	1	1	0	0
2	2	UID1631001	1	2	1	1
1	1	UID1631021	1	1	0	0
1	1	UID1631026	1	1	0	0
1	1	UID1631033	1	1	0	0
1	1	UID1631037	1	1	0	0
1	1	UID1631041	1	1	0	0
1	1	UID1631042	1	1	0	0
1	1	UID1631043	1	1	0	0
1	1	UID1631044	1	1	0	0
1	1	UID1631045	1	1	0	0
1	1	UID1631049	1	1	0	0
1	1	UID1631116	1	1	0	0
1	1	UID1631117	1	1	0	0
1	1	UID1631133	1	1	0	0
1	1	UID1631143	1	1	0	0
1	1	UID1631144	1	1	0	0
1	1	UID1631176	1	1	0	0
1	1	UID1631177	1	1	0	0
1	1	UID1631179	1	1	0	0
1	1	UID1631186	1	1	0	0
1	1	UID1631188	1	1	0	0
1	1	UID1631195	1	1	0	0
1	1	UID1631203	1	1	0	0
1	1	UID1631204	1	1	0	0
1	1	UID1631221	1	1	0	0
1	1	UID1631266	1	1	0	0
1	1	UID1631287	1	1	0	0
1	1	UID1631297	1	1	0	0
1	1	UID1631300	1	1	0	0
1	1	UID1631309	1	1	0	0
1	1	UID1631333	1	1	0	0
1	1	UID1631339	1	1	0	0
1	1	UID1631340	1	1	0	0
1	1	UID1631343	1	1	0	0
1	1	UID1631345	1	1	0	0
1	1	UID1631351	1	1	0	0
1	1	UID1631353	1	1	0	0
1	1	UID1631371	1	1	0	0
1	1	UID1631376	1	1	0	0
1	1	UID1631379	1	1	0	0
1	1	UID1631387	1	1	0	0
1	1	UID1631416	1	1	0	0
1	1	UID1631430	1	1	0	0
1	1	UID1631478	1	1	0	0
1	1	UID1631479	1	1	0	0
1	1	UID1631481	1	1	0	0
1	1	UID1631488	1	1	0	0
1	1	UID1631503	1	1	0	0
1	1	UID1631557	1	1	0	0
1	1	UID1631570	1	1	0	0
1	1	UID1631592	1	1	0	0
1	1	UID1631599	1	1	0	0
1	1	UID1631603	1	1	0	0
1	1	UID1631625	1	1	0	0
1	1	UID1631630	1	1	0	0
1	1	UID1631649	1	1	0	0
1	1	UID1631657	1	1	0	0
1	1	UID1631662	1	1	0	0
1	1	UID1631663	1	1	0	0
1	1	UID1631671	1	1	0	0
1	1	UID1631676	1	1	0	0
1	1	UID1631683	1	1	0	0
1	1	UID1631727	1	1	0	0
1	1	UID1631755	1	1	0	0
1	1	UID1631761	1	1	0	0
1	1	UID1631778	1	1	0	0
1	1	UID1631797	1	1	0	0
1	1	UID1631842	1	1	0	0
1	1	UID1631886	1	1	0	0
1	1	UID1631897	1	1	0	0
1	1	UID1631921	1	1	0	0
1	1	UID1631934	1	1	0	0
1	1	UID1631935	1	1	0	0
1	1	UID1631952	1	1	0	0
1	1	UID1631956	1	1	0	0
1	1	UID1631960	1	1	0	0
1	1	UID1631965	1	1	0	0
1	1	UID1631968	1	1	0	0
1	1	UID1631972	1	1	0	0
1	1	UID1631973	1	1	0	0
1	1	UID1631975	1	1	0	0
1	1	UID1631996	1	1	0	0
1	1	UID1632028	1	1	0	0
1	1	UID1632035	1	1	0	0
1	1	UID1632040	1	1	0	0
1	1	UID1632053	1	1	0	0
1	1	UID1632145	1	1	0	0
1	1	UID1632179	1	1	0	0
1	1	UID1632202	1	1	0	0
1	1	UID1632203	1	1	0	0
1	1	UID1632219	1	1	0	0
1	1	UID1632228	1	1	0	0
1	1	UID1632232	1	1	0	0
1	1	UID1632247	1	1	0	0
1	1	UID1632255	1	1	0	0
1	1	UID1632262	1	1	0	0
1	1	UID1632284	1	1	0	0
1	1	UID1632292	1	1	0	0
1	1	UID1632315	1	1	0	0
1	1	UID1632317	1	1	0	0
1	1	UID1632320	1	1	0	0
1	1	UID1632328	1	1	0	0
1	1	UID1632334	1	1	0	0
1	1	UID1632338	1	1	0	0
2	2	UID1632357	1	2	1	1
1	1	UID1632379	1	1	0	0
1	1	UID1632408	1	1	0	0
1	1	UID1632419	1	1	0	0
1	1	UID1632426	1	1	0	0
1	1	UID1632428	1	1	0	0
1	1	UID1632429	1	1	0	0
1	1	UID1632445	1	1	0	0
1	1	UID1632463	1	1	0	0
1	1	UID1632484	1	1	0	0
1	1	UID1632485	1	1	0	0
1	1	UID1632487	1	1	0	0
1	1	UID1632493	1	1	0	0
1	1	UID1632501	1	1	0	0
1	1	UID1632520	1	1	0	0
1	1	UID1632594	1	1	0	0
1	1	UID1632621	1	1	0	0
1	1	UID1632630	1	1	0	0
1	1	UID1632631	1	1	0	0
1	1	UID1632633	1	1	0	0
1	1	UID1632641	1	1	0	0
1	1	UID1632645	1	1	0	0
1	1	UID1632661	1	1	0	0
1	1	UID1632672	1	1	0	0
1	1	UID1632694	1	1	0	0
1	1	UID1632701	1	1	0	0
1	1	UID1632784	1	1	0	0
1	1	UID1632792	1	1	0	0
1	1	UID1632804	1	1	0	0
1	1	UID1632809	1	1	0	0
1	1	UID1632814	1	1	0	0
1	1	UID1632829	1	1	0	0
1	1	UID1632832	1	1	0	0
1	1	UID1632836	1	1	0	0
1	1	UID1632860	1	1	0	0
1	1	UID1632866	1	1	0	0
1	1	UID1632872	1	1	0	0
1	1	UID1632875	1	1	0	0
1	1	UID1632881	1	1	0	0
1	1	UID1632909	1	1	0	0
1	1	UID1632915	1	1	0	0
1	1	UID1632917	1	1	0	0
1	1	UID1632924	1	1	0	0
1	1	UID1632926	1	1	0	0
1	1	UID1632928	1	1	0	0
1	1	UID1632932	1	1	0	0
1	1	UID1632959	1	1	0	0
1	1	UID1632960	1	1	0	0
1	1	UID1633016	1	1	0	0
1	1	UID1633017	1	1	0	0
1	1	UID1633019	1	1	0	0
1	1	UID1633023	1	1	0	0
1	1	UID1633026	1	1	0	0
1	1	UID1633037	1	1	0	0
1	1	UID1633040	1	1	0	0
1	1	UID1633044	1	1	0	0
1	1	UID1633054	1	1	0	0
1	1	UID1633066	1	1	0	0
1	1	UID1633103	1	1	0	0
1	1	UID1633113	1	1	0	0
1	1	UID1633114	1	1	0	0
1	1	UID1633119	1	1	0	0
1	1	UID1633128	1	1	0	0
1	1	UID1633195	1	1	0	0
1	1	UID1633216	1	1	0	0
1	1	UID1633231	1	1	0	0
1	1	UID1633236	1	1	0	0
1	1	UID1633237	1	1	0	0
1	1	UID1633241	1	1	0	0
1	1	UID1633245	1	1	0	0
1	1	UID1633248	1	1	0	0
1	1	UID1633249	1	1	0	0
1	1	UID1633259	1	1	0	0
1	1	UID1633263	1	1	0	0
1	1	UID1633268	1	1	0	0
1	1	UID1633271	1	1	0	0
1	1	UID1633273	1	1	0	0
1	1	UID1633330	1	1	0	0
1	1	UID1633331	1	1	0	0
1	1	UID1633349	1	1	0	0
1	1	UID1633353	1	1	0	0
1	1	UID1633360	1	1	0	0
1	1	UID1633361	1	1	0	0
1	1	UID1633362	1	1	0	0
1	1	UID1633364	1	1	0	0
1	1	UID1633366	1	1	0	0
1	1	UID1633367	1	1	0	0
1	1	UID1633368	1	1	0	0
1	1	UID1633369	1	1	0	0
1	1	UID1633370	1	1	0	0
1	1	UID1633372	1	1	0	0
1	1	UID1633376	1	1	0	0
1	1	UID1633394	1	1	0	0
1	1	UID1633405	1	1	0	0
1	1	UID1633407	1	1	0	0
1	1	UID1633419	1	1	0	0
1	1	UID1633424	1	1	0	0
1	1	UID1633425	1	1	0	0
1	1	UID1633427	1	1	0	0
1	1	UID1633433	1	1	0	0
1	1	UID1633439	1	1	0	0
1	1	UID1633440	1	1	0	0
1	1	UID1633441	1	1	0	0
1	1	UID1633444	1	1	0	0
1	1	UID1633447	1	1	0	0
1	1	UID1633452	1	1	0	0
1	1	UID1633454	1	1	0	0
1	1	UID1633468	1	1	0	0
1	1	UID1633511	1	1	0	0
1	1	UID1633521	1	1	0	0
1	1	UID1633525	1	1	0	0
1	1	UID1633528	1	1	0	0
1	1	UID1633540	1	1	0	0
1	1	UID1633542	1	1	0	0
1	1	UID1633551	1	1	0	0
1	1	UID1633560	1	1	0	0
1	1	UID1633568	1	1	0	0
1	1	UID1633574	1	1	0	0
1	1	UID1633580	1	1	0	0
1	1	UID1633587	1	1	0	0
1	1	UID1633592	1	1	0	0
1	1	UID1633594	1	1	0	0
1	1	UID1633596	1	1	0	0
1	1	UID1633597	1	1	0	0
1	1	UID1633609	1	1	0	0
1	1	UID1633625	1	1	0	0
1	1	UID1633627	1	1	0	0
1	1	UID1633632	1	1	0	0
1	1	UID1633656	1	1	0	0
1	1	UID1633661	1	1	0	0
1	1	UID1633677	1	1	0	0
1	1	UID1633726	1	1	0	0
1	1	UID1633768	1	1	0	0
1	1	UID1633788	1	1	0	0
1	1	UID1633826	1	1	0	0
1	1	UID1633836	1	1	0	0
1	1	UID1633838	1	1	0	0
1	1	UID1633841	1	1	0	0
1	1	UID1633858	1	1	0	0
1	1	UID1633864	1	1	0	0
1	1	UID1633899	1	1	0	0
1	1	UID1633900	1	1	0	0
1	1	UID1633919	1	1	0	0
1	1	UID1633921	1	1	0	0
1	1	UID1633922	1	1	0	0
1	1	UID1633923	1	1	0	0
1	1	UID1633925	1	1	0	0
1	1	UID1633943	1	1	0	0
1	1	UID1633958	1	1	0	0
1	1	UID1633978	1	1	0	0
1	1	UID1633984	1	1	0	0
1	1	UID1633988	1	1	0	0
1	1	UID1634048	1	1	0	0
1	1	UID1634066	1	1	0	0
1	1	UID1634073	1	1	0	0
1	1	UID1634091	1	1	0	0
1	1	UID1634098	1	1	0	0
1	1	UID1634103	1	1	0	0
1	1	UID1634104	1	1	0	0
1	1	UID1634107	1	1	0	0
1	1	UID1634112	1	1	0	0
1	1	UID1634124	1	1	0	0
1	1	UID1634125	1	1	0	0
1	1	UID1634164	1	1	0	0
1	1	UID1634165	1	1	0	0
1	1	UID1634172	1	1	0	0
1	1	UID1634190	1	1	0	0
1	1	UID1634197	1	1	0	0
1	1	UID1634199	1	1	0	0
1	1	UID1634206	1	1	0	0
1	1	UID1634208	1	1	0	0
1	1	UID1634210	1	1	0	0
1	1	UID1634239	1	1	0	0
1	1	UID1634240	1	1	0	0
1	1	UID1634296	1	1	0	0
1	1	UID1634305	1	1	0	0
1	1	UID1634317	1	1	0	0
1	1	UID1634329	1	1	0	0
1	1	UID1634334	1	1	0	0
1	1	UID1634354	1	1	0	0
1	1	UID1634373	1	1	0	0
1	1	UID1634375	1	1	0	0
1	1	UID1634377	1	1	0	0
1	1	UID1634378	1	1	0	0
1	1	UID1634383	1	1	0	0
1	1	UID1634388	1	1	0	0
1	1	UID1634433	1	1	0	0
1	1	UID1634440	1	1	0	0
1	1	UID1634452	1	1	0	0
1	1	UID1634460	1	1	0	0
1	1	UID1634467	1	1	0	0
1	1	UID1634468	1	1	0	0
1	1	UID1634469	1	1	0	0
1	1	UID1634471	1	1	0	0
1	1	UID1634481	1	1	0	0
1	1	UID1634482	1	1	0	0
1	1	UID1634483	1	1	0	0
1	1	UID1634555	1	1	0	0
1	1	UID1634564	1	1	0	0
1	1	UID1634568	1	1	0	0
1	1	UID1634574	1	1	0	0
1	1	UID1634576	1	1	0	0
1	1	UID1634597	1	1	0	0
1	1	UID1634610	1	1	0	0
1	1	UID1634611	1	1	0	0
1	1	UID1634679	1	1	0	0
1	1	UID1634690	1	1	0	0
1	1	UID1634691	1	1	0	0
1	1	UID1634692	1	1	0	0
1	1	UID1634693	1	1	0	0
1	1	UID1634695	1	1	0	0
1	1	UID1634696	1	1	0	0
1	1	UID1634697	1	1	0	0
1	1	UID1634698	1	1	0	0
1	1	UID1634703	1	1	0	0
1	1	UID1634704	1	1	0	0
1	1	UID1634710	1	1	0	0
1	1	UID1634711	1	1	0	0
1	1	UID1634719	1	1	0	0
1	1	UID1634728	1	1	0	0
1	1	UID1634739	1	1	0	0
1	1	UID1634742	1	1	0	0
1	1	UID1634746	1	1	0	0
1	1	UID1634803	1	1	0	0
1	1	UID1634807	1	1	0	0
1	1	UID1634812	1	1	0	0
1	1	UID1634828	1	1	0	0
1	1	UID1634830	1	1	0	0
1	1	UID1634831	1	1	0	0
2	2	UID1634842	1	2	1	1
1	1	UID1634861	1	1	0	0
1	1	UID1634864	1	1	0	0
1	1	UID1634893	1	1	0	0
1	1	UID1634896	1	1	0	0
1	1	UID1634917	1	1	0	0
1	1	UID1634925	1	1	0	0
1	1	UID1634935	1	1	0	0
1	1	UID1634938	1	1	0	0
1	1	UID1634939	1	1	0	0
1	1	UID1634940	1	1	0	0
1	1	UID1634942	1	1	0	0
1	1	UID1634943	1	1	0	0
1	1	UID1634944	1	1	0	0
1	1	UID1634945	1	1	0	0
1	1	UID1634949	1	1	0	0
1	1	UID1634950	1	1	0	0
1	1	UID1634951	1	1	0	0
1	1	UID1634962	1	1	0	0
1	1	UID1634969	1	1	0	0
1	1	UID1634970	1	1	0	0
1	1	UID1634980	1	1	0	0
1	1	UID1634985	1	1	0	0
1	1	UID1634996	1	1	0	0
1	1	UID1635004	1	1	0	0
1	1	UID1635008	1	1	0	0
1	1	UID1635073	1	1	0	0
1	1	UID1635080	1	1	0	0
1	1	UID1635107	1	1	0	0
1	1	UID1635110	1	1	0	0
1	1	UID1635120	1	1	0	0
1	1	UID1635122	1	1	0	0
1	1	UID1635125	1	1	0	0
1	1	UID1635127	1	1	0	0
1	1	UID1635133	1	1	0	0
1	1	UID1635138	1	1	0	0
1	1	UID1635143	1	1	0	0
1	1	UID1635163	1	1	0	0
1	1	UID1635164	1	1	0	0
1	1	UID1635166	1	1	0	0
1	1	UID1635176	1	1	0	0
1	1	UID1635179	1	1	0	0
1	1	UID1635182	1	1	0	0
1	1	UID1635184	1	1	0	0
1	1	UID1635196	1	1	0	0
1	1	UID1635227	1	1	0	0
1	1	UID1635243	1	1	0	0
1	1	UID1635258	1	1	0	0
1	1	UID1635265	1	1	0	0
1	1	UID1635266	1	1	0	0
1	1	UID1635269	1	1	0	0
1	1	UID1635273	1	1	0	0
1	1	UID1635274	1	1	0	0
1	1	UID1635275	1	1	0	0
1	1	UID1635276	1	1	0	0
1	1	UID1635278	1	1	0	0
1	1	UID1635279	1	1	0	0
1	1	UID1635280	1	1	0	0
1	1	UID1635288	1	1	0	0
1	1	UID1635289	1	1	0	0
2	2	UID1635302	1	2	1	1
1	1	UID1635306	1	1	0	0
1	1	UID1635309	1	1	0	0
1	1	UID1635313	1	1	0	0
1	1	UID1635321	1	1	0	0
1	1	UID1635328	1	1	0	0
1	1	UID1635330	1	1	0	0
1	1	UID1635332	1	1	0	0
1	1	UID1635347	1	1	0	0
1	1	UID1635357	1	1	0	0
1	1	UID1635412	1	1	0	0
1	1	UID1635432	1	1	0	0
1	1	UID1635439	1	1	0	0
1	1	UID1635442	1	1	0	0
1	1	UID1635447	1	1	0	0
1	1	UID1635470	1	1	0	0
1	1	UID1635478	1	1	0	0
1	1	UID1635482	1	1	0	0
1	1	UID1635486	1	1	0	0
1	1	UID1635488	1	1	0	0
1	1	UID1635489	1	1	0	0
1	1	UID1635492	1	1	0	0
1	1	UID1635493	1	1	0	0
1	1	UID1635504	1	1	0	0
1	1	UID1635513	1	1	0	0
1	1	UID1635551	1	1	0	0
1	1	UID1635568	1	1	0	0
1	1	UID1635574	1	1	0	0
1	1	UID1635576	1	1	0	0
1	1	UID1635577	1	1	0	0
1	1	UID1635586	1	1	0	0
1	1	UID1635588	1	1	0	0
1	1	UID1635592	1	1	0	0
1	1	UID1635602	1	1	0	0
1	1	UID1635603	1	1	0	0
1	1	UID1635607	1	1	0	0
1	1	UID1635624	1	1	0	0
1	1	UID1635628	1	1	0	0
1	1	UID1635632	1	1	0	0
1	1	UID1635636	1	1	0	0
1	1	UID1635649	1	1	0	0
1	1	UID1635656	1	1	0	0
1	1	UID1635659	1	1	0	0
1	1	UID1635667	1	1	0	0
1	1	UID1635673	1	1	0	0
1	1	UID1635680	1	1	0	0
1	1	UID1635687	1	1	0	0
1	1	UID1635694	1	1	0	0
1	1	UID1635770	1	1	0	0
1	1	UID1635773	1	1	0	0
1	1	UID1635776	1	1	0	0
1	1	UID1635786	1	1	0	0
1	1	UID1635801	1	1	0	0
1	1	UID1635819	1	1	0	0
1	1	UID1635824	1	1	0	0
1	1	UID1635825	1	1	0	0
1	1	UID1635831	1	1	0	0
1	1	UID1635835	1	1	0	0
1	1	UID1635836	1	1	0	0
1	1	UID1635840	1	1	0	0
1	1	UID1635851	1	1	0	0
1	1	UID1635852	1	1	0	0
1	1	UID1635853	1	1	0	0
1	1	UID1635860	1	1	0	0
1	1	UID1635875	1	1	0	0
1	1	UID1635880	1	1	0	0
1	1	UID1635890	1	1	0	0
1	1	UID1635911	1	1	0	0
1	1	UID1635921	1	1	0	0
1	1	UID1635922	1	1	0	0
1	1	UID1635923	1	1	0	0
1	1	UID1635925	1	1	0	0
1	1	UID1635926	1	1	0	0
1	1	UID1635928	1	1	0	0
1	1	UID1635937	1	1	0	0
1	1	UID1635942	1	1	0	0
1	1	UID1635947	1	1	0	0
1	1	UID1635948	1	1	0	0
1	1	UID1635970	1	1	0	0
1	1	UID1635998	1	1	0	0
1	1	UID1636031	1	1	0	0
1	1	UID1636039	1	1	0	0
1	1	UID1636079	1	1	0	0
1	1	UID1636092	1	1	0	0
1	1	UID1636108	1	1	0	0
1	1	UID1636110	1	1	0	0
1	1	UID1636127	1	1	0	0
1	1	UID1636134	1	1	0	0
1	1	UID1636144	1	1	0	0
1	1	UID1636159	1	1	0	0
1	1	UID1636160	1	1	0	0
1	1	UID1636162	1	1	0	0
1	1	UID1636175	1	1	0	0
1	1	UID1636177	1	1	0	0
1	1	UID1636183	1	1	0	0
1	1	UID1636198	1	1	0	0
1	1	UID1636211	1	1	0	0
1	1	UID1636220	1	1	0	0
1	1	UID1636248	1	1	0	0
1	1	UID1636252	1	1	0	0
1	1	UID1636259	1	1	0	0
1	1	UID1636263	1	1	0	0
1	1	UID1636269	1	1	0	0
1	1	UID1636276	1	1	0	0
1	1	UID1636291	1	1	0	0
1	1	UID1636319	1	1	0	0
1	1	UID1636356	1	1	0	0
1	1	UID1636389	1	1	0	0
1	1	UID1636399	1	1	0	0
1	1	UID1636415	1	1	0	0
1	1	UID1636424	1	1	0	0
1	1	UID1636426	1	1	0	0
1	1	UID1636447	1	1	0	0
1	1	UID1636452	1	1	0	0
1	1	UID1636453	1	1	0	0
1	1	UID1636457	1	1	0	0
1	1	UID1636460	1	1	0	0
1	1	UID1636464	1	1	0	0
1	1	UID1636468	1	1	0	0
1	1	UID1636470	1	1	0	0
1	1	UID1636479	1	1	0	0
1	1	UID1636506	1	1	0	0
1	1	UID1636531	1	1	0	0
1	1	UID1636532	1	1	0	0
1	1	UID1636536	1	1	0	0
1	1	UID1636540	1	1	0	0
1	1	UID1636541	1	1	0	0
1	1	UID1636542	1	1	0	0
1	1	UID1636543	1	1	0	0
1	1	UID1636551	1	1	0	0
2	2	UID1636561	1	2	1	1
1	1	UID1636562	1	1	0	0
1	1	UID1636564	1	1	0	0
1	1	UID1636566	1	1	0	0
1	1	UID1636567	1	1	0	0
1	1	UID1636575	1	1	0	0
1	1	UID1636579	1	1	0	0
1	1	UID1636593	1	1	0	0
1	1	UID1636595	1	1	0	0
1	1	UID1636605	1	1	0	0
1	1	UID1636676	1	1	0	0
1	1	UID1636679	1	1	0	0
1	1	UID1636694	1	1	0	0
1	1	UID1636696	1	1	0	0
1	1	UID1636730	1	1	0	0
1	1	UID1636732	1	1	0	0
1	1	UID1636740	1	1	0	0
1	1	UID1636745	1	1	0	0
1	1	UID1636748	1	1	0	0
1	1	UID1636749	1	1	0	0
1	1	UID1636755	1	1	0	0
1	1	UID1636773	1	1	0	0
1	1	UID1636781	1	1	0	0
1	1	UID1636803	1	1	0	0
1	1	UID1636804	1	1	0	0
1	1	UID1636807	1	1	0	0
1	1	UID1636815	1	1	0	0
1	1	UID1636818	1	1	0	0
1	1	UID1636828	1	1	0	0
1	1	UID1636834	1	1	0	0
1	1	UID1636836	1	1	0	0
1	1	UID1636840	1	1	0	0
1	1	UID1636842	1	1	0	0
1	1	UID1636843	1	1	0	0
1	1	UID1636846	1	1	0	0
1	1	UID1636850	1	1	0	0
1	1	UID1636852	1	1	0	0
1	1	UID1636853	1	1	0	0
1	1	UID1636854	1	1	0	0
1	1	UID1636856	1	1	0	0
1	1	UID1636857	1	1	0	0
1	1	UID1636858	1	1	0	0
1	1	UID1636860	1	1	0	0
1	1	UID1636862	1	1	0	0
1	1	UID1636863	1	1	0	0
1	1	UID1636864	1	1	0	0
1	1	UID1636865	1	1	0	0
1	1	UID1636867	1	1	0	0
1	1	UID1636871	1	1	0	0
1	1	UID1636872	1	1	0	0
1	1	UID1636874	1	1	0	0
1	1	UID1636880	1	1	0	0
1	1	UID1636881	1	1	0	0
1	1	UID1636890	1	1	0	0
1	1	UID1636894	1	1	0	0
1	1	UID1636896	1	1	0	0
1	1	UID1636897	1	1	0	0
1	1	UID1636900	1	1	0	0
1	1	UID1636902	1	1	0	0
1	1	UID1636905	1	1	0	0
1	1	UID1636910	1	1	0	0
1	1	UID1636912	1	1	0	0
1	1	UID1636913	1	1	0	0
1	1	UID1636915	1	1	0	0
1	1	UID1636916	1	1	0	0
1	1	UID1636931	1	1	0	0
1	1	UID1636934	1	1	0	0
1	1	UID1636935	1	1	0	0
1	1	UID1636938	1	1	0	0
1	1	UID1636939	1	1	0	0
1	1	UID1636947	1	1	0	0
1	1	UID1636955	1	1	0	0
1	1	UID1636957	1	1	0	0
1	1	UID1636962	1	1	0	0
1	1	UID1637028	1	1	0	0
1	1	UID1637050	1	1	0	0
1	1	UID1637070	1	1	0	0
1	1	UID1637078	1	1	0	0
1	1	UID1637080	1	1	0	0
1	1	UID1637083	1	1	0	0
1	1	UID1637085	1	1	0	0
1	1	UID1637086	1	1	0	0
1	1	UID1637087	1	1	0	0
1	1	UID1637093	1	1	0	0
1	1	UID1637098	1	1	0	0
1	1	UID1637101	1	1	0	0
1	1	UID1637108	1	1	0	0
1	1	UID1637117	1	1	0	0
1	1	UID1637118	1	1	0	0
1	1	UID1637127	1	1	0	0
1	1	UID1637129	1	1	0	0
1	1	UID1637162	1	1	0	0
1	1	UID1637169	1	1	0	0
1	1	UID1637170	1	1	0	0
1	1	UID1637171	1	1	0	0
1	1	UID1637183	1	1	0	0
1	1	UID1637193	1	1	0	0
1	1	UID1637202	1	1	0	0
1	1	UID1637203	1	1	0	0
1	1	UID1637210	1	1	0	0
1	1	UID1637227	1	1	0	0
1	1	UID1637262	1	1	0	0
1	1	UID1637272	1	1	0	0
1	1	UID1637370	1	1	0	0
1	1	UID1637389	1	1	0	0
1	1	UID1637391	1	1	0	0
1	1	UID1637400	1	1	0	0
1	1	UID1637409	1	1	0	0
1	1	UID1637429	1	1	0	0
1	1	UID1637432	1	1	0	0
1	1	UID1637441	1	1	0	0
1	1	UID1637444	1	1	0	0
1	1	UID1637446	1	1	0	0
1	1	UID1637451	1	1	0	0
1	1	UID1637452	1	1	0	0
1	1	UID1637453	1	1	0	0
1	1	UID1637463	1	1	0	0
1	1	UID1637468	1	1	0	0
1	1	UID1637469	1	1	0	0
1	1	UID1637476	1	1	0	0
1	1	UID1637479	1	1	0	0
1	1	UID1637493	1	1	0	0
1	1	UID1637496	1	1	0	0
1	1	UID1637498	1	1	0	0
1	1	UID1637512	1	1	0	0
1	1	UID1637513	1	1	0	0
1	1	UID1637514	1	1	0	0
1	1	UID1637515	1	1	0	0
1	1	UID1637517	1	1	0	0
1	1	UID1637530	1	1	0	0
1	1	UID1637535	1	1	0	0
1	1	UID1637539	1	1	0	0
1	1	UID1637549	1	1	0	0
1	1	UID1637561	1	1	0	0
1	1	UID1637572	1	1	0	0
1	1	UID1637584	1	1	0	0
1	1	UID1637590	1	1	0	0
1	1	UID1637696	1	1	0	0
1	1	UID1637716	1	1	0	0
1	1	UID1637723	1	1	0	0
1	1	UID1637725	1	1	0	0
1	1	UID1637739	1	1	0	0
1	1	UID1637741	1	1	0	0
1	1	UID1637751	1	1	0	0
1	1	UID1637752	1	1	0	0
1	1	UID1637754	1	1	0	0
1	1	UID1637758	1	1	0	0
1	1	UID1637762	1	1	0	0
1	1	UID1637774	1	1	0	0
1	1	UID1637783	1	1	0	0
1	1	UID1637784	1	1	0	0
1	1	UID1637797	1	1	0	0
1	1	UID1637799	1	1	0	0
1	1	UID1637800	1	1	0	0
1	1	UID1637802	1	1	0	0
1	1	UID1637806	1	1	0	0
1	1	UID1637808	1	1	0	0
1	1	UID1637812	1	1	0	0
1	1	UID1637895	1	1	0	0
1	1	UID1637913	1	1	0	0
1	1	UID1637917	1	1	0	0
1	1	UID1637926	1	1	0	0
1	1	UID1637939	1	1	0	0
1	1	UID1637947	1	1	0	0
1	1	UID1637951	1	1	0	0
1	1	UID1637957	1	1	0	0
1	1	UID1637958	1	1	0	0
1	1	UID1637962	1	1	0	0
1	1	UID1637965	1	1	0	0
1	1	UID1637967	1	1	0	0
1	1	UID1637986	1	1	0	0
1	1	UID1637990	1	1	0	0
1	1	UID1637996	1	1	0	0
1	1	UID1637997	1	1	0	0
1	1	UID1638000	1	1	0	0
1	1	UID1638005	1	1	0	0
1	1	UID1638007	1	1	0	0
1	1	UID1638013	1	1	0	0
1	1	UID1638016	1	1	0	0
1	1	UID1638018	1	1	0	0
1	1	UID1638019	1	1	0	0
1	1	UID1638020	1	1	0	0
1	1	UID1638021	1	1	0	0
1	1	UID1638029	1	1	0	0
1	1	UID1638033	1	1	0	0
1	1	UID1638047	1	1	0	0
1	1	UID1638058	1	1	0	0
1	1	UID1638108	1	1	0	0
1	1	UID1638137	1	1	0	0
1	1	UID1638165	1	1	0	0
1	1	UID1638172	1	1	0	0
1	1	UID1638174	1	1	0	0
1	1	UID1638175	1	1	0	0
1	1	UID1638178	1	1	0	0
1	1	UID1638179	1	1	0	0
1	1	UID1638180	1	1	0	0
1	1	UID1638182	1	1	0	0
1	1	UID1638188	1	1	0	0
1	1	UID1638199	1	1	0	0
1	1	UID1638202	1	1	0	0
1	1	UID1638203	1	1	0	0
1	1	UID1638204	1	1	0	0
1	1	UID1638206	1	1	0	0
1	1	UID1638207	1	1	0	0
1	1	UID1638208	1	1	0	0
1	1	UID1638213	1	1	0	0
1	1	UID1638270	1	1	0	0
1	1	UID1638300	1	1	0	0
1	1	UID1638307	1	1	0	0
1	1	UID1638319	1	1	0	0
1	1	UID1638322	1	1	0	0
1	1	UID1638340	1	1	0	0
3	3	UID1638347	1	3	2	2
1	1	UID1638367	1	1	0	0
1	1	UID1638471	1	1	0	0
1	1	UID1638479	1	1	0	0
1	1	UID1638486	1	1	0	0
1	1	UID1638490	1	1	0	0
1	1	UID1638496	1	1	0	0
1	1	UID1638500	1	1	0	0
1	1	UID1638508	1	1	0	0
1	1	UID1638509	1	1	0	0
1	1	UID1638510	1	1	0	0
1	1	UID1638517	1	1	0	0
1	1	UID1638521	1	1	0	0
1	1	UID1638539	1	1	0	0
1	1	UID1638540	1	1	0	0
1	1	UID1638559	1	1	0	0
1	1	UID1638561	1	1	0	0
1	1	UID1638563	1	1	0	0
1	1	UID1638564	1	1	0	0
1	1	UID1638565	1	1	0	0
1	1	UID1638566	1	1	0	0
1	1	UID1638570	1	1	0	0
1	1	UID1638573	1	1	0	0
1	1	UID1638580	1	1	0	0
1	1	UID1638582	1	1	0	0
1	1	UID1638584	1	1	0	0
1	1	UID1638614	1	1	0	0
1	1	UID1638617	1	1	0	0
1	1	UID1638621	1	1	0	0
1	1	UID1638622	1	1	0	0
1	1	UID1638624	1	1	0	0
1	1	UID1638629	1	1	0	0
1	1	UID1638631	1	1	0	0
1	1	UID1638635	1	1	0	0
1	1	UID1638637	1	1	0	0
1	1	UID1638639	1	1	0	0
1	1	UID1638640	1	1	0	0
1	1	UID1638641	1	1	0	0
1	1	UID1638643	1	1	0	0
1	1	UID1638644	1	1	0	0
1	1	UID1638646	1	1	0	0
1	1	UID1638647	1	1	0	0
1	1	UID1638648	1	1	0	0
1	1	UID1638649	1	1	0	0
1	1	UID1638651	1	1	0	0
1	1	UID1638655	1	1	0	0
1	1	UID1638656	1	1	0	0
1	1	UID1638657	1	1	0	0
1	1	UID1638659	1	1	0	0
1	1	UID1638661	1	1	0	0
1	1	UID1638662	1	1	0	0
1	1	UID1638673	1	1	0	0
1	1	UID1638678	1	1	0	0
1	1	UID1638679	1	1	0	0
1	1	UID1638682	1	1	0	0
1	1	UID1638716	1	1	0	0
1	1	UID1638725	1	1	0	0
1	1	UID1638777	1	1	0	0
1	1	UID1638799	1	1	0	0
1	1	UID1638802	1	1	0	0
1	1	UID1638811	1	1	0	0
1	1	UID1638824	1	1	0	0
1	1	UID1638831	1	1	0	0
1	1	UID1638832	1	1	0	0
1	1	UID1638839	1	1	0	0
1	1	UID1638842	1	1	0	0
1	1	UID1638846	1	1	0	0
1	1	UID1638848	1	1	0	0
1	1	UID1638853	1	1	0	0
1	1	UID1638866	1	1	0	0
1	1	UID1638867	1	1	0	0
1	1	UID1638871	1	1	0	0
1	1	UID1638873	1	1	0	0
1	1	UID1638874	1	1	0	0
1	1	UID1638880	1	1	0	0
1	1	UID1638899	1	1	0	0
1	1	UID1638900	1	1	0	0
1	1	UID1638903	1	1	0	0
1	1	UID1638906	1	1	0	0
1	1	UID1638913	1	1	0	0
1	1	UID1638915	1	1	0	0
1	1	UID1638925	1	1	0	0
1	1	UID1638926	1	1	0	0
1	1	UID1639015	1	1	0	0
1	1	UID1639029	1	1	0	0
1	1	UID1639030	1	1	0	0
1	1	UID1639037	1	1	0	0
1	1	UID1639060	1	1	0	0
1	1	UID1639061	1	1	0	0
1	1	UID1639079	1	1	0	0
1	1	UID1639096	1	1	0	0
1	1	UID1639118	1	1	0	0
1	1	UID1639129	1	1	0	0
1	1	UID1639130	1	1	0	0
1	1	UID1639133	1	1	0	0
1	1	UID1639134	1	1	0	0
1	1	UID1639138	1	1	0	0
1	1	UID1639146	1	1	0	0
1	1	UID1639162	1	1	0	0
1	1	UID1639184	1	1	0	0
1	1	UID1639186	1	1	0	0
1	1	UID1639190	1	1	0	0
1	1	UID1639195	1	1	0	0
1	1	UID1639199	1	1	0	0
1	1	UID1639200	1	1	0	0
1	1	UID1639226	1	1	0	0
1	1	UID1639233	1	1	0	0
1	1	UID1639242	1	1	0	0
1	1	UID1639243	1	1	0	0
1	1	UID1639248	1	1	0	0
1	1	UID1639271	1	1	0	0
1	1	UID1639332	1	1	0	0
1	1	UID1639344	1	1	0	0
1	1	UID1639345	1	1	0	0
1	1	UID1639348	1	1	0	0
1	1	UID1639361	1	1	0	0
1	1	UID1639371	1	1	0	0
1	1	UID1639378	1	1	0	0
1	1	UID1639385	1	1	0	0
1	1	UID1639389	1	1	0	0
1	1	UID1639393	1	1	0	0
1	1	UID1639438	1	1	0	0
1	1	UID1639443	1	1	0	0
2	2	UID1639446	1	2	1	1
1	1	UID1639453	1	1	0	0
1	1	UID1639454	1	1	0	0
1	1	UID1639456	1	1	0	0
1	1	UID1639459	1	1	0	0
1	1	UID1639460	1	1	0	0
1	1	UID1639498	1	1	0	0
1	1	UID1639501	1	1	0	0
3	3	UID1639507	1	3	1	1
1	1	UID1639516	1	1	0	0
1	1	UID1639519	1	1	0	0
1	1	UID1639525	1	1	0	0
1	1	UID1639533	1	1	0	0
1	1	UID1639534	1	1	0	0
1	1	UID1639535	1	1	0	0
1	1	UID1639538	1	1	0	0
1	1	UID1639541	1	1	0	0
1	1	UID1639552	1	1	0	0
1	1	UID1639555	1	1	0	0
1	1	UID1639571	1	1	0	0
1	1	UID1639643	1	1	0	0
1	1	UID1639648	1	1	0	0
1	1	UID1639649	1	1	0	0
1	1	UID1639654	1	1	0	0
1	1	UID1639656	1	1	0	0
1	1	UID1639658	1	1	0	0
1	1	UID1639672	1	1	0	0
1	1	UID1639680	1	1	0	0
1	1	UID1639684	1	1	0	0
1	1	UID1639692	1	1	0	0
1	1	UID1639705	1	1	0	0
1	1	UID1639709	1	1	0	0
1	1	UID1639714	1	1	0	0
1	1	UID1639715	1	1	0	0
1	1	UID1639718	1	1	0	0
1	1	UID1639719	1	1	0	0
1	1	UID1639727	1	1	0	0
2	2	UID1639734	1	2	1	1
1	1	UID1639739	1	1	0	0
1	1	UID1639744	1	1	0	0
1	1	UID1639751	1	1	0	0
1	1	UID1639759	1	1	0	0
1	1	UID1639760	1	1	0	0
1	1	UID1639766	1	1	0	0
1	1	UID1639770	1	1	0	0
1	1	UID1639772	1	1	0	0
1	1	UID1639776	1	1	0	0
1	1	UID1639802	1	1	0	0
1	1	UID1639803	1	1	0	0
1	1	UID1639807	1	1	0	0
1	1	UID1639825	1	1	0	0
1	1	UID1639826	1	1	0	0
1	1	UID1639830	1	1	0	0
1	1	UID1639831	1	1	0	0
1	1	UID1639833	1	1	0	0
1	1	UID1639845	1	1	0	0
1	1	UID1639850	1	1	0	0
1	1	UID1639852	1	1	0	0
1	1	UID1639858	1	1	0	0
1	1	UID1639859	1	1	0	0
1	1	UID1639864	1	1	0	0
1	1	UID1639865	1	1	0	0
1	1	UID1639870	1	1	0	0
1	1	UID1639874	1	1	0	0
1	1	UID1639878	1	1	0	0
1	1	UID1639881	1	1	0	0
1	1	UID1639888	1	1	0	0
1	1	UID1639910	1	1	0	0
1	1	UID1639918	1	1	0	0
1	1	UID1639954	1	1	0	0
1	1	UID1639976	1	1	0	0
1	1	UID1640012	1	1	0	0
1	1	UID1640022	1	1	0	0
2	2	UID1640035	1	2	1	1
1	1	UID1640042	1	1	0	0
1	1	UID1640046	1	1	0	0
1	1	UID1640052	1	1	0	0
1	1	UID1640060	1	1	0	0
1	1	UID1640065	1	1	0	0
1	1	UID1640067	1	1	0	0
1	1	UID1640072	1	1	0	0
1	1	UID1640086	1	1	0	0
1	1	UID1640088	1	1	0	0
1	1	UID1640096	1	1	0	0
1	1	UID1640104	1	1	0	0
1	1	UID1640106	1	1	0	0
1	1	UID1640110	1	1	0	0
1	1	UID1640126	1	1	0	0
1	1	UID1640132	1	1	0	0
1	1	UID1640147	1	1	0	0
1	1	UID1640149	1	1	0	0
1	1	UID1640150	1	1	0	0
1	1	UID1640151	1	1	0	0
1	1	UID1640159	1	1	0	0
1	1	UID1640168	1	1	0	0
1	1	UID1640180	1	1	0	0
1	1	UID1640182	1	1	0	0
1	1	UID1640183	1	1	0	0
1	1	UID1640190	1	1	0	0
1	1	UID1640191	1	1	0	0
1	1	UID1640198	1	1	0	0
1	1	UID1640208	1	1	0	0
1	1	UID1640228	1	1	0	0
1	1	UID1640290	1	1	0	0
1	1	UID1640316	1	1	0	0
1	1	UID1640334	1	1	0	0
1	1	UID1640340	1	1	0	0
1	1	UID1640342	1	1	0	0
1	1	UID1640345	1	1	0	0
1	1	UID1640362	1	1	0	0
1	1	UID1640367	1	1	0	0
1	1	UID1640391	1	1	0	0
1	1	UID1640395	1	1	0	0
1	1	UID1640398	1	1	0	0
1	1	UID1640408	1	1	0	0
1	1	UID1640410	1	1	0	0
1	1	UID1640420	1	1	0	0
1	1	UID1640426	1	1	0	0
1	1	UID1640429	1	1	0	0
1	1	UID1640437	1	1	0	0
1	1	UID1640441	1	1	0	0
1	1	UID1640442	1	1	0	0
1	1	UID1640542	1	1	0	0
1	1	UID1640543	1	1	0	0
1	1	UID1640552	1	1	0	0
1	1	UID1640591	1	1	0	0
1	1	UID1640593	1	1	0	0
1	1	UID1640597	1	1	0	0
1	1	UID1640614	1	1	0	0
1	1	UID1640620	1	1	0	0
1	1	UID1640626	1	1	0	0
2	2	UID1640629	1	2	1	1
1	1	UID1640687	1	1	0	0
1	1	UID1640691	1	1	0	0
1	1	UID1640693	1	1	0	0
1	1	UID1640708	1	1	0	0
1	1	UID1640712	1	1	0	0
1	1	UID1640716	1	1	0	0
1	1	UID1640723	1	1	0	0
1	1	UID1640729	1	1	0	0
1	1	UID1640739	1	1	0	0
1	1	UID1640779	1	1	0	0
1	1	UID1640799	1	1	0	0
1	1	UID1640805	1	1	0	0
1	1	UID1640808	1	1	0	0
1	1	UID1640813	1	1	0	0
1	1	UID1640818	1	1	0	0
1	1	UID1640831	1	1	0	0
1	1	UID1640833	1	1	0	0
1	1	UID1640839	1	1	0	0
1	1	UID1640842	1	1	0	0
1	1	UID1640846	1	1	0	0
1	1	UID1640854	1	1	0	0
1	1	UID1640862	1	1	0	0
1	1	UID1640900	1	1	0	0
1	1	UID1640901	1	1	0	0
1	1	UID1640928	1	1	0	0
1	1	UID1640940	1	1	0	0
1	1	UID1640948	1	1	0	0
1	1	UID1640953	1	1	0	0
1	1	UID1640955	1	1	0	0
1	1	UID1640956	1	1	0	0
1	1	UID1640958	1	1	0	0
1	1	UID1640965	1	1	0	0
1	1	UID1640987	1	1	0	0
1	1	UID1640991	1	1	0	0
1	1	UID1641076	1	1	0	0
1	1	UID1641078	1	1	0	0
1	1	UID1641093	1	1	0	0
1	1	UID1641113	1	1	0	0
1	1	UID1641114	1	1	0	0
1	1	UID1641115	1	1	0	0
2	2	UID1641127	1	2	1	1
1	1	UID1641140	1	1	0	0
1	1	UID1641144	1	1	0	0
1	1	UID1641149	1	1	0	0
1	1	UID1641152	1	1	0	0
1	1	UID1641155	1	1	0	0
1	1	UID1641162	1	1	0	0
1	1	UID1641169	1	1	0	0
1	1	UID1641170	1	1	0	0
1	1	UID1641171	1	1	0	0
1	1	UID1641173	1	1	0	0
1	1	UID1641177	1	1	0	0
1	1	UID1641196	1	1	0	0
1	1	UID1641203	1	1	0	0
1	1	UID1641207	1	1	0	0
1	1	UID1641216	1	1	0	0
1	1	UID1641221	1	1	0	0
1	1	UID1641224	1	1	0	0
1	1	UID1641225	1	1	0	0
1	1	UID1641228	1	1	0	0
1	1	UID1641231	1	1	0	0
1	1	UID1641240	1	1	0	0
1	1	UID1641242	1	1	0	0
1	1	UID1641252	1	1	0	0
1	1	UID1641258	1	1	0	0
1	1	UID1641259	1	1	0	0
1	1	UID1641261	1	1	0	0
1	1	UID1641267	1	1	0	0
1	1	UID1641268	1	1	0	0
1	1	UID1641269	1	1	0	0
1	1	UID1641271	1	1	0	0
1	1	UID1641272	1	1	0	0
1	1	UID1641287	1	1	0	0
1	1	UID1641292	1	1	0	0
1	1	UID1641308	1	1	0	0
1	1	UID1641412	1	1	0	0
1	1	UID1641427	1	1	0	0
1	1	UID1641441	1	1	0	0
1	1	UID1641459	1	1	0	0
1	1	UID1641462	1	1	0	0
1	1	UID1641469	1	1	0	0
1	1	UID1641493	1	1	0	0
1	1	UID1641523	1	1	0	0
1	1	UID1641524	1	1	0	0
1	1	UID1641531	1	1	0	0
1	1	UID1641535	1	1	0	0
1	1	UID1641536	1	1	0	0
1	1	UID1641542	1	1	0	0
1	1	UID1641545	1	1	0	0
1	1	UID1641548	1	1	0	0
1	1	UID1641558	1	1	0	0
1	1	UID1641565	1	1	0	0
1	1	UID1641566	1	1	0	0
1	1	UID1641577	1	1	0	0
1	1	UID1641591	1	1	0	0
1	1	UID1641599	1	1	0	0
1	1	UID1641601	1	1	0	0
1	1	UID1641609	1	1	0	0
1	1	UID1641611	1	1	0	0
1	1	UID1641624	1	1	0	0
1	1	UID1641641	1	1	0	0
1	1	UID1641709	1	1	0	0
1	1	UID1641715	1	1	0	0
1	1	UID1641721	1	1	0	0
1	1	UID1641732	1	1	0	0
1	1	UID1641737	1	1	0	0
1	1	UID1641749	1	1	0	0
1	1	UID1641754	1	1	0	0
1	1	UID1641755	1	1	0	0
1	1	UID1641772	1	1	0	0
1	1	UID1641775	1	1	0	0
1	1	UID1641784	1	1	0	0
1	1	UID1641793	1	1	0	0
1	1	UID1641801	1	1	0	0
1	1	UID1641820	1	1	0	0
2	2	UID1641821	1	2	1	1
1	1	UID1641822	1	1	0	0
1	1	UID1641824	1	1	0	0
1	1	UID1641833	1	1	0	0
1	1	UID1641843	1	1	0	0
1	1	UID1641899	1	1	0	0
1	1	UID1641914	1	1	0	0
1	1	UID1641915	1	1	0	0
2	2	UID1641927	1	2	1	1
1	1	UID1641934	1	1	0	0
1	1	UID1641948	1	1	0	0
1	1	UID1641962	1	1	0	0
1	1	UID1641969	1	1	0	0
1	1	UID1641993	1	1	0	0
1	1	UID1641995	1	1	0	0
1	1	UID1642006	1	1	0	0
1	1	UID1642040	1	1	0	0
1	1	UID1642054	1	1	0	0
1	1	UID1642072	1	1	0	0
1	1	UID1642078	1	1	0	0
1	1	UID1642143	1	1	0	0
5	5	UID1642149	1	5	2	2
1	1	UID1642201	1	1	0	0
1	1	UID1642232	1	1	0	0
1	1	UID1642235	1	1	0	0
1	1	UID1642258	1	1	0	0
1	1	UID1642265	1	1	0	0
1	1	UID1642295	1	1	0	0
1	1	UID1642296	1	1	0	0
1	1	UID1642297	1	1	0	0
1	1	UID1642298	1	1	0	0
1	1	UID1642299	1	1	0	0
1	1	UID1642313	1	1	0	0
1	1	UID1642315	1	1	0	0
1	1	UID1642317	1	1	0	0
1	1	UID1642321	1	1	0	0
1	1	UID1642331	1	1	0	0
1	1	UID1642334	1	1	0	0
1	1	UID1642341	1	1	0	0
1	1	UID1642344	1	1	0	0
1	1	UID1642348	1	1	0	0
1	1	UID1642361	1	1	0	0
1	1	UID1642367	1	1	0	0
1	1	UID1642368	1	1	0	0
1	1	UID1642370	1	1	0	0
1	1	UID1642462	1	1	0	0
1	1	UID1642484	1	1	0	0
1	1	UID1642514	1	1	0	0
1	1	UID1642524	1	1	0	0
1	1	UID1642527	1	1	0	0
1	1	UID1642533	1	1	0	0
1	1	UID1642559	1	1	0	0
1	1	UID1642562	1	1	0	0
1	1	UID1642581	1	1	0	0
1	1	UID1642583	1	1	0	0
1	1	UID1642584	1	1	0	0
1	1	UID1642597	1	1	0	0
1	1	UID1642609	1	1	0	0
1	1	UID1642620	1	1	0	0
1	1	UID1642668	1	1	0	0
2	2	UID1642676	1	2	1	1
1	1	UID1642686	1	1	0	0
1	1	UID1642689	1	1	0	0
1	1	UID1642690	1	1	0	0
1	1	UID1642692	1	1	0	0
1	1	UID1642694	1	1	0	0
1	1	UID1642719	1	1	0	0
1	1	UID1642735	1	1	0	0
1	1	UID38192	1	1	0	0
1	1	UID5799	1	1	0	0
1	1	UID600408	1	1	0	0
1	1	UID685320	1	1	0	0
1	1	UID705249	1	1	0	0
1	1	UID731828	1	1	0	0
1	1	UID80092	1	1	0	0
1	1	UID810232	1	1	0	0
1	1	UID828718	1	1	0	0
1	1	UID91586	1	1	0	0
