2427	6885	UID2251	2460	1958	6	6
2811	7015	UID715	1974	2343	9	9
2804	5788	UID31712	1022	2392	8	8
611	1465	UID408	490	484	5	5
511	992	UID33212	318	449	3	3
1168	2147	UID123232	265	1048	5	5
408	759	UID493	202	379	5	5
634	1065	UID86635	150	580	6	6
95	147	UID434919	43	89	3	3
4	27	UID4	24	3	1	1
9	12	UID123310	3	7	1	1
2	3	UID227	2	1	1	1
1	1	UID123857	1	1	0	0
1	1	UID166175	1	1	0	0
1	1	UID1663253	1	1	0	0
1	1	UID1663254	1	1	0	0
1	1	UID1663255	1	1	0	0
1	1	UID1663259	1	1	0	0
1	1	UID1663263	1	1	0	0
1	1	UID1663266	1	1	0	0
1	1	UID1663275	1	1	0	0
1	1	UID1663284	1	1	0	0
1	1	UID1663288	1	1	0	0
1	1	UID1663291	1	1	0	0
1	1	UID1663292	1	1	0	0
1	1	UID1663295	1	1	0	0
1	1	UID1663297	1	1	0	0
1	1	UID1663299	1	1	0	0
1	1	UID1663301	1	1	0	0
1	1	UID1663305	1	1	0	0
1	1	UID1663310	1	1	0	0
1	1	UID1663318	1	1	0	0
1	1	UID1663327	1	1	0	0
1	1	UID1663331	1	1	0	0
1	1	UID1663348	1	1	0	0
1	1	UID1663352	1	1	0	0
1	1	UID1663368	1	1	0	0
1	1	UID1663369	1	1	0	0
1	1	UID1663373	1	1	0	0
1	1	UID1663387	1	1	0	0
1	1	UID1663390	1	1	0	0
1	1	UID1663396	1	1	0	0
1	1	UID1663410	1	1	0	0
1	1	UID1663418	1	1	0	0
1	1	UID1663430	1	1	0	0
1	1	UID1663435	1	1	0	0
1	1	UID1663446	1	1	0	0
1	1	UID1663449	1	1	0	0
1	1	UID1663452	1	1	0	0
1	1	UID1663458	1	1	0	0
1	1	UID1663463	1	1	0	0
1	1	UID1663472	1	1	0	0
1	1	UID1663497	1	1	0	0
1	1	UID1663498	1	1	0	0
1	1	UID1663499	1	1	0	0
1	1	UID1663500	1	1	0	0
1	1	UID1663503	1	1	0	0
1	1	UID1663519	1	1	0	0
1	1	UID1663521	1	1	0	0
1	1	UID1663523	1	1	0	0
1	1	UID1663526	1	1	0	0
1	1	UID1663527	1	1	0	0
1	1	UID1663528	1	1	0	0
1	1	UID1663530	1	1	0	0
1	1	UID1663532	1	1	0	0
1	1	UID1663533	1	1	0	0
1	1	UID1663534	1	1	0	0
1	1	UID1663535	1	1	0	0
1	1	UID1663545	1	1	0	0
1	1	UID1663549	1	1	0	0
1	1	UID1663551	1	1	0	0
1	1	UID1663558	1	1	0	0
1	1	UID1663564	1	1	0	0
1	1	UID1663569	1	1	0	0
1	1	UID1663576	1	1	0	0
1	1	UID1663587	1	1	0	0
1	1	UID1663590	1	1	0	0
1	1	UID1663591	1	1	0	0
1	1	UID1663592	1	1	0	0
1	1	UID1663598	1	1	0	0
1	1	UID1663605	1	1	0	0
1	1	UID1663612	1	1	0	0
1	1	UID1663618	1	1	0	0
1	1	UID1663622	1	1	0	0
1	1	UID1663631	1	1	0	0
1	1	UID1663635	1	1	0	0
1	1	UID1663636	1	1	0	0
1	1	UID1663637	1	1	0	0
1	1	UID1663640	1	1	0	0
1	1	UID1663648	1	1	0	0
1	1	UID1663649	1	1	0	0
1	1	UID1663653	1	1	0	0
1	1	UID1663663	1	1	0	0
1	1	UID1663664	1	1	0	0
1	1	UID1663665	1	1	0	0
1	1	UID1663670	1	1	0	0
1	1	UID1663671	1	1	0	0
1	1	UID1663673	1	1	0	0
1	1	UID1663679	1	1	0	0
1	1	UID1663689	1	1	0	0
1	1	UID1663691	1	1	0	0
1	1	UID1663694	1	1	0	0
1	1	UID1663712	1	1	0	0
1	1	UID1663718	1	1	0	0
1	1	UID1663744	1	1	0	0
1	1	UID1663745	1	1	0	0
1	1	UID1663746	1	1	0	0
1	1	UID1663752	1	1	0	0
1	1	UID1663765	1	1	0	0
1	1	UID1663767	1	1	0	0
1	1	UID1663768	1	1	0	0
1	1	UID1663772	1	1	0	0
1	1	UID1663773	1	1	0	0
1	1	UID1663774	1	1	0	0
1	1	UID1663777	1	1	0	0
1	1	UID1663779	1	1	0	0
1	1	UID1663784	1	1	0	0
1	1	UID1663786	1	1	0	0
1	1	UID1663792	1	1	0	0
1	1	UID1663810	1	1	0	0
1	1	UID1663812	1	1	0	0
1	1	UID1663813	1	1	0	0
1	1	UID1663822	1	1	0	0
1	1	UID1663833	1	1	0	0
1	1	UID1663836	1	1	0	0
1	1	UID1663840	1	1	0	0
1	1	UID1663842	1	1	0	0
1	1	UID1663850	1	1	0	0
1	1	UID1663855	1	1	0	0
1	1	UID1663865	1	1	0	0
1	1	UID1663869	1	1	0	0
1	1	UID1663873	1	1	0	0
1	1	UID1663882	1	1	0	0
1	1	UID1663883	1	1	0	0
1	1	UID1663884	1	1	0	0
1	1	UID1663917	1	1	0	0
1	1	UID1663919	1	1	0	0
1	1	UID1663920	1	1	0	0
1	1	UID1663926	1	1	0	0
1	1	UID1663928	1	1	0	0
1	1	UID1663931	1	1	0	0
1	1	UID1663942	1	1	0	0
1	1	UID1663943	1	1	0	0
1	1	UID1663951	1	1	0	0
1	1	UID1663953	1	1	0	0
1	1	UID1663959	1	1	0	0
1	1	UID1663962	1	1	0	0
1	1	UID1663969	1	1	0	0
1	1	UID1663976	1	1	0	0
1	1	UID1663979	1	1	0	0
1	1	UID1663989	1	1	0	0
1	1	UID1663994	1	1	0	0
1	1	UID1664012	1	1	0	0
1	1	UID1664016	1	1	0	0
1	1	UID1664056	1	1	0	0
1	1	UID1664068	1	1	0	0
1	1	UID1664087	1	1	0	0
1	1	UID1664093	1	1	0	0
1	1	UID1664105	1	1	0	0
1	1	UID1664125	1	1	0	0
1	1	UID1664209	1	1	0	0
1	1	UID1664214	1	1	0	0
1	1	UID1664223	1	1	0	0
1	1	UID1664229	1	1	0	0
1	1	UID1664273	1	1	0	0
1	1	UID1664275	1	1	0	0
1	1	UID1664311	1	1	0	0
1	1	UID1664327	1	1	0	0
1	1	UID1664345	1	1	0	0
1	1	UID1664365	1	1	0	0
1	1	UID1664366	1	1	0	0
1	1	UID1664388	1	1	0	0
1	1	UID1664389	1	1	0	0
1	1	UID1664468	1	1	0	0
1	1	UID1664493	1	1	0	0
1	1	UID1664496	1	1	0	0
1	1	UID1664508	1	1	0	0
1	1	UID1664518	1	1	0	0
1	1	UID1664528	1	1	0	0
1	1	UID1664538	1	1	0	0
1	1	UID1664540	1	1	0	0
1	1	UID1664543	1	1	0	0
1	1	UID1664549	1	1	0	0
1	1	UID1664562	1	1	0	0
1	1	UID1664568	1	1	0	0
1	1	UID1664579	1	1	0	0
1	1	UID1664581	1	1	0	0
1	1	UID1664582	1	1	0	0
1	1	UID1664587	1	1	0	0
1	1	UID1664604	1	1	0	0
1	1	UID1664642	1	1	0	0
1	1	UID1664692	1	1	0	0
1	1	UID1664698	1	1	0	0
1	1	UID1664701	1	1	0	0
1	1	UID1664712	1	1	0	0
1	1	UID1664738	1	1	0	0
1	1	UID1664756	1	1	0	0
1	1	UID1664777	1	1	0	0
1	1	UID1664818	1	1	0	0
1	1	UID1664822	1	1	0	0
1	1	UID1664856	1	1	0	0
1	1	UID1664858	1	1	0	0
1	1	UID1664865	1	1	0	0
1	1	UID1664900	1	1	0	0
1	1	UID1664906	1	1	0	0
1	1	UID1664917	1	1	0	0
1	1	UID1664964	1	1	0	0
1	1	UID1664992	1	1	0	0
1	1	UID1664998	1	1	0	0
1	1	UID1664999	1	1	0	0
1	1	UID1665035	1	1	0	0
1	1	UID1665036	1	1	0	0
1	1	UID1665046	1	1	0	0
1	1	UID1665061	1	1	0	0
1	1	UID1665062	1	1	0	0
1	1	UID1665068	1	1	0	0
1	1	UID1665076	1	1	0	0
1	1	UID1665089	1	1	0	0
1	1	UID1665106	1	1	0	0
1	1	UID1665108	1	1	0	0
1	1	UID1665119	1	1	0	0
1	1	UID1665131	1	1	0	0
1	1	UID1665146	1	1	0	0
1	1	UID1665153	1	1	0	0
1	1	UID1665156	1	1	0	0
1	1	UID1665166	1	1	0	0
1	1	UID1665175	1	1	0	0
1	1	UID1665185	1	1	0	0
1	1	UID1665198	1	1	0	0
5	5	UID1665209	1	5	2	2
1	1	UID1665210	1	1	0	0
1	1	UID1665213	1	1	0	0
1	1	UID1665214	1	1	0	0
1	1	UID1665215	1	1	0	0
1	1	UID1665238	1	1	0	0
1	1	UID1665241	1	1	0	0
1	1	UID1665243	1	1	0	0
1	1	UID1665247	1	1	0	0
1	1	UID1665250	1	1	0	0
1	1	UID1665263	1	1	0	0
1	1	UID1665270	1	1	0	0
1	1	UID1665271	1	1	0	0
1	1	UID1665285	1	1	0	0
1	1	UID1665292	1	1	0	0
1	1	UID1665298	1	1	0	0
1	1	UID1665299	1	1	0	0
1	1	UID1665312	1	1	0	0
1	1	UID1665319	1	1	0	0
1	1	UID1665322	1	1	0	0
1	1	UID1665330	1	1	0	0
1	1	UID1665333	1	1	0	0
1	1	UID1665334	1	1	0	0
1	1	UID1665337	1	1	0	0
1	1	UID1665349	1	1	0	0
1	1	UID1665355	1	1	0	0
1	1	UID1665359	1	1	0	0
1	1	UID1665364	1	1	0	0
1	1	UID1665366	1	1	0	0
1	1	UID1665368	1	1	0	0
1	1	UID1665369	1	1	0	0
1	1	UID1665375	1	1	0	0
1	1	UID1665377	1	1	0	0
1	1	UID1665380	1	1	0	0
1	1	UID1665397	1	1	0	0
1	1	UID1665405	1	1	0	0
1	1	UID1665406	1	1	0	0
1	1	UID1665415	1	1	0	0
1	1	UID1665422	1	1	0	0
1	1	UID1665432	1	1	0	0
1	1	UID1665438	1	1	0	0
1	1	UID1665440	1	1	0	0
1	1	UID1665441	1	1	0	0
1	1	UID1665444	1	1	0	0
1	1	UID1665452	1	1	0	0
1	1	UID1665453	1	1	0	0
1	1	UID1665461	1	1	0	0
1	1	UID1665466	1	1	0	0
1	1	UID1665469	1	1	0	0
1	1	UID1665473	1	1	0	0
1	1	UID1665487	1	1	0	0
1	1	UID1665488	1	1	0	0
1	1	UID1665497	1	1	0	0
1	1	UID1665498	1	1	0	0
1	1	UID1665501	1	1	0	0
1	1	UID1665503	1	1	0	0
1	1	UID1665517	1	1	0	0
1	1	UID1665523	1	1	0	0
1	1	UID1665528	1	1	0	0
1	1	UID1665533	1	1	0	0
1	1	UID1665547	1	1	0	0
1	1	UID1665548	1	1	0	0
1	1	UID1665555	1	1	0	0
1	1	UID1665561	1	1	0	0
1	1	UID1665598	1	1	0	0
1	1	UID1665599	1	1	0	0
1	1	UID1665600	1	1	0	0
1	1	UID1665601	1	1	0	0
1	1	UID1665605	1	1	0	0
1	1	UID1665621	1	1	0	0
1	1	UID1665622	1	1	0	0
1	1	UID1665623	1	1	0	0
1	1	UID1665627	1	1	0	0
1	1	UID1665633	1	1	0	0
1	1	UID1665634	1	1	0	0
1	1	UID1665639	1	1	0	0
1	1	UID1665640	1	1	0	0
1	1	UID1665642	1	1	0	0
1	1	UID1665644	1	1	0	0
1	1	UID1665650	1	1	0	0
1	1	UID1665651	1	1	0	0
1	1	UID1665658	1	1	0	0
1	1	UID1665675	1	1	0	0
1	1	UID1665693	1	1	0	0
1	1	UID1665695	1	1	0	0
1	1	UID1665707	1	1	0	0
1	1	UID1665719	1	1	0	0
1	1	UID1665721	1	1	0	0
1	1	UID1665723	1	1	0	0
1	1	UID1665724	1	1	0	0
1	1	UID1665725	1	1	0	0
1	1	UID1665737	1	1	0	0
1	1	UID1665738	1	1	0	0
1	1	UID1665742	1	1	0	0
1	1	UID1665759	1	1	0	0
1	1	UID1665760	1	1	0	0
1	1	UID1665762	1	1	0	0
1	1	UID1665768	1	1	0	0
1	1	UID1665773	1	1	0	0
1	1	UID1665794	1	1	0	0
1	1	UID1665798	1	1	0	0
1	1	UID1665806	1	1	0	0
1	1	UID1665810	1	1	0	0
1	1	UID1665813	1	1	0	0
1	1	UID1665816	1	1	0	0
1	1	UID1665820	1	1	0	0
1	1	UID1665823	1	1	0	0
1	1	UID1665830	1	1	0	0
1	1	UID1665833	1	1	0	0
1	1	UID1665834	1	1	0	0
1	1	UID1665836	1	1	0	0
1	1	UID1665843	1	1	0	0
1	1	UID1665857	1	1	0	0
1	1	UID1665887	1	1	0	0
1	1	UID1665891	1	1	0	0
1	1	UID1665894	1	1	0	0
1	1	UID1665906	1	1	0	0
1	1	UID1665918	1	1	0	0
1	1	UID1665928	1	1	0	0
1	1	UID1665929	1	1	0	0
1	1	UID1665930	1	1	0	0
1	1	UID1665945	1	1	0	0
1	1	UID1665955	1	1	0	0
1	1	UID1665974	1	1	0	0
1	1	UID1665976	1	1	0	0
1	1	UID1665983	1	1	0	0
1	1	UID1665985	1	1	0	0
1	1	UID1665996	1	1	0	0
1	1	UID1666007	1	1	0	0
1	1	UID1666010	1	1	0	0
1	1	UID1666023	1	1	0	0
1	1	UID1666045	1	1	0	0
1	1	UID1666057	1	1	0	0
1	1	UID1666058	1	1	0	0
1	1	UID1666062	1	1	0	0
1	1	UID1666064	1	1	0	0
1	1	UID1666077	1	1	0	0
1	1	UID1666092	1	1	0	0
1	1	UID1666095	1	1	0	0
1	1	UID1666103	1	1	0	0
1	1	UID1666117	1	1	0	0
1	1	UID1666133	1	1	0	0
1	1	UID1666199	1	1	0	0
1	1	UID1666201	1	1	0	0
1	1	UID1666211	1	1	0	0
1	1	UID1666233	1	1	0	0
1	1	UID1666244	1	1	0	0
1	1	UID1666256	1	1	0	0
1	1	UID1666260	1	1	0	0
1	1	UID1666265	1	1	0	0
1	1	UID1666285	1	1	0	0
1	1	UID1666293	1	1	0	0
1	1	UID1666309	1	1	0	0
1	1	UID1666336	1	1	0	0
1	1	UID1666371	1	1	0	0
1	1	UID1666373	1	1	0	0
1	1	UID1666374	1	1	0	0
1	1	UID1666419	1	1	0	0
1	1	UID1666455	1	1	0	0
1	1	UID1666480	1	1	0	0
1	1	UID1666482	1	1	0	0
1	1	UID1666538	1	1	0	0
1	1	UID1666540	1	1	0	0
1	1	UID1666547	1	1	0	0
1	1	UID1666548	1	1	0	0
1	1	UID1666552	1	1	0	0
1	1	UID1666560	1	1	0	0
1	1	UID1666563	1	1	0	0
1	1	UID1666567	1	1	0	0
1	1	UID1666570	1	1	0	0
1	1	UID1666574	1	1	0	0
1	1	UID1666576	1	1	0	0
1	1	UID1666577	1	1	0	0
1	1	UID1666614	1	1	0	0
1	1	UID1666641	1	1	0	0
1	1	UID1666655	1	1	0	0
1	1	UID1666709	1	1	0	0
1	1	UID1666725	1	1	0	0
1	1	UID1666726	1	1	0	0
1	1	UID1666738	1	1	0	0
1	1	UID1666760	1	1	0	0
1	1	UID1666836	1	1	0	0
1	1	UID1666865	1	1	0	0
1	1	UID1666888	1	1	0	0
1	1	UID1666891	1	1	0	0
1	1	UID1666892	1	1	0	0
1	1	UID1666941	1	1	0	0
1	1	UID1667011	1	1	0	0
1	1	UID1667021	1	1	0	0
1	1	UID1667053	1	1	0	0
1	1	UID1667095	1	1	0	0
1	1	UID1667120	1	1	0	0
1	1	UID1667128	1	1	0	0
1	1	UID1667135	1	1	0	0
1	1	UID1667165	1	1	0	0
1	1	UID1667171	1	1	0	0
1	1	UID1667179	1	1	0	0
1	1	UID1667181	1	1	0	0
1	1	UID1667184	1	1	0	0
1	1	UID1667200	1	1	0	0
1	1	UID1667236	1	1	0	0
1	1	UID1667242	1	1	0	0
1	1	UID1667246	1	1	0	0
1	1	UID1667263	1	1	0	0
1	1	UID1667275	1	1	0	0
1	1	UID1667279	1	1	0	0
1	1	UID1667292	1	1	0	0
1	1	UID1667301	1	1	0	0
1	1	UID1667305	1	1	0	0
1	1	UID1667316	1	1	0	0
1	1	UID1667321	1	1	0	0
1	1	UID1667350	1	1	0	0
1	1	UID1667368	1	1	0	0
1	1	UID1667409	1	1	0	0
1	1	UID1667412	1	1	0	0
1	1	UID1667437	1	1	0	0
1	1	UID1667453	1	1	0	0
1	1	UID1667464	1	1	0	0
1	1	UID1667465	1	1	0	0
1	1	UID1667471	1	1	0	0
1	1	UID1667484	1	1	0	0
1	1	UID1667504	1	1	0	0
1	1	UID1667507	1	1	0	0
1	1	UID1667511	1	1	0	0
1	1	UID1667528	1	1	0	0
1	1	UID1667547	1	1	0	0
1	1	UID1667558	1	1	0	0
1	1	UID1667562	1	1	0	0
1	1	UID1667565	1	1	0	0
1	1	UID1667575	1	1	0	0
1	1	UID1667590	1	1	0	0
1	1	UID1667603	1	1	0	0
1	1	UID1667605	1	1	0	0
1	1	UID1667644	1	1	0	0
1	1	UID1667700	1	1	0	0
1	1	UID1667752	1	1	0	0
1	1	UID1667769	1	1	0	0
1	1	UID1667789	1	1	0	0
1	1	UID1667843	1	1	0	0
1	1	UID1667844	1	1	0	0
1	1	UID1667847	1	1	0	0
1	1	UID1667849	1	1	0	0
1	1	UID1667855	1	1	0	0
1	1	UID1667858	1	1	0	0
1	1	UID1667944	1	1	0	0
1	1	UID1667953	1	1	0	0
1	1	UID1667959	1	1	0	0
1	1	UID1667960	1	1	0	0
1	1	UID1667970	1	1	0	0
1	1	UID1667975	1	1	0	0
1	1	UID1667976	1	1	0	0
1	1	UID1667978	1	1	0	0
1	1	UID1667980	1	1	0	0
1	1	UID1667997	1	1	0	0
1	1	UID1668012	1	1	0	0
1	1	UID1668028	1	1	0	0
1	1	UID1668030	1	1	0	0
1	1	UID1668038	1	1	0	0
1	1	UID1668043	1	1	0	0
1	1	UID1668055	1	1	0	0
1	1	UID1668089	1	1	0	0
1	1	UID1668115	1	1	0	0
1	1	UID1668116	1	1	0	0
1	1	UID1668131	1	1	0	0
1	1	UID1668134	1	1	0	0
1	1	UID1668146	1	1	0	0
1	1	UID1668148	1	1	0	0
1	1	UID1668152	1	1	0	0
1	1	UID1668160	1	1	0	0
1	1	UID1668165	1	1	0	0
1	1	UID1668184	1	1	0	0
1	1	UID1668190	1	1	0	0
1	1	UID1668211	1	1	0	0
1	1	UID1668217	1	1	0	0
1	1	UID1668282	1	1	0	0
1	1	UID1668285	1	1	0	0
1	1	UID1668289	1	1	0	0
1	1	UID1668292	1	1	0	0
1	1	UID1668315	1	1	0	0
1	1	UID1668324	1	1	0	0
1	1	UID1668325	1	1	0	0
1	1	UID1668330	1	1	0	0
1	1	UID1668343	1	1	0	0
1	1	UID1668368	1	1	0	0
1	1	UID1668389	1	1	0	0
1	1	UID1668398	1	1	0	0
1	1	UID1668408	1	1	0	0
1	1	UID1668432	1	1	0	0
1	1	UID1668444	1	1	0	0
1	1	UID1668445	1	1	0	0
1	1	UID1668453	1	1	0	0
1	1	UID1668462	1	1	0	0
1	1	UID1668474	1	1	0	0
1	1	UID1668477	1	1	0	0
1	1	UID1668486	1	1	0	0
1	1	UID1668520	1	1	0	0
1	1	UID1668528	1	1	0	0
1	1	UID1668605	1	1	0	0
1	1	UID1668607	1	1	0	0
1	1	UID1668623	1	1	0	0
1	1	UID1668625	1	1	0	0
1	1	UID1668626	1	1	0	0
1	1	UID1668627	1	1	0	0
1	1	UID1668638	1	1	0	0
1	1	UID1668648	1	1	0	0
1	1	UID1668655	1	1	0	0
1	1	UID1668664	1	1	0	0
1	1	UID1668686	1	1	0	0
1	1	UID1668697	1	1	0	0
1	1	UID1668698	1	1	0	0
1	1	UID1668712	1	1	0	0
1	1	UID1668715	1	1	0	0
1	1	UID1668726	1	1	0	0
1	1	UID1668770	1	1	0	0
1	1	UID1668774	1	1	0	0
1	1	UID1668776	1	1	0	0
1	1	UID1668802	1	1	0	0
1	1	UID1668808	1	1	0	0
1	1	UID1668887	1	1	0	0
1	1	UID1668888	1	1	0	0
1	1	UID1668989	1	1	0	0
1	1	UID1668993	1	1	0	0
1	1	UID1669006	1	1	0	0
1	1	UID1669039	1	1	0	0
1	1	UID1669060	1	1	0	0
1	1	UID1669064	1	1	0	0
1	1	UID1669078	1	1	0	0
1	1	UID1669091	1	1	0	0
1	1	UID1669094	1	1	0	0
1	1	UID1669103	1	1	0	0
1	1	UID1669108	1	1	0	0
1	1	UID1669117	1	1	0	0
1	1	UID1669132	1	1	0	0
1	1	UID1669137	1	1	0	0
1	1	UID1669140	1	1	0	0
1	1	UID1669147	1	1	0	0
1	1	UID1669149	1	1	0	0
1	1	UID1669151	1	1	0	0
1	1	UID1669164	1	1	0	0
1	1	UID1669178	1	1	0	0
1	1	UID1669183	1	1	0	0
1	1	UID1669186	1	1	0	0
1	1	UID1669189	1	1	0	0
1	1	UID1669193	1	1	0	0
1	1	UID1669199	1	1	0	0
1	1	UID1669206	1	1	0	0
1	1	UID1669211	1	1	0	0
1	1	UID1669217	1	1	0	0
1	1	UID1669218	1	1	0	0
1	1	UID1669219	1	1	0	0
1	1	UID1669228	1	1	0	0
1	1	UID1669243	1	1	0	0
1	1	UID1669244	1	1	0	0
1	1	UID1669264	1	1	0	0
1	1	UID1669270	1	1	0	0
1	1	UID1669277	1	1	0	0
1	1	UID1669287	1	1	0	0
1	1	UID1669305	1	1	0	0
1	1	UID1669321	1	1	0	0
1	1	UID1669330	1	1	0	0
1	1	UID1669331	1	1	0	0
1	1	UID1669333	1	1	0	0
1	1	UID1669339	1	1	0	0
1	1	UID1669340	1	1	0	0
1	1	UID1669350	1	1	0	0
1	1	UID1669357	1	1	0	0
1	1	UID1669358	1	1	0	0
1	1	UID1669374	1	1	0	0
1	1	UID1669389	1	1	0	0
1	1	UID1669402	1	1	0	0
1	1	UID1669407	1	1	0	0
1	1	UID1669440	1	1	0	0
1	1	UID1669445	1	1	0	0
1	1	UID1669446	1	1	0	0
1	1	UID1669451	1	1	0	0
1	1	UID1669459	1	1	0	0
1	1	UID1669464	1	1	0	0
1	1	UID1669510	1	1	0	0
1	1	UID1669514	1	1	0	0
1	1	UID1669517	1	1	0	0
1	1	UID1669523	1	1	0	0
1	1	UID1669524	1	1	0	0
1	1	UID1669541	1	1	0	0
1	1	UID1669546	1	1	0	0
1	1	UID1669547	1	1	0	0
1	1	UID1669549	1	1	0	0
1	1	UID1669550	1	1	0	0
1	1	UID1669551	1	1	0	0
1	1	UID1669562	1	1	0	0
1	1	UID1669567	1	1	0	0
1	1	UID1669570	1	1	0	0
1	1	UID1669589	1	1	0	0
1	1	UID1669590	1	1	0	0
1	1	UID1669596	1	1	0	0
1	1	UID1669601	1	1	0	0
1	1	UID1669624	1	1	0	0
1	1	UID1669629	1	1	0	0
1	1	UID1669630	1	1	0	0
1	1	UID1669632	1	1	0	0
1	1	UID1669639	1	1	0	0
1	1	UID1669651	1	1	0	0
1	1	UID1669666	1	1	0	0
1	1	UID1669669	1	1	0	0
1	1	UID1669672	1	1	0	0
1	1	UID1669674	1	1	0	0
1	1	UID1669691	1	1	0	0
1	1	UID1669711	1	1	0	0
1	1	UID1669716	1	1	0	0
1	1	UID1669718	1	1	0	0
1	1	UID1669723	1	1	0	0
1	1	UID1669737	1	1	0	0
1	1	UID1669750	1	1	0	0
1	1	UID1669764	1	1	0	0
1	1	UID1669767	1	1	0	0
1	1	UID1669789	1	1	0	0
1	1	UID1669795	1	1	0	0
1	1	UID1669796	1	1	0	0
1	1	UID1669803	1	1	0	0
1	1	UID1669805	1	1	0	0
1	1	UID1669806	1	1	0	0
1	1	UID1669807	1	1	0	0
1	1	UID1669814	1	1	0	0
1	1	UID1669816	1	1	0	0
1	1	UID1669819	1	1	0	0
1	1	UID1669820	1	1	0	0
1	1	UID1669843	1	1	0	0
1	1	UID1669854	1	1	0	0
1	1	UID1669868	1	1	0	0
1	1	UID1669869	1	1	0	0
1	1	UID1669883	1	1	0	0
1	1	UID1669897	1	1	0	0
1	1	UID1669906	1	1	0	0
1	1	UID1669907	1	1	0	0
1	1	UID1669918	1	1	0	0
1	1	UID1669931	1	1	0	0
1	1	UID1669940	1	1	0	0
1	1	UID1669961	1	1	0	0
1	1	UID1669964	1	1	0	0
1	1	UID1669970	1	1	0	0
1	1	UID1669986	1	1	0	0
1	1	UID1669995	1	1	0	0
1	1	UID1670006	1	1	0	0
1	1	UID1670011	1	1	0	0
1	1	UID1670020	1	1	0	0
1	1	UID1670022	1	1	0	0
1	1	UID1670029	1	1	0	0
1	1	UID1670038	1	1	0	0
1	1	UID1670076	1	1	0	0
1	1	UID1670102	1	1	0	0
1	1	UID1670112	1	1	0	0
1	1	UID1670124	1	1	0	0
1	1	UID1670126	1	1	0	0
1	1	UID1670142	1	1	0	0
1	1	UID1670145	1	1	0	0
1	1	UID1670167	1	1	0	0
1	1	UID1670170	1	1	0	0
1	1	UID1670172	1	1	0	0
1	1	UID1670173	1	1	0	0
1	1	UID1670174	1	1	0	0
1	1	UID1670189	1	1	0	0
1	1	UID1670191	1	1	0	0
1	1	UID1670202	1	1	0	0
1	1	UID1670203	1	1	0	0
1	1	UID1670214	1	1	0	0
1	1	UID1670219	1	1	0	0
1	1	UID1670234	1	1	0	0
1	1	UID1670236	1	1	0	0
1	1	UID1670244	1	1	0	0
1	1	UID1670246	1	1	0	0
1	1	UID1670264	1	1	0	0
1	1	UID1670267	1	1	0	0
1	1	UID1670268	1	1	0	0
1	1	UID1670269	1	1	0	0
1	1	UID1670270	1	1	0	0
1	1	UID1670271	1	1	0	0
1	1	UID1670273	1	1	0	0
1	1	UID1670282	1	1	0	0
1	1	UID1670299	1	1	0	0
1	1	UID1670300	1	1	0	0
1	1	UID1670313	1	1	0	0
1	1	UID1670314	1	1	0	0
1	1	UID1670324	1	1	0	0
1	1	UID1670326	1	1	0	0
1	1	UID1670332	1	1	0	0
1	1	UID1670339	1	1	0	0
1	1	UID1670341	1	1	0	0
1	1	UID1670345	1	1	0	0
1	1	UID1670349	1	1	0	0
1	1	UID1670351	1	1	0	0
1	1	UID1670352	1	1	0	0
1	1	UID1670356	1	1	0	0
1	1	UID1670363	1	1	0	0
1	1	UID1670364	1	1	0	0
1	1	UID1670371	1	1	0	0
1	1	UID1670373	1	1	0	0
1	1	UID1670375	1	1	0	0
1	1	UID1670381	1	1	0	0
1	1	UID1670407	1	1	0	0
1	1	UID1670422	1	1	0	0
1	1	UID1670426	1	1	0	0
1	1	UID1670434	1	1	0	0
1	1	UID1670438	1	1	0	0
1	1	UID1670447	1	1	0	0
1	1	UID1670451	1	1	0	0
1	1	UID1670452	1	1	0	0
1	1	UID1670453	1	1	0	0
1	1	UID1670468	1	1	0	0
1	1	UID1670476	1	1	0	0
1	1	UID1670479	1	1	0	0
1	1	UID1670486	1	1	0	0
1	1	UID1670488	1	1	0	0
1	1	UID1670492	1	1	0	0
1	1	UID1670495	1	1	0	0
1	1	UID1670499	1	1	0	0
1	1	UID1670519	1	1	0	0
1	1	UID1670523	1	1	0	0
1	1	UID1670526	1	1	0	0
1	1	UID1670528	1	1	0	0
1	1	UID1670537	1	1	0	0
1	1	UID1670541	1	1	0	0
1	1	UID1670565	1	1	0	0
1	1	UID1670571	1	1	0	0
1	1	UID1670586	1	1	0	0
1	1	UID1670589	1	1	0	0
1	1	UID1670591	1	1	0	0
1	1	UID1670595	1	1	0	0
1	1	UID1670600	1	1	0	0
1	1	UID1670614	1	1	0	0
1	1	UID1670617	1	1	0	0
1	1	UID1670627	1	1	0	0
1	1	UID1670631	1	1	0	0
1	1	UID1670633	1	1	0	0
1	1	UID1670634	1	1	0	0
1	1	UID1670640	1	1	0	0
1	1	UID1670646	1	1	0	0
1	1	UID1670648	1	1	0	0
1	1	UID1670661	1	1	0	0
1	1	UID1670663	1	1	0	0
1	1	UID1670664	1	1	0	0
1	1	UID1670671	1	1	0	0
1	1	UID1670686	1	1	0	0
1	1	UID1670692	1	1	0	0
1	1	UID1670693	1	1	0	0
1	1	UID1670694	1	1	0	0
1	1	UID1670698	1	1	0	0
1	1	UID1670699	1	1	0	0
1	1	UID1670708	1	1	0	0
1	1	UID1670713	1	1	0	0
1	1	UID1670714	1	1	0	0
1	1	UID1670715	1	1	0	0
1	1	UID1670717	1	1	0	0
1	1	UID1670719	1	1	0	0
1	1	UID1670720	1	1	0	0
1	1	UID1670757	1	1	0	0
1	1	UID1670761	1	1	0	0
1	1	UID1670773	1	1	0	0
1	1	UID1670793	1	1	0	0
1	1	UID1670794	1	1	0	0
1	1	UID1670795	1	1	0	0
1	1	UID1670799	1	1	0	0
1	1	UID1670800	1	1	0	0
1	1	UID1670801	1	1	0	0
1	1	UID1670802	1	1	0	0
1	1	UID1670806	1	1	0	0
1	1	UID1670808	1	1	0	0
1	1	UID1670809	1	1	0	0
1	1	UID1670817	1	1	0	0
1	1	UID1670822	1	1	0	0
1	1	UID1670823	1	1	0	0
1	1	UID1670830	1	1	0	0
1	1	UID1670842	1	1	0	0
1	1	UID1670844	1	1	0	0
1	1	UID1670846	1	1	0	0
1	1	UID1670847	1	1	0	0
1	1	UID1670852	1	1	0	0
1	1	UID1670857	1	1	0	0
1	1	UID1670869	1	1	0	0
1	1	UID1670892	1	1	0	0
1	1	UID1670898	1	1	0	0
1	1	UID1670900	1	1	0	0
1	1	UID1670902	1	1	0	0
1	1	UID1670903	1	1	0	0
1	1	UID1670911	1	1	0	0
1	1	UID1670914	1	1	0	0
1	1	UID1670916	1	1	0	0
1	1	UID1670934	1	1	0	0
1	1	UID1670935	1	1	0	0
1	1	UID1670936	1	1	0	0
1	1	UID1670947	1	1	0	0
1	1	UID1670952	1	1	0	0
1	1	UID1670954	1	1	0	0
1	1	UID1670960	1	1	0	0
1	1	UID1670961	1	1	0	0
1	1	UID1670970	1	1	0	0
1	1	UID1670973	1	1	0	0
1	1	UID1670974	1	1	0	0
1	1	UID1670977	1	1	0	0
1	1	UID1670982	1	1	0	0
1	1	UID1670984	1	1	0	0
1	1	UID1670985	1	1	0	0
1	1	UID1670987	1	1	0	0
1	1	UID1670993	1	1	0	0
1	1	UID1670997	1	1	0	0
1	1	UID1671001	1	1	0	0
1	1	UID1671002	1	1	0	0
1	1	UID1671030	1	1	0	0
1	1	UID1671033	1	1	0	0
1	1	UID1671040	1	1	0	0
1	1	UID1671046	1	1	0	0
1	1	UID1671050	1	1	0	0
1	1	UID1671053	1	1	0	0
1	1	UID1671058	1	1	0	0
1	1	UID1671065	1	1	0	0
1	1	UID1671072	1	1	0	0
1	1	UID1671073	1	1	0	0
1	1	UID1671088	1	1	0	0
1	1	UID1671098	1	1	0	0
1	1	UID1671109	1	1	0	0
1	1	UID1671114	1	1	0	0
1	1	UID1671123	1	1	0	0
1	1	UID1671135	1	1	0	0
1	1	UID1671136	1	1	0	0
1	1	UID1671141	1	1	0	0
1	1	UID1671149	1	1	0	0
1	1	UID1671152	1	1	0	0
1	1	UID1671159	1	1	0	0
1	1	UID1671160	1	1	0	0
1	1	UID1671167	1	1	0	0
1	1	UID1671174	1	1	0	0
1	1	UID1671182	1	1	0	0
1	1	UID1671184	1	1	0	0
1	1	UID1671189	1	1	0	0
1	1	UID1671191	1	1	0	0
1	1	UID1671193	1	1	0	0
1	1	UID1671196	1	1	0	0
1	1	UID1671199	1	1	0	0
1	1	UID1671203	1	1	0	0
1	1	UID1671205	1	1	0	0
1	1	UID1671209	1	1	0	0
1	1	UID1671210	1	1	0	0
1	1	UID1671213	1	1	0	0
1	1	UID1671214	1	1	0	0
1	1	UID1671215	1	1	0	0
1	1	UID1671217	1	1	0	0
1	1	UID1671221	1	1	0	0
1	1	UID1671222	1	1	0	0
1	1	UID1671225	1	1	0	0
1	1	UID1671229	1	1	0	0
1	1	UID1671237	1	1	0	0
1	1	UID1671238	1	1	0	0
1	1	UID1671239	1	1	0	0
1	1	UID1671248	1	1	0	0
1	1	UID1671251	1	1	0	0
1	1	UID1671253	1	1	0	0
1	1	UID1671263	1	1	0	0
1	1	UID1671268	1	1	0	0
1	1	UID1671269	1	1	0	0
1	1	UID1671270	1	1	0	0
1	1	UID1671272	1	1	0	0
1	1	UID1671281	1	1	0	0
1	1	UID1671282	1	1	0	0
1	1	UID1671286	1	1	0	0
1	1	UID1671288	1	1	0	0
1	1	UID1671289	1	1	0	0
1	1	UID1671302	1	1	0	0
1	1	UID1671304	1	1	0	0
1	1	UID1671314	1	1	0	0
1	1	UID1671324	1	1	0	0
1	1	UID1671330	1	1	0	0
1	1	UID1671331	1	1	0	0
1	1	UID1671338	1	1	0	0
1	1	UID1671339	1	1	0	0
1	1	UID1671341	1	1	0	0
1	1	UID1671343	1	1	0	0
1	1	UID1671345	1	1	0	0
1	1	UID1671347	1	1	0	0
1	1	UID1671350	1	1	0	0
1	1	UID1671357	1	1	0	0
1	1	UID1671369	1	1	0	0
1	1	UID1671373	1	1	0	0
1	1	UID1671374	1	1	0	0
1	1	UID1671382	1	1	0	0
1	1	UID1671403	1	1	0	0
1	1	UID1671414	1	1	0	0
1	1	UID1671418	1	1	0	0
1	1	UID1671420	1	1	0	0
1	1	UID1671424	1	1	0	0
1	1	UID1671425	1	1	0	0
1	1	UID1671426	1	1	0	0
1	1	UID1671427	1	1	0	0
1	1	UID1671430	1	1	0	0
1	1	UID1671434	1	1	0	0
1	1	UID1671440	1	1	0	0
1	1	UID1671441	1	1	0	0
1	1	UID1671445	1	1	0	0
1	1	UID1671453	1	1	0	0
1	1	UID1671454	1	1	0	0
1	1	UID1671455	1	1	0	0
1	1	UID1671459	1	1	0	0
1	1	UID1671461	1	1	0	0
1	1	UID1671467	1	1	0	0
1	1	UID1671468	1	1	0	0
1	1	UID1671479	1	1	0	0
1	1	UID1671482	1	1	0	0
1	1	UID1671484	1	1	0	0
1	1	UID1671497	1	1	0	0
1	1	UID1671525	1	1	0	0
1	1	UID1671527	1	1	0	0
1	1	UID1671529	1	1	0	0
1	1	UID1671531	1	1	0	0
1	1	UID1671532	1	1	0	0
1	1	UID1671533	1	1	0	0
1	1	UID1671536	1	1	0	0
1	1	UID1671537	1	1	0	0
1	1	UID1671547	1	1	0	0
1	1	UID1671551	1	1	0	0
1	1	UID1671555	1	1	0	0
1	1	UID1671558	1	1	0	0
1	1	UID1671573	1	1	0	0
1	1	UID1671575	1	1	0	0
1	1	UID1671576	1	1	0	0
1	1	UID1671579	1	1	0	0
1	1	UID1671582	1	1	0	0
1	1	UID1671583	1	1	0	0
1	1	UID1671587	1	1	0	0
1	1	UID1671596	1	1	0	0
1	1	UID1671603	1	1	0	0
1	1	UID1671604	1	1	0	0
1	1	UID1671608	1	1	0	0
1	1	UID1671609	1	1	0	0
1	1	UID1671611	1	1	0	0
1	1	UID1671627	1	1	0	0
1	1	UID1671633	1	1	0	0
1	1	UID1671645	1	1	0	0
1	1	UID1671646	1	1	0	0
1	1	UID1671649	1	1	0	0
1	1	UID1671651	1	1	0	0
1	1	UID1671656	1	1	0	0
1	1	UID1671657	1	1	0	0
1	1	UID1671672	1	1	0	0
1	1	UID1671679	1	1	0	0
1	1	UID1671683	1	1	0	0
1	1	UID1671697	1	1	0	0
1	1	UID1671704	1	1	0	0
1	1	UID1671705	1	1	0	0
1	1	UID1671709	1	1	0	0
1	1	UID1671717	1	1	0	0
1	1	UID1671729	1	1	0	0
1	1	UID1671736	1	1	0	0
1	1	UID1671743	1	1	0	0
1	1	UID1671745	1	1	0	0
1	1	UID1671746	1	1	0	0
1	1	UID1671748	1	1	0	0
1	1	UID1671754	1	1	0	0
1	1	UID1671757	1	1	0	0
1	1	UID1671758	1	1	0	0
1	1	UID1671762	1	1	0	0
1	1	UID1671775	1	1	0	0
2	2	UID1671778	1	2	1	1
1	1	UID1671781	1	1	0	0
1	1	UID1671784	1	1	0	0
1	1	UID1671801	1	1	0	0
1	1	UID1671822	1	1	0	0
1	1	UID1671827	1	1	0	0
1	1	UID1671829	1	1	0	0
1	1	UID1671834	1	1	0	0
2	2	UID25	1	2	1	1
