4667	15216	UID715	5295	3951	9	9
1141	3123	UID2251	1276	880	5	5
746	1576	UID493	496	622	7	7
1556	3182	UID31712	481	1354	7	7
735	1400	UID123239	297	650	6	6
467	889	UID33212	282	400	3	3
215	502	UID408	243	192	3	3
259	488	UID375824	162	235	3	3
108	169	UID434919	41	97	2	2
166	268	UID86635	38	152	4	4
33	61	UID33336	24	30	2	2
16	39	UID1662790	23	14	2	2
8	14	UID137831	7	7	1	1
1	1	UID149947	1	1	0	0
1	1	UID1698224	1	1	0	0
1	1	UID1698226	1	1	0	0
1	1	UID1698231	1	1	0	0
1	1	UID1698233	1	1	0	0
1	1	UID1698237	1	1	0	0
1	1	UID1698238	1	1	0	0
1	1	UID1698246	1	1	0	0
1	1	UID1698258	1	1	0	0
1	1	UID1698267	1	1	0	0
1	1	UID1698270	1	1	0	0
1	1	UID1698272	1	1	0	0
1	1	UID1698273	1	1	0	0
1	1	UID1698278	1	1	0	0
1	1	UID1698285	1	1	0	0
1	1	UID1698286	1	1	0	0
1	1	UID1698288	1	1	0	0
1	1	UID1698290	1	1	0	0
1	1	UID1698292	1	1	0	0
1	1	UID1698295	1	1	0	0
1	1	UID1698296	1	1	0	0
1	1	UID1698299	1	1	0	0
1	1	UID1698318	1	1	0	0
1	1	UID1698328	1	1	0	0
1	1	UID1698341	1	1	0	0
1	1	UID1698344	1	1	0	0
1	1	UID1698347	1	1	0	0
1	1	UID1698352	1	1	0	0
1	1	UID1698376	1	1	0	0
1	1	UID1698382	1	1	0	0
1	1	UID1698389	1	1	0	0
1	1	UID1698391	1	1	0	0
1	1	UID1698401	1	1	0	0
1	1	UID1698406	1	1	0	0
1	1	UID1698408	1	1	0	0
1	1	UID1698410	1	1	0	0
1	1	UID1698429	1	1	0	0
1	1	UID1698433	1	1	0	0
1	1	UID1698438	1	1	0	0
1	1	UID1698443	1	1	0	0
1	1	UID1698455	1	1	0	0
1	1	UID1698459	1	1	0	0
1	1	UID1698466	1	1	0	0
1	1	UID1698518	1	1	0	0
1	1	UID1698520	1	1	0	0
1	1	UID1698525	1	1	0	0
1	1	UID1698534	1	1	0	0
1	1	UID1698536	1	1	0	0
1	1	UID1698545	1	1	0	0
1	1	UID1698547	1	1	0	0
1	1	UID1698552	1	1	0	0
1	1	UID1698554	1	1	0	0
1	1	UID1698558	1	1	0	0
1	1	UID1698569	1	1	0	0
1	1	UID1698576	1	1	0	0
1	1	UID1698582	1	1	0	0
1	1	UID1698592	1	1	0	0
1	1	UID1698596	1	1	0	0
1	1	UID1698603	1	1	0	0
1	1	UID1698612	1	1	0	0
1	1	UID1698625	1	1	0	0
1	1	UID1698628	1	1	0	0
1	1	UID1698631	1	1	0	0
1	1	UID1698634	1	1	0	0
1	1	UID1698641	1	1	0	0
1	1	UID1698665	1	1	0	0
1	1	UID1698683	1	1	0	0
1	1	UID1698688	1	1	0	0
1	1	UID1698697	1	1	0	0
1	1	UID1698700	1	1	0	0
1	1	UID1698711	1	1	0	0
1	1	UID1698717	1	1	0	0
1	1	UID1698720	1	1	0	0
1	1	UID1698723	1	1	0	0
1	1	UID1698729	1	1	0	0
1	1	UID1698730	1	1	0	0
1	1	UID1698731	1	1	0	0
1	1	UID1698748	1	1	0	0
1	1	UID1698751	1	1	0	0
1	1	UID1698754	1	1	0	0
1	1	UID1698763	1	1	0	0
1	1	UID1698764	1	1	0	0
1	1	UID1698779	1	1	0	0
1	1	UID1698800	1	1	0	0
1	1	UID1698808	1	1	0	0
1	1	UID1698837	1	1	0	0
1	1	UID1698863	1	1	0	0
1	1	UID1698885	1	1	0	0
1	1	UID1698891	1	1	0	0
1	1	UID1698902	1	1	0	0
1	1	UID1698912	1	1	0	0
1	1	UID1698919	1	1	0	0
1	1	UID1698933	1	1	0	0
1	1	UID1698934	1	1	0	0
1	1	UID1698935	1	1	0	0
1	1	UID1698937	1	1	0	0
1	1	UID1698956	1	1	0	0
1	1	UID1698962	1	1	0	0
1	1	UID1698964	1	1	0	0
1	1	UID1698971	1	1	0	0
1	1	UID1698972	1	1	0	0
1	1	UID1698989	1	1	0	0
1	1	UID1699074	1	1	0	0
1	1	UID1699077	1	1	0	0
1	1	UID1699078	1	1	0	0
1	1	UID1699096	1	1	0	0
1	1	UID1699105	1	1	0	0
1	1	UID1699133	1	1	0	0
1	1	UID1699142	1	1	0	0
1	1	UID1699156	1	1	0	0
1	1	UID1699170	1	1	0	0
1	1	UID1699174	1	1	0	0
1	1	UID1699175	1	1	0	0
2	2	UID1699213	1	2	1	1
1	1	UID1699217	1	1	0	0
1	1	UID1699225	1	1	0	0
1	1	UID1699243	1	1	0	0
1	1	UID1699294	1	1	0	0
1	1	UID1699304	1	1	0	0
1	1	UID1699315	1	1	0	0
1	1	UID1699326	1	1	0	0
1	1	UID1699336	1	1	0	0
1	1	UID1699341	1	1	0	0
1	1	UID1699354	1	1	0	0
1	1	UID1699356	1	1	0	0
1	1	UID1699362	1	1	0	0
1	1	UID1699383	1	1	0	0
1	1	UID1699423	1	1	0	0
1	1	UID1699426	1	1	0	0
1	1	UID1699431	1	1	0	0
1	1	UID1699451	1	1	0	0
1	1	UID1699452	1	1	0	0
1	1	UID1699474	1	1	0	0
1	1	UID1699476	1	1	0	0
1	1	UID1699478	1	1	0	0
1	1	UID1699487	1	1	0	0
1	1	UID1699488	1	1	0	0
1	1	UID1699491	1	1	0	0
1	1	UID1699492	1	1	0	0
1	1	UID1699500	1	1	0	0
1	1	UID1699502	1	1	0	0
1	1	UID1699504	1	1	0	0
1	1	UID1699514	1	1	0	0
1	1	UID1699520	1	1	0	0
1	1	UID1699528	1	1	0	0
1	1	UID1699534	1	1	0	0
1	1	UID1699535	1	1	0	0
1	1	UID1699549	1	1	0	0
1	1	UID1699556	1	1	0	0
1	1	UID1699563	1	1	0	0
1	1	UID1699569	1	1	0	0
1	1	UID1699578	1	1	0	0
1	1	UID1699582	1	1	0	0
1	1	UID1699589	1	1	0	0
1	1	UID1699593	1	1	0	0
1	1	UID1699595	1	1	0	0
1	1	UID1699596	1	1	0	0
1	1	UID1699607	1	1	0	0
1	1	UID1699611	1	1	0	0
1	1	UID1699615	1	1	0	0
1	1	UID1699626	1	1	0	0
1	1	UID1699629	1	1	0	0
1	1	UID1699644	1	1	0	0
1	1	UID1699647	1	1	0	0
1	1	UID1699652	1	1	0	0
1	1	UID1699653	1	1	0	0
1	1	UID1699656	1	1	0	0
1	1	UID1699659	1	1	0	0
1	1	UID1699660	1	1	0	0
1	1	UID1699679	1	1	0	0
1	1	UID1699687	1	1	0	0
1	1	UID1699695	1	1	0	0
1	1	UID1699704	1	1	0	0
1	1	UID1699716	1	1	0	0
1	1	UID1699725	1	1	0	0
1	1	UID1699727	1	1	0	0
1	1	UID1699752	1	1	0	0
1	1	UID1699777	1	1	0	0
1	1	UID1699788	1	1	0	0
1	1	UID1699789	1	1	0	0
1	1	UID1699797	1	1	0	0
1	1	UID1699804	1	1	0	0
1	1	UID1699807	1	1	0	0
1	1	UID1699813	1	1	0	0
1	1	UID1699837	1	1	0	0
1	1	UID1699838	1	1	0	0
1	1	UID1699841	1	1	0	0
1	1	UID1699842	1	1	0	0
1	1	UID1699851	1	1	0	0
1	1	UID1699857	1	1	0	0
1	1	UID1699895	1	1	0	0
1	1	UID1699901	1	1	0	0
1	1	UID1699902	1	1	0	0
1	1	UID1699905	1	1	0	0
1	1	UID1699910	1	1	0	0
1	1	UID1699922	1	1	0	0
1	1	UID1699926	1	1	0	0
1	1	UID1699948	1	1	0	0
1	1	UID1699950	1	1	0	0
1	1	UID1699952	1	1	0	0
1	1	UID1699956	1	1	0	0
1	1	UID1699960	1	1	0	0
1	1	UID1699961	1	1	0	0
1	1	UID1699967	1	1	0	0
1	1	UID1699984	1	1	0	0
1	1	UID1699985	1	1	0	0
1	1	UID1699988	1	1	0	0
1	1	UID1700006	1	1	0	0
1	1	UID1700017	1	1	0	0
1	1	UID1700019	1	1	0	0
1	1	UID1700020	1	1	0	0
1	1	UID1700031	1	1	0	0
1	1	UID1700046	1	1	0	0
1	1	UID1700050	1	1	0	0
1	1	UID1700053	1	1	0	0
1	1	UID1700058	1	1	0	0
1	1	UID1700059	1	1	0	0
1	1	UID1700106	1	1	0	0
1	1	UID1700127	1	1	0	0
1	1	UID1700138	1	1	0	0
1	1	UID1700158	1	1	0	0
1	1	UID1700202	1	1	0	0
1	1	UID1700228	1	1	0	0
1	1	UID1700263	1	1	0	0
1	1	UID1700264	1	1	0	0
1	1	UID1700285	1	1	0	0
1	1	UID1700327	1	1	0	0
1	1	UID1700358	1	1	0	0
1	1	UID1700379	1	1	0	0
1	1	UID1700392	1	1	0	0
1	1	UID1700406	1	1	0	0
1	1	UID1700421	1	1	0	0
1	1	UID1700486	1	1	0	0
1	1	UID1700568	1	1	0	0
1	1	UID1700578	1	1	0	0
1	1	UID1700588	1	1	0	0
1	1	UID1700636	1	1	0	0
1	1	UID1700752	1	1	0	0
1	1	UID1700771	1	1	0	0
1	1	UID1700934	1	1	0	0
1	1	UID1700945	1	1	0	0
1	1	UID1700955	1	1	0	0
1	1	UID1700981	1	1	0	0
1	1	UID1700983	1	1	0	0
1	1	UID1701038	1	1	0	0
1	1	UID1701091	1	1	0	0
1	1	UID1701175	1	1	0	0
1	1	UID1701218	1	1	0	0
1	1	UID1701254	1	1	0	0
1	1	UID1701287	1	1	0	0
1	1	UID1701333	1	1	0	0
1	1	UID1701388	1	1	0	0
1	1	UID1701412	1	1	0	0
1	1	UID1701415	1	1	0	0
1	1	UID1701432	1	1	0	0
1	1	UID1701452	1	1	0	0
1	1	UID1701460	1	1	0	0
1	1	UID1701487	1	1	0	0
1	1	UID1701511	1	1	0	0
1	1	UID1701546	1	1	0	0
1	1	UID1701547	1	1	0	0
1	1	UID1701560	1	1	0	0
1	1	UID1701578	1	1	0	0
1	1	UID1701579	1	1	0	0
1	1	UID1701593	1	1	0	0
1	1	UID1701599	1	1	0	0
1	1	UID1701602	1	1	0	0
1	1	UID1701606	1	1	0	0
1	1	UID1701612	1	1	0	0
1	1	UID1701613	1	1	0	0
1	1	UID1701642	1	1	0	0
1	1	UID1701649	1	1	0	0
1	1	UID1701650	1	1	0	0
1	1	UID1701655	1	1	0	0
1	1	UID1701658	1	1	0	0
1	1	UID1701680	1	1	0	0
1	1	UID1701685	1	1	0	0
1	1	UID1701695	1	1	0	0
1	1	UID1701705	1	1	0	0
1	1	UID1701719	1	1	0	0
1	1	UID1701739	1	1	0	0
1	1	UID1701748	1	1	0	0
1	1	UID1701777	1	1	0	0
1	1	UID1701820	1	1	0	0
1	1	UID1701844	1	1	0	0
1	1	UID1701865	1	1	0	0
1	1	UID1701911	1	1	0	0
1	1	UID1701951	1	1	0	0
1	1	UID1702001	1	1	0	0
1	1	UID1702011	1	1	0	0
1	1	UID1702032	1	1	0	0
1	1	UID1702045	1	1	0	0
1	1	UID1702063	1	1	0	0
1	1	UID1702084	1	1	0	0
1	1	UID1702091	1	1	0	0
1	1	UID1702125	1	1	0	0
1	1	UID1702139	1	1	0	0
1	1	UID1702151	1	1	0	0
1	1	UID1702153	1	1	0	0
1	1	UID1702184	1	1	0	0
1	1	UID1702186	1	1	0	0
1	1	UID1702222	1	1	0	0
1	1	UID1702227	1	1	0	0
1	1	UID1702239	1	1	0	0
1	1	UID1702268	1	1	0	0
1	1	UID1702293	1	1	0	0
1	1	UID1702300	1	1	0	0
1	1	UID1702305	1	1	0	0
1	1	UID1702320	1	1	0	0
1	1	UID1702322	1	1	0	0
1	1	UID1702331	1	1	0	0
1	1	UID1702332	1	1	0	0
1	1	UID1702334	1	1	0	0
1	1	UID1702337	1	1	0	0
1	1	UID1702357	1	1	0	0
1	1	UID1702363	1	1	0	0
1	1	UID1702429	1	1	0	0
1	1	UID1702432	1	1	0	0
1	1	UID1702439	1	1	0	0
1	1	UID1702468	1	1	0	0
1	1	UID1702472	1	1	0	0
1	1	UID1702481	1	1	0	0
1	1	UID1702483	1	1	0	0
1	1	UID1702498	1	1	0	0
1	1	UID1702536	1	1	0	0
1	1	UID1702543	1	1	0	0
1	1	UID1702560	1	1	0	0
1	1	UID1702564	1	1	0	0
1	1	UID1702584	1	1	0	0
1	1	UID1702589	1	1	0	0
1	1	UID1702594	1	1	0	0
1	1	UID1702595	1	1	0	0
1	1	UID1702601	1	1	0	0
1	1	UID1702613	1	1	0	0
1	1	UID1702620	1	1	0	0
1	1	UID1702627	1	1	0	0
1	1	UID1702630	1	1	0	0
1	1	UID1702638	1	1	0	0
1	1	UID1702640	1	1	0	0
1	1	UID1702656	1	1	0	0
1	1	UID1702664	1	1	0	0
1	1	UID1702675	1	1	0	0
1	1	UID1702693	1	1	0	0
1	1	UID1702701	1	1	0	0
1	1	UID1702728	1	1	0	0
1	1	UID1702740	1	1	0	0
1	1	UID1702749	1	1	0	0
1	1	UID1702759	1	1	0	0
1	1	UID1702789	1	1	0	0
1	1	UID1702800	1	1	0	0
1	1	UID1702801	1	1	0	0
1	1	UID1702813	1	1	0	0
1	1	UID1702814	1	1	0	0
1	1	UID1702867	1	1	0	0
1	1	UID1702877	1	1	0	0
1	1	UID1702932	1	1	0	0
1	1	UID1702974	1	1	0	0
1	1	UID1702987	1	1	0	0
1	1	UID1703015	1	1	0	0
1	1	UID1703016	1	1	0	0
1	1	UID1703068	1	1	0	0
1	1	UID1703082	1	1	0	0
1	1	UID1703086	1	1	0	0
1	1	UID1703132	1	1	0	0
1	1	UID1703134	1	1	0	0
1	1	UID1703139	1	1	0	0
1	1	UID1703151	1	1	0	0
1	1	UID1703172	1	1	0	0
1	1	UID1703213	1	1	0	0
1	1	UID1703219	1	1	0	0
1	1	UID1703224	1	1	0	0
1	1	UID1703228	1	1	0	0
1	1	UID1703252	1	1	0	0
1	1	UID1703267	1	1	0	0
1	1	UID1703268	1	1	0	0
1	1	UID1703271	1	1	0	0
1	1	UID1703294	1	1	0	0
1	1	UID1703301	1	1	0	0
1	1	UID1703310	1	1	0	0
1	1	UID1703342	1	1	0	0
1	1	UID1703348	1	1	0	0
1	1	UID1703354	1	1	0	0
1	1	UID1703356	1	1	0	0
1	1	UID1703378	1	1	0	0
1	1	UID1703412	1	1	0	0
1	1	UID1703415	1	1	0	0
1	1	UID1703426	1	1	0	0
1	1	UID1703444	1	1	0	0
1	1	UID1703448	1	1	0	0
1	1	UID1703454	1	1	0	0
1	1	UID1703459	1	1	0	0
1	1	UID1703461	1	1	0	0
1	1	UID1703473	1	1	0	0
1	1	UID1703474	1	1	0	0
1	1	UID1703478	1	1	0	0
1	1	UID1703493	1	1	0	0
1	1	UID1703497	1	1	0	0
1	1	UID1703500	1	1	0	0
1	1	UID1703501	1	1	0	0
1	1	UID1703519	1	1	0	0
1	1	UID1703520	1	1	0	0
1	1	UID1703524	1	1	0	0
1	1	UID1703527	1	1	0	0
1	1	UID1703535	1	1	0	0
1	1	UID1703541	1	1	0	0
1	1	UID1703551	1	1	0	0
1	1	UID1703555	1	1	0	0
1	1	UID1703561	1	1	0	0
1	1	UID1703565	1	1	0	0
1	1	UID1703568	1	1	0	0
1	1	UID1703570	1	1	0	0
1	1	UID1703571	1	1	0	0
1	1	UID1703572	1	1	0	0
1	1	UID1703590	1	1	0	0
1	1	UID1703591	1	1	0	0
1	1	UID1703593	1	1	0	0
1	1	UID1703601	1	1	0	0
1	1	UID1703603	1	1	0	0
1	1	UID1703607	1	1	0	0
1	1	UID1703610	1	1	0	0
1	1	UID1703613	1	1	0	0
1	1	UID1703619	1	1	0	0
1	1	UID1703634	1	1	0	0
1	1	UID1703637	1	1	0	0
1	1	UID1703638	1	1	0	0
1	1	UID1703640	1	1	0	0
1	1	UID1703646	1	1	0	0
1	1	UID1703656	1	1	0	0
1	1	UID1703658	1	1	0	0
1	1	UID1703671	1	1	0	0
1	1	UID1703684	1	1	0	0
1	1	UID1703689	1	1	0	0
1	1	UID1703691	1	1	0	0
1	1	UID1703694	1	1	0	0
1	1	UID1703739	1	1	0	0
1	1	UID1703744	1	1	0	0
1	1	UID1703760	1	1	0	0
1	1	UID1703770	1	1	0	0
1	1	UID1703773	1	1	0	0
1	1	UID1703784	1	1	0	0
1	1	UID1703792	1	1	0	0
1	1	UID1703797	1	1	0	0
1	1	UID1703827	1	1	0	0
1	1	UID1703834	1	1	0	0
1	1	UID1703841	1	1	0	0
1	1	UID1703851	1	1	0	0
1	1	UID1703873	1	1	0	0
1	1	UID1703874	1	1	0	0
1	1	UID1703878	1	1	0	0
1	1	UID1703882	1	1	0	0
1	1	UID1703900	1	1	0	0
1	1	UID1703904	1	1	0	0
1	1	UID1703913	1	1	0	0
1	1	UID1703927	1	1	0	0
1	1	UID1703930	1	1	0	0
1	1	UID1703935	1	1	0	0
1	1	UID1703937	1	1	0	0
1	1	UID1703939	1	1	0	0
1	1	UID1703944	1	1	0	0
1	1	UID1703961	1	1	0	0
1	1	UID1703965	1	1	0	0
1	1	UID1703967	1	1	0	0
1	1	UID1703971	1	1	0	0
1	1	UID1703972	1	1	0	0
1	1	UID1703987	1	1	0	0
1	1	UID1703997	1	1	0	0
1	1	UID1704001	1	1	0	0
1	1	UID1704024	1	1	0	0
1	1	UID1704027	1	1	0	0
1	1	UID1704038	1	1	0	0
1	1	UID1704051	1	1	0	0
1	1	UID1704062	1	1	0	0
1	1	UID1704064	1	1	0	0
1	1	UID1704067	1	1	0	0
1	1	UID1704068	1	1	0	0
1	1	UID1704072	1	1	0	0
1	1	UID1704085	1	1	0	0
1	1	UID1704097	1	1	0	0
1	1	UID1704104	1	1	0	0
1	1	UID1704108	1	1	0	0
1	1	UID1704111	1	1	0	0
1	1	UID1704124	1	1	0	0
1	1	UID1704134	1	1	0	0
1	1	UID1704163	1	1	0	0
1	1	UID1704165	1	1	0	0
1	1	UID1704188	1	1	0	0
1	1	UID1704192	1	1	0	0
1	1	UID1704194	1	1	0	0
1	1	UID1704201	1	1	0	0
1	1	UID1704215	1	1	0	0
1	1	UID1704234	1	1	0	0
1	1	UID1704238	1	1	0	0
1	1	UID1704240	1	1	0	0
1	1	UID1704246	1	1	0	0
1	1	UID1704251	1	1	0	0
1	1	UID1704253	1	1	0	0
1	1	UID1704264	1	1	0	0
1	1	UID1704268	1	1	0	0
1	1	UID1704271	1	1	0	0
1	1	UID1704272	1	1	0	0
1	1	UID1704275	1	1	0	0
1	1	UID1704284	1	1	0	0
1	1	UID1704291	1	1	0	0
1	1	UID1704294	1	1	0	0
1	1	UID1704326	1	1	0	0
1	1	UID1704330	1	1	0	0
1	1	UID1704331	1	1	0	0
1	1	UID1704344	1	1	0	0
1	1	UID1704346	1	1	0	0
1	1	UID1704350	1	1	0	0
1	1	UID1704375	1	1	0	0
1	1	UID1704376	1	1	0	0
1	1	UID1704402	1	1	0	0
1	1	UID1704406	1	1	0	0
1	1	UID1704431	1	1	0	0
1	1	UID1704441	1	1	0	0
1	1	UID1704444	1	1	0	0
1	1	UID1704446	1	1	0	0
1	1	UID1704447	1	1	0	0
1	1	UID1704448	1	1	0	0
1	1	UID1704449	1	1	0	0
1	1	UID1704454	1	1	0	0
1	1	UID1704457	1	1	0	0
1	1	UID1704476	1	1	0	0
1	1	UID1704479	1	1	0	0
1	1	UID1704485	1	1	0	0
1	1	UID1704488	1	1	0	0
1	1	UID1704490	1	1	0	0
1	1	UID1704496	1	1	0	0
1	1	UID1704503	1	1	0	0
1	1	UID1704505	1	1	0	0
1	1	UID1704507	1	1	0	0
1	1	UID1704508	1	1	0	0
1	1	UID1704510	1	1	0	0
1	1	UID1704511	1	1	0	0
1	1	UID1704512	1	1	0	0
1	1	UID1704514	1	1	0	0
1	1	UID1704532	1	1	0	0
1	1	UID1704533	1	1	0	0
1	1	UID1704534	1	1	0	0
1	1	UID1704542	1	1	0	0
1	1	UID1704545	1	1	0	0
1	1	UID1704552	1	1	0	0
1	1	UID1704558	1	1	0	0
1	1	UID1704560	1	1	0	0
1	1	UID1704565	1	1	0	0
1	1	UID1704587	1	1	0	0
1	1	UID1704591	1	1	0	0
1	1	UID1704592	1	1	0	0
1	1	UID1704605	1	1	0	0
1	1	UID1704606	1	1	0	0
1	1	UID1704615	1	1	0	0
1	1	UID1704630	1	1	0	0
1	1	UID1704632	1	1	0	0
1	1	UID1704647	1	1	0	0
1	1	UID1704654	1	1	0	0
1	1	UID1704657	1	1	0	0
1	1	UID1704659	1	1	0	0
1	1	UID1704662	1	1	0	0
1	1	UID1704663	1	1	0	0
1	1	UID1704687	1	1	0	0
1	1	UID1704709	1	1	0	0
1	1	UID1704713	1	1	0	0
1	1	UID1704714	1	1	0	0
1	1	UID1704717	1	1	0	0
1	1	UID1704719	1	1	0	0
1	1	UID1704720	1	1	0	0
1	1	UID1704721	1	1	0	0
1	1	UID1704746	1	1	0	0
1	1	UID1704749	1	1	0	0
1	1	UID1704751	1	1	0	0
1	1	UID1704760	1	1	0	0
1	1	UID1704761	1	1	0	0
1	1	UID1704764	1	1	0	0
1	1	UID1704765	1	1	0	0
1	1	UID1704768	1	1	0	0
1	1	UID1704774	1	1	0	0
1	1	UID1704778	1	1	0	0
1	1	UID1704784	1	1	0	0
1	1	UID1704787	1	1	0	0
1	1	UID1704799	1	1	0	0
1	1	UID1704809	1	1	0	0
1	1	UID1704812	1	1	0	0
1	1	UID1704814	1	1	0	0
1	1	UID1704832	1	1	0	0
1	1	UID1704836	1	1	0	0
1	1	UID1704847	1	1	0	0
1	1	UID1704851	1	1	0	0
1	1	UID1704853	1	1	0	0
1	1	UID1704854	1	1	0	0
1	1	UID1704869	1	1	0	0
1	1	UID1704870	1	1	0	0
1	1	UID1704872	1	1	0	0
1	1	UID1704875	1	1	0	0
1	1	UID1704876	1	1	0	0
1	1	UID1704882	1	1	0	0
1	1	UID1704895	1	1	0	0
1	1	UID1704898	1	1	0	0
1	1	UID1704900	1	1	0	0
1	1	UID1704906	1	1	0	0
1	1	UID1704922	1	1	0	0
1	1	UID1704928	1	1	0	0
1	1	UID1704931	1	1	0	0
1	1	UID1704932	1	1	0	0
1	1	UID1704933	1	1	0	0
1	1	UID1704934	1	1	0	0
1	1	UID1704935	1	1	0	0
1	1	UID1704936	1	1	0	0
1	1	UID1704941	1	1	0	0
1	1	UID1704943	1	1	0	0
1	1	UID1704964	1	1	0	0
1	1	UID1704966	1	1	0	0
1	1	UID1704970	1	1	0	0
1	1	UID1704977	1	1	0	0
1	1	UID1704978	1	1	0	0
1	1	UID1704981	1	1	0	0
1	1	UID1704983	1	1	0	0
1	1	UID1704984	1	1	0	0
1	1	UID1704985	1	1	0	0
1	1	UID1704990	1	1	0	0
1	1	UID1705009	1	1	0	0
1	1	UID1705010	1	1	0	0
1	1	UID1705019	1	1	0	0
1	1	UID1705021	1	1	0	0
1	1	UID1705034	1	1	0	0
1	1	UID1705036	1	1	0	0
1	1	UID1705038	1	1	0	0
1	1	UID1705054	1	1	0	0
1	1	UID1705061	1	1	0	0
1	1	UID1705062	1	1	0	0
1	1	UID1705063	1	1	0	0
1	1	UID1705079	1	1	0	0
1	1	UID1705080	1	1	0	0
1	1	UID1705081	1	1	0	0
1	1	UID1705083	1	1	0	0
1	1	UID1705099	1	1	0	0
1	1	UID1705104	1	1	0	0
1	1	UID1705105	1	1	0	0
1	1	UID1705108	1	1	0	0
1	1	UID1705133	1	1	0	0
1	1	UID1705145	1	1	0	0
1	1	UID1705146	1	1	0	0
1	1	UID1705148	1	1	0	0
1	1	UID1705151	1	1	0	0
1	1	UID1705156	1	1	0	0
1	1	UID1705192	1	1	0	0
1	1	UID1705193	1	1	0	0
1	1	UID1705194	1	1	0	0
1	1	UID1705198	1	1	0	0
1	1	UID1705199	1	1	0	0
1	1	UID1705205	1	1	0	0
1	1	UID1705223	1	1	0	0
1	1	UID1705229	1	1	0	0
1	1	UID1705231	1	1	0	0
1	1	UID1705235	1	1	0	0
1	1	UID1705249	1	1	0	0
1	1	UID1705255	1	1	0	0
1	1	UID1705257	1	1	0	0
1	1	UID1705259	1	1	0	0
1	1	UID1705263	1	1	0	0
1	1	UID1705269	1	1	0	0
1	1	UID1705285	1	1	0	0
1	1	UID1705286	1	1	0	0
1	1	UID1705294	1	1	0	0
1	1	UID1705297	1	1	0	0
1	1	UID1705300	1	1	0	0
1	1	UID1705303	1	1	0	0
1	1	UID1705306	1	1	0	0
1	1	UID1705310	1	1	0	0
1	1	UID1705313	1	1	0	0
1	1	UID1705315	1	1	0	0
1	1	UID348512	1	1	0	0
1	1	UID409225	1	1	0	0
1	1	UID4	1	1	0	0
1	1	UID861305	1	1	0	0
1	1	UID8	1	1	0	0
