7021	21478	UID28004	7121	6180	6	6
126	2224	UID227	1762	67	3	3
76	355	UID4	243	68	3	3
47	134	UID25	79	41	2	2
84	155	UID715	64	79	2	2
179	306	UID10357	62	169	3	3
100	158	UID254	55	97	2	2
91	162	UID31712	39	86	3	3
72	116	UID613	34	64	2	2
29	54	UID223036	15	26	2	2
14	24	UID493	11	13	2	2
2	12	UID5	11	1	1	1
23	31	UID2251	9	22	2	2
23	32	UID21621	8	20	2	2
21	27	UID126016	7	20	2	2
21	27	UID97654	7	20	1	1
4	8	UID2250	5	3	1	1
9	11	UID27	3	8	2	2
3	5	UID57	3	2	1	1
1	2	UID1663136	2	0	0	0
4	5	UID169084	2	3	1	1
3	4	UID399	2	2	1	1
11	12	UID615	2	10	2	2
1	1	UID1720252	1	1	0	0
1	1	UID1720253	1	1	0	0
1	1	UID1720256	1	1	0	0
1	1	UID1720260	1	1	0	0
1	1	UID1720262	1	1	0	0
1	1	UID1720265	1	1	0	0
1	1	UID1720268	1	1	0	0
1	1	UID1720270	1	1	0	0
1	1	UID1720286	1	1	0	0
1	1	UID1720290	1	1	0	0
1	1	UID1720291	1	1	0	0
1	1	UID1720292	1	1	0	0
1	1	UID1720297	1	1	0	0
1	1	UID1720300	1	1	0	0
1	1	UID1720301	1	1	0	0
1	1	UID1720302	1	1	0	0
1	1	UID1720305	1	1	0	0
1	1	UID1720306	1	1	0	0
1	1	UID1720307	1	1	0	0
1	1	UID1720309	1	1	0	0
1	1	UID1720311	1	1	0	0
1	1	UID1720314	1	1	0	0
1	1	UID1720315	1	1	0	0
1	1	UID1720316	1	1	0	0
1	1	UID1720317	1	1	0	0
1	1	UID1720318	1	1	0	0
1	1	UID1720332	1	1	0	0
1	1	UID1720333	1	1	0	0
1	1	UID1720336	1	1	0	0
1	1	UID1720340	1	1	0	0
1	1	UID1720348	1	1	0	0
1	1	UID1720350	1	1	0	0
1	1	UID1720352	1	1	0	0
1	1	UID1720353	1	1	0	0
1	1	UID1720356	1	1	0	0
1	1	UID1720368	1	1	0	0
1	1	UID1720372	1	1	0	0
1	1	UID1720375	1	1	0	0
1	1	UID1720380	1	1	0	0
1	1	UID1720391	1	1	0	0
1	1	UID1720392	1	1	0	0
1	1	UID1720408	1	1	0	0
1	1	UID1720409	1	1	0	0
1	1	UID1720411	1	1	0	0
1	1	UID1720412	1	1	0	0
1	1	UID1720431	1	1	0	0
1	1	UID1720434	1	1	0	0
1	1	UID1720435	1	1	0	0
1	1	UID1720439	1	1	0	0
1	1	UID1720449	1	1	0	0
1	1	UID1720453	1	1	0	0
1	1	UID1720463	1	1	0	0
1	1	UID1720466	1	1	0	0
1	1	UID1720468	1	1	0	0
1	1	UID1720469	1	1	0	0
1	1	UID1720478	1	1	0	0
1	1	UID1720481	1	1	0	0
1	1	UID1720504	1	1	0	0
1	1	UID1720506	1	1	0	0
1	1	UID1720507	1	1	0	0
1	1	UID1720518	1	1	0	0
1	1	UID1720537	1	1	0	0
1	1	UID1720553	1	1	0	0
1	1	UID1720556	1	1	0	0
1	1	UID1720563	1	1	0	0
1	1	UID1720567	1	1	0	0
1	1	UID1720568	1	1	0	0
1	1	UID1720569	1	1	0	0
1	1	UID1720572	1	1	0	0
1	1	UID1720588	1	1	0	0
1	1	UID1720589	1	1	0	0
1	1	UID1720592	1	1	0	0
1	1	UID1720594	1	1	0	0
1	1	UID1720597	1	1	0	0
1	1	UID1720598	1	1	0	0
1	1	UID1720599	1	1	0	0
1	1	UID1720618	1	1	0	0
1	1	UID1720621	1	1	0	0
1	1	UID1720622	1	1	0	0
1	1	UID1720627	1	1	0	0
1	1	UID1720629	1	1	0	0
1	1	UID1720630	1	1	0	0
1	1	UID1720633	1	1	0	0
1	1	UID1720653	1	1	0	0
1	1	UID1720655	1	1	0	0
1	1	UID1720658	1	1	0	0
1	1	UID1720684	1	1	0	0
1	1	UID1720693	1	1	0	0
1	1	UID1720694	1	1	0	0
1	1	UID1720698	1	1	0	0
1	1	UID1720703	1	1	0	0
1	1	UID1720704	1	1	0	0
1	1	UID1720712	1	1	0	0
1	1	UID1720721	1	1	0	0
1	1	UID1720727	1	1	0	0
1	1	UID1720732	1	1	0	0
1	1	UID1720747	1	1	0	0
1	1	UID1720752	1	1	0	0
1	1	UID1720762	1	1	0	0
1	1	UID1720768	1	1	0	0
1	1	UID1720772	1	1	0	0
1	1	UID1720774	1	1	0	0
1	1	UID1720775	1	1	0	0
1	1	UID1720776	1	1	0	0
1	1	UID1720779	1	1	0	0
1	1	UID1720782	1	1	0	0
1	1	UID1720789	1	1	0	0
1	1	UID1720794	1	1	0	0
1	1	UID1720795	1	1	0	0
1	1	UID1720797	1	1	0	0
1	1	UID1720806	1	1	0	0
1	1	UID1720829	1	1	0	0
1	1	UID1720841	1	1	0	0
1	1	UID1720842	1	1	0	0
1	1	UID1720847	1	1	0	0
1	1	UID1720859	1	1	0	0
1	1	UID1720886	1	1	0	0
1	1	UID1720887	1	1	0	0
1	1	UID1720895	1	1	0	0
1	1	UID1720898	1	1	0	0
1	1	UID1720899	1	1	0	0
1	1	UID1720901	1	1	0	0
1	1	UID1720904	1	1	0	0
1	1	UID1720932	1	1	0	0
1	1	UID1720933	1	1	0	0
1	1	UID1720943	1	1	0	0
1	1	UID1720970	1	1	0	0
1	1	UID1720973	1	1	0	0
1	1	UID1720977	1	1	0	0
1	1	UID1720996	1	1	0	0
1	1	UID1720997	1	1	0	0
1	1	UID1721018	1	1	0	0
1	1	UID1721020	1	1	0	0
1	1	UID1721025	1	1	0	0
1	1	UID1721026	1	1	0	0
1	1	UID1721036	1	1	0	0
1	1	UID1721041	1	1	0	0
1	1	UID1721058	1	1	0	0
1	1	UID1721059	1	1	0	0
1	1	UID1721062	1	1	0	0
1	1	UID1721065	1	1	0	0
1	1	UID1721067	1	1	0	0
1	1	UID1721070	1	1	0	0
1	1	UID1721076	1	1	0	0
1	1	UID1721079	1	1	0	0
1	1	UID1721091	1	1	0	0
1	1	UID1721096	1	1	0	0
1	1	UID1721098	1	1	0	0
1	1	UID1721101	1	1	0	0
1	1	UID1721120	1	1	0	0
1	1	UID1721158	1	1	0	0
1	1	UID1721173	1	1	0	0
1	1	UID1721174	1	1	0	0
1	1	UID1721176	1	1	0	0
1	1	UID1721177	1	1	0	0
1	1	UID1721184	1	1	0	0
1	1	UID1721199	1	1	0	0
1	1	UID1721204	1	1	0	0
1	1	UID1721230	1	1	0	0
1	1	UID1721238	1	1	0	0
1	1	UID1721240	1	1	0	0
1	1	UID1721242	1	1	0	0
1	1	UID1721276	1	1	0	0
1	1	UID1721290	1	1	0	0
1	1	UID1721296	1	1	0	0
1	1	UID1721303	1	1	0	0
1	1	UID1721324	1	1	0	0
1	1	UID1721327	1	1	0	0
1	1	UID1721374	1	1	0	0
1	1	UID1721400	1	1	0	0
1	1	UID1721408	1	1	0	0
1	1	UID1721412	1	1	0	0
1	1	UID1721448	1	1	0	0
1	1	UID1721455	1	1	0	0
1	1	UID1721459	1	1	0	0
1	1	UID1721471	1	1	0	0
1	1	UID1721476	1	1	0	0
1	1	UID1721477	1	1	0	0
1	1	UID1721478	1	1	0	0
1	1	UID1721484	1	1	0	0
1	1	UID1721535	1	1	0	0
1	1	UID1721556	1	1	0	0
1	1	UID1721562	1	1	0	0
1	1	UID1721567	1	1	0	0
1	1	UID1721571	1	1	0	0
1	1	UID1721580	1	1	0	0
1	1	UID1721584	1	1	0	0
1	1	UID1721595	1	1	0	0
1	1	UID1721598	1	1	0	0
1	1	UID1721605	1	1	0	0
1	1	UID1721608	1	1	0	0
1	1	UID1721625	1	1	0	0
1	1	UID1721641	1	1	0	0
1	1	UID1721644	1	1	0	0
1	1	UID1721664	1	1	0	0
1	1	UID1721665	1	1	0	0
1	1	UID1721672	1	1	0	0
1	1	UID1721692	1	1	0	0
1	1	UID1721704	1	1	0	0
1	1	UID1721705	1	1	0	0
1	1	UID1721706	1	1	0	0
1	1	UID1721711	1	1	0	0
1	1	UID1721733	1	1	0	0
1	1	UID1721772	1	1	0	0
1	1	UID1721804	1	1	0	0
1	1	UID1721809	1	1	0	0
1	1	UID1721844	1	1	0	0
1	1	UID1721866	1	1	0	0
1	1	UID1721880	1	1	0	0
1	1	UID1721916	1	1	0	0
1	1	UID1721962	1	1	0	0
1	1	UID1721970	1	1	0	0
1	1	UID1722001	1	1	0	0
1	1	UID1722005	1	1	0	0
1	1	UID1722011	1	1	0	0
1	1	UID1722024	1	1	0	0
1	1	UID1722027	1	1	0	0
1	1	UID1722028	1	1	0	0
1	1	UID1722033	1	1	0	0
1	1	UID1722047	1	1	0	0
1	1	UID1722049	1	1	0	0
1	1	UID1722068	1	1	0	0
1	1	UID1722131	1	1	0	0
1	1	UID1722230	1	1	0	0
1	1	UID1722240	1	1	0	0
1	1	UID1722253	1	1	0	0
1	1	UID1722326	1	1	0	0
1	1	UID1722337	1	1	0	0
1	1	UID1722348	1	1	0	0
1	1	UID1722432	1	1	0	0
1	1	UID1722647	1	1	0	0
1	1	UID1722652	1	1	0	0
1	1	UID1722688	1	1	0	0
1	1	UID1722690	1	1	0	0
1	1	UID1722705	1	1	0	0
1	1	UID1722724	1	1	0	0
1	1	UID1722727	1	1	0	0
1	1	UID1722774	1	1	0	0
1	1	UID1722791	1	1	0	0
1	1	UID1722795	1	1	0	0
1	1	UID1722837	1	1	0	0
1	1	UID1722888	1	1	0	0
1	1	UID1722891	1	1	0	0
1	1	UID1722957	1	1	0	0
1	1	UID1722960	1	1	0	0
1	1	UID1722987	1	1	0	0
1	1	UID1722989	1	1	0	0
1	1	UID1723047	1	1	0	0
1	1	UID1723048	1	1	0	0
1	1	UID1723059	1	1	0	0
1	1	UID1723060	1	1	0	0
1	1	UID1723075	1	1	0	0
1	1	UID1723082	1	1	0	0
1	1	UID1723100	1	1	0	0
1	1	UID1723133	1	1	0	0
1	1	UID1723233	1	1	0	0
1	1	UID1723236	1	1	0	0
1	1	UID1723238	1	1	0	0
1	1	UID1723242	1	1	0	0
1	1	UID1723259	1	1	0	0
1	1	UID1723306	1	1	0	0
1	1	UID1723314	1	1	0	0
1	1	UID1723358	1	1	0	0
1	1	UID1723413	1	1	0	0
1	1	UID1723414	1	1	0	0
1	1	UID1723438	1	1	0	0
1	1	UID1723439	1	1	0	0
1	1	UID1723444	1	1	0	0
1	1	UID1723494	1	1	0	0
1	1	UID1723495	1	1	0	0
1	1	UID1723497	1	1	0	0
1	1	UID1723511	1	1	0	0
1	1	UID1723615	1	1	0	0
1	1	UID1723624	1	1	0	0
1	1	UID1723626	1	1	0	0
1	1	UID1723627	1	1	0	0
1	1	UID1723636	1	1	0	0
1	1	UID1723638	1	1	0	0
1	1	UID1723655	1	1	0	0
1	1	UID1723659	1	1	0	0
1	1	UID1723672	1	1	0	0
1	1	UID1723679	1	1	0	0
1	1	UID1723697	1	1	0	0
1	1	UID1723698	1	1	0	0
1	1	UID1723705	1	1	0	0
1	1	UID1723713	1	1	0	0
1	1	UID1723728	1	1	0	0
1	1	UID1723736	1	1	0	0
1	1	UID1723738	1	1	0	0
1	1	UID1723756	1	1	0	0
1	1	UID1723769	1	1	0	0
1	1	UID1723770	1	1	0	0
1	1	UID1723780	1	1	0	0
1	1	UID1723785	1	1	0	0
1	1	UID1723786	1	1	0	0
1	1	UID1723789	1	1	0	0
1	1	UID1723809	1	1	0	0
1	1	UID1723827	1	1	0	0
1	1	UID1723831	1	1	0	0
1	1	UID1723856	1	1	0	0
1	1	UID1723859	1	1	0	0
1	1	UID1723891	1	1	0	0
1	1	UID1723892	1	1	0	0
1	1	UID1723893	1	1	0	0
1	1	UID1723894	1	1	0	0
1	1	UID1723897	1	1	0	0
1	1	UID1723898	1	1	0	0
1	1	UID1723899	1	1	0	0
1	1	UID1723902	1	1	0	0
1	1	UID1723905	1	1	0	0
1	1	UID1723906	1	1	0	0
1	1	UID1723908	1	1	0	0
1	1	UID1723915	1	1	0	0
1	1	UID1723917	1	1	0	0
1	1	UID1723919	1	1	0	0
1	1	UID1723920	1	1	0	0
1	1	UID1723921	1	1	0	0
1	1	UID1723949	1	1	0	0
1	1	UID1723957	1	1	0	0
1	1	UID1723971	1	1	0	0
1	1	UID1723975	1	1	0	0
1	1	UID1723990	1	1	0	0
1	1	UID1723991	1	1	0	0
1	1	UID1723995	1	1	0	0
1	1	UID1724013	1	1	0	0
1	1	UID1724014	1	1	0	0
1	1	UID1724015	1	1	0	0
1	1	UID1724016	1	1	0	0
1	1	UID1724024	1	1	0	0
1	1	UID1724027	1	1	0	0
1	1	UID1724043	1	1	0	0
1	1	UID1724074	1	1	0	0
1	1	UID1724079	1	1	0	0
1	1	UID1724089	1	1	0	0
1	1	UID1724098	1	1	0	0
1	1	UID1724103	1	1	0	0
1	1	UID1724117	1	1	0	0
1	1	UID1724120	1	1	0	0
1	1	UID1724125	1	1	0	0
1	1	UID1724126	1	1	0	0
1	1	UID1724164	1	1	0	0
1	1	UID1724175	1	1	0	0
1	1	UID1724187	1	1	0	0
1	1	UID1724188	1	1	0	0
1	1	UID1724192	1	1	0	0
1	1	UID1724204	1	1	0	0
1	1	UID1724205	1	1	0	0
1	1	UID1724227	1	1	0	0
1	1	UID1724231	1	1	0	0
1	1	UID1724236	1	1	0	0
1	1	UID1724250	1	1	0	0
1	1	UID1724264	1	1	0	0
1	1	UID1724266	1	1	0	0
1	1	UID1724267	1	1	0	0
1	1	UID1724302	1	1	0	0
1	1	UID1724305	1	1	0	0
1	1	UID1724307	1	1	0	0
1	1	UID1724310	1	1	0	0
1	1	UID1724312	1	1	0	0
1	1	UID1724332	1	1	0	0
1	1	UID1724335	1	1	0	0
1	1	UID1724336	1	1	0	0
1	1	UID1724337	1	1	0	0
1	1	UID1724360	1	1	0	0
1	1	UID1724364	1	1	0	0
1	1	UID1724371	1	1	0	0
1	1	UID1724379	1	1	0	0
1	1	UID1724381	1	1	0	0
1	1	UID1724382	1	1	0	0
1	1	UID1724387	1	1	0	0
1	1	UID1724391	1	1	0	0
1	1	UID1724409	1	1	0	0
1	1	UID1724428	1	1	0	0
1	1	UID1724431	1	1	0	0
1	1	UID1724444	1	1	0	0
1	1	UID1724454	1	1	0	0
1	1	UID1724472	1	1	0	0
1	1	UID1724478	1	1	0	0
1	1	UID1724498	1	1	0	0
1	1	UID1724504	1	1	0	0
1	1	UID1724519	1	1	0	0
1	1	UID1724520	1	1	0	0
1	1	UID1724524	1	1	0	0
1	1	UID1724529	1	1	0	0
1	1	UID1724537	1	1	0	0
1	1	UID1724555	1	1	0	0
1	1	UID1724556	1	1	0	0
1	1	UID1724558	1	1	0	0
1	1	UID1724564	1	1	0	0
1	1	UID1724569	1	1	0	0
1	1	UID1724588	1	1	0	0
1	1	UID1724590	1	1	0	0
1	1	UID1724591	1	1	0	0
1	1	UID1724596	1	1	0	0
1	1	UID1724600	1	1	0	0
1	1	UID1724615	1	1	0	0
1	1	UID1724623	1	1	0	0
1	1	UID1724625	1	1	0	0
1	1	UID1724626	1	1	0	0
1	1	UID1724629	1	1	0	0
1	1	UID1724631	1	1	0	0
1	1	UID1724635	1	1	0	0
1	1	UID1724655	1	1	0	0
1	1	UID1724657	1	1	0	0
1	1	UID1724662	1	1	0	0
1	1	UID1724664	1	1	0	0
1	1	UID1724665	1	1	0	0
1	1	UID1724666	1	1	0	0
1	1	UID1724678	1	1	0	0
1	1	UID1724684	1	1	0	0
1	1	UID1724691	1	1	0	0
1	1	UID1724723	1	1	0	0
1	1	UID1724725	1	1	0	0
1	1	UID1724747	1	1	0	0
1	1	UID1724760	1	1	0	0
1	1	UID1724761	1	1	0	0
1	1	UID1724762	1	1	0	0
1	1	UID1724772	1	1	0	0
1	1	UID1724773	1	1	0	0
1	1	UID1724779	1	1	0	0
1	1	UID1724787	1	1	0	0
1	1	UID1724812	1	1	0	0
1	1	UID1724816	1	1	0	0
1	1	UID1724826	1	1	0	0
1	1	UID1724827	1	1	0	0
1	1	UID1724828	1	1	0	0
1	1	UID1724829	1	1	0	0
1	1	UID1724831	1	1	0	0
1	1	UID1724834	1	1	0	0
1	1	UID1724838	1	1	0	0
1	1	UID1724840	1	1	0	0
1	1	UID1724854	1	1	0	0
1	1	UID1724856	1	1	0	0
1	1	UID1724863	1	1	0	0
1	1	UID1724874	1	1	0	0
1	1	UID1724876	1	1	0	0
1	1	UID1724883	1	1	0	0
1	1	UID1724884	1	1	0	0
1	1	UID1724888	1	1	0	0
1	1	UID1724891	1	1	0	0
1	1	UID1724909	1	1	0	0
1	1	UID1724912	1	1	0	0
1	1	UID1724914	1	1	0	0
1	1	UID1724921	1	1	0	0
1	1	UID1724928	1	1	0	0
1	1	UID1724930	1	1	0	0
1	1	UID1724931	1	1	0	0
1	1	UID1724937	1	1	0	0
1	1	UID1724940	1	1	0	0
1	1	UID1724959	1	1	0	0
1	1	UID1724966	1	1	0	0
1	1	UID1724968	1	1	0	0
1	1	UID1724980	1	1	0	0
1	1	UID1724984	1	1	0	0
1	1	UID1724990	1	1	0	0
1	1	UID1724991	1	1	0	0
1	1	UID1724993	1	1	0	0
1	1	UID1725001	1	1	0	0
1	1	UID1725002	1	1	0	0
1	1	UID1725005	1	1	0	0
1	1	UID1725009	1	1	0	0
1	1	UID1725025	1	1	0	0
1	1	UID1725033	1	1	0	0
1	1	UID1725034	1	1	0	0
1	1	UID1725049	1	1	0	0
1	1	UID1725053	1	1	0	0
1	1	UID1725062	1	1	0	0
1	1	UID1725064	1	1	0	0
1	1	UID1725073	1	1	0	0
1	1	UID1725076	1	1	0	0
1	1	UID1725086	1	1	0	0
1	1	UID1725090	1	1	0	0
1	1	UID1725091	1	1	0	0
1	1	UID1725093	1	1	0	0
1	1	UID1725099	1	1	0	0
1	1	UID1725104	1	1	0	0
1	1	UID1725118	1	1	0	0
1	1	UID1725119	1	1	0	0
1	1	UID1725124	1	1	0	0
1	1	UID1725127	1	1	0	0
1	1	UID1725128	1	1	0	0
1	1	UID1725133	1	1	0	0
1	1	UID1725141	1	1	0	0
1	1	UID1725142	1	1	0	0
1	1	UID1725145	1	1	0	0
1	1	UID1725150	1	1	0	0
1	1	UID1725154	1	1	0	0
1	1	UID1725159	1	1	0	0
1	1	UID1725182	1	1	0	0
1	1	UID1725192	1	1	0	0
1	1	UID1725209	1	1	0	0
1	1	UID1725210	1	1	0	0
1	1	UID1725211	1	1	0	0
1	1	UID1725226	1	1	0	0
1	1	UID1725250	1	1	0	0
1	1	UID1725259	1	1	0	0
1	1	UID1725262	1	1	0	0
1	1	UID1725263	1	1	0	0
1	1	UID1725268	1	1	0	0
1	1	UID1725271	1	1	0	0
1	1	UID1725297	1	1	0	0
1	1	UID1725302	1	1	0	0
1	1	UID1725306	1	1	0	0
1	1	UID1725313	1	1	0	0
1	1	UID1725314	1	1	0	0
1	1	UID1725320	1	1	0	0
1	1	UID1725324	1	1	0	0
1	1	UID1725329	1	1	0	0
1	1	UID1725332	1	1	0	0
1	1	UID1725352	1	1	0	0
1	1	UID1725353	1	1	0	0
1	1	UID1725354	1	1	0	0
1	1	UID1725382	1	1	0	0
1	1	UID1725383	1	1	0	0
1	1	UID1725394	1	1	0	0
1	1	UID1725397	1	1	0	0
1	1	UID1725398	1	1	0	0
1	1	UID1725406	1	1	0	0
1	1	UID1725407	1	1	0	0
1	1	UID1725412	1	1	0	0
1	1	UID1725416	1	1	0	0
1	1	UID1725454	1	1	0	0
1	1	UID1725458	1	1	0	0
1	1	UID1725462	1	1	0	0
1	1	UID1725467	1	1	0	0
1	1	UID1725490	1	1	0	0
1	1	UID1725497	1	1	0	0
1	1	UID1725504	1	1	0	0
1	1	UID1725519	1	1	0	0
1	1	UID1725521	1	1	0	0
1	1	UID1725522	1	1	0	0
1	1	UID1725537	1	1	0	0
1	1	UID1725543	1	1	0	0
1	1	UID1725555	1	1	0	0
1	1	UID1725559	1	1	0	0
1	1	UID1725560	1	1	0	0
1	1	UID1725573	1	1	0	0
1	1	UID1725577	1	1	0	0
1	1	UID1725590	1	1	0	0
1	1	UID1725594	1	1	0	0
1	1	UID1725599	1	1	0	0
1	1	UID1725600	1	1	0	0
1	1	UID1725604	1	1	0	0
1	1	UID1725620	1	1	0	0
1	1	UID1725625	1	1	0	0
1	1	UID1725628	1	1	0	0
1	1	UID1725630	1	1	0	0
1	1	UID1725633	1	1	0	0
1	1	UID1725636	1	1	0	0
1	1	UID1725647	1	1	0	0
1	1	UID1725650	1	1	0	0
1	1	UID1725652	1	1	0	0
1	1	UID1725676	1	1	0	0
1	1	UID1725692	1	1	0	0
1	1	UID1725694	1	1	0	0
1	1	UID1725706	1	1	0	0
1	1	UID1725716	1	1	0	0
1	1	UID1725717	1	1	0	0
1	1	UID1725721	1	1	0	0
1	1	UID1725722	1	1	0	0
1	1	UID1725727	1	1	0	0
1	1	UID1725734	1	1	0	0
1	1	UID1725735	1	1	0	0
1	1	UID1725738	1	1	0	0
1	1	UID1725748	1	1	0	0
1	1	UID1725752	1	1	0	0
1	1	UID1725758	1	1	0	0
1	1	UID1725761	1	1	0	0
1	1	UID1725778	1	1	0	0
1	1	UID1725781	1	1	0	0
1	1	UID1725788	1	1	0	0
1	1	UID1725793	1	1	0	0
1	1	UID1725796	1	1	0	0
1	1	UID1725805	1	1	0	0
1	1	UID1725806	1	1	0	0
1	1	UID1725810	1	1	0	0
1	1	UID1725811	1	1	0	0
1	1	UID1725815	1	1	0	0
1	1	UID1725818	1	1	0	0
1	1	UID1725820	1	1	0	0
1	1	UID1725833	1	1	0	0
1	1	UID1725838	1	1	0	0
1	1	UID1725850	1	1	0	0
1	1	UID1725852	1	1	0	0
1	1	UID1725858	1	1	0	0
1	1	UID1725870	1	1	0	0
1	1	UID1725873	1	1	0	0
1	1	UID1725885	1	1	0	0
1	1	UID1725886	1	1	0	0
1	1	UID1725900	1	1	0	0
1	1	UID1725901	1	1	0	0
1	1	UID1725903	1	1	0	0
1	1	UID1725915	1	1	0	0
1	1	UID1725920	1	1	0	0
1	1	UID1725923	1	1	0	0
1	1	UID1725924	1	1	0	0
1	1	UID1725929	1	1	0	0
1	1	UID1725935	1	1	0	0
1	1	UID1725951	1	1	0	0
1	1	UID1725960	1	1	0	0
1	1	UID1725964	1	1	0	0
1	1	UID1725966	1	1	0	0
1	1	UID1725981	1	1	0	0
1	1	UID1725984	1	1	0	0
1	1	UID1725986	1	1	0	0
1	1	UID1725987	1	1	0	0
1	1	UID1725992	1	1	0	0
1	1	UID1725995	1	1	0	0
1	1	UID1726004	1	1	0	0
1	1	UID1726006	1	1	0	0
1	1	UID1726008	1	1	0	0
1	1	UID1726010	1	1	0	0
1	1	UID1726012	1	1	0	0
1	1	UID1726014	1	1	0	0
1	1	UID1726024	1	1	0	0
1	1	UID1726029	1	1	0	0
1	1	UID1726032	1	1	0	0
1	1	UID1726033	1	1	0	0
1	1	UID1726037	1	1	0	0
1	1	UID1726051	1	1	0	0
1	1	UID1726052	1	1	0	0
1	1	UID1726060	1	1	0	0
1	1	UID1726061	1	1	0	0
1	1	UID1726062	1	1	0	0
1	1	UID1726065	1	1	0	0
1	1	UID1726067	1	1	0	0
1	1	UID1726068	1	1	0	0
1	1	UID1726069	1	1	0	0
1	1	UID1726074	1	1	0	0
1	1	UID1726103	1	1	0	0
1	1	UID1726104	1	1	0	0
1	1	UID1726105	1	1	0	0
1	1	UID1726109	1	1	0	0
1	1	UID1726110	1	1	0	0
1	1	UID1726123	1	1	0	0
1	1	UID1726124	1	1	0	0
1	1	UID1726131	1	1	0	0
1	1	UID1726135	1	1	0	0
1	1	UID1726149	1	1	0	0
1	1	UID1726156	1	1	0	0
1	1	UID1726160	1	1	0	0
1	1	UID1726162	1	1	0	0
1	1	UID1726164	1	1	0	0
1	1	UID1726165	1	1	0	0
1	1	UID1726167	1	1	0	0
1	1	UID1726168	1	1	0	0
1	1	UID1726171	1	1	0	0
1	1	UID1726172	1	1	0	0
1	1	UID1726179	1	1	0	0
1	1	UID1726185	1	1	0	0
1	1	UID1726187	1	1	0	0
1	1	UID1726192	1	1	0	0
1	1	UID1726193	1	1	0	0
1	1	UID1726194	1	1	0	0
1	1	UID1726213	1	1	0	0
1	1	UID1726214	1	1	0	0
1	1	UID1726216	1	1	0	0
1	1	UID1726217	1	1	0	0
1	1	UID1726223	1	1	0	0
1	1	UID1726227	1	1	0	0
1	1	UID1726228	1	1	0	0
1	1	UID1726238	1	1	0	0
1	1	UID1726245	1	1	0	0
1	1	UID1726256	1	1	0	0
1	1	UID1726257	1	1	0	0
1	1	UID1726264	1	1	0	0
1	1	UID1726270	1	1	0	0
1	1	UID1726271	1	1	0	0
1	1	UID1726274	1	1	0	0
1	1	UID1726275	1	1	0	0
1	1	UID1726276	1	1	0	0
1	1	UID1726286	1	1	0	0
1	1	UID1726316	1	1	0	0
1	1	UID1726328	1	1	0	0
1	1	UID1726329	1	1	0	0
1	1	UID1726331	1	1	0	0
1	1	UID1726334	1	1	0	0
1	1	UID1726335	1	1	0	0
1	1	UID1726343	1	1	0	0
1	1	UID1726344	1	1	0	0
1	1	UID1726361	1	1	0	0
1	1	UID1726363	1	1	0	0
1	1	UID1726375	1	1	0	0
1	1	UID1726376	1	1	0	0
1	1	UID330123	1	1	0	0
1	1	UID33212	1	1	0	0
