5886	19449	UID10357	6739	5078	10	10
1764	3989	UID223036	989	1430	15	15
962	2063	UID159605	589	788	4	4
905	1762	UID977694	386	779	4	4
112	194	UID1705331	61	104	3	3
47	92	UID894850	43	43	2	2
11	47	UID4	37	10	1	1
3	21	UID5	19	2	1	1
2	6	UID25	5	1	1	1
12	15	UID276811	4	11	1	1
2	4	UID1420	3	1	1	1
7	8	UID1705784	2	6	1	1
1	2	UID1	2	0	0	0
7	8	UID715	2	6	2	2
1	1	UID123658	1	1	0	0
2	2	UID161159	1	2	1	1
1	1	UID1706202	1	1	0	0
1	1	UID1706207	1	1	0	0
1	1	UID1706211	1	1	0	0
1	1	UID1706221	1	1	0	0
1	1	UID1706222	1	1	0	0
1	1	UID1706250	1	1	0	0
1	1	UID1706253	1	1	0	0
1	1	UID1706255	1	1	0	0
1	1	UID1706262	1	1	0	0
1	1	UID1706269	1	1	0	0
1	1	UID1706270	1	1	0	0
1	1	UID1706278	1	1	0	0
1	1	UID1706279	1	1	0	0
1	1	UID1706280	1	1	0	0
1	1	UID1706281	1	1	0	0
1	1	UID1706285	1	1	0	0
1	1	UID1706287	1	1	0	0
1	1	UID1706288	1	1	0	0
1	1	UID1706292	1	1	0	0
1	1	UID1706314	1	1	0	0
1	1	UID1706317	1	1	0	0
1	1	UID1706334	1	1	0	0
1	1	UID1706335	1	1	0	0
1	1	UID1706339	1	1	0	0
1	1	UID1706342	1	1	0	0
1	1	UID1706349	1	1	0	0
1	1	UID1706360	1	1	0	0
1	1	UID1706371	1	1	0	0
1	1	UID1706373	1	1	0	0
1	1	UID1706376	1	1	0	0
1	1	UID1706379	1	1	0	0
1	1	UID1706385	1	1	0	0
1	1	UID1706398	1	1	0	0
1	1	UID1706403	1	1	0	0
1	1	UID1706405	1	1	0	0
1	1	UID1706406	1	1	0	0
1	1	UID1706408	1	1	0	0
1	1	UID1706409	1	1	0	0
1	1	UID1706414	1	1	0	0
1	1	UID1706417	1	1	0	0
1	1	UID1706418	1	1	0	0
1	1	UID1706419	1	1	0	0
1	1	UID1706444	1	1	0	0
1	1	UID1706445	1	1	0	0
1	1	UID1706447	1	1	0	0
1	1	UID1706452	1	1	0	0
1	1	UID1706471	1	1	0	0
1	1	UID1706473	1	1	0	0
1	1	UID1706475	1	1	0	0
1	1	UID1706513	1	1	0	0
1	1	UID1706519	1	1	0	0
1	1	UID1706521	1	1	0	0
1	1	UID1706535	1	1	0	0
1	1	UID1706543	1	1	0	0
1	1	UID1706561	1	1	0	0
1	1	UID1706573	1	1	0	0
1	1	UID1706574	1	1	0	0
1	1	UID1706583	1	1	0	0
1	1	UID1706585	1	1	0	0
1	1	UID1706589	1	1	0	0
1	1	UID1706593	1	1	0	0
1	1	UID1706595	1	1	0	0
1	1	UID1706603	1	1	0	0
1	1	UID1706610	1	1	0	0
1	1	UID1706611	1	1	0	0
1	1	UID1706614	1	1	0	0
1	1	UID1706619	1	1	0	0
1	1	UID1706620	1	1	0	0
1	1	UID1706629	1	1	0	0
1	1	UID1706642	1	1	0	0
1	1	UID1706648	1	1	0	0
1	1	UID1706660	1	1	0	0
1	1	UID1706663	1	1	0	0
1	1	UID1706664	1	1	0	0
1	1	UID1706665	1	1	0	0
1	1	UID1706666	1	1	0	0
1	1	UID1706667	1	1	0	0
1	1	UID1706669	1	1	0	0
1	1	UID1706674	1	1	0	0
1	1	UID1706677	1	1	0	0
1	1	UID1706679	1	1	0	0
1	1	UID1706686	1	1	0	0
1	1	UID1706692	1	1	0	0
1	1	UID1706701	1	1	0	0
1	1	UID1706704	1	1	0	0
1	1	UID1706705	1	1	0	0
1	1	UID1706707	1	1	0	0
1	1	UID1706726	1	1	0	0
1	1	UID1706729	1	1	0	0
1	1	UID1706735	1	1	0	0
1	1	UID1706755	1	1	0	0
1	1	UID1706767	1	1	0	0
1	1	UID1706776	1	1	0	0
1	1	UID1706782	1	1	0	0
1	1	UID1706787	1	1	0	0
1	1	UID1706798	1	1	0	0
1	1	UID1706801	1	1	0	0
1	1	UID1706812	1	1	0	0
1	1	UID1706827	1	1	0	0
1	1	UID1706830	1	1	0	0
1	1	UID1706832	1	1	0	0
1	1	UID1706871	1	1	0	0
1	1	UID1706872	1	1	0	0
1	1	UID1706873	1	1	0	0
1	1	UID1706874	1	1	0	0
1	1	UID1706876	1	1	0	0
1	1	UID1706898	1	1	0	0
1	1	UID1706904	1	1	0	0
1	1	UID1706905	1	1	0	0
1	1	UID1706927	1	1	0	0
1	1	UID1706929	1	1	0	0
1	1	UID1706931	1	1	0	0
1	1	UID1706932	1	1	0	0
1	1	UID1706939	1	1	0	0
1	1	UID1706982	1	1	0	0
1	1	UID1707001	1	1	0	0
1	1	UID1707019	1	1	0	0
1	1	UID1707024	1	1	0	0
1	1	UID1707028	1	1	0	0
1	1	UID1707032	1	1	0	0
1	1	UID1707035	1	1	0	0
1	1	UID1707039	1	1	0	0
1	1	UID1707052	1	1	0	0
1	1	UID1707062	1	1	0	0
1	1	UID1707076	1	1	0	0
1	1	UID1707092	1	1	0	0
1	1	UID1707094	1	1	0	0
1	1	UID1707096	1	1	0	0
1	1	UID1707098	1	1	0	0
1	1	UID1707104	1	1	0	0
1	1	UID1707122	1	1	0	0
1	1	UID1707125	1	1	0	0
1	1	UID1707127	1	1	0	0
1	1	UID1707130	1	1	0	0
1	1	UID1707160	1	1	0	0
1	1	UID1707161	1	1	0	0
1	1	UID1707165	1	1	0	0
1	1	UID1707185	1	1	0	0
1	1	UID1707186	1	1	0	0
1	1	UID1707187	1	1	0	0
1	1	UID1707236	1	1	0	0
1	1	UID1707247	1	1	0	0
1	1	UID1707253	1	1	0	0
1	1	UID1707258	1	1	0	0
1	1	UID1707301	1	1	0	0
1	1	UID1707322	1	1	0	0
1	1	UID1707326	1	1	0	0
1	1	UID1707348	1	1	0	0
1	1	UID1707349	1	1	0	0
1	1	UID1707360	1	1	0	0
1	1	UID1707367	1	1	0	0
1	1	UID1707371	1	1	0	0
1	1	UID1707383	1	1	0	0
1	1	UID1707396	1	1	0	0
1	1	UID1707398	1	1	0	0
1	1	UID1707399	1	1	0	0
1	1	UID1707412	1	1	0	0
1	1	UID1707418	1	1	0	0
1	1	UID1707435	1	1	0	0
1	1	UID1707441	1	1	0	0
1	1	UID1707445	1	1	0	0
1	1	UID1707446	1	1	0	0
1	1	UID1707472	1	1	0	0
1	1	UID1707475	1	1	0	0
1	1	UID1707494	1	1	0	0
1	1	UID1707500	1	1	0	0
1	1	UID1707503	1	1	0	0
1	1	UID1707506	1	1	0	0
1	1	UID1707528	1	1	0	0
1	1	UID1707548	1	1	0	0
1	1	UID1707565	1	1	0	0
1	1	UID1707582	1	1	0	0
1	1	UID1707613	1	1	0	0
1	1	UID1707618	1	1	0	0
1	1	UID1707637	1	1	0	0
1	1	UID1707712	1	1	0	0
1	1	UID1707736	1	1	0	0
1	1	UID1707775	1	1	0	0
1	1	UID1707794	1	1	0	0
1	1	UID1707821	1	1	0	0
1	1	UID1707823	1	1	0	0
1	1	UID1707829	1	1	0	0
1	1	UID1707878	1	1	0	0
1	1	UID1707911	1	1	0	0
1	1	UID1707930	1	1	0	0
1	1	UID1707951	1	1	0	0
1	1	UID1707978	1	1	0	0
1	1	UID1707984	1	1	0	0
1	1	UID1708019	1	1	0	0
1	1	UID1708082	1	1	0	0
1	1	UID1708083	1	1	0	0
1	1	UID1708086	1	1	0	0
1	1	UID1708087	1	1	0	0
1	1	UID1708105	1	1	0	0
1	1	UID1708107	1	1	0	0
1	1	UID1708241	1	1	0	0
1	1	UID1708253	1	1	0	0
1	1	UID1708272	1	1	0	0
1	1	UID1708338	1	1	0	0
1	1	UID1708361	1	1	0	0
1	1	UID1708427	1	1	0	0
1	1	UID1708452	1	1	0	0
1	1	UID1708654	1	1	0	0
1	1	UID1708762	1	1	0	0
1	1	UID1708784	1	1	0	0
1	1	UID1708819	1	1	0	0
1	1	UID1708821	1	1	0	0
1	1	UID1708828	1	1	0	0
1	1	UID1708838	1	1	0	0
1	1	UID1708885	1	1	0	0
1	1	UID1708916	1	1	0	0
1	1	UID1708935	1	1	0	0
1	1	UID1708961	1	1	0	0
1	1	UID1709057	1	1	0	0
1	1	UID1709180	1	1	0	0
1	1	UID1709184	1	1	0	0
1	1	UID1709212	1	1	0	0
1	1	UID1709305	1	1	0	0
1	1	UID1709309	1	1	0	0
1	1	UID1709336	1	1	0	0
1	1	UID1709355	1	1	0	0
1	1	UID1709422	1	1	0	0
1	1	UID1709431	1	1	0	0
1	1	UID1709432	1	1	0	0
1	1	UID1709444	1	1	0	0
1	1	UID1709467	1	1	0	0
1	1	UID1709471	1	1	0	0
1	1	UID1709503	1	1	0	0
1	1	UID1709511	1	1	0	0
1	1	UID1709533	1	1	0	0
1	1	UID1709538	1	1	0	0
1	1	UID1709560	1	1	0	0
1	1	UID1709570	1	1	0	0
1	1	UID1709575	1	1	0	0
1	1	UID1709582	1	1	0	0
1	1	UID1709584	1	1	0	0
1	1	UID1709625	1	1	0	0
1	1	UID1709696	1	1	0	0
1	1	UID1709697	1	1	0	0
1	1	UID1709708	1	1	0	0
1	1	UID1709725	1	1	0	0
1	1	UID1709739	1	1	0	0
1	1	UID1709777	1	1	0	0
1	1	UID1709824	1	1	0	0
1	1	UID1709826	1	1	0	0
1	1	UID1709848	1	1	0	0
1	1	UID1709876	1	1	0	0
1	1	UID1709880	1	1	0	0
1	1	UID1709900	1	1	0	0
1	1	UID1709923	1	1	0	0
1	1	UID1709932	1	1	0	0
1	1	UID1709933	1	1	0	0
1	1	UID1709936	1	1	0	0
1	1	UID1709990	1	1	0	0
1	1	UID1709996	1	1	0	0
1	1	UID1710020	1	1	0	0
1	1	UID1710034	1	1	0	0
1	1	UID1710036	1	1	0	0
1	1	UID1710037	1	1	0	0
1	1	UID1710056	1	1	0	0
1	1	UID1710065	1	1	0	0
1	1	UID1710089	1	1	0	0
1	1	UID1710096	1	1	0	0
1	1	UID1710110	1	1	0	0
1	1	UID1710121	1	1	0	0
1	1	UID1710125	1	1	0	0
1	1	UID1710134	1	1	0	0
1	1	UID1710149	1	1	0	0
1	1	UID1710169	1	1	0	0
1	1	UID1710188	1	1	0	0
1	1	UID1710193	1	1	0	0
1	1	UID1710215	1	1	0	0
1	1	UID1710272	1	1	0	0
1	1	UID1710299	1	1	0	0
1	1	UID1710427	1	1	0	0
1	1	UID1710437	1	1	0	0
1	1	UID1710459	1	1	0	0
1	1	UID1710462	1	1	0	0
1	1	UID1710478	1	1	0	0
1	1	UID1710482	1	1	0	0
1	1	UID1710500	1	1	0	0
1	1	UID1710502	1	1	0	0
1	1	UID1710503	1	1	0	0
1	1	UID1710526	1	1	0	0
1	1	UID1710527	1	1	0	0
1	1	UID1710568	1	1	0	0
1	1	UID1710573	1	1	0	0
1	1	UID1710576	1	1	0	0
1	1	UID1710592	1	1	0	0
1	1	UID1710633	1	1	0	0
1	1	UID1710634	1	1	0	0
1	1	UID1710649	1	1	0	0
1	1	UID1710672	1	1	0	0
1	1	UID1710685	1	1	0	0
1	1	UID1710697	1	1	0	0
1	1	UID1710704	1	1	0	0
1	1	UID1710741	1	1	0	0
1	1	UID1710745	1	1	0	0
1	1	UID1710758	1	1	0	0
1	1	UID1710774	1	1	0	0
1	1	UID1710780	1	1	0	0
1	1	UID1710786	1	1	0	0
1	1	UID1710798	1	1	0	0
1	1	UID1710801	1	1	0	0
1	1	UID1710814	1	1	0	0
1	1	UID1710817	1	1	0	0
1	1	UID1710821	1	1	0	0
1	1	UID1710855	1	1	0	0
1	1	UID1710856	1	1	0	0
1	1	UID1710858	1	1	0	0
1	1	UID1710893	1	1	0	0
1	1	UID1710899	1	1	0	0
1	1	UID1710902	1	1	0	0
1	1	UID1710917	1	1	0	0
1	1	UID1710919	1	1	0	0
1	1	UID1710933	1	1	0	0
1	1	UID1710934	1	1	0	0
1	1	UID1710943	1	1	0	0
1	1	UID1710959	1	1	0	0
1	1	UID1710967	1	1	0	0
1	1	UID1710979	1	1	0	0
1	1	UID1710990	1	1	0	0
1	1	UID1711003	1	1	0	0
1	1	UID1711015	1	1	0	0
1	1	UID1711023	1	1	0	0
1	1	UID1711045	1	1	0	0
1	1	UID1711053	1	1	0	0
1	1	UID1711055	1	1	0	0
1	1	UID1711059	1	1	0	0
1	1	UID1711079	1	1	0	0
1	1	UID1711084	1	1	0	0
1	1	UID1711154	1	1	0	0
1	1	UID1711155	1	1	0	0
1	1	UID1711163	1	1	0	0
1	1	UID1711167	1	1	0	0
1	1	UID1711173	1	1	0	0
1	1	UID1711175	1	1	0	0
1	1	UID1711219	1	1	0	0
1	1	UID1711221	1	1	0	0
1	1	UID1711222	1	1	0	0
1	1	UID1711233	1	1	0	0
1	1	UID1711235	1	1	0	0
1	1	UID1711236	1	1	0	0
1	1	UID1711237	1	1	0	0
1	1	UID1711255	1	1	0	0
1	1	UID1711265	1	1	0	0
1	1	UID1711267	1	1	0	0
1	1	UID1711276	1	1	0	0
1	1	UID1711285	1	1	0	0
1	1	UID1711315	1	1	0	0
1	1	UID1711323	1	1	0	0
1	1	UID1711347	1	1	0	0
1	1	UID1711349	1	1	0	0
1	1	UID1711356	1	1	0	0
1	1	UID1711388	1	1	0	0
1	1	UID1711400	1	1	0	0
1	1	UID1711407	1	1	0	0
1	1	UID1711410	1	1	0	0
1	1	UID1711442	1	1	0	0
1	1	UID1711449	1	1	0	0
1	1	UID1711450	1	1	0	0
1	1	UID1711473	1	1	0	0
1	1	UID1711477	1	1	0	0
1	1	UID1711505	1	1	0	0
1	1	UID1711539	1	1	0	0
1	1	UID1711547	1	1	0	0
1	1	UID1711556	1	1	0	0
1	1	UID1711563	1	1	0	0
1	1	UID1711597	1	1	0	0
1	1	UID1711690	1	1	0	0
1	1	UID1711767	1	1	0	0
1	1	UID1711778	1	1	0	0
1	1	UID1711779	1	1	0	0
1	1	UID1711792	1	1	0	0
1	1	UID1711799	1	1	0	0
1	1	UID1711810	1	1	0	0
1	1	UID1711815	1	1	0	0
1	1	UID1711821	1	1	0	0
1	1	UID1711834	1	1	0	0
1	1	UID1711838	1	1	0	0
1	1	UID1711839	1	1	0	0
1	1	UID1711842	1	1	0	0
1	1	UID1711847	1	1	0	0
1	1	UID1711849	1	1	0	0
1	1	UID1711892	1	1	0	0
1	1	UID1711922	1	1	0	0
1	1	UID1711934	1	1	0	0
1	1	UID1711974	1	1	0	0
1	1	UID1712007	1	1	0	0
1	1	UID1712135	1	1	0	0
1	1	UID1712215	1	1	0	0
1	1	UID1712233	1	1	0	0
1	1	UID1712322	1	1	0	0
1	1	UID1712336	1	1	0	0
1	1	UID1712372	1	1	0	0
1	1	UID1712373	1	1	0	0
1	1	UID1712383	1	1	0	0
1	1	UID1712384	1	1	0	0
1	1	UID1712422	1	1	0	0
1	1	UID1712434	1	1	0	0
1	1	UID1712486	1	1	0	0
1	1	UID1712526	1	1	0	0
1	1	UID1712568	1	1	0	0
1	1	UID1712584	1	1	0	0
1	1	UID1712587	1	1	0	0
1	1	UID1712590	1	1	0	0
1	1	UID1712591	1	1	0	0
1	1	UID1712592	1	1	0	0
1	1	UID1712599	1	1	0	0
1	1	UID1712616	1	1	0	0
1	1	UID1712622	1	1	0	0
1	1	UID1712633	1	1	0	0
1	1	UID1712645	1	1	0	0
1	1	UID1712656	1	1	0	0
1	1	UID1712698	1	1	0	0
1	1	UID1712710	1	1	0	0
1	1	UID1712727	1	1	0	0
1	1	UID1712741	1	1	0	0
1	1	UID1712753	1	1	0	0
1	1	UID1712759	1	1	0	0
1	1	UID1712766	1	1	0	0
1	1	UID1712786	1	1	0	0
1	1	UID1712816	1	1	0	0
1	1	UID1712820	1	1	0	0
1	1	UID1712824	1	1	0	0
1	1	UID1712832	1	1	0	0
1	1	UID1712836	1	1	0	0
1	1	UID1712857	1	1	0	0
1	1	UID1712874	1	1	0	0
1	1	UID1712880	1	1	0	0
1	1	UID1712882	1	1	0	0
1	1	UID1712897	1	1	0	0
1	1	UID1712899	1	1	0	0
1	1	UID1712900	1	1	0	0
1	1	UID1712903	1	1	0	0
1	1	UID1712904	1	1	0	0
1	1	UID1712933	1	1	0	0
1	1	UID1712937	1	1	0	0
1	1	UID1712946	1	1	0	0
1	1	UID1712949	1	1	0	0
1	1	UID1712973	1	1	0	0
1	1	UID1712975	1	1	0	0
1	1	UID1712990	1	1	0	0
1	1	UID1713014	1	1	0	0
1	1	UID1713017	1	1	0	0
1	1	UID1713035	1	1	0	0
1	1	UID1713045	1	1	0	0
1	1	UID1713056	1	1	0	0
1	1	UID1713074	1	1	0	0
1	1	UID1713078	1	1	0	0
1	1	UID1713083	1	1	0	0
1	1	UID1713099	1	1	0	0
1	1	UID1713103	1	1	0	0
1	1	UID1713104	1	1	0	0
1	1	UID1713138	1	1	0	0
1	1	UID1713144	1	1	0	0
1	1	UID1713171	1	1	0	0
1	1	UID1713175	1	1	0	0
1	1	UID1713195	1	1	0	0
1	1	UID1713203	1	1	0	0
1	1	UID1713206	1	1	0	0
1	1	UID1713208	1	1	0	0
1	1	UID1713230	1	1	0	0
1	1	UID1713231	1	1	0	0
1	1	UID1713302	1	1	0	0
1	1	UID1713321	1	1	0	0
1	1	UID1713324	1	1	0	0
1	1	UID1713348	1	1	0	0
1	1	UID1713356	1	1	0	0
1	1	UID1713374	1	1	0	0
1	1	UID1713377	1	1	0	0
1	1	UID1713379	1	1	0	0
1	1	UID1713389	1	1	0	0
1	1	UID1713396	1	1	0	0
1	1	UID1713400	1	1	0	0
1	1	UID1713418	1	1	0	0
1	1	UID1713428	1	1	0	0
1	1	UID1713431	1	1	0	0
1	1	UID1713435	1	1	0	0
1	1	UID1713441	1	1	0	0
1	1	UID1713449	1	1	0	0
1	1	UID1713468	1	1	0	0
1	1	UID1713471	1	1	0	0
1	1	UID1713494	1	1	0	0
1	1	UID1713505	1	1	0	0
1	1	UID1713510	1	1	0	0
1	1	UID1713511	1	1	0	0
1	1	UID1713515	1	1	0	0
1	1	UID1713525	1	1	0	0
1	1	UID1713539	1	1	0	0
1	1	UID1713542	1	1	0	0
1	1	UID1713546	1	1	0	0
1	1	UID1713552	1	1	0	0
1	1	UID1713554	1	1	0	0
1	1	UID1713556	1	1	0	0
1	1	UID1713559	1	1	0	0
1	1	UID1713564	1	1	0	0
1	1	UID1713573	1	1	0	0
1	1	UID1713579	1	1	0	0
1	1	UID1713583	1	1	0	0
1	1	UID1713585	1	1	0	0
1	1	UID1713607	1	1	0	0
1	1	UID1713614	1	1	0	0
1	1	UID1713615	1	1	0	0
1	1	UID1713617	1	1	0	0
1	1	UID1713624	1	1	0	0
1	1	UID1713645	1	1	0	0
1	1	UID1713668	1	1	0	0
1	1	UID1713670	1	1	0	0
1	1	UID1713672	1	1	0	0
1	1	UID1713675	1	1	0	0
1	1	UID1713678	1	1	0	0
1	1	UID1713679	1	1	0	0
1	1	UID1713695	1	1	0	0
1	1	UID1713712	1	1	0	0
1	1	UID1713721	1	1	0	0
1	1	UID1713734	1	1	0	0
1	1	UID1713737	1	1	0	0
1	1	UID1713738	1	1	0	0
1	1	UID1713761	1	1	0	0
1	1	UID1713764	1	1	0	0
1	1	UID1713765	1	1	0	0
1	1	UID1713772	1	1	0	0
1	1	UID1713775	1	1	0	0
1	1	UID1713782	1	1	0	0
1	1	UID1713788	1	1	0	0
1	1	UID1713792	1	1	0	0
1	1	UID1713793	1	1	0	0
1	1	UID1713796	1	1	0	0
1	1	UID1713797	1	1	0	0
1	1	UID1713799	1	1	0	0
1	1	UID1713800	1	1	0	0
1	1	UID1713802	1	1	0	0
1	1	UID1713827	1	1	0	0
1	1	UID1713831	1	1	0	0
1	1	UID1713837	1	1	0	0
1	1	UID1713846	1	1	0	0
1	1	UID1713852	1	1	0	0
1	1	UID1713856	1	1	0	0
1	1	UID1713870	1	1	0	0
1	1	UID1713883	1	1	0	0
1	1	UID1713884	1	1	0	0
1	1	UID1713886	1	1	0	0
1	1	UID1713892	1	1	0	0
1	1	UID1713897	1	1	0	0
1	1	UID1713908	1	1	0	0
1	1	UID1713911	1	1	0	0
1	1	UID1713913	1	1	0	0
1	1	UID1713922	1	1	0	0
1	1	UID1713924	1	1	0	0
1	1	UID1713943	1	1	0	0
1	1	UID1713947	1	1	0	0
1	1	UID1713950	1	1	0	0
1	1	UID1713951	1	1	0	0
1	1	UID1713960	1	1	0	0
1	1	UID1713961	1	1	0	0
1	1	UID1713966	1	1	0	0
1	1	UID1713975	1	1	0	0
1	1	UID1713977	1	1	0	0
1	1	UID1713986	1	1	0	0
1	1	UID1713989	1	1	0	0
1	1	UID1713991	1	1	0	0
1	1	UID1713995	1	1	0	0
1	1	UID1713997	1	1	0	0
1	1	UID1713998	1	1	0	0
1	1	UID1714003	1	1	0	0
1	1	UID1714005	1	1	0	0
1	1	UID1714013	1	1	0	0
1	1	UID1714016	1	1	0	0
1	1	UID1714019	1	1	0	0
1	1	UID1714021	1	1	0	0
1	1	UID1714028	1	1	0	0
1	1	UID1714055	1	1	0	0
1	1	UID1714057	1	1	0	0
1	1	UID1714068	1	1	0	0
1	1	UID1714079	1	1	0	0
1	1	UID1714083	1	1	0	0
1	1	UID1714092	1	1	0	0
1	1	UID1714110	1	1	0	0
1	1	UID1714119	1	1	0	0
1	1	UID1714127	1	1	0	0
1	1	UID1714131	1	1	0	0
1	1	UID1714133	1	1	0	0
1	1	UID1714145	1	1	0	0
1	1	UID1714164	1	1	0	0
1	1	UID1714173	1	1	0	0
1	1	UID1714174	1	1	0	0
1	1	UID1714180	1	1	0	0
1	1	UID1714182	1	1	0	0
1	1	UID1714221	1	1	0	0
1	1	UID1714228	1	1	0	0
1	1	UID1714233	1	1	0	0
1	1	UID1714235	1	1	0	0
1	1	UID1714247	1	1	0	0
1	1	UID1714251	1	1	0	0
1	1	UID1714255	1	1	0	0
1	1	UID1714256	1	1	0	0
1	1	UID1714259	1	1	0	0
1	1	UID1714260	1	1	0	0
1	1	UID1714261	1	1	0	0
1	1	UID1714267	1	1	0	0
1	1	UID1714271	1	1	0	0
1	1	UID1714283	1	1	0	0
1	1	UID1714284	1	1	0	0
1	1	UID1714287	1	1	0	0
1	1	UID1714289	1	1	0	0
1	1	UID1714292	1	1	0	0
1	1	UID1714303	1	1	0	0
1	1	UID1714331	1	1	0	0
1	1	UID1714347	1	1	0	0
1	1	UID1714352	1	1	0	0
1	1	UID1714358	1	1	0	0
1	1	UID1714361	1	1	0	0
1	1	UID1714370	1	1	0	0
1	1	UID1714373	1	1	0	0
1	1	UID1714381	1	1	0	0
1	1	UID1714387	1	1	0	0
1	1	UID1714392	1	1	0	0
1	1	UID1714396	1	1	0	0
1	1	UID1714397	1	1	0	0
1	1	UID1714411	1	1	0	0
1	1	UID1714413	1	1	0	0
1	1	UID1714447	1	1	0	0
1	1	UID1714453	1	1	0	0
1	1	UID1714468	1	1	0	0
1	1	UID1714478	1	1	0	0
1	1	UID341485	1	1	0	0
1	1	UID47093	1	1	0	0
1	1	UID8	1	1	0	0
