8942	29314	UID27	9485	7799	5	5
4169	11517	UID2454	3175	3461	6	6
143	244	UID31712	56	127	4	4
64	111	UID38628	45	60	2	2
105	161	UID32879	30	96	3	3
38	68	UID38455	30	36	2	2
45	75	UID484	26	40	3	3
31	50	UID80078	20	30	1	1
13	36	UID3	16	10	2	2
76	117	UID2	15	69	4	4
29	39	UID50104	10	27	2	2
22	33	UID2429	9	20	2	2
1	5	UID8	5	0	0	0
5	8	UID80570	4	4	0	0
3	5	UID1770716	3	2	1	1
18	21	UID715	3	16	2	2
15	16	UID25144	2	14	3	3
1	1	UID1040359	1	1	0	0
1	1	UID123303	1	1	0	0
1	1	UID123359	1	1	0	0
1	1	UID123542	1	1	0	0
1	1	UID124714	1	1	0	0
1	1	UID125518	1	1	0	0
1	1	UID125588	1	1	0	0
1	1	UID1289	1	1	0	0
1	1	UID1453563	1	1	0	0
1	1	UID1690668	1	1	0	0
1	1	UID1690719	1	1	0	0
1	1	UID1694513	1	1	0	0
1	1	UID1711639	1	1	0	0
1	1	UID1770805	1	1	0	0
1	1	UID1770808	1	1	0	0
1	1	UID1770811	1	1	0	0
1	1	UID1770813	1	1	0	0
1	1	UID1770820	1	1	0	0
1	1	UID1770832	1	1	0	0
1	1	UID1770848	1	1	0	0
1	1	UID1770851	1	1	0	0
1	1	UID1770852	1	1	0	0
1	1	UID1770855	1	1	0	0
1	1	UID1770856	1	1	0	0
1	1	UID1770858	1	1	0	0
1	1	UID1770865	1	1	0	0
1	1	UID1770870	1	1	0	0
1	1	UID1770877	1	1	0	0
1	1	UID1770880	1	1	0	0
1	1	UID1770882	1	1	0	0
1	1	UID1770883	1	1	0	0
1	1	UID1770889	1	1	0	0
1	1	UID1770901	1	1	0	0
1	1	UID1770903	1	1	0	0
1	1	UID1770911	1	1	0	0
1	1	UID1770913	1	1	0	0
1	1	UID1770914	1	1	0	0
1	1	UID1770917	1	1	0	0
1	1	UID1770919	1	1	0	0
1	1	UID1770925	1	1	0	0
1	1	UID1770935	1	1	0	0
1	1	UID1770937	1	1	0	0
1	1	UID1770953	1	1	0	0
1	1	UID1770964	1	1	0	0
1	1	UID1770977	1	1	0	0
1	1	UID1770978	1	1	0	0
1	1	UID1771005	1	1	0	0
1	1	UID1771007	1	1	0	0
1	1	UID1771019	1	1	0	0
1	1	UID1771020	1	1	0	0
1	1	UID1771022	1	1	0	0
1	1	UID1771026	1	1	0	0
1	1	UID1771069	1	1	0	0
1	1	UID1771070	1	1	0	0
1	1	UID1771073	1	1	0	0
1	1	UID1771080	1	1	0	0
1	1	UID1771081	1	1	0	0
1	1	UID1771082	1	1	0	0
1	1	UID1771094	1	1	0	0
1	1	UID1771097	1	1	0	0
1	1	UID1771102	1	1	0	0
1	1	UID1771118	1	1	0	0
1	1	UID1771121	1	1	0	0
1	1	UID1771124	1	1	0	0
1	1	UID1771135	1	1	0	0
1	1	UID1771147	1	1	0	0
1	1	UID1771154	1	1	0	0
1	1	UID1771156	1	1	0	0
1	1	UID1771176	1	1	0	0
1	1	UID1771182	1	1	0	0
1	1	UID1771183	1	1	0	0
1	1	UID1771184	1	1	0	0
1	1	UID1771186	1	1	0	0
1	1	UID1771199	1	1	0	0
1	1	UID1771205	1	1	0	0
1	1	UID1771206	1	1	0	0
1	1	UID1771210	1	1	0	0
1	1	UID1771231	1	1	0	0
1	1	UID1771234	1	1	0	0
1	1	UID1771240	1	1	0	0
1	1	UID1771245	1	1	0	0
1	1	UID1771262	1	1	0	0
1	1	UID1771263	1	1	0	0
1	1	UID1771264	1	1	0	0
1	1	UID1771265	1	1	0	0
1	1	UID1771291	1	1	0	0
1	1	UID1771294	1	1	0	0
1	1	UID1771314	1	1	0	0
1	1	UID1771315	1	1	0	0
1	1	UID1771317	1	1	0	0
1	1	UID1771320	1	1	0	0
1	1	UID1771321	1	1	0	0
1	1	UID1771327	1	1	0	0
1	1	UID1771328	1	1	0	0
1	1	UID1771329	1	1	0	0
1	1	UID1771330	1	1	0	0
1	1	UID1771338	1	1	0	0
1	1	UID1771340	1	1	0	0
1	1	UID1771350	1	1	0	0
1	1	UID1771371	1	1	0	0
1	1	UID1771373	1	1	0	0
1	1	UID1771377	1	1	0	0
1	1	UID1771378	1	1	0	0
1	1	UID1771381	1	1	0	0
1	1	UID1771382	1	1	0	0
1	1	UID1771384	1	1	0	0
1	1	UID1771386	1	1	0	0
1	1	UID1771389	1	1	0	0
1	1	UID1771391	1	1	0	0
1	1	UID1771400	1	1	0	0
1	1	UID1771401	1	1	0	0
1	1	UID1771404	1	1	0	0
1	1	UID1771407	1	1	0	0
1	1	UID1771410	1	1	0	0
1	1	UID1771411	1	1	0	0
1	1	UID1771412	1	1	0	0
1	1	UID1771416	1	1	0	0
1	1	UID1771418	1	1	0	0
1	1	UID1771422	1	1	0	0
1	1	UID1771425	1	1	0	0
1	1	UID1771428	1	1	0	0
1	1	UID1771432	1	1	0	0
1	1	UID1771444	1	1	0	0
1	1	UID1771446	1	1	0	0
1	1	UID1771449	1	1	0	0
1	1	UID1771453	1	1	0	0
1	1	UID1771454	1	1	0	0
1	1	UID1771469	1	1	0	0
1	1	UID1771476	1	1	0	0
1	1	UID1771507	1	1	0	0
1	1	UID1771510	1	1	0	0
1	1	UID1771529	1	1	0	0
1	1	UID1771546	1	1	0	0
1	1	UID1771547	1	1	0	0
1	1	UID1771551	1	1	0	0
1	1	UID1771556	1	1	0	0
1	1	UID1771571	1	1	0	0
1	1	UID1771576	1	1	0	0
1	1	UID1771580	1	1	0	0
1	1	UID1771607	1	1	0	0
1	1	UID1771615	1	1	0	0
1	1	UID1771617	1	1	0	0
1	1	UID1771627	1	1	0	0
1	1	UID1771628	1	1	0	0
1	1	UID1771629	1	1	0	0
1	1	UID1771640	1	1	0	0
1	1	UID1771647	1	1	0	0
1	1	UID1771649	1	1	0	0
1	1	UID1771650	1	1	0	0
1	1	UID1771653	1	1	0	0
1	1	UID1771661	1	1	0	0
1	1	UID1771670	1	1	0	0
1	1	UID1771680	1	1	0	0
1	1	UID1771684	1	1	0	0
1	1	UID1771698	1	1	0	0
1	1	UID1771700	1	1	0	0
1	1	UID1771701	1	1	0	0
1	1	UID1771734	1	1	0	0
1	1	UID1771743	1	1	0	0
1	1	UID1771748	1	1	0	0
1	1	UID1771751	1	1	0	0
1	1	UID1771752	1	1	0	0
1	1	UID1771765	1	1	0	0
1	1	UID1771768	1	1	0	0
1	1	UID1771770	1	1	0	0
1	1	UID1771781	1	1	0	0
1	1	UID1771782	1	1	0	0
1	1	UID1771783	1	1	0	0
1	1	UID1771789	1	1	0	0
1	1	UID1771790	1	1	0	0
1	1	UID1771793	1	1	0	0
1	1	UID1771799	1	1	0	0
1	1	UID1771801	1	1	0	0
1	1	UID1771805	1	1	0	0
1	1	UID1771815	1	1	0	0
1	1	UID1771831	1	1	0	0
1	1	UID1771834	1	1	0	0
1	1	UID1771836	1	1	0	0
1	1	UID1771840	1	1	0	0
1	1	UID1771842	1	1	0	0
1	1	UID1771843	1	1	0	0
1	1	UID1771847	1	1	0	0
1	1	UID1771858	1	1	0	0
1	1	UID1771860	1	1	0	0
1	1	UID1771869	1	1	0	0
1	1	UID1771881	1	1	0	0
1	1	UID1771883	1	1	0	0
1	1	UID1771885	1	1	0	0
1	1	UID1771900	1	1	0	0
1	1	UID1771922	1	1	0	0
1	1	UID1771928	1	1	0	0
1	1	UID1771929	1	1	0	0
1	1	UID1771934	1	1	0	0
1	1	UID1771952	1	1	0	0
1	1	UID1771975	1	1	0	0
1	1	UID1771977	1	1	0	0
1	1	UID1771981	1	1	0	0
1	1	UID1771996	1	1	0	0
1	1	UID1771998	1	1	0	0
1	1	UID1772015	1	1	0	0
1	1	UID1772019	1	1	0	0
1	1	UID1772033	1	1	0	0
1	1	UID1772036	1	1	0	0
1	1	UID1772038	1	1	0	0
1	1	UID1772050	1	1	0	0
1	1	UID1772051	1	1	0	0
1	1	UID1772055	1	1	0	0
1	1	UID1772058	1	1	0	0
1	1	UID1772061	1	1	0	0
1	1	UID1772062	1	1	0	0
1	1	UID1772063	1	1	0	0
1	1	UID1772074	1	1	0	0
1	1	UID1772084	1	1	0	0
1	1	UID1772096	1	1	0	0
1	1	UID1772102	1	1	0	0
1	1	UID1772110	1	1	0	0
1	1	UID1772124	1	1	0	0
1	1	UID1772133	1	1	0	0
1	1	UID1772149	1	1	0	0
1	1	UID1772160	1	1	0	0
1	1	UID1772177	1	1	0	0
1	1	UID1772211	1	1	0	0
1	1	UID1772213	1	1	0	0
1	1	UID1772221	1	1	0	0
1	1	UID1772238	1	1	0	0
1	1	UID1772246	1	1	0	0
1	1	UID1772262	1	1	0	0
1	1	UID1772297	1	1	0	0
1	1	UID1772308	1	1	0	0
1	1	UID1772313	1	1	0	0
1	1	UID1772320	1	1	0	0
1	1	UID1772413	1	1	0	0
1	1	UID1772417	1	1	0	0
1	1	UID1772427	1	1	0	0
1	1	UID1772442	1	1	0	0
1	1	UID1772445	1	1	0	0
1	1	UID1772447	1	1	0	0
1	1	UID1772468	1	1	0	0
1	1	UID1772469	1	1	0	0
1	1	UID1772470	1	1	0	0
1	1	UID1772471	1	1	0	0
1	1	UID1772477	1	1	0	0
1	1	UID1772482	1	1	0	0
1	1	UID1772489	1	1	0	0
1	1	UID1772490	1	1	0	0
1	1	UID1772502	1	1	0	0
1	1	UID1772507	1	1	0	0
1	1	UID1772508	1	1	0	0
1	1	UID1772515	1	1	0	0
1	1	UID1772524	1	1	0	0
1	1	UID1772526	1	1	0	0
1	1	UID1772528	1	1	0	0
1	1	UID1772529	1	1	0	0
1	1	UID1772535	1	1	0	0
1	1	UID1772541	1	1	0	0
1	1	UID1772556	1	1	0	0
1	1	UID1772569	1	1	0	0
1	1	UID1772574	1	1	0	0
1	1	UID1772575	1	1	0	0
1	1	UID1772577	1	1	0	0
1	1	UID1772581	1	1	0	0
1	1	UID1772594	1	1	0	0
1	1	UID1772614	1	1	0	0
1	1	UID1772632	1	1	0	0
1	1	UID1772641	1	1	0	0
1	1	UID1772672	1	1	0	0
1	1	UID1772701	1	1	0	0
1	1	UID1772739	1	1	0	0
1	1	UID1772742	1	1	0	0
1	1	UID1772763	1	1	0	0
1	1	UID1772778	1	1	0	0
1	1	UID1772835	1	1	0	0
1	1	UID1772921	1	1	0	0
1	1	UID1772936	1	1	0	0
1	1	UID1773023	1	1	0	0
1	1	UID1773079	1	1	0	0
1	1	UID1773101	1	1	0	0
1	1	UID1773139	1	1	0	0
1	1	UID1773140	1	1	0	0
1	1	UID1773154	1	1	0	0
1	1	UID1773204	1	1	0	0
1	1	UID1773247	1	1	0	0
1	1	UID1773250	1	1	0	0
1	1	UID1773269	1	1	0	0
1	1	UID1773289	1	1	0	0
1	1	UID1773296	1	1	0	0
1	1	UID1773302	1	1	0	0
1	1	UID1773304	1	1	0	0
1	1	UID1773317	1	1	0	0
1	1	UID1773326	1	1	0	0
1	1	UID1773327	1	1	0	0
1	1	UID1773334	1	1	0	0
1	1	UID1773344	1	1	0	0
1	1	UID1773396	1	1	0	0
1	1	UID1773404	1	1	0	0
1	1	UID1773449	1	1	0	0
1	1	UID1773473	1	1	0	0
1	1	UID1773474	1	1	0	0
1	1	UID1773507	1	1	0	0
1	1	UID1773511	1	1	0	0
1	1	UID1773526	1	1	0	0
1	1	UID1773529	1	1	0	0
1	1	UID1773531	1	1	0	0
1	1	UID1773533	1	1	0	0
1	1	UID1773552	1	1	0	0
1	1	UID1773560	1	1	0	0
1	1	UID1773561	1	1	0	0
1	1	UID1773564	1	1	0	0
1	1	UID1773576	1	1	0	0
1	1	UID1773590	1	1	0	0
1	1	UID1773608	1	1	0	0
1	1	UID1773610	1	1	0	0
1	1	UID1773611	1	1	0	0
1	1	UID1773614	1	1	0	0
1	1	UID1773629	1	1	0	0
1	1	UID1773637	1	1	0	0
1	1	UID1773640	1	1	0	0
1	1	UID1773641	1	1	0	0
1	1	UID1773645	1	1	0	0
1	1	UID1773648	1	1	0	0
1	1	UID1773651	1	1	0	0
1	1	UID1773654	1	1	0	0
1	1	UID1773673	1	1	0	0
1	1	UID1773699	1	1	0	0
1	1	UID1773701	1	1	0	0
1	1	UID1773711	1	1	0	0
1	1	UID1773718	1	1	0	0
1	1	UID1773745	1	1	0	0
1	1	UID1773751	1	1	0	0
1	1	UID1773776	1	1	0	0
1	1	UID1773783	1	1	0	0
1	1	UID1773784	1	1	0	0
1	1	UID1773785	1	1	0	0
1	1	UID1773804	1	1	0	0
1	1	UID1773805	1	1	0	0
1	1	UID1773815	1	1	0	0
1	1	UID1773821	1	1	0	0
1	1	UID1773838	1	1	0	0
1	1	UID1773851	1	1	0	0
1	1	UID1773852	1	1	0	0
1	1	UID1773853	1	1	0	0
1	1	UID1773854	1	1	0	0
1	1	UID1773868	1	1	0	0
1	1	UID1773869	1	1	0	0
1	1	UID1773876	1	1	0	0
1	1	UID1773879	1	1	0	0
1	1	UID1773887	1	1	0	0
1	1	UID1773889	1	1	0	0
1	1	UID1773890	1	1	0	0
1	1	UID1773918	1	1	0	0
1	1	UID1773923	1	1	0	0
1	1	UID1773938	1	1	0	0
1	1	UID1773942	1	1	0	0
1	1	UID1773943	1	1	0	0
1	1	UID1773952	1	1	0	0
1	1	UID1773979	1	1	0	0
1	1	UID1774009	1	1	0	0
1	1	UID1774010	1	1	0	0
1	1	UID1774013	1	1	0	0
1	1	UID1774021	1	1	0	0
1	1	UID1774047	1	1	0	0
1	1	UID1774049	1	1	0	0
1	1	UID1774050	1	1	0	0
1	1	UID1774055	1	1	0	0
1	1	UID1774072	1	1	0	0
1	1	UID1774074	1	1	0	0
1	1	UID1774075	1	1	0	0
1	1	UID1774076	1	1	0	0
1	1	UID1774087	1	1	0	0
1	1	UID1774094	1	1	0	0
1	1	UID1774104	1	1	0	0
1	1	UID1774111	1	1	0	0
1	1	UID1774113	1	1	0	0
1	1	UID1774126	1	1	0	0
1	1	UID1774134	1	1	0	0
1	1	UID1774135	1	1	0	0
1	1	UID1774137	1	1	0	0
1	1	UID1774139	1	1	0	0
1	1	UID1774140	1	1	0	0
1	1	UID1774147	1	1	0	0
1	1	UID1774156	1	1	0	0
1	1	UID1774166	1	1	0	0
1	1	UID1774167	1	1	0	0
1	1	UID1774169	1	1	0	0
1	1	UID1774171	1	1	0	0
1	1	UID1774172	1	1	0	0
1	1	UID1774194	1	1	0	0
1	1	UID1774213	1	1	0	0
1	1	UID1774217	1	1	0	0
1	1	UID1774222	1	1	0	0
1	1	UID1774232	1	1	0	0
1	1	UID1774244	1	1	0	0
1	1	UID1774245	1	1	0	0
1	1	UID1774246	1	1	0	0
1	1	UID1774258	1	1	0	0
1	1	UID1774262	1	1	0	0
1	1	UID1774266	1	1	0	0
1	1	UID1774269	1	1	0	0
1	1	UID1774287	1	1	0	0
1	1	UID1774297	1	1	0	0
1	1	UID1774305	1	1	0	0
1	1	UID1774328	1	1	0	0
1	1	UID1774330	1	1	0	0
1	1	UID1774351	1	1	0	0
1	1	UID1774360	1	1	0	0
1	1	UID1774363	1	1	0	0
1	1	UID1774383	1	1	0	0
1	1	UID1774410	1	1	0	0
1	1	UID1774413	1	1	0	0
1	1	UID1774420	1	1	0	0
1	1	UID1774427	1	1	0	0
1	1	UID1774430	1	1	0	0
1	1	UID1774448	1	1	0	0
1	1	UID1774450	1	1	0	0
1	1	UID1774491	1	1	0	0
1	1	UID1774531	1	1	0	0
1	1	UID1774544	1	1	0	0
1	1	UID1774574	1	1	0	0
3	3	UID1774583	1	3	2	2
1	1	UID1774601	1	1	0	0
1	1	UID1774606	1	1	0	0
1	1	UID1774637	1	1	0	0
1	1	UID1774647	1	1	0	0
1	1	UID1774649	1	1	0	0
1	1	UID1774652	1	1	0	0
1	1	UID1774666	1	1	0	0
1	1	UID1774680	1	1	0	0
1	1	UID1774697	1	1	0	0
1	1	UID1774704	1	1	0	0
1	1	UID1774707	1	1	0	0
1	1	UID1774709	1	1	0	0
1	1	UID1774710	1	1	0	0
1	1	UID1774715	1	1	0	0
1	1	UID1774717	1	1	0	0
1	1	UID1774742	1	1	0	0
1	1	UID1774751	1	1	0	0
1	1	UID1774758	1	1	0	0
1	1	UID1774769	1	1	0	0
1	1	UID1774800	1	1	0	0
1	1	UID1774834	1	1	0	0
1	1	UID1774919	1	1	0	0
1	1	UID1774931	1	1	0	0
1	1	UID1774936	1	1	0	0
1	1	UID1774941	1	1	0	0
1	1	UID1774980	1	1	0	0
1	1	UID1774989	1	1	0	0
1	1	UID1774992	1	1	0	0
1	1	UID1774994	1	1	0	0
1	1	UID1775010	1	1	0	0
1	1	UID1775012	1	1	0	0
1	1	UID1775032	1	1	0	0
1	1	UID1775060	1	1	0	0
1	1	UID1775100	1	1	0	0
1	1	UID1775116	1	1	0	0
1	1	UID1775142	1	1	0	0
1	1	UID1775149	1	1	0	0
1	1	UID1775151	1	1	0	0
1	1	UID1775160	1	1	0	0
1	1	UID1775166	1	1	0	0
1	1	UID1775185	1	1	0	0
1	1	UID1775206	1	1	0	0
1	1	UID1775223	1	1	0	0
1	1	UID1775225	1	1	0	0
1	1	UID1775323	1	1	0	0
1	1	UID1775329	1	1	0	0
1	1	UID1775353	1	1	0	0
1	1	UID1775365	1	1	0	0
1	1	UID1775408	1	1	0	0
1	1	UID1775461	1	1	0	0
1	1	UID1775462	1	1	0	0
1	1	UID1775488	1	1	0	0
1	1	UID1775535	1	1	0	0
1	1	UID1775546	1	1	0	0
1	1	UID1775560	1	1	0	0
1	1	UID1775580	1	1	0	0
1	1	UID1775596	1	1	0	0
1	1	UID1775649	1	1	0	0
1	1	UID1775654	1	1	0	0
1	1	UID1775681	1	1	0	0
1	1	UID1775692	1	1	0	0
1	1	UID1775706	1	1	0	0
1	1	UID1775752	1	1	0	0
1	1	UID1775755	1	1	0	0
1	1	UID1775779	1	1	0	0
1	1	UID1775801	1	1	0	0
1	1	UID1775804	1	1	0	0
1	1	UID1775821	1	1	0	0
1	1	UID1775828	1	1	0	0
1	1	UID1775841	1	1	0	0
1	1	UID1775850	1	1	0	0
1	1	UID1775851	1	1	0	0
1	1	UID1775869	1	1	0	0
1	1	UID1775878	1	1	0	0
1	1	UID1775879	1	1	0	0
1	1	UID1775895	1	1	0	0
1	1	UID1775897	1	1	0	0
1	1	UID1775909	1	1	0	0
1	1	UID1775911	1	1	0	0
1	1	UID1775915	1	1	0	0
1	1	UID1775919	1	1	0	0
1	1	UID1775924	1	1	0	0
1	1	UID1775942	1	1	0	0
1	1	UID1775956	1	1	0	0
1	1	UID1775970	1	1	0	0
1	1	UID1775980	1	1	0	0
1	1	UID1776002	1	1	0	0
1	1	UID1776024	1	1	0	0
1	1	UID1776026	1	1	0	0
1	1	UID1776032	1	1	0	0
1	1	UID1776095	1	1	0	0
1	1	UID1776101	1	1	0	0
1	1	UID1776113	1	1	0	0
1	1	UID1776114	1	1	0	0
1	1	UID1776117	1	1	0	0
1	1	UID1776131	1	1	0	0
1	1	UID1776178	1	1	0	0
1	1	UID1776179	1	1	0	0
1	1	UID1776202	1	1	0	0
1	1	UID1776208	1	1	0	0
1	1	UID1776216	1	1	0	0
1	1	UID1776241	1	1	0	0
1	1	UID1776251	1	1	0	0
1	1	UID1776257	1	1	0	0
1	1	UID1776258	1	1	0	0
1	1	UID1776259	1	1	0	0
1	1	UID1776271	1	1	0	0
1	1	UID1776274	1	1	0	0
1	1	UID1776278	1	1	0	0
1	1	UID1776314	1	1	0	0
1	1	UID1776316	1	1	0	0
1	1	UID1776318	1	1	0	0
1	1	UID1776332	1	1	0	0
1	1	UID1776340	1	1	0	0
1	1	UID1776346	1	1	0	0
1	1	UID1776348	1	1	0	0
1	1	UID1776359	1	1	0	0
1	1	UID1776360	1	1	0	0
1	1	UID1776362	1	1	0	0
1	1	UID1776371	1	1	0	0
1	1	UID1776381	1	1	0	0
1	1	UID1776395	1	1	0	0
1	1	UID1776406	1	1	0	0
1	1	UID1776408	1	1	0	0
1	1	UID1776416	1	1	0	0
1	1	UID1776417	1	1	0	0
1	1	UID1776418	1	1	0	0
1	1	UID1776422	1	1	0	0
1	1	UID1776434	1	1	0	0
1	1	UID1776440	1	1	0	0
1	1	UID1776472	1	1	0	0
1	1	UID1776492	1	1	0	0
1	1	UID1776501	1	1	0	0
1	1	UID1776504	1	1	0	0
1	1	UID1776512	1	1	0	0
1	1	UID1776513	1	1	0	0
1	1	UID1776514	1	1	0	0
1	1	UID1776519	1	1	0	0
1	1	UID1776539	1	1	0	0
1	1	UID1776558	1	1	0	0
1	1	UID1776585	1	1	0	0
1	1	UID1776589	1	1	0	0
1	1	UID1776603	1	1	0	0
1	1	UID1776604	1	1	0	0
1	1	UID1776651	1	1	0	0
1	1	UID1776655	1	1	0	0
1	1	UID1776676	1	1	0	0
1	1	UID1776719	1	1	0	0
1	1	UID1776771	1	1	0	0
1	1	UID1776776	1	1	0	0
1	1	UID1776789	1	1	0	0
1	1	UID1776794	1	1	0	0
1	1	UID1776820	1	1	0	0
1	1	UID1776844	1	1	0	0
1	1	UID1776846	1	1	0	0
1	1	UID1776848	1	1	0	0
1	1	UID1776865	1	1	0	0
1	1	UID1776872	1	1	0	0
1	1	UID1776908	1	1	0	0
1	1	UID1776911	1	1	0	0
1	1	UID1776927	1	1	0	0
1	1	UID1776934	1	1	0	0
1	1	UID1776938	1	1	0	0
1	1	UID1776949	1	1	0	0
1	1	UID1776963	1	1	0	0
1	1	UID1776965	1	1	0	0
1	1	UID1776973	1	1	0	0
1	1	UID1776993	1	1	0	0
1	1	UID1777001	1	1	0	0
1	1	UID1777024	1	1	0	0
1	1	UID1777040	1	1	0	0
1	1	UID1777041	1	1	0	0
1	1	UID1777043	1	1	0	0
1	1	UID1777046	1	1	0	0
1	1	UID1777080	1	1	0	0
1	1	UID1777081	1	1	0	0
1	1	UID1777082	1	1	0	0
1	1	UID1777093	1	1	0	0
1	1	UID1777113	1	1	0	0
1	1	UID1777115	1	1	0	0
1	1	UID1777117	1	1	0	0
1	1	UID1777127	1	1	0	0
1	1	UID1777144	1	1	0	0
1	1	UID1777158	1	1	0	0
1	1	UID1777160	1	1	0	0
1	1	UID1777164	1	1	0	0
1	1	UID1777173	1	1	0	0
1	1	UID1777191	1	1	0	0
1	1	UID1777197	1	1	0	0
1	1	UID1777205	1	1	0	0
1	1	UID1777225	1	1	0	0
1	1	UID1777229	1	1	0	0
1	1	UID1777236	1	1	0	0
1	1	UID1777238	1	1	0	0
1	1	UID1777240	1	1	0	0
1	1	UID1777242	1	1	0	0
1	1	UID1777243	1	1	0	0
1	1	UID1777248	1	1	0	0
1	1	UID1777258	1	1	0	0
1	1	UID1777263	1	1	0	0
1	1	UID1777264	1	1	0	0
1	1	UID1777270	1	1	0	0
1	1	UID1777285	1	1	0	0
1	1	UID1777287	1	1	0	0
1	1	UID1777297	1	1	0	0
1	1	UID1777306	1	1	0	0
1	1	UID1777329	1	1	0	0
1	1	UID1777346	1	1	0	0
1	1	UID1777347	1	1	0	0
1	1	UID1777352	1	1	0	0
1	1	UID1777354	1	1	0	0
1	1	UID1777368	1	1	0	0
1	1	UID1777369	1	1	0	0
1	1	UID1777370	1	1	0	0
1	1	UID1777376	1	1	0	0
1	1	UID1777383	1	1	0	0
1	1	UID1777384	1	1	0	0
1	1	UID1777387	1	1	0	0
1	1	UID1777390	1	1	0	0
1	1	UID1777391	1	1	0	0
1	1	UID1777395	1	1	0	0
1	1	UID1777398	1	1	0	0
1	1	UID1777400	1	1	0	0
1	1	UID1777402	1	1	0	0
1	1	UID1777403	1	1	0	0
1	1	UID1777417	1	1	0	0
1	1	UID1777421	1	1	0	0
1	1	UID1777430	1	1	0	0
1	1	UID1777431	1	1	0	0
1	1	UID1777441	1	1	0	0
1	1	UID1777456	1	1	0	0
1	1	UID1777458	1	1	0	0
1	1	UID1777461	1	1	0	0
1	1	UID1777462	1	1	0	0
1	1	UID1777463	1	1	0	0
1	1	UID1777470	1	1	0	0
1	1	UID1777471	1	1	0	0
1	1	UID1777491	1	1	0	0
1	1	UID1777520	1	1	0	0
1	1	UID1777521	1	1	0	0
1	1	UID1777526	1	1	0	0
1	1	UID1777543	1	1	0	0
1	1	UID1777548	1	1	0	0
1	1	UID1777554	1	1	0	0
1	1	UID1777560	1	1	0	0
1	1	UID1777585	1	1	0	0
1	1	UID1777586	1	1	0	0
1	1	UID1777605	1	1	0	0
1	1	UID1777627	1	1	0	0
1	1	UID1777632	1	1	0	0
1	1	UID1777633	1	1	0	0
1	1	UID1777648	1	1	0	0
1	1	UID1777658	1	1	0	0
1	1	UID1777659	1	1	0	0
1	1	UID1777669	1	1	0	0
1	1	UID1777690	1	1	0	0
1	1	UID1777694	1	1	0	0
1	1	UID1777695	1	1	0	0
1	1	UID1777697	1	1	0	0
1	1	UID1777710	1	1	0	0
1	1	UID1777721	1	1	0	0
1	1	UID1777729	1	1	0	0
1	1	UID1777737	1	1	0	0
1	1	UID1777745	1	1	0	0
1	1	UID1777746	1	1	0	0
1	1	UID1777754	1	1	0	0
1	1	UID1777758	1	1	0	0
1	1	UID1777783	1	1	0	0
1	1	UID1777784	1	1	0	0
1	1	UID1777788	1	1	0	0
1	1	UID1777789	1	1	0	0
1	1	UID1777797	1	1	0	0
1	1	UID1777803	1	1	0	0
1	1	UID1777812	1	1	0	0
1	1	UID1777814	1	1	0	0
1	1	UID1777821	1	1	0	0
1	1	UID1777825	1	1	0	0
1	1	UID1777838	1	1	0	0
1	1	UID1777842	1	1	0	0
1	1	UID1777870	1	1	0	0
1	1	UID1777874	1	1	0	0
1	1	UID1777877	1	1	0	0
1	1	UID1777880	1	1	0	0
1	1	UID1777881	1	1	0	0
1	1	UID1777936	1	1	0	0
1	1	UID1777955	1	1	0	0
1	1	UID1777956	1	1	0	0
1	1	UID1777958	1	1	0	0
1	1	UID1777988	1	1	0	0
1	1	UID1777995	1	1	0	0
1	1	UID1777998	1	1	0	0
1	1	UID1778005	1	1	0	0
1	1	UID1778013	1	1	0	0
1	1	UID1778026	1	1	0	0
1	1	UID1778027	1	1	0	0
1	1	UID1778029	1	1	0	0
1	1	UID1778033	1	1	0	0
1	1	UID1778039	1	1	0	0
1	1	UID1778058	1	1	0	0
1	1	UID1778063	1	1	0	0
1	1	UID1778076	1	1	0	0
1	1	UID1778080	1	1	0	0
1	1	UID1778081	1	1	0	0
1	1	UID1778083	1	1	0	0
1	1	UID1778101	1	1	0	0
1	1	UID1778102	1	1	0	0
1	1	UID1778105	1	1	0	0
1	1	UID1778112	1	1	0	0
1	1	UID1778126	1	1	0	0
1	1	UID1778144	1	1	0	0
1	1	UID1778148	1	1	0	0
1	1	UID1778152	1	1	0	0
1	1	UID1778155	1	1	0	0
1	1	UID1778164	1	1	0	0
1	1	UID1778167	1	1	0	0
1	1	UID1778183	1	1	0	0
1	1	UID1778187	1	1	0	0
1	1	UID1778188	1	1	0	0
1	1	UID1778190	1	1	0	0
1	1	UID1778192	1	1	0	0
1	1	UID1778195	1	1	0	0
1	1	UID1778202	1	1	0	0
1	1	UID1778210	1	1	0	0
1	1	UID1778228	1	1	0	0
1	1	UID1778229	1	1	0	0
1	1	UID1778242	1	1	0	0
1	1	UID1778244	1	1	0	0
1	1	UID1778252	1	1	0	0
1	1	UID1778261	1	1	0	0
1	1	UID1778265	1	1	0	0
1	1	UID1778276	1	1	0	0
1	1	UID1778287	1	1	0	0
1	1	UID1778298	1	1	0	0
1	1	UID1778302	1	1	0	0
1	1	UID1778313	1	1	0	0
1	1	UID1778327	1	1	0	0
1	1	UID1778328	1	1	0	0
1	1	UID1778334	1	1	0	0
1	1	UID1778336	1	1	0	0
1	1	UID1778339	1	1	0	0
1	1	UID1778343	1	1	0	0
1	1	UID1778346	1	1	0	0
1	1	UID1778348	1	1	0	0
1	1	UID1778350	1	1	0	0
1	1	UID1778360	1	1	0	0
1	1	UID1778366	1	1	0	0
1	1	UID1778370	1	1	0	0
1	1	UID1778375	1	1	0	0
1	1	UID1778384	1	1	0	0
1	1	UID1778385	1	1	0	0
1	1	UID1778388	1	1	0	0
1	1	UID1778393	1	1	0	0
1	1	UID1778396	1	1	0	0
1	1	UID1778400	1	1	0	0
1	1	UID1778408	1	1	0	0
1	1	UID1778435	1	1	0	0
1	1	UID1778437	1	1	0	0
1	1	UID1778468	1	1	0	0
1	1	UID1778471	1	1	0	0
1	1	UID1778478	1	1	0	0
1	1	UID1778493	1	1	0	0
1	1	UID1778504	1	1	0	0
1	1	UID1778506	1	1	0	0
1	1	UID1778507	1	1	0	0
1	1	UID1778512	1	1	0	0
1	1	UID1778526	1	1	0	0
1	1	UID1778530	1	1	0	0
1	1	UID1778557	1	1	0	0
1	1	UID1778558	1	1	0	0
1	1	UID1778564	1	1	0	0
1	1	UID1778583	1	1	0	0
1	1	UID1778591	1	1	0	0
1	1	UID1778592	1	1	0	0
1	1	UID1778596	1	1	0	0
1	1	UID1778604	1	1	0	0
1	1	UID1778606	1	1	0	0
1	1	UID1778607	1	1	0	0
1	1	UID1778609	1	1	0	0
1	1	UID1778614	1	1	0	0
1	1	UID1778623	1	1	0	0
1	1	UID1778628	1	1	0	0
1	1	UID1778629	1	1	0	0
1	1	UID1778630	1	1	0	0
1	1	UID1778634	1	1	0	0
1	1	UID1778637	1	1	0	0
1	1	UID1778639	1	1	0	0
1	1	UID1778691	1	1	0	0
1	1	UID1778692	1	1	0	0
1	1	UID1778696	1	1	0	0
1	1	UID1778701	1	1	0	0
1	1	UID1778704	1	1	0	0
1	1	UID1778706	1	1	0	0
1	1	UID1778707	1	1	0	0
1	1	UID1778711	1	1	0	0
1	1	UID1778712	1	1	0	0
1	1	UID1778714	1	1	0	0
1	1	UID1778715	1	1	0	0
1	1	UID1778721	1	1	0	0
1	1	UID1778750	1	1	0	0
1	1	UID1778761	1	1	0	0
1	1	UID1778767	1	1	0	0
1	1	UID1778769	1	1	0	0
1	1	UID1778775	1	1	0	0
1	1	UID1778783	1	1	0	0
1	1	UID1778790	1	1	0	0
1	1	UID1778807	1	1	0	0
1	1	UID1778811	1	1	0	0
1	1	UID1778813	1	1	0	0
1	1	UID1778814	1	1	0	0
1	1	UID1778816	1	1	0	0
1	1	UID1778817	1	1	0	0
1	1	UID1778819	1	1	0	0
1	1	UID1778821	1	1	0	0
1	1	UID1778827	1	1	0	0
1	1	UID1778829	1	1	0	0
1	1	UID1778830	1	1	0	0
1	1	UID1778851	1	1	0	0
1	1	UID1778864	1	1	0	0
1	1	UID1778867	1	1	0	0
1	1	UID1778880	1	1	0	0
1	1	UID1778881	1	1	0	0
1	1	UID1778885	1	1	0	0
1	1	UID1778892	1	1	0	0
1	1	UID1778906	1	1	0	0
1	1	UID1778908	1	1	0	0
1	1	UID1778915	1	1	0	0
1	1	UID1778919	1	1	0	0
1	1	UID1778940	1	1	0	0
1	1	UID1778942	1	1	0	0
1	1	UID1778943	1	1	0	0
1	1	UID1778950	1	1	0	0
1	1	UID1778954	1	1	0	0
1	1	UID1778960	1	1	0	0
1	1	UID1778973	1	1	0	0
1	1	UID1778981	1	1	0	0
1	1	UID1778985	1	1	0	0
1	1	UID1778998	1	1	0	0
1	1	UID1779006	1	1	0	0
1	1	UID1779010	1	1	0	0
1	1	UID1779015	1	1	0	0
1	1	UID1779021	1	1	0	0
1	1	UID1779025	1	1	0	0
1	1	UID1779026	1	1	0	0
1	1	UID1779029	1	1	0	0
1	1	UID1779031	1	1	0	0
1	1	UID1779034	1	1	0	0
1	1	UID1779040	1	1	0	0
1	1	UID1779041	1	1	0	0
1	1	UID1779046	1	1	0	0
1	1	UID1779052	1	1	0	0
1	1	UID1779067	1	1	0	0
1	1	UID1779069	1	1	0	0
1	1	UID1779073	1	1	0	0
1	1	UID1779075	1	1	0	0
1	1	UID1779088	1	1	0	0
1	1	UID1779090	1	1	0	0
1	1	UID1779099	1	1	0	0
1	1	UID1779124	1	1	0	0
1	1	UID1779136	1	1	0	0
1	1	UID1779139	1	1	0	0
1	1	UID1779143	1	1	0	0
1	1	UID1779150	1	1	0	0
1	1	UID1779153	1	1	0	0
1	1	UID1779173	1	1	0	0
1	1	UID1779174	1	1	0	0
1	1	UID1779178	1	1	0	0
1	1	UID1779180	1	1	0	0
1	1	UID1779217	1	1	0	0
1	1	UID1779220	1	1	0	0
1	1	UID1779226	1	1	0	0
1	1	UID1779240	1	1	0	0
1	1	UID1779247	1	1	0	0
1	1	UID1779251	1	1	0	0
1	1	UID1779255	1	1	0	0
1	1	UID1779264	1	1	0	0
1	1	UID1779266	1	1	0	0
1	1	UID1779270	1	1	0	0
1	1	UID1779271	1	1	0	0
1	1	UID1779277	1	1	0	0
1	1	UID1779289	1	1	0	0
1	1	UID1779307	1	1	0	0
1	1	UID1779311	1	1	0	0
1	1	UID1779314	1	1	0	0
1	1	UID1779324	1	1	0	0
1	1	UID1779329	1	1	0	0
1	1	UID1779337	1	1	0	0
1	1	UID1779338	1	1	0	0
1	1	UID1779339	1	1	0	0
1	1	UID1779343	1	1	0	0
1	1	UID1779344	1	1	0	0
1	1	UID1779351	1	1	0	0
1	1	UID1779354	1	1	0	0
1	1	UID1779357	1	1	0	0
1	1	UID1779358	1	1	0	0
1	1	UID1779371	1	1	0	0
1	1	UID1779372	1	1	0	0
1	1	UID1779375	1	1	0	0
1	1	UID1779390	1	1	0	0
1	1	UID1779391	1	1	0	0
1	1	UID1779398	1	1	0	0
1	1	UID1779399	1	1	0	0
1	1	UID1779403	1	1	0	0
1	1	UID1779406	1	1	0	0
1	1	UID1779418	1	1	0	0
1	1	UID1779419	1	1	0	0
1	1	UID1779424	1	1	0	0
1	1	UID1779427	1	1	0	0
1	1	UID1779430	1	1	0	0
1	1	UID1779435	1	1	0	0
1	1	UID1779436	1	1	0	0
1	1	UID1779437	1	1	0	0
1	1	UID1779441	1	1	0	0
1	1	UID1779456	1	1	0	0
1	1	UID1779459	1	1	0	0
1	1	UID1779467	1	1	0	0
1	1	UID1779470	1	1	0	0
1	1	UID1779474	1	1	0	0
1	1	UID1779477	1	1	0	0
1	1	UID1779478	1	1	0	0
1	1	UID1779483	1	1	0	0
1	1	UID1779485	1	1	0	0
1	1	UID1779489	1	1	0	0
1	1	UID1779496	1	1	0	0
1	1	UID1779497	1	1	0	0
1	1	UID1779505	1	1	0	0
1	1	UID1779510	1	1	0	0
1	1	UID1779519	1	1	0	0
1	1	UID1779530	1	1	0	0
1	1	UID1779537	1	1	0	0
1	1	UID1779538	1	1	0	0
1	1	UID1779539	1	1	0	0
1	1	UID1779558	1	1	0	0
1	1	UID1779564	1	1	0	0
1	1	UID1779565	1	1	0	0
1	1	UID1779568	1	1	0	0
1	1	UID1779576	1	1	0	0
1	1	UID1779578	1	1	0	0
1	1	UID1779579	1	1	0	0
1	1	UID1779586	1	1	0	0
1	1	UID1779592	1	1	0	0
1	1	UID1779612	1	1	0	0
1	1	UID1779613	1	1	0	0
1	1	UID1779617	1	1	0	0
1	1	UID1779632	1	1	0	0
1	1	UID1779635	1	1	0	0
1	1	UID1779655	1	1	0	0
1	1	UID1779663	1	1	0	0
1	1	UID1779666	1	1	0	0
1	1	UID1779671	1	1	0	0
1	1	UID1779672	1	1	0	0
1	1	UID1779673	1	1	0	0
1	1	UID1779674	1	1	0	0
1	1	UID1779675	1	1	0	0
1	1	UID1779677	1	1	0	0
1	1	UID1779679	1	1	0	0
1	1	UID1779680	1	1	0	0
1	1	UID1779684	1	1	0	0
1	1	UID1779694	1	1	0	0
1	1	UID1779696	1	1	0	0
1	1	UID1779717	1	1	0	0
1	1	UID1779718	1	1	0	0
1	1	UID1779726	1	1	0	0
1	1	UID1779727	1	1	0	0
1	1	UID1779731	1	1	0	0
1	1	UID1779741	1	1	0	0
1	1	UID1779743	1	1	0	0
1	1	UID1779745	1	1	0	0
1	1	UID1779749	1	1	0	0
1	1	UID1779750	1	1	0	0
1	1	UID1779762	1	1	0	0
1	1	UID1779775	1	1	0	0
1	1	UID1779782	1	1	0	0
1	1	UID1779787	1	1	0	0
1	1	UID1779789	1	1	0	0
1	1	UID1779799	1	1	0	0
1	1	UID1779800	1	1	0	0
1	1	UID1779805	1	1	0	0
1	1	UID1779811	1	1	0	0
1	1	UID1779812	1	1	0	0
1	1	UID1779816	1	1	0	0
1	1	UID1779817	1	1	0	0
1	1	UID1779832	1	1	0	0
1	1	UID1779834	1	1	0	0
1	1	UID1779846	1	1	0	0
1	1	UID1779854	1	1	0	0
1	1	UID1779870	1	1	0	0
1	1	UID1779873	1	1	0	0
1	1	UID1779875	1	1	0	0
1	1	UID1779879	1	1	0	0
1	1	UID1779886	1	1	0	0
1	1	UID1779915	1	1	0	0
1	1	UID1779938	1	1	0	0
1	1	UID1779940	1	1	0	0
1	1	UID1779942	1	1	0	0
1	1	UID1779945	1	1	0	0
1	1	UID1779948	1	1	0	0
1	1	UID1779950	1	1	0	0
1	1	UID1779953	1	1	0	0
1	1	UID1779974	1	1	0	0
1	1	UID388647	1	1	0	0
