3989	11470	UID484	3237	3302	16	16
2745	7132	UID493	1699	2205	8	8
2435	6343	UID27	1529	1945	5	5
1772	4792	UID31802	1476	1386	5	5
919	3251	UID254	1141	661	4	4
81	174	UID123235	76	71	2	2
42	84	UID34441	40	40	2	2
5	28	UID4	24	4	1	1
24	46	UID311	14	21	3	3
15	25	UID4982	11	14	2	2
12	22	UID123538	10	10	2	2
4	8	UID434919	5	3	1	1
10	13	UID125904	4	9	2	2
3	6	UID50104	4	2	0	0
1	1	UID1697040	1	1	0	0
1	1	UID1753546	1	1	0	0
1	1	UID1753547	1	1	0	0
1	1	UID1753548	1	1	0	0
1	1	UID1753559	1	1	0	0
1	1	UID1753565	1	1	0	0
1	1	UID1753570	1	1	0	0
1	1	UID1753571	1	1	0	0
1	1	UID1753572	1	1	0	0
1	1	UID1753574	1	1	0	0
1	1	UID1753577	1	1	0	0
1	1	UID1753580	1	1	0	0
1	1	UID1753581	1	1	0	0
1	1	UID1753584	1	1	0	0
1	1	UID1753587	1	1	0	0
1	1	UID1753590	1	1	0	0
1	1	UID1753591	1	1	0	0
1	1	UID1753592	1	1	0	0
1	1	UID1753598	1	1	0	0
1	1	UID1753602	1	1	0	0
1	1	UID1753618	1	1	0	0
1	1	UID1753619	1	1	0	0
1	1	UID1753625	1	1	0	0
1	1	UID1753626	1	1	0	0
1	1	UID1753627	1	1	0	0
1	1	UID1753640	1	1	0	0
1	1	UID1753642	1	1	0	0
1	1	UID1753645	1	1	0	0
1	1	UID1753646	1	1	0	0
1	1	UID1753649	1	1	0	0
1	1	UID1753651	1	1	0	0
1	1	UID1753675	1	1	0	0
1	1	UID1753678	1	1	0	0
1	1	UID1753679	1	1	0	0
1	1	UID1753681	1	1	0	0
1	1	UID1753694	1	1	0	0
1	1	UID1753709	1	1	0	0
1	1	UID1753714	1	1	0	0
1	1	UID1753724	1	1	0	0
1	1	UID1753726	1	1	0	0
1	1	UID1753738	1	1	0	0
1	1	UID1753744	1	1	0	0
1	1	UID1753745	1	1	0	0
1	1	UID1753748	1	1	0	0
1	1	UID1753752	1	1	0	0
1	1	UID1753764	1	1	0	0
1	1	UID1753766	1	1	0	0
1	1	UID1753785	1	1	0	0
1	1	UID1753794	1	1	0	0
1	1	UID1753803	1	1	0	0
1	1	UID1753808	1	1	0	0
1	1	UID1753809	1	1	0	0
1	1	UID1753811	1	1	0	0
1	1	UID1753812	1	1	0	0
1	1	UID1753813	1	1	0	0
1	1	UID1753814	1	1	0	0
1	1	UID1753815	1	1	0	0
1	1	UID1753826	1	1	0	0
1	1	UID1753844	1	1	0	0
1	1	UID1753854	1	1	0	0
1	1	UID1753856	1	1	0	0
1	1	UID1753857	1	1	0	0
1	1	UID1753858	1	1	0	0
1	1	UID1753861	1	1	0	0
1	1	UID1753870	1	1	0	0
1	1	UID1753875	1	1	0	0
1	1	UID1753877	1	1	0	0
1	1	UID1753878	1	1	0	0
1	1	UID1753886	1	1	0	0
1	1	UID1753892	1	1	0	0
1	1	UID1753893	1	1	0	0
1	1	UID1753920	1	1	0	0
1	1	UID1753921	1	1	0	0
1	1	UID1753923	1	1	0	0
1	1	UID1753928	1	1	0	0
1	1	UID1753932	1	1	0	0
1	1	UID1753935	1	1	0	0
1	1	UID1753937	1	1	0	0
1	1	UID1753942	1	1	0	0
1	1	UID1753952	1	1	0	0
1	1	UID1753953	1	1	0	0
1	1	UID1753955	1	1	0	0
1	1	UID1753961	1	1	0	0
1	1	UID1753964	1	1	0	0
1	1	UID1753966	1	1	0	0
1	1	UID1753967	1	1	0	0
1	1	UID1753986	1	1	0	0
1	1	UID1754011	1	1	0	0
1	1	UID1754016	1	1	0	0
1	1	UID1754019	1	1	0	0
1	1	UID1754023	1	1	0	0
1	1	UID1754025	1	1	0	0
1	1	UID1754038	1	1	0	0
1	1	UID1754047	1	1	0	0
1	1	UID1754063	1	1	0	0
1	1	UID1754103	1	1	0	0
1	1	UID1754111	1	1	0	0
1	1	UID1754133	1	1	0	0
1	1	UID1754140	1	1	0	0
1	1	UID1754145	1	1	0	0
1	1	UID1754160	1	1	0	0
1	1	UID1754171	1	1	0	0
1	1	UID1754181	1	1	0	0
1	1	UID1754201	1	1	0	0
1	1	UID1754203	1	1	0	0
1	1	UID1754211	1	1	0	0
1	1	UID1754212	1	1	0	0
1	1	UID1754214	1	1	0	0
1	1	UID1754218	1	1	0	0
1	1	UID1754225	1	1	0	0
1	1	UID1754236	1	1	0	0
1	1	UID1754237	1	1	0	0
1	1	UID1754238	1	1	0	0
1	1	UID1754245	1	1	0	0
1	1	UID1754246	1	1	0	0
1	1	UID1754249	1	1	0	0
1	1	UID1754250	1	1	0	0
1	1	UID1754255	1	1	0	0
1	1	UID1754258	1	1	0	0
1	1	UID1754260	1	1	0	0
1	1	UID1754261	1	1	0	0
1	1	UID1754278	1	1	0	0
1	1	UID1754280	1	1	0	0
1	1	UID1754289	1	1	0	0
1	1	UID1754299	1	1	0	0
1	1	UID1754341	1	1	0	0
1	1	UID1754347	1	1	0	0
1	1	UID1754348	1	1	0	0
1	1	UID1754365	1	1	0	0
1	1	UID1754370	1	1	0	0
1	1	UID1754372	1	1	0	0
1	1	UID1754384	1	1	0	0
1	1	UID1754402	1	1	0	0
1	1	UID1754403	1	1	0	0
1	1	UID1754419	1	1	0	0
1	1	UID1754429	1	1	0	0
1	1	UID1754436	1	1	0	0
1	1	UID1754437	1	1	0	0
1	1	UID1754448	1	1	0	0
1	1	UID1754451	1	1	0	0
1	1	UID1754478	1	1	0	0
1	1	UID1754491	1	1	0	0
1	1	UID1754499	1	1	0	0
1	1	UID1754503	1	1	0	0
1	1	UID1754505	1	1	0	0
1	1	UID1754510	1	1	0	0
1	1	UID1754520	1	1	0	0
1	1	UID1754535	1	1	0	0
1	1	UID1754538	1	1	0	0
1	1	UID1754544	1	1	0	0
1	1	UID1754551	1	1	0	0
1	1	UID1754575	1	1	0	0
1	1	UID1754580	1	1	0	0
1	1	UID1754590	1	1	0	0
1	1	UID1754603	1	1	0	0
1	1	UID1754604	1	1	0	0
1	1	UID1754612	1	1	0	0
1	1	UID1754619	1	1	0	0
1	1	UID1754626	1	1	0	0
1	1	UID1754632	1	1	0	0
1	1	UID1754638	1	1	0	0
1	1	UID1754658	1	1	0	0
1	1	UID1754683	1	1	0	0
1	1	UID1754710	1	1	0	0
1	1	UID1754712	1	1	0	0
1	1	UID1754755	1	1	0	0
1	1	UID1754784	1	1	0	0
1	1	UID1754790	1	1	0	0
1	1	UID1754805	1	1	0	0
1	1	UID1754839	1	1	0	0
1	1	UID1754859	1	1	0	0
1	1	UID1754874	1	1	0	0
1	1	UID1754885	1	1	0	0
1	1	UID1754896	1	1	0	0
1	1	UID1754916	1	1	0	0
1	1	UID1754926	1	1	0	0
1	1	UID1754932	1	1	0	0
1	1	UID1754943	1	1	0	0
1	1	UID1754953	1	1	0	0
1	1	UID1754960	1	1	0	0
1	1	UID1755033	1	1	0	0
1	1	UID1755038	1	1	0	0
1	1	UID1755049	1	1	0	0
1	1	UID1755080	1	1	0	0
1	1	UID1755178	1	1	0	0
1	1	UID1755191	1	1	0	0
1	1	UID1755210	1	1	0	0
1	1	UID1755312	1	1	0	0
1	1	UID1755357	1	1	0	0
1	1	UID1755378	1	1	0	0
1	1	UID1755382	1	1	0	0
1	1	UID1755399	1	1	0	0
1	1	UID1755403	1	1	0	0
1	1	UID1755415	1	1	0	0
1	1	UID1755420	1	1	0	0
1	1	UID1755435	1	1	0	0
1	1	UID1755440	1	1	0	0
1	1	UID1755480	1	1	0	0
1	1	UID1755490	1	1	0	0
1	1	UID1755553	1	1	0	0
1	1	UID1755580	1	1	0	0
1	1	UID1755587	1	1	0	0
1	1	UID1755593	1	1	0	0
1	1	UID1755638	1	1	0	0
1	1	UID1755643	1	1	0	0
1	1	UID1755661	1	1	0	0
1	1	UID1755681	1	1	0	0
1	1	UID1755691	1	1	0	0
1	1	UID1755706	1	1	0	0
1	1	UID1755718	1	1	0	0
1	1	UID1755726	1	1	0	0
1	1	UID1755741	1	1	0	0
1	1	UID1755761	1	1	0	0
1	1	UID1755774	1	1	0	0
1	1	UID1755804	1	1	0	0
1	1	UID1755868	1	1	0	0
1	1	UID1755885	1	1	0	0
1	1	UID1755903	1	1	0	0
1	1	UID1755907	1	1	0	0
1	1	UID1755921	1	1	0	0
1	1	UID1755928	1	1	0	0
1	1	UID1755962	1	1	0	0
1	1	UID1755966	1	1	0	0
1	1	UID1755985	1	1	0	0
1	1	UID1756028	1	1	0	0
1	1	UID1756057	1	1	0	0
1	1	UID1756071	1	1	0	0
1	1	UID1756098	1	1	0	0
1	1	UID1756102	1	1	0	0
1	1	UID1756137	1	1	0	0
1	1	UID1756140	1	1	0	0
1	1	UID1756147	1	1	0	0
1	1	UID1756148	1	1	0	0
1	1	UID1756150	1	1	0	0
1	1	UID1756154	1	1	0	0
1	1	UID1756178	1	1	0	0
1	1	UID1756206	1	1	0	0
1	1	UID1756216	1	1	0	0
1	1	UID1756218	1	1	0	0
1	1	UID1756219	1	1	0	0
1	1	UID1756237	1	1	0	0
1	1	UID1756243	1	1	0	0
1	1	UID1756245	1	1	0	0
1	1	UID1756271	1	1	0	0
1	1	UID1756272	1	1	0	0
1	1	UID1756283	1	1	0	0
1	1	UID1756299	1	1	0	0
1	1	UID1756338	1	1	0	0
1	1	UID1756349	1	1	0	0
1	1	UID1756367	1	1	0	0
1	1	UID1756372	1	1	0	0
1	1	UID1756389	1	1	0	0
1	1	UID1756399	1	1	0	0
1	1	UID1756402	1	1	0	0
1	1	UID1756406	1	1	0	0
1	1	UID1756407	1	1	0	0
1	1	UID1756413	1	1	0	0
1	1	UID1756419	1	1	0	0
1	1	UID1756440	1	1	0	0
1	1	UID1756451	1	1	0	0
1	1	UID1756471	1	1	0	0
1	1	UID1756481	1	1	0	0
1	1	UID1756484	1	1	0	0
1	1	UID1756511	1	1	0	0
1	1	UID1756522	1	1	0	0
1	1	UID1756523	1	1	0	0
1	1	UID1756524	1	1	0	0
1	1	UID1756551	1	1	0	0
1	1	UID1756569	1	1	0	0
1	1	UID1756581	1	1	0	0
1	1	UID1756589	1	1	0	0
1	1	UID1756594	1	1	0	0
1	1	UID1756596	1	1	0	0
1	1	UID1756605	1	1	0	0
1	1	UID1756606	1	1	0	0
1	1	UID1756608	1	1	0	0
1	1	UID1756622	1	1	0	0
1	1	UID1756625	1	1	0	0
1	1	UID1756636	1	1	0	0
1	1	UID1756640	1	1	0	0
1	1	UID1756641	1	1	0	0
1	1	UID1756654	1	1	0	0
1	1	UID1756665	1	1	0	0
1	1	UID1756707	1	1	0	0
1	1	UID1756731	1	1	0	0
1	1	UID1756736	1	1	0	0
1	1	UID1756760	1	1	0	0
1	1	UID1756776	1	1	0	0
1	1	UID1756778	1	1	0	0
1	1	UID1756786	1	1	0	0
1	1	UID1756807	1	1	0	0
1	1	UID1756839	1	1	0	0
1	1	UID1756861	1	1	0	0
1	1	UID1756871	1	1	0	0
1	1	UID1756940	1	1	0	0
1	1	UID1756949	1	1	0	0
1	1	UID1756950	1	1	0	0
1	1	UID1756977	1	1	0	0
1	1	UID1756981	1	1	0	0
1	1	UID1756994	1	1	0	0
1	1	UID1757016	1	1	0	0
1	1	UID1757017	1	1	0	0
1	1	UID1757024	1	1	0	0
1	1	UID1757039	1	1	0	0
1	1	UID1757065	1	1	0	0
1	1	UID1757066	1	1	0	0
1	1	UID1757068	1	1	0	0
1	1	UID1757096	1	1	0	0
1	1	UID1757098	1	1	0	0
1	1	UID1757121	1	1	0	0
1	1	UID1757138	1	1	0	0
1	1	UID1757141	1	1	0	0
1	1	UID1757145	1	1	0	0
1	1	UID1757153	1	1	0	0
1	1	UID1757155	1	1	0	0
1	1	UID1757158	1	1	0	0
1	1	UID1757171	1	1	0	0
1	1	UID1757173	1	1	0	0
1	1	UID1757174	1	1	0	0
1	1	UID1757219	1	1	0	0
1	1	UID1757220	1	1	0	0
1	1	UID1757222	1	1	0	0
1	1	UID1757237	1	1	0	0
1	1	UID1757268	1	1	0	0
1	1	UID1757283	1	1	0	0
1	1	UID1757295	1	1	0	0
1	1	UID1757298	1	1	0	0
1	1	UID1757316	1	1	0	0
1	1	UID1757319	1	1	0	0
1	1	UID1757321	1	1	0	0
1	1	UID1757325	1	1	0	0
1	1	UID1757327	1	1	0	0
1	1	UID1757334	1	1	0	0
1	1	UID1757348	1	1	0	0
1	1	UID1757368	1	1	0	0
1	1	UID1757376	1	1	0	0
1	1	UID1757381	1	1	0	0
1	1	UID1757388	1	1	0	0
1	1	UID1757400	1	1	0	0
1	1	UID1757411	1	1	0	0
1	1	UID1757430	1	1	0	0
1	1	UID1757456	1	1	0	0
1	1	UID1757467	1	1	0	0
1	1	UID1757475	1	1	0	0
1	1	UID1757478	1	1	0	0
1	1	UID1757481	1	1	0	0
1	1	UID1757484	1	1	0	0
1	1	UID1757485	1	1	0	0
1	1	UID1757499	1	1	0	0
1	1	UID1757502	1	1	0	0
1	1	UID1757506	1	1	0	0
1	1	UID1757507	1	1	0	0
1	1	UID1757513	1	1	0	0
1	1	UID1757515	1	1	0	0
1	1	UID1757522	1	1	0	0
1	1	UID1757533	1	1	0	0
1	1	UID1757534	1	1	0	0
1	1	UID1757536	1	1	0	0
1	1	UID1757543	1	1	0	0
1	1	UID1757565	1	1	0	0
1	1	UID1757575	1	1	0	0
1	1	UID1757576	1	1	0	0
1	1	UID1757578	1	1	0	0
1	1	UID1757604	1	1	0	0
1	1	UID1757611	1	1	0	0
1	1	UID1757612	1	1	0	0
1	1	UID1757617	1	1	0	0
1	1	UID1757621	1	1	0	0
1	1	UID1757636	1	1	0	0
1	1	UID1757651	1	1	0	0
1	1	UID1757655	1	1	0	0
1	1	UID1757657	1	1	0	0
1	1	UID1757668	1	1	0	0
1	1	UID1757670	1	1	0	0
1	1	UID1757689	1	1	0	0
1	1	UID1757696	1	1	0	0
1	1	UID1757700	1	1	0	0
1	1	UID1757708	1	1	0	0
1	1	UID1757710	1	1	0	0
1	1	UID1757724	1	1	0	0
1	1	UID1757732	1	1	0	0
1	1	UID1757735	1	1	0	0
1	1	UID1757756	1	1	0	0
1	1	UID1757762	1	1	0	0
1	1	UID1757773	1	1	0	0
1	1	UID1757775	1	1	0	0
1	1	UID1757782	1	1	0	0
1	1	UID1757789	1	1	0	0
1	1	UID1757790	1	1	0	0
1	1	UID1757791	1	1	0	0
1	1	UID1757793	1	1	0	0
1	1	UID1757794	1	1	0	0
1	1	UID1757795	1	1	0	0
1	1	UID1757797	1	1	0	0
1	1	UID1757813	1	1	0	0
1	1	UID1757816	1	1	0	0
1	1	UID1757841	1	1	0	0
1	1	UID1757845	1	1	0	0
1	1	UID1757847	1	1	0	0
1	1	UID1757854	1	1	0	0
1	1	UID1757855	1	1	0	0
1	1	UID1757861	1	1	0	0
1	1	UID1757872	1	1	0	0
1	1	UID1757876	1	1	0	0
1	1	UID1757879	1	1	0	0
1	1	UID1757898	1	1	0	0
1	1	UID1757899	1	1	0	0
1	1	UID1757918	1	1	0	0
1	1	UID1757919	1	1	0	0
1	1	UID1757930	1	1	0	0
1	1	UID1757940	1	1	0	0
1	1	UID1757951	1	1	0	0
1	1	UID1757952	1	1	0	0
1	1	UID1757968	1	1	0	0
1	1	UID1757974	1	1	0	0
1	1	UID1757977	1	1	0	0
1	1	UID1757983	1	1	0	0
1	1	UID1757990	1	1	0	0
1	1	UID1757991	1	1	0	0
1	1	UID1758012	1	1	0	0
1	1	UID1758021	1	1	0	0
1	1	UID1758024	1	1	0	0
1	1	UID1758087	1	1	0	0
1	1	UID1758113	1	1	0	0
1	1	UID1758116	1	1	0	0
1	1	UID1758123	1	1	0	0
1	1	UID1758131	1	1	0	0
1	1	UID1758156	1	1	0	0
1	1	UID1758159	1	1	0	0
1	1	UID1758165	1	1	0	0
1	1	UID1758195	1	1	0	0
1	1	UID1758224	1	1	0	0
1	1	UID1758235	1	1	0	0
1	1	UID1758242	1	1	0	0
1	1	UID1758250	1	1	0	0
1	1	UID1758256	1	1	0	0
1	1	UID1758281	1	1	0	0
1	1	UID1758318	1	1	0	0
1	1	UID1758342	1	1	0	0
1	1	UID1758363	1	1	0	0
1	1	UID1758377	1	1	0	0
1	1	UID1758378	1	1	0	0
1	1	UID1758391	1	1	0	0
1	1	UID1758394	1	1	0	0
1	1	UID1758442	1	1	0	0
1	1	UID1758445	1	1	0	0
1	1	UID1758447	1	1	0	0
1	1	UID1758450	1	1	0	0
1	1	UID1758457	1	1	0	0
1	1	UID1758465	1	1	0	0
1	1	UID1758488	1	1	0	0
1	1	UID1758491	1	1	0	0
1	1	UID1758493	1	1	0	0
1	1	UID1758497	1	1	0	0
1	1	UID1758499	1	1	0	0
1	1	UID1758516	1	1	0	0
1	1	UID1758527	1	1	0	0
1	1	UID1758535	1	1	0	0
1	1	UID1758537	1	1	0	0
1	1	UID1758538	1	1	0	0
1	1	UID1758558	1	1	0	0
1	1	UID1758575	1	1	0	0
1	1	UID1758577	1	1	0	0
1	1	UID1758611	1	1	0	0
1	1	UID1758617	1	1	0	0
1	1	UID1758618	1	1	0	0
1	1	UID1758622	1	1	0	0
1	1	UID1758624	1	1	0	0
1	1	UID1758625	1	1	0	0
1	1	UID1758626	1	1	0	0
1	1	UID1758639	1	1	0	0
1	1	UID1758642	1	1	0	0
1	1	UID1758646	1	1	0	0
1	1	UID1758649	1	1	0	0
1	1	UID1758655	1	1	0	0
1	1	UID1758656	1	1	0	0
1	1	UID1758660	1	1	0	0
1	1	UID1758662	1	1	0	0
1	1	UID1758671	1	1	0	0
1	1	UID1758674	1	1	0	0
1	1	UID1758681	1	1	0	0
1	1	UID1758709	1	1	0	0
1	1	UID1758712	1	1	0	0
1	1	UID1758719	1	1	0	0
1	1	UID1758720	1	1	0	0
1	1	UID1758721	1	1	0	0
1	1	UID1758722	1	1	0	0
1	1	UID1758727	1	1	0	0
1	1	UID1758730	1	1	0	0
1	1	UID1758734	1	1	0	0
1	1	UID1758739	1	1	0	0
1	1	UID1758740	1	1	0	0
1	1	UID1758741	1	1	0	0
1	1	UID1758744	1	1	0	0
1	1	UID1758745	1	1	0	0
1	1	UID1758749	1	1	0	0
1	1	UID1758756	1	1	0	0
1	1	UID1758762	1	1	0	0
1	1	UID1758772	1	1	0	0
1	1	UID1758773	1	1	0	0
1	1	UID1758780	1	1	0	0
1	1	UID1758783	1	1	0	0
1	1	UID1758788	1	1	0	0
1	1	UID1758792	1	1	0	0
1	1	UID1758810	1	1	0	0
1	1	UID1758819	1	1	0	0
1	1	UID1758845	1	1	0	0
1	1	UID1758859	1	1	0	0
1	1	UID1758874	1	1	0	0
1	1	UID1758879	1	1	0	0
1	1	UID1758880	1	1	0	0
1	1	UID1758897	1	1	0	0
1	1	UID1758905	1	1	0	0
1	1	UID1758910	1	1	0	0
1	1	UID1758912	1	1	0	0
1	1	UID1758919	1	1	0	0
1	1	UID1758927	1	1	0	0
1	1	UID1758931	1	1	0	0
1	1	UID1758944	1	1	0	0
1	1	UID1758954	1	1	0	0
1	1	UID1758960	1	1	0	0
1	1	UID1758967	1	1	0	0
1	1	UID1758976	1	1	0	0
1	1	UID1758979	1	1	0	0
1	1	UID1758988	1	1	0	0
1	1	UID1758995	1	1	0	0
1	1	UID1758997	1	1	0	0
1	1	UID1758999	1	1	0	0
1	1	UID1759006	1	1	0	0
1	1	UID1759013	1	1	0	0
1	1	UID1759015	1	1	0	0
1	1	UID1759043	1	1	0	0
1	1	UID1759044	1	1	0	0
1	1	UID1759052	1	1	0	0
1	1	UID1759057	1	1	0	0
1	1	UID1759061	1	1	0	0
1	1	UID1759064	1	1	0	0
1	1	UID1759065	1	1	0	0
1	1	UID1759071	1	1	0	0
1	1	UID1759075	1	1	0	0
1	1	UID1759076	1	1	0	0
1	1	UID1759077	1	1	0	0
1	1	UID1759082	1	1	0	0
1	1	UID1759087	1	1	0	0
1	1	UID1759100	1	1	0	0
1	1	UID1759104	1	1	0	0
1	1	UID1759107	1	1	0	0
1	1	UID1759113	1	1	0	0
1	1	UID1759114	1	1	0	0
1	1	UID1759144	1	1	0	0
1	1	UID1759150	1	1	0	0
1	1	UID1759152	1	1	0	0
1	1	UID1759155	1	1	0	0
1	1	UID1759157	1	1	0	0
1	1	UID1759172	1	1	0	0
1	1	UID1759174	1	1	0	0
1	1	UID1759175	1	1	0	0
1	1	UID1759176	1	1	0	0
1	1	UID1759195	1	1	0	0
1	1	UID1759196	1	1	0	0
1	1	UID1759202	1	1	0	0
1	1	UID1759206	1	1	0	0
1	1	UID1759207	1	1	0	0
1	1	UID1759209	1	1	0	0
1	1	UID1759213	1	1	0	0
1	1	UID1759219	1	1	0	0
1	1	UID1759247	1	1	0	0
1	1	UID1759255	1	1	0	0
1	1	UID1759270	1	1	0	0
1	1	UID1759297	1	1	0	0
1	1	UID1759299	1	1	0	0
1	1	UID1759302	1	1	0	0
1	1	UID1759308	1	1	0	0
1	1	UID1759310	1	1	0	0
1	1	UID1759311	1	1	0	0
1	1	UID1759321	1	1	0	0
1	1	UID1759324	1	1	0	0
1	1	UID1759339	1	1	0	0
1	1	UID1759340	1	1	0	0
1	1	UID1759341	1	1	0	0
1	1	UID1759343	1	1	0	0
1	1	UID1759347	1	1	0	0
1	1	UID1759349	1	1	0	0
1	1	UID1759356	1	1	0	0
1	1	UID1759357	1	1	0	0
1	1	UID1759358	1	1	0	0
1	1	UID1759360	1	1	0	0
1	1	UID1759367	1	1	0	0
1	1	UID1759369	1	1	0	0
1	1	UID1759370	1	1	0	0
1	1	UID1759372	1	1	0	0
1	1	UID1759380	1	1	0	0
1	1	UID1759408	1	1	0	0
1	1	UID1759413	1	1	0	0
1	1	UID1759418	1	1	0	0
1	1	UID1759420	1	1	0	0
1	1	UID1759443	1	1	0	0
1	1	UID1759444	1	1	0	0
1	1	UID1759446	1	1	0	0
1	1	UID1759451	1	1	0	0
1	1	UID1759452	1	1	0	0
1	1	UID1759453	1	1	0	0
1	1	UID1759479	1	1	0	0
1	1	UID1759482	1	1	0	0
1	1	UID1759495	1	1	0	0
1	1	UID1759497	1	1	0	0
1	1	UID1759501	1	1	0	0
1	1	UID1759508	1	1	0	0
1	1	UID1759524	1	1	0	0
1	1	UID1759528	1	1	0	0
1	1	UID1759532	1	1	0	0
1	1	UID1759538	1	1	0	0
1	1	UID1759540	1	1	0	0
1	1	UID1759542	1	1	0	0
1	1	UID1759559	1	1	0	0
1	1	UID1759566	1	1	0	0
1	1	UID1759568	1	1	0	0
1	1	UID1759579	1	1	0	0
1	1	UID1759582	1	1	0	0
1	1	UID1759584	1	1	0	0
1	1	UID1759585	1	1	0	0
1	1	UID1759586	1	1	0	0
1	1	UID1759594	1	1	0	0
1	1	UID1759596	1	1	0	0
1	1	UID1759599	1	1	0	0
1	1	UID1759601	1	1	0	0
1	1	UID1759602	1	1	0	0
1	1	UID1759629	1	1	0	0
1	1	UID1759638	1	1	0	0
1	1	UID1759639	1	1	0	0
1	1	UID1759641	1	1	0	0
1	1	UID1759644	1	1	0	0
1	1	UID1759653	1	1	0	0
1	1	UID1759655	1	1	0	0
1	1	UID1759656	1	1	0	0
1	1	UID1759658	1	1	0	0
1	1	UID1759672	1	1	0	0
1	1	UID1759675	1	1	0	0
1	1	UID1759677	1	1	0	0
1	1	UID1759681	1	1	0	0
1	1	UID1759682	1	1	0	0
1	1	UID1759689	1	1	0	0
1	1	UID1759694	1	1	0	0
1	1	UID1759698	1	1	0	0
1	1	UID1759699	1	1	0	0
1	1	UID1759706	1	1	0	0
1	1	UID1759714	1	1	0	0
1	1	UID1759719	1	1	0	0
1	1	UID1759727	1	1	0	0
1	1	UID1759730	1	1	0	0
1	1	UID1759734	1	1	0	0
1	1	UID1759737	1	1	0	0
1	1	UID1759740	1	1	0	0
1	1	UID1759741	1	1	0	0
1	1	UID1759742	1	1	0	0
1	1	UID1759743	1	1	0	0
1	1	UID1759744	1	1	0	0
1	1	UID1759746	1	1	0	0
1	1	UID1759752	1	1	0	0
1	1	UID1759774	1	1	0	0
1	1	UID1759782	1	1	0	0
1	1	UID1759785	1	1	0	0
1	1	UID1759796	1	1	0	0
1	1	UID1759801	1	1	0	0
1	1	UID1759818	1	1	0	0
1	1	UID1759829	1	1	0	0
1	1	UID1759833	1	1	0	0
1	1	UID1759839	1	1	0	0
1	1	UID1759843	1	1	0	0
1	1	UID1759844	1	1	0	0
1	1	UID1759847	1	1	0	0
1	1	UID1759854	1	1	0	0
1	1	UID1759863	1	1	0	0
1	1	UID1759886	1	1	0	0
1	1	UID1759889	1	1	0	0
1	1	UID1759896	1	1	0	0
1	1	UID1759898	1	1	0	0
1	1	UID1759900	1	1	0	0
1	1	UID1759906	1	1	0	0
1	1	UID1759907	1	1	0	0
1	1	UID1759910	1	1	0	0
1	1	UID1759933	1	1	0	0
1	1	UID1759936	1	1	0	0
1	1	UID1759938	1	1	0	0
1	1	UID1759940	1	1	0	0
1	1	UID1759947	1	1	0	0
1	1	UID1759952	1	1	0	0
1	1	UID1759962	1	1	0	0
1	1	UID1759966	1	1	0	0
1	1	UID1759970	1	1	0	0
1	1	UID1759976	1	1	0	0
1	1	UID1759987	1	1	0	0
1	1	UID1759993	1	1	0	0
1	1	UID1760004	1	1	0	0
1	1	UID1760016	1	1	0	0
1	1	UID1760038	1	1	0	0
1	1	UID1760040	1	1	0	0
1	1	UID1760046	1	1	0	0
1	1	UID1760053	1	1	0	0
1	1	UID1760055	1	1	0	0
1	1	UID1760063	1	1	0	0
1	1	UID1760067	1	1	0	0
1	1	UID1760068	1	1	0	0
1	1	UID1760070	1	1	0	0
1	1	UID1760072	1	1	0	0
1	1	UID1760073	1	1	0	0
1	1	UID1760074	1	1	0	0
1	1	UID1760075	1	1	0	0
1	1	UID1760085	1	1	0	0
1	1	UID1760099	1	1	0	0
1	1	UID1760104	1	1	0	0
1	1	UID1760109	1	1	0	0
1	1	UID1760111	1	1	0	0
1	1	UID1760112	1	1	0	0
1	1	UID1760116	1	1	0	0
1	1	UID1760117	1	1	0	0
1	1	UID1760125	1	1	0	0
1	1	UID1760127	1	1	0	0
1	1	UID1760135	1	1	0	0
1	1	UID1760163	1	1	0	0
1	1	UID1760186	1	1	0	0
1	1	UID1760197	1	1	0	0
1	1	UID1760200	1	1	0	0
1	1	UID1760203	1	1	0	0
1	1	UID1760210	1	1	0	0
1	1	UID1760229	1	1	0	0
1	1	UID1760232	1	1	0	0
1	1	UID1760240	1	1	0	0
1	1	UID1760246	1	1	0	0
1	1	UID1760248	1	1	0	0
1	1	UID1760250	1	1	0	0
1	1	UID1760256	1	1	0	0
1	1	UID1760258	1	1	0	0
1	1	UID1760270	1	1	0	0
1	1	UID38297	1	1	0	0
